3.1698430606033976,0.48546037465358366,0.3966097953200744,0.3266556563068838,0.8739819847222046,0.19265071273952855,0.9511692964541927,0.5098437945625955,0.31191584385563176,0.45073579148574794,0.35515704517989344,0.4149400649658485,0.33303333924424977,0.4922643037198137,0.4135559173515201,0.46795637418257213,0.24749113190899394,0.5654678700260097,0.40551630090176943,0.2869597546888406,0.4525884405118354,0.46010268728508485,0.4731819551977389,0.1417129231050338,0.668640117060677,0.24729309232232927,0.20973310484136817,0.1484060126234401,0.4239471925546997,0.3888172697012078,0.3634543769076671,0.31564609013546063,0.4193939658526403,0.08951647607802941,0.25425844123436087,0.16530907940423523,0.5610145330203721,0.5902994802245048,0.6012926933924982,0.07427218288094131,0.3233301739872364,0.09765320261226948,0.4446516101728959,0.44704266184900454,0.2580365600429375,0.25133161609560645,0.5044937264202126,0.008071113435770631,0.12402027897593013,0.10678733705787077,-0.19323030626526083,0.2012334127873779,0.02992650161101855,-0.09194469744834713,0.29851727658968114,0.06002837638950289,-0.49371697811438414,-0.02470736999358508,-0.04032277274462192
0.48546037465358366,1.2592169616878448,0.8698447101701993,0.08736681133790548,0.07852684885033545,0.3691881690442009,0.24052285377696783,0.3284223735389704,0.3248718855823755,0.32953322442092337,0.297559820296863,0.29115876484915904,0.2409297557808423,0.31899601648986187,0.3978917478916948,0.25748887540321014,0.34188639766508394,0.46892013187313386,0.2079904703464942,0.3360600773082606,0.29709996043665954,0.28385544298751125,0.1978741187001303,0.1744223426204106,0.18978392915333187,0.2500612896497638,0.14541326380760436,0.3737494979170567,0.447886526994533,-0.034485456378571304,0.2632571054754038,0.28291103219007774,0.34047945958861897,0.2573735846832719,0.011400266366657912,0.2687400204789434,0.5612385633577139,0.2906051936436379,0.22459807398017803,-0.03171374302489549,0.2761329252731947,0.20078285221795727,0.18600140522600775,0.21024965833622494,0.1059756287128813,0.2815558670049836,0.23544138097289657,0.0054050212239323625,-0.12069192849162975,0.12010444142509064,0.13471106756582393,0.06211715500712386,-0.15439545773338012,-0.2275411933546068,-0.20075911697255427,-0.11336327190669915,-0.5072916804731353,0.1299771414247713,0.5364798135233495
0.3966097953200744,0.8698447101701993,1.6744924800962873,0.057624849711003914,-0.19901290266764343,0.4081340538169354,0.2503373720041514,0.37778551395182214,0.4345994699692911,0.37344654966382096,0.31084215181213437,0.30982130825767096,0.24468585003127846,0.2990142572383252,0.3430241263163025,0.22683264981130866,0.33829642102235763,0.4071762948537281,0.17832614012745582,0.1765959338943371,0.29857420131244783,0.3439458146601047,0.18731222517251556,0.19701910532600267,0.12045385596017277,0.25749094435635744,0.10405378762523373,0.30474676568591513,0.37971241135917844,-0.33769751259367703,0.2716345563903599,0.21980704876349025,0.3138855195516701,0.22122876633391936,-0.12912394156972107,0.4156867668613623,0.37014854874602665,0.2850597751790345,0.1418882243615418,-0.20187075062508297,0.3276696081712298,0.2100710966258387,-0.00420835745978695,0.19113068549439816,-0.06495003063033507,0.43862821139423297,0.05971905225237194,-0.050052985674918615,-0.1994338934267657,0.15766645399317722,0.09241460437124423,0.10594047607757362,-0.14622187046927806,-0.27691988432506937,0.08142789222488363,-0.056591576574572276,-0.32420444039516544,-0.3013940361037795,0.5035561399755784
0.3266556563068838,0.08736681133790548,0.057624849711003914,1.2078627958117905,0.587074052765434,0.3076562703564203,0.3971503771315453,0.21402969792002816,0.21219819666899814,0.1425282735455895,0.1895429414445296,0.22725029511215858,0.1670561289337129,0.2552412713504353,0.14862041274056914,0.2603632092224386,0.20861585887189754,0.16884857002036863,0.3149869103393164,0.16447633521152905,0.24804728177939553,0.2410679426704465,0.15665307674623374,0.2578293145070008,0.27071237804743525,0.23885415712024252,0.17889047882870637,0.1574182660094286,0.20521984771957383,0.17631350261789705,0.21989914131989036,0.25088195725895895,0.22080903704531862,0.27130206081670255,0.12674160528047354,0.1536860085472442,0.28774368001185174,0.21291758776299732,0.2353955500067905,0.03886947810233228,0.21590032481548804,0.1407691147260502,0.21661800905836046,0.20426631057042077,0.01772629221267539,0.03745602765919337,0.18440204536069998,0.028026628946182828,0.20607834948906562,0.1269403159527948,-0.18523749048822905,0.04374456574606192,0.014918315613222736,-0.06685585110857863,0.03338057079460417,0.04003988894427185,-0.2841714503246894,-0.032725983496088365,0.25298140627015736
0.8739819847222046,0.07852684885033545,-0.19901290266764343,0.587074052765434,1.6619096619307157,0.24163298973536565,0.4422442902333686,0.2014687182783975,0.3311768064479017,0.22039223972933114,0.17753570798705567,0.24766799291379202,0.23463180243259688,0.28863025110404544,0.2562201055161489,0.31685725474386284,0.19369955836073088,0.22019739964370313,0.6442275044888556,0.14546407332738254,0.3305783353836913,0.33080738198259646,0.23230524865697294,0.2910467449369833,0.41563683040934296,0.29063512423717974,0.20816655018889074,0.23660692857057608,0.2277182729069721,0.3792242307743553,0.2933203303525128,0.32411781851998656,0.3666715855713396,0.3778882257461506,0.2555656147243933,0.16425889936219193,0.488549343952712,0.2978544977067562,0.34668932240685185,0.08259523477061514,0.3311129755874266,0.21184175940017055,0.3188349566582453,0.27648027324780566,0.012454087263068913,0.009868475743471149,0.3179954872740062,0.06365578805368828,0.2845261622944759,0.31920747836432617,-0.401340050234692,0.05163032870739912,0.06174003101115978,-0.041566580840572694,0.10353810243860982,0.032085609843920636,-0.5204465509216092,-0.1676491171637184,0.5539199292229131
0.19265071273952855,0.3691881690442009,0.4081340538169354,0.3076562703564203,0.24163298973536565,1.0959607312168556,0.0009127135579382268,0.30504126626435624,0.3236038264340848,0.2227269097289615,0.31951349206245094,0.3582532060500791,0.2267145053884589,0.43122415442595347,0.28695001305273427,0.35355605830110826,0.42566213356118165,0.23187731517755,0.5147566317695265,0.2847039087411532,0.38663323903064467,0.33866018375086715,0.08976919941872678,0.31727781698412866,0.3864996759336853,0.36298452339232246,0.22044670467249397,0.2760240158214416,0.37499158925201426,0.16387125144465461,0.33590176317446674,0.35974729687010876,0.3196612855237873,0.2521793369439754,0.08868999508243293,0.27426521078371946,0.47606038973366654,0.38924717354192245,0.2659449831440875,0.040699337270499396,0.3433703847790148,0.23390227540148753,0.29762624993692177,0.2698097120487117,0.11603715638376016,0.14372439315715466,0.21267566245922967,0.016094205075928614,0.0016744191854519345,0.38080643563709715,-0.26150350626837016,0.015769081126380886,-0.12479440972114066,-0.08578920019350837,-0.20837903163844956,0.017457162426071933,-0.36527848318766226,0.22853750692212907,0.29623296234532287
0.9511692964541927,0.24052285377696783,0.2503373720041514,0.3971503771315453,0.4422442902333686,0.0009127135579382268,1.1443058782013409,0.25297612295329774,0.314129220125897,0.19811002584922724,0.28854979375210554,0.2927125750406874,0.2116123704325531,0.17706190602203736,0.06791945596864225,0.29745239608653484,0.20901534524684637,0.31134916112646915,0.18603033764372354,0.2319649441549261,0.2773241674790605,0.34125053439681274,0.2969574443288175,0.23339536261033103,0.31392277042832323,0.2512413335643348,0.24313876739524956,0.14382595496471212,0.2269728702728267,0.1427227868137914,0.2491662584459595,0.30670224168722454,0.26443443172835085,0.2589408057120434,0.07142194075655899,0.191904164329446,0.25872905527159085,0.2886635545313872,0.35962931647792673,0.016374040442746273,0.17772523413122546,0.09848903057026398,0.2487398784190189,0.27106535001559096,0.06409799008529374,0.13697317704837836,0.24091928212632577,0.010963408908861534,0.37198805417476943,-0.0823376002234619,-0.08380389020415784,0.12477469872614436,0.12791814152810674,-0.16570287849774187,0.0884196998405984,0.13172320354706807,-0.20476888102606183,0.048635195990448375,-0.2783388710950077
0.5098437945625955,0.3284223735389704,0.37778551395182214,0.21402969792002816,0.2014687182783975,0.30504126626435624,0.25297612295329774,0.8496121918052135,0.16398930706445902,0.2199574220411018,0.271212839384423,0.19258306260748603,0.2528179046537451,0.3461910678614596,0.171632248431221,0.2622204559657448,0.2883917670780004,0.3132918704390581,0.21418843319602437,0.22236634745967834,0.26853710238813344,0.23706096077595623,0.19526026607366884,0.1481017042071349,0.21136200728715426,0.3055056005416832,0.11741512384268062,-0.07823306170955914,0.23392773911047832,0.07374726955074622,0.20628324546255844,0.20250996324635726,0.2017476816503422,0.17622220145495088,0.1132857317694043,0.1293649889024297,0.33573236189646743,0.25998701099093097,0.33618706895663786,0.05035485535128199,0.21724314901917366,0.09603178361680151,0.18370196855822346,0.25437637514921546,0.06313571620216983,0.1424753927319493,0.2065488784403211,0.022560965391425953,0.1468420524041106,0.2014565327571923,-0.03829311121604125,-0.019635008874035104,0.0012132216437413688,-0.10278334985055125,-0.008222332473003205,-0.10558897211720754,-0.17379599652596764,0.059516669201119594,0.2678743633666299
0.31191584385563176,0.3248718855823755,0.4345994699692911,0.21219819666899814,0.3311768064479017,0.3236038264340848,0.314129220125897,0.16398930706445902,0.79852678311859,0.23968109155205505,0.19489690813017183,0.23344848173866364,0.21481423318988177,0.24777075352531058,0.19934098229284117,0.22652267849443192,0.28052936213118107,0.28933909577732075,0.3089433190647395,0.15878662987029177,0.26653551786783497,0.4657328740342382,0.24582032554944014,0.26654754527468427,0.16891554589444457,0.261682685639753,0.1756200064821539,0.31400674087461977,0.19079059463574652,0.05815848285769941,0.25763539801814356,0.2675837889045993,0.39666589482101783,0.19095166842760364,-0.021977272495448855,0.224493753279845,0.34304909717878485,0.2908247608133858,0.27979906719588693,-0.027085579405962772,0.24094507257091985,0.14158972919793542,0.16486021105789034,0.24109004984919571,-0.06730713222720898,0.1739242665030121,0.18418788466285532,-0.0016751806468572696,0.48199899469655927,0.08931061518222158,-0.08426731913615548,0.09691799973320027,0.00045481865689259355,-0.19032333323191414,-0.02968908725452491,0.09143272790500417,-0.3160171866837367,0.012574704554153732,0.11778494800036111
0.45073579148574794,0.32953322442092337,0.37344654966382096,0.1425282735455895,0.22039223972933114,0.2227269097289615,0.19811002584922724,0.2199574220411018,0.23968109155205505,0.6509144203630394,0.2510262274248517,0.2560343949777192,0.20643809639883393,0.23923914666632262,0.2673524015098596,0.23012174243780437,0.2752144439241228,0.3280594246353694,0.20447424675827058,0.2014095001530456,0.21325546972759304,0.2480269665093512,0.24066803247133567,0.22169527639507264,0.26175687004002096,0.17622267830405888,0.21787351311333492,0.2752708465390881,0.28057762792684443,0.20458989087239737,0.2613896878793918,0.2440075716026809,0.21345434380338085,0.3276437396527872,0.18799066882714704,0.23833953474725417,0.38306722504009,0.245187819807311,0.28358204518032826,0.031268911799089825,0.3059381931655684,0.1756558027263943,0.22426654695318668,0.23065338546439626,0.05819158396418639,0.18359661178322959,0.2993274271542724,0.01665282013706067,0.049106900482683624,0.06613926574866497,-0.06137066098447094,0.10946547247369028,-0.0007655782503164027,-0.13572400930921436,0.054265122734384295,0.02300610276211653,-0.2444316995350287,-0.08804139296049854,0.21165275545270204
0.35515704517989344,0.297559820296863,0.31084215181213437,0.1895429414445296,0.17753570798705567,0.31951349206245094,0.28854979375210554,0.271212839384423,0.19489690813017183,0.2510262274248517,0.6244321805112784,0.3238651674653923,0.20517713861516845,0.25590529971195347,0.2386190458432134,0.27773951000518193,0.32125026966789766,0.25379330855754234,0.19764863319758377,0.3021050900754452,0.23143766055824205,0.23600940573365722,0.1913592469167346,0.23117961918718613,0.22680493200899776,0.22785356950618646,0.18013727907544855,0.15821274620033945,0.25074130329315963,0.10501587128877261,0.22968313265554818,0.25395660197139436,0.23749640327890764,0.21609533595365024,0.09664180408638523,0.14621897137157497,0.32817782558162273,0.24012761712477712,0.3215170548488955,0.051704299867448796,0.16032259394864143,0.11688365985540557,0.2024617828996962,0.20474679825327755,0.1045764150613127,0.1356023476823432,0.19676535472028364,0.025484743175781303,0.16865834691922868,0.07693606077172396,-0.05901079859381875,0.03308257061857475,0.10667024254608284,-0.12476816361790635,-0.03281254065983712,0.018117349780106134,-0.2052229816149661,0.07269925175864923,0.060968372028213896
0.4149400649658485,0.29115876484915904,0.30982130825767096,0.22725029511215858,0.24766799291379202,0.3582532060500791,0.2927125750406874,0.19258306260748603,0.23344848173866364,0.2560343949777192,0.3238651674653923,0.5681996216198711,0.20548988066860827,0.270865485608777,0.26058670906424697,0.31387664338915905,0.2699971147578762,0.2248206548626979,0.2847708775925544,0.2304523500824722,0.24763127518708947,0.267989501899438,0.12568655219294295,0.20090920382117763,0.27246473308710756,0.2354064545146086,0.19861166362086397,0.053631751673658745,0.19218564350371162,0.14072929018437802,0.26060634396236365,0.28894847297393184,0.2237026153350943,0.20998659908564474,0.12997157599696768,0.2347084797730922,0.21989693166889587,0.29331466053060723,0.2858751765786162,0.06488301121649305,0.14704030524678974,0.13361052677986848,0.21269989821334062,0.2484109073545917,0.19056709342446157,0.144221518340222,0.203361736402491,-0.007055901031902431,-0.03534699485783042,-0.08593560482698025,0.01775510530881263,0.13338783277159189,-0.020808160107538165,-0.08947992307645627,-0.14977630944948248,0.08357580651887304,-0.21829182863685362,0.20164285141165122,-0.16599792695677795
0.33303333924424977,0.2409297557808423,0.24468585003127846,0.1670561289337129,0.23463180243259688,0.2267145053884589,0.2116123704325531,0.2528179046537451,0.21481423318988177,0.20643809639883393,0.20517713861516845,0.20548988066860827,0.38366098615950156,0.20080864773658805,0.1660004991713187,0.22992868620681223,0.21194845072374152,0.22162554571769444,0.1919696576400472,0.17816504330892238,0.1721774580960966,0.2480606738043141,0.19980984850188596,0.2061793973832668,0.18126821399346207,0.1545431753201428,0.11509081313727616,0.11981551149170232,0.23516877548545506,0.12197728678232851,0.1825837306473228,0.18083560909827656,0.231512397247449,0.19265442142362693,0.1186974259490343,0.13438605939366086,0.29828044265188713,0.18917245998068458,0.2476028185416166,0.022199293073250467,0.17755194756854212,0.11099802878603687,0.15806967120459528,0.20833349551966512,0.010332478594017475,0.12872786710587855,0.18349085668473994,0.010635635871151657,0.1687154772947541,0.157203088381907,-0.07596106124645242,0.014882640258878635,-0.005205296028614902,-0.08723910850687219,0.01009824214730512,-0.017568311322244123,-0.19560346394974312,-0.02781087077071655,0.18954730086843322
0.4922643037198137,0.31899601648986187,0.2990142572383252,0.2552412713504353,0.28863025110404544,0.43122415442595347,0.17706190602203736,0.3461910678614596,0.24777075352531058,0.23923914666632262,0.25590529971195347,0.270865485608777,0.20080864773658805,0.5562872806014869,0.40358433044564934,0.35982614745605457,0.3210380367791709,0.2795869538730623,0.2879699714185711,0.2364010583323851,0.3017668346270565,0.2901138362131972,0.23132298988860678,0.2745356618703978,0.2960079792945272,0.2583574145679755,0.13028254411379217,0.27726041557651604,0.3186967072850416,0.17650016116818115,0.26892435839548323,0.20119455674030534,0.30321758863729514,0.19990255591643713,0.12886492659899082,0.18763183447905926,0.4750710070754705,0.3016498314850117,0.25161942981025887,0.050337432629981,0.3340053306961357,0.17938272523107446,0.2532747545450609,0.2179465776868907,0.0464374028036875,0.13637654852321707,0.24530791626414555,0.035706874579383,0.2007304417289367,0.2980490222043099,-0.14582583880521963,0.060401240933773095,-0.1028550861834798,-0.10620746850727379,-0.08713536231207875,0.02262130439489503,-0.38562713473814136,0.11681964725049611,0.3342375949162168
0.4135559173515201,0.3978917478916948,0.3430241263163025,0.14862041274056914,0.2562201055161489,0.28695001305273427,0.06791945596864225,0.171632248431221,0.19934098229284117,0.2673524015098596,0.2386190458432134,0.26058670906424697,0.1660004991713187,0.40358433044564934,0.8917938022104296,0.3004845242245847,0.28347862071653035,0.3521084785859853,0.21948313080039536,0.20972281975767207,0.30636470263787613,0.22087859996745063,0.34309112506507283,0.34720750736422523,0.16598953750054896,0.21227767223495336,0.08366644729057136,0.49547523803421,0.34550103066911236,0.1681913817311864,0.26993453071252166,0.15819090077917808,0.40435920763644745,0.21948185521006142,0.08708581459612187,0.19828086684079504,0.5573397829924579,0.2562806201234653,0.1792572419953321,0.012532393148605065,0.3596769134441042,0.2207475242591935,0.26206825725956195,0.10650940311445597,-0.038415949221189384,0.1881257311186644,0.2791835411349084,0.059081291738373065,0.11844491480835695,0.4287872850553845,-0.22607618690938605,0.19981140933305228,-0.21246700041973107,-0.20185712022509317,-0.002212031781354575,0.05398689105418002,-0.5451596529738516,0.03588391414004938,0.4638526278256758
0.46795637418257213,0.25748887540321014,0.22683264981130866,0.2603632092224386,0.31685725474386284,0.35355605830110826,0.29745239608653484,0.2622204559657448,0.22652267849443192,0.23012174243780437,0.27773951000518193,0.31387664338915905,0.22992868620681223,0.35982614745605457,0.3004845242245847,0.7013372127022752,0.3130093789164846,0.2444438100246295,0.26102724541577244,0.2500079174925626,0.27736162602038705,0.4214755410583732,0.2059020003600868,0.29742883640565465,0.20524899463297452,0.2527244088787461,0.18901610719341566,0.2874104308165887,0.3087788352733306,0.1841278102315598,0.2587585698313348,0.19617477009730605,0.28998924194080666,0.22636076272143654,0.1920118659031348,0.1809709456710593,0.4013746930704481,0.3094737451467123,0.2837450287845195,0.09023864120576182,0.261741761053203,0.17034125903106553,0.3007084854972535,0.22258812531567154,0.07232809060967543,0.10184095552244887,0.231520435030821,0.005943176410865774,0.4031381454591888,0.19954811616243423,-0.19757362638700052,0.10188296743095505,-0.0366619735713883,-0.0793436996332432,-0.0478569458846359,0.06434997533685356,-0.3689554175482625,0.11664052021574206,0.1767799247418029
0.24749113190899394,0.34188639766508394,0.33829642102235763,0.20861585887189754,0.19369955836073088,0.42566213356118165,0.20901534524684637,0.2883917670780004,0.28052936213118107,0.2752144439241228,0.32125026966789766,0.2699971147578762,0.21194845072374152,0.3210380367791709,0.28347862071653035,0.3130093789164846,0.7604623280364028,0.28404715456719953,0.26199099016245275,0.3188228315698791,0.27660812349494246,0.312351763746395,0.22953214578138426,0.27290105108927515,0.30613287144242557,0.24837142076530255,0.19438911668341582,0.4261151871504789,0.33802564571867166,0.13011887426763347,0.27365438861147723,0.2018187995811518,0.4002110165707116,0.2500600057080939,0.07729516642992891,0.1640867572036623,0.5480050884895951,0.28852057502318795,0.2872399065178512,0.043691135579305214,0.2710454335758529,0.17347940962901073,0.3018410656154079,0.20912158565663946,0.095225948685356,0.1467411108627406,0.2346386744811163,0.040675819946877766,0.2444733134731902,0.24721665633751733,-0.08133970517408978,-0.0353566426256446,-0.00044646315025534763,-0.16670429384598265,-0.04542563320875639,0.014023156778223732,-0.2829068123147516,0.11031410925147132,0.26501085115015227
0.5654678700260097,0.46892013187313386,0.4071762948537281,0.16884857002036863,0.22019739964370313,0.23187731517755,0.31134916112646915,0.3132918704390581,0.28933909577732075,0.3280594246353694,0.25379330855754234,0.2248206548626979,0.22162554571769444,0.2795869538730623,0.3521084785859853,0.2444438100246295,0.28404715456719953,0.7867153352198012,0.1792598644357501,0.1416372240558696,0.29625132523810527,0.2798580391115065,0.5494439488635511,0.2804007257292007,0.24038881817157293,0.24021641644271677,-0.06257063491689115,0.25508562248174493,0.3215422527212396,0.09234894461003544,0.3038236430833514,0.15811091464923685,0.35724270504275435,0.2562931748156136,0.012861498331832047,0.19631127155278544,0.5628559480355305,0.2685205471702013,0.2843537026970265,0.0382557703461403,0.3455396438864147,0.21694942930076233,0.21829954531858795,0.1451493197482419,0.005392016522560496,0.32975223019154154,0.4536426044332625,0.02826597350658886,0.07545154782938467,0.2587824951440842,0.11016816730848605,-0.031208875170502567,-0.14038167306772914,-0.2923693130792697,-0.0984983877698955,0.04136595082172165,-0.22540296225628342,0.2710753456987222,-0.09077808203078262
0.40551630090176943,0.2079904703464942,0.17832614012745582,0.3149869103393164,0.6442275044888556,0.5147566317695265,0.18603033764372354,0.21418843319602437,0.3089433190647395,0.20447424675827058,0.19764863319758377,0.2847708775925544,0.1919696576400472,0.2879699714185711,0.21948313080039536,0.26102724541577244,0.26199099016245275,0.1792598644357501,1.0305523169757207,0.10985367255961684,0.34537240988406687,0.295194854691666,-0.021193478524236458,0.20058353278360425,0.4059963170571142,0.17031589404092495,0.1496209609050966,0.19980367855073128,0.0929149971172605,0.2791264558940808,0.314993526374104,0.3494809451598481,0.38535092662873555,0.2189010926817284,0.08655259443089408,0.22457400862533683,0.3396565540064514,0.4186566723529096,0.36388570474974336,0.06175309583077546,0.32466448859450425,0.17752849495817996,0.27326617610399856,0.3067242931411294,0.19852978784089867,0.1283857867301408,0.24406851613888478,0.0431279964330196,-0.1568802038128023,0.12420863517530263,-0.013865084672596622,0.26963767202631744,-0.19131648920010594,-0.12882465341994032,-0.14940036384705738,0.04705736273422006,-0.29424736569435883,0.17956253656522678,0.08778877087371992
0.2869597546888406,0.3360600773082606,0.1765959338943371,0.16447633521152905,0.14546407332738254,0.2847039087411532,0.2319649441549261,0.22236634745967834,0.15878662987029177,0.2014095001530456,0.3021050900754452,0.2304523500824722,0.17816504330892238,0.2364010583323851,0.20972281975767207,0.2500079174925626,0.3188228315698791,0.1416372240558696,0.10985367255961684,1.0664517448281798,0.09844636484906483,0.16407085020852114,0.2020937349401085,0.4100156512887914,0.2916385814973705,0.16563555474241534,0.29993949737228814,0.30805101595331397,0.44447002456949936,0.3182145572684893,0.22801082205191137,0.4013506728390221,0.20317930667333162,0.3188052731041437,0.17854040562876108,-0.009600815481594393,0.6383371181318567,0.26549389105793236,0.48055613571469846,0.11023440216324408,0.027500150419128472,0.10501912810815285,0.37942053756427335,0.24250769402055156,0.34355005738127103,0.022374618725271085,0.254747325986846,0.0963906838052357,0.44277905761963704,-0.03319662021874713,-0.106425214951382,0.14742062635926442,0.11452978527517915,-0.08930344650570333,0.03482251341094453,0.02700243391263037,-0.16365303315267304,0.007224799274968425,0.15891004410568102
0.4525884405118354,0.29709996043665954,0.29857420131244783,0.24804728177939553,0.3305783353836913,0.38663323903064467,0.2773241674790605,0.26853710238813344,0.26653551786783497,0.21325546972759304,0.23143766055824205,0.24763127518708947,0.1721774580960966,0.3017668346270565,0.30636470263787613,0.27736162602038705,0.27660812349494246,0.29625132523810527,0.34537240988406687,0.09844636484906483,0.8143000582973058,0.3009913811829163,0.2624302282609507,0.321695475438841,0.2696719995723013,0.3904472447734322,0.17264312183993666,0.3130554036684633,0.25518955311392766,0.23786559274257313,0.35671856923708867,0.23837213916964903,0.40021131208412525,0.20786639335543453,0.20424588065172383,0.39265693551010367,0.3641949738196621,0.43414133411912614,0.2433739662014322,0.09772149962763033,0.5463445848525534,0.3160219580797504,0.2787474612827195,0.23904145986998943,0.0654968422405993,0.19164700435379153,0.29211469606666146,0.04752623507647474,-0.010826850731840745,0.4310323741315465,-0.27174139447378887,0.11963509808144994,-0.13107703296246032,-0.14707356535727623,-0.07824902036523218,0.016348995209085,-0.39186152894075227,0.08336754656615541,0.27001371798218565
0.46010268728508485,0.28385544298751125,0.3439458146601047,0.2410679426704465,0.33080738198259646,0.33866018375086715,0.34125053439681274,0.23706096077595623,0.4657328740342382,0.2480269665093512,0.23600940573365722,0.267989501899438,0.2480606738043141,0.2901138362131972,0.22087859996745063,0.4214755410583732,0.312351763746395,0.2798580391115065,0.295194854691666,0.16407085020852114,0.3009913811829163,0.7140771329013313,0.2870865122836717,0.322813670595702,0.2011130024665528,0.25875277338104,0.2144348162005487,0.2971786509303934,0.2763550874451232,0.1573798057236947,0.28911505171429736,0.2703428959197495,0.40026970263574596,0.21785735371841086,0.06685440039559667,0.29125196554120175,0.3781261287016543,0.37302601781601247,0.3088716834027018,0.02413185108077622,0.3114757462670476,0.1894053283036858,0.22021008593683872,0.2892031429651295,-0.0605949290417085,0.19376918337437257,0.23126506809619465,-0.053299141691683476,0.670347427373629,0.22471637883734247,-0.18090572517495487,0.05464038715581318,-0.012360396661597321,-0.138328719307504,-0.0716575846208763,0.0710793313925931,-0.2960537027702,0.07846494050372121,0.07931705909790283
0.4731819551977389,0.1978741187001303,0.18731222517251556,0.15665307674623374,0.23230524865697294,0.08976919941872678,0.2969574443288175,0.19526026607366884,0.24582032554944014,0.24066803247133567,0.1913592469167346,0.12568655219294295,0.19980984850188596,0.23132298988860678,0.34309112506507283,0.2059020003600868,0.22953214578138426,0.5494439488635511,-0.021193478524236458,0.2020937349401085,0.2624302282609507,0.2870865122836717,1.6656598793364052,0.8993460679152382,0.27392425319230634,-0.055178424483342654,0.16794597278290305,0.4881628899593544,0.5346164770416025,0.37323484688915903,0.19281124454110196,0.05312038554487298,0.7690744244932911,0.36025584325379223,0.012414772995559513,0.08627418855301645,0.7620557149533425,0.10718553303564175,0.48807280308862633,-0.01779975448846004,0.32023678481006107,0.18913772133763646,0.2889549001497958,0.24196795349710487,-0.3722625861144259,0.175591352481599,0.48340223650844644,0.14527419826634497,0.7487611798625531,0.3802854352706749,-0.37867933378175567,0.11954847168286892,0.07301210517348813,-0.28169346471138285,0.30301131027858547,0.00719616364155741,-0.39434335186971103,-0.35170960917292177,0.7017007465915451
0.1417129231050338,0.1744223426204106,0.19701910532600267,0.2578293145070008,0.2910467449369833,0.31727781698412866,0.23339536261033103,0.1481017042071349,0.26654754527468427,0.22169527639507264,0.23117961918718613,0.20090920382117763,0.2061793973832668,0.2745356618703978,0.34720750736422523,0.29742883640565465,0.27290105108927515,0.2804007257292007,0.20058353278360425,0.4100156512887914,0.321695475438841,0.322813670595702,0.8993460679152382,1.5488999839693196,0.45649920348038553,0.148199893855766,0.4034531923735075,0.7040507338603746,0.5009854871366222,0.5344555459163192,0.5042166867877779,0.3306175388514809,0.6318215563691889,0.4223496879160292,0.19563091436620464,0.46960421224870774,0.6548299809509986,0.2952246542965565,0.3340289876533723,-0.003415114867011609,0.4811599130920868,0.3061371104460152,0.269204374539961,0.2602499901804424,-0.23410266229248708,0.15402272703904354,0.4260354740937604,0.07683984321429747,0.3967270215924242,0.34036507464378285,-0.5051218914844638,0.23045423261980144,0.10331819842347155,-0.18516787935295312,0.17468163037311443,0.06390358664587731,-0.3411252786271022,-0.46688701689575,0.7622783538451638
0.668640117060677,0.18978392915333187,0.12045385596017277,0.27071237804743525,0.41563683040934296,0.3864996759336853,0.31392277042832323,0.21136200728715426,0.16891554589444457,0.26175687004002096,0.22680493200899776,0.27246473308710756,0.18126821399346207,0.2960079792945272,0.16598953750054896,0.20524899463297452,0.30613287144242557,0.24038881817157293,0.4059963170571142,0.2916385814973705,0.2696719995723013,0.2011130024665528,0.27392425319230634,0.45649920348038553,1.921486451673125,0.23408204123911502,0.46172924311485264,0.3864417598341988,0.5355137960767018,0.6889498978146064,0.4251415356111584,0.42352842207471336,0.0969055300840182,0.5080589625128173,0.6015333052801547,0.25536118764560034,0.3057289927990832,0.5324135342952425,0.38709532405501185,0.11676239688329584,0.22211869056411676,0.28003449397542496,0.6965162808065112,0.5405637810310964,0.5727460760634854,0.11145996163513115,0.4971030143384885,-0.02430794464095367,-0.7430184839198658,-0.023785468160301658,-0.17413228835770217,0.16068357954269635,0.04033054503801456,0.008438158857247044,-0.12765458185858142,0.19265364364288287,-0.09173273700606037,0.2948361545357879,-0.3568737586055368
0.24729309232232927,0.2500612896497638,0.25749094435635744,0.23885415712024252,0.29063512423717974,0.36298452339232246,0.2512413335643348,0.3055056005416832,0.261682685639753,0.17622267830405888,0.22785356950618646,0.2354064545146086,0.1545431753201428,0.2583574145679755,0.21227767223495336,0.2527244088787461,0.24837142076530255,0.24021641644271677,0.17031589404092495,0.16563555474241534,0.3904472447734322,0.25875277338104,-0.055178424483342654,0.148199893855766,0.23408204123911502,1.7471598194339892,0.4859781135923413,0.4934279537244334,-0.057986401469931,-0.1040340223289785,0.2638398823271949,0.48182051670186,0.054140914979071884,0.3418533429752573,0.37951251927836754,0.29221859984424375,-0.1429023205647424,0.3082694765059648,-0.3908148967935429,0.06103949132835228,0.3529381783662778,0.2799051304318519,0.5081617719251023,0.09388993528163664,-0.03399036006485186,0.05482821307855735,0.07662126553786404,0.03595778968726837,0.2405363579921418,0.6308732353165338,-0.5794238390538525,-0.019834492173105123,-0.12791089553438148,-0.024427967633834948,-0.2030369641415878,0.03858475702188904,-0.24260074572906729,0.3621621531435762,-0.10669520462049449
0.20973310484136817,0.14541326380760436,0.10405378762523373,0.17889047882870637,0.20816655018889074,0.22044670467249397,0.24313876739524956,0.11741512384268062,0.1756200064821539,0.21787351311333492,0.18013727907544855,0.19861166362086397,0.11509081313727616,0.13028254411379217,0.08366644729057136,0.18901610719341566,0.19438911668341582,-0.06257063491689115,0.1496209609050966,0.29993949737228814,0.17264312183993666,0.2144348162005487,0.16794597278290305,0.4034531923735075,0.46172924311485264,0.4859781135923413,1.5313386226308279,0.6702440965452732,0.10485154940526373,0.6553745818500939,0.34128942034353676,0.36089095541798233,0.09425728337609378,0.2924482632533009,0.6435778024229666,0.3465248153366528,0.1893364801499818,0.40571014427864,0.11338474469734355,0.10515523831129424,0.13816966126399285,0.3329618611868393,1.0566387162496023,0.5192303449847341,0.6859346843123739,-0.15679800678077604,0.3109907106451689,0.054641766269612715,-0.022119960096496378,-0.017492959691684327,-0.47604475325097834,0.2598863259314626,0.12243489477785235,0.11782990229150767,-0.12233455982335786,0.20401185429235447,0.05236159898592617,0.5924498684476518,-0.7412649563577611
0.1484060126234401,0.3737494979170567,0.30474676568591513,0.1574182660094286,0.23660692857057608,0.2760240158214416,0.14382595496471212,-0.07823306170955914,0.31400674087461977,0.2752708465390881,0.15821274620033945,0.053631751673658745,0.11981551149170232,0.27726041557651604,0.49547523803421,0.2874104308165887,0.4261151871504789,0.25508562248174493,0.19980367855073128,0.30805101595331397,0.3130554036684633,0.2971786509303934,0.4881628899593544,0.7040507338603746,0.3864417598341988,0.4934279537244334,0.6702440965452732,4.678099774874249,0.5114016151755374,0.173502444233189,0.40440853540772587,0.5637477360137324,0.8876082114928808,0.3915727924833512,0.031844494089351444,0.20665918460507438,0.6905291335459535,0.20929857715817896,0.011699951475595728,-0.06517906976929229,0.4696799381511125,0.40406728306674095,0.6920670059796112,0.10496553163733742,-0.04782596818644364,-0.20334985841753472,0.25748235256985513,0.18999422999596793,0.8184836946788517,0.45915555939649105,-0.8935067147109753,0.6978219267982769,-0.17960687545856235,-0.16674535267224305,-0.016023029485166238,0.18440976183948599,-0.39258159165745726,0.20676440803097154,0.2929931288289156
0.4239471925546997,0.447886526994533,0.37971241135917844,0.20521984771957383,0.2277182729069721,0.37499158925201426,0.2269728702728267,0.23392773911047832,0.19079059463574652,0.28057762792684443,0.25074130329315963,0.19218564350371162,0.23516877548545506,0.3186967072850416,0.34550103066911236,0.3087788352733306,0.33802564571867166,0.3215422527212396,0.0929149971172605,0.44447002456949936,0.25518955311392766,0.2763550874451232,0.5346164770416025,0.5009854871366222,0.5355137960767018,-0.057986401469931,0.10485154940526373,0.5114016151755374,2.2460739787250827,-0.08950550822925192,0.1329781538158181,0.37796175693361006,0.13967384990989182,0.5678619191743579,-0.02256935794446375,0.43825039645944464,0.0552398664057938,-0.20013502858504983,0.43291817961794243,0.10868726553343674,0.24389363346704954,-0.022052535083092503,-0.03229172198842123,-0.20366447320034542,-0.44336674912558033,0.21507274761217346,0.15403925769777085,-0.07857836698301081,0.8952095200964342,0.8733274145776688,-0.6554526102944531,0.04797068948991907,-0.26915370506113917,-0.0381074285743633,0.2191193423986545,-0.013755847821746532,-0.47801722592377005,-0.2698388149095693,0.7570067407394673
0.3888172697012078,-0.034485456378571304,-0.33769751259367703,0.17631350261789705,0.3792242307743553,0.16387125144465461,0.1427227868137914,0.07374726955074622,0.05815848285769941,0.20458989087239737,0.10501587128877261,0.14072929018437802,0.12197728678232851,0.17650016116818115,0.1681913817311864,0.1841278102315598,0.13011887426763347,0.09234894461003544,0.2791264558940808,0.3182145572684893,0.23786559274257313,0.1573798057236947,0.37323484688915903,0.5344555459163192,0.6889498978146064,-0.1040340223289785,0.6553745818500939,0.173502444233189,-0.08950550822925192,2.782462528811028,0.45149981986207127,0.5049104653676458,0.18926902350336314,0.1663599482973009,1.0852357996755517,0.2543949516808706,0.8481292765111937,0.8117608096045495,0.5375339772787343,0.1568426801222527,0.381839683994471,0.4529236598244042,1.3876479874193857,0.9396619452456418,1.2772148198444129,0.10712157989486627,1.4032264841718238,0.009875452778217077,-1.4234425539847941,-0.13340799238090728,-0.2569633481750471,-0.05590102448141871,0.22673207252528324,0.10584024219050588,-0.18829410409029013,0.11599023632169746,-0.04206166190019991,0.8306304106883219,-0.8458301618652417
0.3634543769076671,0.2632571054754038,0.2716345563903599,0.21989914131989036,0.2933203303525128,0.33590176317446674,0.2491662584459595,0.20628324546255844,0.25763539801814356,0.2613896878793918,0.22968313265554818,0.26060634396236365,0.1825837306473228,0.26892435839548323,0.26993453071252166,0.2587585698313348,0.27365438861147723,0.3038236430833514,0.314993526374104,0.22801082205191137,0.35671856923708867,0.28911505171429736,0.19281124454110196,0.5042166867877779,0.4251415356111584,0.2638398823271949,0.34128942034353676,0.40440853540772587,0.1329781538158181,0.45149981986207127,0.7781741127269068,0.3262978589516204,0.25092671501931296,0.23648565061711338,0.31948125702042984,0.6376498778712545,0.5239346978638111,0.5466026896488182,0.2850882820525811,0.07925722051156386,0.5487192017649061,0.3631721876726,0.2919072557988978,0.35190784461833646,0.22565089780999942,0.2507119763038006,0.40092749136307,-0.007196158813801664,-0.4797023436955067,0.25285942562571717,-0.17198748272942269,0.12483174603156517,-0.04277977277668817,-0.14833501602577462,-0.16553711638895485,0.1217093292329245,-0.12716432077822862,0.10478952756650792,-0.06906572608227918
0.31564609013546063,0.28291103219007774,0.21980704876349025,0.25088195725895895,0.32411781851998656,0.35974729687010876,0.30670224168722454,0.20250996324635726,0.2675837889045993,0.2440075716026809,0.25395660197139436,0.28894847297393184,0.18083560909827656,0.20119455674030534,0.15819090077917808,0.19617477009730605,0.2018187995811518,0.15811091464923685,0.3494809451598481,0.4013506728390221,0.23837213916964903,0.2703428959197495,0.05312038554487298,0.3306175388514809,0.42352842207471336,0.48182051670186,0.36089095541798233,0.5637477360137324,0.37796175693361006,0.5049104653676458,0.3262978589516204,3.1707346705165187,0.18816179476460512,0.6477979560680698,-0.28818703365177933,0.3811736733354014,-0.12856881031063147,0.4405549508403312,0.3527824526381263,-0.10053326715645645,0.16532916321612748,-0.02514680348199188,0.20521719830053967,0.4766454899002889,0.22160026316294779,0.06269447367889455,0.380223154986445,-0.06262554346164241,-0.425927076145217,-0.3083141031308709,0.004185723955830675,0.007893910944938546,0.22891775854076007,-0.06545532314877614,-0.5384445112663424,0.10403234697699473,-0.09738677460959881,0.3620476035606144,-0.4451962073016097
0.4193939658526403,0.34047945958861897,0.3138855195516701,0.22080903704531862,0.3666715855713396,0.3196612855237873,0.26443443172835085,0.2017476816503422,0.39666589482101783,0.21345434380338085,0.23749640327890764,0.2237026153350943,0.231512397247449,0.30321758863729514,0.40435920763644745,0.28998924194080666,0.4002110165707116,0.35724270504275435,0.38535092662873555,0.20317930667333162,0.40021131208412525,0.40026970263574596,0.7690744244932911,0.6318215563691889,0.0969055300840182,0.054140914979071884,0.09425728337609378,0.8876082114928808,0.13967384990989182,0.18926902350336314,0.25092671501931296,0.18816179476460512,2.574366946070625,0.012217154609064905,-0.7411205165303981,-0.076585039561616,1.1083452449145292,0.3912982615381692,0.17766107796970654,-0.29245555188922095,0.17949913780196944,0.07475718058727149,0.4184660392180752,0.037912132389992984,-0.583163338460528,0.16779786249129255,0.3081913183137855,0.2422328815291462,0.6676035728918545,0.7338385319587262,-0.59419219562207,0.40936757277842617,-0.07028074614853469,-0.5596106884620283,0.2242285626059335,-0.08370115219034278,-0.5903742981133501,-0.13697993219178847,0.8520829483430299
0.08951647607802941,0.2573735846832719,0.22122876633391936,0.27130206081670255,0.3778882257461506,0.2521793369439754,0.2589408057120434,0.17622220145495088,0.19095166842760364,0.3276437396527872,0.21609533595365024,0.20998659908564474,0.19265442142362693,0.19990255591643713,0.21948185521006142,0.22636076272143654,0.2500600057080939,0.2562931748156136,0.2189010926817284,0.3188052731041437,0.20786639335543453,0.21785735371841086,0.36025584325379223,0.4223496879160292,0.5080589625128173,0.3418533429752573,0.2924482632533009,0.3915727924833512,0.5678619191743579,0.1663599482973009,0.23648565061711338,0.6477979560680698,0.012217154609064905,1.6284730238229042,0.41988307066168207,0.08216835333544392,0.41058478551091654,0.23727196268717426,0.20559533458439236,-0.02944124459802466,0.17914105216817916,0.27626837913153157,0.49101750869704175,0.3935635474536318,0.09627335155840856,0.012795146478499346,0.2660167483473729,0.0822763706674981,0.2930064208955315,-0.1182413164563719,-0.08029489673092534,-0.07059739332783632,0.15563150022662203,-0.06994981125390089,0.03846005337311361,0.05026479641976712,-0.3898630332490179,-0.10657764645209457,0.4641621287327076
