2.5930847003514783,0.6718565181973247,1.0298457764164617,-0.08181131247565979,0.928036078579564,0.10442505014561021,0.7199018285933743,0.670504690652074,0.47658235232924584,0.3222854931366708,0.3499674292631525,0.35186863924595096,0.49602932610331485,0.46100027032383356,0.38857317545906783,0.4206292610231467,0.20546951645065553,0.5281372263063719,0.44336519751023956,0.06849187699131035,0.3338120291967688,0.49587992635504285,0.07399778519494116,0.17835630624490614,0.4171185833904743,0.43271292162743075,0.23968986339217577,0.09339105550849236,0.4812935940992163,0.298284051948125,0.23270512147364042,0.34537615255960485,0.23228150167597228,-0.08435224163177718,0.19833750233832917,0.2532006274936839,0.07615595239007614,0.3794866083824077,0.2718810706979545,0.1712836579060237,0.1714482974218747,0.3013250314137076,0.3204907879953789,0.09648854099920423,0.19988542803859977,0.3239440517142311,0.3719789240389243,-0.08135553148361185,0.2813222222120786,0.04246903310583863,-0.11263449198510893,-0.16181584351123876,0.29426915394759967,-0.11423630006301401,-0.046713627935180475,0.005927434969708998,-0.204539129591802,0.3608245377057998,-0.23146851295574036
0.6718565181973247,2.995891763239213,1.2090256917907873,0.17329966275837197,0.21646679413826925,0.23284200401075714,0.22032434566026715,0.3737260594365618,0.4076980782606767,0.30701267694867107,0.30466504280905293,0.29576536029019695,0.35873131623348187,0.23123072024963742,0.31964384527201917,0.23784105014558088,0.26130834899589733,0.6382875558972061,0.34574497877378774,0.32284801231771465,0.23723221147115411,0.30881593490413584,-0.12142075170564193,0.19838233356154236,0.24844849790202753,0.31602349294917376,0.2858134604583947,0.29478266051726365,0.6662140757088351,0.1318907430018804,0.15421093629338142,0.21514516383573334,0.2101581204987638,0.2613438781670613,0.30700395320470564,0.2178404734849817,0.47603824719054877,0.10748445782092376,0.21447649988879613,0.25326539066988035,0.11089568584154393,0.23523869703485165,0.13247898860604596,-0.005461792236394454,0.3368589281407794,0.2715248289096492,0.28804246066408373,-0.06684827648546401,0.06382977778419374,-0.11780048151939694,0.37783682445601985,0.05908358519939912,-0.03287326219073905,-0.15081609607625426,-0.01992799166232813,-0.018768181878299883,-0.13365511155025192,0.024704283202516497,0.051432997055803294
1.0298457764164617,1.2090256917907873,2.7508211159441744,0.129734538815424,0.07816938829328268,0.22260165661120657,0.2413292448349069,0.48093720878164437,0.6728120581911431,0.4365330572824798,0.32613638247528515,0.30745069506623307,0.39964850229437365,0.2918838503391704,0.3878996583049866,0.23350946797621103,0.29439984795740776,0.5008982938657509,0.30802735904551154,0.22650916814311106,0.3887554791846304,0.390543750674416,0.016620158531404236,0.21131932874171966,0.28575768578039634,0.3414916774482388,0.28865196807543014,0.2801108152974813,0.5096769366304005,0.15237496042509846,0.19738254220139106,0.2777035113923756,0.1680648296192427,0.4387098449403842,0.4811717450976336,0.3478833966503084,0.10959472650651621,-0.041067583004688095,0.3819669413912794,0.20625231849280573,0.27136163334059704,0.4046236543519113,0.24863932855177442,-0.0033620463214296694,0.42561681976824767,0.2522471884603541,0.41891453334522144,-0.07651137522446282,0.09695165329298899,-0.2045039202638993,0.27695325082660716,0.12916397633460983,0.03892970476844055,-0.1290449365101528,-0.23785982821598664,0.008610879965623005,-0.00777772418427945,0.040532207916757934,-0.0725454851591504
-0.08181131247565979,0.17329966275837197,0.129734538815424,2.2614718233095226,0.37318918764211856,0.3223978067337454,0.5470276668482194,0.3852146986655875,0.143945291590822,0.18944301675777678,0.3455129009748144,0.4401401900596475,0.36305400941801713,0.4397800518990528,0.24158488668540487,0.44813672278018396,0.3195512334416618,0.18223744627961944,0.3036816787514833,0.2864132321989899,0.2263616419950214,0.29423938560072643,-0.0008182434001004987,0.2613898175876046,0.2644063871573022,0.39421064697958796,0.27529886660994973,0.09521972761302469,0.24000743669948632,0.07470989692245672,0.1466748505192662,0.38894162263584564,0.26182248805880104,0.40360456242710496,-0.14962254878473813,0.2216027302999107,0.251935732734,0.131972186324869,0.17971511961532075,0.06534879498855642,0.11053391295280092,0.21832515287547022,0.24152414052804297,0.07149064653168623,0.10640210689684525,0.1422036170990315,0.20340666007667027,-0.06129375203823355,0.07379375808349387,0.041597451273833075,-0.09198183612919074,-0.018689677379664173,0.021589905250004093,-0.015773554546200143,-0.01685851147866084,-0.05051610284268838,-0.1589357256118565,0.022259098375031733,0.19639704677940176
0.928036078579564,0.21646679413826925,0.07816938829328268,0.37318918764211856,1.8915887590773697,-0.07378133735120918,0.5545234773641332,0.6464111547628851,0.21981024131497812,0.2944062137595091,0.3175196208537974,0.3383320125174596,0.41831508761941,0.3009087941274157,0.31867146093610116,0.39194739844461257,0.23900643989435963,0.40390219874971284,0.6880932221923414,-0.030487703423374885,0.09882517145127333,0.3266604560620546,0.04383338191039105,0.21327632393545148,0.29691302442760853,0.3789968250345751,0.15284731553249414,0.029850361086608514,0.22698486969211562,0.2680446001554282,0.19274423596398974,0.23257245392853326,0.3600220562425486,0.09600753588614341,-0.2175671934898661,0.3304854117526272,0.27553140551088584,0.07880759594085876,0.23089416920200367,-0.02266826836086596,0.14788452160361032,0.09077647823072665,0.1260444220981887,0.01698690145785835,-0.12651507343328325,0.23848162417627133,0.12131219633951511,-0.055683030334577284,0.22831549321240405,0.3702702671618763,-0.19583466320009932,-0.25256521773669444,0.10206748046948316,-0.1159619591742539,0.1470738387772435,-0.04391222340493801,-0.32379098362783343,0.16071573685873336,0.17175540199238
0.10442505014561021,0.23284200401075714,0.22260165661120657,0.3223978067337454,-0.07378133735120918,1.1538780387725618,-0.07409984710720652,0.3224787759698676,0.3007780822569602,0.21135801487888534,0.37754874218369733,0.34497146034005,0.2803204476862745,0.2992135386162925,0.25429873162921185,0.25572573136699067,0.3649911889631999,0.2481517248945828,0.5098481773125013,0.463468383418845,0.43352629350472477,0.3354017894102782,-0.06799278210931567,0.26598904749704494,0.23305511015624633,0.3437514329300958,0.21718034846292422,0.22593177586055038,0.3857340771455701,-0.05362058433710268,0.14736547485927615,0.31969391270961744,0.15298027258085817,0.34086042443473463,0.2723305757195638,-0.033087988246472314,0.2619370992549652,0.35128183207198016,0.27940400666670945,0.21669449817181194,0.10659783073728459,0.4137167801297588,0.3764151440498527,0.0903171771870712,0.34578603652223217,0.16999309289553935,0.5569734495435462,-0.013785942523680962,0.2513055135026761,0.043234131666824084,-0.08226245107048262,0.11930326943421887,-0.1164343181261246,-0.05187902270914021,-0.06976569282952164,-0.0356133634883389,-0.12398493983172709,-0.09109270868041612,0.2926282059759314
0.7199018285933743,0.22032434566026715,0.2413292448349069,0.5470276668482194,0.5545234773641332,-0.07409984710720652,0.9470253951216657,0.33731892489675536,0.23220800416595855,0.20369266471418473,0.2670480337982943,0.31228290011604326,0.34927712860711646,0.22833831005403007,0.23302147293615075,0.31832771615583605,0.21401667109530195,0.26098185225415926,0.1747184253795872,0.0937088992598331,0.17341910238908145,0.2894581243497806,0.03932857908968388,0.1665155628101371,0.24052724186020483,0.30523424082107514,0.17700860891678324,0.07463483096776335,0.2031779420153029,0.2667391771520454,0.15983088573587567,0.19431733731488882,0.22316225590604738,0.1797824804702208,0.037620353822550766,0.3196208686792152,0.1920344313574364,0.06843318127831288,0.18652029315526875,0.05038652241191835,0.1007756789416208,0.15716635292608297,0.10333927456843742,0.03368360443904616,0.07429174107242864,0.14369094429831658,-0.025938289960309543,-0.07068209765169586,0.08668530231616445,0.05494636945244952,-0.12492857444357212,-0.12807026433965896,0.16049548293192406,-0.033550978180591516,0.134448143826121,0.03432655093165035,-0.236402615735129,0.1760262231921758,-0.21486156557374708
0.670504690652074,0.3737260594365618,0.48093720878164437,0.3852146986655875,0.6464111547628851,0.3224787759698676,0.33731892489675536,1.030773983655625,0.21426033613172182,0.27796247656807754,0.3684201812059582,0.25197944642268283,0.43126673319389414,0.31084743232960343,0.2377833685174709,0.31167536312427957,0.32182484177243637,0.41080891313489604,0.4671322813848584,0.29103873400051755,0.24666804908570164,0.30757892771266604,-0.044283192182137596,0.21947366175585475,0.32282756179858596,0.4565854695267081,0.23262468256873542,0.11365910392434211,0.3348487794482543,0.1395242915862251,0.14166675602225787,0.2664520391789495,0.16223532190260267,0.3028068404314692,0.23513513624555013,0.09635659433739485,0.19854131206989045,0.21587805844824925,0.32238382795312454,0.1386594205869124,0.10955886710820761,0.23357981402639744,0.2475047606955048,0.056335464093589076,0.1766425595916658,0.24578487396031845,0.4394808745512271,-0.01236667682379099,0.2878760184493442,0.09294928005419832,-0.016545853958095973,0.010245320024707693,0.08838968849531775,-0.1771648294870104,-0.01941080948824298,-0.10710296221163436,-0.19251229978711965,0.16722774676041088,0.12059613645007092
0.47658235232924584,0.4076980782606767,0.6728120581911431,0.143945291590822,0.21981024131497812,0.3007780822569602,0.23220800416595855,0.21426033613172182,0.7510986972706073,0.3080727098045587,0.3032778604871466,0.2867969200400613,0.3376252526804012,0.2675158811314109,0.3168427404463794,0.22155997557202425,0.2812771872593607,0.34012682175348047,0.31593245431555006,0.15940876805151596,0.2649676140751066,0.40539741411518276,0.029117705196288573,0.21503475884278267,0.19933503321797427,0.333585622139281,0.20459386635027163,0.20743329586679352,0.20965654922345825,0.13298408351342655,0.1885541175647472,0.27098036085615246,0.24039988700685083,0.2996287992314559,0.20798904988842828,0.22717804328797325,0.15082282165194788,0.18398357450191347,0.2822755895438244,0.16048993883585613,0.13455751276804945,0.2559053007436543,0.3252683771812028,0.0438212019277812,0.31435943748183637,0.23627408661024138,0.32167548798004314,-0.0703312534306392,0.12441595006408386,-0.0776804514599934,0.10917741743538238,0.14298685170946787,0.01123566204327936,-0.1167548364472149,0.011677985642462137,0.12227496286510224,-0.1033467578522811,-0.09235842779978438,-0.016897191989291658
0.3222854931366708,0.30701267694867107,0.4365330572824798,0.18944301675777678,0.2944062137595091,0.21135801487888534,0.20369266471418473,0.27796247656807754,0.3080727098045587,0.8108445550899109,0.30675362500190784,0.29964412746824814,0.3088304755727522,0.18539894162168594,0.29082563486197155,0.21869792280910508,0.30054398489288525,0.3658023795434384,0.2781126236573425,0.16738358408557688,0.18460115939519672,0.25087886615240795,-0.001744912631110795,0.19623288877199735,0.2100818695404012,0.22872895726749748,0.20751624229162058,0.18447612809543748,0.3065775291547795,0.128517056298987,0.18808463264406883,0.21060693066678374,0.1510041903838423,0.37935627348069145,0.26042399405673183,0.2296036627724896,0.20992605507030007,0.042474348760203604,0.31184982955698803,0.20058197688702997,0.22952175298083838,0.1749876834706832,0.1891037684108658,0.03076525148027869,0.19711881113281107,0.15136042001695563,0.3865311397988423,-0.06800452309292007,0.13239114199260757,0.060383726666676685,0.08699214011734223,-0.0022527538253146037,-0.0453743442355752,-0.003774301828247308,0.0519767409308893,0.07016335388143363,0.01202477030183896,-0.13179278321755192,0.01354663747218263
0.3499674292631525,0.30466504280905293,0.32613638247528515,0.3455129009748144,0.3175196208537974,0.37754874218369733,0.2670480337982943,0.3684201812059582,0.3032778604871466,0.30675362500190784,0.5898260524520887,0.3895575044004049,0.3820081193247951,0.2507707144745573,0.34801831870540423,0.305029138839044,0.3860678754656503,0.3227488880940981,0.3623353451766818,0.2701636955799686,0.22072341351886343,0.30768169898717596,-0.03672392707343662,0.22654753164563188,0.26084623739984614,0.3571609048012175,0.2315035393433417,0.20842989336570655,0.3149264364226001,0.06875225514635207,0.1669290589620956,0.2599436298157933,0.19413494643971985,0.3044094473045484,0.26078820015946214,0.15469764923890494,0.1682859388970531,0.1446683586214246,0.2835100001858574,0.18089311808105044,0.11042387374888377,0.21389411920249593,0.25427689030005246,0.04526502585212034,0.25890615462709893,0.17948839283440324,0.32409996953119846,-0.062235625648551916,0.16095882374861642,0.0007762054783048474,0.030047912653126424,0.06742395866726893,-0.026830163175477158,-0.034536600284776224,-0.030968158343542686,0.012811888322727064,-0.16622370881099374,0.02999391319680628,0.07712623169490562
0.35186863924595096,0.29576536029019695,0.30745069506623307,0.4401401900596475,0.3383320125174596,0.34497146034005,0.31228290011604326,0.25197944642268283,0.2867969200400613,0.29964412746824814,0.3895575044004049,0.6445503997882355,0.35796516449551835,0.2834210519004039,0.3055367243130309,0.30329225444806734,0.301414867083063,0.2353205877474939,0.32976604112674807,0.2324896883453431,0.2169389666867151,0.2885319005938133,0.008865944709859594,0.21507688753713614,0.2756582186018414,0.3197482020460192,0.2752476412968915,0.15206928304279915,0.28133178285139626,0.06749375469263709,0.1870046955859312,0.2830960935007892,0.20908862209292248,0.31334937606729263,0.20792231177315296,0.22991796186661564,0.12921566499187895,0.12303864333723807,0.2820453165631725,0.16629843615530054,0.1163142104453618,0.2106534366763133,0.2308501756617879,0.04286833521217024,0.1964156468391461,0.17841609045540543,0.28116444953634767,-0.05330551548139575,0.16601956292464218,-0.0182680303874222,-0.00760075520102456,0.02278151049642733,0.057291699233814476,-0.04777727465574409,0.008702917327905572,0.03406178985712348,-0.19357132275802683,-0.01494274499343521,0.1254199500415385
0.49602932610331485,0.35873131623348187,0.39964850229437365,0.36305400941801713,0.41831508761941,0.2803204476862745,0.34927712860711646,0.43126673319389414,0.3376252526804012,0.3088304755727522,0.3820081193247951,0.35796516449551835,0.6596577706944033,0.3118141906199176,0.26612829636160423,0.3238079678670304,0.2869028469267599,0.3582065914417233,0.33651872470550537,0.21954999153346902,0.2117478553008259,0.3587482972746521,-0.044080427002722584,0.2380804034966211,0.25428426254709946,0.3373561405711661,0.26228131962792234,0.1899511868549721,0.3308346630081024,0.10814950383054676,0.16187077315670087,0.294245690363454,0.24592626035353862,0.28902263708824444,0.23156737357923216,0.17898940128763474,0.19651671481984562,0.14512637186010993,0.27833682076474986,0.12070939172953114,0.1430339403029059,0.20978969096448266,0.27866651425382316,0.06289797632626029,0.12504211141928892,0.2588534764537317,0.31703897506970585,-0.04834359070846292,0.23390896580327747,0.03193136300337219,0.01324086130373759,0.012137504201976677,0.067775789238908,-0.1488004558020959,-0.008452473384914717,0.020652882043408666,-0.18646204349121023,-0.04212057214784367,0.12806013748961287
0.46100027032383356,0.23123072024963742,0.2918838503391704,0.4397800518990528,0.3009087941274157,0.2992135386162925,0.22833831005403007,0.31084743232960343,0.2675158811314109,0.18539894162168594,0.2507707144745573,0.2834210519004039,0.3118141906199176,0.5560257987131825,0.24475868762354377,0.37682915288650104,0.25158292238529284,0.18682153745414443,0.277213276612759,0.2532192223209497,0.2097525000737074,0.32487911537415703,-0.023935476543145782,0.22916080601284203,0.23364190795881423,0.35000962069675384,0.23433096612878151,0.12744857551443264,0.2673804778873785,0.10748909310462051,0.126504071241967,0.4164410700131292,0.16965266786970015,0.1856500457349876,0.18764914228071605,0.11017960051953786,0.08520844699207898,0.24330197083257943,0.1509301389769467,0.15437709706798056,0.1437817144710751,0.20663640746327833,0.3663705023307223,0.06489945050908615,0.22858251668375296,0.18661928692661714,0.36275444917181887,-0.053595127586382026,0.2233441927658335,-0.09028591518421071,-0.017737740757329427,-0.06708082890270321,0.16766003014752662,-0.03560025902364591,-0.16875511098424914,-0.0059482783300802535,-0.10877339727871203,-0.039771591893719614,0.2707241808766702
0.38857317545906783,0.31964384527201917,0.3878996583049866,0.24158488668540487,0.31867146093610116,0.25429873162921185,0.23302147293615075,0.2377833685174709,0.3168427404463794,0.29082563486197155,0.34801831870540423,0.3055367243130309,0.26612829636160423,0.24475868762354377,0.7043605381862492,0.25838752512433777,0.3374331008663498,0.32563607634697206,0.33794541605356204,0.18536600283722635,0.18534415428042178,0.26177468679414057,-0.02892346376535455,0.2266147387163129,0.270051706055254,0.3035759147259294,0.16949345144021877,0.24765162342540697,0.268642936713473,0.2099069748403241,0.1781248093392407,0.2319684629287943,0.23657077061332377,0.2553754933952143,0.19312456957764412,0.23286367682166392,0.23599443332609474,0.1432290371147114,0.24140951760039472,0.11510939234191324,0.17500355431062214,0.17899411866851472,0.22084612225459532,0.024506432367294623,0.25477516128402666,0.16759086359601927,0.26808708756217237,-0.04446657191859179,0.11914140129362034,0.141017178111766,-0.03409525463775081,0.19060598874664342,-0.12825423317930748,-0.0483549446786436,0.011680153820340666,0.0804554871144389,-0.21182508263750321,-0.04821426470799813,0.06764189085030575
0.4206292610231467,0.23784105014558088,0.23350946797621103,0.44813672278018396,0.39194739844461257,0.25572573136699067,0.31832771615583605,0.31167536312427957,0.22155997557202425,0.21869792280910508,0.305029138839044,0.30329225444806734,0.3238079678670304,0.37682915288650104,0.25838752512433777,0.7562698578109798,0.3077227840691514,0.21941362761392524,0.31419307717359823,0.19854631027348588,0.1743719621401254,0.40509570866838046,-0.015676004075483606,0.2415889756119909,0.27701575641059706,0.2742131513423904,0.2683471980643944,0.20072184816390898,0.3056252612420971,0.1285592166562114,0.14819279458595253,0.3255934336912392,0.18823982021737448,0.23224831876305183,0.3240327076041247,0.1648823827768668,0.1314949471653382,0.2099904716490945,0.19987530842951023,0.15266410206095554,0.1579852146219888,0.18003801590389815,0.37216317555226136,0.08466373061323457,0.20834237397613237,0.2015578662319276,0.3147499313588678,-0.08613384313467626,0.1996803633122951,-0.17338701289500538,-0.07621039663764557,0.03626753161432057,0.1288298389952556,-0.03650354931815037,-0.06113722925008709,-0.02686397222864622,-0.22298536776175323,-0.06499299612989212,0.31658713443850395
0.20546951645065553,0.26130834899589733,0.29439984795740776,0.3195512334416618,0.23900643989435963,0.3649911889631999,0.21401667109530195,0.32182484177243637,0.2812771872593607,0.30054398489288525,0.3860678754656503,0.301414867083063,0.2869028469267599,0.25158292238529284,0.3374331008663498,0.3077227840691514,0.9066855041785191,0.2666529970713477,0.3427026129240822,0.34465217229743883,0.17535534750362472,0.339999057010793,-0.014091586688295748,0.23051105006335523,0.28166883226772244,0.1939856113823352,0.21552903951393587,0.24658384372284858,0.41242622968808146,0.03108493410228147,0.2202402138176098,0.22217314757775877,0.24797254284077724,0.3327696274569368,0.22548797827855532,0.18667034538232014,0.3841750235811714,0.17672849405987714,0.40483478381569427,0.1530703992082412,0.2044080860666819,0.17262595551424748,0.3102371029613023,0.05927597801920386,0.2640615271390878,0.2354572831575513,0.46824568657087967,-0.05986151573922473,0.14899184005534544,0.1997195640728043,0.053140085738391935,0.04773556673754601,-0.0994054830705293,-0.10565778950704693,0.04927624098114477,-0.01678064313567677,-0.1747538867925278,-0.052791951031126216,0.16331325676249261
0.5281372263063719,0.6382875558972061,0.5008982938657509,0.18223744627961944,0.40390219874971284,0.2481517248945828,0.26098185225415926,0.41080891313489604,0.34012682175348047,0.3658023795434384,0.3227488880940981,0.2353205877474939,0.3582065914417233,0.18682153745414443,0.32563607634697206,0.21941362761392524,0.2666529970713477,0.9878594389774339,0.4134249761398921,0.007064761458169908,0.25806028907832784,0.28394036542915757,0.02220897600945849,0.2122322336160952,0.23748131422815624,0.33678356448659197,0.0738061163882282,0.22405794336555973,0.3857401713876023,0.07284106184902461,0.15230023536813292,0.20049381637135003,0.19771291210345054,0.24057672389988022,0.1537079732617271,0.22070446272985378,0.2572975465076826,0.1556783161518662,0.224297432083356,0.15782623089178496,0.15308161472528548,0.24339752824432132,0.20839442802388797,0.029928518040564976,0.2829638418178123,0.251930555041663,0.3194823082796312,-0.03704364986504896,0.02120234618638865,0.14395742285398058,0.28251257661368934,0.019611515746884762,-0.191883900460575,-0.15317683477539082,0.021038389151311482,0.03301058134054879,-0.13376762769780548,-0.07198449565214848,0.04866555912941564
0.44336519751023956,0.34574497877378774,0.30802735904551154,0.3036816787514833,0.6880932221923414,0.5098481773125013,0.1747184253795872,0.4671322813848584,0.31593245431555006,0.2781126236573425,0.3623353451766818,0.32976604112674807,0.33651872470550537,0.277213276612759,0.33794541605356204,0.31419307717359823,0.3427026129240822,0.4134249761398921,0.9487443833745637,0.10652858922913157,0.3202905506264142,0.34298668275109423,-0.044090137688339304,0.24969081575422686,0.27612033802651226,0.3049582538794835,0.1728228158256251,0.2810805307050509,0.20219459198486484,0.12841696834725455,0.19089208203186459,0.29969421660039586,0.2917034916377128,0.25189031580989707,0.08088647795671958,0.19597196093597508,0.1634521524159546,0.19685664096169875,0.3225299559447803,0.10798089444424154,0.16788492783770834,0.29255860106980675,0.2655332051726964,0.02738077316602161,0.3137139374125307,0.24432303024291332,0.29753692517326397,-0.014169731073518776,0.19846761699163964,0.14395155694376127,0.19260652541348433,0.36458812606648755,-0.3492684195310298,-0.1652024867007214,-0.07778978423794868,0.009711733920388389,-0.16266388919393596,-0.0013460880969015762,0.1717688615347606
0.06849187699131035,0.32284801231771465,0.22650916814311106,0.2864132321989899,-0.030487703423374885,0.463468383418845,0.0937088992598331,0.29103873400051755,0.15940876805151596,0.16738358408557688,0.2701636955799686,0.2324896883453431,0.21954999153346902,0.2532192223209497,0.18536600283722635,0.19854631027348588,0.34465217229743883,0.007064761458169908,0.10652858922913157,1.5953375842004631,0.036686056953497734,0.1653426766664838,-0.31032780006074195,0.2778641559880719,0.1862276602000617,0.37132436870319363,0.34261959245666124,0.20470972714576263,0.49030536084155524,0.49856944159505695,0.13347396297543565,0.1653897695127289,0.19971220255742905,0.24887089198002926,0.3799800006819791,-0.005189765431223759,0.7010749472568699,0.21256010480618764,0.17757803154042284,0.422068180229308,-0.019287552616833018,0.052857011192254555,0.22229728827464057,0.04426249888625162,0.20443636675400048,0.05661925525100984,0.13895316133848748,0.03181484964456267,0.5706234631418161,-0.20788049406085646,-0.17461172386484977,-0.22318936998857747,0.340583658052795,-0.02981512199862224,0.33515115728727674,-0.08319741750253144,-0.23257424347112057,-0.09227588987112045,0.3724444422830514
0.3338120291967688,0.23723221147115411,0.3887554791846304,0.2263616419950214,0.09882517145127333,0.43352629350472477,0.17341910238908145,0.24666804908570164,0.2649676140751066,0.18460115939519672,0.22072341351886343,0.2169389666867151,0.2117478553008259,0.2097525000737074,0.18534415428042178,0.1743719621401254,0.17535534750362472,0.25806028907832784,0.3202905506264142,0.036686056953497734,1.0736449982780696,0.21582101826162098,-0.014686986918717265,0.1214425589098596,0.16429865786007394,0.32422331962968043,0.09947255760189594,0.240988458969057,0.14477396332704434,-0.037122640416379325,0.12411998897613719,0.24582116387694655,0.047286938507262,0.1840117114382768,0.43024266667690175,0.030685499714684695,-0.03736237779785187,0.31750888563218593,0.23929799729413115,0.18547121384352208,0.13064146935599225,0.9989983421636152,0.15319933676460898,0.03490860356612468,0.6376268136588213,0.09789557626328588,0.5844641080718798,0.04528407588764061,-0.11637134752433181,-0.005679003973570133,0.0014147488903097946,0.21377895571646321,-0.08884965903358118,-0.06713365797975505,-0.2987907772756716,0.06427002260221877,-0.10372401281817534,0.027427220462244183,-0.0097536859181532
0.49587992635504285,0.30881593490413584,0.390543750674416,0.29423938560072643,0.3266604560620546,0.3354017894102782,0.2894581243497806,0.30757892771266604,0.40539741411518276,0.25087886615240795,0.30768169898717596,0.2885319005938133,0.3587482972746521,0.32487911537415703,0.26177468679414057,0.40509570866838046,0.339999057010793,0.28394036542915757,0.34298668275109423,0.1653426766664838,0.21582101826162098,0.8623412138718681,0.10733227336969699,0.2513356149779652,0.2541747782713707,0.27170097001209265,0.24543851176853548,0.20653625213855922,0.34613239558612924,0.12518632377226746,0.20932367031372365,0.314144454150144,0.30272940249057734,0.2366332220531482,0.21126614941867972,0.2695114529661853,0.16834088651507703,0.31714967591584864,0.25993635551867317,0.13210346510207238,0.1911003696581464,0.2188336924150259,0.5505599711288892,0.10322735798086001,0.2216602366477183,0.3766097735066435,0.37161738403086564,-0.2097862258290275,0.26957824801841734,-0.12191813639131495,-0.014716981126115327,0.022155486862442446,0.06540580963039934,-0.10793647325192479,-0.03884004102778846,0.039482946661752734,-0.20184776533711143,-0.08795235991012137,0.19873643106256636
0.07399778519494116,-0.12142075170564193,0.016620158531404236,-0.0008182434001004987,0.04383338191039105,-0.06799278210931567,0.03932857908968388,-0.044283192182137596,0.029117705196288573,-0.001744912631110795,-0.03672392707343662,0.008865944709859594,-0.044080427002722584,-0.023935476543145782,-0.02892346376535455,-0.015676004075483606,-0.014091586688295748,0.02220897600945849,-0.044090137688339304,-0.31032780006074195,-0.014686986918717265,0.10733227336969699,1.6687799218734665,0.01786242966395582,0.2605457672148926,-0.26103024198764746,-0.011921799970239422,-0.447297576412956,0.18782101178832641,0.11217440669775237,0.270254331528965,-0.040783096853679826,-0.022505222577511665,0.2602323565840852,-0.3869500706764604,0.7903927846455181,-0.11948088880903177,-0.0568853692668258,0.20882992283831436,-0.04648355542265229,0.3441309786649088,-0.03767514917585688,0.0803964737973929,0.23737190158737254,-0.39876907074809775,0.1114262112991945,0.10331013903309466,-0.041745293477143015,-0.37012340316261994,0.016805821025917822,-0.04507936890914075,0.14918435572867927,0.08714355635082649,0.01746215681053683,0.13646229232320584,0.00015519180724503,-0.015953604909208333,-0.016856911597821527,-0.04504229167786495
0.17835630624490614,0.19838233356154236,0.21131932874171966,0.2613898175876046,0.21327632393545148,0.26598904749704494,0.1665155628101371,0.21947366175585475,0.21503475884278267,0.19623288877199735,0.22654753164563188,0.21507688753713614,0.2380804034966211,0.22916080601284203,0.2266147387163129,0.2415889756119909,0.23051105006335523,0.2122322336160952,0.24969081575422686,0.2778641559880719,0.1214425589098596,0.2513356149779652,0.01786242966395582,0.5490612410252894,0.18691246960364882,0.20135716971584067,0.18265890666449167,0.23458760221761196,0.15651726644304115,0.4103610839437371,0.13694387801209656,0.24408475718663186,0.41946226773245887,0.1887726422959091,0.17429643191998054,0.22102014267575196,0.36310013994559726,0.151572752606419,0.18944168909217535,0.18901700581751482,0.1649482317183014,0.11743353845357618,0.2796084869974964,0.05081797993944122,0.133586344561344,0.12380307529007185,0.2288727403098258,-0.001831839107099525,0.335201728881713,-0.021057270866127683,-0.09441618497511407,0.12472977600412571,-0.006027140416520371,-0.06614422455094511,0.19594395686334648,-0.06677868477441616,-0.1667164324224772,-0.4824065346967516,0.6764877053567755
0.4171185833904743,0.24844849790202753,0.28575768578039634,0.2644063871573022,0.29691302442760853,0.23305511015624633,0.24052724186020483,0.32282756179858596,0.19933503321797427,0.2100818695404012,0.26084623739984614,0.2756582186018414,0.25428426254709946,0.23364190795881423,0.270051706055254,0.27701575641059706,0.28166883226772244,0.23748131422815624,0.27612033802651226,0.1862276602000617,0.16429865786007394,0.2541747782713707,0.2605457672148926,0.18691246960364882,0.7182604793560909,0.2477056066032581,0.1892039927159416,0.07227180436245152,0.29681674576883377,0.1599796569916912,0.16515582674698842,0.21087588347879718,0.14727591704028808,0.24960958042152936,0.14673272793110073,0.2638650159649657,0.10954955944838621,0.14401226666742395,0.20146463189371186,0.11102615185959706,0.149704286989368,0.15824842347168097,0.2535796054693152,0.08810979291385301,0.1811448263581299,0.1932976629637135,0.28157735515382915,-0.05955209211479872,-0.0293533364438293,-0.07093717367564409,0.01167551398915175,0.08805188698382813,0.05380833564865971,-0.052440232812758655,0.017150168576605847,0.012969409682720328,-0.13096544659448167,-0.012614954012491237,0.07516754484994581
0.43271292162743075,0.31602349294917376,0.3414916774482388,0.39421064697958796,0.3789968250345751,0.3437514329300958,0.30523424082107514,0.4565854695267081,0.333585622139281,0.22872895726749748,0.3571609048012175,0.3197482020460192,0.3373561405711661,0.35000962069675384,0.3035759147259294,0.2742131513423904,0.1939856113823352,0.33678356448659197,0.3049582538794835,0.37132436870319363,0.32422331962968043,0.27170097001209265,-0.26103024198764746,0.20135716971584067,0.2477056066032581,1.486037030582422,0.16807355927958872,0.21355699368102918,-0.16887204274128903,0.2701354969291755,0.026295017307629502,0.36375936598379954,0.2211971329139578,0.13231653025563556,0.23092746244306872,-0.01731748956485323,-0.0631636326281031,0.2474410635013051,-0.31634630328766156,0.2462687871748096,-0.0630253275148688,0.3342808149472655,0.4037448751332971,-0.00408146654183624,0.3520923067653692,0.1159279969348366,0.20681986843068567,-0.011027112809427175,0.26138698506458463,-0.2793829970954179,-0.18965082949106388,-0.05676187295976052,0.07891309277233549,-0.013690786431577262,-0.05225630763322465,0.020309941392349356,-0.21547027162316246,0.11364689552877072,0.12135895379249674
0.23968986339217577,0.2858134604583947,0.28865196807543014,0.27529886660994973,0.15284731553249414,0.21718034846292422,0.17700860891678324,0.23262468256873542,0.20459386635027163,0.20751624229162058,0.2315035393433417,0.2752476412968915,0.26228131962792234,0.23433096612878151,0.16949345144021877,0.2683471980643944,0.21552903951393587,0.0738061163882282,0.1728228158256251,0.34261959245666124,0.09947255760189594,0.24543851176853548,-0.011921799970239422,0.18265890666449167,0.1892039927159416,0.16807355927958872,0.8722947691856376,0.16749909692521045,0.1425236074448803,-0.007193161804654911,0.1804838876634507,0.24208647530323799,0.22862181545984195,0.272444724168908,0.24200830061211606,0.11009675211963424,0.23041420676229374,0.05089429308226218,0.1920170518026831,0.20463435400646993,0.08282622360146773,0.10511659456178879,0.30979988957634363,0.06884000040396868,0.09264242668122619,0.1650519145723103,0.1951904747440988,-0.039431606646260095,0.2722195796609119,-0.1334133243154217,-0.039488832713852166,0.09296767193759625,0.12860364483175307,-0.044646718491505366,0.12568443953937666,-0.018103810242488815,-0.09228167361348269,-0.007361630412212078,0.14333961372497314
0.09339105550849236,0.29478266051726365,0.2801108152974813,0.09521972761302469,0.029850361086608514,0.22593177586055038,0.07463483096776335,0.11365910392434211,0.20743329586679352,0.18447612809543748,0.20842989336570655,0.15206928304279915,0.1899511868549721,0.12744857551443264,0.24765162342540697,0.20072184816390898,0.24658384372284858,0.22405794336555973,0.2810805307050509,0.20470972714576263,0.240988458969057,0.20653625213855922,-0.447297576412956,0.23458760221761196,0.07227180436245152,0.21355699368102918,0.16749909692521045,1.2472938939147244,0.07341213473385581,0.05132874096633053,0.15261294074653825,0.21269726750297208,0.4781977506333146,0.025053728946633158,0.6142474872316681,0.14928656185620148,0.3376854931306732,0.12934568167246,0.14766273908307262,0.17236679254262532,0.1573521597703259,0.2400253655922992,0.2923832738108985,0.09434896907694403,0.4305279505996084,0.019059270825380666,0.09165323887898039,0.02228037666568149,0.10081779583224224,-0.0036635141850503345,0.0028471361198102777,0.7076723988117873,-0.8339919452766886,-0.02654647735211361,-0.07613298146801098,0.06563057826925545,-0.06682390372499794,-0.33951271401304367,0.2781569141250638
0.4812935940992163,0.6662140757088351,0.5096769366304005,0.24000743669948632,0.22698486969211562,0.3857340771455701,0.2031779420153029,0.3348487794482543,0.20965654922345825,0.3065775291547795,0.3149264364226001,0.28133178285139626,0.3308346630081024,0.2673804778873785,0.268642936713473,0.3056252612420971,0.41242622968808146,0.3857401713876023,0.20219459198486484,0.49030536084155524,0.14477396332704434,0.34613239558612924,0.18782101178832641,0.15651726644304115,0.29681674576883377,-0.16887204274128903,0.1425236074448803,0.07341213473385581,2.651909481393081,-0.052005151317818715,0.08683288566196959,0.22389264654488328,-0.20682858831902706,0.4746050853745895,0.4112937648883414,0.42959716959697214,-0.20478672892625435,-0.018751111975819013,0.6628610644325913,0.19111164232052436,0.3351785693427947,0.15785066563787087,-0.12236101111204015,0.045336793266886104,-0.12998623555881608,0.1650292124532819,0.5844432980040669,-0.13030295874450945,0.38658844372595436,0.47337601939348034,-0.3743371980888982,-0.10323151269613545,-0.10472066236790488,-0.00984904145641328,0.12057944945861207,-0.15337235613268865,-0.25589153974483414,0.109083025652747,0.19185389372953973
0.298284051948125,0.1318907430018804,0.15237496042509846,0.07470989692245672,0.2680446001554282,-0.05362058433710268,0.2667391771520454,0.1395242915862251,0.13298408351342655,0.128517056298987,0.06875225514635207,0.06749375469263709,0.10814950383054676,0.10748909310462051,0.2099069748403241,0.1285592166562114,0.03108493410228147,0.07284106184902461,0.12841696834725455,0.49856944159505695,-0.037122640416379325,0.12518632377226746,0.11217440669775237,0.4103610839437371,0.1599796569916912,0.2701354969291755,-0.007193161804654911,0.05132874096633053,-0.052005151317818715,3.347526023879428,0.2629685118794038,-0.01893691097203299,0.4182825490244656,-0.16478972265127842,0.1420161852472965,0.5387539834461555,0.502789254772261,0.05626195297639477,0.3750510757970359,0.30993666018742616,0.1327819371799682,-0.06746996128734263,0.22820830558334504,0.044562010097534493,0.36605215268243424,-0.09768737622254432,0.26924187084450873,0.11597068972215085,1.1808576349115185,-0.23026739511150443,-0.405972295612239,-0.07391359498495376,0.45817974100381886,-0.013025838756038079,0.48330412015616275,-0.026455959762683008,-0.373565077440349,-0.06128428648205702,0.3462824394015783
0.23270512147364042,0.15421093629338142,0.19738254220139106,0.1466748505192662,0.19274423596398974,0.14736547485927615,0.15983088573587567,0.14166675602225787,0.1885541175647472,0.18808463264406883,0.1669290589620956,0.1870046955859312,0.16187077315670087,0.126504071241967,0.1781248093392407,0.14819279458595253,0.2202402138176098,0.15230023536813292,0.19089208203186459,0.13347396297543565,0.12411998897613719,0.20932367031372365,0.270254331528965,0.13694387801209656,0.16515582674698842,0.026295017307629502,0.1804838876634507,0.15261294074653825,0.08683288566196959,0.2629685118794038,0.9756410130487032,0.11321434909653248,0.2635279758640971,0.3289872747951576,0.051377260163311914,0.6581226017858769,0.4145019060812851,0.2667341991324985,0.3872026162001824,0.07108704941010044,0.40893308412576196,0.10879006503744226,0.1790072624415176,0.07866884368293801,0.10476322987173958,0.22908710492438925,0.2638165607087466,-0.03383657558286961,-0.06750587136398574,0.14140232952370474,-0.07267362519249022,0.16380092888757972,-0.0012107153519787285,-0.07343248295944109,0.13886711247807637,0.05424358436527581,-0.048766939945870655,-0.060113781296634375,-0.07017343876122802
0.34537615255960485,0.21514516383573334,0.2777035113923756,0.38894162263584564,0.23257245392853326,0.31969391270961744,0.19431733731488882,0.2664520391789495,0.27098036085615246,0.21060693066678374,0.2599436298157933,0.2830960935007892,0.294245690363454,0.4164410700131292,0.2319684629287943,0.3255934336912392,0.22217314757775877,0.20049381637135003,0.29969421660039586,0.1653897695127289,0.24582116387694655,0.314144454150144,-0.040783096853679826,0.24408475718663186,0.21087588347879718,0.36375936598379954,0.24208647530323799,0.21269726750297208,0.22389264654488328,-0.01893691097203299,0.11321434909653248,0.6431486191359473,0.16245681669745374,0.19339143841787182,0.13873772409083002,0.0951267223824109,-0.008635314476597225,0.24466104269919073,0.11740168777877048,0.12225553048440926,0.12278258692015945,0.24306717282479942,0.30381905188402125,0.04831423088085325,0.22148691648233093,0.18393501812625104,0.3407480808342652,-0.06379600999530294,0.15691648075039535,-0.05797597717014659,-0.00010594283143299595,0.2679560896300398,-0.20957020467918588,-0.02068555637446569,-0.23412480415147532,0.030529537576476765,0.10072143920639887,-0.16833229527839813,0.13905690750183342
0.23228150167597228,0.2101581204987638,0.1680648296192427,0.26182248805880104,0.3600220562425486,0.15298027258085817,0.22316225590604738,0.16223532190260267,0.24039988700685083,0.1510041903838423,0.19413494643971985,0.20908862209292248,0.24592626035353862,0.16965266786970015,0.23657077061332377,0.18823982021737448,0.24797254284077724,0.19771291210345054,0.2917034916377128,0.19971220255742905,0.047286938507262,0.30272940249057734,-0.022505222577511665,0.41946226773245887,0.14727591704028808,0.2211971329139578,0.22862181545984195,0.4781977506333146,-0.20682858831902706,0.4182825490244656,0.2635279758640971,0.16245681669745374,1.5942965499132236,-0.16793722867085112,-0.42914832119612933,0.1900894840688061,0.7213247233161768,0.011911764321268413,0.02056722062263439,-0.009147510279993528,0.11332209503216985,0.03310968601427759,0.49140296450343895,0.02709564494434468,0.07855172933492005,0.12495052877357068,0.07755986764068402,0.04901278192871572,0.36388563248309536,0.1207960405468319,-0.21660975381611478,0.2658129836592426,-0.2174412700594634,-0.12974552978071743,0.39710747001161106,0.025957975073559247,-0.30184276192502113,-0.3340864640595421,0.5006404286772301
-0.08435224163177718,0.2613438781670613,0.4387098449403842,0.40360456242710496,0.09600753588614341,0.34086042443473463,0.1797824804702208,0.3028068404314692,0.2996287992314559,0.37935627348069145,0.3044094473045484,0.31334937606729263,0.28902263708824444,0.1856500457349876,0.2553754933952143,0.23224831876305183,0.3327696274569368,0.24057672389988022,0.25189031580989707,0.24887089198002926,0.1840117114382768,0.2366332220531482,0.2602323565840852,0.1887726422959091,0.24960958042152936,0.13231653025563556,0.272444724168908,0.025053728946633158,0.4746050853745895,-0.16478972265127842,0.3289872747951576,0.19339143841787182,-0.16793722867085112,2.275560531906071,0.6217890025756193,0.5096969799906146,0.5155324435391923,-0.20536457688652263,0.5868139634455115,-0.034483126922298976,0.39029714685123773,0.17745405750010895,0.26499006210741965,0.05813958284675486,0.30873399354071834,0.14115574765839328,0.3585586533180087,-0.10529634602792354,-0.2109227242291163,-0.35696856216730233,0.23007987344043065,-0.06274681627656492,0.2254433351320265,-0.06684862089983663,-0.16276303462212685,0.046148522689012136,-0.2106899189337149,-0.05133385768482447,0.1167594762155657
