0.7014284785797238,0.34010229060595204,0.5310609293905117,0.09259226037647171,0.07979442799998988,0.19212637402146793,0.23023984301964268,0.04005178691642742,0.22776849627504833,0.15518544425864939,0.1586678729743148,0.1979020808190093,0.1440325437819992,0.19662062730629803,0.17246666044973608,0.08250354707588248,0.1310614009974903,0.1330706649100309,0.10396448402422263,0.1533793876438165,0.13946368556615485,0.15907900590526838,0.12511354260974136,0.1119442805816014,0.13959638322153853,0.15054100959066932,0.10088432062927759,0.1356710885376706,0.1951074973355278,0.08561255228679981,0.12773306216517707,0.08885964683782989,0.12888187824030167,0.05175448977533069,0.10768694320131114,0.18445787949473896,0.15391053749957334,0.0955050925085397,0.14699832129787407,0.0977117162402459,0.11623472923084252,0.12465102968757134,0.11023886971773848,0.14437838404118247,0.1290012431559989,0.13890798220797976,0.09787156640919562,0.008952189042283879,0.05305973647239887
0.34010229060595204,1.5317952662511107,1.0161549656519138,0.2169761773333414,0.16223498340098177,0.4647563510625625,0.34672441086327693,0.34426089299771434,0.477612918513551,0.35749111040448756,0.3815082198965359,0.3696151249410805,0.3899613112839186,0.32444009292200415,0.4127916422285768,0.1532208295469239,0.30926445799371777,0.3960324914387576,0.2196741332218194,0.4884963652676578,0.3143962690009134,0.31158135652157304,0.10933093635390555,0.3781760511481938,0.3165002488476521,0.44549146136636797,0.3030999984830554,0.34074177642807296,0.483777275363395,0.19922833560313338,0.26906075743010205,0.37155696043667447,0.32542643751141437,0.3645799491767902,0.3158232948770943,0.301049480423878,0.46556082978886015,0.28148024002263217,0.28183109502814624,0.1832245182588709,0.1883452703054493,0.29563372035983493,0.43307236468465643,0.1993369592737254,0.4975152814963986,0.24016570355086253,0.2994323377430164,0.032638596397517164,0.05346188002362949
0.5310609293905117,1.0161549656519138,2.0278212449500326,0.19574823681559445,-0.10325091920566211,0.5906982040553014,0.4142557081105006,0.5256615609254809,0.6803297642486843,0.4833882013403173,0.4235618753972815,0.3959334857008543,0.410520868665838,0.4077924919738088,0.47190615034240463,0.12929811938019606,0.33551727445659096,0.4102958108248093,0.3943660035364043,0.35453901154086903,0.37741828405933964,0.43373204266811044,0.2330816330490265,0.4762945826351436,0.39197020125107734,0.46219493555963215,0.25781240638547337,0.30879337675029644,0.6260729656431689,0.13075200750191682,0.287045566226555,0.4042098255382824,0.3310754541672847,0.45168470071955114,0.557004748265951,0.4287625461833662,0.4148533385308864,0.23880509488833102,0.3834814972610718,0.11833475139389364,0.1523724083507071,0.3411787453501427,0.3278824394736265,0.28444994101705245,0.5021875953513161,0.4248299225211301,0.28205838105690395,-0.024684727305098398,-0.25136122951837375
0.09259226037647171,0.2169761773333414,0.19574823681559445,1.050717420573707,0.7997468628689168,0.6423359404952887,0.42631865509401634,0.4600086197787327,0.3418734858961346,0.2841229629846289,0.43247928210840014,0.4521647090621025,0.44859123287708813,0.42107032218396967,0.3251787203658052,0.5071193138336263,0.35172288892117826,0.33691753102708855,0.30846152501698837,0.38259793626355504,0.3352282635906794,0.42277781042523227,0.3758319997714024,0.46420260662291923,0.41550911580661665,0.3422763696065232,0.35908481954971816,0.21769112113378872,0.4810029992007995,0.367256544861542,0.3365486989090542,0.46055279918018877,0.2971194689689903,0.5518665645339947,0.07907142913009982,0.37969335825428424,0.34384194176496685,0.23864556929420927,0.49196679188618164,0.26135388539370374,0.20116055495365748,0.32804551429384476,0.31586633889003835,0.496020297555272,0.1082472130287689,0.14048451152099845,0.35199744296569113,0.09959281203743145,0.618798318908722
0.07979442799998988,0.16223498340098177,-0.10325091920566211,0.7997468628689168,1.5135137604833289,0.7419530436927323,0.4505014465614262,0.4492498649256917,0.30427969434065644,0.28895555190439187,0.49729747527032825,0.513366034768515,0.522312835646898,0.41835813516478304,0.38908440474768713,0.6748426537102772,0.39906198173913937,0.39034197547348476,0.3584354340066277,0.47293679674566313,0.3821495873935914,0.472563089723607,0.4734947984373465,0.5167755693092891,0.4735024080416293,0.3284941924671781,0.4360779428766524,0.22668944658402934,0.5537119345613332,0.46378865604310887,0.40411643524874735,0.5435161193849192,0.31034328231286534,0.6887696232902066,0.016375963428033165,0.47891048897284516,0.38940676637310107,0.2946747190043589,0.6112050916110777,0.32633688162578806,0.26119406509483223,0.3894481493966445,0.2950304496438671,0.5446123757052218,0.01602446893514914,0.1121861990470437,0.4247353291088335,0.1645504663471705,0.9672588450469215
0.19212637402146793,0.4647563510625625,0.5906982040553014,0.6423359404952887,0.7419530436927323,1.150008799612805,0.41866970627964667,0.611573210705553,0.47140036193530366,0.2997824897126378,0.5556856934129507,0.5165435531012463,0.5455810414143866,0.48735313504124966,0.4508606756248117,0.5138407044890567,0.45350332635039,0.4347816312551738,0.47254432454614187,0.5152102272375277,0.45370128807230464,0.5072092181516261,0.34320400804354234,0.5612199788482013,0.508035345534287,0.4605486007184723,0.4453990839595944,0.3295481237948285,0.66217636899057,0.36135874025624487,0.3999856485299865,0.6206085614872846,0.32509904203651196,0.683932451421873,0.33384720949496693,0.4462548150907068,0.4184999857940362,0.31838375366957605,0.5960169624628167,0.32797881357306713,0.10827726868926302,0.42827879167427463,0.437638302698725,0.501326454988406,0.3623893081875858,0.18278966226433363,0.3971325167795752,0.16757544823033835,0.48045018192247696
0.23023984301964268,0.34672441086327693,0.4142557081105006,0.42631865509401634,0.4505014465614262,0.41866970627964667,0.6507531216690795,0.2521178312574187,0.3657047691731547,0.24909022930302638,0.366606035198747,0.45882521058092945,0.34533421179227447,0.30083706343426975,0.2519089261279897,0.3752516692883739,0.29608183201956406,0.26953770881253664,0.2914628091566905,0.3183839475197172,0.30230028734944786,0.3757335348837063,0.2974463604876154,0.37401288934159493,0.3309667383079269,0.29513353943859394,0.29131784671107,0.18182474251763206,0.37080905224141253,0.26597582451072915,0.2919729211810548,0.34220507093392816,0.28313814951053007,0.43011475077956907,0.234830754237551,0.3441399553601297,0.31614241807212706,0.19603923034562995,0.4111780251819861,0.22880701160306935,0.1482325230635361,0.29274536636081533,0.2564570813460413,0.3286379652584668,0.201102254988317,0.12828867126281376,0.25659805902802196,0.1253933775741783,0.40537613799746813
0.04005178691642742,0.34426089299771434,0.5256615609254809,0.4600086197787327,0.4492498649256917,0.611573210705553,0.2521178312574187,1.1395415123118646,0.3174266634525392,0.3435132488736867,0.4008815662637481,0.24671248723520228,0.4460095725021506,0.39831629278390035,0.3093145506181238,0.3427782376750531,0.30665969565556817,0.3951415509175815,0.3470074123386684,0.3175881476514865,0.32919911644857397,0.36778718992192927,0.28285068880593855,0.4218106664416264,0.4425101636455147,0.4819634323680173,0.315039370720177,0.04508170351555321,0.46726538299118325,0.288096311953704,0.26371614608041033,0.41266792275516245,0.24697564291999172,0.5456466683737454,0.5012012246165177,0.23664669718993706,0.33246240505350483,0.20041411063587844,0.43606414146300915,0.23272037141059182,0.09983678619611815,0.3203809943638765,0.38671316978775283,0.25355990936991635,0.35886223872913464,0.1294228245184298,0.35422716670792587,0.13626724905422893,0.3014199488172101
0.22776849627504833,0.477612918513551,0.6803297642486843,0.3418734858961346,0.30427969434065644,0.47140036193530366,0.3657047691731547,0.3174266634525392,0.9528744084527474,0.4035688524882282,0.3254411844192084,0.31592777596784394,0.3798661144428131,0.377856919017236,0.31640596342027094,0.18003635951040853,0.27820443392350575,0.3309394957058229,0.2913143447576947,0.26730390869795556,0.3101117985470276,0.5108227461941108,0.34383136677355874,0.41252740963046597,0.30377362055900126,0.41146889157163874,0.23417344377102417,0.23208872817540782,0.41927560809386166,0.2592330817138514,0.2784056334709639,0.35216242127788494,0.3044978853883965,0.39710941635739666,0.21123095458236252,0.35884973097781353,0.2963498452608469,0.17840459816520898,0.4003685822099658,0.19862625487889932,0.1723744922798725,0.28389229584365444,0.24932110154284107,0.3669397492207597,0.1838268133192504,0.20859164492385274,0.2871075453823498,0.07942559770860427,0.2641932763110557
0.15518544425864939,0.35749111040448756,0.4833882013403173,0.2841229629846289,0.28895555190439187,0.2997824897126378,0.24909022930302638,0.3435132488736867,0.4035688524882282,0.8973522742364767,0.28165731121071286,0.30375143166696617,0.3183138060278366,0.28863684734753225,0.34720487352400964,0.35469030794371026,0.2967341763339044,0.39092137785105957,0.36267881565585414,0.14314976833861284,0.2623338444056056,0.3961040005278446,0.41219365571742966,0.412045261211717,0.3398061628017481,0.23014000009857916,0.23048073057111212,0.19772548926066139,0.4061123267050372,0.3747445728404856,0.2571713080374807,0.2838494934310849,0.2758262995254951,0.45340903327787374,0.3337249783152893,0.35700609891911733,0.31157935435943224,0.11697744601272986,0.46562434381059015,0.2020735548130045,0.28558846308977215,0.25474989615248306,0.2374477785305436,0.42688614692781085,0.027801118756254014,0.216744952251871,0.39113296050667057,0.06159545183873173,0.5250623090067924
0.1586678729743148,0.3815082198965359,0.4235618753972815,0.43247928210840014,0.49729747527032825,0.5556856934129507,0.366606035198747,0.4008815662637481,0.3254411844192084,0.28165731121071286,0.6847954692724957,0.4987611016906041,0.5580630823393451,0.35380610711797317,0.39992657565919004,0.44932927160300756,0.4191484964016216,0.39113542360697523,0.35333980696259376,0.4507616748872266,0.38593814059216835,0.40085070080780516,0.2989064035535724,0.460002501490651,0.4174475963316097,0.4024418713381279,0.3979132186962219,0.3018127303981315,0.48290570818488054,0.3318685449028321,0.3759833742006692,0.42917132115234025,0.37587786297246234,0.5054475860652243,0.40514341404026055,0.41201559541476296,0.41377787628984475,0.2691452470407951,0.4795676666172282,0.3038750534949481,0.2010053820371808,0.38150063449780347,0.3584452722519544,0.3540972696797855,0.2682910188931229,0.16835772764663642,0.360957406907208,0.1514286918577828,0.4977401029343041
0.1979020808190093,0.3696151249410805,0.3959334857008543,0.4521647090621025,0.513366034768515,0.5165435531012463,0.45882521058092945,0.24671248723520228,0.31592777596784394,0.30375143166696617,0.4987611016906041,0.830782409532535,0.4124431048405689,0.35964003727018407,0.3754801794246441,0.43171436827765025,0.3710434185798452,0.30369189421484716,0.34111549991494805,0.4019053302790281,0.36115458573410336,0.36805694266433814,0.33636100118927337,0.43032155597045174,0.4350584387022032,0.36814255684657404,0.4095565963701512,0.16548620488315202,0.453141199925796,0.32149304461481054,0.3712808765525428,0.4170210230007191,0.3596310040810723,0.501324027019471,0.38990808017748496,0.41952247256022634,0.3639811655414385,0.24122439444806548,0.4979466273460372,0.31089676201848165,0.16142805122026474,0.36261604559880045,0.30799346716724735,0.30897411733405905,0.2702874913363239,0.12227822485681836,0.33034979381576624,0.18667115642821602,0.5638477445348801
0.1440325437819992,0.3899613112839186,0.410520868665838,0.44859123287708813,0.522312835646898,0.5455810414143866,0.34533421179227447,0.4460095725021506,0.3798661144428131,0.3183138060278366,0.5580630823393451,0.4124431048405689,0.9408758369320872,0.3603329731332065,0.31488381727452197,0.5444138437456129,0.37340515527391693,0.4450031320315575,0.37917437737659476,0.39020204400834935,0.369499668242416,0.5256570464787608,0.2965336769428898,0.5365018583215556,0.4281356116067763,0.48208825484767687,0.43753799486424255,0.3067878981679749,0.513198097322297,0.3839730715330926,0.34254119451766524,0.46596289786879247,0.44332525623073404,0.4998854735646231,0.47999811658382935,0.3529221419657162,0.3988896187661534,0.2464796924585093,0.4165061662692047,0.2903119966253601,0.22793001431702417,0.37707621715247724,0.42741761570707004,0.3954721789549547,0.1549301691099704,0.1801571120405531,0.399294043399019,0.09495254600736215,0.6160682376991687
0.19662062730629803,0.32444009292200415,0.4077924919738088,0.42107032218396967,0.41835813516478304,0.48735313504124966,0.30083706343426975,0.39831629278390035,0.377856919017236,0.28863684734753225,0.35380610711797317,0.35964003727018407,0.3603329731332065,0.7426806360725319,0.3643454200743071,0.32084272749353426,0.3649004331370246,0.26654799462849826,0.2847490807787576,0.36573108448366637,0.3231520881846663,0.3393575535754371,0.29721467722809536,0.3789215069764303,0.35248876001591284,0.32767172077419127,0.2872537150156582,0.30281532135016326,0.4252598317670716,0.31475919698480936,0.3177223061572274,0.33979367373556696,0.27846046173874406,0.4204232374122761,0.24970649962168337,0.4207452493012165,0.35812680522635265,0.2188275992691922,0.42049181601376523,0.24546504720523937,0.2534197767529074,0.3146661061158771,0.3004706419978783,0.36454607179281956,0.20616482195924682,0.16876023092030984,0.31003321814571216,0.1017970905407119,0.4796228539835609
0.17246666044973608,0.4127916422285768,0.47190615034240463,0.3251787203658052,0.38908440474768713,0.4508606756248117,0.2519089261279897,0.3093145506181238,0.31640596342027094,0.34720487352400964,0.39992657565919004,0.3754801794246441,0.31488381727452197,0.3643454200743071,0.7706822965003933,0.28551348665551657,0.3562635320044796,0.38522065785580095,0.3691473900271839,0.368016423578584,0.37087949238969625,0.27105924342036447,0.3321030032745798,0.4154210198297986,0.4279662559278122,0.21450773019316094,0.2988415692658943,0.36570802013306913,0.4930571304210966,0.3689510030780529,0.33778881353255896,0.37303714382480224,0.3320200402123474,0.4767521040862726,0.2676922496540097,0.4967232002521592,0.380497417045572,0.20956269331961846,0.4792614009736057,0.24508963323993804,0.26987606224531535,0.3380053043633107,0.25603203277033554,0.3988476579551886,0.17578207978400168,0.26248720613344606,0.34886737331231643,0.07506860353337144,0.4334644878791472
0.08250354707588248,0.1532208295469239,0.12929811938019606,0.5071193138336263,0.6748426537102772,0.5138407044890567,0.3752516692883739,0.3427782376750531,0.18003635951040853,0.35469030794371026,0.44932927160300756,0.43171436827765025,0.5444138437456129,0.32084272749353426,0.28551348665551657,1.4333688253626256,0.5023684503129662,0.3767294223586992,0.763010661221542,0.32165164251588946,0.4559191453133707,0.7156263101809995,0.329082543398786,0.573618020612369,0.5413215003853402,0.22161100176136989,0.5050495891032789,0.4036915052453108,0.49843874673987104,0.6114779340118237,0.3761254104178611,0.5686806614961819,0.4504407512683043,0.6437712560273766,0.7882782501399428,0.4351896349201013,0.4643938111210123,0.2044534431704214,0.6503021975342475,0.3889906592880646,0.2459933457512698,0.5025612986802663,0.4491151656007609,0.6027398104138664,0.12473880654007755,0.16284400023150952,0.48638938676972293,0.16313606043734696,0.8168301700489267
0.1310614009974903,0.30926445799371777,0.33551727445659096,0.35172288892117826,0.39906198173913937,0.45350332635039,0.29608183201956406,0.30665969565556817,0.27820443392350575,0.2967341763339044,0.4191484964016216,0.3710434185798452,0.37340515527391693,0.3649004331370246,0.3562635320044796,0.5023684503129662,1.1012565261280516,0.25707669102473873,0.4994000927383067,0.551292039478366,0.4719263623549822,0.3914854951902523,0.27161225509449227,0.41806261606735934,0.417689523164498,0.24269975365212826,0.40582203912679266,0.7443263363394486,0.3756598518012505,0.43484065221406715,0.4643622535741595,0.34562115014354966,0.49933847760506467,0.44065884782200077,0.3842423517412745,0.6083174530203754,0.6337371565428119,0.31733089973474365,0.6160267444145525,0.3796734688198758,0.35089586516742793,0.49271742724258377,0.3809564147768403,0.5575731123925151,0.3757758256658938,0.1762616533441141,0.3712586924981957,0.1765237100170152,0.6123959464808445
0.1330706649100309,0.3960324914387576,0.4102958108248093,0.33691753102708855,0.39034197547348476,0.4347816312551738,0.26953770881253664,0.3951415509175815,0.3309394957058229,0.39092137785105957,0.39113542360697523,0.30369189421484716,0.4450031320315575,0.26654799462849826,0.38522065785580095,0.3767294223586992,0.25707669102473873,0.8599414511000308,0.38790720186723543,0.1421734493837395,0.3378965017884421,0.39601174623617347,0.3281282604143392,0.4408471776390115,0.3756970602409646,0.3544028489446259,0.2840342937122212,0.30605315369165337,0.445112912674355,0.2577013444855465,0.26776196420134624,0.3414238786117395,0.36750869307192846,0.4809948089334367,0.3715237464113898,0.2887024301170568,0.39432599801174484,0.11709821670800429,0.34968744240028693,0.22210769789536405,0.15419505863771188,0.28052135026328107,0.500083784375352,0.36062101193094304,0.29166785959646097,0.23240362499985834,0.4407529528135751,0.019015952568571193,0.16732497963395765
0.10396448402422263,0.2196741332218194,0.3943660035364043,0.30846152501698837,0.3584354340066277,0.47254432454614187,0.2914628091566905,0.3470074123386684,0.2913143447576947,0.36267881565585414,0.35333980696259376,0.34111549991494805,0.37917437737659476,0.2847490807787576,0.3691473900271839,0.763010661221542,0.4994000927383067,0.38790720186723543,1.6387993221600379,0.2694522021317183,0.5424327816273112,0.552229287183743,0.11780331584754357,0.5285123317625346,0.3891778599959736,0.03245174270305702,0.38277572628200196,0.5323290097564615,0.4739877880537956,0.6117515137610495,0.4159982082150629,0.5316319946389456,0.5346969896546554,0.5598721584127722,0.5979223019996572,0.6017815451061065,0.533936394310124,0.2276795761457231,0.7593205115761437,0.2544586264150764,0.2582073847166986,0.4800559396103353,0.2676633616414202,0.41287650410667165,0.2760910094499424,0.21110887833597825,0.4441493220717343,0.3964950460978393,0.6311919251444117
0.1533793876438165,0.4884963652676578,0.35453901154086903,0.38259793626355504,0.47293679674566313,0.5152102272375277,0.3183839475197172,0.3175881476514865,0.26730390869795556,0.14314976833861284,0.4507616748872266,0.4019053302790281,0.39020204400834935,0.36573108448366637,0.368016423578584,0.32165164251588946,0.551292039478366,0.1421734493837395,0.2694522021317183,1.2403133660640357,0.30646085334233986,0.2594545654893429,0.14455293281489515,0.42593494363484136,0.37401839396817077,0.3685068231284203,0.5135608523604638,0.49395546062435086,0.3593534845147321,0.48966061704741537,0.43943743646420097,0.5400753824523776,0.45572596855527187,0.4421859902578117,0.12684533677400936,0.33528832630037586,0.7457724100229067,0.6154413467659973,0.5015429633362745,0.43609123583327225,0.25503067328377654,0.36193543508267123,0.7843490951492427,0.31091259372542884,0.8241228571711685,0.007559548227975897,0.38172204671239546,0.3899299540594893,0.587426267777557
0.13946368556615485,0.3143962690009134,0.37741828405933964,0.3352282635906794,0.3821495873935914,0.45370128807230464,0.30230028734944786,0.32919911644857397,0.3101117985470276,0.2623338444056056,0.38593814059216835,0.36115458573410336,0.369499668242416,0.3231520881846663,0.37087949238969625,0.4559191453133707,0.4719263623549822,0.3378965017884421,0.5424327816273112,0.30646085334233986,0.7648853460899551,0.39738532432141654,0.3039561721012447,0.3827464364228685,0.38711336382476136,0.14566817949122668,0.3045158487256705,0.39716558154896947,0.4329978854418877,0.4435525465200496,0.4572360646168599,0.3255222640439731,0.46353727205179424,0.4741967793929491,0.4864967386079341,0.5481395939561885,0.5544153606014429,0.21183290538226193,0.6246746112304484,0.4098122111344167,0.23013810436381407,0.584107285270354,0.3451250315578304,0.43973517179996463,0.5471855166063005,0.18400052953818447,0.3872774441465839,0.16155574677484805,0.3503848561251441
0.15907900590526838,0.31158135652157304,0.43373204266811044,0.42277781042523227,0.472563089723607,0.5072092181516261,0.3757335348837063,0.36778718992192927,0.5108227461941108,0.3961040005278446,0.40085070080780516,0.36805694266433814,0.5256570464787608,0.3393575535754371,0.27105924342036447,0.7156263101809995,0.3914854951902523,0.39601174623617347,0.552229287183743,0.2594545654893429,0.39738532432141654,0.9373932155694681,0.41146506454005216,0.4858744220275728,0.43348267813419483,0.3110003401625232,0.36514954632522967,0.26501564963249336,0.5052195590615943,0.4362470480495719,0.33453236890754295,0.468083616784805,0.3701268909557552,0.55561138965604,0.4771551909291176,0.37386149093587295,0.37384270964085287,0.1796259998973287,0.5621334314542402,0.2858439224857955,0.20358691605986645,0.3987714622573979,0.3651602957691825,0.5250480498966199,0.10013023590665869,0.20512501955853082,0.4102272100010655,0.13603108340561765,0.5740845608612378
0.12511354260974136,0.10933093635390555,0.2330816330490265,0.3758319997714024,0.4734947984373465,0.34320400804354234,0.2974463604876154,0.28285068880593855,0.34383136677355874,0.41219365571742966,0.2989064035535724,0.33636100118927337,0.2965336769428898,0.29721467722809536,0.3321030032745798,0.329082543398786,0.27161225509449227,0.3281282604143392,0.11780331584754357,0.14455293281489515,0.3039561721012447,0.41146506454005216,1.3670111308502766,0.3966591639167655,0.5548040531660415,0.046413623836277784,0.13553824446086665,-0.11511051813901661,0.47432709558496333,0.5149417992751649,0.3854356712441186,0.08884757184260847,0.3044211696295157,0.525715303471096,0.1642189003535249,0.5742770104038315,0.41455942464752804,0.06089546645354715,0.7631691815056535,0.4583941698048468,0.21666777753468094,0.2804478397472629,0.2113307763037901,0.8746598392885969,-0.08637094039508854,0.30336521150782786,0.4035288847146024,0.2349012882180037,0.6970288302491308
0.1119442805816014,0.3781760511481938,0.4762945826351436,0.46420260662291923,0.5167755693092891,0.5612199788482013,0.37401288934159493,0.4218106664416264,0.41252740963046597,0.412045261211717,0.460002501490651,0.43032155597045174,0.5365018583215556,0.3789215069764303,0.4154210198297986,0.573618020612369,0.41806261606735934,0.4408471776390115,0.5285123317625346,0.42593494363484136,0.3827464364228685,0.4858744220275728,0.3966591639167655,1.3881841787837919,0.5246652398940341,0.27841937533498917,0.46333662782511037,0.3551449449184579,0.5846487689683356,0.8317507627022885,0.31520961979790046,0.9127962833112904,0.8412492637122239,0.5870414938585574,0.5811847028744317,0.5270918311954653,0.5339930491761303,0.2825901088997798,0.5014401509844825,0.28181551284830686,0.240727799374968,0.43813205611896355,0.4074752527827421,0.5028978079364076,0.016287503837238215,0.2621297398777013,0.5632050995818251,-0.04847214128837411,0.9672672033902063
0.13959638322153853,0.3165002488476521,0.39197020125107734,0.41550911580661665,0.4735024080416293,0.508035345534287,0.3309667383079269,0.4425101636455147,0.30377362055900126,0.3398061628017481,0.4174475963316097,0.4350584387022032,0.4281356116067763,0.35248876001591284,0.4279662559278122,0.5413215003853402,0.417689523164498,0.3756970602409646,0.3891778599959736,0.37401839396817077,0.38711336382476136,0.43348267813419483,0.5548040531660415,0.5246652398940341,1.0714210519527467,0.24444779170233677,0.36683558421204354,0.22825279711092755,0.6466468453621956,0.5707998249694071,0.36165099539067813,0.44550854217900926,0.38035285486958714,0.6328001878070285,0.4699625696012802,0.48947247695543056,0.48594887609310383,0.23767083942196598,0.6183284879103788,0.31992098394264745,0.23948371077480746,0.3927937268921715,0.3930111120041026,0.5683190768587966,0.24042848923001314,0.2728110176378597,0.4584798289362046,0.015081885113303784,0.49741697464592033
0.15054100959066932,0.44549146136636797,0.46219493555963215,0.3422763696065232,0.3284941924671781,0.4605486007184723,0.29513353943859394,0.4819634323680173,0.41146889157163874,0.23014000009857916,0.4024418713381279,0.36814255684657404,0.48208825484767687,0.32767172077419127,0.21450773019316094,0.22161100176136989,0.24269975365212826,0.3544028489446259,0.03245174270305702,0.3685068231284203,0.14566817949122668,0.3110003401625232,0.046413623836277784,0.27841937533498917,0.24444779170233677,2.149996330195803,0.2955363650547859,0.3696022946755041,-0.04573814802044354,-0.04751988333772561,0.2773562578097337,0.3201167561042736,0.2912490595895805,0.2992631792635526,0.40071937741019303,0.09045563134046382,-0.003518947732469801,0.23220192407285484,-0.5028789087136406,0.1677896947149298,0.426917401314469,0.2768680679348466,0.6634541997173287,0.10345648937637812,0.23736536328189708,0.014057434500826778,0.13228803185246804,0.25385339490972997,0.1729583936193686
0.10088432062927759,0.3030999984830554,0.25781240638547337,0.35908481954971816,0.4360779428766524,0.4453990839595944,0.29131784671107,0.315039370720177,0.23417344377102417,0.23048073057111212,0.3979132186962219,0.4095565963701512,0.43753799486424255,0.2872537150156582,0.2988415692658943,0.5050495891032789,0.40582203912679266,0.2840342937122212,0.38277572628200196,0.5135608523604638,0.3045158487256705,0.36514954632522967,0.13553824446086665,0.46333662782511037,0.36683558421204354,0.2955363650547859,0.8756475634606483,0.4125272848238707,0.4208273545682464,0.39458153958223163,0.3606242910995289,0.6899919648965367,0.43827803413846705,0.46356170728091356,0.3814936923752642,0.49905910723785096,0.35064763864012266,0.3192453930766642,0.39739767421952327,0.27978386830478547,0.271570677639977,0.3494368097403062,0.44772445705752406,0.16568247391251745,0.30155964883622943,0.03455359247746367,0.31875501756858554,0.17286701991140235,0.7111986739804699
0.1356710885376706,0.34074177642807296,0.30879337675029644,0.21769112113378872,0.22668944658402934,0.3295481237948285,0.18182474251763206,0.04508170351555321,0.23208872817540782,0.19772548926066139,0.3018127303981315,0.16548620488315202,0.3067878981679749,0.30281532135016326,0.36570802013306913,0.4036915052453108,0.7443263363394486,0.30605315369165337,0.5323290097564615,0.49395546062435086,0.39716558154896947,0.26501564963249336,-0.11511051813901661,0.3551449449184579,0.22825279711092755,0.3696022946755041,0.4125272848238707,2.061875073541975,0.1467323880963781,0.25542473622495737,0.5080646842458851,0.43593680175645805,0.5459782904919893,0.27145918788071816,0.16210159162317345,0.9695891347509399,0.3832033420067732,0.33148656715981345,0.3464442853254034,0.24611326039941062,0.7192139197163427,0.3814417022968611,0.1699052069230672,0.911059509189512,-0.16620982727729025,0.199442227388807,0.16607834660188092,0.07782675503556569,0.7996629859405264
0.1951074973355278,0.483777275363395,0.6260729656431689,0.4810029992007995,0.5537119345613332,0.66217636899057,0.37080905224141253,0.46726538299118325,0.41927560809386166,0.4061123267050372,0.48290570818488054,0.453141199925796,0.513198097322297,0.4252598317670716,0.4930571304210966,0.49843874673987104,0.3756598518012505,0.445112912674355,0.4739877880537956,0.3593534845147321,0.4329978854418877,0.5052195590615943,0.47432709558496333,0.5846487689683356,0.6466468453621956,-0.04573814802044354,0.4208273545682464,0.1467323880963781,2.9741069429461113,0.40003822503950304,0.1240631248420219,0.8821441785871909,-0.07209330535854379,0.7651986061849941,-0.003683262791306385,1.062133526879061,-0.09983992323375736,0.16751788063310644,0.8340773163050054,0.22478172767054383,0.4888319211926847,0.3114023475522814,-0.08845528092674956,-0.13461296074569615,0.310024094555789,0.5211156503839337,0.4352660679839613,-0.5890411997123989,0.8068014371596876
0.08561255228679981,0.19922833560313338,0.13075200750191682,0.367256544861542,0.46378865604310887,0.36135874025624487,0.26597582451072915,0.288096311953704,0.2592330817138514,0.3747445728404856,0.3318685449028321,0.32149304461481054,0.3839730715330926,0.31475919698480936,0.3689510030780529,0.6114779340118237,0.43484065221406715,0.2577013444855465,0.6117515137610495,0.48966061704741537,0.4435525465200496,0.4362470480495719,0.5149417992751649,0.8317507627022885,0.5707998249694071,-0.04751988333772561,0.39458153958223163,0.25542473622495737,0.40003822503950304,3.0033721321348774,0.4817604601139784,0.5205766297294164,0.8456743967845309,0.3146174292879848,0.417336884906365,0.3205326383779914,1.026701138276303,0.31842946377301673,0.7334182276362698,0.20370033423281242,0.8908493543453604,0.49003666230621373,0.9068763956965847,0.9345075661734892,-0.07925859435204215,0.2503899366677762,1.2195988136360587,-0.16156329005853973,2.1280720089250096
0.12773306216517707,0.26906075743010205,0.287045566226555,0.3365486989090542,0.40411643524874735,0.3999856485299865,0.2919729211810548,0.26371614608041033,0.2784056334709639,0.2571713080374807,0.3759833742006692,0.3712808765525428,0.34254119451766524,0.3177223061572274,0.33778881353255896,0.3761254104178611,0.4643622535741595,0.26776196420134624,0.4159982082150629,0.43943743646420097,0.4572360646168599,0.33453236890754295,0.3854356712441186,0.31520961979790046,0.36165099539067813,0.2773562578097337,0.3606242910995289,0.5080646842458851,0.1240631248420219,0.4817604601139784,1.5395715528425324,0.17316662193448545,0.5882521141848422,0.5121081570324931,0.2815414170778957,0.9204545684812993,0.661845106472491,0.33757944824543445,0.5721365669116658,0.2664918892719392,0.45849111161821865,0.4371091810915365,0.12061545098838582,0.5405884343315541,0.3123822570192572,0.1777341265025221,0.32522380264644124,0.2539779637437081,0.4243333760130258
0.08885964683782989,0.37155696043667447,0.4042098255382824,0.46055279918018877,0.5435161193849192,0.6206085614872846,0.34220507093392816,0.41266792275516245,0.35216242127788494,0.2838494934310849,0.42917132115234025,0.4170210230007191,0.46596289786879247,0.33979367373556696,0.37303714382480224,0.5686806614961819,0.34562115014354966,0.3414238786117395,0.5316319946389456,0.5400753824523776,0.3255222640439731,0.468083616784805,0.08884757184260847,0.9127962833112904,0.44550854217900926,0.3201167561042736,0.6899919648965367,0.43593680175645805,0.8821441785871909,0.5205766297294164,0.17316662193448545,2.49247571594327,0.5619866433247919,0.7938267964999715,0.3751973789590302,0.5719559147336715,-0.08533024092410219,0.4205445038177084,0.47704951503080845,0.21819273393536787,0.06275593275010816,0.3845832256814959,0.301662910743388,0.2064307074182094,0.2154055339375367,0.038027934964781004,0.40530008620699925,-0.04102398951058537,0.555359486474101
0.12888187824030167,0.32542643751141437,0.3310754541672847,0.2971194689689903,0.31034328231286534,0.32509904203651196,0.28313814951053007,0.24697564291999172,0.3044978853883965,0.2758262995254951,0.37587786297246234,0.3596310040810723,0.44332525623073404,0.27846046173874406,0.3320200402123474,0.4504407512683043,0.49933847760506467,0.36750869307192846,0.5346969896546554,0.45572596855527187,0.46353727205179424,0.3701268909557552,0.3044211696295157,0.8412492637122239,0.38035285486958714,0.2912490595895805,0.43827803413846705,0.5459782904919893,-0.07209330535854379,0.8456743967845309,0.5882521141848422,0.5619866433247919,2.207066388117867,0.09169322274095527,0.5474604515418977,0.3189349739065243,1.1305885160642308,0.29814255849731935,0.17216545827479363,0.33768553666996254,0.08669472910913636,0.5791791858466744,0.5186080038271715,0.7400448610592666,-0.3027769035164177,0.3816481139710001,0.5959117373088698,-0.08597012042378922,1.1414478459069042
0.05175448977533069,0.3645799491767902,0.45168470071955114,0.5518665645339947,0.6887696232902066,0.683932451421873,0.43011475077956907,0.5456466683737454,0.39710941635739666,0.45340903327787374,0.5054475860652243,0.501324027019471,0.4998854735646231,0.4204232374122761,0.4767521040862726,0.6437712560273766,0.44065884782200077,0.4809948089334367,0.5598721584127722,0.4421859902578117,0.4741967793929491,0.55561138965604,0.525715303471096,0.5870414938585574,0.6328001878070285,0.2992631792635526,0.46356170728091356,0.27145918788071816,0.7651986061849941,0.3146174292879848,0.5121081570324931,0.7938267964999715,0.09169322274095527,2.1791079514126697,0.5623862992198669,0.4663563006415127,0.5942516830977831,0.25931275640501905,0.8689435947941584,0.056839413221097264,0.07928764305534586,0.4688259590793899,0.5656850876632161,0.7151954404567898,0.40145944484795415,0.12513385296634605,0.582289122691154,0.27609699416555555,0.39102050973758623
0.10768694320131114,0.3158232948770943,0.557004748265951,0.07907142913009982,0.016375963428033165,0.33384720949496693,0.234830754237551,0.5012012246165177,0.21123095458236252,0.3337249783152893,0.40514341404026055,0.38990808017748496,0.47999811658382935,0.24970649962168337,0.2676922496540097,0.7882782501399428,0.3842423517412745,0.3715237464113898,0.5979223019996572,0.12684533677400936,0.4864967386079341,0.4771551909291176,0.1642189003535249,0.5811847028744317,0.4699625696012802,0.40071937741019303,0.3814936923752642,0.16210159162317345,-0.003683262791306385,0.417336884906365,0.2815414170778957,0.3751973789590302,0.5474604515418977,0.5623862992198669,3.2775339013828666,-0.0037927654238563784,0.44385907625296867,0.057175765532395104,0.48175502651190943,0.635956347188901,-0.35379374660280305,0.601380671167637,0.5738278997671038,0.31238686786983677,0.6438327866211991,0.09761122270342541,0.41210194308976356,0.4853613947029849,-0.19361663023969183
0.18445787949473896,0.301049480423878,0.4287625461833662,0.37969335825428424,0.47891048897284516,0.4462548150907068,0.3441399553601297,0.23664669718993706,0.35884973097781353,0.35700609891911733,0.41201559541476296,0.41952247256022634,0.3529221419657162,0.4207452493012165,0.4967232002521592,0.4351896349201013,0.6083174530203754,0.2887024301170568,0.6017815451061065,0.33528832630037586,0.5481395939561885,0.37386149093587295,0.5742770104038315,0.5270918311954653,0.48947247695543056,0.09045563134046382,0.49905910723785096,0.9695891347509399,1.062133526879061,0.3205326383779914,0.9204545684812993,0.5719559147336715,0.3189349739065243,0.4663563006415127,-0.0037927654238563784,3.6438994220242713,-0.00734126163007576,0.2827055881870875,0.8310696083195432,0.4760422312705681,0.9945057842482031,0.5097556187368942,-1.1292400306336792,-0.34939968892378787,0.2511246002332422,0.5834995450241718,-0.13705073077229735,0.05907507050479738,0.2759884985143115
0.15391053749957334,0.46556082978886015,0.4148533385308864,0.34384194176496685,0.38940676637310107,0.4184999857940362,0.31614241807212706,0.33246240505350483,0.2963498452608469,0.31157935435943224,0.41377787628984475,0.3639811655414385,0.3988896187661534,0.35812680522635265,0.380497417045572,0.4643938111210123,0.6337371565428119,0.39432599801174484,0.533936394310124,0.7457724100229067,0.5544153606014429,0.37384270964085287,0.41455942464752804,0.5339930491761303,0.48594887609310383,-0.003518947732469801,0.35064763864012266,0.3832033420067732,-0.09983992323375736,1.026701138276303,0.661845106472491,-0.08533024092410219,1.1305885160642308,0.5942516830977831,0.44385907625296867,-0.00734126163007576,3.3827409306775595,0.4646375620993545,0.5314560911416922,0.24182805227572546,0.22098813753627974,0.6614280650646768,0.9420818405724041,0.7887687290066359,1.0840084125023046,0.7592471948376679,0.9184817711595029,0.31671092754114455,0.04555501509009909
0.0955050925085397,0.28148024002263217,0.23880509488833102,0.23864556929420927,0.2946747190043589,0.31838375366957605,0.19603923034562995,0.20041411063587844,0.17840459816520898,0.11697744601272986,0.2691452470407951,0.24122439444806548,0.2464796924585093,0.2188275992691922,0.20956269331961846,0.2044534431704214,0.31733089973474365,0.11709821670800429,0.2276795761457231,0.6154413467659973,0.21183290538226193,0.1796259998973287,0.06089546645354715,0.2825901088997798,0.23767083942196598,0.23220192407285484,0.3192453930766642,0.33148656715981345,0.16751788063310644,0.31842946377301673,0.33757944824543445,0.4205445038177084,0.29814255849731935,0.25931275640501905,0.057175765532395104,0.2827055881870875,0.4646375620993545,0.6333655633863017,0.26452542731082773,0.19294033520305506,0.2206411052049822,0.23976545126143609,0.36703233028891796,0.22306688957781984,0.43977974515567764,0.004944320417229286,0.248824343293024,0.15741054760967854,0.4061342366251765
0.14699832129787407,0.28183109502814624,0.3834814972610718,0.49196679188618164,0.6112050916110777,0.5960169624628167,0.4111780251819861,0.43606414146300915,0.4003685822099658,0.46562434381059015,0.4795676666172282,0.4979466273460372,0.4165061662692047,0.42049181601376523,0.4792614009736057,0.6503021975342475,0.6160267444145525,0.34968744240028693,0.7593205115761437,0.5015429633362745,0.6246746112304484,0.5621334314542402,0.7631691815056535,0.5014401509844825,0.6183284879103788,-0.5028789087136406,0.39739767421952327,0.3464442853254034,0.8340773163050054,0.7334182276362698,0.5721365669116658,0.47704951503080845,0.17216545827479363,0.8689435947941584,0.48175502651190943,0.8310696083195432,0.5314560911416922,0.26452542731082773,3.068173445916655,0.6284908091186134,0.3350497752929388,0.42443036076116014,-0.2562907764841829,0.9757421232706047,0.5519869211078215,-0.2748296881670772,0.595912292131517,0.25683464561558234,2.2897410002498906
0.0977117162402459,0.1832245182588709,0.11833475139389364,0.26135388539370374,0.32633688162578806,0.32797881357306713,0.22880701160306935,0.23272037141059182,0.19862625487889932,0.2020735548130045,0.3038750534949481,0.31089676201848165,0.2903119966253601,0.24546504720523937,0.24508963323993804,0.3889906592880646,0.3796734688198758,0.22210769789536405,0.2544586264150764,0.43609123583327225,0.4098122111344167,0.2858439224857955,0.4583941698048468,0.28181551284830686,0.31992098394264745,0.1677896947149298,0.27978386830478547,0.24611326039941062,0.22478172767054383,0.20370033423281242,0.2664918892719392,0.21819273393536787,0.33768553666996254,0.056839413221097264,0.635956347188901,0.4760422312705681,0.24182805227572546,0.19294033520305506,0.6284908091186134,1.8953382774894267,-0.2418874845815214,0.37020159028397237,0.42371442696166844,0.48117619914278703,0.6843976512088539,0.13032667047488897,0.2551128805563282,0.5468099624244869,0.5271154614499449
0.11623472923084252,0.1883452703054493,0.1523724083507071,0.20116055495365748,0.26119406509483223,0.10827726868926302,0.1482325230635361,0.09983678619611815,0.1723744922798725,0.28558846308977215,0.2010053820371808,0.16142805122026474,0.22793001431702417,0.2534197767529074,0.26987606224531535,0.2459933457512698,0.35089586516742793,0.15419505863771188,0.2582073847166986,0.25503067328377654,0.23013810436381407,0.20358691605986645,0.21666777753468094,0.240727799374968,0.23948371077480746,0.426917401314469,0.271570677639977,0.7192139197163427,0.4888319211926847,0.8908493543453604,0.45849111161821865,0.06275593275010816,0.08669472910913636,0.07928764305534586,-0.35379374660280305,0.9945057842482031,0.22098813753627974,0.2206411052049822,0.3350497752929388,-0.2418874845815214,3.7084077797128625,0.18579534048192692,-0.12812321418850475,0.4160164182253752,-0.9837514809353918,0.3108325937428574,0.5850710830932598,-0.46424906912408337,3.381322549458287
0.12465102968757134,0.29563372035983493,0.3411787453501427,0.32804551429384476,0.3894481493966445,0.42827879167427463,0.29274536636081533,0.3203809943638765,0.28389229584365444,0.25474989615248306,0.38150063449780347,0.36261604559880045,0.37707621715247724,0.3146661061158771,0.3380053043633107,0.5025612986802663,0.49271742724258377,0.28052135026328107,0.4800559396103353,0.36193543508267123,0.584107285270354,0.3987714622573979,0.2804478397472629,0.43813205611896355,0.3927937268921715,0.2768680679348466,0.3494368097403062,0.3814417022968611,0.3114023475522814,0.49003666230621373,0.4371091810915365,0.3845832256814959,0.5791791858466744,0.4688259590793899,0.601380671167637,0.5097556187368942,0.6614280650646768,0.23976545126143609,0.42443036076116014,0.37020159028397237,0.18579534048192692,0.7907566180861649,0.48435892802513886,0.35042020759920955,0.6000321641697839,0.19373042955242561,0.3915511467713671,0.1980032952696159,0.23154811184915577
