1.0379173750192667,0.2331625514664525,0.3845743459833037,0.061008664745012306,0.1739391071731696,0.13641460609606776,0.23092453620412431,0.13286525556985052,0.1318470419360554,0.14656023262575255,0.13090639822589809,0.16489857298654131,0.09191034691686065,0.15312706016310865,0.14068405883840182,0.13020725209766384,0.10224946661208967,0.16596120617319834,0.12134547297366756,0.10130883581287524,0.11929353875279038,0.1404615288367937,0.08049240394644534,0.059192335234131636,0.15405827528620317,0.11535260380819207,0.12023870248022929,0.07130050684325673,0.14115346408837517,0.08886497136157065,0.13280381434292243,0.13187260419363717,0.09169254435664552,-0.06967388556700085,0.0695516041156356,0.14096407901119046,0.09614218607238705,0.09449537828252524,0.12145548420966326,0.045078960649498276,0.10397382554773484,0.09488538604703291,0.09907103215494663,0.0324038810794617,0.13323765800553278,0.17410556941626998,0.12333672867934925,-0.016437951446746688,0.055463421424645644,0.006819687351733704,-0.006761265562601708,0.00011915403844866007,0.01692758358389518,-0.013272213572975578,0.12571806327156945,-0.009230185839953626,0.11210456556831029,0.09387341276818324,-0.31181272042294184
0.2331625514664525,2.2132529531542473,0.7942828623510746,0.1230301094687236,0.11033166204602068,0.24130228726295377,0.1992788334391072,0.2544364936655044,0.2352034465731697,0.2411812941844904,0.22301179365114074,0.21288627559780074,0.178931457812714,0.16165942543499523,0.3085060246277943,0.16174159502048754,0.2340817736595615,0.3188297645697181,0.1541860635272781,0.33871717604366763,0.25842972091292044,0.19031036428736303,-0.019390602404074156,0.12724473934393443,0.20232306275988915,0.25220569266915377,0.22406060724117896,0.2026113539533864,0.37424629146703187,0.0759307115391627,0.20840578435614793,0.1436419450645945,0.1955332561019163,0.25763201426132926,0.13949208166370938,0.24146481225650943,0.46101087610507574,0.20740379662364122,0.155935438089482,0.054371988680359425,0.19924563028125472,0.21942480376579832,0.21601664781938917,0.04780799539455582,0.2853286647516382,0.25598680541351665,0.19405680759390753,0.001136290820816092,-0.06473694518987859,-0.11751009818296602,0.16832213543072477,0.07977864731661959,-0.03737758896056313,-0.13381375487689312,-0.3591518077818612,-0.12642348201680192,-0.3365821595345149,0.34120269822567106,0.2742848241385027
0.3845743459833037,0.7942828623510746,2.1602433335322164,0.14988504505764869,-0.059648165206218996,0.3396660764005774,0.20778998938221274,0.3455791671177023,0.41362305293726287,0.38420496948638916,0.27389536000308157,0.2751479561811542,0.20720282195095568,0.18783065186580303,0.3178738975026612,0.1642970497571461,0.3123783113291782,0.2934423549183042,0.22831232829691162,0.27398028769850363,0.2529127653630395,0.29930102489369487,0.1435483408804717,0.21835437869106503,0.25706492333381914,0.27011149799291995,0.22305312554903384,0.22878761097101882,0.3598002523144908,-0.09773170455616187,0.26433951896222596,0.20518370856678428,0.22838807715861592,0.3209815956078036,0.1823870010917122,0.4014334237827185,0.3989623043234274,0.2069112894029272,0.21683899563891113,-0.12969934640295638,0.19413804369607113,0.2291574973748564,0.15016026832827437,0.0899185559366752,0.28007802039657786,0.4691383197105311,0.1867667895949373,-0.059644689654633924,-0.27685067475307756,0.07442832975062724,0.0444220935103039,0.1840969877624451,-0.07957464316637312,-0.2140687639821512,0.039831225497762676,0.015431167335915381,-0.071731584822306,-0.18274537246939218,0.03857775847989498
0.061008664745012306,0.1230301094687236,0.14988504505764869,1.266286379953999,0.40980461026122866,0.3085416616517238,0.29662136360720154,0.283116919536303,0.15699399649990586,0.19671966526599188,0.226969250645183,0.29090049026469533,0.18490001886705684,0.2737823623180202,0.1968427377725857,0.28287593763705915,0.2271580564738431,0.20662978282625982,0.22256758382172184,0.2132084307634478,0.19346261999872932,0.22979376762237866,0.18164123937901314,0.1960891285713978,0.21896682949320032,0.23418127771192462,0.17680883595103536,0.07250963153145223,0.26494302160162664,0.1091484590310388,0.15930333420155288,0.21568689121524395,0.16385412743208494,0.3182935460013965,-0.0003834252758347571,0.21488675251623404,0.24802187243555404,0.15103900356978442,0.2296164380639076,0.052581606426239894,0.1360879954503332,0.18366520464936256,0.23293525585006397,0.11087975366116615,0.08161829810452531,0.16278096587507584,0.20511329391550506,-0.0006680092909653562,0.10132489429062033,0.07809944421250439,-0.10420042025856298,0.04773266290903729,0.012170435310037383,-0.1108868457694588,-0.06403838193724254,-0.05325967014058082,-0.26506189794229257,0.3150324475535398,-0.04717871632512904
0.1739391071731696,0.11033166204602068,-0.059648165206218996,0.40980461026122866,1.08003845827375,0.2668079305243359,0.22650829049759452,0.26618502489995716,0.14708296706713392,0.17144185434774642,0.1992958888384935,0.24434383226370546,0.1811176311902239,0.22632498810563298,0.1998592783602303,0.2585759846571957,0.1705346635103504,0.18509530510396,0.3861767680811699,0.17363007976312156,0.16583661355318832,0.2070759063472526,0.14428020009410544,0.16707746781586805,0.18047031414229195,0.20288933433394715,0.14797656774397105,0.03229036655490359,0.22429894530700714,0.07633134083544774,0.16346942416343424,0.21012306484396684,0.12080815721642332,0.2912693745575201,-0.0066866879292527505,0.2008342257718605,0.22442710082512288,0.12136695830303108,0.21064138685357467,0.10013827599363978,0.14176448224733618,0.17611583372128692,0.13724528454658186,0.07335646880406951,0.02101713140228294,0.14262320088605918,0.1724485556243033,0.013043107546533556,0.21906566785166715,0.1118377659044467,-0.068464974631982,-0.1491577093574531,0.08875753836163139,-0.0017018903315853305,-0.08316320559815069,-0.05001272658629638,-0.049654295927239626,0.1502636785602631,-0.00795253427457626
0.13641460609606776,0.24130228726295377,0.3396660764005774,0.3085416616517238,0.2668079305243359,0.7975876517484503,0.14921666823195132,0.34804883860150765,0.2456124209959232,0.18321686157636524,0.26997587655615407,0.2792895410166192,0.1906801900351449,0.2580651779700935,0.24302253285221925,0.2514804012564076,0.2731516275789616,0.21801773181127077,0.36805442188412013,0.32067777750104626,0.229693100291773,0.27536674609417877,0.10289596787398561,0.20551069113426937,0.2572088303631806,0.29935385002938036,0.22498632228843288,0.15822055195735568,0.3864393304648206,0.09687111576895678,0.20889824429212592,0.2662646476089541,0.08572685973008591,0.3241110771632242,0.1394346022402224,0.19135267665710531,0.30400093027808384,0.20631968298700007,0.2691280921185406,0.10960988202983492,0.1095608598498332,0.21218744361955885,0.2932485994691464,0.09879075529640552,0.2217157266270994,0.18039343540316766,0.26897397237141135,-0.001355204640729927,0.25122317277910805,0.19307379708292435,-0.2730765137893946,0.0763967427714699,-0.12095352069968611,-0.003968856253610821,-0.0687270517430513,0.00745508300462655,-0.02058767345213866,0.23360468869818163,-0.20659128645721328
0.23092453620412431,0.1992788334391072,0.20778998938221274,0.29662136360720154,0.22650829049759452,0.14921666823195132,0.6885471639219356,0.1490372010637195,0.2661575253641203,0.16894873917530412,0.22166802452414436,0.3218287358466346,0.15730075906560093,0.17010124288655495,0.1313484128681545,0.22306441382131267,0.211736397313443,0.20903881207522568,0.13404363085277549,0.16177466448063896,0.1834937427684309,0.2537540754467507,0.18370552508616886,0.17122182018398285,0.20865060999024282,0.1983721413190989,0.18756310277675733,0.08327428139149362,0.20765821155739939,0.09591618228200673,0.17375518821384953,0.18623095637496592,0.15118543470680865,0.24788509329732067,0.0754046777070638,0.2330280551837616,0.18237915400087026,0.11727224459441501,0.21520289582730798,0.059893851465081714,0.11718587507251686,0.16985643553117907,0.18151244466834773,0.06459601814728946,0.09793151168468447,0.17484862462512715,0.1306596854071983,-0.01656892190548036,0.21651550984301954,-0.05555889361595588,-0.04762130680774001,0.011536813158662344,0.04091138424042789,-0.0880084556153976,0.028318862321011794,0.09493466394442004,-0.028125560666130794,0.12852686301234217,-0.30805664884687683
0.13286525556985052,0.2544364936655044,0.3455791671177023,0.283116919536303,0.26618502489995716,0.34804883860150765,0.1490372010637195,0.8404376543161151,0.09634671053672124,0.23369523797224032,0.2733571023681276,0.15487288330322888,0.21847053701760982,0.24968363191263426,0.17634876006609504,0.2214438317672116,0.2615558436004508,0.2699928395292735,0.25817115722487816,0.2845654496382036,0.1842683391226469,0.19894611652105526,0.13123565748458943,0.16732775662095087,0.23820985315563775,0.29207589463692707,0.20890719414586736,0.09958807816963365,0.26816851571258443,0.12599536743930984,0.19030225126638545,0.21314151975784607,0.10697149995130752,0.2998434388718453,0.14948205559951913,0.18072377140282342,0.28836711301250123,0.1759598447884838,0.3010095364875304,0.12063738069045372,0.16476076434461126,0.18020832775562512,0.27177566857579344,0.08923131407004481,0.18149590674171692,0.21406165936654903,0.2915449398284845,0.01647038229592245,0.22527954768121783,0.14936136227194682,-0.048687674062521495,0.01034407724537009,0.012970540778917083,-0.10773592338587555,-0.08312524684371894,-0.07298000456244956,0.026874267852575656,0.32130152401197426,-0.2173320935575831
0.1318470419360554,0.2352034465731697,0.41362305293726287,0.15699399649990586,0.14708296706713392,0.2456124209959232,0.2661575253641203,0.09634671053672124,0.7800850525467585,0.11812134825290409,0.1498197201004816,0.1861495151746819,0.1490890864476954,0.17762698349424924,0.14397958526324925,0.13592477694055707,0.1849710421076762,0.19481922516613365,0.15224965023223472,0.14975440677294802,0.18760026729040968,0.3630757031255374,0.17533217332357548,0.1913335913538207,0.13794818572497566,0.26280266168463307,0.1650428270313229,0.12661261229736345,0.17876105312385404,0.0679764943147395,0.19379103967749392,0.18880731218231822,0.19390096480020966,0.20768890015600588,0.09152968603896015,0.23018787134520854,0.19690507826959736,0.12267010108277356,0.19229887804832374,0.03516674866689036,0.11794500416100476,0.16631001806316453,0.16518498108868912,0.07307012185831918,0.08242713826379484,0.1982352149895149,0.15383008258045375,-0.04190187219455957,0.22645459926496092,-0.025423865814394247,0.0007766085733937845,-0.020235740941557112,0.036442621456392744,-0.079351926864708,0.03598141418681106,0.15235788015203328,-0.03550883286482744,-0.05344810146406716,-0.15478997271714212
0.14656023262575255,0.2411812941844904,0.38420496948638916,0.19671966526599188,0.17144185434774642,0.18321686157636524,0.16894873917530412,0.23369523797224032,0.11812134825290409,0.7370900608531474,0.1901533213390566,0.21309413725786142,0.1697580616548966,0.16206432493260567,0.2274252614342835,0.17703847919244908,0.22150171927489362,0.2563995368753039,0.15965832643081687,0.15206445496099114,0.1453877156544445,0.17726320166547416,0.17522108568555736,0.16741331509093257,0.20312679894172372,0.1577334500014074,0.1798478187282401,0.13914143381254707,0.2541712602625631,0.13322758286420047,0.18018886630945863,0.17149877460180465,0.09566070628660193,0.30449618972051534,0.18093458015091346,0.24256048298285549,0.25268580167895344,0.10345947129437168,0.20968387726545845,0.068423697248739,0.2160394995545749,0.15153736326396972,0.13595034315088383,0.08055066539673353,0.08009278075617379,0.21433553646456885,0.26231252584906484,-0.003893855981757735,0.10645627028832266,0.05647137870122013,-0.004006214129842847,0.0012407764991979292,-0.03341248219260949,-0.01046684495103158,0.046464618756278726,0.016937647492930516,0.019040137248278688,-0.14260168425951833,0.0284001885185673
0.13090639822589809,0.22301179365114074,0.27389536000308157,0.226969250645183,0.1992958888384935,0.26997587655615407,0.22166802452414436,0.2733571023681276,0.1498197201004816,0.1901533213390566,0.5279762585284247,0.2938843834348906,0.20515720066505758,0.19182261221221614,0.2577735509801764,0.22356994126706495,0.2741919279297282,0.21235272305679476,0.16993540846673355,0.2790156657153529,0.1994022979509405,0.19528029155708282,0.13688374752084131,0.18267258424582591,0.21458053970556065,0.23889158025899893,0.21366044957956196,0.12906520709713173,0.26509810248215265,0.11163609592119449,0.19861815366501073,0.1981773173314176,0.12147460588729303,0.2554428139131437,0.18541347067648484,0.22987060439630153,0.23043056532746325,0.1635346152590982,0.25281723305229453,0.11816783288258136,0.16122150865671186,0.19689786678714885,0.20558406669272467,0.06506854874927437,0.16186499574856747,0.2087104593588354,0.2116518061849318,0.005573821951396761,0.1095574865702601,0.03465684288442847,-0.055733017441841795,-0.021486660031107538,0.07147731147440718,-0.02374580634486429,-0.0677906317148431,0.016401839904894733,-0.03875313240462339,0.16199466508442958,-0.17184213223156924
0.16489857298654131,0.21288627559780074,0.2751479561811542,0.29090049026469533,0.24434383226370546,0.2792895410166192,0.3218287358466346,0.15487288330322888,0.1861495151746819,0.21309413725786142,0.2938843834348906,0.6677338356701393,0.15707739835855977,0.22763830002812763,0.23101975877516506,0.2711741579741798,0.24746462571098682,0.19459048939480006,0.20072846953477463,0.21915374663698706,0.18330814387516242,0.2205877859740859,0.1504070158035724,0.17371674360610526,0.26579082385783026,0.24026441940640966,0.25704154556883524,0.08896509614133292,0.24534500273261903,0.07108162136336288,0.183337625013671,0.24966364523317175,0.1090997432042267,0.26964160455520714,0.13967584871356722,0.2573812167308768,0.14144594404305727,0.14544919362859293,0.22438115480680035,0.10154187985025462,0.12946231129669547,0.18110580829935677,0.19842856546580423,0.055546973787656356,0.1404866667381929,0.1890706854484451,0.17775142757140022,-0.0026183786459695077,0.21466500118966006,-0.12295089986522026,-0.03177827801037268,0.05280769011463317,0.04001819411017924,-0.026327241954447866,-0.07234929650421631,0.0953695873819748,-0.03055185021505811,0.1864819106667194,-0.33128846520260774
0.09191034691686065,0.178931457812714,0.20720282195095568,0.18490001886705684,0.1811176311902239,0.1906801900351449,0.15730075906560093,0.21847053701760982,0.1490890864476954,0.1697580616548966,0.20515720066505758,0.15707739835855977,0.39376346859306616,0.16370766071712262,0.09461678282810475,0.18057428960486674,0.17256584686367368,0.15223880976529283,0.15429891680453317,0.1504327013138582,0.14125012917645352,0.1999589802972003,0.11488271698521155,0.15085541100595162,0.14851109553186967,0.1676332220715094,0.1650079744435564,0.1066197251459806,0.22488121520703702,0.09925885658202296,0.13025686936392933,0.16867438318947028,0.11471543113717236,0.20102142202731021,0.134867194862484,0.17695216793290086,0.16951893431372989,0.09521189617804317,0.19158759293181427,0.07161623305473798,0.13365404740228518,0.1378152868995306,0.1490065423694973,0.07578618055580139,0.029759135093422057,0.1618440526743444,0.15724131636545047,-0.007439917931594587,0.15294556628724582,0.08712499642349245,-0.03432372458493187,-0.03357678928964153,0.00948370585787089,-0.04125820631760147,-0.015257095223831252,-0.026967644189584267,-0.05809301381134031,0.008337033521872069,0.0506236878258416
0.15312706016310865,0.16165942543499523,0.18783065186580303,0.2737823623180202,0.22632498810563298,0.2580651779700935,0.17010124288655495,0.24968363191263426,0.17762698349424924,0.16206432493260567,0.19182261221221614,0.22763830002812763,0.16370766071712262,0.5511326280807634,0.21237298227388363,0.31428026627669015,0.20555299894041987,0.15578363313814347,0.18906313568136868,0.2301079191445847,0.17885656083119494,0.24215349764235847,0.13498364178310812,0.2048637886961232,0.21409264070461903,0.26434664860652773,0.19051730917497567,0.12187172680843676,0.2484574031622923,0.1625532263949805,0.17616467941372604,0.3461851939052803,0.1156212313914816,0.2246794649983171,0.15210067555036477,0.221240442431892,0.19592064768722367,0.1601750538777001,0.17154875217376378,0.11267143901815425,0.20530187902062746,0.1850474872736548,0.22702448943694253,0.08287389042978029,0.10198198538752956,0.17328642769452582,0.22573606448463981,0.0044456684857595,0.32525349191823233,0.04446509086802654,-0.03664345248832404,-0.040541293659450445,0.054511068914200905,-0.007314432096590672,-0.12623067625297596,-0.007164630969309112,-0.00136933263919854,0.19910494997431177,-0.11136406207294511
0.14068405883840182,0.3085060246277943,0.3178738975026612,0.1968427377725857,0.1998592783602303,0.24302253285221925,0.1313484128681545,0.17634876006609504,0.14397958526324925,0.2274252614342835,0.2577735509801764,0.23101975877516506,0.09461678282810475,0.21237298227388363,0.8244442846549863,0.19252602390121512,0.23767511161838176,0.24555405423927765,0.18972922046026328,0.2660791092513886,0.2051407689616354,0.14280620749230805,0.1734479337068155,0.20042980783610212,0.26401171183820776,0.2099150859045236,0.18474752899076416,0.21108571180063063,0.2826570582487021,0.1865978837209238,0.21365914410518322,0.18068120435363805,0.16038918857567847,0.26737432431122216,0.17611086396349016,0.238119379961784,0.33311207685121186,0.15002298288870372,0.20687568111509644,0.06582068410533896,0.21359342778210955,0.20391077246261122,0.22617213911947986,0.06960513314180083,0.13627568126473197,0.21424529195958095,0.24178180990146333,0.021285006282867905,0.1154024687050741,0.10460173738708008,-0.1353543500510501,0.20254528782555473,-0.1267862077638826,-0.055376093177037976,-0.015268583187244097,0.08343691271916057,-0.13175859936654574,0.08271025377709496,-0.04793325940298357
0.13020725209766384,0.16174159502048754,0.1642970497571461,0.28287593763705915,0.2585759846571957,0.2514804012564076,0.22306441382131267,0.2214438317672116,0.13592477694055707,0.17703847919244908,0.22356994126706495,0.2711741579741798,0.18057428960486674,0.31428026627669015,0.19252602390121512,0.7084016898859095,0.26227640220904974,0.19764253686720126,0.22353310902824333,0.19905320188645695,0.1905100955010763,0.34708990769774545,0.1468181575433103,0.19778020823423073,0.24726057323705672,0.20169537235579812,0.24616159752561922,0.16546047454384308,0.2951750593816725,0.18232082895710428,0.18272306508543415,0.2722762978849358,0.10275730394260578,0.2755841262991966,0.25725639621522783,0.23214945963022462,0.21922198279663654,0.1449004369772255,0.23992172707067835,0.14651968943942234,0.2064503603923303,0.21921787988837607,0.296929520053973,0.09838620623355859,0.12391262966709757,0.1777650110149303,0.24038113667885203,-0.024602221259460832,0.2956808664141272,-0.07432816160017902,-0.05642868731393896,0.008729373972999499,0.03849544369933625,-0.016657782382376526,-0.059297254622904534,0.05440345992778796,-0.1206061110288537,0.2646093853073253,-0.18486447745099635
0.10224946661208967,0.2340817736595615,0.3123783113291782,0.2271580564738431,0.1705346635103504,0.2731516275789616,0.211736397313443,0.2615558436004508,0.1849710421076762,0.22150171927489362,0.2741919279297282,0.24746462571098682,0.17256584686367368,0.20555299894041987,0.23767511161838176,0.26227640220904974,0.750319475389327,0.18106399889805894,0.20744340105761405,0.3489898932959165,0.24598814785404904,0.26125869068639895,0.11107603650720943,0.20618038610252887,0.2567909400367522,0.19953000301861876,0.2305733808820052,0.3059048889543381,0.27390659726999755,0.15666493938270884,0.2438419009351084,0.20007193838713502,0.22582801035444935,0.26182809514512084,0.24405976868996349,0.27683306258273666,0.4322408756762334,0.21817505170212104,0.28967123020076496,0.12756716362573714,0.22429656155484728,0.27252890518363626,0.2695190331455198,0.08935146295713292,0.29470351938463685,0.24288209267887523,0.27750883070455057,0.006815056993792796,0.10246448683283696,0.21502820525414518,-0.04130770296247139,0.013791991763170384,-0.0994309026198843,-0.06009851788931447,-0.08487150713427713,-0.011315723270975419,-0.08797612625430262,0.13792448989710795,-0.12420192070565778
0.16596120617319834,0.3188297645697181,0.2934423549183042,0.20662978282625982,0.18509530510396,0.21801773181127077,0.20903881207522568,0.2699928395292735,0.19481922516613365,0.2563995368753039,0.21235272305679476,0.19459048939480006,0.15223880976529283,0.15578363313814347,0.24555405423927765,0.19764253686720126,0.18106399889805894,0.8720525631750027,0.18671523948068391,0.041348228174097834,0.22125728047880538,0.23134444663398301,0.3688365510717603,0.15664058947754655,0.22410614236068305,0.286513654897251,0.12101512342213848,0.16280915174362365,0.26455864007746716,0.052600881181515284,0.2944794699026103,0.1689269357072803,0.15976471821082003,0.26791072275956074,0.10369657887940487,0.2666651321607619,0.30723415919018154,0.07819379808675064,0.18374835735392958,0.10136997765824217,0.19797610611341915,0.17372063477855773,0.30369549249562017,0.08001357329293891,0.22732077336335507,0.2582185805775048,0.38441470250228454,-0.014504094685751793,0.044331769709133856,0.15590228402108378,0.1666970449261758,-0.040588098090590184,-0.1997180435413815,-0.10854041230915576,0.002885658915340711,0.07155589215962815,0.02872457303931055,0.22779311866917434,-0.3564509717994501
0.12134547297366756,0.1541860635272781,0.22831232829691162,0.22256758382172184,0.3861767680811699,0.36805442188412013,0.13404363085277549,0.25817115722487816,0.15224965023223472,0.15965832643081687,0.16993540846673355,0.20072846953477463,0.15429891680453317,0.18906313568136868,0.18972922046026328,0.22353310902824333,0.20744340105761405,0.18671523948068391,0.8173771426573009,0.16215948221497142,0.19220109104172234,0.22071453705028987,0.011343788080522362,0.15615202351603372,0.17456570457317303,0.13947097327700467,0.1483238551976947,0.19143957551494734,0.1870306628876608,0.09934163145502273,0.2042554070163345,0.19750782540382875,0.17004187884462585,0.20219881204211346,0.05422401089521194,0.2022977003995689,0.24346837527985662,0.14044304109551595,0.23506939527839402,0.07286561461981969,0.13567107185891195,0.16887174368117153,0.17439065289437453,0.06298134000737383,0.14560265728514327,0.19054153796674267,0.15608723254713908,0.014606438112534625,0.09265076482912038,0.0855841840559943,0.092631090359973,0.20570370509604688,-0.23098952465165526,-0.11769038185756042,-0.04898622038774452,0.0034319123167203644,-0.009652065473586179,0.1324340584024768,-0.1023770708306036
0.10130883581287524,0.33871717604366763,0.27398028769850363,0.2132084307634478,0.17363007976312156,0.32067777750104626,0.16177466448063896,0.2845654496382036,0.14975440677294802,0.15206445496099114,0.2790156657153529,0.21915374663698706,0.1504327013138582,0.2301079191445847,0.2660791092513886,0.19905320188645695,0.3489898932959165,0.041348228174097834,0.16215948221497142,1.1727906501143779,0.19112270189367797,0.14416146686225906,0.030861725429708078,0.24498368965809222,0.2500628999559968,0.25035996135244637,0.32243914113998307,0.22940224340143314,0.35852485661494815,0.34491246441216306,0.2637818182950644,0.22246321456260437,0.18838089652163725,0.33457191984249796,0.24263985054261558,0.18864092117934617,0.654625735758042,0.5235802890216109,0.35685449051914775,0.2320923837675665,0.22287997016602287,0.2580939568284232,0.48329737636263115,0.06883808416261572,0.504034841518307,0.24848907426916925,0.2536544914603601,0.09539662108439699,0.3491534390134863,0.009666259044704131,-0.1824223830654234,0.14422593165057232,0.07067371836380301,-0.07026191909664505,-0.0646304264470989,-0.03671208100772338,-0.04542372961802088,0.13157558048885293,-0.0553624348462808
0.11929353875279038,0.25842972091292044,0.2529127653630395,0.19346261999872932,0.16583661355318832,0.229693100291773,0.1834937427684309,0.1842683391226469,0.18760026729040968,0.1453877156544445,0.1994022979509405,0.18330814387516242,0.14125012917645352,0.17885656083119494,0.2051407689616354,0.1905100955010763,0.24598814785404904,0.22125728047880538,0.19220109104172234,0.19112270189367797,0.5527086395622359,0.20081807918601918,0.14172185310837948,0.1695430219150977,0.1797601522555856,0.184431802113473,0.15928495172409066,0.19980470280241733,0.21087264552380422,0.19390213034795242,0.25477108680186294,0.18172331396268868,0.19611998686118906,0.2010303328861408,0.20279368161231115,0.28450919844904055,0.3289852756637127,0.16762893783845934,0.2800089648109761,0.16686784967698995,0.2628360483557528,0.37146957285381293,0.2980194748913657,0.08359901350661096,0.39516025506153696,0.19610831072646506,0.26702644778826395,0.022218769755431928,0.018934770703398055,0.10340978853141132,-0.02471621718852282,0.006438193185034792,-0.04394150790972696,-0.05153887087128713,0.015332021895573675,0.003088785360606922,-0.11049237483083432,0.10203210379568757,-0.052601024775399546
0.1404615288367937,0.19031036428736303,0.29930102489369487,0.22979376762237866,0.2070759063472526,0.27536674609417877,0.2537540754467507,0.19894611652105526,0.3630757031255374,0.17726320166547416,0.19528029155708282,0.2205877859740859,0.1999589802972003,0.24215349764235847,0.14280620749230805,0.34708990769774545,0.26125869068639895,0.23134444663398301,0.22071453705028987,0.14416146686225906,0.20081807918601918,0.8423547283208823,0.23707161502341179,0.21256342278483473,0.19613354300119087,0.2105839184274999,0.21703790086986866,0.1398771225482035,0.31612985648896097,0.14752093239959144,0.19830452245544367,0.27331571979781855,0.18332556069403289,0.2858590977559688,0.14252425582301428,0.2897258543164392,0.21063176642261008,0.15147592839968604,0.27996777943638956,0.09242559192904519,0.18582791734196155,0.2086017919527794,0.26978794176038506,0.12494002691683054,0.010481024303001069,0.25930817806084494,0.23288685321539676,-0.14267315581253895,0.49915932634174565,0.0010748970961454356,-0.03624196574096564,-0.08024604829537504,0.0035522194389048275,-0.060191871675754335,-0.024619811850042576,0.07961479069014157,-0.0642785628908554,0.11347217398681263,-0.17443909090171736
0.08049240394644534,-0.019390602404074156,0.1435483408804717,0.18164123937901314,0.14428020009410544,0.10289596787398561,0.18370552508616886,0.13123565748458943,0.17533217332357548,0.17522108568555736,0.13688374752084131,0.1504070158035724,0.11488271698521155,0.13498364178310812,0.1734479337068155,0.1468181575433103,0.11107603650720943,0.3688365510717603,0.011343788080522362,0.030861725429708078,0.14172185310837948,0.23707161502341179,1.3314684300663282,0.28950293032308494,0.3428481632327601,0.010426761799136515,0.09784402652389149,-0.12417474886981944,0.3885899870267101,0.268183173446451,0.013391218599327018,0.11211427165634065,0.16929503262992363,0.31955953144915933,-0.06250223051400179,0.4310566870930549,0.1635601810148213,0.016050604421193236,0.32723372494322195,0.08886141764434473,0.19678497260906422,0.12164435137093514,0.19065943402366173,0.22992081120576777,-0.1506564025702346,0.2801087041861551,0.3076299959731429,-0.0026733359692517073,0.1713661611447022,-0.021196443253900354,-0.008387555902368666,-0.1073065050055905,0.15358207230811524,-0.0616133860547594,-0.006212346119147031,0.03974638685421804,-0.03699142654245023,0.016983219473890938,-0.0545160084259657
0.059192335234131636,0.12724473934393443,0.21835437869106503,0.1960891285713978,0.16707746781586805,0.20551069113426937,0.17122182018398285,0.16732775662095087,0.1913335913538207,0.16741331509093257,0.18267258424582591,0.17371674360610526,0.15085541100595162,0.2048637886961232,0.20042980783610212,0.19778020823423073,0.20618038610252887,0.15664058947754655,0.15615202351603372,0.24498368965809222,0.1695430219150977,0.21256342278483473,0.28950293032308494,0.6581532823780858,0.2450006287735737,0.12783879052651026,0.1772302142492605,0.20684722896245936,0.25157158146434155,0.3786489929302012,0.21953511338430728,0.2433599403261077,0.38534171321536553,0.19552213297057836,0.16593331284990834,0.3354736859118783,0.31087075417307025,0.16563334364543175,0.2260353274692333,0.06627847933809941,0.18673301706493492,0.18680962615712865,0.18291922821164008,0.11402511519938177,0.03634401668555344,0.2231031587671627,0.2763581701321399,0.013713165731536605,0.2677371170649076,0.023803730380927444,-0.11029030039225837,0.054802457287419185,0.058918839488998224,-0.07154824279975047,-0.0019938282024767945,-0.0005597019266050379,0.03089017375313489,-0.11115817441793951,0.049264215566923356
0.15405827528620317,0.20232306275988915,0.25706492333381914,0.21896682949320032,0.18047031414229195,0.2572088303631806,0.20865060999024282,0.23820985315563775,0.13794818572497566,0.20312679894172372,0.21458053970556065,0.26579082385783026,0.14851109553186967,0.21409264070461903,0.26401171183820776,0.24726057323705672,0.2567909400367522,0.22410614236068305,0.17456570457317303,0.2500628999559968,0.1797601522555856,0.19613354300119087,0.3428481632327601,0.2450006287735737,1.2978144367753834,0.13944748457054174,0.22001586673796864,0.09270894460920114,0.5719861801268115,0.30414770134375724,0.17079322009703013,0.1945621989319443,0.10582166677522369,0.4436725155330747,0.2572590732659786,0.30477898129985864,0.26670500275401976,0.17871578864051849,0.3091341239641246,0.09246621222746805,0.1911654650064492,0.19390991931901153,0.2879836748219826,0.1288086482282607,0.162964392940855,0.3263468916809063,0.30822318672243215,-0.03596076387415953,-0.048339306916126715,-0.41275885376608745,-0.11970824312243514,0.14585600489861442,0.20685681718322504,-0.032136131294818286,-0.008878306931051565,0.05509368279269411,-0.0416002461600866,0.10612355203672962,-0.1695788305231275
0.11535260380819207,0.25220569266915377,0.27011149799291995,0.23418127771192462,0.20288933433394715,0.29935385002938036,0.1983721413190989,0.29207589463692707,0.26280266168463307,0.1577334500014074,0.23889158025899893,0.24026441940640966,0.1676332220715094,0.26434664860652773,0.2099150859045236,0.20169537235579812,0.19953000301861876,0.286513654897251,0.13947097327700467,0.25035996135244637,0.184431802113473,0.2105839184274999,0.010426761799136515,0.12783879052651026,0.13944748457054174,1.4990394391702153,0.2039940367955822,0.21296351943617495,0.018168093595894018,-0.21048284277857193,0.225602990450502,0.3226589797096271,0.09318151325831604,0.2601032773997812,0.22732684276762488,0.1566153905909796,-0.025120388401029804,0.16549586718779805,-0.3050181882314324,0.09726350359049792,0.23435874739992532,0.2334504421615556,0.30257238048635876,-0.0017691112399394913,0.127004526318502,0.09883212067462104,0.0654466586795966,0.031569358333759664,0.2982557739523838,0.24753909150915054,-0.1260230834343032,-0.0021930277626247287,-0.2162559587212145,-0.006292451382867988,-0.1104731410990348,0.027210742933187895,-0.07532328047121105,0.2852761030770976,-0.19390361420171373
0.12023870248022929,0.22406060724117896,0.22305312554903384,0.17680883595103536,0.14797656774397105,0.22498632228843288,0.18756310277675733,0.20890719414586736,0.1650428270313229,0.1798478187282401,0.21366044957956196,0.25704154556883524,0.1650079744435564,0.19051730917497567,0.18474752899076416,0.24616159752561922,0.2305733808820052,0.12101512342213848,0.1483238551976947,0.32243914113998307,0.15928495172409066,0.21703790086986866,0.09784402652389149,0.1772302142492605,0.22001586673796864,0.2039940367955822,0.7835148128659649,0.2014294310411548,0.17820937820389218,0.1626489677456234,0.21692845076060963,0.23875561669270864,0.19055227037175212,0.23070291745269758,0.21572610306744916,0.30765200207210014,0.2778738799109679,0.19238922948086173,0.202184926356797,0.1444003375824412,0.20013843338543527,0.19604853962013558,0.37113836626664953,0.04073894866660946,0.16257802666975218,0.22591845725221252,0.17394712593458708,0.015225291094437125,0.28727659164369906,-0.03129994315394683,-0.11000479737861474,0.09789194170088379,0.032390449186486155,-0.024871511377685812,-0.006533513528937044,0.04283358709290346,0.025380034422954452,0.11450260200490466,-0.17925287933509432
0.07130050684325673,0.2026113539533864,0.22878761097101882,0.07250963153145223,0.03229036655490359,0.15822055195735568,0.08327428139149362,0.09958807816963365,0.12661261229736345,0.13914143381254707,0.12906520709713173,0.08896509614133292,0.1066197251459806,0.12187172680843676,0.21108571180063063,0.16546047454384308,0.3059048889543381,0.16280915174362365,0.19143957551494734,0.22940224340143314,0.19980470280241733,0.1398771225482035,-0.12417474886981944,0.20684722896245936,0.09270894460920114,0.21296351943617495,0.2014294310411548,1.2462220174146224,-0.029892015789193302,0.20595504466292508,0.31989939371008663,0.15856211992804572,0.4899188507425688,0.025390185965712544,0.6576565850967291,0.2455178915808631,0.446504143783702,0.16417991376971888,0.1258735670151797,0.12140517770222262,0.2593122619162938,0.21556150935427498,0.25057211788201794,0.1664038476546998,0.21337357375048716,0.11901318987626003,0.17597452537257718,0.05961774786031759,0.09160146855434852,0.3262504126731019,-0.09042156121967578,0.5540711796002573,-0.7483126741733584,-0.02739207212740737,0.12288644418776383,0.0035393542602473057,-0.02038605052742679,-0.10609697743764226,0.12693821269456837
0.14115346408837517,0.37424629146703187,0.3598002523144908,0.26494302160162664,0.22429894530700714,0.3864393304648206,0.20765821155739939,0.26816851571258443,0.17876105312385404,0.2541712602625631,0.26509810248215265,0.24534500273261903,0.22488121520703702,0.2484574031622923,0.2826570582487021,0.2951750593816725,0.27390659726999755,0.26455864007746716,0.1870306628876608,0.35852485661494815,0.21087264552380422,0.31612985648896097,0.3885899870267101,0.25157158146434155,0.5719861801268115,0.018168093595894018,0.17820937820389218,-0.029892015789193302,2.4329257176258334,0.2900905062932541,0.0036393745487558722,0.26376732086065674,-0.056353360581961505,0.5726544055139297,0.08488123824874226,0.4756507783193204,-0.010453188588202534,0.0761998271121969,0.3726899853643894,0.13831346285358986,0.29262722192892365,0.16709476203397916,0.13048397513474053,-0.0788228903891393,0.038650549705673054,0.39928367899246947,0.37439879737941095,-0.10494154491875958,0.5402429942843878,0.176081537971373,-0.36930489361433644,-0.004585091596383434,-0.0585670923791902,0.05600908177672224,-0.10581830350106193,-0.0076621903448498545,-0.16201384434106145,0.21446567285672632,-0.049854011270230855
0.08886497136157065,0.0759307115391627,-0.09773170455616187,0.1091484590310388,0.07633134083544774,0.09687111576895678,0.09591618228200673,0.12599536743930984,0.0679764943147395,0.13322758286420047,0.11163609592119449,0.07108162136336288,0.09925885658202296,0.1625532263949805,0.1865978837209238,0.18232082895710428,0.15666493938270884,0.052600881181515284,0.09934163145502273,0.34491246441216306,0.19390213034795242,0.14752093239959144,0.268183173446451,0.3786489929302012,0.30414770134375724,-0.21048284277857193,0.1626489677456234,0.20595504466292508,0.2900905062932541,2.410682035934333,0.19438197423756273,0.11199583658391397,0.1850693432931306,-0.023426285846295268,0.5043874592817073,0.3563898180436739,0.6143441624361129,0.25445211994526096,0.547407110328938,0.1739418638375426,0.6109601363880598,0.22732779162843691,0.6465716456438968,0.28792360280043944,0.3872164602749957,0.28566808212000466,0.8857609326523179,0.04941174252051749,0.4650573308858768,-0.1290283084382796,-0.16737567410782606,-0.18035590950823482,0.2866676878472991,0.02387043818103998,0.07603350396525212,-0.10144590109110345,-0.057658755770335336,0.1963605944910085,-0.10291575212575436
0.13280381434292243,0.20840578435614793,0.26433951896222596,0.15930333420155288,0.16346942416343424,0.20889824429212592,0.17375518821384953,0.19030225126638545,0.19379103967749392,0.18018886630945863,0.19861815366501073,0.183337625013671,0.13025686936392933,0.17616467941372604,0.21365914410518322,0.18272306508543415,0.2438419009351084,0.2944794699026103,0.2042554070163345,0.2637818182950644,0.25477108680186294,0.19830452245544367,0.013391218599327018,0.21953511338430728,0.17079322009703013,0.225602990450502,0.21692845076060963,0.31989939371008663,0.0036393745487558722,0.19438197423756273,1.0954975163109337,0.2102602354464589,0.2725188084355539,0.17748564283872417,0.25575189956868266,0.4902083810831928,0.41328721009391306,0.24907415276878403,0.2400181909974033,0.09418193449962634,0.2567259807442223,0.2437200569527031,0.19847109082136402,0.08934622239672926,0.30020519934443146,0.28860094850473395,0.26251681119555204,-0.005217549642917917,-0.15613310151661253,0.18523476956484475,-0.027492000315120467,0.1214079879100425,-0.14552412184474017,-0.1074268395216776,0.057433518824439624,0.0667992484211065,0.07755025206954154,-0.03112166786808494,-0.1752094120189806
0.13187260419363717,0.1436419450645945,0.20518370856678428,0.21568689121524395,0.21012306484396684,0.2662646476089541,0.18623095637496592,0.21314151975784607,0.18880731218231822,0.17149877460180465,0.1981773173314176,0.24966364523317175,0.16867438318947028,0.3461851939052803,0.18068120435363805,0.2722762978849358,0.20007193838713502,0.1689269357072803,0.19750782540382875,0.22246321456260437,0.18172331396268868,0.27331571979781855,0.11211427165634065,0.2433599403261077,0.1945621989319443,0.3226589797096271,0.23875561669270864,0.15856211992804572,0.26376732086065674,0.11199583658391397,0.2102602354464589,0.6855211777295709,0.09626349041511272,0.2472273122405401,0.11324005189300987,0.2703093090747665,0.07078338931866475,0.17297954408692923,0.14524374116192762,0.1062601724870744,0.1921897372739225,0.18523336853557923,0.16721746010609864,0.05782600287685212,0.09678901617823742,0.2037166633791887,0.20333946602814734,-0.016723474807221552,0.31270084633719364,0.0964018175395092,-0.030701890060923047,0.13183283975920096,-0.18824059897158427,0.006768717462411293,-0.10037337839367978,-0.00968007818678339,0.23363782186217402,0.016635947402487798,-0.20632768052646908
0.09169254435664552,0.1955332561019163,0.22838807715861592,0.16385412743208494,0.12080815721642332,0.08572685973008591,0.15118543470680865,0.10697149995130752,0.19390096480020966,0.09566070628660193,0.12147460588729303,0.1090997432042267,0.11471543113717236,0.1156212313914816,0.16038918857567847,0.10275730394260578,0.22582801035444935,0.15976471821082003,0.17004187884462585,0.18838089652163725,0.19611998686118906,0.18332556069403289,0.16929503262992363,0.38534171321536553,0.10582166677522369,0.09318151325831604,0.19055227037175212,0.4899188507425688,-0.056353360581961505,0.1850693432931306,0.2725188084355539,0.09626349041511272,1.6500822621602846,-0.15261742176793763,-0.32372377871647734,0.1443935159400022,0.6003194163589943,0.17748916754969882,0.08610060019393068,-0.08652576803596237,-0.08368190385732177,0.20855162722186482,0.1864394569546491,0.12677209812177742,-0.15677307611739152,0.17720457466231251,0.25821869266497915,0.0953206754071006,0.25830642931048853,0.2172025984772791,-0.11697186041059254,0.16096516550713316,-0.007420027720223807,-0.28165768692228904,0.04293528476250598,-0.02480936549411327,-0.09524144851648803,-0.04623437714067215,0.13778047616243808
-0.06967388556700085,0.25763201426132926,0.3209815956078036,0.3182935460013965,0.2912693745575201,0.3241110771632242,0.24788509329732067,0.2998434388718453,0.20768890015600588,0.30449618972051534,0.2554428139131437,0.26964160455520714,0.20102142202731021,0.2246794649983171,0.26737432431122216,0.2755841262991966,0.26182809514512084,0.26791072275956074,0.20219881204211346,0.33457191984249796,0.2010303328861408,0.2858590977559688,0.31955953144915933,0.19552213297057836,0.4436725155330747,0.2601032773997812,0.23070291745269758,0.025390185965712544,0.5726544055139297,-0.023426285846295268,0.17748564283872417,0.2472273122405401,-0.15261742176793763,1.7470603488400451,0.33097449148734165,0.2196277131171149,0.5067168670328364,0.1663999281355855,0.2911764716980255,0.013353491893673016,0.24223342763376304,0.2559435202666314,0.42047103792014723,0.18786254402140362,0.04930421881472729,0.2061316654752497,0.33333836041657045,0.019806931397227282,0.3866338656407314,-0.26915566016333886,-0.05590605386071577,-0.03987038037225764,0.1779407237517872,-0.06531809382169104,-0.09687218085014791,0.08225452910437732,-0.18619006332399496,0.09420600208775924,0.061135649920194005
