1.3447999966457855,0.2641194784713663,1.0015954061088852,-0.04840183780213004,0.22215919162605322,0.20358712439699733,0.3190088395029002,0.16113795276035342,0.29096929599695687,0.3296542850951349,0.2360295632706939,0.2877443720671018,0.20811764833755242,0.23746380051952143,0.2142229032344302,0.2223805261550626,0.19044141263499648,0.29379123448520367,0.1845301173472912,0.14096520334523677,0.2877138757829194,0.3024627927511027,0.1716678906039176,0.1269210401154674,0.22469976450574142,0.09650806355983732,0.20260346642799773,0.09715965160641386,0.264257373336793,0.1490450779471548,0.18398271877555977,0.1655760209621222,0.17854853779833607,-0.06494215775834095,0.22474809085842548,0.25492949839795503,0.07693724518113934,0.13108748172368928,0.07856835108505683,-0.043985712864963944,0.2640442973190965,0.13738685535748565,0.2144738460682211,0.06774477039524092,0.3011897196164852,0.4041768590810412,0.2262283413068102,-0.021873380237165518,0.09657540593313098,-0.18079923492373964,0.09752733677674963,-0.17848419403880902,0.25412871444594287,-0.019056190072891884,0.14777360849573615,0.10515522600520182,-0.2031981688391666,0.05431631666535044,-0.27813063772818347
0.2641194784713663,1.8852974130419502,0.28786041602110635,-0.30879739633524705,0.045901166293762154,0.21728035266287074,0.10251468470941782,0.05609815266319156,0.19771063469768252,0.15513598292450348,0.06924430898446089,0.004654650868116364,0.08853461329622948,0.036383538091993774,0.11843503515563567,0.018114857962123396,0.0596046857732431,0.04968481584188049,-0.07092160673852849,0.14540917016874738,0.2413929356663154,0.04656784720453943,-0.1060946067721015,0.0744786521647761,0.036083962074724356,0.007915997818700336,0.03264700077946927,0.10458374257478255,0.1292529349255177,-0.01565285387306615,0.07051727190137975,0.05163928876363648,-0.033141347814085835,0.020001309139581657,0.19378190895670422,0.018060768493148655,0.04049857090482461,0.07342278030821792,-0.026698592854121923,0.10606404636815964,0.05043445399779418,0.06535582318711018,0.0492106360333762,-0.03613274866061818,0.2610367859617664,0.0923399106190956,0.1443880193180049,0.010387617850333384,0.09458509721212677,-0.23515071274226382,0.14056401512338665,0.14224367823382214,-0.044417223684022886,0.01886260042456384,-0.26046096370097943,0.08179787271714789,-0.057464596709181366,-0.18637322236751153,0.42248926867188297
1.0015954061088852,0.28786041602110635,3.436070538568595,0.3827400529904488,0.25191436577006954,0.4717878723951669,0.26397925242306014,0.8225091307796407,0.5975181058617541,0.6997008939042539,0.5780746600929304,0.5830498932823516,0.47699078638461784,0.5358190404027895,0.40765491185044334,0.5396598604420296,0.5659138923210038,0.6215602200378911,0.4365035630738587,0.39438644613031565,0.4263503017709051,0.5090179298602611,0.33505670447421915,0.5350986666956474,0.5436787900601345,0.5476125306565011,0.46658018641871973,0.31972837454251674,0.7251929981962881,-0.17679703369268723,0.32822984754517903,0.42295193529323355,0.31562253391187284,0.4312371703442285,0.5838213807592771,0.6396779329738359,0.5773525461203919,0.28592646774085795,0.18067068212866635,-0.26969001967481065,0.8361151417375101,0.41534114519070575,0.42094943227985826,0.21899506385877163,0.7906848727979144,0.9731350903113642,0.6343030267317917,0.020958658855694028,-0.29954011875501063,-0.29402267451533975,0.3058255549679702,-0.10193012889018686,0.3663501976949244,-0.16522021908555518,-0.029729137365344452,0.12816829014988826,-0.2546518547854263,-0.06643693818191192,-0.24211728980209143
-0.04840183780213004,-0.30879739633524705,0.3827400529904488,1.4185246611642521,0.3180209299786866,0.37734781162572856,0.25575672883347317,0.3772129500541677,0.1781586075376159,0.2790416120557906,0.39448253213298234,0.42009079956887635,0.2533069822901141,0.3787947459158409,0.2799733168407126,0.38463376934808613,0.3472584505973687,0.3611246242363505,0.31213275324017126,0.2954963546602072,0.2311965273670082,0.25394390358806285,0.20175611569538673,0.3263733831687935,0.3184855509741787,0.3322764120900448,0.25745725169323413,0.1957907143721629,0.40447693949358615,0.15761235408211127,0.09089949401747491,0.3393319185916791,0.2140217114631301,0.4547775415438388,0.15050840694830656,0.2717810693370942,0.3989895759222225,0.2062686160839467,0.25353371039510325,0.0006149742611446084,0.44151325549004466,0.24102559487327743,0.24171106624598515,0.3109193463310759,0.38697336283238215,0.3576634546020588,0.3628003848590717,0.09692450197679922,-0.03405874992212265,0.06367263606066492,0.03133926600823018,-0.05399264672949044,-0.020592610427763246,-0.003461456880314547,-0.2663577798485678,-0.04013881335203162,-0.04306754849882864,0.27742719013022776,-0.19632357498075362
0.22215919162605322,0.045901166293762154,0.25191436577006954,0.3180209299786866,0.8809434728856816,0.3777063232494931,0.18618576982458818,0.2830526018820283,0.2592175868912253,0.2971942458224406,0.26663465343368703,0.3028357701376968,0.23917130769903727,0.28445320799551566,0.27577440067489606,0.3417044956565902,0.2629035268271746,0.2667657855797894,0.4190919163608537,0.21645171478714073,0.2263281443731755,0.26787810841164483,0.22137637887196232,0.3111779617734929,0.2771040585654734,0.2991570925323293,0.17419056452961418,0.09237819009938691,0.40102069114809863,0.18594842143801893,0.16232472227868971,0.24442248376209735,0.1744468564154342,0.37638267099785755,0.16833393172823846,0.25279425903330194,0.33761935277270405,0.1939829601498456,0.19416926850582727,0.1387061585520746,0.454214781524208,0.2676098540837126,0.17825351166985912,0.121920158770216,0.3015624320276118,0.45754038687075155,0.4459766741154431,0.1592037346272349,0.29539258552715036,0.014644385127700778,0.07621949060477207,-0.285167190399982,0.19947118081018517,0.03807035646440687,-0.1472775051157056,0.011414520656052432,-0.16161234645122421,0.10761048273790916,0.01695209995504966
0.20358712439699733,0.21728035266287074,0.4717878723951669,0.37734781162572856,0.3777063232494931,0.6729287265884213,0.1699851248992755,0.3415197020362456,0.2972033831594642,0.32983034444177306,0.30917616440109746,0.28911899826959375,0.27363179183347314,0.3255406095596177,0.2704285671279326,0.31989230719273104,0.3223654624116841,0.3130059595772859,0.4357484050602967,0.3101834024972193,0.29947507217248387,0.3547217545817862,0.14738730237292244,0.38124069535064276,0.2777961332024895,0.33032940695438945,0.22277145706777127,0.24630731889533763,0.49000121922910816,0.16705550556486973,0.16304831869250397,0.30355200103495217,0.22285557574247203,0.34066551008297213,0.22588875486699994,0.2027394280799721,0.37143915104508873,0.23690135074349586,0.2929538326787705,0.08467841063667597,0.35784687173388885,0.26045196544483407,0.3019886486107338,0.15010655998700917,0.3581068303959139,0.4072379557901118,0.5252689047611071,0.12207215163474242,0.5062836737468942,0.14660447896920648,-0.0999943280108503,-0.07193935495036646,-0.08023631033650189,-0.0018889290879135023,-0.14464446825063224,-0.0009684728474476448,-0.12825263090826788,0.168222271249406,-0.03037885272663892
0.3190088395029002,0.10251468470941782,0.26397925242306014,0.25575672883347317,0.18618576982458818,0.1699851248992755,0.514740008332516,0.08736626482613684,0.3037805733989708,0.22609034395604158,0.23453450927730807,0.2630447716859783,0.20369012619920596,0.13051193489009372,0.17036575526347886,0.1754345006973722,0.19147254711972667,0.2548932750406605,0.15001411042095408,0.15656374514490512,0.25317825502646407,0.2542614566783167,0.1776856957161978,0.2448438091904031,0.17782072006610275,0.10010691964269468,0.1553767326225091,0.10268320798749545,0.27714479992683455,0.1746077622185476,0.09769556151854446,0.12741299093682856,0.15408774780105267,0.1501655346989172,0.11801253298157074,0.22025919669826838,0.19287389803893737,0.1170662727008368,0.10698649326005781,0.0065144014589958565,0.19541133972006963,0.14112209290863945,0.15611284445055348,0.11097622583337137,0.2424414434497585,0.21862277273057332,0.11037098583112274,-0.032901641767012775,-0.0426282698925957,-0.10110632053278848,0.037123114122511174,-0.0321317979402318,0.0996581268182101,-0.02671159752882376,-0.050766935549517014,0.06840466343906826,-0.18559666512363138,-0.022896286372289184,0.04567249484142006
0.16113795276035342,0.05609815266319156,0.8225091307796407,0.3772129500541677,0.2830526018820283,0.3415197020362456,0.08736626482613684,0.8597359348597022,0.14916510983820203,0.35417497068383,0.4083635983955815,0.36779101243934825,0.3179624462751867,0.37734934908512474,0.23345344806353424,0.3730898103933534,0.3781413490861588,0.35095395767114573,0.35463851940392865,0.3239519674942169,0.18808931492479947,0.27092844116315007,0.1250345643306486,0.320384721557706,0.36007047246665297,0.4503085837493497,0.2913984123928081,0.23871400146778698,0.3943347554585648,0.06328153975794369,0.11470131773411466,0.32949185609722514,0.1789664406104362,0.3913531652334457,0.39905211836457255,0.2363340421683401,0.37723469047790653,0.21911024341388313,0.26568863091933165,0.07599358230800136,0.4904582206201731,0.2742943236884447,0.32281866747300836,0.11270319383302127,0.41294911950073404,0.4660976461137889,0.5573463576587713,0.15709709445667308,0.3834727414047276,-0.03807317259193928,0.05248779615029561,0.05222614480029984,0.08054925679282832,-0.08123089356554888,-0.1491992332633916,-0.07333616507386036,-0.05052652961070208,0.21899237569363766,-0.15270291990608234
0.29096929599695687,0.19771063469768252,0.5975181058617541,0.1781586075376159,0.2592175868912253,0.2972033831594642,0.3037805733989708,0.14916510983820203,0.788695578521585,0.1826900611461875,0.22062344861942537,0.16686470282713076,0.26014504857656573,0.2037655447660686,0.21109210717017932,0.19115661622673305,0.2110289835800952,0.24345380932052393,0.24462128440629585,0.2448275916065194,0.27264003782462104,0.29588759003011483,0.20136497307717902,0.4024197373992978,0.19699059138318517,0.2902315809243979,0.1870175425600845,0.15564867398045537,0.33241144146245505,0.1799912595917911,0.18968882630957393,0.1803768160265476,0.2447290519142014,0.1417213058753465,0.14025552300169475,0.29231491871112414,0.304536861348817,0.17648239622695075,0.13876283357886154,0.00874115244759695,0.2699135957674679,0.1965199610542412,0.2028338210311341,0.10149787080866546,0.35062591739101545,0.40541427264176105,0.21607960614065552,-0.03227011158055535,-0.21236504346524357,-0.16080667378971325,0.08605782273029547,0.01491140296678703,0.15255948715698062,-0.10357205792927207,-0.08414276729749282,0.08716392861902497,-0.18258054058083498,-0.08837434539829785,0.15028115101698325
0.3296542850951349,0.15513598292450348,0.6997008939042539,0.2790416120557906,0.2971942458224406,0.32983034444177306,0.22609034395604158,0.35417497068383,0.1826900611461875,0.8881372470961079,0.3032504240015504,0.33827814108499193,0.2771885258464193,0.27261119474691764,0.28469414384578806,0.3206570991464041,0.3091406911479439,0.3004882987189739,0.27137984366251283,0.15282467586171153,0.2141767796453414,0.3329586919700849,0.3445137340217959,0.37584382673535416,0.33164086774653867,0.33562805594661876,0.19857545602863919,0.15516325224469416,0.5150189094587014,0.030719489762053714,0.23562914846028332,0.24683647299534636,0.08793855226440984,0.44160141809026016,0.3865840292317139,0.2914916813030068,0.3073478794905884,0.15542082536817214,0.17635781081130847,0.11346743698319921,0.595666395174106,0.271786046712157,0.18622083311110216,0.17073512647697991,0.2785425766041174,0.5230514818090035,0.5141780808482148,0.1571743236375356,0.3353314355917071,-0.08440396422082096,0.08714318506402578,-0.2473541829619782,0.14447707254680534,0.06635170728851339,-0.012564357299705235,0.18751941464799396,-0.18291153508293428,-0.36695345257781753,0.21605620533248493
0.2360295632706939,0.06924430898446089,0.5780746600929304,0.39448253213298234,0.26663465343368703,0.30917616440109746,0.23453450927730807,0.4083635983955815,0.22062344861942537,0.3032504240015504,0.6440382130065369,0.4205565224793888,0.31415181477603393,0.3069700714291184,0.343619421053552,0.3338664299147934,0.3730215158329434,0.3607355922415332,0.286881567627967,0.3374944350301166,0.2883115591911586,0.2382099023016679,0.12836528461603794,0.34032839866647835,0.3113071083093467,0.36815681945252665,0.2581452969331223,0.22986834776061346,0.424049173094492,0.1333636957615291,0.14437023143610656,0.2686396242505841,0.1717916323705413,0.2971088655388027,0.38566671882532516,0.2858083469391822,0.3047521016715169,0.21027356484351215,0.19380135980672183,0.10155941491725597,0.45167713404818527,0.2710706073490416,0.2535503856370487,0.08919245012036622,0.43804812480217525,0.46574238419729386,0.39497698244540086,0.10425667250491115,0.018517591060833616,-0.08714558111872735,0.07482850357207724,-0.06911016905027549,0.11538249385833733,-0.02005882779049001,-0.18065416907813786,0.0295461778000845,-0.18819330450739674,0.08467930163079922,0.006419758882285794
0.2877443720671018,0.004654650868116364,0.5830498932823516,0.42009079956887635,0.3028357701376968,0.28911899826959375,0.2630447716859783,0.36779101243934825,0.16686470282713076,0.33827814108499193,0.4205565224793888,0.7191218593724674,0.2785045530360151,0.32572604774003305,0.2668828278608354,0.3729905670677969,0.3737084336295489,0.3950797380337446,0.2938839939109434,0.251546174416487,0.28437237642650187,0.2660754166216872,0.14366677707863865,0.2005361442490852,0.3443828171409407,0.2752833147745196,0.2911046273133843,0.128284286805938,0.29451549378216046,0.18423591138092774,0.09620578980177537,0.28605116029550587,0.15118307285228028,0.3284996526468021,0.32180603719447776,0.2743419063178003,0.19843190007192124,0.17458806805098728,0.1619268870868184,0.038484280823620806,0.41600684304829705,0.22913679099478407,0.2884553418734284,0.11592585835418986,0.48449456462369134,0.4165703881781129,0.43098346541016824,0.11134358348713702,0.3220019709041721,-0.12039284055781888,0.10559569144215553,-0.26101394958102986,0.20338597812436116,0.027444329772209303,-0.12766432946849005,0.06613818664318043,-0.2275599848869432,0.38812831696688205,-0.5281102562003874
0.20811764833755242,0.08853461329622948,0.47699078638461784,0.2533069822901141,0.23917130769903727,0.27363179183347314,0.20369012619920596,0.3179624462751867,0.26014504857656573,0.2771885258464193,0.31415181477603393,0.2785045530360151,0.455844595496034,0.22523608883645352,0.19115305136629462,0.25294161099130813,0.26636094439674807,0.30267130178817253,0.25106232388919975,0.22921230165489995,0.19770851011093515,0.34796105023776325,0.13270768163436306,0.33538023777564585,0.2372430228213399,0.309068418403495,0.21852726251351948,0.1936232253183519,0.4437441433524846,0.07310254911971896,0.10029791238690076,0.21353842599341022,0.17044124909034727,0.22697700362429712,0.27584747509717855,0.2389964477005353,0.24043511253656488,0.15242633987444085,0.18333681094802332,0.07371062481416342,0.3632488521745005,0.2043952483451093,0.22305914180627187,0.10142092043681164,0.24192191681935027,0.3761297527945863,0.3162363642640716,0.03486029790242519,0.1761100989947341,-0.016368436063059773,0.041297132511059174,-0.06684002554323176,0.051671407480301704,-0.03246462840086822,-0.0703010217010917,0.02946678921729702,-0.22302047551092022,-0.042887149062750915,0.16473098502110836
0.23746380051952143,0.036383538091993774,0.5358190404027895,0.3787947459158409,0.28445320799551566,0.3255406095596177,0.13051193489009372,0.37734934908512474,0.2037655447660686,0.27261119474691764,0.3069700714291184,0.32572604774003305,0.22523608883645352,0.4883398890198097,0.28612941836519634,0.3620897374271285,0.30474392557207514,0.26417207450370245,0.29257229627784126,0.2973787741807733,0.20038247351797406,0.2471074617528952,0.13733528558808988,0.2950498192618733,0.29855116456976366,0.4002883294197759,0.23936925160368952,0.17142425508261055,0.3008640144423631,0.17304605669574336,0.14008243069862053,0.37017928581716025,0.17658813059944362,0.30874876346010605,0.32126798069218554,0.243459114864029,0.25112777902196676,0.19545710030033706,0.22079705611914063,0.10633171424426328,0.45734254697490584,0.25181426262470535,0.2579470066258089,0.12184551124022011,0.4026849910821799,0.4436239533174191,0.47863325011837976,0.142333103506874,0.36346349485532975,-0.03016756686552513,0.03834354117027303,-0.18933258408201686,0.17154987097386257,0.0016272087141528423,-0.19510768557787192,0.010601044959714636,-0.03299525511356919,0.22168978262945127,-0.2082273690950698
0.2142229032344302,0.11843503515563567,0.40765491185044334,0.2799733168407126,0.27577440067489606,0.2704285671279326,0.17036575526347886,0.23345344806353424,0.21109210717017932,0.28469414384578806,0.343619421053552,0.2668828278608354,0.19115305136629462,0.28612941836519634,0.6970098812476424,0.2781113817638851,0.3320037940665571,0.3189900245426152,0.272296575948314,0.26610542267735754,0.2586395584066976,0.07252237727422907,0.11726071053078017,0.32433528344545826,0.3088229760931301,0.31087087477064795,0.18378358814918147,0.2733521894447473,0.3882669638767051,0.22009616050933914,0.16527398042212604,0.2345219561019916,0.1839318193865452,0.2796468125609204,0.32512493177816837,0.2513505116801992,0.3132046293865214,0.14571956589759882,0.2200526726935921,0.129488126857112,0.46479231134581145,0.2538565786319395,0.17019360479395135,0.09451631578591091,0.40440931229784816,0.4443035860353332,0.3919516173957177,0.1637866671823218,0.09531844408798111,0.14925013551083033,0.05726102893683629,-0.08349626648207624,-0.05270090698157623,0.02669795388828646,-0.1943427271269617,0.062185825172333814,-0.15205206032537028,-0.0005284845325306751,0.15412215620875364
0.2223805261550626,0.018114857962123396,0.5396598604420296,0.38463376934808613,0.3417044956565902,0.31989230719273104,0.1754345006973722,0.3730898103933534,0.19115661622673305,0.3206570991464041,0.3338664299147934,0.3729905670677969,0.25294161099130813,0.3620897374271285,0.2781113817638851,0.7573302697833846,0.40847605505949813,0.3087214812231828,0.3685544363000049,0.27555175868159504,0.2374532850403538,0.25768759276877606,0.0957229998205509,0.28576619143057674,0.365772372780931,0.2647168851756677,0.28915534148411787,0.27658331318504514,0.43470123680930534,0.10828964206281967,0.11266445920632423,0.30868424028814223,0.14439335514748805,0.3750652079519577,0.5011437397312376,0.26485791038709783,0.32215812060657284,0.1734056879321985,0.18703507229387265,0.12846945848221722,0.5075718187620072,0.3239376179214654,0.2772203563699331,0.1365144603672039,0.39218543341859713,0.43597479182527094,0.4453982052087055,0.14407439236831496,0.23581007312705493,-0.1888627966063794,0.05830158265794139,-0.0357692810122252,0.11583568313578099,0.010238148309733857,-0.1050203185126977,0.02304983398907465,-0.21122951709193769,-0.0681582410971655,0.17890604449638697
0.19044141263499648,0.0596046857732431,0.5659138923210038,0.3472584505973687,0.2629035268271746,0.3223654624116841,0.19147254711972667,0.3781413490861588,0.2110289835800952,0.3091406911479439,0.3730215158329434,0.3737084336295489,0.26636094439674807,0.30474392557207514,0.3320037940665571,0.40847605505949813,0.9020776673955277,0.24518249300166528,0.38939153096006546,0.37777738404786226,0.3526709956325658,0.19063857022026331,0.025695701800231063,0.23526794232715198,0.31332509613778897,0.22186197417559456,0.2718397163528191,0.5159747325412293,0.3794457271473646,0.09690145984185383,0.1789929054994754,0.2809916991417567,0.2901349795646621,0.3371216878291669,0.5278874908953813,0.2990575417821106,0.5455277647341094,0.26328803501973097,0.20959034421658798,0.11819826684073911,0.6021768504307691,0.426448320393501,0.20160893589210152,0.14216424605768893,0.6502369319870659,0.5019151174408333,0.5395967182434606,0.22625098533710433,0.1586597128479342,0.1757092904796927,0.10235040938682397,-0.026219183281314288,-0.17074804114753214,0.015332246463020257,-0.4735277974676013,0.038213605150266,-0.1177180885664508,0.16672109563295173,-0.0423864912859674
0.29379123448520367,0.04968481584188049,0.6215602200378911,0.3611246242363505,0.2667657855797894,0.3130059595772859,0.2548932750406605,0.35095395767114573,0.24345380932052393,0.3004882987189739,0.3607355922415332,0.3950797380337446,0.30267130178817253,0.26417207450370245,0.3189900245426152,0.3087214812231828,0.24518249300166528,1.6799500651168027,0.4149262799004166,-0.02796943557725376,0.3270211704272709,0.4034569338710839,0.16642823223216838,0.3896561797648612,0.2850012227219696,0.32506564297368057,0.26148907014262085,0.38676403704847606,0.4288658528925943,-0.013810672794173804,0.12896267468873598,0.25571656010599975,0.3254038198258863,0.26550561505730635,0.21649051239606934,0.3760353630479743,0.20288578799478985,0.05002848885827306,0.39382887508615655,-0.0009946622114001262,0.26115661266708395,0.06336531130669582,0.4004085132826044,0.07970586384129305,0.5930351228803695,0.3815664419218567,0.2693176861308336,-0.1922005619038025,-0.16660144476488326,0.23685794533782784,0.3174491387413634,-0.05400479065646673,-0.336548380455019,-0.18096349192405098,0.00478032445180458,-0.04349370032554269,-0.2520255313802097,0.17361243458498368,-0.06268495913927333
0.1845301173472912,-0.07092160673852849,0.4365035630738587,0.31213275324017126,0.4190919163608537,0.4357484050602967,0.15001411042095408,0.35463851940392865,0.24462128440629585,0.27137984366251283,0.286881567627967,0.2938839939109434,0.25106232388919975,0.29257229627784126,0.272296575948314,0.3685544363000049,0.38939153096006546,0.4149262799004166,1.0098256419075837,0.10165008724861484,0.3582933285603622,0.31921063351106066,0.051645902133854185,0.2882231314402034,0.2700649880074342,0.22376515821023696,0.21370543213768373,0.3972967141281284,0.46597401495932717,0.30662619634510585,0.154894266055214,0.30717473180795923,0.332616472893797,0.27466783056163846,0.2146251739606076,0.3117979938873515,0.38919639478735085,0.19992595272989916,0.36426317851060275,0.13158648069936305,0.4676248362042426,0.25634344369524653,0.20851777712942465,0.11879581303066064,0.4655423230543775,0.4846330175308869,0.40603262095942294,0.12228770411421083,0.2448328259776981,0.17852708084850286,0.20231394685980836,0.20338382454843335,-0.30715363806046936,-0.09444718199804503,-0.21110556288920088,-0.028763551715133652,-0.08616212274492466,0.3272661709412148,-0.1736038784648163
0.14096520334523677,0.14540917016874738,0.39438644613031565,0.2954963546602072,0.21645171478714073,0.3101834024972193,0.15656374514490512,0.3239519674942169,0.2448275916065194,0.15282467586171153,0.3374944350301166,0.251546174416487,0.22921230165489995,0.2973787741807733,0.26610542267735754,0.27555175868159504,0.37777738404786226,-0.02796943557725376,0.10165008724861484,1.0736421085345478,0.042754304023250866,0.12755197651594152,0.03113774310806593,0.43203247003128464,0.2520313799615502,0.4257757240639434,0.334178882366619,0.25526053985347746,0.19370828910641363,0.4247701057064784,0.0824400113508013,0.23356397969494364,0.29974049946958137,0.20455551290507815,0.297773264059301,0.13253265032057526,0.6032416451836883,0.4221594377087661,0.22432394957671226,0.06805530897320486,0.26511715126815766,0.31878057481248645,0.5209192577984215,0.12517071469377386,0.5035833648409138,0.3361273986058045,0.35768808382227457,0.2468781576389857,0.31674256299071707,-0.012349203755240954,-0.2026497563266306,-0.02345048179499372,0.1858343094637385,-0.011058289462539983,-0.10569220181139417,-0.040309584721736354,-0.0943051572317355,0.4025323672573793,-0.26916616644791136
0.2877138757829194,0.2413929356663154,0.4263503017709051,0.2311965273670082,0.2263281443731755,0.29947507217248387,0.25317825502646407,0.18808931492479947,0.27264003782462104,0.2141767796453414,0.2883115591911586,0.28437237642650187,0.19770851011093515,0.20038247351797406,0.2586395584066976,0.2374532850403538,0.3526709956325658,0.3270211704272709,0.3582933285603622,0.042754304023250866,1.0151256360973548,0.26365779753205154,0.18210075755789779,-0.10467379510588722,0.23834616040994222,-0.37578695337264306,0.16749195043992704,0.236585391394459,0.33060960059747846,0.3162480691261142,0.19450492341272838,0.16905579430178966,0.1291145337856371,0.2572724817068112,0.5256346586624936,0.16150140478380784,0.24019000148433306,0.13141291928318674,0.13855339610422387,0.0921211835660278,0.27707284832178036,0.2272999597529479,0.21759674720805064,0.1347568266367936,0.7042970798033451,0.2824469189419504,0.46945361833953303,0.06980385237369433,0.2533190612221443,-0.26148125707373826,0.20907444270091993,-0.10019292913527751,0.14460595806002072,0.01249537910859255,-0.27263060294131547,0.05609129752354196,-0.25082687655443403,0.11191871315692234,0.11087716226903947
0.3024627927511027,0.04656784720453943,0.5090179298602611,0.25394390358806285,0.26787810841164483,0.3547217545817862,0.2542614566783167,0.27092844116315007,0.29588759003011483,0.3329586919700849,0.2382099023016679,0.2660754166216872,0.34796105023776325,0.2471074617528952,0.07252237727422907,0.25768759276877606,0.19063857022026331,0.4034569338710839,0.31921063351106066,0.12755197651594152,0.26365779753205154,1.2772998501465112,0.4406655050877156,0.2780564887517175,0.2833398614245583,0.11574435822288508,0.2491343006852234,0.1056471803091338,0.5051840204191039,0.08515628833770664,0.14459119757774141,0.24085361019039286,0.22655584907158177,0.22102042565217822,0.23658156926831655,0.3162303693869418,0.1471226500029103,0.16662168256142873,0.2503714798657193,0.07917088361265592,0.2643280571672393,0.21744466012655125,0.3278527704743038,0.18672383396536937,0.07475256113560955,0.43071325758489853,0.3987858909761502,-0.26102264736313235,0.6736628074642654,-0.09988093394259903,0.005669662179014116,-0.26828028587526026,0.20434318272481158,-0.0559968183723656,0.06893244750826172,0.04211916525552577,-0.33777404441946973,-0.20240730200035953,0.32427165994573065
0.1716678906039176,-0.1060946067721015,0.33505670447421915,0.20175611569538673,0.22137637887196232,0.14738730237292244,0.1776856957161978,0.1250345643306486,0.20136497307717902,0.3445137340217959,0.12836528461603794,0.14366677707863865,0.13270768163436306,0.13733528558808988,0.11726071053078017,0.0957229998205509,0.025695701800231063,0.16642823223216838,0.051645902133854185,0.03113774310806593,0.18210075755789779,0.4406655050877156,1.554895577961869,0.36507456355509993,0.4189616229893384,0.14100152711826894,0.12620891506237877,-0.1619416030050739,0.5803207852509495,0.19067731558738413,0.2943866338570124,0.08779919657236825,0.17176267786660798,0.37758892104662883,0.036288606338467706,0.38527935441651456,0.3437224310651664,0.02600680138654076,0.3156944551621074,0.032452829655079424,0.5537409501051804,0.16092995760021322,0.13255237694678904,0.29977679302736826,-0.0594497732253744,0.5210282608420922,0.42553488610009366,0.1502232725188801,0.38921649332575714,-0.12999961415527786,0.07608045265648644,-0.3424250822373547,0.41464137594426004,-0.020567239861755827,0.08168053288023597,0.06353038139686694,-0.16535625858874997,-0.3093224645332073,0.28785499896020766
0.1269210401154674,0.0744786521647761,0.5350986666956474,0.3263733831687935,0.3111779617734929,0.38124069535064276,0.2448438091904031,0.320384721557706,0.4024197373992978,0.37584382673535416,0.34032839866647835,0.2005361442490852,0.33538023777564585,0.2950498192618733,0.32433528344545826,0.28576619143057674,0.23526794232715198,0.3896561797648612,0.2882231314402034,0.43203247003128464,-0.10467379510588722,0.2780564887517175,0.36507456355509993,1.890698978899997,0.311673075535599,0.9612736418662748,0.1613519364091636,0.32870878334774545,0.9551520559050642,0.24981960145674617,0.1878606947705143,0.232306503316169,0.46291581869728715,0.026932711548176537,0.2527560130094909,0.6256464830503634,0.4656314098843966,0.23986509428088074,0.32702776537430656,0.13166489678744867,0.6795218144652563,0.31235294193205204,0.18243374992748923,0.14191662775869157,0.2888068097405,0.748122795625462,0.3391064395203936,0.003527234770504164,-0.060707467804571986,0.07029832663936543,0.006006388542760476,-0.09103441507374961,0.11154704595991423,-0.12305529954586854,-0.020659586647851752,0.05392308230792326,-0.22752914974064697,-0.9509172741036956,1.2291340857870836
0.22469976450574142,0.036083962074724356,0.5436787900601345,0.3184855509741787,0.2771040585654734,0.2777961332024895,0.17782072006610275,0.36007047246665297,0.19699059138318517,0.33164086774653867,0.3113071083093467,0.3443828171409407,0.2372430228213399,0.29855116456976366,0.3088229760931301,0.365772372780931,0.31332509613778897,0.2850012227219696,0.2700649880074342,0.2520313799615502,0.23834616040994222,0.2833398614245583,0.4189616229893384,0.311673075535599,0.7128090475226538,0.23656834644642374,0.2428717794339125,0.13439640521247853,0.6364814923980622,0.19926929888468736,0.15163077702940697,0.2463132712517653,0.16526184498325647,0.4230326140034702,0.33606368900071426,0.3075191113364239,0.4203704260159942,0.18215828327689482,0.19633635294434734,0.0808749056452969,0.5302034826837154,0.27314933987543116,0.2552028176899573,0.1478811927146364,0.3267372123073899,0.5461446288807827,0.495075435176221,0.13210750708276173,0.23161222897377112,-0.17253789445595766,0.09716358695654503,-0.14887897622766208,0.21921919488264377,-0.0038220629505163477,-0.10523999460001834,0.04203202985135902,-0.14926626865778128,0.036624492712064964,-0.020988046088172292
0.09650806355983732,0.007915997818700336,0.5476125306565011,0.3322764120900448,0.2991570925323293,0.33032940695438945,0.10010691964269468,0.4503085837493497,0.2902315809243979,0.33562805594661876,0.36815681945252665,0.2752833147745196,0.309068418403495,0.4002883294197759,0.31087087477064795,0.2647168851756677,0.22186197417559456,0.32506564297368057,0.22376515821023696,0.4257757240639434,-0.37578695337264306,0.11574435822288508,0.14100152711826894,0.9612736418662748,0.23656834644642374,3.289934544745376,0.2745475510835208,0.23257172705472898,-0.07990460945525442,-0.20828041174189113,0.327834241018337,0.44383843005193807,0.0940849370816972,0.28197136854513816,0.281864802368789,0.28995117048398683,0.05441894796087104,0.18209659775381884,0.38282962527887343,0.51929483539157,0.9786940072827794,0.41529569476710065,0.45420596448929956,-0.0026984407276237883,1.1351409278275482,0.619578330110673,0.4472692905884421,0.30506584588851926,-0.1279100059791562,0.1900288320621034,0.12233735706662946,-0.20939732452520257,-0.10734566640375166,-0.004469614620852312,-0.032000043926041374,0.044237287887794303,-0.18847313512655323,1.1824346143419155,-1.164643325122421
0.20260346642799773,0.03264700077946927,0.46658018641871973,0.25745725169323413,0.17419056452961418,0.22277145706777127,0.1553767326225091,0.2913984123928081,0.1870175425600845,0.19857545602863919,0.2581452969331223,0.2911046273133843,0.21852726251351948,0.23936925160368952,0.18378358814918147,0.28915534148411787,0.2718397163528191,0.26148907014262085,0.21370543213768373,0.334178882366619,0.16749195043992704,0.2491343006852234,0.12620891506237877,0.1613519364091636,0.2428717794339125,0.2745475510835208,0.9269858691058391,0.2671754878183597,0.21187872248880188,0.1696733474678286,0.04787159894199684,0.21372361648895258,0.32011593357996376,0.17141014848574096,0.26214953570555355,0.3833661247969277,0.3306310218574212,0.17417779712262552,0.15505911562862335,0.014370858058275652,0.31267761343103584,0.24951106732022782,0.606573025826055,0.12785714293769382,0.48907171334247496,0.2498942113732498,0.18631872244178616,0.02579819445543723,-0.0016578062677154728,-0.08216180809701183,-0.05633123524837388,0.07149402011411092,0.11844459133337547,-0.06394307657356474,0.10254674458582701,-0.03637014865132966,-0.17572384501112998,0.08955538539819333,-0.013943187355312461
0.09715965160641386,0.10458374257478255,0.31972837454251674,0.1957907143721629,0.09237819009938691,0.24630731889533763,0.10268320798749545,0.23871400146778698,0.15564867398045537,0.15516325224469416,0.22986834776061346,0.128284286805938,0.1936232253183519,0.17142425508261055,0.2733521894447473,0.27658331318504514,0.5159747325412293,0.38676403704847606,0.3972967141281284,0.25526053985347746,0.236585391394459,0.1056471803091338,-0.1619416030050739,0.32870878334774545,0.13439640521247853,0.23257172705472898,0.2671754878183597,1.2944172320091516,0.334134361115964,-0.05068952022095965,0.17242733330925927,0.2264900158199125,0.5413675020449914,0.04031343646379255,0.8011492917864153,0.2013129026228291,0.5693240934178887,0.19004557799774033,0.3658679942830824,0.21348225810694524,0.46395507111777196,0.2989737933808717,0.21126117231207825,0.19206565329675343,0.41721365951947015,0.2448302633886585,0.23457632733083375,0.181538493451945,0.1002819259239143,0.4123579505225191,-0.023178622562329054,0.724737336822478,-0.9454266841904508,-0.061212165874364025,0.08543930264220553,-0.06695335129081456,-0.059121448020333804,-0.6166662640533431,0.9497107236897175
0.264257373336793,0.1292529349255177,0.7251929981962881,0.40447693949358615,0.40102069114809863,0.49000121922910816,0.27714479992683455,0.3943347554585648,0.33241144146245505,0.5150189094587014,0.424049173094492,0.29451549378216046,0.4437441433524846,0.3008640144423631,0.3882669638767051,0.43470123680930534,0.3794457271473646,0.4288658528925943,0.46597401495932717,0.19370828910641363,0.33060960059747846,0.5051840204191039,0.5803207852509495,0.9551520559050642,0.6364814923980622,-0.07990460945525442,0.21187872248880188,0.334134361115964,4.03618638323626,-0.1767003093714638,-0.17893621522329387,0.31748153818070085,0.375888195833266,0.5864428355666924,0.11228508759252531,0.699024664384595,0.7766546734689794,0.09522671167949777,0.1664085085660351,0.02886364225191083,1.2011100748640813,0.28167372105633637,-0.08032446169240798,0.05818885206414701,-0.17527663039100627,0.8946526662462684,0.5381416709861103,-0.038159183864623455,0.001744991840386973,0.12056671911643295,0.08744752732557134,0.17283406015740488,-0.292549791035082,0.08509649815573404,-0.04479996888635122,-0.058377987165127654,-0.2912439784130664,-0.5958071597460394,0.8765566799744523
0.1490450779471548,-0.01565285387306615,-0.17679703369268723,0.15761235408211127,0.18594842143801893,0.16705550556486973,0.1746077622185476,0.06328153975794369,0.1799912595917911,0.030719489762053714,0.1333636957615291,0.18423591138092774,0.07310254911971896,0.17304605669574336,0.22009616050933914,0.10828964206281967,0.09690145984185383,-0.013810672794173804,0.30662619634510585,0.4247701057064784,0.3162480691261142,0.08515628833770664,0.19067731558738413,0.24981960145674617,0.19926929888468736,-0.20828041174189113,0.1696733474678286,-0.05068952022095965,-0.1767003093714638,3.0995427130824798,-0.2506340528224604,0.08991282910802012,0.6307479143399639,-0.3150383453292483,-0.15987612368786874,0.07309897788839802,0.5894375391398124,0.2088812187014917,0.05665682339008439,-0.11811268533793164,0.06331052373025724,0.10060172956323228,0.8139694976930536,0.1485667228006271,0.6833519163269642,0.3902916480681575,0.6469632741694001,0.19625509371689528,1.1705548562179082,-0.31935007331736703,-0.06830652850675127,-0.5153064385226013,0.6032910311536358,0.0883815687898023,-0.16402311700858288,-0.156372999124493,-0.12062266282617529,2.7039191944748358,-2.4991268866133267
0.18398271877555977,0.07051727190137975,0.32822984754517903,0.09089949401747491,0.16232472227868971,0.16304831869250397,0.09769556151854446,0.11470131773411466,0.18968882630957393,0.23562914846028332,0.14437023143610656,0.09620578980177537,0.10029791238690076,0.14008243069862053,0.16527398042212604,0.11266445920632423,0.1789929054994754,0.12896267468873598,0.154894266055214,0.0824400113508013,0.19450492341272838,0.14459119757774141,0.2943866338570124,0.1878606947705143,0.15163077702940697,0.327834241018337,0.04787159894199684,0.17242733330925927,-0.17893621522329387,-0.2506340528224604,1.7728619870582227,0.16130851149527006,0.19527966649186138,0.09482449844458847,0.2842716296227308,0.2814077035140103,-0.09355934413194092,0.23985636621547754,0.3658961557238091,0.2108924458899798,0.14134419507667295,0.22656114257887994,0.007957561963821481,0.14771261515375086,0.3112184027203141,0.4869859555639565,0.3970396188690455,0.11078849640026035,0.260674472314999,0.0927264159097752,0.009943100383657163,-0.026915489025826807,-0.005374083723089312,-0.029329941428614375,0.028494625556015632,0.20012086963564396,-0.000502443642096175,-1.1202075552511523,0.9682271171802155
0.1655760209621222,0.05163928876363648,0.42295193529323355,0.3393319185916791,0.24442248376209735,0.30355200103495217,0.12741299093682856,0.32949185609722514,0.1803768160265476,0.24683647299534636,0.2686396242505841,0.28605116029550587,0.21353842599341022,0.37017928581716025,0.2345219561019916,0.30868424028814223,0.2809916991417567,0.25571656010599975,0.30717473180795923,0.23356397969494364,0.16905579430178966,0.24085361019039286,0.08779919657236825,0.232306503316169,0.2463132712517653,0.44383843005193807,0.21372361648895258,0.2264900158199125,0.31748153818070085,0.08991282910802012,0.16130851149527006,0.5491971181401969,0.13954398976540616,0.3522189391713593,0.24215430232899468,0.2406985267594676,0.1845813985260316,0.188597079878688,0.2809503629623952,0.13560242241996281,0.4312404161284753,0.21764955083392112,0.14667620884618712,0.10792938039675565,0.384835274774161,0.3800202216201211,0.415170058547115,0.10784696611826156,0.3271978954531385,0.054196998934398784,0.05678792109378264,0.04781032990425826,-0.1751019403909497,0.011722512110439997,-0.2367024012812685,-0.01895741267343765,0.21883423851573083,0.1736866803843781,-0.3382790163554038
0.17854853779833607,-0.033141347814085835,0.31562253391187284,0.2140217114631301,0.1744468564154342,0.22285557574247203,0.15408774780105267,0.1789664406104362,0.2447290519142014,0.08793855226440984,0.1717916323705413,0.15118307285228028,0.17044124909034727,0.17658813059944362,0.1839318193865452,0.14439335514748805,0.2901349795646621,0.3254038198258863,0.332616472893797,0.29974049946958137,0.1291145337856371,0.22655584907158177,0.17176267786660798,0.46291581869728715,0.16526184498325647,0.0940849370816972,0.32011593357996376,0.5413675020449914,0.375888195833266,0.6307479143399639,0.19527966649186138,0.13954398976540616,1.7511280365782127,-0.19352490231511466,-0.45753716483240264,0.14978273515611712,0.6387683149316,0.2075551585975471,0.17177870471587156,-0.13519263962060654,0.040884006849928226,0.22656477737912054,0.4544751372499336,0.1739776552765894,0.32093067641818773,0.4992650006969804,0.47276417326110637,0.14572926652681065,0.38177215093308187,0.25047926778215385,-0.045430051579369246,-0.03932146981239444,-0.03475784740931499,-0.17606146938496992,0.14521420358494275,-0.13646666251020687,-0.16159206355104236,0.6526889468757773,-0.43167880191867464
-0.06494215775834095,0.020001309139581657,0.4312371703442285,0.4547775415438388,0.37638267099785755,0.34066551008297213,0.1501655346989172,0.3913531652334457,0.1417213058753465,0.44160141809026016,0.2971088655388027,0.3284996526468021,0.22697700362429712,0.30874876346010605,0.2796468125609204,0.3750652079519577,0.3371216878291669,0.26550561505730635,0.27466783056163846,0.20455551290507815,0.2572724817068112,0.22102042565217822,0.37758892104662883,0.026932711548176537,0.4230326140034702,0.28197136854513816,0.17141014848574096,0.04031343646379255,0.5864428355666924,-0.3150383453292483,0.09482449844458847,0.3522189391713593,-0.19352490231511466,1.8314153470367232,0.4371500999230649,0.0757920904165183,0.8364210803687513,0.15459254884904966,0.1513455245654961,0.06801550146889916,0.6574720175781702,0.3605628488083238,0.18086892808290156,0.20322198858392274,0.30534785175240514,0.2050779093580155,0.6949928681665389,0.32121479028688416,0.25377863426882596,-0.09215768380844648,0.02853242719403365,-0.09238292155430766,0.07703926610761462,0.07627743745518754,-0.28519713219141374,0.026720780778650956,-0.03721321244593643,-0.11886715121817523,0.1582985644382443
