1.0077890617956402,-0.00016141378506120808,-0.00019535750370886567,-0.0002384093359785051,-0.00029248618560238356,-0.0003215491869116504,-0.00023348239602130906,0.00014827168261109295,7.883914135400119e-5,-6.486025902981973e-5,-3.068398852018373e-5,0.00010445447905331351,0.00030450809900153466,0.0003479417635643401,0.00031867818230921083,0.0002657011935859071,0.0002049236295621486,0.0001568593037687819,0.000117704585281487,1.3388359627498804e-5,-4.5154307814304734e-5,-6.367728203754479e-5,-4.569382331435227e-5,-3.6587095642515284e-5,-4.2647186793043896e-5,-4.115398281895339e-5,-3.87204591325935e-5,-3.851660989987207e-5,-3.4855904737413674e-5,-3.570276007505326e-5,-3.732091875940074e-5,-3.699401023627792e-5,-3.3129478989490216e-5,-2.0461426330788607e-5,-4.2923361177930465e-6,8.168759872148411e-6,1.7878273617425877e-5,2.500217982373528e-5,3.2451468893301375e-5,3.845072187104884e-5,5.356764584457584e-5,7.874502922767646e-5,0.00013262146621751203,5.8137731757371226e-5,2.477109471677241e-5,9.38697948784609e-6,3.2365562742706923e-6,7.39027563105475e-7,-2.2817740342348727e-8,7.222384756809573e-5,3.691686523313671e-5,3.350046475987444e-5,7.76197201578701e-5,0.00015488171710787584,2.2883301414135907e-6,-1.4163694028364045e-6,4.906606527731989e-6,1.5260206497845888e-5,3.4244291539123904e-6
-0.00016141378506120808,1.007700588971324,-0.00029048705588563707,-0.00040576168813875933,-0.0004348342529147602,-0.0004493438288717351,-0.0001663870920920496,0.0003044155658641592,8.386159839332979e-5,-0.00013785614422676514,-1.1993272182305603e-5,0.0001619533036248434,0.0004091703299981476,0.00041129706609148214,0.00039147204526252693,0.00033986361289394283,0.00025538744447341005,0.00020298707774951664,0.0001401310751386946,2.0362669420407442e-5,-5.058235941531065e-5,-7.194747710000318e-5,-5.0673248510642126e-5,-4.279604093167654e-5,-4.850323429534757e-5,-4.803281797113841e-5,-4.13183878401714e-5,-3.99357406332175e-5,-3.584975342873328e-5,-3.773513434948669e-5,-3.987009408575308e-5,-4.183011066513806e-5,-4.032024883906066e-5,-2.3722855033006593e-5,-5.058475766163551e-6,9.580981140977247e-6,2.0204492240080085e-5,2.8877242109958297e-5,3.7409842649728024e-5,4.3505843563107765e-5,5.870466438541077e-5,8.415455235069538e-5,0.0001399201375915339,5.931801284345438e-5,2.3727350066765823e-5,8.063706043107258e-6,2.1605201574478116e-6,5.023375421184502e-8,-4.529468482285255e-7,6.603310796478865e-5,1.662614765329613e-5,-4.748372805154916e-6,-6.251105645895594e-6,6.478947439073205e-5,1.5216638007443563e-5,6.556386928202194e-6,-2.693800953796433e-7,1.6611171257499253e-6,-4.444218227439523e-6
-0.00019535750370886567,-0.00029048705588563707,1.0074228588879592,-0.0006801229120651241,-0.0008082915550519066,-0.000772034614481716,-0.00013754864066938628,0.000594119582776608,8.690455927652011e-5,-0.00019530748697551366,0.00015282944859381907,0.00036766048042153845,0.0006029648580949312,0.0004586971113177635,0.00047057479477614667,0.00042117144653496707,0.0003154218464309638,0.00024379534772345343,0.0001811112299872059,5.845865406565348e-5,-2.293212685736808e-5,-5.541201658388595e-5,-4.445253300042637e-5,-4.819016024122717e-5,-5.17226876600933e-5,-5.4110843780528706e-5,-3.978810442928878e-5,-3.472213320669417e-5,-2.9369209632966964e-5,-3.022115770688219e-5,-3.784371529634358e-5,-4.661383995333781e-5,-4.7774718228973346e-5,-3.039701969353169e-5,-7.904230062572592e-6,7.4118397817513565e-6,1.986969867700921e-5,3.0631391595549605e-5,4.0902663322869894e-5,4.654856936983115e-5,5.9384360384924315e-5,8.087428795875774e-5,0.00013096327111385256,5.0599562878471156e-5,1.6858529068471725e-5,3.615305061880473e-6,-5.361998704005521e-7,-1.4281476038650865e-6,-1.235522296600836e-6,3.954093848055297e-5,-1.6008347455266666e-5,-3.3322153058584555e-5,-2.8268793946338626e-5,5.766236195780314e-5,4.098869614748969e-5,6.385665859845772e-5,2.9346391640339127e-5,2.7897093275508022e-5,2.2095815565537357e-5
-0.0002384093359785051,-0.00040576168813875933,-0.0006801229120651241,1.0068313654401189,-0.0015201346538351273,-0.0019436392487296216,-0.0016500791290502423,0.000741780486472766,0.0006837341295229748,0.00034628068560835944,0.0009708549539909281,0.0011398257788247969,0.0009853037321617768,0.0004707355118123619,0.0005778221970898502,0.0005789448215662575,0.0005104677247536132,0.00036470066317822775,0.0002898967732054921,0.0001356253353874946,6.362886044717642e-5,-5.053048220206448e-6,-2.38076205830266e-5,-5.20913584386012e-5,-7.029506004127867e-5,-7.66933700985309e-5,-5.79438406284818e-5,-4.996901137824858e-5,-3.421273251817005e-5,-2.9948590548318805e-5,-3.5592434342507586e-5,-5.5215551351437324e-5,-6.390847133197249e-5,-4.4859466758169555e-5,-2.508984958653866e-5,-1.3519482238435284e-5,-3.548508584580389e-6,1.5086584772685433e-5,3.404834978247496e-5,5.569110437246799e-5,9.103184369816936e-5,0.00014861789785731332,0.0002598231621730224,0.00010399661440066073,3.683735131129741e-5,1.0081157678703531e-5,1.0248957865499119e-6,-1.31816876092733e-6,-1.497513716635684e-6,9.352036757045727e-5,-7.652555384539142e-6,-5.41207090681675e-5,-9.737094917251592e-5,-5.492484724326439e-6,6.046141542042187e-5,6.901805088861116e-5,1.1083817092204122e-5,-5.136555323802919e-6,1.9460372412829307e-5
-0.00029248618560238356,-0.0004348342529147602,-0.0008082915550519066,-0.0015201346538351273,1.005200614661297,-0.00436608343781936,-0.005885920432795321,-0.0003889559714032825,0.0017968889693972911,0.0019145166366603564,0.003328310095225097,0.0033466807323046023,0.0018012344857006445,0.0002637275763870796,0.0006234747931666007,0.0007371116020194557,0.0008077550601248969,0.00046204031510120185,0.0004659140818707444,0.00035383605905278236,0.0003875531374451608,0.00022897483813989202,9.528513045706904e-5,-1.2727967090124614e-5,-7.279489131283038e-5,-9.292761387493381e-5,-7.489627921528243e-5,-6.512963227948758e-5,-2.384403587578894e-5,2.3796510971962997e-6,-9.535421876964538e-6,-6.170210708294039e-5,-7.6715343444276e-5,-7.674885865541891e-5,-7.081737293654864e-5,-7.975663079162741e-5,-8.06189286920059e-5,-4.018376054265246e-5,-2.9388434491377344e-7,5.995395744673079e-5,0.00014468653519674601,0.0002790396057221007,0.0005175054646485666,0.00020861807501083694,7.581244641001198e-5,2.2950522483482513e-5,4.4565750767597585e-6,-7.740623295408395e-7,-1.722192821551318e-6,0.00020242214937770352,4.7473189108756274e-5,-1.0761136395182842e-5,6.738130511187625e-5,0.00018772462663929745,6.272113429672623e-5,4.5084363991901416e-5,-6.247346496367486e-5,-8.062465243575416e-5,1.6340864928102477e-5
-0.0003215491869116504,-0.0004493438288717351,-0.000772034614481716,-0.0019436392487296216,-0.00436608343781936,0.999272629364172,-0.015241083577309002,-0.00495513898268319,0.0032990574332045605,0.005045071416671515,0.00854457770731005,0.008543444486070816,0.003395849473264526,-4.0805013689656955e-6,0.0007757642442865107,0.0011547833760680787,0.0013714150578906677,0.0007756907210566958,0.0008934243801857856,0.0008932048696771854,0.001063974401844064,0.0006709327192569751,0.00036495847193274595,5.6379151121626176e-5,-8.813674527361116e-5,-0.00013507372065379636,-0.00014263716989577527,-0.00012806501737159317,-2.843336255702179e-5,6.585198205497589e-5,8.621554167868876e-5,-5.754586625651516e-5,-6.793739305702826e-5,-0.00012987159564410881,-0.00015519765399311548,-0.00021801538771291947,-0.00025507038707762346,-0.00018091416931413873,-0.0001178116984106985,2.228029608165494e-5,0.0002019854482337489,0.0005127145415186578,0.0010352737050302217,0.00043165510861371045,0.00016825964644720613,5.9610448071608734e-5,1.8901518031789798e-5,4.759711494813743e-6,3.4924562839596557e-7,0.00036980207592884873,7.72895411371638e-5,-7.892777368374807e-5,0.00010876112070891615,0.00021199965605622358,0.00010627993997654681,7.301459987753079e-5,-0.00014133537517334403,-0.00020332955928208788,-1.33840664492629e-5
-0.00023348239602130906,-0.0001663870920920496,-0.00013754864066938628,-0.0016500791290502423,-0.005885920432795321,-0.015241083577309002,0.9716395716507672,-0.01694382957524184,0.0037158067800003767,0.009147256911665966,0.018342916120235118,0.02207246295707389,0.00642303626630974,0.0007792909800500808,0.0008998532429631469,0.0023142893322361194,0.0018493143999593314,0.00115709045709337,0.001486606344363628,0.002250146719926201,0.0027436550871738066,0.001767204119339582,0.0011327867785953121,0.00029852534435715445,-4.702709350235058e-5,-0.0001561348666855432,-0.0002518336822656179,-0.00024212868445199908,2.136446603109464e-5,0.00035081715348199384,0.0004566930670895629,9.329261754092623e-5,0.0001747236142060439,-0.00019008911489733183,-0.0003468645076819381,-0.00064203742041614,-0.0008397061034450417,-0.0006542625780066545,-0.0005230906285597457,-0.00017026890321135237,0.00024207077154789861,0.0009440732296428689,0.002090774415224438,0.000873212824571247,0.00035178771737404027,0.00013422052351102498,4.988358096355804e-5,1.74728144924974e-5,5.748246349301605e-6,0.0005643747370824226,2.2387238696741867e-5,-0.0002774501893673022,0.00010154642591132224,0.0003734589749836428,0.0001330198065690415,-9.485031544454065e-5,-0.0004668464036832059,-0.0005159142021583413,-0.0001398775464529303
0.00014827168261109295,0.0003044155658641592,0.000594119582776608,0.000741780486472766,-0.0003889559714032825,-0.00495513898268319,-0.01694382957524184,0.9787172807691931,-0.011581517356137709,0.005693741313226146,0.01960545440176771,0.013258781044481064,0.008390769988128755,-0.0025666699903743387,0.0028864994213841765,0.0005145114921108928,0.0019181799686112107,0.0008369976261214388,0.0015203983697146986,0.002188001443452097,0.0024759148157792524,0.0017440129615563166,0.0013045943231190678,0.0005471203016663531,0.00028515002779753664,0.0001677965745208624,8.277932160485046e-5,8.79213499548392e-5,0.00023135842215989737,0.0004603007546220403,0.0005903511095720652,0.00019935984987292838,0.00013155937245195207,-0.0001531326978461566,-0.00022359329317478635,-0.00046910121311468343,-0.0006019220280419318,-0.0005589198414197821,-0.0005515310053430634,-0.0003735433035072596,-0.00018489486785413058,0.00024571378558615054,0.0009965407262838874,0.0003867034672630765,0.00013447390586551994,4.250493217165115e-5,1.1878316113184442e-5,2.874260332008127e-6,1.4443031439980715e-7,-0.0003173188376465803,-0.000669234903275545,-0.001003211076747103,-0.000971249793734382,-0.0003166610099638592,6.770203391636449e-5,-0.00029172446820446146,-0.0003689733922715206,-0.0002992198368585672,-4.665361667056528e-5
7.883914135400119e-5,8.386159839332979e-5,8.690455927652011e-5,0.0006837341295229748,0.0017968889693972911,0.0032990574332045605,0.0037158067800003767,-0.011581517356137709,0.9780877521903766,0.0037084215541463897,-0.006038072382068398,0.014168178234032793,-0.0019733336074796905,0.007896902101335567,0.001959190747938637,0.003896487516113391,0.0003863970438945136,0.00091452932031823,0.0009871892058555614,0.001252610403636368,0.0014762939878408695,0.001033742125823545,0.0009229169876932037,0.00041817085580904797,0.00029070549950111906,0.00022074470808400122,0.00016939355395469624,0.000183350208590415,0.00023098543931662053,0.0003626130543194312,0.0005565138039454693,0.00016383776886796375,4.842458802089618e-5,-7.605603170900283e-5,-9.352408433623226e-5,-0.00023441247409431825,-0.0003201312303378075,-0.00038966660616485826,-0.0004517495948316756,-0.0003964593952035824,-0.0003535956974671906,-0.0001309765212057302,0.00031554347524768707,9.418541942303202e-5,1.5279334602432923e-5,-2.8402858981523813e-6,-4.541887561159643e-6,-2.56536166541169e-6,-1.4862576747592677e-6,-0.00047480078044642276,-0.0006092124093853156,-0.0006810472720021731,-0.0010973745702408787,-0.0004803215074925967,-0.00016035639016703028,-0.0009986962034789033,-0.0006387003735543053,-0.0002937973590373605,3.943738220949327e-5
-6.486025902981973e-5,-0.00013785614422676514,-0.00019530748697551366,0.00034628068560835944,0.0019145166366603564,0.005045071416671515,0.009147256911665966,0.005693741313226146,0.0037084215541463897,0.9693770571929426,-0.01105621361760125,-0.008868537087490164,0.010152313015467864,0.0028824598915046062,0.01144397591399131,0.0007459272532079989,0.0021423318188774163,0.0005709561753560691,0.00111253525102672,0.0011271545301721909,0.000860654508616614,0.0006311939795590138,0.0007202482927685753,0.0003999852453051805,0.0003052561790143803,0.00022636297377022176,0.00018326212258974492,0.0002004210547070484,0.00021665169439229317,0.00028468937833197667,0.0003821142069100566,0.00015950906221064935,6.506925671556472e-6,-9.888045853768122e-5,-5.103619697516369e-5,-0.0001504366434140196,-0.0001587034606449996,-0.000242063718192139,-0.0003238702411558195,-0.0003341507737554461,-0.0003593719883838758,-0.00025133213128512947,-1.591138549315823e-5,-2.5048799573050613e-5,-2.8298128907555755e-5,-1.7777265404452402e-5,-9.157948291640026e-6,-3.790978878893759e-6,-1.67877871995233e-6,-0.0002420519710060922,-0.0001368615760416937,0.00013242426830365763,-0.00040328118816613,1.9871255844740874e-5,-0.0003230325630170111,3.7356850417843506e-5,0.0004423438675596741,0.0003203963874373157,8.193734817536613e-5
-3.068398852018373e-5,-1.1993272182305603e-5,0.00015282944859381907,0.0009708549539909281,0.003328310095225097,0.00854457770731005,0.018342916120235118,0.01960545440176771,-0.006038072382068398,-0.01105621361760125,0.9629539179778303,-0.022801341442512234,-0.0072400263445240275,0.02796481973130137,0.006328054094107377,0.004631558648813528,-0.001256711468858367,0.0018570834298300076,0.001478843912215483,0.0002635509678963668,-0.0002559078377776869,-0.00024172300811326036,0.0002359230090706398,0.00022391282725340813,0.0002127882767945025,0.0001698242380421148,0.0001503599452379958,0.00016515385443634126,0.00011931834241821134,0.00011377222015159711,0.00025664697833789526,-2.719146019379792e-5,-0.00016676353535192696,-5.0464544519016374e-5,4.17786037323364e-6,4.349387693139358e-5,6.355454755642083e-5,-7.015111984133828e-5,-0.00015867532739234682,-0.00022207545225935412,-0.0002982915629999224,-0.00027979750922679607,-0.00015158496315209247,-8.84819630375134e-5,-4.862565260372613e-5,-2.3090301355664894e-5,-9.960511244076471e-6,-3.7295095602314907e-6,-1.4712494033588997e-6,-0.00020633539586196092,-1.3568810431137426e-5,0.0006373178677947453,-0.00025665995856319324,-0.00030521821768797865,-0.0002025076105003267,-0.00010417019090796119,0.0002686871565383029,0.00027765082134532135,8.69161172616272e-5
0.00010445447905331351,0.0001619533036248434,0.00036766048042153845,0.0011398257788247969,0.0033466807323046023,0.008543444486070816,0.02207246295707389,0.013258781044481064,0.014168178234032793,-0.008868537087490164,-0.022801341442512234,0.9375685679032281,0.006975377071681768,0.016374471848900705,0.016230092806581893,-0.0031123422879137503,0.0004909515113293906,0.00012349043708914057,0.0012611242558037206,0.00046248486918876977,-0.00020679248320143185,-0.000154274050187206,0.00013189530854728314,0.000191109318301088,0.00019057120522588897,0.00015155274036075778,0.0001433825644807649,0.0001508757514716393,0.00010711159305181379,7.086941021367256e-5,8.845521978989835e-5,4.2814746521943147e-5,-6.075649860637677e-5,-3.52717951001849e-5,3.0431978073896055e-5,3.80919996334854e-5,8.20695541795756e-5,7.81602324904475e-6,-6.336367147965691e-5,-0.00013148163068152252,-0.00022021104016477683,-0.00029207818046275084,-0.00038586905379326975,-0.00016423796936362105,-7.50432239393222e-5,-3.193823886420641e-5,-1.3008777314008038e-5,-4.717165746693444e-6,-1.7524215221193932e-6,-0.0002438542608874608,2.5366503299754423e-5,0.0008626913037401483,-0.00011821362787508337,-0.0007133897814587018,3.09463075158665e-5,0.00019649843109400509,0.00027497114829925113,0.00027234348219621604,5.1960112680549e-5
0.00030450809900153466,0.0004091703299981476,0.0006029648580949312,0.0009853037321617768,0.0018012344857006445,0.003395849473264526,0.00642303626630974,0.008390769988128755,-0.0019733336074796905,0.010152313015467864,-0.0072400263445240275,0.006975377071681768,0.9797986902330522,-0.001227350297471269,-0.005758953124174996,0.0024185568055289193,-0.00020416478400458066,0.001887481921618929,0.0010796022609430318,0.0001473082369231046,-0.00039628535052752814,-0.0003055731795666965,-7.971762787976738e-5,8.190152202685062e-5,0.0001260763808577703,0.00012217943842938992,0.00013398345533980664,0.00013703131042735688,8.644520493533043e-5,4.6544270830121466e-5,6.580920377316893e-5,-1.6438928903602333e-5,-7.848640596631709e-5,2.406955079687041e-5,3.02349981755844e-5,9.611606535420694e-5,0.00011714989905322613,3.966641203801249e-5,4.184140097553615e-6,-7.713191174098133e-5,-0.00016750127975531225,-0.00029719808861928263,-0.0004310023057342048,-0.00021327325345171092,-9.569866865132554e-5,-3.9495672912215506e-5,-1.5927240406738284e-5,-5.87917598395311e-6,-2.2206744991594e-6,7.848324911819939e-5,0.0005236682790104621,0.0008098368712179441,0.0010870964545036095,0.0010011606005993834,0.00014245877256899463,0.0004912975493017926,0.00029054753438686467,0.00025562546283049007,2.2563669563981998e-5
0.0003479417635643401,0.00041129706609148214,0.0004586971113177635,0.0004707355118123619,0.0002637275763870796,-4.0805013689656955e-6,0.0007792909800500808,-0.0025666699903743387,0.007896902101335567,0.0028824598915046062,0.02796481973130137,0.016374471848900705,-0.001227350297471269,0.9662762879412615,-0.017030176912838136,-0.003970786452355611,0.004838013066939344,0.0012312442734967331,0.0006567324412351672,0.0005105693612676494,0.00047660331251901244,0.0003801363985229386,5.22356891581949e-5,8.125549112903298e-5,0.00011187641299028577,0.00011608095061059712,0.00013297379542043486,0.0001273623719767101,7.642853495796502e-5,1.918865601441102e-5,-3.866164916677347e-5,3.4044927322238984e-5,1.3035264668294472e-5,3.160630449455944e-5,5.7431770458405685e-5,7.921175207538031e-5,0.00011534489773616243,8.774810855364783e-5,5.677960989410073e-5,-1.7714667361895418e-5,-0.0001122591018761744,-0.0002903659266391763,-0.0005645317054874855,-0.0002491628830826822,-0.0001076429072497132,-4.366609706451343e-5,-1.7599866258916096e-5,-6.6096358973792805e-6,-2.533344983492016e-6,0.00047001382020952516,0.001106878318523565,0.0005546943681427383,0.002482320402891856,0.0024733680545294674,0.0001350213546954116,0.00035194313010847696,0.0002694052119502409,0.00023826530036915363,2.633108775528708e-6
0.00031867818230921083,0.00039147204526252693,0.00047057479477614667,0.0005778221970898502,0.0006234747931666007,0.0007757642442865107,0.0008998532429631469,0.0028864994213841765,0.001959190747938637,0.01144397591399131,0.006328054094107377,0.016230092806581893,-0.005758953124174996,-0.017030176912838136,0.9895528840140915,-0.0018300257499719633,-0.0012380225556425817,-0.0006749562965427737,-0.0014545223087466925,0.0003451039087461379,0.0015352598100909966,0.0012592744019194982,0.00012467907068472732,-5.2024630991296684e-5,-1.7297154200548705e-6,5.0268308419677554e-5,8.352780211415021e-5,6.903320877882943e-5,2.7375390498176473e-5,-2.093245022306791e-5,-8.974269674808315e-5,2.3080694678117574e-5,6.397401205502008e-5,8.172720211905409e-5,4.996857633233917e-5,0.00010508088155196672,0.00010084955866920512,0.00010859854297212156,0.00011774733204925326,5.7766495336311745e-5,-2.366373733619165e-5,-0.00022864598177724246,-0.0005536238212964869,-0.00026080363501157104,-0.00011078854666840679,-4.389397706668846e-5,-1.7388896005684195e-5,-6.624886122419157e-6,-2.5584080643994107e-6,0.00020457289053995382,0.0005871294622373797,0.00020736018221194843,0.0013227977225733973,0.0009750101949911546,6.430448728567874e-5,0.0002511169922071587,0.00013309591416952254,8.945091943023261e-5,-4.569567637350673e-5
0.0002657011935859071,0.00033986361289394283,0.00042117144653496707,0.0005789448215662575,0.0007371116020194557,0.0011547833760680787,0.0023142893322361194,0.0005145114921108928,0.003896487516113391,0.0007459272532079989,0.004631558648813528,-0.0031123422879137503,0.0024185568055289193,-0.003970786452355611,-0.0018300257499719633,1.0027816839916002,-0.003831556203842614,-0.004762028243553264,-0.003107505285180746,0.0006548719565928607,0.003474122773142262,0.0028356085256717118,0.0005482599130608269,-2.4457297076852613e-5,-2.1066105513956247e-5,4.3461125975750864e-5,7.520422104962861e-5,4.929909755350312e-5,-1.620878618623251e-5,-9.17754443634619e-5,-0.00021651531442944737,-6.071927618552794e-5,3.9681573640479365e-6,3.7938090106567114e-5,7.258813629345426e-5,0.00014004642261245624,0.00020219303505975583,0.0002116148724752078,0.0002208600365352569,0.00013816852564680149,4.4704653747286514e-5,-0.00018421789888374917,-0.0005531443610563646,-0.00024183785868565056,-9.911318694070965e-5,-3.868024634446939e-5,-1.5171153564710198e-5,-6.062305711268752e-6,-2.4660309479206434e-6,-0.00017203745828706145,-0.00010380688832045153,-5.681148822913272e-5,-0.0001806266943140417,-0.0005194269440353856,-4.696093833436745e-6,5.013927811157394e-5,-4.0806451757805435e-5,-6.833820914604331e-5,-0.00011287830221413702
0.0002049236295621486,0.00025538744447341005,0.0003154218464309638,0.0005104677247536132,0.0008077550601248969,0.0013714150578906677,0.0018493143999593314,0.0019181799686112107,0.0003863970438945136,0.0021423318188774163,-0.001256711468858367,0.0004909515113293906,-0.00020416478400458066,0.004838013066939344,-0.0012380225556425817,-0.003831556203842614,0.9996875631528583,-0.008122728024075222,-0.006565529994957017,0.0013488383539349297,0.006728762761989201,0.005350334514012437,0.0010977163542433127,-0.00013671345129013957,-0.00016034364475962426,-3.736464203589966e-5,7.625251278478284e-6,-2.59463709700262e-5,-0.00010398846558952583,-0.00019855472030826224,-0.00028046020527101493,-7.267746931936733e-5,2.5545068705776542e-5,8.303610209435609e-5,0.00010724435106393345,0.00022506189596264002,0.0002474566496354494,0.0002884384802959707,0.00028189427827991656,0.00020143390632812146,8.247431709650569e-5,-0.00016483425469955787,-0.0006010831550393107,-0.0002544398116840608,-9.636419506457605e-5,-3.425422258884983e-5,-1.1678242067619698e-5,-4.315506500962002e-6,-1.5583725846457924e-6,-0.0002758059498566264,-0.0003437941182052328,-0.0002972754486599265,-0.0007344716679369447,-0.001141328571941273,-4.10009734117188e-5,-0.00016401701784531694,-0.00027860867330453866,-0.00026056453651365384,-0.00022150212385823847
0.0001568593037687819,0.00020298707774951664,0.00024379534772345343,0.00036470066317822775,0.00046204031510120185,0.0007756907210566958,0.00115709045709337,0.0008369976261214388,0.00091452932031823,0.0005709561753560691,0.0018570834298300076,0.00012349043708914057,0.001887481921618929,0.0012312442734967331,-0.0006749562965427737,-0.004762028243553264,-0.008122728024075222,0.9961032696357829,-0.008216274863382384,0.0025850234661786834,0.010403342636122748,0.008166573995322546,0.0018483579097865932,-0.00010486399909555641,-0.00019913286503255828,-4.9455913975188406e-5,1.3895122387343607e-5,-2.3130701171422116e-5,-0.00013639237550322768,-0.00026557507984079087,-0.00041440060670005536,-0.00019368219409027676,-9.919949817327842e-5,3.703410977036212e-5,0.0001517455238681552,0.0002917319399439732,0.0004182152676368384,0.00039963321179689734,0.000406959913463567,0.000267472681922701,0.00013316491948646403,-0.00015112417417698562,-0.0006158452342048796,-0.00024771356467864834,-9.304609870106039e-5,-3.460452194347817e-5,-1.296401136886262e-5,-5.670661836546573e-6,-2.498252846069314e-6,-0.000211478815486425,-0.00028699415229987854,-0.0003317222165047831,-0.0006128655298137604,-0.000916110601501047,-7.832348797210228e-5,-0.00022465941797128835,-0.00048096234817126795,-0.0004266626745077076,-0.0003167215194108774
0.000117704585281487,0.0001401310751386946,0.0001811112299872059,0.0002898967732054921,0.0004659140818707444,0.0008934243801857856,0.001486606344363628,0.0015203983697146986,0.0009871892058555614,0.00111253525102672,0.001478843912215483,0.0012611242558037206,0.0010796022609430318,0.0006567324412351672,-0.0014545223087466925,-0.003107505285180746,-0.006565529994957017,-0.008216274863382384,1.0010377252813796,0.0013848093618570934,0.006944105375583684,0.005500050307793792,0.0010798490725487094,-0.00017628644671226665,-0.00019911205328981455,-7.551157650686607e-5,-2.369877007171544e-5,-7.156619080943462e-5,-0.0001826356025970736,-0.00032893812482495655,-0.0004594368317913447,-0.00017282052127271633,-5.215481497102122e-5,9.02148766975831e-5,0.00017351932288808418,0.00033158447560260906,0.00039290594617212614,0.00044338062461629483,0.00043036233667564743,0.00032328448430168157,0.0001698212405458134,-0.00011906976825028757,-0.0006797765271418729,-0.00026364041247140647,-9.537553631090926e-5,-3.4299550740869344e-5,-1.2369290622201763e-5,-5.347706726012261e-6,-2.2410941531286523e-6,-0.00015158629120854206,-0.00019581796157054203,-0.00025157785563627435,-0.0004359652063684491,-0.000679245284899348,-7.447846359975132e-5,-0.00031189588413147834,-0.0003978257566892452,-0.000334381132508512,-0.00023456865668779759
1.3388359627498804e-5,2.0362669420407442e-5,5.845865406565348e-5,0.0001356253353874946,0.00035383605905278236,0.0008932048696771854,0.002250146719926201,0.002188001443452097,0.001252610403636368,0.0011271545301721909,0.0002635509678963668,0.00046248486918876977,0.0001473082369231046,0.0005105693612676494,0.0003451039087461379,0.0006548719565928607,0.0013488383539349297,0.0025850234661786834,0.0013848093618570934,1.004726797411337,-0.006274109681862195,-0.004631521443040348,-0.0016129312847200433,-0.00025056960231010193,-3.1594307799703974e-5,-1.520398845891044e-5,-8.05532850847293e-6,-5.372035880787664e-5,-0.00017151362729485973,-0.000329554691220031,-0.00044634102537305484,-0.00021879500202724855,-0.000159172926325193,4.062172320055786e-5,0.0001455525449044138,0.0003262137901096502,0.00043895769997551914,0.0004426350197932388,0.00043574479071055097,0.0003138672679161982,0.000179366383367003,-7.457901063542478e-5,-0.000534562080824441,-0.00019901615146841484,-7.054003722302669e-5,-2.562145699952798e-5,-9.591344841350472e-6,-4.491518662871537e-6,-2.011401689023947e-6,-6.585414426320674e-5,-0.00010278825662526458,-0.00014535305119623424,-0.0002448153028572017,-0.000403720335829406,-6.134000338593568e-5,-1.3159601528906801e-5,8.57086070724957e-5,9.885888781379338e-5,9.147136376874968e-5
-4.5154307814304734e-5,-5.058235941531065e-5,-2.293212685736808e-5,6.362886044717642e-5,0.0003875531374451608,0.001063974401844064,0.0027436550871738066,0.0024759148157792524,0.0014762939878408695,0.000860654508616614,-0.0002559078377776869,-0.00020679248320143185,-0.00039628535052752814,0.00047660331251901244,0.0015352598100909966,0.003474122773142262,0.006728762761989201,0.010403342636122748,0.006944105375583684,-0.006274109681862195,0.9922952023123369,-0.011852970616783141,-0.0035357206755391047,-0.00033718406408319917,5.068228784727236e-5,-8.078986927342892e-6,-4.8256510096669324e-5,-9.217994623003771e-5,-0.00015348840709556924,-0.00023262342395049277,-0.0003133558422087493,-0.00011232713979201451,3.9192423898910025e-6,8.521623592381363e-5,0.0001072189138409389,0.0001950534748641444,0.0002298619550267648,0.0002693355865790762,0.0002903705527882779,0.00023459823074102552,0.00016741999783510388,-2.1702152906452792e-5,-0.0003850941894461263,-0.00014043331635374762,-4.2850466377298676e-5,-1.1376655633181e-5,-1.998621336081064e-6,-2.758381121545058e-7,3.377183447317703e-7,-2.2232402739778623e-5,-5.2839277319814173e-5,-7.981121075662511e-5,-0.00013725441680299998,-0.00022450605133176463,-3.6675694150512675e-5,0.00017258272907728672,0.0004292423628441596,0.00041506433721148436,0.0003260400140297084
-6.367728203754479e-5,-7.194747710000318e-5,-5.541201658388595e-5,-5.053048220206448e-6,0.00022897483813989202,0.0006709327192569751,0.001767204119339582,0.0017440129615563166,0.001033742125823545,0.0006311939795590138,-0.00024172300811326036,-0.000154274050187206,-0.0003055731795666965,0.0003801363985229386,0.0012592744019194982,0.0028356085256717118,0.005350334514012437,0.008166573995322546,0.005500050307793792,-0.004631521443040348,-0.011852970616783141,0.998890559369728,-0.0027004669293713536,-0.00029198113548925016,1.0161068139741624e-6,-3.984365676586077e-5,-7.011097785770795e-5,-8.616038736405918e-5,-0.00010643093315535748,-0.00014175693757336694,-0.00016486453593828496,-2.3425449889800507e-5,5.10917242092285e-5,8.863493571743498e-5,6.988537962554077e-5,0.00010003076166834966,0.00010176878322303403,0.00011910815648869205,0.0001351382058476355,0.00011929393433725403,9.883090917237969e-5,3.344900997369866e-6,-0.0002094001991811773,-6.424393875849772e-5,-1.1037782175588268e-5,2.6186238495789544e-6,4.5618303049170435e-6,3.256132067836725e-6,2.2186357596422408e-6,1.2311751683669954e-5,-1.801907247274e-5,-3.4822689143807856e-5,-6.298165406621106e-5,-8.842040440443829e-5,-9.251042411751005e-6,0.0001531029822478348,0.00034845510725583487,0.0003281707537115992,0.0002549547292431122
-4.569382331435227e-5,-5.0673248510642126e-5,-4.445253300042637e-5,-2.38076205830266e-5,9.528513045706904e-5,0.00036495847193274595,0.0011327867785953121,0.0013045943231190678,0.0009229169876932037,0.0007202482927685753,0.0002359230090706398,0.00013189530854728314,-7.971762787976738e-5,5.22356891581949e-5,0.00012467907068472732,0.0005482599130608269,0.0010977163542433127,0.0018483579097865932,0.0010798490725487094,-0.0016129312847200433,-0.0035357206755391047,-0.0027004669293713536,1.0069305109364737,-0.00024381998895744596,-0.00011454115824969095,-8.94973703839272e-5,-6.594736293770392e-5,-4.3508785667925166e-5,-4.501984940270608e-5,-9.128323849689323e-5,-9.693766071237955e-5,5.4887970039806915e-5,4.4031962080065854e-5,7.996619151917166e-5,2.9854760124439116e-5,4.397986447437554e-5,5.0721990835879955e-5,3.550485779678402e-5,5.237341642733344e-5,4.939886181621979e-5,5.778847923834041e-5,2.855419401985106e-6,-0.00014502090326739766,-3.5020967620096204e-5,-1.3796137800665187e-6,5.9906126806059124e-6,5.63577998222667e-6,4.145872173330041e-6,2.8089613285831754e-6,2.0067113417339678e-5,-4.602616697689467e-6,-1.3551347159022332e-5,-2.9414560903439207e-5,-3.38989957141214e-5,1.749832734679011e-5,6.849822731169472e-5,0.00011382214227437561,9.1164905067051e-5,7.45123033532396e-5
-3.6587095642515284e-5,-4.279604093167654e-5,-4.819016024122717e-5,-5.20913584386012e-5,-1.2727967090124614e-5,5.6379151121626176e-5,0.00029852534435715445,0.0005471203016663531,0.00041817085580904797,0.0003999852453051805,0.00022391282725340813,0.000191109318301088,8.190152202685062e-5,8.125549112903298e-5,-5.2024630991296684e-5,-2.4457297076852613e-5,-0.00013671345129013957,-0.00010486399909555641,-0.00017628644671226665,-0.00025056960231010193,-0.00033718406408319917,-0.00029198113548925016,-0.00024381998895744596,1.0077761339131737,-0.00012051144465269215,-9.062780251871175e-5,-6.754835902623027e-5,-3.195965826013621e-5,-1.0470282271432465e-6,-2.9278647383809494e-6,2.2694178487422037e-5,0.00011352381129756228,9.35320542309573e-5,7.577323547283044e-5,-4.119741856851543e-6,-4.043237455410603e-5,-6.672696944001096e-5,-8.177534833843506e-5,-6.841780345995442e-5,-3.930118627394101e-5,5.891458752457061e-7,1.5226617609851478e-5,-1.7990413702877655e-5,1.4773625162675163e-5,1.7525990626965928e-5,1.3677042451735152e-5,9.016923558680345e-6,5.932087944534046e-6,3.7153206985767216e-6,2.5336495182287382e-5,5.120057564225229e-6,-5.105023171874296e-7,-4.413245078483907e-6,6.51965914072207e-6,2.8339525247171838e-5,3.7390497951243945e-5,3.05421009708129e-5,8.866727430431205e-6,1.0557992565313337e-5
-4.2647186793043896e-5,-4.850323429534757e-5,-5.17226876600933e-5,-7.029506004127867e-5,-7.279489131283038e-5,-8.813674527361116e-5,-4.702709350235058e-5,0.00028515002779753664,0.00029070549950111906,0.0003052561790143803,0.0002127882767945025,0.00019057120522588897,0.0001260763808577703,0.00011187641299028577,-1.7297154200548705e-6,-2.1066105513956247e-5,-0.00016034364475962426,-0.00019913286503255828,-0.00019911205328981455,-3.1594307799703974e-5,5.068228784727236e-5,1.0161068139741624e-6,-0.00011454115824969095,-0.00012051144465269215,1.0078292906142599,-8.481358661103143e-5,-6.692750323781529e-5,-3.069952503509594e-5,1.9469611760723567e-5,4.547793570469852e-5,7.707880614998637e-5,0.00014503121213183396,0.0001370554263731056,7.963539792009e-5,-2.145558227080207e-5,-9.058538854755844e-5,-0.00014264044242743884,-0.00014441306952847114,-0.00012455399734162778,-7.393619600023062e-5,-1.2269363438203092e-5,3.367591432143017e-5,5.606307593049855e-5,4.011759941329479e-5,2.6415614120626016e-5,1.6805925219539213e-5,1.0027174668103795e-5,6.305546253296855e-6,3.804916118214222e-6,3.4921063319599875e-5,1.3176787907629383e-5,9.504793502930835e-6,1.380498110059979e-5,3.9918664063528e-5,2.876055144690463e-5,3.2109432399587477e-5,2.3755366071909418e-5,1.5308694144955886e-6,4.084242315577415e-6
-4.115398281895339e-5,-4.803281797113841e-5,-5.4110843780528706e-5,-7.66933700985309e-5,-9.292761387493381e-5,-0.00013507372065379636,-0.0001561348666855432,0.0001677965745208624,0.00022074470808400122,0.00022636297377022176,0.0001698242380421148,0.00015155274036075778,0.00012217943842938992,0.00011608095061059712,5.0268308419677554e-5,4.3461125975750864e-5,-3.736464203589966e-5,-4.9455913975188406e-5,-7.551157650686607e-5,-1.520398845891044e-5,-8.078986927342892e-6,-3.984365676586077e-5,-8.94973703839272e-5,-9.062780251871175e-5,-8.481358661103143e-5,1.0078632485965293,-6.434862957617967e-5,-3.772948138963169e-5,1.0493543886897904e-5,4.4619982495783685e-5,6.935127407914072e-5,0.00012087420582297926,0.00013131763355582178,6.501925906365368e-5,-2.7527608921351055e-5,-9.205485156521135e-5,-0.00014714393785089964,-0.00013129350541160286,-0.00010988877817083066,-6.032509668119726e-5,-2.8273763994045055e-6,4.369545918938629e-5,7.754658577157428e-5,4.439257217858872e-5,2.6760176035604186e-5,1.6100113409412525e-5,9.34831513316578e-6,5.6609331543822576e-6,3.3342075307140596e-6,3.3475137891043046e-5,1.3391679130797005e-5,1.0001335105263506e-5,1.540667719126508e-5,4.088140624497665e-5,2.321994248644024e-5,2.5866655808913437e-5,2.0937929806366415e-5,3.514768542312707e-6,4.460085567376082e-6
-3.87204591325935e-5,-4.13183878401714e-5,-3.978810442928878e-5,-5.79438406284818e-5,-7.489627921528243e-5,-0.00014263716989577527,-0.0002518336822656179,8.277932160485046e-5,0.00016939355395469624,0.00018326212258974492,0.0001503599452379958,0.0001433825644807649,0.00013398345533980664,0.00013297379542043486,8.352780211415021e-5,7.520422104962861e-5,7.625251278478284e-6,1.3895122387343607e-5,-2.369877007171544e-5,-8.05532850847293e-6,-4.8256510096669324e-5,-7.011097785770795e-5,-6.594736293770392e-5,-6.754835902623027e-5,-6.692750323781529e-5,-6.434862957617967e-5,1.0078537013514557,-7.84563174922936e-5,-5.122829501551034e-5,-1.8763926933891042e-5,-4.637563465390046e-7,3.2305157337682836e-5,7.922693022066355e-5,2.4551395951850096e-5,-1.9309911483831636e-5,-3.908001127769984e-5,-7.578111958099254e-5,-3.541190535084383e-5,-2.2314405369277032e-5,4.627233771390663e-6,2.9494347971857596e-5,5.1251029272539905e-5,6.665065158136661e-5,4.1146374803165374e-5,2.867563655992086e-5,1.7853183720947116e-5,1.0848547587665633e-5,5.956214815272162e-6,3.3053846142715804e-6,3.499063659463793e-5,1.3844254606737538e-5,9.279174895958763e-6,1.2973163241133988e-5,4.010674112079816e-5,1.1646892033825293e-5,5.126369735244161e-6,7.49972218988876e-6,4.76486405051831e-6,3.4671140075779788e-6
-3.851660989987207e-5,-3.99357406332175e-5,-3.472213320669417e-5,-4.996901137824858e-5,-6.512963227948758e-5,-0.00012806501737159317,-0.00024212868445199908,8.79213499548392e-5,0.000183350208590415,0.0002004210547070484,0.00016515385443634126,0.0001508757514716393,0.00013703131042735688,0.0001273623719767101,6.903320877882943e-5,4.929909755350312e-5,-2.59463709700262e-5,-2.3130701171422116e-5,-7.156619080943462e-5,-5.372035880787664e-5,-9.217994623003771e-5,-8.616038736405918e-5,-4.3508785667925166e-5,-3.195965826013621e-5,-3.069952503509594e-5,-3.772948138963169e-5,-7.84563174922936e-5,1.0078172904105651,-0.0001448367140021798,-0.0001450959944848775,-0.0001516610455874523,-0.00012085777135697521,-5.521843638962924e-5,-4.6882916787591694e-5,1.8067116275015398e-5,8.339465702704587e-5,8.899100965737134e-5,0.0001653507659482167,0.00016853064174434762,0.00014646728375495658,0.00010627649164357296,6.172997692223934e-5,2.7352891325512997e-6,7.057314322651162e-6,1.2230231089690942e-5,8.330663913621341e-6,5.602434200653351e-6,2.1184939856994703e-6,8.843942873825273e-7,2.9742254838646832e-5,8.726976565531565e-6,1.9981593238397422e-6,1.163935152911391e-6,2.4187774214113457e-5,-1.6684617297754798e-5,-3.3659073728334775e-5,-2.5256242816463195e-5,-5.7953530511698255e-6,-6.818321698465717e-6
-3.4855904737413674e-5,-3.584975342873328e-5,-2.9369209632966964e-5,-3.421273251817005e-5,-2.384403587578894e-5,-2.843336255702179e-5,2.136446603109464e-5,0.00023135842215989737,0.00023098543931662053,0.00021665169439229317,0.00011931834241821134,0.00010711159305181379,8.644520493533043e-5,7.642853495796502e-5,2.7375390498176473e-5,-1.620878618623251e-5,-0.00010398846558952583,-0.00013639237550322768,-0.0001826356025970736,-0.00017151362729485973,-0.00015348840709556924,-0.00010643093315535748,-4.501984940270608e-5,-1.0470282271432465e-6,1.9469611760723567e-5,1.0493543886897904e-5,-5.122829501551034e-5,-0.0001448367140021798,1.0076176626290065,-0.0004900755201520807,-0.00045660479255151015,-0.0003180733724226708,-0.0005333719057489247,-0.00025192174662809,0.00015365766460664478,0.0004335770294502952,0.000593581077498336,0.0006148480222086151,0.0005395072291022212,0.00037564289711500813,0.00017102980486191163,9.329777248963436e-6,-0.00019527956655866863,-6.287496698813443e-5,-1.664803013462677e-5,-7.071114699228788e-6,-2.3387083907293948e-6,-3.6565049512612245e-6,-2.7568523442944263e-6,1.887116007260916e-5,-3.806471441316464e-7,-9.849781060274376e-6,-1.620603955023174e-5,6.082218210903141e-6,-5.20895237605285e-5,-6.373500483158652e-5,-6.420885949100122e-5,-1.4699532922937582e-5,-1.6417990505648343e-5
-3.570276007505326e-5,-3.773513434948669e-5,-3.022115770688219e-5,-2.9948590548318805e-5,2.3796510971962997e-6,6.585198205497589e-5,0.00035081715348199384,0.0004603007546220403,0.0003626130543194312,0.00028468937833197667,0.00011377222015159711,7.086941021367256e-5,4.6544270830121466e-5,1.918865601441102e-5,-2.093245022306791e-5,-9.17754443634619e-5,-0.00019855472030826224,-0.00026557507984079087,-0.00032893812482495655,-0.000329554691220031,-0.00023262342395049277,-0.00014175693757336694,-9.128323849689323e-5,-2.9278647383809494e-6,4.547793570469852e-5,4.4619982495783685e-5,-1.8763926933891042e-5,-0.0001450959944848775,-0.0004900755201520807,1.006894531897911,-0.0007507975800152957,0.0002016349646225427,-0.001021222763137323,-0.000607173643463905,0.0002154624666153583,0.0006200447260089967,0.0008712147202615897,0.0009604618485749048,0.0008850808784473123,0.0006058311130930291,0.0002955080905472566,8.172702224032403e-6,-0.0003388881795402393,-0.00011461993592416114,-3.909615776010596e-5,-1.9292794916916997e-5,-8.694669070499623e-6,-8.046626270229839e-6,-5.424744176810709e-6,1.415112854748154e-5,-6.130812747167501e-6,-1.8797825865546892e-5,-3.258045580918161e-5,-7.494456320396746e-6,-7.220770565362534e-5,-7.094521533960412e-5,-7.945914001082337e-5,-1.926315588530415e-5,-2.0578785710194845e-5
