1.784291587752531,0.5531381245736338,1.0786321328292214,0.21639772984349642,0.32921255530762217,0.15623179015419286,0.2011970008557234,0.20266869071350813,0.1994423461299804,0.2749792308053682,0.1879223489795356,0.23084363868689586,0.18135372817265621,0.16922042245288307,0.23961997991092465,0.04937174232599213,0.018845040614763452,0.4688451976321042,0.24793208516747806,0.13501755458377226,0.2249277928018373,0.15584152508788765,0.3160531448303336,0.11385592784743448,0.6503017672236474,0.11890582382055612,0.24837357481780264,0.00575626297634199,0.13505183416465652,0.4877542915693694,0.2741060127471993,0.1791416934660728,-0.044917939832645006,-0.7228159383684357,0.053892058043737125,0.3995256646833336,-0.024299470514880808,0.06748958956511195,0.35027543286863455,0.23364757076705542,0.223450301493844,0.03718796955263389,0.20750284937000033,0.018439525324210167,0.3193801097017963,0.4484201309756441,0.1534469696002966,-0.1595478216075,0.2973344526814618,-0.20986636216712592,0.2557766580308604,-0.053925864092931375,0.05955890338696664,0.01414551729919973,0.1475809880444428,0.07926360836432962,0.26803343266917,0.2684114892384227,-0.7519434823041854
0.5531381245736338,2.436203650808202,2.3603322228117696,0.29138581943851705,0.3247232457093868,0.25744629959661464,0.23333441046092254,0.6402933606423119,0.4566168568332013,0.6189721200763684,0.37859777917582704,0.267475836765863,0.29603016833744633,0.3446420980991081,0.5291874864069315,0.13139750618013962,0.45828186603046217,0.5066208866529173,0.36804344359553987,0.4107926438699674,0.4489221960956428,0.32891743583359,0.296207315064595,0.2901682625876568,0.12204068907795146,0.4592038023847527,0.399047408044763,0.2769285529143257,0.43703859003523005,0.42940517430791264,0.33878327694499044,0.19155779360415562,0.4052816790337901,0.3194892266753306,0.2651807893508529,0.561639992669729,0.4785754569525371,0.21560576853411512,0.38341007821740525,0.18074817168032115,0.3788066010191602,0.2941467466686081,0.4654295219501428,0.08042381048970593,0.334323654064813,0.5398869676304289,0.5603654991611188,-0.15102101561482886,0.4780681676855077,0.001772313712583493,0.18707923943754368,0.13406281614780224,0.13572969826855674,-0.2374504022643791,-0.40039373302319486,-0.28555773320237154,-0.685468574175632,0.3084187482510625,0.7993132445420797
1.0786321328292214,2.3603322228117696,4.6711991767336825,0.15470334837128574,0.37633337206998885,0.20904938537855597,0.30739642805459966,0.9365600044063046,0.8520335819573175,0.9899668104191943,0.4822701213967209,0.36335281356599347,0.43356504813486824,0.5365067461323061,0.7921659512901111,0.08105838620611361,0.47828098717753426,0.7507907907433609,0.4762290254526687,0.22335478175516577,0.6990414656387443,0.5215900690653354,0.46016307338463175,0.40772620250416725,0.1898426601048615,0.5005630834574082,0.923285774322443,0.4402191020408335,0.3504369964001297,0.6199952738200332,0.6012662548724963,0.33467176390669023,0.6381130163043975,0.24918361860316898,0.38378770159330905,0.9264852010316345,0.7032903224539347,0.09672543369752337,0.6320022645940713,0.2647122005158125,0.6192990835560318,0.3392045707938101,0.6325445955734535,0.04151216169764127,0.1611497857088147,0.8789477812982456,0.809529943199057,-0.271744065583233,0.9659390801839691,-0.010525934824445773,0.34232865201441537,0.2321826383271933,0.20928878387599356,-0.3649977567268917,0.19497791783079768,0.32299811237834436,-0.3060872956261573,-0.3946099101693724,0.21573984157130685
0.21639772984349642,0.29138581943851705,0.15470334837128574,1.9852282905119605,0.6167362029200337,0.397133592863477,0.16598777945689247,0.3698131227230607,0.11487799683597776,0.16943930643448202,0.2853037972164044,0.42733167798175353,0.19280906894701008,0.31328663391915956,0.16894705913231375,0.5610543201748559,0.27650285247756784,0.10256282869646213,0.45917351782793625,0.2808290018364972,0.2074008200911484,0.2921878011358394,0.1241268993967935,0.22664497971752273,0.0445720471365681,0.2887901954599716,0.20737370574341507,-0.001923386929320806,0.28841663621260205,-0.012509140624145378,0.1384011987250606,0.30863432099485355,0.13419204650259017,0.36594544451487,-0.14975915851062546,0.16324553992971777,0.11171209121430395,0.16835416725332225,0.24274691320231978,0.045598228421720635,0.13566894480644828,0.3170677659360149,0.2235923200921125,0.11756065907607086,0.33029517216390203,0.24612855548067872,0.33853252531870215,-0.052086809005296934,-0.29284026142889513,0.038636103097481424,-0.0510954111921549,-0.05778047031384145,-0.004250684799566045,-0.018210548166729287,-0.1968370840468929,-0.05441095441196895,-0.1721100451452594,0.30042533848422814,-0.07435812900282532
0.32921255530762217,0.3247232457093868,0.37633337206998885,0.6167362029200337,1.4535535147014367,0.42833873341795115,0.30224880850130004,0.3752878477683267,0.4749847886128562,0.3459100964317835,0.34227944359616336,0.3753199025868465,0.23958131133764174,0.48880832305564753,0.3957143330530743,0.7501328525551028,0.3476775999415438,0.2632023781967549,0.8234943039778153,0.31814512881058743,0.326365590528509,0.5501862897032334,0.15864152010249227,0.2876998641631448,-0.12543051390367815,0.47769427298198097,0.6378905948052916,0.13570092373799356,0.2829189152453442,0.18440329176601014,0.34013481834093995,0.38274665369798483,0.287642459676351,0.5647084623693681,0.06840699053827691,0.42017055233287764,0.4353290590761066,0.21608706897720453,0.22207460410202823,0.08785426513383067,0.3599836876983054,0.47779919469516585,0.4623889457670766,0.06871293789742776,0.08728429178808253,0.4163513858389426,0.42169765551883825,-0.10583183874926573,0.39214493819483115,0.22484804383047666,-0.1287322583465611,-0.15186761910392715,0.14461042505356037,-0.11357928606536327,-0.1738754047013417,0.20360590501453457,-0.19932424434866552,0.3122953389896328,-0.2625361304687747
0.15623179015419286,0.25744629959661464,0.20904938537855597,0.397133592863477,0.42833873341795115,0.8867795638411519,0.29680742324135834,0.3513853931465196,0.32616193797274873,0.28385014383401347,0.3432506046017503,0.34395806208256147,0.2005642582938276,0.3584545206838718,0.32477340655018727,0.5042358326284825,0.3680649604563683,0.09003235228624422,0.6080607349621864,0.40587760632805797,0.31488252734394434,0.4121678097284474,0.06475992854581944,0.28779360100976875,0.11334205430693223,0.3804671864264836,0.4922815806535658,0.23594872866773167,0.4048320074858103,0.159337490009098,0.27556917906494993,0.33387569635987124,0.19685818230278243,0.4672964817791434,0.22819317271639403,0.21898629456705276,0.3400664463549864,0.24786550324596746,0.3148688136319295,0.17019575668702852,0.11657188775155725,0.3637960573956507,0.39021800901427894,0.10294678173714827,0.20572687234742418,0.309305868483898,0.4859273028609315,-0.07781000595566546,0.6396309203444243,0.30324776020919897,-0.4335641761500905,0.2298660263661771,-0.16285992596466065,-0.11614090422136268,-0.15205586051630415,0.07006675840668668,-0.12491032225985393,0.26368688016677605,-0.13016906840702197
0.2011970008557234,0.23333441046092254,0.30739642805459966,0.16598777945689247,0.30224880850130004,0.29680742324135834,0.7762115045636075,0.13919395694146397,0.5848807743441462,0.29074757679220176,0.31520837636517485,0.44502961910930083,0.20432932052331096,0.3963619842200097,0.3216310214400746,0.43821577853591676,0.37383139014396566,0.18393648057840373,0.256488027764356,0.22083035620993197,0.3135136748948309,0.49402330066820327,0.1191133451509555,0.30209535949541194,0.13668392435716925,0.3886255761774181,0.4943695793334042,0.20220169664532883,0.18858638558186266,0.21683254042583813,0.30030957238408235,0.31750558688879166,0.28837802623746783,0.39518276677077446,0.20545254817627215,0.3698916216985821,0.2817004443983603,0.13010266252421793,0.27072564143472566,0.10829070625660686,0.2281529607553892,0.34923364909156696,0.4243565884748331,0.060703434893355786,0.09658245307069999,0.37072576840638083,0.27000489560415114,-0.08847587891407714,0.39882431167933247,0.1466243470500119,-0.2112244715140562,0.046784102892594145,0.11430793391476325,-0.22260460762545178,-0.05700802893083021,0.18970386073345671,-0.1706673907257896,0.10463847832118599,-0.14479855921604598
0.20266869071350813,0.6402933606423119,0.9365600044063046,0.3698131227230607,0.3752878477683267,0.3513853931465196,0.13919395694146397,0.8997286930926847,0.19215581765982476,0.4656655011926305,0.3459732991122984,0.21325569113673223,0.21110479117570027,0.352349392011051,0.3717090537939815,0.27997231887341995,0.3967591031105799,0.23120502852221778,0.4194523456924229,0.3032241874959094,0.30605090954252734,0.2558168214701191,0.1760817809269337,0.24516034464503034,0.06760954441540988,0.34274862834006203,0.35715198038458346,0.24301564093772163,0.28781213688850343,0.21248427931522348,0.2597306359905769,0.26268721046907184,0.2820184898612798,0.42596369358120656,0.2495185542488982,0.30328632257245547,0.3708974175476933,0.17122107187348368,0.41162154106542453,0.18639802343693074,0.25428596561112876,0.28483025630116027,0.36770071205324845,0.0846894947229182,0.1037337745382496,0.346562247031276,0.5585184977930052,-0.10802423573793411,0.7707606248478325,0.09064720894225974,-0.10144911718815774,0.22144550552944817,0.040265552480601284,-0.10210404319519131,-0.10353639898580515,-0.0757948338471982,-0.016249742554190268,0.16498486722433994,0.004528763693668954
0.1994423461299804,0.4566168568332013,0.8520335819573175,0.11487799683597776,0.4749847886128562,0.32616193797274873,0.5848807743441462,0.19215581765982476,1.1548340455111432,0.3555912906437536,0.337339447787683,0.3693951017906195,0.24654944956201091,0.529662674910901,0.5237903613282542,0.43957800146384357,0.4660051875594951,0.2630171469871589,0.42407562281708566,0.2891841427225686,0.43264699851644345,0.7708199049148111,0.16777746854604986,0.36607123839974554,-0.03191337435071289,0.5590335886085788,0.6881058556046062,0.2948491405771862,0.1561452361378325,0.37158719822745345,0.40881779169137894,0.3608515400813918,0.47548152796142407,0.346780411543007,0.22610722869378425,0.5049403571970036,0.5037085129779879,0.16045397750961296,0.23827618523724106,0.10502148209123853,0.3314661778740001,0.45208933847060384,0.6151606687642335,0.036247183141385884,0.14976058983882523,0.5214431482541073,0.40683840101796015,-0.15153010637905132,0.39010781203322925,0.11249525423344868,-0.12985902572892616,0.02926514758422694,0.2096638779440628,-0.2691770202234695,-0.04952228933879143,0.36978026901615957,-0.2605545704018247,0.053468781543821196,-0.2141229684848982
0.2749792308053682,0.6189721200763684,0.9899668104191943,0.16943930643448202,0.3459100964317835,0.28385014383401347,0.29074757679220176,0.4656655011926305,0.3555912906437536,0.8985892616611367,0.33540400970082807,0.27323689158184383,0.22399677308185392,0.3807482305636427,0.49487734370035835,0.28263830277126856,0.4135415872486662,0.3791594412380283,0.3791360414361502,0.26118303706952295,0.3508665542367843,0.34024197662027206,0.2004183544739386,0.2739192822211923,0.12478640570641966,0.3456988199619434,0.5881482059794784,0.29137233193412626,0.30075823244477,0.36405177261465677,0.3942393863218216,0.2627260183886116,0.3272912801948099,0.4992511588474259,0.34904337221984355,0.5353805728091233,0.4897216871803883,0.16037479817220357,0.30984878992825676,0.1495945994100229,0.37697439887720674,0.2847429145670904,0.4602082033256085,0.06600280952126408,0.2089118793286852,0.4855997160505083,0.612929206672071,-0.16893102557396983,0.6405188089550392,0.11664803398967251,-0.08256359997107407,0.12719581945913935,0.08143027820495491,-0.18346553382560812,0.04085252065942544,0.16844883445049344,-0.14694540071828352,-0.08222923980956418,0.006763066305796956
0.1879223489795356,0.37859777917582704,0.4822701213967209,0.2853037972164044,0.34227944359616336,0.3432506046017503,0.31520837636517485,0.3459732991122984,0.337339447787683,0.33540400970082807,0.5161764789901394,0.3639373456068606,0.24634084662667413,0.37511867329211085,0.40101296793521407,0.35289171993718876,0.4331027989958085,0.16990072764832134,0.35751414075373017,0.395914903094916,0.29247080738162545,0.3452644247652142,0.0781634071771419,0.26556990032157185,0.1369847882504463,0.3802312568740095,0.40197911830043176,0.20240369560261048,0.29618607044395073,0.20619683975626718,0.30863830186070007,0.3085044657559579,0.21125873198538445,0.4259107232329591,0.27855461501627754,0.39174024906678795,0.2590891988959231,0.21453450068009405,0.2957810576367641,0.15843705310854353,0.25237108255314644,0.3316792086742712,0.3407825902433895,0.05152564063294675,0.33497237508950095,0.39155080769267464,0.43350664602934247,-0.12313622025981605,0.22133012963517748,0.07212414773327612,-0.09352027527100498,0.05286138982350323,0.09740518336112867,-0.16141680812346798,-0.10842082364902628,0.13203248708458265,-0.15293485209934654,0.13763423854825735,-0.1553545876511128
0.23084363868689586,0.267475836765863,0.36335281356599347,0.42733167798175353,0.3753199025868465,0.34395806208256147,0.44502961910930083,0.21325569113673223,0.3693951017906195,0.27323689158184383,0.3639373456068606,0.7602318901459707,0.19648717038175192,0.3828094069244503,0.2724967567170572,0.4790148816156439,0.33084644160472154,0.19707294243091877,0.330887221379529,0.2911089403505843,0.2573191871020468,0.3900683385311433,0.13319623732978927,0.2842525625660268,0.1572053095187319,0.3820039450868782,0.33878941228074105,0.11358266704640241,0.270578516326776,0.10468367132769453,0.25940682232354434,0.3671512833270467,0.10599838554513613,0.4373492754534623,0.1928951497462187,0.35946071139213975,0.027692347697173075,0.1584940939875226,0.285441457402777,0.14475999079553,0.24041039327612315,0.31540514097035555,0.2898228637877216,0.057076689288765435,0.2392104089453957,0.3320935989582356,0.35993648911961323,-0.09935329834205768,0.4076698053041558,-0.038159057177512355,0.02987594818193539,-0.09604793724915688,0.06101678228759045,-0.13406368980121575,-0.08528429980843052,0.22490798307413787,-0.19930061357769854,0.11837660864511095,-0.17742910501256606
0.18135372817265621,0.29603016833744633,0.43356504813486824,0.19280906894701008,0.23958131133764174,0.2005642582938276,0.20432932052331096,0.21110479117570027,0.24654944956201091,0.22399677308185392,0.24634084662667413,0.19648717038175192,0.4362251445677307,0.17327885504723256,0.17781130612298426,0.16650021385378327,0.259660962696936,0.11799618266350735,0.21436256144250487,0.22484063915393646,0.1928041440536403,0.21514664157338328,0.10854337886279306,0.1781233716682585,0.0898768413904672,0.19276247392317902,0.17843963353283887,0.12281667864947042,0.2199751752065281,0.15829904404642178,0.167714431680483,0.21113813973397777,0.14636503558575442,0.2873336732293515,0.14376724401203153,0.24186707379870453,0.1654942501775048,0.09775691251738357,0.2361269322607543,0.12238648467745997,0.18507312994847558,0.1968910686701323,0.18355577212941682,0.0752422128980403,0.14214262787781398,0.24606057628875372,0.2661477134426817,-0.08435462033108528,0.2689121683920354,0.013983019394081716,0.005144575363304573,0.015459318967273587,0.029534284792743906,-0.055271363166228646,-0.057119823715684755,0.06250669360742848,-0.06476819431073198,0.056086562496201975,-0.07459451942447702
0.16922042245288307,0.3446420980991081,0.5365067461323061,0.31328663391915956,0.48880832305564753,0.3584545206838718,0.3963619842200097,0.352349392011051,0.529662674910901,0.3807482305636427,0.37511867329211085,0.3828094069244503,0.17327885504723256,0.8095950147321741,0.442345431098898,0.656080439235982,0.49119091946233706,0.1537848896720063,0.46572335526987546,0.34947517995741717,0.3682249507788946,0.5779252054845884,0.08308458913783817,0.31870524895211794,0.10711841831342551,0.5383623901779202,0.5649812883405368,0.22704791614438144,0.2778033796513685,0.34254516168181637,0.35983618022219344,0.5056965020112538,0.29820467280429513,0.3645348944247408,0.31965748373005687,0.48061269614842705,0.313230078678085,0.18635560948812788,0.25484824782704196,0.19882900034054854,0.4284347382076484,0.44801645268005613,0.485967647569278,0.032479320749746875,0.3069929456195294,0.5142652633824328,0.5571048571219015,-0.17264036610759045,0.7404234914294441,0.03441126568984351,-0.21671911919392928,-0.04844130906249634,0.35901362770951756,-0.128400047427138,-0.2092037000701185,0.22455121384044682,-0.10282822170587473,0.2555450384384199,-0.3374561877267002
0.23961997991092465,0.5291874864069315,0.7921659512901111,0.16894705913231375,0.3957143330530743,0.32477340655018727,0.3216310214400746,0.3717090537939815,0.5237903613282542,0.49487734370035835,0.40101296793521407,0.2724967567170572,0.17781130612298426,0.442345431098898,1.0555593774485215,0.2862005155114842,0.48113599069258783,0.15933434738248772,0.42904818968450936,0.3960392520435922,0.39323066614562807,0.41215474070328884,-0.05538512428985375,0.275722374558273,0.12188911526382196,0.46031398257946216,0.6962424114370969,0.4071206478926443,0.23691769543005317,0.3628557472380897,0.4451597986848601,0.2584203534590338,0.4363118606762739,0.4235587187083944,0.2950777918216799,0.4680705493426682,0.6040497560230982,0.23928478463443076,0.27235303442271863,0.05601448063199195,0.3909820325507669,0.3845325953899804,0.4512333392949952,0.004500434011590921,0.21487183640156696,0.5109105687693173,0.514480879383959,-0.15188479527864823,0.2599728295338331,0.3749343814563746,-0.3279351507341691,0.2373340808209225,-0.06186142156111147,-0.23929526059823006,-0.09181889234156988,0.22538246130450165,-0.27387842628859715,0.11964585655138867,-0.08721920867461089
0.04937174232599213,0.13139750618013962,0.08105838620611361,0.5610543201748559,0.7501328525551028,0.5042358326284825,0.43821577853591676,0.27997231887341995,0.43957800146384357,0.28263830277126856,0.35289171993718876,0.4790148816156439,0.16650021385378327,0.656080439235982,0.2862005155114842,1.8698943180867496,0.4385127590432354,0.11856459258036471,0.7128234903621748,0.30580074134432217,0.3220382858308091,0.9623507049580206,-0.061910799270744735,0.34664531830930023,-0.06474733337845393,0.38392918593198294,0.5896022293428761,0.3776287017046885,0.38485814835026516,0.4649695833720388,0.28783796589185057,0.542640665653715,0.18937210233153107,0.5629781151728903,0.5481892922124797,0.32301183684608004,0.31880906772417206,0.2782033352781465,0.3930160539998457,0.1600019029544322,0.43294095630477725,0.7078825614462922,0.6300013554550044,0.09505222405632713,0.5280709472902999,0.3767897901360107,0.600111424565534,-0.11168757697861997,0.3416695165392622,0.08386628537213593,-0.05303181585977405,-0.17336041357245277,-0.14041076878486417,-0.1411338651632372,-0.15520715596649126,0.33837019359831616,-0.44809015064225877,0.2772089608699018,-0.150301626023165
0.018845040614763452,0.45828186603046217,0.47828098717753426,0.27650285247756784,0.3476775999415438,0.3680649604563683,0.37383139014396566,0.3967591031105799,0.4660051875594951,0.4135415872486662,0.4331027989958085,0.33084644160472154,0.259660962696936,0.49119091946233706,0.48113599069258783,0.4385127590432354,1.2032280168469798,0.04826277076819426,0.39642057179589796,0.5464165754302631,0.36251616957074084,0.5268347952807825,0.012151047816989429,0.3204729841009565,0.5087375049083456,0.4716151832063322,0.4264001111996205,0.37329569273429514,0.4009287945803855,0.2530192466122843,0.3499255493564342,0.35066794364565385,0.4173846864642477,0.593411132725586,0.459689934934612,0.4311048317529536,0.5463202433182924,0.32050425467621046,0.3608136959659018,0.19422344229257987,0.3109394685099359,0.5206979882533146,0.46190562531783086,0.049640650902486476,0.5820155030852974,0.5499951366313898,0.6695289468426879,-0.18093825422652876,0.28752559216779894,0.20708267151352075,-0.22168941129418474,0.167895402105843,0.0941687707623045,-0.1920335437743756,-0.2743245573264738,0.08180829235965144,-0.24685415092520258,0.2450584840940344,-0.19450034999100477
0.4688451976321042,0.5066208866529173,0.7507907907433609,0.10256282869646213,0.2632023781967549,0.09003235228624422,0.18393648057840373,0.23120502852221778,0.2630171469871589,0.3791594412380283,0.16990072764832134,0.19707294243091877,0.11799618266350735,0.1537848896720063,0.15933434738248772,0.11856459258036471,0.04826277076819426,1.448283529172768,0.26703220087810015,-0.36459165753371064,0.40029019819644723,0.19649912715793494,0.5803463514818016,0.1465472789288485,0.030126649084841212,0.28637187766395755,0.7028336151567441,0.0868152108807707,0.18125024933847195,0.047744271304790684,0.578374523243869,0.1539645129528523,0.2651329948067572,0.125197555638825,0.012937468758154009,0.7599101683145408,0.03818940535466478,-0.13937088926894395,0.17561286197541287,0.06941845964303038,0.29363608195079816,-0.05854959298978416,0.41959373347493856,0.026027895429832394,0.41596953219869437,0.5229702512344855,0.21656598915248926,-0.1951577859609417,-0.16032790735826183,-0.030587632073330377,0.38067992763989034,0.14500952419825097,-0.08698717380551596,-0.22788258352599614,0.13465904984360177,0.1875081599592078,-0.05374496431037114,-0.09263664357437211,-0.16252577432597917
0.24793208516747806,0.36804344359553987,0.4762290254526687,0.45917351782793625,0.8234943039778153,0.6080607349621864,0.256488027764356,0.4194523456924229,0.42407562281708566,0.3791360414361502,0.35751414075373017,0.330887221379529,0.21436256144250487,0.46572335526987546,0.42904818968450936,0.7128234903621748,0.39642057179589796,0.26703220087810015,1.2827122428838085,0.2847378167474319,0.39656063098688105,0.5422467950906724,0.13011931037400593,0.3118140633880557,0.04001653604368883,0.44082337095957125,0.7111360320781679,0.3294314666336756,0.336426502593341,0.2939537552994115,0.37189228233626315,0.3900701044753518,0.29342105298401977,0.47585462838671544,0.251901477759528,0.5080515544253775,0.19830403574133765,0.21468075958154823,0.2921154642545492,0.16465131168544733,0.32517226320977755,0.44971566621029196,0.4851293648960026,0.05025768160425349,0.164558410116727,0.45127539250851506,0.36778857886348676,-0.12581858315413205,0.5207307528816987,0.09136348898191667,0.19632771523569384,0.2543853684445246,-0.2682676686092049,-0.19516882519415119,-0.1604736615717017,0.17240432774501907,-0.1886935318044348,0.27060381875969874,-0.1633081088325446
0.13501755458377226,0.4107926438699674,0.22335478175516577,0.2808290018364972,0.31814512881058743,0.40587760632805797,0.22083035620993197,0.3032241874959094,0.2891841427225686,0.26118303706952295,0.395914903094916,0.2911089403505843,0.22484063915393646,0.34947517995741717,0.3960392520435922,0.30580074134432217,0.5464165754302631,-0.36459165753371064,0.2847378167474319,1.401708482034087,0.06646114609220755,0.30482115769605417,-0.16879431812619008,0.2913119434564368,0.13985926703519352,0.3053585652247725,0.14062526610794035,0.2970967233855819,0.29280876236517395,0.571941188447519,0.16863745204857744,0.25267051943919594,0.2247322424778973,0.34825058344727733,0.4553702364729827,0.10854451683614139,0.7955276104544532,0.6728303217739253,0.31687582227513905,0.3200054565428238,0.20039924556962718,0.5285632588894462,0.5451818682527624,0.1180458793579152,0.9360256758950489,0.313618686112101,0.4580657218332953,-0.07477405301150285,0.5058302092478022,0.15870950958248586,-0.3651187726165509,0.015689903224040114,0.18999465735639187,-0.13074245038219634,-0.2051098993474167,0.040759246504811865,-0.09704781192086048,0.287941599464186,-0.2156868538699952
0.2249277928018373,0.4489221960956428,0.6990414656387443,0.2074008200911484,0.326365590528509,0.31488252734394434,0.3135136748948309,0.30605090954252734,0.43264699851644345,0.3508665542367843,0.29247080738162545,0.2573191871020468,0.1928041440536403,0.3682249507788946,0.39323066614562807,0.3220382858308091,0.36251616957074084,0.40029019819644723,0.39656063098688105,0.06646114609220755,0.8451079287874946,0.35480379799576656,0.1637654970687239,0.3137141989823174,0.16748867707020018,0.3699577266488796,0.7140119373802208,0.3625312319286364,0.3447520667907473,0.3243096485873424,0.5060970650013286,0.3094918319254576,0.4696529194048189,0.3225801312922612,0.28812547855487913,0.6786414470713192,0.22387347903827323,0.07772471172985537,0.44959606684205833,0.18171338809840384,0.4386670843131727,0.2824846192228236,0.3839503165019162,0.02385275167471187,0.053108393675788144,0.5906505433266596,0.5151545728095477,-0.20404816233517936,0.7469945756772848,0.1882324124673066,-0.057727014226379936,0.1561153376758996,-0.04531207225160514,-0.20676996792551533,0.012510854657776248,0.1749521314093161,-0.23416362152780362,-0.03278423048852344,0.04283250994987721
0.15584152508788765,0.32891743583359,0.5215900690653354,0.2921878011358394,0.5501862897032334,0.4121678097284474,0.49402330066820327,0.2558168214701191,0.7708199049148111,0.34024197662027206,0.3452644247652142,0.3900683385311433,0.21514664157338328,0.5779252054845884,0.41215474070328884,0.9623507049580206,0.5268347952807825,0.19649912715793494,0.5422467950906724,0.30482115769605417,0.35480379799576656,1.07992221626097,0.07009911028250511,0.3463226056394814,-0.0014760570698104816,0.46799050949936,0.608907416308867,0.31775676392142166,0.28382003677383244,0.391656849945209,0.33933743484406903,0.45154229378247857,0.3250686311240974,0.42925938439163414,0.3669613410030548,0.4011725462463032,0.4181252544958152,0.21118603893636595,0.30557224662210053,0.13621354279820908,0.35219589658977096,0.5491496260544222,0.633508195335678,0.053322840463438166,0.29503631524499047,0.44856276042269044,0.5070084971599396,-0.12982463079204484,0.3948047348564255,0.10941814355709015,-0.07787663633538859,-0.08441001485611677,0.023630331383358547,-0.2090669808578953,-0.1108739742237435,0.3316321010743386,-0.32849702379418894,0.1724172152063579,-0.21098071632780502
0.3160531448303336,0.296207315064595,0.46016307338463175,0.1241268993967935,0.15864152010249227,0.06475992854581944,0.1191133451509555,0.1760817809269337,0.16777746854604986,0.2004183544739386,0.0781634071771419,0.13319623732978927,0.10854337886279306,0.08308458913783817,-0.05538512428985375,-0.061910799270744735,0.012151047816989429,0.5803463514818016,0.13011931037400593,-0.16879431812619008,0.1637654970687239,0.07009911028250511,1.1958178133925874,0.20603028006469332,-0.004089525409954574,0.011064973350114594,0.0886174149268523,-0.2514206867531668,0.2807358593304746,0.270160069009481,-0.026973838132737,0.10782018930770898,0.05603178173474124,-0.02881702805647445,-0.2837130650368283,0.5520256580033432,-0.16506221518218656,-0.11158016100777808,0.274302135870897,0.10434111948466492,0.1855668285297576,-0.059527787671555886,0.16283551340222188,0.2620972360852479,0.09438590688236982,0.2983219806912647,0.17219872989230162,-0.13251706852959055,0.16458667521832807,-0.20373305309799275,0.2407010133755479,0.04023990570043699,0.12548079722274688,-0.07598491842630689,-0.04364306934122005,-0.00827695969554648,0.09454155553530512,0.06598809503795403,-0.1936339589080174
0.11385592784743448,0.2901682625876568,0.40772620250416725,0.22664497971752273,0.2876998641631448,0.28779360100976875,0.30209535949541194,0.24516034464503034,0.36607123839974554,0.2739192822211923,0.26556990032157185,0.2842525625660268,0.1781233716682585,0.31870524895211794,0.275722374558273,0.34664531830930023,0.3204729841009565,0.1465472789288485,0.3118140633880557,0.2913119434564368,0.3137141989823174,0.3463226056394814,0.20603028006469332,0.5125020144653152,0.221069501574618,0.27192977884838315,0.5282564219430335,0.3245789562997627,0.24660376066522854,0.5268543101582921,0.3287204828202936,0.3003019872079196,0.5299704527423854,0.2087044548294523,0.2161189403511322,0.4959475446567394,0.29549572905993765,0.176390085891898,0.3057161410803188,0.12565925088304186,0.2555927731225755,0.3494592498718992,0.38827152912659196,0.128989189350943,0.13242141107787433,0.47261905579565533,0.4251622145198163,-0.16998017373936114,0.6273832386886043,0.04823425967055299,-0.11522637822992127,0.10416063853911943,0.04165180185066091,-0.1541265897337824,-0.052605118933177396,0.09575163131794727,-0.06979144165676643,0.002460651497013855,0.00264623268854428
0.6503017672236474,0.12204068907795146,0.1898426601048615,0.0445720471365681,-0.12543051390367815,0.11334205430693223,0.13668392435716925,0.06760954441540988,-0.03191337435071289,0.12478640570641966,0.1369847882504463,0.1572053095187319,0.0898768413904672,0.10711841831342551,0.12188911526382196,-0.06474733337845393,0.5087375049083456,0.030126649084841212,0.04001653604368883,0.13985926703519352,0.16748867707020018,-0.0014760570698104816,-0.004089525409954574,0.221069501574618,3.5266386264382965,-0.034017721817308715,0.06311302987862906,0.2891454165665655,0.2711455629027174,0.33300945801727233,0.33537828615957377,0.1255178426691255,0.18991194845172898,-0.023940218223375356,0.3393595696241769,0.3669784287307065,-0.0999934911679466,0.11937771085307583,0.37521650044300703,0.19422105921733285,0.03680850729024338,0.08741895271768502,0.10105640267866325,-0.04495445315781025,0.2644267695529311,0.8313488820631572,0.3003293587665992,-0.3091704688482899,0.15778070770752842,-0.36537360181631734,0.6301296936708211,-0.05436066506216416,-0.13127412267317148,-0.15650745878304348,0.01054903927436243,-0.08289508789456078,0.14611625175709578,0.08187923373423159,-0.24834111112479107
0.11890582382055612,0.4592038023847527,0.5005630834574082,0.2887901954599716,0.47769427298198097,0.3804671864264836,0.3886255761774181,0.34274862834006203,0.5590335886085788,0.3456988199619434,0.3802312568740095,0.3820039450868782,0.19276247392317902,0.5383623901779202,0.46031398257946216,0.38392918593198294,0.4716151832063322,0.28637187766395755,0.44082337095957125,0.3053585652247725,0.3699577266488796,0.46799050949936,0.011064973350114594,0.27192977884838315,-0.034017721817308715,1.7700717582178955,0.8053069434576162,0.2710099499853572,-0.07305744502214603,-0.2656515563609082,0.430209352201304,0.46312818194822714,0.25015221717142044,0.53271431380464,0.3604536542623397,0.45556571371548804,-0.3351699846869244,0.17429265528881488,-0.6459236893185972,0.105288806942611,0.691120023957381,0.49210194053487255,0.5294083908586019,-0.04237561235817925,0.17828941304555854,0.4833030377327656,0.2964831926421649,-0.14903186725825632,-0.1379254558232839,0.128225618277778,-0.13195903108428736,-0.028676969053524032,0.11464631930028943,-0.12359541968969925,-0.3443313588098809,0.20239398619555993,-0.309434033230857,0.5266264928891995,-0.34950382744763736
0.24837357481780264,0.399047408044763,0.923285774322443,0.20737370574341507,0.6378905948052916,0.4922815806535658,0.4943695793334042,0.35715198038458346,0.6881058556046062,0.5881482059794784,0.40197911830043176,0.33878941228074105,0.17843963353283887,0.5649812883405368,0.6962424114370969,0.5896022293428761,0.4264001111996205,0.7028336151567441,0.7111360320781679,0.14062526610794035,0.7140119373802208,0.608907416308867,0.0886174149268523,0.5282564219430335,0.06311302987862906,0.8053069434576162,4.8618379660738755,0.903655787014001,0.07279559592458075,0.45000862562796273,1.0291726051943768,0.3608049850287277,1.4627248838284235,0.7206818545562547,0.4254582992513913,1.9470872641585648,0.717190451739721,0.14881379353356913,-0.04718924375657749,-0.010074191518428756,0.8963118730864071,0.6157717976672733,1.3098345810421934,-0.2256698925693357,-0.6942920021293576,1.2976220349970147,0.2364363789576006,-0.5500347802577248,0.845298475618012,0.4389621189496332,-0.2880625119839846,0.24430399780032522,0.04232464573765724,-0.3837068418450517,0.24608356261776995,0.6169886106247038,-0.3007925460783997,-0.3761759383311719,0.29800881567469106
0.00575626297634199,0.2769285529143257,0.4402191020408335,-0.001923386929320806,0.13570092373799356,0.23594872866773167,0.20220169664532883,0.24301564093772163,0.2948491405771862,0.29137233193412626,0.20240369560261048,0.11358266704640241,0.12281667864947042,0.22704791614438144,0.4071206478926443,0.3776287017046885,0.37329569273429514,0.0868152108807707,0.3294314666336756,0.2970967233855819,0.3625312319286364,0.31775676392142166,-0.2514206867531668,0.3245789562997627,0.2891454165665655,0.2710099499853572,0.903655787014001,1.2511642371706402,0.08031817287077754,0.5145310426277963,0.4850935512033203,0.1849282485787669,0.7553953397366692,0.37249856822740673,0.9943441238875459,0.601903762229328,0.42729148818388746,0.22382520834663874,0.17957399147838324,0.18746387942635684,0.4262184966860941,0.3676254464734348,0.4127464905695903,0.13194264763664332,-0.12969099107867704,0.470122257787835,0.29974552998753196,-0.19717129277060452,0.7954346895274382,0.20434573932805059,0.08093325278705303,0.3930141967725067,-0.7281700233631566,-0.09306211785572593,0.10115545425098348,0.146945173162291,-0.18714282472854613,-0.18828980138765447,0.28833441096693563
0.13505183416465652,0.43703859003523005,0.3504369964001297,0.28841663621260205,0.2829189152453442,0.4048320074858103,0.18858638558186266,0.28781213688850343,0.1561452361378325,0.30075823244477,0.29618607044395073,0.270578516326776,0.2199751752065281,0.2778033796513685,0.23691769543005317,0.38485814835026516,0.4009287945803855,0.18125024933847195,0.336426502593341,0.29280876236517395,0.3447520667907473,0.28382003677383244,0.2807358593304746,0.24660376066522854,0.2711455629027174,-0.07305744502214603,0.07279559592458075,0.08031817287077754,1.8421074682239487,0.40795420310456687,0.13696987027229054,0.2716536274097117,-0.058522369004559906,0.49368360188656013,0.20622002761337993,0.5076622496184733,0.10266404243148365,0.13595727670920216,0.5351964053369297,0.30221856025469657,0.5039290391530847,0.14089219390305718,-0.012521028286680273,-0.03501591142043757,0.27258880804688834,0.44041858336239764,0.5706757875771864,-0.19179700533490127,0.677678427753991,0.5145071721844293,-0.39173030781744045,0.1478394232458482,-0.2602976916271667,-0.0622249138683409,-0.24351940622306997,-0.0709737248474296,-0.12198313400422058,0.2773683952875826,-0.1675144037495711
0.4877542915693694,0.42940517430791264,0.6199952738200332,-0.012509140624145378,0.18440329176601014,0.159337490009098,0.21683254042583813,0.21248427931522348,0.37158719822745345,0.36405177261465677,0.20619683975626718,0.10468367132769453,0.15829904404642178,0.34254516168181637,0.3628557472380897,0.4649695833720388,0.2530192466122843,0.047744271304790684,0.2939537552994115,0.571941188447519,0.3243096485873424,0.391656849945209,0.270160069009481,0.5268543101582921,0.33300945801727233,-0.2656515563609082,0.45000862562796273,0.5145310426277963,0.40795420310456687,2.917125269134849,0.25030068044324766,0.19194672009618394,0.14549451025951832,-0.2765302999102385,1.1189754997586132,0.49985913912239366,0.6756590097458909,0.33288282733317187,1.0165598974701007,0.5249808553978826,0.8979110519227669,0.4103091600325604,0.9359830009177006,0.46372281674359,0.740735373345015,0.5006619567167138,0.8103184487992079,-0.13196362550731774,1.706748913693303,-0.21590795646745722,-0.025023035820822888,-0.1874515040967562,0.2971312795789121,-0.05810060750942508,0.047309477712214436,0.14779486401354666,-0.11946086737380117,0.11735598619687673,-0.05578719984509
0.2741060127471993,0.33878327694499044,0.6012662548724963,0.1384011987250606,0.34013481834093995,0.27556917906494993,0.30030957238408235,0.2597306359905769,0.40881779169137894,0.3942393863218216,0.30863830186070007,0.25940682232354434,0.167714431680483,0.35983618022219344,0.4451597986848601,0.28783796589185057,0.3499255493564342,0.578374523243869,0.37189228233626315,0.16863745204857744,0.5060970650013286,0.33933743484406903,-0.026973838132737,0.3287204828202936,0.33537828615957377,0.430209352201304,1.0291726051943768,0.4850935512033203,0.13696987027229054,0.25030068044324766,1.1228474758763751,0.2907076853540853,0.5654538250738262,0.29687173665975075,0.37876548254235115,0.9390056204684305,0.3606247385618973,0.15229353259490147,0.23771533477101894,0.11223159004867768,0.3876198583019689,0.2877201787501515,0.49787215441747373,-0.07616756690691956,0.20542660100800936,0.8004448583051504,0.41901758507612197,-0.29875598224389566,0.45234288025410385,0.2673018829031656,-0.05121440917788334,0.16405803463689766,-0.0504813079453624,-0.28769757926000455,0.0875051373269628,0.26164815175249945,-0.06995653844179363,-0.13136605933628528,-0.105078024676032
0.1791416934660728,0.19155779360415562,0.33467176390669023,0.30863432099485355,0.38274665369798483,0.33387569635987124,0.31750558688879166,0.26268721046907184,0.3608515400813918,0.2627260183886116,0.3085044657559579,0.3671512833270467,0.21113813973397777,0.5056965020112538,0.2584203534590338,0.542640665653715,0.35066794364565385,0.1539645129528523,0.3900701044753518,0.25267051943919594,0.3094918319254576,0.45154229378247857,0.10782018930770898,0.3003019872079196,0.1255178426691255,0.46312818194822714,0.3608049850287277,0.1849282485787669,0.2716536274097117,0.19194672009618394,0.2907076853540853,0.5574552698884238,0.12740464130287302,0.30065056243896515,0.22651539830634448,0.3908560008238295,0.07552924826163707,0.14078503996060907,0.20183272196142774,0.17345631500656059,0.3415658008202195,0.35349515187561026,0.30728772844123875,0.02623980248015136,0.24115698094318747,0.40583378406500065,0.41005500124978944,-0.14870991135561723,0.49439829364635063,0.016665275115374318,-0.01908545595090497,0.02832604522780565,-0.0418851791770364,-0.062192644364617716,-0.13940583100805515,0.11570353484663319,0.11705575414699876,0.14312288099714857,-0.36996436867464616
-0.044917939832645006,0.4052816790337901,0.6381130163043975,0.13419204650259017,0.287642459676351,0.19685818230278243,0.28837802623746783,0.2820184898612798,0.47548152796142407,0.3272912801948099,0.21125873198538445,0.10599838554513613,0.14636503558575442,0.29820467280429513,0.4363118606762739,0.18937210233153107,0.4173846864642477,0.2651329948067572,0.29342105298401977,0.2247322424778973,0.4696529194048189,0.3250686311240974,0.05603178173474124,0.5299704527423854,0.18991194845172898,0.25015221717142044,1.4627248838284235,0.7553953397366692,-0.058522369004559906,0.14549451025951832,0.5654538250738262,0.12740464130287302,1.8862585257130313,0.32934751046123023,-0.1433676451795407,0.6918402353558281,0.895510112460668,0.18164560605820057,0.20764554804628335,-0.07733201161763287,0.021419880890509682,0.49400622028762886,0.5195414802583624,0.11220752025382717,-0.255475273402444,0.7471953630624034,0.5014088509993535,-0.28005856215225866,0.6905302119271997,0.2515044361304902,-0.36135453226370645,0.41765565590842885,0.12712737300876495,-0.3637218694172734,0.09611358191538223,0.16908678740291355,-0.26573612228497473,-0.2875384297595689,0.40826766168769346
-0.7228159383684357,0.3194892266753306,0.24918361860316898,0.36594544451487,0.5647084623693681,0.4672964817791434,0.39518276677077446,0.42596369358120656,0.346780411543007,0.4992511588474259,0.4259107232329591,0.4373492754534623,0.2873336732293515,0.3645348944247408,0.4235587187083944,0.5629781151728903,0.593411132725586,0.125197555638825,0.47585462838671544,0.34825058344727733,0.3225801312922612,0.42925938439163414,-0.02881702805647445,0.2087044548294523,-0.023940218223375356,0.53271431380464,0.7206818545562547,0.37249856822740673,0.49368360188656013,-0.2765302999102385,0.29687173665975075,0.30065056243896515,0.32934751046123023,2.299582760801879,0.5317571877604172,0.3217790817779878,0.6180030303734174,0.21862557504345045,0.08694253236182929,-0.01697760940720312,0.45070275677810995,0.45309837348061976,0.5522524324529418,0.1742914341273984,0.02010559620861784,0.2541540099435342,0.6010117365074882,-0.04808024460702531,0.2027131402503258,0.2821154643674055,-0.21624366243721255,0.011822209589363232,0.0221617410304847,-0.24734999255847312,-0.1908955619950996,0.1799837771029609,-0.4717216211988546,-0.003694786943294372,0.35582570033228084
