0.6260123421406851,0.2171396351009779,0.4492428802011316,0.008386967109485137,0.10069899591169347,0.03137781682015529,0.14820447266079964,0.03756985489927489,0.06398166038510257,0.04597134085077546,0.06088401219379925,0.08548156150729115,0.055286016874740176,0.09085836379703349,0.05166431418169583,0.0865093868731894,0.05914389678992643,0.0613701195908069,0.03730690094895757,0.014174369389907347,0.07837056796573545,0.07694192117042128,0.040352696543165735,0.056756568279103796,0.07689830908193486,0.005130731739626458,0.06764225586036311,0.004769833244427099,0.09328200002415973,0.011295445487760616,0.07825196259926918,0.06079601968208981,0.06264290763941693,0.09861306969618469,0.03144348328624541,0.14219078974681412,0.11717898187162691,0.07644008118614369,-0.021574398575064085,-0.16004270707880566,0.0042862898761686025,0.0629434114442989,0.014690244603412974,0.006335814668323188,0.07825803110585089,0.12131919730236844,0.06338304399102604,-0.0032054832156103315,-0.05905150339981703,-0.06474615177601217,-0.0320767951402452,-0.06978563690704727,0.1426845733430322,-0.04563470084522577,0.07156133605151684,0.006186739952454365,-0.04371817123501687,0.09532473668949917,-0.15424559053893175
0.2171396351009779,1.6485085775733719,1.2286952454807503,-0.0456587986175549,-0.15799149866043916,0.28009934939134595,-0.004706272766831746,0.2150187945889155,0.12261001491322658,0.08934952518519522,0.10927889765329594,0.09428366991687458,0.07965044007181843,0.06665617682414147,0.04260879210334445,0.049664761767937896,0.06370746708827416,0.4285959192348278,0.12665374732230278,0.32014561484942783,0.21825889193239026,0.09120730390899713,0.15225144615967998,0.060494042790347556,0.18174405539251204,0.16448365643317586,0.1760850617089072,0.15696832274406505,0.20421527889016122,-0.12340641244605986,0.26767245875700535,0.1140528966519837,-0.0010536317017587591,0.3307705162990521,0.14991137849089828,0.384012304374094,0.5239107660410119,0.23895229107923036,0.11655720476486908,-0.3018079577360011,0.049196945591891555,0.17026711160201174,-0.01917760824493679,-0.0011073830824011072,0.3799353768853717,0.3796210887357788,0.10955001606693707,0.00944258189086756,-0.4973504941594425,-0.07398444071562164,0.21533025304997624,0.259179923324166,-0.12946886332731625,-0.22958032446691157,-0.20881493020478262,-0.03953548196672479,0.04091446903778218,0.015945555296947075,0.12179633972052334
0.4492428802011316,1.2286952454807503,2.950770504120434,-0.0997514453114127,-0.32121248693371074,0.2076957705121829,-0.0165080019111756,0.1652373755408005,0.12451500421782165,0.000248550829834284,0.08730917860963311,0.08962426087672874,0.06276156739710588,0.044852284800004104,0.002049599124375237,0.034746501393834436,0.07620429208191677,0.20463898243326228,0.04663092138986583,-0.007693522266036906,0.1468706204339389,0.08915131683892034,0.03536981354947022,0.02735820445837984,0.13810270478250408,-0.005412847442670209,0.15012348192223687,0.10903794835112657,0.037006310441540985,-0.45827477262508937,0.19272913595556437,0.07845868275094149,0.07403154459660868,0.3934338078558459,0.046535742764889296,0.409452019068528,0.5206375168973588,0.30742776492963453,-0.2262403269003277,-1.1082526599562854,-0.19178592021743038,0.0725898137327092,-0.17262986086093723,-0.021486889813903308,0.40845801243772817,0.5850035553392763,0.013404629278882151,-0.06023718566887396,-0.9885886362144404,-0.14251710046423602,0.08651274088568223,0.46036894781417637,-0.02577499667798694,-0.35028342665638423,-0.0043214092699607924,0.00014869153758206825,0.015302152285018186,0.10466383824626693,-0.25222156341519525
0.008386967109485137,-0.0456587986175549,-0.0997514453114127,0.8713924834097462,0.49158828045208947,0.22690375898170992,0.3351246761338975,0.22493948922563098,0.13750269713160712,0.24981832352815286,0.22087011803251905,0.2792497194750756,0.17875703133891294,0.21331577366569376,0.23183336204492871,0.24201472511353395,0.21125369694705176,0.1419703922267227,0.2496162697037833,0.158243925773513,0.16446546739041148,0.1892274511565982,0.1335932236070173,0.16044920588151534,0.19845009081692289,0.1823266826692662,0.17083620908984248,0.008736073100894285,0.17948534033427543,0.09638974291938271,0.16810487037227873,0.18535101480178795,0.20678707301237276,0.12589464961873068,-0.1336594441543761,0.19706382569510691,0.15887208268656602,0.19378850535144,0.20078722100781354,0.1828663397405253,0.15322622919041493,0.17654080974348804,0.17292564768702567,0.0507142759698474,0.046288975152225416,0.016466056984891942,0.19356925512793444,0.0442235745432998,0.23525222836576237,0.2710289969523961,-0.181169634036824,-0.0797535993473007,0.08548883856121545,0.008278805524729779,0.007683230135303933,0.047494346341902804,-0.12508368885989934,0.06467646768253964,0.024344673419133673
0.10069899591169347,-0.15799149866043916,-0.32121248693371074,0.49158828045208947,1.3947145431195622,0.10993386158944568,0.27678304447692514,0.19712767500448963,0.02380918231974959,0.22473440478451567,0.21116033270159607,0.3168614580089355,0.20206526763744628,0.19753202112809823,0.34136891447646367,0.3245475514494314,0.14891758377278982,0.07662363107915379,0.511533526300379,0.08799434792726207,0.11642056116484417,0.16536619598522026,0.06786436867866176,0.1407987753096205,0.19987454612506667,0.17432590449597285,0.14461261627508643,-0.045581492904968005,0.14218890207904633,0.07125815774946993,0.1611375433894715,0.1609572283728491,0.2620483877915514,0.058012769366804655,-0.21984344808099715,0.15742230903227955,0.12673919114682802,0.18251793659370633,0.2569217504939134,0.24459058026688568,0.13657492274908983,0.15022422653924059,0.15706119886495465,0.043198216205150214,-0.017895661916632256,-0.06904011737566722,0.12435235863574944,0.05807808744423824,0.2554458868177394,0.4714808376667091,-0.32316643286644553,-0.271650493124514,0.18684239326993185,0.054779636970101395,-0.011297863988491915,-0.022178781413307175,-0.19637999146736693,0.1589997704057796,0.10013637414530092
0.03137781682015529,0.28009934939134595,0.2076957705121829,0.22690375898170992,0.10993386158944568,1.0365219762833782,-0.1364589260755635,0.3784625614861945,0.23455727325657816,0.23049860375703388,0.241856623394021,0.24727852515974505,0.17947543758965154,0.2507585490489535,0.22581818772394774,0.16143693703426998,0.2705607714433006,0.20111458682410419,0.46201841559791273,0.5050986894692113,0.2782050838654084,0.21147573290841362,0.12811860212549328,0.20812632994921673,0.2547126288810183,0.3349266095708074,0.1959039255209093,0.06773962657315309,0.2956446720827605,0.05358197870117501,0.25890231449570583,0.23413345849690909,0.08596087820010158,0.3435923806673816,0.09448729486166531,0.15422386619976108,0.45955576369951845,0.41352748242500725,0.44832425690665473,0.12983037263898903,0.18858994994085643,0.27104745418862575,0.223204297731853,0.0481503890467862,0.320226244258006,0.14485154090198096,0.45743189774982485,0.0526008923405675,0.1528663163821035,0.4298692322740594,-0.35512712904268307,0.03843207544119049,0.03653971601237859,-0.04669431029881055,-0.009322503017788189,-0.06505022697455179,-0.05436970403175454,0.12999534914223615,-0.018052329730158176
0.14820447266079964,-0.004706272766831746,-0.0165080019111756,0.3351246761338975,0.27678304447692514,-0.1364589260755635,0.8562714900982438,0.03382545910328546,0.16980483922958942,0.1575542090383317,0.20637346664203057,0.216611394814002,0.159415612739943,-0.024626753427748237,0.2048879994746558,0.11039721984807015,0.21907794373494413,0.11095109238751522,0.009104657228754769,0.03542333519511777,0.1586396996555893,0.14514694777382434,0.108153439455912,0.12597187633377968,0.11181652804213288,0.01592464412641662,0.14823039860142617,0.07255172172851698,0.0710070690382836,0.21158487425555175,0.1343324645974011,0.055606012370965976,0.2336832283806729,-0.006562181599273108,-0.051276655499681835,0.2722985839496883,0.1380319858482535,0.07121908848366404,0.030928181006497402,0.038080170783702794,0.1463862410692255,0.13820794931096628,0.10210056373803816,0.026917613928575643,-0.009028878472027149,0.053281912013194856,-0.04904305254818231,0.028141811119650348,0.07652077011313092,0.04842468807488579,-0.1091573942729643,-0.022765608736740637,0.07883381709231362,-0.02160190413380217,0.0012835361933303847,0.07401321922160155,-0.17791364371896962,0.08170870632693841,0.006669898507596726
0.03756985489927489,0.2150187945889155,0.1652373755408005,0.22493948922563098,0.19712767500448963,0.3784625614861945,0.03382545910328546,0.7129992601946427,0.09739420814039838,0.24334075143820458,0.27019426923645173,0.15856794419108144,0.2199619613729931,0.1931483997627282,0.21964950500316205,0.14816366667056166,0.2603974272485945,0.20666124274990752,0.25020876489371846,0.32654382964277967,0.1409126637000709,0.13151496669313442,0.10198293406743934,0.13245673924672932,0.2506052697743058,0.26776133170217153,0.21321759086723505,0.049911832621993966,0.23382924743257588,0.10392933010460788,0.20935705607944713,0.14916785934877283,0.051948562249446814,0.24496370793084915,0.19250122017799592,0.15080950484881378,0.3344269398782892,0.23749179304542303,0.2944749839625193,0.10124808493984294,0.1402667151698373,0.15693946765954528,0.1864773076375416,0.03145195844041887,0.19130418325048207,0.1764291697245465,0.3785116930837553,0.04279109247761347,0.17123983284007693,0.17189649044087252,-0.11352717650545605,0.0373138536996946,0.12278278756990157,-0.11270888506980328,-0.00014349212262505115,-0.10363444930217816,-0.044853457654210935,0.1847245453034235,-0.028289405895316293
0.06398166038510257,0.12261001491322658,0.12451500421782165,0.13750269713160712,0.02380918231974959,0.23455727325657816,0.16980483922958942,0.09739420814039838,0.7378021552760264,0.12149525080299362,0.2061247508344624,0.14995354044149758,0.15616889944253623,0.08349750975812822,0.16069504386542477,0.02768012248711771,0.24872885418539062,0.18327770149455785,0.1443400063170842,0.17020677820928756,0.2072343997701067,0.3482351301733709,0.15902510734274322,0.16802730206673386,0.08919821746947394,0.21330316760222665,0.21946071059273733,0.17641516859131678,0.06183622892677264,0.1731743101917397,0.20163084977819906,0.14041307468248426,0.21874374922409012,0.10893252315413887,0.0629996637751094,0.25569813862336127,0.29425692210747284,0.2494332496236858,0.17122172443232317,0.06639557725574691,0.14572040026791824,0.18351026301627332,0.2715492945648192,0.0428488518407687,0.22672300845933027,0.1368260518962199,0.1729462502383043,0.020052558576566282,0.31942060278345275,0.17359351676473858,-0.061770770795423535,0.25866211656753,-0.07938634190835357,-0.08884485818225579,0.04273340108046196,0.06153012909850685,-0.09830988281318212,0.08470935911461693,-0.17930423128805284
0.04597134085077546,0.08934952518519522,0.000248550829834284,0.24981832352815286,0.22473440478451567,0.23049860375703388,0.1575542090383317,0.24334075143820458,0.12149525080299362,0.7011262432316366,0.20050325560113433,0.21606271013875306,0.20520903393380746,0.17492735668189527,0.2722543961471921,0.15065846400025265,0.2648702176557976,0.2837125143449916,0.16069815170199298,0.28537799563091515,0.17133382322793902,0.14389564419099363,0.1611192823998608,0.16153442135786666,0.2068560520587063,0.20370114647996587,0.222716340194964,0.12739138055410934,0.3093256154367504,0.19406797035680592,0.2445100265181094,0.15861979010887764,0.16610768965798506,0.25895588867024766,0.16539101955376928,0.2661470384234093,0.3613058162310449,0.16833803446076456,0.3007197110137232,0.19444866276722053,0.23774460823308685,0.18560644703837234,0.12006474081497835,0.0459082741196148,0.07467336623077762,0.17874054150815294,0.42471716859365927,0.05596210039366248,0.2596164260017673,0.18781015515620755,-0.09533385888043291,-0.1522700932349265,0.06505448530072926,-0.055938149605029304,0.04548352848183597,0.12743631595813754,-0.0998163064045718,0.06324938912824439,-0.1574215456740709
0.06088401219379925,0.10927889765329594,0.08730917860963311,0.22087011803251905,0.21116033270159607,0.241856623394021,0.20637346664203057,0.27019426923645173,0.2061247508344624,0.20050325560113433,0.45107112983228176,0.2629622266966191,0.208221247628266,0.12226287503488541,0.3308461511192262,0.13228911693003514,0.27276779781706245,0.1563925137271219,0.18451889770999133,0.21916527524455415,0.1888255474175346,0.1675055849444443,0.11846389734798095,0.15498128671305436,0.19991002973072083,0.19436677614606448,0.21240391825836283,0.11017776234526713,0.1778460799051292,0.1329854552019141,0.19846204738987844,0.14981611236520403,0.13043105830900426,0.16522090060209885,0.13896203347692843,0.22707644140838987,0.24661421297666933,0.20071765984356876,0.20478151862376148,0.09857609896287428,0.13711112908676718,0.17839242863988283,0.15155994454386781,0.0304717389624693,0.16411102050569662,0.12136732527122039,0.23822657497740138,0.04310886434583819,0.16545526208575198,0.18544744012322734,-0.1230486852038093,0.10392483677041885,0.03250366616166545,-0.036750269138379595,-0.012229750451353097,0.0038759432786486647,-0.08951511972374121,0.1445926876939105,-0.1017422438004516
0.08548156150729115,0.09428366991687458,0.08962426087672874,0.2792497194750756,0.3168614580089355,0.24727852515974505,0.216611394814002,0.15856794419108144,0.14995354044149758,0.21606271013875306,0.2629622266966191,0.5527542204130222,0.16735881569776817,0.18380482789930333,0.23835693392331359,0.21675249551714157,0.19795519672196582,0.18715909632889224,0.22016107374650595,0.1837580430087699,0.18634211779432083,0.17693130378269822,0.15206076452542325,0.14342432997736806,0.2471967891349803,0.21710928459844167,0.19867851823174987,0.03400167674592315,0.16337267774451747,0.054269690337958365,0.19720428114219485,0.19810422851773504,0.0825303354123302,0.17674243536716272,0.07482159229230032,0.29667448558146475,0.12500220589109254,0.1919193566420965,0.22782771222910442,0.1598016280771748,0.09215326249640288,0.18565444384563648,0.12419748843193912,0.034711844907061855,0.19105222077355313,0.07351887034553928,0.19811195070988358,0.03734241004720482,0.061436914825971675,0.18717642497347003,-0.09996998979521918,-0.03294404666079406,0.08820554988794935,0.019716731022333813,0.04192616809141106,0.03415552287882781,-0.15708637118974275,0.12888517856967532,-0.08988797393933914
0.055286016874740176,0.07965044007181843,0.06276156739710588,0.17875703133891294,0.20206526763744628,0.17947543758965154,0.159415612739943,0.2199619613729931,0.15616889944253623,0.20520903393380746,0.208221247628266,0.16735881569776817,0.33029700155826747,0.11262776149707783,0.14476448359000912,0.16200162606266919,0.18747398850464295,0.1292888449108876,0.16177603939707363,0.15999213789852315,0.12347018773398322,0.1696881624510038,0.0810517960495549,0.11683474931871567,0.14879741946960717,0.17830339246524302,0.16874538880037235,0.08267583689544189,0.2166174245718203,0.08311419533262233,0.14600642039179196,0.1397567362735982,0.08466074140375722,0.16219069899200378,0.11482378303770341,0.172580005065423,0.1623794316929954,0.11682256009304273,0.1941044330965724,0.08234279249182705,0.08260291850593122,0.12942907801394246,0.10063149140626401,0.02941906492350013,0.0626869201070975,0.08696649121530506,0.20278485141655292,0.025345477226162587,0.2421983901596597,0.17629311693788238,-0.11392794232291663,0.05985739716378315,0.004809456533622727,-0.046654184157774545,0.023803784324010178,-0.009862482108242981,-0.107623935509573,0.10494415121441701,-0.04789125447120029
0.09085836379703349,0.06665617682414147,0.044852284800004104,0.21331577366569376,0.19753202112809823,0.2507585490489535,-0.024626753427748237,0.1931483997627282,0.08349750975812822,0.17492735668189527,0.12226287503488541,0.18380482789930333,0.11262776149707783,0.552966626674466,0.07120095003214216,0.307541966653901,0.12579159284656785,0.12802318934034299,0.14550892209149857,0.1991431782789468,0.15923956601357883,0.192347513039675,0.14329212888255677,0.14851428890820037,0.19641771003242064,0.26385714518528136,0.10237254173081048,-0.0011306964093073608,0.27331597938147456,0.04598921321043301,0.13521331105768417,0.304295978043167,0.013691329160043042,0.2568448387531591,0.14884332153631835,0.14771547011102906,0.13484149211016774,0.161022726295252,0.198981552100755,0.13263640827746434,0.07460859981697847,0.17696911963595985,0.14939409532582965,0.042455647016852324,0.17812630407676364,0.013459561923617617,0.3329414186069267,0.026292126442448324,0.3511552284885649,0.17311139367890613,-0.0956731081876659,-0.2804182411059506,0.19894604139222133,0.042755281514398315,-0.049238771834312314,0.012425501746550662,0.06909193896021149,-0.06883534575774236,0.020737616504467815
0.05166431418169583,0.04260879210334445,0.002049599124375237,0.23183336204492871,0.34136891447646367,0.22581818772394774,0.2048879994746558,0.21964950500316205,0.16069504386542477,0.2722543961471921,0.3308461511192262,0.23835693392331359,0.14476448359000912,0.07120095003214216,1.173415414197685,0.017706292932354924,0.29534045059614034,0.06631759569931729,0.23803598135682474,0.2368961548929051,0.19475570344061208,0.06749681323446996,0.08987596783648408,0.18184556330517673,0.284361473330784,0.11735761576997815,0.2513682668334611,0.24285325324102225,0.1498254366461616,0.2884226331784325,0.21442407723893975,0.07949580301469264,0.25738343629105886,0.11642958040478946,0.1264859270574412,0.2537237421422328,0.4078195998065358,0.21139634308057265,0.1718459096843048,0.06816483954153633,0.28254547042987566,0.1819435544884184,0.18578295893721397,0.02964044884821925,0.14330929397231124,0.14635908803828784,0.2281074051013571,0.06852047226640583,0.0591475920136287,0.31092006409982925,-0.24817978323531026,0.2931254825534335,-0.1449295294806903,-0.01723690357584253,-0.016903169976157085,0.06879667097369019,-0.2194618887417542,0.13265413826900235,-0.03127342629897689
0.0865093868731894,0.049664761767937896,0.034746501393834436,0.24201472511353395,0.3245475514494314,0.16143693703426998,0.11039721984807015,0.14816366667056166,0.02768012248711771,0.15065846400025265,0.13228911693003514,0.21675249551714157,0.16200162606266919,0.307541966653901,0.017706292932354924,0.6975431745110274,0.12366259612582799,0.12638425965749892,0.15976722592622172,0.13298011331041407,0.1320740027358111,0.33226030649590593,0.1348871766378321,0.14948673604307414,0.21897879545455579,0.18083499464775127,0.16045341157898502,0.012953561362670122,0.30244530568296024,0.1313300623936582,0.1429499142160521,0.23699714276874917,-0.01671984107515204,0.2584322046450456,0.23139492042152524,0.16983256960786552,0.12452335660418856,0.17164500763553667,0.23467046527902607,0.16439070161599045,0.05435828793266656,0.17721852220688414,0.20650225117860663,0.05704563492241434,0.18341603530876785,0.003944914093812369,0.2856907735141686,-0.01166737238298933,0.3396082412073187,0.09143879880769402,-0.19415512985489122,-0.10474896391048126,0.20503893815766616,0.055857232858965544,0.06608249862962538,-0.017005932020458334,-0.19161115424834124,0.12800848739652218,-0.008362043993165083
0.05914389678992643,0.06370746708827416,0.07620429208191677,0.21125369694705176,0.14891758377278982,0.2705607714433006,0.21907794373494413,0.2603974272485945,0.24872885418539062,0.2648702176557976,0.27276779781706245,0.19795519672196582,0.18747398850464295,0.12579159284656785,0.29534045059614034,0.12366259612582799,0.6615839823220366,0.1150570364117729,0.13790505431422803,0.22937085895060477,0.22765358567276403,0.2041008418442185,0.10597838908442739,0.1728479187745392,0.19248308129833464,0.12354696907940599,0.2235029357110683,0.13927745652056134,0.2374097714827515,0.2178418939386721,0.20035631016971586,0.1348580295400195,0.1832169630939916,0.20120573096478586,0.14203132815205463,0.21727215848238585,0.40021637490322753,0.18602313721174438,0.1550834808492817,0.08219655203410703,0.19630094033888748,0.20348274663400773,0.19318656665258635,0.04258276828337921,0.15791235262523115,0.17847257917335538,0.38790254933508217,0.03957912387964405,0.22512910896587335,0.14189962565243477,-0.07907895263071985,-0.24444769740901642,0.04110332688730332,-0.059763881685229295,0.052116885843672286,0.009096891626785555,-0.13485940601563237,0.1513596744729431,-0.11461894056030271
0.0613701195908069,0.4285959192348278,0.20463898243326228,0.1419703922267227,0.07662363107915379,0.20111458682410419,0.11095109238751522,0.20666124274990752,0.18327770149455785,0.2837125143449916,0.1563925137271219,0.18715909632889224,0.1292888449108876,0.12802318934034299,0.06631759569931729,0.12638425965749892,0.1150570364117729,1.0925327149514545,0.14096262373578347,0.12110121588517359,0.2132143451123073,0.17540855644104728,0.6150665884257123,0.07946413934762128,0.24249499109796788,0.5593927297244785,-0.0956000355070216,0.16835355523610215,0.27761752345504975,-0.08381009630663433,0.3267043601580092,0.1679949787170057,-0.03309906631634521,0.219164321956151,0.0916531016204685,0.43663215361392144,0.23418662220784658,-0.08389109908620943,0.34417271881677847,0.2220472771676532,0.07972986268799188,0.20522521951246983,0.11684605618533289,0.06526753333335195,0.17530641868336685,0.24094105082012307,0.2053997315198198,0.04271829005605363,0.06956594137769304,-0.05371475891164987,0.46611835665514056,-0.3805512982140853,-0.44192343358856984,-0.16210234942236823,-0.0009923941658270064,0.03462865698239866,-0.15116903346020077,0.18943413195848058,-0.11237880171334243
0.03730690094895757,0.12665374732230278,0.04663092138986583,0.2496162697037833,0.511533526300379,0.46201841559791273,0.009104657228754769,0.25020876489371846,0.1443400063170842,0.16069815170199298,0.18451889770999133,0.22016107374650595,0.16177603939707363,0.14550892209149857,0.23803598135682474,0.15976722592622172,0.13790505431422803,0.14096262373578347,0.8549082432072436,0.23896095692297611,0.17271551370128024,0.14935803958532629,0.006133889872312374,0.13383026731096306,0.22551235630215166,0.19618177719114877,0.15284771574508257,0.2781519698577844,0.015937289686700395,-0.026272745168612922,0.2367487605299752,0.1847135644017615,0.15019746950399723,0.07493525273931499,-0.10931851470875187,0.19289218879937528,0.22436969714225768,0.3739742116880429,0.4434834005392871,0.20664795426073582,0.09580773065738829,0.1635510931845424,0.169792936359937,0.030297998783298176,0.3668293160049845,0.030076467663293034,0.033409211822931016,0.05879135655772494,-0.16939049051004912,0.5032407311890651,-0.05446924201981199,0.9686728021288582,-0.7148144934868839,-0.05567984869728152,-0.06214759558910798,-0.04028359787386154,-0.016862427742481978,0.06760955340231208,0.05676276243706716
0.014174369389907347,0.32014561484942783,-0.007693522266036906,0.158243925773513,0.08799434792726207,0.5050986894692113,0.03542333519511777,0.32654382964277967,0.17020677820928756,0.28537799563091515,0.21916527524455415,0.1837580430087699,0.15999213789852315,0.1991431782789468,0.2368961548929051,0.13298011331041407,0.22937085895060477,0.12110121588517359,0.23896095692297611,1.510376426096048,0.26132349633623136,0.12482216226881726,0.013966923520587513,0.23155389037692548,0.2529736628775557,0.3092908221101821,0.15686313506588495,0.09126891541155974,0.5195012214302642,0.2906279055154493,0.3735531452803319,0.178356524537441,-0.06934856959086293,0.5094845045321165,0.41567295792241704,0.22522935539803773,0.835597005769799,0.6367900351854885,0.863643437548043,0.3630882282910049,0.3740518774780026,0.3367029111407714,0.1477505245551708,0.008713200002307771,0.5798734606033037,0.308514564121849,0.41027518634689897,0.09321660339907616,0.08422568027371433,0.513589655435554,-0.28002912087064963,0.026097785444933668,0.31839548974122006,-0.1154923362625768,-0.04418738706523766,-0.02165645540836926,0.03998025360736197,-0.1248782407881261,0.16334368381922842
0.07837056796573545,0.21825889193239026,0.1468706204339389,0.16446546739041148,0.11642056116484417,0.2782050838654084,0.1586396996555893,0.1409126637000709,0.2072343997701067,0.17133382322793902,0.1888255474175346,0.18634211779432083,0.12347018773398322,0.15923956601357883,0.19475570344061208,0.1320740027358111,0.22765358567276403,0.2132143451123073,0.17271551370128024,0.26132349633623136,0.5933160146707006,0.17224984637546664,0.11895905269650887,0.11810928254822478,0.15651563454041179,0.20626835252429643,0.12941101575751965,0.16559686283430544,0.08133987991593436,0.19088319567917042,0.20577119482607822,0.18683496266827343,0.07633809170329488,0.19950090519802374,0.1762464239616098,0.19780468950243185,0.3521906765434014,0.25476978491752555,0.2370197903437787,0.07127240604728152,0.21456872981307087,0.43992694910153185,0.190782806071195,0.037211088159709346,0.4383347791614715,0.09753672989513863,0.3120442492243609,0.04250175742272765,-0.07351378136988591,0.20484517995590398,-0.0759466170866121,0.03520108156049239,-0.054960463740587176,-0.030924308577844492,-0.0088674634031436,0.022216082692486237,-0.08211341010740875,0.15780425959960492,-0.1327871898018161
0.07694192117042128,0.09120730390899713,0.08915131683892034,0.1892274511565982,0.16536619598522026,0.21147573290841362,0.14514694777382434,0.13151496669313442,0.3482351301733709,0.14389564419099363,0.1675055849444443,0.17693130378269822,0.1696881624510038,0.192347513039675,0.06749681323446996,0.33226030649590593,0.2041008418442185,0.17540855644104728,0.14935803958532629,0.12482216226881726,0.17224984637546664,0.4825613088598544,0.1825771278194071,0.16264046057926662,0.1518200785780584,0.20146657244054778,0.1965193712893654,0.0906958670014233,0.20246157203041712,0.16704485192689805,0.1691350233176738,0.1986111141336996,0.11396254335409943,0.18877472567885115,0.13255314725068434,0.2176637832101757,0.21307900592950862,0.22712633864159365,0.2124400967828002,0.10501935757653862,0.09752833770572712,0.18010278653876588,0.28176772938808814,0.05934260846318587,0.20197280032469006,0.08838206664382253,0.2504747701724695,-0.028610045216896376,0.38608385670143497,0.15181945973188465,-0.13682114406564164,0.037809052393589566,0.05226301068058367,-0.022730492045893006,0.06595954777560979,0.018278881336638197,-0.1563286395597584,0.12323555153307701,-0.10223011389210487
0.040352696543165735,0.15225144615967998,0.03536981354947022,0.1335932236070173,0.06786436867866176,0.12811860212549328,0.108153439455912,0.10198293406743934,0.15902510734274322,0.1611192823998608,0.11846389734798095,0.15206076452542325,0.0810517960495549,0.14329212888255677,0.08987596783648408,0.1348871766378321,0.10597838908442739,0.6150665884257123,0.006133889872312374,0.013966923520587513,0.11895905269650887,0.1825771278194071,1.2153351641485264,0.27503362922263275,0.27523412936530156,0.11205464074352689,-0.05861974884808108,-0.13622123348583642,0.4404840026002069,0.13209206695608758,-0.033018078843648144,0.1166674390804472,0.1303678875002106,0.27517569683582316,-0.003920010670556252,0.4364148817945769,0.11518281234492325,-0.20788732226268347,0.03883519559184029,0.07872128503024428,0.09461960833765863,0.11129521494947911,0.046460600779473234,0.08215665665336125,-0.29831609558466315,0.219383620069569,0.22739180716402296,0.05153476407709638,0.20124730788707487,-0.4382239162229723,0.19116969400015854,-0.46116594750877327,0.19176120840520386,-0.05675683376340584,0.011360594898820882,0.035724563200693574,-0.15947414125020387,-0.21182769622370348,0.3335389503909043
0.056756568279103796,0.060494042790347556,0.02735820445837984,0.16044920588151534,0.1407987753096205,0.20812632994921673,0.12597187633377968,0.13245673924672932,0.16802730206673386,0.16153442135786666,0.15498128671305436,0.14342432997736806,0.11683474931871567,0.14851428890820037,0.18184556330517673,0.14948673604307414,0.1728479187745392,0.07946413934762128,0.13383026731096306,0.23155389037692548,0.11810928254822478,0.16264046057926662,0.27503362922263275,0.5699199967307229,0.16986356605950187,-0.06783472850360518,0.2005773038056417,0.15311576662954357,0.15730401907160133,0.335119139053166,0.2814324541113476,0.17144651301463942,0.3922778691614251,0.1884258455706626,0.13921850146378012,0.48879734964764443,0.4573541139152991,0.2511758697233918,0.11542035049084116,0.03632150451766034,0.2766215729425508,0.13573055484382207,0.126347421012534,0.04990866640715293,-0.00355329815613624,0.08615185101650558,0.15504984645930528,0.08342992077845156,0.14441951898739464,0.07291979787052263,-0.2888562592719784,0.18598469987595315,0.1761564426145927,-0.054560198307415236,0.001840966224984568,0.009608892588059926,0.07792515879009927,-0.9420593885372566,0.9361182598116243
0.07689830908193486,0.18174405539251204,0.13810270478250408,0.19845009081692289,0.19987454612506667,0.2547126288810183,0.11181652804213288,0.2506052697743058,0.08919821746947394,0.2068560520587063,0.19991002973072083,0.2471967891349803,0.14879741946960717,0.19641771003242064,0.284361473330784,0.21897879545455579,0.19248308129833464,0.24249499109796788,0.22551235630215166,0.2529736628775557,0.15651563454041179,0.1518200785780584,0.27523412936530156,0.16986356605950187,0.8822268878990309,0.27158841359888763,0.18020854122673574,0.09441466355659235,0.401614397211525,0.07384036564141039,0.22687708492695907,0.19112803257179226,0.010159022849421426,0.24369568105690614,0.1589921195058266,0.3176013969159167,0.12369340235043026,0.2596189156892853,0.28656670960702096,0.14149642153237574,0.06758926994921928,0.16406663117834622,0.11266401900418682,0.04349534793990345,0.288950579852931,0.11540869588834131,0.2497575207025583,0.011641152803204763,-0.1795313134606623,0.215326334713785,-0.05577589252261804,0.25108324052322273,-0.09891628608990997,0.023245314357599432,0.011626899307613032,-0.004622018181097712,-0.09564285115161966,0.04448272004661641,0.03450818678169866
0.005130731739626458,0.16448365643317586,-0.005412847442670209,0.1823266826692662,0.17432590449597285,0.3349266095708074,0.01592464412641662,0.26776133170217153,0.21330316760222665,0.20370114647996587,0.19436677614606448,0.21710928459844167,0.17830339246524302,0.26385714518528136,0.11735761576997815,0.18083499464775127,0.12354696907940599,0.5593927297244785,0.19618177719114877,0.3092908221101821,0.20626835252429643,0.20146657244054778,0.11205464074352689,-0.06783472850360518,0.27158841359888763,2.2189947875320315,0.17202721668845794,0.38025315338879123,0.17256600133707115,-0.8972286563085687,0.2710573251661002,0.4219532238512558,-0.3247916683543454,0.2315120941526878,0.22442598731675226,0.0914699172870817,-0.4614930911689761,0.06289970849940772,0.7335068264456663,0.6814692848746107,-0.24596430545103876,0.320489764401622,0.23178967736479694,0.030444926656939635,0.4698130101520107,-0.2547001458270944,0.17636115442829384,0.09453006276803551,1.1003283823115,0.8060278376268669,-0.15518462003978375,0.10571108174996875,-1.1061772994807575,0.05473795552135699,0.0403821839263708,-0.023344045284478785,-0.17477317108722137,0.8642908698185376,-0.7887061315882008
0.06764225586036311,0.1760850617089072,0.15012348192223687,0.17083620908984248,0.14461261627508643,0.1959039255209093,0.14823039860142617,0.21321759086723505,0.21946071059273733,0.222716340194964,0.21240391825836283,0.19867851823174987,0.16874538880037235,0.10237254173081048,0.2513682668334611,0.16045341157898502,0.2235029357110683,-0.0956000355070216,0.15284771574508257,0.15686313506588495,0.12941101575751965,0.1965193712893654,-0.05861974884808108,0.2005773038056417,0.18020854122673574,0.17202721668845794,1.413479771692707,0.27603188230619313,-0.12246815934742543,0.22464110029465684,0.3152735430393919,0.15674874999315141,0.2883295166460618,0.18756710266932042,0.1962857998350383,0.48183398132391475,0.40200297620492587,0.5566765717401346,0.09089051498449362,0.2993900136346935,0.16227431797085506,0.16116382579567476,0.5987831963444656,0.01072535979280742,0.4767871068658681,0.1266254957793004,0.24172214004172127,0.13065396320999384,0.40291959458327775,0.35544741858069206,-0.45485561924349965,0.6034405134649732,0.05856536993273522,0.04105301943513441,0.08834021112364217,-0.0031367250438410843,-0.0028272989697504234,-0.1460816413184719,0.08272620121272328
0.004769833244427099,0.15696832274406505,0.10903794835112657,0.008736073100894285,-0.045581492904968005,0.06773962657315309,0.07255172172851698,0.049911832621993966,0.17641516859131678,0.12739138055410934,0.11017776234526713,0.03400167674592315,0.08267583689544189,-0.0011306964093073608,0.24285325324102225,0.012953561362670122,0.13927745652056134,0.16835355523610215,0.2781519698577844,0.09126891541155974,0.16559686283430544,0.0906958670014233,-0.13622123348583642,0.15311576662954357,0.09441466355659235,0.38025315338879123,0.27603188230619313,1.7674786081954243,-0.2944321474197421,0.0744690339616026,0.3936307055785901,0.19367224220285803,0.4504630958971051,-0.1783472827131821,0.5381559866826012,0.5592771976803886,0.5355611771909408,0.3402940555747721,0.4151595053924807,0.09586949096635153,0.052394955827262814,0.15251136513836347,0.19458419088009893,0.06043909964316498,0.6386102229860623,-0.23442540698325587,-0.1434054033600163,0.13380769596165457,0.06073622091863603,0.9633024226996153,-0.5221717133435154,2.4075398608387313,-2.4208097766311103,0.06508156887639088,-0.143422779548661,0.05026015008697481,0.10142927062977507,-0.3444677445899122,0.2529672034380697
0.09328200002415973,0.20421527889016122,0.037006310441540985,0.17948534033427543,0.14218890207904633,0.2956446720827605,0.0710070690382836,0.23382924743257588,0.06183622892677264,0.3093256154367504,0.1778460799051292,0.16337267774451747,0.2166174245718203,0.27331597938147456,0.1498254366461616,0.30244530568296024,0.2374097714827515,0.27761752345504975,0.015937289686700395,0.5195012214302642,0.08133987991593436,0.20246157203041712,0.4404840026002069,0.15730401907160133,0.401614397211525,0.17256600133707115,-0.12246815934742543,-0.2944321474197421,2.9070988118043815,0.036569152331777315,-0.04514094948847249,0.32245440099977435,-0.284744704931915,1.0478341805852465,0.23015565609153318,0.29064346729218504,-0.2140871437583385,-0.39495790736929637,0.4246194251378497,-0.032139349822226375,-0.11853377260291337,0.08944308563039018,-0.8446312721874155,-0.060483502208292544,-0.7278832919474552,0.16703370187406003,0.8402561285331431,-0.01224441321549646,1.5166872564098002,0.3452791735740639,-0.3701572447449477,-0.5925592383485915,0.12426679624551638,0.06287334381405774,0.029689608711201902,0.017017697842349053,-0.14854524673833439,0.19272204033045387,-0.05961064043271053
0.011295445487760616,-0.12340641244605986,-0.45827477262508937,0.09638974291938271,0.07125815774946993,0.05358197870117501,0.21158487425555175,0.10392933010460788,0.1731743101917397,0.19406797035680592,0.1329854552019141,0.054269690337958365,0.08311419533262233,0.04598921321043301,0.2884226331784325,0.1313300623936582,0.2178418939386721,-0.08381009630663433,-0.026272745168612922,0.2906279055154493,0.19088319567917042,0.16704485192689805,0.13209206695608758,0.335119139053166,0.07384036564141039,-0.8972286563085687,0.22464110029465684,0.0744690339616026,0.036569152331777315,2.5993849990446205,0.21430648985279244,-0.17191350349266385,0.3373086375399379,-0.4369681220020005,0.7061146057192926,0.3445523842446602,1.0610374575605197,0.41614503192982893,-0.17611448677961705,-0.08023971526208905,1.158946667258507,0.16885631684682054,1.0921059270146134,0.14109138979184954,0.4415828066761913,0.6523416498155784,0.32667542835381536,-0.044178957881602886,-0.14658572112581192,-0.7471295361667146,-0.14283986689921796,-0.6352477816444358,1.258845013913806,-0.01572286085679594,0.19238556656988876,0.005570842626792258,-0.2753874899005735,0.2429803413205092,-0.045521441760988435
0.07825196259926918,0.26767245875700535,0.19272913595556437,0.16810487037227873,0.1611375433894715,0.25890231449570583,0.1343324645974011,0.20935705607944713,0.20163084977819906,0.2445100265181094,0.19846204738987844,0.19720428114219485,0.14600642039179196,0.13521331105768417,0.21442407723893975,0.1429499142160521,0.20035631016971586,0.3267043601580092,0.2367487605299752,0.3735531452803319,0.20577119482607822,0.1691350233176738,-0.033018078843648144,0.2814324541113476,0.22687708492695907,0.2710573251661002,0.3152735430393919,0.3936307055785901,-0.04514094948847249,0.21430648985279244,0.9025444928570792,0.18192583327566808,0.24809218147762865,0.0818992642480657,0.2432088551508438,0.7954217891566893,0.5679030176679061,0.48405772026300087,0.4900773305908945,0.1865607244284805,0.30904915943865124,0.2236452122655706,0.17166725258671744,0.05172965217525516,0.5528602419027269,0.11660661839336794,0.09982536896951766,0.08900642764338891,-0.261467695049458,0.5628781836749359,-0.16885971881995293,0.38961371176110604,-0.26464668629871635,-0.11360137338002664,-0.008689622400236487,0.005308896395370755,0.01369852242209368,-0.357786919452304,0.35407323142307523
0.06079601968208981,0.1140528966519837,0.07845868275094149,0.18535101480178795,0.1609572283728491,0.23413345849690909,0.055606012370965976,0.14916785934877283,0.14041307468248426,0.15861979010887764,0.14981611236520403,0.19810422851773504,0.1397567362735982,0.304295978043167,0.07949580301469264,0.23699714276874917,0.1348580295400195,0.1679949787170057,0.1847135644017615,0.178356524537441,0.18683496266827343,0.1986111141336996,0.1166674390804472,0.17144651301463942,0.19112803257179226,0.4219532238512558,0.15674874999315141,0.19367224220285803,0.32245440099977435,-0.17191350349266385,0.18192583327566808,0.6044686543032514,0.020946792258644868,0.301075619353946,0.062072447812921316,0.27626666764463237,-0.07703729785231343,0.17527077039049016,0.2637150996398608,0.13772938067177218,-0.03656320382815954,0.20175278502346064,-0.008416849153667383,0.02695818835569392,0.1310761816699232,-0.0852111476518251,0.23386206599834056,0.04908131516807831,0.45564151473446907,0.30288912674031,-0.18388415238970968,0.37907280346977207,-0.4811617724001063,0.045421921582898185,-0.1325304405093182,0.002349200941249224,0.43114470356609164,-0.5670234209976016,0.2323209482756395
0.06264290763941693,-0.0010536317017587591,0.07403154459660868,0.20678707301237276,0.2620483877915514,0.08596087820010158,0.2336832283806729,0.051948562249446814,0.21874374922409012,0.16610768965798506,0.13043105830900426,0.0825303354123302,0.08466074140375722,0.013691329160043042,0.25738343629105886,-0.01671984107515204,0.1832169630939916,-0.03309906631634521,0.15019746950399723,-0.06934856959086293,0.07633809170329488,0.11396254335409943,0.1303678875002106,0.3922778691614251,0.010159022849421426,-0.3247916683543454,0.2883295166460618,0.4504630958971051,-0.284744704931915,0.3373086375399379,0.24809218147762865,0.020946792258644868,2.076130672112669,-0.39427908575121673,-0.5913413932812841,0.4518237658418452,0.5407392101589306,0.2418681943270053,-0.5057509579562958,-0.15470227748103635,0.3761184250259132,0.11028381209406868,0.2698050153627541,0.034139430732259904,-0.7868492951311259,0.2020551167805975,-0.008773861142206256,0.24435029548037412,0.19921738616887938,-0.2868450270762648,-0.43330347357060467,0.30464343356675155,0.3153320947676183,-0.26413874056576664,-0.0792735669907008,0.13159366556622346,-0.09025382289505243,-0.7259791343677301,0.7962602842846459
0.09861306969618469,0.3307705162990521,0.3934338078558459,0.12589464961873068,0.058012769366804655,0.3435923806673816,-0.006562181599273108,0.24496370793084915,0.10893252315413887,0.25895588867024766,0.16522090060209885,0.17674243536716272,0.16219069899200378,0.2568448387531591,0.11642958040478946,0.2584322046450456,0.20120573096478586,0.219164321956151,0.07493525273931499,0.5094845045321165,0.19950090519802374,0.18877472567885115,0.27517569683582316,0.1884258455706626,0.24369568105690614,0.2315120941526878,0.18756710266932042,-0.1783472827131821,1.0478341805852465,-0.4369681220020005,0.0818992642480657,0.301075619353946,-0.39427908575121673,2.3113918375694906,0.46354007309491224,-0.04918551286526324,0.9007105571742307,0.07442818402885462,0.031066515638391898,-0.285060732765421,-0.05769744727318511,0.2358272180313595,-0.08241957055220771,0.0926661988277197,-0.2143315143108797,0.01746576117965313,1.0288079362733829,0.1284375247297518,1.1548404463621738,-0.24587334591301396,-0.31227483833126923,-0.1656059384782837,0.3248623701366294,-0.08327159649933638,-0.04267441509228025,0.01890129344674255,0.026597329532477284,-0.3815116046273572,0.3890390796070559
