0.34481739283051893,-0.05119427944917468,0.07878019507989792,0.0753088121245751,-0.013183043053583294,0.1301203982421394,0.12031867223689532,0.060891106030178645,0.06594328374938833,0.054634615894711865,0.0760188214277529,0.06235157509821761,0.08815113396062267,0.05271417112571142,0.08957210268717233,0.06214346072502605,0.08085393466230882,0.08669517434459668,0.06931926372531397,0.050393179601476976,0.07968853238675098,0.04263752471129695,0.07095864999717116,0.05869988179574029,0.17627319009171147,0.034042266540085124,0.13279193210219106,0.05573338130628855,0.07746803146306186,0.08438696511729012,0.12526418805963435,0.08337796724024751,0.06798200765707615,0.05300300810429162,0.06917721279322592,0.05622816257823106,0.03815357577901851,0.10298594154409355,0.13976874164836847,-0.003507778868370039,0.07764605474020386,0.03704424979357594,0.09978934248728179,0.09742641432973474,0.037875863477973754,-0.0007044386236871346,0.004787364038300003,0.019659392980140026,0.09277013043765012,-0.1309442788572599,-0.029646104151554224,-0.07296499935487706,0.01744515146131566,0.02849510431456302,0.05236509412265433,-0.03826850872257048,0.0675090184280379,-0.061445100427296055,0.03848964108030744
-0.05119427944917468,0.8052251008308661,-0.02500720306281036,0.08723863950992157,0.12996404709207734,0.07225767552448285,0.05486538429340644,0.12901438141741775,0.07506805311777112,0.09319250873553309,0.058248351966693195,0.06971821167801112,0.04303497520487196,0.06030839268133557,0.02509670848399721,0.06423150461836621,0.10192854426005818,-0.011853017726066976,0.025301725419849923,0.028822677596809315,0.02995145459792771,0.056685710851331096,0.012360759255078239,0.04660525666650381,-0.0037376780160274835,0.09513813078716378,0.09872357747371321,0.08103978461220891,0.029247770616794733,0.013799260921891588,0.001681124079169772,-0.01797542231078924,0.027340176384223903,-0.00452573581169178,0.002106387368286566,0.021783404230032305,0.020952845595740063,-0.00996281891842122,0.009445448371433037,0.016109557862610924,0.008115907294624908,0.002886905340545984,-0.016361177255764883,-0.08148596574594207,0.0410312800778692,0.018727579993261377,-0.001850583526883797,-0.014898882139049092,0.004071823389914082,0.05180939879857559,0.05961229571653631,0.1416309102924786,-0.11819856896758141,-0.2514557640642707,0.058122758461549455,0.05373691180384566,-0.22448505910750324,-0.25609958432532,0.0030794824051389212
0.07878019507989792,-0.02500720306281036,0.7737163832289002,0.04992257642955872,0.02998375648983556,0.07934727624224269,0.17372970913194366,0.12340175356313858,0.12171291022891431,0.06078370852274948,0.09720076463137824,0.08160298980916177,0.13851729143096989,0.08262086899013958,0.18334321545554078,0.08711211091476183,0.1623994991348122,0.04908379903458465,0.05259747716476419,0.024878822931231292,0.10673231384877097,0.13586184713015836,0.029447140268835516,0.02729583210603182,0.09348596080851805,-0.004745144573334255,0.07604844395222633,0.1362786135808189,0.053394846783913694,0.05511232528491859,0.024447843542777608,-0.000766159173363514,0.07072120254701494,0.05875698373222286,0.043793659952160786,0.04671180825281169,0.05583301888599361,0.06319742914082761,0.031375465292246676,0.03908144214681271,0.03126429451922837,0.055511907717220664,0.06801117645346305,0.04118049853561273,0.046954851456942906,0.042457625596125266,0.0037842691800550206,0.033210991723762975,0.02825518957491646,-0.1557735063054233,-0.005593571879591338,-0.10748027421201894,-0.12341785903831645,-0.0334871566305363,0.16434133772284779,-0.06356871169933456,0.05236521645377034,0.16242380259820854,0.012645942287453745
0.0753088121245751,0.08723863950992157,0.04992257642955872,0.42882922924279243,0.045416452881379535,0.1280130304676596,0.10843915098154816,0.11988811997258261,0.07999047574792906,0.07488021110730905,0.11209748781442895,0.12095224929188617,0.10558251601906389,0.12279778282870124,0.07708916908771796,0.12188180272508053,0.12080788334622225,0.11504979280012348,0.14374121026325556,0.17727053571572454,0.11384832045136606,0.05112196780325192,0.07147450663182434,0.027868424000612537,0.04091249133837702,0.18448773581802078,0.1203202059192818,0.09266850199231712,0.06662757658859703,0.06530761166907433,0.07399737958463416,0.06011976923423289,0.15505922862238017,0.05062228543425776,0.05850325233069042,0.05236202862814301,0.09803135925413639,0.06117530730467278,0.06072176565145999,0.03222198089083144,0.04705256114437005,0.040598242047695285,0.03590032688018852,0.0043766456217182855,0.024805756925293056,0.02902966373343114,0.003530256050884646,0.05673155107364488,0.0757425829155392,-0.03927828196947037,0.05395481723661649,-0.022717578807424473,0.015755954966104442,-0.05685079029109818,0.08080934205741147,-0.024062580515832516,-0.05259783289922784,-0.023579933010637315,-0.016990122313759817
-0.013183043053583294,0.12996404709207734,0.02998375648983556,0.045416452881379535,0.36791634643616994,0.1190030162414252,0.03895059958130837,0.12014889812067822,0.11072105391690452,0.11000763067795698,0.052367974506987575,0.08180320599101575,0.06902748484746889,0.03924436481550068,0.018354998823753056,0.06167534524788684,0.17312114921729302,0.023920241982951722,0.009050841783250508,0.022890166866600517,0.02591952235388971,0.06241841838933069,0.038946071361127856,0.06574782913095582,0.010501505137601091,0.06718892768220593,0.13353175213400645,0.06846078570773569,0.047208696409077516,0.04073267159563781,-0.0047851488718966325,0.011543874605243648,0.05416538114903073,0.04793900688679714,0.01820413887637416,0.030283435745790604,0.0403141417531848,0.014497607514623883,0.037421243973823196,0.025785762758516337,-0.0015211285650842345,0.017241127742332146,0.03196752758168112,-0.0031815106272023537,0.03430474281212933,0.0257919154239178,-2.6314954978220145e-5,-0.08409839197641221,0.04195515017757847,0.04065228907508227,0.01002984569575696,0.052713724388717985,0.032365040179769336,-0.022510337623180648,-0.0616150287714589,0.03548401170321212,-0.0805794572030577,-0.059074176159159955,-0.0037419534881443224
0.1301203982421394,0.07225767552448285,0.07934727624224269,0.1280130304676596,0.1190030162414252,0.5330992423262718,0.11193717668711028,0.1322772650523835,0.12413566232864814,0.09930573879556137,0.13318944850404138,0.12426727227383354,0.16529548640960143,0.10323401761121302,0.048680743129270995,0.09505007384669238,0.17083737929376364,0.11336123935625224,0.1017216836692912,0.10283127706695354,0.12233099567439049,0.10897506272100303,0.10836082958122274,0.08960972184587639,0.15202423241648055,0.06271099700866643,0.13176011007082766,0.07653078841285653,0.0789540362426477,0.09277814927259186,0.054505424378880396,0.04821550127099358,0.07541686024795015,0.04355012091622196,0.04210446030185717,0.0624244185797491,0.06273816520061391,0.07348769660631227,0.11396176069672449,-0.014315954514681206,0.048815105005150405,0.03329410325673529,-0.005124546385601379,0.03782710950301327,0.056865638515175405,-0.018693357024663314,0.0010900343938957527,0.010637016956949633,0.0632341201249384,-0.05213615061525894,-0.03014815376640437,-0.014019755167602475,-0.009055625116707296,-0.08695341162216805,-0.19503733146247773,0.0339070577684935,-0.04529563936191638,-0.003858800288565591,0.004507781916785069
0.12031867223689532,0.05486538429340644,0.17372970913194366,0.10843915098154816,0.03895059958130837,0.11193717668711028,0.41096077857661645,0.1464389749932874,0.15427348084763007,0.1020430748724285,0.14407579027713216,0.14302418962417257,0.1536593579329431,0.10767752365656562,0.1620132869891759,0.11532410265241395,0.1895382005144021,0.09382236682550832,0.06077685672930704,0.10055669761256036,0.14911506499653995,0.19959264310551258,0.05543155897606606,0.06391923359082542,0.18721349829462713,0.11847582158833359,0.14245316979823827,0.1270445517639889,0.08924760580998377,0.08743798968149064,0.08458368379847592,0.049503418207192534,0.08653172819516393,0.045429210949444396,0.05935185183494072,0.07787073928043303,0.06042910968888313,0.08065142338858403,0.05418824931580928,0.028668639717470742,0.08641219102707813,0.04063756293643416,0.07960373648146418,0.015514810833058213,0.051269979494011776,0.030617550634318653,0.005797408622983717,0.024027527673032806,0.06513596198568918,0.15814789852207686,0.10506000148143085,0.021008738786465475,-0.023994991486019947,-0.02583338318497027,0.03353812516732046,-0.06492159412163959,-0.05581288986820604,-0.010475544898966332,-0.009281502043408102
0.060891106030178645,0.12901438141741775,0.12340175356313858,0.11988811997258261,0.12014889812067822,0.1322772650523835,0.1464389749932874,0.3633502719266203,0.18906070819139956,0.15828185970782857,0.1270596644616622,0.11425599825323537,0.11694612618631017,0.1342514289675989,0.15979649657297365,0.10428578394703182,0.24383526740189837,0.08759492852168276,0.09453803457422023,0.06390304099936812,0.1074687769913559,0.1300745401262603,0.0386393804876081,-0.01366546078287993,0.005479922602278701,0.11884836245167837,0.149829612683931,0.12989229819597622,0.07374324389412801,0.040455559299689484,0.03414381082015902,0.02811601971042144,0.07224079255832622,0.02922535675322948,0.03159026407664774,0.035309160869680875,0.04729673664629723,0.04907848183146292,0.042127321516466955,0.04788480413104951,0.043593577834265616,0.004744875124746075,0.05427047360171365,-0.06464387522660237,0.0600945299745304,0.04555839090331696,-0.0021856537474369063,-0.007071635130265726,0.004176610683678934,0.12147183346313953,0.06761711659966384,0.10874912922144656,-0.10291577341257609,-0.044421428835024916,0.03451708716366496,-0.03534602543018467,-0.04008260826542105,-0.06330283754962529,-0.03663600122905072
0.06594328374938833,0.07506805311777112,0.12171291022891431,0.07999047574792906,0.11072105391690452,0.12413566232864814,0.15427348084763007,0.18906070819139956,0.5297727017663737,0.17941331942162025,0.1818743210165757,0.1384411503841705,0.13583104028900445,0.19193204265422079,0.18068845084035964,0.11993529961289322,0.28933702421996416,0.041587369949607864,0.13065914518072072,0.11257923075872953,0.15422041474568265,0.170185705206243,0.08249293623307771,0.09828197522907779,0.07516622590562942,0.08824127359672161,0.20286721730989185,0.2119178764999032,0.10819567893992824,0.09724373534513486,0.02358174322955908,0.021159006414428857,0.09351750243160575,0.07756217535442833,0.05815053043456237,0.08282920303779806,0.08055208142338574,0.0803271082727753,0.056634823933544354,0.05032933932149175,0.0746846876361036,0.06269305360072924,0.049191105890121226,-0.013196952824720127,0.06385113579753986,0.04827635337401133,0.004038227751286205,0.006279970051011364,0.06947590804203262,0.05982672456871924,0.037157913053000174,0.005464731834347441,-0.01241862025811829,-0.020050850539901705,0.008604924075162048,-0.005055476155841845,-0.09203653978291648,0.004196590293890834,-0.018493734477452107
0.054634615894711865,0.09319250873553309,0.06078370852274948,0.07488021110730905,0.11000763067795698,0.09930573879556137,0.1020430748724285,0.15828185970782857,0.17941331942162025,0.4490935974645621,0.11457236898810126,0.10223673320653444,0.12441660637362328,0.16939405973097998,0.12485972641327707,0.12183441777010053,0.1407230909946531,0.13134774465219787,0.1597072495322115,0.07697558516302516,0.11335924829469,0.12203925060890397,0.18541959574315978,0.3150119107682027,0.09412556269141081,0.09483985343846213,0.13977850868445127,0.14803546445943275,0.09972980062270516,0.10804552872025461,0.05512695033650788,0.034836681186194644,0.10461594001390259,0.09791449098335205,0.07635716919681639,0.10489814839425748,0.08905051264331258,0.08992478180517516,0.0658743053804562,0.0372953145819043,0.09225579985211023,0.058430588302067626,0.061729456188501355,0.003338475028761128,-0.01275129684140812,0.02556019078695578,-0.001353289777556194,0.07126358865471437,0.0815890636907833,-0.0016938611466060845,-0.008101159742363922,0.06919827005242293,-0.009663632246500634,-0.028724883759971145,-0.017675598846992532,-0.007147489707852623,-0.04500622588694454,-0.05716787612007273,0.0007036979871800557
0.0760188214277529,0.058248351966693195,0.09720076463137824,0.11209748781442895,0.052367974506987575,0.13318944850404138,0.14407579027713216,0.1270596644616622,0.1818743210165757,0.11457236898810126,0.38515793386374086,0.18329088868128127,0.17579596823490437,0.19856646099939784,0.26962452439416124,0.19559748978827393,0.271719124204792,0.18904056469133024,0.11408465057604698,0.18931957690299783,0.25286187922753006,0.2032465993088255,0.13510594918523872,0.0681332499059669,0.09108702249366486,0.1058445326645426,0.17810797401460549,0.15180587337814838,0.11164576165450507,0.10153131321452186,0.07661465352693272,0.07168488871428709,0.1222622118302239,0.07728535751933746,0.08023702906337699,0.07659041310049626,0.09800279410598589,0.07497132100890874,0.06618447461501177,0.055186151973681805,0.08708978845221771,0.06061983191271014,0.06017305298184753,0.011019018157698849,0.04903544135191721,0.05974971867523746,0.005382999896596046,0.07729614608552247,0.10223579437237666,0.06978484214370398,0.020375495998782557,0.0027283516225605113,0.11166727938484454,-0.004159479564894528,-0.043412161032307675,-0.02540665616097802,-0.058832899194057445,-0.006400849091743441,-0.040917557320651964
0.06235157509821761,0.06971821167801112,0.08160298980916177,0.12095224929188617,0.08180320599101575,0.12426727227383354,0.14302418962417257,0.11425599825323537,0.1384411503841705,0.10223673320653444,0.18329088868128127,0.4025302822350022,0.1990429554093778,0.1512080756230912,0.0887042409875704,0.29930527576164084,0.22886267736097848,0.15571957104908482,0.06515381789257567,0.08101156142872254,0.1541669036039345,0.2166480146459613,0.10760894066977324,0.06091256492075987,0.07941238106088011,0.19701254435539178,0.1326509067619371,0.1131832368556029,0.10517079022408189,0.07128216315457073,0.08898157915320909,0.09526866971891654,0.12253435907096162,0.05014936927942903,0.0695837811613616,0.0708218308972876,0.08410593123561083,0.07323875937783718,0.05966424106173948,0.05632503543524886,0.06447021414208536,0.050426465490401536,0.05573307337675225,0.010350854888775022,0.061265413124150174,0.062261570546489856,-0.0003931587263415443,0.052969541479560484,0.1000340843856942,-0.03838083857234212,0.04210279099567641,0.02705478164549788,0.04367678253191478,-0.03705525308789085,-0.025297231407004333,0.00040584763543911125,-0.04561267908479016,-0.036571646965823955,-0.018623490128855082
0.08815113396062267,0.04303497520487196,0.13851729143096989,0.10558251601906389,0.06902748484746889,0.16529548640960143,0.1536593579329431,0.11694612618631017,0.13583104028900445,0.12441660637362328,0.17579596823490437,0.1990429554093778,0.6268292106704558,0.18777315662704958,0.040611910370031166,0.2218760935012361,0.12658788084047584,0.33345921933311223,0.12075095478113958,0.09675208546088185,0.1709310381782474,0.21357541746977984,0.1468137533417956,0.027730390646145426,0.09036372645686075,0.1197686404469864,0.18833418897239523,0.2301941508839632,0.11176572725570405,0.09395240729876689,0.03340709173706615,0.07428497437307327,0.10783683674506583,0.05502768122207122,0.05910138233447674,0.08216734215313858,0.0755514481340623,0.10849539295930712,0.1056976030325544,0.02198399487224688,0.08886374464330242,0.04657036563718109,0.013374718239576856,0.14145477344409244,0.04848698971486554,0.03882571013701131,-0.003286582454564826,0.10859952577877839,0.09306985895512078,-0.061335864156194374,0.04729997619029051,0.010764384056178054,0.033134324129520984,-0.020643903859972664,-0.07664557975771738,-0.04399881749025294,-0.04119523090344398,0.011748777752953875,-0.00033887307755525774
0.05271417112571142,0.06030839268133557,0.08262086899013958,0.12279778282870124,0.03924436481550068,0.10323401761121302,0.10767752365656562,0.1342514289675989,0.19193204265422079,0.16939405973097998,0.19856646099939784,0.1512080756230912,0.18777315662704958,0.7474137912941211,0.15961310732208445,0.19266565935836963,0.16785017555348947,0.38598618318843914,0.23796748926034805,0.2336340343814667,0.16314056873622712,0.14862781309445128,0.23498031080333603,0.09364699928928302,0.0856987205773858,0.06447411079891952,0.12219105326169716,0.33684520861995976,0.14458908771633053,0.1108169421542148,0.055645906005376077,0.005688242666649054,0.09960772551810458,0.10580538840395227,0.1004140506568358,0.10896441682155798,0.08695761182266895,0.12633140375155183,0.005283382959570563,0.06124074359170062,0.15542694145765903,0.07348034452800285,0.03093525301438787,-0.046684208929476716,-0.04672306546917858,0.03301975356958588,-0.0017715580281338805,0.21278517927037427,0.07686986522121686,-0.08591932982165987,0.03780934589158911,0.11095268297588459,-0.06383555288181374,0.004077896435017547,-0.013487799377555178,0.008182715682517064,0.03163263192297707,-0.002931843327820069,0.04846007735484518
0.08957210268717233,0.02509670848399721,0.18334321545554078,0.07708916908771796,0.018354998823753056,0.048680743129270995,0.1620132869891759,0.15979649657297365,0.18068845084035964,0.12485972641327707,0.26962452439416124,0.0887042409875704,0.040611910370031166,0.15961310732208445,2.197966042655944,0.2500132367044863,0.1929357989064233,0.09332951288131217,-0.07227991411900465,0.3105783327747922,0.19249448846367578,0.28225179214535695,0.08673752173724612,0.012603256814382385,0.09082297618344606,-0.020428641175141957,-0.1062422399005829,0.14709527253229737,0.08082710111851221,0.07937745311275096,0.17426431954628568,0.04306248875053474,0.1328003446487261,0.02921046205571996,0.05585234442691349,0.03557492678225694,0.08219603905005964,-0.019658645120728114,0.04621917019650934,0.11003807847145457,0.10109679880755786,0.0425383343687523,0.13102533187862933,-0.11952031629914601,-0.14091498535132813,0.13299212430773383,-0.00794461639904558,0.00997536168731078,0.03058740188369193,0.07782153362274266,-0.06877947685378483,-0.024235167548367326,-0.003010185806834278,0.10265758171929361,-0.09929163612403226,-0.07581897175281208,0.011078260551737044,-0.034841432968811877,-0.06476292496562978
0.06214346072502605,0.06423150461836621,0.08711211091476183,0.12188180272508053,0.06167534524788684,0.09505007384669238,0.11532410265241395,0.10428578394703182,0.11993529961289322,0.12183441777010053,0.19559748978827393,0.29930527576164084,0.2218760935012361,0.19266565935836963,0.2500132367044863,0.6822922207901972,0.2146759599744024,0.252699931011954,0.19615686739789262,0.19328260554451054,0.19548753580128675,0.1820599214004421,0.18502088504683423,0.10276691902602988,0.05846876380782492,0.1729767856954882,0.11804937242513139,0.14662481077901285,0.12106217418270973,0.05709578136391369,0.11824987955258173,0.11410943943594434,0.18652223021575176,0.06699102009655618,0.09975590958815808,0.0879925731772306,0.12104179601335122,0.07551220580332531,0.08053902090753177,0.1024987349621839,0.10243322009273666,0.06440083954849973,0.09532772658983646,-0.011654586820761504,0.03236316226175243,0.10745767961743352,-0.02047448699175413,0.11347765902540988,0.12819476681105665,0.02189173298052796,-0.01796480029707316,-0.00806186931068431,0.01642566165163867,-0.028343123469789674,-0.018768127412135946,0.018253505268685716,-0.03635207230678941,-0.06122377298267544,-0.041229095733925
0.08085393466230882,0.10192854426005818,0.1623994991348122,0.12080788334622225,0.17312114921729302,0.17083737929376364,0.1895382005144021,0.24383526740189837,0.28933702421996416,0.1407230909946531,0.271719124204792,0.22886267736097848,0.12658788084047584,0.16785017555348947,0.1929357989064233,0.2146759599744024,1.3093437924595919,0.11656671071222564,0.17683642159585683,0.04696734878489937,0.21396341740530792,0.2478414522733036,0.045673699634097786,-0.01307732218167069,0.010439540841829619,0.13491415956701297,0.27626766162402694,0.15603026767984854,0.09245884895378895,0.020145764856463848,-0.025880818781086095,-0.010707836252885504,0.14452847143907677,0.12868856020906255,0.06414703624300377,0.03757623548761494,0.08124397638917727,0.0033888580216016,0.18722006328406093,0.08822745490069898,0.09434360363915274,0.0015490450286236182,0.14569516431210286,-0.05191564781103942,0.19707449763574256,0.13268914306631766,0.006157611456307109,-0.0071091556583279475,0.03560577263402176,0.013962118733832912,0.07743323413740767,0.17405648085588563,-0.06850629874138399,-0.049758197288771344,-0.018983491114241854,-0.06312912073746435,-0.098698013102679,-0.05177091436119699,-0.06907209500338052
0.08669517434459668,-0.011853017726066976,0.04908379903458465,0.11504979280012348,0.023920241982951722,0.11336123935625224,0.09382236682550832,0.08759492852168276,0.041587369949607864,0.13134774465219787,0.18904056469133024,0.15571957104908482,0.33345921933311223,0.38598618318843914,0.09332951288131217,0.252699931011954,0.11656671071222564,1.2204266013148444,0.10156480860845336,0.2199662778377288,0.175910479945349,0.1191136462900403,0.4886663776795355,-0.006445670179257791,0.13355411342284831,0.18797579601380648,0.11526374898497886,-0.06769624702869555,0.07864443718507341,0.12185965581064548,0.116595152519328,0.06724620373562892,0.17089840813827437,0.09994762719767544,0.1244432983471495,0.07127120671278138,0.15919513170535826,0.13701594691941898,0.10052373148207587,-0.005646350904893574,0.1517575716879986,0.09268623232722081,-0.019970780851205475,0.04368696441288762,-0.1654493209574007,-0.06452995121126727,-0.0008557338464316039,0.5897739695525362,0.1353169393862747,-0.17546144022616023,0.025196926982271522,0.05576077259463804,0.08426783272797386,-0.0047807227164986575,-0.11836188591404885,-0.014294706704686298,0.08155959268261413,-0.040534424107553396,-0.042200093393806794
0.06931926372531397,0.025301725419849923,0.05259747716476419,0.14374121026325556,0.009050841783250508,0.1017216836692912,0.06077685672930704,0.09453803457422023,0.13065914518072072,0.1597072495322115,0.11408465057604698,0.06515381789257567,0.12075095478113958,0.23796748926034805,-0.07227991411900465,0.19615686739789262,0.17683642159585683,0.10156480860845336,1.5325214290628602,0.25164595184132516,0.18158933008486378,0.06806715118485342,0.18533907334296593,0.21471903075825602,-0.007380629723988536,0.12651100136820212,0.11752998230874176,0.2508956328403022,0.03552735820224728,0.035826804469733,-0.09845470121962936,-0.15006709849911418,-0.024248878060728674,0.21885456985969845,0.07587628445108292,0.10249989274773737,0.04018616555649518,0.07278553439168405,0.17879926419679165,0.057828785281468766,0.15205847928978108,0.023440309946702865,0.02796772670825162,-0.052464354891479284,0.21971200317915185,0.057619940086388675,-0.02160007487849615,-0.09860548160040522,0.09329459882771779,-0.07096599335684166,-0.002421031069420105,-0.1176615835950348,-0.14931021344142387,-0.07853102800078232,-0.047045361604366655,-0.049430401775492544,0.02076948306100804,-0.018973501424305046,-0.018721112118860912
0.050393179601476976,0.028822677596809315,0.024878822931231292,0.17727053571572454,0.022890166866600517,0.10283127706695354,0.10055669761256036,0.06390304099936812,0.11257923075872953,0.07697558516302516,0.18931957690299783,0.08101156142872254,0.09675208546088185,0.2336340343814667,0.3105783327747922,0.19328260554451054,0.04696734878489937,0.2199662778377288,0.25164595184132516,1.786655981479403,0.20520973896278863,0.10935298004844299,0.16508677647517958,0.12659243549405963,-0.030531342035294323,0.10169726521321827,0.16643058974612343,0.16814607841029694,0.08269367051767858,0.09503366355224338,0.14398349461126583,0.04912368035323696,0.07364672178643908,-0.012301017851647654,0.06495195048778458,0.04337544184025536,0.1046552714345431,0.06460461520114905,0.07543146763913766,0.06732317391333055,-0.007170617532039753,0.04142948916999246,0.005798869468273965,0.025912557364827185,0.01218437498772141,0.07606657438191436,-0.014472614933063956,0.12181159392502286,0.06167819717226325,0.034927459572018184,0.03285072627550228,-0.0330787030282541,0.05214421834891897,0.002401565857638025,0.005027710439002208,-0.1111549369260038,-0.03953015849253335,0.027902247760962333,0.01420754259433487
0.07968853238675098,0.02995145459792771,0.10673231384877097,0.11384832045136606,0.02591952235388971,0.12233099567439049,0.14911506499653995,0.1074687769913559,0.15422041474568265,0.11335924829469,0.25286187922753006,0.1541669036039345,0.1709310381782474,0.16314056873622712,0.19249448846367578,0.19548753580128675,0.21396341740530792,0.175910479945349,0.18158933008486378,0.20520973896278863,0.5113978254245712,0.18901413098643993,0.12293978481139849,0.06560020324478913,0.05198631409926594,0.14580817906224497,0.24778228776358907,0.14470612123172458,0.11324840311566434,0.11478946133800136,0.0618437952638445,0.0800390292127005,0.11003110873362819,0.09182009970614313,0.07475820686847444,0.073728464260078,0.08591188655143805,0.0810520891243541,0.06259653909478037,0.05412382660004261,0.07657885041195434,0.045139203837702424,0.05609267072434244,0.006539767339492616,0.0807226566384034,0.06550466847941823,0.012466893008747497,0.0604933263219662,0.06898738937784772,0.024955572776162744,0.02285040143255908,-0.00985307112801785,0.003996833008178449,0.00659664163455408,-0.03901960209629357,-0.08682239648274133,-0.02720296004317217,0.09430051573784853,-0.10556245767959868
0.04263752471129695,0.056685710851331096,0.13586184713015836,0.05112196780325192,0.06241841838933069,0.10897506272100303,0.19959264310551258,0.1300745401262603,0.170185705206243,0.12203925060890397,0.2032465993088255,0.2166480146459613,0.21357541746977984,0.14862781309445128,0.28225179214535695,0.1820599214004421,0.2478414522733036,0.1191136462900403,0.06806715118485342,0.10935298004844299,0.18901413098643993,1.543910629706413,0.1528176985371313,0.20749580196897438,0.24401076861265442,-0.16492539434915296,0.11182809458422195,0.07980724007279898,0.10811507710679755,0.17859349532876398,-0.05619211928298262,0.018976697452337793,0.11770113002524414,0.08548035254999295,0.033874931323626754,0.07330199208387038,0.10202028191341972,0.035322712444075186,0.08994089409562955,0.036259727325582955,0.02148314302388619,0.02411466144933068,0.057462790738326816,-0.10998503040954594,0.28678111521871597,0.03394452393566787,-0.0037018112379853616,-0.3088618700036764,0.0423589070883808,-0.05810252919989939,0.014370559315295618,0.028741447639018973,0.08939013468969793,-0.07771528711700834,-0.06510891620203851,-0.06143146673876516,0.0027769337962232385,-0.03652577282837218,-0.05695476097719455
0.07095864999717116,0.012360759255078239,0.029447140268835516,0.07147450663182434,0.038946071361127856,0.10836082958122274,0.05543155897606606,0.0386393804876081,0.08249293623307771,0.18541959574315978,0.13510594918523872,0.10760894066977324,0.1468137533417956,0.23498031080333603,0.08673752173724612,0.18502088504683423,0.045673699634097786,0.4886663776795355,0.18533907334296593,0.16508677647517958,0.12293978481139849,0.1528176985371313,0.7998076786262188,0.4433362334461381,0.36481468734859956,0.08611702614292611,0.04509111982021886,0.038957438652126,0.10822417658689092,0.14672893140384935,0.15385724743532042,0.03673786441131722,0.208929480819798,0.17703084544540476,0.16413418717676845,0.16239373746374208,0.1843939546109034,0.1427643284834224,0.19308610890449135,-0.03471516612790886,0.23170588519301613,0.10777798529590148,0.12427517492736098,0.11367178115816112,-0.15106312325827467,-0.11155381614269387,0.00233190587206549,0.4368144478338993,0.23078260734513054,-0.17194622627166437,-0.02766005667141613,0.020228825173688514,0.16960441063926995,-0.019199030580606655,-0.07353001372492433,0.07259698954053788,-0.0038495681104568657,-0.02496673606583951,0.003561646944883364
0.05869988179574029,0.04660525666650381,0.02729583210603182,0.027868424000612537,0.06574782913095582,0.08960972184587639,0.06391923359082542,-0.01366546078287993,0.09828197522907779,0.3150119107682027,0.0681332499059669,0.06091256492075987,0.027730390646145426,0.09364699928928302,0.012603256814382385,0.10276691902602988,-0.01307732218167069,-0.006445670179257791,0.21471903075825602,0.12659243549405963,0.06560020324478913,0.20749580196897438,0.4433362334461381,1.3243076089119465,0.43333331762287947,-0.03660087664765063,0.022899356592305305,0.09899534348674151,0.10975109335191639,0.20882694216809639,0.12272599082294708,0.024427521656637436,0.1571692768375101,0.19030510819598537,0.15077424146487714,0.2691119004130119,0.16254084116134163,0.17167173134154334,0.14175396542794524,0.0036418494509548207,0.25951608696973966,0.13771422942052203,0.15543390864196782,0.12701333481369245,-0.14517610835313724,-0.034108303536910266,-0.005782855728276893,0.14493393824647519,0.2124129686960448,-0.11852084158476159,-0.061980545409765574,0.1465762220069148,0.22564548389230302,-0.06397534631278871,-0.007104167351125762,0.09142647395578668,0.020605305479063855,-0.04629869946818413,0.028219208535872394
0.17627319009171147,-0.0037376780160274835,0.09348596080851805,0.04091249133837702,0.010501505137601091,0.15202423241648055,0.18721349829462713,0.005479922602278701,0.07516622590562942,0.09412556269141081,0.09108702249366486,0.07941238106088011,0.09036372645686075,0.0856987205773858,0.09082297618344606,0.05846876380782492,0.010439540841829619,0.13355411342284831,-0.007380629723988536,-0.030531342035294323,0.05198631409926594,0.24401076861265442,0.36481468734859956,0.43333331762287947,2.117057271913461,-0.0508524666711241,-0.004001301799268911,-0.004932564127952298,0.16313398515159158,0.3386698490635049,0.2986999967650153,0.1927230967969513,0.2066183401191355,0.2526982049691307,0.22941015433668382,0.34832898970046505,0.20195417427678367,0.2942351967315092,0.21767775803649303,-0.22235139960332742,0.39231598996378275,0.1816237692483231,0.275649757378395,0.29703983193835887,-0.009503131307078102,-0.2239471935019797,0.05392085597938944,0.41324473818230073,0.5203917015858394,-0.3846768780513627,-0.155904924851186,-0.14659002536840451,0.18664758225235256,-0.015335214459015097,-0.0021089261084672106,0.058243266692538466,-0.12937268870795432,0.00944620776961841,0.15106600381079735
0.034042266540085124,0.09513813078716378,-0.004745144573334255,0.18448773581802078,0.06718892768220593,0.06271099700866643,0.11847582158833359,0.11884836245167837,0.08824127359672161,0.09483985343846213,0.1058445326645426,0.19701254435539178,0.1197686404469864,0.06447411079891952,-0.020428641175141957,0.1729767856954882,0.13491415956701297,0.18797579601380648,0.12651100136820212,0.10169726521321827,0.14580817906224497,-0.16492539434915296,0.08611702614292611,-0.03660087664765063,-0.0508524666711241,1.374014601016126,0.28847655215237145,0.08166437740750378,0.16414508590159343,0.11975123640388288,0.21174933202692256,0.3167341444676943,0.06694046826025954,0.09188443343812165,0.12201021045757171,0.1876211026872435,0.12898175752145907,0.20741745228907105,0.04279306279440375,0.1055288374701734,0.16425952191119603,0.22541999240427582,0.04892787333207925,0.08083179531154996,0.06898371837136734,0.12068172853226732,0.024419917504092448,0.19895295469585467,0.23287740959459208,0.1442361846250236,0.05038669315212946,-0.04469630993370614,-0.024895697808558007,-0.06742755260596228,-0.06502354881008869,-0.026092851227401553,-0.16173406407190888,-0.04152542864159544,0.011519547648448232
0.13279193210219106,0.09872357747371321,0.07604844395222633,0.1203202059192818,0.13353175213400645,0.13176011007082766,0.14245316979823827,0.149829612683931,0.20286721730989185,0.13977850868445127,0.17810797401460549,0.1326509067619371,0.18833418897239523,0.12219105326169716,-0.1062422399005829,0.11804937242513139,0.27626766162402694,0.11526374898497886,0.11752998230874176,0.16643058974612343,0.24778228776358907,0.11182809458422195,0.04509111982021886,0.022899356592305305,-0.004001301799268911,0.28847655215237145,1.9782279737110466,0.22147981336593012,0.16598339229769968,0.0963445345278718,-0.04711143719073993,0.06363620839760183,0.22472230181681693,0.25225188054885855,0.11480531027405376,0.004882210825498433,0.15862712501801016,0.1300292043473823,0.20725025220006774,0.10051565317663108,0.18249982540296833,0.09427290220016016,0.24761134110978375,0.17877334641077802,-0.13601567483346522,0.1865802507806247,0.03378176435654043,0.11582720881648438,0.18071447545569158,0.1765906407909674,-0.011628336700070973,-0.09477877967494519,-0.01854387360655017,0.067826246888061,0.01334594642195875,-0.10421014528358777,-0.13178453154800304,-0.028564509057443892,-0.10149071935487357
0.05573338130628855,0.08103978461220891,0.1362786135808189,0.09266850199231712,0.06846078570773569,0.07653078841285653,0.1270445517639889,0.12989229819597622,0.2119178764999032,0.14803546445943275,0.15180587337814838,0.1131832368556029,0.2301941508839632,0.33684520861995976,0.14709527253229737,0.14662481077901285,0.15603026767984854,-0.06769624702869555,0.2508956328403022,0.16814607841029694,0.14470612123172458,0.07980724007279898,0.038957438652126,0.09899534348674151,-0.004932564127952298,0.08166437740750378,0.22147981336593012,1.2933417710829849,0.3709917865418049,0.12461319432632147,0.06695311636279919,0.003411098683498585,0.0669144623874774,-0.017526727205575198,0.0550759077902411,0.197325327316665,0.01204073354396405,0.19232730826963734,-0.029788828287558078,0.14748666646639888,0.18067774190520716,0.07682486906681243,0.16217409166988397,0.14312206571868888,0.2498129176891955,0.1966955585943526,0.006039409128305113,-0.03109259108946627,0.12551124927134097,0.023569576217449352,0.042498282781485,0.06826864907673114,-0.05679976321672712,-0.044075773992609646,0.05703731501158621,-0.04482938571184578,-0.07403161259252004,0.01080963249602783,0.08153941974612999
0.07746803146306186,0.029247770616794733,0.053394846783913694,0.06662757658859703,0.047208696409077516,0.0789540362426477,0.08924760580998377,0.07374324389412801,0.10819567893992824,0.09972980062270516,0.11164576165450507,0.10517079022408189,0.11176572725570405,0.14458908771633053,0.08082710111851221,0.12106217418270973,0.09245884895378895,0.07864443718507341,0.03552735820224728,0.08269367051767858,0.11324840311566434,0.10811507710679755,0.10822417658689092,0.10975109335191639,0.16313398515159158,0.16414508590159343,0.16598339229769968,0.3709917865418049,0.7517665892440746,0.28549004740239864,0.3376111621183114,0.5429180650232146,0.10906661140040393,0.02881279788058972,0.13955782104273273,0.19660115922538723,0.08343663311560795,0.16714338052381347,-0.13173996975070598,0.12349967432188323,0.15066307571401338,0.1246466440487469,0.23040234132872398,0.08388338789910224,0.2317881208265803,0.1360871006698754,0.04642472686614632,0.010081201681417143,0.1125680164761608,-0.0968730404434934,-0.001163983275748408,0.10230900468810644,0.03531871417827594,-0.009000826405042212,-0.04734330792710848,0.10449292358872828,-0.08929031833719697,-0.005752903069483736,0.03671645657014198
0.08438696511729012,0.013799260921891588,0.05511232528491859,0.06530761166907433,0.04073267159563781,0.09277814927259186,0.08743798968149064,0.040455559299689484,0.09724373534513486,0.10804552872025461,0.10153131321452186,0.07128216315457073,0.09395240729876689,0.1108169421542148,0.07937745311275096,0.05709578136391369,0.020145764856463848,0.12185965581064548,0.035826804469733,0.09503366355224338,0.11478946133800136,0.17859349532876398,0.14672893140384935,0.20882694216809639,0.3386698490635049,0.11975123640388288,0.0963445345278718,0.12461319432632147,0.28549004740239864,1.0660750225606552,0.07852678889973974,0.1595417876545377,0.2797503161764291,0.25685252409771897,0.16587233056845607,0.28068403982862256,0.24786422815626363,0.22433071607423458,0.0009603417927269886,0.0937475027463027,0.09793176194278777,0.18225513722089717,0.08942215600811525,0.13338962798286325,-0.20529415831919673,0.10736870044349395,-0.004980355680963651,0.1290801226265536,0.268093755841929,-0.09573906647243882,-0.03660302170505993,0.018893066005025015,0.07556903550468289,-0.05215856292131246,-0.048017335000783264,0.04148506432085993,-0.12935619873954915,-0.0213121393540201,0.1368784961832522
0.12526418805963435,0.001681124079169772,0.024447843542777608,0.07399737958463416,-0.0047851488718966325,0.054505424378880396,0.08458368379847592,0.03414381082015902,0.02358174322955908,0.05512695033650788,0.07661465352693272,0.08898157915320909,0.03340709173706615,0.055645906005376077,0.17426431954628568,0.11824987955258173,-0.025880818781086095,0.116595152519328,-0.09845470121962936,0.14398349461126583,0.0618437952638445,-0.05619211928298262,0.15385724743532042,0.12272599082294708,0.2986999967650153,0.21174933202692256,-0.04711143719073993,0.06695311636279919,0.3376111621183114,0.07852678889973974,1.7361463838139661,0.644764610811738,0.12416795510075007,-0.2715184275384392,0.38221545047817507,0.14384919562459436,0.14544575890231348,0.17322738440864768,0.137878797899605,0.1534345922633628,0.09767016554567387,0.16380640522150597,0.3527535357428748,0.3016801424776021,0.08649664696443728,0.0928198636850313,0.04824092233634057,-0.16272955835558583,0.25132151267591424,-0.0718033392643698,0.00015657185742640455,-0.06996759156508672,0.02380073301876551,-0.05369620910647661,-0.2036290194930478,0.08440575592745517,-0.027211470962513164,-0.03788225582531055,-0.05054059592911324
0.08337796724024751,-0.01797542231078924,-0.000766159173363514,0.06011976923423289,0.011543874605243648,0.04821550127099358,0.049503418207192534,0.02811601971042144,0.021159006414428857,0.034836681186194644,0.07168488871428709,0.09526866971891654,0.07428497437307327,0.005688242666649054,0.04306248875053474,0.11410943943594434,-0.010707836252885504,0.06724620373562892,-0.15006709849911418,0.04912368035323696,0.0800390292127005,0.018976697452337793,0.03673786441131722,0.024427521656637436,0.1927230967969513,0.3167341444676943,0.06363620839760183,0.003411098683498585,0.5429180650232146,0.1595417876545377,0.644764610811738,1.72144937761859,0.07266442461728309,-0.12068332465281385,0.17024655703710456,0.1281678201857325,0.07219584417282424,0.22719556567093266,-0.07424734300203227,0.05585971852220313,0.13381376235588302,0.12189941557446689,0.3836383566871186,0.14102411243326732,0.2395638675894723,0.044719775998514226,0.11415497617379958,-0.10697880506903074,-0.01804946029813228,-0.11528622117186887,-0.01494246100119094,0.06605720394556659,0.014466819778893258,0.013253954648924027,-0.23384979118392288,0.015784023974628733,-0.028703926267660534,-0.022331511083567093,-0.07957386177860985
0.06798200765707615,0.027340176384223903,0.07072120254701494,0.15505922862238017,0.05416538114903073,0.07541686024795015,0.08653172819516393,0.07224079255832622,0.09351750243160575,0.10461594001390259,0.1222622118302239,0.12253435907096162,0.10783683674506583,0.09960772551810458,0.1328003446487261,0.18652223021575176,0.14452847143907677,0.17089840813827437,-0.024248878060728674,0.07364672178643908,0.11003110873362819,0.11770113002524414,0.208929480819798,0.1571692768375101,0.2066183401191355,0.06694046826025954,0.22472230181681693,0.0669144623874774,0.10906661140040393,0.2797503161764291,0.12416795510075007,0.07266442461728309,1.2721995538248203,0.2532363658803334,0.1818752157276032,0.09543748424848826,0.6220710678784066,0.03657103995117622,0.16093162797533667,0.03732687287022613,0.05365734887470949,0.1270151967196241,0.14525320882022202,0.11163747986774215,-0.3004305036506362,0.019800159810555443,0.07485473474314014,0.28224339750273636,0.11915766013567675,-0.10950181311087843,-0.014387819019597946,-0.08367070979566452,0.08029472000624194,-0.0016596638004160158,-0.09929297659855786,-0.035000356469058955,-0.05209149712633628,-0.03636270661195577,-0.071968255529252
