0.37658179259731434,-0.06544414108514783,0.0843918709623667,0.07134566306662789,-0.015560173711571227,0.13427217977639697,0.12464397312157159,0.06522464585727361,0.06834773943584023,0.05669161618787542,0.06673649258745139,0.05641602665402636,0.08125845187579306,0.023011933918759046,0.06175388924069332,0.060726783128347346,0.08325136595050035,0.0677331037315384,0.04514976322280704,0.0212290552741388,0.07109049529962504,0.02787964503189087,0.06318360871166592,0.052671880975767936,0.18123509815516625,0.04510207655182814,0.13429067384521962,0.0376560955719022,0.0734400340729141,0.08626362079396663,0.1316605301128164,0.08875810031195215,0.07452833734145056,0.07280745239981952,0.09014080161373146,0.0762591795898011,0.04796780626206123,0.13198162799934673,0.19300685782348073,0.04398864823584893,0.1569685546171143,0.06365562586118087,0.1563685925923663,0.12535236254563947,0.037857794097240445,0.03331928022924327,0.009884174022989996,0.05697453707822546,0.09596662768583601,-0.07934601567386704,-0.008363466978263975,-0.04732871072676637,0.02441061760557621,0.00924534303163068,0.03747398965726938,-0.01289148605834004,0.06259018593293478,-0.05913060976350127,0.06305166736249398
-0.06544414108514783,0.8371888032732664,-0.040058683987856426,0.07448242318152752,0.12281498532045239,0.05848964833069439,0.03335470700167132,0.1174054238493401,0.07071194713382471,0.08212739480748817,0.07623650119771797,0.08098820849276288,0.042178111606944665,0.10160934405858581,0.054143110048318316,0.08499767560638753,0.12146602291342538,0.03162208771299906,0.046296537260446156,0.0410449185245579,0.04470440617169387,0.0901958823180556,0.022704203828507023,0.016330148699579786,-0.03530665762933658,0.07215298609896648,0.07027047179584384,0.05970627383728292,0.028877340790672033,-0.00387528637413859,-0.008683907284905167,-0.02894248017000701,0.01365205756963848,0.01214406385234928,-0.00918793078926435,0.0009321211935862881,0.0109447301405648,-0.0028584749450367548,0.007029826620310662,0.013635047760106834,0.0018819972859887967,-0.002866073993727138,-0.018462108564830347,-0.08064472461186199,0.05772119186637311,0.014807494255695573,-0.0027303495275177443,0.036939617016372446,-0.02131891225042327,0.05374293472301723,0.04002263037809363,0.16012511112290306,-0.12567080032513084,-0.1367358820464265,0.12097387375438395,0.07878319729611308,-0.1564392948558013,-0.257143141991043,-0.013261229651100163
0.0843918709623667,-0.040058683987856426,0.842664707474428,0.03841775331892537,0.041961165704497615,0.06001100418421298,0.18931569248069735,0.15868903880832422,0.1617795005887352,0.08925972060186847,0.11892787789207386,0.0973501568450828,0.15201252030672574,0.08973893178380778,0.19264710705918123,0.11143127648178479,0.19955109537751067,0.06413199218463796,0.045726931530935565,0.009495048843393706,0.12726071267429934,0.17406598334095758,0.04982032712167573,0.03454289407929562,0.11059773485249003,0.015754334039476455,0.0894784033358199,0.13092361918288298,0.07145947856249851,0.0808663342137291,0.032626593930128865,0.018809737912323255,0.09821151775128263,0.08410417161636781,0.0595882312097859,0.07164453530649617,0.07426851936100315,0.08083623805133336,0.028350888283499992,0.04980013102587288,0.05571340143040958,0.06358497883398492,0.08357589362440912,0.034693103401029914,0.03457645456967978,0.05069326928742002,0.005042785325216957,0.037626140366761505,0.0032510954956769863,-0.06577446165818139,0.012373628835187623,-0.12970841755561416,-0.13998507875468003,0.010875753045411623,-0.03928647368025288,-0.035683041632142455,0.11231256623488335,0.17112139984962418,-0.02791553805228316
0.07134566306662789,0.07448242318152752,0.03841775331892537,0.43779472653411744,0.03949774717157091,0.10269971410142621,0.08297855909600116,0.10045966147404353,0.05546774376695198,0.0564577946078714,0.09234975193982835,0.10650873259150224,0.08492442632427424,0.09933451185331854,0.03483958970198797,0.09835923168695489,0.10164312563420787,0.10765946259660493,0.11972188939823991,0.1600928356487562,0.10272728671044026,0.039920374652518756,0.06639970124342268,0.014152086095932838,0.04267776761825209,0.18998377053522125,0.09740701118151013,0.06519600915018357,0.05761143249529389,0.0598904133028114,0.07597000095740633,0.06291407941642724,0.15041799051673838,0.049443974087846246,0.054304017324224886,0.051013895345797935,0.09495394736157414,0.06372545975492079,0.05879576114192991,0.033591913293329584,0.050835478530356484,0.03948792013738451,0.04490873602442376,0.022107069516001866,0.026745818721397484,0.026901415054079093,0.005567191443814884,0.060861564592199824,0.06778556026057841,-0.04213710818581387,0.050749153149886934,-0.02197031048953084,0.025417880061439205,-0.02929331165754557,0.13803002329941827,-0.027385580728902112,-0.01516428031961125,-0.012170126954600782,-0.023051160757651706
-0.015560173711571227,0.12281498532045239,0.041961165704497615,0.03949774717157091,0.40399140309436354,0.09664721928984502,0.014334173655460936,0.11805108004139245,0.10646484115642699,0.11601238631186597,0.07723021173140467,0.10031989507770846,0.08694150267918446,0.06668572984865861,0.07426217871052479,0.0912420265929075,0.2151842788737381,0.07974559991443939,0.014797997213163407,0.058162248999486306,0.044192343617817105,0.09090206641779858,0.07116652181819905,0.06771932808410758,0.00980057033534751,0.06532907484401039,0.1326212550913199,0.06921140176304698,0.0552644864201583,0.04446359926080229,-0.007724814273909023,0.008161447582679938,0.05961966814591122,0.053480963763226086,0.021789463045502992,0.02598726734775234,0.0419377263051115,0.001266493901441596,0.025971194072462334,0.024268507188450125,-0.01665969856232604,0.009338766792255293,0.03138409385472584,-0.021650279275921107,0.02681772287806642,0.026509209154044217,-0.00316325794549665,-0.09859817342271407,0.055604579391818065,-0.017420584389942106,-0.00928830206838851,0.051124662496936986,0.06646349630911648,0.05753065513712764,0.030631300502442577,0.032680134000247385,-0.04042024088597932,-0.045974912438530705,-0.027356594965868567
0.13427217977639697,0.05848964833069439,0.06001100418421298,0.10269971410142621,0.09664721928984502,0.5399124438464724,0.06543297828716517,0.07842704354303551,0.07731343733016934,0.07530936159457524,0.1108846816518487,0.10403311499151328,0.13260855858626228,0.06702076100769322,-0.021799459493015094,0.07695858646309835,0.14283677777547168,0.09920654808592079,0.08801378150411777,0.0765655400459726,0.10921693939652986,0.12057275489304725,0.1183781445828565,0.09728757162622426,0.1896031382720227,0.06092333489792167,0.11694169590700615,0.024209446030808386,0.0737465089148825,0.0893440373019111,0.05261964952150681,0.04733287440296992,0.05214285216320419,0.06259661303557026,0.039449232606279874,0.06283352931379575,0.05301224182195999,0.08425050718344013,0.13646267420888572,-0.021720188201538423,0.06793792755087529,0.038923571525179106,0.0024017120072969285,0.09737552115042028,0.08287781300751473,-0.0255301339681402,0.005562033168870684,0.07986829573092886,0.05989383375288476,0.010667672235943669,-0.023441543874163428,0.03935518610110349,0.0005018771201388461,-0.11243453767057562,0.01401195129387982,0.06863158823091041,-0.05447778715312506,-0.0030019206974383305,-0.030437090074454103
0.12464397312157159,0.03335470700167132,0.18931569248069735,0.08297855909600116,0.014334173655460936,0.06543297828716517,0.3981653758801044,0.1372636749964986,0.15412178414833033,0.10982853669457651,0.15002421868337282,0.14712969315031613,0.14671460421084373,0.08610248117196036,0.16587390017334355,0.1554511644663211,0.21400303197584797,0.10867348456830699,0.042111896984443925,0.09002977654888016,0.15060825156666996,0.24637659513185173,0.0780034881462966,0.07424603942652395,0.2047186803646923,0.11362205236044318,0.12565165426564498,0.08573796918388467,0.09342662292114808,0.08863697142487496,0.09578686929594261,0.07243145802030986,0.09805439646110774,0.05055536417434653,0.06679489885023013,0.08444854915112104,0.0724652041321451,0.09327563536681154,0.06426992521299767,0.03550518370469043,0.10591295402991893,0.04715907238954357,0.09582733758385303,0.03383976675463884,0.051633498385586125,0.035840883447238535,0.0052949094949803115,0.02054379335411971,0.07320839199717677,0.12139207634362309,0.09534011235558996,0.0016031202237496473,-0.0022455829906047214,0.03233898912962981,0.11345521992198304,-0.025096008570203075,-0.01954364383431923,0.015260597590284872,-0.02845018587797262
0.06522464585727361,0.1174054238493401,0.15868903880832422,0.10045966147404353,0.11805108004139245,0.07842704354303551,0.1372636749964986,0.3744477384010533,0.1696664312589343,0.14558059650280253,0.129389037513727,0.11675239341789688,0.11143207051704991,0.1169568891376511,0.17865047753548371,0.13302108695186635,0.2713647100975377,0.11579307413469032,0.07414298829977785,0.05804601511003668,0.10221882779302623,0.1698789182198983,0.058368745336968404,-0.01908869121568035,0.01986288614553076,0.09971271311295958,0.12792009989767814,0.08855427930248591,0.07074016050479683,0.03595751141029593,0.030174931919627265,0.0326965711632797,0.07940011555531831,0.03159576555716646,0.036852307154853485,0.03301208167892587,0.05118767244071366,0.05052908445994865,0.03830645281052266,0.05564078048789319,0.04713033253209332,0.0038467272138981057,0.0759488940851601,-0.06106212860451284,0.059647485972032024,0.052515875217858436,-0.0036807956441626518,-0.021630661893295752,0.014965278390860029,0.025041055904785652,0.038060287999658236,0.03983075491688997,-0.05665883193404039,0.07311592912924353,0.09752802460156153,-0.013849503823235833,0.010414916218176452,-0.048222367924858185,-0.0563132436245199
0.06834773943584023,0.07071194713382471,0.1617795005887352,0.05546774376695198,0.10646484115642699,0.07731343733016934,0.15412178414833033,0.1696664312589343,0.487829382538608,0.11869961305639087,0.14368496811435347,0.11055829241571116,0.09986403347749848,0.13111055375724273,0.17136895405286312,0.1108848502595871,0.2847922589218018,0.020510858263083204,0.07195765684041888,0.07645985185153566,0.1179945658338344,0.17750147190501278,0.06500405220998788,0.07654788344673044,0.08658160513675923,0.04899136962221613,0.15570440572605332,0.1503595178353475,0.08826946942307112,0.07036909663876817,0.021600866343075557,0.016971542429391206,0.07469237917639612,0.05282451556898993,0.04255908038128846,0.06280190627204671,0.06363748681445497,0.06093045282415431,0.04073317319868234,0.04245342050185296,0.05409111531010429,0.048981191757799566,0.06551913953651603,-0.014348992923768013,0.06701826823904843,0.0361796395616219,0.002591609372363486,-0.019767705301134583,0.05462098401150641,0.03717382822687925,0.039055139468967506,-0.0025722267853224216,-0.0024978387756079048,0.018339961569244057,0.12486447410754302,0.01483188934375355,-0.048424977292592,0.022649706604356914,-0.03134074691733129
0.05669161618787542,0.08212739480748817,0.08925972060186847,0.0564577946078714,0.11601238631186597,0.07530936159457524,0.10982853669457651,0.14558059650280253,0.11869961305639087,0.41890551737466514,0.06150024458192778,0.06303808472918418,0.08198407841562225,0.08703421573727188,0.056756095196198675,0.08561812461919355,0.1169024854628189,0.08868851767746819,0.09411379512955823,0.030497137243832413,0.06727651470165567,0.08143065008045672,0.14381932762624117,0.28480267013753635,0.07243683535134611,0.05401075345178156,0.0907922617961317,0.08928802170808044,0.06935531715928865,0.06523358251816998,0.04430719300086404,0.020321858173544535,0.07056190731406739,0.05383990356049709,0.05014804200395957,0.07473896963782851,0.05837058018046922,0.05865547904343995,0.04679714008787213,0.02899620962865007,0.05244931568286403,0.03349418573648463,0.07474565925242214,-0.0008494058551005726,-0.001931615100401401,0.01180719373761146,-0.0033154205058078855,0.018865037109435476,0.052195919312969505,-0.02521658472880416,-0.012042062038158472,0.020328136297993713,-0.0075876968853733325,0.051152503669569714,0.0885778253582115,0.01945091019297468,-0.006482138751135567,-0.031590569241802,-0.0007007094338679746
0.06673649258745139,0.07623650119771797,0.11892787789207386,0.09234975193982835,0.07723021173140467,0.1108846816518487,0.15002421868337282,0.129389037513727,0.14368496811435347,0.06150024458192778,0.358235509752523,0.14549252144902253,0.11673551692144896,0.1281180256345583,0.24310161166897587,0.13728297902713932,0.273908899820473,0.15310922626394338,0.04734165095686833,0.12924373138701914,0.20769317076026642,0.17652543873218624,0.09575653752749103,0.031149412557005277,0.07073259793271908,0.06559630379434697,0.1166195823355297,0.08630681025690602,0.08795195059645174,0.06285821816168984,0.07126847004225835,0.04836290751609825,0.08058314791567463,0.031216670886584134,0.04947072801645698,0.044080947461289564,0.06833263349508778,0.04477011394803058,0.04059685590946971,0.03793624668432942,0.043280061360902906,0.03902864068577757,0.05657742329636097,0.0015358120350631495,0.06635833231107978,0.03663133888892313,0.003091250447039294,0.03370279523186999,0.07324584698767703,0.15323321854194766,0.03192496257804093,0.02864308895724131,0.10725751284594294,0.01842686293657265,0.1260424561929885,0.05414571185770973,-0.04105420980700984,0.025025715926268913,-0.043188033005830115
0.05641602665402636,0.08098820849276288,0.0973501568450828,0.10650873259150224,0.10031989507770846,0.10403311499151328,0.14712969315031613,0.11675239341789688,0.11055829241571116,0.06303808472918418,0.14549252144902253,0.3941565065439638,0.1687969749026445,0.0979280837045725,0.034005786728677365,0.26179757430785244,0.22756885818057362,0.13704255723081796,0.018201206426564233,0.025688446582930884,0.11609260393079508,0.20459353825439894,0.07548705257773461,0.028332136531823232,0.059563027369229145,0.1704850264836777,0.07776219155462513,0.059326951963225606,0.0808430180567286,0.037855207738356746,0.08484465178739946,0.08480247140559247,0.09638381024568242,0.021282701665861048,0.047440975514832305,0.04719398316757738,0.0639310197695703,0.05515527399253393,0.04233405019363607,0.042524012967864136,0.03499301189457903,0.03348836672787016,0.048848490292166216,0.0021377297784284446,0.07349103954468013,0.041985437329404844,-0.0009028081468235568,0.02979448149789571,0.07359022272852087,-0.028505894386622606,0.052138261666695655,0.015660837886171175,0.0327706124073026,-0.034008302109785137,0.06458303887185822,0.0037528005224904486,-0.04160078582811713,-0.02855666853262427,-0.02123455923718703
0.08125845187579306,0.042178111606944665,0.15201252030672574,0.08492442632427424,0.08694150267918446,0.13260855858626228,0.14671460421084373,0.11143207051704991,0.09986403347749848,0.08198407841562225,0.11673551692144896,0.1687969749026445,0.6280300769473719,0.11460811721905609,-0.05061774218509821,0.15975343374819803,0.09963219522442283,0.3082368959498114,0.060809602783951096,0.022934981865010105,0.1213447798571944,0.19619391951749562,0.113623892895563,0.0034845767684302765,0.08551181920835321,0.09053715965203926,0.13798164219889764,0.18327497156163006,0.07548122506870666,0.0574118221372147,0.018408057834966265,0.06621565510410388,0.08946319127682424,0.024850183008347366,0.03497314921694339,0.06653667996583834,0.05494303438538929,0.08802918407448986,0.08526169569146293,0.002050334148015532,0.055699555702232624,0.03203589831574389,0.00919202748908,0.16403957559074858,0.06012541301133432,0.014701699666375852,-0.0009071122782071858,0.05981690244732424,0.061963243795449444,-0.06614905591905626,0.04846389242460832,-0.037961136125318616,0.014145327577120009,-0.0005461720312752521,-0.011135006185286653,-0.09470802547491788,-0.06106093250961365,0.00922871493436951,-0.021577701582595366
0.023011933918759046,0.10160934405858581,0.08973893178380778,0.09933451185331854,0.06668572984865861,0.06702076100769322,0.08610248117196036,0.1169568891376511,0.13111055375724273,0.08703421573727188,0.1281180256345583,0.0979280837045725,0.11460811721905609,0.6796885908803945,0.017006459747940794,0.07140338979886031,0.10903486438813086,0.3273797034173633,0.160966855780839,0.13531608632406075,0.07989619433884095,0.08430860697605612,0.16071739817998246,0.024860684327101642,0.020187477134719863,-0.00909767146996986,0.015329245749309743,0.25633306885702173,0.0889224701766702,0.036707939418345575,0.02192502602424948,-0.04522173495824834,0.017888164180084508,0.03429906290730516,0.045642574693048645,0.05430948183464655,0.025504718591611512,0.08038208085224581,-0.043003424820580394,0.033505620093918526,0.07952531112182387,0.038719764976087846,0.014234578252066251,-0.04731093627229914,-0.016869003921574307,-0.005569006442218572,-0.0035004128430186614,0.17655731278628853,0.010639267507284573,-0.008932653673503854,0.06807952514001493,0.15154333631595499,-0.10356776604734787,-0.03816163764304007,0.08385415786568846,0.039763747998823984,0.017011683516204225,-0.0064213421952139926,0.033382322459339704
0.06175388924069332,0.054143110048318316,0.19264710705918123,0.03483958970198797,0.07426217871052479,-0.021799459493015094,0.16587390017334355,0.17865047753548371,0.17136895405286312,0.056756095196198675,0.24310161166897587,0.034005786728677365,-0.05061774218509821,0.017006459747940794,2.122155563224992,0.08574694895358147,0.10163350874772933,-0.007899999801167944,-0.20375334705202586,0.19495751362728503,0.12666604120330605,0.25055515435388254,0.03473732249235899,0.022389860909596226,0.09816944296479653,-0.05811389535111796,-0.17968619381071768,0.054330382988904066,0.044299522148421075,0.05973510825632337,0.16185950509577549,0.025735229793011186,0.09944087104500218,-0.016779521000949125,0.03334780698662724,0.024760285867796095,0.06321624412093994,-0.03363479136555755,-0.012310330490239203,0.10009916567550224,0.0746370647594664,0.04279130393114086,0.1236795422615724,-0.1348852094252733,-0.15867360392701907,0.10933018176326725,-0.00337891006040052,-0.09366971353533945,0.012046749502247099,0.2517449077473069,-0.012312487170545332,0.06251161323422776,0.05551563038988745,0.11785112194569965,0.07308560270042161,-0.06380500838653311,0.018952928654583336,0.018970107945056693,-0.03692814650428267
0.060726783128347346,0.08499767560638753,0.11143127648178479,0.09835923168695489,0.0912420265929075,0.07695858646309835,0.1554511644663211,0.13302108695186635,0.1108848502595871,0.08561812461919355,0.13728297902713932,0.26179757430785244,0.15975343374819803,0.07140338979886031,0.08574694895358147,0.5898895749862396,0.16234155998852587,0.14913861166434947,0.08825149841561486,0.05543382497096819,0.1299717512980539,0.14177328961766975,0.10961934410032101,0.07096389235182371,0.050331497682155765,0.1400355721280035,0.06280163900051093,0.07880528438950371,0.0859270654974613,0.017351893055583333,0.10702204586999754,0.10714798229899762,0.1515474549852517,0.02113381353468966,0.0668471576562208,0.06127861868520201,0.09266112245308981,0.05837305252454522,0.04640349157797418,0.07928204657581216,0.0609868693080337,0.04379472546662541,0.08748819671693371,-0.025855879955523273,0.0439015172311515,0.0745177698969376,-0.01838034473489784,0.035333319999981565,0.0869302558952623,0.06715637274914421,-0.0039044879428388347,-0.02900637588742401,-0.01162225900485076,-0.0026416565627117423,0.07122021705101979,-0.018922856289961966,-0.04672170033457262,-0.05285187662179609,-0.02421754247334219
0.08325136595050035,0.12146602291342538,0.19955109537751067,0.10164312563420787,0.2151842788737381,0.14283677777547168,0.21400303197584797,0.2713647100975377,0.2847922589218018,0.1169024854628189,0.273908899820473,0.22756885818057362,0.09963219522442283,0.10903486438813086,0.10163350874772933,0.16234155998852587,1.397633723594509,0.10806156453847793,0.12671144334459727,-0.002635688168764038,0.19111527858889196,0.2919750133458703,0.03811385414620158,-0.01686163713849156,0.021819343391832793,0.10865496635474359,0.23809969457036534,0.08648655927607836,0.07834589789296373,-0.003149565433598412,-0.04249776366496669,-0.02344035008944327,0.12833265176843212,0.11512898333446046,0.049345964454456555,0.024316043144106708,0.06663698408766906,-0.010646950154659243,0.17325729734216155,0.07448419395809651,0.06493403832445724,-0.00996313799906102,0.16060881045137815,-0.04830909202863319,0.23353825928207153,0.11488860453068389,0.007520427839326246,-0.0589833847214265,0.02294668039948694,0.05594974684800242,0.08730338878272807,0.20951722049369376,-0.03890266139788658,0.04367585420095918,0.12415025011023005,-0.018631680275761946,-0.08848662464577209,-0.023465679495425433,-0.10682641870849786
0.0677331037315384,0.03162208771299906,0.06413199218463796,0.10765946259660493,0.07974559991443939,0.09920654808592079,0.10867348456830699,0.11579307413469032,0.020510858263083204,0.08868851767746819,0.15310922626394338,0.13704255723081796,0.3082368959498114,0.3273797034173633,-0.007899999801167944,0.14913861166434947,0.10806156453847793,1.2695336581720869,0.017939855540769153,0.157159504705596,0.11646973931754522,0.07933508950052844,0.45418314741705446,-0.06518094877558422,0.07543679988451589,0.14733190976776828,0.020991052162123998,-0.1319460050945322,0.03190106814811949,0.05139579408418551,0.10279616043886815,0.02432317124178412,0.11526048807366317,0.026826677150236733,0.08272422462098183,0.031796302377957573,0.11809640679411144,0.10606523620136822,0.06827631866200141,-0.02321276644859326,0.09714938619148134,0.0726001992108807,-0.020402784625802594,0.06065720328306662,-0.14636423367967213,-0.10209266422384569,-0.001947824287934415,0.5730298009146482,0.06734670771802768,-0.047080796057195416,0.06131976346337622,0.07747222963932154,0.021761104702421083,-0.01082579945043921,0.013989335810303356,-0.016606446466538267,0.044022919508678135,-0.03611742826236481,-0.036333948326510226
0.04514976322280704,0.046296537260446156,0.045726931530935565,0.11972188939823991,0.014797997213163407,0.08801378150411777,0.042111896984443925,0.07414298829977785,0.07195765684041888,0.09411379512955823,0.04734165095686833,0.018201206426564233,0.060809602783951096,0.160966855780839,-0.20375334705202586,0.08825149841561486,0.12671144334459727,0.017939855540769153,1.5362487514195116,0.14030369623804625,0.08681601679964056,-0.024615350719167706,0.08936534313607236,0.1241786560445704,-0.10804235822930953,0.054082766489765934,-0.017997233171347604,0.17149668273800067,-0.03048552300749906,-0.05630969318797802,-0.15959335740670588,-0.22864351276792685,-0.11517750561696227,0.16862599693937594,0.020853054427876078,0.0479012975504386,-0.030114906001171077,0.032211008557700795,0.15886209803884693,0.042767377113974825,0.10418065830788553,-0.007912444142441128,0.010690700630282206,-0.0357437214753051,0.2700411719391326,0.03299120298096447,-0.02400340063845612,-0.11025767479291611,0.0017035279718382197,0.04460813937528357,0.023138600513119122,-0.044533006218680816,-0.21601865072095108,-0.10633153015639107,0.06409355458842812,0.02066194800078682,0.02585293032938115,0.0023823654728500295,-0.01495241391575818
0.0212290552741388,0.0410449185245579,0.009495048843393706,0.1600928356487562,0.058162248999486306,0.0765655400459726,0.09002977654888016,0.05804601511003668,0.07645985185153566,0.030497137243832413,0.12924373138701914,0.025688446582930884,0.022934981865010105,0.13531608632406075,0.19495751362728503,0.05543382497096819,-0.002635688168764038,0.157159504705596,0.14030369623804625,1.827607424803693,0.13227416767434752,0.028341123597990188,0.1161530117109676,0.11535465979236031,-0.036294513754372586,0.06662807591364767,0.09090137375348034,0.11153783856015961,0.040760019458804246,0.02803166025460566,0.1291148043467137,-0.015226687946346122,-0.010683089938417616,-0.11238484480382072,0.018154521889939292,0.004864709085838499,0.04578385646688448,0.03012968965411026,0.04757313050890347,0.042940073502509835,-0.06271277092556046,0.02076740484711585,0.008853556724499504,0.048677400590504884,0.04205737438907547,0.038026373142245294,-0.017710323600202502,0.05386884228751619,0.03343716015650832,0.014283135796757334,0.034279817154766024,-0.004424060109410091,0.07782668015899304,0.0754429174888409,0.1475541491629899,0.010909078701240178,-0.02561688905398179,0.08058901570799934,0.03415561284526381
0.07109049529962504,0.04470440617169387,0.12726071267429934,0.10272728671044026,0.044192343617817105,0.10921693939652986,0.15060825156666996,0.10221882779302623,0.1179945658338344,0.06727651470165567,0.20769317076026642,0.11609260393079508,0.1213447798571944,0.07989619433884095,0.12666604120330605,0.1299717512980539,0.19111527858889196,0.11646973931754522,0.08681601679964056,0.13227416767434752,0.4838305281948234,0.14583982338256707,0.07033716899287223,0.026179916739348545,0.03737618415151138,0.12040347638233098,0.19721354525239218,0.08881987994216893,0.0916096106790096,0.08655544068463883,0.06791239085351784,0.07591172294576198,0.08191250227909472,0.043460823147418365,0.04651780804248727,0.050269133141051706,0.06076083490262368,0.05659938345541803,0.03683042063320204,0.03197538944298874,0.03225599831947793,0.022278143677349958,0.04282178247109915,0.0017970727498813847,0.0927592258872035,0.038425892106305044,0.013188992162773298,0.004589453731789786,0.033603941641228374,0.06728207080437132,0.03290461445463875,-0.003265007102027236,-0.012966663259999008,0.007074639542039633,0.1443301806328733,-0.02145936000197836,-0.010366676837788632,0.1337431091151691,-0.10029171012645405
0.02787964503189087,0.0901958823180556,0.17406598334095758,0.039920374652518756,0.09090206641779858,0.12057275489304725,0.24637659513185173,0.1698789182198983,0.17750147190501278,0.08143065008045672,0.17652543873218624,0.20459353825439894,0.19619391951749562,0.08430860697605612,0.25055515435388254,0.14177328961766975,0.2919750133458703,0.07933508950052844,-0.024615350719167706,0.028341123597990188,0.14583982338256707,1.5985469383699795,0.061469932441613695,0.10604896627603456,0.14822326671154362,-0.23717564221617113,0.0172405423446756,0.02841158456371665,0.0689417613222081,0.10652594845267453,-0.0738834651452997,-0.008189533159558027,0.07793016850275676,0.022619083509331665,-0.018915638388061696,0.023457224428740847,0.05621832425042084,-0.00010412332556418618,0.0557175450582298,0.01640757565495073,-0.05440763272956104,-0.018512089199904352,0.026580789385277977,-0.13472485795244693,0.3473381848914822,0.009128385110913483,-0.005992187353775978,-0.37999529060768045,-0.03952496450920832,0.09970715469156745,0.0567227724778888,0.12865248898519063,0.032421560752920325,-0.08201104414070631,0.023484086864537602,-0.0352796124673862,-0.019890128638581337,-0.023853783484510865,-0.08904645815035428
0.06318360871166592,0.022704203828507023,0.04982032712167573,0.06639970124342268,0.07116652181819905,0.1183781445828565,0.0780034881462966,0.058368745336968404,0.06500405220998788,0.14381932762624117,0.09575653752749103,0.07548705257773461,0.113623892895563,0.16071739817998246,0.03473732249235899,0.10961934410032101,0.03811385414620158,0.45418314741705446,0.08936534313607236,0.1161530117109676,0.07033716899287223,0.061469932441613695,0.7424134807258224,0.35727240612094074,0.2623765459304487,0.03209735179356884,-0.05636575047892907,-0.0007217314973924729,0.05672443262160572,0.05230646857890625,0.14410942628238305,-0.006872792148825093,0.14756367386543828,0.08026222227714694,0.1087797401103494,0.10024308658593031,0.13164370273163659,0.08223807622697082,0.15549715905792116,-0.055993535268858696,0.15024886643736454,0.05937814407368932,0.10544748371531606,0.07254243080704441,-0.12953898632232794,-0.14953280500989607,-0.0022115192743742697,0.3760218738944523,0.163669008174417,-0.05600597880191014,0.0064381587877957915,0.03527760835310415,0.13256686156810354,0.009891526678745802,0.06622291626472293,0.055508825921863215,-0.013224091344373263,0.0028550277356119464,0.028960470173179795
0.052671880975767936,0.016330148699579786,0.03454289407929562,0.014152086095932838,0.06771932808410758,0.09728757162622426,0.07424603942652395,-0.01908869121568035,0.07654788344673044,0.28480267013753635,0.031149412557005277,0.028332136531823232,0.0034845767684302765,0.024860684327101642,0.022389860909596226,0.07096389235182371,-0.01686163713849156,-0.06518094877558422,0.1241786560445704,0.11535465979236031,0.026179916739348545,0.10604896627603456,0.35727240612094074,1.2861869235416843,0.3196717054796176,-0.10065305786862586,-0.08059726027623033,0.08300323272505022,0.05786035875146114,0.0989840316918803,0.127025821741467,-0.009962152820164608,0.08895502494397861,0.07934673175331121,0.09210984065927752,0.20415794937013557,0.10415565633808826,0.10508519614921603,0.10538499497776307,-0.009501025913585915,0.17347558575006813,0.08349523001172404,0.1420893929195897,0.07280025616731484,-0.11112855196069549,-0.05853332087317734,-0.011901229519931512,0.07859162489265574,0.16040666848375992,-0.09644041514730343,-0.06278958401539403,0.09602909918007317,0.20308835124390945,-0.0002876818768748278,0.11569891798559401,0.07342082845687033,0.0280389929456686,-0.013321833941958693,0.040369969344019783
0.18123509815516625,-0.03530665762933658,0.11059773485249003,0.04267776761825209,0.00980057033534751,0.1896031382720227,0.2047186803646923,0.01986288614553076,0.08658160513675923,0.07243683535134611,0.07073259793271908,0.059563027369229145,0.08551181920835321,0.020187477134719863,0.09816944296479653,0.050331497682155765,0.021819343391832793,0.07543679988451589,-0.10804235822930953,-0.036294513754372586,0.03737618415151138,0.14822326671154362,0.2623765459304487,0.3196717054796176,2.097817837659116,-0.08685391253400757,-0.07661728130922985,-0.0107893417372099,0.13062834688258854,0.24816238255133485,0.3352134736033536,0.2013376497241953,0.15468014515833892,0.10758213507930822,0.1552553295986146,0.2837273965341672,0.15121983756247037,0.20323752599498543,0.1687446119648357,-0.28933662855071046,0.27213179875237137,0.10062721684315466,0.1900091650088842,0.19795130396619262,0.042152131320443535,-0.2945069703756834,0.04855174695484384,0.29125241678618585,0.43709988130416144,-0.1690731728126502,-0.10297829955574339,-0.09025767549407851,0.1361597976929388,-0.01913718496123347,0.10260082222193719,0.05385467649499493,-0.10513515215218364,0.050407330722877855,0.15622620013425423
0.04510207655182814,0.07215298609896648,0.015754334039476455,0.18998377053522125,0.06532907484401039,0.06092333489792167,0.11362205236044318,0.09971271311295958,0.04899136962221613,0.05401075345178156,0.06559630379434697,0.1704850264836777,0.09053715965203926,-0.00909767146996986,-0.05811389535111796,0.1400355721280035,0.10865496635474359,0.14733190976776828,0.054082766489765934,0.06662807591364767,0.12040347638233098,-0.23717564221617113,0.03209735179356884,-0.10065305786862586,-0.08685391253400757,1.4465701772280144,0.25325253426994027,0.038512936745304996,0.1469823541671742,0.08744205337436033,0.24637433385765875,0.3561067925962206,0.04593287770094986,0.03464632443805913,0.09835169897299743,0.1579995090498985,0.11847548970978417,0.17788111187389852,0.03931972548105388,0.07971442664558084,0.1369201457984288,0.2017408922069515,0.018889755145461526,0.022836042783885253,0.05233027643812282,0.08108272916494752,0.02221231486980935,0.11438698160036763,0.21593411460408585,0.11106534069533168,0.038451447986423734,-0.08355165170451602,-0.01585269255590947,0.019081604818668465,0.15310190185780334,-0.0049779302956116595,-0.09738844561789639,0.016945930922967412,0.06190941110421207
0.13429067384521962,0.07027047179584384,0.0894784033358199,0.09740701118151013,0.1326212550913199,0.11694169590700615,0.12565165426564498,0.12792009989767814,0.15570440572605332,0.0907922617961317,0.1166195823355297,0.07776219155462513,0.13798164219889764,0.015329245749309743,-0.17968619381071768,0.06280163900051093,0.23809969457036534,0.020991052162123998,-0.017997233171347604,0.09090137375348034,0.19721354525239218,0.0172405423446756,-0.05636575047892907,-0.08059726027623033,-0.07661728130922985,0.25325253426994027,2.0719476461048503,0.18285084255291947,0.14940506112072208,0.04480349194146519,-0.034199900982752725,0.08206775371045548,0.1923876597963331,0.1505951757262629,0.061858136072077255,-0.0665803316455689,0.12082970798851818,0.04553379069436567,0.17517845283060818,0.04714504759776714,0.07425736889362106,0.021008181147762272,0.2125248556182613,0.07528579537818286,-0.15321245259508093,0.1308462493821023,0.027082918982223023,-0.04918359332296141,0.13989716021498524,0.1142531376184099,-0.02762910507849878,-0.13505668075122265,-0.0003366625795410102,0.11785185212967556,0.1982753239565583,0.03470749998202705,-0.04258600047934686,0.015860419164332624,-0.1051624751982051
0.0376560955719022,0.05970627383728292,0.13092361918288298,0.06519600915018357,0.06921140176304698,0.024209446030808386,0.08573796918388467,0.08855427930248591,0.1503595178353475,0.08928802170808044,0.08630681025690602,0.059326951963225606,0.18327497156163006,0.25633306885702173,0.054330382988904066,0.07880528438950371,0.08648655927607836,-0.1319460050945322,0.17149668273800067,0.11153783856015961,0.08881987994216893,0.02841158456371665,-0.0007217314973924729,0.08300323272505022,-0.0107893417372099,0.038512936745304996,0.18285084255291947,1.3091646896689146,0.35373781458905085,0.08306339270468663,0.07218929039111556,0.0057284000030482455,0.03546703316567976,-0.08955246766406698,0.0181921133169467,0.16797647318573095,-0.018023377470835482,0.14538633734112627,-0.04373720495988918,0.10658838998341019,0.1241014423461669,0.04116271430649568,0.1572596071665486,0.10313631483096662,0.2678443303751293,0.14516609649780327,0.0051494907561058295,-0.11962625367074102,0.10455133728942656,-0.0009082897572570506,0.016394895268684834,0.037447505201615314,-0.035854946236849955,0.03602217069754356,0.09633032429036725,-0.012117302427250884,-0.0612716264831394,0.019965630560957553,0.06524721218607804
0.0734400340729141,0.028877340790672033,0.07145947856249851,0.05761143249529389,0.0552644864201583,0.0737465089148825,0.09342662292114808,0.07074016050479683,0.08826946942307112,0.06935531715928865,0.08795195059645174,0.0808430180567286,0.07548122506870666,0.0889224701766702,0.044299522148421075,0.0859270654974613,0.07834589789296373,0.03190106814811949,-0.03048552300749906,0.040760019458804246,0.0916096106790096,0.0689417613222081,0.05672443262160572,0.05786035875146114,0.13062834688258854,0.1469823541671742,0.14940506112072208,0.35373781458905085,0.7854817225172216,0.27143995871783,0.41563246947786614,0.5896920530326635,0.06896448417081914,-0.04608718202315721,0.11887505279006405,0.16175661845782868,0.069878946607653,0.12909475194970246,-0.12213113849880493,0.09596317685243429,0.09981957153334702,0.0926442817179443,0.21561212116932352,0.02492555067833314,0.2635293051152001,0.0974242439939599,0.04523599921897598,-0.06092542648240743,0.08847052541641029,-0.0359002543654116,0.00913698334574302,0.09650031019787533,0.01564130500670058,-0.011720410494594805,0.144121490317037,0.14632645201473266,-0.08253040739218177,0.03508747797521669,0.05914216830411681
0.08626362079396663,-0.00387528637413859,0.0808663342137291,0.0598904133028114,0.04446359926080229,0.0893440373019111,0.08863697142487496,0.03595751141029593,0.07036909663876817,0.06523358251816998,0.06285821816168984,0.037855207738356746,0.0574118221372147,0.036707939418345575,0.05973510825632337,0.017351893055583333,-0.003149565433598412,0.05139579408418551,-0.05630969318797802,0.02803166025460566,0.08655544068463883,0.10652594845267453,0.05230646857890625,0.0989840316918803,0.24816238255133485,0.08744205337436033,0.04480349194146519,0.08306339270468663,0.27143995871783,1.1151332923307054,0.1031438874509097,0.19108322887251614,0.2823891965833612,0.20822358617544692,0.13578991508220944,0.24707800339421124,0.2557925616267248,0.1745234382548144,-0.013194119395536616,0.06814574281839096,0.03250460704938207,0.13684529383926652,0.021107512859244882,0.03517893614897939,-0.2565730300997031,0.07804647411495129,-0.011973564241164632,0.012329248635975367,0.21026005810325754,-0.03150243300291342,-0.009740990195316395,-0.010027265936836673,0.05444174424493259,0.005454769262494026,0.14973206272883058,0.03271738852279274,-0.06189653346363616,0.021895781626188274,0.15982864706954594
0.1316605301128164,-0.008683907284905167,0.032626593930128865,0.07597000095740633,-0.007724814273909023,0.05261964952150681,0.09578686929594261,0.030174931919627265,0.021600866343075557,0.04430719300086404,0.07126847004225835,0.08484465178739946,0.018408057834966265,0.02192502602424948,0.16185950509577549,0.10702204586999754,-0.04249776366496669,0.10279616043886815,-0.15959335740670588,0.1291148043467137,0.06791239085351784,-0.0738834651452997,0.14410942628238305,0.127025821741467,0.3352134736033536,0.24637433385765875,-0.034199900982752725,0.07218929039111556,0.41563246947786614,0.1031438874509097,1.947818627931864,0.7856718836371882,0.14071182914859692,-0.3670271529907431,0.39640297803876623,0.12284216362200107,0.17217424174723842,0.15349617082162112,0.14850443576823666,0.10370395565993858,0.04505496476403755,0.14112251179093535,0.3163420332133219,0.25760664878607825,0.12635838190356913,0.03363145222282032,0.05418012422557903,-0.23506377898795647,0.2713591746918791,0.004154341712422646,0.0247036233647265,-0.02184210875600616,0.05238953107778581,-0.07912341040403763,0.09731809663405509,0.07867404462721102,0.027187914980780502,0.034087865306093874,-0.005617118224890074
0.08875810031195215,-0.02894248017000701,0.018809737912323255,0.06291407941642724,0.008161447582679938,0.04733287440296992,0.07243145802030986,0.0326965711632797,0.016971542429391206,0.020321858173544535,0.04836290751609825,0.08480247140559247,0.06621565510410388,-0.04522173495824834,0.025735229793011186,0.10714798229899762,-0.02344035008944327,0.02432317124178412,-0.22864351276792685,-0.015226687946346122,0.07591172294576198,-0.008189533159558027,-0.006872792148825093,-0.009962152820164608,0.2013376497241953,0.3561067925962206,0.08206775371045548,0.0057284000030482455,0.5896920530326635,0.19108322887251614,0.7856718836371882,1.9423636753649696,0.10828444495743036,-0.18999229434454679,0.17078297440882717,0.11790850161726978,0.11166577852419739,0.2193876645517414,-0.04424007899924515,0.01970427403020727,0.10422618908059199,0.0999713801403683,0.3655478810446201,0.09133398493667795,0.25398062473139005,0.00046604681063347855,0.12598554292521855,-0.21095657675035176,-0.03794671443405287,-0.03143441464665325,0.009115690052943763,0.05420733661027799,-0.025279408198994237,-0.023142904711149555,0.020917693872119024,-0.01699542865914947,-0.006951202775771393,0.030575366639541298,-0.04741336919607016
0.07452833734145056,0.01365205756963848,0.09821151775128263,0.15041799051673838,0.05961966814591122,0.05214285216320419,0.09805439646110774,0.07940011555531831,0.07469237917639612,0.07056190731406739,0.08058314791567463,0.09638381024568242,0.08946319127682424,0.017888164180084508,0.09944087104500218,0.1515474549852517,0.12833265176843212,0.11526048807366317,-0.11517750561696227,-0.010683089938417616,0.08191250227909472,0.07793016850275676,0.14756367386543828,0.08895502494397861,0.15468014515833892,0.04593287770094986,0.1923876597963331,0.03546703316567976,0.06896448417081914,0.2823891965833612,0.14071182914859692,0.10828444495743036,1.3796043556277047,0.2283650325440049,0.16041856290977377,0.07835157379027899,0.6837403520299361,-0.010324010581572292,0.15531763521034841,0.013089194647123254,0.02143355437496419,0.09288032415075566,0.09424303386933539,0.03969391068550497,-0.3835568310258117,-0.009811100467504514,0.07783501288444407,0.15702872313063906,0.05865530292958891,-0.0201341687076456,0.0321518269629745,-0.12754456218783014,0.0753435505142289,0.03946014407044044,0.017037235193094333,-0.14885362262640414,-0.0016065785281867582,-0.02135135633583029,-0.06397509205824613
