1.5396173308887167,0.09254338448042672,0.8471439655648916,0.14897599021017316,0.4337573904118536,0.10332801147846213,0.21707783144729104,0.19711305725537184,0.33507540041879,0.2149489193804013,0.1905029740523919,0.22623973931565022,0.17373490488119323,0.16101642314349754,0.2908253451137368,0.14655215406277497,0.10440910451138923,0.29811339086594607,0.225219621418063,0.14796339044599133,0.11155745801453865,0.26110843693974495,0.38306284165894305,0.011652882096782911,0.2027697007218619,0.11702330921176025,0.07794242896067705,-0.17868692418828888,0.31778143918205076,0.24045320129597522,0.19423319780391737,0.0651996912804156,0.146770255472995,-0.3113619396980873,0.24373759114186147,0.3037369611438907,0.09279936997730003,0.11435437282009722,0.36068640410975944,-0.04315832235575956,0.1161057438046761,0.06263135131470329,-0.0656051952574357,0.02572951267761104,0.20389612299025708,0.30170869255777105,0.09707646134463949,-0.20702486016734295,-0.09564639551918934,0.04299434071654644,-0.04222457153089072,0.04148564093068379,-0.04246788970815481,-0.011276119955167366,0.3191202006800406,-0.04078474106596739,-0.030635189558789536,-0.23478513204098125,-0.12991941062530782
0.09254338448042672,2.253788682778048,0.009570347143037642,-0.8876627529194654,-0.21914678066602705,0.4172687866933069,0.018196413541927074,0.03250720084287959,0.14676074391746988,0.08488466701483847,0.021011787968219665,0.009474844344404907,0.032061204134841884,0.008999790368163818,0.021798360440838396,-0.007314545945427455,-0.06011679601745507,0.3762470737638737,-0.0015330806783252979,-0.05675003725859731,0.15949971615752312,0.08037821787483267,-0.12224922031102067,0.012585705042128992,0.023890328412561983,0.11158502335537723,0.23249709329588325,0.33086411240669805,0.1206380891387042,0.08630478215732137,-0.005378122065699156,0.02114777605218619,-0.030227581082481837,0.045762719108776016,0.25204348235319324,0.005990182887405235,0.23136008176072984,-0.03112814199026078,0.03418723591905995,0.09093995165451696,0.0664707607543679,0.08842672735868017,0.2527009964830441,-0.03179107947700617,0.2673090848448482,0.04186261945611545,0.10436552150049673,0.01793672088456012,0.2010483771758839,-0.3466506938138988,0.34288008983166923,0.4568451330791521,-0.3441506523846725,-0.024099237801394127,-0.3754616250863473,-0.04603330987381909,0.07902841379964318,0.3358843682451294,-0.040894051219634
0.8471439655648916,0.009570347143037642,2.0536102349735113,0.5402048939040194,0.14868593303537694,0.42163865264378186,0.08056866614056125,0.5196366681686756,0.651150656358871,0.4075074271764883,0.32928789550785753,0.2865681710289157,0.31094651377920485,0.2900289546260226,0.3723162887920608,0.21851846313301182,0.36739762838567297,0.3551714397070634,0.4177772143958718,0.44443459535358104,0.22711257421589395,0.417931228232574,0.2650730922371153,0.28385336792101157,0.28214847026843043,0.27221197813279485,0.13007549642311172,0.12687950413907392,0.5452346550062265,0.1336382901149399,0.2605753721603217,0.1974931652339349,0.05946808100352959,0.16969711333777499,0.40739662783284347,0.538310843961305,0.2795206668062428,0.2628533574952869,0.5383159115237833,-0.14487251050112798,0.29560445745629527,0.20310838863269484,-0.010013725738231897,0.039873445782498546,0.4008159497640171,0.49514515065549886,0.30962422367320563,-0.3091404684997626,-0.17922740176137833,0.10809773590500739,-0.05138101836752598,0.20898683397450638,-0.14139562889280868,-0.06729168331217766,0.13002388441305285,-0.03147300309086094,-0.08614674494758438,-0.09658883924291921,-0.1501008917933163
0.14897599021017316,-0.8876627529194654,0.5402048939040194,2.908881890319264,0.19338465243290878,0.6742895957630328,0.0027022253672874,0.39629748895091604,0.04910072233291581,0.014251977298610037,0.319529368048836,0.4075048106816341,0.2252176238266896,0.3269931000604638,0.14998943141811627,0.3920062168348602,0.3282958291293163,0.015580560908862874,0.4134334029830174,0.48977232263187953,0.1144013535996601,0.18837729717228885,0.01265266233974732,0.24598784867101783,0.19870671760638076,0.2944310662656627,-0.03433591872943792,0.1450400661817494,0.47060245216035373,-0.17507846018538573,-0.07257067274019915,0.4448771743539908,-0.03432682505673345,0.2831476706583346,-0.5386266618083799,0.2029233746954957,-0.027358943230160502,0.25539130879960337,0.13506206072359137,0.11028431353248577,0.0834808056277996,0.09031637694021097,0.11396248098872741,0.09627192205433499,-0.007742373424448958,0.18601047332407775,0.18603563283211838,-0.10756613702921321,-0.057179128045924475,0.11660827996165324,-0.0587614107217037,-0.08532310058030872,0.027714935318812688,-0.04211663570921428,-0.18609281327838975,0.08325212606907736,-0.24986101836912442,0.2801775268359506,-0.04800202416126502
0.4337573904118536,-0.21914678066602705,0.14868593303537694,0.19338465243290878,1.4414539256060936,0.035022589451976734,0.20024253745239767,0.3903788538273931,0.19325636350128922,0.12849471251168332,0.17225865099663035,0.21192926598733755,0.21053021992738327,0.280678823523444,0.23143216237311492,0.2963520965551936,0.22461864156906314,0.16459232149867767,0.4610376081340067,0.2067340641783726,0.14543175328350552,0.22978799448675868,0.09606417694948864,0.1351954063259692,0.18688581939331564,0.18850990363093245,-0.00941990071706349,-0.11397281019568442,0.29454396078084755,-0.023140968964064503,0.03236973547828062,0.19600389786711397,0.08093368589747449,0.3291933018457264,-0.12663491255021844,0.20429761294036794,0.25647127435479905,0.12232432029677062,0.21526495691725045,0.03806974122015842,0.19667089918425437,0.1436017131437394,-0.05614181946882254,0.03233427361513674,-0.18275339109336922,0.19423856405265694,0.17699781369400325,-0.03423535168802597,0.27855523170612817,0.27134181809502206,-0.11330820084316968,-0.36957210376417354,0.25434563220175477,-0.09145846167571754,0.179715508301968,-0.030540055303013316,-0.2847360360898995,-0.15195517080094334,0.3349938399029271
0.10332801147846213,0.4172687866933069,0.42163865264378186,0.6742895957630328,0.035022589451976734,1.215697403919739,-0.050518053083461634,0.3949438314652173,0.33534995693106057,0.13705319097770544,0.26732191981145187,0.257536502681949,0.24543040675608171,0.3732136302035214,0.20727905142611594,0.33004006053018936,0.3596325213208253,0.18063611985399344,0.6168543480785637,0.5025262192300171,0.27279944209818197,0.3056732623346911,-0.016901611538106466,0.2631681906027821,0.20266549540022796,0.4455469503619384,0.19288524864228068,0.16898262326164964,0.6190163211589,-0.07968213830946073,0.08095293985900376,0.38502776438893355,-0.08514432578686267,0.419761594266496,0.015162832755645615,0.1419591862907006,0.24613231538328242,0.2640602440470411,0.16616132423403093,0.1583551139329999,0.17985561704756692,0.2081232273637035,0.30071714005870354,0.04242296747028676,0.15230520672772127,0.20564432582816858,0.41539051704596597,-0.05034856205414793,0.39652914670045486,0.2194780620323497,-0.10715317445952682,0.012133962976104971,-0.10012769832267553,-0.041151904950200574,-0.2441343355993541,0.0571863630939974,-0.2343631941018769,0.3072032000996991,0.02161475214072409
0.21707783144729104,0.018196413541927074,0.08056866614056125,0.0027022253672874,0.20024253745239767,-0.050518053083461634,1.0380563521635324,0.049693731127078734,0.3170807533237767,0.24136121457887022,0.23841938763161455,0.31440912441554236,0.2304338019857271,0.196820723873513,0.22298255614373688,0.24181836612202293,0.21770510272645907,0.21692566786862524,0.0078118065539551605,0.06611385309357044,0.19042740041612846,0.28609482297569344,0.09978315620040525,0.2855121681090296,0.20212844577697184,0.12386352340936815,0.15359127060724787,0.02218552947478096,0.16110581684148348,0.26124572234275606,0.2110376529289208,0.04374289225943115,0.1374029573638151,0.2843820761198191,0.2489603822981805,0.3142959057201625,0.27851856053049734,0.057053206524521005,0.33058208362585473,0.03422644417219194,0.2180420888302592,0.1666098737332264,0.045782066532300464,0.03695586100042952,-0.061773779145938186,0.2411280161490733,0.06344120153165336,-0.09681598518284393,0.1739084669891975,-0.0461395218659259,-0.11979100312289366,-0.06847027946010811,0.2343605534698845,-0.0571257974310829,0.23741960920023217,0.03823195669461616,-0.20185364826715738,-0.29060215639575754,0.2903400450400092
0.19711305725537184,0.03250720084287959,0.5196366681686756,0.39629748895091604,0.3903788538273931,0.3949438314652173,0.049693731127078734,0.983398029506204,0.04367994831167057,0.19787766911766086,0.21027766280096638,0.06556086850256407,0.26749487341629385,0.31704445282299726,0.19513218674171778,0.26546482180263825,0.3902168109625303,0.12080641125302088,0.3678582387239485,0.4245524434988381,0.18889265148739268,0.14592648132410968,-0.11105061596242782,0.1548453978297091,0.23140810416420496,0.2594426208536697,0.11427669914927087,0.17021869414311183,0.31803895741614396,0.033477775698757456,0.001025265375608331,0.19794578464482807,-0.015901680335570156,0.4198066176160358,0.2523379208435448,0.06239992627426265,0.4537866151908883,0.21990291811315296,0.4019867601295664,0.06415164883803548,0.24898903850861567,0.1895395989432479,0.2010627175283068,0.0344338569843836,0.21050356771302156,0.1645064075365993,0.41125788097099275,0.038506654812715244,0.3407222738071113,0.24420420130042603,-0.12064216760884368,0.09053854547771821,-0.08261463520644814,-0.058380386874172525,-0.1718768626533162,-0.11491291579342848,-0.21756572763543516,0.23256708648347302,0.16005821378544113
0.33507540041879,0.14676074391746988,0.651150656358871,0.04910072233291581,0.19325636350128922,0.33534995693106057,0.3170807533237767,0.04367994831167057,0.9897021457276299,0.22074256920162502,0.217593535696331,0.2508488966689009,0.2894109007498986,0.28558333278763964,0.1825106722665069,0.20662483501587836,0.25746554524601095,0.33252605212762687,0.29030231320865346,0.15465100753529948,0.2065254709749557,0.5263373492732668,0.24212184823995964,0.32587812253993675,0.1693400103469483,0.2352631083815509,0.12395068344737525,0.01542504213783258,0.36841226601877586,0.1349449183857529,0.4078019470932378,0.1116513529203478,0.16848495785048828,0.16519220558257228,0.1973636226828978,0.40378157402699094,0.1887954614398605,0.11940904396810735,0.3375158302809057,-0.0475628896662765,0.15331520591960182,0.14859733294175542,0.005931228202241162,0.0390169442287532,0.007924654890559069,0.3777774739762647,0.1780763390402445,-0.23647436467645147,0.06745805624814138,0.10211762647102321,-0.06451708729760558,0.04163375922796947,-0.0041330463204769415,-0.12004033139356539,0.31104421013448613,0.19880358161685568,-0.1579109357653502,-0.33691413985617213,-0.03186135522366282
0.2149489193804013,0.08488466701483847,0.4075074271764883,0.014251977298610037,0.12849471251168332,0.13705319097770544,0.24136121457887022,0.19787766911766086,0.22074256920162502,0.5527476498516404,0.14850051175417642,0.1348736104575559,0.17030193752538206,0.2026690150410218,0.28935342933500463,0.18122041823591453,0.28444883845173086,0.1739807134796811,0.10118193636638023,0.224239798773632,0.16670563433721544,0.1919860029497512,0.026806696195242244,0.182972048861945,0.18272517390131793,0.12891392574658236,0.19918667781569874,0.09271394795320068,0.19906374520850736,0.19708326571504697,0.15187920292224283,0.09471327479050022,0.05634466812032054,0.292207148841937,0.2792723199132536,0.21602979165597752,0.3338408208136996,0.12249017222504924,0.33298542395095615,0.08509637574100465,0.2846166698465044,0.16975524498796551,0.16322183232093532,0.02249356835390547,0.1458598819019031,0.231539030690963,0.3228655559302985,-0.06469857579728609,0.2284325638676471,0.009169268567894167,-0.0670400629992997,-0.03422146611207528,0.09492914076871295,0.0008127516832999312,0.08598311529491656,-0.02638402254426572,-0.04648926224389841,-0.1352153236967042,0.09629758833410802
0.1905029740523919,0.021011787968219665,0.32928789550785753,0.319529368048836,0.17225865099663035,0.26732191981145187,0.23841938763161455,0.21027766280096638,0.217593535696331,0.14850051175417642,0.5660472661785853,0.3105066096200073,0.24730315354620835,0.20475555660300346,0.26145323092544565,0.26135390321809626,0.2715618723527227,0.19458632778052753,0.17839814641406126,0.2761081172899669,0.1854085301305015,0.22129108586706686,0.06267668414474187,0.2575169465810572,0.21179692406542525,0.23186681348856802,0.14044016457432684,0.06198399911471606,0.2938069293400206,0.09468950516369562,0.13869962639869857,0.18332535622608506,0.05983735370013728,0.26495852243693574,0.19359594149623374,0.22506972949306953,0.24563887355578556,0.1553425278514333,0.3009677501243971,0.04511749249984845,0.1595410416117171,0.1678866657037768,0.11747146944658995,0.026646875804431973,0.11595945660337,0.23945453146333934,0.21172842926300317,-0.07154995565375016,0.03624652121041442,0.05602273693892019,-0.10220610178370733,-0.022847784298811687,0.11428757838601239,-0.06650847203094834,0.06460222840666316,0.03951720069723566,-0.1645654441762913,-0.06810092396582827,0.06181682686950096
0.22623973931565022,0.009474844344404907,0.2865681710289157,0.4075048106816341,0.21192926598733755,0.257536502681949,0.31440912441554236,0.06556086850256407,0.2508488966689009,0.1348736104575559,0.3105066096200073,0.6733649071879004,0.19777029529699908,0.21129674807296156,0.1105066038525378,0.27624076412244464,0.16077274196334887,0.296153176822954,0.17575280561454015,0.14291524545595152,0.1664013868311626,0.2534676302950281,0.1757247104728477,0.21823364791582991,0.24037035930414907,0.2232840184081484,0.09652541168148672,-0.05100388980362825,0.2785916730031914,0.08997007795511962,0.11288369923476152,0.14034076650075658,0.13120401249846508,0.21656027136342734,0.2133116627892606,0.2105177955402703,0.2234356526629085,0.0929070328671852,0.2723501042885461,0.06256843942471868,0.08603421655926428,0.14909563774099505,0.10627650233638582,0.039765079966934985,0.01966464151538629,0.22329464869386004,0.19844953028567974,-0.07279231437345192,0.2268607626591261,0.0292490833211274,-0.08033299583584413,-0.09175335495264417,0.09868900514161534,-0.07244702827025663,0.08920920513236615,-0.008885534276954212,-0.1441359337533704,-0.07357693905694782,0.10368743769082615
0.17373490488119323,0.032061204134841884,0.31094651377920485,0.2252176238266896,0.21053021992738327,0.24543040675608171,0.2304338019857271,0.26749487341629385,0.2894109007498986,0.17030193752538206,0.24730315354620835,0.19777029529699908,0.3703624864687748,0.22400752324042947,0.1486680207296515,0.24346833067134396,0.2603958387013722,0.19582496044444103,0.20832791531982853,0.22357485578608066,0.147294347595822,0.2630694672524512,0.050156283458223205,0.20953187951981908,0.17166719787349158,0.17125986516040226,0.08943264637098121,0.06979454596217124,0.2918654095271065,0.105628380089246,0.1516029525919845,0.12994146696040385,0.07591358080388592,0.2409343762157601,0.1746994367706362,0.19187449955922267,0.2427500443249823,0.1259408073771694,0.2954538759001869,0.035158433083321984,0.16396796522576337,0.13859047159990018,0.10068765293067804,0.035564376088136083,0.060298687389567944,0.22381619982361683,0.2173049062548406,-0.07685310280941736,0.16879716115885837,0.15138749301253984,-0.05756228947663892,-0.028992187534352443,-0.004361993570703452,-0.06891815728930044,0.04456614748611753,0.04494802130228844,-0.1219157462040336,-0.05551093265565234,0.0377872769581872
0.16101642314349754,0.008999790368163818,0.2900289546260226,0.3269931000604638,0.280678823523444,0.3732136302035214,0.196820723873513,0.31704445282299726,0.28558333278763964,0.2026690150410218,0.20475555660300346,0.21129674807296156,0.22400752324042947,0.6719350940957739,0.2788162256512912,0.4260349638804106,0.40384537201711496,0.09557227841300597,0.3016314011980665,0.3174439928324654,0.2642482109753134,0.31132220352127193,0.04178107387952263,0.20163065672627542,0.20507077706709734,0.3288310451429104,0.11784985941793638,0.06531446869177852,0.4052190676386009,0.1160492349948797,0.1268481054267044,0.1633538035435673,0.04260987476020064,0.3427078862507376,0.24023359464679056,0.1942091768830868,0.351235203263994,0.1747685020061283,0.2225438561387481,0.10190477254221407,0.28999294336878995,0.22751848033242442,0.15747227692883298,0.03500188965032333,0.03784505314094367,0.21321156975909478,0.3691021143268953,-0.06514591737823938,0.5126082452935484,0.15288355741338838,-0.14395603341927815,-0.09995557916337797,0.03348538576547679,0.014745568906126393,-0.11160554723952545,-0.02398046630700174,-0.293792230285407,0.1663829408141784,0.16310598592425488
0.2908253451137368,0.021798360440838396,0.3723162887920608,0.14998943141811627,0.23143216237311492,0.20727905142611594,0.22298255614373688,0.19513218674171778,0.1825106722665069,0.28935342933500463,0.26145323092544565,0.1105066038525378,0.1486680207296515,0.2788162256512912,1.1420932447418306,0.2046381434955545,0.307617932337791,0.022237771306818466,0.24746576432057305,0.2648226691980932,0.219454987200581,0.13508253945823395,-0.13236220918080946,0.2945682908148734,0.26239101869431003,0.25654044301081735,0.2053095840748492,0.20920555907788602,0.3022815083275775,0.1599759451787536,0.1166671455891278,0.13004489985580076,0.04721310540255374,0.24720407809150044,0.22781643946059155,0.20951158503147416,0.22919396345344442,0.13939738258265685,0.2499177673349131,0.07354298402590857,0.23888091910680337,0.19135823098178345,0.12180378789213107,-0.0007462810150588929,0.07774149732465727,0.1778494023424379,0.20547339191025904,-0.06711677172457604,0.11605027837193013,-0.026433565662015584,-0.23634737434381747,0.14962473990636166,0.07649582670804757,0.06539992984116673,0.06584225447599507,0.16810446863912548,-0.3634898089703053,-0.07134672141847728,0.1473378664180982
0.14655215406277497,-0.007314545945427455,0.21851846313301182,0.3920062168348602,0.2963520965551936,0.33004006053018936,0.24181836612202293,0.26546482180263825,0.20662483501587836,0.18122041823591453,0.26135390321809626,0.27624076412244464,0.24346833067134396,0.4260349638804106,0.2046381434955545,0.6692851574701115,0.3507438251103729,0.14363954501353657,0.25330614999823425,0.2482751211100622,0.24368754776220755,0.3685831815284603,-0.03885525762699091,0.22015362397105315,0.2201871583143118,0.2458991145051869,0.10038289764749299,0.15234309164696344,0.387028456615926,0.16741603062651067,0.08641719729148087,0.18148098736041,0.053357257285201375,0.33775944124995394,0.3059531920469731,0.20700837311533382,0.31094600155389274,0.14511842468029254,0.30355170085698235,0.10129596013678456,0.25352879690797536,0.22855034433299362,0.15009582410278158,0.03580983360922978,0.030677588920588708,0.22222939459773933,0.32031270738188994,-0.08501419628760698,0.40546523581184274,-0.016832985515353917,-0.1791754502918029,-0.030634578070672738,0.10491126876260042,-0.01398948500094365,-0.057259130296899094,-0.0362007349746879,-0.28319017932854174,0.0851407300034945,0.20028099406985267
0.10440910451138923,-0.06011679601745507,0.36739762838567297,0.3282958291293163,0.22461864156906314,0.3596325213208253,0.21770510272645907,0.3902168109625303,0.25746554524601095,0.28444883845173086,0.2715618723527227,0.16077274196334887,0.2603958387013722,0.40384537201711496,0.307617932337791,0.3507438251103729,0.981610532213926,-0.014569285113445756,0.28755760753788645,0.40939239179028525,0.26035207851009134,0.2781397581185755,-0.030145575097111122,0.195141295007618,0.24738325027125221,0.23148645194616757,0.23856995648991705,0.10224567553670534,0.4039405285497083,0.09963567300603679,0.1162950598318334,0.22445348020329034,0.15435822176341685,0.4483113488290607,0.20709040900724207,0.18602220997313793,0.5097873656470081,0.22631540848514856,0.323550715455489,0.11437327656473001,0.3262636176716911,0.24407155834127428,0.21786240550536617,0.03103900012465987,0.10635798767398952,0.27919338164799407,0.5152118987598557,-0.023680069512269315,0.42225293975785094,0.4331763705234666,-0.1027864873529248,-0.17527223776846396,0.05078116219739669,-0.05230021081847473,-0.04410834619335523,-0.03398185226161363,-0.25749796521398766,0.06730844570458124,0.17527756377447648
0.29811339086594607,0.3762470737638737,0.3551714397070634,0.015580560908862874,0.16459232149867767,0.18063611985399344,0.21692566786862524,0.12080641125302088,0.33252605212762687,0.1739807134796811,0.19458632778052753,0.296153176822954,0.19582496044444103,0.09557227841300597,0.022237771306818466,0.14363954501353657,-0.014569285113445756,1.1734331435954373,0.18180572010143295,-0.10052722888368258,0.16011839215745657,0.26632447272105036,0.24098853284919308,0.29002254515050646,0.13360504175331087,0.26595476041189287,-0.22668483685797283,0.030429800074842365,0.19665941702665843,0.06630235163018394,0.20456606152419,-0.07785258234145304,0.13410609159657705,0.052377877229576306,0.1410096658385841,0.0981565371572837,0.3117820030379975,-0.04212514789358306,0.16103842559043713,-0.022579118559741714,0.009447618892263865,0.08485140773570765,0.23797171360395108,0.03389508671589905,0.22846473018545987,0.18547679896101377,0.1342831150778518,-0.03519966696227015,0.05003773104945265,0.10852101998310967,0.27546057833536536,0.2483997758164948,-0.4635964912929852,-0.21229874383145558,0.10398730831708532,0.013535874331512677,0.0007533334868052951,-0.09682034518114992,-0.029413385958175567
0.225219621418063,-0.0015330806783252979,0.4177772143958718,0.4134334029830174,0.4610376081340067,0.6168543480785637,0.0078118065539551605,0.3678582387239485,0.29030231320865346,0.10118193636638023,0.17839814641406126,0.17575280561454015,0.20832791531982853,0.3016314011980665,0.24746576432057305,0.25330614999823425,0.28755760753788645,0.18180572010143295,1.1712038239392912,0.3279236035371308,0.17989587745992505,0.25097254487342346,0.06505060531889327,0.1789063006860114,0.13508022943447817,0.2525626040873279,0.021358960945294807,0.2641453056687078,0.3894487622258,-0.04075942389012428,0.14491044583628798,0.22873690951242415,-0.004314079269880254,0.24386349362209192,-0.09128576458143074,0.3046315414525163,0.030622890706480017,0.18288351530587404,0.14702364417924516,0.05262870125672782,0.2125277643139329,0.1341243692244312,0.025915587720913704,0.03711591003461405,0.056333137878836655,0.25347146347346683,0.06743338612810135,-0.10993191869672848,-0.04937939178330204,0.21236410612526252,0.21801761271261286,0.35247912468874043,-0.4386565639853017,-0.10584021467074951,-0.071701612038618,0.09630936505073102,-0.21571753108215772,0.146019747603783,-0.004604040257936926
0.14796339044599133,-0.05675003725859731,0.44443459535358104,0.48977232263187953,0.2067340641783726,0.5025262192300171,0.06611385309357044,0.4245524434988381,0.15465100753529948,0.224239798773632,0.2761081172899669,0.14291524545595152,0.22357485578608066,0.3174439928324654,0.2648226691980932,0.2482751211100622,0.40939239179028525,-0.10052722888368258,0.3279236035371308,1.2244912091364772,0.18443878832833785,0.10128505929739877,-0.07708566101057276,0.2171452072849504,0.153230274023413,0.41828167274677236,0.2976603913931636,0.2013010643540328,0.4602414504818384,0.16082528932846415,0.16490146611268292,0.5007620273933433,-0.13694177984410344,0.4838507558112989,0.04444843764396659,0.3061207516065929,0.37242724068704586,0.5946825422994159,0.2655856002867487,0.16416399835809142,0.42438187644843883,0.26833582872280387,0.3684378824395283,0.02580786423150914,0.4502004369300027,0.29620661874332277,0.319801614159909,-0.04061672870908315,0.16496163906987824,0.07101255140618623,-0.12100226760261977,-0.14496465290218324,0.32553227930267425,-0.03791198907504632,-0.015069539385758293,0.0003768829022730454,-0.17944057908543318,0.05487607091311204,0.10777947227004793
0.11155745801453865,0.15949971615752312,0.22711257421589395,0.1144013535996601,0.14543175328350552,0.27279944209818197,0.19042740041612846,0.18889265148739268,0.2065254709749557,0.16670563433721544,0.1854085301305015,0.1664013868311626,0.147294347595822,0.2642482109753134,0.219454987200581,0.24368754776220755,0.26035207851009134,0.16011839215745657,0.17989587745992505,0.18443878832833785,0.5514605980456272,0.22135942847443196,-0.04001407796210902,0.18045919009206488,0.13858818971772902,0.39757401847869894,0.17668836616944347,0.21217317297151841,0.15924489285667426,0.15824981147691744,0.22743527646183617,0.09737661218968653,0.1515945937556731,0.3009081240517111,0.3125073088222936,0.24997292984586242,0.41669757600261537,0.11367129405175874,0.16098181477634815,0.12597838795642682,0.3825806583548813,0.3243539025446474,0.25592248711760857,0.02672540400867566,0.08115103228811679,0.26092206066148677,0.33773320221461006,-0.007015660535709389,0.38833717167342996,0.18251115523343528,-0.14992691005990713,-0.057253635319584564,0.004126483538342754,-0.042877444500108886,-0.08161619135293706,-0.014554966085623058,-0.17885234516790102,0.09604185666125842,0.10216631083283442
0.26110843693974495,0.08037821787483267,0.417931228232574,0.18837729717228885,0.22978799448675868,0.3056732623346911,0.28609482297569344,0.14592648132410968,0.5263373492732668,0.1919860029497512,0.22129108586706686,0.2534676302950281,0.2630694672524512,0.31132220352127193,0.13508253945823395,0.3685831815284603,0.2781397581185755,0.26632447272105036,0.25097254487342346,0.10128505929739877,0.22135942847443196,0.70919311054438,0.25337047899997284,0.23851779107476895,0.17683223615007068,0.18210755089662625,0.1391163740016338,-0.015912813387819545,0.41306158182767166,0.19184476018144153,0.2924538651742963,0.19740705593851612,0.12319504143455644,0.24959269052252786,0.23391263821261415,0.4160204575455516,0.18799820813430546,0.09541303042490737,0.3734141685398801,0.02813993693745461,0.21369872824875444,0.1757796887360155,0.033991918864909265,0.05013832473220894,-0.065319271575421,0.386233151949111,0.26379086233142496,-0.28911334350800305,0.27863778563028496,0.07896948503581713,-0.09367034639415761,-0.1217375931028042,0.08972692399900374,-0.05933981642130242,0.13086554941194561,0.05373895508847865,-0.17299923059204356,-0.13714940421759333,0.05378071359597736
0.38306284165894305,-0.12224922031102067,0.2650730922371153,0.01265266233974732,0.09606417694948864,-0.016901611538106466,0.09978315620040525,-0.11105061596242782,0.24212184823995964,0.026806696195242244,0.06267668414474187,0.1757247104728477,0.050156283458223205,0.04178107387952263,-0.13236220918080946,-0.03885525762699091,-0.030145575097111122,0.24098853284919308,0.06505060531889327,-0.07708566101057276,-0.04001407796210902,0.25337047899997284,2.364477988468722,0.14590258696849262,0.30922368247658955,-0.26430455407965536,0.24834871464963781,-1.4347062549838578,0.4699319337862425,0.34813241848285864,0.34859670746903987,-0.40674150648283697,-0.09739034267508469,-0.058194514114950864,0.09448594040288702,0.7592623485256532,-0.211226487783798,-0.05792293490017467,0.3023190830842569,-0.03550433378851729,0.1303372315990894,-0.059080193988493554,0.01885348233171047,0.1541237477266541,-0.12045705072090122,0.39894559542475044,0.013030043834892308,-0.46037366485340997,-0.36730492419362776,-0.08405831957999854,0.15048940204736222,0.011021821953194875,-0.04294280340768355,0.05637744309700771,0.42436189972536825,-0.0007161294264513358,-0.09727841046080708,-0.4148869662934823,0.17911481655066708
0.011652882096782911,0.012585705042128992,0.28385336792101157,0.24598784867101783,0.1351954063259692,0.2631681906027821,0.2855121681090296,0.1548453978297091,0.32587812253993675,0.182972048861945,0.2575169465810572,0.21823364791582991,0.20953187951981908,0.20163065672627542,0.2945682908148734,0.22015362397105315,0.195141295007618,0.29002254515050646,0.1789063006860114,0.2171452072849504,0.18045919009206488,0.23851779107476895,0.14590258696849262,0.9684183806628148,0.2507738257796848,0.12562253378673255,0.15248654912989812,0.050692088299735545,0.316250262435641,0.23822084979454064,0.21522157474518494,-0.0133609195790418,0.19096571524018593,0.018702541606306203,0.10938745533966045,0.3014639453884876,0.2913101601618727,0.1203102209798613,0.3528861149549883,0.041984762133184826,0.14405199477712502,0.13962250075061122,0.1717238316363947,0.024565524600914664,0.05407571773312302,0.235502965480468,0.1278165739813576,-0.0891350702459549,0.17696259824818342,0.03618890469194678,-0.15451311468717271,0.10115593674901527,0.05501680257302247,-0.10203906496691319,0.368131778839499,0.13150486916352527,-0.2619445649373249,-0.4662427668193148,0.45787069331060093
0.2027697007218619,0.023890328412561983,0.28214847026843043,0.19870671760638076,0.18688581939331564,0.20266549540022796,0.20212844577697184,0.23140810416420496,0.1693400103469483,0.18272517390131793,0.21179692406542525,0.24037035930414907,0.17166719787349158,0.20507077706709734,0.26239101869431003,0.2201871583143118,0.24738325027125221,0.13360504175331087,0.13508022943447817,0.153230274023413,0.13858818971772902,0.17683223615007068,0.30922368247658955,0.2507738257796848,0.7380517144188548,0.05048616984472935,0.2020809750745918,-0.17857601907191123,0.5178487998005805,0.2708074252321682,-0.11025843513923081,0.15942875535674966,0.07412574532816923,0.32422252045672323,0.25063643135873753,0.20118838246770537,0.283688656725026,0.09569659701714815,0.4455028604641571,0.051181462137971694,0.17683628636856458,0.13427629055420984,0.18965703299227973,0.04471599424243455,0.08604495372750544,0.2642031222872741,0.3082320027253687,-0.10162176640419032,0.15994286806229527,0.00966602808041635,-0.14941508119796756,-0.11170247981259848,0.14852324381218113,0.0041722521667452205,0.05722130495551933,0.03526434888649761,-0.17659103848737978,-0.06516659991352375,0.10355022784350115
0.11702330921176025,0.11158502335537723,0.27221197813279485,0.2944310662656627,0.18850990363093245,0.4455469503619384,0.12386352340936815,0.2594426208536697,0.2352631083815509,0.12891392574658236,0.23186681348856802,0.2232840184081484,0.17125986516040226,0.3288310451429104,0.25654044301081735,0.2458991145051869,0.23148645194616757,0.26595476041189287,0.2525626040873279,0.41828167274677236,0.39757401847869894,0.18210755089662625,-0.26430455407965536,0.12562253378673255,0.05048616984472935,1.5001301084973855,0.14562451369027077,0.3272252909670063,0.17984855935129998,-0.21856195288596264,0.16077276819389227,0.4873980866762233,0.212586505954309,0.42807259501992323,0.24719243854913858,-0.009817642982512571,0.049504998700559674,0.21598271093211885,-0.45462368801854913,0.20327172953152783,0.0597555968406077,0.32877692254920166,0.4808418650337663,0.020560245004131308,-0.03277354095336087,0.18836643220504556,0.31156236650501373,0.07206332005836968,0.32430543301951953,0.5123628792160543,-0.28791690963965694,-0.12495387503863127,-0.2100967604407984,-0.07647524558156432,-0.13479841748024868,0.02944739430267309,-0.1273608112449337,0.19393020700192254,-0.0776079572370719
0.07794242896067705,0.23249709329588325,0.13007549642311172,-0.03433591872943792,-0.00941990071706349,0.19288524864228068,0.15359127060724787,0.11427669914927087,0.12395068344737525,0.19918667781569874,0.14044016457432684,0.09652541168148672,0.08943264637098121,0.11784985941793638,0.2053095840748492,0.10038289764749299,0.23856995648991705,-0.22668483685797283,0.021358960945294807,0.2976603913931636,0.17668836616944347,0.1391163740016338,0.24834871464963781,0.15248654912989812,0.2020809750745918,0.14562451369027077,1.4376058014968653,0.03365075059911843,0.09177259417319708,0.26001855146685376,0.09978332333017254,0.2379560185053723,0.17105337203862556,0.28511270042447945,0.3348259234159477,0.4605903673982169,0.3238103388332616,0.14978335249756342,0.2785528173584489,0.28122089908240105,0.3091539749014878,0.2341413823318508,0.722597304360308,-0.019301569786366782,0.23595061302793358,0.33556636559695197,0.2168366341251692,-0.1480147698105133,0.1739813649568062,-0.06657098922503771,-0.22169124642170096,-0.0926895331168041,0.31050127150344264,0.09306681792739267,0.16381783290297333,-0.05210615973649971,-0.10681415767617242,-0.2098393791668653,0.2895513604724462
-0.17868692418828888,0.33086411240669805,0.12687950413907392,0.1450400661817494,-0.11397281019568442,0.16898262326164964,0.02218552947478096,0.17021869414311183,0.01542504213783258,0.09271394795320068,0.06198399911471606,-0.05100388980362825,0.06979454596217124,0.06531446869177852,0.20920555907788602,0.15234309164696344,0.10224567553670534,0.030429800074842365,0.2641453056687078,0.2013010643540328,0.21217317297151841,-0.015912813387819545,-1.4347062549838578,0.050692088299735545,-0.17857601907191123,0.3272252909670063,0.03365075059911843,3.0353785503231947,-0.5017892106054432,0.08993701289557106,0.09558277629610726,0.39080623805838727,0.08600273666803798,0.0991929684617492,-0.06656000735849282,0.5402117607675383,0.08794917485517117,0.11395255334623602,-0.006751175927402743,0.12531083640292098,0.3390296761379005,0.2440302276898929,0.3503617422297555,0.1402541859095873,0.29322906906904456,0.16747117195047312,-0.3283621920409496,-0.07253711561453484,-0.3798490963795518,-0.5064807359568219,0.18302982801365444,1.4216732970622843,-1.2387003718121004,0.01157465071261131,-0.508941720438517,0.08160742836070303,0.04849277073167997,0.5013390689677968,-0.24086729280759972
0.31778143918205076,0.1206380891387042,0.5452346550062265,0.47060245216035373,0.29454396078084755,0.6190163211589,0.16110581684148348,0.31803895741614396,0.36841226601877586,0.19906374520850736,0.2938069293400206,0.2785916730031914,0.2918654095271065,0.4052190676386009,0.3022815083275775,0.387028456615926,0.4039405285497083,0.19665941702665843,0.3894487622258,0.4602414504818384,0.15924489285667426,0.41306158182767166,0.4699319337862425,0.316250262435641,0.5178487998005805,0.17984855935129998,0.09177259417319708,-0.5017892106054432,2.9628719469261307,0.4061051763295676,-0.3109041658015162,0.49866639000523,0.008561252828469547,0.3896768783337847,-0.11157753479961216,0.4461967739155632,-0.8691113998760955,0.18568374685042482,-0.018984679719179717,0.07466817817633574,0.24201493973649277,0.03689226772969088,-0.17189106552596153,-0.09372093696510399,-0.4152196130627285,0.4077209409601816,0.5105328083530486,-0.26966930808884415,0.7414848228457072,0.5949537315079269,-0.41090248432435955,-0.38511425435989194,0.06710574331020376,-0.008037051063433007,0.09623710689397581,0.00840606123238451,-0.38171850758246306,-0.029881343730515868,0.34232634691449965
0.24045320129597522,0.08630478215732137,0.1336382901149399,-0.17507846018538573,-0.023140968964064503,-0.07968213830946073,0.26124572234275606,0.033477775698757456,0.1349449183857529,0.19708326571504697,0.09468950516369562,0.08997007795511962,0.105628380089246,0.1160492349948797,0.1599759451787536,0.16741603062651067,0.09963567300603679,0.06630235163018394,-0.04075942389012428,0.16082528932846415,0.15824981147691744,0.19184476018144153,0.34813241848285864,0.23822084979454064,0.2708074252321682,-0.21856195288596264,0.26001855146685376,0.08993701289557106,0.4061051763295676,2.2156179073136872,0.41958313074697684,0.04372209755453121,0.2239345249837018,-0.19237577828673605,0.6311247836659895,0.5552627955382908,0.2598325338333349,0.08017039286372381,0.43960215185306994,0.009574405392944822,0.4913730097218632,0.1899330632707098,0.7553574159772413,0.0987679282297304,0.5182973941571649,0.4700164138660185,0.273235157805554,-0.244448823812297,-0.10468971342774033,-0.08128635480631968,-0.17965163095772138,-0.017342147046333675,0.11235516263334809,0.023213764809571658,0.01776965924874106,-0.12677287556569208,0.010452760719167068,0.19599211198015817,0.05563486364061664
0.19423319780391737,-0.005378122065699156,0.2605753721603217,-0.07257067274019915,0.03236973547828062,0.08095293985900376,0.2110376529289208,0.001025265375608331,0.4078019470932378,0.15187920292224283,0.13869962639869857,0.11288369923476152,0.1516029525919845,0.1268481054267044,0.1166671455891278,0.08641719729148087,0.1162950598318334,0.20456606152419,0.14491044583628798,0.16490146611268292,0.22743527646183617,0.2924538651742963,0.34859670746903987,0.21522157474518494,-0.11025843513923081,0.16077276819389227,0.09978332333017254,0.09558277629610726,-0.3109041658015162,0.41958313074697684,1.910785905082377,-0.6105654653427691,0.2824882806920707,-0.04576406598406909,0.5312698064255825,0.4827997913427245,0.722501033358339,0.13756272911218398,0.2788796565414264,-0.17310763165556214,0.210940841166268,0.22710702543013747,0.09149413853353384,0.09849669554693802,0.27098508748793293,0.44503898327526853,0.16042929876136877,-0.2308413689900448,-0.529415809639145,0.23544461662258023,-0.2238445915745383,0.3499206438295106,-0.2614470266305123,-0.10280226250656838,0.4505018605944417,0.29087018653678726,0.17541313989560212,-0.4146934245724565,-0.3343656993759333
0.0651996912804156,0.02114777605218619,0.1974931652339349,0.4448771743539908,0.19600389786711397,0.38502776438893355,0.04374289225943115,0.19794578464482807,0.1116513529203478,0.09471327479050022,0.18332535622608506,0.14034076650075658,0.12994146696040385,0.1633538035435673,0.13004489985580076,0.18148098736041,0.22445348020329034,-0.07785258234145304,0.22873690951242415,0.5007620273933433,0.09737661218968653,0.19740705593851612,-0.40674150648283697,-0.0133609195790418,0.15942875535674966,0.4873980866762233,0.2379560185053723,0.39080623805838727,0.49866639000523,0.04372209755453121,-0.6105654653427691,2.7155794376685,0.11618185178774336,0.438292082630915,-0.25020438998904404,0.15613905473231932,-0.7245963652849843,0.310700531800962,-0.4072503997257134,0.22027020618062945,0.13838474651496366,0.1440457402056187,0.23244822148494207,0.0037185738969064343,-0.13716467004669208,0.5208258473437556,0.3750024924894688,-0.20317747012820478,-0.2603235034745072,-0.05061243016317429,0.23055131772665496,-0.5964914751930139,0.45174961337406955,-0.03007336824077022,-0.33936800888614954,-0.01464408534043312,-0.06857447177468405,0.28903689789158576,-0.32983735011298043
0.146770255472995,-0.030227581082481837,0.05946808100352959,-0.03432682505673345,0.08093368589747449,-0.08514432578686267,0.1374029573638151,-0.015901680335570156,0.16848495785048828,0.05634466812032054,0.05983735370013728,0.13120401249846508,0.07591358080388592,0.04260987476020064,0.04721310540255374,0.053357257285201375,0.15435822176341685,0.13410609159657705,-0.004314079269880254,-0.13694177984410344,0.1515945937556731,0.12319504143455644,-0.09739034267508469,0.19096571524018593,0.07412574532816923,0.212586505954309,0.17105337203862556,0.08600273666803798,0.008561252828469547,0.2239345249837018,0.2824882806920707,0.11618185178774336,2.0000138618507095,-0.3053389324508842,0.0390938770895061,-0.3325906996685128,0.4159062201189555,-0.02085283731785663,-0.1328420159088112,-0.04159791881982724,-0.31486032482166976,0.11344459118217474,0.35022527093566425,0.04484484244196453,-0.5684843079025585,0.28662830664630246,0.3763003217782663,0.2257507131823435,0.35059545538343456,0.5421797580994983,-0.3890002857189683,0.17471760735790406,-0.3080150888986676,-0.224711634301529,0.2226654247665589,-0.02215088605810626,0.029928998346921854,-0.2208591069962687,-0.010430856349838522
-0.3113619396980873,0.045762719108776016,0.16969711333777499,0.2831476706583346,0.3291933018457264,0.419761594266496,0.2843820761198191,0.4198066176160358,0.16519220558257228,0.292207148841937,0.26495852243693574,0.21656027136342734,0.2409343762157601,0.3427078862507376,0.24720407809150044,0.33775944124995394,0.4483113488290607,0.052377877229576306,0.24386349362209192,0.4838507558112989,0.3009081240517111,0.24959269052252786,-0.058194514114950864,0.018702541606306203,0.32422252045672323,0.42807259501992323,0.28511270042447945,0.0991929684617492,0.3896768783337847,-0.19237577828673605,-0.04576406598406909,0.438292082630915,-0.3053389324508842,1.891830583882717,0.25260493662310035,0.17441300820921313,0.548904309546067,0.23359643420397955,0.09803374589750438,0.09112881116444746,0.5227884539108442,0.36887172672214136,0.3672830248272273,0.10000758199670787,-0.08831007711686449,0.21475406962303112,0.6146267838561428,0.05620433383063642,0.4215982741852875,0.02971987066446003,-0.09127011199556785,-0.3735666960416314,0.44851345845087526,-0.03424433751737593,-0.18495674084922267,-0.0498413110688947,-0.39554822539802803,0.14223524196239692,0.4649814561199412
