1.5737672614404932,0.33842939456745114,1.013676604884214,-0.14317941773468032,0.4410584960255574,0.17510249509516462,0.5457155533069217,0.029778397871539707,0.0875813182284784,0.226121216107653,0.19679438309082817,0.28545123546963164,0.13149887550012723,0.14409679076770304,0.21628331853153432,0.17306919668113405,0.2844637100632401,0.20966108740663852,0.08252036936653256,0.1755895100292476,0.22148630533308078,0.14502444414974966,0.0555548573879457,0.0852322668902058,0.1846153033059181,0.25580244521481277,0.36516183387379464,0.19832144554337947,0.00969966266294714,0.1880513255631162,0.22240867588544444,0.16090561449099486,0.29438867332404695,-0.1393382893122656,0.16099702945296998,0.1379506706638328,0.02619445819323704,0.10981007995369775,0.1749377923064746,0.2672412537303465,0.21930774540257666,0.11466794822212124,0.13377289382151528,0.012856892227194243,-0.13907564456412355,0.1660735540112749,0.1033560536720296,-0.02738838187543842,0.8922062190665765,-0.16324284380007625,0.33882451554781584,-0.21940420123207713,0.06585942372712902,0.0719293372567132,0.035165569549028025,0.06878749678250848,0.008156329392439245,0.3099416383935763,-0.4217166436648882
0.33842939456745114,2.978329874699578,0.4591570609283806,-0.28260323035324975,0.2990290347947608,0.8254927683816029,-0.03357422880016914,0.02904527517933437,0.05815004862741225,0.09024274668512605,0.22160676787916445,0.20373370743855454,0.11838708534825228,0.20694729609831364,0.2986522448143374,0.15276828345841548,0.34733626235409504,0.509188553562665,-0.19262979821204285,0.46255610807499087,0.37601952002137434,0.10351917351491968,0.2604602572859752,0.21129295268459566,0.18867062717347582,-0.018029206216665764,0.5231057139872873,0.4117088374898792,0.028192271773668297,0.38270750970975015,0.3208947660911188,0.2566096573310301,0.3402199796209263,0.10814187291179371,0.2428951271882825,0.1353427081141377,0.3493680261879439,0.24228111904764052,0.41772481884296847,0.6254970546828245,0.284246870937846,0.17383204790371004,0.3388759413813536,0.007717645056655408,0.2457435456257359,0.10478895720568818,0.5392400848682452,-0.032540343086375344,1.407031587334967,-0.8116750638463833,1.905017007021641,-0.3986226767144415,-0.2522315764023307,0.16229020041949535,-0.3579859399487669,0.06037528117440433,-0.3174403373420772,0.29420992104622407,0.3528172571434171
1.013676604884214,0.4591570609283806,2.911471983654361,0.01450565062618602,0.4922384022230762,0.5747103909068815,0.48603818658505904,0.31588660664423923,0.3210597402306785,0.4148936637098683,0.39877406363296936,0.4986596525832248,0.2927802317213955,0.21972001064031785,0.40902942182698304,0.27155170586705,0.4947040442562218,0.42080463195927204,0.29660720658177253,0.36783339627176087,0.453886285188749,0.3207388250114932,0.3203486271735796,0.36029796400516867,0.3648915098108094,0.4609157627222285,0.5167761659377222,0.474483490532801,0.33817552131231826,0.2819445252412523,0.3799488349484523,0.2421944529693604,0.5561489768588196,0.28217769525728353,0.39522064332870965,0.3233944614453076,0.4456760601230067,0.20204448084412993,0.4765096088013213,0.23488198316752748,0.27796204470497976,0.3040303223339805,0.3896599126502992,0.019149644569406904,-0.11689025884483425,0.23956239392579629,0.368391667380408,-0.015328981197560513,1.1852316460282635,0.16658063095986364,0.06725965245634966,-0.09126521684945467,0.024763572983979677,-0.07523393304484204,0.1486051224780509,0.03623615503064851,-0.30568421325961054,-0.12068390943541762,0.23309099462392888
-0.14317941773468032,-0.28260323035324975,0.01450565062618602,1.397388673163934,0.20013963983981592,0.24579621867277382,0.30513634155076297,0.40218804790856455,0.15330460015889685,0.2250272617138854,0.23752612033985845,0.3439772118541779,0.18306722603716544,0.35628853559869567,0.2957101070923997,0.311869753870604,0.26331942796896973,0.25709888493058547,-0.019148162029080137,0.30251770596565924,0.2115503860696843,0.20531077261802497,0.3326323676807883,0.2867664210529781,0.2901478540457338,0.27500508085788583,0.026246612862178102,0.0374360633536285,0.41026585726763276,0.0239919098815566,0.19318702798384624,0.3735816156973149,0.152811177667181,0.47625853489836584,-0.06571183334956066,0.2041593790903302,0.21480125879990003,0.1819344417878086,0.3353984784724307,0.03046045512883708,0.06640067626394253,0.066316692602139,0.3910528328976435,0.06722363712625813,-0.008269205928497014,0.03777075668842921,0.17203729101063853,-0.02958567677889839,0.35721418423686757,-0.046322787952433254,-0.0527996236502483,0.06311854650090129,0.0532823419137092,-0.008998525374272022,-0.09334257234472902,0.027047931610975916,-0.26164137964531686,0.2884223249448103,-0.0446342610221653
0.4410584960255574,0.2990290347947608,0.4922384022230762,0.20013963983981592,1.341472377969904,0.34163245898684186,0.29086410543329116,0.1533241538071092,0.17962114956707062,0.2230292736434011,0.20765359543302825,0.33300873194358,0.1834769696009329,0.20234511093398608,0.29177282274603256,0.3006689931169191,0.23977351774881667,0.30058976726450587,-0.012066335722234514,0.29204863077685617,0.19293077068446324,0.19665335575625922,0.27228244137795743,0.16425049598105887,0.278633020116131,0.2614688409064825,0.10634426789382093,-0.015360463514382132,0.3340278314953628,0.02016945601876652,0.1976541469443821,0.2473167960838148,0.15047443596905338,0.32564185059240575,-0.13130766382567866,0.21915566652810348,0.12886600024660153,0.14666344127725317,0.254560207615341,0.15585827851038195,0.11112430993562301,0.12034710538571293,0.2252941704044669,0.059777689311815346,-0.18847796106510362,0.0873251509643692,0.14298734082583664,-0.044500421644729324,0.7081875783443671,-0.338203571544307,0.22796052431363423,-0.12701452216994835,0.11311220418715444,0.11691172295106393,-0.026812703454847927,0.06738333186129337,-0.2640045909410619,0.11775348956016202,0.08385386335703506
0.17510249509516462,0.8254927683816029,0.5747103909068815,0.24579621867277382,0.34163245898684186,1.2279887417844424,0.022264616624458305,0.18929059764647926,0.1217177692260861,0.12535430399331493,0.3486911132010636,0.30407887047383997,0.20547008143511888,0.3132811223012991,0.3045708708592937,0.26581830462021727,0.38592626971169486,0.35432794079225216,0.21584284536270962,0.4916160024110206,0.4260614035091629,0.2315582202078782,0.28997918923586935,0.35386947640415434,0.2941677686052242,0.1464046437158285,0.2030608078899441,0.26677162180340486,0.3718089143210046,0.34257199556913315,0.3197329466837534,0.3267306541643927,0.36380370621880204,0.3308138527627802,0.10364390760876933,0.20456713368303256,0.4739096558757193,0.26322198602383207,0.5915933126776276,0.32426722195069807,0.2747265105683274,0.13347764342296925,0.505525727761518,0.06708181105292216,0.04551104772489463,0.09932832518706747,0.5082312995555716,-0.021244265511372522,1.477172224142285,-0.07914350511934719,0.2280576737753067,-0.09833772782607926,-0.056323424757742574,0.07652069788035991,-0.19286988807692848,0.024691679948166716,-0.40033233816224334,0.3012696258835793,0.28206709450073914
0.5457155533069217,-0.03357422880016914,0.48603818658505904,0.30513634155076297,0.29086410543329116,0.022264616624458305,0.8266065824817137,0.08229556701755956,0.14053635598954867,0.21520501839950415,0.20508139173127587,0.29811340778259565,0.14892062719716992,0.07741190287272878,0.1579181238296525,0.2152905275375564,0.2864277437937323,0.1670563556888267,-0.024095086852183967,0.16526164211978792,0.1925324811742508,0.17231729479865895,0.12592762105117722,0.14981314735431644,0.1808733325453204,0.2883621609838342,0.16461525739112276,0.11961372462503013,0.1762489995504452,0.010605863461259133,0.17502793852002443,0.15577670919242878,0.2182326558146646,0.19952428789816537,0.09302175281247264,0.11220867059576146,0.11691426217817248,0.0986923479303815,0.18218636108148029,0.06535175517815826,0.05947081198592991,0.11228306226497692,0.17940813830960448,0.03409767444298386,-0.12403376695466628,0.0385824149949138,-0.07397320871327623,-0.020325095532709447,0.6038390616604561,-0.11127094449669915,0.03135086263118711,-0.09380018937086028,0.09823958403041498,0.06798968404159997,0.08000372891176212,0.10957035545290236,-0.06641108650705613,0.11108090813482685,-0.29295121526856455
0.029778397871539707,0.02904527517933437,0.31588660664423923,0.40218804790856455,0.1533241538071092,0.18929059764647926,0.08229556701755956,0.7425644986337616,0.07256171517278098,0.19573048115889746,0.22866282436876129,0.20286961988506338,0.1612668524433368,0.188833748867057,0.18812538381957,0.15224462590737245,0.2199768680907429,0.24837471721717178,0.1310172301946699,0.20954531998852136,0.19678961097034764,0.12086325834829009,0.22477494139119386,0.21276855783673265,0.25634347970405247,0.3301891145219277,0.22247450867046023,0.14882650913998124,0.2718830925385265,0.09458040424700496,0.18344743409930223,0.19051946895941846,0.15298188303213298,0.29367134849076004,0.2658983859410681,0.11107401751442524,0.17648137587032847,0.12562698603257705,0.2751445986293963,0.07100438389558272,0.07327613034127149,0.08617878690882022,0.3192029586125259,0.012907337311558652,0.026989668017924153,0.12169520674127483,0.25542793278843934,0.01498032100963813,0.5472626416989088,0.10301514546886037,-0.1003500244947212,0.10668063889607685,0.11722286576725625,-0.11906950443901072,-0.13032830713890292,-0.10038916998416186,-0.07108625374290946,0.3941865083050937,-0.14853104964638691
0.0875813182284784,0.05815004862741225,0.3210597402306785,0.15330460015889685,0.17962114956707062,0.1217177692260861,0.14053635598954867,0.07256171517278098,0.637811831172678,0.17101203862648137,0.15418952586459306,0.17472360711673196,0.1293430354389347,0.16592114318741435,0.07237340781530284,0.15848046699826351,0.15041311739714,0.1438401289885227,-0.06173534091460347,0.17804304706900398,0.1515410482318715,0.32758346233566904,0.21834454604586578,0.17895425852014732,0.14646773200612034,0.3482838592004093,0.12855016475173708,0.15217333447570638,0.1322527538071218,0.00030156347471287895,0.12370777799567088,0.18018960247988827,0.22678888235280883,0.1767297689688508,0.1372614153928488,0.07527987419615349,0.1585023813469813,0.10113958979067011,0.18574497488718653,0.040239610095581746,0.031025088946743332,0.11165438065466503,0.1846243394971215,0.023504119413530058,-0.03518935834964579,0.10866118334997414,0.11018928502091019,-0.02140062519438978,0.13771701228378733,-0.05719804656057013,-0.10344084614140865,-0.04538890777258434,0.11040846407261667,-0.0049608915140782715,0.0579603986583349,0.07556480190534261,-0.13248526507138172,-0.024853102151979833,-0.013579786495922975
0.226121216107653,0.09024274668512605,0.4148936637098683,0.2250272617138854,0.2230292736434011,0.12535430399331493,0.21520501839950415,0.19573048115889746,0.17101203862648137,0.6797833040685504,0.2127754286812536,0.2609188048251814,0.13179213903790454,0.15299729197011536,0.24642342043499657,0.1676897456025239,0.20957946536005995,0.19334340873494232,0.07251415878522395,0.11183889775103657,0.11394928483899325,0.16120814627306657,0.20393998469374955,0.13577872450341738,0.2215813223999565,0.2502755108775704,0.24739638394105834,0.12349537062793771,0.28802540697357504,0.04344856962866087,0.13109742811609315,0.18283249581279437,0.04216453191935339,0.3470172899622217,0.21878944125290417,0.1191798289619624,0.10661345016325269,0.0678891532480073,0.19904750677683564,0.041229063322356305,0.02894386490479637,0.11413755970620794,0.17482831566355236,0.016388527951570548,-0.046600109279785605,0.08958047244095603,0.12062414083868685,-0.01902302270490745,0.3236361666601809,-0.06762249321754671,0.026145914736267928,-0.011905545454647426,0.03765130952522523,0.030317753603974703,0.04966105326849135,0.0813334382895078,-0.06370438574261582,-0.02175561528496398,-0.08088778960646353
0.19679438309082817,0.22160676787916445,0.39877406363296936,0.23752612033985845,0.20765359543302825,0.3486911132010636,0.20508139173127587,0.22866282436876129,0.15418952586459306,0.2127754286812536,0.3819340789600769,0.23174228045089798,0.20840375009096018,0.18349481977994017,0.22455834605024533,0.18728056796024717,0.29859280936410637,0.22699463238011788,0.06630603645290065,0.3105805462179649,0.20379541570173304,0.17557147562206968,0.2204715165690294,0.22433390838622516,0.2300421883263412,0.20217817638450805,0.17278484486896536,0.19376378388004195,0.23117506936815974,0.14832635671217673,0.2000370294819169,0.18939350952844453,0.23999348308713095,0.23773981773858266,0.15863327386527226,0.13107287442369278,0.28022390029169664,0.1634030733924748,0.27693525878094427,0.1293433148935531,0.11093649391312145,0.12732659525785767,0.2935467001855234,0.029945162779813055,0.03139769516901323,0.10079874288707355,0.22263256786616104,-0.011352875792872169,0.4786573840253292,-0.01769477451049289,0.08134725846056821,-0.05060439124319023,0.03404546148636186,0.008284382276703252,-0.04845745636923349,0.009803960480086261,-0.16420177962199808,0.16610429025576046,0.005083009813599666
0.28545123546963164,0.20373370743855454,0.4986596525832248,0.3439772118541779,0.33300873194358,0.30407887047383997,0.29811340778259565,0.20286961988506338,0.17472360711673196,0.2609188048251814,0.23174228045089798,0.6187754592515756,0.1449912080306748,0.2606595290019502,0.3317813843564363,0.21997043827707788,0.29364150256007193,0.15716909940531631,0.04601373646603372,0.28316339857041256,0.22068370252147965,0.16729289546506612,0.18245747059245176,0.21134210818211968,0.29189137522563474,0.2791210952132222,0.2526793281505465,0.17392674149080772,0.20631383604763268,0.10289332213399259,0.23587423433978086,0.2769361327398904,0.21696643833445944,0.28915243902870946,0.25025673123200687,0.1547523614533604,0.17914067967580832,0.15688940549758396,0.2997460561544826,0.11994762853984084,0.12058122758576956,0.14678323238858065,0.2486970321846981,0.01740458901173276,-0.04605206109430674,0.11793144879662519,0.15112918991773386,-0.022661931163055326,0.9104831326631063,-0.17878860943673655,0.09482182125106942,-0.08222742842395446,0.07976238078655293,0.07112153082460511,-0.06426670588739508,0.0942230210893994,-0.2529837555641596,0.20435798225850538,-0.1683048703375991
0.13149887550012723,0.11838708534825228,0.2927802317213955,0.18306722603716544,0.1834769696009329,0.20547008143511888,0.14892062719716992,0.1612668524433368,0.1293430354389347,0.13179213903790454,0.20840375009096018,0.1449912080306748,0.35718280179513606,0.13136825327928972,0.11034586754004588,0.16001628147823038,0.15381790994096864,0.16764904759027735,0.05929447604906959,0.1827819556086525,0.11815902243565185,0.1656115598282987,0.1562470112169723,0.17073453618170348,0.15548858376329863,0.20517333239967012,0.10407723467097152,0.14410048707340004,0.18034293424808778,0.05185053158218793,0.12656473795288123,0.13316571609006336,0.19509657215877194,0.1750070922470618,0.10744170106492817,0.08900591118897513,0.1779979731067027,0.09083911890972242,0.17520328614352834,0.03543019625216904,0.034683070651084946,0.08832746172178078,0.18445035756049719,0.03478949259475343,-0.03923963936826297,0.06982235925737366,0.12706833745613622,-0.009522311166517566,0.24903553142226859,0.04397028749657744,0.01354106220514126,-0.04536955595532214,0.00409921628301159,-0.018312206128992023,0.01961653134719191,-0.032738316635775706,-0.10645065346652306,0.004875656257380684,0.09643273952086821
0.14409679076770304,0.20694729609831364,0.21972001064031785,0.35628853559869567,0.20234511093398608,0.3132811223012991,0.07741190287272878,0.188833748867057,0.16592114318741435,0.15299729197011536,0.18349481977994017,0.2606595290019502,0.13136825327928972,0.5643157841522722,0.38908595138559066,0.25915996691352033,0.233996519219723,0.1972555787887078,0.10549740889014146,0.35318958532369105,0.21858024945857824,0.2024836091178534,0.3076230617420828,0.3148757552258445,0.25193199129422805,0.12252335128929581,0.18968805611999418,0.2117531477700806,0.19926451408920381,0.27697411546078066,0.2319976118440983,0.48594375050322874,0.2447647026431243,0.29976917806571424,0.17254515889210556,0.1465294973532232,0.25430844511924766,0.21600608471616728,0.4327317207577296,0.2163104790502309,0.22290685809163255,0.14150490665882265,0.3962303166489991,0.031130176533660386,0.03170900512443256,0.07112416081217998,0.3120748262548326,-0.012904444208242888,1.0079225883666543,-0.09983453867923278,0.2750440498566028,-0.13037693917431778,0.03819441424456633,0.01245659470724344,-0.23622067117147275,0.07063426214745065,-0.35471666460425094,0.379807751893377,0.10046125983621285
0.21628331853153432,0.2986522448143374,0.40902942182698304,0.2957101070923997,0.29177282274603256,0.3045708708592937,0.1579181238296525,0.18812538381957,0.07237340781530284,0.24642342043499657,0.22455834605024533,0.3317813843564363,0.11034586754004588,0.38908595138559066,1.1276133494717437,0.15048314372914773,0.27466798841179313,0.36046360305748454,0.03597391013465889,0.4802209977111394,0.2848603004924412,0.051765938614901835,0.4301333407455433,0.3055745869562513,0.38318611189385043,0.05950052000797992,0.1739490993550369,0.3480825210418025,0.36384211351831725,0.5043179462171483,0.28355508116275246,0.3289042444708797,0.3284092574301101,0.3767241623853395,0.20137723076443861,0.21544564988553183,0.49086935010821786,0.2765692443062531,0.4086556230753248,0.23264285744131966,0.3587084481275174,0.26456474473277,0.5798495235623411,0.02270773638252421,0.12360850865761457,0.09139040041248249,0.44587982416202,0.002219811415451007,1.0479099912437857,0.03302411842665487,0.1653973783232629,0.04881883605080252,-0.12811757427770684,-0.0033019959459490576,-0.17717451180226254,0.16832521634449849,-0.49358473377751844,0.440017147245316,0.03994766075499248
0.17306919668113405,0.15276828345841548,0.27155170586705,0.311869753870604,0.3006689931169191,0.26581830462021727,0.2152905275375564,0.15224462590737245,0.15848046699826351,0.1676897456025239,0.18728056796024717,0.21997043827707788,0.16001628147823038,0.25915996691352033,0.15048314372914773,0.6069060724580176,0.22907065846944763,0.20656468998618047,0.07873100692021803,0.24955444655675296,0.1619171779803371,0.33450457329875694,0.25780532908933007,0.22413574895177832,0.19031033538034225,0.20937627609612172,0.15242971070921418,0.18214934784132206,0.1590853569755109,0.11002378990882686,0.16391260862965545,0.23805451582728493,0.16971849197596758,0.274623340145405,0.24494226029150465,0.048754263759971495,0.24419012511549493,0.13240051103856199,0.32328587114637547,0.16459847344929918,0.027808554716864203,0.12219006458627148,0.3452410236806939,0.03927823357620943,0.05568203931028932,0.05177073476391859,0.19293587304799284,-0.012659129305701974,0.5586905433042455,-0.24274673578205172,0.05846419397739998,-0.10549082456560172,0.07232471396511927,0.08255180238126049,-0.06531144935364218,0.03861976999694979,-0.24609354477314882,0.1864747976233232,0.05110424069384436
0.2844637100632401,0.34733626235409504,0.4947040442562218,0.26331942796896973,0.23977351774881667,0.38592626971169486,0.2864277437937323,0.2199768680907429,0.15041311739714,0.20957946536005995,0.29859280936410637,0.29364150256007193,0.15381790994096864,0.233996519219723,0.27466798841179313,0.22907065846944763,0.7271576926054296,0.26550124134533515,0.10969098872342709,0.41981488197602435,0.25790115258695206,0.22859161376168224,0.2804141821252964,0.2870201036812749,0.23959301270490532,0.07451224322523518,0.22660817297511365,0.29191233806300193,0.13071625697367764,0.22798478742630512,0.25761891687617083,0.22117847124688841,0.36918026653562963,0.23760231231853218,0.1721820703504078,0.06758464136201085,0.4351204142886068,0.22352523438398827,0.42436309976518205,0.30453208591384806,0.16819802135979442,0.14919483824421326,0.3874454544064456,0.019554581221408834,0.11663578452436822,0.0767472154874897,0.28253173686172717,-0.002977470464943016,0.9555576672230672,-0.01763266905705341,0.5390535863032332,-0.23364027700301115,-0.03844510542291942,0.04552571556826788,-0.06385007663346405,0.02338733878904446,-0.21651408174479084,0.245837267008946,0.06921811144184445
0.20966108740663852,0.509188553562665,0.42080463195927204,0.25709888493058547,0.30058976726450587,0.35432794079225216,0.1670563556888267,0.24837471721717178,0.1438401289885227,0.19334340873494232,0.22699463238011788,0.15716909940531631,0.16764904759027735,0.1972555787887078,0.36046360305748454,0.20656468998618047,0.26550124134533515,0.7946267974934974,-0.011932439569586216,0.27649268391638315,0.31440347068036983,0.19927909982076866,0.6225899904284907,0.23917013843478654,0.28170943661511155,0.28675210817668967,-0.022047493698750868,0.29117039280037416,0.32339889408328026,0.19542433545188478,0.24337188666314538,0.18603616243584087,0.2943623572850665,0.3105274069819361,0.12563590954219578,0.09929197185613681,0.4089131635855268,0.1525167034131979,0.5208187169191831,0.29226726678549425,0.06876138621884678,0.11497458639443701,0.5363857635635436,0.053201287787456794,0.3246995967049516,-8.628707289603889e-5,0.4955990675355834,0.01330561263866992,0.6415523405213827,0.05248300758881895,0.4579694471875788,-0.10925885353660711,-0.1609055431204959,-0.035323989551568916,-0.08819747192110547,0.027172450238497146,-0.23882277553219275,0.29814749540593116,0.029733223762053736
0.08252036936653256,-0.19262979821204285,0.29660720658177253,-0.019148162029080137,-0.012066335722234514,0.21584284536270962,-0.024095086852183967,0.1310172301946699,-0.06173534091460347,0.07251415878522395,0.06630603645290065,0.04601373646603372,0.05929447604906959,0.10549740889014146,0.03597391013465889,0.07873100692021803,0.10969098872342709,-0.011932439569586216,1.14412231427532,-0.13879882346317718,0.2081882081550618,0.10789347087067917,-0.21777778801623685,0.13899567794820883,-0.005452032250626404,-0.16827786905337344,0.24116162748968953,0.15990880960028148,-0.06715712533365703,0.21257289760803288,0.18286435299841014,0.07346589376946913,0.21510986340550367,-0.006184862005429217,0.06678064989720886,0.21692530529495233,0.09022156906775153,-0.0007335562610642401,0.29795787249872263,0.07910972637507602,0.22791151628105355,0.09125099974604013,0.02107566835442414,-0.01527312255507646,-0.10635288864940434,0.048099551529307706,0.0702355801636819,0.021098188246704452,0.4845266771894715,0.3059652183959959,0.13601283464729305,-0.07586574117283397,-0.13372333259746527,-0.0805371652597206,-0.13946548705352657,-0.011585933185380377,-0.0425994448439018,0.15972598073537134,0.028505504313703092
0.1755895100292476,0.46255610807499087,0.36783339627176087,0.30251770596565924,0.29204863077685617,0.4916160024110206,0.16526164211978792,0.20954531998852136,0.17804304706900398,0.11183889775103657,0.3105805462179649,0.28316339857041256,0.1827819556086525,0.35318958532369105,0.4802209977111394,0.24955444655675296,0.41981488197602435,0.27649268391638315,-0.13879882346317718,1.2254619024711106,0.20032095501371674,0.18980016736238145,0.5770911424378992,0.42331560616206193,0.3908409100143853,0.12524574979008166,0.04199320431758345,0.38142713583735727,0.2839974589996426,0.5841874737881331,0.2732845169615722,0.3132772077936842,0.5139966323159639,0.35061491597011923,0.19302863446582316,-0.008071138947689252,0.889767272265377,0.5322864375314105,0.584044467209818,0.4257848318704911,0.2575812260345253,0.2259115177936828,0.9425599894843534,0.05267583970196385,0.5130629006279823,0.15715170373256013,0.43936611070638526,0.03613921597212445,1.557209824884421,-0.18483558467661226,0.21195425811304267,-0.06321522305819322,0.04082975010031528,0.05638522385493008,-0.0344754314863155,0.05107944269902762,-0.4027991443608266,0.37430502512691427,0.09832652881066677
0.22148630533308078,0.37601952002137434,0.453886285188749,0.2115503860696843,0.19293077068446324,0.4260614035091629,0.1925324811742508,0.19678961097034764,0.1515410482318715,0.11394928483899325,0.20379541570173304,0.22068370252147965,0.11815902243565185,0.21858024945857824,0.2848603004924412,0.1619171779803371,0.25790115258695206,0.31440347068036983,0.2081882081550618,0.20032095501371674,0.6961622915807395,0.1592705424487484,0.3559166181824604,0.26757472700230567,0.22512226965374463,0.0824482997826717,0.169112253602797,0.3111920831014631,0.18393154234135198,0.4253794734180262,0.3380737815168277,0.1993595327064151,0.44303546384300635,0.18073680603651354,0.1888575888505623,0.28195803953271587,0.37859278237260163,0.16191282364147133,0.6626989758654338,0.40606754596324673,0.3933705495794328,0.21932567634677222,0.4007598853059218,0.0682656269172293,0.04883250057158871,0.034895323021662594,0.41932379395522623,-0.009627915418527375,1.3180334210645186,-0.013891807921677272,0.2579391451373469,-0.16583454947875764,0.02821325313246429,0.004191899810853624,-0.12802423571230356,0.04697233268152579,-0.2788598652281273,0.2646806082272857,0.09952169079260742
0.14502444414974966,0.10351917351491968,0.3207388250114932,0.20531077261802497,0.19665335575625922,0.2315582202078782,0.17231729479865895,0.12086325834829009,0.32758346233566904,0.16120814627306657,0.17557147562206968,0.16729289546506612,0.1656115598282987,0.2024836091178534,0.051765938614901835,0.33450457329875694,0.22859161376168224,0.19927909982076866,0.10789347087067917,0.18980016736238145,0.1592705424487484,0.7987595856057735,0.33716956339922566,0.2036829368287574,0.19660588051052033,0.2541236663151549,0.10630817853366156,0.15592521711331514,0.12495129710704135,0.03299939145452255,0.11617380037034776,0.1857480982832378,0.2206047519800822,0.22028203415282907,0.18416512864607645,-0.008672759471807122,0.21389429263177628,0.08915035464576385,0.3207457889725708,0.14942903827973558,-0.0073644660085722055,0.13657274603371172,0.2278297761230572,0.034753634267033276,-0.035655367187503714,0.06141699568067448,0.1631006343822448,0.005060545504623543,0.44991787084998186,-0.1478950882783797,0.03427772147403223,-0.22553451546459102,0.10200888212098534,0.03446967112316833,0.0012464412583202817,0.028366068526457726,-0.15928692120186988,0.05499835611006333,0.0538204889451726
0.0555548573879457,0.2604602572859752,0.3203486271735796,0.3326323676807883,0.27228244137795743,0.28997918923586935,0.12592762105117722,0.22477494139119386,0.21834454604586578,0.20393998469374955,0.2204715165690294,0.18245747059245176,0.1562470112169723,0.3076230617420828,0.4301333407455433,0.25780532908933007,0.2804141821252964,0.6225899904284907,-0.21777778801623685,0.5770911424378992,0.3559166181824604,0.33716956339922566,2.1428488082856436,0.6410425024851124,0.4128596578404434,-0.062579890557643,-0.0845176866609853,0.47090235361584687,0.5763455881328575,0.7447162749678552,0.06452484406877271,0.20914395553211343,0.674873389423039,0.5591603323215796,0.31156356286149195,-0.14272941189355987,1.0206880399128904,0.26023335068305314,1.0829855094017946,0.5585946346141173,0.12435439220663207,0.3146981707621989,0.9121305154405926,0.11659979792911881,0.3381193016387362,0.02008893321316928,0.7725662944096197,0.10334420035673653,1.64757746689285,0.18781206765548047,0.04350269393331258,-0.16590594803184958,0.13224613392109916,-0.013082163883862234,0.03983481978957634,0.01201157284547036,-0.362736574600649,0.22159823096417255,0.22439982360743377
0.0852322668902058,0.21129295268459566,0.36029796400516867,0.2867664210529781,0.16425049598105887,0.35386947640415434,0.14981314735431644,0.21276855783673265,0.17895425852014732,0.13577872450341738,0.22433390838622516,0.21134210818211968,0.17073453618170348,0.3148757552258445,0.3055745869562513,0.22413574895177832,0.2870201036812749,0.23917013843478654,0.13899567794820883,0.42331560616206193,0.26757472700230567,0.2036829368287574,0.6410425024851124,0.9735200903227865,0.21764012753848802,-0.1817465922431461,0.3137602558784842,0.5368286947812076,0.1439840593002048,0.7297189020980017,0.3378735725894303,0.28973505467997024,0.8490149273022389,0.2762250981715878,0.3486195459979252,0.19362345160132705,0.7043523347703815,0.30195748184603266,0.42632913992228905,0.19048901493478793,0.44120516647126673,0.33442852462030576,0.4577733494784073,0.04810279473688702,-0.15431416152483177,0.02333546942545981,0.5581022557802462,0.01665666963213822,1.2548214843171592,-0.025138542914799014,0.20346368387365907,-0.19291162495090095,0.1374274835402384,-0.015108999238371562,-0.12220176632812249,-0.0767143187372243,-0.2412459615931399,0.2620288431657173,0.1911362884869414
0.1846153033059181,0.18867062717347582,0.3648915098108094,0.2901478540457338,0.278633020116131,0.2941677686052242,0.1808733325453204,0.25634347970405247,0.14646773200612034,0.2215813223999565,0.2300421883263412,0.29189137522563474,0.15548858376329863,0.25193199129422805,0.38318611189385043,0.19031033538034225,0.23959301270490532,0.28170943661511155,-0.005452032250626404,0.3908409100143853,0.22512226965374463,0.19660588051052033,0.4128596578404434,0.21764012753848802,1.3105888148142224,0.21643982167005815,0.054730284126279234,0.16142388772811264,0.7433571240833878,0.39378531289279994,0.34022998461701964,0.23405792451979698,0.107840745764427,0.455181203962074,0.24068665933209568,0.326016270337816,0.33362267118822125,0.20522384146579262,0.37913524935485293,0.1862985181009385,0.15533760725094434,0.15327107482518007,0.5681131191874084,0.04672269451672169,0.16009197521843307,0.030049020723764665,0.36122246286019666,-0.06788369625178817,0.6603259199722702,-0.1754398380548206,-0.30469603868456857,-0.015966553306257267,0.1055493059062199,0.07826943864415804,-0.02336663473920438,0.023493898115916918,-0.2602830555562987,0.2702733645912855,-0.03205505518832315
0.25580244521481277,-0.018029206216665764,0.4609157627222285,0.27500508085788583,0.2614688409064825,0.1464046437158285,0.2883621609838342,0.3301891145219277,0.3482838592004093,0.2502755108775704,0.20217817638450805,0.2791210952132222,0.20517333239967012,0.12252335128929581,0.05950052000797992,0.20937627609612172,0.07451224322523518,0.28675210817668967,-0.16827786905337344,0.12524574979008166,0.0824482997826717,0.2541236663151549,-0.062579890557643,-0.1817465922431461,0.21643982167005815,2.5922871830328282,0.3410263187170259,0.23413232917813404,0.22182968686104726,-1.1134195975242682,0.15950453875195847,0.20204959263580233,-0.12243736932022288,0.31021625690903165,0.39055831150337134,0.08318268661476717,-0.3912175852071943,0.018859382164975864,0.147136172108074,-0.12823644811977097,-0.29440306863060817,0.04658949848975675,0.28913478614643084,-0.011343083773768692,-0.0043075063152465815,0.15580350890737105,-0.3709862702771116,-0.03479017601987877,-0.035258912226438684,0.4769396715485068,-1.0066347790048802,0.3557125936336202,-0.22959750650533417,-0.05847932607910611,0.10856651759882988,0.03962445858076527,-0.06018612459844685,0.00627638700010799,-0.1704802026374023
0.36516183387379464,0.5231057139872873,0.5167761659377222,0.026246612862178102,0.10634426789382093,0.2030608078899441,0.16461525739112276,0.22247450867046023,0.12855016475173708,0.24739638394105834,0.17278484486896536,0.2526793281505465,0.10407723467097152,0.18968805611999418,0.1739490993550369,0.15242971070921418,0.22660817297511365,-0.022047493698750868,0.24116162748968953,0.04199320431758345,0.169112253602797,0.10630817853366156,-0.0845176866609853,0.3137602558784842,0.054730284126279234,0.3410263187170259,2.829248593313412,0.6539282591587054,-0.47239418825076684,0.3138699264828155,0.5192285712738661,0.21756047065906045,0.5040004646912366,0.08514574705973885,0.6679552098489174,0.5796325309248044,0.26683918486167485,0.1961009135704982,0.0571096987573923,0.23279890250951027,0.5547409895733285,0.46731564785920665,0.23448859053472748,-0.15777500825189056,-0.4021449736384959,0.9179147583212938,0.28074186334910967,-0.17758352384090734,0.6801446871704113,-0.09775915601697359,0.31479047696832313,0.00013376227097042234,0.06103962560523341,-0.0005840687369250904,-0.15119776559071896,0.1533845277383774,-0.0010796193167512404,0.41096812768758023,-0.38723117256768264
0.19832144554337947,0.4117088374898792,0.474483490532801,0.0374360633536285,-0.015360463514382132,0.26677162180340486,0.11961372462503013,0.14882650913998124,0.15217333447570638,0.12349537062793771,0.19376378388004195,0.17392674149080772,0.14410048707340004,0.2117531477700806,0.3480825210418025,0.18214934784132206,0.29191233806300193,0.29117039280037416,0.15990880960028148,0.38142713583735727,0.3111920831014631,0.15592521711331514,0.47090235361584687,0.5368286947812076,0.16142388772811264,0.23413232917813404,0.6539282591587054,1.6344924364050486,-0.2407880876584882,0.5282079671632904,0.43402178285147613,0.21128542294143213,1.1268093351409616,0.1200357985872886,0.8913123140834648,0.03245572050289825,0.9588896508617012,0.27878450771023744,0.5689149195640261,0.21802572674626272,0.3980343113598039,0.5186157793502968,0.43703143781669995,-0.05506700693301018,-0.06505616990571844,-0.10257874505943966,0.5051489536404559,0.09143226124232919,1.5171341272073617,0.3514702323492923,0.07037680886700061,0.2949164209495738,-0.5080586863544847,-0.03186317248042557,-0.16257867060957207,0.07158658764623003,-0.1991032537284461,0.1962416170419997,0.09381504266738407
0.00969966266294714,0.028192271773668297,0.33817552131231826,0.41026585726763276,0.3340278314953628,0.3718089143210046,0.1762489995504452,0.2718830925385265,0.1322527538071218,0.28802540697357504,0.23117506936815974,0.20631383604763268,0.18034293424808778,0.19926451408920381,0.36384211351831725,0.1590853569755109,0.13071625697367764,0.32339889408328026,-0.06715712533365703,0.2839974589996426,0.18393154234135198,0.12495129710704135,0.5763455881328575,0.1439840593002048,0.7433571240833878,0.22182968686104726,-0.47239418825076684,-0.2407880876584882,2.7778544583480196,0.2839581918318999,-0.10345514286781833,0.24420130804210188,-0.4393059495975205,0.8750537487917432,-0.13589180115971553,0.2970196940734838,0.1719952952080326,0.05455401318867168,0.38528327707217336,-0.1301766111232088,-0.2812846552906904,-0.15472535810837243,0.4389348686681659,0.0395293113338763,0.20329996221482904,-0.14165947739487836,0.32403253180181235,-0.10717963104912533,0.030715501591568505,0.7160883211498124,-1.5193659255597771,0.5286516298759408,-0.1843346766634069,-0.015269847567918436,0.08911575208271258,-0.07498195882317087,-0.28107919447462376,0.1317945307283732,0.12773854501738202
0.1880513255631162,0.38270750970975015,0.2819445252412523,0.0239919098815566,0.02016945601876652,0.34257199556913315,0.010605863461259133,0.09458040424700496,0.00030156347471287895,0.04344856962866087,0.14832635671217673,0.10289332213399259,0.05185053158218793,0.27697411546078066,0.5043179462171483,0.11002378990882686,0.22798478742630512,0.19542433545188478,0.21257289760803288,0.5841874737881331,0.4253794734180262,0.03299939145452255,0.7447162749678552,0.7297189020980017,0.39378531289279994,-1.1134195975242682,0.3138699264828155,0.5282079671632904,0.2839581918318999,2.906626336675102,0.30386882774647783,0.13703017403718115,0.7447426674247178,-0.03259716750992648,0.5279591113378947,0.509602010030397,1.1787283917397111,0.505912494426047,0.2554627630650081,0.8009582338627214,1.2782737866030298,0.6723466716077419,1.4465808263898419,0.22165804623756316,0.40903719114838577,-0.1620681363140607,1.5509752202088207,0.08370284210817454,1.7768483053352837,-0.11981029901867422,0.3829388523454162,-0.5551184819895317,0.30164222962598924,0.06815364985828294,-0.004813614040508173,0.08126874814153076,-0.4290745276753349,0.6946353747074495,-0.0916664236345071
0.22240867588544444,0.3208947660911188,0.3799488349484523,0.19318702798384624,0.1976541469443821,0.3197329466837534,0.17502793852002443,0.18344743409930223,0.12370777799567088,0.13109742811609315,0.2000370294819169,0.23587423433978086,0.12656473795288123,0.2319976118440983,0.28355508116275246,0.16391260862965545,0.25761891687617083,0.24337188666314538,0.18286435299841014,0.2732845169615722,0.3380737815168277,0.11617380037034776,0.06452484406877271,0.3378735725894303,0.34022998461701964,0.15950453875195847,0.5192285712738661,0.43402178285147613,-0.10345514286781833,0.30386882774647783,0.9849131158737955,0.25498792235067663,0.5233927032657114,0.1738608114331124,0.2134351660127753,0.6785341065193439,0.40677465990070616,0.2787965376220131,0.38602848487195246,0.13260706660415078,0.5423532986902129,0.2550654671499032,0.2781917836857468,0.043304392467568,-0.15403363001729883,0.07747182266122532,0.2998850007830877,-0.07983946890459825,0.8189460784410503,-0.04001050212518673,0.2618378069399686,-0.024957439723595203,-0.09168059026019679,0.002760436429034374,-0.1358616440849509,0.047709855715522505,-0.1407826824924127,0.20816629135437453,-0.012138956001539365
0.16090561449099486,0.2566096573310301,0.2421944529693604,0.3735816156973149,0.2473167960838148,0.3267306541643927,0.15577670919242878,0.19051946895941846,0.18018960247988827,0.18283249581279437,0.18939350952844453,0.2769361327398904,0.13316571609006336,0.48594375050322874,0.3289042444708797,0.23805451582728493,0.22117847124688841,0.18603616243584087,0.07346589376946913,0.3132772077936842,0.1993595327064151,0.1857480982832378,0.20914395553211343,0.28973505467997024,0.23405792451979698,0.20204959263580233,0.21756047065906045,0.21128542294143213,0.24420130804210188,0.13703017403718115,0.25498792235067663,0.6365587179004649,0.14758284177429387,0.3596656587449244,0.12758229875571836,0.18293450228185443,0.11393677607683357,0.20249490510969054,0.44908373133600726,0.1740599851604218,0.18035890444751837,0.09821160857474422,0.3168192182182622,0.03386405477626419,-0.0347485654933789,0.004538561629937664,0.20356141859567764,-0.0234444337118117,0.9846025003198823,-0.13782761515070016,0.3869712493440573,0.05419492028766723,-0.22743729744614427,0.03951905838940312,-0.2229234406063021,0.08158711537335561,-0.29996597173612866,0.319283745973512,0.04979743178668026
0.29438867332404695,0.3402199796209263,0.5561489768588196,0.152811177667181,0.15047443596905338,0.36380370621880204,0.2182326558146646,0.15298188303213298,0.22678888235280883,0.04216453191935339,0.23999348308713095,0.21696643833445944,0.19509657215877194,0.2447647026431243,0.3284092574301101,0.16971849197596758,0.36918026653562963,0.2943623572850665,0.21510986340550367,0.5139966323159639,0.44303546384300635,0.2206047519800822,0.674873389423039,0.8490149273022389,0.107840745764427,-0.12243736932022288,0.5040004646912366,1.1268093351409616,-0.4393059495975205,0.7447426674247178,0.5233927032657114,0.14758284177429387,2.3841570352421746,-0.17468125474192028,0.21025491487510084,0.04968746729829669,1.2581019343454163,0.4163272882056509,0.5552421470447227,0.1382079832537522,0.7265675958203756,0.5165706675380015,0.3999925384372782,-0.019261418558433663,-0.7292200109676193,0.07079573062047739,0.6198700496298922,0.01675116219132913,2.337637041487854,0.1280883064214122,0.31552220053985913,-0.4464368983727022,0.24182912557859193,-0.09201482476246298,-0.0723563373752036,0.011133090817678264,-0.2764977967468148,0.16993029221080108,0.2710562948987745
-0.1393382893122656,0.10814187291179371,0.28217769525728353,0.47625853489836584,0.32564185059240575,0.3308138527627802,0.19952428789816537,0.29367134849076004,0.1767297689688508,0.3470172899622217,0.23773981773858266,0.28915243902870946,0.1750070922470618,0.29976917806571424,0.3767241623853395,0.274623340145405,0.23760231231853218,0.3105274069819361,-0.006184862005429217,0.35061491597011923,0.18073680603651354,0.22028203415282907,0.5591603323215796,0.2762250981715878,0.455181203962074,0.31021625690903165,0.08514574705973885,0.1200357985872886,0.8750537487917432,-0.03259716750992648,0.1738608114331124,0.3596656587449244,-0.17468125474192028,1.3854096124101578,0.25830946410750977,0.11126113567099923,0.6017203638848223,0.18262722387373226,0.5235868962713542,-0.17270474195447794,-0.11170123383694792,0.18465832772089885,0.681325926017528,0.06837010307872787,0.14722433500543927,-0.15029537340603918,0.18442994657796558,0.009887167732566544,0.5592137406443501,0.11751928612367354,-0.3949202740587445,0.22082813135155435,-0.10382381967674245,0.022702283629624287,-0.09036773028916427,0.07224260303863361,-0.3533182846142473,0.21354664388214675,0.0862819269204003
