0.7924075600428815,0.28342441538317104,0.37832450460447287,0.015725995468441337,0.12241512942682296,0.13700333022787847,0.24131902811067887,0.06265445323485454,0.15385463155555476,0.15940038751120406,0.12765984199045136,0.18836710243920574,0.11876356370922737,0.14270529187264164,0.135713834779903,0.10444895203223435,0.08981558363683566,0.14929757851314382,0.07747657292036977,0.08609716120206348,0.16359229836068498,0.1239728946536274,0.09117833954616061,0.07360115670037747,0.1256414749127061,0.12420582112031411,0.11010850399591202,0.08340626367291704,0.17396187205937333,0.1177348980722338,0.11460992162975485,0.14683995761418378,0.028638400609619977,-0.03173556133602994,0.1323578797262746,0.23690434736590998,-0.007996510519178268,0.07204497896743282,0.14781370750685205,0.07793057209634237,0.08332459896376353,0.09658882836637792,0.05922986308537873,-0.003858341354300231,0.22599852421823705,0.15132797169819037,0.1439289386588454,-0.03571258572396257,-0.1761752999021286,-0.006768862999936615,0.007382412050641412,0.0082697354474012,-0.00034829416096413023,-0.006988314132687606,0.22523825451557145,-0.045545591946666394,0.16066526442777365,-0.0885917915880755,-0.24145889301265502
0.28342441538317104,3.0854762877112916,0.3271033088031866,-0.045797605645686926,0.37170896571558604,0.39339840915225754,0.2805264393079965,0.31766289110749507,0.3486028264499986,0.2706800427908238,0.3499199284123075,0.28820163096239604,0.3137624948150196,0.180542688281033,0.4592834991964135,0.14777902245776678,0.22280485698299277,0.3243790630203573,-0.12035632298474506,0.07712002538645961,0.5510674706003678,0.19696990432964662,-0.26698753962639105,-0.05857958294449946,0.13017341328866705,0.40307043338346527,0.22165154588833075,0.28129518814893056,0.2296232060756303,-0.007070043002149083,0.21378423806699667,0.23267647137611536,-0.20254065581020436,0.31201882293278554,0.37354865351447736,0.12796274369054134,0.1107210224930921,0.04356581273177855,0.06933167204904023,0.1608710038907347,0.1734778717463231,0.1284893756337542,0.06028249727884527,0.023386774437425078,0.12365201564961222,0.09043808786004219,0.142806565548521,-0.009000503092058632,0.021352583589975948,-0.08892610827452221,0.20619994026282987,0.28200895073232035,-0.379792419248628,-0.02995615691693064,-0.6494009902158763,0.1994155228206195,0.022972355073246586,0.5388670370103428,-0.29367710175075135
0.37832450460447287,0.3271033088031866,2.3644429578911113,0.34218176807076456,0.13663283555308,0.5798194426924514,0.2624783782278161,0.6476864934000017,0.4540347284429408,0.4195976691170524,0.43411598574892224,0.24609724492106483,0.4315242791290709,0.2686462937669376,0.44655501413616583,0.19340288897843774,0.36970332874682577,0.3848525841370212,0.3038091515955947,0.5061743607199948,0.23176353837542735,0.347815830917043,0.34858789142140706,0.36903099776258025,0.32812259420429213,0.6390788040056119,0.29143382774597976,0.3519395909906967,0.7810017368817258,0.0820151394021305,0.2721761773853057,0.31943773033238876,0.21492027400721653,0.6485900597080856,0.3898767914995533,0.6888115219448342,0.6271911154341238,0.3359568532243809,0.13117809279013798,0.06314929040420615,0.3032757924165451,0.3156561588351481,0.25974602097710126,0.024682672512115266,0.7209687872467804,0.5914203473737217,0.2771968109847958,-0.10189737279721833,-0.4998916608333281,0.14106688111439647,0.02460558739913784,0.2505362553225438,-0.14194241943653402,-0.18899060338934887,0.27507230666007076,-0.25034975566116136,0.0392208472535833,-0.3973232122007056,0.3601118790437052
0.015725995468441337,-0.045797605645686926,0.34218176807076456,2.0271143630616475,0.46495896307953194,0.5173371107341658,0.4834362957392896,0.5118056478978952,0.27316676705602705,0.3650640973263555,0.4332476457765078,0.542933665425531,0.44651098438131415,0.5348423647194566,0.293788800229225,0.5199254619296297,0.45235313341715216,0.4026800814020429,0.10222207400870309,0.4099923533333349,0.2504957773368133,0.41602818459214563,0.5130787599325219,0.539503186865084,0.37906370871977557,0.4499965098318358,0.38044138635415314,0.16550470223939676,0.5082845165081775,0.34080773885279986,0.3156779446865737,0.5275897742377033,0.4134611834314918,0.5716081539689143,-0.12306784951659243,0.5043916214465508,0.33918914981210885,0.2687331735824401,0.36399662635768565,0.1545132584608051,0.41727962029050986,0.3269451643954653,0.47702846646915065,0.13619734836069472,0.2441827663818157,0.41626377983543467,0.41981579444509276,-0.04996680732487302,0.4549770556046695,0.12216801949799695,-0.04021184404342179,0.19154994575744544,-0.0853112115750351,-0.22286648999570377,-0.3826028458971428,-0.15591268973829187,0.1879516868292041,0.41709400267883145,-0.38256773396757937
0.12241512942682296,0.37170896571558604,0.13663283555308,0.46495896307953194,1.3646852831605403,0.7949502619564057,0.29597471328575153,0.6355895445749421,0.31405603697631346,0.35436338275187484,0.4679414100544784,0.41622198191258336,0.4546325717111227,0.325714423677262,0.38844915035176536,0.3767616654074075,0.312925708687648,0.351667789137155,0.22903718627214822,0.39603795377283296,0.1307848218295044,0.30884305499561726,0.39166990324293965,0.3333987594658169,0.3629117425861545,0.5698254237843017,0.3272449443942142,0.03574945991703741,0.5373338572267344,0.1152955719281178,0.23421591760963517,0.3408080210240684,0.17679319921169923,0.6206226765624483,0.04066603897806413,0.36845198122240286,0.40859768440822336,0.22770553886613912,0.14788845481865429,0.16141250215687183,0.3009539768595967,0.3627629125385346,0.2737694031541909,0.056103583644386064,0.34822505982256874,0.26922411740735913,0.2585383006355576,-0.04952559697947264,0.23344825737884228,-0.17240683591384642,0.07677958258711585,-0.09149576155634251,0.1983527414367666,0.005596301052416634,-0.13082824319761943,-0.12888595986585208,-0.03394241586943648,0.11620246843549967,0.1183828177687272
0.13700333022787847,0.39339840915225754,0.5798194426924514,0.5173371107341658,0.7949502619564057,1.0797157478880086,0.244948335591003,0.7351672963866228,0.3781307665230092,0.38627852487239206,0.5341075428138033,0.4195897194301713,0.49995316973215054,0.35298273775083744,0.4628832390099081,0.3666322773239528,0.4400685372121264,0.3831902400234952,0.28291374390942875,0.47782745678907995,0.23241016753264146,0.3606828733570924,0.3243855911116149,0.3531143568092318,0.38312038727013314,0.6459876802422868,0.3765666036573375,0.2696515266192132,0.6232106403231241,0.15607799378713372,0.2980736031138162,0.4181981430199189,0.12785176705511636,0.650983225235446,0.27804402928045374,0.4204577013187354,0.430076948396507,0.2783989263361471,0.25345957833238886,0.15464606646085646,0.2880799807788923,0.37517342988766583,0.33267572115891125,0.07320712973064739,0.42711738579159225,0.27697891188135326,0.2890419217126414,-0.057455637136710654,0.3522669440148389,0.24797870832786317,-0.2788561066119341,0.22606188566026308,-0.24384364234706632,-0.0037107319188017748,-0.14930790375659758,-0.13674206521111038,0.04837649196943919,0.1609770158903999,0.007340687556241314
0.24131902811067887,0.2805264393079965,0.2624783782278161,0.4834362957392896,0.29597471328575153,0.244948335591003,0.7254572521545193,0.18964240217867984,0.2826859578445366,0.20095989741881756,0.27786978729804934,0.43298952533790624,0.2633927802914456,0.1990053037291063,0.11263237837006368,0.2546859347208578,0.2553644326642343,0.24328187077348784,0.05741576947855648,0.1839081778168804,0.19531922467916138,0.2683189710942753,0.253251549405901,0.20324940121680643,0.24988414376840704,0.2848156517835002,0.23177160536546282,0.10191661099359828,0.29999959384020364,0.12275321764374557,0.173915511976394,0.23528150872682171,0.12623783280752582,0.32524927017647165,0.13059049318818183,0.2963845458222253,0.1471786033406121,0.12201862117693466,0.228815367494524,0.12028465336412347,0.13242008630124058,0.1820340102981388,0.20755373361508683,0.04021959101904315,0.29597189959509235,0.20808434059882724,0.20124327935868294,-0.03507137625161088,0.09541895270010402,-0.08050525391140906,0.00734806058249291,0.05511415480484083,0.03176221493248923,-0.10241563143347474,0.03350209577221712,0.013225120555341559,0.038447972608335414,0.0329348464656564,-0.2861041250085366
0.06265445323485454,0.31766289110749507,0.6476864934000017,0.5118056478978952,0.6355895445749421,0.7351672963866228,0.18964240217867984,1.1556274083977645,0.28695044240117784,0.42470367852780516,0.5289025654145626,0.10612717802778016,0.5508085463885831,0.31522981260682353,0.41170228504414697,0.313216482241894,0.43761531542936305,0.3759997995179541,0.2401132444034939,0.4557344158794303,0.1253211557989993,0.3319816507475963,0.3501867964284307,0.37949229494469133,0.36214128088278974,0.7055616651967065,0.3329709497396964,0.2839502010123022,0.6453755114948698,0.29407818009108005,0.2740994282091405,0.3462292555513756,0.14788728736470558,0.649719979654088,0.3661235018046929,0.502045908629826,0.5834275986325225,0.2641897090330188,0.2083464924602163,0.17430260244576412,0.421403773862054,0.3670526860489089,0.3536553743491652,0.07178037726609322,0.4054210102379173,0.40397050714184796,0.3504505554402182,-0.05794575905556154,0.26036313726726934,0.24743440356437618,-0.05768127950779406,0.13107792554288836,-0.1017598218244729,-0.1117875323146968,-0.10266183607945388,-0.23465928777972547,0.023258753120170794,0.16538486482059633,0.16733124885124814
0.15385463155555476,0.3486028264499986,0.4540347284429408,0.27316676705602705,0.31405603697631346,0.3781307665230092,0.2826859578445366,0.28695044240117784,0.6658889244409149,0.2537548952954717,0.3292193943721015,0.27685513653269156,0.31016361919203234,0.24635003398300212,0.20756417834368512,0.2199989588888791,0.29814341808318384,0.28415114751892095,0.11945375365416443,0.18767221940234483,0.26314697791835573,0.35410871465614874,0.25683873312091315,0.22417232232204828,0.22693773178867982,0.5005023908551461,0.2281305263221785,0.21804869983446556,0.37540539590821465,0.12702173175295683,0.2214103266447963,0.2878427574927245,0.12487739681513894,0.36925247603873956,0.2184248694672326,0.39152074421929034,0.2309183574873634,0.12766203532018675,0.1510130581405968,0.1479359167002924,0.2603726040987964,0.23505477945531023,0.21626891251910915,0.03924658416676015,0.2479180852468159,0.2891549922030777,0.230954846791739,-0.045230692644889624,0.001344793421310267,-0.03364056381222609,0.08820735875964882,0.1617090324625918,-0.11046010527777375,-0.10455380374211622,-0.0029794610271793695,0.08569507276751832,0.05032745559659019,-0.045088726954448065,-0.11284594180375583
0.15940038751120406,0.2706800427908238,0.4195976691170524,0.3650640973263555,0.35436338275187484,0.38627852487239206,0.20095989741881756,0.42470367852780516,0.2537548952954717,1.0112438621471338,0.3469003994997327,0.3867394250399589,0.3382166943846954,0.2789621055469927,0.37910494217961865,0.268602138839641,0.3703944929327733,0.3391089966122615,0.26418854296195143,0.44464004329460316,0.20549796975365422,0.2184428791173694,0.21359117217343895,0.28016617016480505,0.35468078352396143,0.40829513809703427,0.3378544773713311,0.29729369487718105,0.44522525825916986,0.3040729976965099,0.3238464997400387,0.34493669482457034,0.10820937602600993,0.5236679124258754,0.33460370505681714,0.459561658678595,0.37896588769758627,0.24107408922030424,0.21880257310641724,0.1957136173142186,0.3681199193472373,0.2792981764335046,0.3692457872739495,0.0379731591338907,0.5822894535256304,0.30805324791896055,0.39200332228004553,-0.05759169661395238,0.12142164527543815,0.06708536233976772,0.021257072415905732,0.1306473969440551,-0.1790773796880884,-0.0065695588446848495,0.04588494781050646,0.0234904441110019,0.3481574185883751,-0.12768451390842805,-0.2693320936565916
0.12765984199045136,0.3499199284123075,0.43411598574892224,0.4332476457765078,0.4679414100544784,0.5341075428138033,0.27786978729804934,0.5289025654145626,0.3292193943721015,0.3469003994997327,0.6909421232278491,0.3450442794719089,0.4493818779393207,0.27127671098886824,0.3991148095446141,0.31770552781310024,0.44736945033774583,0.31887647380077655,0.1551575358992215,0.3700754346591789,0.21514902073331318,0.30815694035008906,0.28729234580442853,0.3055870007208194,0.3201176375397329,0.5303318262434349,0.3313287291685617,0.2719953160362309,0.5133535431828794,0.22482306572397603,0.2751981530770706,0.32569705000312704,0.12466109393475923,0.47590861384909877,0.3274674390100689,0.4557440213962168,0.36833875761781704,0.21169502818120997,0.23155562403420007,0.1966954205953438,0.2898949714684491,0.3323197528419635,0.2738829554618436,0.05128825072559581,0.37813418187559633,0.3175860606227245,0.30398190850142065,-0.055087522798478734,0.12427845489076414,0.08721967094428512,-0.00844668231740914,0.16069455302998475,-0.11629798407147234,-0.06464731231112603,-0.10053913467931837,-0.05631388190127806,0.0453616055176913,0.09074504620520732,-0.07930266775289009
0.18836710243920574,0.28820163096239604,0.24609724492106483,0.542933665425531,0.41622198191258336,0.4195897194301713,0.43298952533790624,0.10612717802778016,0.27685513653269156,0.3867394250399589,0.3450442794719089,0.8643213548183623,0.2819074686854707,0.30318698404960875,0.24234315603874285,0.3344428900561618,0.3579500113392214,0.31631701988843164,0.18661706405792786,0.28252109619213067,0.27874886802149446,0.2804084925579519,0.26993867422382195,0.2404700176761359,0.3389795435242552,0.304553944338207,0.3436076366709527,0.13555190079236604,0.3549339207108902,0.12652599525778654,0.23907119935594418,0.3413155660362692,0.09474294975271404,0.4141144687544045,0.205562967146888,0.3278310366801754,0.12073332231174994,0.16681875625149295,0.2809897257821584,0.18102514956303026,0.11517522249518412,0.2299461615487538,0.27170750948624656,0.05445770916556217,0.4059690816196746,0.1718043218052514,0.26920961301837854,-0.04118693615855012,0.10248723328765565,-0.06527358385224648,-0.04327015072654114,0.05409102365870584,-0.023947685890736287,-0.024513679557936714,-0.1639580614459509,0.0778083963185736,0.07593296430861465,0.16242769526021883,-0.4328125153864363
0.11876356370922737,0.3137624948150196,0.4315242791290709,0.44651098438131415,0.4546325717111227,0.49995316973215054,0.2633927802914456,0.5508085463885831,0.31016361919203234,0.3382166943846954,0.4493818779393207,0.2819074686854707,0.716042707966042,0.31355202080689265,0.28251361108418266,0.35932624294329063,0.38888631074534796,0.29332850267604116,0.23918310880897892,0.31874703833623014,0.17717397645063693,0.4092301175634149,0.2972257892109251,0.34579648265377766,0.317179748848153,0.5377339023196137,0.3490236461812954,0.2752031482100966,0.5720822107227325,0.27062310300507564,0.25438806167583256,0.36499833844961554,0.11898392240453771,0.5030234530350428,0.3453902555570837,0.4940095969072009,0.37392665632570804,0.2003363409462485,0.19625522879877424,0.1779536787015525,0.34538449656005343,0.3171597211388671,0.2946813001582207,0.053237046483725084,0.33789292417884853,0.35007677134746673,0.30869842245455287,-0.057239460010339194,0.14997546344873566,0.09232179915430057,-0.00524829744557863,0.1499179868989481,-0.12571279593071785,-0.10876916792305845,-0.05944288397784195,-0.11400258562999369,0.06918653497258836,0.019709581362945146,0.042202963725536544
0.14270529187264164,0.180542688281033,0.2686462937669376,0.5348423647194566,0.325714423677262,0.35298273775083744,0.1990053037291063,0.31522981260682353,0.24635003398300212,0.2789621055469927,0.27127671098886824,0.30318698404960875,0.31355202080689265,0.6286080578634363,0.26724762701048727,0.4084780626423166,0.3084534815518118,0.2317572923620558,0.14642951187886075,0.28318195801838625,0.2436954572209788,0.32168550553589437,0.3244493908181619,0.40684689567132776,0.27222752724942245,0.3535750147052532,0.2706212490270101,0.18042927168419032,0.388744386932587,0.349850446225487,0.23486405506527339,0.49848356344342676,0.19781994654349358,0.34563431312825044,0.2072492698991117,0.46349007487198923,0.1563007133081511,0.18405930646416938,0.2265132178050515,0.1886585058804182,0.3758513974765501,0.2843364562244723,0.30079693238448924,0.0775501789940014,0.2124440375859192,0.27566866196494955,0.32662206605568644,-0.05455382123345308,0.19081874483260872,0.08776714965911159,-0.0450487486095089,-0.07858707476505125,0.06444900900797686,-0.010758187009433567,-0.2265594344116207,-0.12028537646938685,0.1582122727819199,0.27411188911502854,-0.19156322936291717
0.135713834779903,0.4592834991964135,0.44655501413616583,0.293788800229225,0.38844915035176536,0.4628832390099081,0.11263237837006368,0.41170228504414697,0.20756417834368512,0.37910494217961865,0.3991148095446141,0.24234315603874285,0.28251361108418266,0.26724762701048727,0.9498807364143331,0.2753131324371978,0.30547175505551183,0.28913556424331854,0.2217657667525005,0.3561838322839026,0.19015174549960048,0.14872219899923175,0.32208691872219936,0.2857439198091006,0.33356521486903606,0.4300349652758315,0.26684789164852774,0.2824039709099714,0.49545697070769135,0.24067599224800276,0.23134977265729628,0.2933678241282557,0.1316413416517741,0.4381674699757219,0.27273170288675336,0.43400150018254524,0.38222742859187675,0.1968682798022142,0.11739581995406798,0.1542643400479989,0.29990773765411,0.3039182718979403,0.24065284986346602,0.050473752487503354,0.2672808510464454,0.2940413054886858,0.2887378079870717,-0.05842011890854006,0.11130967532274146,0.15426533475687051,-0.08351148929149269,0.2337232857072262,-0.22474836519933128,-0.012404768442501523,-0.03321153921673423,0.012276414328721294,0.0035173046088837904,0.03148698766994465,0.008372468908432561
0.10444895203223435,0.14777902245776678,0.19340288897843774,0.5199254619296297,0.3767616654074075,0.3666322773239528,0.2546859347208578,0.313216482241894,0.2199989588888791,0.268602138839641,0.31770552781310024,0.3344428900561618,0.35932624294329063,0.4084780626423166,0.2753131324371978,0.7864381045005522,0.36804953774857607,0.28499640007768395,0.1726653529181151,0.18788382765963468,0.21543908061358408,0.4180683915147958,0.34490907391310033,0.3528367036873031,0.31729006348318817,0.3271125250176471,0.31989343990941194,0.26458989146616474,0.48832247673385343,0.3581385957495927,0.21865138041108817,0.39734542436071474,0.09044424033679575,0.4343119072581592,0.43637967618818085,0.4524602484045093,0.25215859895372966,0.1358713126640213,0.22767509271764796,0.22300773762992987,0.2953978884176624,0.3345532431069525,0.3054009129325846,0.08918093972867423,0.25229046559495616,0.24522424484255348,0.35472196914121834,-0.0528668543468676,0.15811164729750674,-0.08181450627570958,-0.030821927117556894,0.027795224171007403,-0.01610883939184801,-0.04286013074034201,-0.12433690858109893,-0.058032759914529705,0.015829131797608406,0.1702587392611061,-0.06390761619929278
0.08981558363683566,0.22280485698299277,0.36970332874682577,0.45235313341715216,0.312925708687648,0.4400685372121264,0.2553644326642343,0.43761531542936305,0.29814341808318384,0.3703944929327733,0.44736945033774583,0.3579500113392214,0.38888631074534796,0.3084534815518118,0.30547175505551183,0.36804953774857607,1.064484909620726,0.1700518221290028,0.09471860647525768,0.45191954627221426,0.37701523747685867,0.349960582493068,0.13214699994111653,0.3713900005112575,0.32826975829061344,0.19934414606312315,0.3558890476568402,0.5062148104575379,0.37497449176952896,0.43036045831104214,0.3557024970891797,0.35339265526996716,0.2810038626695099,0.3730898963381235,0.408712080569922,0.47819443741898304,0.5010333245811512,0.25500884232989457,0.5554726768172557,0.24246495562432296,0.26311449079492116,0.43685716519044576,0.310827794918215,0.08946613410343264,0.38256408130363323,0.3485500464376662,0.3817365705456762,-0.04521704471063889,0.3589335473927499,0.6305404344704061,-0.17013223540036804,0.17211591320443748,-0.32354263298307545,-0.1443327485308858,-0.2851176083574701,-0.09009794850642383,0.17847074566295412,0.26398901543216485,-0.3266133357774442
0.14929757851314382,0.3243790630203573,0.3848525841370212,0.4026800814020429,0.351667789137155,0.3831902400234952,0.24328187077348784,0.3759997995179541,0.28415114751892095,0.3391089966122615,0.31887647380077655,0.31631701988843164,0.29332850267604116,0.2317572923620558,0.28913556424331854,0.28499640007768395,0.1700518221290028,1.0658346312486637,0.16866647595520085,0.06817660972221101,0.299967620984964,0.38212390959798725,0.5850052824237862,0.2473880825286215,0.3021318162261297,0.6187011103587345,0.2145706455541853,0.3206099661721588,0.480518292783783,0.1252859395111058,0.38011467753069555,0.3288929968961017,0.11365722227234498,0.4755317201376898,0.18519617324476007,0.5084178590386886,0.2655825728487163,0.0906956974534113,0.07196646810788446,0.21498269276930015,0.4532131791210724,0.12375382755956485,0.4395378441846642,0.04027094231131092,0.39098500606434683,0.3676188230918466,0.5624205934031639,-0.04447342018206967,-0.20269588111073072,0.2559539010310855,0.3212487795290302,0.20725161446489712,-0.5813556032119265,-0.1298150346876457,-0.029393846477395694,0.00020284965699843375,0.12395137580785155,0.11926189822451817,-0.2968594523788128
0.07747657292036977,-0.12035632298474506,0.3038091515955947,0.10222207400870309,0.22903718627214822,0.28291374390942875,0.05741576947855648,0.2401132444034939,0.11945375365416443,0.26418854296195143,0.1551575358992215,0.18661706405792786,0.23918310880897892,0.14642951187886075,0.2217657667525005,0.1726653529181151,0.09471860647525768,0.16866647595520085,1.727587624593346,0.3430075332040248,0.05269497734855037,0.15177766262443618,0.13183463749487798,0.15541622395847307,0.21302945391560008,0.11409086653815385,0.16821158428371363,0.12317214574137321,0.26676823807675937,0.045224342137364176,0.1659594644838435,0.13034541310491465,0.1703475002731292,0.3018303739416583,0.08443489402425751,0.21664582570211763,0.3684875565555953,0.1933539063129971,0.11778911307227863,0.05423741602197008,0.18614683747494437,0.11112819805194996,0.18420113979963426,-0.002792639323444124,0.2116888695909448,0.16409516347730274,0.12935726924320523,-0.018301632022362197,0.21503569990864602,0.28889692466834815,-0.18107898210121925,0.10036377965922477,-0.060026150949940196,-0.06570567962523748,0.0699437072497244,0.04226435284996951,-0.03532689285640221,-0.04880288618558343,0.04095914048198296
0.08609716120206348,0.07712002538645961,0.5061743607199948,0.4099923533333349,0.39603795377283296,0.47782745678907995,0.1839081778168804,0.4557344158794303,0.18767221940234483,0.44464004329460316,0.3700754346591789,0.28252109619213067,0.31874703833623014,0.28318195801838625,0.3561838322839026,0.18788382765963468,0.45191954627221426,0.06817660972221101,0.3430075332040248,2.0513878492625035,0.13609560975126422,0.04397078735281346,0.024664801347749364,0.45088788746348574,0.21794416664575614,0.24647586966417606,0.5835535070017235,0.2879385883459497,0.4970912334870542,0.4683591599121357,0.5477593111908122,0.31748681568944886,0.5429517940076417,0.6933773531455575,0.032796872051926426,0.3870278394272773,0.9858815798159078,0.9933417985929263,0.5737563535897475,0.419644810025877,0.4528587936130574,0.44283095080297374,1.0555592318866174,-0.026404191376808432,1.86968173653194,0.13237290799453416,0.35731120012330997,-0.019031823577652218,0.12549300139285036,0.021363634094787518,-0.2854941525870383,0.023820666490980854,0.13086958682269223,0.014360737689570836,0.002769917474022715,-0.16949703378047218,0.21848262810809183,-0.014105721754157077,-0.12492201094321882
0.16359229836068498,0.5510674706003678,0.23176353837542735,0.2504957773368133,0.1307848218295044,0.23241016753264146,0.19531922467916138,0.1253211557989993,0.26314697791835573,0.20549796975365422,0.21514902073331318,0.27874886802149446,0.17717397645063693,0.2436954572209788,0.19015174549960048,0.21543908061358408,0.37701523747685867,0.299967620984964,0.05269497734855037,0.13609560975126422,1.3848634571740848,0.34780617311209255,-0.07352284320948431,0.08283477007403078,0.11913715141633023,-0.06494059139377303,0.16092581607006318,0.2791598008456402,0.15545000978222895,0.27940577577869735,0.2989278505658892,0.2753227983198426,0.03081946728381065,0.18229550124648067,0.29005337974069106,0.2242499772480438,0.08816650522542722,0.10774697665443782,0.5215769500839035,0.31467203220646084,0.24258386725388847,0.18433429411640537,0.1284969627559967,0.05833793100383816,0.19481877950805135,0.09784994362608897,0.3507308679685983,0.006767450542146205,0.09763494369210894,0.23791833726631262,-0.07473559316716925,0.13682605980455081,-0.2201335656889172,-0.05902185828897931,-0.23226641622073257,0.0774131094623009,0.04813304929044075,0.25669705752802346,-0.29952874642837896
0.1239728946536274,0.19696990432964662,0.347815830917043,0.41602818459214563,0.30884305499561726,0.3606828733570924,0.2683189710942753,0.3319816507475963,0.35410871465614874,0.2184428791173694,0.30815694035008906,0.2804084925579519,0.4092301175634149,0.32168550553589437,0.14872219899923175,0.4180683915147958,0.349960582493068,0.38212390959798725,0.15177766262443618,0.04397078735281346,0.34780617311209255,0.8515186293366753,0.46104866231319414,0.3127125213599233,0.2381788766692656,0.33187277020540906,0.2516706049300224,0.1983988434642101,0.4951184753162348,0.25720974730593177,0.21528053509271664,0.38160728750286615,0.08164840837366748,0.42735024281002687,0.26808535504321385,0.46189584711618165,0.14725147436907837,0.08407277132587754,0.30568229124203133,0.18694715369608947,0.26031630254011134,0.27004893741324526,0.23986202479913588,0.08310199840843376,0.1538335932406628,0.27784804028387705,0.34984247887673803,-0.05071342809903097,0.0432582424520796,0.03333764174687755,0.0319685447722005,0.011244665640106562,-0.12107429417623418,-0.09899975565247897,-0.06731526789159786,-0.058226841033662935,0.02197387391552848,0.06843173187476777,-0.04174021338122786
0.09117833954616061,-0.26698753962639105,0.34858789142140706,0.5130787599325219,0.39166990324293965,0.3243855911116149,0.253251549405901,0.3501867964284307,0.25683873312091315,0.21359117217343895,0.28729234580442853,0.26993867422382195,0.2972257892109251,0.3244493908181619,0.32208691872219936,0.34490907391310033,0.13214699994111653,0.5850052824237862,0.13183463749487798,0.024664801347749364,-0.07352284320948431,0.46104866231319414,1.670035261702891,0.5729873783377796,0.4522867130532476,0.3848568784094648,0.23171324244040414,-0.04321068466398592,0.820193403024906,0.4139654570748478,-0.018271487048010307,0.3517027345227067,0.21120339612676045,0.47913951742068794,-0.013853395588842674,0.7926427442832558,0.08522212298489057,0.06925586111699968,0.08879085635160337,0.24605000309239516,0.3682225698444588,0.23514117235762702,0.3592132195793091,0.10835500262492584,0.15880813820073675,0.47861974759009196,0.5099901931917322,-0.11737737915161282,-0.4317073032001137,-0.16548418991115335,0.17249112099035507,0.029608274176593216,0.10967779923265181,-0.049618214905492446,0.10980824975832224,-0.2417554415332626,0.027945667479590347,-0.0907462398044932,0.15037100435546177
0.07360115670037747,-0.05857958294449946,0.36903099776258025,0.539503186865084,0.3333987594658169,0.3531143568092318,0.20324940121680643,0.37949229494469133,0.22417232232204828,0.28016617016480505,0.3055870007208194,0.2404700176761359,0.34579648265377766,0.40684689567132776,0.2857439198091006,0.3528367036873031,0.3713900005112575,0.2473880825286215,0.15541622395847307,0.45088788746348574,0.08283477007403078,0.3127125213599233,0.5729873783377796,1.0199044604402077,0.3206862910404875,0.09740007822935344,0.3264263351919227,0.3629847773596528,0.32182181094448004,0.6778363224882991,0.41212333829838016,0.4324092941989169,0.955498260335707,0.3034096509589872,0.11026349877316477,0.6935191243544749,0.5583524715377934,0.2973053139653316,0.4599736590602564,0.20749214206769215,0.5227566088588331,0.3814823407145414,0.4399528991450559,0.12427156477226423,0.10135912752549464,0.519319648066517,0.4705054844834778,-0.07541007115975647,0.5890273671643429,0.11025900528437486,-0.20470212851574146,-0.004190823143805114,0.27746693494239166,-0.1669848293289742,-0.005636387616355195,-0.36592478042424703,0.27874266279606863,0.0500863719178064,-0.006164532865054073
0.1256414749127061,0.13017341328866705,0.32812259420429213,0.37906370871977557,0.3629117425861545,0.38312038727013314,0.24988414376840704,0.36214128088278974,0.22693773178867982,0.35468078352396143,0.3201176375397329,0.3389795435242552,0.317179748848153,0.27222752724942245,0.33356521486903606,0.31729006348318817,0.32826975829061344,0.3021318162261297,0.21302945391560008,0.21794416664575614,0.11913715141633023,0.2381788766692656,0.4522867130532476,0.3206862910404875,1.175435919225707,0.34742972054244303,0.2706787187743354,0.21480217811381153,0.7647597316737933,0.3878555599673244,0.14624526556716608,0.29573053609111744,0.122797450066802,0.6729679217417065,0.38544222251485005,0.4261312136811903,0.5957007808185139,0.16179007173301602,0.2349113088103194,0.17964645679382307,0.24658894257529212,0.285421361512853,0.34274834826298184,0.08410957560589954,0.4487792806931522,0.393030922968815,0.3814823199286863,-0.0747762628788162,0.38292206402711854,-0.41700264580813895,0.08470570355588984,0.20675124203022108,0.08044381284988257,-0.05924166327422862,-0.04571628923713544,0.05540095371175427,0.06031904641194533,0.06507328247317486,-0.1863336433281339
0.12420582112031411,0.40307043338346527,0.6390788040056119,0.4499965098318358,0.5698254237843017,0.6459876802422868,0.2848156517835002,0.7055616651967065,0.5005023908551461,0.40829513809703427,0.5303318262434349,0.304553944338207,0.5377339023196137,0.3535750147052532,0.4300349652758315,0.3271125250176471,0.19934414606312315,0.6187011103587345,0.11409086653815385,0.24647586966417606,-0.06494059139377303,0.33187277020540906,0.3848568784094648,0.09740007822935344,0.34742972054244303,2.5422490595528147,0.33938689076342793,0.3469034015752508,0.961143941281757,-0.2329842506693785,0.19371468989312024,0.4487627228938111,-0.2531852840874647,0.7752432791469799,0.43441970846295425,0.6956218570377141,0.24986949803236774,0.1504532686485011,-0.833468430132876,0.11930483628710092,0.7361810598542865,0.3891418756883249,0.4773103719843848,-0.019050413860084322,0.4980340257283304,0.5399592302713515,0.21328396525972368,-0.10195820232163742,-0.5797771092285078,0.038135380805485376,0.4103604045253498,0.319603857459204,-0.6801829588624546,-0.10756332567021924,0.046019541657017986,0.05061589543456481,-0.17871227689151406,-0.12096130161368437,0.30444914323230426
0.11010850399591202,0.22165154588833075,0.29143382774597976,0.38044138635415314,0.3272449443942142,0.3765666036573375,0.23177160536546282,0.3329709497396964,0.2281305263221785,0.3378544773713311,0.3313287291685617,0.3436076366709527,0.3490236461812954,0.2706212490270101,0.26684789164852774,0.31989343990941194,0.3558890476568402,0.2145706455541853,0.16821158428371363,0.5835535070017235,0.16092581607006318,0.2516706049300224,0.23171324244040414,0.3264263351919227,0.2706787187743354,0.33938689076342793,0.6947629851359005,0.2633851395572173,0.43740794717628717,0.32405995596490383,0.29258766321271845,0.3499396752640063,0.16265297370212314,0.4258449980072964,0.27402325635924724,0.4504042790367488,0.33230572227417077,0.3126630206118397,0.25911993763198565,0.23119669363276404,0.2869184779787041,0.29625990894128945,0.48511003962939636,0.0358117875996653,0.7089010817063592,0.1949222307933491,0.3056154613760909,-0.04604332345906699,0.02424010148830619,0.0021681902256853354,-0.09203794700413283,0.14168921363056095,-0.09033940040816792,-0.001379113793886381,-0.0622310763513667,-0.07149062924364363,0.15530938472044156,0.07780497026193556,-0.187465699600185
0.08340626367291704,0.28129518814893056,0.3519395909906967,0.16550470223939676,0.03574945991703741,0.2696515266192132,0.10191661099359828,0.2839502010123022,0.21804869983446556,0.29729369487718105,0.2719953160362309,0.13555190079236604,0.2752031482100966,0.18042927168419032,0.2824039709099714,0.26458989146616474,0.5062148104575379,0.3206099661721588,0.12317214574137321,0.2879385883459497,0.2791598008456402,0.1983988434642101,-0.04321068466398592,0.3629847773596528,0.21480217811381153,0.3469034015752508,0.2633851395572173,1.4168919857407691,0.18492853977057405,0.34975973563133883,0.48659120430329655,0.3233865018448366,0.6338510585212661,0.21254808670145978,0.7744925952830246,0.5735094529217898,0.5405169137363626,0.1546543821684729,0.26175727370175056,0.2378092248779488,0.4006106870188976,0.292223592074997,0.2760859773256158,0.12211785072427428,-0.0010386085894067848,0.43097171066079387,0.3429482541007541,-0.043476343564195746,0.5123337566780126,0.6521355075069433,-0.06786620266973835,0.9839179975827772,-1.2579035501038003,-0.20321411379169796,0.09542340710269302,-0.014779315131987433,0.16055710977703402,-0.014273698838677537,-0.06346938272786433
0.17396187205937333,0.2296232060756303,0.7810017368817258,0.5082845165081775,0.5373338572267344,0.6232106403231241,0.29999959384020364,0.6453755114948698,0.37540539590821465,0.44522525825916986,0.5133535431828794,0.3549339207108902,0.5720822107227325,0.388744386932587,0.49545697070769135,0.48832247673385343,0.37497449176952896,0.480518292783783,0.26676823807675937,0.4970912334870542,0.15545000978222895,0.4951184753162348,0.820193403024906,0.32182181094448004,0.7647597316737933,0.961143941281757,0.43740794717628717,0.18492853977057405,2.6773048402246005,0.4290318588359664,-0.05084974603619319,0.49098767615782085,-0.48714395738469757,1.0338310971404918,0.4872232660448692,1.1028307545375142,0.5153504323146739,0.210209508410465,-0.14235633061540762,0.234890408116855,0.19238194227329794,0.34978565711335735,0.28088710038374554,-0.05621442718798027,1.0893647233768662,0.6166379462467056,0.5527983898175622,-0.2182566294357837,-0.7166596182411457,-0.3133522580615094,0.29009522434505736,0.32785777214658146,-0.3843776232006902,0.05251300594274509,0.13919048328431238,-0.19366111311406312,-0.15523020860333062,-0.2491933182158061,0.5015703834198528
0.1177348980722338,-0.007070043002149083,0.0820151394021305,0.34080773885279986,0.1152955719281178,0.15607799378713372,0.12275321764374557,0.29407818009108005,0.12702173175295683,0.3040729976965099,0.22482306572397603,0.12652599525778654,0.27062310300507564,0.349850446225487,0.24067599224800276,0.3581385957495927,0.43036045831104214,0.1252859395111058,0.045224342137364176,0.4683591599121357,0.27940577577869735,0.25720974730593177,0.4139654570748478,0.6778363224882991,0.3878555599673244,-0.2329842506693785,0.32405995596490383,0.34975973563133883,0.4290318588359664,2.3790760743708,0.39228813819237096,0.3518959585646471,0.30704949185461045,-0.09559542866853393,0.5015416156253192,0.8117765859631393,0.5521234501248669,0.3164806091381721,0.833612681265394,0.40504503034183864,1.0119221143247263,0.3951699878151529,0.8504695405626596,0.20477953624678152,0.34778610181919367,0.5049953876177091,1.0990892543534794,-0.058318031232434765,0.4814643016516301,0.1972490021910268,-0.17627792766650527,-0.067081984906529,0.21816979110955045,-0.11384581837699241,-0.13885011634543054,-0.3348560515320285,0.4696208468554612,0.3804585156438215,-0.5104156530530868
0.11460992162975485,0.21378423806699667,0.2721761773853057,0.3156779446865737,0.23421591760963517,0.2980736031138162,0.173915511976394,0.2740994282091405,0.2214103266447963,0.3238464997400387,0.2751981530770706,0.23907119935594418,0.25438806167583256,0.23486405506527339,0.23134977265729628,0.21865138041108817,0.3557024970891797,0.38011467753069555,0.1659594644838435,0.5477593111908122,0.2989278505658892,0.21528053509271664,-0.018271487048010307,0.41212333829838016,0.14624526556716608,0.19371468989312024,0.29258766321271845,0.48659120430329655,-0.05084974603619319,0.39228813819237096,1.0694055344944446,0.291790027584343,0.6327747963567424,0.2621146297733146,0.21351662924977086,0.5723967929036111,0.6431238520945507,0.3529226131823688,0.44167865983250426,0.22338193730648612,0.5806754205475478,0.2893394704155854,0.43832471348780316,0.061434265249333424,0.3747418014420456,0.39610189892016634,0.401998253750884,-0.024585958133464474,0.5390796193769787,0.37484741862611193,-0.0915310280980638,0.12283602961002975,-0.18194982707049032,-0.20082216489569132,-0.04689908539764853,0.011783483124064607,0.28043999478459136,0.12074947581052206,-0.4352486489592376
0.14683995761418378,0.23267647137611536,0.31943773033238876,0.5275897742377033,0.3408080210240684,0.4181981430199189,0.23528150872682171,0.3462292555513756,0.2878427574927245,0.34493669482457034,0.32569705000312704,0.3413155660362692,0.36499833844961554,0.49848356344342676,0.2933678241282557,0.39734542436071474,0.35339265526996716,0.3288929968961017,0.13034541310491465,0.31748681568944886,0.2753227983198426,0.38160728750286615,0.3517027345227067,0.4324092941989169,0.29573053609111744,0.4487627228938111,0.3499396752640063,0.3233865018448366,0.49098767615782085,0.3518959585646471,0.291790027584343,0.787774222643147,0.04102798676633194,0.4067612977002758,0.22618816861679494,0.5714950131840927,-0.051494763123002024,0.19877034207609465,0.23051066588917946,0.19770566761980365,0.41419636269725363,0.2831998183263782,0.32252169474176345,0.06261768938813168,0.33326615097248624,0.3143967031476423,0.38016990006876905,-0.070152823432413,0.11456647794481206,0.16821425669662346,0.03445583976482044,0.3677879934009112,-0.5128081276797676,0.01066335489231073,-0.19951864603804242,-0.10773665732830257,0.3859574763588397,0.2379461245557366,-0.4512921725298731
0.028638400609619977,-0.20254065581020436,0.21492027400721653,0.4134611834314918,0.17679319921169923,0.12785176705511636,0.12623783280752582,0.14788728736470558,0.12487739681513894,0.10820937602600993,0.12466109393475923,0.09474294975271404,0.11898392240453771,0.19781994654349358,0.1316413416517741,0.09044424033679575,0.2810038626695099,0.11365722227234498,0.1703475002731292,0.5429517940076417,0.03081946728381065,0.08164840837366748,0.21120339612676045,0.955498260335707,0.122797450066802,-0.2531852840874647,0.16265297370212314,0.6338510585212661,-0.48714395738469757,0.30704949185461045,0.6327747963567424,0.04102798676633194,3.0318242541987503,-0.13493496622344434,-0.6008064275314827,0.42037309326271327,1.1857408316604527,0.37085427482838657,0.5867428554702737,0.04207919429935607,0.45062605038890785,0.4054181078873277,0.5015285608105058,0.15784100442807822,-0.7181575661414566,0.6465907997836028,0.2220084207437152,-0.026767224235163943,1.8116034337571323,0.2868151599910469,-0.560971814099713,-0.32557337772809253,0.9782013906651329,-0.48984435828205725,0.18592837895340122,-0.2117697816922692,0.07351063546570667,-0.14211302021285838,0.15314684244560312
-0.03173556133602994,0.31201882293278554,0.6485900597080856,0.5716081539689143,0.6206226765624483,0.650983225235446,0.32524927017647165,0.649719979654088,0.36925247603873956,0.5236679124258754,0.47590861384909877,0.4141144687544045,0.5030234530350428,0.34563431312825044,0.4381674699757219,0.4343119072581592,0.3730898963381235,0.4755317201376898,0.3018303739416583,0.6933773531455575,0.18229550124648067,0.42735024281002687,0.47913951742068794,0.3034096509589872,0.6729679217417065,0.7752432791469799,0.4258449980072964,0.21254808670145978,1.0338310971404918,-0.09559542866853393,0.2621146297733146,0.4067612977002758,-0.13493496622344434,2.4028239921303753,0.5485559540855046,0.2475067782564159,1.0666847456738595,0.32867654514946987,-0.16062475611476376,0.11615957843722925,0.38337095528930587,0.36533828342721136,0.6230957814520566,0.08828004577996094,1.1068360062864941,0.3408549393087931,0.3134780620312084,-0.03866087942856152,0.9146923580877447,-0.438000285492315,0.24036036348267095,0.15448378432919993,-0.062240378235621154,-0.0467138153630345,-0.11982716284065982,0.03437800352019611,-0.2575250470425928,-0.026957297732852055,0.39084024493000896
