1.219519596201093,-0.08110393808783074,-0.08692523354364323,-0.08701906605782882,-0.07264982916747006,-0.03521082919109607,0.03196329905925738,0.05336875529139347,0.04382612699576766,0.02839510707561407,0.019562268141851774,0.02079845196185702,0.02720331502389713,0.026652805550578192,0.023731453289253322,0.022454632908597387,0.022020974699852036,0.020802138403473978,0.020820048102353956,0.021206959019639645,0.023181938332599666,0.02420425225479616,0.023464696073001584,0.020484440724522667,0.01585621382190089,0.011802474634805884,0.008653703758961824,0.006426863375579832,0.00491120918504941,0.003455225391592054,0.0021906825259681837,0.0020502492567545617,0.0020200503718443355,0.0021521709986064754,0.00230749864240734,0.0025865731542607964,0.002945516429871409,0.0035029788099914805,0.004747932723550809,0.006915041125232033,0.010769466368732128,0.016506960186213424,0.025700958779244082,0.021125157178364704,0.017228960334273003,0.013519821376089045,0.010542350295876706,0.007973651763053966,0.006014957264290882,0.012311476389801571,0.016376487065559945,0.00797992688247971,-0.018195059840335304,-0.006264413646681211,0.012337267619291107,-0.000996706935458313,-0.0014120918347804838,0.0048912258692901875,0.007111727153374799
-0.08110393808783074,1.1994115899957698,-0.10135006844802966,-0.1045362333038918,-0.09206667660178718,-0.05257833585185334,0.025433818352054254,0.05952229981254374,0.05337514937512848,0.036479098537518566,0.025751052676148294,0.025750591010638892,0.0327412123209284,0.03321275223466312,0.030023792091836265,0.02868454511227374,0.027862848128635227,0.025829230646279993,0.02516996993672194,0.026290946974980946,0.029152414122210424,0.030649901609890146,0.029669172192155188,0.025913918285191885,0.020087310760380745,0.014861845153450516,0.010717314955456999,0.0077438129678846996,0.005676609068245717,0.003864794836389089,0.0024347562242709514,0.0021828178467031794,0.0021060371690796455,0.0022760210423414967,0.0024574012879960134,0.00273361077667635,0.003099420488011075,0.0036708407476841337,0.004926467621678342,0.007092335847391037,0.010928758573612843,0.016633568920227295,0.02575775826926556,0.02118249648268781,0.017279999315654906,0.013559656869793614,0.010576459396190922,0.008007442366419312,0.006047541784090582,0.012932943437560213,0.017405447046058863,0.008676129074600993,-0.019391332253112004,-0.006196201866802259,0.013917043239855154,-0.001232051925268465,-0.0032329751036522035,0.004454162092680729,0.007213475034973984
-0.08692523354364323,-0.10135006844802966,1.1774454270764176,-0.12290369169315217,-0.1160922336349653,-0.07921958919555173,0.006966002662702418,0.062033059902357024,0.0643465410587421,0.04673617965327126,0.03340329962531151,0.03134769565565326,0.03885649810344142,0.04104958032529186,0.03778772758720535,0.036522908141154414,0.0351852905291282,0.0320116197209583,0.030142700065455538,0.03248096287082028,0.036432659183412715,0.0383880530326978,0.03696515408465052,0.03224263483992834,0.025032899407013327,0.0184472102688367,0.013122439101071958,0.009240087799738853,0.0064781158662589,0.00423503298234359,0.0026343473257689964,0.0022356482651659493,0.0020886889410407536,0.002297622796178934,0.002500868722057479,0.0027475569782305954,0.0030897985037120395,0.0036301738621337372,0.004797550283305047,0.006789647831587213,0.010306696950757815,0.01553534784330293,0.02388713965248886,0.019676660284336612,0.016068592852413664,0.012613920137865832,0.009846982657123044,0.0074679842087860045,0.005651134108154037,0.01267859431696846,0.017354276198412948,0.008963643884482932,-0.01887173236761,-0.005694122780917726,0.015328416821749551,-0.0014072933503204168,-0.005073339431063411,0.0038173078375607337,0.006956634728736247
-0.08701906605782882,-0.1045362333038918,-0.12290369169315217,1.1521894630402598,-0.14478142016849088,-0.11997676420970621,-0.034526154773277286,0.0551544811204175,0.07563511073254925,0.06038531629983579,0.04433544124518017,0.03805943670952628,0.044452947671244865,0.04912920600112205,0.04697220889974382,0.04627844916583328,0.04438944325976961,0.03959867849934245,0.03569197899943682,0.03980920392848927,0.04476349601091896,0.04674047216787565,0.0444239113944195,0.03853895620110973,0.02997545697283337,0.022124241527888232,0.015680279142945522,0.01089200872242424,0.00738543940496374,0.004646279879472033,0.002832786085619783,0.002283583512232451,0.0020499309019337345,0.002310434811928176,0.0025462037915998156,0.0027493212187848816,0.0030355997983933752,0.003486078959865495,0.004470029608558296,0.006158240051721001,0.009153036020889368,0.01363897506504983,0.02082333075253665,0.017177091930466737,0.014034402749536587,0.0110193288327404,0.008610717796330835,0.006544799273313795,0.004964008404690287,0.01108398306455624,0.015580124013200001,0.008435727185447958,-0.016026125705584728,-0.006078052359932288,0.016517625268728787,-0.0014879265499873925,-0.006476152727286423,0.003035278055619775,0.006594507651093016
-0.07264982916747006,-0.09206667660178718,-0.1160922336349653,-0.14478142016849088,1.1202638528613988,-0.1771202220400047,-0.11674467660286283,0.023273939292780554,0.07857634557626818,0.0748324195946064,0.05829177807911339,0.04574631599725399,0.048956874613077184,0.05689613814014589,0.057450622946665565,0.05760035597582632,0.05499898325122721,0.04826688805760027,0.04110339356272543,0.04771767673815483,0.05308798233107784,0.0542463669239332,0.05044976041013969,0.0433236073151208,0.03371568370036887,0.024954875232851687,0.01767878014800446,0.012163771880883035,0.007995548130411532,0.00482307422305717,0.0028572163384777225,0.0021444019558939996,0.0017887683024273655,0.002106227904652558,0.002361358814063217,0.00247290337165966,0.002639491002514442,0.0029016180841090517,0.003506294330577694,0.004569161653578869,0.006497024157166556,0.009448861847902707,0.014237058928334729,0.011816840579787805,0.009686826757014315,0.0076194880725309845,0.005973806679875876,0.004564483329539651,0.003480213206099169,0.006710119669042385,0.010084812444423132,0.006151729793361937,-0.007879911805857833,-0.005915209031887907,0.015794936100106356,-0.0015764640857855582,-0.00800019382396808,0.0008978560734232437,0.004869886757130054
-0.03521082919109607,-0.05257833585185334,-0.07921958919555173,-0.11997676420970621,-0.1771202220400047,1.0521269806391833,-0.2614148193073144,-0.07038373559831221,0.044785154060063295,0.08514721970837916,0.08426915273243311,0.06107164759947142,0.05060747523280982,0.060507433573037055,0.06884072421553926,0.07041645005887821,0.06596631979724313,0.05751921140021844,0.04592667932621724,0.05512801160949479,0.058923889108611266,0.0575554585983691,0.051738338669378076,0.04370485329101211,0.034032836724828784,0.02538102287151835,0.018100064954680143,0.012496651216487575,0.008042678155702783,0.004697715319106998,0.002726314478092394,0.0017830373881240964,0.001246458168309757,0.0016313578949898714,0.001913893058431587,0.00190704212777873,0.0018999123973011994,0.0018210110222487187,0.001767043269913525,0.0017843853449936143,0.001983015729183516,0.0024805307358900363,0.0035151476144567053,0.003266203521319886,0.002852637093944166,0.0023190593977189173,0.0018842190247063718,0.0014934203082978344,0.0011756899268852942,-0.001248260763687743,-0.0007084182757508582,0.0008095152689754446,0.006041590944087453,-0.0049718404047291165,0.01175874637696108,-0.0017640861065657282,-0.01047362434858966,-0.0037768873214850786,0.00085370360315201
0.03196329905925738,0.025433818352054254,0.006966002662702418,-0.034526154773277286,-0.11674467660286283,-0.2614148193073144,0.8194575505940044,-0.29435732058756786,-0.09714073536673627,0.064595324844807,0.12568140372292075,0.10006705447107653,0.05606980479925174,0.059758051286039025,0.07931911520676109,0.08279770751722362,0.07383950394147597,0.06520627581218301,0.04825186323656049,0.05962219395729115,0.05872528966436668,0.052918652763649585,0.0451537730549085,0.03747457278408192,0.02966818862715509,0.02287115452123833,0.01687295552972427,0.012023560958618802,0.007739869919078849,0.004480628395286963,0.002628874587042295,0.001433139134063959,0.0007143303276681722,0.0011971704400305628,0.001447519691401467,0.0012260325559538571,0.0009621122681843188,0.00041032376485288527,-0.0005716898669964327,-0.002028260113195139,-0.004217053132059825,-0.0071139592157360544,-0.011139989014591747,-0.008030413249506497,-0.005924634769437672,-0.004376144247209844,-0.003218154029287545,-0.0023179197851542752,-0.001674631820636106,-0.01146330708173406,-0.01684676379057481,-0.008997687929652842,0.020862555452353253,0.0014195997523457852,0.0018955977924071978,-0.0026238826412369517,-0.013705622004451329,-0.009701208460329885,-0.004869879472060444
0.05336875529139347,0.05952229981254374,0.062033059902357024,0.0551544811204175,0.023273939292780554,-0.07038373559831221,-0.29435732058756786,0.9275555126294164,-0.26329975402918215,-0.07993600798472082,0.027833740811476992,0.07257799728451451,0.05761390140784406,0.05286338111565112,0.053219324654320464,0.04865189284400872,0.04677864646400952,0.04683663421643293,0.038318822751556764,0.041782043149648646,0.040175420641460166,0.03733565827884386,0.03347741702849678,0.02817786692876834,0.02139312477413089,0.01503883681185672,0.00989698040283798,0.006258218658714627,0.0033957694628682106,0.001437599697608439,0.0006659417357051185,-0.0005816201707133313,-0.0012112004961616005,-0.0004876828053727165,-0.00023310127394877102,-0.0004214013565860175,-0.0006047263383525883,-0.0008771760517382958,-0.0014441997744033353,-0.0024986705857838573,-0.004231636372516485,-0.006838451529174355,-0.010752481143469779,-0.007799062438267226,-0.0056537454109755175,-0.004065781450046107,-0.0028944821219791922,-0.002011323992486951,-0.0013870704660406932,-0.005264911608901518,-0.016159000275297382,-0.013014967334661152,-0.00010906602438290116,0.0019664635024899276,-0.010920894105251861,-0.007237133359978115,-0.004819596557229057,-0.0004211620874606583,-0.003544661166795297
0.04382612699576766,0.05337514937512848,0.0643465410587421,0.07563511073254925,0.07857634557626818,0.044785154060063295,-0.09714073536673627,-0.26329975402918215,0.9590781556620868,-0.2697357436641309,-0.1096563681372219,0.030730836726977618,0.07890605401175309,0.06868055564102402,0.04545593302212907,0.03477999160374294,0.03671355217482296,0.04147480018000779,0.03608201949213903,0.036979677431005824,0.035606921913734324,0.03441782710099532,0.03226621017303385,0.027941751398822278,0.021421919278804095,0.015084377752375457,0.009965825932031987,0.006454940456208414,0.0038864730814424236,0.0021403477143888618,0.0010470290032673507,0.00026140891550121236,-0.0002821154304708567,-0.0004629516767879315,-0.00045828437593938286,-0.0005582287742723338,-0.0006811405122686391,-0.0008818221480760015,-0.0011716321971670404,-0.0017030029359243106,-0.002528758704282727,-0.0037586634179460152,-0.0055591284566758,-0.00371947225777024,-0.0024389860392748496,-0.0015884881470609202,-0.0009814497207879394,-0.0005683310476074725,-0.00029825065597889356,-0.0009528898688196416,-0.010613224684847732,-0.010641086438384127,-0.011279551919518715,-0.004652683317561871,-0.008405537240448744,0.0027142576231007037,0.014132390725289098,0.006281129269800398,-0.002038040775138489
0.02839510707561407,0.036479098537518566,0.04673617965327126,0.06038531629983579,0.0748324195946064,0.08514721970837916,0.064595324844807,-0.07993600798472082,-0.2697357436641309,0.895272247830785,-0.28233335494286543,-0.07731150564482411,0.07625787106884403,0.07987713612239115,0.04634809583155903,0.032080554342354,0.039913326432621174,0.04573295745190843,0.0405756590313723,0.04266766899807436,0.041725437433984075,0.040088716527126,0.036823713576663246,0.03152198841635575,0.024333100326649752,0.017642193359581816,0.012259559765142635,0.008508867046218034,0.005795260523802183,0.003865586718103528,0.002129056190978536,0.0015123055372938878,0.0007957864498920565,-1.8701332171019112e-6,-7.673879267222466e-5,-2.4626075365996807e-5,-3.205087040910469e-5,-0.0002437209174794619,-0.00040054357009862066,-0.0006018546696840721,-0.0007813416186212137,-0.0009353646980257956,-0.0009514448397814776,-0.00013667903988420603,0.0003154212379267945,0.000481733957570372,0.0005737992803564171,0.0005764311311729586,0.0005403931394484469,-0.00026932290892303136,-0.006568165385577657,-0.006208457495103075,-0.005971452881734769,-0.010873514744818022,0.003633297384605226,0.010403108918468686,0.019435263989693346,0.0044483534440775425,0.0010571204960624872
0.019562268141851774,0.025751052676148294,0.03340329962531151,0.04433544124518017,0.05829177807911339,0.08426915273243311,0.12568140372292075,0.027833740811476992,-0.1096563681372219,-0.28233335494286543,0.9218562831940452,-0.24159946436202548,-0.04815231427761116,0.03222339298454385,0.03689857036816212,0.04558959255763506,0.05431270277390766,0.05315307181516012,0.04260988064224871,0.04854229782533642,0.04937920995318353,0.04676957583210077,0.041650392899983284,0.03507882891443695,0.027152562365452108,0.02001037788302894,0.014060736767721804,0.009574632556268342,0.005965390420024192,0.0031955528119349563,0.0016499925927753645,0.0007662389909197754,0.0003528762460678379,0.0007286450978820002,0.0010546242309427442,0.0010912326489042562,0.0010756711461392691,0.000941716802138242,0.0007690344208749781,0.0005893107594561387,0.00045366255761026506,0.00041702301769763614,0.0005893871553544362,0.0010439175995078085,0.0011761193045971008,0.0010853405088524476,0.000987541318187792,0.0008467572767457676,0.0007120859403907221,0.0002777079059593311,-0.004628473996040902,-0.003663087201991035,0.000421076750332047,-0.008357837545604619,0.004936482736937035,-0.0018239884994365044,0.0006247039107648119,0.002548163158572236,0.0044468011685255895
0.02079845196185702,0.025750591010638892,0.03134769565565326,0.03805943670952628,0.04574631599725399,0.06107164759947142,0.10006705447107653,0.07257799728451451,0.030730836726977618,-0.07731150564482411,-0.24159946436202548,0.9556555008163576,-0.2552306726835874,-0.11964565066946396,-0.007070444945308103,0.05285446242124478,0.07023780561655225,0.05969279534506859,0.04732841804116101,0.054295273778252245,0.0539561940883862,0.049323755645548716,0.04273474265142133,0.03533085853205667,0.02713050079444649,0.019977958315366032,0.014104330384811344,0.009770334305492394,0.006432099941112979,0.004084843343484108,0.0026448718209843374,0.001586015090504625,0.0008665431507424361,0.0009721631172784384,0.0008468903196652913,0.0005347691175875563,0.00039049363202500666,0.0002859066072619558,9.289371902057461e-5,-0.0003317352291570192,-0.0009244412504176565,-0.0017975960553788786,-0.002815187680453543,-0.0011979661250984695,-0.00022695240572319066,0.00017919846264412428,0.0003759226960593501,0.0004291006385513289,0.0004234015901941387,0.0003647472027861052,-0.00485693529419616,-0.004995344238047811,0.002049027158326891,0.012533423799385051,0.0016743473138406916,-0.0015877785373191447,0.002590030597356771,0.00482057538205,0.004401517268845013
0.02720331502389713,0.0327412123209284,0.03885649810344142,0.044452947671244865,0.048956874613077184,0.05060747523280982,0.05606980479925174,0.05761390140784406,0.07890605401175309,0.07625787106884403,-0.04815231427761116,-0.2552306726835874,0.9139181777178804,-0.27799784860310867,-0.09876980931695112,0.028226410551363358,0.04884441394409799,0.04529869158490234,0.037702586437878674,0.04725320722421257,0.04955990565908291,0.04777445546913578,0.0431786387546501,0.03649879149404737,0.028083413554601103,0.02042055169584667,0.014058582841589933,0.009412090572432594,0.005811125453398216,0.0032793076474981527,0.0021236689769414665,0.0012174175322680592,0.0008366959928469401,0.0010501584953790009,0.000829954429819256,0.0003709962487014774,0.00013567515613822854,9.802635508179058e-5,-0.00011162086914986596,-0.0006134370881288746,-0.0013809194375616507,-0.002579519217336717,-0.004136560346006461,-0.0021076982868469154,-0.0008291327677853643,-0.0002246881232687804,0.00010284634399700777,0.00024069493882279027,0.0002939916602682736,-0.004457844046013679,-0.006903186354775275,-0.00626800812208513,0.010630285396493265,0.01895626058279782,-0.0027743503137950677,-0.003305868757908258,0.006002304084152312,0.006011923097706025,0.0027638866209331184
0.026652805550578192,0.03321275223466312,0.04104958032529186,0.04912920600112205,0.05689613814014589,0.060507433573037055,0.059758051286039025,0.05286338111565112,0.06868055564102402,0.07987713612239115,0.03222339298454385,-0.11964565066946396,-0.27799784860310867,0.983867079768923,-0.18907305290107435,-0.08524836051910428,-0.01915531805687865,0.021444413109750884,0.037792947088025976,0.04464896975555403,0.04474582989278371,0.0446347255897829,0.042302061307671,0.03671591945034694,0.0283805484749181,0.02047326761011633,0.013918459967998415,0.009311396676138799,0.005891852997396323,0.0035615662321772075,0.0023649112856522383,0.0009421720045933524,0.00012871471619439634,0.0008167134259896392,0.0008999176066931807,0.0006286059896012429,0.0005004239144930594,0.00047626298794603176,0.00036011913667871826,3.459889478551183e-5,-0.0003943809017096975,-0.001079849468061096,-0.00177341061622813,-0.0004264832801379549,0.00037714674073319757,0.0006436150073780105,0.0007298074561235126,0.0006818576680289604,0.0006035865698504804,-0.004696007934744332,-0.004985608882934181,-0.004473120868155919,0.013610939868614686,0.012799812984662904,-0.004229242865207347,-0.008098942977308602,0.004506731259603741,0.00610231187020447,0.002202814978644173
0.023731453289253322,0.030023792091836265,0.03778772758720535,0.04697220889974382,0.057450622946665565,0.06884072421553926,0.07931911520676109,0.053219324654320464,0.04545593302212907,0.04634809583155903,0.03689857036816212,-0.007070444945308103,-0.09876980931695112,-0.18907305290107435,1.036762300343508,-0.22289349840876974,-0.1164816355754893,-0.008159873540157143,0.031126244294599106,0.0352817720493527,0.03561929692416511,0.03878017018610048,0.03940774604278933,0.035484415800097924,0.027693037633280904,0.019813180756329145,0.013157040686593362,0.008468175686715096,0.0049491499517767415,0.002576061584714036,0.0017513827257405622,0.0005659587220437556,0.00016719223386327841,0.0011726290258834609,0.0013325547816685373,0.001056420104192787,0.0009203325301556026,0.0009876669068063998,0.0009216789152549446,0.0006683620790554399,0.0002964722729780482,-0.00032965767959641714,-0.0010195125899448247,3.260496954693348e-5,0.0006295616025002722,0.0007706307368696535,0.0007751110878780874,0.0006819359884305781,0.0005795920397176208,0.003288592768017423,-0.0011471218009428323,-0.003701552674799438,-0.002919838544770143,0.01448180578969905,-0.004433984146453904,-0.011027736171442482,0.0032226255577666937,0.005960643680968417,0.002221001754034058
0.022454632908597387,0.02868454511227374,0.036522908141154414,0.04627844916583328,0.05760035597582632,0.07041645005887821,0.08279770751722362,0.04865189284400872,0.03477999160374294,0.032080554342354,0.04558959255763506,0.05285446242124478,0.028226410551363358,-0.08524836051910428,-0.22289349840876974,1.0218484569640507,-0.17425952854986534,-0.06272591512938204,-0.005683197086283657,0.002024519282257137,0.011052277422183796,0.022121080309634448,0.02882638296111892,0.02870250503818829,0.023139119248966392,0.0165251907872465,0.010793425181803415,0.006921479215571989,0.004180720664274514,0.002487252140116904,0.0016781234243967399,0.0007269953496015169,0.0002364276479105308,0.0008808366194223147,0.0011618137721864923,0.00117289550098663,0.0011387774034131984,0.0010992871750646431,0.0009993737084642987,0.0008146004200390085,0.0005898782811361201,0.0002816004573926895,4.098248709774764e-5,0.000425307223979122,0.0006144605205803689,0.0006100691915578179,0.0005709681869167082,0.0004916822933297228,0.0004128187933912667,0.0017378687453956801,-0.0024890933154516014,-0.0031720543267105754,-0.005001259701037783,0.0003351309131314345,-0.0010719295164556479,-0.005350053126315369,0.0002565973911675801,0.001838845839396009,0.001782871029548656
0.022020974699852036,0.027862848128635227,0.0351852905291282,0.04438944325976961,0.05499898325122721,0.06596631979724313,0.07383950394147597,0.04677864646400952,0.03671355217482296,0.039913326432621174,0.05431270277390766,0.07023780561655225,0.04884441394409799,-0.01915531805687865,-0.1164816355754893,-0.17425952854986534,1.1183036030875213,-0.13319838830350622,-0.08206409071535505,-0.057789232569770733,-0.026173157535683528,-0.0008178683414566814,0.014236657054992583,0.01928537160623476,0.017309031323193717,0.013024953671446312,0.008792720366302907,0.0058184923390204,0.003682351729292127,0.0024162556362881233,0.0014814616121070687,0.0016138299145246398,0.0016553686184113815,0.0010387560210729208,0.0010050912840247176,0.0011089641574749526,0.0010905556660555707,0.0009110646649810841,0.0007121423463603934,0.0004911213509396879,0.00024434079681437393,4.181306816013056e-5,-0.00011152265475552015,0.00017370591108859334,0.000276411962101574,0.0002766365677878013,0.00028190461802498896,0.0002667020471679417,0.00024023426157978377,-0.00573103089157375,-0.00698265301548335,-0.0027698867216294277,0.008648282007458872,-0.006616797393264489,0.004700919915985534,0.009964395408932975,-0.006476271911457419,-0.008036476198759166,-0.0009832274011869033
0.020802138403473978,0.025829230646279993,0.0320116197209583,0.03959867849934245,0.04826688805760027,0.05751921140021844,0.06520627581218301,0.04683663421643293,0.04147480018000779,0.04573295745190843,0.05315307181516012,0.05969279534506859,0.04529869158490234,0.021444413109750884,-0.008159873540157143,-0.06272591512938204,-0.13319838830350622,1.119129203493073,-0.13839024898368818,-0.10334983382538698,-0.05712357297740408,-0.02503480664425335,-0.006259943697609159,0.0028325675512612504,0.005860156682876188,0.005942822133134397,0.004935993626718005,0.003831468199612122,0.0028597923624282947,0.0022548405877209784,0.0012635042758855459,0.002827448885850026,0.003543087399025511,0.001750308753361852,0.0011738678787985427,0.0011176649840022985,0.0010045793940443167,0.0006976704194494379,0.00040956592304010184,6.775044248452151e-5,-0.00034622783779147037,-0.0007227262392660915,-0.001093806349410524,-0.0004948685289248674,-0.00016887897094761928,-1.4382756620593343e-5,9.42867921950116e-5,0.00015573443483220844,0.00017549782053653625,-0.007773485671514893,-0.008217826835288726,-0.002352675789840118,0.01531086555682382,-0.0015346234011925871,0.007437286509518901,0.022558648758500104,-0.008329421208869323,-0.013825708567084058,-0.0024847684110362316
0.020820048102353956,0.02516996993672194,0.030142700065455538,0.03569197899943682,0.04110339356272543,0.04592667932621724,0.04825186323656049,0.038318822751556764,0.03608201949213903,0.0405756590313723,0.04260988064224871,0.04732841804116101,0.037702586437878674,0.037792947088025976,0.031126244294599106,-0.005683197086283657,-0.08206409071535505,-0.13839024898368818,1.1639665706908815,-0.10226476073556359,-0.06689767993916662,-0.04280380427159391,-0.02745692145913762,-0.017002341780482967,-0.00922825047327688,-0.0041704904480055855,-0.001275416435494759,-9.933634520733895e-5,9.755002742714179e-5,-0.00012141579640965134,-0.0006808219191456991,0.0017681325765409857,0.0033178006240897374,0.0019409608383629676,0.001457459040026846,0.001314852489446452,0.00121819076687413,0.0009109358834898075,0.0005604885073481192,4.45513339403769e-5,-0.0007325322906060483,-0.0016834119264687144,-0.0030368409544589588,-0.0020119008032576254,-0.0013818176371713186,-0.0009621800031635999,-0.0006543624665862057,-0.0004174628221446362,-0.00026394791186077054,-0.0069136018950538445,-0.007256141708811462,-0.001412276811892732,0.015362930474893342,0.0032451581989687834,0.003232330970867224,0.01747901830145759,-0.004552916958806791,-0.010155792152378497,-0.0026437833417753873
0.021206959019639645,0.026290946974980946,0.03248096287082028,0.03980920392848927,0.04771767673815483,0.05512801160949479,0.05962219395729115,0.041782043149648646,0.036979677431005824,0.04266766899807436,0.04854229782533642,0.054295273778252245,0.04725320722421257,0.04464896975555403,0.0352817720493527,0.002024519282257137,-0.057789232569770733,-0.10334983382538698,-0.10226476073556359,1.1885762189406033,-0.08857824140664897,-0.07230537433706759,-0.056813624352584316,-0.042457675345636915,-0.028883368032877298,-0.018471467918977538,-0.011152437503380463,-0.006880126486126374,-0.004409081476128739,-0.0029551416131183396,-0.002025573882630394,6.00145872588045e-5,0.0016070668038961793,0.0012161936768320465,0.0010464304339637656,0.0010194377308254546,0.0009694767670145529,0.0008465173694312244,0.0007281561484914907,0.0005158300943219168,0.00010744333747125416,-0.0004548333775013927,-0.001366217055482795,-0.0010987842951253718,-0.000907092861690973,-0.0007060216811024714,-0.0005406230311053235,-0.00038270386798676105,-0.0002707897636911682,-0.005271704579312535,-0.006008471022931536,-0.0009696105581606115,0.011376195116408416,0.002175781993664975,-0.00034706973657875484,0.006086660966019111,-0.0038356906573834277,-0.005506436765861183,-0.0028691435561233134
0.023181938332599666,0.029152414122210424,0.036432659183412715,0.04476349601091896,0.05308798233107784,0.058923889108611266,0.05872528966436668,0.040175420641460166,0.035606921913734324,0.041725437433984075,0.04937920995318353,0.0539561940883862,0.04955990565908291,0.04474582989278371,0.03561929692416511,0.011052277422183796,-0.026173157535683528,-0.05712357297740408,-0.06689767993916662,-0.08857824140664897,1.1942966658625553,-0.0960346341191766,-0.08633198236787983,-0.07105091043154269,-0.052100123874167806,-0.035548599239178726,-0.0227355297299858,-0.014462579712681986,-0.008899165984735145,-0.005270429361468104,-0.0029756046792279067,-0.0013694614843951546,-0.00020719678009335874,-2.2918291534788284e-5,-7.064394937286294e-5,-2.4137930861056882e-5,7.0190670436618015e-6,0.0001469426985034428,0.00037587548852182815,0.0006113041891434253,0.0007518550090174003,0.0007793180373247975,0.0005314897243029302,-3.420132855992912e-6,-0.00029934482794356315,-0.00035495798607610037,-0.0003742327827143371,-0.00032242916034626654,-0.0002703783674765219,-0.003851572086619627,-0.004777551803583312,-0.0013027025885790314,0.006930086280917574,0.0025591922485664726,-0.004745564632583578,-0.002843705616286868,-0.0027837888832588815,-0.00180310503258869,-0.0033812649316169773
0.02420425225479616,0.030649901609890146,0.0383880530326978,0.04674047216787565,0.0542463669239332,0.0575554585983691,0.052918652763649585,0.03733565827884386,0.03441782710099532,0.040088716527126,0.04676957583210077,0.049323755645548716,0.04777445546913578,0.0446347255897829,0.03878017018610048,0.022121080309634448,-0.0008178683414566814,-0.02503480664425335,-0.04280380427159391,-0.07230537433706759,-0.0960346341191766,1.1840217931112198,-0.10609735889252489,-0.09245185744199386,-0.0702814315662042,-0.049040325564619555,-0.03177999140872527,-0.020211720709971757,-0.012020131890695904,-0.006581885940332345,-0.0034409361119267365,-0.002073897085128051,-0.0013780466441585058,-0.0012093619113430311,-0.001333596375524435,-0.0012151394011243482,-0.0010537261205949841,-0.000630827191085844,-6.038986950679377e-6,0.0007892272008657854,0.0016840129770491722,0.0026487200420960647,0.003634499690144033,0.002144303331888095,0.001203993859351968,0.0007183026987885891,0.00036974683905738114,0.00018681969078634914,7.638229940369688e-5,-0.0027202917520837097,-0.0040033203742370045,-0.002230922047535912,0.0028858840767570153,0.002602422026189103,-0.0078076332692659815,-0.005691330677808662,-0.001001070346625458,0.0004149770709022759,-0.0032412597771777334
0.023464696073001584,0.029669172192155188,0.03696515408465052,0.0444239113944195,0.05044976041013969,0.051738338669378076,0.0451537730549085,0.03347741702849678,0.03226621017303385,0.036823713576663246,0.041650392899983284,0.04273474265142133,0.0431786387546501,0.042302061307671,0.03940774604278933,0.02882638296111892,0.014236657054992583,-0.006259943697609159,-0.02745692145913762,-0.056813624352584316,-0.08633198236787983,-0.10609735889252489,1.1811420465283848,-0.10016987780725956,-0.07814579389239296,-0.055653863230262605,-0.03676308612201443,-0.023770871704172553,-0.014194331049737005,-0.007694419507553877,-0.004069398501366458,-0.0028691595666478407,-0.0024990080599563,-0.002527329156334308,-0.002661642751950767,-0.0023397211669450753,-0.0018861716021339424,-0.0010649842306288348,3.4957273427421686e-5,0.0014680357897924206,0.0031987779818658294,0.005194892857341651,0.007496098291475165,0.004747543088118337,0.0029727392604577143,0.0019376941172992645,0.0011953115407294036,0.0007414849985946176,0.00044844179196233165,-0.0023585683738644846,-0.0037837130550784667,-0.002957072158722943,0.000690821494292259,0.0023864355615614737,-0.009518643614840859,-0.005171342812521307,0.0007392340399924204,0.001529201968289213,-0.0028241409199592977
0.020484440724522667,0.025913918285191885,0.03224263483992834,0.03853895620110973,0.0433236073151208,0.04370485329101211,0.03747457278408192,0.02817786692876834,0.027941751398822278,0.03152198841635575,0.03507882891443695,0.03533085853205667,0.03649879149404737,0.03671591945034694,0.035484415800097924,0.02870250503818829,0.01928537160623476,0.0028325675512612504,-0.017002341780482967,-0.042457675345636915,-0.07105091043154269,-0.09245185744199386,-0.10016987780725956,1.1986395968554704,-0.07490449099876066,-0.05518618677275307,-0.03800454152906888,-0.02567760636720919,-0.016050877109509507,-0.009156394510437108,-0.005203402739616764,-0.00428184315348955,-0.004123772206544698,-0.004229334894564159,-0.004115295586350831,-0.0033255735403418894,-0.0023287540876338114,-0.0009155572439146441,0.0007599749435731386,0.0029006812723312674,0.005495950139950501,0.008501699659517569,0.01199579942823448,0.007585159475851161,0.004754653123866972,0.0030632331624602495,0.0018902321381624333,0.0011619738295771855,0.0006980102317990149,-0.0027269701200479243,-0.0038541415058314355,-0.0031941856502482988,0.0003088342584690209,0.0017278645182163092,-0.009742923140176996,-0.0033921534011540225,0.0016106085138332686,0.0016154121100160912,-0.00249619150655803
0.01585621382190089,0.020087310760380745,0.025032899407013327,0.02997545697283337,0.03371568370036887,0.034032836724828784,0.02966818862715509,0.02139312477413089,0.021421919278804095,0.024333100326649752,0.027152562365452108,0.02713050079444649,0.028083413554601103,0.0283805484749181,0.027693037633280904,0.023139119248966392,0.017309031323193717,0.005860156682876188,-0.00922825047327688,-0.028883368032877298,-0.052100123874167806,-0.0702814315662042,-0.07814579389239296,-0.07490449099876066,1.2291173001623827,-0.048928978162987094,-0.0361868985077773,-0.026364087884456423,-0.017923522455442664,-0.011246266282951844,-0.006999435487586482,-0.0065533146509729415,-0.006518070546163954,-0.006395735418048797,-0.005674220116691532,-0.004129310060135856,-0.002319802443996951,-7.245676716003909e-5,0.0023150737640912737,0.0052341026860420505,0.008694748129527169,0.01259639264066373,0.01700534711547761,0.010530910661220182,0.006446636791003503,0.00400970404497919,0.002392793796571267,0.0014064768953692241,0.0007994836290806674,-0.0036724084315353563,-0.004075445496794351,-0.002951326690427855,0.0013142755162981563,0.0009544429238556678,-0.008826904838322441,-0.0010995505806266753,0.0014683811632773267,0.0008851470117509482,-0.0023750200227254064
0.011802474634805884,0.014861845153450516,0.0184472102688367,0.022124241527888232,0.024954875232851687,0.02538102287151835,0.02287115452123833,0.01503883681185672,0.015084377752375457,0.017642193359581816,0.02001037788302894,0.019977958315366032,0.02042055169584667,0.02047326761011633,0.019813180756329145,0.0165251907872465,0.013024953671446312,0.005942822133134397,-0.0041704904480055855,-0.018471467918977538,-0.035548599239178726,-0.049040325564619555,-0.055653863230262605,-0.05518618677275307,-0.048928978162987094,1.2507295376241627,-0.033375978863422834,-0.026758327721414156,-0.02025688117813897,-0.01431256583638444,-0.009636224285389695,-0.00986908517752968,-0.009814123739285046,-0.008745724975507787,-0.006913229056714341,-0.004388990156670363,-0.001607351958747744,0.0016186848743501487,0.004738609804088548,0.008332432151033475,0.012438719245158616,0.01683498851904254,0.02152841399406233,0.01290000630346649,0.007604731470158652,0.004498921616113211,0.002542161001697799,0.0013908563241444042,0.0007156698392741412,-0.00470411283245194,-0.0043021392715270335,-0.0025870971557328563,0.0025323097584442943,0.0003557689536261574,-0.007387668995912877,0.0010075130890536195,0.0008162794323750967,-0.00012006585508397786,-0.0025229674341424144
0.008653703758961824,0.010717314955456999,0.013122439101071958,0.015680279142945522,0.01767878014800446,0.018100064954680143,0.01687295552972427,0.00989698040283798,0.009965825932031987,0.012259559765142635,0.014060736767721804,0.014104330384811344,0.014058582841589933,0.013918459967998415,0.013157040686593362,0.010793425181803415,0.008792720366302907,0.004935993626718005,-0.001275416435494759,-0.011152437503380463,-0.0227355297299858,-0.03177999140872527,-0.03676308612201443,-0.03800454152906888,-0.0361868985077773,-0.033375978863422834,1.261742992747521,-0.02698685048386669,-0.02319694657097113,-0.018794815916253167,-0.01340142340015904,-0.01477993570698871,-0.014497225600444374,-0.010814920777488525,-0.0070464437469350836,-0.0034022184913072664,0.000343679780385203,0.004452320824639057,0.008101852100372458,0.012104882902402029,0.0165503935426007,0.021083638574611544,0.02562497757219623,0.01486688387869555,0.008423383160902808,0.004708770697216763,0.0024913922700605705,0.0012358760852247406,0.000538599721629202,-0.005358466860284164,-0.004278743224437316,-0.002237347079899941,0.003088437107182976,-0.00024958458382944666,-0.006327774627212727,0.0030486328914521893,0.0002934164166699202,-0.0010260107986904275,-0.002780522447442206
0.006426863375579832,0.0077438129678846996,0.009240087799738853,0.01089200872242424,0.012163771880883035,0.012496651216487575,0.012023560958618802,0.006258218658714627,0.006454940456208414,0.008508867046218034,0.009574632556268342,0.009770334305492394,0.009412090572432594,0.009311396676138799,0.008468175686715096,0.006921479215571989,0.0058184923390204,0.003831468199612122,-9.933634520733895e-5,-0.006880126486126374,-0.014462579712681986,-0.020211720709971757,-0.023770871704172553,-0.02567760636720919,-0.026364087884456423,-0.026758327721414156,-0.02698685048386669,1.264575502440347,-0.027271209386101003,-0.025918137809132585,-0.019102399288774843,-0.022548202315429405,-0.02153965439137916,-0.011261947905870212,-0.004092914654440789,0.0004847134933515497,0.004657737709031825,0.009015633719973165,0.01259791544397543,0.016469893945086776,0.02082726187632465,0.02521020326914998,0.029432761940663108,0.01660297402358859,0.009080462536235205,0.004829804070780729,0.002423065900793377,0.0011094085940630933,0.00041527342805690505,-0.005520198972486733,-0.004048594045415268,-0.0020598227735950194,0.002750439142661176,-0.0003963241660859896,-0.0045966364410357724,0.005632507395329885,-0.0013024304834192695,-0.001648161498899887,-0.00270017261099591
0.00491120918504941,0.005676609068245717,0.0064781158662589,0.00738543940496374,0.007995548130411532,0.008042678155702783,0.007739869919078849,0.0033957694628682106,0.0038864730814424236,0.005795260523802183,0.005965390420024192,0.006432099941112979,0.005811125453398216,0.005891852997396323,0.0049491499517767415,0.004180720664274514,0.003682351729292127,0.0028597923624282947,9.755002742714179e-5,-0.004409081476128739,-0.008899165984735145,-0.012020131890695904,-0.014194331049737005,-0.016050877109509507,-0.017923522455442664,-0.02025688117813897,-0.02319694657097113,-0.027271209386101003,1.2590254497428248,-0.03731016472446182,-0.02788428716298706,-0.035226686527917654,-0.03259566089437756,-0.008414945554510701,0.004595448863629574,0.009523158601772698,0.012907028012297489,0.01594258144322781,0.018048736380090948,0.020654020649664935,0.02404410322133836,0.02783996928340324,0.0316638914348897,0.017344670531545633,0.009072431580315463,0.004529476536673868,0.002099350168150131,0.0008351800388006609,0.00020775828871996102,-0.005140236638583294,-0.003511611150810226,-0.001917566658807185,0.001640046706894007,0.0005671945734490076,-0.002907285601138827,0.009676911489294093,-0.004251618656999441,-0.0021062246175218274,-0.0022112455332134796
0.003455225391592054,0.003864794836389089,0.00423503298234359,0.004646279879472033,0.00482307422305717,0.004697715319106998,0.004480628395286963,0.001437599697608439,0.0021403477143888618,0.003865586718103528,0.0031955528119349563,0.004084843343484108,0.0032793076474981527,0.0035615662321772075,0.002576061584714036,0.002487252140116904,0.0024162556362881233,0.0022548405877209784,-0.00012141579640965134,-0.0029551416131183396,-0.005270429361468104,-0.006581885940332345,-0.007694419507553877,-0.009156394510437108,-0.011246266282951844,-0.01431256583638444,-0.018794815916253167,-0.025918137809132585,-0.03731016472446182,1.2430413682247923,-0.03750551849968932,-0.04895122554438063,-0.044343532560694954,-0.004088243236614103,0.015753924013059,0.020935212105108462,0.02289644796955783,0.023320830705213607,0.022892533538863512,0.02347754583276504,0.02535568036882362,0.028528078503435653,0.03256725634275186,0.017284397571485526,0.008673322115151306,0.004129634368054234,0.001821263972251802,0.0006638927063089805,0.00011409918663611934,-0.00400258609457112,-0.0025726667829732816,-0.0018036817466580788,-0.00039428816719735087,0.0029944405660123925,-0.0012628941951600724,0.013760197766743408,-0.007507650016257351,-0.002293046162120584,-0.0014099894777270345
0.0021906825259681837,0.0024347562242709514,0.0026343473257689964,0.002832786085619783,0.0028572163384777225,0.002726314478092394,0.002628874587042295,0.0006659417357051185,0.0010470290032673507,0.002129056190978536,0.0016499925927753645,0.0026448718209843374,0.0021236689769414665,0.0023649112856522383,0.0017513827257405622,0.0016781234243967399,0.0014814616121070687,0.0012635042758855459,-0.0006808219191456991,-0.002025573882630394,-0.0029756046792279067,-0.0034409361119267365,-0.004069398501366458,-0.005203402739616764,-0.006999435487586482,-0.009636224285389695,-0.01340142340015904,-0.019102399288774843,-0.02788428716298706,-0.03750551849968932,1.2583721957580016,-0.04061719904690048,-0.037929448013517005,-0.011015686426313903,0.007067879822022647,0.015215243478067504,0.019638865839072185,0.020421836480965235,0.02011440770150669,0.020623604922622107,0.022199891798045743,0.02531813567000423,0.030649336635751333,0.01563239988836538,0.007720914069122824,0.0036669162805392204,0.0016426770774776703,0.0006262871553679646,0.00014468971322183845,-0.0029113320926005166,-0.0017484274312084,-0.0017556374034507283,-0.002312855034371218,0.005588428498940633,-0.0007546112693691571,0.009150420493842579,-0.004019017525566564,-0.0017404301024827914,-0.0012124999158834393
