2.1427042455926157,1.3500592573558263,1.156614205725805,0.14101091697532575,0.4563566946356071,0.4227696524314047,0.5274730645587287,0.3844928947464298,0.4250164658285435,0.45592317830709433,0.4270542315744049,0.4687374603583544,0.46930880617519266,0.5214385535599003,0.5235048630901383,0.36797717568628596,0.3525928748208351,0.4608886315369496,0.4198257341443772,0.3675451471311359,0.38187144625880587,0.3832378160577718,0.1315526150716312,0.22918699864879918,0.46936024703551393,0.438293123459873,0.3716697246535743,0.31351495397449564,0.4981968411373734,0.06230471772842394,0.5367478098924462,0.5643155815165615,0.18977178145904328,-0.1477522593744789,0.31776088820218223,0.535801349785797,0.2568383768469718,0.2716157634969131,0.31082414858612745,0.23511772784917345,0.44912089624857443,0.35065547420238535,0.21139177315534996,0.05429774514472229,0.41032976680075595,0.5258147721566099,0.34917873506603564,-0.07666240913110112,-0.1752106880809542,0.07087342975818325,0.012415106875886506,0.004893126238304164,-0.12179937964054288,0.028291027655559773,0.22839655455377744,-0.09503371424825664,0.5301270525742852,-0.004411562153908829,-0.5465950983424134
1.3500592573558263,7.266000640405837,1.2680698748775872,0.3951796791784614,0.7297207628467063,0.1535561468402357,0.8072477063006489,0.4928167862837175,0.7476550652410854,0.8352194853070648,0.6342208747042982,0.6771574372695252,0.9759630891118615,0.7606635132849202,1.5382257544393665,0.39786985451471857,0.6734591036510297,0.38369474485648747,0.7004187950371986,0.9791182628713891,0.6736409993581935,0.5047756112309357,-0.7001372037387543,0.3198515181501838,0.1566960732971672,0.6511959017171639,0.6335365596144679,0.7685761093282946,0.6199984551177822,0.5308070885703533,0.9621735027501482,0.7131268983795536,0.5308030589699292,0.3332166752718564,0.8366119452308225,0.7465272421896013,0.9351650317827497,0.5062404957228742,0.5271720730879632,0.3390114350359023,0.9884667371728015,0.64089315628284,0.43375664497443633,0.07516535952993403,0.5555729360665215,0.6215915164605224,0.5711073399692793,0.016639852466734793,0.4120710240327276,0.3227103339197035,-0.3449729509063029,-0.14322046047452955,-0.023752306045231257,0.02872611970991342,-0.3374323330877942,0.10046934113048962,0.18189829467229485,0.17724388280457537,-0.2844555825946988
1.156614205725805,1.2680698748775872,2.868252148571336,0.6536404487605981,0.16313111378183756,0.7273127524498809,0.6200261859285966,0.7748747262436013,0.8321063077683969,0.7829875194927891,0.7092588316723385,0.679384347923958,0.6686365539772071,0.602381787497317,0.5625789902651445,0.5514876171147454,0.6358310330929352,0.7922106724176267,0.7924885463233837,0.4860079274972772,0.5970746540161511,0.6771305820216547,0.34074128255912184,0.48410352273409013,0.7233581453268624,0.6925371700851192,0.5229398873377559,0.3821841616873259,0.8166343617922688,-0.33951130730658746,0.6591650556003532,0.6884265098648009,0.3217250457038666,0.44165703025623637,0.3569239514870952,0.9406578605675577,0.47392858577504404,0.3417128572040585,0.5138060026710021,0.12590670411385102,0.5327813330951668,0.5617274076883563,0.2718205882504263,0.0938316095210545,0.32451994961571073,0.951812044504117,0.38906018187430635,-0.18035954034803064,-0.6387893901044356,0.19260220626236416,0.11964997505242277,0.1613653618416428,-0.11195086698593168,-0.3412806335876286,0.0046477538365564735,-0.2960348239467302,0.17052642594559614,-0.2116380012768764,0.07500935372104378
0.14101091697532575,0.3951796791784614,0.6536404487605981,2.053418682698512,0.40779951800193753,0.40943913734677073,0.4586230523640785,0.43004079244745524,0.3421817072046913,0.3228684315384759,0.47695024908468886,0.5366338846918455,0.40295714543138234,0.45195622411556025,0.3124881495530268,0.4466065281558431,0.38716176076410547,0.6916814066316641,0.18116426604891925,0.43946840212732535,0.3574130466549527,0.3987786097200681,0.40724625521425245,0.3732081997275129,0.3879587891951576,0.438297548685062,0.3704027788216759,0.08820074364138952,0.39321190704866654,-0.01488172783585656,0.5050559578351818,0.4362702407132685,0.2583898331846307,0.4924816571028005,-0.13844246715681868,0.5308235546026657,0.33821657638733926,0.26789839772219143,0.3693981711901086,0.10337343316193684,0.2871710611976095,0.345473275526014,0.20537214184048805,0.11924658718566263,-0.0750891639464301,0.3961770861901255,0.41677094988717545,-0.06736811215811864,0.06824822630345195,0.11192503839547338,-0.023647511384386914,0.3208126863741579,-0.14939522222277823,-0.3920387526886348,-0.26556378569448286,-0.09509235743413819,-0.03797332188252478,0.038506461730222465,0.012124068765332082
0.4563566946356071,0.7297207628467063,0.16313111378183756,0.40779951800193753,1.329475017745488,0.18421246044246303,0.37091001601782786,0.41127925387520314,0.2348131908025954,0.20182388953627478,0.2735613678609845,0.31125024992359557,0.37265701137740115,0.30498465725878143,0.287470063287615,0.34943670922942616,0.2574432815463532,0.38996474596382685,0.15894629222333875,0.3434628524194637,0.26640459784880655,0.29872590287566964,0.22840032779562516,0.19125357399284684,0.07916499631368759,0.335922855543624,0.2719570868363856,0.09400639207121535,0.2817719215232624,0.1794610983789435,0.34168173685973435,0.3038874931354328,0.1424612813756815,0.3147198129885183,-0.03877262629147588,0.36108504198610486,0.3216600631000156,0.17147599284779916,0.23867413068048776,0.1630810197861341,0.33511054155132597,0.26904260889059606,0.1957319411060038,0.05470641850145727,0.07424383915364743,0.20314458074033084,0.32894844174717275,-0.02638410182187781,0.1564906551763147,0.10244203218376002,-0.20222897087247385,-0.11646553549607229,-0.08503667029832487,0.22873228831737513,-0.1501349887972295,-0.059800344374693414,-0.10208268980931497,0.10175291880763067,0.05333587347286951
0.4227696524314047,0.1535561468402357,0.7273127524498809,0.40943913734677073,0.18421246044246303,1.1476678276753107,0.31505911431410516,0.5360698254948789,0.3554197268405171,0.26255354343871845,0.39856290951591095,0.3979185952025198,0.46740302596226424,0.4753088441280116,0.3769691172694569,0.3388980330986748,0.40657050169145814,0.47078203892141685,0.34955724984840786,0.4295698207533404,0.3329441621900884,0.3592402980580331,0.20345099360539765,0.39120917331185723,0.7067528647856475,0.5005390974228041,0.3571616850069387,0.1633709057181977,0.7356226185303839,-0.03192373764790467,0.5338143798173536,0.5092549152062404,-0.05611607917016964,0.35499230087244554,0.28334994507368544,0.3939911226332371,0.11316708558673495,0.27548656538084076,0.3316421014865612,0.2033834770250834,0.1519355839283975,0.3338422233534864,0.2741091530094444,0.07549832132855254,0.20006504017958432,0.36778799096853554,0.2981586627929054,-0.0771126533201848,0.05303593338088969,0.09280639929593186,-0.20091540442895292,0.0970568210750563,-0.10266696405221756,-0.034302036649324186,0.03986960079961908,-0.1170579918836611,0.2563059848790082,-0.059402476758461685,-0.15336211375757813
0.5274730645587287,0.8072477063006489,0.6200261859285966,0.4586230523640785,0.37091001601782786,0.31505911431410516,0.7581180117671632,0.21686648850278123,0.47427571446093325,0.29275601328779666,0.42724541546556893,0.5157974537180298,0.37450151514672897,0.32968702333136884,0.18705562272782247,0.41913317420064256,0.3758607508028803,0.4739793260651982,0.3185786877015762,0.3532304826810102,0.3337365212373216,0.44043440721900756,0.27646339311386636,0.302069987974959,0.31605742336704046,0.37326067290465254,0.3325537074048822,0.14755329779556728,0.34264668438586965,0.02573404239770651,0.40783277759738457,0.37696344147669514,0.15545427920308422,0.33836406420008647,0.13292825295098626,0.47116421648037043,0.27508822428722257,0.22667159806763815,0.3967329313294175,0.17103531561120985,0.3115910840048134,0.3091289407621637,0.24275905838824965,0.061005882253174645,0.07007947797847754,0.3734512262356518,0.31171254711435786,-0.0663951368779742,0.2562583872685666,-0.023929149009877405,-0.09103185110753456,0.11897941237377298,-0.05814308893158615,-0.15543300126978812,-0.16685202204530175,0.10178506741665708,-0.008536460519790536,0.10569260597562609,-0.3976704702884198
0.3844928947464298,0.4928167862837175,0.7748747262436013,0.43004079244745524,0.41127925387520314,0.5360698254948789,0.21686648850278123,1.0681484656569284,0.25496203649111304,0.29020779291050103,0.35375137790145866,0.23425025374369304,0.4397695822787871,0.4424485398118502,0.36847704684507776,0.32014246460513185,0.33574282255783533,0.477828340710709,0.3132541067787029,0.39654788177009886,0.33535269741054535,0.30404197817281614,0.17622073349177556,0.27095595811823026,0.42013128009023787,0.47400154339410827,0.32013038182241504,0.18086748508661385,0.4578590972518676,-0.0213383356648114,0.42486206780953384,0.45478929452733036,0.14135185170890666,0.3402425929560044,0.27195105260300867,0.4039243413702974,0.26968498311543054,0.2457174381609439,0.35839940123796077,0.1878495447900328,0.2863683835646308,0.33798668912179297,0.23528164689554706,0.06550326238710813,0.14743817555739683,0.3863681751652953,0.310255118242194,-0.0334324532631707,0.029475794644427605,0.18936823605141162,-0.10642241366804009,0.029826411588855673,0.050670042423795573,-0.13372744142744372,0.07128524577421289,-0.27953294464391093,0.26924990177293306,-0.08255510191091371,0.1547004901612932
0.4250164658285435,0.7476550652410854,0.8321063077683969,0.3421817072046913,0.2348131908025954,0.3554197268405171,0.47427571446093325,0.25496203649111304,0.8633969633722648,0.30670659774913506,0.3655668144739539,0.38834227690367257,0.4081866223771034,0.3574783248068573,0.13112325935735955,0.3993214759380466,0.41559147030770827,0.4447258459479766,0.45905078467329635,0.2903594850906479,0.37392256797717266,0.5961269476051501,0.2712559726831184,0.34585518099184265,0.18510186038481474,0.4131882948361137,0.3103644561040159,0.22081068419894925,0.4015692115798007,0.02380831918886347,0.41429296735595594,0.40492555221912657,0.23100627730078427,0.2887957942902928,0.18467114798463236,0.5136226165376861,0.3638833450461333,0.21572063301530284,0.4096160089297206,0.16365157458527743,0.33244851669852005,0.3335006630017796,0.21010591246322904,0.0651039825915179,0.10420709625940477,0.423663723674377,0.31419686728338925,-0.09595683841552481,0.22341253758870516,0.10157065185450682,-0.013466687344230864,0.07062183777260297,-0.0558325289895489,-0.17151051620182678,-0.07627856193569009,0.05862835109045755,0.01373580451288822,-0.07708224949163052,-0.18860198313238785
0.45592317830709433,0.8352194853070648,0.7829875194927891,0.3228684315384759,0.20182388953627478,0.26255354343871845,0.29275601328779666,0.29020779291050103,0.30670659774913506,0.8072919556375455,0.2358417580124732,0.27292217966375154,0.2809660805154742,0.29403603166258196,0.4032418895826468,0.2683154664035685,0.29655983473544134,0.32968639553856705,0.319644875960565,0.19391006226123514,0.23469181321333216,0.27872475135355507,0.23517805001278544,0.27245653018583366,0.32316245556594725,0.26133824345117873,0.22398116725048126,0.19080538989165682,0.3829283922810014,0.1047359735026091,0.25259515777648633,0.2996877204777092,0.15804907092868548,0.2680406420943294,0.19508029489064108,0.4239121933215308,0.317409864952033,0.13233740906368174,0.24013559052533825,0.1048035548903768,0.3101591562050193,0.24086231185104742,0.16111991374985601,0.058121230231320195,0.14858033647001628,0.36898070587812526,0.29602790757719444,-0.05306800747905182,-0.10045822282803903,0.08239604907923394,0.024314409675905008,-0.011002008665791199,-0.01882638276161623,-0.03861387013672281,0.04925637898280313,-0.05888244045013949,0.13234458874756136,-0.13246215905377237,0.0057822771465721665
0.4270542315744049,0.6342208747042982,0.7092588316723385,0.47695024908468886,0.2735613678609845,0.39856290951591095,0.42724541546556893,0.35375137790145866,0.3655668144739539,0.2358417580124732,0.6844831491665082,0.5066120871985834,0.39000516366217053,0.3501732241235991,0.3098878133305941,0.35158910073391986,0.38017942815841793,0.4820796230864579,0.21509782936433405,0.464427546408429,0.32812446272921403,0.3526282075356519,0.2122709014061189,0.2867749813955568,0.24664602861333002,0.3901400041166788,0.34004540685009244,0.15573223327628713,0.3930515078957162,-0.00931313976159685,0.45971332082740024,0.38147176641064484,0.11388756208713231,0.31262820132899605,0.27364629807791446,0.4466628415761482,0.25680044431086024,0.2594696144925527,0.3793141115812712,0.21933792546011044,0.32105834461702604,0.32638077707884494,0.23762800200480122,0.0510017764219602,0.17468453974272846,0.39463233411564014,0.30549737864401993,-0.04169574034719385,0.12822406374745796,-0.028685627579775674,0.01353726459173659,0.042942743309022,0.10821740684274125,-0.15921470933152,-0.15631534792009022,-0.019345032631347747,0.055813697527429505,0.09716168362100686,-0.2842021597122871
0.4687374603583544,0.6771574372695252,0.679384347923958,0.5366338846918455,0.31125024992359557,0.3979185952025198,0.5157974537180298,0.23425025374369304,0.38834227690367257,0.27292217966375154,0.5066120871985834,0.778649801424378,0.4269476318665091,0.3872382216429186,0.272146360903685,0.39572348722443956,0.41454203542476614,0.5173948144457752,0.2858087849154159,0.3963926605856328,0.3312078017624714,0.38851747606327103,0.2506145978031579,0.28079769238161795,0.3937715064213133,0.3966139787199385,0.39273610303267587,0.14269445266308584,0.3485961317799139,-0.058948450004789966,0.42441295707985455,0.43354557343134975,0.10612924705005782,0.3392157128348966,0.16697906583188568,0.529851261916971,0.16739349705066944,0.2380167397936031,0.35870836230291675,0.20770563387896557,0.3019203089413753,0.3179389847662271,0.2250485948526999,0.05229647418526844,0.1360728014305512,0.4090436901347231,0.29444721393318474,-0.07882190091380266,0.021792533013445893,-0.23694297208354434,0.090863429786826,0.14375296445654887,-0.04649793706796908,-0.1450062594320321,-0.24531659944715986,0.04995854146494211,0.006234121880250788,0.13177732420846938,-0.40574318239101886
0.46930880617519266,0.9759630891118615,0.6686365539772071,0.40295714543138234,0.37265701137740115,0.46740302596226424,0.37450151514672897,0.4397695822787871,0.4081866223771034,0.2809660805154742,0.39000516366217053,0.4269476318665091,0.8496098721633101,0.43653055746849145,0.3387649648643676,0.45964125128423866,0.45809060535136786,0.4131230777410696,0.4967194788058938,0.4163677268706644,0.3450252536977267,0.4697826773217036,0.10134512966079708,0.33067033475671803,0.44334478098990754,0.3449005731234195,0.4251158142766075,0.2733255894041225,0.6379539248796664,0.16372636031240043,0.4509476967432659,0.4868638364703736,0.15664272739302743,0.3350629633458965,0.42345659604382585,0.5072022989081957,0.3660729690551594,0.2541517031427229,0.40631909872595,0.21913435812934254,0.44179700196595983,0.36441989329649954,0.28708026043800233,0.06615311724941743,0.14488538644079565,0.47097767314899663,0.35967414066354414,-0.06412175168151152,0.23582601758259927,0.14389079548123018,-0.16978231274745256,-0.07713110130303025,0.053717455456704866,-0.053727893941204065,-0.049656944826331005,-0.10709628970291832,0.09856798704941351,-0.03027031133721346,-0.08480103883256294
0.5214385535599003,0.7606635132849202,0.602381787497317,0.45195622411556025,0.30498465725878143,0.4753088441280116,0.32968702333136884,0.4424485398118502,0.3574783248068573,0.29403603166258196,0.3501732241235991,0.3872382216429186,0.43653055746849145,0.7474557705797038,0.43856614676644595,0.35808040977517575,0.36901451842098454,0.37858158284193383,0.3352462271653929,0.4199864735940048,0.35194855957399324,0.35798624042452276,0.17239475372783242,0.338634736966438,0.4243915092593492,0.4213113671813381,0.358661914845755,0.24598261752189657,0.4586222863042097,0.13627414275599575,0.4760041493545617,0.5757959413283922,0.15963381729035664,0.2280566005060079,0.3151586268377297,0.522569692677808,0.3015173475156685,0.2590179442251148,0.30117783067585047,0.23212478280518925,0.38922269450194646,0.3613433586765776,0.22074734753847663,0.06950818259899466,0.2218690986310638,0.3894934950930785,0.34547079563898514,-0.057060757728915286,0.02934157835083102,0.1102523925424586,-0.0678742846357655,-0.02924373763714883,0.04165551613883106,-0.0651898725060694,0.010250260323202797,-0.10096587145733053,0.3710072015286436,-0.0990140748618565,-0.07505372426855396
0.5235048630901383,1.5382257544393665,0.5625789902651445,0.3124881495530268,0.287470063287615,0.3769691172694569,0.18705562272782247,0.36847704684507776,0.13112325935735955,0.4032418895826468,0.3098878133305941,0.272146360903685,0.3387649648643676,0.43856614676644595,1.2032874524263888,0.11745621724334464,0.2684432266453502,0.2343023378878785,0.19287208422349436,0.4518802201957138,0.30034822460975735,0.09947889777564248,0.14571678909871438,0.28998671693130534,0.348911658839567,0.3150709354485017,0.2624014021479784,0.2726591674930665,0.47163413294124085,0.2911176824716908,0.3478044936139525,0.34964906750515967,0.16807972256621725,0.21812427752515517,0.28934728687625655,0.39565130487475825,0.3895136308261631,0.22085237283676368,0.20507976681497178,0.17141760312813936,0.37342768989639896,0.30021598468868377,0.27201783823541353,0.05261771945901152,0.3001386655256628,0.34614636637849694,0.3229130869599511,0.008852719261773025,-0.03789903982935903,0.1396447486893208,-0.09913201803343658,0.005950778300147438,-0.0024801006194762336,0.03288501398429159,0.11641448438298285,-0.011280642860735862,0.21956141039520927,-0.048609888664447,-0.09886075234237975
0.36797717568628596,0.39786985451471857,0.5514876171147454,0.4466065281558431,0.34943670922942616,0.3388980330986748,0.41913317420064256,0.32014246460513185,0.3993214759380466,0.2683154664035685,0.35158910073391986,0.39572348722443956,0.45964125128423866,0.35808040977517575,0.11745621724334464,0.9372826472220945,0.3893479461895119,0.5023147267210673,0.47427541708436594,0.25580383345869306,0.34262244120425994,0.6269136210457253,0.30754600458207626,0.30843458330513873,0.2625796009156486,0.2266842151193358,0.40783085977573,0.265652153267495,0.47972040043487035,0.13100962122805565,0.3496841191756295,0.44584803749307217,0.13450481118251187,0.3384227821679154,0.4328855852639276,0.5210422512442142,0.380377008706294,0.1882128951526638,0.43721441020561813,0.23248917741299355,0.4348259959809417,0.3820246760901233,0.3591906668978512,0.09356754608242568,0.07310966885676937,0.382956412434412,0.38211353986153135,-0.09542168176655964,0.3004402649818175,-0.033474341023158244,-0.14772571483837196,-0.06117091650410664,-0.007297051467782048,-0.11255971219330219,-0.0011120337860952626,-0.03043838629230939,-0.00999282289904939,-0.006309882127371481,-0.06884740925945705
0.3525928748208351,0.6734591036510297,0.6358310330929352,0.38716176076410547,0.2574432815463532,0.40657050169145814,0.3758607508028803,0.33574282255783533,0.41559147030770827,0.29655983473544134,0.38017942815841793,0.41454203542476614,0.45809060535136786,0.36901451842098454,0.2684432266453502,0.3893479461895119,0.8496700150245302,0.39626114289259434,0.4027105934665514,0.43577722975604555,0.3693029528057853,0.4116147452939737,0.15799480213030517,0.28982253259813445,0.5024904445017845,0.3208154634160831,0.3558336592973173,0.3729338728135536,0.46632755559811845,0.06259544035715732,0.43125314505804313,0.3710304700739258,0.2218902267690012,0.3144934499842194,0.3706880360205591,0.5314594841204733,0.4060548794657254,0.2723537927478729,0.45846974030111637,0.23778294503041641,0.3955190418963368,0.3799090901473522,0.29303974842219516,0.07645084689581322,0.25206623601993455,0.36681660105736724,0.3470862722857406,-0.060731930678571446,0.0630803382762356,0.4474293682510388,-0.134566698400174,-0.005630068927947971,-0.1848915122305181,-0.09405442513648551,-0.24027426509042,-0.040537557170309456,-0.08106758045960931,0.10025687102296527,-0.14231313592622474
0.4608886315369496,0.38369474485648747,0.7922106724176267,0.6916814066316641,0.38996474596382685,0.47078203892141685,0.4739793260651982,0.477828340710709,0.4447258459479766,0.32968639553856705,0.4820796230864579,0.5173948144457752,0.4131230777410696,0.37858158284193383,0.2343023378878785,0.5023147267210673,0.39626114289259434,1.4102187557303876,0.2988808645577231,0.33589537844413697,0.4599067424626148,0.47564752015266265,0.4748629162916231,0.3494037824193956,0.5960152069276095,0.48190468505954936,0.3665782284577077,0.23818331774197,0.43043504541880984,-0.26931065812501787,0.9102991540079398,0.47392599595506096,0.2074105205807367,0.3784112174389886,0.06305005129133631,0.6874313378898774,0.23007523149109604,0.23368103678701455,0.2846766931072404,0.21825357765295272,0.44647932092060527,0.4034531374816599,0.21712500257794415,0.06174247043895175,0.0901915792741879,0.4782732844074161,0.6048056555551924,-0.12805773782003113,-0.549714621039341,0.2318761692515708,0.2890662052781052,0.09604172176279219,-0.4330856926942607,-0.1953115282856587,-0.09679395210027192,-0.1674148473579259,0.04860710614133876,-0.04148715015479234,0.015477470138323396
0.4198257341443772,0.7004187950371986,0.7924885463233837,0.18116426604891925,0.15894629222333875,0.34955724984840786,0.3185786877015762,0.3132541067787029,0.45905078467329635,0.319644875960565,0.21509782936433405,0.2858087849154159,0.4967194788058938,0.3352462271653929,0.19287208422349436,0.47427541708436594,0.4027105934665514,0.2988808645577231,1.3737352206469446,0.06315958991222317,0.38122131896472555,0.4803103243981629,-0.047641383230682954,0.29029891674012015,0.7143325686757015,0.20641409770347044,0.3041357726114109,0.39406092695584083,0.6454535745399494,0.33528614616450975,0.4519588595461347,0.3828581147859348,0.34813135811353707,0.18195706434068085,0.34227274425152066,0.47220888656613014,0.5184310769964439,0.15253863117144184,0.41808793037184333,0.06255834488661806,0.4088861489067699,0.3127581503875872,0.2738466112408104,0.05794457046260546,0.20107388638923115,0.40059265149786755,0.37791978409590055,-0.06724231811677252,0.08211043952899423,0.4385613170115658,-0.2464366399931932,-0.04737432828138067,-0.15195136503290602,-0.12967675364315598,0.04351417676091266,-0.07972527994394606,0.04173184706042946,-0.07328311416892687,0.06834800401818104
0.3675451471311359,0.9791182628713891,0.4860079274972772,0.43946840212732535,0.3434628524194637,0.4295698207533404,0.3532304826810102,0.39654788177009886,0.2903594850906479,0.19391006226123514,0.464427546408429,0.3963926605856328,0.4163677268706644,0.4199864735940048,0.4518802201957138,0.25580383345869306,0.43577722975604555,0.33589537844413697,0.06315958991222317,1.3141393480334849,0.2926747497234866,0.26227235599305154,0.11726727144418748,0.3037391518072884,0.06075839073872712,0.35362827635572347,0.4423683793018456,0.19997723193393055,0.5302982746796384,0.561446500855813,0.531055416591269,0.39887159121955834,0.11363149788552326,0.49639588867940765,0.2954250197256505,0.43540674176599614,0.7520943824529667,0.6147539938321868,0.5093781327911291,0.3170525006971462,0.5676528922454779,0.4316060293956982,0.39733620930128766,0.07142263003583739,0.3690236215071865,0.43613422246299755,0.5273001000307732,0.05439811605509519,0.5540689003136854,0.07411047292903808,-0.302166096186275,0.023903537461715415,0.10509998656819511,-0.07376540695501355,-0.10412561655067805,-0.02395904458344585,0.12827845185393952,0.05492609399796007,-0.19694670018848043
0.38187144625880587,0.6736409993581935,0.5970746540161511,0.3574130466549527,0.26640459784880655,0.3329441621900884,0.3337365212373216,0.33535269741054535,0.37392256797717266,0.23469181321333216,0.32812446272921403,0.3312078017624714,0.3450252536977267,0.35194855957399324,0.30034822460975735,0.34262244120425994,0.3693029528057853,0.4599067424626148,0.38122131896472555,0.2926747497234866,0.6002331226837097,0.36683337450890974,0.18020338932570354,0.26465337784261556,0.39777815568295294,0.3782682667919706,0.29347347761637455,0.3199172850975588,0.47711443921462837,0.10850175293838722,0.5210757815327259,0.38688623689382146,0.25554207383297045,0.19967680471417074,0.29837882935925486,0.5820989079573096,0.39428325946142573,0.220754621145362,0.36062304037673576,0.25666382060352744,0.5145918529176738,0.43559977480590917,0.3269248705325226,0.07746709291407454,0.32636040963284263,0.3565472858055515,0.38583395938665327,-0.04912067268705629,-0.14302942407184904,0.1853918088082175,-0.0035472369134976916,0.021752989891943415,-0.1104009369722186,-0.0995360981761026,0.018978577761999953,-0.08635758179852672,-0.01654242375336547,-0.02420935716310158,0.06795821952470495
0.3832378160577718,0.5047756112309357,0.6771305820216547,0.3987786097200681,0.29872590287566964,0.3592402980580331,0.44043440721900756,0.30404197817281614,0.5961269476051501,0.27872475135355507,0.3526282075356519,0.38851747606327103,0.4697826773217036,0.35798624042452276,0.09947889777564248,0.6269136210457253,0.4116147452939737,0.47564752015266265,0.4803103243981629,0.26227235599305154,0.36683337450890974,0.747318471163674,0.3203696995015858,0.32978539716644145,0.19035881387984896,0.30391425520811566,0.36088949892666117,0.2289758081826929,0.48000183024286885,0.10986309021690871,0.38792526679328765,0.43981520043482397,0.18844495381709128,0.3382369009137025,0.281938162714846,0.5468366966686847,0.3775110190443046,0.2112651366456503,0.4548695422459288,0.19367555248065746,0.39485658197037266,0.35686038685595955,0.2776318797113807,0.08277023049246778,0.03571513046436675,0.4302071267823963,0.364612568760297,-0.12313899806630864,0.3600684081990394,0.08710572897920861,-0.13291782049317283,-0.035870519310659224,-0.03296309009855759,-0.13500115780767027,-0.05280697308786859,-0.0020695059633914427,-0.0026036559081236465,-0.03889533290543592,-0.12124093400851892
0.1315526150716312,-0.7001372037387543,0.34074128255912184,0.40724625521425245,0.22840032779562516,0.20345099360539765,0.27646339311386636,0.17622073349177556,0.2712559726831184,0.23517805001278544,0.2122709014061189,0.2506145978031579,0.10134512966079708,0.17239475372783242,0.14571678909871438,0.30754600458207626,0.15799480213030517,0.4748629162916231,-0.047641383230682954,0.11726727144418748,0.18020338932570354,0.3203696995015858,1.4042891169417098,0.4038080546064084,0.25390438255095904,0.10199839675906679,0.13713911528500777,-0.16109110399175447,0.40486676250746007,0.09507011329750134,-0.2228278660342947,0.16581613211375418,0.07204661073134128,0.348355220848614,-0.27319880021282517,0.5259830547108745,0.27659568978216686,0.07169675266242512,0.32395242381566425,0.17443208969605795,0.17975826478636292,0.18241447545216444,0.2184255068684282,0.09235807971595227,-0.09039862807241605,0.38410877851862174,0.34019099246230716,-0.08489626674852441,-0.029574524418437036,-0.0906829189795334,0.15718670173002602,0.04884947755355923,0.06562278382217344,-0.1006078211012603,-0.03913032854269445,0.03163949843599715,-0.05489055663709407,-0.04327423483088039,-0.07403359533431603
0.22918699864879918,0.3198515181501838,0.48410352273409013,0.3732081997275129,0.19125357399284684,0.39120917331185723,0.302069987974959,0.27095595811823026,0.34585518099184265,0.27245653018583366,0.2867749813955568,0.28079769238161795,0.33067033475671803,0.338634736966438,0.28998671693130534,0.30843458330513873,0.28982253259813445,0.3494037824193956,0.29029891674012015,0.3037391518072884,0.26465337784261556,0.32978539716644145,0.4038080546064084,1.0119026747890647,0.5242611705471764,0.1834308995640192,0.23403205278735947,0.1406296815057052,0.4599674304734706,0.28195750273146936,0.5554912455630662,0.36164915984116247,0.14023109821253185,0.19241025193036795,0.1480030252237806,0.5403791370511546,0.2801246026684169,0.2018310212296419,0.3252785946017316,0.13279261148963453,0.27476042704386267,0.26687013813858285,0.07335144529764699,0.05747097591821585,0.08859917564626593,0.32525951394639335,0.3649376045389197,-0.08474013580126248,0.08258927467506778,0.007319623010993905,-0.0914770905278824,0.12548254977334256,0.04706733788854477,-0.11453574389395019,0.10319605393462139,0.03680942733443216,0.3352608225243789,-0.4209922435632251,-0.009828194357916504
0.46936024703551393,0.1566960732971672,0.7233581453268624,0.3879587891951576,0.07916499631368759,0.7067528647856475,0.31605742336704046,0.42013128009023787,0.18510186038481474,0.32316245556594725,0.24664602861333002,0.3937715064213133,0.44334478098990754,0.4243915092593492,0.348911658839567,0.2625796009156486,0.5024904445017845,0.5960152069276095,0.7143325686757015,0.06075839073872712,0.39777815568295294,0.19035881387984896,0.25390438255095904,0.5242611705471764,3.8169495262524373,0.31883105132162864,0.27948946329088264,0.14333000303642923,1.4446167424175078,-0.058407164994106406,0.8515333234244341,0.4772411262501632,0.16964961371287368,0.45991692095160663,0.17828056566202807,0.680364621198494,0.1978830281863717,0.26444973218181783,0.22768071432155862,0.17824182331830438,0.36847458864454335,0.3266424876435572,0.2755497715151963,0.033306266445920905,0.7682334924085458,0.7682479239345277,0.38294256598250914,-0.18324067992009976,-1.533400857353917,-1.1652561351331083,1.1677334666985653,0.23715588564655862,0.21870484716277672,-0.2970951218186635,0.0074079051987331,-0.20489143879726499,0.23395105992638285,-0.13895753762846605,0.06025823039553661
0.438293123459873,0.6511959017171639,0.6925371700851192,0.438297548685062,0.335922855543624,0.5005390974228041,0.37326067290465254,0.47400154339410827,0.4131882948361137,0.26133824345117873,0.3901400041166788,0.3966139787199385,0.3449005731234195,0.4213113671813381,0.3150709354485017,0.2266842151193358,0.3208154634160831,0.48190468505954936,0.20641409770347044,0.35362827635572347,0.3782682667919706,0.30391425520811566,0.10199839675906679,0.1834308995640192,0.31883105132162864,1.4012976992393988,0.2798657666639199,0.23042844505069746,0.1151410955924652,-0.24419410710378717,0.5452389686933267,0.4927232916073024,0.27360761144414325,0.31517063337109924,0.06260729336048677,0.37805437029773653,0.08089636826090088,0.2500269222329027,-0.2736215131065551,0.13839833659666492,0.2098746883613731,0.3743439304999049,0.20600036390294466,0.003968665743938818,0.03281891284119608,0.35067598876524725,0.1599132899641803,-0.032309028430347934,-0.15121167597282512,0.13200165020459417,0.03825047247622679,0.2094386767820445,-0.2954280727408136,-0.11489937149306591,-0.13852373430556048,-0.08057090488801269,-0.018809727453869152,0.1801425678479148,-0.11329709719506101
0.3716697246535743,0.6335365596144679,0.5229398873377559,0.3704027788216759,0.2719570868363856,0.3571616850069387,0.3325537074048822,0.32013038182241504,0.3103644561040159,0.22398116725048126,0.34004540685009244,0.39273610303267587,0.4251158142766075,0.358661914845755,0.2624014021479784,0.40783085977573,0.3558336592973173,0.3665782284577077,0.3041357726114109,0.4423683793018456,0.29347347761637455,0.36088949892666117,0.13713911528500777,0.23403205278735947,0.27948946329088264,0.2798657666639199,0.706685800436077,0.27326030716984523,0.3344207978105384,0.1348953950668215,0.36988185030995857,0.43146323611523213,0.2351387588290658,0.2983931697041699,0.3101839266271437,0.484293254107171,0.3637691623285017,0.24825757283249048,0.35000868510519134,0.20681547108238782,0.3847281053848206,0.32871628593897667,0.34197221952559503,0.06538502063614299,0.1509027421844914,0.34304946006444637,0.3046929167994383,-0.036844169647524974,0.2641059294888509,0.04691377359708854,-0.16729047451723358,0.06213034067362822,0.00400053946962368,-0.08657966648040978,-0.009162376591029956,-0.05053597805707698,0.14951480021257346,-0.03842488612523041,-0.11259593181508977
0.31351495397449564,0.7685761093282946,0.3821841616873259,0.08820074364138952,0.09400639207121535,0.1633709057181977,0.14755329779556728,0.18086748508661385,0.22081068419894925,0.19080538989165682,0.15573223327628713,0.14269445266308584,0.2733255894041225,0.24598261752189657,0.2726591674930665,0.265652153267495,0.3729338728135536,0.23818331774197,0.39406092695584083,0.19997723193393055,0.3199172850975588,0.2289758081826929,-0.16109110399175447,0.1406296815057052,0.14333000303642923,0.23042844505069746,0.27326030716984523,1.4222615774942577,-0.061197267175405884,-0.006301518252929829,0.3752616161137804,0.3444675613639479,0.6548894634282649,-0.07476677000138761,1.1167305512441636,0.3840764273142702,0.4141232040986187,0.1636949503935899,0.1933304766773101,0.32446304302881857,0.3858990623395516,0.3251997472134214,0.40701769861556275,0.12181500220198861,0.38646037782563736,0.016321047890817415,0.18962989113889356,0.029296749710971848,-0.03338427554785188,0.7898122635711666,-0.25539433868656697,0.6406650742022104,-1.0960837008069866,0.010574290202089,0.41561882874168926,-0.10855135770433759,0.25994440225703375,-0.2834934224232355,0.3109062318483664
0.4981968411373734,0.6199984551177822,0.8166343617922688,0.39321190704866654,0.2817719215232624,0.7356226185303839,0.34264668438586965,0.4578590972518676,0.4015692115798007,0.3829283922810014,0.3930515078957162,0.3485961317799139,0.6379539248796664,0.4586222863042097,0.47163413294124085,0.47972040043487035,0.46632755559811845,0.43043504541880984,0.6454535745399494,0.5302982746796384,0.47711443921462837,0.48000183024286885,0.40486676250746007,0.4599674304734706,1.4446167424175078,0.1151410955924652,0.3344207978105384,-0.061197267175405884,3.696933643147786,0.7304144136641076,0.20677811216067868,0.3934480758859632,0.20374843724441524,0.28453757361449233,-0.051656788320535815,0.7287104444442309,0.9208598805599295,0.23828818357239595,0.539558855245793,0.21517962497022766,1.0685813271137705,0.42342743626242296,0.3543147201146309,-0.025245690730892213,0.4830969370552705,1.0579024345335517,0.702586601650959,-0.08637153290724238,0.4418353073912362,-0.34406041678679716,0.30560708018306193,-0.4333854581884904,0.48309636983464455,-0.05949501351026959,-0.16141337067345252,-0.1444775430008038,-0.1994451598568581,0.1422757606847245,0.14815225055680095
0.06230471772842394,0.5308070885703533,-0.33951130730658746,-0.01488172783585656,0.1794610983789435,-0.03192373764790467,0.02573404239770651,-0.0213383356648114,0.02380831918886347,0.1047359735026091,-0.00931313976159685,-0.058948450004789966,0.16372636031240043,0.13627414275599575,0.2911176824716908,0.13100962122805565,0.06259544035715732,-0.26931065812501787,0.33528614616450975,0.561446500855813,0.10850175293838722,0.10986309021690871,0.09507011329750134,0.28195750273146936,-0.058407164994106406,-0.24419410710378717,0.1348953950668215,-0.006301518252929829,0.7304144136641076,3.8446022883954982,0.190503121068404,0.0007467751196625935,0.5268171674456051,0.07762610678595766,-0.05474555335944788,0.2122728986023242,1.7680225937521608,0.3290937068601742,0.7791908304643202,0.009221895597613555,0.6903428939877378,0.19086987051132379,0.5187664511519886,0.09885385351323198,0.7148572720374083,0.18446486845670285,1.5232226087555971,0.11101465783611834,1.1474409936593457,-0.07126055319339707,-0.6867788479802246,-0.6158199708053205,0.8187605056015382,0.0783392162877828,0.1149619266028536,0.09019403860860299,-0.06375612080329855,0.24622470360878604,-0.3283911878935068
0.5367478098924462,0.9621735027501482,0.6591650556003532,0.5050559578351818,0.34168173685973435,0.5338143798173536,0.40783277759738457,0.42486206780953384,0.41429296735595594,0.25259515777648633,0.45971332082740024,0.42441295707985455,0.4509476967432659,0.4760041493545617,0.3478044936139525,0.3496841191756295,0.43125314505804313,0.9102991540079398,0.4519588595461347,0.531055416591269,0.5210757815327259,0.38792526679328765,-0.2228278660342947,0.5554912455630662,0.8515333234244341,0.5452389686933267,0.36988185030995857,0.3752616161137804,0.20677811216067868,0.190503121068404,2.9388968965012023,0.5664409977734767,0.21257363617137873,0.05994395805574483,0.21340558768002463,0.8705093556772174,0.10434505567721342,0.33509573586528885,0.151965868901634,0.11439865979082173,0.5728555399485357,0.4325673530089639,-0.0975263806875478,0.027130285789970312,0.2896866685307091,0.31209468399058315,0.6340620849605294,-0.15554264476301552,-0.8582500800187383,0.2574799902574844,-0.031336921520668644,0.2560770329640247,-0.40584005058535194,-0.14388864621174513,0.014238096234714146,-0.06655102571248853,0.47126899136323736,-0.3599269364777114,-0.086099872861763
0.5643155815165615,0.7131268983795536,0.6884265098648009,0.4362702407132685,0.3038874931354328,0.5092549152062404,0.37696344147669514,0.45478929452733036,0.40492555221912657,0.2996877204777092,0.38147176641064484,0.43354557343134975,0.4868638364703736,0.5757959413283922,0.34964906750515967,0.44584803749307217,0.3710304700739258,0.47392599595506096,0.3828581147859348,0.39887159121955834,0.38688623689382146,0.43981520043482397,0.16581613211375418,0.36164915984116247,0.4772411262501632,0.4927232916073024,0.43146323611523213,0.3444675613639479,0.3934480758859632,0.0007467751196625935,0.5664409977734767,0.920637348070817,0.1572314839852741,0.2003174683440076,0.34812936915389203,0.6204037959069568,0.17621727242280344,0.2643007225614937,0.2848133402420126,0.2530326218115852,0.43015952191513807,0.403385345924425,0.11900528326335463,0.06365006663348723,0.23629023678002387,0.4605128253835143,0.3375033804579055,-0.0896533992597106,0.0017684818322554288,0.15598290262247008,-0.0035474081080408815,0.16053031922868338,-0.2798206915557003,-0.0653973977288488,0.15201629593563487,-0.16607851946322294,0.7981805937494516,-0.39907520161841964,-0.17178415357252103
0.18977178145904328,0.5308030589699292,0.3217250457038666,0.2583898331846307,0.1424612813756815,-0.05611607917016964,0.15545427920308422,0.14135185170890666,0.23100627730078427,0.15804907092868548,0.11388756208713231,0.10612924705005782,0.15664272739302743,0.15963381729035664,0.16807972256621725,0.13450481118251187,0.2218902267690012,0.2074105205807367,0.34813135811353707,0.11363149788552326,0.25554207383297045,0.18844495381709128,0.07204661073134128,0.14023109821253185,0.16964961371287368,0.27360761144414325,0.2351387588290658,0.6548894634282649,0.20374843724441524,0.5268171674456051,0.21257363617137873,0.1572314839852741,1.6588968852154589,-0.05639923919799318,-0.3306478889436355,0.1671281503610325,0.7785912698081501,0.12886454766005156,0.08159784117038808,-0.0558050365212782,-0.11243688957324766,0.2380523438869055,0.23274137942751363,0.10660775629240507,0.10680288156366675,0.021975137632880417,0.463369752207391,0.03105523185365156,-0.0038739679572851998,0.528729757075613,-0.1927509389834775,0.3458573850203684,-0.31466031146281515,-0.24506888639988678,0.04348232784760808,-0.15113435660925012,-0.16956263804807353,0.020314381742865546,0.37903655766475675
-0.1477522593744789,0.3332166752718564,0.44165703025623637,0.4924816571028005,0.3147198129885183,0.35499230087244554,0.33836406420008647,0.3402425929560044,0.2887957942902928,0.2680406420943294,0.31262820132899605,0.3392157128348966,0.3350629633458965,0.2280566005060079,0.21812427752515517,0.3384227821679154,0.3144934499842194,0.3784112174389886,0.18195706434068085,0.49639588867940765,0.19967680471417074,0.3382369009137025,0.348355220848614,0.19241025193036795,0.45991692095160663,0.31517063337109924,0.2983931697041699,-0.07476677000138761,0.28453757361449233,0.07762610678595766,0.05994395805574483,0.2003174683440076,-0.05639923919799318,1.9673941256196052,0.21663337632656735,0.21963234835896975,0.5245260168228646,0.2898996039113275,0.33782679837916574,0.00555263238869225,0.2173069357433471,0.2816909236215442,0.5407717132488351,0.07795619631830902,-0.10680343994142741,0.45578669916660464,0.3033748779038106,0.021635822482587073,0.6969194007563996,-0.4745656683249172,-0.014210125587983903,-0.04176425035950532,0.3627526055336445,-0.16577283723576064,-0.24635277934227337,0.016371610478504602,-0.36720460711779435,0.18613559164199173,0.0689103212480693
