1.230431136642292,0.23080385565986378,0.08170214999396139,0.17593405576573187,0.23180229846200093,0.09889023178442269,0.13666597427926883,0.10732172118950443,0.05032268560779949,0.13918791721789744,0.11837151904495298,0.14327286902280997,0.051739328065118904,0.09866330281465095,0.20040522269900363,0.1368572169313202,0.028847979823524734,0.188144603659914,-0.016628565506535076,0.13197510317348393,0.10412221173269465,0.11996367103945761,0.21725529514122413,0.06844717253712271,0.1621114499337012,0.07266752378861034,0.09956045530348319,0.04265970337201101,0.10939178191025929,0.147831670026962,0.051492521473041154,0.09306230600808806,0.10956422048895993,0.007901688024469484,-0.0033312267619673586,0.05372668170241711,0.19199541005879112,0.061610124901192685,0.15205171408495752,0.12928415955706024,0.12882716388546958,0.1045803344984188,0.16340745422368233,0.08591304701513916,0.04263474451364142,0.12522491601102415,0.16889079049030972,-0.06934089767189504,0.2951632115451213,-0.05029680558204242,-0.009429464571441204,-0.033116543563326134,0.041394763472667774,0.02159069058570501,0.12118349162690621,-0.015924217631886207,-0.08655201582417033,-0.0708093257991883,0.07542853425739042
0.23080385565986378,2.0392426600886364,0.8750449215487335,0.0642408866114798,0.046168694061062734,0.10171139687673872,0.3981416087348395,0.10441606314720099,0.4071538900725523,0.32522494745312003,0.2615889399888529,0.32638120485288397,0.09821572005429023,0.15541798684948377,0.4592532222887283,0.11577257456683317,0.14625716301305824,0.35255758684240984,0.5156148857534643,0.42659089136476314,0.3277124999145321,0.1903961315115102,-0.1969473533332422,0.05393978618274428,0.19602673812681504,0.2395759078915647,0.32184764507228697,0.42355094171470464,0.37220942172867183,0.24040917650537227,0.3664869827774247,0.2045744015330483,0.38245146868029295,0.14304714587442902,0.2390267428316685,0.3404811668389705,0.6777924623688834,0.21986326699579337,0.2637823508007913,0.1947449869289817,0.4415305389419325,0.2869815879354454,0.4253408955806123,-0.001618506464955187,0.28580628005134584,0.4503878350350642,0.3338200214984687,-0.22620166995080343,0.2861207304701082,0.07676198369133115,0.04174739687900052,0.13026131576564698,-0.22359699571936376,-0.010741771571304003,-0.33569991677222955,0.045534869854174646,-0.026259592443036495,0.30504530654962914,-0.10392068882570181
0.08170214999396139,0.8750449215487335,2.338181306995956,-0.09783061554289893,-0.3997017345171802,0.3655156996911046,0.4017072988246829,0.21618361716897558,0.49097504113317375,0.3055458830187839,0.2656114354305817,0.37567551575050934,0.1184920234292843,0.2580115409788387,0.397903358419944,0.15800786548342477,0.3231551644200516,0.2484194401818861,0.38626611162667157,0.2866619955954567,0.30342972322697837,0.31428892617306825,0.21887596101501677,0.27301087719817396,0.3084009024036605,0.20171297625886533,0.28834079417629904,0.32910024433324014,0.5335745431041905,0.3376628011124113,0.15295769774617415,0.2506330440609042,0.2831119205576227,0.33575755883889813,0.3733681284974761,0.3817327480928901,0.4003204170925268,0.19845883938423828,0.42499904534166427,0.25363033058850526,0.25315854835856255,0.27268617891948993,0.4276542625831616,-0.04940585179751339,0.1705322782604333,0.37206490614555976,0.33325710356428184,-0.16658592504351286,0.5717377575441897,0.0940432085579613,-0.1401272931999678,0.05797171163211956,0.041167182149945525,-0.04506214908240149,0.05943380327242113,0.1874237232349555,-0.18608150664051176,0.016089594534395978,-0.12793097134759723
0.17593405576573187,0.0642408866114798,-0.09783061554289893,0.8452267095244879,0.546806093151941,0.2793895280562789,0.1767474822252401,0.23498362419762034,0.09338947493807206,0.13428769455798167,0.19324207821456796,0.22141141166724096,0.09030015443499981,0.17096525201623824,0.17572525908736572,0.18457055459827437,0.17701552604826096,0.18848960651367283,-0.0031252607326963753,0.15458268294365426,0.12135500916969054,0.11479875444256443,0.19365775653133474,0.16297640190639295,0.17725076877357282,0.1553695806885952,0.11442107768157399,0.04380906533167695,0.22297785325044428,-0.08230278566459266,0.14860401378663565,0.18578552957713718,0.0313197270828444,0.250076916464741,0.03103711613930593,0.07654695179730601,0.15473667714020428,0.10028890962673573,0.15513278654121368,0.06866503341950425,0.08618418847787697,0.12316092525033938,0.0772643338338238,0.22974366859048506,0.005695906590524807,-0.0062004957395273876,0.051443324405706835,0.11958440600371349,0.03814776732370994,0.06207956624500937,-0.058420279471451425,0.1443747798207301,-0.0704031944979033,-0.0401597577112597,0.10861959468675407,0.06712496580707701,-0.20713724659211616,-0.03777477959165837,0.09548925825617302
0.23180229846200093,0.046168694061062734,-0.3997017345171802,0.546806093151941,1.2186947823628145,0.28128234228956417,0.21894093044601348,0.23777358569859808,0.11432260059255894,0.12088104547664427,0.19748540972166626,0.23799670260675598,0.10941924642958406,0.15815869176447134,0.17226913655607992,0.1954571898264774,0.13922054996863142,0.21786212806441196,0.03165909816225715,0.15449286903855233,0.12544617278728687,0.12219148493057534,0.20493289743192303,0.14319058161678025,0.15733511305320255,0.17648467974242457,0.09494244882967977,0.017413199534923516,0.17388341021393575,-0.1552979110520244,0.17435598173165745,0.17818038720699766,0.007995971256826506,0.2441980832653126,0.007806002939550749,0.013350579285813274,0.23214597463437806,0.08673955339131503,0.14303262996312485,0.05950004225754557,0.0897833996228885,0.14353397012599647,0.05309519853237322,0.2266395128182337,-0.03525405009574529,-0.043910933589276134,0.03796880609246277,0.20160199688278246,0.054983545726380555,0.05217666936400084,-0.07053846315678394,0.11178341142245615,-0.056478337383854785,-0.032631929859430454,0.04867454277621399,-0.12606106818181834,-0.22831531701462987,0.022130402860853722,0.3095293983262903
0.09889023178442269,0.10171139687673872,0.3655156996911046,0.2793895280562789,0.28128234228956417,0.7732780876939848,0.24820110681227525,0.42341671963178334,0.2525525893175513,0.1011515309502091,0.28038802646328914,0.3097136148846968,0.12238024212833774,0.25341848239060544,0.21049123179501075,0.18809745136336367,0.2770072360159125,0.18447811986787327,0.16496936449662716,0.2355536301070085,0.18121488632476937,0.20296892200669506,0.1493001296962661,0.18744514127232553,0.25750726839804755,0.2674275773817691,0.18584220486841907,0.03935734347242208,0.37134970594591415,0.02676108484995348,0.15666982806831256,0.25588245039934837,-0.002135728072367764,0.28781147790178696,0.14324082461728965,0.15017566462044996,0.10850415895641702,0.14902875068502527,0.2818446675344099,0.12569500019970103,0.02421841408141344,0.1629977889141644,0.1875118973831222,0.19207042344564293,0.10056108463951371,0.0024538856702023947,0.11976568022385188,0.188640910084594,0.2890067962712254,0.009563120339988572,-0.156513476904925,0.09998700152368996,0.0631352862994647,-0.030000173414642377,0.047820442498797334,0.03325256046379737,-0.19973042488588566,0.045726049813380985,0.026481891834296393
0.13666597427926883,0.3981416087348395,0.4017072988246829,0.1767474822252401,0.21894093044601348,0.24820110681227525,0.586833535269417,0.14645072193102676,0.37952341976305115,0.08076073172540921,0.2130022431936673,0.3367726642587257,0.10014334173681542,0.19166936872757437,0.18066327453776876,0.20435135272449148,0.19897603956220086,0.1737562034834996,0.17430370241186816,0.2553717469141305,0.19605430868719148,0.25695055846639425,0.25598665210931626,0.20667064174778546,0.22408685819718321,0.17707455031573974,0.2058095509998173,0.09686592563910745,0.2988273245398013,0.10541130300345153,0.10043073865797521,0.19857030342976406,0.15502434629294334,0.25597556087626294,0.09077041897222787,0.1583143276212135,0.25777668385145597,0.14124405572972104,0.2882673105262717,0.16295560140632293,0.10676456265445464,0.18051724536705954,0.25607892183006237,0.1085463682176782,0.05401918384374826,0.08424612028830504,0.15400888678456812,0.09285228336930472,0.3778328216238806,-0.059671736745762524,-0.11129209361459146,0.09687712794183564,0.08361819523845741,-0.029852692463808568,-0.01622694391831163,0.08071521978659758,-0.20644597180896393,0.034626502684175664,0.06773852483180268
0.10732172118950443,0.10441606314720099,0.21618361716897558,0.23498362419762034,0.23777358569859808,0.42341671963178334,0.14645072193102676,0.812729966392099,0.06241399812126185,0.25009181579933676,0.23669766538630582,0.12194700450604012,0.13860625110154035,0.2874416441228413,0.11908239661238142,0.18171513995515082,0.3267369760311586,0.22750506092722353,0.20712550206878336,0.1920645579960018,0.17851438277716233,0.1517246121276223,0.14205878936510316,0.15650645812671055,0.26384721594464694,0.2235882758945455,0.16080359230516575,0.03976907376232914,0.2881689239624041,0.17001691270408856,0.17898397605884794,0.27755121409368444,0.08310867935085554,0.24446316320053135,0.05840633467121554,0.15824106238261704,0.20932429627585833,0.11190647274482786,0.36203130848725684,0.10738869297790744,0.11508600259874563,0.1560042316158304,0.20301242438666695,0.11303970145679178,0.07649098150596269,0.11631120028258374,0.2133963611001037,0.0353126041009513,0.47823735217223234,0.12532295718232625,-0.072192712169095,0.03753459925595127,0.020943588391512346,-0.0753810737344636,-0.04029491181672001,0.04241039706161388,-0.10996481374003772,0.10167678723196917,-0.020598506577398836
0.05032268560779949,0.4071538900725523,0.49097504113317375,0.09338947493807206,0.11432260059255894,0.2525525893175513,0.37952341976305115,0.06241399812126185,0.8869369185814644,0.00886662566116411,0.13390633391322007,0.22911144502597106,0.08209864913545029,0.2054129048486093,0.1664836438217952,0.1144561323995833,0.21136336235253894,0.17655464562972226,0.17763066425468385,0.2656644359253459,0.21547061192724476,0.38271875221092977,0.2893388626861,0.2612876222055709,0.18116440335907957,0.25336589731253994,0.1945133608610835,0.16446597580692535,0.23350053588250977,0.1695754615484113,0.1385795791583165,0.216354458982353,0.2180015482282268,0.2273466674117896,0.09574179343694411,0.21145889281004088,0.2809462577955478,0.15411790720968124,0.2802021691270594,0.18170048394339988,0.1079344104835576,0.2064315857879161,0.30447418215860267,0.029160339940021575,0.09620159689706724,0.1874073457014661,0.18988765838920832,0.045230576552201654,0.3172988357295363,-0.04156453617197047,-0.09158605091076416,0.1634597339563328,0.04932501248304464,-0.06852422165841117,0.07569627295087654,0.10552339690213419,-0.17256712512866285,-0.0728264422074951,0.019470901985860666
0.13918791721789744,0.32522494745312003,0.3055458830187839,0.13428769455798167,0.12088104547664427,0.1011515309502091,0.08076073172540921,0.25009181579933676,0.00886662566116411,0.8822625903054789,0.2239783375362218,0.2594429869987923,0.10515669706958101,0.28018581091358274,0.27255322958294725,0.2594669539780641,0.24149276818057225,0.28951472709557036,0.4354256113652673,0.07965360393022809,0.1839918288220285,0.1569328473786759,0.203325177942752,0.2073062559669605,0.26444742392766746,0.05109535929604052,0.204165812256695,0.22064217297956648,0.3084614705826663,0.27940448929734585,0.23852934801385178,0.2753625192377447,0.22292283835295054,0.3415343440743791,0.18598674760478134,0.262262369656043,0.4516242407722658,0.0795792546460068,0.33858252717181975,0.11675933339483226,0.35442012684358637,0.17323995632073427,0.22221790957858065,0.06744836049378407,-0.020835596870641456,0.3208932332924863,0.3196673443165187,-0.12690288969260627,0.5158063519413595,0.12651891598442985,-0.036895637962057186,-0.07949822226368715,-0.04821221193640597,-0.0018899346011115904,-0.11223400688816305,0.07479283863634378,-0.03331555351095261,0.08872542853239776,-0.04294014034873258
0.11837151904495298,0.2615889399888529,0.2656114354305817,0.19324207821456796,0.19748540972166626,0.28038802646328914,0.2130022431936673,0.23669766538630582,0.13390633391322007,0.2239783375362218,0.47348580775571714,0.33065634174234304,0.11492677470688326,0.16350918656702665,0.27821899987525434,0.20640778511956476,0.28511379475242987,0.19470818065979584,0.19379950441222296,0.2804201108717756,0.20568490144252863,0.15975447768530115,0.16758263958625488,0.21056006726231882,0.22412191790592972,0.19309863662527946,0.21467636720825997,0.1600745653413818,0.267870122524663,0.08293934690677486,0.2096986165031661,0.17024893986645492,0.13315473282913956,0.19113301337790722,0.18236244381769265,0.17124411427458225,0.2441819006586368,0.14897245003370305,0.2960093493263835,0.18376533252027008,0.14694715641907352,0.20361897851281233,0.24626294594295464,0.09066090677909137,0.11829968608332575,0.12829768512286663,0.16181631227106424,0.09855113026460977,0.3051196137117944,0.04022717087746932,-0.0843331037143971,0.10356372702329078,0.007771910464210731,-0.03652884782532647,-0.009058178558732779,0.047845424202854155,-0.1575951086204142,0.055404537492956846,0.017489255574830255
0.14327286902280997,0.32638120485288397,0.37567551575050934,0.22141141166724096,0.23799670260675598,0.3097136148846968,0.3367726642587257,0.12194700450604012,0.22911144502597106,0.2594429869987923,0.33065634174234304,0.6539682068136212,0.10003406759202792,0.23432274896354943,0.2942949282292976,0.28002487082895067,0.2700487511801897,0.11574632507908096,0.23553569345336714,0.28045313390150234,0.1958315187048468,0.2229974986490948,0.21074949395811088,0.2187354180579818,0.2983474822958094,0.17940157075025254,0.28583923940105244,0.04836134311179619,0.37371832025777263,0.08902014228244196,0.10233251309905812,0.23384056028609682,0.13058649535618796,0.27291403650193574,0.09074949125338606,0.24418976916730292,0.17612765811924785,0.1603076807223373,0.3286156592771163,0.16281366902384697,0.11670277959122666,0.17911629166286608,0.22113629394657758,0.11732667159470989,0.037027322964910264,0.13317375541476023,0.13330355911397723,0.05952404142724599,0.4056470303211839,-0.1425299107449073,-0.12196552954151882,0.053075926495291935,0.15673025663909507,0.012458821633761816,0.04080463099247842,0.1008999477079756,-0.2350591858256796,-0.008493444915904971,0.046990862805158955
0.051739328065118904,0.09821572005429023,0.1184920234292843,0.09030015443499981,0.10941924642958406,0.12238024212833774,0.10014334173681542,0.13860625110154035,0.08209864913545029,0.10515669706958101,0.11492677470688326,0.10003406759202792,0.18325609190853098,0.109411523681858,0.05388772930725666,0.12114793499625708,0.13956408699150016,0.0861456524027789,0.09491179725627265,0.08931280238400245,0.09170838575010298,0.11632748736073426,0.11033056559795283,0.1035623349941921,0.10559181067364118,0.0626027915413588,0.1023575194991281,0.0680419699141082,0.13561860160363468,0.07238294686511605,0.06673528309883481,0.10497298539602107,0.06555721028755679,0.10996899993236015,0.08550531109287746,0.08787035561695766,0.13610147573791953,0.049540787009027934,0.15465113257129967,0.07847886124344036,0.08297185535250866,0.0874819162803341,0.13868748475481785,0.0593259712271258,-0.002588301356649385,0.08049277388917299,0.08761512005493957,-0.003878878378017196,0.20151317790729512,0.025498918435142064,-0.04615754348993625,0.02201454753525319,0.02103725214138594,-0.022661986149138977,0.0278990594766045,-0.003481229786333802,-0.07299369104188251,-0.023920062535963373,0.06446879945030441
0.09866330281465095,0.15541798684948377,0.2580115409788387,0.17096525201623824,0.15815869176447134,0.25341848239060544,0.19166936872757437,0.2874416441228413,0.2054129048486093,0.28018581091358274,0.16350918656702665,0.23432274896354943,0.109411523681858,0.6573519299219895,0.2539119455771423,0.3947961995018503,0.3179867308238267,0.17463925808207914,0.17711663415112808,0.1575197609930848,0.23483589140699984,0.28684360336270665,0.3325281924390977,0.30223351956763334,0.3208648306525513,0.10549795422551614,0.20889472292598116,0.1195973238584766,0.43165035782366157,0.3221201113998918,0.12993923745143138,0.5987211505692607,0.1891367518310608,0.2556788887145477,0.09235009451272319,0.3626378503790072,0.3074506525196127,0.12630215009264914,0.3547568861279681,0.1853355557854713,0.2833559211081406,0.2183686776787854,0.31175676408516645,0.023025293539279054,0.011349117915050484,0.39136590458607,0.28049627382630277,-0.3136169517213266,0.6057649227782682,-0.021465036456698554,-0.05946034542153146,-0.16626329074741011,0.10421228572834715,0.05902606437859112,-0.05373015300430023,0.14229701582847684,-0.33765554947204596,0.09930383200640008,0.14250542481045889
0.20040522269900363,0.4592532222887283,0.397903358419944,0.17572525908736572,0.17226913655607992,0.21049123179501075,0.18066327453776876,0.11908239661238142,0.1664836438217952,0.27255322958294725,0.27821899987525434,0.2942949282292976,0.05388772930725666,0.2539119455771423,0.7647689989443933,0.22099360576641874,0.24633704439730117,0.3310605625968268,0.1884706143812331,0.2652987719447904,0.2855296091050027,0.16129075833961393,0.39349081144023257,0.33263820557544144,0.3109093048831194,0.1265055900948229,0.19773425764934746,0.31210499388890284,0.3469801146372314,0.3177237154655225,0.2313392966049317,0.2489567108071125,0.2700794185026005,0.2730815876353108,0.21764559350497084,0.2272723265523616,0.4872340267099506,0.16026700246474654,0.32745107487876923,0.24483022028885043,0.28738166559846023,0.2926377106860549,0.3522363615028461,0.012220088082561897,0.10192892093471467,0.3136095626580591,0.3521376619640967,-0.06610216782528812,0.585057371845132,0.26327309187013875,-0.09101673473850078,0.06881996396677684,-0.10320077980075307,-0.06373455956698243,0.016004579924596078,0.14905241257749866,-0.43530674430305766,0.0294501357463554,0.21966784349951868
0.1368572169313202,0.11577257456683317,0.15800786548342477,0.18457055459827437,0.1954571898264774,0.18809745136336367,0.20435135272449148,0.18171513995515082,0.1144561323995833,0.2594669539780641,0.20640778511956476,0.28002487082895067,0.12114793499625708,0.3947961995018503,0.22099360576641874,0.8396358889986555,0.32409736437035336,0.17011925771311312,0.1840505387438601,0.1879831975147655,0.2040084410712086,0.40000885993302565,0.322806317287828,0.29701788580650934,0.3197474170609777,0.013778751999708702,0.2493484509616492,0.11638763600311192,0.37968410563213606,0.13638880222442681,0.09874656416486491,0.35383404900035753,0.13612881364925739,0.27280065425691913,0.16646567268300186,0.21541040769316797,0.33709048216204096,0.12339731350778477,0.3432884810604337,0.18838106856915085,0.2371525855864951,0.18861246803647017,0.3724584537513631,0.1641930736972821,-0.029372728937419906,0.21185460417040924,0.18751919896165653,-0.1480959476472807,0.4597454006027517,-0.20241104551810807,-0.12118691773474506,-0.05385672258782,0.17533739564640186,0.042008767841593894,0.14529806336121032,0.10253545890902313,-0.4424455091835163,-0.07766861779543556,0.2641885415264535
0.028847979823524734,0.14625716301305824,0.3231551644200516,0.17701552604826096,0.13922054996863142,0.2770072360159125,0.19897603956220086,0.3267369760311586,0.21136336235253894,0.24149276818057225,0.28511379475242987,0.2700487511801897,0.13956408699150016,0.3179867308238267,0.24633704439730117,0.32409736437035336,1.0577061243298829,0.11818236683660045,0.15637458795487708,0.41733975684740887,0.24924675857477913,0.29885515150043607,0.2789842724157954,0.2744763538167411,0.34466729164482585,0.18595202690212304,0.2720220444181256,0.2988409357794727,0.4725538726252274,0.008945369046540573,0.12474489966151527,0.3179286943127587,0.25495371860603333,0.30837582865507696,0.16318497303644594,0.2256464535860697,0.4843571350516966,0.22233973148810834,0.3527823909473814,0.25562094563046056,0.16575172261592455,0.23269202997965477,0.41180532018434407,0.05349685606103496,0.05871220801457289,0.20271825981629946,0.143221750026775,0.06733229158743059,0.41040577493072133,0.4835185788860007,-0.02183896782030481,0.04917513162066984,-0.2536041075573243,-0.14252249805126205,0.10381931643923503,0.08768207483899125,-0.3119129426885092,-0.049123617816395154,0.14048641201957268
0.188144603659914,0.35255758684240984,0.2484194401818861,0.18848960651367283,0.21786212806441196,0.18447811986787327,0.1737562034834996,0.22750506092722353,0.17655464562972226,0.28951472709557036,0.19470818065979584,0.11574632507908096,0.0861456524027789,0.17463925808207914,0.3310605625968268,0.17011925771311312,0.11818236683660045,0.5965620540899315,0.14877396263458792,0.0483935572277882,0.22837237133294244,0.1634408630169338,0.3671320344559776,0.23237156047397442,0.20968883746096928,0.16871554476729722,0.06784099736499521,0.2530925962040708,0.20954190607471215,0.19031149979517978,0.3220776967006655,0.1876548162768642,0.17205410366613916,0.23007953833468692,0.13848834838402796,0.1200288367088913,0.41825904974646616,0.05970211004298181,0.21859863502687174,0.1649183094355244,0.3037417834813493,0.2317306287750588,0.32991700347854175,0.04503039269632774,0.13442476441807985,0.2851220034326475,0.37847880407328666,-0.07502267406665526,0.3900566754485724,0.2740648606417515,0.07647335479885208,-0.007156598323173439,-0.24309313287332499,-0.07715668700881242,0.0012549459214849068,0.05502340047769941,-0.20123444874590202,-0.003353635595723977,0.14952499070612693
-0.016628565506535076,0.5156148857534643,0.38626611162667157,-0.0031252607326963753,0.03165909816225715,0.16496936449662716,0.17430370241186816,0.20712550206878336,0.17763066425468385,0.4354256113652673,0.19379950441222296,0.23553569345336714,0.09491179725627265,0.17711663415112808,0.1884706143812331,0.1840505387438601,0.15637458795487708,0.14877396263458792,2.212795713339898,0.14080603616758688,0.38490708720540995,0.20771952193691107,-0.3617589877066407,0.16931345419607408,0.20499844964374112,-0.21273554806526,0.15663127109603495,0.5449804702820751,0.25206772457582005,0.21249647996699844,0.48982627984727806,0.17373077691379196,0.4374197459666608,0.17912500314182678,0.42015748674266,0.2391286171091186,0.7574630495237179,0.12139682836744015,0.6168988278123752,0.06527330810900359,0.3021026499823018,0.3315326281034619,0.31320806604687834,-0.0029719194839974757,0.2454517442517893,0.16024182982800952,0.28820928984747657,0.5024746739561625,0.6454453951691203,0.5089397098811748,-0.2759540333909746,0.3221574169890447,-0.3350682382399444,-0.11279506757294597,-0.4449148670435792,0.034540487932653144,0.031003858221118678,0.4688967337811133,-0.1420408477767235
0.13197510317348393,0.42659089136476314,0.2866619955954567,0.15458268294365426,0.15449286903855233,0.2355536301070085,0.2553717469141305,0.1920645579960018,0.2656644359253459,0.07965360393022809,0.2804201108717756,0.28045313390150234,0.08931280238400245,0.1575197609930848,0.2652987719447904,0.1879831975147655,0.41733975684740887,0.0483935572277882,0.14080603616758688,1.3035307296567682,0.15039016493811888,0.17591413989559826,0.13970822835412022,0.2373858485420862,0.24482940359328054,0.17840485505340076,0.3792428532894271,0.26949217904024986,0.2600173688279551,0.2565525974345295,0.08968797568986497,0.15469701513117626,0.4283944865898024,0.26700237607040334,0.021764234545411994,-0.06308319012289072,0.8645563761156111,0.5504555232762879,0.31702861002373955,0.4436599970549264,0.15603419899529694,0.08971047154077344,0.7454726490247567,0.2438556957086123,0.12726275640294848,-0.011058025609585263,0.2586390960838377,0.411413995566821,0.8792664937880728,-0.05935553440442601,-0.18063969079499526,0.28868092655424404,0.04664670487814958,-0.055320071169156916,0.052239646850728676,-0.0025947391387480304,-0.07645731052585324,-0.06928577206457491,0.11071079521135622
0.10412221173269465,0.3277124999145321,0.30342972322697837,0.12135500916969054,0.12544617278728687,0.18121488632476937,0.19605430868719148,0.17851438277716233,0.21547061192724476,0.1839918288220285,0.20568490144252863,0.1958315187048468,0.09170838575010298,0.23483589140699984,0.2855296091050027,0.2040084410712086,0.24924675857477913,0.22837237133294244,0.38490708720540995,0.15039016493811888,0.5578089793242659,0.21684567451226183,0.23658200254263176,0.2718338355196933,0.22310584257621907,0.06227749938914625,0.1750427216936691,0.296833847686027,0.2932356413946547,0.30676513209710654,0.3001376909831053,0.23772599541940412,0.3175357516002151,0.12436773155215036,0.21881601147387295,0.28752518949470823,0.3119924885978741,0.12770716352479505,0.4467100363572678,0.24849473348578507,0.36113091967996297,0.5440916978463424,0.40371739907237775,0.12140585693035087,0.3827093671586482,0.31925068439553467,0.3525041885371617,-0.11195774262642273,0.6070579112805382,0.0607030468936326,-0.044466481312457826,0.048828390892492926,-0.046501926117609615,-0.014231638123696483,-0.09202267495069746,0.05408283246063699,-0.4184173527020711,0.1584490210115181,0.258402213175815
0.11996367103945761,0.1903961315115102,0.31428892617306825,0.11479875444256443,0.12219148493057534,0.20296892200669506,0.25695055846639425,0.1517246121276223,0.38271875221092977,0.1569328473786759,0.15975447768530115,0.2229974986490948,0.11632748736073426,0.28684360336270665,0.16129075833961393,0.40000885993302565,0.29885515150043607,0.1634408630169338,0.20771952193691107,0.17591413989559826,0.21684567451226183,0.8236174056824109,0.3413326945089814,0.27247029971747977,0.24816927278567194,0.09510051160551548,0.20457671658131107,0.10730582088846348,0.2943829901471925,0.17958923090375994,0.07443517212494476,0.26666326018431663,0.15822511506401898,0.217803492740228,0.10265368295087278,0.12273078355809316,0.3069902403366786,0.09830944046212174,0.31722071980904265,0.183177842859597,0.18378153270928763,0.21989662876923974,0.43666768767750236,0.1081266667688708,0.015430695791626372,0.1707711269589246,0.21047473496057284,-0.0506393560974723,0.5150593450288043,-0.12287726001261873,-0.09904691063738569,-0.07383015588831188,0.12406452730717892,0.0109102983320088,0.133581122469566,0.07975876179696217,-0.3058465756718889,-0.1032295305353916,0.1779016453142236
0.21725529514122413,-0.1969473533332422,0.21887596101501677,0.19365775653133474,0.20493289743192303,0.1493001296962661,0.25598665210931626,0.14205878936510316,0.2893388626861,0.203325177942752,0.16758263958625488,0.21074949395811088,0.11033056559795283,0.3325281924390977,0.39349081144023257,0.322806317287828,0.2789842724157954,0.3671320344559776,-0.3617589877066407,0.13970822835412022,0.23658200254263176,0.3413326945089814,1.7257584439790001,0.6816198540928808,0.49233843759158064,-0.1266401961755158,0.19004156409000517,0.10282181187119582,0.554657342598302,0.5716232712970317,-0.34269484137692585,0.26724141686942626,0.3020087620278576,0.603393843635269,0.08620807862181146,0.0748518197100033,0.5505422421825361,0.07131010216024532,0.6106881476516535,0.47420046480224903,0.09322163816977841,0.2635835783633095,0.42659440648804436,0.04356955321732713,-0.2819451927942324,0.108043970450417,0.4685399148695403,0.16673323670391824,1.293254638381995,0.040600258595104896,-0.2309199072978299,0.012587780339453881,0.3342535153573089,-0.061626691342813435,0.3264973180651308,0.10867970235348785,-0.7456226039488155,-0.28146134878196377,0.7129903552719417
0.06844717253712271,0.05393978618274428,0.27301087719817396,0.16297640190639295,0.14319058161678025,0.18744514127232553,0.20667064174778546,0.15650645812671055,0.2612876222055709,0.2073062559669605,0.21056006726231882,0.2187354180579818,0.1035623349941921,0.30223351956763334,0.33263820557544144,0.29701788580650934,0.2744763538167411,0.23237156047397442,0.16931345419607408,0.2373858485420862,0.2718338355196933,0.27247029971747977,0.6816198540928808,1.1467090534053808,0.3365796541273522,-0.07765184157385194,0.19913289605149065,0.2047942212603898,0.3877867616143926,0.32422439866409336,0.4847024159956406,0.2696931390210923,0.16333990378392046,0.36459270533452404,0.2405477732827056,0.2727783059454178,0.3729980587435697,0.1707824430938111,0.45785430799600535,0.2525829795753157,0.32262690321348125,0.2884635204182004,0.17477863730195695,0.06403744112555998,-0.005143558568378451,0.2658254760161526,0.2898363496068862,-0.06962603780888198,0.5593707487427666,0.013821366802556878,-0.20806777084785721,0.15207576227649613,0.18248112365515318,-0.06946113609588964,0.3377377652664214,0.2163797027290905,-0.4493995050434534,-0.5236835043516065,0.6377952845435925
0.1621114499337012,0.19602673812681504,0.3084009024036605,0.17725076877357282,0.15733511305320255,0.25750726839804755,0.22408685819718321,0.26384721594464694,0.18116440335907957,0.26444742392766746,0.22412191790592972,0.2983474822958094,0.10559181067364118,0.3208648306525513,0.3109093048831194,0.3197474170609777,0.34466729164482585,0.20968883746096928,0.20499844964374112,0.24482940359328054,0.22310584257621907,0.24816927278567194,0.49233843759158064,0.3365796541273522,0.8884305771339269,-0.006793061445661316,0.21563165351274627,0.1138285746539195,0.5387468864296033,0.3320784824465552,0.053967134237055604,0.28798163609013366,0.18245398263160043,0.40009108790635184,0.18575340320280828,0.2949154271933809,0.3827986034861759,0.15666048253438727,0.48587816151121593,0.2371022568101285,0.19434622845728539,0.21158828981112737,0.3211793463821223,0.05967659912946684,-0.0005724283037357841,0.3295430788644496,0.31443735571133424,-0.19607216354208074,0.6459195101082073,-0.10342904502533215,-0.10560405031706074,-0.015089970601379152,0.2111110660116537,-0.017458464501226765,0.06333332634662785,0.13934041512872997,-0.3360407763636996,-0.0327783824613376,0.16486462596176527
0.07266752378861034,0.2395759078915647,0.20171297625886533,0.1553695806885952,0.17648467974242457,0.2674275773817691,0.17707455031573974,0.2235882758945455,0.25336589731253994,0.05109535929604052,0.19309863662527946,0.17940157075025254,0.0626027915413588,0.10549795422551614,0.1265055900948229,0.013778751999708702,0.18595202690212304,0.16871554476729722,-0.21273554806526,0.17840485505340076,0.06227749938914625,0.09510051160551548,-0.1266401961755158,-0.07765184157385194,-0.006793061445661316,1.4351562750551157,0.16794892584816085,0.1719027700673494,-0.22923375557883663,-0.050462033736849786,0.14149665263731798,0.12127344661554045,0.1617208572273441,0.02010268591345079,0.10726227115296252,0.1613235477497649,-0.22142763494323323,0.1296808573058573,-0.7855960045377751,0.07060662055621486,0.13170048908181825,0.10990156655106785,0.40386080819910586,0.08431476070572926,0.23098461386572147,0.06649509148987293,-0.05727285151443697,0.18230700960660015,-0.47279388362661773,0.32515925667699963,0.028382155456878812,-0.2760503114797724,-0.24094562914773768,-0.01884166485621583,-0.00685588956795014,-0.03548015018076333,0.1319710176386259,0.0023957725416781845,-0.15382093936098576
0.09956045530348319,0.32184764507228697,0.28834079417629904,0.11442107768157399,0.09494244882967977,0.18584220486841907,0.2058095509998173,0.16080359230516575,0.1945133608610835,0.204165812256695,0.21467636720825997,0.28583923940105244,0.1023575194991281,0.20889472292598116,0.19773425764934746,0.2493484509616492,0.2720220444181256,0.06784099736499521,0.15663127109603495,0.3792428532894271,0.1750427216936691,0.20457671658131107,0.19004156409000517,0.19913289605149065,0.21563165351274627,0.16794892584816085,0.6668082327844116,0.22077296969985122,0.21926660360376987,0.18671801604611435,0.0710965327979785,0.21952784245295176,0.2971398593713964,0.16835173630583575,0.17425849073585406,0.26301049575028523,0.35737005080062223,0.18411436682175436,0.23610850663409097,0.2363422670666234,0.24200155938737308,0.1729242191582463,0.5066647502818197,0.15973648939274007,0.046799964247943145,0.20691294872916235,0.15782185987635405,-0.05096945535897609,0.447389621568696,-0.12635543139251476,-0.14109250247008495,0.06152637242964923,0.10395124666487186,0.05180417731887531,0.037760328127052496,0.012135711523984256,-0.13090261384652968,-0.032298125717054,0.11310642702914431
0.04265970337201101,0.42355094171470464,0.32910024433324014,0.04380906533167695,0.017413199534923516,0.03935734347242208,0.09686592563910745,0.03976907376232914,0.16446597580692535,0.22064217297956648,0.1600745653413818,0.04836134311179619,0.0680419699141082,0.1195973238584766,0.31210499388890284,0.11638763600311192,0.2988409357794727,0.2530925962040708,0.5449804702820751,0.26949217904024986,0.296833847686027,0.10730582088846348,0.10282181187119582,0.2047942212603898,0.1138285746539195,0.1719027700673494,0.22077296969985122,1.8207863632561359,0.0329826328390723,0.20899468511339594,0.302742491959321,0.18643975851866082,0.7911049806338379,0.0935292832705931,1.400249823207362,0.24184010458393504,0.9779891616832531,0.1966840155178889,0.15821767826383387,0.49800425317045033,0.4618978862725093,0.3852621366488242,0.7293748997877554,-0.12636567610711033,0.21798746464073412,0.24532487464064479,0.2699033695428486,0.22456897611092055,0.5176286858312711,0.8899844907712854,-0.3646004114763783,0.6745834548766646,-0.9240359542474559,-0.13276527030712218,-0.10615821346280524,-0.00831341290079124,-0.155460829069499,0.11774411552136535,0.18440811270753038
0.10939178191025929,0.37220942172867183,0.5335745431041905,0.22297785325044428,0.17388341021393575,0.37134970594591415,0.2988273245398013,0.2881689239624041,0.23350053588250977,0.3084614705826663,0.267870122524663,0.37371832025777263,0.13561860160363468,0.43165035782366157,0.3469801146372314,0.37968410563213606,0.4725538726252274,0.20954190607471215,0.25206772457582005,0.2600173688279551,0.2932356413946547,0.2943829901471925,0.554657342598302,0.3877867616143926,0.5387468864296033,-0.22923375557883663,0.21926660360376987,0.0329826328390723,2.6702544546121256,-0.2062568180496049,-0.109559065350874,0.4496743552498821,0.024142827061527948,0.900017573219294,0.30651959578101734,0.6303922825094626,-0.05327980694035114,0.15596472323994032,0.585476731194006,0.10069868947423899,0.0764698273294946,0.2503130748485248,-0.017287728692096164,-0.3491311912721219,0.023865243883890212,0.21839982253039372,-0.027053021401430215,-0.0012123045094802783,0.10505495913154368,0.3723913543070954,-0.5245177654175862,0.034771061386674275,0.03937984349411703,0.0075840027628036695,0.018271657977231896,0.21255022371152885,-0.6437209140611174,0.01896148966175781,0.32585136432193423
0.147831670026962,0.24040917650537227,0.3376628011124113,-0.08230278566459266,-0.1552979110520244,0.02676108484995348,0.10541130300345153,0.17001691270408856,0.1695754615484113,0.27940448929734585,0.08293934690677486,0.08902014228244196,0.07238294686511605,0.3221201113998918,0.3177237154655225,0.13638880222442681,0.008945369046540573,0.19031149979517978,0.21249647996699844,0.2565525974345295,0.30676513209710654,0.17958923090375994,0.5716232712970317,0.32422439866409336,0.3320784824465552,-0.050462033736849786,0.18671801604611435,0.20899468511339594,-0.2062568180496049,3.337657600271333,-0.07836968352367646,0.31084005061469355,0.6198008163528009,-0.14316629411830145,0.07291322557354789,0.19210634040388483,0.8530385613313466,0.15648626634880117,0.9960964835362268,0.4678615268223318,0.7682270487777457,0.262132888013023,0.8282579848953961,0.10341524372916087,0.18024831049331572,0.8108202177908551,1.6354239992270354,-1.0294602918129703,3.445003996076991,-0.12487364523818781,-0.21282001224565267,-0.2575190152256433,0.3810784776122307,0.09700178024106458,-0.08218402542136095,-0.2878062111290657,-0.1639971872653761,0.3219670854740773,0.3775465648941301
0.051492521473041154,0.3664869827774247,0.15295769774617415,0.14860401378663565,0.17435598173165745,0.15666982806831256,0.10043073865797521,0.17898397605884794,0.1385795791583165,0.23852934801385178,0.2096986165031661,0.10233251309905812,0.06673528309883481,0.12993923745143138,0.2313392966049317,0.09874656416486491,0.12474489966151527,0.3220776967006655,0.48982627984727806,0.08968797568986497,0.3001376909831053,0.07443517212494476,-0.34269484137692585,0.4847024159956406,0.053967134237055604,0.14149665263731798,0.0710965327979785,0.302742491959321,-0.109559065350874,-0.07836968352367646,1.5964385275736466,0.1767618936972679,0.025109329571969916,-0.009816551951067374,0.23310699918109912,0.35951455486660977,0.1875136476142219,0.16105559642345496,0.12979159554606018,-0.0070215580718789175,0.5038205570802601,0.32337971228320195,0.03594216258932569,0.13444329019020382,0.3918612907420816,0.40901955898260034,0.13043411075124664,-0.2172324802956381,-0.3142056628566632,0.2204765913310926,0.0643711145470982,0.19345136954026546,-0.32685896220718463,-0.0881543118648188,0.021915742596701,0.1584367814812236,0.20650604756351632,-0.2309867164641723,-0.0870988791972823
0.09306230600808806,0.2045744015330483,0.2506330440609042,0.18578552957713718,0.17818038720699766,0.25588245039934837,0.19857030342976406,0.27755121409368444,0.216354458982353,0.2753625192377447,0.17024893986645492,0.23384056028609682,0.10497298539602107,0.5987211505692607,0.2489567108071125,0.35383404900035753,0.3179286943127587,0.1876548162768642,0.17373077691379196,0.15469701513117626,0.23772599541940412,0.26666326018431663,0.26724141686942626,0.2696931390210923,0.28798163609013366,0.12127344661554045,0.21952784245295176,0.18643975851866082,0.4496743552498821,0.31084005061469355,0.1767618936972679,0.8082094479140367,0.20381340389994154,0.25291029939610327,0.016955657720781666,0.4111660411967078,0.2652010586798978,0.13245367353060336,0.3550731806187975,0.15578099902273615,0.29093672241491475,0.22483152325832767,0.3080202733963679,-0.007647729214880765,0.02494026116302783,0.44527656347885214,0.28089316752312765,-0.3771354767248144,0.6070144660630138,0.0024463183770416837,0.0003970665789445875,0.1547740395799807,-0.2731803521899698,0.04939379299764667,-0.09666378337932766,0.14624930701639624,-0.283233814155726,0.12904182678312343,0.08929563995470548
0.10956422048895993,0.38245146868029295,0.2831119205576227,0.0313197270828444,0.007995971256826506,-0.002135728072367764,0.15502434629294334,0.08310867935085554,0.2180015482282268,0.22292283835295054,0.13315473282913956,0.13058649535618796,0.06555721028755679,0.1891367518310608,0.2700794185026005,0.13612881364925739,0.25495371860603333,0.17205410366613916,0.4374197459666608,0.4283944865898024,0.3175357516002151,0.15822511506401898,0.3020087620278576,0.16333990378392046,0.18245398263160043,0.1617208572273441,0.2971398593713964,0.7911049806338379,0.024142827061527948,0.6198008163528009,0.025109329571969916,0.20381340389994154,1.7677311568251797,-0.0021638986255659185,-0.10311501733365003,0.21262716647619787,0.8878906074295576,0.2724259367917987,0.20091185907302836,0.21447628453521184,0.30012491248428474,0.33620140334641146,0.486086373334675,0.18591723476155003,-0.06387390352362464,0.41769509217858314,0.5119286965292257,-0.06525550912641297,1.2386052496248783,0.3743929596251494,-0.2785199295929858,0.14558013844256026,-0.17054036111200147,-0.11627625496299483,-0.09991591875528194,0.0013212023870596574,-0.10455791677835492,0.004510599171803881,0.27183223508101784
0.007901688024469484,0.14304714587442902,0.33575755883889813,0.250076916464741,0.2441980832653126,0.28781147790178696,0.25597556087626294,0.24446316320053135,0.2273466674117896,0.3415343440743791,0.19113301337790722,0.27291403650193574,0.10996899993236015,0.2556788887145477,0.2730815876353108,0.27280065425691913,0.30837582865507696,0.23007953833468692,0.17912500314182678,0.26700237607040334,0.12436773155215036,0.217803492740228,0.603393843635269,0.36459270533452404,0.40009108790635184,0.02010268591345079,0.16835173630583575,0.0935292832705931,0.900017573219294,-0.14316629411830145,-0.009816551951067374,0.25291029939610327,-0.0021638986255659185,1.812642752599617,0.3655186933299362,0.2112941745890908,0.5833739023010975,0.1980203584910961,0.2840204845686055,-0.020292127788913844,0.005576870838975731,0.07117652395065154,0.22283871351793205,0.044083333888275913,-0.4224286081982259,-0.17173586481156236,0.09414473431068776,0.5878663005750426,0.29335080124639307,0.17530795476822256,-0.28040163829014975,0.1973118283792364,0.10189302815031837,-0.16042847914633382,-0.006188700911699558,0.14260283867699264,-0.5986423867825217,0.06573247331243215,0.3265544938172675
