4.807338735377959,0.7149853530200436,1.7615178159285017,2.10377173681564,1.4857451139487023,1.3992775003049598,1.483688151540132,1.4912531208691486,1.559369765215332,1.430586985860836,1.4253738994629126,1.4614112835011213,1.4591017957737205,1.4801497163428212,1.5052446145265024,1.4646250207598042,1.3862707982526339,1.4055801017951786,1.211278565793233,1.5240597598418064,1.275207888463722,1.4240437446271588,1.2963498107385096,1.3747898266887237,1.5368961989930434,1.4399872169273131,1.2934214250073333,1.4415700815949681,1.4383629818393981,1.257969491641537,1.4290078906309602,1.2334890149585447,1.2350137662335294,1.124516000859219,1.1840790557975633,1.1495161644202703,1.2495017959396053,1.0593516559310527,0.8855576497817993,0.9197410430986819,1.5552057673512152,1.0810650983731573,0.8750602806584709,1.177615095605717,1.4627812779456169,1.1934038546660048,0.8012870166483501,1.1152631854116044,0.06420075879536093,0.4574476650608649,-0.21174584900750715,-0.029307129942964392,-0.2331153565301625,0.08308016428875804,0.8912222239716524,-0.4430521737524478,0.2268344040294707,-0.050798113276097,0.18636402348213132
0.7149853530200436,3.704812297630001,0.9810299957885289,0.47371396515407116,0.4308368481581382,0.757796780057709,0.6940774599319004,0.7310370102138923,0.8193065857696539,0.6733854602538902,0.7202622749550844,0.6776913164032529,0.714131070525819,0.7360071103414628,0.6583643479971869,0.7237600574218271,0.7212145937684704,0.7475243052674643,0.6404671063681553,0.8093402426528985,0.6923497617184347,0.6622698022421563,0.6497503317435982,0.8072956625867193,0.713595080034937,0.6104676723076273,0.6586388053027598,0.7212447514476961,0.9006006474671323,0.6630714416171956,0.686350349160619,0.6560496360360433,0.6379799802165973,0.5777173606789217,0.6141525686572497,0.5653873746594079,0.7407015752236202,0.543181957587607,0.4210177318053939,0.47887408382439056,1.0047579734588061,0.6168240332952635,0.4469542307363344,0.6603978306504857,0.8407908681875086,0.6499253916151959,0.29269928063297895,0.6064475004460885,0.022649951252189212,0.1751920746560762,-0.019194713107792014,-0.3212862473333926,-0.11270533517544819,-0.2500532616102228,-0.21638469193433854,0.21811628457335525,0.08460052910427127,0.09080926147681098,0.02383027099828415
1.7615178159285017,0.9810299957885289,1.8612591083265222,1.3215880858940308,1.004541437708221,1.163897173800794,1.2408854304585997,1.2402472143697056,1.1967948552599177,1.1553268861225023,1.1860289580849772,1.2295996160165759,1.194359935359791,1.237239693999871,1.2248229386046088,1.2337186619622846,1.136498273713236,1.2195153536659478,0.9985891567249375,1.4234318848678527,1.0732389003548055,1.2390330043547795,1.0954237368376059,1.1734775894729554,1.2347133755582185,1.1619065599587488,1.105920340409617,1.1820712612104847,1.1818596990372934,1.0798782946842342,1.1434813983336336,1.0584415359480328,1.0513311158718097,0.9363941493835902,1.0004868235974982,0.9493139663473995,1.057799944764673,0.9141249032930874,0.7163375248539045,0.7686690273139447,1.3228111776660751,0.9205212588386404,0.7431402444571645,1.028284713480525,1.287540928475058,0.976290378980824,0.6921325330397117,0.942482656220516,0.05121277250909789,0.2921105111613511,-0.10821699034485888,-0.19942589766736674,-0.18141817956293038,-0.20696819303908168,0.30632769472247945,-0.2578268626498783,-0.04653204849052943,-0.3442786485685522,0.13879520699742434
2.10377173681564,0.47371396515407116,1.3215880858940308,2.654482508168127,1.0430842557843325,1.088662203555036,1.2057197191947886,1.2021365426668285,1.1958052706571398,1.18293490333105,1.1626327702683952,1.158042367031493,1.2164445823322243,1.1966524326430426,1.194242371714526,1.2220984168083162,1.14782257955164,1.1785643992144867,0.9345283390889351,1.2018676154442631,1.0968720798656721,1.092166346516653,1.0996715683476874,1.1521467134628736,1.3159353695007519,1.1268580765165666,1.0934292357781206,1.2049636646446285,1.2587967776189606,1.0763949912940531,1.049955780952386,1.0235698391035255,0.9727629935050315,0.9527990180357776,0.9940105549431121,0.9418670598338956,1.0764482449414645,0.9272284460836873,0.7498081607159233,0.7846517714878104,1.3076287000855928,0.9754350900829373,0.7326164823264565,1.0055725035358902,1.231462863500543,0.9533204149556803,0.6886085553541091,0.9450439406319403,0.0543031190023743,0.3634747131683392,-0.153881774084765,0.034386944857255304,-0.27049073623334335,-0.16559537209877193,0.42733344724803257,-0.14547874341472133,-0.05127509313735873,-0.09649611579313638,0.06337679172579186
1.4857451139487023,0.4308368481581382,1.004541437708221,1.0430842557843325,1.898538843780667,1.0095505431275047,1.1133571905481097,0.982180927265201,0.9719853753320175,0.9170855692544214,0.8909693532346996,1.0223673188495026,0.9634714698998659,0.9686137874436395,0.9886515205759336,0.9521364126586414,0.8854563934694316,0.9505476441771608,0.7338625718437306,0.9606028644842711,0.7653249794613783,0.9118032457992318,0.803371056259944,0.8968477148709225,1.0569945506611016,0.853544149051381,0.8079307800292849,0.8902976194902488,0.8609711904203877,0.7805261940452695,0.7969675078707193,0.7758619777358305,0.7693721094585351,0.7180798185036954,0.7613833792873128,0.7185746225637847,0.7477288974498932,0.7432354454931523,0.6006381703431184,0.6392526477527488,1.011992596873566,0.7261226331556775,0.5694424070352209,0.7599031832530834,0.9671458567052849,0.7252473387610432,0.564438064525909,0.699180646675336,0.044626328712780564,0.42834376130852386,-0.06448088131019339,0.1438933971360313,-0.14029745258838897,0.13208606043725982,0.3936797432477879,-0.3095964485351856,0.11845560679242179,-0.2871112634419571,0.24822324073230104
1.3992775003049598,0.757796780057709,1.163897173800794,1.088662203555036,1.0095505431275047,1.3579731600850267,1.1004416696984247,1.0836607546556771,0.9576054818714284,1.057324191301021,1.0845649399911879,1.0631709757691046,1.0524245604417075,1.081099703416361,1.0897283968433835,1.0996541621102804,1.027251071004281,1.0225382820872868,0.8469283881965418,1.0786238985180987,1.0030837645154047,1.0305931174219634,0.9141715892065404,1.0584674542644548,1.085567103569504,0.8581965500025366,0.9298594137190104,0.9770226622508701,0.9761459179922002,0.9063450365473676,1.0203741024953286,0.8810021834780644,0.8782275564727391,0.7871567219125317,0.8617669427530347,0.7717204036844555,0.902142082793093,0.777545088011706,0.600275227522404,0.6775135770922733,1.0993973402099546,0.7587163450829825,0.6077567313322289,0.8406127669429982,1.0046902738073828,0.8125723932072397,0.5202396546741588,0.7244197199247268,0.0391188180300682,0.3946373489668774,-0.10766788586489004,0.15730995901581085,0.02944631569988422,-0.0484116830507258,0.37543408894779906,-0.22979059559925374,-0.050454372630715234,-0.204347723244834,0.2046591403193715
1.483688151540132,0.6940774599319004,1.2408854304585997,1.2057197191947886,1.1133571905481097,1.1004416696984247,1.5788983904316074,1.1493591792957816,1.0652409222695125,1.1020285689648,1.051077687032431,1.1388305408945272,1.085541354448439,1.0889346562727806,1.141053955958078,1.1045123115626054,1.0558547462486756,1.09474131607008,0.8174825254523498,1.148125845341469,1.0339997889193928,1.0403911792728928,0.9686217730200986,1.0659681540790404,1.117110195021788,1.0196484234619665,1.009094567922644,1.0652856847333694,1.0877003593047714,0.9561022569399694,0.9819334106472882,0.9350734811842272,0.9197505317305658,0.8390174597562807,0.9172910793253022,0.8563193500958644,0.9284268611691746,0.8323107873551749,0.6789767216137984,0.6905192052815413,1.1857682199842434,0.8320540532718067,0.6696499627813229,0.8813799889188404,0.9988979898741525,0.8572828787696323,0.5563001345857693,0.8005623796359532,0.04367129569868401,0.4843452605722973,0.07418765234728782,0.005212290288539383,-0.032553934109222055,-0.03846105818014872,0.46352662148979357,-0.11508533035603837,0.06007498268865809,-0.24402431934764238,0.1051324276658393
1.4912531208691486,0.7310370102138923,1.2402472143697056,1.2021365426668285,0.982180927265201,1.0836607546556771,1.1493591792957816,1.3641663210518247,1.147187054551053,1.0937090939342542,1.0992730455556508,1.162328344304128,1.1375115677497099,1.1630467065361385,1.1532185152262593,1.1641174341781024,1.073761356710539,1.1080031210010526,0.8703523448333824,1.1542881979310902,1.065665443858309,1.0540862723612663,0.9866081323572321,1.0997178593026087,1.1425870027828888,1.0318223426485322,1.0090614863691667,1.0830670557181041,1.0978952945723492,0.9738821859011716,1.0442370522453508,0.9637816620660744,0.9575113439679769,0.8591460194275065,0.9174250823779301,0.8600575325232936,0.9641709887944907,0.840761341006174,0.6789790724624202,0.7062277672204001,1.2079434207001667,0.8307579458914273,0.6721176917407828,0.9058172615374076,1.1108725820187133,0.8896699413487825,0.5848789794953972,0.8267873858388205,0.04291332322468163,0.3623341168102545,-0.09613533218443562,0.036444320504725375,-0.10867383219225964,-0.0514824302257373,0.38153302968768565,-0.20559537703982897,0.07738505646637393,-0.18811925305813157,0.1503019273502052
1.559369765215332,0.8193065857696539,1.1967948552599177,1.1958052706571398,0.9719853753320175,0.9576054818714284,1.0652409222695125,1.147187054551053,1.65242615935156,1.0498034793515014,1.0832456079650414,1.0839264030351754,1.1032889232452863,1.1172283045843707,1.0689985477447703,1.0626003718653652,1.0695375526017852,1.1259849956776422,0.8494299163414258,1.1205326554874673,1.0565146044097964,0.9782077096823254,0.9117905721654411,1.0567774659372347,1.074388005757619,1.001205085020891,0.9740860027739514,1.0416282684703295,1.0578440124216921,0.9608288010759394,1.1961228345704509,0.942251912850741,0.9436648213192527,0.8530171187289716,0.8719099074981899,0.8313326347461958,0.9056865741592782,0.8355688488308399,0.6506100772574042,0.6909567627500517,1.1546744049867812,0.8197989334861023,0.6381787766413412,0.9199954595030759,1.150247846149195,0.8997980739671404,0.6551069698890561,0.8498166344765541,0.03088004918505357,0.22769803847284897,-0.12499670328455813,-0.1268721256914078,-0.3608000069583378,0.010085419645811167,0.31615904559291796,-0.1440286933311765,0.024792464670466273,-0.02155037299151287,0.14106389375141987
1.430586985860836,0.6733854602538902,1.1553268861225023,1.18293490333105,0.9170855692544214,1.057324191301021,1.1020285689648,1.0937090939342542,1.0498034793515014,1.3633281804106794,1.0583030441615677,1.0628074147738351,1.0461633364711094,1.0756081997627838,1.0775483343542775,1.080116492559787,1.0425471912647815,1.0363754763069173,0.8157566942206712,1.0884953734503071,1.0992112801927967,0.9246142423126043,0.9212598196680497,1.0597708576522002,0.9922216117225977,0.928166863551588,0.9531029488263428,1.002268248860937,1.008725531716159,0.9198760013325125,0.9496516621185389,0.8963093228779532,0.8773051971657719,0.8092449554917976,0.8674762267490767,0.8197692335837962,0.9403738920644121,0.7837642378446283,0.6440899316665014,0.6774732979058126,1.1378898952552663,0.7974601065319094,0.642778999308041,0.8442720795158699,1.0165126723216564,0.8241505414860145,0.5096213958311763,0.7635860911802987,0.04199083245000492,0.36824934236884854,-0.09170834786359075,0.07891783235299604,-0.11230797766854772,0.012688553714123115,0.3427340329088737,-0.06293657526306276,0.019570677290861035,-0.22073999132608396,0.24044643150135778
1.4253738994629126,0.7202622749550844,1.1860289580849772,1.1626327702683952,0.8909693532346996,1.0845649399911879,1.051077687032431,1.0992730455556508,1.0832456079650414,1.0583030441615677,1.409261855395806,1.091651670489717,1.0965546984809271,1.1409871991213896,1.1585581475916882,1.094761712103261,1.1008994167247133,1.0456136473052349,0.835356060769057,1.1309850177311858,1.1705668040928188,1.1734160018951265,0.988056271409632,1.0975630539321206,1.0607083571317453,0.9424664266059621,1.009745630209791,1.0342858000760622,1.025935205266587,0.9803526874572106,1.0354223234811202,0.9592773216253488,0.9601332855724174,0.8459692088375099,0.9073220314438979,0.8445291432657546,0.9703073571062792,0.8120525839329527,0.642389419224803,0.7003866990810075,1.1539291745849445,0.7949225587933785,0.6633919919939579,0.9028094616164803,1.114402858494874,0.8425775412126247,0.5987620210095137,0.8093825634951515,0.04297390331109404,0.22916085950188647,-0.215332798389008,0.014891840493012173,-0.11123408609997777,-0.015534510016754521,0.19466724778807626,-0.16240624734678352,-0.019000055401292387,-0.12199381711746844,0.08177649930348452
1.4614112835011213,0.6776913164032529,1.2295996160165759,1.158042367031493,1.0223673188495026,1.0631709757691046,1.1388305408945272,1.162328344304128,1.0839264030351754,1.0628074147738351,1.091651670489717,1.544501106190319,1.0962367041608314,1.2143606279075945,1.1475729245782298,1.1194443192442458,1.0682800303977698,1.0952858243092838,0.8919974629639842,1.1816890279702075,1.021191275041894,1.0562341161211388,0.9761446350473997,1.079481766626133,1.136430732876401,0.9398449916305842,0.9882900106106367,1.0901803871051088,1.075306373375064,0.9699390411815672,1.0305433499550074,0.9946622248376518,0.9442457409136851,0.840283324150795,0.9293439426600699,0.8644771840492516,0.9671153531069573,0.8064400403204566,0.5955631487307508,0.6990685500765439,1.1780014989045586,0.815164566060617,0.6653081478960599,0.9030141427074372,1.1260724186000581,0.8742968494859112,0.6043419668613342,0.7878788101233742,0.052319635363782306,0.2274627168542079,-0.16971168785763813,0.08834744107059485,-0.06976245678504527,-0.03162440776465038,0.4601378445370874,-0.07714936209440007,0.05710371757620646,-0.21671485249191758,0.13676329279031782
1.4591017957737205,0.714131070525819,1.194359935359791,1.2164445823322243,0.9634714698998659,1.0524245604417075,1.085541354448439,1.1375115677497099,1.1032889232452863,1.0461633364711094,1.0965546984809271,1.0962367041608314,1.3541549808438298,1.1459931686186111,1.1333088757569374,1.141117869563939,1.0619694039556071,1.0835942036558295,0.8611479182071601,1.110225994825261,1.0589955716449944,1.0311730218533748,0.9710647002639986,1.0778695542086771,1.1324680361872812,0.9563894309216223,0.9845448746983682,1.0365843648678295,1.0279082376300568,0.9545491406737513,1.0168120078592922,0.9344981215976308,0.9279521548561939,0.8474743275338501,0.9021068251935721,0.8182059127803629,0.9292375401051758,0.8343834082840009,0.6666239748052714,0.6993875605088288,1.1731771028349987,0.8193956024328704,0.6468965965788147,0.8990453401646248,1.0855962869486384,0.8391043600642009,0.6037835543765587,0.8130131024982437,0.040792478357605924,0.2610864290735974,-0.12102705764230794,0.04002386311274606,-0.13668563530867994,-0.012145478802915704,0.3511426267435551,-0.17454648406662515,0.015250295300267785,-0.15589289011503868,0.13366062526076924
1.4801497163428212,0.7360071103414628,1.237239693999871,1.1966524326430426,0.9686137874436395,1.081099703416361,1.0889346562727806,1.1630467065361385,1.1172283045843707,1.0756081997627838,1.1409871991213896,1.2143606279075945,1.1459931686186111,1.4295631371700819,1.1242475257250675,1.2078698157395167,1.0860300718572777,1.072076674759303,0.9314973231687635,1.1773831375895856,1.0914526882898294,1.0688855363104357,0.998323946234752,1.1349673831891625,1.2017302140292698,0.9537325418253313,1.0211679269455418,1.067946802426402,1.0547857877759785,1.0029411746070511,1.0456080426908614,0.9852101228112531,0.9710899753097578,0.8771655893153455,0.9061210905413368,0.8554594197531771,0.9800384951103535,0.8419841626682387,0.6634396234959885,0.7229176091117633,1.2083785283196007,0.8345017832419667,0.6743411998565001,0.9441071176457785,1.1401953354941323,0.8627950548715476,0.6383414864866938,0.8684875625780347,0.04740390616171535,0.07697569042597115,-0.21034757590275835,0.024128070435627876,-0.2537221877513807,-0.06465595651600316,0.3132588001442754,-0.18931678234546173,0.0015075611046928648,-0.19434275683142804,0.13803398543695075
1.5052446145265024,0.6583643479971869,1.2248229386046088,1.194242371714526,0.9886515205759336,1.0897283968433835,1.141053955958078,1.1532185152262593,1.0689985477447703,1.0775483343542775,1.1585581475916882,1.1475729245782298,1.1333088757569374,1.1242475257250675,1.4064338429235417,1.1785526172232919,1.1385378695257438,1.119176724333951,0.8573450398274468,1.1597840528150156,1.1006278352502308,1.093174914566336,1.0284013247856458,1.132897593587851,1.1555615473937206,1.0368437970651803,1.0331851414733624,1.1160593815740012,1.1424701611455366,1.001336045603341,1.0477318454122198,0.9890359933765267,0.9949187210686592,0.8664262425528488,0.9283685068367539,0.8748632308659788,0.9752330619972337,0.8589844187011798,0.6731582098432339,0.7101305753058834,1.2352344884259492,0.8623454473404938,0.6812783881064084,0.955379787959869,1.174709341189454,0.9086148990360037,0.6383522792519113,0.8678606364069801,0.03885304594996184,0.5608292311412945,-0.045318492412127535,0.0019725541926539046,-0.13116505025949773,0.016928440692687396,0.31966447042569973,-0.2095732312722491,0.048091634478553386,-0.18983784130158177,0.14486471462752737
1.4646250207598042,0.7237600574218271,1.2337186619622846,1.2220984168083162,0.9521364126586414,1.0996541621102804,1.1045123115626054,1.1641174341781024,1.0626003718653652,1.080116492559787,1.094761712103261,1.1194443192442458,1.141117869563939,1.2078698157395167,1.1785526172232919,1.6468628254938271,1.1115365414316718,1.1088440355454985,0.9340428977887051,1.1706000842833846,1.176345419630029,1.1001316861880042,1.0236243493235988,1.264759585134684,1.4418308239615374,0.9848918955245255,1.0430544572661995,1.146363053442771,1.0912083490494229,1.0183726394628294,1.0308787952289908,1.0178681521510855,1.000526391995422,0.9102607503790665,0.961268544806873,0.846736013148789,1.0245841618055744,0.8735306968583234,0.6942066135588668,0.7580216973791655,1.2808145085556848,0.8966178278984243,0.6777765734826905,0.9868308359430358,1.2247194968785795,0.8788591046892791,0.6458582232021359,0.8899185521569739,0.03641499954700537,0.1164179375427678,-0.19935319626066286,0.11275508596231185,-0.09981694961959893,-0.1282591717522166,0.26759723891923926,-0.1665704053037814,0.04702395847786272,-0.20797933745345734,0.1404824330307916
1.3862707982526339,0.7212145937684704,1.136498273713236,1.14782257955164,0.8854563934694316,1.027251071004281,1.0558547462486756,1.073761356710539,1.0695375526017852,1.0425471912647815,1.1008994167247133,1.0682800303977698,1.0619694039556071,1.0860300718572777,1.1385378695257438,1.1115365414316718,1.3924370226107199,1.0726323294196234,0.8659225159666298,1.0754947900839884,1.083667209116287,1.0057630488478202,0.964650771338699,1.1627947686497362,1.1146984152629806,0.9389965602280937,0.9834147040175478,1.0452591620624778,1.072576104856809,0.9621830318129367,0.9467757849325614,0.9549757265100067,0.9346514440300406,0.8285617353792764,0.8971039487251029,0.8216556789607176,0.939454385556999,0.801754826292382,0.6257327662745349,0.6786534579148591,1.1869576612176744,0.8305011843243382,0.6418779913570936,0.9248408271928773,1.146611294479794,0.8256191494820001,0.5905698712957251,0.8238497903437145,0.04259367910826181,0.34108469751917847,-0.1447920109408775,0.006339624211460869,-0.11428139350154681,-0.04329361491472933,0.26841643659528225,-0.045783397232830016,-0.012459005776208405,-0.11450336730527177,0.07737683883789243
1.4055801017951786,0.7475243052674643,1.2195153536659478,1.1785643992144867,0.9505476441771608,1.0225382820872868,1.09474131607008,1.1080031210010526,1.1259849956776422,1.0363754763069173,1.0456136473052349,1.0952858243092838,1.0835942036558295,1.072076674759303,1.119176724333951,1.1088440355454985,1.0726323294196234,1.601892901834335,0.8643440129509218,1.1523399509057404,1.0327854070798623,0.9827214135903533,0.9922499829117822,1.0917241623123262,1.2255121072877067,0.9408324203464473,1.0207299882141023,1.104164000221715,1.1977689432323182,0.9998959877144042,1.0851675116097124,0.9685582397928467,0.9254055419927413,0.878619289526905,0.9504542246613841,0.808968209349891,0.9040930294053129,0.9059222520788714,0.6420408940995422,0.7393458471005145,1.3251945999035966,0.9893868671961236,0.6465371447923689,1.0033990782765299,1.2498839738014529,0.9291095423167717,0.6089074799239532,0.872319399763216,0.04713816162692472,0.34495465068581466,-0.07579156932101506,-0.03310000491051676,-0.1070505053536142,-0.058965410850074965,0.3926402021901709,-0.0291760668106644,0.028131046604945455,-0.22340409361683777,0.1513345523062812
1.211278565793233,0.6404671063681553,0.9985891567249375,0.9345283390889351,0.7338625718437306,0.8469283881965418,0.8174825254523498,0.8703523448333824,0.8494299163414258,0.8157566942206712,0.835356060769057,0.8919974629639842,0.8611479182071601,0.9314973231687635,0.8573450398274468,0.9340428977887051,0.8659225159666298,0.8643440129509218,1.134524985140128,0.9125050324400656,0.7825862901993231,0.8836560983057677,0.8319247382711671,0.8975465710214289,0.9912992481402815,0.8047885517038276,0.8254582994414509,0.8733026110295136,0.8807325578149892,0.8019157643581263,0.7571165801759724,0.7882467589083164,0.7431059657889597,0.7185925084351517,0.7727794944458118,0.6801978577022436,0.7836562143380437,0.7128234599360859,0.5661193347853686,0.5747673264517879,0.9365200711983496,0.6621472042936342,0.5386163710193338,0.7671003049932716,0.8529921326334784,0.6649436998081588,0.5441809543571958,0.6782752306804464,0.04657170599405753,0.14398523131064594,-0.11272024041779398,0.14302694246377765,-0.16294808062944385,-0.20210376995409005,0.14308227638475515,-0.010393380994619271,-0.10954592258443041,-0.17346225756639083,0.03219077825668146
1.5240597598418064,0.8093402426528985,1.4234318848678527,1.2018676154442631,0.9606028644842711,1.0786238985180987,1.148125845341469,1.1542881979310902,1.1205326554874673,1.0884953734503071,1.1309850177311858,1.1816890279702075,1.110225994825261,1.1773831375895856,1.1597840528150156,1.1706000842833846,1.0754947900839884,1.1523399509057404,0.9125050324400656,1.4908175410876139,1.0798173597615204,1.2062947885815065,1.0108597754892952,1.1215245690300877,1.191236924760664,1.0123057979493177,1.0451586821662722,1.0932947581702774,1.0856793586636824,1.0248557727173773,1.0979445740628972,0.9971025061398366,0.9905145528988292,0.875591249316781,0.9444656594417072,0.893156529237317,1.0045243584736985,0.8637262190752041,0.6573572843709966,0.7433834090092285,1.2523936047753699,0.875746710860404,0.7052548508757212,0.9581411573551958,1.1824165028230935,0.9054864073047452,0.6142088007161228,0.8653624948661646,0.044628825291819774,0.3422342985139294,-0.13146783061691347,-0.2109204429888281,-0.08958845274912446,-0.05450836671792609,0.33763591673338095,-0.16747657850761144,0.0027869793767985244,-0.22411897926712152,0.1613969469301945
1.275207888463722,0.6923497617184347,1.0732389003548055,1.0968720798656721,0.7653249794613783,1.0030837645154047,1.0339997889193928,1.065665443858309,1.0565146044097964,1.0992112801927967,1.1705668040928188,1.021191275041894,1.0589955716449944,1.0914526882898294,1.1006278352502308,1.176345419630029,1.083667209116287,1.0327854070798623,0.7825862901993231,1.0798173597615204,1.9268197170115184,0.8766986719370361,0.9105987206125186,1.2177181407773892,0.8830440356981929,0.8071350445503301,1.0104315175595278,0.9357816054623918,1.0522761209880813,0.9698284935854058,0.9540704914408641,0.9057673617622284,0.9101425813973814,0.8531925124487809,0.9046717779882211,0.7857059672412827,0.9954962811255975,0.7724927426872247,0.6563421917882968,0.7294724032942039,1.1665901220124748,0.782663473856899,0.6244820374512362,0.8733188984987896,1.066139638721416,0.7723595900655292,0.5125900986535656,0.7407312538446602,0.03955712760825315,0.18050121719605308,-0.14787506150320223,0.2876148513985355,-0.05282737837413803,0.07821822771058846,0.18231996530141678,-0.03265461043959989,0.08896003225506666,-0.07588242012055471,0.13238742089510405
1.4240437446271588,0.6622698022421563,1.2390330043547795,1.092166346516653,0.9118032457992318,1.0305931174219634,1.0403911792728928,1.0540862723612663,0.9782077096823254,0.9246142423126043,1.1734160018951265,1.0562341161211388,1.0311730218533748,1.0688855363104357,1.093174914566336,1.1001316861880042,1.0057630488478202,0.9827214135903533,0.8836560983057677,1.2062947885815065,0.8766986719370361,1.9622469563226559,1.0543530601373166,1.0078696097406739,1.3176027478962211,0.9806965799119329,1.0396651011594649,1.0589914295475955,0.8427740176173659,1.000680963918556,1.0626598289319178,0.9980033924187679,1.0189775028312817,0.8292877455914595,0.9115870958566186,0.8872370462937578,0.9753096923692857,0.8201151006481071,0.6391562747010628,0.7076506782540805,1.1036852735383667,0.7796876454398,0.7143774223540577,0.8929091537180781,1.1137802968933843,0.8073539435329317,0.632909513681003,0.8090970342899653,0.04378587804699014,0.25444151706612256,-0.1762152584493328,-0.27473444389449087,-0.04831359454523975,-0.09557819817799308,0.2780270217517271,-0.26963862428825575,-0.10051810180709819,-0.17245458959495433,0.07707457267629754
1.2963498107385096,0.6497503317435982,1.0954237368376059,1.0996715683476874,0.803371056259944,0.9141715892065404,0.9686217730200986,0.9866081323572321,0.9117905721654411,0.9212598196680497,0.988056271409632,0.9761446350473997,0.9710647002639986,0.998323946234752,1.0284013247856458,1.0236243493235988,0.964650771338699,0.9922499829117822,0.8319247382711671,1.0108597754892952,0.9105987206125186,1.0543530601373166,1.5130416598144343,0.9873770525222875,1.2138192861069426,1.0179432259157315,0.9730451398114517,1.1842010395979563,1.0542077559667937,0.967475176157923,0.7970252795570141,1.0904179752014551,1.0971220760367197,0.8730827561300046,0.9937837502616442,0.9190601298031662,1.140351485241282,0.8505113480344278,0.8358760168226608,0.751276811264993,1.2122190007429778,0.8273898935874389,0.7346800098995699,0.8929051263894736,1.1691444622230402,0.8186327812231883,0.7279950465575245,0.9176180572768393,0.06415944162888174,0.34981997233981615,-0.045223432163608426,-0.22854459729697388,-0.08900678085383976,-0.09008106875928651,0.17861049869625478,-0.26845911438129316,-0.03144252116887529,-0.15522795037240975,0.10392140118714877
1.3747898266887237,0.8072956625867193,1.1734775894729554,1.1521467134628736,0.8968477148709225,1.0584674542644548,1.0659681540790404,1.0997178593026087,1.0567774659372347,1.0597708576522002,1.0975630539321206,1.079481766626133,1.0778695542086771,1.1349673831891625,1.132897593587851,1.264759585134684,1.1627947686497362,1.0917241623123262,0.8975465710214289,1.1215245690300877,1.2177181407773892,1.0078696097406739,0.9873770525222875,1.53594588101994,1.1466450562985346,0.9597436682565692,0.958183307615082,1.0700094776646751,1.093402090650615,0.95999315199627,0.9612969240214823,0.9546313146890936,0.9171581507438207,0.8398378314588706,0.8976131577290383,0.8070721732325127,1.0400817753946792,0.7947531452784112,0.6212844123276657,0.705960235145667,1.222393834898668,0.8267803637373217,0.6293085137461238,0.9652327817259427,1.2238999937990793,0.8432418011789289,0.5901098856839473,0.8092912972962153,0.05292912161567917,0.3265811076444015,-0.19697887283444673,0.0627932934455876,-0.25404445459389696,-0.040203800629567674,0.22117972261880717,-0.10682199994847892,0.013176803210282736,-0.1289671293260955,0.13276071548419388
1.5368961989930434,0.713595080034937,1.2347133755582185,1.3159353695007519,1.0569945506611016,1.085567103569504,1.117110195021788,1.1425870027828888,1.074388005757619,0.9922216117225977,1.0607083571317453,1.136430732876401,1.1324680361872812,1.2017302140292698,1.1555615473937206,1.4418308239615374,1.1146984152629806,1.2255121072877067,0.9912992481402815,1.191236924760664,0.8830440356981929,1.3176027478962211,1.2138192861069426,1.1466450562985346,3.334332743200102,1.0476707372954353,1.3154635801898775,1.3537253430496685,1.1762927979889963,1.2668176902170598,1.1150868146246178,1.2159017215390404,1.1939063514900068,1.002815165393479,1.0503152572961216,1.0632640390893129,1.1715127324731804,0.9708258451232142,0.6971460017983615,0.8085873998653432,1.6226927611585718,0.9976150918109579,0.8539444305493652,1.1606795690655638,1.4820018530791257,1.0270162995305128,0.6432589371240289,1.1214590026359583,0.03846400970221123,0.40501285436606393,-0.0875359956048538,0.05177545994839866,-0.009523002927327778,-0.058105031883187025,0.38668741211754837,-0.07331873529927563,-0.04746889518673034,-0.1619408370389447,0.19264495576455523
1.4399872169273131,0.6104676723076273,1.1619065599587488,1.1268580765165666,0.853544149051381,0.8581965500025366,1.0196484234619665,1.0318223426485322,1.001205085020891,0.928166863551588,0.9424664266059621,0.9398449916305842,0.9563894309216223,0.9537325418253313,1.0368437970651803,0.9848918955245255,0.9389965602280937,0.9408324203464473,0.8047885517038276,1.0123057979493177,0.8071350445503301,0.9806965799119329,1.0179432259157315,0.9597436682565692,1.0476707372954353,2.112356877349396,1.0331107382306335,1.1274087059468436,1.0185087322551167,1.0363400490658097,0.9754766190836269,0.9971652146845125,0.9992447026110737,0.8548905939393577,0.8832200217923017,1.0248887323916904,0.7811365270046609,0.8442622231894801,0.7549467748251119,0.5295003680769724,1.1266873507167974,0.786519439808159,0.7589999769677269,0.9429198001085125,1.1823716446068775,0.8556980873236848,0.8406169399611783,1.0589602383679253,0.09732890429167813,0.42797967635388207,0.045583260555096046,-0.20391976482254848,-0.16536981120042868,-0.13099681903341923,-0.0360094722530566,-0.4924025824868961,-0.3723456580762788,0.10691556781792182,-0.062204259583303216
1.2934214250073333,0.6586388053027598,1.105920340409617,1.0934292357781206,0.8079307800292849,0.9298594137190104,1.009094567922644,1.0090614863691667,0.9740860027739514,0.9531029488263428,1.009745630209791,0.9882900106106367,0.9845448746983682,1.0211679269455418,1.0331851414733624,1.0430544572661995,0.9834147040175478,1.0207299882141023,0.8254582994414509,1.0451586821662722,1.0104315175595278,1.0396651011594649,0.9730451398114517,0.958183307615082,1.3154635801898775,1.0331107382306335,1.534637154238562,1.0302170227797172,1.0445975302223405,1.1901142305793533,1.0053181185321067,0.9851576968797772,1.0035072165725236,0.9261828304594859,0.9402384423857493,0.9271766442036874,1.007187610601753,0.8178139251367643,0.6449314313075644,0.686804219500335,1.254896007173392,0.7789538217622997,0.7439337014227173,1.0018995103920287,1.1579861129656501,0.7883159819648267,0.5922536786648932,0.9134967885004865,0.052616880388045094,0.007674308849854997,0.13182327556920012,-0.018448462886948114,-0.028204881195791984,-0.11327727979528322,0.20030997541772888,-0.11131738747007057,-0.1275326268293807,-0.1045384422212337,0.11482092723104871
1.4415700815949681,0.7212447514476961,1.1820712612104847,1.2049636646446285,0.8902976194902488,0.9770226622508701,1.0652856847333694,1.0830670557181041,1.0416282684703295,1.002268248860937,1.0342858000760622,1.0901803871051088,1.0365843648678295,1.067946802426402,1.1160593815740012,1.146363053442771,1.0452591620624778,1.104164000221715,0.8733026110295136,1.0932947581702774,0.9357816054623918,1.0589914295475955,1.1842010395979563,1.0700094776646751,1.3537253430496685,1.1274087059468436,1.0302170227797172,2.126875863483282,1.2137804687628677,1.0165565369214677,0.9281280056273385,1.0847591868648412,1.0503770277044593,0.9064214709468058,0.9559949212685318,0.9264605302521045,0.9747600110681928,0.9559364422749597,0.8048041271200049,0.7530888499405444,1.3113893189797,0.9176058012044986,0.7269781552927513,0.9785050058286712,1.2576433809478431,0.8786627539324725,0.7550779928434238,1.008472990616756,0.07076848070875644,0.3457791722569455,-0.05703045674220585,-0.12372671040504774,-0.14741058786810265,-0.12267919277769208,0.2162003369131709,-0.15307222650417857,0.03186179045327714,-0.08056041895214466,0.1802825093341315
1.4383629818393981,0.9006006474671323,1.1818596990372934,1.2587967776189606,0.8609711904203877,0.9761459179922002,1.0877003593047714,1.0978952945723492,1.0578440124216921,1.008725531716159,1.025935205266587,1.075306373375064,1.0279082376300568,1.0547857877759785,1.1424701611455366,1.0912083490494229,1.072576104856809,1.1977689432323182,0.8807325578149892,1.0856793586636824,1.0522761209880813,0.8427740176173659,1.0542077559667937,1.093402090650615,1.1762927979889963,1.0185087322551167,1.0445975302223405,1.2137804687628677,2.283362973391386,1.0485651749234945,0.9454638587393304,0.982587350285406,0.9535437567300303,0.9581551122301476,1.0354869430857436,0.8363672565544111,1.3764609874746476,0.8843503590235161,0.7508005605743008,0.7571245195196191,1.4103816225693917,0.856177432672657,0.6297586345367291,0.9977899802959265,1.3404910626355322,1.3033947476193213,0.7025031536821511,1.0142875842683503,0.05386632730062338,0.79332830167679,-0.013775037404576187,0.14733476308267446,-0.15086373321037658,-0.03549657215059839,0.22818237852907725,-0.05930134216037416,0.11430426753142509,-0.16117155774964226,0.0963146082847286
1.257969491641537,0.6630714416171956,1.0798782946842342,1.0763949912940531,0.7805261940452695,0.9063450365473676,0.9561022569399694,0.9738821859011716,0.9608288010759394,0.9198760013325125,0.9803526874572106,0.9699390411815672,0.9545491406737513,1.0029411746070511,1.001336045603341,1.0183726394628294,0.9621830318129367,0.9998959877144042,0.8019157643581263,1.0248557727173773,0.9698284935854058,1.000680963918556,0.967475176157923,0.95999315199627,1.2668176902170598,1.0363400490658097,1.1901142305793533,1.0165565369214677,1.0485651749234945,1.36532462347653,1.0553357032291395,1.024671234710258,1.0368158297853869,0.9671543069521724,0.9607490297037997,1.0043596078866226,0.9847677326708428,0.8495654824803558,0.6397464104456969,0.7240991705690124,1.2868899845446844,0.9035745770038949,0.8320040233501451,1.0016065759321193,1.2161640557774056,0.7688670976806954,0.5789766576997653,0.9546215174122483,0.06128676675022037,0.2230478097301452,-0.02955050718517705,-0.045247140967803835,-0.08480368729590898,-0.061661792116681984,0.19229999358571656,-0.11531070393108671,-0.2296966875102064,-0.07282615929258524,0.12262401248112818
1.4290078906309602,0.686350349160619,1.1434813983336336,1.049955780952386,0.7969675078707193,1.0203741024953286,0.9819334106472882,1.0442370522453508,1.1961228345704509,0.9496516621185389,1.0354223234811202,1.0305433499550074,1.0168120078592922,1.0456080426908614,1.0477318454122198,1.0308787952289908,0.9467757849325614,1.0851675116097124,0.7571165801759724,1.0979445740628972,0.9540704914408641,1.0626598289319178,0.7970252795570141,0.9612969240214823,1.1150868146246178,0.9754766190836269,1.0053181185321067,0.9281280056273385,0.9454638587393304,1.0553357032291395,2.9424937948691223,0.996499754496648,1.1231851959776649,0.8202272787338962,0.8060862319929318,0.7775546995451306,0.8237468352588377,0.8384245842155797,0.463236467259239,0.745829352160107,0.8330210386568238,0.7224320094406669,0.5348055089489622,0.8677829980997946,1.1791670028355412,1.2913995453678713,0.7931559058979143,0.9092708108734949,0.05169013451046421,0.1396169108202263,-0.1443831838794345,-0.13065546843151168,-0.14218052477306076,-0.1049141013820134,0.4198991352763826,-0.23350918802647344,-0.01056788969474932,-0.009681417453381042,0.18290943236951773
1.2334890149585447,0.6560496360360433,1.0584415359480328,1.0235698391035255,0.7758619777358305,0.8810021834780644,0.9350734811842272,0.9637816620660744,0.942251912850741,0.8963093228779532,0.9592773216253488,0.9946622248376518,0.9344981215976308,0.9852101228112531,0.9890359933765267,1.0178681521510855,0.9549757265100067,0.9685582397928467,0.7882467589083164,0.9971025061398366,0.9057673617622284,0.9980033924187679,1.0904179752014551,0.9546313146890936,1.2159017215390404,0.9971652146845125,0.9851576968797772,1.0847591868648412,0.982587350285406,1.024671234710258,0.996499754496648,1.5229390582959998,1.3228373477238315,0.8601261610727493,1.0407296337819267,1.0076389550212477,1.0059111044412132,0.8065418134023778,0.7317033284523015,0.7209353262460504,1.2974786848082636,0.9103712974742164,0.787834904602694,0.9696186883379813,1.4120204193933756,0.8697643456231556,0.7244774462927481,1.1053865050043916,0.06158544930180466,0.2095878754072326,-0.10514940242529024,-0.1918137078428313,-0.13186394098642146,-0.11849673650854899,0.20242074419327014,-0.09567784052476941,-0.024027922765749256,-0.12034743877259689,0.029753719328601175
1.2350137662335294,0.6379799802165973,1.0513311158718097,0.9727629935050315,0.7693721094585351,0.8782275564727391,0.9197505317305658,0.9575113439679769,0.9436648213192527,0.8773051971657719,0.9601332855724174,0.9442457409136851,0.9279521548561939,0.9710899753097578,0.9949187210686592,1.000526391995422,0.9346514440300406,0.9254055419927413,0.7431059657889597,0.9905145528988292,0.9101425813973814,1.0189775028312817,1.0971220760367197,0.9171581507438207,1.1939063514900068,0.9992447026110737,1.0035072165725236,1.0503770277044593,0.9535437567300303,1.0368158297853869,1.1231851959776649,1.3228373477238315,1.66150746583732,0.8712190295937029,0.9661341847680532,1.020155507993129,0.9802163823048928,0.771792383855033,0.7877374181502544,0.7583311655241517,1.3075890816233973,0.7831537743771397,0.7891538634834758,0.9391275861343785,1.346383265288501,0.8342267797197261,0.7247890956332681,1.0822252865907056,0.06701966741478099,0.18537788811979192,-0.08311016230742348,-0.23555865419447367,-0.11336186506466496,-0.09275952891147941,0.20621258091690903,-0.29996738980626503,0.02226454085134021,-0.13585886354113116,0.09349978539298458
1.124516000859219,0.5777173606789217,0.9363941493835902,0.9527990180357776,0.7180798185036954,0.7871567219125317,0.8390174597562807,0.8591460194275065,0.8530171187289716,0.8092449554917976,0.8459692088375099,0.840283324150795,0.8474743275338501,0.8771655893153455,0.8664262425528488,0.9102607503790665,0.8285617353792764,0.878619289526905,0.7185925084351517,0.875591249316781,0.8531925124487809,0.8292877455914595,0.8730827561300046,0.8398378314588706,1.002815165393479,0.8548905939393577,0.9261828304594859,0.9064214709468058,0.9581551122301476,0.9671543069521724,0.8202272787338962,0.8601261610727493,0.8712190295937029,1.221967551123473,0.9413483257106713,0.8351201704973737,0.8229197351696643,0.9050431672576101,0.9149647365905108,0.7203956502149796,1.0785194253238506,0.9133082594935766,0.6592471927023271,0.9023316370069436,1.0108515470993593,0.7573084420173727,0.8489585909554188,0.8680021687598303,0.08667480407357951,-0.05322953829548868,-0.04859712704843113,0.024302013053018694,-0.18620963396961118,-0.0720743534726902,0.1402241611872357,-0.14374970110684865,0.0031797981192445693,-0.07824369080725357,0.12609737579891603
1.1840790557975633,0.6141525686572497,1.0004868235974982,0.9940105549431121,0.7613833792873128,0.8617669427530347,0.9172910793253022,0.9174250823779301,0.8719099074981899,0.8674762267490767,0.9073220314438979,0.9293439426600699,0.9021068251935721,0.9061210905413368,0.9283685068367539,0.961268544806873,0.8971039487251029,0.9504542246613841,0.7727794944458118,0.9444656594417072,0.9046717779882211,0.9115870958566186,0.9937837502616442,0.8976131577290383,1.0503152572961216,0.8832200217923017,0.9402384423857493,0.9559949212685318,1.0354869430857436,0.9607490297037997,0.8060862319929318,1.0407296337819267,0.9661341847680532,0.9413483257106713,1.4045680039896107,0.8734889874935886,1.0173748056593146,0.9130057662398214,0.6657085904490015,0.7539909118266409,1.1273507705767043,0.8689878754296685,0.6874062413460631,0.8211715951298642,1.2197646117774679,0.7698881264044197,0.6988359941713159,0.8597521077123766,0.06699786177105314,0.11348278599673577,-0.018837118370185126,0.04737016420396184,0.05806884379449829,-0.00831497895880228,0.2322027743247371,-0.08827616665047257,-0.005889754532326417,-0.13653503307923984,0.11313654931195162
