0.7551872968297321,0.2706289457195454,0.517107236968033,0.003869220378990322,0.11368833630385476,0.025340712612792794,0.1752059132289943,0.028953851779946225,0.0618140353995367,0.043131000956113205,0.06407373157383632,0.09588506358942361,0.05545127418107565,0.1106053704037475,0.05172495423533901,0.09410756709008426,0.05752762845058969,0.0765913146871044,0.055955550197661096,0.006586109553132391,0.09091574448376946,0.07908416893255321,0.04694558830718746,0.06631562938763128,0.09359876304349414,0.005674658601473477,0.07061289317012936,0.03711776130767314,0.10565139040817637,-0.009997518646765569,0.09150969022897679,0.08701175518370641,0.05523906099071234,0.10728837900614868,0.019809300829825613,0.1760995287883115,0.12259193224342846,0.08948422277196136,-0.03418149462311835,-0.16252283461222244,0.004836515548709118,0.07020913270315113,-0.002163098097379522,0.00886147459663953,0.12633131440679995,0.0969750502494511,0.031863213796117076,-0.0036382644990094848,-0.12028164094515564
0.2706289457195454,1.8840992775743122,1.3631896665447378,-0.04314173561107437,-0.18042613000686894,0.34120880838007134,0.006582682235306929,0.20246401802013364,0.13909582277748156,0.12558342171542555,0.12471578246152426,0.140164335627881,0.08796656981064316,0.10973437123506859,0.04763499616198915,0.09187329318642931,0.0773854141306641,0.4348546014293335,0.06008986254575004,0.3693061857370542,0.2570041818197792,0.1210212791420319,0.17322580845470753,0.0777198700768876,0.21430007541363016,0.1930175847738952,0.2515640495109964,0.10028127594990456,0.32397798758018315,-0.08023613676097563,0.2774418535245688,0.1359508561602465,-0.05596325090430038,0.41291408926492934,0.2518472436143618,0.3793751204603004,0.5853555149833738,0.2895518441364138,0.05182937950257183,-0.3401992218532478,0.059803927729052984,0.20474927787237468,-0.005749950656967397,0.006442811747420394,0.5074137958497519,0.33194783241020825,0.2318051645431282,-0.00012113744983222799,-0.3604673245885862
0.517107236968033,1.3631896665447378,3.340489796359298,-0.11981255308777305,-0.37438496085091666,0.22874608429779916,-0.027354873473851186,0.11429026918129112,0.08150048931396459,-0.012728968773690261,0.07410941391911842,0.11610647436017961,0.039060302577542165,0.09484773032162798,-0.033422327892034163,0.06110146043971985,0.06796282217447235,0.16926300416061582,-0.04550278544468447,-0.05096162753831326,0.15909852959334214,0.08244367248595838,0.044087736788320515,0.016916189304252927,0.15452623405866883,-0.010216591951579423,0.16745196751896882,0.020882404173329844,0.1300879667901467,-0.4982222883050893,0.15454774418986636,0.09697696954969934,-0.026011440660164267,0.4623038189661433,0.1004441975389537,0.39837412609880185,0.5259980516955194,0.3108377604887597,-0.4214018682406214,-1.2175531255462435,-0.20928685350224954,0.07559343132083891,-0.21807051180215642,-0.011057432662565961,0.5676375382691293,0.49561853453939386,0.031021611681289484,-0.08858923903397287,-1.0719736223401597
0.003869220378990322,-0.04314173561107437,-0.11981255308777305,1.0349870525450093,0.5531994496403269,0.24858180712460257,0.3823971135026401,0.2794573992160364,0.16703974505012212,0.2815323135993415,0.26298618635047893,0.32588996017878286,0.2105251872196072,0.24797905522612,0.25197237782143783,0.27146277343507685,0.2447595227504655,0.19579388316884558,0.3200917327859842,0.16847227741683896,0.19183132180316279,0.21708185068788874,0.15683724420740255,0.1741188331334514,0.23851043000316488,0.2181618560668893,0.1974968645173012,0.04800521093260105,0.1654692202128758,0.08574115420081133,0.19786099299735724,0.24823533401518472,0.2066207799902161,0.127550106386265,-0.17019363588215583,0.25325633648904405,0.09553866491699546,0.21073509884464542,0.18318785488875403,0.26173156496945293,0.14989162626136762,0.20279125816231514,0.20933402636767195,0.05954309647445197,0.08688443428701309,0.06747124654737655,0.19733247431494758,0.05263224361023713,0.20028556897221933
0.11368833630385476,-0.18042613000686894,-0.37438496085091666,0.5531994496403269,1.599986297339073,0.06071717337627983,0.321585625686884,0.22376419730845254,0.05998491393813245,0.2749715703484012,0.2545932919620881,0.3718215222108188,0.23575481864874695,0.21256463751573682,0.3857210987387058,0.3399234946394731,0.15986283036202423,0.1346149941047547,0.6538493883868188,0.05419586467768818,0.12936152089698344,0.18382743666921436,0.07434861088125379,0.14381671660631276,0.23624062092475862,0.183072608481409,0.1650817183602889,0.04261263469382007,0.0622301279912339,0.032635936597343845,0.1921873456158683,0.2345956749354942,0.300120101711616,0.023865664309667967,-0.30681255490109527,0.23038258438813355,0.00438513894512166,0.1912233072944009,0.21263239785157667,0.3547116563538717,0.11818741707409794,0.16122246152397757,0.18559940968052863,0.04830420260801774,-0.0025715210341737678,0.009778948746539118,0.07038124463446356,0.07392473396581735,0.14532547267045123
0.025340712612792794,0.34120880838007134,0.22874608429779916,0.24858180712460257,0.06071717337627983,1.1945590592158142,-0.18160165315772112,0.407132393558364,0.2832022578920196,0.27183010352371073,0.26838981684150304,0.29022382242084493,0.19110400725886484,0.29156402047985597,0.2399783400509718,0.15922317301539524,0.29405627956444663,0.27660216126130094,0.5617030689828926,0.5620256076291789,0.32259160355864536,0.23320556155634237,0.17234602924541018,0.23110165872400812,0.3076324633177413,0.3542230228915109,0.20750036237140093,0.08765559204350272,0.2838637529106608,0.050586667447517615,0.28942571553357027,0.28008212873529,0.049336246612100135,0.3750198769280277,0.08455630116006999,0.20963461626487156,0.405902817857646,0.44040487465193673,0.38288751546965527,0.2541802523722905,0.21691838968803379,0.3062238367305591,0.26983258195131266,0.06316159548123418,0.4325507934156452,0.2278873095854431,0.4623127064045897,0.058142534871237966,-0.0297137586962076
0.1752059132289943,0.006582682235306929,-0.027354873473851186,0.3823971135026401,0.321585625686884,-0.18160165315772112,0.9999204295499753,0.05165732081150177,0.17902885892057022,0.1551426961164796,0.2395087869591289,0.2482445469123991,0.18247368437542716,-0.02557243010466636,0.21717540731166293,0.12299552792565403,0.24985427422897621,0.1416351759735006,0.023875072333045477,0.042382945979714315,0.18418008356364368,0.1568975453109112,0.11668169780101477,0.1344738019989133,0.13735342922088828,0.02499067340048707,0.1707747151771145,0.09644180601775065,0.06334634965049309,0.21619678342006468,0.15771550418063324,0.10406322007950239,0.21281589958601205,-0.025842533563623645,-0.06321566387633076,0.32940292822377326,0.08798803631982562,0.08494236484856996,0.037445949352642276,0.08623161034201934,0.1369944958364271,0.15911349240310632,0.1015755180688114,0.028678166142103827,0.06096201010855824,0.07151097358720294,-0.07534277161135974,0.030433331470860074,0.04215308984682272
0.028953851779946225,0.20246401802013364,0.11429026918129112,0.2794573992160364,0.22376419730845254,0.407132393558364,0.05165732081150177,0.8279271473625965,0.12093547181448568,0.32654137727711946,0.322356512779051,0.2040418691030584,0.25560157191149935,0.23880858312569925,0.26305472379038575,0.16226862217836616,0.3063533320467934,0.26751190841048933,0.280998564309004,0.3496750720375746,0.16312790010076497,0.149725204992682,0.14035039863732862,0.1560043526146683,0.30464897817394615,0.32212655228593545,0.2528136146591005,0.08824294693774241,0.2797245899466765,0.11009207687376907,0.23405511026111117,0.20246404006586716,0.03911448085819925,0.2835723847222733,0.2256339909302336,0.19005097056692152,0.30502983116885524,0.2343258054805555,0.24083714472666765,0.20002807883773951,0.16365528229006374,0.18028054079393951,0.20458681371943313,0.04444120076484887,0.23641993890337384,0.17208279951905575,0.4273294967184526,0.051417327845256995,0.19177906595126534
0.0618140353995367,0.13909582277748156,0.08150048931396459,0.16703974505012212,0.05998491393813245,0.2832022578920196,0.17902885892057022,0.12093547181448568,0.8428334787897644,0.10304876361060988,0.2257142771132272,0.16064719188511575,0.1707021855806791,0.12033437586715784,0.16495235628999555,0.03476026218846234,0.28622134800933435,0.21816983566368636,0.15667300922310842,0.19714711458259251,0.23735995629004128,0.3976399937745037,0.20126646288844116,0.19558274376738363,0.10239699581667769,0.25812060693639755,0.23843493150974104,0.1546667712342784,0.09676163030751597,0.21071342583453306,0.2142278480042961,0.186753759950214,0.20856982622150028,0.13384544341760324,0.07280326778263287,0.2785792454729188,0.28380881635925476,0.2425015715728531,0.10866899183165978,0.1237859453109038,0.17642594391912286,0.21342384771678916,0.321373399543606,0.05605370536355092,0.24892868799117915,0.14123147888914594,0.1933709289219285,0.019547841283821303,0.37482877053452973
0.043131000956113205,0.12558342171542555,-0.012728968773690261,0.2815323135993415,0.2749715703484012,0.27183010352371073,0.1551426961164796,0.32654137727711946,0.10304876361060988,0.7758474015189114,0.23419765156514114,0.24368786965715392,0.24325428853177417,0.2070582298717382,0.3084054190735486,0.1876304526311363,0.2905422513679447,0.31725174535348305,0.23088916280882027,0.3296857637891793,0.19030116828816737,0.15247081480585165,0.17584526376397291,0.18564142661176108,0.26685858310689003,0.2166106023780105,0.27605736212020815,0.15686784458170502,0.3314104236383869,0.2140963581561954,0.2806023129719242,0.204911280837759,0.12389008519621962,0.29030499867883736,0.2065811049184865,0.3170689110086288,0.33722089453070464,0.21298313775991506,0.2908293820470076,0.2691358017387718,0.2532761063477546,0.20427970059332592,0.1427931126632532,0.052333187962626364,0.16523775720936146,0.19221705071030246,0.45795809385114095,0.06192716850790288,0.20426700856985314
0.06407373157383632,0.12471578246152426,0.07410941391911842,0.26298618635047893,0.2545932919620881,0.26838981684150304,0.2395087869591289,0.322356512779051,0.2257142771132272,0.23419765156514114,0.5342411717048972,0.3075980341852259,0.24231471807502572,0.15086973762962266,0.3802963602496022,0.14911098832180575,0.320418147224991,0.21684991837230824,0.21869445230906445,0.24213320435053068,0.22127600044244364,0.1861578913904829,0.15843917969168927,0.18237257956168715,0.23924390983432517,0.23728969815333542,0.23864088860432406,0.12933412647446166,0.21200488834943715,0.14130679575719057,0.22886159445946408,0.20253879547746284,0.12838411594482688,0.195368454525178,0.15096670296459583,0.2766753009783356,0.22825404773379282,0.19432274846593145,0.1693423269650597,0.1631826721397885,0.16018024970990116,0.20919311866252563,0.16913485142271154,0.0401710098217456,0.18272949086109255,0.1529335940769022,0.2603575486998939,0.05179309992640887,0.1550325577170184
0.09588506358942361,0.140164335627881,0.11610647436017961,0.32588996017878286,0.3718215222108188,0.29022382242084493,0.2482445469123991,0.2040418691030584,0.16064719188511575,0.24368786965715392,0.3075980341852259,0.649417357708557,0.18994220657797475,0.21963117953144756,0.2634446602926154,0.24151417945422632,0.2297888008648246,0.2607556828388662,0.2882728987036648,0.21312927435416076,0.22188984397470826,0.19411537346345417,0.18826438793226843,0.16771905598264256,0.2948434872462954,0.2701911918619284,0.2231874900559995,0.0710515629030938,0.17974390157652753,0.02785828931336919,0.2406670490388642,0.277230155276471,0.08546524375096669,0.2142150983926853,0.06351702093396709,0.3679178757127782,0.1065945626841641,0.2076427219632425,0.23480642122334439,0.20799325613141492,0.09702840134842601,0.2205050454179572,0.13669301494455494,0.04120506176529254,0.2105856957409979,0.11321229808297159,0.2080438763126613,0.04948998206824358,0.02014359090513502
0.05545127418107565,0.08796656981064316,0.039060302577542165,0.2105251872196072,0.23575481864874695,0.19110400725886484,0.18247368437542716,0.25560157191149935,0.1707021855806791,0.24325428853177417,0.24231471807502572,0.18994220657797475,0.38468514675535986,0.1399424843372624,0.1545132477434141,0.18381191608788167,0.2120932583243525,0.1639734153048226,0.19421686441249614,0.1770841471382416,0.14239958427125585,0.1886925889613626,0.1025098550272906,0.13324713468108246,0.1784616247170344,0.19742103436486397,0.19418838606406477,0.08795360239905509,0.24912338002719367,0.09332646950479778,0.16149994914313803,0.19034941731086155,0.07254602190595894,0.18715020129342747,0.12569505733360126,0.20586487744899767,0.12493084969069719,0.1160892485244003,0.16006334956211857,0.14610413569749175,0.09479022517233796,0.14860603413924975,0.11394738440611181,0.037574701421334934,0.0860195190754756,0.10479154967312299,0.22047577944058164,0.029585570588362125,0.2367546652136927
0.1106053704037475,0.10973437123506859,0.09484773032162798,0.24797905522612,0.21256463751573682,0.29156402047985597,-0.02557243010466636,0.23880858312569925,0.12033437586715784,0.2070582298717382,0.15086973762962266,0.21963117953144756,0.1399424843372624,0.6481837617757187,0.0885814975477676,0.36959607836749286,0.15060950449867017,0.19765277062427755,0.22637781271888874,0.2146878180444264,0.1979772061455066,0.24057556645257328,0.1854704649848924,0.17146165654103648,0.24892043320660961,0.331888629748103,0.12502454710868705,0.08808061098188597,0.2861419557587344,0.034029442603103,0.17634152485224314,0.3606571590665027,0.028214698125955544,0.2953484981986105,0.15978627179653013,0.19860889425489997,0.13962991201899544,0.19434967075057127,0.21519055098938977,0.16139633764264175,0.07455599170900849,0.21258152940881897,0.20547905342544642,0.0519432386881438,0.22827427073602247,0.044977055764268886,0.3531844012265356,0.034903169757949125,0.35194377453367726
0.05172495423533901,0.04763499616198915,-0.033422327892034163,0.25197237782143783,0.3857210987387058,0.2399783400509718,0.21717540731166293,0.26305472379038575,0.16495235628999555,0.3084054190735486,0.3802963602496022,0.2634446602926154,0.1545132477434141,0.0885814975477676,1.382399411346393,-0.002557333058054332,0.3424992977379817,0.09692652569124922,0.26123713487129063,0.26221503790506956,0.2209798489840099,0.05389865597585966,0.11547965996610941,0.20219653364709067,0.33052444026623445,0.1151829395292044,0.2802464767956984,0.21837547425782436,0.15414025618161936,0.34506005039283527,0.23369624480963963,0.12418157483544531,0.24238060721905896,0.12172522234493631,0.1402737803151208,0.29818579732782097,0.36878863354003655,0.1935116308810621,0.10249620359608841,0.14718675870335432,0.32379993080389075,0.2072460871226777,0.2222837913057195,0.036846263564951444,0.1825810914917072,0.24379335452318665,0.2648558965638323,0.07794806326938629,-0.013381390071905537
0.09410756709008426,0.09187329318642931,0.06110146043971985,0.27146277343507685,0.3399234946394731,0.15922317301539524,0.12299552792565403,0.16226862217836616,0.03476026218846234,0.1876304526311363,0.14911098832180575,0.24151417945422632,0.18381191608788167,0.36959607836749286,-0.002557333058054332,0.8105111949025607,0.1375257600506919,0.20592635249703214,0.2147184953880119,0.12984265613271287,0.15433007310615082,0.38364989417868034,0.16453050497918384,0.1650138333831586,0.2542216398074655,0.23165778345189733,0.16426630953454258,0.08316903098130482,0.3276835847636538,0.09048578070859982,0.17897842481751275,0.3363405915228111,-0.030271912393218296,0.29611995626401705,0.22904292845565394,0.22594810351262126,0.0898971391812104,0.17443920949937217,0.27633315060519514,0.2275464123118251,0.03554030507353511,0.20658945014815058,0.22536166018750634,0.0671281984878277,0.22442578166552749,0.04089289854456066,0.2927690105783572,-0.00967147739951176,0.32469796783126625
0.05752762845058969,0.0773854141306641,0.06796282217447235,0.2447595227504655,0.15986283036202423,0.29405627956444663,0.24985427422897621,0.3063533320467934,0.28622134800933435,0.2905422513679447,0.320418147224991,0.2297888008648246,0.2120932583243525,0.15060950449867017,0.3424992977379817,0.1375257600506919,0.7660083611055336,0.09022005725076379,0.19202058940075825,0.2686968992155061,0.26204578531298955,0.22769534848752557,0.10407350786489691,0.21175348490173196,0.24631860806182646,0.07071956418619581,0.2978502799726908,0.17715984459485304,0.22366325504651763,0.26680392764364863,0.23097816684045575,0.18190671338914344,0.188024831643078,0.2168401789969923,0.15861521052151553,0.26906363933139743,0.4087701739007468,0.2718942273425482,0.12522622042892548,0.14054957773928622,0.23013865375255768,0.2267834965798654,0.23626660881305275,0.048256795004680234,0.26972586864731196,0.1825657207393367,0.40750905157421796,0.044173686178197155,0.13240885183234727
0.0765913146871044,0.4348546014293335,0.16926300416061582,0.19579388316884558,0.1346149941047547,0.27660216126130094,0.1416351759735006,0.26751190841048933,0.21816983566368636,0.31725174535348305,0.21684991837230824,0.2607556828388662,0.1639734153048226,0.19765277062427755,0.09692652569124922,0.20592635249703214,0.09022005725076379,1.0768648589169583,0.1547271258491727,0.22608998451715434,0.24527911926702584,0.22509096279589894,0.6638636804066064,0.16787656061467066,0.33199230737100205,0.4751838326056792,0.05009243099041673,0.07139100898140815,0.31498514207907563,0.06093889289855012,0.38724037552050056,0.21693338268910584,-0.034769437461480875,0.292299448808559,0.21622767597682466,0.5007279969315741,0.32902160659486107,0.13748334528644388,0.4064468038379922,0.21941570661150564,0.14200462805791056,0.23552497688250398,0.19931572193119276,0.06896879273626773,0.32390138262503365,0.14376747565963738,0.3189620071911726,0.039923612255157226,0.1222850545504829
0.055955550197661096,0.06008986254575004,-0.04550278544468447,0.3200917327859842,0.6538493883868188,0.5617030689828926,0.023875072333045477,0.280998564309004,0.15667300922310842,0.23088916280882027,0.21869445230906445,0.2882728987036648,0.19421686441249614,0.22637781271888874,0.26123713487129063,0.2147184953880119,0.19202058940075825,0.1547271258491727,0.9021585648120214,0.2859423593613332,0.20232458234389103,0.1855365224028302,0.04558418174419039,0.17092553926340742,0.2419803600772567,0.20225487092561006,0.16777070162936517,0.08949170351004551,0.10653878679450676,0.07822428199420804,0.23624335528991938,0.2126903969421572,0.18292321005794765,0.14107911226001793,-0.07339646892949736,0.20536763480581152,0.21585617284054479,0.3222051924679385,0.33288998429573413,0.2750149982013677,0.16466700723570438,0.2050256879337524,0.22369999625853246,0.04770702559293864,0.2550220068112964,0.13456603743166146,0.15974468257695096,0.06669955624262451,-0.06893181464486764
0.006586109553132391,0.3693061857370542,-0.05096162753831326,0.16847227741683896,0.05419586467768818,0.5620256076291789,0.042382945979714315,0.3496750720375746,0.19714711458259251,0.3296857637891793,0.24213320435053068,0.21312927435416076,0.1770841471382416,0.2146878180444264,0.26221503790506956,0.12984265613271287,0.2686968992155061,0.22608998451715434,0.2859423593613332,1.7371985624088118,0.2945362630610004,0.128481652227898,0.047105669917775546,0.23316382697288565,0.30149974224959647,0.44491064429395644,0.12535370522130787,0.19136504492550685,0.6297575483252894,0.2679376333025345,0.4114206926398124,0.21603850116049822,-0.18845487435099073,0.5841624838549214,0.49131054678899805,0.2528069350541522,0.7874934779216441,0.6164420303928584,0.8288514854130342,0.5144133252728282,0.3810252351704794,0.380839536025386,0.1277597784442303,0.016403892113861288,0.6897040837161397,0.3740074623027907,0.4206359456673924,0.10518455652562451,0.08779366499208863
0.09091574448376946,0.2570041818197792,0.15909852959334214,0.19183132180316279,0.12936152089698344,0.32259160355864536,0.18418008356364368,0.16312790010076497,0.23735995629004128,0.19030116828816737,0.22127600044244364,0.22188984397470826,0.14239958427125585,0.1979772061455066,0.2209798489840099,0.15433007310615082,0.26204578531298955,0.24527911926702584,0.20232458234389103,0.2945362630610004,0.7100400965565353,0.1962996447146307,0.14609968380628208,0.15019321228307886,0.18908854247143528,0.2136611471351608,0.15695131770144682,0.17810539238856224,0.08058798877665578,0.22818646954899843,0.23534705700263647,0.23923260306761873,0.07940806870761356,0.237270415428225,0.20744336095581498,0.2421700399759336,0.3594106246220564,0.2788926136747694,0.20037541325110314,0.10359650551662254,0.2573633700867525,0.5220345806013543,0.21601500094690393,0.044596900442733296,0.5012076563090118,0.1249106799380351,0.350500440633563,0.04901261018151778,-0.14165214877764698
0.07908416893255321,0.1210212791420319,0.08244367248595838,0.21708185068788874,0.18382743666921436,0.23320556155634237,0.1568975453109112,0.149725204992682,0.3976399937745037,0.15247081480585165,0.1861578913904829,0.19411537346345417,0.1886925889613626,0.24057556645257328,0.05389865597585966,0.38364989417868034,0.22769534848752557,0.22509096279589894,0.1855365224028302,0.128481652227898,0.1962996447146307,0.5637371899516983,0.2213475925734585,0.18562245686495596,0.17742835305753638,0.2335094111023304,0.21554894091350885,0.11209221707833207,0.22378526485557965,0.17250665951050448,0.19018757645858667,0.2734437029918908,0.10426769996631256,0.2161181200959279,0.13271899536686413,0.2597847782065668,0.18141023916017895,0.23799848358196976,0.19451899527206376,0.16552711213286334,0.10175880455419146,0.20585530072148822,0.32956195661116766,0.07214341588452844,0.24348063937210568,0.11053615864226629,0.25973821215230236,-0.03612749647045546,0.3946482077986712
0.04694558830718746,0.17322580845470753,0.044087736788320515,0.15683724420740255,0.07434861088125379,0.17234602924541018,0.11668169780101477,0.14035039863732862,0.20126646288844116,0.17584526376397291,0.15843917969168927,0.18826438793226843,0.1025098550272906,0.1854704649848924,0.11547965996610941,0.16453050497918384,0.10407350786489691,0.6638636804066064,0.04558418174419039,0.047105669917775546,0.14609968380628208,0.2213475925734585,1.4021930975565284,0.30998014795172957,0.3532586122504241,0.12204047921036114,0.0030647238067339454,-0.11963433194720131,0.4990893098291582,0.1680993040296075,-0.033903098730949204,0.17838487826392407,0.08482426901245384,0.3051504662517034,0.030921463837543683,0.4826239164560252,0.1511736943565401,-0.09003030373633512,0.1995606099716131,0.08038435655205119,0.060891919433452985,0.13270828648411723,0.10460902630696645,0.09006044318558445,-0.10980976664966623,0.1635530722651776,0.3189409587091334,0.05503240929759241,0.2993762957432874
0.06631562938763128,0.0777198700768876,0.016916189304252927,0.1741188331334514,0.14381671660631276,0.23110165872400812,0.1344738019989133,0.1560043526146683,0.19558274376738363,0.18564142661176108,0.18237257956168715,0.16771905598264256,0.13324713468108246,0.17146165654103648,0.20219653364709067,0.1650138333831586,0.21175348490173196,0.16787656061467066,0.17092553926340742,0.23316382697288565,0.15019321228307886,0.18562245686495596,0.30998014795172957,0.5608684226175598,0.2031948377347535,0.03908097499816396,0.1878486834548665,0.1875239845816982,0.17461455476788817,0.3848776878502077,0.2986310055875613,0.1849470368342839,0.2783439911852551,0.14136069796257847,0.18336403305718477,0.5025728369021878,0.3696510185483597,0.2447915420169955,0.1513158000746637,0.13802211933721084,0.23524502825633808,0.16716729780920664,0.218022829966241,0.06278112307504134,0.22517640925316706,0.16369963494554662,0.21462972406707176,0.07780250322238638,0.1783221039752593
0.09359876304349414,0.21430007541363016,0.15452623405866883,0.23851043000316488,0.23624062092475862,0.3076324633177413,0.13735342922088828,0.30464897817394615,0.10239699581667769,0.26685858310689003,0.23924390983432517,0.2948434872462954,0.1784616247170344,0.24892043320660961,0.33052444026623445,0.2542216398074655,0.24631860806182646,0.33199230737100205,0.2419803600772567,0.30149974224959647,0.18908854247143528,0.17742835305753638,0.3532586122504241,0.2031948377347535,1.0642596165272724,0.35041033927721627,0.20029646175706795,0.08050082893549025,0.5211416097446934,0.08952878375994323,0.2711747887084105,0.25582506049292,0.008663508756871083,0.3197852828753828,0.19780063315096447,0.38268063761840065,0.12787824213510904,0.2593623731135961,0.2897546105672473,0.17341186918893217,0.08257586560324755,0.2025884307538057,0.1310510669404804,0.05524829446710234,0.27358606878311165,0.18901323312475557,0.33741870745096403,0.017260115002279898,-0.17168007994876483
0.005674658601473477,0.1930175847738952,-0.010216591951579423,0.2181618560668893,0.183072608481409,0.3542230228915109,0.02499067340048707,0.32212655228593545,0.25812060693639755,0.2166106023780105,0.23728969815333542,0.2701911918619284,0.19742103436486397,0.331888629748103,0.1151829395292044,0.23165778345189733,0.07071956418619581,0.4751838326056792,0.20225487092561006,0.44491064429395644,0.2136611471351608,0.2335094111023304,0.12204047921036114,0.03908097499816396,0.35041033927721627,2.2860681224364843,0.32837814253769115,0.15181162934032588,0.050723298243646436,-0.8614305870904271,0.3230843655179566,0.46141003161719635,-0.28208842747756635,0.30030006117200087,0.2984224082943275,0.2121157074419065,-0.5463424173270981,0.22053955888875723,0.6412794983517912,0.8457885587775861,-0.13766186008038406,0.34971009667792013,0.3434222505614232,0.03229346787507782,0.4801415098104345,-0.17931262950334434,0.1433558240629376,0.11751913589548381,0.8911714783706376
0.07061289317012936,0.2515640495109964,0.16745196751896882,0.1974968645173012,0.1650817183602889,0.20750036237140093,0.1707747151771145,0.2528136146591005,0.23843493150974104,0.27605736212020815,0.23864088860432406,0.2231874900559995,0.19418838606406477,0.12502454710868705,0.2802464767956984,0.16426630953454258,0.2978502799726908,0.05009243099041673,0.16777070162936517,0.12535370522130787,0.15695131770144682,0.21554894091350885,0.0030647238067339454,0.1878486834548665,0.20029646175706795,0.32837814253769115,1.6016031963497168,0.31833093442664023,-0.12616290367857722,0.17516893997727645,0.3580891343600717,0.20011168532392673,0.29338723801424993,0.20741663957628184,0.1749518256484605,0.6051777290941995,0.33431115867579314,0.45478383162191005,-0.006718041758615718,0.462530295270708,0.16305432260029112,0.19901046568967498,0.6823353810569822,0.0210360961077776,0.4698198436180123,0.2853484436504677,0.23376247338000172,0.15332823515829544,0.3594790401244392
0.03711776130767314,0.10028127594990456,0.020882404173329844,0.04800521093260105,0.04261263469382007,0.08765559204350272,0.09644180601775065,0.08824294693774241,0.1546667712342784,0.15686784458170502,0.12933412647446166,0.0710515629030938,0.08795360239905509,0.08808061098188597,0.21837547425782436,0.08316903098130482,0.17715984459485304,0.07139100898140815,0.08949170351004551,0.19136504492550685,0.17810539238856224,0.11209221707833207,-0.11963433194720131,0.1875239845816982,0.08050082893549025,0.15181162934032588,0.31833093442664023,1.2508694863718657,-0.3208545329729061,0.4676273812680845,0.3569087325433603,0.07697731813986756,0.530422836505517,-0.20230968776103844,0.7037524360026863,0.598571395857749,0.5304733275289669,0.2965376124994992,0.16087259602155085,0.22395594002128238,0.23333228480856508,0.188313376697428,0.3929771005348262,0.0871042826801795,0.5956019351158762,0.11642055608257916,0.04021637830540788,0.12958587194475663,-0.15449113348460725
0.10565139040817637,0.32397798758018315,0.1300879667901467,0.1654692202128758,0.0622301279912339,0.2838637529106608,0.06334634965049309,0.2797245899466765,0.09676163030751597,0.3314104236383869,0.21200488834943715,0.17974390157652753,0.24912338002719367,0.2861419557587344,0.15414025618161936,0.3276835847636538,0.22366325504651763,0.31498514207907563,0.10653878679450676,0.6297575483252894,0.08058798877665578,0.22378526485557965,0.4990893098291582,0.17461455476788817,0.5211416097446934,0.050723298243646436,-0.12616290367857722,-0.3208545329729061,3.4125140292725935,0.028569193503508554,-0.04644589246419528,0.39440435516719435,-0.40221556046754536,1.2328477442768038,0.26134254570617665,0.42823053816481094,-0.37398835636546485,-0.3580043774215456,0.44710004641234125,0.02032747321644546,-0.17440321206330428,0.06859076280000641,-1.0525232459640095,-0.08498973109208359,-0.676374068361515,0.25172723882347425,0.8926673080147678,-0.01589610908414709,1.4465187784858917
-0.009997518646765569,-0.08023613676097563,-0.4982222883050893,0.08574115420081133,0.032635936597343845,0.050586667447517615,0.21619678342006468,0.11009207687376907,0.21071342583453306,0.2140963581561954,0.14130679575719057,0.02785828931336919,0.09332646950479778,0.034029442603103,0.34506005039283527,0.09048578070859982,0.26680392764364863,0.06093889289855012,0.07822428199420804,0.2679376333025345,0.22818646954899843,0.17250665951050448,0.1680993040296075,0.3848776878502077,0.08952878375994323,-0.8614305870904271,0.17516893997727645,0.4676273812680845,0.028569193503508554,2.8325067620235127,0.3073300169884956,-0.08582626729172242,0.3083271802822068,-0.5869173027187937,0.7524571298443582,0.466162177178891,1.1889198849367524,0.41660868298306564,-0.002492245773518223,-0.06254127901176977,1.2438661621552451,0.19301501457542805,1.1701972711945179,0.16309657261156224,0.6754484010737306,0.6596023620151944,0.25015562119776896,-0.04894476155377122,-0.16862006871011972
0.09150969022897679,0.2774418535245688,0.15454774418986636,0.19786099299735724,0.1921873456158683,0.28942571553357027,0.15771550418063324,0.23405511026111117,0.2142278480042961,0.2806023129719242,0.22886159445946408,0.2406670490388642,0.16149994914313803,0.17634152485224314,0.23369624480963963,0.17897842481751275,0.23097816684045575,0.38724037552050056,0.23624335528991938,0.4114206926398124,0.23534705700263647,0.19018757645858667,-0.033903098730949204,0.2986310055875613,0.2711747887084105,0.3230843655179566,0.3580891343600717,0.3569087325433603,-0.04644589246419528,0.3073300169884956,1.0407538112887864,0.20212465996655374,0.19145193112341147,0.075071618688458,0.32714481783716776,0.9065104221126927,0.4987966408742564,0.5010235262071888,0.3935187262856879,0.2933863540848845,0.3511075817054464,0.259026789245548,0.241216380366846,0.06824515886712355,0.6706127464545039,0.18483759605889197,0.13956723180955777,0.08989924560764713,-0.32577772617925466
0.08701175518370641,0.1359508561602465,0.09697696954969934,0.24823533401518472,0.2345956749354942,0.28008212873529,0.10406322007950239,0.20246404006586716,0.186753759950214,0.204911280837759,0.20253879547746284,0.277230155276471,0.19034941731086155,0.3606571590665027,0.12418157483544531,0.3363405915228111,0.18190671338914344,0.21693338268910584,0.2126903969421572,0.21603850116049822,0.23923260306761873,0.2734437029918908,0.17838487826392407,0.1849470368342839,0.25582506049292,0.46141003161719635,0.20011168532392673,0.07697731813986756,0.39440435516719435,-0.08582626729172242,0.20212465996655374,0.6172143113783729,0.04780173522830619,0.3588205567187219,0.09202598073046092,0.33808382953975435,-0.10491276406990338,0.1828270499449371,0.22152537552332946,0.19120167480494835,0.007003721854623522,0.2541302501858625,0.07115806190998966,0.040268013265443686,0.13772616357840092,0.011603686275542884,0.30087500861239364,0.05048525268982765,0.43431779940545084
0.05523906099071234,-0.05596325090430038,-0.026011440660164267,0.2066207799902161,0.300120101711616,0.049336246612100135,0.21281589958601205,0.03911448085819925,0.20856982622150028,0.12389008519621962,0.12838411594482688,0.08546524375096669,0.07254602190595894,0.028214698125955544,0.24238060721905896,-0.030271912393218296,0.188024831643078,-0.034769437461480875,0.18292321005794765,-0.18845487435099073,0.07940806870761356,0.10426769996631256,0.08482426901245384,0.2783439911852551,0.008663508756871083,-0.28208842747756635,0.29338723801424993,0.530422836505517,-0.40221556046754536,0.3083271802822068,0.19145193112341147,0.04780173522830619,2.253894430481565,-0.6297316018745429,-0.7324578665212899,0.41571157281814475,0.2958902948064765,0.2249761744490686,-0.649537093800148,0.016837858052211916,0.2721718699906792,0.11511223977530897,0.348202576906642,0.04187149585968876,-0.5293063363621129,0.17647681997203937,-0.018624492965979417,0.26485300702338027,0.19437965022975276
0.10728837900614868,0.41291408926492934,0.4623038189661433,0.127550106386265,0.023865664309667967,0.3750198769280277,-0.025842533563623645,0.2835723847222733,0.13384544341760324,0.29030499867883736,0.195368454525178,0.2142150983926853,0.18715020129342747,0.2953484981986105,0.12172522234493631,0.29611995626401705,0.2168401789969923,0.292299448808559,0.14107911226001793,0.5841624838549214,0.237270415428225,0.2161181200959279,0.3051504662517034,0.14136069796257847,0.3197852828753828,0.30030006117200087,0.20741663957628184,-0.20230968776103844,1.2328477442768038,-0.5869173027187937,0.075071618688458,0.3588205567187219,-0.6297316018745429,2.7458637084281396,0.5559976689201916,-0.0890240085868302,0.9520504207412084,0.12380181543238457,0.07835154464420023,-0.22992240143146453,-0.15427872200590512,0.26962367930557257,-0.11032277271873057,0.11120787679210241,0.051828289643353904,-0.018292376603659195,1.2007262251602164,0.1403375143312788,1.2441769327216223
0.019809300829825613,0.2518472436143618,0.1004441975389537,-0.17019363588215583,-0.30681255490109527,0.08455630116006999,-0.06321566387633076,0.2256339909302336,0.07280326778263287,0.2065811049184865,0.15096670296459583,0.06351702093396709,0.12569505733360126,0.15978627179653013,0.1402737803151208,0.22904292845565394,0.15861521052151553,0.21622767597682466,-0.07339646892949736,0.49131054678899805,0.20744336095581498,0.13271899536686413,0.030921463837543683,0.18336403305718477,0.19780063315096447,0.2984224082943275,0.1749518256484605,0.7037524360026863,0.26134254570617665,0.7524571298443582,0.32714481783716776,0.09202598073046092,-0.7324578665212899,0.5559976689201916,2.7825675232167812,0.3057600995903979,0.7845587420189706,-0.013937202821617594,0.6433473587370507,0.04042610063965819,0.07243384420893981,0.17120436390124463,0.09666334508207951,0.05567404404043771,1.0311781833179088,0.22650608788452012,0.44437021934737125,-0.00017937639681443756,0.13052215813699064
0.1760995287883115,0.3793751204603004,0.39837412609880185,0.25325633648904405,0.23038258438813355,0.20963461626487156,0.32940292822377326,0.19005097056692152,0.2785792454729188,0.3170689110086288,0.2766753009783356,0.3679178757127782,0.20586487744899767,0.19860889425489997,0.29818579732782097,0.22594810351262126,0.26906363933139743,0.5007279969315741,0.20536763480581152,0.2528069350541522,0.2421700399759336,0.2597847782065668,0.4826239164560252,0.5025728369021878,0.38268063761840065,0.2121157074419065,0.6051777290941995,0.598571395857749,0.42823053816481094,0.466162177178891,0.9065104221126927,0.33808382953975435,0.41571157281814475,-0.0890240085868302,0.3057600995903979,3.8272819835976186,-0.11009028674616465,0.22287620107411382,0.09470751446567671,0.4393295661747282,0.08070978270307555,0.24704779190470005,-0.33641444483256033,-0.03844831989927509,0.5702766403019027,0.3468074674559897,-0.6461682832903168,0.25555318572368796,-1.4631253969709277
0.12259193224342846,0.5853555149833738,0.5259980516955194,0.09553866491699546,0.00438513894512166,0.405902817857646,0.08798803631982562,0.30502983116885524,0.28380881635925476,0.33722089453070464,0.22825404773379282,0.1065945626841641,0.12493084969069719,0.13962991201899544,0.36878863354003655,0.0898971391812104,0.4087701739007468,0.32902160659486107,0.21585617284054479,0.7874934779216441,0.3594106246220564,0.18141023916017895,0.1511736943565401,0.3696510185483597,0.12787824213510904,-0.5463424173270981,0.33431115867579314,0.5304733275289669,-0.37398835636546485,1.1889198849367524,0.4987966408742564,-0.10491276406990338,0.2958902948064765,0.9520504207412084,0.7845587420189706,-0.11009028674616465,4.622117231864063,0.880400122570347,-0.3832263657448098,-0.6191696776494917,1.0976580597070966,0.3083083791817307,1.0019023630019248,0.18347542703947664,1.7713564087874207,0.5242696469034172,1.2093367918360676,0.15291328760821177,0.3428216504692252
0.08948422277196136,0.2895518441364138,0.3108377604887597,0.21073509884464542,0.1912233072944009,0.44040487465193673,0.08494236484856996,0.2343258054805555,0.2425015715728531,0.21298313775991506,0.19432274846593145,0.2076427219632425,0.1160892485244003,0.19434967075057127,0.1935116308810621,0.17443920949937217,0.2718942273425482,0.13748334528644388,0.3222051924679385,0.6164420303928584,0.2788926136747694,0.23799848358196976,-0.09003030373633512,0.2447915420169955,0.2593623731135961,0.22053955888875723,0.45478383162191005,0.2965376124994992,-0.3580043774215456,0.41660868298306564,0.5010235262071888,0.1828270499449371,0.2249761744490686,0.12380181543238457,-0.013937202821617594,0.22287620107411382,0.880400122570347,2.409887025079615,0.2859171644689222,0.4994828470734104,0.22505224066030288,0.27850473424337596,1.0086446445467043,0.23225772393771757,1.4574320242817198,0.496639063393809,0.36914826754303526,0.05355890241552007,-1.2959231634344646
-0.03418149462311835,0.05182937950257183,-0.4214018682406214,0.18318785488875403,0.21263239785157667,0.38288751546965527,0.037445949352642276,0.24083714472666765,0.10866899183165978,0.2908293820470076,0.1693423269650597,0.23480642122334439,0.16006334956211857,0.21519055098938977,0.10249620359608841,0.27633315060519514,0.12522622042892548,0.4064468038379922,0.33288998429573413,0.8288514854130342,0.20037541325110314,0.19451899527206376,0.1995606099716131,0.1513158000746637,0.2897546105672473,0.6412794983517912,-0.006718041758615718,0.16087259602155085,0.44710004641234125,-0.002492245773518223,0.3935187262856879,0.22152537552332946,-0.649537093800148,0.07835154464420023,0.6433473587370507,0.09470751446567671,-0.3832263657448098,0.2859171644689222,4.184975151307085,1.2551687672662561,-0.40434152108152205,0.3165362141580173,-0.15178625744945337,0.13494424972265862,1.4093340955978,-0.1698743890123321,-0.013932895532849774,-0.06070998749730045,-0.16094111360443283
-0.16252283461222244,-0.3401992218532478,-1.2175531255462435,0.26173156496945293,0.3547116563538717,0.2541802523722905,0.08623161034201934,0.20002807883773951,0.1237859453109038,0.2691358017387718,0.1631826721397885,0.20799325613141492,0.14610413569749175,0.16139633764264175,0.14718675870335432,0.2275464123118251,0.14054957773928622,0.21941570661150564,0.2750149982013677,0.5144133252728282,0.10359650551662254,0.16552711213286334,0.08038435655205119,0.13802211933721084,0.17341186918893217,0.8457885587775861,0.462530295270708,0.22395594002128238,0.02032747321644546,-0.06254127901176977,0.2933863540848845,0.19120167480494835,0.016837858052211916,-0.22992240143146453,0.04042610063965819,0.4393295661747282,-0.6191696776494917,0.4994828470734104,1.2551687672662561,2.9211688501295847,0.02624021653263021,0.22647874275605132,0.4459698624967945,0.08074359359212784,0.1685623803689544,0.1450402480216381,0.16986051097546126,0.19460064222545717,0.250879988119735
0.004836515548709118,0.059803927729052984,-0.20928685350224954,0.14989162626136762,0.11818741707409794,0.21691838968803379,0.1369944958364271,0.16365528229006374,0.17642594391912286,0.2532761063477546,0.16018024970990116,0.09702840134842601,0.09479022517233796,0.07455599170900849,0.32379993080389075,0.03554030507353511,0.23013865375255768,0.14200462805791056,0.16466700723570438,0.3810252351704794,0.2573633700867525,0.10175880455419146,0.060891919433452985,0.23524502825633808,0.08257586560324755,-0.13766186008038406,0.16305432260029112,0.23333228480856508,-0.17440321206330428,1.2438661621552451,0.3511075817054464,0.007003721854623522,0.2721718699906792,-0.15427872200590512,0.07243384420893981,0.08070978270307555,1.0976580597070966,0.22505224066030288,-0.40434152108152205,0.02624021653263021,3.008549026306063,0.22922716240155283,0.015513385972752529,0.08960001068429185,-0.8231363314198935,1.0052112816794732,0.4104103829136566,-0.16212906625996573,-0.10824976962226768
