1.242200707956209,0.2637218923606087,0.08500671909353884,0.20548549856513296,0.251467225332116,0.09281080962384541,0.13222867507633265,0.10297925570775641,0.02957038644228752,0.14228659152430292,0.12234936912381288,0.14075187510524606,0.049514683727657834,0.09777291116715417,0.21996708544963253,0.13072778799662096,0.031527270612649434,0.17434242766282207,-0.04743306867464162,0.13713070883266562,0.10816741052635086,0.10238282867428371,0.22265910850305584,0.059510529944924985,0.16627255076367428,0.06438499240477985,0.09563776930870675,0.04049587240729023,0.12694283287245783,0.166557676690994,0.026889343535457914,0.09581059272842553,0.10217059349219654,0.0020117011482162404,0.0017259421165559973,0.019684404188746504,0.18230353028476143,0.07101302725854133,0.16088436379225984,0.14358804114413581,0.15103106878312458,0.11426104251927574,0.188463658302651,0.10877969591837162,0.06111812215533258,0.11585497895314438,0.17028992941636042,-0.07921877025255009,0.25866192137216165,-0.07510759080654379,-0.005668456577612669,0.0005278318533013508,0.019158752332172492,0.050485767947922144,0.09744222931623421,-0.026858199439196245,-0.1607881346303384,0.004999275343282267,0.0988941392204819,-0.008621911673295547
0.2637218923606087,2.4155625099514575,1.114117125214641,0.20746981952358434,0.16139754430680475,0.13721571783950526,0.4776758105893074,0.10918957796517531,0.47818483421871827,0.3828840409757997,0.32517185522711906,0.4018368238137032,0.13067300889971373,0.18041544831532821,0.6194102270751448,0.17162527282125087,0.18260256550607043,0.3530492223136795,0.5641135327897921,0.4970203422900742,0.5051455318825737,0.24405971409385477,-0.08321267089491312,0.1272176315579403,0.2698192885410697,0.19412907256897913,0.3705289777313359,0.509225432895776,0.5092786356821262,0.46654448573237317,0.3209895385694572,0.3450948151095351,0.4338449218615844,0.32357690941466655,0.2993535140921858,0.3471180546117081,0.837679429134552,0.2789332483364413,0.4632994980680539,0.22704918031587584,0.4579624096261964,0.46213994413865345,0.5445908398779952,-0.02933076192608813,0.3032924386656001,0.47209310676665767,0.4675447648195914,-0.2734527957168133,0.6036442192648187,-0.10901817732685373,-0.0454316517518737,0.3100580129586249,-0.22968126840484762,0.0808870042734634,-0.492734277769291,-0.046638160971467266,-0.6042012090411769,0.18367093419859767,0.7843539457954051,0.34517973372599614
0.08500671909353884,1.114117125214641,2.684960516480727,-0.06618063102283603,-0.3768275276031997,0.4280842304567188,0.5010235062709194,0.22830313069789426,0.6257987901682501,0.3502746536404826,0.32751120293728564,0.45176839424899173,0.15135275413115978,0.25528545754045484,0.5023840298825037,0.1868027471357987,0.34006762794153883,0.23161918308653023,0.4827334481195314,0.30806399869259116,0.5156592385632706,0.3915124517565999,0.30249387286260304,0.40799936322814107,0.40453355869636054,0.14736205013470746,0.3369516657601491,0.3870915629813484,0.6354815591440811,0.44426948919093545,0.1939754039846476,0.41914335032178185,0.24640487179792683,0.4923347493652034,0.3630753617346827,0.4062574720582223,0.4149844650613103,0.22531214209929729,0.6269941981490689,0.2427401186809184,0.2014330564815791,0.4783922616074876,0.47893059719138553,-0.08969108633630893,0.2202466369227284,0.35966186405526657,0.40814120571254764,-0.21355514872943604,0.8539540587274992,-0.20960522392361444,-0.19032547079719866,0.33661714632302037,0.02648210430273071,0.1280223396497482,0.08846747029770057,0.24601729815648538,-0.3210101940164843,-0.8554529207383635,0.894540619359853,0.501521660711533
0.20548549856513296,0.20746981952358434,-0.06618063102283603,0.970293675307445,0.634242742332757,0.2605480822523351,0.17134808116752387,0.23750073079283787,0.0659987437397133,0.13112416821171283,0.2057862836307333,0.2193158117569251,0.09951282575982312,0.17970790779084325,0.22765769080555662,0.19142200109368526,0.20271855582765502,0.17409232374994182,-0.03887746164364772,0.16998571005999832,0.16536870414160038,0.11479049027940837,0.20801706182818866,0.11916079984901785,0.1729366322148648,0.18418738332510767,0.11031027830235192,0.0669594219902494,0.24742619158159268,0.015085112935137847,0.07491806408699629,0.18528121829052016,0.09249200147139995,0.2858997774222962,0.04689415257752051,0.03294157788300227,0.21269340329667197,0.11140592125677039,0.161599000551648,0.07556153007200518,0.09920806000134359,0.1657489971539928,0.1253291736350679,0.24164005792097273,-0.0031357600863556982,4.5046146029343743e-5,0.08778085920667085,0.10260129249332745,0.04538298454126426,0.0792504657629834,-0.07517873354815167,0.07027558247743178,-0.06765533751463292,-0.09022959433754753,0.08070146044681867,-0.04556834128651764,-0.6202938778237624,0.18683550033635202,0.33346481443926534,0.0018362429921287438
0.251467225332116,0.16139754430680475,-0.3768275276031997,0.634242742332757,1.2754567163743502,0.24151431949542368,0.18462960152264027,0.22456077508705033,0.0641550888288672,0.1363343511889033,0.1985667090455867,0.22264798378890704,0.10611189839020446,0.1632242170553168,0.19271302869288004,0.17030056904513774,0.14069915830062094,0.17498576728493287,-0.006462310246122124,0.15211745794281756,0.11680003022419436,0.09242005418886684,0.1610130333467338,0.11062202462867415,0.14138316132209724,0.1965054740480143,0.07880249456992912,0.020995950850662595,0.18593280676579768,-0.10893836074561918,0.14554642194441517,0.1739962415629361,0.03651906461944399,0.22806373967354107,-0.002768107624813446,0.009595429624509218,0.24412193508061938,0.08255582050620337,0.10315073405458619,0.04743439426529048,0.1255324637526842,0.13559226433708138,0.039300824917767235,0.23008456093255691,-0.05781292951883374,-0.010784906919358992,0.03027584830453402,0.13380834971356204,-0.04840328737567469,0.050701321770422685,-0.0766649602223789,0.0099604611399176,-0.08258953905000456,-0.014057228345068392,-0.06444288501443528,-0.17642868425607466,-0.3186558997790413,0.10167399768518383,0.3808953959407353,-0.022861281217690512
0.09281080962384541,0.13721571783950526,0.4280842304567188,0.2605480822523351,0.24151431949542368,0.8027589352556095,0.2764282618810888,0.4333548241303719,0.30574304335863345,0.11806184221724272,0.3132646773892494,0.3480999824587194,0.12324592526385324,0.2601904549662428,0.21649836258217967,0.19398923896742096,0.2741187195422713,0.18315786437561063,0.2585941102640254,0.21386127026544177,0.23141582775528868,0.23369391378631693,0.09279553189779872,0.18696715911578252,0.301211591711221,0.24484411995873342,0.21253045666145748,0.04744237560420059,0.39265550611630085,0.0318565943926822,0.21465713131849296,0.3403109860721396,-0.053853461580110465,0.31782017078113484,0.11339518455409874,0.1853204202206484,0.08527460056186187,0.1398778261805043,0.3313006037417188,0.08321748290182371,-0.01780495088695272,0.2048545925419328,0.18412833429065445,0.1417494477124117,0.11354034715176226,0.01359224798261099,0.12804283195046812,0.13447949841533927,0.34929786230318605,-0.1289681651807687,-0.163990748679257,0.15856491662410804,0.007140901816848343,0.05257207117927309,0.014654963921227497,0.0973227250763043,0.013754277418697274,0.01420186736291472,-0.15391891909253602,0.22162918246955285
0.13222867507633265,0.4776758105893074,0.5010235062709194,0.17134808116752387,0.18462960152264027,0.2764282618810888,0.6012362469513258,0.1532547471941851,0.4194464011872109,0.0953077099332663,0.24259188351553584,0.37360266837547457,0.10477678560686744,0.18540059699358225,0.187952033180715,0.19822920408317557,0.18968183797404212,0.1688448518709114,0.27289579053322566,0.2344874219543004,0.25717860025884975,0.27744151456356025,0.19015888317379684,0.19306484961361742,0.2566273336474904,0.16078697869985892,0.22599857097733828,0.11065640409503881,0.3207223188986197,0.13609605605687966,0.14373068018724272,0.27983680751394585,0.11254775374792121,0.29177826819105435,0.07010762507912294,0.17736202884521993,0.23638383989481923,0.13795285999852633,0.3479891997687145,0.1212338673523338,0.06121616632426392,0.23525927325137733,0.25867797727988573,0.06603711202176904,0.08565821784095468,0.08931844497987777,0.17817283217680072,0.05397334179002679,0.4768698222443433,-0.18577135047029333,-0.10902963229832242,0.15490647382730235,0.02393318510907282,0.043170292574241195,-0.07409145891538514,0.11083326260229061,-0.07577259018311565,-0.01964369625560848,0.048608122276960306,0.24518727442665564
0.10297925570775641,0.10918957796517531,0.22830313069789426,0.23750073079283787,0.22456077508705033,0.4333548241303719,0.1532547471941851,0.7873768771593148,0.06661935317821799,0.22518371692511993,0.24538557884496764,0.14384454498074847,0.14281559434879695,0.2831230430000947,0.12892661562263455,0.19920455244964758,0.3231870761859424,0.21979912327055354,0.24318130019134937,0.17774505851540456,0.2040127478252253,0.1728495275885262,0.12039992498632733,0.14935188612163983,0.27162432418288557,0.2029623195818699,0.17263761293463759,0.01635491455983356,0.286690270844369,0.16637178580029138,0.1899759973771749,0.292540305202207,0.06705913727396139,0.25106364847364004,0.046730916584536965,0.17885928977103063,0.19394321616556875,0.10637723102981057,0.3680571429515728,0.09039066378536947,0.07800873516825425,0.1748517619607254,0.1902362542297236,0.08943629523465392,0.08323846765725312,0.12191844118348194,0.21148537314422525,0.020428700175671863,0.4885026094607073,0.07619458206832228,-0.05966281845420246,-0.05986096071890856,0.07931643953939331,-0.057357939928309766,-0.03904402857071569,0.05705032167728337,-0.038545401005743385,0.05784458021550497,-0.03825883845098614,0.11009767415955812
0.02957038644228752,0.47818483421871827,0.6257987901682501,0.0659987437397133,0.0641550888288672,0.30574304335863345,0.4194464011872109,0.06661935317821799,0.9759017054236652,0.02274569465008841,0.15497803229677506,0.2636190524167945,0.09540614854986862,0.18803132259589966,0.16777113477994765,0.09607481377587924,0.18475103898445575,0.18041084750666733,0.31572125733940987,0.22538127363368898,0.31155828889484904,0.4231742787006069,0.23171320301657203,0.26500756667116454,0.21787797390242225,0.22478639813872228,0.2178889180897652,0.17009153283312758,0.2593095023412949,0.20403399717395088,0.20041868430041035,0.3208408547782987,0.15121942558618048,0.28992942295065405,0.06866621963874488,0.2267119842877638,0.24257172600353466,0.1443027372941894,0.3627279998670415,0.12701426855685313,0.042777585926943335,0.29248921388923715,0.30171824845596557,-0.019279154554222626,0.15106042293751823,0.177521652033421,0.22625887524948507,0.011885589975210834,0.4702880166107044,-0.21744812161431698,-0.07987247519647638,0.16929724217701186,0.024110255794477675,0.05826278264304124,0.022043172021260087,0.17593386825719629,0.027131504198815232,-0.2031588850892322,0.013133645626852064,0.3666903792220854
0.14228659152430292,0.3828840409757997,0.3502746536404826,0.13112416821171283,0.1363343511889033,0.11806184221724272,0.0953077099332663,0.22518371692511993,0.02274569465008841,0.875546000960221,0.22886126865747794,0.2846836697330552,0.11391388683754902,0.25751074555739367,0.3042554308454524,0.2614654231789552,0.2158657822093501,0.2876593523943238,0.4397740129088776,0.07691258868602759,0.23237410214336202,0.16330190196405114,0.2193242918627549,0.21320450257000154,0.27457334885130646,0.022860030388698778,0.22248214076345535,0.24596072241551986,0.32145561376092224,0.32044742693617967,0.2327314814494063,0.3124595742985374,0.18464264519886184,0.3655106053824064,0.18020380980762352,0.2584631861969583,0.4530071494098794,0.06447557158775875,0.38020800171329044,0.10863643569541988,0.34167766403793876,0.21451147340095666,0.20219683953635523,0.05861471659251285,-0.014933484668868032,0.29847168336776514,0.34569579129820754,-0.1443855260474585,0.6459649003964455,0.03989102659847114,-0.06477516684212939,0.07956162301809057,-0.12743093805756808,0.09465324134332606,-0.15670292696733135,0.03636495772516918,-0.006688121703770243,-0.013844102864705051,0.12008988808924176,0.13464893767078498
0.12234936912381288,0.32517185522711906,0.32751120293728564,0.2057862836307333,0.1985667090455867,0.3132646773892494,0.24259188351553584,0.24538557884496764,0.15497803229677506,0.22886126865747794,0.513982009681261,0.3836090878472973,0.12202763026674061,0.16413929127132046,0.28568632547422024,0.2141711117748532,0.2838832349795134,0.17947308909979093,0.23276948702977338,0.27957660769716264,0.2574517231096355,0.17345112374165092,0.14119238406594117,0.20367132913976024,0.25654361796011915,0.17639950906607885,0.2445366893474391,0.14107391761978894,0.30726039906921254,0.10839096459056975,0.2155295480109638,0.23079797960927392,0.08096449070536434,0.21490543854655414,0.17101377571709553,0.17774886140951368,0.21734126889898245,0.15200268060550307,0.35893526799083963,0.17320069458679824,0.13724410396460476,0.24917699453549072,0.25405639538093033,0.08789433718772495,0.14266038414588603,0.12378777410436546,0.17283359962094974,0.054545070232138206,0.3629461619682623,-0.09234281883765104,-0.09118632505295102,0.08772463719138296,0.04246171127842113,0.07720776529007164,-0.051318498746085496,0.052751937769663984,-0.10760251743135844,0.034903275455917246,0.01831361667558645,0.18428020916867646
0.14075187510524606,0.4018368238137032,0.45176839424899173,0.2193158117569251,0.22264798378890704,0.3480999824587194,0.37360266837547457,0.14384454498074847,0.2636190524167945,0.2846836697330552,0.3836090878472973,0.7083319933285784,0.10254470982729148,0.24274093076801914,0.30454922779927873,0.2857436829935496,0.27566871191522213,0.11461113096799636,0.32059120744685393,0.2759381411727462,0.260795607743575,0.23667802437339863,0.1592923007819708,0.20279481988999318,0.34828328196573466,0.16136655716800305,0.31505088374415957,0.05437652943396879,0.3976903938726347,0.11782875634159436,0.13662586274643096,0.32535982105471756,0.07577414196622789,0.3024314572699222,0.05436670698298242,0.2533643823126628,0.1418415417277879,0.1601993311745994,0.4125527949514072,0.14209811467919575,0.09431045099322584,0.23957053964783398,0.24269878480354878,0.11576780459774409,0.08312286751367338,0.1343086484891925,0.16080463465223319,0.03465921460884664,0.5057509578957862,-0.30297107817733454,-0.08743495044144478,0.17056363506751657,0.09072769862506337,0.10551472094631749,-0.04760924692121812,0.11994938543438664,-0.13010149566177795,0.004365907448204262,-0.02250569478850071,0.20963479329222762
0.049514683727657834,0.13067300889971373,0.15135275413115978,0.09951282575982312,0.10611189839020446,0.12324592526385324,0.10477678560686744,0.14281559434879695,0.09540614854986862,0.11391388683754902,0.12202763026674061,0.10254470982729148,0.1857883901751146,0.1123418747590575,0.050667688941621734,0.11881380229581082,0.13925613931478348,0.0809717232641617,0.11717266856159674,0.08439610458007409,0.11353758371294498,0.12370391721509247,0.1012165424935868,0.10265202315912009,0.1124232368494326,0.05875831330985683,0.10795568754729389,0.06747015595590261,0.1432306040268501,0.09288560215057376,0.07056090049193854,0.12506361151675158,0.060523931932356674,0.11851326148563152,0.08383622674932839,0.09124266996583402,0.1370266675845062,0.048717369059490666,0.17527303187957557,0.07322816248876515,0.07917042477764166,0.10641955420903032,0.14219066306002592,0.048110646213639106,0.0029355419320767065,0.08693924602771795,0.09629761806574823,-0.023874719693196222,0.22092251940319085,-0.00020960144797210008,-0.05017788535586564,0.00964583646134206,0.0329242216972158,0.00020819901072103208,0.010082700801766504,-0.007966260924468047,-0.05443889947774437,-0.03042066738855422,0.06890380173147248,0.06052959612075134
0.09777291116715417,0.18041544831532821,0.25528545754045484,0.17970790779084325,0.1632242170553168,0.2601904549662428,0.18540059699358225,0.2831230430000947,0.18803132259589966,0.25751074555739367,0.16413929127132046,0.24274093076801914,0.1123418747590575,0.6243094347446188,0.2525435551598702,0.36740575102743916,0.28794184610492585,0.17752595896871115,0.20418971236398992,0.12331101711078672,0.24190136067599852,0.2634396505416604,0.2708658565212423,0.2456350575055434,0.30632172672771163,0.12317768734545179,0.1979106828353971,0.1141467055125533,0.3945931968776452,0.2923770702490342,0.14231512223254764,0.5990678997985844,0.16233588039495372,0.2468158264050315,0.05062065180462713,0.3518499432803859,0.25625548545952986,0.09623252666112908,0.33239174225818385,0.13937673283721455,0.21652192543598195,0.22399562105647594,0.27690938668133247,0.0037909055467862706,0.014422450669014096,0.3617943457162855,0.269594365018677,-0.2734160209068356,0.6223450193521246,-0.005597140127022789,-0.0430745101547448,-0.07482973301695126,0.04023004861786985,0.03502555763888237,-0.11137364237854792,0.1479805830819718,-0.2251964585622694,0.11497002993591281,0.03367734588629224,0.057617882801655695
0.21996708544963253,0.6194102270751448,0.5023840298825037,0.22765769080555662,0.19271302869288004,0.21649836258217967,0.187952033180715,0.12892661562263455,0.16777113477994765,0.3042554308454524,0.28568632547422024,0.30454922779927873,0.050667688941621734,0.2525435551598702,0.8464569658393377,0.23157318763955953,0.20636900389102408,0.339845248714823,0.19352334515820538,0.26602974653042205,0.34372362149061814,0.15849889872751288,0.3815562875974753,0.31450607818455245,0.3239519587258324,0.1317833538737793,0.21279876521799937,0.3426579010950323,0.37592432117670876,0.3656776845220132,0.23863160865370614,0.31092923354673574,0.2779539861394643,0.312312791582775,0.21981164293296324,0.2465004287009184,0.49356078769041023,0.16072206232731379,0.3684899994142124,0.22601633789948802,0.2873469568870883,0.3426853107305337,0.3446094427775685,0.0021130560930731914,0.11130730868646414,0.3300907401196649,0.38629037496862345,-0.13219273165104214,0.677444435745619,0.1063787300698229,-0.11284705386386046,0.21003095729731652,-0.1645006688214065,0.004024165384883825,-0.05779717026652276,0.17654494152878447,-0.4674739188688713,-0.0250002170813715,0.2998485282409921,0.13160434967238624
0.13072778799662096,0.17162527282125087,0.1868027471357987,0.19142200109368526,0.17030056904513774,0.19398923896742096,0.19822920408317557,0.19920455244964758,0.09607481377587924,0.2614654231789552,0.2141711117748532,0.2857436829935496,0.11881380229581082,0.36740575102743916,0.23157318763955953,0.8046942324413048,0.3197767364633457,0.18684667965943863,0.2421126770499877,0.15746650280359395,0.22612175389753805,0.37551809658011626,0.25478265323883253,0.2431158347005824,0.33145410485547694,0.032002797762344014,0.2443153154155797,0.12377627012219056,0.376717975314203,0.11857957298591112,0.12990306959013523,0.379504848625104,0.0984465220614819,0.2692288651008221,0.13840266579416324,0.21351193346114775,0.29283926638366875,0.1063563725801659,0.3493454516047991,0.16079754507752178,0.20120452288830895,0.2054912730017492,0.3570459475397268,0.12489526157075888,0.006552217672479625,0.20620827401537897,0.1881442510832511,-0.15080413338647078,0.452425481519942,-0.15340255103787687,-0.07322012110498093,-0.0020715487261440363,0.08145139421612461,0.05521407194246963,0.038800659427526446,0.15327472701039502,-0.28107122925721034,0.05132967138425771,-0.02664173623387116,0.09648475476070975
0.031527270612649434,0.18260256550607043,0.34006762794153883,0.20271855582765502,0.14069915830062094,0.2741187195422713,0.18968183797404212,0.3231870761859424,0.18475103898445575,0.2158657822093501,0.2838832349795134,0.27566871191522213,0.13925613931478348,0.28794184610492585,0.20636900389102408,0.3197767364633457,1.0249028803955753,0.09656410700485288,0.13248951333798237,0.41964416585320385,0.2781682169828316,0.299213097829932,0.2293913735952116,0.2193342057720015,0.29803247500965263,0.19412744802333645,0.2865860952653477,0.22344698908756475,0.42969848438648534,0.027632120021229282,0.10240666509957438,0.2955081818082558,0.2216305260488736,0.2422848815367252,0.13886018835561745,0.14755577051134477,0.4182887465482797,0.22573762886454424,0.359454525567133,0.26082427339403375,0.20625405989330942,0.2585204905057427,0.4674864860685741,0.13415995912497675,0.146169484431307,0.17374754753314206,0.15443615325567048,0.011009386321381305,0.4153187668931298,0.30405783450853113,0.01815817989732074,-0.08783006439312374,-0.13397521900190107,-0.0600268456320622,0.08464396310643824,0.06375374702067388,-0.2576412681415909,-0.04303714420144844,0.07683242315106481,0.045827374072616715
0.17434242766282207,0.3530492223136795,0.23161918308653023,0.17409232374994182,0.17498576728493287,0.18315786437561063,0.1688448518709114,0.21979912327055354,0.18041084750666733,0.2876593523943238,0.17947308909979093,0.11461113096799636,0.0809717232641617,0.17752595896871115,0.339845248714823,0.18684667965943863,0.09656410700485288,0.6142141165902932,0.16688301870318287,0.037433172329561185,0.22169128898631268,0.18091025516703174,0.34088075814473395,0.20202205401610446,0.18678755800080113,0.18555484272178357,0.0808449233636012,0.25769089025422437,0.21684875678490112,0.1662996176082085,0.3416181388206244,0.1953074208376797,0.17332989918188285,0.22975885850416924,0.16183916525719008,0.15976373906999747,0.41230681399311175,0.0539747029912808,0.18694215271092823,0.1488158800736484,0.28444765275218775,0.21267317755953696,0.29582797720938697,-0.0035225036207979336,0.13580038042264478,0.2928388379201017,0.36673608490661774,-0.1150137846935652,0.35895756939245105,0.2635324440851995,0.06731243673290191,-0.04281833546366243,-0.2750786724257333,-0.08123500698157533,-0.06260984919436907,0.10581110194350679,-0.04236782546401204,0.1593937245335259,-0.19935333300364216,0.005728275930394
-0.04743306867464162,0.5641135327897921,0.4827334481195314,-0.03887746164364772,-0.006462310246122124,0.2585941102640254,0.27289579053322566,0.24318130019134937,0.31572125733940987,0.4397740129088776,0.23276948702977338,0.32059120744685393,0.11717266856159674,0.20418971236398992,0.19352334515820538,0.2421126770499877,0.13248951333798237,0.16688301870318287,2.2797898672905186,0.14664260959444803,0.45486698465485065,0.30514634061891255,-0.2994563087799759,0.23550783046619078,0.3046246333816021,-0.2594566379934816,0.23341445406227096,0.508892413915275,0.3413749972862116,0.2500434184293939,0.5296227890561006,0.2848021204477683,0.38228337637854964,0.31232703959657554,0.4597721750414161,0.44853685184734976,0.7690765538200108,0.10925170035806533,0.7329632332097679,0.04415013120048362,0.1961341894702862,0.37561993182560405,0.21138454070419485,-0.13500910327949814,0.1727232439832046,0.20408956309334875,0.3012481047595355,0.4072630806375309,0.7912970630401489,0.21121038421487412,-0.35517060940271555,0.32765246305653817,-0.12590253415630662,-0.001961056775742072,-0.42756602076781386,0.07077423059624918,0.2678019024883723,0.27542097321825343,-0.12294719111042637,0.2997874930814623
0.13713070883266562,0.4970203422900742,0.30806399869259116,0.16998571005999832,0.15211745794281756,0.21386127026544177,0.2344874219543004,0.17774505851540456,0.22538127363368898,0.07691258868602759,0.27957660769716264,0.2759381411727462,0.08439610458007409,0.12331101711078672,0.26602974653042205,0.15746650280359395,0.41964416585320385,0.037433172329561185,0.14664260959444803,1.3380415801061238,0.1636795382851868,0.14367079492155993,0.09835739949772566,0.18795600971682497,0.22297305671414455,0.16461119196585233,0.37022223806461435,0.26187101617771524,0.22848152806450792,0.2829937014323963,0.06960754959563015,0.14292381096580428,0.44838165778414296,0.2137926312851405,0.015564419996196097,-0.2105056102477203,0.8496549162685699,0.5929536392104197,0.32875671603345225,0.4650484282328657,0.18025786130299112,0.1202921789207779,0.8536859540905425,0.30846468778157066,0.25927931270453763,-0.05790198888445619,0.29958950343685303,0.4915350358102186,0.9690584576789533,-0.02560359025801749,-0.10759908196715422,0.3765019731129555,-0.05278007486574109,-0.0665980825229844,-0.03860386618768909,-0.0484007009578209,-0.11636273808107034,0.030625153065133328,0.10750777570504373,0.019112830280014342
0.10816741052635086,0.5051455318825737,0.5156592385632706,0.16536870414160038,0.11680003022419436,0.23141582775528868,0.25717860025884975,0.2040127478252253,0.31155828889484904,0.23237410214336202,0.2574517231096355,0.260795607743575,0.11353758371294498,0.24190136067599852,0.34372362149061814,0.22612175389753805,0.2781682169828316,0.22169128898631268,0.45486698465485065,0.1636795382851868,0.6539506824513007,0.2641639657000254,0.26212084883712716,0.3440263240219685,0.29879514390858647,0.04341181580284156,0.22557570640266086,0.36277845938176884,0.4420488568479577,0.31438584427074456,0.3524333525392012,0.37940958602131153,0.2917061284959047,0.2702810471606019,0.2780113790044941,0.44817214636547786,0.335348724886427,0.160616809125719,0.5601722598345173,0.22860662229785061,0.28574500723905616,0.6254008052203307,0.3510307130112255,-0.039796087824075295,0.33542964921076107,0.3600796317729404,0.32875404124356067,-0.21371760876817103,0.5217714038952782,-0.06057712075832974,-0.12393452980539722,0.19802041752181956,-0.054557339182155114,0.09946520799937363,-0.014148577088329855,0.126770854045436,-0.31648839369932347,-0.13000217480880158,0.3809345734397602,0.37345008672546964
0.10238282867428371,0.24405971409385477,0.3915124517565999,0.11479049027940837,0.09242005418886684,0.23369391378631693,0.27744151456356025,0.1728495275885262,0.4231742787006069,0.16330190196405114,0.17345112374165092,0.23667802437339863,0.12370391721509247,0.2634396505416604,0.15849889872751288,0.37551809658011626,0.299213097829932,0.18091025516703174,0.30514634061891255,0.14367079492155993,0.2641639657000254,0.8326130521803969,0.2814183695281193,0.2536448130178016,0.26697740949469984,0.10335210473846633,0.21132843622710232,0.12304858971368383,0.3204255148620833,0.16821362754366337,0.12962132153224762,0.32481415836916117,0.10768449844100539,0.26165565016704095,0.09886736916051797,0.14654120284736,0.27258118789101315,0.09530996298040581,0.3599081539745794,0.14667072837996487,0.11748260645484278,0.25967747772791105,0.42283211311889507,0.032696555722297696,0.05250400138262975,0.16370430576273626,0.21351409116684225,-0.06119916686643186,0.524349906338545,-0.12863607983351055,-0.07962241672828985,-0.02710973723328164,0.0441627460524896,0.03723153463406191,0.0741728789519,0.14232086094944266,-0.11280780615364493,-0.11733346411457868,0.007338975829217671,0.2047411112795666
0.22265910850305584,-0.08321267089491312,0.30249387286260304,0.20801706182818866,0.1610130333467338,0.09279553189779872,0.19015888317379684,0.12039992498632733,0.23171320301657203,0.2193242918627549,0.14119238406594117,0.1592923007819708,0.1012165424935868,0.2708658565212423,0.3815562875974753,0.25478265323883253,0.2293913735952116,0.34088075814473395,-0.2994563087799759,0.09835739949772566,0.26212084883712716,0.2814183695281193,1.5566717513514838,0.578890798847803,0.4455229387667773,-0.08897596692380387,0.16163362388167749,0.1301473550403411,0.48328230476483514,0.570561450839388,-0.30065980254958385,0.2895126679117072,0.2969357691252146,0.5254982387924853,0.006841505595159455,0.011107450672263274,0.4863983047967246,0.042840093549601825,0.578784552409417,0.4067890760938351,0.10214022738503467,0.29309309170558306,0.43854363282108993,0.08865872573626657,-0.22349539558854203,0.11920802321455005,0.47262542799205653,0.11205401631466769,1.292145172944357,-0.029736321096406303,-0.1775661578751227,0.05681798204662109,0.16942104851317946,0.026058331380216106,0.21414541585755373,0.13317498433916658,-0.4620150724676882,-0.29324074041047365,0.46109911436344125,0.15786024195771903
0.059510529944924985,0.1272176315579403,0.40799936322814107,0.11916079984901785,0.11062202462867415,0.18696715911578252,0.19306484961361742,0.14935188612163983,0.26500756667116454,0.21320450257000154,0.20367132913976024,0.20279481988999318,0.10265202315912009,0.2456350575055434,0.31450607818455245,0.2431158347005824,0.2193342057720015,0.20202205401610446,0.23550783046619078,0.18795600971682497,0.3440263240219685,0.2536448130178016,0.578890798847803,1.0781155779237677,0.3296159532038842,-0.07195492568200282,0.1911028573084195,0.20872696276152328,0.35539738822265377,0.35233086258872054,0.5008755685228307,0.3197894556249672,0.10916324660614576,0.35275751856194726,0.20008656566077387,0.22061078208877746,0.29431404471314626,0.13608544633024985,0.4834217683075187,0.19162338399834938,0.2692372024300614,0.3556600551328538,0.1380933371399881,0.06959556222355898,0.06099467814420033,0.22958362745956312,0.3111143171317448,-0.07209880355439337,0.7114800839750453,-0.13305790152801006,-0.19825082335774502,0.23328338325655723,0.11358622702185181,0.06932676599508994,0.15726657924186532,0.19475610424347517,-0.13976670986805623,-0.6045125783825811,0.5087998037292814,0.26339474170150934
0.16627255076367428,0.2698192885410697,0.40453355869636054,0.1729366322148648,0.14138316132209724,0.301211591711221,0.2566273336474904,0.27162432418288557,0.21787797390242225,0.27457334885130646,0.25654361796011915,0.34828328196573466,0.1124232368494326,0.30632172672771163,0.3239519587258324,0.33145410485547694,0.29803247500965263,0.18678755800080113,0.3046246333816021,0.22297305671414455,0.29879514390858647,0.26697740949469984,0.4455229387667773,0.3296159532038842,0.9802495249762061,-0.058081690107262045,0.25347719406839425,0.09504433558238648,0.5882309874424986,0.4041355192165992,0.07682995516914978,0.37089623619408973,0.1077132092581247,0.4622246079057943,0.1783699625296739,0.3211786062791869,0.3487128928099227,0.13149209922048588,0.6036725002128202,0.18855985742937229,0.1249237615385735,0.27703602711792535,0.3029290076587203,0.0391130388010765,-0.024342681735663646,0.31866745487277043,0.3461758458910684,-0.26599892147923987,0.8456456133329598,-0.5170405845516295,-0.2244961977334634,0.1811219536338903,0.29095568282935047,0.12444478807991961,0.002507342236078002,0.16766728889615018,-0.18260888868912517,-0.08720436847211653,0.11619294291419267,0.25576493991142735
0.06438499240477985,0.19412907256897913,0.14736205013470746,0.18418738332510767,0.1965054740480143,0.24484411995873342,0.16078697869985892,0.2029623195818699,0.22478639813872228,0.022860030388698778,0.17639950906607885,0.16136655716800305,0.05875831330985683,0.12317768734545179,0.1317833538737793,0.032002797762344014,0.19412744802333645,0.18555484272178357,-0.2594566379934816,0.16461119196585233,0.04341181580284156,0.10335210473846633,-0.08897596692380387,-0.07195492568200282,-0.058081690107262045,1.473271763944792,0.1611614228990841,0.19379159276849275,-0.2236166597906202,-0.0813085908658092,0.11758560341740969,0.09191412552306857,0.1985576689673234,0.022588465204806916,0.1058808647959742,0.1446352799235937,-0.259268571455891,0.13764056277349054,-0.8568817444641937,0.07586653005362082,0.11460250761588715,0.08427589848511646,0.3818246138585883,0.04339628101921753,0.242903812510256,0.05079312577773077,-0.07526683381949599,0.2222118392647776,-0.5484324618096765,0.4940160285294291,0.0652599325255089,-0.33716446451268667,-0.2834585796526783,-0.11469439357327774,-0.011216446094502798,-0.02442283015961192,-0.01239004581382211,0.020349911360091306,-0.07543998393594774,-0.12367561645489251
0.09563776930870675,0.3705289777313359,0.3369516657601491,0.11031027830235192,0.07880249456992912,0.21253045666145748,0.22599857097733828,0.17263761293463759,0.2178889180897652,0.22248214076345535,0.2445366893474391,0.31505088374415957,0.10795568754729389,0.1979106828353971,0.21279876521799937,0.2443153154155797,0.2865860952653477,0.0808449233636012,0.23341445406227096,0.37022223806461435,0.22557570640266086,0.21132843622710232,0.16163362388167749,0.1911028573084195,0.25347719406839425,0.1611614228990841,0.6813150336534646,0.23903954889490198,0.24621830846934892,0.18255249713785393,0.10139628320197412,0.2752735376746168,0.26202693612364164,0.201279768019775,0.1598388891441594,0.2522813643362496,0.33758330715553064,0.18623492977633727,0.28215578816859527,0.21141558173638528,0.1921587464839546,0.22106620520970557,0.5159933031028402,0.12544922549597715,0.0725978916634809,0.18757417556770625,0.16458594220470962,-0.029317462468660935,0.4853239591866132,-0.14849079477670127,-0.1365050432221409,0.16517399211643116,0.0461294215499705,0.08251691282887529,-0.04859176727401759,0.031730194223586396,-0.015664189257228775,0.06094241740019391,-0.05505034457883776,0.16489592681902437
0.04049587240729023,0.509225432895776,0.3870915629813484,0.0669594219902494,0.020995950850662595,0.04744237560420059,0.11065640409503881,0.01635491455983356,0.17009153283312758,0.24596072241551986,0.14107391761978894,0.05437652943396879,0.06747015595590261,0.1141467055125533,0.3426579010950323,0.12377627012219056,0.22344698908756475,0.25769089025422437,0.508892413915275,0.26187101617771524,0.36277845938176884,0.12304858971368383,0.1301473550403411,0.20872696276152328,0.09504433558238648,0.19379159276849275,0.23903954889490198,1.8271163622458861,0.010884182984007874,0.24181934651816414,0.3017447612943283,0.1973385153962445,0.8148846021517381,0.12987696752404942,1.4415579126542004,0.2620823471203316,0.9271478687016537,0.16571809268852505,0.12534046145210387,0.4699477042554429,0.4461597260684651,0.43207561804536376,0.6421433094336947,-0.1360449511712112,0.23190941372286694,0.2208388511560159,0.2843770568169848,0.1920875314780985,0.6031357045873127,0.7775030834031578,-0.37793943627052334,0.6799853625973429,-0.7935899415207307,-0.07141333710350148,-0.1343771283223573,-0.014414348434190627,-0.1394846904943468,0.09247103684351911,0.21231248425768268,0.07464883255480455
0.12694283287245783,0.5092786356821262,0.6354815591440811,0.24742619158159268,0.18593280676579768,0.39265550611630085,0.3207223188986197,0.286690270844369,0.2593095023412949,0.32145561376092224,0.30726039906921254,0.3976903938726347,0.1432306040268501,0.3945931968776452,0.37592432117670876,0.376717975314203,0.42969848438648534,0.21684875678490112,0.3413749972862116,0.22848152806450792,0.4420488568479577,0.3204255148620833,0.48328230476483514,0.35539738822265377,0.5882309874424986,-0.2236166597906202,0.24621830846934892,0.010884182984007874,2.5492777882106834,-0.1069565350094459,-0.04752098092059237,0.5313489064355853,-0.0822255467579608,0.8324216263123322,0.13299858673751927,0.551181462040178,-0.0832295797847421,0.09710883611724608,0.6942691683668067,0.046197924346775776,0.13294678291564668,0.403567503487182,0.08716416409725225,-0.2264506000277032,0.08152635045402638,0.22751812609770053,0.06488723470685198,-0.1706112296624509,0.39789542706363223,0.016145965237802193,-0.49916974221233473,0.20446480804292563,-0.00031445084892716996,0.1875163403349895,-0.05737457774941505,0.2307039066079316,-0.45898283853732647,-0.07941277977555315,0.306662886831594,0.3025557269395375
0.166557676690994,0.46654448573237317,0.44426948919093545,0.015085112935137847,-0.10893836074561918,0.0318565943926822,0.13609605605687966,0.16637178580029138,0.20403399717395088,0.32044742693617967,0.10839096459056975,0.11782875634159436,0.09288560215057376,0.2923770702490342,0.3656776845220132,0.11857957298591112,0.027632120021229282,0.1662996176082085,0.2500434184293939,0.2829937014323963,0.31438584427074456,0.16821362754366337,0.570561450839388,0.35233086258872054,0.4041355192165992,-0.0813085908658092,0.18255249713785393,0.24181934651816414,-0.1069565350094459,3.4387439498615713,-0.076438876562183,0.39897924559337833,0.5898463516501299,-0.019748879158918067,0.1203687604314653,0.35273861305894827,0.9928681707680804,0.18908526820416835,1.0957298311295245,0.45699177875846303,0.6978159371109632,0.2715425144270378,0.8059775215495555,-0.04394782870121518,0.04976073681232738,0.9080768167769413,1.6508918327905049,-1.1055161364859372,3.402777360813088,-0.30163365403976855,-0.3441317801224107,-0.09251428842826537,0.29631880839644853,0.17322663105880515,-0.1710366645937463,-0.332197858511029,-0.138119159087088,0.30403823830042653,0.4348663232429578,0.26498711543657316
0.026889343535457914,0.3209895385694572,0.1939754039846476,0.07491806408699629,0.14554642194441517,0.21465713131849296,0.14373068018724272,0.1899759973771749,0.20041868430041035,0.2327314814494063,0.2155295480109638,0.13662586274643096,0.07056090049193854,0.14231512223254764,0.23863160865370614,0.12990306959013523,0.10240666509957438,0.3416181388206244,0.5296227890561006,0.06960754959563015,0.3524333525392012,0.12962132153224762,-0.30065980254958385,0.5008755685228307,0.07682995516914978,0.11758560341740969,0.10139628320197412,0.3017447612943283,-0.04752098092059237,-0.076438876562183,1.5939996161919225,0.22228310140543048,-0.011942736795027966,0.07442500883058535,0.31486626526681405,0.4282008819911851,0.18298196536321548,0.15074299090846807,0.16400170399555575,-0.016958128051532243,0.4144154431314237,0.3507163824937346,-0.0692118724622022,0.038087812355108726,0.39668415733829204,0.3756802859728188,0.1371057795212672,-0.18540904319993615,-0.18966067305862055,0.14577794938408875,0.005626833922729904,0.19127150393172238,-0.26958404557567534,-0.04225699059024379,-0.06640525080966375,0.16895772762010428,0.31849648279915177,-0.20058517907646148,-0.17600191835381038,0.12703472362890933
0.09581059272842553,0.3450948151095351,0.41914335032178185,0.18528121829052016,0.1739962415629361,0.3403109860721396,0.27983680751394585,0.292540305202207,0.3208408547782987,0.3124595742985374,0.23079797960927392,0.32535982105471756,0.12506361151675158,0.5990678997985844,0.31092923354673574,0.379504848625104,0.2955081818082558,0.1953074208376797,0.2848021204477683,0.14292381096580428,0.37940958602131153,0.32481415836916117,0.2895126679117072,0.3197894556249672,0.37089623619408973,0.09191412552306857,0.2752735376746168,0.1973385153962445,0.5313489064355853,0.39897924559337833,0.22228310140543048,0.9842681204501424,0.1255925177668984,0.38743757798861245,-0.038269110537878896,0.44713511987428317,0.22577333437627398,0.1210531572706557,0.5032325783941805,0.08625205108077034,0.16032915133904788,0.3484483722752424,0.2748164131476205,-0.11928114423850861,0.031307501678315204,0.41417178901637336,0.34140084311297997,-0.38734975999511534,0.9055607795337651,-0.2323836989915827,-0.06689337482551692,0.34051026148049224,-0.23388796377201654,0.22646345395519413,-0.16063850863299045,0.18899926044162949,-0.15541724347340954,-0.004837501636453485,0.19245876938866893,0.5151861923365315
0.10217059349219654,0.4338449218615844,0.24640487179792683,0.09249200147139995,0.03651906461944399,-0.053853461580110465,0.11254775374792121,0.06705913727396139,0.15121942558618048,0.18464264519886184,0.08096449070536434,0.07577414196622789,0.060523931932356674,0.16233588039495372,0.2779539861394643,0.0984465220614819,0.2216305260488736,0.17332989918188285,0.38228337637854964,0.44838165778414296,0.2917061284959047,0.10768449844100539,0.2969357691252146,0.10916324660614576,0.1077132092581247,0.1985576689673234,0.26202693612364164,0.8148846021517381,-0.0822255467579608,0.5898463516501299,-0.011942736795027966,0.1255925177668984,1.8855964639887184,-0.05457296618944724,-0.14179360349998488,0.18256180718147144,0.8719384426971414,0.27116122388414515,0.10712324503229737,0.20625673142213916,0.26817979060357966,0.30736663928657815,0.406205863912524,0.19459531570257532,-0.03923334775159864,0.40167189990950397,0.5077903874880728,0.04341246259720332,1.2363663308910073,0.6161509880523017,-0.1901939395078611,0.3028228998186408,-0.24747686463672852,-0.2947203955564538,-0.17885713567081152,-0.04569467724780811,-0.2570137717224625,0.15113106794196726,0.29507381086589,-0.1819957248836824
