1.2248496857240883,0.25845076732664674,0.07068106118384164,0.2026228045637142,0.23602250659384288,0.08315552511087768,0.12457598789366571,0.09618964353889584,0.02817364842370901,0.14252742717435088,0.11746144311085495,0.1402144894242905,0.049217627254688846,0.09525397528852662,0.20660350634990063,0.13094467654152597,0.025553831535277318,0.18434091667129132,-0.020187840649500178,0.12601788394091867,0.11079908029473129,0.10531590388074466,0.20875650881879185,0.05524393808097478,0.1554470593337777,0.06832611973838265,0.09224781399484128,0.047077678510023334,0.10632496327728326,0.1686371175701099,0.040359690639200176,0.08443638295100593,0.11295406578998143,-0.004090662213008574,0.0036364182527495923,0.026100578306623896,0.19352060952732306,0.06129266287084113,0.14990071216234455,0.13469601369218162,0.1497357293576432,0.11402263125592038,0.18122325702293907,0.1079014555187013,0.05917581951786896,0.12148580447970234,0.17648676080958192,-0.07626671755363569,0.28265449236281864,-0.0410530423587768,-0.0018002390436175103,-0.03512165360001528,0.021326326794086758,0.02452221643849564,0.08025910830887782,-0.02886060974397778,-0.13366852171145635,0.017339266606354795,0.07894062963157165,-0.02201173478943598
0.25845076732664674,2.1949299638528217,0.9227400453997168,0.20060600826774647,0.10441289587281982,0.11353940630478285,0.43037496450937673,0.10698336858353032,0.44230841398738036,0.3431164849946997,0.3037623911030256,0.3732442579296814,0.11942725760561132,0.16748798278372454,0.5349856423997973,0.1804142888682892,0.19260699415252683,0.37572113583256234,0.5403207728143499,0.4497154674857742,0.46659194764019324,0.2423146009668829,-0.08558870518370555,0.10063451906077758,0.23282019284141434,0.20360503064779822,0.34831540186026394,0.49062986013082593,0.4542978935846343,0.3706811800389579,0.31290958368340616,0.27925775238129713,0.41739543645109634,0.2576109756121422,0.28170497426450963,0.30701633306212767,0.7677949563776559,0.24697746183148145,0.383539646457166,0.2239296927004003,0.43590109092673635,0.41974004535325377,0.4931174451388755,-0.021045352596027935,0.3134774729276452,0.4296685139312698,0.41664941486785195,-0.19655516595679465,0.47653483649748063,0.042037288144589645,0.005373899508348523,0.23564382335548134,-0.25188419949612234,0.022579417315476445,-0.27914847344350735,-0.05257448545924042,-0.535613574238556,0.14923815676203311,0.637001849412028,0.20361575456288103
0.07068106118384164,0.9227400453997168,2.5083349724347452,-0.13594205355830327,-0.43911888728492987,0.4182201576016609,0.4723016878602308,0.23085287285993988,0.6176520449549665,0.3365437596262819,0.3178243112022765,0.44050976146953097,0.13432610038894716,0.26426996322610624,0.42075744264446724,0.20573755282881445,0.33355929450357547,0.2567785421790825,0.4798705986508771,0.29857820064678403,0.42958499159825764,0.3982180895336613,0.2797843466749465,0.3903735766213386,0.3690755450115268,0.16020550174056428,0.3337738278151934,0.3566379833421953,0.5952761442745237,0.34076680465882014,0.22869703471622296,0.3897536054907074,0.25427084117363385,0.43860492956534536,0.3412032610128763,0.45512535219507827,0.37330117569500954,0.21385858053054382,0.5629253853090245,0.224669695693783,0.16538300146546275,0.38543884172024634,0.4128160860739577,-0.12810428459521275,0.1923484787898338,0.3685662715911378,0.3578878080991707,-0.17121210756625949,0.7556089029987803,-0.13517437668186785,-0.16370787821639296,0.2054431635868776,0.06961292133000441,0.08529859344064658,0.21774108490802868,0.3009240361922967,-0.10700537951520149,-0.6866769367549924,0.38573609789375934,0.40117706369427414
0.2026228045637142,0.20060600826774647,-0.13594205355830327,0.9974983009157492,0.6036538131824155,0.23849529044754378,0.15115894013452416,0.21156220995802263,0.04469538758327903,0.13488020860210212,0.19750327759566633,0.22862009496171193,0.09931393705192533,0.1656152067945536,0.22387577505131673,0.20098834818909492,0.19324843467906466,0.2004975466072897,-0.02936678558301017,0.15050216113731105,0.1730434501303717,0.10572794128222496,0.23191738373943954,0.12970109471028823,0.16324360686554937,0.17680686826715347,0.10286971286598041,0.08965970263283699,0.23775322470248758,0.020363713494761227,0.0687387913050133,0.16145534387121846,0.08816012202587281,0.27300778056695507,0.07416676499109787,0.0021695433349822792,0.2204947005085241,0.10216461848510175,0.1607895347287223,0.09579181187436758,0.12451415127222833,0.17673148810282088,0.1275673097366932,0.25787945175363297,0.02251983120161296,-0.021293444796175037,0.1021258306316673,0.13757626045340912,0.08524763705633676,0.17213099646827143,-0.06865983483111722,0.16261340097355897,-0.13927213261463306,-0.09567248928132922,0.09314553176507677,-0.052033874869963,-0.7015351841765057,0.2004546863835002,0.4086372343491663,-0.05903664297476267
0.23602250659384288,0.10441289587281982,-0.43911888728492987,0.6036538131824155,1.215212533056965,0.23172998473383127,0.1755260788955333,0.20936257370465983,0.055388915122937955,0.13188852318994168,0.1825805708616028,0.22424282387246885,0.10293814142212813,0.13540440594445216,0.1606057487895724,0.16252685859986254,0.11321250133060105,0.2060448121758785,0.014550706146374734,0.13021309425366506,0.10593576010081442,0.08220053225405678,0.14922733035901897,0.09584495826230006,0.12347844503483751,0.20148342938406563,0.0770424296829713,0.025961732513900975,0.14231354380236166,-0.139641068612861,0.1618516401646742,0.14441225676069422,0.018468573443754716,0.19057048386887096,-0.0013533967376501658,-0.016339450745296684,0.22372298000908916,0.0702806739901775,0.09657701042620022,0.051382660316364355,0.13626219046759416,0.12635788593534386,0.04415816424756321,0.2502830617379483,-0.033549169935547615,-0.028650210177289137,0.030373442330807732,0.15577566333655643,-0.02955638055626834,0.09972916644946772,-0.05135782778686803,0.07170862638127179,-0.1344238105261658,-0.01915979846486042,-0.0554907456082426,-0.16717666954228122,-0.20348696266090607,0.11047037403309835,0.2559841776363164,-0.060879468160273974
0.08315552511087768,0.11353940630478285,0.4182201576016609,0.23849529044754378,0.23172998473383127,0.7844080623442538,0.2643246773418968,0.42833962548741594,0.29560519664322915,0.12775255890932985,0.30690709721536,0.33835150149584114,0.12318806266025599,0.2431572524718136,0.19949765502977448,0.19066374088496077,0.2684784257091771,0.18911794594604053,0.2500594621727294,0.22771611574617204,0.2140816123132669,0.22339144422429733,0.10287362706870004,0.18834395495955447,0.27248728979998627,0.25884183932511406,0.21215359536493064,0.05654648018980759,0.3783333178977174,-0.01484349072603366,0.21459592833240576,0.3223559069412995,-0.02597748689775578,0.3055635339127822,0.11121663237473864,0.1939444365803567,0.07753931513136295,0.14597801172029604,0.3281581004953571,0.08558410870556328,-0.02723810395785127,0.18677536418558266,0.16250540472506864,0.13509912606848976,0.10528248178197572,0.009466669127232659,0.10728141282588953,0.17125243686120786,0.31832827235915817,-0.07756933206134328,-0.1533918644746661,0.16914742395128224,0.01766708463059995,0.04134310137133402,0.010238779472629389,0.10778108921571478,0.02506193317216508,-0.015046913183293814,-0.15270685893580646,0.20154495635014288
0.12457598789366571,0.43037496450937673,0.4723016878602308,0.15115894013452416,0.1755260788955333,0.2643246773418968,0.6020787538702003,0.15473070451071902,0.4272542917807799,0.10669577083030642,0.23948271697060564,0.3647552075505161,0.10412718683370613,0.18191915672886697,0.17683611114969428,0.20938398026272728,0.19333944801009795,0.18024056489322293,0.255653358905363,0.2490817835735702,0.2468441695926385,0.2818892871249646,0.22876426498542554,0.21445723962226385,0.24059488648178193,0.16733424685242068,0.22777061739906898,0.1215168171669054,0.3148596728833603,0.09093694754272026,0.14619215653429157,0.27160659117987823,0.14013772393291166,0.28600615237300087,0.06817731674609143,0.19095266912460132,0.2343817400617332,0.1424153545656856,0.34877636008379426,0.12941300985333326,0.051782898514430346,0.2223848275551062,0.23771308220577198,0.05360918350603022,0.06920690858818561,0.08505325637852947,0.1595168703035871,0.09029885288787798,0.4606659441549098,-0.14497817744591296,-0.11207003982612286,0.17883731207317782,0.039125098216738374,0.039388211081188465,-0.02681728133585351,0.13624042535079986,-0.07119439258332066,-0.09201981634531492,0.05979289442929803,0.22052725854519292
0.09618964353889584,0.10698336858353032,0.23085287285993988,0.21156220995802263,0.20936257370465983,0.42833962548741594,0.15473070451071902,0.8059906305211104,0.08452094725238625,0.2518527161822853,0.24591970545780545,0.13722189361288967,0.14025131634534516,0.27288971190707384,0.11390984556452828,0.1890471644199232,0.3205597075868321,0.23489471357653224,0.2662424598351769,0.18845033113187207,0.2006990354545995,0.16990429418863165,0.11774232903873545,0.14851778296118456,0.2688112302146101,0.21949037557543588,0.18208543109821484,0.04601232968395538,0.29245442758858975,0.1420807861295447,0.20452009588308967,0.3047329991211472,0.07785207932847475,0.2596627340860733,0.0527986662964108,0.18046368419464517,0.20305082489148563,0.1112142920878284,0.3859049421542341,0.08659561682511413,0.07496475108183012,0.17022127787292313,0.1882902139926558,0.06840130752665916,0.07983407621610288,0.11552785789897341,0.20830433016459354,0.04077303302845713,0.5110751130016636,0.09524225206907933,-0.0787429794256594,0.06214152404324627,0.003034739173836251,-0.049197767946606526,-0.05742648214374209,0.07321463102686553,0.0080229203454671,0.07728539748278378,-0.10193138694538634,0.11359683694930614
0.02817364842370901,0.44230841398738036,0.6176520449549665,0.04469538758327903,0.055388915122937955,0.29560519664322915,0.4272542917807799,0.08452094725238625,0.9865697303059869,0.038562131753073124,0.16467792986285903,0.26684788714272756,0.09093039155978722,0.20437296549125128,0.16317322210192836,0.1303154529101405,0.2023687660231619,0.188619332748827,0.2976836268901738,0.2603206926781376,0.3001128539558381,0.4377394463662354,0.2836618032566298,0.304280019448129,0.2159422060882769,0.22999052254054425,0.2265375260095566,0.19017790732934392,0.2729245934993006,0.15796908675840945,0.20670877359146905,0.3366388617221739,0.1950576891549981,0.2950120665742159,0.069393222238685,0.26925666723089053,0.24999451025450212,0.16086388631686335,0.38216209941379536,0.1385375098647055,0.016355969682164125,0.27585327574943214,0.2726909761011242,-0.061783300770501356,0.11947823591275221,0.1855472247516224,0.20474444094556535,0.05230246446142308,0.461214770692084,-0.1918016737385154,-0.10375703168269736,0.267085470463534,0.03343054181599493,0.039196243550447624,0.07789171911328703,0.20951145818661157,-0.003006204364801822,-0.27530993703258727,0.02014927278979845,0.342974995187497
0.14252742717435088,0.3431164849946997,0.3365437596262819,0.13488020860210212,0.13188852318994168,0.12775255890932985,0.10669577083030642,0.2518527161822853,0.038562131753073124,0.8989518396276945,0.2548433981213704,0.28814641659815293,0.10925977646319962,0.2857377112447332,0.2801443338816043,0.2764364374959202,0.24332367767756016,0.28292387379663075,0.4519862990211342,0.07906734078307895,0.23072833091978454,0.17970924059255367,0.22423962221855503,0.22367685482009336,0.28593793477478896,0.03734797133986412,0.23353977403259288,0.23394169425975994,0.34208250836162146,0.3076555652432741,0.23372633174001012,0.3297110227922767,0.19765218818431535,0.38785576670566624,0.1778614193695735,0.2912760171249796,0.44769076175970346,0.07066667106537965,0.38133232310260395,0.10576300365596807,0.3373607722096791,0.21042724907260904,0.1968735169873633,0.05169313446677472,-0.036608459720049835,0.3141990261776895,0.33163932576446853,-0.14351000015056126,0.6061177662999563,0.02089050964081488,-0.056820879296298935,-0.05099572443651835,-0.045618608661568825,0.09096290110448434,-0.07663826171906783,0.04811774773396255,-0.04282073358285842,-0.039399148405164945,0.1517585950241763,0.14587712561853355
0.11746144311085495,0.3037623911030256,0.3178243112022765,0.19750327759566633,0.1825805708616028,0.30690709721536,0.23948271697060564,0.24591970545780545,0.16467792986285903,0.2548433981213704,0.517117725499114,0.3770962131585243,0.11841646283965393,0.16665388735542758,0.2825598614837232,0.22368642489765497,0.2868663544606623,0.18829326472072358,0.24581359112350745,0.28446963891694016,0.258740064591083,0.18198252684832317,0.15382434974858616,0.2167015319300925,0.24773490998194034,0.17787340925651812,0.24715589385256467,0.16337075434938983,0.30188068569222476,0.08844762880792695,0.2286111835316481,0.23589469965454551,0.10783635615195421,0.22683643113603583,0.1705084751165945,0.19724904230808127,0.22288921734932193,0.15379096435589376,0.35635304314441846,0.16648533931869072,0.12169084312539648,0.24778765998081242,0.23738311738848097,0.0714947714587367,0.1337167582181246,0.12465609733592485,0.16687076861570546,0.07805836749560836,0.3584704073143691,-0.08522423664494058,-0.08941657308235555,0.12585194177525655,0.022813706951907983,0.059203638364156624,-0.023468953565471802,0.06846061959809006,-0.09618392867156712,-0.0030907482831001466,0.03142948393102933,0.187197018823687
0.1402144894242905,0.3732442579296814,0.44050976146953097,0.22862009496171193,0.22424282387246885,0.33835150149584114,0.3647552075505161,0.13722189361288967,0.26684788714272756,0.28814641659815293,0.3770962131585243,0.6900975067092477,0.10356925623069135,0.23891653560336285,0.30003544404597393,0.29314184482847105,0.27944501856117376,0.11399335202873515,0.2967036262615688,0.2846034749882332,0.2564106425723878,0.2441530592476364,0.19348325984527878,0.22950947617577971,0.3227551438650579,0.16852945294778307,0.3111634219772338,0.07417614475550342,0.3999942492569501,0.09060848132870386,0.1345217779511774,0.3138600916195021,0.11269970860769969,0.31202723814082645,0.06562582244909874,0.2676013162715004,0.15558509492690978,0.16304358941240352,0.39352928786854824,0.1374760224771431,0.07693623391077596,0.23242451640800624,0.21602508492239583,0.09563095888617966,0.051414194400021256,0.1257375367998452,0.1419371121376457,0.058799206434637735,0.49090599112059863,-0.2517821577102337,-0.11928067451629715,0.14839525012309562,0.11322400627025767,0.0915362160930163,0.03367880323438861,0.13243669958450824,-0.18029577732015445,-0.112974196239903,0.09838397124000564,0.2050328106782897
0.049217627254688846,0.11942725760561132,0.13432610038894716,0.09931393705192533,0.10293814142212813,0.12318806266025599,0.10412718683370613,0.14025131634534516,0.09093039155978722,0.10925977646319962,0.11841646283965393,0.10356925623069135,0.1843517041654527,0.10991274288185256,0.05306227125637653,0.12039123891041252,0.1369496748294056,0.08316073018649467,0.11012290736222329,0.08652892731845149,0.10831353443587988,0.12105684194078023,0.10543142001985482,0.10574340703192191,0.10777798441657116,0.060467786435713836,0.1057606630245029,0.07032417065656181,0.13896890737667833,0.08064552848579212,0.07180953615012574,0.12208228750012935,0.06386587607541959,0.11708804781290376,0.08146163159888893,0.09122772342784795,0.13332606701802593,0.049690790255210116,0.16750033810177317,0.07139192880062918,0.07221795932576436,0.10163241261468345,0.1364889783849686,0.045878281721588594,0.0015842147731986503,0.08105782295106696,0.09063283456092688,-0.0093603186384347,0.21358454458126525,0.006792367808321188,-0.04872028165020156,0.03142840123593978,0.02024418909043748,-0.007083449548363432,0.017006286049109236,-0.0014728037431158622,-0.05241119547730798,-0.03883297197888843,0.06345646462618258,0.05164701453898347
0.09525397528852662,0.16748798278372454,0.26426996322610624,0.1656152067945536,0.13540440594445216,0.2431572524718136,0.18191915672886697,0.27288971190707384,0.20437296549125128,0.2857377112447332,0.16665388735542758,0.23891653560336285,0.10991274288185256,0.6318532471844364,0.25631676796614417,0.3766967152305023,0.30582416992058337,0.16774502191693044,0.20052042775049164,0.1385160944255089,0.23636794189582522,0.2734296545264701,0.2926230688031838,0.26868862099749663,0.3145373190960775,0.10200851384606516,0.2055919191787329,0.12895216775288829,0.4134842734593296,0.2874474198420909,0.14170138315963088,0.6010237445390139,0.17910173576751726,0.2609665265472568,0.07044308828106186,0.37625582030315113,0.2804094380353334,0.10646029472681375,0.33709637748132315,0.1486893342749348,0.22712933009605135,0.21685028286631627,0.2729210480048283,-0.009942781432727704,-0.004925184437917416,0.37471672352911845,0.26273382673447787,-0.2814066511530023,0.6251472887426771,-0.017514052890401016,-0.05486034053792341,-0.10112541005148666,0.06540092855511538,0.05425980969458045,-0.05909134470484055,0.17453195211752567,-0.2327605717668168,0.06329660774063177,0.06087082601904791,0.06195340910698099
0.20660350634990063,0.5349856423997973,0.42075744264446724,0.22387577505131673,0.1606057487895724,0.19949765502977448,0.17683611114969428,0.11390984556452828,0.16317322210192836,0.2801443338816043,0.2825598614837232,0.30003544404597393,0.05306227125637653,0.25631676796614417,0.7852812717368246,0.23460761028596117,0.24177727477928276,0.3257548646886789,0.1897678980952475,0.25499906722489024,0.3136034212372802,0.16523028577327536,0.37494996924294666,0.30870010336544834,0.30880910947805357,0.1264474497092956,0.1997648722171567,0.3220023454102769,0.35558484501999515,0.33185449187205884,0.2262600081643936,0.27432053713747545,0.26557779661189396,0.27910686656094713,0.21680536222531088,0.23721323461130994,0.4885068906068839,0.15414144397622204,0.325663066305342,0.23796259109976137,0.2971941140774484,0.3159999700818963,0.3485537371786261,0.011795160845469728,0.11779137291880379,0.3202061868172379,0.3613222294092268,-0.10325711630633552,0.6060129897438937,0.21823604343700778,-0.08207094904228202,0.08455562904677863,-0.14873941161307477,-0.017645325586993766,0.01895814168612408,0.16932297902340487,-0.4526686352667149,-0.013490591094836793,0.24449895791604973,0.05587038272914165
0.13094467654152597,0.1804142888682892,0.20573755282881445,0.20098834818909492,0.16252685859986254,0.19066374088496077,0.20938398026272728,0.1890471644199232,0.1303154529101405,0.2764364374959202,0.22368642489765497,0.29314184482847105,0.12039123891041252,0.3766967152305023,0.23460761028596117,0.8148692569269234,0.31965236841564915,0.16470387278340923,0.23100758203958485,0.17881095388009957,0.2303903168082581,0.39112540673288454,0.2799316984355371,0.2741439473789435,0.3274282688875705,0.008347305051829462,0.2507758102883766,0.13292127820649888,0.37999101353067005,0.11712554544625423,0.12444172455376641,0.38238460557813164,0.12380829084507014,0.2884054466375913,0.14312352846161866,0.22955102670920688,0.3123326234149959,0.11642838381673082,0.35362174725592305,0.15604340942027017,0.18817338700024397,0.20985608521098786,0.35011642953747174,0.1278641823557155,-0.02010832526453267,0.1995407170712914,0.17882642113509847,-0.12895323940685113,0.4754247372661947,-0.22386839227736913,-0.10742660121826245,0.017283450626218645,0.1300129720684042,0.06311090185044461,0.0750772205547397,0.16291271751063058,-0.31894306365215136,-0.027216506642062963,0.06662294403033536,0.11660511798301024
0.025553831535277318,0.19260699415252683,0.33355929450357547,0.19324843467906466,0.11321250133060105,0.2684784257091771,0.19333944801009795,0.3205597075868321,0.2023687660231619,0.24332367767756016,0.2868663544606623,0.27944501856117376,0.1369496748294056,0.30582416992058337,0.24177727477928276,0.31965236841564915,1.0261424561956016,0.10968612229910227,0.165284079086404,0.4058507095893771,0.27152087639157796,0.30080210877504787,0.24271607898258907,0.2390897433185485,0.32996388422848305,0.18657550437411288,0.2825661913496099,0.2653413778547413,0.4495533257118464,0.03699565457745449,0.1230685953675274,0.319808280294828,0.2320611194706963,0.27886018767498644,0.15058562988138863,0.19890115036488,0.45443952906515805,0.21412861710565917,0.3527794505492422,0.2529113840890526,0.19093776821709,0.2516887574189498,0.4341265923202013,0.0831265615150954,0.11313674821144763,0.19826037091981324,0.1627058994142402,0.023504777174281323,0.4549321071399181,0.3761220979937183,0.004340284085122851,-0.005163144304939454,-0.23219647518393155,-0.07718249886069832,0.06251994540877918,0.09761246541014208,-0.22741268040509638,-0.01434130728753553,0.022430674458628275,0.04407550620366612
0.18434091667129132,0.37572113583256234,0.2567785421790825,0.2004975466072897,0.2060448121758785,0.18911794594604053,0.18024056489322293,0.23489471357653224,0.188619332748827,0.28292387379663075,0.18829326472072358,0.11399335202873515,0.08316073018649467,0.16774502191693044,0.3257548646886789,0.16470387278340923,0.10968612229910227,0.6002182350229329,0.15793188356033067,0.04102576698506269,0.2267232605146448,0.16983157268751445,0.3408526274093476,0.2035527564973534,0.19898236347156162,0.18823727856792558,0.07186945206315268,0.2482355409744464,0.21310886269771942,0.16577116448474433,0.3256649957070066,0.18632938518405387,0.16106014714103767,0.22554778140019632,0.1495537372759377,0.13202161094679352,0.41199425765711767,0.05833016941056295,0.20009672995226896,0.15989851387774237,0.2974522420161735,0.22503431060858092,0.314767805481856,0.025525611341941812,0.14692265390607187,0.2831578228853135,0.3652746647829636,-0.08821513491207464,0.34552308779974944,0.28611733302236675,0.07726774066914985,-0.021805058776758302,-0.27547147304473707,-0.07359199571876143,-0.03754525828913102,0.0828778311896418,-0.13048203120325802,0.07386961490971745,-0.01747679017802919,-0.0012545772787296873
-0.020187840649500178,0.5403207728143499,0.4798705986508771,-0.02936678558301017,0.014550706146374734,0.2500594621727294,0.255653358905363,0.2662424598351769,0.2976836268901738,0.4519862990211342,0.24581359112350745,0.2967036262615688,0.11012290736222329,0.20052042775049164,0.1897678980952475,0.23100758203958485,0.165284079086404,0.15793188356033067,2.2704810520227303,0.16038557387616034,0.45379665973892724,0.28705258025463776,-0.31913367674325627,0.21338663153181703,0.2694410084202876,-0.25397101699532654,0.2256067856049128,0.5324243961502801,0.3378863166185076,0.1959596426502267,0.5182971055857178,0.29849446087820886,0.39253465102152263,0.29457650624584514,0.4096946386383581,0.3752099049488391,0.7511103755505818,0.13313109652696684,0.7290964289666471,0.039087893734243005,0.20105994367091184,0.3742533505566037,0.23707946082478626,-0.1281836174371231,0.2086099720286963,0.17212465640712651,0.27938868200530675,0.4631460334620304,0.7010015166752998,0.29320461612067705,-0.31480216839212244,0.4003220068235996,-0.2493956417375284,-0.0012179169457234695,-0.3787354534194936,0.05971812476141074,0.1792154565639809,0.2588420506388732,-0.025871386747842177,0.3224132203466808
0.12601788394091867,0.4497154674857742,0.29857820064678403,0.15050216113731105,0.13021309425366506,0.22771611574617204,0.2490817835735702,0.18845033113187207,0.2603206926781376,0.07906734078307895,0.28446963891694016,0.2846034749882332,0.08652892731845149,0.1385160944255089,0.25499906722489024,0.17881095388009957,0.4058507095893771,0.04102576698506269,0.16038557387616034,1.2929232092932166,0.1701581713013163,0.1734356878808951,0.11987124626168943,0.21123966369028455,0.23811152371883584,0.16279171955513705,0.3748504288195629,0.2472222817300792,0.2451351135760521,0.2760640654970147,0.07806252252819969,0.14905491785853053,0.41969185720002156,0.25007535432442535,0.023222728623836775,-0.1254829249711251,0.8415738893887516,0.5514658761595385,0.32493524662069584,0.4432678072098563,0.14395148846385766,0.11088280598288235,0.772689874381174,0.25208059748007655,0.1818575253149738,-0.04106490868286558,0.27961428059006477,0.4523429469636792,0.9623499088343347,-0.09739936622536088,-0.16268986129268462,0.28776122908907376,0.044571503936255225,-0.03733256583882558,0.003381568694502117,-0.018276685476063915,-0.03295066348137563,-0.022445702597610206,0.04933463656362209,0.04010422596338069
0.11079908029473129,0.46659194764019324,0.42958499159825764,0.1730434501303717,0.10593576010081442,0.2140816123132669,0.2468441695926385,0.2006990354545995,0.3001128539558381,0.23072833091978454,0.258740064591083,0.2564106425723878,0.10831353443587988,0.23636794189582522,0.3136034212372802,0.2303903168082581,0.27152087639157796,0.2267232605146448,0.45379665973892724,0.1701581713013163,0.6591537416583003,0.26457249560344837,0.25686969847777286,0.3178902037306883,0.2680525433861917,0.0292981666339548,0.2174242891475131,0.33363868747195474,0.3758171837419182,0.3237722142557696,0.3367869227717326,0.3525405648888544,0.2957720222785241,0.21323559089062855,0.22422449406710732,0.3495225047944548,0.32084656241508125,0.16422017477100603,0.5573005939420874,0.23607694523143152,0.3240941660305728,0.6375844862278232,0.4260569019476506,0.058437211484405525,0.4111660780120701,0.32743596053146823,0.3568405442300763,-0.16630398649993156,0.5792552226103307,-0.09493221995051684,-0.06070384186110551,0.13274390326176605,-0.042191531914180985,0.10576594128493978,-0.04239002240528142,0.09497801111923143,-0.3485934764413951,-0.07687659806386832,0.4076850338410686,0.3359796273595865
0.10531590388074466,0.2423146009668829,0.3982180895336613,0.10572794128222496,0.08220053225405678,0.22339144422429733,0.2818892871249646,0.16990429418863165,0.4377394463662354,0.17970924059255367,0.18198252684832317,0.2441530592476364,0.12105684194078023,0.2734296545264701,0.16523028577327536,0.39112540673288454,0.30080210877504787,0.16983157268751445,0.28705258025463776,0.1734356878808951,0.26457249560344837,0.8373664611336742,0.31794426327225284,0.28453866179483756,0.266127959736233,0.08512823480037102,0.21658554514031458,0.1326098198668005,0.3167503868345133,0.15736098255273584,0.12445478269965765,0.32871465553368173,0.14266366819753298,0.2614284994163658,0.09199107844005128,0.15704948093572343,0.2879860214135537,0.10682920026925916,0.3695528232388844,0.1516403437678696,0.11380317906394678,0.25988954346482157,0.4168343070640936,0.04006243274781303,0.03401326871995852,0.16326234261214095,0.2080740043541655,-0.026436811004181396,0.5547293221527904,-0.16698678953143756,-0.09972832375708475,0.023037894691286104,0.08440116418637156,0.04460992866794217,0.09953940705688397,0.1580275809601424,-0.14913542712965558,-0.17400169624968276,0.05631459636214708,0.19963456876959418
0.20875650881879185,-0.08558870518370555,0.2797843466749465,0.23191738373943954,0.14922733035901897,0.10287362706870004,0.22876426498542554,0.11774232903873545,0.2836618032566298,0.22423962221855503,0.15382434974858616,0.19348325984527878,0.10543142001985482,0.2926230688031838,0.37494996924294666,0.2799316984355371,0.24271607898258907,0.3408526274093476,-0.31913367674325627,0.11987124626168943,0.25686969847777286,0.31794426327225284,1.6392648491193527,0.6510110651341541,0.46124676617809107,-0.10196743338557691,0.16468947641804602,0.1230595465905983,0.5042990966752818,0.5830240694019193,-0.30283660774778287,0.28346624229391393,0.31783138608609124,0.5677944602990066,0.04182917538112392,0.06341497849279146,0.5177094407733407,0.05741053617843475,0.5913869458643605,0.431343230205144,0.08135781670888997,0.2843258250334296,0.41521038482403255,0.04348934357739785,-0.2490130904170377,0.1171867280607911,0.4735300877250018,0.15113362287917012,1.3263643207099483,0.004568870323983757,-0.20660998073161432,0.05944308300180342,0.2458165228368027,-0.005206290776524955,0.2882752161367176,0.15200586461910828,-0.5232887047932047,-0.40500775832413577,0.5751963288004952,0.12469676769515765
0.05524393808097478,0.10063451906077758,0.3903735766213386,0.12970109471028823,0.09584495826230006,0.18834395495955447,0.21445723962226385,0.14851778296118456,0.304280019448129,0.22367685482009336,0.2167015319300925,0.22950947617577971,0.10574340703192191,0.26868862099749663,0.30870010336544834,0.2741439473789435,0.2390897433185485,0.2035527564973534,0.21338663153181703,0.21123966369028455,0.3178902037306883,0.28453866179483756,0.6510110651341541,1.1494490937350321,0.3351198728914838,-0.07175424639557887,0.19555505038770885,0.20695186973269,0.37522183679936727,0.33310507477811513,0.5085993122825343,0.3202140574919005,0.14204507487229148,0.38615187958385794,0.20927591321747654,0.297956138381742,0.31556384452088115,0.1525591509097181,0.48273809695182796,0.2044291565335818,0.24089086980345595,0.32377960203758865,0.10466915768201915,0.006143791933679967,-0.00117367717651342,0.24974857127856637,0.28996273295900926,-0.055640999565442446,0.6763271079459016,-0.11236092195284463,-0.2194622960830023,0.2200076327960189,0.17193321343301537,0.026755180323001074,0.37011843729642696,0.23284933918507797,-0.21101772334670704,-0.7825615094214529,0.6224997001613202,0.23668675865960587
0.1554470593337777,0.23282019284141434,0.3690755450115268,0.16324360686554937,0.12347844503483751,0.27248728979998627,0.24059488648178193,0.2688112302146101,0.2159422060882769,0.28593793477478896,0.24773490998194034,0.3227551438650579,0.10777798441657116,0.3145373190960775,0.30880910947805357,0.3274282688875705,0.32996388422848305,0.19898236347156162,0.2694410084202876,0.23811152371883584,0.2680525433861917,0.266127959736233,0.46124676617809107,0.3351198728914838,0.9041891152215463,-0.020539404043308417,0.2366570956884107,0.12898721377479525,0.555425231172942,0.32546296398666136,0.08463782539160182,0.35069893032910643,0.1662646346459128,0.43215771347183957,0.16381337416031036,0.33645935421000817,0.36253377553012334,0.145245463145405,0.531033367872172,0.19717493299750583,0.14403934153480327,0.24584586718612536,0.2878782129489683,0.02679273881559663,-0.014617707126168437,0.3264564171828166,0.31208164124788534,-0.21397887113591318,0.7274753943621354,-0.24790023461330402,-0.13877360160905158,0.06426415509832718,0.20538080530035588,0.07010270524865414,0.05346544194933845,0.18737414142722258,-0.20092874984150041,-0.11952788296210506,0.11289536542413686,0.1896471050032866
0.06832611973838265,0.20360503064779822,0.16020550174056428,0.17680686826715347,0.20148342938406563,0.25884183932511406,0.16733424685242068,0.21949037557543588,0.22999052254054425,0.03734797133986412,0.17787340925651812,0.16852945294778307,0.060467786435713836,0.10200851384606516,0.1264474497092956,0.008347305051829462,0.18657550437411288,0.18823727856792558,-0.25397101699532654,0.16279171955513705,0.0292981666339548,0.08512823480037102,-0.10196743338557691,-0.07175424639557887,-0.020539404043308417,1.4709469865943026,0.1569964345535125,0.1766518835844376,-0.2193387445766063,-0.07482307941433794,0.12667848027869963,0.07985534296762249,0.16814350840510364,0.019851034818458978,0.1283721130932007,0.14448496816607237,-0.23964606030514107,0.12966104928534553,-0.8271410958317629,0.07958582605564966,0.12463989443630574,0.07825215827909471,0.37298708452006346,0.07282218669989927,0.21354451525855447,0.05705735794097777,-0.07308217010160858,0.22092264413714802,-0.526425508181931,0.4425196011521876,0.02867922479024896,-0.28269029354482844,-0.273593772145382,-0.09983304017831468,0.002635530399617564,-0.028379563821618548,0.015226502560524335,0.00735022867928521,-0.09748800884542574,-0.13538163556645383
0.09224781399484128,0.34831540186026394,0.3337738278151934,0.10286971286598041,0.0770424296829713,0.21215359536493064,0.22777061739906898,0.18208543109821484,0.2265375260095566,0.23353977403259288,0.24715589385256467,0.3111634219772338,0.1057606630245029,0.2055919191787329,0.1997648722171567,0.2507758102883766,0.2825661913496099,0.07186945206315268,0.2256067856049128,0.3748504288195629,0.2174242891475131,0.21658554514031458,0.16468947641804602,0.19555505038770885,0.2366570956884107,0.1569964345535125,0.679986937358345,0.23922029982392948,0.24253696943922037,0.16539672156581592,0.10278833841403963,0.2784650022852317,0.27478920471909063,0.20732645290837975,0.1546586587031522,0.28013243283428624,0.33786791360379326,0.18440115867377788,0.27815842847544026,0.2029358890307236,0.1843645500866817,0.20890449034157016,0.49250573777010953,0.12065479125547707,0.05162449219235707,0.1909838055223555,0.15071202787756924,-0.029824801834529194,0.471184661336244,-0.17729103858467804,-0.14327673675763533,0.133850809916182,0.07536221931526138,0.09465208052896602,-0.030381916945515522,0.04307248999114082,-0.003984682521842628,0.025912932816882044,-0.04190692633419408,0.17175600536012747
0.047077678510023334,0.49062986013082593,0.3566379833421953,0.08965970263283699,0.025961732513900975,0.05654648018980759,0.1215168171669054,0.04601232968395538,0.19017790732934392,0.23394169425975994,0.16337075434938983,0.07417614475550342,0.07032417065656181,0.12895216775288829,0.3220023454102769,0.13292127820649888,0.2653413778547413,0.2482355409744464,0.5324243961502801,0.2472222817300792,0.33363868747195474,0.1326098198668005,0.1230595465905983,0.20695186973269,0.12898721377479525,0.1766518835844376,0.23922029982392948,1.7975917852479573,0.052348784524250465,0.24701943945644517,0.2875720707913946,0.22162944273938084,0.7534578320655165,0.14656315450953797,1.4066972163631346,0.30190259059746716,0.9524469275975626,0.17009849525898646,0.15434902401365191,0.48344954231144277,0.45294971238295734,0.40785958457235305,0.668345911260612,-0.1579376915797996,0.2111894074073192,0.25134731990483467,0.27592278557336425,0.16627442734098463,0.5257672517467054,0.7397809462264313,-0.3705419138876028,0.6338113690756578,-0.8434286516015088,-0.03846494788404361,-0.11040687703751649,-0.01596507367443441,-0.1541729449061897,0.11031089287383675,0.21155513343421553,0.09594549352247679
0.10632496327728326,0.4542978935846343,0.5952761442745237,0.23775322470248758,0.14231354380236166,0.3783333178977174,0.3148596728833603,0.29245442758858975,0.2729245934993006,0.34208250836162146,0.30188068569222476,0.3999942492569501,0.13896890737667833,0.4134842734593296,0.35558484501999515,0.37999101353067005,0.4495533257118464,0.21310886269771942,0.3378863166185076,0.2451351135760521,0.3758171837419182,0.3167503868345133,0.5042990966752818,0.37522183679936727,0.555425231172942,-0.2193387445766063,0.24253696943922037,0.052348784524250465,2.5940851136635072,-0.18013916697463184,-0.046695083552513006,0.5387619679994656,-0.007132195853250299,0.8903706019517499,0.17295955726364007,0.6391970383976526,-0.08412451128863793,0.11680435607796663,0.6440649247438521,0.03397524187685467,0.05267252472453745,0.3284531857163025,-0.007951599481847496,-0.332311316579455,0.03976625173423776,0.22523125951715656,0.01048307601895334,-0.06150148309965685,0.29111183415083836,0.20282293499740808,-0.49169742597062505,0.1759175695650828,-0.03439236231008864,0.12723460049792806,-0.027777944045056728,0.27469496311079755,-0.4456147473739209,-0.08539568819935654,0.26497155626719693,0.28419164065439684
0.1686371175701099,0.3706811800389579,0.34076680465882014,0.020363713494761227,-0.139641068612861,-0.01484349072603366,0.09093694754272026,0.1420807861295447,0.15796908675840945,0.3076555652432741,0.08844762880792695,0.09060848132870386,0.08064552848579212,0.2874474198420909,0.33185449187205884,0.11712554544625423,0.03699565457745449,0.16577116448474433,0.1959596426502267,0.2760640654970147,0.3237722142557696,0.15736098255273584,0.5830240694019193,0.33310507477811513,0.32546296398666136,-0.07482307941433794,0.16539672156581592,0.24701943945644517,-0.18013916697463184,3.373684019900299,-0.10257339508115773,0.30763884804030356,0.6390997058598827,-0.11949037690214205,0.10509021379649523,0.1920572170658187,0.9419362414407195,0.1838499036319375,1.0067390107253782,0.4778296208263616,0.7733447421420335,0.2855013283684863,0.8449450478545626,0.059442019919081886,0.13918677673924748,0.8321340232270948,1.6302923759241195,-1.0182750835640795,3.3367016672581413,-0.07211461504955315,-0.2539876027388451,-0.22221217678771094,0.309202542789855,0.10657774875472047,-0.060120123749275035,-0.3729585067913058,-0.18186138867544652,0.22615323158519657,0.5055362831315294,0.08387709110691917
0.040359690639200176,0.31290958368340616,0.22869703471622296,0.0687387913050133,0.1618516401646742,0.21459592833240576,0.14619215653429157,0.20452009588308967,0.20670877359146905,0.23372633174001012,0.2286111835316481,0.1345217779511774,0.07180953615012574,0.14170138315963088,0.2262600081643936,0.12444172455376641,0.1230685953675274,0.3256649957070066,0.5182971055857178,0.07806252252819969,0.3367869227717326,0.12445478269965765,-0.30283660774778287,0.5085993122825343,0.08463782539160182,0.12667848027869963,0.10278833841403963,0.2875720707913946,-0.046695083552513006,-0.10257339508115773,1.5839571706532631,0.229461560770251,-0.019929228713400176,0.059791633468252614,0.27016539923379557,0.4286064767995208,0.1655918496786105,0.1578680538739442,0.17282891032181072,-0.013966499660722283,0.42445043657005954,0.34000671946549754,-0.050185915913466106,0.04213678799754274,0.3706330344518082,0.3898146149739002,0.11740767134584215,-0.20286086570015402,-0.24673413322173898,0.12564428775615571,0.021152779238265217,0.1960233950943842,-0.2708912646045435,-0.026451909411258422,0.07120784250499587,0.1785682608722567,0.25927510141010635,-0.3175632276908561,-0.07490620018359423,0.13809933647273911
0.08443638295100593,0.27925775238129713,0.3897536054907074,0.16145534387121846,0.14441225676069422,0.3223559069412995,0.27160659117987823,0.3047329991211472,0.3366388617221739,0.3297110227922767,0.23589469965454551,0.3138600916195021,0.12208228750012935,0.6010237445390139,0.27432053713747545,0.38238460557813164,0.319808280294828,0.18632938518405387,0.29849446087820886,0.14905491785853053,0.3525405648888544,0.32871465553368173,0.28346624229391393,0.3202140574919005,0.35069893032910643,0.07985534296762249,0.2784650022852317,0.22162944273938084,0.5387619679994656,0.30763884804030356,0.229461560770251,0.9852725737714967,0.1537138202450164,0.39809950242371284,-0.03624919553462313,0.5130626809632088,0.21749691666555623,0.12933428640542,0.4861216345620249,0.07855706639468855,0.1332316929298852,0.3157797862290571,0.2206448171120022,-0.15440596637989848,-0.00475364322453043,0.4232452583817091,0.2824628785828903,-0.35534165500433046,0.77579443974653,-0.23137405381281315,-0.038139405553875565,0.32232489352708027,-0.2669809084499547,0.2219809843967017,-0.0924352733237446,0.22370765413081142,-0.12671387231786405,-0.06803222939551286,0.1739949961240558,0.5117680411446378
0.11295406578998143,0.41739543645109634,0.25427084117363385,0.08816012202587281,0.018468573443754716,-0.02597748689775578,0.14013772393291166,0.07785207932847475,0.1950576891549981,0.19765218818431535,0.10783635615195421,0.11269970860769969,0.06386587607541959,0.17910173576751726,0.26557779661189396,0.12380829084507014,0.2320611194706963,0.16106014714103767,0.39253465102152263,0.41969185720002156,0.2957720222785241,0.14266366819753298,0.31783138608609124,0.14204507487229148,0.1662646346459128,0.16814350840510364,0.27478920471909063,0.7534578320655165,-0.007132195853250299,0.6390997058598827,-0.019929228713400176,0.1537138202450164,1.7825479439411367,-0.00758207700340553,-0.09979366786098812,0.2066337712713118,0.8730971581528711,0.2628030130244424,0.15849851273837318,0.2216034779286233,0.27227166934052716,0.3113193402433154,0.42921661308670717,0.15606477760422524,-0.07014782311390508,0.40639610181794583,0.5136514858861129,-0.016294272824125957,1.2484173566517296,0.41541380723148197,-0.2626358702333008,0.19015875177212577,-0.1296942608929556,-0.19754483419145888,-0.11041563441800356,-0.033945052395330806,-0.21066940772686762,0.0745126158767528,0.3176086233373505,-0.11319455700025711
