1.7951761138306341,-0.1514727370130697,-0.15948471085006313,-0.1568895848934608,-0.12785784254274446,-0.06396847793987234,0.042731385879968366,0.058891530933658016,0.02888898605147161,0.0013941561490449638,-0.004777390543936112,0.0036573563140191584,0.008725340991342303,0.0009959246981110254,-0.004263168830204071,-0.0002754270143808058,0.00929580452649369,0.024977840053269265,0.039643343552957254,0.04138452293886784,0.04004878784424075,0.03829182340028959,0.037562093682891436,0.03820781531344042,0.035899885820150294,0.03383212106933292,0.030202315835469815,0.027178327093898065,0.024064008530667,0.019907371612094615,0.016437926979170254,0.018020738843750456,0.02079168383170048,0.023389399747240917,0.02415683282810804,0.023982856276174327,0.023177377755419653,0.022853629726756256,0.0232098710017172,0.02292886150128854,0.02202942125632406,0.019748467369216278,0.019580344152387383,0.02007791767444296,0.02947389235452504,0.03855419731253914,0.04519573234334292,0.048365901924118805,0.0491334042009392,-0.0016278796634198872,0.02440953158786289,-0.006506377632918235,0.016023590089908373,-0.007111909151429289,0.008351813367844298,-0.0037410390435835073,0.0010887138714584087,0.010275363630744664,-0.004161478076328846
-0.1514727370130697,1.7618383708701182,-0.18564137471823342,-0.18911067717430277,-0.16298398720075652,-0.09422813797068111,0.03411550022747595,0.06890503179009697,0.0394577913275226,0.008011287934253994,0.0018544561211560825,0.00959084159272851,0.014480280089061262,0.006302492366744174,-0.001375661272700845,0.0011035081963287573,0.01129700689024673,0.029782108002002892,0.047108196020869485,0.04796637676040902,0.044311041233180325,0.04034440539466308,0.03850900761592939,0.0394737049244518,0.038107790616773274,0.03678389411084891,0.033473506865491644,0.030188620976608113,0.02639935743817922,0.021767790586730194,0.018016462798514973,0.021139964210814183,0.024929406104640894,0.02752425086636889,0.028293281319061676,0.028059558037904747,0.027016612626108133,0.02630521962677807,0.026240117441853877,0.02555690520364533,0.02454816234005818,0.022698338890463663,0.024282914055147303,0.02667433644814445,0.036562566568413404,0.04515574581103198,0.05088562578051936,0.0530331865316858,0.05283787875357872,-0.0008650310845819601,0.029292320512573553,-0.010958297673523396,0.019605410902610424,-0.009094504502239703,0.008371551634774384,-0.004668169296163921,0.0009767653282735061,0.013218267760004546,-0.003652873449791416
-0.15948471085006313,-0.18564137471823342,1.7238369734048837,-0.2227989675173565,-0.20717073866099797,-0.1414309048363796,0.006509203857650144,0.07508454455505031,0.05395604512001342,0.01911519507497493,0.012275648223654356,0.0169731070905901,0.021648874859116048,0.013896551536791433,0.003013066097234322,0.002605885491664191,0.012627471424342477,0.03378900383944234,0.05410161667266742,0.05437418201938909,0.04828914328025241,0.041853023060949804,0.038596617848851524,0.039818080743772216,0.039663547710546386,0.03932024015033683,0.03650807895447447,0.0329217357123216,0.028336215204874438,0.023289627207226833,0.01946732511188413,0.024900186943515836,0.03000517734924197,0.03230537277642929,0.032969988482012,0.032693971301218386,0.031369885276584804,0.030076685019328975,0.029278931600884222,0.027955395838651035,0.026806973268889273,0.025835412727548596,0.03045068124147209,0.03531690625848188,0.045128314430462106,0.052286914277552665,0.05619148099703597,0.05661686976573065,0.05497228721827948,0.0005637178629195397,0.032120772834677555,-0.014528247215186531,0.020741579648000028,-0.010406459397541295,0.007897470299592337,-0.005002807892472947,0.0015600922300949658,0.015320465472693652,-0.004489606754097643
-0.1568895848934608,-0.18911067717430277,-0.2227989675173565,1.680125487067149,-0.26001931869487444,-0.21459879560787534,-0.06031298013020388,0.0691104473585504,0.07442986965128032,0.04087204554079727,0.03182503047881955,0.027654498088870123,0.02908249713254854,0.022392606151598857,0.00867700180245064,0.003909931741286902,0.012114911347852118,0.03438325800109114,0.05694563046350948,0.05796527842528529,0.050640289941873404,0.04271524507972711,0.038323975537383016,0.03969114408977352,0.040556039509962664,0.041281297111846055,0.03915810350181578,0.03541926869502725,0.03031494724502367,0.025023971834001832,0.02117653392924507,0.029108449294503118,0.03570229258356535,0.038047433152393687,0.03876105274692008,0.038401807424462434,0.036638549810510845,0.03457230833029152,0.03264166496802439,0.03019859326048708,0.028451278362813453,0.028644685462683152,0.038833962082335007,0.045570160288420904,0.05457378515602411,0.059639728894925484,0.06116790414898627,0.059486648015073966,0.056137662162667176,0.0018213117836575964,0.030421754018862216,-0.014607966226396507,0.017809684347023638,-0.008887125807621795,0.00804093670720439,-0.0050560141697634986,0.0018997286367457768,0.013625750473141568,-0.001919407100818249
-0.12785784254274446,-0.16298398720075652,-0.20717073866099797,-0.26001931869487444,1.6233236806737923,-0.31809686121921565,-0.1994251709434598,0.026291504968425108,0.09164702172397474,0.07478814739611624,0.06321613881984764,0.04263262662109754,0.038109306016458705,0.0346220925063606,0.019161824572998015,0.008007789863317722,0.011687663769592564,0.030886271386301824,0.052396119972780084,0.05606925436126703,0.04860111393842752,0.039757778330278284,0.034224960757732195,0.03563468430256517,0.03786697856584664,0.040138866014508764,0.039246388400985384,0.035676439729312066,0.03043216516673335,0.025433949896934895,0.022217102598918955,0.0332301900121428,0.04129004841074305,0.04319177694810081,0.04377654591746527,0.043366997561954314,0.041136926728214424,0.03804056631357942,0.03443225321075319,0.0304750460491137,0.02804309313117606,0.03037252429010608,0.04914890863122911,0.05668103975348115,0.06301049734224591,0.06428321061473133,0.06215093642148597,0.05760953921164799,0.05219062442924795,0.0030685326202130924,0.0175269768972573,-0.005705143957708728,0.006620852247409135,-0.004215009978666464,0.007783594621259095,-0.004078272693887158,0.0033596714791646726,0.00810561577832607,-0.00014216534019640735
-0.06396847793987234,-0.09422813797068111,-0.1414309048363796,-0.21459879560787534,-0.31809686121921565,1.50439059606687,-0.4541356130255881,-0.1078530312660278,0.07269452758495969,0.12405939013136662,0.12582626584384746,0.08042230948668405,0.052877235283396815,0.05095428714706651,0.045250215082282726,0.03385049195708452,0.02966780493684912,0.03348228144442936,0.03978001867229878,0.043886660795510526,0.034611143964035154,0.02356509035068837,0.017167345640710315,0.019217827257641703,0.024607369565545077,0.030614442560010845,0.033019515698566745,0.03155348028001617,0.027763731756389406,0.02441503808542689,0.022941412564449242,0.035769637573549166,0.04427108214084768,0.045276261988011206,0.04547709628947149,0.04476384249663512,0.041777330104566204,0.03700603526124726,0.03076835927541523,0.02451986396477629,0.021182032967406714,0.02741069658527198,0.06043074520609289,0.06497330460799869,0.06589126785257701,0.061902815274752755,0.055523307578794645,0.0482399703155909,0.041181443081940584,0.0019974017545834415,-0.008787120903990706,0.016281620242458918,-0.008103494618061997,0.0019581056125829027,0.007085356050919072,-0.0022615603613715873,0.005438265000863675,-0.0016101403525071538,0.0032858097715767055
0.042731385879968366,0.03411550022747595,0.006509203857650144,-0.06031298013020388,-0.1994251709434598,-0.4541356130255881,1.0834074782598533,-0.4445833020847778,-0.0921103812140844,0.14299858747274286,0.2033020649798849,0.1570080439156988,0.09628711233513522,0.09804600293906779,0.11785772205487728,0.1103145703853996,0.08906846014591906,0.05059589492581696,0.011560371199295772,0.012415464406888538,0.00025190621105457706,-0.012975185688536827,-0.01857128601313821,-0.014527044928654415,-0.004138118836648536,0.007623812324088518,0.015904442354005354,0.019671377269981548,0.0205728081644174,0.021410417373036124,0.023406890183906993,0.03433459400808852,0.04116974793283735,0.04109172036688459,0.04046642254380158,0.03855983096846822,0.03383716870307645,0.02612187041500166,0.015681651031670536,0.005824961288745375,0.0011490350009546008,0.014042726254221947,0.07143763191849159,0.06613359675129381,0.058593975454702574,0.04860168555574313,0.0383926531417235,0.029354370006327624,0.021793909454685644,-0.0035864187861934086,-0.05249880701211626,0.04896706664254061,-0.017807442013635637,0.008661512855316446,0.004872133466775387,-0.0004989210458690906,0.010725486704504497,-0.015541515934980488,0.005091082388614063
0.058891530933658016,0.06890503179009697,0.07508454455505031,0.0691104473585504,0.026291504968425108,-0.1078530312660278,-0.4445833020847778,1.4414216794982166,-0.30796692625690025,-0.0724215095556429,-0.0033330511327661636,0.0906557548528171,0.14377346316008413,0.15471100387185338,0.13927929669299166,0.11479005265544234,0.0942984067849543,0.05860423183831852,0.013440893569562597,-0.003571477162162696,-0.03198464058968689,-0.05615866940739688,-0.061955348471051254,-0.05146604980014014,-0.032553979077685403,-0.014240354700195966,-0.0011796094883528292,0.005869969799879832,0.008805724907926856,0.011361632346826392,0.01384688489176946,0.014231910517751656,0.015094218431213847,0.014723724985044317,0.014751998239936396,0.014151841144610497,0.012764828040214001,0.010983946548798034,0.009186504971831485,0.007564300865881114,0.0067742850756933775,0.007529571242505697,0.011311173141054849,0.023965223976950323,0.02859399237687702,0.027694882804038538,0.024942973455378218,0.02170987600414552,0.01856698405417193,5.70013169368684e-5,-0.01642180284429348,0.01364227625239422,0.002328659261783976,0.004512767598949709,-0.00982722585237517,0.0036404090611887453,0.017247268163864845,0.00570950567939538,-0.024828748932213266
0.02888898605147161,0.0394577913275226,0.05395604512001342,0.07442986965128032,0.09164702172397474,0.07269452758495969,-0.0921103812140844,-0.30796692625690025,1.4822813545967104,-0.42226295136715647,-0.16891871944921377,0.057153774714655624,0.1603566325544063,0.1597206894507395,0.13633696081606783,0.10907355194032217,0.08280354069868529,0.047935799152758786,0.00863129085126459,-0.008335192623480672,-0.03380266221844609,-0.052757299454878975,-0.05452581984129481,-0.04242859985153649,-0.02465029594203028,-0.008344837034633377,0.0028945804914110433,0.008890854058557544,0.011235141846419465,0.012962689352037697,0.014161588321766828,0.013184123964746696,0.013634320421795005,0.01417977142008421,0.014481148653489774,0.013733486726413006,0.012463324969357415,0.011363175256666441,0.010811728636484033,0.010242224528758313,0.010094499558373658,0.010121178807823521,0.011406753451094084,0.024582268202213927,0.03140453515551965,0.032826328193400214,0.03181482690829299,0.029543092984424462,0.02677339595772238,0.006893975504337478,8.787916673901585e-5,-0.004679487460608507,0.014070284473151107,-0.004071921310145844,0.013667163208706328,-0.002889355904056005,-0.0015525466196526872,-0.019583939443576566,0.004887936026850539
0.0013941561490449638,0.008011287934253994,0.01911519507497493,0.04087204554079727,0.07478814739611624,0.12405939013136662,0.14299858747274286,-0.0724215095556429,-0.42226295136715647,1.3045219567751818,-0.3472904416107106,-0.07314664289691034,0.11050746739452241,0.13291296835782754,0.11036497117776103,0.08644280657564374,0.06216905553084028,0.03121656371159214,0.005619319180005159,-0.0006962567265613175,-0.016235367295920927,-0.02651893360693599,-0.025801208670696966,-0.01620421560859885,-0.004289625250491954,0.006172668827297023,0.012519529037062051,0.015102182947371274,0.015399908144531524,0.01587676375667307,0.016678106857035347,0.019369427323270835,0.022758203671180543,0.024709511416086495,0.025577614109856917,0.02472621592336214,0.022641778744831063,0.020225613636909525,0.017781127937348113,0.015400401444035093,0.014339350289706985,0.017139950054604693,0.03183585218919653,0.039857242048930826,0.04447108602325423,0.044383254339174866,0.04206578813324453,0.03851728300220977,0.03459293936593886,0.014302207067469867,-0.004227648144444181,-0.009126707142025143,0.008695108676848608,-0.001498172542912094,0.03187134201652191,-0.007275343239839008,-0.017527598615728633,-0.03748569061842577,0.03231707233329107
-0.004777390543936112,0.0018544561211560825,0.012275648223654356,0.03182503047881955,0.06321613881984764,0.12582626584384746,0.2033020649798849,-0.0033330511327661636,-0.16891871944921377,-0.3472904416107106,1.4174466402216457,-0.37697265200292296,-0.06107560756021243,0.09735951797576552,0.08287421389297325,0.047661894400654756,0.02748596763223007,0.004192488602617518,-0.006459504861548439,0.0037319753629865317,-0.004321266753164875,-0.012251837429159142,-0.012141567833566135,-0.0036770249101008437,0.006645658414791122,0.015574312852423512,0.0197700728124124,0.019982007506481974,0.017950292044486192,0.017150005231112826,0.01933670451820084,0.027583977492166574,0.03389071497809059,0.033998753245165256,0.0339988788264923,0.03348498838550922,0.031089851968417775,0.027325921764716397,0.02290808981418616,0.01875520347957769,0.016722683301940253,0.020006667910723638,0.03831089721569147,0.046811931537439,0.05136458361422086,0.050856787830694465,0.04789783702187821,0.04361445598208591,0.03897437362289825,0.02775096920081889,-0.01367508762682578,-0.01083938507333001,0.007765733797390597,-0.0005714721518394146,-0.002106697583712774,0.004702889480673932,-0.0012384346664379249,0.013316220042367996,-0.021654695807289195
0.0036573563140191584,0.00959084159272851,0.0169731070905901,0.027654498088870123,0.04263262662109754,0.08042230948668405,0.1570080439156988,0.0906557548528171,0.057153774714655624,-0.07314664289691034,-0.37697265200292296,1.3864342284106355,-0.40275134600280726,-0.09382974450340813,0.06452510944530011,0.05825437236739968,0.0330014519767526,0.015117230316657338,0.008970720862900737,0.02237193537673062,0.010835334196516012,-0.004492722969516464,-0.010429411127628106,-0.005468627974720789,0.004142801259130296,0.013603574440342076,0.018326676580239985,0.018596910609905263,0.016297038612339713,0.015627416647404187,0.01890581395816705,0.028279186708504316,0.03465083965648137,0.03343479560070142,0.032963530967532045,0.03277181514636688,0.030721226668372705,0.02684902546771665,0.02223542924591957,0.01821098865351503,0.016846873693844962,0.02136207168030557,0.040665365638557015,0.047758730004007766,0.0505306864733582,0.04867737686096792,0.04486274677390626,0.040199524277850576,0.03547267274562593,0.025873812180516036,-0.017656234535302438,0.00414788511166361,-0.00144081286881278,-0.002782227740010269,-0.004309630785594641,0.0053408147283605855,-0.0010316266602268431,0.015285649806280242,-0.019737097180251666
0.008725340991342303,0.014480280089061262,0.021648874859116048,0.02908249713254854,0.038109306016458705,0.052877235283396815,0.09628711233513522,0.14377346316008413,0.1603566325544063,0.11050746739452241,-0.06107560756021243,-0.40275134600280726,1.3480672714525255,-0.36584179120426447,-0.07791514255123905,0.030868944962294073,0.05011923018297734,0.04224194697600198,0.020455458986795728,0.019660635199584525,0.0008413274309127313,-0.020688242011663905,-0.027604392209759684,-0.02084075128289393,-0.007521535291057657,0.005536088132938411,0.013194008720434736,0.01597414981205963,0.015547998684397825,0.015884866843515567,0.01847588195713093,0.02413591167783392,0.02795530517453144,0.02666557811263209,0.026114648541092227,0.025677368088607874,0.02390538468600719,0.020775543315419087,0.01726074396541288,0.014293366403602197,0.013785772397408327,0.01863950695283293,0.0365834666329722,0.043717687184296077,0.04652518592068495,0.04501895700487852,0.041623736167346714,0.03745519351005433,0.033161214582676506,-0.00013733195426634534,-0.02220352236596322,0.049977311915050456,-0.010324536354709203,-0.007923337899697102,0.01081684016346446,-0.0014173515247601011,-0.0006922359190042481,-0.014175102033630028,0.0025879322540650674
0.0009959246981110254,0.006302492366744174,0.013896551536791433,0.022392606151598857,0.0346220925063606,0.05095428714706651,0.09804600293906779,0.15471100387185338,0.1597206894507395,0.13291296835782754,0.09735951797576552,-0.09382974450340813,-0.36584179120426447,1.4570095111031127,-0.32451534872345683,-0.10417986817240736,0.021426263380697842,0.04159428671564218,0.005795747893119488,-0.006839420250453396,-0.023193539444441726,-0.03734746900791868,-0.03579321104119913,-0.023185947922563302,-0.007479628896725734,0.005527945416066691,0.012419663406210438,0.015007814712122187,0.015142094144056328,0.01592569379715979,0.01722430213947139,0.01763831629968324,0.019988190365654555,0.022017493209353377,0.02349808752387468,0.0234643265635908,0.022027656913639566,0.019736970088051885,0.016803125042148443,0.013600440621057341,0.011623486224311978,0.014626149561873933,0.0324470405183369,0.039500101102399994,0.04371588538503936,0.043620411110001436,0.04126570892423021,0.037787786422523964,0.033882852701142996,-0.027609740569488245,-0.027227272933133866,0.07606339213155061,-0.019221548178480832,0.0009673734912317137,0.017212126799683966,-0.006835610772724458,0.015975877106931137,-0.04527619449645518,0.018178220829030874
-0.004263168830204071,-0.001375661272700845,0.003013066097234322,0.00867700180245064,0.019161824572998015,0.045250215082282726,0.11785772205487728,0.13927929669299166,0.13633696081606783,0.11036497117776103,0.08287421389297325,0.06452510944530011,-0.07791514255123905,-0.32451534872345683,1.5201795430268712,-0.27617716383005936,-0.1130553492141455,-0.03345974871788529,-0.02340970606176475,-0.0186208618592342,-0.023193381503114313,-0.02595489324749051,-0.019567388009719626,-0.00735840803125247,0.003775118621933801,0.011662311541930703,0.01545043207696953,0.017004371122997766,0.01726861474664804,0.017701362886650543,0.017476325444252917,0.016250154092657378,0.017666158831684736,0.0200352268040253,0.021732169304401364,0.021897742129619292,0.020764827678895974,0.018860514869404713,0.01589572989203244,0.012208187555463872,0.009048968028030931,0.010497734773765461,0.027478754310131005,0.03640548706682893,0.04199086468551192,0.042894497516394424,0.04102009016357676,0.03765564379625451,0.033663934957802816,-0.01684670201887589,-0.012345526280598337,0.031872445832404395,-0.013593603807074632,0.004477430719996885,0.012625863812807328,-0.005743223892562204,0.023491747281251845,-0.04272174638837054,0.01304217804849432
-0.0002754270143808058,0.0011035081963287573,0.002605885491664191,0.003909931741286902,0.008007789863317722,0.03385049195708452,0.1103145703853996,0.11479005265544234,0.10907355194032217,0.08644280657564374,0.047661894400654756,0.05825437236739968,0.030868944962294073,-0.10417986817240736,-0.27617716383005936,1.607643796195506,-0.2497188243495314,-0.1433554869333053,-0.06358197544455164,-0.03883871900872508,-0.02191402635417703,-0.0061455967052674474,0.005992467441137136,0.014694069826268289,0.017310046650283645,0.01754256458979429,0.017300387326638484,0.017470995422747135,0.017545501955787683,0.0170410263481489,0.016198317713104784,0.015937736302887924,0.016516705943226743,0.016263542820046977,0.01657454645019873,0.017015085443727065,0.01646061930977192,0.014585947451758941,0.011086038093206263,0.006792820188709172,0.0029219440182695925,0.0034176280299097516,0.01949791418930266,0.03226121482064861,0.03953944500419686,0.0413213181299001,0.03982103702629849,0.03646868103969536,0.03238620716744696,0.006453785534671884,0.009421734531900887,-0.0254894477759692,-0.013965326668121239,0.0035071523299937783,0.009230079970729624,-0.003306927589057952,0.003081831563823686,-0.009126950577099335,0.001669971846680547
0.00929580452649369,0.01129700689024673,0.012627471424342477,0.012114911347852118,0.011687663769592564,0.02966780493684912,0.08906846014591906,0.0942984067849543,0.08280354069868529,0.06216905553084028,0.02748596763223007,0.0330014519767526,0.05011923018297734,0.021426263380697842,-0.1130553492141455,-0.2497188243495314,1.6415315937048602,-0.2280098406125732,-0.12505474171114148,-0.09163308837389916,-0.04396595943886353,-0.0030350388894575904,0.01883567928076843,0.025776195000738886,0.022148338465202817,0.01765137878675438,0.01623412557372703,0.017864701429624773,0.02023023799864455,0.0200973245847205,0.017638160684552994,0.01743480982013987,0.01596418754296078,0.013042128679378187,0.011231463268677364,0.010569192261282495,0.009465824253256443,0.007073989379909827,0.002871322642151486,-0.001983653677113826,-0.0060458283216475095,-0.004693039262101709,0.014718151371174841,0.0286637667079475,0.03630770368680757,0.0382908280214172,0.037059381032047534,0.033963021929066056,0.030182665069171735,0.01348535938067289,0.010429921002917546,-0.038613844405337064,-0.017373499420288995,0.0032530178314170402,0.005048110138082826,-0.003571728349903296,-0.01612605200691691,0.019211883940149048,-0.0012407893862795873
0.024977840053269265,0.029782108002002892,0.03378900383944234,0.03438325800109114,0.030886271386301824,0.03348228144442936,0.05059589492581696,0.05860423183831852,0.047935799152758786,0.03121656371159214,0.004192488602617518,0.015117230316657338,0.04224194697600198,0.04159428671564218,-0.03345974871788529,-0.1433554869333053,-0.2280098406125732,1.7042356018691083,-0.16288534829537604,-0.13039034755623702,-0.06739246234456647,-0.01324731398735814,0.01465885290295201,0.021806194503950466,0.017403256767851115,0.013474434259412136,0.01409390982141634,0.018220319712610518,0.023092199267214304,0.02348104403173053,0.018969248023122474,0.017932173187556015,0.014374426722101935,0.01069933162118237,0.00775179157761517,0.005854782314776176,0.004024915968144106,0.0014201168447374214,-0.002929314368169262,-0.007917140603984851,-0.011901955329236455,-0.009150942357141631,0.015007389108499225,0.02452824240039891,0.02975035337958404,0.030780191784847782,0.029554815229512723,0.02695374269196925,0.023950510966210592,0.009164132804935042,-0.006455016602994496,-0.017768199266657805,-0.023735766740838233,0.006041398927481492,-0.00106991097092492,-0.0036758876288190195,-0.010845443467329127,0.01584668411697113,0.0025908165167844136
0.039643343552957254,0.047108196020869485,0.05410161667266742,0.05694563046350948,0.052396119972780084,0.03978001867229878,0.011560371199295772,0.013440893569562597,0.00863129085126459,0.005619319180005159,-0.006459504861548439,0.008970720862900737,0.020455458986795728,0.005795747893119488,-0.02340970606176475,-0.06358197544455164,-0.12505474171114148,-0.16288534829537604,1.7755995485023892,-0.13554362009776744,-0.08479708588764426,-0.03866272500216229,-0.011245788562238167,0.0002960290397982873,0.003867075834378834,0.007274886715483887,0.012264722493384471,0.01783035960326377,0.022699525511924074,0.023051125370784378,0.018338291657123276,0.016650000195914966,0.01214297228432392,0.008909480722034019,0.006204895079320971,0.004255399620748724,0.0026932623269067387,0.000793349811850271,-0.00258674627728087,-0.0066174141729413855,-0.009887539054929709,-0.006871788654587353,0.015765641394516236,0.020258733757950356,0.022709113191709675,0.022658915573069142,0.02135255982893087,0.019228320365475473,0.01698957304413295,0.002552773824894252,-0.020531870182110116,0.006473257150874052,-0.025243263477619342,0.006495270860411588,-0.005541211501304971,-0.0036335679993391,0.004138140131518918,-0.00014560508931030317,0.00643370480325332
0.04138452293886784,0.04796637676040902,0.05437418201938909,0.05796527842528529,0.05606925436126703,0.043886660795510526,0.012415464406888538,-0.003571477162162696,-0.008335192623480672,-0.0006962567265613175,0.0037319753629865317,0.02237193537673062,0.019660635199584525,-0.006839420250453396,-0.0186208618592342,-0.03883871900872508,-0.09163308837389916,-0.13039034755623702,-0.13554362009776744,1.787102663987277,-0.12373024993057612,-0.0944400604965162,-0.06400511609601219,-0.036484117891186524,-0.012243644756414231,0.007816692717868862,0.022324457074884577,0.03079098585860063,0.03312687312789512,0.02990401865100517,0.022811482686214565,0.018315409758971758,0.012396265790519586,0.008177472468791051,0.005745902882555195,0.004608090836310765,0.004336141552792628,0.0038153940301765376,0.0022277179400367123,-6.320248322496997e-6,-0.0024836960050830265,-0.0023235431584106743,0.007270522487899774,0.020165059798571132,0.025997730848106124,0.02680482652415263,0.025296603163246945,0.022621334474976277,0.019718562898066932,-0.004326735577685736,-0.018124140824797963,0.011119665396305918,-0.025054010430528358,0.007125033999975192,-0.004187355897333586,-0.0027935274443680043,-0.0012759521813467498,0.00555342219838948,0.007033586934392734
0.04004878784424075,0.044311041233180325,0.04828914328025241,0.050640289941873404,0.04860111393842752,0.034611143964035154,0.00025190621105457706,-0.03198464058968689,-0.03380266221844609,-0.016235367295920927,-0.004321266753164875,0.010835334196516012,0.0008413274309127313,-0.023193539444441726,-0.023193381503114313,-0.02191402635417703,-0.04396595943886353,-0.06739246234456647,-0.08479708588764426,-0.12373024993057612,1.7852129740695184,-0.15379069065944614,-0.12855277637674423,-0.08317548929003092,-0.03162214968815719,0.01070625398500872,0.03702810218479441,0.047554159476683976,0.044926307344052334,0.036884155914286024,0.027542247326992397,0.02206663225067047,0.015686759877959863,0.010284683038419052,0.00858565594818586,0.009094832424327268,0.01107311269654756,0.013025546821932469,0.014774776078682455,0.016234104690030733,0.016134956056701722,0.012946214214790693,0.0024225593245840813,0.022333242581020277,0.030301873954463376,0.031162458002811,0.028837322539448866,0.025241692650862676,0.021406777745961798,-0.006704099893228163,-0.011882059698862578,0.006410316285862562,-0.020076929200506553,0.006233956074465249,0.0003957641791605192,-0.00216592960973006,-0.0007742550363464679,0.0022778800177485205,0.010326953139569191
0.03829182340028959,0.04034440539466308,0.041853023060949804,0.04271524507972711,0.039757778330278284,0.02356509035068837,-0.012975185688536827,-0.05615866940739688,-0.052757299454878975,-0.02651893360693599,-0.012251837429159142,-0.004492722969516464,-0.020688242011663905,-0.03734746900791868,-0.02595489324749051,-0.0061455967052674474,-0.0030350388894575904,-0.01324731398735814,-0.03866272500216229,-0.0944400604965162,-0.15379069065944614,1.7408763060518935,-0.17764167180994525,-0.12456745672175652,-0.055970474017935576,0.001617371736773877,0.03719497286245853,0.05090912688740251,0.047026684278276665,0.03820570922021837,0.02959331150780198,0.025842256679444238,0.020982531589822453,0.015272201144805018,0.014544025688526674,0.016531199628725016,0.02026966548738958,0.024242337714917444,0.02891996759618029,0.03395955412105667,0.036653516097830366,0.03181103856716063,0.005541176272923986,0.02723687386907862,0.03429179676430664,0.03357610954019979,0.029673280748796573,0.024929108522767418,0.020238584557990054,-0.005848445269350353,-0.0071183661960969626,0.00047906090725213264,-0.012530439372063626,0.005107431520591035,0.004329610926159733,-0.0030782065470011627,0.0023341434047677643,-0.003361263888122481,0.01575788731440555
0.037562093682891436,0.03850900761592939,0.038596617848851524,0.038323975537383016,0.034224960757732195,0.017167345640710315,-0.01857128601313821,-0.061955348471051254,-0.05452581984129481,-0.025801208670696966,-0.012141567833566135,-0.010429411127628106,-0.027604392209759684,-0.03579321104119913,-0.019567388009719626,0.005992467441137136,0.01883567928076843,0.01465885290295201,-0.011245788562238167,-0.06400511609601219,-0.12855277637674423,-0.17764167180994525,1.75537395903296,-0.13975590344265515,-0.08414420939201304,-0.03466648101238675,-0.00032453567160099024,0.01795621103801219,0.022712319367681904,0.02367765671260824,0.02374933799473139,0.026279384857737488,0.026775429522979594,0.02293921130371609,0.02337603900848106,0.026168221877016357,0.02995199279461251,0.03379246583689637,0.03869057555447545,0.04488749540720281,0.049432019539947684,0.04657910192750148,0.020254097062553975,0.032723114384201384,0.03374096055185807,0.02948347104755603,0.02371787874240809,0.018261927607951384,0.01352340269702469,-0.0033781682284724775,-0.0040810521695371135,-0.003466005923169804,-0.004102731101978346,0.003578709929973071,0.0054199829591810396,-0.0026808167352450228,0.0031937109333834636,-0.007224832758370107,0.01604936971397248
0.03820781531344042,0.0394737049244518,0.039818080743772216,0.03969114408977352,0.03563468430256517,0.019217827257641703,-0.014527044928654415,-0.05146604980014014,-0.04242859985153649,-0.01620421560859885,-0.0036770249101008437,-0.005468627974720789,-0.02084075128289393,-0.023185947922563302,-0.00735840803125247,0.014694069826268289,0.025776195000738886,0.021806194503950466,0.0002960290397982873,-0.036484117891186524,-0.08317548929003092,-0.12456745672175652,-0.13975590344265515,1.7971889449948375,-0.11962051189380361,-0.09957432824279569,-0.07582204542153322,-0.05055011921540784,-0.026705313842756827,-0.004904752071549027,0.012239754234642398,0.024730601025381382,0.03414756639054195,0.03398386889600389,0.03592638114910629,0.039342222478030126,0.041817164535099934,0.04329839626656847,0.04540275527390445,0.05002995708311204,0.055262813835962106,0.05788204949570915,0.04674414951103198,0.04018603409065122,0.030803533635230605,0.021219484430393582,0.01329300667678882,0.007461329217047588,0.003303214666861869,-0.0010670091783134075,-0.0024130435043542417,-0.0045893183320908585,0.0020054891885936,0.002231146760549388,0.0031963896422529873,0.0008238784456030484,0.0012443070323275608,-0.009596905249560285,0.011057700904282437
0.035899885820150294,0.038107790616773274,0.039663547710546386,0.040556039509962664,0.03786697856584664,0.024607369565545077,-0.004138118836648536,-0.032553979077685403,-0.02465029594203028,-0.004289625250491954,0.006645658414791122,0.004142801259130296,-0.007521535291057657,-0.007479628896725734,0.003775118621933801,0.017310046650283645,0.022148338465202817,0.017403256767851115,0.003867075834378834,-0.012243644756414231,-0.03162214968815719,-0.055970474017935576,-0.08414420939201304,-0.11962051189380361,1.7790171514824669,-0.1733175185086694,-0.16542555469496117,-0.13314884135899108,-0.08637696845170921,-0.03941712795859866,-0.001354930859381417,0.022543070501867265,0.04255394196689899,0.04674708753861717,0.05031811553291338,0.05439697888330832,0.05496088987774702,0.052937154399073816,0.05081440724526339,0.052708952297809586,0.0583198978580458,0.06801975712859366,0.07864555928760242,0.049038034759556294,0.028412537081833302,0.013790035178489176,0.004354025787001599,-0.0012575351414303671,-0.004405602878921486,-1.3443217266572078e-5,-0.00010326333589870743,-0.004441328367451811,0.0056544304348378795,0.0005823946141807957,0.0005699390907507527,0.005877055609660434,-0.0017895964449416103,-0.01219961423967011,0.004440095859807696
0.03383212106933292,0.03678389411084891,0.03932024015033683,0.041281297111846055,0.040138866014508764,0.030614442560010845,0.007623812324088518,-0.014240354700195966,-0.008344837034633377,0.006172668827297023,0.015574312852423512,0.013603574440342076,0.005536088132938411,0.005527945416066691,0.011662311541930703,0.01754256458979429,0.01765137878675438,0.013474434259412136,0.007274886715483887,0.007816692717868862,0.01070625398500872,0.001617371736773877,-0.03466648101238675,-0.09957432824279569,-0.1733175185086694,1.7076821646546267,-0.23288930263334454,-0.19890578947937707,-0.13774936573205263,-0.07318268050846671,-0.018010530456133943,0.016128314730540272,0.04576602655277616,0.05353027305876993,0.05855866792404146,0.06319979668622605,0.06202659194292605,0.05675320565410309,0.0508852784342788,0.050503446724462206,0.05658329304246922,0.07208931099488534,0.0997016599614495,0.05540044652206354,0.027573245906001152,0.009693084469485969,-0.0007752616293458283,-0.0063106628412961194,-0.008889628812675585,-0.0005044915683679744,0.0022173795268630755,-0.003659112244622326,0.006999321208150273,-0.0008235158032544849,-0.00026145986499223465,0.009459142160649671,-0.0028932604084024663,-0.01466897736358395,-0.0010568296136072958
0.030202315835469815,0.033473506865491644,0.03650807895447447,0.03915810350181578,0.039246388400985384,0.033019515698566745,0.015904442354005354,-0.0011796094883528292,0.0028945804914110433,0.012519529037062051,0.0197700728124124,0.018326676580239985,0.013194008720434736,0.012419663406210438,0.01545043207696953,0.017300387326638484,0.01623412557372703,0.01409390982141634,0.012264722493384471,0.022324457074884577,0.03702810218479441,0.03719497286245853,-0.00032453567160099024,-0.07582204542153322,-0.16542555469496117,-0.23288930263334454,1.6805962171941913,-0.22570023993880778,-0.1672842768802558,-0.10139548947973999,-0.03821589032706527,0.003304694579575488,0.04026186656915626,0.05019105748575136,0.05643890589689097,0.06140140609022027,0.05899062064415584,0.051354256827838736,0.043127118410798665,0.041442923140110124,0.04781961068930284,0.06602097711317687,0.1006285325018483,0.057163262727925365,0.029426526676402037,0.011512360195105662,0.0008867650139428606,-0.004835312985163645,-0.007610587640280081,-0.0014831091231476844,0.0036847786604407603,-0.00235838574817113,0.007234472919449759,-0.0015693257513197045,0.0008992974233873929,0.009625073022348446,-0.00029289865491225603,-0.01749788719202125,-0.002191702277825594
0.027178327093898065,0.030188620976608113,0.0329217357123216,0.03541926869502725,0.035676439729312066,0.03155348028001617,0.019671377269981548,0.005869969799879832,0.008890854058557544,0.015102182947371274,0.019982007506481974,0.018596910609905263,0.01597414981205963,0.015007814712122187,0.017004371122997766,0.017470995422747135,0.017864701429624773,0.018220319712610518,0.01783035960326377,0.03079098585860063,0.047554159476683976,0.05090912688740251,0.01795621103801219,-0.05055011921540784,-0.13314884135899108,-0.19890578947937707,-0.22570023993880778,1.7181097633600846,-0.17647297293852526,-0.12629750706605353,-0.06359349692272408,-0.016359439235932322,0.02698570099923298,0.037654157059261874,0.045092241379401515,0.05039400429409101,0.047363124189433545,0.038256601512467174,0.029232482291007226,0.027628232160564,0.03460228426988862,0.052154676130137724,0.08178777853722992,0.052527523689630956,0.031476015384614385,0.01677167342997424,0.007099793599560104,0.001214437097454273,-0.0022468057360468465,-0.0021593196107082165,0.004106966699205909,-0.0013835956656373892,0.0064797101695609335,-0.0012127857871675476,0.004316961819988108,0.0060923091579840475,0.0062050736943587695,-0.020886259407699472,0.0003941097183461799
0.024064008530667,0.02639935743817922,0.028336215204874438,0.03031494724502367,0.03043216516673335,0.027763731756389406,0.0205728081644174,0.008805724907926856,0.011235141846419465,0.015399908144531524,0.017950292044486192,0.016297038612339713,0.015547998684397825,0.015142094144056328,0.01726861474664804,0.017545501955787683,0.02023023799864455,0.023092199267214304,0.022699525511924074,0.03312687312789512,0.044926307344052334,0.047026684278276665,0.022712319367681904,-0.026705313842756827,-0.08637696845170921,-0.13774936573205263,-0.1672842768802558,-0.17647297293852526,1.7633364697033542,-0.1475455634501441,-0.09140878461947688,-0.04020495337738335,0.009578152532186333,0.02026755121488663,0.029317553845971945,0.03524039985521712,0.03208301253084999,0.021856612436727384,0.01281183838462608,0.011875752807849594,0.019473896027479915,0.03415627495670867,0.0510710147273576,0.044018976899930284,0.03369389529028543,0.024118748301984485,0.01600775524886574,0.009874354714449345,0.005338408371742946,-0.002245825978081728,0.0035548826573567178,-0.0011078265053202719,0.004708649772886214,0.0003414929557610804,0.008078824379492072,0.0007029638287441768,0.015054006910955943,-0.0252463975645821,0.0055883434786978105
0.019907371612094615,0.021767790586730194,0.023289627207226833,0.025023971834001832,0.025433949896934895,0.02441503808542689,0.021410417373036124,0.011361632346826392,0.012962689352037697,0.01587676375667307,0.017150005231112826,0.015627416647404187,0.015884866843515567,0.01592569379715979,0.017701362886650543,0.0170410263481489,0.0200973245847205,0.02348104403173053,0.023051125370784378,0.02990401865100517,0.036884155914286024,0.03820570922021837,0.02367765671260824,-0.004904752071549027,-0.03941712795859866,-0.07318268050846671,-0.10139548947973999,-0.12629750706605353,-0.1475455634501441,1.7787594761927985,-0.11313635185714303,-0.06966264142831806,-0.01901660996369764,-0.003046456431193273,0.010636690906099599,0.01738012269473829,0.01511085309743262,0.0067728176049231545,0.0012347876646814264,0.003079960828385103,0.012044356109312917,0.023303546829640844,0.02597468665370516,0.032299305195279765,0.030639176226816833,0.026573942853540054,0.021149131751018638,0.01589694960086722,0.011237588320902818,-0.0016180871754231218,0.0028395345055390936,-0.0010174824059390962,0.0022395303310685935,0.00165351006852683,0.010941850629393157,-0.0030205535305536883,0.019584533104491895,-0.026646949527353733,0.00872900690822459
0.016437926979170254,0.018016462798514973,0.01946732511188413,0.02117653392924507,0.022217102598918955,0.022941412564449242,0.023406890183906993,0.01384688489176946,0.014161588321766828,0.016678106857035347,0.01933670451820084,0.01890581395816705,0.01847588195713093,0.01722430213947139,0.017476325444252917,0.016198317713104784,0.017638160684552994,0.018969248023122474,0.018338291657123276,0.022811482686214565,0.027542247326992397,0.02959331150780198,0.02374933799473139,0.012239754234642398,-0.001354930859381417,-0.018010530456133943,-0.03821589032706527,-0.06359349692272408,-0.09140878461947688,-0.11313635185714303,1.8229973584256318,-0.11206347802850947,-0.08565968113022615,-0.050632240262768115,-0.025106241878046956,-0.01704310252935267,-0.014358345871032172,-0.009842528589498451,-0.0012509948920897103,0.00891858029844731,0.01992324656219038,0.028284923982136487,0.024980521925805563,0.021069432376228974,0.02022161016715452,0.019309755986468988,0.017077007069294412,0.014242316895742718,0.01130058760734198,-0.0013261971002510905,0.0034642732002110876,-0.0011355584996607113,0.0007778367209104857,-0.00034133429544235493,0.011111104552197191,0.0005177909970378995,0.008217343071451166,-0.015982647696463445,0.0016751666881974427
0.018020738843750456,0.021139964210814183,0.024900186943515836,0.029108449294503118,0.0332301900121428,0.035769637573549166,0.03433459400808852,0.014231910517751656,0.013184123964746696,0.019369427323270835,0.027583977492166574,0.028279186708504316,0.02413591167783392,0.01763831629968324,0.016250154092657378,0.015937736302887924,0.01743480982013987,0.017932173187556015,0.016650000195914966,0.018315409758971758,0.02206663225067047,0.025842256679444238,0.026279384857737488,0.024730601025381382,0.022543070501867265,0.016128314730540272,0.003304694579575488,-0.016359439235932322,-0.04020495337738335,-0.06966264142831806,-0.11206347802850947,1.731083785644319,-0.22047493805699953,-0.1527519352691807,-0.10154170011672525,-0.07986718449453259,-0.05668919725006986,-0.021304081065936287,0.017609973854101946,0.04762897837207622,0.07013604609610846,0.08842022424600965,0.10113368571210131,0.03551889848976128,0.012870010590821579,0.006109924067421369,0.004669708203404218,0.004695538574088949,0.005023433139757757,-0.0031405609579083626,0.0073479319682438265,-0.0030397618453277334,0.0013595453906152949,-0.0038793205040229778,0.0062645573016099545,0.012598048441354977,-0.01716945613677259,0.0038025649190617816,-0.013398271014797994
