0.8593975857935363,0.13588853963751374,0.2746376781925566,0.04814130225111186,0.018820860992130515,0.08908087654493267,0.08112279883077785,0.03532550149012799,0.08109484886444533,0.0916225692278314,0.057662135198754294,0.08813393251730278,0.041784445773403955,0.054848302924708145,0.10216046066324841,0.05248784665623775,0.02344980087734177,0.09478499933038759,0.02138753279002554,0.05859630274928152,0.04445620929456409,0.06304369589147255,0.0979079605250099,0.050889874798533095,0.10711147396909367,-0.0003386325834808866,0.03463354260843037,0.09728505448065833,0.1129246402027591,0.05385278971353503,0.06583383305504822,0.06717967774318222,0.041546294917491976,0.07101871464647243,0.009409972665038513,0.031173401633221718,0.11787076205245352,0.045008410825400615,0.06487805485672204,0.01338712623108525,0.05387336039840384,0.024787974440208034,0.12245453529415413,0.01657993082685216,0.14719752566575736,0.13662545681017468,0.10418541465503017,0.011943847167456702,-0.026553916562957507,-0.0387964936197099,-0.03957715521919713,0.028901879981108297,0.06125919994691269,-0.017138086021685435,0.2961844388444561,-0.00749354527421894,0.14748432273356238,0.18137219386697878,-0.5626837453142388
0.13588853963751374,1.4383782201379083,0.31895601119126277,-0.11341715912727446,-0.10440597914581333,0.17624974500811497,0.16196284421954593,0.124618168043563,0.18072042476449884,0.10620300780234192,0.15317816418270422,0.11873056027549277,0.1233140913056973,0.15572232748949213,0.3215559342571262,0.0810700846497704,0.06924662218859573,-0.021267765633485276,-0.01154932076491455,0.16489255811912942,0.12164685680201402,0.08714112083794315,-0.1849654981505826,0.08625248405128745,0.07464220018753498,0.12197909590723292,0.14509040060701825,0.16071295575408984,0.1426335281589896,0.13129822837885613,0.12485315079865406,0.16698365296872436,-0.01053001579274603,0.15491919533973644,-0.00880761718477978,0.18786941256241432,0.09025244585125025,0.09546294147257528,-0.02682831368159974,-0.023569091777656495,0.08811004117750779,0.09058714656465716,0.008649350225311391,0.0003587477457507516,0.0034071610963953307,0.15776728101800355,0.0668935760122157,0.0558481766229448,0.24333937092133381,-0.439928622017684,0.4005890530808126,0.1485655862910723,-0.04117459671142717,-0.060904196636571296,-0.4147394363316985,0.09926488821290685,0.1471719989511233,0.11137259948277824,-0.027489318921313968
0.2746376781925566,0.31895601119126277,1.7293370595215252,0.050640119758479554,-0.28618308385734853,0.3546719099064008,0.18236975160410404,0.3966103298200413,0.331482032003825,0.3864281692547548,0.3520415603453745,0.2729542318271472,0.2577942606458724,0.2609324178959557,0.26337051569866743,0.20882165988024204,0.32780714306024744,0.32883557044710815,0.11045643295828389,0.37670047261752015,0.29049143021392887,0.2679380956001041,0.2824329274075493,0.2690414150829009,0.2583207227347881,0.1814113822332577,0.268770410589027,0.41649597143204553,0.5390930857606614,-0.020593099082317955,0.27464520604948506,0.25380188322937985,0.20392671363764622,0.42687483850616836,0.22974360499627633,0.7707838773686665,0.2441719733451506,0.19581725866984934,0.2952058199585744,0.05719403415578893,0.3304694096855597,0.3019152300281252,0.15226097620981305,0.035049236822076994,0.16215796766385449,0.7846170189793105,0.3055312933770073,0.33618250705834896,0.2554201377724395,-0.04501661705769836,-0.06009383446376783,0.2796313502697574,-0.017334393635976574,-0.15949091335912033,0.14559900429484404,-0.06855255453540622,-0.011701009005723507,-0.7029694629964353,0.620733929412706
0.04814130225111186,-0.11341715912727446,0.050640119758479554,0.6780220380098361,0.5100677198399804,0.24205140017591772,0.22731435607300673,0.12687426382336883,0.06890177517882783,0.15701496849881338,0.11154282693193997,0.1879866660405809,0.11609501170912204,0.16135347032702557,0.10036226177116912,0.17113385869952058,0.1319759112323094,0.1939930963489909,0.13956425067490558,0.14983888496412873,0.15717209284004355,0.129904956717759,0.21008308838564094,0.12917913295088826,0.16026838990769912,0.1974661545484816,0.07579011406628583,-0.010873455710741126,0.21540801697307504,0.07858446868727761,0.12261914854384647,0.1406618318987005,0.10226366925841106,0.1809700965193166,-0.005020837456304032,0.22886875305076254,0.1879355698490657,0.07477092417088825,0.22005300889801716,0.09564010623897515,0.06918507236856106,0.14486144108908924,0.12092480129443978,0.015448693984981809,0.06642894273661214,0.24406527035053122,0.18135975941482343,0.13674909190498033,0.20496454561839075,0.2556647449256201,-0.31489891942567577,0.10288331204544819,0.07491810402138314,-0.11764108376525266,0.024687913731447502,-0.09010633544280046,-0.08677176599319293,-0.09167782151867496,0.21374783082493592
0.018820860992130515,-0.10440597914581333,-0.28618308385734853,0.5100677198399804,1.1391556257449027,0.23976136324247824,0.1944922210345935,0.06687227655034152,0.01621020475022026,0.10518966722284312,0.0767571432791634,0.1846472685421007,0.1063941207065567,0.15883827158864813,0.13797262253761322,0.18450429830965182,0.09401469340006693,0.18033891533867472,0.2610113566164973,0.0832756418125082,0.15058569277916328,0.11122893576625861,0.18373371496755686,0.10287090464020789,0.1370874793010577,0.2562771818010445,0.011152236449148733,-0.1373766184445144,0.15141190110154146,0.018657954084008634,0.12114701516558955,0.12523751984996684,0.10544059986511321,0.08501051944564095,-0.07100008168017888,0.19362494430267968,0.23918480932870345,0.043554884029936757,0.2144570857129575,0.11069780733464495,0.011808090921472482,0.13985156377676247,0.03687754538422303,0.006801641861376041,-0.026639588266637315,0.15854920517071222,0.13313705249986105,0.15689077800846582,0.28974641795203887,0.3585262243398304,-0.4011213868802705,-0.06833755186650663,0.19264405919559863,-0.09269496529955669,-0.0718206419032474,-0.08065650148700503,-0.13873449935674476,-0.1473204635888277,0.3793609741993003
0.08908087654493267,0.17624974500811497,0.3546719099064008,0.24205140017591772,0.23976136324247824,0.5941942715491259,0.10388891268270802,0.24894216576239997,0.20219241216884332,0.18886118432969531,0.19995299575591147,0.1963416856215882,0.1770318548761132,0.259736575091418,0.22542923939445447,0.22357078932827643,0.21174052572138277,0.13822938383045558,0.19676118251420252,0.37190180457053523,0.2110536478276165,0.196415195871094,0.0783453067792145,0.1690675785096178,0.1840746897547395,0.2632960627178771,0.2083907623806142,0.194849008830513,0.42828916202292105,0.0736967874564453,0.20122551591852572,0.26410832367062037,0.036702395775425264,0.22605953443025584,-0.05652798717072188,0.25844779745492213,0.37933530694132184,0.1866141555209626,0.282005641574676,0.1291919838190752,0.15580986146621578,0.18417941449861952,0.13264131339673135,0.04537441039658598,0.08499418269911954,0.34517433886011584,0.24639035548450347,0.20917000205910352,0.5019801900783117,0.3882231841796979,-0.4565915492063215,0.1090682542944402,-0.06646713140315497,-0.02417557496299335,-0.05867510273424046,-0.049491348586975875,0.11403766497838796,-0.03476069133374963,0.009981717084327137
0.08112279883077785,0.16196284421954593,0.18236975160410404,0.22731435607300673,0.1944922210345935,0.10388891268270802,0.7820137561156772,0.1671575295187184,0.17666741492250504,0.2166291760934348,0.2266042249235464,0.3127291887249661,0.15938151945715456,0.23539197393056593,0.09305843147513088,0.23353013506978032,0.17311390453679912,0.270356505554528,0.020864350494774694,0.11718398837449333,0.1931578903445771,0.21586531373954074,0.41003097592288085,0.18752887394771645,0.25462635099815684,0.23600464171808322,0.08146881868279941,0.0479256098234818,0.20422717199623766,0.25316125863248184,0.13846238088175816,0.2111126233122359,0.14686825530830877,0.2360054199514511,-0.0013868552536143038,0.3866491698647097,0.12478807935517973,0.06325333620491327,0.24656872613650369,0.09333470316921354,0.14194133036557932,0.1713800691049434,0.2065472348289087,0.014316355353047703,0.14767175480109657,0.37251326663707546,0.23047715533751903,0.13581780754011513,0.3391175145196441,0.008993275593461445,-0.19587450082661473,0.18367415842164475,0.18253115856727822,-0.17865133870054606,-0.056866085061925566,0.0978065594183902,0.03763390006829304,0.18635821364165805,-0.39074305535428927
0.03532550149012799,0.124618168043563,0.3966103298200413,0.12687426382336883,0.06687227655034152,0.24894216576239997,0.1671575295187184,0.6813760973961981,0.05871341450224914,0.20626027410822287,0.2714319979826456,0.13790827983272239,0.230801423713866,0.25713821490814837,0.1438065341776583,0.20190683533202383,0.23586591978054394,0.2156754711180355,0.1181655133107119,0.3265056878701659,0.15578404490722828,0.1422685665113352,0.17253880483143116,0.1842411030248131,0.23313292688108236,0.17220873376159002,0.25621200104092734,0.21971628595106865,0.3330777660117399,0.2504054168123488,0.17601512657973034,0.22912168547639356,0.1290482816294183,0.24266578104836756,0.14837081084627454,0.23099431785183158,0.25248334082386287,0.16623060016256583,0.24284808181447326,0.14313308258676172,0.2240225565274364,0.15849822986410483,0.19248229822988586,0.028858115505385567,0.14337282273902122,0.45555573893659135,0.3421731325089421,0.24247302591045503,0.37267962099115953,0.08016772849490816,-0.08686055484274186,0.10834233441490684,-0.06346674873227565,-0.0257939350721181,-0.0952060599840807,-0.10085222887885079,0.10231337318722919,0.14631825381873698,-0.10047334396148341
0.08109484886444533,0.18072042476449884,0.331482032003825,0.06890177517882783,0.01621020475022026,0.20219241216884332,0.17666741492250504,0.05871341450224914,0.5730845678768759,0.11458167939682429,0.10304972555791378,0.14237142081459267,0.09724564338975453,0.14925671120782322,0.05983115398646597,0.10938794945951016,0.15472937319654456,0.23209048881063124,-0.015545139181401007,0.1176621398137256,0.16736199043954678,0.27718017149459145,0.270232087787555,0.15665369781305302,0.0969095889699352,0.33731554227275157,0.12643139459656177,0.2073581581857271,0.14457483697454782,0.07039358738336565,0.14604711769796586,0.16989956833204983,0.15425055674527022,0.2283550889139247,0.12968370077047658,0.1988307859780298,0.0500475959592336,0.07452650918345843,0.17859143167671415,0.09739297406537988,0.17707729803425815,0.1377100655336668,0.14229604771382334,0.02640144809313975,0.05781374440461274,0.28904723302179464,0.22184542057304057,0.05322114799613477,0.366850458368777,-0.015913653806786547,-0.04915744951104031,-0.008183175042249712,0.07915159923308927,-0.007776268637470905,0.02397627618001552,0.07977649706136318,0.027469486576037528,-0.1189199845124177,-0.018852106774249033
0.0916225692278314,0.10620300780234192,0.3864281692547548,0.15701496849881338,0.10518966722284312,0.18886118432969531,0.2166291760934348,0.20626027410822287,0.11458167939682429,0.5359164400901114,0.13198343206462357,0.18075604392835323,0.16141431949991575,0.17991498150281224,0.1492252434335268,0.1630254058470872,0.2097797077110549,0.2374566262026036,0.050805165497590565,0.2175842239470268,0.14972403356116978,0.14309566833149767,0.21268826603852645,0.17520824552017075,0.1941668386860383,0.18681929095863165,0.17384873025871908,0.2646354701776095,0.2795756822841035,0.18841023362898596,0.18730016094029633,0.17474133289579488,0.11471351879832574,0.22890961633549145,0.19252127314660603,0.34049946673824955,0.22936582171500555,0.10529746509838347,0.1759785592723301,0.12048602071988601,0.2497981361417384,0.16254115080262252,0.13369654946119217,0.01184921081259785,0.06220599737754039,0.4374753523055778,0.2944615447133933,0.22499978578786314,0.35205461509844854,0.04402023941903294,-0.12739944771104184,-0.023539903185869657,0.1039819531014284,-0.018765771252122275,0.08251348495613957,0.08801876051475924,0.09545041208862694,-0.22180877405085786,-0.003141852667356155
0.057662135198754294,0.15317816418270422,0.3520415603453745,0.11154282693193997,0.0767571432791634,0.19995299575591147,0.2266042249235464,0.2714319979826456,0.10304972555791378,0.13198343206462357,0.4393990698012033,0.19883373242078706,0.18074000137614665,0.22014387655617365,0.19485457083890687,0.19668529187719003,0.2545842991328049,0.19339689240457095,0.08139112740416829,0.2691610776757868,0.18502052367799932,0.14946954938026083,0.22417117726651853,0.19129624127417966,0.1981552211358749,0.07585514091796673,0.24042104997364094,0.23116778914999167,0.2731916350561494,0.18883880682728812,0.18383958420505464,0.19098336361896232,0.1626328993904804,0.1882202255863618,0.11672840645946435,0.31909202150856397,0.23135276058583867,0.14067183935502156,0.22497122875147957,0.12877343824103726,0.1701663270593106,0.18317539700542523,0.15617816235609994,0.020858489717252522,0.15987715695861288,0.43389459781591183,0.2627825712104827,0.21488999697260386,0.2002698282786156,-0.03782367064956527,-0.05580485959394959,0.10757304872245092,0.07349862243042445,-0.06478093830656226,-0.07571785766598571,-0.037880631295974104,0.04892202346813753,-0.03144958843240546,0.02656773519357463
0.08813393251730278,0.11873056027549277,0.2729542318271472,0.1879866660405809,0.1846472685421007,0.1963416856215882,0.3127291887249661,0.13790827983272239,0.14237142081459267,0.18075604392835323,0.19883373242078706,0.5760451720256425,0.12302665563959668,0.19685746471369392,0.19140247124170479,0.2419090115730601,0.1922467927283301,0.22788695924965807,0.08184261479287422,0.1613952432652691,0.1684186885565914,0.16937890450415893,0.27359825920699454,0.16514067191704326,0.23004969928003818,0.14021157996832864,0.22154957576200668,0.050718799188517995,0.14612037945393472,0.1337685434792409,0.14021744206546796,0.1910509020830628,0.15088064998014947,0.1690934149553878,-0.040366490974076984,0.279898149943509,0.0795143560276206,0.09131357704082571,0.20581798739185422,0.11664127681946058,0.08941355931798924,0.1505059147953354,0.12548791277238305,0.02523308439329867,0.12187504875391884,0.32741368457008696,0.2270926596571926,0.2019573291817901,0.4497875811584873,-0.14685480988956573,-0.013599438261073174,0.009213428987715024,0.18441716589400484,-0.04138990057623368,-0.04307056990095792,0.061726058780923944,-0.08152371703915041,0.02948043014511735,-0.1233038167157644
0.041784445773403955,0.1233140913056973,0.2577942606458724,0.11609501170912204,0.1063941207065567,0.1770318548761132,0.15938151945715456,0.230801423713866,0.09724564338975453,0.16141431949991575,0.18074000137614665,0.12302665563959668,0.31036588973168294,0.16276924986039992,0.09312360526960912,0.1635766441019734,0.17081151114430687,0.1643544230882895,0.07174763154536037,0.19224390322306614,0.12973425594527002,0.16116157475799295,0.1708139864604289,0.16962975875607272,0.15687307271138312,0.11018527964676207,0.19119194807660672,0.15183331273356548,0.315732584670956,0.15976428895073436,0.13937541765138534,0.16104498338952272,0.1288046249593439,0.20750178753348797,0.18426590126437098,0.24934841535042476,0.15281121054694394,0.09690650202877486,0.16687053360705378,0.10439811997892824,0.18394067842554593,0.13923058980510314,0.09794097362491413,0.02398612128557654,-0.01646647564528551,0.3672046690756421,0.22695242199258878,0.15639003176312877,0.27221970112239297,0.11462623494947656,-0.07003968471150178,0.03168836841927209,-0.04214316818003129,-0.03639955582165346,-0.03104601657873615,-0.0718259533452824,-0.005617149500767398,-0.1791132146716572,0.25943458712723555
0.054848302924708145,0.15572232748949213,0.2609324178959557,0.16135347032702557,0.15883827158864813,0.259736575091418,0.23539197393056593,0.25713821490814837,0.14925671120782322,0.17991498150281224,0.22014387655617365,0.19685746471369392,0.16276924986039992,0.4897072963034204,0.23245094020476562,0.29613176992348,0.16806720393020635,0.19475847368764737,0.094093183460725,0.29890130359065803,0.20399943425149217,0.20443816802326098,0.2563130478960477,0.2359674295729659,0.2130701754775284,0.33631048553572623,0.12110746202904343,0.11655245400854505,0.27211634619913433,0.21677183167116001,0.1882672441810393,0.35166497862173113,0.119585474744893,0.21990284727293774,0.08834517397748434,0.31720373403491364,0.20680361068759248,0.15743570968158674,0.25825441615160616,0.16771934944178793,0.20714920121395838,0.185119003996728,0.16123899039491424,0.02373600913747933,0.0690714919906873,0.4118441334130711,0.31149844640096663,0.2567319242903825,0.6354114810409381,0.02183072546737707,-0.20023452170709213,0.05690559971374647,0.14969969911904343,-0.020321573032176278,-0.09441134474596476,0.005134114801937923,0.12505285584128495,0.00022776686748423756,-0.038314119186153815
0.10216046066324841,0.3215559342571262,0.26337051569866743,0.10036226177116912,0.13797262253761322,0.22542923939445447,0.09305843147513088,0.1438065341776583,0.05983115398646597,0.1492252434335268,0.19485457083890687,0.19140247124170479,0.09312360526960912,0.23245094020476562,0.748200159587098,0.18913060826956082,0.13857078725944752,0.14977487340488824,0.09382591180963097,0.21206554472642922,0.16781634827225705,0.08810538076965731,0.43986816815593766,0.24171200521167993,0.29427996823279245,0.1391788362654074,0.22188306786282547,0.14149303106970074,0.1712414465353308,0.23500219650252427,0.13591825051724118,0.18406467340321783,0.22044949683479909,0.1935013393407806,0.05973392782776449,0.231155674136318,0.2868466343239002,0.1154209596402935,0.2202491477233682,0.13769882088953403,0.10045822766952088,0.1668847105635007,0.16466866065146585,0.03440648332135461,0.09630840607597241,0.3933986481785769,0.28791188013266394,0.31705540744242405,0.4050534662129231,-0.14934606732313802,-0.16974988028989269,0.17508802422252454,0.21711095929861876,-0.036280788440983425,-0.046494241510318626,0.0797414614725649,0.017062632844200645,-0.05157263238794044,0.05438658908276468
0.05248784665623775,0.0810700846497704,0.20882165988024204,0.17113385869952058,0.18450429830965182,0.22357078932827643,0.23353013506978032,0.20190683533202383,0.10938794945951016,0.1630254058470872,0.19668529187719003,0.2419090115730601,0.1635766441019734,0.29613176992348,0.18913060826956082,0.4805498785152112,0.2042144443831519,0.1720956320239793,0.1123542345517121,0.22274286781752053,0.18141396928678116,0.2606494265837521,0.25425395433781545,0.22111758023381542,0.21638928007891386,0.12616116034074024,0.20337689988336047,0.22041640753355402,0.2965201243900821,0.1952205772996179,0.1547706385308742,0.24375202338950192,0.15132913838432804,0.20983718735808438,0.16321203366358808,0.24253845184666206,0.2105598588689838,0.1177891540932751,0.26951786839381764,0.15887191925231026,0.19699176213021316,0.1661897572625013,0.2151014892178191,0.0314012639668598,0.13884494326146382,0.34231479168813195,0.2859692534172579,0.1285295319286209,0.4540953688375157,0.008506916842218128,-0.20394751120259166,0.10190510008680631,0.14065263884523538,-0.021066888496988564,-0.023835118642034022,0.01719162674655759,-0.04240153481811385,-0.03025440263544957,0.06902974245720153
0.02344980087734177,0.06924662218859573,0.32780714306024744,0.1319759112323094,0.09401469340006693,0.21174052572138277,0.17311390453679912,0.23586591978054394,0.15472937319654456,0.2097797077110549,0.2545842991328049,0.1922467927283301,0.17081151114430687,0.16806720393020635,0.13857078725944752,0.2042144443831519,0.7090297630805891,0.1327473312580673,0.09614742844048488,0.29292841568124767,0.21599115768138058,0.19072627309282145,0.20491644849783042,0.20165893314720534,0.198889442126083,-0.08516971727256852,0.37537527011082855,0.8858000067621414,0.31924022249456047,0.1587595157182432,0.20623094106219103,0.14122093753564208,0.311961932408705,0.15954497192909625,0.13756628566786153,0.33495355280481676,0.45370948002064115,0.15623754724304562,0.1667562025688857,0.12377725465348786,0.346782173818394,0.23470158956123408,0.20986711078316272,0.014467294046954448,0.08088567305123884,0.4786345500674194,0.3331670128914339,0.27234064391998847,0.327570466862286,0.051250790506491874,-0.15590811429646403,0.0689595180978686,0.061169082761773116,-0.0425493730990401,-0.0027453463641343694,-0.09455788454318541,-0.0353862105461234,-0.0697197915873559,0.20912017268075064
0.09478499933038759,-0.021267765633485276,0.32883557044710815,0.1939930963489909,0.18033891533867472,0.13822938383045558,0.270356505554528,0.2156754711180355,0.23209048881063124,0.2374566262026036,0.19339689240457095,0.22788695924965807,0.1643544230882895,0.19475847368764737,0.14977487340488824,0.1720956320239793,0.1327473312580673,1.3851253143412006,0.09418465886336742,0.0008082578605104915,0.290393157189781,0.2512644962166073,0.7407762470130672,0.17680286666152484,0.3134539520878359,0.7165936416697354,0.2010971329134464,-0.11401493653365805,0.2677307762057954,-0.04401690746875011,0.30874337819454545,0.2142069816762309,0.26846796179477445,0.3603978247326193,0.30786545057326775,0.3999912186680233,-0.1193038839495317,0.025852979270378225,0.35217293804342453,0.33932380853106225,0.3289817584233525,0.2809577638084618,0.1640461680954192,-0.01670645568712021,0.062346045444868096,0.7007617307170284,0.5518336322861765,0.32117233393761246,0.4612496050920069,-0.3624412453478805,0.2720957665985287,-0.2415280101797152,0.2114751515684631,0.07878579142694621,0.05527299335670174,0.014836940725187405,-0.04963021074150041,-0.2817623680459011,0.21623298615229308
0.02138753279002554,-0.01154932076491455,0.11045643295828389,0.13956425067490558,0.2610113566164973,0.19676118251420252,0.020864350494774694,0.1181655133107119,-0.015545139181401007,0.050805165497590565,0.08139112740416829,0.08184261479287422,0.07174763154536037,0.094093183460725,0.09382591180963097,0.1123542345517121,0.09614742844048488,0.09418465886336742,0.5173493201573363,0.037121600196446905,0.11384652230801663,0.07337906094509361,-0.01240776723448816,0.07486994921108318,0.12056245791447262,-0.04252555147576915,0.09567494816675473,-0.013378831957009975,0.11495230198308992,0.0408686754362944,0.11286318033882696,0.10038818132842202,0.085322011687015,0.08277674834945677,-0.0450722765549684,0.23957997037905085,0.14160085763633745,0.030464669693872373,0.22663038312597142,0.04636080076393622,-0.0475384361685746,0.10887816147074351,0.07348884865249769,0.02381529968035101,0.16203567338890631,0.14826506601867556,0.045542929716124364,0.09996385516936795,-0.027332921837602102,0.13441700878768817,0.06576018070193432,0.23482989794958967,-0.26033820064315844,-0.17054771408892225,-0.044548458889853156,-0.06102290721832863,0.012877102757877698,-0.03477123777815558,0.10239598120664338
0.05859630274928152,0.16489255811912942,0.37670047261752015,0.14983888496412873,0.0832756418125082,0.37190180457053523,0.11718398837449333,0.3265056878701659,0.1176621398137256,0.2175842239470268,0.2691610776757868,0.1613952432652691,0.19224390322306614,0.29890130359065803,0.21206554472642922,0.22274286781752053,0.29292841568124767,0.0008082578605104915,0.037121600196446905,1.3234532148662577,0.2503590517549591,0.10234015557000845,-0.0003326362202180331,0.24070625241073632,0.15102046965773386,0.14360823211436372,0.42006025099519534,0.2705433677772329,0.47994677164391686,0.4898739421405113,0.3478820071676823,0.2760298972573902,0.07850873671954854,0.29459119944982887,0.08663250603958633,0.46030591010191396,0.8937722062200857,0.6161193948352194,0.6981349027234038,0.3492952609837719,0.2567912837548179,0.3062482083949536,0.28499937328973046,0.0884259613563658,0.34990274367188734,0.5187152072020713,0.3609570219670553,0.660499253927399,1.0363230581426288,0.1939434628963424,-0.3972770883057465,0.08008048775629087,0.21430849166828891,-0.08458811765419408,-0.04630610524313363,-0.11025696510744618,0.15955237282110193,-0.12679972271666784,0.12063408969950336
0.04445620929456409,0.12164685680201402,0.29049143021392887,0.15717209284004355,0.15058569277916328,0.2110536478276165,0.1931578903445771,0.15578404490722828,0.16736199043954678,0.14972403356116978,0.18502052367799932,0.1684186885565914,0.12973425594527002,0.20399943425149217,0.16781634827225705,0.18141396928678116,0.21599115768138058,0.290393157189781,0.11384652230801663,0.2503590517549591,0.5769039832594374,0.1802476301737863,0.2365493128674015,0.17738244394866104,0.16087507932952258,0.24691179660069904,0.20538492344771042,-0.01417793673050251,0.26048867986219665,0.2086629005231578,0.2391001147468664,0.18704165333757675,0.19887638972802524,0.19215934636928808,0.317106940820382,0.5590548371974546,0.12285186917624341,0.15662690991969822,0.30980335006536025,0.3107032801953531,0.21036809806733317,0.4593179262103499,0.27670982858874626,0.021258406504475184,0.3550521175743654,0.504480546496285,0.343090869020114,0.4017824903717984,0.4214298138840062,0.003857387082087034,-0.06881730000939909,0.034821929768965205,0.04947472413368242,-0.043015407459694885,-0.008717106530050213,-0.043094948288050876,-0.15648404992791476,-0.1856777663751554,0.3738523088142457
0.06304369589147255,0.08714112083794315,0.2679380956001041,0.129904956717759,0.11122893576625861,0.196415195871094,0.21586531373954074,0.1422685665113352,0.27718017149459145,0.14309566833149767,0.14946954938026083,0.16937890450415893,0.16116157475799295,0.20443816802326098,0.08810538076965731,0.2606494265837521,0.19072627309282145,0.2512644962166073,0.07337906094509361,0.10234015557000845,0.1802476301737863,0.4987012963397954,0.3054314124546413,0.1892318731568906,0.15337102900451918,0.20847614286027374,0.18327341353271398,0.20760735769930852,0.3070191768308164,0.11504760336139315,0.1507023236530921,0.20772698158699868,0.17616356736596206,0.2755716958303059,0.13891375892863006,0.2475333344651466,0.05927879051520185,0.06730838453668361,0.3020944875840264,0.10886952754977035,0.2242082777981363,0.1490839880042864,0.19638123564992513,0.04439824338071994,0.0803102494721346,0.3260108523760393,0.2740033102674995,-0.11038719801920302,0.4163318417718312,0.04616192688492051,-0.12118704146589387,0.07100923314523394,0.06069747126469923,-0.056475977399251656,0.0022792530006615734,0.03093387109463889,-0.050095753274298896,-0.13355158790954713,0.13031594567902943
0.0979079605250099,-0.1849654981505826,0.2824329274075493,0.21008308838564094,0.18373371496755686,0.0783453067792145,0.41003097592288085,0.17253880483143116,0.270232087787555,0.21268826603852645,0.22417117726651853,0.27359825920699454,0.1708139864604289,0.2563130478960477,0.43986816815593766,0.25425395433781545,0.20491644849783042,0.7407762470130672,-0.01240776723448816,-0.0003326362202180331,0.2365493128674015,0.3054314124546413,1.8238077526228602,0.4783103207258425,0.5777695838200771,0.3633528905803821,0.09195111576941452,0.11229241903666434,0.2514558459306537,0.3888365260966138,0.04714332033693813,0.20779256799996199,0.5971039790718239,0.4430864080760842,0.17846349439480577,0.3780695578785637,0.17942111668928373,0.006914270012793125,0.6192857166298236,0.3532248979008636,0.21051330465786627,0.24802569963969384,0.3546514572485674,0.08497844530928214,0.15353726841650758,0.8169295057108606,0.676159905420391,0.47479855673524435,0.6699709222553463,-0.09169765906445636,-0.25025766914443287,0.11735933004523082,0.38834880869671146,-0.0994466935533144,0.159729162109274,0.08835217652299854,-0.14057390380222,-0.20508584210049496,0.14465356773379895
0.050889874798533095,0.08625248405128745,0.2690414150829009,0.12917913295088826,0.10287090464020789,0.1690675785096178,0.18752887394771645,0.1842411030248131,0.15665369781305302,0.17520824552017075,0.19129624127417966,0.16514067191704326,0.16962975875607272,0.2359674295729659,0.24171200521167993,0.22111758023381542,0.20165893314720534,0.17680286666152484,0.07486994921108318,0.24070625241073632,0.17738244394866104,0.1892318731568906,0.4783103207258425,0.6880664948016523,0.2686899014758995,0.04482086687065563,0.2801622335788825,0.3632444836763438,0.16564509390281076,0.44723874613277487,0.23347916773827812,0.2890610625526625,0.4847034710314846,0.27779879693715565,0.16414338082175597,0.29969911894235146,0.2704146266491207,0.13964346138614867,0.12234228897674944,0.13934473472091832,0.12831282629425425,0.1892624888978985,0.13109198182589588,0.028711790146219513,-0.12207250877346086,0.5554082799415173,0.3956778755191258,0.36052951945640144,0.5403511756481344,-0.11671433637817888,-0.00611440194509007,0.05565506433187121,0.09866810030498556,-0.04657698735264222,0.03532319254218379,-0.04614354456275329,0.07329585635596506,-0.3296150895305287,0.3416568248733118
0.10711147396909367,0.07464220018753498,0.2583207227347881,0.16026838990769912,0.1370874793010577,0.1840746897547395,0.25462635099815684,0.23313292688108236,0.0969095889699352,0.1941668386860383,0.1981552211358749,0.23004969928003818,0.15687307271138312,0.2130701754775284,0.29427996823279245,0.21638928007891386,0.198889442126083,0.3134539520878359,0.12056245791447262,0.15102046965773386,0.16087507932952258,0.15337102900451918,0.5777695838200771,0.2686899014758995,1.1032640223964452,0.2159604668082666,0.2545486501366382,0.13948855128034998,0.3098460869891468,0.36342772748417174,0.10574749946013276,0.21172220546375853,0.20094668475561664,0.43741858240461745,0.19289520260306903,0.290793967463632,0.1305661812018069,0.08651375713945782,0.3442704969974801,0.12962749028077156,0.20734402127721696,0.16762307604301266,0.2805858852350171,0.06200635940481243,0.22377328336163663,0.5770456612149447,0.38237587356393926,0.16777317433897757,0.02512824738495913,-0.2030007816046056,-0.0725750527896261,0.26800906989805284,0.16232995164048372,-0.13020370202330298,0.007575660674426059,0.034168516992009304,0.06848481520726205,0.021526351876599327,-0.14851185651908155
-0.0003386325834808866,0.12197909590723292,0.1814113822332577,0.1974661545484816,0.2562771818010445,0.2632960627178771,0.23600464171808322,0.17220873376159002,0.33731554227275157,0.18681929095863165,0.07585514091796673,0.14021157996832864,0.11018527964676207,0.33631048553572623,0.1391788362654074,0.12616116034074024,-0.08516971727256852,0.7165936416697354,-0.04252555147576915,0.14360823211436372,0.24691179660069904,0.20847614286027374,0.3633528905803821,0.04482086687065563,0.2159604668082666,3.846170764397008,-0.6246374098725224,-0.8288489268650748,-0.495679590869037,-0.5096670110003936,-0.02383751741255433,0.48265962961514897,0.006314010697394573,0.48521418674441447,0.639954400338061,0.25636349615442056,-1.6787826770883607,0.07058171761823596,0.4684344662550291,0.5205150052293769,0.3940817044813066,0.1449825438992014,0.16313698219034564,-0.10918749711391892,-0.2343818589104235,0.20273458369826663,0.1278872988912408,0.30690204471181276,1.4036768064713916,0.33992802669820577,-0.5309982229570335,-0.043537636268978,0.07577381058989245,0.10063210752202277,-0.17143392556972262,0.12723209312529768,-0.06700533885988096,-0.10734379528811677,0.07144437044018992
0.03463354260843037,0.14509040060701825,0.268770410589027,0.07579011406628583,0.011152236449148733,0.2083907623806142,0.08146881868279941,0.25621200104092734,0.12643139459656177,0.17384873025871908,0.24042104997364094,0.22154957576200668,0.19119194807660672,0.12110746202904343,0.22188306786282547,0.20337689988336047,0.37537527011082855,0.2010971329134464,0.09567494816675473,0.42006025099519534,0.20538492344771042,0.18327341353271398,0.09195111576941452,0.2801622335788825,0.2545486501366382,-0.6246374098725224,2.825179791680865,0.43414472952968236,0.13520227264962378,0.534502756417183,0.4816683496807218,0.15620209353266581,0.47787037195167786,0.21143504360057666,0.5042265373794318,0.2734817592007116,0.6561362907455911,0.24320977372967628,-0.008471953137936408,0.2201527235462044,0.5466573726397438,0.3324162877001855,-0.05737714536848996,0.022608747633597052,-0.6143031635657863,0.8798510777459733,0.4272122023864991,0.6391058511967661,0.9653958961404077,-0.344510697398577,0.36774714639903533,-0.26785961946215575,0.08507190918947516,0.2641875487417674,0.006006643823069597,-0.16272797943683578,0.07779937258283555,-0.46616661720973723,0.5676949350514316
0.09728505448065833,0.16071295575408984,0.41649597143204553,-0.010873455710741126,-0.1373766184445144,0.194849008830513,0.0479256098234818,0.21971628595106865,0.2073581581857271,0.2646354701776095,0.23116778914999167,0.050718799188517995,0.15183331273356548,0.11655245400854505,0.14149303106970074,0.22041640753355402,0.8858000067621414,-0.11401493653365805,-0.013378831957009975,0.2705433677772329,-0.01417793673050251,0.20760735769930852,0.11229241903666434,0.3632444836763438,0.13948855128034998,-0.8288489268650748,0.43414472952968236,6.075124877711219,0.40273161668633867,-0.3564744997661885,0.31872895870033385,0.07649714970728116,1.189222494978962,-0.04197471029080853,-0.2293209878860848,0.07410024132672674,0.9203294249363341,0.1612382757705087,-0.5899613574254395,-0.17436824886745414,1.2203651306869647,-0.20656727798803812,0.3151566634396262,-0.023986319386879073,-0.9922492200815526,0.3858386256878742,0.10321931686095259,0.26234057868463945,0.37793760201975185,0.20480988087389387,-0.35105318779933126,0.28884710609241687,-0.06077972352173433,0.04802572339576592,0.6691858872220254,0.09962253592129942,0.208219268882021,0.09810726729385318,-0.054099766909272616
0.1129246402027591,0.1426335281589896,0.5390930857606614,0.21540801697307504,0.15141190110154146,0.42828916202292105,0.20422717199623766,0.3330777660117399,0.14457483697454782,0.2795756822841035,0.2731916350561494,0.14612037945393472,0.315732584670956,0.27211634619913433,0.1712414465353308,0.2965201243900821,0.31924022249456047,0.2677307762057954,0.11495230198308992,0.47994677164391686,0.26048867986219665,0.3070191768308164,0.2514558459306537,0.16564509390281076,0.3098460869891468,-0.495679590869037,0.13520227264962378,0.40273161668633867,2.3779586374064925,0.2627990506939984,0.22019628962606116,0.1826127305866697,-0.22616853493414835,0.7019885359311158,-0.43036154719349395,0.9550075731328345,0.6583673131602984,0.13598283995155108,0.32185521523429794,0.042553410099156926,0.8837647510384649,0.22379025956494566,0.08763939930838535,-0.059731665042367404,-0.242225031185185,0.7519547556927003,0.4220728506550705,0.10134350400106977,0.4995090650807453,1.0524098040966743,-0.9649112279787089,0.32284784055471666,-0.2608841449604704,-0.10694154055330646,0.011459541785509769,-0.16308954749057683,-0.06462141674441903,-0.3713785394447817,0.5585290198472155
0.05385278971353503,0.13129822837885613,-0.020593099082317955,0.07858446868727761,0.018657954084008634,0.0736967874564453,0.25316125863248184,0.2504054168123488,0.07039358738336565,0.18841023362898596,0.18883880682728812,0.1337685434792409,0.15976428895073436,0.21677183167116001,0.23500219650252427,0.1952205772996179,0.1587595157182432,-0.04401690746875011,0.0408686754362944,0.4898739421405113,0.2086629005231578,0.11504760336139315,0.3888365260966138,0.44723874613277487,0.36342772748417174,-0.5096670110003936,0.534502756417183,-0.3564744997661885,0.2627990506939984,3.1033046148415586,0.27952641624655317,0.20715187325747703,0.25094695558818264,0.3447728991503204,0.5300416901487969,0.02503739737768651,0.6030038790252132,0.29019229636005883,0.3886524313818371,0.32663191629863225,0.0034024757113495533,0.27832010819170777,1.0862727392583238,0.09830103036606738,1.5222750596997092,0.9722566245975675,1.138758665502029,0.39471682806530384,0.232168018226512,-0.3905257296448764,0.3248410204500924,-0.31281898654463747,0.2663651077750584,-0.029738560675487375,-0.1646934152930668,-0.027719187959164983,-0.01646470250234894,1.246713154108482,-1.1184776941190848
0.06583383305504822,0.12485315079865406,0.27464520604948506,0.12261914854384647,0.12114701516558955,0.20122551591852572,0.13846238088175816,0.17601512657973034,0.14604711769796586,0.18730016094029633,0.18383958420505464,0.14021744206546796,0.13937541765138534,0.1882672441810393,0.13591825051724118,0.1547706385308742,0.20623094106219103,0.30874337819454545,0.11286318033882696,0.3478820071676823,0.2391001147468664,0.1507023236530921,0.04714332033693813,0.23347916773827812,0.10574749946013276,-0.02383751741255433,0.4816683496807218,0.31872895870033385,0.22019628962606116,0.27952641624655317,0.9384844659379311,0.22880935328564325,0.18617299637096008,0.16457720058696612,0.19083813985524614,0.7270490951670749,0.245797908645509,0.2182288323454989,0.20399867804894992,0.21958083430725142,0.22517223276640824,0.2512793489116028,0.023958153129366472,0.03241091151177467,0.052895310923766446,0.726583216780266,0.2997118132006422,0.40633601745780623,0.15353334392520665,-0.17616410155321277,0.16044291262578778,-0.11660679150619192,0.10274622640547285,-0.03966518061634225,-0.005651778496559147,-0.02544979880888593,0.2972273389008759,-0.3407198625893534,0.08245769468427654
0.06717967774318222,0.16698365296872436,0.25380188322937985,0.1406618318987005,0.12523751984996684,0.26410832367062037,0.2111126233122359,0.22912168547639356,0.16989956833204983,0.17474133289579488,0.19098336361896232,0.1910509020830628,0.16104498338952272,0.35166497862173113,0.18406467340321783,0.24375202338950192,0.14122093753564208,0.2142069816762309,0.10038818132842202,0.2760298972573902,0.18704165333757675,0.20772698158699868,0.20779256799996199,0.2890610625526625,0.21172220546375853,0.48265962961514897,0.15620209353266581,0.07649714970728116,0.1826127305866697,0.20715187325747703,0.22880935328564325,0.7051855923907461,0.06156088691974027,0.20480389147325706,-0.07858242808526372,0.4342827107248822,0.13548013359618516,0.15065485493230957,0.14952741548277199,0.15156138831006954,0.22231207098089525,0.1645019075532626,-0.03610946537898487,0.0023981506487397897,-0.1209690572501848,0.5440649406416425,0.28152979636656766,0.27268222370726114,0.5664846073205154,0.10941567841287933,-0.11473460677154881,0.16741185983581383,-0.19817451152752447,0.024188032737527468,-0.10954286020557549,-0.012789536160813447,0.5280631010430268,-0.16401121327191712,-0.27399257423095763
0.041546294917491976,-0.01053001579274603,0.20392671363764622,0.10226366925841106,0.10544059986511321,0.036702395775425264,0.14686825530830877,0.1290482816294183,0.15425055674527022,0.11471351879832574,0.1626328993904804,0.15088064998014947,0.1288046249593439,0.119585474744893,0.22044949683479909,0.15132913838432804,0.311961932408705,0.26846796179477445,0.085322011687015,0.07850873671954854,0.19887638972802524,0.17616356736596206,0.5971039790718239,0.4847034710314846,0.20094668475561664,0.006314010697394573,0.47787037195167786,1.189222494978962,-0.22616853493414835,0.25094695558818264,0.18617299637096008,0.06156088691974027,1.8250589894444682,-0.26058371194491553,0.4162222426751882,-0.11617936038705802,0.3446581618821202,0.08636201614118638,-0.10785041985301005,0.11679510652331854,-0.2591882019490905,0.17718760871558642,0.3548187681691014,-0.0032289520588426658,-0.2798612508544149,0.5067088191781561,0.45215654698491664,0.5281146376830428,0.52726345740548,-0.16443021692851878,-0.012042878159571741,0.13521399102526782,0.14017193558456395,-0.10198361158833065,0.29506331091905486,-0.08853547931429512,-0.27803084042006976,-0.3171004668591209,0.6673972260303218
0.07101871464647243,0.15491919533973644,0.42687483850616836,0.1809700965193166,0.08501051944564095,0.22605953443025584,0.2360054199514511,0.24266578104836756,0.2283550889139247,0.22890961633549145,0.1882202255863618,0.1690934149553878,0.20750178753348797,0.21990284727293774,0.1935013393407806,0.20983718735808438,0.15954497192909625,0.3603978247326193,0.08277674834945677,0.29459119944982887,0.19215934636928808,0.2755716958303059,0.4430864080760842,0.27779879693715565,0.43741858240461745,0.48521418674441447,0.21143504360057666,-0.04197471029080853,0.7019885359311158,0.3447728991503204,0.16457720058696612,0.20480389147325706,-0.26058371194491553,2.6611083452854123,0.17579324840657792,0.40799222047304623,0.07878228503534881,0.056206393806376695,0.41180553933814457,-0.13113389498436936,0.6577693539720059,0.1950342272305106,0.5608453384459281,0.13683380018379576,0.0333907897731864,0.14738962836498143,0.4542234937723065,-0.07978506628502187,0.06483283775676364,-0.4133117569593763,0.16349220525819577,0.14864339761634499,0.3073737704940763,-0.32912435920434435,-0.10224896273143677,-0.039431491559373484,-0.22643972848916655,-0.037235305914352416,0.288654297635742
