0.8524530507355939,0.20192567748498677,0.23900481427399087,0.03506593176039092,0.08813848220253385,0.14666089078085634,0.14656268860428856,0.10281202424490903,0.1066429022781832,0.08361568727222475,0.09503600153277317,0.11413174022428514,0.08431408618880702,0.12068841647950285,0.11380758229159164,0.09952131734797538,0.10870499464312809,0.13553191120509075,0.10556834986902251,0.06292564353669375,0.07536221180274055,0.12157847588613097,0.04271480472545805,-0.0688519161009159,0.14814426889616358,0.10425626745253257,0.09495205230656126,0.1039672665934161,0.12844195300327152,0.07956455222014935,0.0126079480363372,0.1302418852625886,0.06163222181250282,-0.03639733653532408,0.11764949831845367,0.058106234770775846,0.09334973657093353,0.05722961375213619,0.16435545183296862,0.03398020773256197,0.12377834967443647,0.06693173364915843,0.0928003065886141,0.08396962713387222,0.24772963429057143,0.13322597812403686,0.11429302763110084,-0.08207609839259541,-0.053721759974765235,0.00025884793294118604,-0.0015964696339588293,0.0180081549046599,-0.04362272851955981,-0.010065898618210263,0.11217306997612385,-0.04321643596018424,0.08470962697712921,0.19181545029896097,-0.41669898114634546
0.20192567748498677,3.33336842855415,0.279238760913798,-0.3955175283646759,0.22705513554242848,0.28251309471801866,0.3293532084417585,0.16629441654496913,0.2483348187785138,0.051737766291599915,0.2072980195403809,0.2871181312666512,0.19662810267929118,0.21755358220247364,0.3600212761448081,0.16668737425589975,0.23540470901017443,0.4424034969846121,0.2555452600989072,-0.04406047823033578,0.1761484072409106,0.40369846173782303,-0.13682202122723625,-0.11434865906526277,0.048917860434262175,-0.08427021346900623,0.29500595534029417,0.2876530247301969,0.6569793169433362,-0.024903450469699346,0.1762774988576645,0.17586582253100677,0.26048855854231695,0.18661419905544605,0.15991064389804827,0.22790406394063775,0.42078598301672715,0.011777134525268807,-0.10497534239307225,-0.03975059902920674,0.05744602542720608,0.11990570020567293,0.15128389669039005,-0.06762252213685463,-0.13817474335918112,0.2791648702852795,0.20309103297753842,-0.21710701359068188,0.02352405964786071,-0.06427283249318104,0.17413771085877294,0.2390431131850561,-0.25886874062258564,-0.13691065509320674,-0.6080779898493586,-0.10264659823916454,-0.2388174533270252,0.45426421248830107,0.38226214380136686
0.23900481427399087,0.279238760913798,1.610121848509091,0.3173587597435259,-0.12938711333431022,0.3560870590542695,0.28769974413055915,0.2709891335841755,0.29110911149071106,0.4567452813232105,0.23006969554065773,0.30350530551167815,0.21081552406435128,0.28349967446351715,0.3082576138645948,0.15951916808889396,0.30585951673873235,0.24361159749571354,0.15200956099488652,0.25965407269976826,0.18113050660834093,0.40290022553289434,0.2690892683473567,0.2340880769796245,0.5258382356620583,0.29298081180273283,0.20680149545163934,0.23616746945584915,0.6762521299446972,-0.20449634562081365,0.024246351666829074,0.18170170116757983,-0.0008959437308515793,0.6088976834231831,0.33312473928226616,0.5358809782792674,0.25918099038442655,0.14647794603784425,0.49109803410896363,-0.09468106402525482,0.643483496060697,0.20263003799528437,0.15789381292048438,0.28346553346728565,0.46925607639733613,0.41571067373745446,0.08048072117342739,-0.25060069195365614,-0.22026890720705034,0.11069919863623977,-0.09706467068076048,0.23703059674649826,-0.16156158219649083,-0.13143802541561173,0.14653848777696318,-0.0280534962022078,-0.1343102700011443,-0.5851869490944002,0.4276870525793803
0.03506593176039092,-0.3955175283646759,0.3173587597435259,2.5487544889605522,0.27357348769595835,0.2816792522816193,0.255333284173222,0.3705237585151594,-0.00779852583610646,0.2889311844127876,0.24686191699873827,0.3220697277612656,0.22350226275920032,0.27860798585043123,0.23171267173190616,0.37624014093231756,0.2459313979764208,0.2623427526151974,0.2545542539123139,0.31113926870333486,0.27398510031862705,0.25012858480560113,0.33985071199609895,0.3203398912264241,0.4374812548141948,0.37335581168524207,0.17983144143169363,0.10777548884250555,0.15248644104070963,0.43382930232069694,0.20141218390323676,0.3725135382406425,0.2654408873215997,0.5158727848070902,-0.09385938230807658,0.31399126554600665,0.46108897362024837,0.18831719613730777,0.44693576162265275,0.03427348931420649,0.30926421713033536,0.27887811186688327,0.2595867225370241,0.4734196491784229,0.3332215806977505,0.3778441534333202,0.3788033313307782,-0.09194127006831279,-0.11571970847223403,0.2994369999796992,-0.11851649677890583,0.36414293927887825,-0.19478168866701903,-0.30496517321204125,0.11025714651625088,-0.09108579260940483,0.12044413185083265,-0.03886884825737027,-0.22506547144083167
0.08813848220253385,0.22705513554242848,-0.12938711333431022,0.27357348769595835,0.7836704925151518,0.32140601789000917,0.32998375299042204,0.34778706793311104,0.16682109256155547,0.15398660925009003,0.2066712823543197,0.23476587619212416,0.18590449369609793,0.2574254041744204,0.21202822257534706,0.3243662751152139,0.17904562730430162,0.2157437026423407,0.38621559609191125,0.19640837042251647,0.11079792787181954,0.2616347553284297,0.15012469444860618,0.19238306723921478,0.13850217316390037,0.2809425351379264,0.1545514571099601,0.037410750242303996,0.12040250699266153,0.2608163984841667,0.256695787152394,0.28177616625660296,0.17526004203652593,0.25587902959233005,0.10551443671705131,0.16774326253760385,0.2579993839425736,0.12390894584428114,0.3155608099638367,0.14637254421295207,0.08371552880821356,0.22395219623324183,0.21914829558188245,0.23594188577844105,0.07202463206948177,0.16546073192821248,0.2492941771561942,-0.008637122510231413,0.2241425613129008,0.0476562247560763,0.011301595810269295,-0.21195458214436408,0.22421438653632964,-0.07018727590243098,-0.14902035510568357,-0.11903624728284531,-0.007844912895783228,0.2260463067547014,-0.03946775796102953
0.14666089078085634,0.28251309471801866,0.3560870590542695,0.2816792522816193,0.32140601789000917,0.6888276606621341,0.24290392696270588,0.3592400709155338,0.1955288925219372,0.19148866595246142,0.24983233538867428,0.30488587550134877,0.20830714114771803,0.32359830423028435,0.27511284532671926,0.30562163190477853,0.2900317022751078,0.2860802637728889,0.41488225415894714,0.2674985586126591,0.1394791071921747,0.38538094202986395,0.13527273326075476,0.18607112594300268,0.29375085269308915,0.44992611183806225,0.2140389833665014,0.24272266779716953,0.37977576228145393,0.1314969497931522,0.23905378076674033,0.33305758977908323,0.03472574663815931,0.4332843405066402,0.29636359619652225,0.12229597216813778,0.36130573756586626,0.15400874441123877,0.45016382699651647,0.07261451268597752,0.2646628495109626,0.2415819233947376,0.31586816057455747,0.28447477483303624,0.3565011896158218,0.20247916223298618,0.2492496654608268,-0.0955847639914765,0.40725763629691597,0.05288220849742101,-0.1981565386913849,0.1166184441820988,-0.24847289505675385,-0.010252556958481113,-0.0679394254050802,-0.07386003781602576,0.02512766795657176,0.20240034710061688,-0.16569653737801596
0.14656268860428856,0.3293532084417585,0.28769974413055915,0.255333284173222,0.32998375299042204,0.24290392696270588,0.8267931975457115,0.27707553575510696,0.2820204161607852,0.16074624248963307,0.2806461262340594,0.340146741756,0.19164206144112098,0.24611026534834418,0.22375794516599498,0.3127997671555532,0.2818936327001847,0.2686962658217067,0.24448207167965708,0.18463519392884192,0.17054883960667924,0.33003062220065604,0.22237604683615045,0.19601649408209532,0.3027317200337487,0.24969242786239854,0.23781607306248112,0.11756230952245407,0.30310531447903455,0.28242877662380245,0.2208525949576035,0.28572900299149684,0.20151507481000325,0.41700289236829113,0.19633093086684839,0.3591966435137897,0.31064942567070497,0.1205579502623849,0.26436916263192306,0.043896815955540916,0.2229193791419455,0.25448771830630684,0.22729409479237883,0.20996220093777918,0.18827966066040464,0.3040871740344976,0.2644305790981387,-0.10896782343477056,0.07954620702499124,-0.006450583300619602,-0.04335032014372876,0.04522618688274968,0.09719896461979009,-0.16886004124204695,-0.08149216093343412,-0.010159377267710882,-0.004370202347879158,0.17885456135936217,-0.21217487545957966
0.10281202424490903,0.16629441654496913,0.2709891335841755,0.3705237585151594,0.34778706793311104,0.3592400709155338,0.27707553575510696,0.7678741159498278,0.16332176163372733,0.2592524804177573,0.2642606020681556,0.20506404261266478,0.1978050075553302,0.3278809660221621,0.23068196712139624,0.290090928829235,0.24691924162505588,0.3233756744691349,0.31184765901312306,0.3133250781906104,0.22465295233840793,0.34112318930981445,0.20290762757870648,0.2065242010300644,0.2651648617451511,0.48048882601287457,0.2219295383301195,0.09363975146087763,0.21366633992652753,0.3130376700818515,0.25336648388299055,0.32099733685630755,0.0648257606202494,0.4655144013123825,0.2115085226844893,0.21904896319611172,0.3851987945097496,0.1734722693546551,0.4950378448642523,0.09720470648571103,0.3362548865056854,0.25870085449881736,0.3240560877949171,0.23395039575904142,0.46111558146141174,0.2486288301541936,0.34917698813497494,-0.08406157108896797,0.2203234446902244,0.11748686894767271,-0.06558275678034109,0.04160406012094,-0.020187944129329054,-0.13569995168031215,-0.07215056425777545,-0.095400282903329,0.053258773110167405,0.1932628941941621,-0.17159277596884948
0.1066429022781832,0.2483348187785138,0.29110911149071106,-0.00779852583610646,0.16682109256155547,0.1955288925219372,0.2820204161607852,0.16332176163372733,0.7882236893130701,0.08392896524929003,0.19184835944036646,0.16749179938257405,0.1383679244712361,0.2507178585008393,0.14480423582292784,0.17969727688391068,0.17334260410047833,0.18941154915648153,0.12616842524574118,0.14007827578780252,0.16673568456321228,0.24316290128027906,0.14970379017339158,0.16042019531071341,0.21178653795167415,0.1401779494527351,0.15358445582525415,0.1131547677790605,0.2736311696004908,0.21244433381303182,0.16385695393708932,0.17929828917907564,0.11327401660582832,0.32547509008712133,0.1975674040189861,0.21677106943317076,0.21367751733287166,0.08680886954772778,0.15107320540904828,0.029571497332301355,0.1862277275306229,0.1558964223858243,0.18200733364484076,0.1586715411877893,0.26383355141003445,0.2000058338344236,0.21125480788041426,-0.1123756682658898,-0.1079110277334132,-0.11893752600280873,-0.02601439078525811,-0.019914847512143827,0.10803720051497868,-0.03855334716442652,0.06536055733625414,0.05442266390092389,0.042580615169103025,-0.05204468450449273,-0.14131990662001662
0.08361568727222475,0.051737766291599915,0.4567452813232105,0.2889311844127876,0.15398660925009003,0.19148866595246142,0.16074624248963307,0.2592524804177573,0.08392896524929003,0.7955820453053495,0.13014723891176758,0.21356078776872314,0.18069612483300954,0.22591975706883008,0.21942367402851792,0.17343086864419457,0.19444777779766653,0.24387671762198795,0.1479855792665136,0.2667871931752907,0.1848885633973587,0.2736684435293436,0.18806058496748115,0.2208427297134256,0.2694499131617043,0.1301708207679968,0.19655511366366332,0.13513572587332232,0.3120853936043993,0.24095168354849503,0.1550723760297442,0.22806682145129073,0.07153386533150219,0.39205954498871565,0.1991820334516223,0.3862321193274071,0.29717724436259724,0.15485813257907277,0.3773316113793551,0.0858386481123642,0.416349235241404,0.17597989283836335,0.11862605401726636,0.2110984486019505,0.3907937318924265,0.25404992888718786,0.2899515895463745,-0.1308058051960968,-0.15321531882523579,0.04035480789870333,0.0016029194719191042,-0.03665822209557642,0.04943953825322461,-0.020647263322666337,0.24048951898400156,-0.024296191434970246,0.1341548051850209,-0.5400708691999657,0.14863211539718219
0.09503600153277317,0.2072980195403809,0.23006969554065773,0.24686191699873827,0.2066712823543197,0.24983233538867428,0.2806461262340594,0.2642606020681556,0.19184835944036646,0.13014723891176758,0.5329934888089445,0.29886327483066777,0.21846170805374826,0.19699977618485007,0.23876210292280597,0.2717145686858955,0.24757705792856416,0.20750374817609643,0.18106172498787743,0.22430182229850795,0.11824959828418115,0.2711792981689263,0.17011619787098928,0.17966335857117666,0.21052750315962046,0.31022659928540663,0.23857590201129325,0.10489586020245827,0.21736864921207139,0.1415846525575141,0.19755429307559974,0.23741732779451907,0.07729046972758337,0.30695767010750336,0.22537962913251283,0.23431399780358766,0.21302177202513015,0.12412824631495613,0.323062215078668,0.09954641151933954,0.22783785015879998,0.21033031447517864,0.2339239046903783,0.15048622498939399,0.23747800175904704,0.1926361396613001,0.19531641020460014,-0.06178728558184965,0.1663035938382832,0.0005365464872430174,-0.06538569249107036,-0.001751961045645588,0.07293660472354416,-0.04445647477828372,-0.12261653143403911,-0.02071953849306474,-0.05466651239215993,0.2686916346020724,-0.2168159266397025
0.11413174022428514,0.2871181312666512,0.30350530551167815,0.3220697277612656,0.23476587619212416,0.30488587550134877,0.340146741756,0.20506404261266478,0.16749179938257405,0.21356078776872314,0.29886327483066777,0.5281181138884464,0.19011672256877488,0.264323311700855,0.2778712500433078,0.28382720752554763,0.272674119999984,0.18799834646353686,0.22643856695282996,0.22806407595132722,0.1351375548705454,0.2724451969341864,0.1748017691956491,0.16901838701341207,0.32842064113566094,0.30447038605984283,0.2621512569482464,0.1056644687931124,0.32274676425093035,0.1837959899073199,0.1365305853125942,0.2818460779288258,0.063111363477049,0.3759933071887272,0.2097214873963502,0.32904857488725076,0.23678430792378372,0.13286251960732207,0.3028537851750874,0.06771343155032543,0.2833996970038872,0.22078488238964217,0.2039512120220607,0.11808034696645506,0.28929103488471947,0.21930375065199834,0.20626093551979288,-0.08362600306248064,0.1297610597621362,-0.11055531236847603,-0.08027375942624705,0.08659040410637636,0.02001941204750022,-0.04436081791679996,-0.11081745322229387,-0.024946621660114788,-0.06059088623416133,0.18005344570506837,-0.1682247354132839
0.08431408618880702,0.19662810267929118,0.21081552406435128,0.22350226275920032,0.18590449369609793,0.20830714114771803,0.19164206144112098,0.1978050075553302,0.1383679244712361,0.18069612483300954,0.21846170805374826,0.19011672256877488,0.43861344206131087,0.1807321099751253,0.08810197982507231,0.23709854239407202,0.16943700210967427,0.1776727798281029,0.14631905927639952,0.15185647490899387,0.1361611456339872,0.28199849006809896,0.1452718061492047,0.11417596458172048,0.17717181331433157,0.22377531943411028,0.2035097973298382,0.1035040218360134,0.2446838218073215,0.10056919466719857,0.1064980453760248,0.24026382682365696,0.039968398389749665,0.2727661175014633,0.20146446925860384,0.17951062519374394,0.13672281331619798,0.07946356413449034,0.3324347578383252,0.09550015861526315,0.2790573763470888,0.1554394489513831,0.19880379983588647,0.2003275491989999,0.18158148302957963,0.17212578978888932,0.16424569366657962,-0.08768877702099075,0.2102543935856672,0.09566833454348588,-0.015548971723069032,-0.09727494877112779,0.01242278415795508,-0.031443754284540354,-0.09568941223505749,-0.0527907142918947,-0.009225654655720516,0.16714580483100225,-0.08784958580389968
0.12068841647950285,0.21755358220247364,0.28349967446351715,0.27860798585043123,0.2574254041744204,0.32359830423028435,0.24611026534834418,0.3278809660221621,0.2507178585008393,0.22591975706883008,0.19699977618485007,0.264323311700855,0.1807321099751253,0.6927685751499454,0.317466280483962,0.39319465349175436,0.29504273362207784,0.2729683701191952,0.29736872695900807,0.21952741283045196,0.09398110478876442,0.32505859590491665,0.19242792600130834,0.2184631271602013,0.3594708133898763,0.31506225653282377,0.11674893061284544,0.2883645729449165,0.35951804172181245,0.25715047538311514,0.25054681433150794,0.22417363775594445,0.1843386681566141,0.3436626693658667,0.2705928115558652,0.1927307462301079,0.32632563276747684,0.11506688338125977,0.3341860001274393,0.07750112916118533,0.39075380535158366,0.24382207831157662,0.33263528994649527,0.36836420406062476,0.23196888367498,0.25137862946074097,0.30278751501594686,-0.10664317948556869,0.13187366212832688,0.06345693033153857,-0.013194127202864942,0.15774232384163298,-0.1814743087266517,-0.016024661112734335,0.006586654691942966,-0.0324636019152803,-0.0901050844568959,0.1652952314295137,-0.0829834108369764
0.11380758229159164,0.3600212761448081,0.3082576138645948,0.23171267173190616,0.21202822257534706,0.27511284532671926,0.22375794516599498,0.23068196712139624,0.14480423582292784,0.21942367402851792,0.23876210292280597,0.2778712500433078,0.08810197982507231,0.317466280483962,0.7246198290269839,0.2202487484705792,0.2977184171003156,0.2934718345172801,0.28406572017097326,0.1924523736231998,0.08107302154676051,0.2821441734329498,0.1883330669150585,0.23552743654283986,0.34954092326784664,0.2549709561070401,0.16557526351667765,0.3070379261647329,0.33791549917213975,0.24823441589272585,0.241751247370758,0.17016088811422114,0.21249582124133995,0.33960494912333994,0.22003033615975123,0.2684299194227898,0.31496928504694505,0.0968295530130524,0.3144892670242817,0.03257329455082236,0.33416626783354497,0.2175180455063354,0.23365368205148337,0.26987707007530165,0.15023311777741288,0.26574680057052125,0.2837576135925052,-0.09440066291237596,0.12725430733341817,0.07217245886756017,-0.06013506476754335,0.3428631390194677,-0.2571139433294986,-0.07632874408861796,0.021220709538393872,0.03658275252741016,-0.0619620818303504,0.059632465446586964,-0.06908244191055384
0.09952131734797538,0.16668737425589975,0.15951916808889396,0.37624014093231756,0.3243662751152139,0.30562163190477853,0.3127997671555532,0.290090928829235,0.17969727688391068,0.17343086864419457,0.2717145686858955,0.28382720752554763,0.23709854239407202,0.39319465349175436,0.2202487484705792,0.8562268924954219,0.237768258433561,0.2775801598178768,0.34631143234228895,0.1741976842423789,0.055876124457051105,0.3780506525867852,0.14190895819851018,0.20375916212526535,0.2560165226510376,0.3462375627564876,0.24032846151711984,0.2376405018550178,0.23158489348379738,0.17662884843862314,0.22770988874387052,0.32071336603347256,0.11246211714416972,0.3688032806102848,0.4546183537485216,0.10302853124877832,0.19915081635400936,0.07718985155857247,0.4367687695419409,0.131945352682246,0.36055218759200913,0.3048513588615249,0.3881370991316364,0.4166831489569094,0.08467172638999547,0.22620718318855082,0.25213811929690255,-0.07419180175927341,0.447476432165562,-0.055871048425239614,-0.05180195635148128,0.23914666622100342,0.005210773117935238,-0.09283754231027785,-0.020691858800188798,0.025875037086040623,-0.05059820450464326,0.2630709143605388,-0.17715558773140452
0.10870499464312809,0.23540470901017443,0.30585951673873235,0.2459313979764208,0.17904562730430162,0.2900317022751078,0.2818936327001847,0.24691924162505588,0.17334260410047833,0.19444777779766653,0.24757705792856416,0.272674119999984,0.16943700210967427,0.29504273362207784,0.2977184171003156,0.237768258433561,0.6430531701446679,0.21749794764427835,0.2740838001733701,0.27621671444656504,0.14077073811062504,0.3017066262700305,0.1385179808586908,0.18918764429317494,0.3155727648472901,0.26406185389858544,0.21148137148623816,0.4135886666205228,0.2798714646731453,0.2586942510310313,0.22956610828219887,0.23592104237833086,0.2708863338493483,0.3173117998365387,0.29840263356664914,0.3354800179073822,0.4376493444202728,0.16304783763001301,0.26265354496830384,0.0852506506823747,0.3169825266920241,0.31124828700373386,0.25958752733562945,0.24199087580731626,0.39894827347128975,0.2823903548916326,0.2852579243646423,-0.0917178362634003,0.01430203350426085,0.11484662222766572,-0.0015018227502722828,0.18817433788140905,-0.3227744156862221,-0.07592250124427684,-0.13383915029717544,-0.01879933139421428,-0.03588793445575917,0.18503737043567522,-0.30255580744606597
0.13553191120509075,0.4424034969846121,0.24361159749571354,0.2623427526151974,0.2157437026423407,0.2860802637728889,0.2686962658217067,0.3233756744691349,0.18941154915648153,0.24387671762198795,0.20750374817609643,0.18799834646353686,0.1776727798281029,0.2729683701191952,0.2934718345172801,0.2775801598178768,0.21749794764427835,0.6758638260191613,0.24481962885429587,0.07767787169456804,0.1299193229480648,0.3870216910599841,0.3202935582059948,0.21228601760081214,0.198325185772639,0.3336915980174586,0.13485990957094166,0.2756962183848398,0.27859696538665574,0.12209416133124995,0.33211323010320065,0.23857878579383338,0.2636103785413733,0.33221130716021446,0.18045924929507914,0.18913305389657353,0.40007854376629975,0.04841175398430889,0.33870096990996756,0.09027770335955172,0.3366152724203198,0.20025281449123908,0.3107796984700118,0.401373023782308,0.21453105429445418,0.27821021233370946,0.40174058718974903,-0.12137462184620146,0.3159748625110903,0.12666227913121222,0.055509348569872725,0.04735371175574639,-0.25501307963507386,-0.11729596642056181,0.03617304718318296,0.0714417499319377,0.14395285455860238,0.08236665626203604,-0.2661454317513372
0.10556834986902251,0.2555452600989072,0.15200956099488652,0.2545542539123139,0.38621559609191125,0.41488225415894714,0.24448207167965708,0.31184765901312306,0.12616842524574118,0.1479855792665136,0.18106172498787743,0.22643856695282996,0.14631905927639952,0.29736872695900807,0.28406572017097326,0.34631143234228895,0.2740838001733701,0.24481962885429587,0.7328199344996117,0.15579641840182498,0.14579092639141572,0.30518169263357664,0.04577250790146553,0.18111335574514825,0.1665807393161365,0.3058108250572918,0.15372756338363816,0.31336216220859053,0.12126445014116452,0.28571847442206805,0.3009528196677169,0.29907423352140416,0.21764826235257884,0.26867912167065566,0.17629124653745998,0.08460318344990593,0.37848639550610397,0.11161277713714468,0.35198594927974813,0.04837042930026411,0.18679272745059491,0.23794652369876723,0.2293328346148781,0.27096964229682996,0.2550712908872039,0.19872355270855274,0.26059305142345923,-0.02521368743249442,0.268375467958779,0.09068518575661572,0.08657698378386226,0.44877783143583516,-0.43336738788513773,-0.10300325830300948,-0.02595350509782666,-0.052234676159697964,0.0811499513997712,0.1312850285566241,-0.14086140576835784
0.06292564353669375,-0.04406047823033578,0.25965407269976826,0.31113926870333486,0.19640837042251647,0.2674985586126591,0.18463519392884192,0.3133250781906104,0.14007827578780252,0.2667871931752907,0.22430182229850795,0.22806407595132722,0.15185647490899387,0.21952741283045196,0.1924523736231998,0.1741976842423789,0.27621671444656504,0.07767787169456804,0.15579641840182498,1.073887452819719,0.14497016269469412,0.10034210725081286,0.07200922431602697,0.28656613947908854,0.29155570675620124,0.41076750000988665,0.2859711917480667,0.09588389627345184,0.2429563848011404,0.37830057845889065,0.18121270477725282,0.31757494233320843,-0.03452825179098749,0.37907003860814403,0.12513831899579309,0.4050289294889299,0.702442614502774,0.5357557213054319,0.7153334749177022,0.28329821184756115,0.18300232660145901,0.3447532562201221,0.23863825045101042,-0.15848207956174132,1.0234306835381286,0.20371835541711852,0.2281341593816077,0.03623052238490044,0.15416545040842683,0.08334955254685622,-0.14869058656360956,0.08327324538683263,0.03236683841740334,-0.10253086096822721,0.07511538300873387,-0.1378014884819239,0.21832107994141486,-0.1759735956552798,-0.10225766281854046
0.07536221180274055,0.1761484072409106,0.18113050660834093,0.27398510031862705,0.11079792787181954,0.1394791071921747,0.17054883960667924,0.22465295233840793,0.16673568456321228,0.1848885633973587,0.11824959828418115,0.1351375548705454,0.1361611456339872,0.09398110478876442,0.08107302154676051,0.055876124457051105,0.14077073811062504,0.1299193229480648,0.14579092639141572,0.14497016269469412,1.3760509624902348,0.09348815784512585,0.08048936835157292,0.12495690183423638,0.0402625254143899,-0.34525389521880107,0.04823160184596037,0.13053099746459226,0.16050630034591212,0.5419682484046829,0.25906218370221185,0.23792052458940174,0.2196147780226939,0.09149454224948761,0.04432768272427398,0.25619018044076086,0.3289809918100483,0.13343987038664498,-0.1721429880653144,0.2060323931583002,0.03691537747681401,0.1531458175383449,0.11684633729154446,0.21796453850149855,0.8389313285749157,0.1445042411163545,0.3857774523199229,-0.08957930522987106,-0.9707308073406344,-0.07958150908645184,0.05482742565311702,0.001059915491968451,0.09825765733257631,-0.004380751261949722,0.04120666996352037,-0.01289889223692602,0.07195996695498198,-0.05813760129791457,-0.08224678175620094
0.12157847588613097,0.40369846173782303,0.40290022553289434,0.25012858480560113,0.2616347553284297,0.38538094202986395,0.33003062220065604,0.34112318930981445,0.24316290128027906,0.2736684435293436,0.2711792981689263,0.2724451969341864,0.28199849006809896,0.32505859590491665,0.2821441734329498,0.3780506525867852,0.3017066262700305,0.3870216910599841,0.30518169263357664,0.10034210725081286,0.09348815784512585,2.2244143187119203,0.2696395447511059,0.33090353971565706,-0.07178656804874,0.23473275730610582,0.3191853867066846,0.27998295301032977,1.0473510993181319,0.10625131872095857,0.5697945156584687,0.6018081115394172,0.38539209139051406,0.5830289697406199,0.27063311835470594,0.490156093413769,0.09469588273643585,0.09235457812253507,0.6947927743919652,0.0923909617472579,0.6159181148929949,0.30492295783478607,0.6211459725786374,0.6410909037901873,-0.30102530087018897,0.7379345568611398,0.3347721733115944,-0.8385603480555112,0.9397544711487394,0.15623566584782198,-0.12079518325334984,-0.12555241259170632,0.008791934775322013,-0.07992356993124052,-0.0025386113981027284,0.0652430022352966,0.13013201314386272,0.02676885396200114,-0.16138186650614356
0.04271480472545805,-0.13682202122723625,0.2690892683473567,0.33985071199609895,0.15012469444860618,0.13527273326075476,0.22237604683615045,0.20290762757870648,0.14970379017339158,0.18806058496748115,0.17011619787098928,0.1748017691956491,0.1452718061492047,0.19242792600130834,0.1883330669150585,0.14190895819851018,0.1385179808586908,0.3202935582059948,0.04577250790146553,0.07200922431602697,0.08048936835157292,0.2696395447511059,1.2533993542711894,0.3045870916809764,0.8567630606697338,0.016958599942579696,0.1102282774815179,-0.05369131829707292,0.6787451165217115,0.1714489444199949,-0.17590452150056152,-0.019414625140538176,0.10985568421190611,0.4904750325339593,-0.12058725465357602,0.6915588892843789,0.023051677779769176,0.018638826332765302,0.7596562374682675,0.18758532057814897,0.6923989838079025,0.09553033105688533,0.0794536541146083,0.674247343628352,-0.08527926109608698,0.33836811837829667,0.2772041587985254,-0.09205505415227669,0.04705085373544921,-0.020683433598958308,-0.05969195494286529,-0.01532778049560395,0.12557918377258423,-0.06567005869452755,-0.10310152342199408,0.07523820211918773,-0.17438126044376312,-0.036777096838371125,0.12350802816737727
-0.0688519161009159,-0.11434865906526277,0.2340880769796245,0.3203398912264241,0.19238306723921478,0.18607112594300268,0.19601649408209532,0.2065242010300644,0.16042019531071341,0.2208427297134256,0.17966335857117666,0.16901838701341207,0.11417596458172048,0.2184631271602013,0.23552743654283986,0.20375916212526535,0.18918764429317494,0.21228601760081214,0.18111335574514825,0.28656613947908854,0.12495690183423638,0.33090353971565706,0.3045870916809764,0.9600092916318309,0.1603538611174627,0.06754824402939756,0.1497857493334985,0.16830665714040816,0.16079719667500508,0.4018994934396124,0.4609675518608693,0.23687437771185582,0.3215397284335923,0.19632101094800017,0.0692529584040765,0.4012559791027174,0.5141662459302379,0.1735573284196264,0.26864949786410813,0.09922097803952391,0.21744106253163686,0.24616835075087312,0.1480719467423871,0.3237640528183831,0.038092533902330555,0.26520229807209805,0.3207794282401177,-0.06984509860586191,0.3802837980093161,0.010719425199702407,-0.08789800941175181,0.0815148602363788,0.05726110341439624,-0.07775097318039972,0.25693518622218076,0.058910212119307,0.2866417774236535,-0.7624646731229252,0.2942586595952872
0.14814426889616358,0.048917860434262175,0.5258382356620583,0.4374812548141948,0.13850217316390037,0.29375085269308915,0.3027317200337487,0.2651648617451511,0.21178653795167415,0.2694499131617043,0.21052750315962046,0.32842064113566094,0.17717181331433157,0.3594708133898763,0.34954092326784664,0.2560165226510376,0.3155727648472901,0.198325185772639,0.1665807393161365,0.29155570675620124,0.0402625254143899,-0.07178656804874,0.8567630606697338,0.1603538611174627,3.265544983903637,0.3796470994682191,0.16597421862815406,0.10896767088426482,1.5297500564103859,0.7366071113583544,-1.0037832109797504,-0.07677953167663225,-0.27305167829233234,1.1510240571010244,0.5150772156697884,0.47691598153653125,0.17757069649676702,0.20324218744063277,1.3075442134251634,-0.03814931016553244,1.4283761227579945,0.16951886718860462,0.1890957560444493,0.7123435239115957,0.6698225552988399,0.6346421166820357,0.47952567723594863,-0.40406984347492103,-1.138478385709978,-0.07343981285829952,-0.25068366445766876,0.18683776972845334,0.11878616593939205,-0.07644645900100645,-0.25098665331803743,-0.04623631653383963,-0.8359012051489991,0.703352133953709,0.09523825416545377
0.10425626745253257,-0.08427021346900623,0.29298081180273283,0.37335581168524207,0.2809425351379264,0.44992611183806225,0.24969242786239854,0.48048882601287457,0.1401779494527351,0.1301708207679968,0.31022659928540663,0.30447038605984283,0.22377531943411028,0.31506225653282377,0.2549709561070401,0.3462375627564876,0.26406185389858544,0.3336915980174586,0.3058108250572918,0.41076750000988665,-0.34525389521880107,0.23473275730610582,0.016958599942579696,0.06754824402939756,0.3796470994682191,2.663435908519342,0.3155498786846335,0.36055105498502266,-0.5236788103953531,-0.18317073259130565,0.18778648626002178,0.6020615655999385,-0.11835181799245244,0.6959821693838152,0.6228862164056251,-0.0518149974345812,0.1107521472329515,0.1841124166907396,0.7201566701674488,0.10998789360959994,0.7075611371579746,0.3990771880046187,0.4575283168481253,2.3272639060928277e-5,0.692358243809269,0.02166554811863329,0.03079573547856809,0.08842233481153555,1.1363992524151005,0.38580350127134805,-0.2280307513551351,0.04561145946070639,-0.5355570650550568,-0.1532173538407475,-0.04700321195962968,-0.20668162370326137,-0.13315459515376885,0.4889721444935798,-0.1531905332537456
0.09495205230656126,0.29500595534029417,0.20680149545163934,0.17983144143169363,0.1545514571099601,0.2140389833665014,0.23781607306248112,0.2219295383301195,0.15358445582525415,0.19655511366366332,0.23857590201129325,0.2621512569482464,0.2035097973298382,0.11674893061284544,0.16557526351667765,0.24032846151711984,0.21148137148623816,0.13485990957094166,0.15372756338363816,0.2859711917480667,0.04823160184596037,0.3191853867066846,0.1102282774815179,0.1497857493334985,0.16597421862815406,0.3155498786846335,0.6493407503084193,0.1414420071678036,0.21452468884316692,0.10371556028334217,0.10031852109461219,0.32107308569991494,0.02421194883264615,0.3341425288874952,0.2725767444714723,0.37188405044993533,0.25425273544639876,0.1650493278486822,0.3838808497019388,0.130833593940103,0.37094337727975185,0.2243203575530005,0.2926091055333954,-0.05306738778447202,0.44319769822850513,0.19238950523086312,0.13007221278755443,-0.04416915863286097,0.5945595637133649,0.009895232482080426,-0.09737556743984688,0.0932851656806824,0.00948198266988073,-0.0696559094190315,-0.002863880268328659,-0.007132852795962779,0.18008122244627114,0.06068702252661665,-0.2571221375943405
0.1039672665934161,0.2876530247301969,0.23616746945584915,0.10777548884250555,0.037410750242303996,0.24272266779716953,0.11756230952245407,0.09363975146087763,0.1131547677790605,0.13513572587332232,0.10489586020245827,0.1056644687931124,0.1035040218360134,0.2883645729449165,0.3070379261647329,0.2376405018550178,0.4135886666205228,0.2756962183848398,0.31336216220859053,0.09588389627345184,0.13053099746459226,0.27998295301032977,-0.05369131829707292,0.16830665714040816,0.10896767088426482,0.36055105498502266,0.1414420071678036,1.1341063225628574,0.015630324154387677,0.10311244547065022,0.3915367644201265,0.20039332015335992,0.6117059291953634,0.0966012954976267,0.7036904268502344,0.057830057467172485,0.3266702772373329,0.07704840947483517,0.11635619115181774,0.15394870216970355,0.325417738767124,0.2289901816474884,0.3476871222990255,0.6091736900955355,0.10226835884950868,0.1995956325363053,0.20509515171653647,-0.021756123655866,0.3128003363654953,0.24898388639348604,0.026221154351543166,0.7124777956058773,-0.9616039398815522,-0.041101931186853076,0.23158303930064406,0.04742358072524097,0.11427257432889044,-0.1204250386685284,0.013939705447934454
0.12844195300327152,0.6569793169433362,0.6762521299446972,0.15248644104070963,0.12040250699266153,0.37977576228145393,0.30310531447903455,0.21366633992652753,0.2736311696004908,0.3120853936043993,0.21736864921207139,0.32274676425093035,0.2446838218073215,0.35951804172181245,0.33791549917213975,0.23158489348379738,0.2798714646731453,0.27859696538665574,0.12126445014116452,0.2429563848011404,0.16050630034591212,1.0473510993181319,0.6787451165217115,0.16079719667500508,1.5297500564103859,-0.5236788103953531,0.21452468884316692,0.015630324154387677,4.159353926923039,-0.26378199435485955,-0.6893105331276826,-0.09597065922725391,-0.17880460322916233,0.9561304149634642,0.09486375960103904,1.2763247330506975,-0.7848048867570508,0.0002685207162361881,0.985280683062832,0.09218497611600251,1.5340010987923667,0.03386130559064687,-0.026572516509386176,0.0715217108014687,-0.08064582261921986,0.7306239866644356,0.15626667330072386,-0.6733987091544985,0.9093630587025852,0.15320016553042093,-0.34149300145486905,-0.023508615885417344,0.07431347450475546,0.0506120424463544,-0.4144751665685199,0.12971751991511019,-0.661407855996059,0.5228859783476633,0.1335838895718085
0.07956455222014935,-0.024903450469699346,-0.20449634562081365,0.43382930232069694,0.2608163984841667,0.1314969497931522,0.28242877662380245,0.3130376700818515,0.21244433381303182,0.24095168354849503,0.1415846525575141,0.1837959899073199,0.10056919466719857,0.25715047538311514,0.24823441589272585,0.17662884843862314,0.2586942510310313,0.12209416133124995,0.28571847442206805,0.37830057845889065,0.5419682484046829,0.10625131872095857,0.1714489444199949,0.4018994934396124,0.7366071113583544,-0.18317073259130565,0.10371556028334217,0.10311244547065022,-0.26378199435485955,3.984461014730004,0.6626624667734431,0.6859633441382472,0.4975777493073294,0.38832881531118163,-0.11381917299282675,0.3019688007122858,1.579557238797995,0.34009116883994694,-0.18845303589692522,-0.4623531763622524,0.2866187883211001,0.40973918427573397,0.34747005781437257,0.27784885846249296,1.0555428512710923,0.6407063290540167,1.8346382912676822,-0.4194315975792699,-2.137951808503764,-0.043876926775068756,-0.17401137642689854,0.2365369329789938,0.08446341758904799,-0.13103286710381895,0.21403138382428777,-0.28283925549838074,0.659792468904177,-0.027785193559412693,-0.5796229533449141
0.0126079480363372,0.1762774988576645,0.024246351666829074,0.20141218390323676,0.256695787152394,0.23905378076674033,0.2208525949576035,0.25336648388299055,0.16385695393708932,0.1550723760297442,0.19755429307559974,0.1365305853125942,0.1064980453760248,0.25054681433150794,0.241751247370758,0.22770988874387052,0.22956610828219887,0.33211323010320065,0.3009528196677169,0.18121270477725282,0.25906218370221185,0.5697945156584687,-0.17590452150056152,0.4609675518608693,-1.0037832109797504,0.18778648626002178,0.10031852109461219,0.3915367644201265,-0.6893105331276826,0.6626624667734431,2.0605849834813017,0.3596390846810583,0.7588183518906233,-0.05445823836095685,0.051912863074261614,0.09015379385305623,1.126181632061322,0.15130790382728795,-0.4082389456452997,-0.009471614372602277,-0.564335298591775,0.3552256670154851,0.48584426453133583,0.3987642906459275,0.0020317368788721315,0.25887639485176667,0.5182651756974117,-0.07544427547925202,-0.1313299041406929,0.20797674292498297,-0.009867874483453658,0.10533309659965406,-0.2185778641164075,-0.12797512271573566,0.3620783569274014,0.07409824218473753,0.25177246684928783,-0.23736959219691178,-0.14422074309678626
0.1302418852625886,0.17586582253100677,0.18170170116757983,0.3725135382406425,0.28177616625660296,0.33305758977908323,0.28572900299149684,0.32099733685630755,0.17929828917907564,0.22806682145129073,0.23741732779451907,0.2818460779288258,0.24026382682365696,0.22417363775594445,0.17016088811422114,0.32071336603347256,0.23592104237833086,0.23857878579383338,0.29907423352140416,0.31757494233320843,0.23792052458940174,0.6018081115394172,-0.019414625140538176,0.23687437771185582,-0.07677953167663225,0.6020615655999385,0.32107308569991494,0.20039332015335992,-0.09597065922725391,0.6859633441382472,0.3596390846810583,1.164822385299123,0.26907299733744,0.32235090260034716,0.25254320909987105,0.18471751793409966,0.5120187985356531,0.2057405847527481,0.2106418019129902,0.020280250365157487,0.1347608432553476,0.37549067507011336,0.2639898698642687,0.09332213787054874,0.6056156507628829,0.39176145758201214,0.48215179938638575,-0.2605836372378445,0.011995650671906393,0.05399152606322008,-0.07309574665750833,0.02109893803402351,-0.06637609931596877,-0.12462385735182874,0.20142300683382017,-0.2424955750012426,0.8716830178932947,-0.47058004378054585,-0.35609493521130114
0.06163222181250282,0.26048855854231695,-0.0008959437308515793,0.2654408873215997,0.17526004203652593,0.03472574663815931,0.20151507481000325,0.0648257606202494,0.11327401660582832,0.07153386533150219,0.07729046972758337,0.063111363477049,0.039968398389749665,0.1843386681566141,0.21249582124133995,0.11246211714416972,0.2708863338493483,0.2636103785413733,0.21764826235257884,-0.03452825179098749,0.2196147780226939,0.38539209139051406,0.10985568421190611,0.3215397284335923,-0.27305167829233234,-0.11835181799245244,0.02421194883264615,0.6117059291953634,-0.17880460322916233,0.4975777493073294,0.7588183518906233,0.26907299733744,2.5087001026658675,-0.32910599294141235,-0.6161267980061932,0.09465594688778306,0.5097514735246798,0.05882382388596617,-0.6956061645986671,0.061731431941607316,-0.9418136203593026,0.34721372634543757,0.42720083899278016,0.7262549230760014,-0.5851874627322152,0.3891600273270726,0.46003292891945197,-0.013137101424212304,-0.5396432286412087,-0.02670595297336411,0.1581106255425293,-0.006055216416066455,0.028771261573703914,-0.2322377064613891,0.2680266947324804,0.005756053887386758,0.20216280950694016,-0.10121448663125635,-0.12265114196092396
-0.03639733653532408,0.18661419905544605,0.6088976834231831,0.5158727848070902,0.25587902959233005,0.4332843405066402,0.41700289236829113,0.4655144013123825,0.32547509008712133,0.39205954498871565,0.30695767010750336,0.3759933071887272,0.2727661175014633,0.3436626693658667,0.33960494912333994,0.3688032806102848,0.3173117998365387,0.33221130716021446,0.26867912167065566,0.37907003860814403,0.09149454224948761,0.5830289697406199,0.4904750325339593,0.19632101094800017,1.1510240571010244,0.6959821693838152,0.3341425288874952,0.0966012954976267,0.9561304149634642,0.38832881531118163,-0.05445823836095685,0.32235090260034716,-0.32910599294141235,2.002657550325148,0.6905731261249759,0.39256273218259624,0.17832628895114838,0.1427719883654453,0.8360233375762902,-0.125371543940168,1.142342958184677,0.287571675414851,0.5115195076460506,0.540170464157032,0.6834537989849221,0.436224382613199,0.4010276467226039,-0.2964530505601248,0.10062804798904444,-0.04853875936009499,-0.13225964650577743,0.03952094485353616,0.08106941503804116,-0.12950043606514813,-0.2668681082367487,-0.023958158944310654,-0.3478827238671969,0.3349138189407868,0.1166581899417521
