2.181339852854942,0.36796098447883885,1.8668715876135704,0.19969144863401117,0.04429097409784933,0.21197769580385598,0.1196886197286446,0.18748387157986626,0.29875234286433844,0.23272382236936767,0.11257849273027645,0.15438834421875713,0.06261199924478288,0.24310869841862756,0.1792815241843417,0.08676914961795595,0.07637302816624099,0.2947784236360596,0.19962572788323124,0.165754021401641,0.22223342897028658,0.2162246331603476,0.06842779545711752,0.033490032095590636,0.29867406677689945,0.16205350612430183,0.14843885883576005,0.0975943186827009,0.14896568290640141,0.37690241629878846,0.22297279419283958,0.2512365911272363,0.06961299189388592,-0.04020221592014549,-0.10868649635453911,0.05216413678468751,0.2235809380853402,0.2587853125019846,0.23797064603296003,-0.01459229878686963,0.26608238278966506,0.14906062976615744,0.543080720019964,0.19241000796987612,0.5184382329816286,0.5210336947900132,0.39786421529234356,0.12242372637849169,0.39506410073018655,-0.01353391455655205,0.11648859839870791,0.0972155589449829,-0.07343400749897101,-0.29107034608315013,0.06057279087336851,-0.03971579488056408,0.7122831587377537,1.5976681047600518,-2.175969893061798
0.36796098447883885,6.662576749230543,0.6108709098880494,0.5160603657455515,0.7153256854252604,0.3786638105871585,0.9419794730740257,0.7339434366048729,0.7457948835479266,0.747613876258872,0.7424627503151342,0.7827875887408805,0.7989552846191422,0.7505037708380408,1.0831591950773716,0.49535909134824724,0.5909432110990113,0.8241151227436009,0.5855924637354297,0.49878080168654687,0.9038813494033765,0.6391599250840642,-0.21818792558758765,0.3918377666684679,0.47465468904137065,0.9428389760489692,0.5781175851596632,0.6402516663770194,0.5190883251775698,0.7679462520276847,0.5829362258166146,0.6679316985961725,0.6195868737451855,0.5282417852610317,0.7749934546306706,0.5611338870727227,0.8264437511887701,0.637571781321831,0.5019456725905438,0.5710791792759221,0.5725286961422353,0.6762504301243444,0.5430524855373274,0.4861948835442942,0.6905067127464353,0.19217256887369533,0.7488838336974782,0.3416995837171765,1.1998818301842913,-0.6213302952701631,0.6814846846763558,-0.4441158805334909,0.3963332901942614,-0.037906860232235766,0.19459116369211185,0.03951117151209164,0.13175086067152944,0.08986964747255945,-0.4833638789572368
1.8668715876135704,0.6108709098880494,4.2439729043523835,0.3724457096196678,0.001932520928599649,0.596847593265409,0.3659184649280092,0.8139040811495415,0.8712223582368674,0.6354586115150679,0.4700268529037836,0.42428930416534344,0.475752627704981,0.5566178032078334,0.3259076527274084,0.3503249462443864,0.42579563382391844,0.51563876978156,0.4300947936809371,0.5943774437262506,0.48033672920285736,0.6310205373433517,0.3617272526416808,0.43389427874793335,0.5216814303445279,0.450527257831574,0.4497665117942233,0.51218727550707,0.5483112450220384,0.7517735196200047,0.48128049644235826,0.5234727950927925,0.4102550710920054,0.36681758958068184,0.31137869080607,0.6707661947579838,0.5290356910733993,0.35990025265600295,0.7284501779938366,0.5226324073697433,0.5301774141953274,0.45114098574458306,0.6129790392736848,0.3634611532509592,0.5235219306859206,0.3759738519157627,0.7708302795504955,0.28111545079082856,1.0564367281826132,0.06435843802236234,0.3278732149041521,-0.04085231089830257,-0.16944396420839594,-0.45669152353030157,0.045721450602061516,-0.11003440993231758,0.3575759541942407,0.4149782326397843,-0.7214357454888404
0.19969144863401117,0.5160603657455515,0.3724457096196678,1.2814404505315684,0.6677053321651654,0.525148188625277,0.4433211494436792,0.4901593405002528,0.23012289585347068,0.45689259228812584,0.4638568622481133,0.4671686042746857,0.4442417856416302,0.40156042313530815,0.40976818527725395,0.44276076045297336,0.4186861849829876,0.44171260981916455,0.45503576365834125,0.37198465323457924,0.3933092552927401,0.36039161594659364,0.35085500684822973,0.3094272014706854,0.42158947295860305,0.36342351155842073,0.3533967558345166,0.35787865313169764,0.391179338833504,0.4054947914762228,0.38596952761658515,0.39179533214382456,0.33990221365586915,0.44506831698833493,0.30680680265992466,0.4590785261759232,0.46158806035769234,0.441709046207023,0.4799959370189487,0.6207175254108042,0.2818754274424057,0.3780824953475805,0.4140938723204218,0.5499044861078992,0.31587622648380936,0.1411845616708017,0.4885994452327803,0.24899918553413022,0.43139198277765045,0.2193184067160484,-0.1368647385708087,-0.10406243299529683,-0.07678373395266647,0.008476477831675757,0.07808881869046796,-0.05397294566226566,-0.008854182755328881,0.06436342065789963,-0.12524143056101422
0.04429097409784933,0.7153256854252604,0.001932520928599649,0.6677053321651654,1.4572574724361351,0.5903238911168301,0.4493057023460417,0.5918076417163859,0.2752749409796756,0.48463704722184897,0.5267808240814407,0.5095386727105142,0.5384069229568129,0.4703975353717436,0.5113142035998841,0.5626023886992725,0.47602369283705864,0.518341051895906,0.7462397574386469,0.4033896130686339,0.4518879510906868,0.4531093407513859,0.42964911498714115,0.3725065034812946,0.3778402221587886,0.47440179884108086,0.402681253767543,0.29133971883783616,0.41684849243170596,0.2674129117116711,0.45899802026330744,0.45290718780516936,0.4354765037795206,0.5289824217469464,0.2326043827269166,0.6044868991540837,0.6313397171689387,0.5122085936257212,0.4657972068589006,0.6558308448840419,0.23656184601154231,0.47340555320938416,0.3296175430777806,0.5118669500667226,0.28687665789872735,0.11086529599588156,0.4719872430918693,0.3160106324259513,0.657985997387581,0.35426339645325733,-0.08163999976674406,-0.38006228061325553,0.07778006552912792,0.011569969860875148,-0.028835671414852725,-0.12281131869755435,-0.08267424240808742,-0.031005496623587668,0.16682586364320612
0.21197769580385598,0.3786638105871585,0.596847593265409,0.525148188625277,0.5903238911168301,0.9774756259951715,0.42827817842219423,0.6104829518164437,0.481988439039917,0.522835790545891,0.5351204859699017,0.4944693660678971,0.5169163164990199,0.5149932755175063,0.39321095951827784,0.49969231861167795,0.5131959551427082,0.4652041247480221,0.6213595777047476,0.5444119140873913,0.4592307538288169,0.5363296061449933,0.35368436714672385,0.4004725877050085,0.5230580893716654,0.4793740409235677,0.4360358281754249,0.47751748112460873,0.5429393553893954,0.43383107528066234,0.4680376464650526,0.5247418196623636,0.36500833630152946,0.5433259863537626,0.3611238258265542,0.5359855108819772,0.6131365716706102,0.5691253920349885,0.5844462849372636,0.7805807987028461,0.26133471540093284,0.45806446176445714,0.5100969689436554,0.588128330398498,0.46467925816684136,0.19298397473903892,0.5949453029101339,0.24335020333857182,0.700224722946312,0.39997978047243926,-0.24008728362660814,-0.050353239372830386,-0.26101854509929856,-0.028290396675842374,0.052133236523681355,-0.0767375696068787,0.07735063722711041,-0.018876708149716648,-0.06650667476726368
0.1196886197286446,0.9419794730740257,0.3659184649280092,0.4433211494436792,0.4493057023460417,0.42827817842219423,0.8247623222781464,0.47181406804745596,0.48251733266866387,0.47737943970948427,0.5112828443645616,0.5285374894909722,0.5332740852725822,0.4857803555697761,0.34980523778627703,0.5144710665779986,0.4940500489698319,0.41907521677316967,0.3658514995581224,0.37663528654796785,0.4599280138101597,0.5309474288920744,0.3730926130549165,0.3675299858544836,0.48032939325931717,0.4285756621194411,0.40105985894343954,0.4226339032611637,0.4384676581390248,0.48819290605495175,0.41606629449200055,0.464869852466667,0.3858784476346295,0.4607153478137302,0.4182960500170586,0.539056022623552,0.45820329395732134,0.4267658861785039,0.5479354442843677,0.5686921944448886,0.3450249177881625,0.42673066252135705,0.34572308463832524,0.5214934355796818,0.2903799699200125,0.2186334051962373,0.4518642544694778,0.19078875111920374,0.5844263886355089,0.13158156675310778,0.04461934260802441,-0.21870930184894097,-0.06391231985089185,-0.05497985410100719,0.24249060765488684,-0.030901935089334257,-0.03312118363660599,-0.23394210918607314,-0.024886672272973937
0.18748387157986626,0.7339434366048729,0.8139040811495415,0.4901593405002528,0.5918076417163859,0.6104829518164437,0.47181406804745596,1.1333552503326538,0.36341912359996525,0.6023536401850251,0.6016819044146955,0.479068344808196,0.5836417327963389,0.5171405081427624,0.3886899418009143,0.5118681841346928,0.5201554058307588,0.5625587537345947,0.5388295847979927,0.525814930358128,0.44540326246057554,0.49287143643000053,0.36802183605223154,0.3565351438108755,0.46670383287490874,0.532262153952071,0.4493403874733871,0.4666864491007726,0.45991939621024946,0.5800979793686241,0.4490309471222206,0.4716608833700174,0.43069214373399284,0.5042627789037252,0.45249333147754867,0.5152990779651373,0.47357981107772257,0.5262382976575785,0.6351853136835134,0.7609989588185658,0.3673252708864598,0.46590305138311733,0.5457593153005733,0.5643031145067641,0.3597873732650487,0.16421137897419558,0.6931586944906902,0.3188706242662249,0.7971709998536509,0.1986513354439643,0.11328498088203921,-0.23010953075253066,-0.00353584105272324,-0.005253200817805703,0.04218948158067478,-0.11395463377528373,0.008514184118736116,0.3546272733705566,-0.34500930968575644
0.29875234286433844,0.7457948835479266,0.8712223582368674,0.23012289585347068,0.2752749409796756,0.481988439039917,0.48251733266866387,0.36341912359996525,0.9842316540197998,0.3961887090695906,0.3805503517494575,0.3556142277697113,0.46196425809854724,0.44402513319797293,0.123737429752054,0.35293295485835297,0.38145737075599545,0.27098698973807894,0.2815393360121087,0.3953436919049265,0.39559222458039855,0.6230364475476189,0.2726926966927965,0.371071264538572,0.36197049835880635,0.4959271763247672,0.3309396709209157,0.38146975345909395,0.3707800504180128,0.4165635940090025,0.3717372624687529,0.43514609529840437,0.330298742032622,0.3751547813542829,0.40988305811643927,0.4246323058287894,0.44977578298786985,0.40672247196499295,0.44773820357809485,0.431256487663022,0.29904410198120296,0.3751412745745217,0.26898606031907385,0.44517773996385035,0.28061368433088735,0.13747541900453278,0.3904601422239979,0.08980071631454507,0.8390535350329312,0.06732522319527094,0.030980586072816892,-0.27865899204445604,-0.037513490011298,-0.026969022427011755,0.18355088951544352,-0.005268918899517126,0.07755420642668319,-0.40859323002603204,0.1391015116308348
0.23272382236936767,0.747613876258872,0.6354586115150679,0.45689259228812584,0.48463704722184897,0.522835790545891,0.47737943970948427,0.6023536401850251,0.3961887090695906,1.0239460509910088,0.5316840954976053,0.5213782560871449,0.5100641847211896,0.4918535094157427,0.4482385917285865,0.4725300764726061,0.4982078553177199,0.5151355294893116,0.4237754869624691,0.506409455840428,0.4502691304100874,0.4666329468772963,0.40078585184794135,0.4697016765067341,0.5183992908413113,0.43179603078352996,0.44052621413838294,0.5359493094658989,0.48203188758070953,0.7123719591658082,0.5230921665887676,0.4918842030305045,0.5076313096938009,0.5701905028890438,0.6120611712725326,0.6126226700089615,0.5471980216754103,0.5682400404554055,0.6363004938203127,0.8917305890924802,0.43957444547877206,0.46412556604780236,0.405485333016041,0.6110737057648381,0.31632713788912475,0.02347260764012206,0.7159212947573621,0.331747972934625,0.8222130597198726,0.04871719999005518,0.11574460454070444,-0.35388131354372393,0.04124502470525281,0.1307805075947676,0.15558869035728526,-0.07999990325090366,0.19355970073002213,-0.4710904015079258,0.2108622810887933
0.11257849273027645,0.7424627503151342,0.4700268529037836,0.4638568622481133,0.5267808240814407,0.5351204859699017,0.5112828443645616,0.6016819044146955,0.3805503517494575,0.5316840954976053,0.7650111599985694,0.5776016176373016,0.5692080727917443,0.48555373473869495,0.44465145788778476,0.4908722364507153,0.5314058775985718,0.4761324112515847,0.43651814313493864,0.4835415971627477,0.4639374697972268,0.4761041695613654,0.38897039625819774,0.40199832330631957,0.4738163163295813,0.46685737991166165,0.43991826521654664,0.4481505663769928,0.47000805590881506,0.5401089959316729,0.46385245333042063,0.46854560626797576,0.40637251404452185,0.4878742945929326,0.5114120931524195,0.5575495875080811,0.44169533887904944,0.48247708565557734,0.6055317166896147,0.6898453821276741,0.36332115849809743,0.4513133442442368,0.3865272217984379,0.4889536688686194,0.23477244581347864,0.10437912544985942,0.579310794373089,0.2629254924556336,0.7072827792994311,0.11844047520582596,0.0467723766199601,-0.24373240697560897,0.0241305344395547,0.000742440448668963,0.02965902580180787,-0.0226991783851025,0.026408242109369644,-0.14303411018843065,0.040340973726053754
0.15438834421875713,0.7827875887408805,0.42428930416534344,0.4671686042746857,0.5095386727105142,0.4944693660678971,0.5285374894909722,0.479068344808196,0.3556142277697113,0.5213782560871449,0.5776016176373016,0.7618494701996765,0.5065492687371858,0.4876204605600094,0.43858984586148925,0.5079325174765674,0.508597650109579,0.40238527882333214,0.43630720575906146,0.41942998383753055,0.4406008511679882,0.4742906171486251,0.35021040161437916,0.36955821016477575,0.45807109559991455,0.4029966152831722,0.44853408708474096,0.4198288815774185,0.4109885421781019,0.4978186134149792,0.4257894997080487,0.48501509719148816,0.3831494444718153,0.4761951375918942,0.39275623318046926,0.5491546554134854,0.35601006556344267,0.45645067815239326,0.5851184463656284,0.7274632183353327,0.3486554949722091,0.4285081953835317,0.3653797883299213,0.5008571315403938,0.2327925452997651,0.09516616423936125,0.5276809476394088,0.2512332158436571,0.7158672408749903,-0.015165747155301059,0.06872947492508505,-0.15140340911634706,-0.016135697335419343,-0.020289747618516686,0.007894415900611431,0.026323506294328846,0.07107522145805018,-0.09425508460038995,-0.09296819291884716
0.06261199924478288,0.7989552846191422,0.475752627704981,0.4442417856416302,0.5384069229568129,0.5169163164990199,0.5332740852725822,0.5836417327963389,0.46196425809854724,0.5100641847211896,0.5692080727917443,0.5065492687371858,0.8040424347341943,0.4558068053487266,0.32659338992531844,0.5349263002603688,0.5257970203038975,0.46624020284599055,0.4130528622279785,0.4672980935043788,0.46053584003889203,0.5440866044070902,0.3946924432778938,0.4448109580228479,0.47868971075059286,0.45739854230891913,0.45852174017905123,0.48814313513735924,0.5221751086955196,0.5570979620640751,0.4475194828923885,0.4582639752734322,0.44121871112075317,0.5182257248767596,0.5871724001295209,0.5974206845625322,0.46127521958123163,0.4459634518288153,0.5825637336585694,0.6631524302360551,0.36657256455237774,0.4528487437799761,0.3044388507449841,0.5180051612110133,0.12280552975380149,0.04655013803024222,0.5567894558471683,0.22394870380149795,0.7658143034561016,0.13754150571231338,0.08648350261547402,-0.35775120141250666,0.021235850774854206,0.046506127577868824,0.08544783228089671,-0.057098706385332994,-0.06895197756866152,-0.5258956469535688,0.49774455036362997
0.24310869841862756,0.7505037708380408,0.5566178032078334,0.40156042313530815,0.4703975353717436,0.5149932755175063,0.4857803555697761,0.5171405081427624,0.44402513319797293,0.4918535094157427,0.48555373473869495,0.4876204605600094,0.4558068053487266,0.7423221668801965,0.4566080618891876,0.48519601140481333,0.4722190765492393,0.44523645501894293,0.43471758776375374,0.4686016359237263,0.4748059422215219,0.5083924654390443,0.3400379513601626,0.3870046104804132,0.5103911548012493,0.4861300383841584,0.4362883711686877,0.39962604784355515,0.42259897915363087,0.5349342574887673,0.4545453989293506,0.6172517888187801,0.3761884905577788,0.4707749744858592,0.3766296668915215,0.5459394551976617,0.4398271866594691,0.49983517604070493,0.5076753397841287,0.5748843445261544,0.39571496464912687,0.45890641869754595,0.4223975361893154,0.4801447896758065,0.2894829172285574,0.0796299973034986,0.5756585390985539,0.28396600022536256,1.0085552003361298,0.063287709028193,0.10612533956098043,-0.21057261193260376,0.0551248815041575,-0.024056391946833535,-0.1031460816852698,-0.025005851097750078,0.19972483924603396,0.023553897459963342,-0.09694469116696042
0.1792815241843417,1.0831591950773716,0.3259076527274084,0.40976818527725395,0.5113142035998841,0.39321095951827784,0.34980523778627703,0.3886899418009143,0.123737429752054,0.4482385917285865,0.44465145788778476,0.43858984586148925,0.32659338992531844,0.4566080618891876,1.0361190355619099,0.30797479910221787,0.40755213555021524,0.5364870529779195,0.44775726799731896,0.2998942488913539,0.3942787996226198,0.24849157958825283,0.37141356784982993,0.2930714233987571,0.46121207271096676,0.3876053465701482,0.3362022261080231,0.2842370709066382,0.4007218610372202,0.44023828017918154,0.367121356621869,0.3803868837960312,0.3468028098499565,0.3940105729440164,0.2757721043305061,0.479249782939139,0.37923215298720236,0.2840366705479504,0.3787052180005556,0.5095465850781337,0.28211242645457907,0.3523334995304481,0.3619441744520984,0.29644212457702906,0.18696019514492326,0.010816799279322761,0.5261880487577129,0.3009844976481301,0.6617439400359445,-0.1398884656414954,0.04662996430667058,0.016940843218484377,0.15696039894375124,-0.02441734711577591,-0.03481194950128438,0.050112622420585035,0.09967391040694952,0.01721733014755958,-0.07378710751349836
0.08676914961795595,0.49535909134824724,0.3503249462443864,0.44276076045297336,0.5626023886992725,0.49969231861167795,0.5144710665779986,0.5118681841346928,0.35293295485835297,0.4725300764726061,0.4908722364507153,0.5079325174765674,0.5349263002603688,0.48519601140481333,0.30797479910221787,0.9414918128517505,0.5056802250191469,0.469767019230263,0.4921191381967553,0.30454071145949624,0.4186718818297484,0.6586577507138555,0.4099539618506257,0.39774219820373286,0.4438109259105601,0.3689840912490668,0.46465332717440333,0.42842656287894987,0.4426340549693701,0.47389564387309674,0.40127703911287044,0.5091431117767066,0.36133594071219005,0.5286385276112403,0.41005063717441104,0.5245591276371964,0.3545419226355856,0.4193997690470323,0.5467542996872814,0.6736686386328502,0.3218850931617642,0.474938874930563,0.3661283504398093,0.5709549259182486,0.1783520714096105,0.026352459771200203,0.5344964738489417,0.11410699869491248,0.7732895478670462,-0.05315059283531004,0.06725404811517094,-0.1721546983391562,-0.030560722920523715,0.005167739900919777,-0.07080789005575505,-0.048677526860123936,-0.021421472855417786,-0.09213114080269218,0.19263540942817617
0.07637302816624099,0.5909432110990113,0.42579563382391844,0.4186861849829876,0.47602369283705864,0.5131959551427082,0.4940500489698319,0.5201554058307588,0.38145737075599545,0.4982078553177199,0.5314058775985718,0.508597650109579,0.5257970203038975,0.4722190765492393,0.40755213555021524,0.5056802250191469,0.7898552813971462,0.4757181045274435,0.448746179412307,0.3789689356489776,0.46477083696406635,0.5142916735763796,0.37515472643815134,0.38150430032246174,0.5017555811425147,0.4603558454464029,0.41630011484422963,0.5858002105400417,0.44951707299300864,0.4865073646344037,0.4354645323535828,0.4636953690686541,0.44189570818748003,0.4698748244919151,0.5045955548775198,0.5563234199318042,0.4157452636253712,0.48916563677262564,0.5443076356043393,0.6885969089953363,0.35502107982852615,0.4552790057409609,0.3645677563884719,0.5084353716937514,0.2508813032698429,-0.005090505144503013,0.5626178394257981,0.22195540070835038,0.7155856554236424,0.2008083702122789,0.06962249467303676,-0.12866901163516978,-0.11978468957062177,0.04169344870350646,-0.08446092120341113,-0.0369170564457264,-0.02553341927051336,-0.1581796643952113,0.19973428923552797
0.2947784236360596,0.8241151227436009,0.51563876978156,0.44171260981916455,0.518341051895906,0.4652041247480221,0.41907521677316967,0.5625587537345947,0.27098698973807894,0.5151355294893116,0.4761324112515847,0.40238527882333214,0.46624020284599055,0.44523645501894293,0.5364870529779195,0.469767019230263,0.4757181045274435,1.1419053537583423,0.5037617864731292,0.18601441695930523,0.47349085630451465,0.3929861009144664,0.49681279836360226,0.2939697694124341,0.5051229763352242,0.5245200102235993,0.3742302547106842,0.3790053110772722,0.43190323369893907,0.41335466680531435,0.47199693619770033,0.4181857991001659,0.4447083281192245,0.3938043838891708,0.292021390580726,0.5733056719868863,0.37674801962757176,0.3759270687087339,0.3897095800376315,0.4991050317475652,0.2846292411195497,0.3893878493489265,0.5434693645595025,0.40110284722168893,0.40541228974747334,0.13678840331073475,0.7701281852140722,0.25251594238675684,0.5352805135154876,0.0725794807884248,0.2793940704276419,-0.16289710284420658,0.028352150763392845,-0.017474595961493297,0.0645042254199344,-0.023768614687586478,0.18987728731060563,0.40756499071765484,-0.6119820662124976
0.19962572788323124,0.5855924637354297,0.4300947936809371,0.45503576365834125,0.7462397574386469,0.6213595777047476,0.3658514995581224,0.5388295847979927,0.2815393360121087,0.4237754869624691,0.43651814313493864,0.43630720575906146,0.4130528622279785,0.43471758776375374,0.44775726799731896,0.4921191381967553,0.448746179412307,0.5037617864731292,0.9479182522559768,0.32983570912872306,0.43008603071495777,0.4389744932660705,0.3042862978746008,0.326122470291726,0.38398174916146793,0.38331820238735276,0.3764848995751602,0.43591448295941765,0.3612655150078876,0.3060665355231433,0.4194674947440209,0.4565298238211693,0.37900526875971097,0.4493209698803288,0.19730083401122894,0.5117859119574016,0.37256843686298924,0.5212963496512224,0.4201918207620615,0.6367193848521405,0.23721294189593795,0.4115461853749241,0.42085315323744515,0.4383040263160754,0.38846049595080445,0.0966095824708486,0.44597584417810615,0.2732523535419692,0.49807287339491857,0.08619224147388109,0.3679047907634382,0.07149566269990992,-0.29566896929261505,-0.11883987931474428,0.005364794782798379,-0.0678152065880758,0.05836498585782618,0.10279071644889538,-0.10590874697153281
0.165754021401641,0.49878080168654687,0.5943774437262506,0.37198465323457924,0.4033896130686339,0.5444119140873913,0.37663528654796785,0.525814930358128,0.3953436919049265,0.506409455840428,0.4835415971627477,0.41942998383753055,0.4672980935043788,0.4686016359237263,0.2998942488913539,0.30454071145949624,0.3789689356489776,0.18601441695930523,0.32983570912872306,1.5113677689123022,0.40418583784604156,0.318983701753315,0.08070596473521802,0.4079644785702439,0.5382431700571763,0.35919482116633206,0.48374340481186645,0.5404558202238843,0.5419656636932376,0.8180951506247874,0.5869715134601826,0.4208872645789914,0.4270725690013231,0.5786750927976723,0.689946329008551,0.4791829128144495,1.0336340432739575,0.7745989508669072,0.678635243506902,0.7861044496252951,0.5387986727680001,0.540522562432612,0.6351096698693249,0.4148995688052447,0.6866364806136004,0.4416300365931738,0.4991463630871893,0.48874826455176956,0.7771158078581564,0.09029099246097455,-0.08092426803266864,-0.26669814624509425,0.0933992435760838,-0.09957519407535068,0.22028675397525863,-0.06700123149327603,0.05343128181865829,-0.3661160684740742,0.20679998144154374
0.22223342897028658,0.9038813494033765,0.48033672920285736,0.3933092552927401,0.4518879510906868,0.4592307538288169,0.4599280138101597,0.44540326246057554,0.39559222458039855,0.4502691304100874,0.4639374697972268,0.4406008511679882,0.46053584003889203,0.4748059422215219,0.3942787996226198,0.4186718818297484,0.46477083696406635,0.47349085630451465,0.43008603071495777,0.40418583784604156,0.8735851801719334,0.4225927197286649,0.29627073149683264,0.3086425948417451,0.4779497452596082,0.43160335070482897,0.3737436204306253,0.4643539790416756,0.40310012664438427,0.5870562616767624,0.4453890995929644,0.4811019760426495,0.3623442872946093,0.42315659473463474,0.4878323311965525,0.449186485406834,0.4436819809617942,0.5023326841362589,0.5516131515222084,0.5895063056647842,0.4825691421715938,0.5154461990136731,0.43068923428661443,0.558248516899142,0.6051858236835828,0.0839598375073973,0.5796727547021089,0.2693384809254988,0.6139308999953184,0.14049718537663392,0.17120660703924753,-0.22420933440571078,-0.07811879462977094,-0.015544725498252903,0.06183782015297652,-0.03146119970076597,0.11620706540975871,-0.006806004842193917,-0.1318732363878373
0.2162246331603476,0.6391599250840642,0.6310205373433517,0.36039161594659364,0.4531093407513859,0.5363296061449933,0.5309474288920744,0.49287143643000053,0.6230364475476189,0.4666329468772963,0.4761041695613654,0.4742906171486251,0.5440866044070902,0.5083924654390443,0.24849157958825283,0.6586577507138555,0.5142916735763796,0.3929861009144664,0.4389744932660705,0.318983701753315,0.4225927197286649,1.0792308679328197,0.35900191849717883,0.3995920753172526,0.43204257491079967,0.45964432658578513,0.4294441458245071,0.4235470223341803,0.44720257522380275,0.4537940029898972,0.400486560751345,0.542152012529377,0.3671997256448541,0.5072093807682979,0.40614402722833837,0.4865291019345036,0.3885823399153229,0.4911163853340118,0.5278319327985811,0.5444441674244738,0.34142748235112325,0.4494739277056183,0.31741488636020215,0.5766831688871615,0.19597673639134724,0.15191271520533947,0.4994799777631593,-0.16549340488172798,0.907447900547797,-0.051091798607192665,0.07174352126400965,-0.24137168016645996,-0.0623482839695956,-0.04830147050771057,-0.011824261861063383,-0.019369348812842573,0.044205134093816746,-0.15494140211459353,0.09370342461746532
0.06842779545711752,-0.21818792558758765,0.3617272526416808,0.35085500684822973,0.42964911498714115,0.35368436714672385,0.3730926130549165,0.36802183605223154,0.2726926966927965,0.40078585184794135,0.38897039625819774,0.35021040161437916,0.3946924432778938,0.3400379513601626,0.37141356784982993,0.4099539618506257,0.37515472643815134,0.49681279836360226,0.3042862978746008,0.08070596473521802,0.29627073149683264,0.35900191849717883,1.5585424411577984,0.40458463174411363,0.5939030332049765,0.22347328602075062,0.24922207325719248,0.07667344486136154,0.6064786818767693,0.42329188322051536,0.2269968245355022,0.27799173381890246,0.34506688588907813,0.45522549473460633,0.11472328563604503,0.719698606917297,0.14660435507699043,0.0700614713952172,0.4968661571151061,0.5641946237155874,0.23923680342681033,0.2536382197713199,0.1865205166967857,0.4930849613843414,-0.22758411441492565,-0.011811902328862527,0.525975448299321,0.2835898073344822,0.6759713457844828,0.18268831644208822,0.030838801330605153,-0.2748054080761996,0.11024187485912677,0.010612984308187962,0.01747955608710226,0.007643446006393283,-0.07764423467840822,-0.39580277993957763,0.3978359672911801
0.033490032095590636,0.3918377666684679,0.43389427874793335,0.3094272014706854,0.3725065034812946,0.4004725877050085,0.3675299858544836,0.3565351438108755,0.371071264538572,0.4697016765067341,0.40199832330631957,0.36955821016477575,0.4448109580228479,0.3870046104804132,0.2930714233987571,0.39774219820373286,0.38150430032246174,0.2939697694124341,0.326122470291726,0.4079644785702439,0.3086425948417451,0.3995920753172526,0.40458463174411363,0.7917853726617412,0.3610784018693095,0.1924144194576568,0.35489188978945724,0.4673477772468369,0.38444361931766274,0.555895200083964,0.4642597985545645,0.419301185378187,0.5209770988130774,0.4735524721471482,0.5081409710624192,0.6316834454373957,0.4425423220361911,0.3943641141537469,0.5298897251260689,0.6430295584825297,0.2839968891542517,0.35220394761707696,0.12412244124899896,0.38878477872787975,0.008848125471333334,-0.14602435773402392,0.4793461231992066,0.26487409655703703,0.7236745245216565,0.017177928404457005,0.10223564993629486,-0.2642556890269914,0.04496695076322914,0.025071024056390407,0.23155779479408034,-0.04827043627455936,0.033174692996905585,-1.3998191020653277,1.1978684721222297
0.29867406677689945,0.47465468904137065,0.5216814303445279,0.42158947295860305,0.3778402221587886,0.5230580893716654,0.48032939325931717,0.46670383287490874,0.36197049835880635,0.5183992908413113,0.4738163163295813,0.45807109559991455,0.47868971075059286,0.5103911548012493,0.46121207271096676,0.4438109259105601,0.5017555811425147,0.5051229763352242,0.38398174916146793,0.5382431700571763,0.4779497452596082,0.43204257491079967,0.5939030332049765,0.3610784018693095,1.8619808877782962,0.39246596991175625,0.43295787183546436,0.5444525582077038,0.9512336061041555,0.910503755606487,0.5108822807887636,0.4924392471566427,0.4106474103547139,0.617986457816012,0.5933171265526092,0.7220078059736708,0.6281340411515192,0.6812525465291666,0.6563032476742622,0.5166463660367864,0.5621531698418564,0.4487397720394936,0.6327465199680578,0.6027938096664937,0.43155654222741774,0.3531908193145992,0.7470862286642839,0.23096466482790243,0.15434057586536604,0.04984220410549857,0.05002818163184592,-0.1701029843023985,-0.11606078564594714,-0.03684961371657828,0.18980518329056592,-0.01677949259700942,0.2087743548031088,-0.1488788295366534,-0.15901029086030558
0.16205350612430183,0.9428389760489692,0.450527257831574,0.36342351155842073,0.47440179884108086,0.4793740409235677,0.4285756621194411,0.532262153952071,0.4959271763247672,0.43179603078352996,0.46685737991166165,0.4029966152831722,0.45739854230891913,0.4861300383841584,0.3876053465701482,0.3689840912490668,0.4603558454464029,0.5245200102235993,0.38331820238735276,0.35919482116633206,0.43160335070482897,0.45964432658578513,0.22347328602075062,0.1924144194576568,0.39246596991175625,1.4666504955256576,0.33437034540658644,0.3296307975284147,0.3532474860285481,0.06110323500631145,0.28618340525157104,0.4698998960745595,0.38580176597142246,0.3397894490931852,0.2806658920850504,0.43656391134422307,0.1988853618870095,0.42532843489889105,-0.12260539547223116,0.42520564692183793,0.20768285450679674,0.504875091408866,0.4461248187105227,0.31467788244329625,0.4257907500839683,0.1157848414981595,0.3225314686620868,0.22606462484390746,0.9876899361780644,0.044439660367167996,-0.017946188224763522,-0.08320322444643381,0.0013855560682279635,0.12230209313498422,-0.022072305795236377,-0.028042677260320024,0.07500132296945092,0.399362515480042,-0.42189435309133516
0.14843885883576005,0.5781175851596632,0.4497665117942233,0.3533967558345166,0.402681253767543,0.4360358281754249,0.40105985894343954,0.4493403874733871,0.3309396709209157,0.44052621413838294,0.43991826521654664,0.44853408708474096,0.45852174017905123,0.4362883711686877,0.3362022261080231,0.46465332717440333,0.41630011484422963,0.3742302547106842,0.3764848995751602,0.48374340481186645,0.3737436204306253,0.4294441458245071,0.24922207325719248,0.35489188978945724,0.43295787183546436,0.33437034540658644,0.715368954558427,0.44353717591283004,0.3850381830924271,0.4654264382549951,0.4624824519859105,0.48305080689826957,0.41429798766787274,0.4493993909678948,0.39143218705936683,0.5992610011107701,0.44400641567917537,0.48203693473041553,0.4874246598519025,0.6789765265725662,0.3548508682098427,0.40485241703800595,0.36415250433818563,0.3701645679135894,0.19881554656880832,0.13981306778907227,0.4645471507844451,0.2858614963499008,0.7269477085973926,0.07155686692114714,0.050445316194323485,-0.10140898364385158,-0.04989539932908302,-0.026544945189021046,0.03632987180436133,-0.04033623523239721,0.10274260794970949,-0.21476253782539795,0.12119623852737374
0.0975943186827009,0.6402516663770194,0.51218727550707,0.35787865313169764,0.29133971883783616,0.47751748112460873,0.4226339032611637,0.4666864491007726,0.38146975345909395,0.5359493094658989,0.4481505663769928,0.4198288815774185,0.48814313513735924,0.39962604784355515,0.2842370709066382,0.42842656287894987,0.5858002105400417,0.3790053110772722,0.43591448295941765,0.5404558202238843,0.4643539790416756,0.4235470223341803,0.07667344486136154,0.4673477772468369,0.5444525582077038,0.3296307975284147,0.44353717591283004,1.8774899801271105,0.34212776460980715,0.9341819466244309,0.6166985220429081,0.49229485169550147,0.8174182380668952,0.37867368580164984,1.1922939641231163,0.5428730155370641,0.53327098995158,0.7292163630152366,0.637570772174714,0.7240717357647936,0.6583146835655082,0.46316221214496334,0.4476355571801286,0.629937894160927,0.19507418881686317,-0.19655272043173586,0.656924146197712,0.3691606240458986,0.6080469517752054,0.2164166785224618,0.0713450838537813,0.4392498418381086,-0.845600307078998,0.11315086572355763,0.36760200533372484,-0.10313159718743489,0.05747964203171885,-0.8693193442726763,0.7227582424094802
0.14896568290640141,0.5190883251775698,0.5483112450220384,0.391179338833504,0.41684849243170596,0.5429393553893954,0.4384676581390248,0.45991939621024946,0.3707800504180128,0.48203188758070953,0.47000805590881506,0.4109885421781019,0.5221751086955196,0.42259897915363087,0.4007218610372202,0.4426340549693701,0.44951707299300864,0.43190323369893907,0.3612655150078876,0.5419656636932376,0.40310012664438427,0.44720257522380275,0.6064786818767693,0.38444361931766274,0.9512336061041555,0.3532474860285481,0.3850381830924271,0.34212776460980715,2.1234904611047813,0.4942092294383871,0.18917991377794727,0.4500074005792307,0.22541717574478382,0.8402775148268362,0.2811858418666262,0.8866417906263825,0.5006426841771778,0.2073056728800015,0.556084390319081,0.483631386990605,0.3833436557029024,0.36559741952762714,0.32410095619926865,0.0010096626091314618,0.15658677772038515,0.3358716825579333,0.5099830752536386,0.0932658190573822,0.8938718362490166,0.5124574317830471,-0.3337710643940104,-0.014612422221154293,-0.3607528060792118,0.009940995902279344,0.06379597082329394,0.014068168359811202,-0.06753332399964321,-0.36095027993795015,0.3609215489211493
0.37690241629878846,0.7679462520276847,0.7517735196200047,0.4054947914762228,0.2674129117116711,0.43383107528066234,0.48819290605495175,0.5800979793686241,0.4165635940090025,0.7123719591658082,0.5401089959316729,0.4978186134149792,0.5570979620640751,0.5349342574887673,0.44023828017918154,0.47389564387309674,0.4865073646344037,0.41335466680531435,0.3060665355231433,0.8180951506247874,0.5870562616767624,0.4537940029898972,0.42329188322051536,0.555895200083964,0.910503755606487,0.06110323500631145,0.4654264382549951,0.9341819466244309,0.4942092294383871,3.325550600688597,0.7278258717743525,0.45582136506445364,0.5920824412758163,0.19720953657343845,1.589359291458666,0.6654447793717129,0.7237743226159888,0.9485095612148816,1.4337948616395124,0.8710645533208238,1.4286970584185448,0.5272583356735179,1.3058072599686754,1.2067117559090244,0.12571712364026702,0.09377263440446121,1.7839219749817208,0.6112727407015204,0.7948232321160499,-0.34724452754540996,0.42446948076220004,-0.8097567818402016,0.44046114774908324,-0.03993231486827098,0.4516299737601163,-0.07376512567985236,0.07901923451272444,-0.14089330850013684,-0.11882844309425925
0.22297279419283958,0.5829362258166146,0.48128049644235826,0.38596952761658515,0.45899802026330744,0.4680376464650526,0.41606629449200055,0.4490309471222206,0.3717372624687529,0.5230921665887676,0.46385245333042063,0.4257894997080487,0.4475194828923885,0.4545453989293506,0.367121356621869,0.40127703911287044,0.4354645323535828,0.47199693619770033,0.4194674947440209,0.5869715134601826,0.4453890995929644,0.400486560751345,0.2269968245355022,0.4642597985545645,0.5108822807887636,0.28618340525157104,0.4624824519859105,0.6166985220429081,0.18917991377794727,0.7278258717743525,1.2042194086124953,0.49644008128950323,0.5519090511818255,0.37741663005835285,0.5704216095811679,0.8363155226537956,0.6415244900634652,0.7397266435735137,0.6509611035683197,0.6146179878993264,0.5094237999261841,0.44830775495671527,0.4128101781123405,0.6245692230313209,0.4574660853852674,0.09123053918493106,0.6588242888495052,0.4067761524525784,0.3471901729066272,0.075513986685588,0.1874562950215169,-0.24978178605616322,-0.019143433119083786,-0.05756085325119604,0.2925934631570087,-0.056781584553037286,0.2868358685183776,-0.5867721126988414,0.1437186329656459
0.2512365911272363,0.6679316985961725,0.5234727950927925,0.39179533214382456,0.45290718780516936,0.5247418196623636,0.464869852466667,0.4716608833700174,0.43514609529840437,0.4918842030305045,0.46854560626797576,0.48501509719148816,0.4582639752734322,0.6172517888187801,0.3803868837960312,0.5091431117767066,0.4636953690686541,0.4181857991001659,0.4565298238211693,0.4208872645789914,0.4811019760426495,0.542152012529377,0.27799173381890246,0.419301185378187,0.4924392471566427,0.4698998960745595,0.48305080689826957,0.49229485169550147,0.4500074005792307,0.45582136506445364,0.49644008128950323,0.927973744552112,0.3212382114624175,0.4947088902285346,0.3109412566761017,0.601310075781731,0.3535432737437116,0.544643294144895,0.4795623141931261,0.5201019889827944,0.4317185744385784,0.47244062180711593,0.34776184455498016,0.4467535457747192,0.3352693953916031,0.09939656840385303,0.5197439501092695,0.2360655325825038,0.9285843682454284,0.178397016473643,0.09645209778625503,-0.004370071585938266,-0.30815232374143614,0.009095655277120083,-0.026730595676831514,-0.04310642198175354,0.41737668589984306,-0.21774227223334908,-0.11455138586756988
0.06961299189388592,0.6195868737451855,0.4102550710920054,0.33990221365586915,0.4354765037795206,0.36500833630152946,0.3858784476346295,0.43069214373399284,0.330298742032622,0.5076313096938009,0.40637251404452185,0.3831494444718153,0.44121871112075317,0.3761884905577788,0.3468028098499565,0.36133594071219005,0.44189570818748003,0.4447083281192245,0.37900526875971097,0.4270725690013231,0.3623442872946093,0.3671997256448541,0.34506688588907813,0.5209770988130774,0.4106474103547139,0.38580176597142246,0.41429798766787274,0.8174182380668952,0.22541717574478382,0.5920824412758163,0.5519090511818255,0.3212382114624175,1.7188886538556363,0.21181935273044458,0.13341188071146345,0.7146470714037418,0.5997494426778311,0.6617988343738809,0.369153488578981,0.8018959251398311,0.13216829599319346,0.5144845338029163,0.3388364714477672,0.5219808848560069,-0.04849374977768007,-0.3144985726298955,0.6261758295090171,0.5839880857069061,0.8022181847111293,0.03892456598644568,0.24543534881850107,-0.35249865758726395,0.08717203285253283,0.06452539683626701,0.30914877562631055,-0.10881379766137837,-0.13607474331893246,-0.8140726794262982,0.8223720128551572
-0.04020221592014549,0.5282417852610317,0.36681758958068184,0.44506831698833493,0.5289824217469464,0.5433259863537626,0.4607153478137302,0.5042627789037252,0.3751547813542829,0.5701905028890438,0.4878742945929326,0.4761951375918942,0.5182257248767596,0.4707749744858592,0.3940105729440164,0.5286385276112403,0.4698748244919151,0.3938043838891708,0.4493209698803288,0.5786750927976723,0.42315659473463474,0.5072093807682979,0.45522549473460633,0.4735524721471482,0.617986457816012,0.3397894490931852,0.4493993909678948,0.37867368580164984,0.8402775148268362,0.19720953657343845,0.37741663005835285,0.4947088902285346,0.21181935273044458,2.0423315728594904,0.675585517513696,0.4443420212203424,0.7192850830622449,0.494295389642798,0.5859574698711628,0.6541082744437684,0.17785465022512711,0.45015864419630297,0.559450529358464,0.5931600345412202,0.39763830374184106,0.032750943171313926,0.3640490833872199,0.2342244695750652,0.9583462708209559,-0.20274298931609824,-0.002907170021842889,-0.03226987257670953,0.03225021536207355,0.012882538178555593,-0.020300410584676878,-0.0017536448034942804,-0.13401372017165997,-0.5538253244809112,0.7063531644194508
