3.4927626396028395,0.3370046877597616,0.382330811625345,0.10578107301891887,0.9725604910632792,0.2351858864908903,0.3782858538274667,0.3147629216859112,-0.11846504263011912,0.3998020568063618,0.2846872733289369,0.39005897503355264,0.1257496958997677,0.2137876177686365,0.27042185630742643,0.3373145263125248,0.2091229389523032,0.3520636476873131,0.15411237945739256,0.053111838331165256,0.2236897430257751,0.15740213448763005,0.31793417850981087,0.012030016451059264,0.36667037078844306,0.03313582991440423,0.1956394120496332,-0.10431812134077267,0.36777983460008196,0.15263052410691771,0.08604543702091232,0.12512526482241873,0.1773654254620565,-0.3049806304880791,0.1756069242915985,0.15525806147851925,0.22879491908552801,0.09835299035047332,0.14635261289794538,0.1979958251159231,0.11736890461359871,0.11745379487910514,-0.0015651562743877415,-0.024762490517800825,0.08953094044345537,0.2748759147242694,0.29457775411544257,-0.052845943342389165,-0.032918383397034165,0.21454049850475063,-0.05551762050646246,-0.18475279377691367,0.11606157549570148,-0.006589214253629154,0.42335055650740705,0.07286129886384983,-0.3720648363576915,-0.595916344953311,0.6000338411613654
0.3370046877597616,1.358390414022826,0.6154303427137828,-0.1549831251663293,0.13536286931002506,0.3271192555931724,0.18950958561537024,0.2518468292284093,0.2090858148191878,0.19600353512501925,0.19867274925751574,0.1844226030501324,0.08705446348151992,0.10183266228602152,0.18146966150352287,0.10031955588136207,0.21265181539735115,0.3290494988539933,-0.0862422535053047,0.3150862726122055,0.18439693983329244,0.1636816951042678,0.2362035015428427,0.06437001332222604,0.17638982564276548,0.25945280083189654,0.18093225706982724,0.2548138219332945,0.3290798834011882,-0.09883038667391467,0.10088558609932326,0.10390126316840045,0.1042079292607521,0.14876225936674264,0.2932885491748297,0.11506605319638648,0.3529747536554517,0.16831614944060855,0.19142531298573223,0.19295599531465726,0.05585528002225314,0.1617230670531673,0.14816721485800094,-0.016085306316025085,0.3578120189650707,0.1843758604614801,0.19575299829216158,-0.013911252663437026,0.14392894206436574,0.012761958712461614,0.0943461048969304,0.36058925705230627,-0.2815594795618512,-0.040910423717472076,0.19028826487592215,-0.1054134058079056,-0.34477940335306023,-0.15355475159396081,0.4183519514170353
0.382330811625345,0.6154303427137828,1.6721806492087945,0.020984263949006387,-0.3138999309966664,0.17059383483474924,0.2294514999768308,0.16289030199868376,0.2967191475909896,0.29605324820093953,0.1662700299221291,0.18219651602000406,0.079342939669206,0.12721746666971037,0.2250041978350939,0.08911094150611817,0.22049068273013459,0.23089248791274283,0.021115421247780517,0.07138893867335898,0.24022236972757954,0.20537751787754402,0.15566468186807111,0.11710854558382648,0.15948694526142404,0.14926515290907166,0.1307377350657047,0.31547723375040115,0.26870021899124313,-0.284867052706064,0.16277301591240392,0.1278461223611033,0.15527399070130832,0.0700341104832221,0.24685765459692274,0.2403884357256874,0.11130801236865193,0.057477377688820525,0.07936636996614385,-0.025103209684344898,0.06508167091300479,0.25887973004284703,0.06770336564544513,0.009705905485045751,0.25646668522359845,0.23068634546628164,0.09087865830882011,-0.028642661755757408,0.0024244683236537114,-0.05613165594690828,0.05795924216385067,0.1900612614071657,-0.10651651122926287,-0.06245237585790714,0.17004512505878785,0.13931502394987236,-0.1100659545741943,-0.24264784757278682,-0.019573943009841294
0.10578107301891887,-0.1549831251663293,0.020984263949006387,2.660611582822791,0.1507240032858689,0.3074045819933467,0.13359433513798585,0.29171086643234373,-0.02286129844899243,0.2335233088992163,0.2064118926222029,0.32085419847503766,0.055392946514845796,0.21582754205113128,0.12491887320538793,0.2954236258022743,0.19275297177955766,0.1454394835686594,0.02367684720129184,0.1541986192206678,0.1396094908527539,0.14906618029627527,0.18650147026718666,0.10685553632371768,0.18279786237173076,0.059644589896778885,0.15015787709110642,-0.1401195562937017,0.2620501204264597,0.09835019914274412,0.005788758013270125,0.21532707067157594,0.02727974437227932,0.301859980737361,-0.40562484384984526,0.2018058007987282,0.07160860016716471,0.11299469881151752,0.12496402005751568,-0.015805300310752276,0.022544851448101234,0.08454309076112762,0.18062227785984447,0.13411990473843505,0.049122878633022816,0.08003189758569536,0.2193500372675105,-0.0013487052369814592,0.1400901541655851,-0.05839052116379643,0.06070246764780393,0.1324535943460117,-0.004720630937420605,-0.024980813046148173,-0.45945153480032624,-0.1457760482076857,0.08160594623722829,0.4310866472131408,0.016808031546399465
0.9725604910632792,0.13536286931002506,-0.3138999309966664,0.1507240032858689,1.7191776836783126,0.4422807458855973,0.3155841307315448,0.3232097020765842,0.15438589046218115,0.1890852417557477,0.2655747082234747,0.36510541874159547,0.13034828630432843,0.19865791251874534,0.22367989788228707,0.30318732091349754,0.235557990480382,0.25156035096650514,0.17507844939646985,0.2572027620485512,0.19367921042508943,0.2250543128919563,0.31516405879103465,0.19040433728689354,0.28093077514650566,0.17845205622744476,0.19461970624218602,-0.16203139696435126,0.34858295509581244,0.15795601701516512,0.12422132460552743,0.12476530575707293,0.0735857502385204,0.44405264120872295,-0.10762402307268672,0.19597278240168825,0.3005439718338718,0.15223207045859455,0.37325906426909905,0.10715293931711779,0.06197497042146645,0.1785626295966111,0.20293908820204734,0.054441325308532296,0.020293027707915186,0.15761103287837872,0.29952028382713836,-0.008288619949196267,0.19290736882280402,0.18415702292341976,-0.09682198452347875,-0.2672170942373732,0.349340025742366,-0.05752656307163452,0.1758888921668498,-0.042990045660138476,-0.4229513324781169,-0.218211035967273,0.5878346893436243
0.2351858864908903,0.3271192555931724,0.17059383483474924,0.3074045819933467,0.4422807458855973,0.7759610428330554,0.1214529749729122,0.4360930920821231,0.1927080173598549,0.1942665038273513,0.25135556039437507,0.26646104511327245,0.10284480781409583,0.15527174941701455,0.1741133591504762,0.16550415969365675,0.28562243945927396,0.2665803300034537,0.26554483314830346,0.33816192025723524,0.19478576452059207,0.18828683067671864,0.20788524724630894,0.11184640180207908,0.23374099047089886,0.2781519209752435,0.1979759420403665,0.03691042781742378,0.3483892712825642,-0.009808378863076327,0.12634368272916838,0.15603143827455868,0.04129010661133858,0.2977993098293746,0.1524886934310161,0.11075673463980093,0.2889918701068442,0.19766118468134997,0.34887567519996693,0.17849741222987722,-0.016529309255321367,0.14637709299312993,0.221033743971742,0.054734323316872474,0.2743004181674866,0.14827471041617238,0.3032266442320545,-0.0057576108120325495,0.1717898560298423,0.15406064644524473,-0.0652166785243258,0.11851938947198822,-0.10631904506755814,-0.029230429729449687,-0.09968512983914538,-0.10578187860110595,-0.19003673845962368,0.14901580495513453,0.23819327058630152
0.3782858538274667,0.18950958561537024,0.2294514999768308,0.13359433513798585,0.3155841307315448,0.1214529749729122,0.835826152737053,0.17651484859302508,0.3123366586414645,0.13917736023452124,0.23903637715932075,0.38291107652608736,0.09968759762504503,0.28709094531899415,0.13086840487572593,0.28439297741497016,0.28370685719034944,0.14909793589602663,-0.04821408649572082,0.12853402631934904,0.2405620859110543,0.2867525146226129,0.24212131653251703,0.22472105840732884,0.2221966849653906,0.12726156967228514,0.17951737027471243,-0.03233750012366197,0.27197362698392596,0.10817108734082741,0.1270278450606287,0.17334807193646642,0.13465844028106522,0.2909814728871515,0.15202757593332691,0.29370368076527936,0.13596621745290563,0.0968355565731027,0.19633447876828974,0.06955394185908828,0.05486316324783893,0.22576538361864115,0.14495619218702227,0.03173354042310132,0.11559797652787501,0.20054112173530578,0.12075797424032078,-0.02094590294202685,0.19006642948361926,-0.07677813767700359,-0.019088465014814565,-0.4335047391961397,0.6325520078529687,-0.07258107516154468,0.2291472147737661,0.07419685393586554,-0.2977142543678654,-0.16642026003283805,0.05670367413541727
0.3147629216859112,0.2518468292284093,0.16289030199868376,0.29171086643234373,0.3232097020765842,0.4360930920821231,0.17651484859302508,0.7936573566425031,0.0411693694651376,0.18265606928997938,0.26602898917558226,0.07985035947917307,0.11676433753352033,0.12884180922551536,0.1607482890826843,0.11741173437595656,0.24201482509347202,0.27023507640217614,0.2318044567195418,0.29891181881881873,0.17171390440874243,0.1137298614755853,0.19989503548539428,0.0790335850123675,0.23271153219051022,0.28727904861406134,0.15636892610021064,-0.11169844212037248,0.28838124796821935,0.021563449661657904,0.09729674674962956,0.12177083168464961,0.06801490015665118,0.2472753774030293,0.1874474841002053,0.09863402318379587,0.28605780589315916,0.17882676165722325,0.3317180370941561,0.17763883979130288,0.033590123492978644,0.1090117843080734,0.15194376660128642,0.052769110275093505,0.21533965709163666,0.16975712657693137,0.27419528795284487,0.004378050925530008,0.11760547831472934,0.2314931644677886,-0.0364326004892988,0.07672081792750643,-0.06888369788259777,-0.07289970599309796,-0.08960183176460264,-0.15551856800043812,-0.09671379711809851,0.18407891739528637,0.15386142930122346
-0.11846504263011912,0.2090858148191878,0.2967191475909896,-0.02286129844899243,0.15438589046218115,0.1927080173598549,0.3123366586414645,0.0411693694651376,0.75376242874562,0.1284292053334147,0.15180131397419305,0.17858854614730169,0.07171858856566438,0.16380419409623162,0.19519476734196917,0.08676486146202912,0.23765917889537955,0.15459614553489642,-0.03342369829954649,0.1352803219943899,0.1869817630836038,0.351680752487627,0.21351697593969304,0.26623505872013226,0.09470691727640636,0.2552244554244544,0.12231456693220566,0.27402527917335273,0.11036949720118854,0.04161417583201871,0.19322489995910413,0.13430260991146306,0.2211490086559748,0.11713043430220293,0.09631948219585441,0.13593389033371991,0.1466386251163756,0.08284480340391463,0.14265910168986012,0.05868076377860502,0.06776405987908085,0.20277603326258817,0.2027256112178612,0.010515880902515252,0.11785081817201186,0.17985537500117466,0.17194291509951026,-0.013577748232076739,0.5361152044056993,-0.134114829217478,-0.00637757059637561,-0.065965682034335,0.29388300219600944,-0.10095721520128315,0.17429245657091863,0.0975935830264015,-0.2440805993037983,-0.14954145786387324,0.08543579330631913
0.3998020568063618,0.19600353512501925,0.29605324820093953,0.2335233088992163,0.1890852417557477,0.1942665038273513,0.13917736023452124,0.18265606928997938,0.1284292053334147,0.6483330135379874,0.2323692453582236,0.2617967736381992,0.10192357934444962,0.15502334677022547,0.2357439123349651,0.19215299990166532,0.23941348894302375,0.29629177158991615,0.14882234370816558,0.13375947563868035,0.11493336430737475,0.1748154588671595,0.31188106429472473,0.2279516737086514,0.24629195429211317,0.15431731708825475,0.1701086234735623,0.11778874803081404,0.2680862675566892,0.06424691848150053,0.19430963152849542,0.10374113258498867,0.13739738451552888,0.3241155920754223,0.14947875016508236,0.20069579989165973,0.2115233291301134,0.08614406246795027,0.3401125061309027,0.09527646972901498,0.1413793648091374,0.1107407975160114,0.12742467490662732,0.053869004003344836,0.04375591806373535,0.2110132247186838,0.2839254546942396,-0.01570208126107608,0.1432273393882541,0.1470627380152388,-0.008089426807548365,-0.09567828426053748,0.10526403341958375,-0.07988785717803543,0.3740429502507928,0.19764544545471102,-0.26756228056755593,-0.44652576167377916,0.21834157418921848
0.2846872733289369,0.19867274925751574,0.1662700299221291,0.2064118926222029,0.2655747082234747,0.25135556039437507,0.23903637715932075,0.26602898917558226,0.15180131397419305,0.2323692453582236,0.453032647413894,0.25922429478507536,0.10890035067328586,0.195589558167697,0.2561112754182484,0.1999873033140892,0.2498776179965444,0.19896578232059883,0.10052831460023635,0.24186009880652126,0.1963852217591663,0.18109142119189156,0.230907746028152,0.19880862536037117,0.21168186308252052,0.14859781878533015,0.17744565464825898,0.07945490866840789,0.25261560159715923,0.0944812008099227,0.14345038992164622,0.13197041524071693,0.13554575395547694,0.2369048385441,0.16217130408411634,0.15756273378115287,0.23343651553589334,0.1433645876631807,0.2671822052096067,0.13626952765575054,0.0876546435800776,0.17794456441431286,0.17334413815230085,0.0203220974066088,0.15271252417435968,0.19883062728977094,0.2356402291726612,-0.004768130533775077,0.15054569721120697,0.036838624705515834,-0.020847341948075537,-0.07174291563320338,0.2465515138734329,-0.08463988604039342,0.06768233921189593,-0.004164978518120571,-0.21003905652400381,-0.039822645523087445,0.15825642790380234
0.39005897503355264,0.1844226030501324,0.18219651602000406,0.32085419847503766,0.36510541874159547,0.26646104511327245,0.38291107652608736,0.07985035947917307,0.17858854614730169,0.2617967736381992,0.25922429478507536,0.7079991611823981,0.08931846542206971,0.2635827706638168,0.1596640831422278,0.2945813576638134,0.2564623287155783,0.2336239241876054,0.07432231078766457,0.15076926649274894,0.2087526832943661,0.2311808474638921,0.264520161133568,0.18734246660925655,0.27529088824627523,0.11208605709121466,0.2325499604973853,-0.14493690551792157,0.31279269592576836,0.12421725811949523,0.12153858026381244,0.18775050888429612,0.09440317717498783,0.30059520268178713,0.1706157836674186,0.30883910007807674,0.1378656031424752,0.11206985667338948,0.2541774248350838,0.12578276337882788,0.056937857300735646,0.18327269291326856,0.16665173791266147,0.03890489506325518,0.17556017475253868,0.21114477134821927,0.24655981083200637,-0.02432320455871559,0.10487982176261705,0.003074569120102034,0.00261632485559172,-0.2130920693629067,0.3175876465732309,-0.03688105962472241,0.12603881060085925,0.0845021046917598,-0.2936700376016296,-0.16858637426910542,0.17644983422515115
0.1257496958997677,0.08705446348151992,0.079342939669206,0.055392946514845796,0.13034828630432843,0.10284480781409583,0.09968759762504503,0.11676433753352033,0.07171858856566438,0.10192357934444962,0.10890035067328586,0.08931846542206971,0.1923930626816932,0.07712005737810945,0.07289964690402742,0.09544461285554624,0.09477919266903084,0.0928222520257504,0.04380468167903175,0.09339432307814285,0.039912210578704775,0.09683229595092015,0.10627926584589026,0.09899300343072907,0.08718531093525601,0.11658449392369157,0.09002966839404378,0.0341909285885888,0.12747677220969236,0.014009069547474419,0.060349797677829005,0.07634069390191825,0.07493305384813978,0.11572608557133454,0.0865539335417997,0.07665750697488705,0.0965565031099086,0.05582009757397945,0.12585056680208967,0.05491833812215128,0.037152068329856736,0.038464733104965725,0.06966616053483424,0.02815164542742511,0.01764082708186436,0.08734946611375669,0.08282553593295248,-0.0017651469633553857,0.16259096331548245,0.0694793064187918,-0.02643965778455665,0.0011057829313891121,0.01644124515457991,-0.03435801977364324,0.03244848189020194,-0.01777434308733326,-0.06587209459667161,-0.019073991302009794,0.057703779873822164
0.2137876177686365,0.10183266228602152,0.12721746666971037,0.21582754205113128,0.19865791251874534,0.15527174941701455,0.28709094531899415,0.12884180922551536,0.16380419409623162,0.15502334677022547,0.195589558167697,0.2635827706638168,0.07712005737810945,0.6498336605704365,0.19005115914970952,0.3575469025044882,0.19562969733474322,0.08335224396307461,0.09108625716875834,0.2567385779150382,0.19184245248018825,0.24677120418731915,0.2253180202051712,0.32868329302917376,0.21671733294208306,0.13288177108523005,0.1375038086832843,0.17816176149559487,0.24073445581972266,0.22039939320822932,0.15708032589918472,0.3140659906330754,0.1907025982461177,0.2321982491118147,0.1559043771886875,0.1566582744032312,0.2466377134958681,0.15181356359059206,0.19194580182805332,0.140562206070002,0.09501293980121413,0.18430176656053668,0.32344360833998603,0.04411344438479895,0.216164525452384,0.1924197901127585,0.27437587136926994,-0.023203198649264352,0.30580697651426747,-0.06213735124180054,-0.011234913515216946,-0.492231237260353,0.5486322776013639,0.010251289840365314,-0.17407658496788248,0.04312886326498012,-0.19965024816969795,0.053645953570440295,0.3003884973237679
0.27042185630742643,0.18146966150352287,0.2250041978350939,0.12491887320538793,0.22367989788228707,0.1741133591504762,0.13086840487572593,0.1607482890826843,0.19519476734196917,0.2357439123349651,0.2561112754182484,0.1596640831422278,0.07289964690402742,0.19005115914970952,0.6988727831878414,0.19329116557121576,0.19903118166800018,0.10591220132213722,0.09576949338603517,0.2517448897733004,0.21280609406989348,0.17543921986348732,0.26544587355532767,0.2560617095382745,0.2359901044274493,0.08091582873723972,0.16314080582324925,0.30251292260877616,0.24990017543594586,0.12487354791160189,0.12276707240232286,0.10142030231532909,0.12248039814464658,0.21696645094207023,0.16045709392129448,0.11469704932686631,0.26182927974064674,0.1410618322491391,0.3203242964187271,0.12147770278701116,0.17750225141484086,0.22263412958444276,0.1791261363213182,0.00734745961033056,0.14938980297063273,0.17739092560072556,0.19954218201398788,-0.01658782714469257,0.11567865982542043,0.23419314444935183,-0.11276183390192007,0.15317567992264994,0.01142003212992867,-0.028832342655158796,0.151316134900919,0.07074465901578383,-0.32082720216621646,-0.09885664859401883,0.18804329909929962
0.3373145263125248,0.10031955588136207,0.08911094150611817,0.2954236258022743,0.30318732091349754,0.16550415969365675,0.28439297741497016,0.11741173437595656,0.08676486146202912,0.19215299990166532,0.1999873033140892,0.2945813576638134,0.09544461285554624,0.3575469025044882,0.19329116557121576,0.7601694000940211,0.21845177465912632,0.09636959540731173,0.05220556507718001,0.19449939206024502,0.18779516389815262,0.369400732685862,0.2603651968736919,0.30352737233846516,0.2569240373406177,-0.015713419016158567,0.24062408729649093,0.08555223139037202,0.3308734318971292,0.1771365640730823,0.10932715680486552,0.1963240081311724,0.1494308187833284,0.29019973717362674,0.29176337896705573,0.1847214503973425,0.23870748855884744,0.1346701705493739,0.20001412364833288,0.16583947034139807,0.1393527466024159,0.1832579622931326,0.36011091295351905,0.052168196556008344,0.12505689449834947,0.19243080341059884,0.25242059902267405,-0.04708213978786176,0.21217576444849398,-0.1996977801207298,-0.08361049438371941,-0.18126068269003345,0.4955503281428462,0.013478492125284609,0.030238673289201337,0.05487045686958562,-0.33883762031466885,-0.14276406496923405,0.42868323585731527
0.2091229389523032,0.21265181539735115,0.22049068273013459,0.19275297177955766,0.235557990480382,0.28562243945927396,0.28370685719034944,0.24201482509347202,0.23765917889537955,0.23941348894302375,0.2498776179965444,0.2564623287155783,0.09477919266903084,0.19562969733474322,0.19903118166800018,0.21845177465912632,0.5033250143331933,0.2175360703125518,0.11231903340775881,0.2242037023779438,0.22532952468994,0.2738023679671495,0.3013923368092142,0.22659597687529218,0.22814724337438158,0.09089356890917621,0.18685125701230193,0.1604678317853498,0.2925416781536284,0.07928788190780446,0.14258674061101223,0.1333159477681394,0.207078019553961,0.2584989364422036,0.15429715060338262,0.15397409127181685,0.3322153525018318,0.1347363169223461,0.29891071058327895,0.13551633027698848,0.10213961330206542,0.20641455395068983,0.2461963384470248,0.04252568526350769,0.16688867187041004,0.22247163907632717,0.2754305838003651,-0.014859237978513327,0.16360484946637252,0.09613946665512736,0.010941569690208602,-0.189911226997781,0.16858324781070894,-0.09698159174333103,0.10258786635879995,0.018641865576911658,-0.23232467561935288,-0.08766235282000415,0.21612164961514377
0.3520636476873131,0.3290494988539933,0.23089248791274283,0.1454394835686594,0.25156035096650514,0.2665803300034537,0.14909793589602663,0.27023507640217614,0.15459614553489642,0.29629177158991615,0.19896578232059883,0.2336239241876054,0.0928222520257504,0.08335224396307461,0.10591220132213722,0.09636959540731173,0.2175360703125518,0.8970345823181378,0.1071269228814274,-0.005987515649243043,0.18650171943287872,0.1734922321111263,0.6326847587680171,0.1878858484730456,0.24555482892674468,0.39464345407867163,0.07915712266954354,0.3201604587880952,0.21094714201407622,-0.10712511350118137,0.30595397556081344,0.1128646923494226,0.20968171417660283,0.21708198789733393,0.1813747289936525,0.08054629482722725,0.33966034062065503,0.017004296545076215,0.4166657138669664,0.18289596932187438,0.13645024495150412,0.1762068496053855,0.18606282278161038,0.06890627010968207,0.22747074604636966,0.23137434543519728,0.3946473033625304,-0.0013314725456798867,0.19643637723765217,0.3261801071409923,0.1730213715011124,-0.010551783175332124,-0.4642620878890448,-0.13020006074531754,0.11088084636769906,0.052221621369117385,-0.16874261169471186,-0.07170014821073435,0.11080994151213913
0.15411237945739256,-0.0862422535053047,0.021115421247780517,0.02367684720129184,0.17507844939646985,0.26554483314830346,-0.04821408649572082,0.2318044567195418,-0.03342369829954649,0.14882234370816558,0.10052831460023635,0.07432231078766457,0.04380468167903175,0.09108625716875834,0.09576949338603517,0.05220556507718001,0.11231903340775881,0.1071269228814274,1.4910287799445965,0.07352998856584682,0.18269654457319087,0.039911392916577096,-0.16744176113798026,0.050037025017242276,0.11930939030412568,-0.08717255471520982,0.03414790956678019,0.06654333421473099,0.09124599700248566,0.03130596233353769,0.20143315776291598,0.029216276077314782,0.17507646245276848,0.20944921037188396,0.04556753010734776,0.1067825920467283,0.3140133155185769,0.07051486910806791,0.46650782026200555,0.025030169349722027,0.06320193485726984,0.12910535833594103,0.04295396117490046,0.0659686572893809,0.09272915918847129,0.15339388818998287,-0.01175412097800596,0.016956728174314647,-0.5611928802741967,0.5407456353809823,0.004374230612770774,-0.2421721493318239,-0.10502347609243763,-0.11558723392726926,-0.11411312884616391,-0.001297647894431502,-0.034554695423025555,0.1679292175051605,0.0007060535908305926
0.053111838331165256,0.3150862726122055,0.07138893867335898,0.1541986192206678,0.2572027620485512,0.33816192025723524,0.12853402631934904,0.29891181881881873,0.1352803219943899,0.13375947563868035,0.24186009880652126,0.15076926649274894,0.09339432307814285,0.2567385779150382,0.2517448897733004,0.19449939206024502,0.2242037023779438,-0.005987515649243043,0.07352998856584682,1.2903765844833381,-0.01569752674585726,0.1561436497569921,0.18044763547519457,0.4107175315550486,0.23285663479641974,0.25232556951063034,0.2620495959603509,0.10471764188199154,0.417150456112102,0.2407720308575821,0.23939440798774983,0.15707119094224561,0.19006552687522207,0.4508148094079457,0.09940631850778157,0.23288245643592168,0.6064085281319521,0.6360010323755728,0.6008176349718077,0.40215250855322304,-0.005505830664244015,-0.05145522682606447,0.2795597621049143,-0.04776431354056267,0.4040968441317773,0.2750229415484113,0.16739456310206424,0.02984744594469399,0.3385036063500251,0.2554525324568231,-0.15335759147382122,-0.0813403168092278,0.4918953685772834,-0.1099385391912828,-0.0670472427538838,-0.060216995724682004,-0.17248955917013425,0.054810320603691884,0.26290694799132547
0.2236897430257751,0.18439693983329244,0.24022236972757954,0.1396094908527539,0.19367921042508943,0.19478576452059207,0.2405620859110543,0.17171390440874243,0.1869817630836038,0.11493336430737475,0.1963852217591663,0.2087526832943661,0.039912210578704775,0.19184245248018825,0.21280609406989348,0.18779516389815262,0.22532952468994,0.18650171943287872,0.18269654457319087,-0.01569752674585726,1.1218734600133398,0.2057222151817083,-0.0413384287246982,-0.011889682951528152,0.09882137714549862,-0.3335259370259429,0.10601842489978287,0.3417511201868712,0.08864990457754691,0.19078870438263731,0.2020015233878941,0.10440655881666155,0.047955442421810233,0.05491083263702722,0.31148652341750227,-0.022691125377719862,0.27056413409282637,0.014913708430946845,0.10972064010618664,0.11670998863931824,0.20941928457064268,0.977887582044468,0.41271487443437677,0.015553376354197984,0.7609009991010722,0.10647438564379491,0.3458072385104037,-0.03899237309989829,-0.7653096680697925,-0.21049754358936537,0.13331011398345635,-0.18379011269022202,0.24045804414415692,0.03448882140651862,-0.06258585339240082,0.003689724059164247,-0.14402700759014855,0.09225162332700244,0.03478623978043431
0.15740213448763005,0.1636816951042678,0.20537751787754402,0.14906618029627527,0.2250543128919563,0.18828683067671864,0.2867525146226129,0.1137298614755853,0.351680752487627,0.1748154588671595,0.18109142119189156,0.2311808474638921,0.09683229595092015,0.24677120418731915,0.17543921986348732,0.369400732685862,0.2738023679671495,0.1734922321111263,0.039911392916577096,0.1561436497569921,0.2057222151817083,0.6039998238959807,0.29159006121269676,0.30006787407282565,0.1775073772190579,0.12155157486394792,0.1885146740129458,0.17564168384591752,0.27148033430173335,0.1342903190357189,0.15955767261910822,0.17806312102895522,0.20227305614759092,0.22270558017665582,0.17128016607782207,0.17950055449242375,0.21544929316853048,0.10810659127237096,0.2412630978962585,0.10740381191422123,0.14130604456071988,0.2248734572276545,0.38259336712246517,0.06158058298223846,0.11971938041016275,0.22463489343102988,0.2528965632534479,-0.06662631404799627,0.47936195187643016,-0.0694090043679082,-0.03760682265491057,-0.20427044009907971,0.3477754730883318,-0.051108692095553215,0.10143186374809228,0.059563981677990104,-0.287470830253477,-0.1314406725760311,0.25927921657756153
0.31793417850981087,0.2362035015428427,0.15566468186807111,0.18650147026718666,0.31516405879103465,0.20788524724630894,0.24212131653251703,0.19989503548539428,0.21351697593969304,0.31188106429472473,0.230907746028152,0.264520161133568,0.10627926584589026,0.2253180202051712,0.26544587355532767,0.2603651968736919,0.3013923368092142,0.6326847587680171,-0.16744176113798026,0.18044763547519457,-0.0413384287246982,0.29159006121269676,1.6190144387644572,0.7143117074987224,0.4959277956728282,0.2864705624072172,0.057722153699868294,0.18179904348156184,0.5826981366698679,0.14230556928648513,-0.02611520637250227,0.09244655830107312,0.35672522853189087,0.48131669703294155,0.07032736842458588,0.21113167796011276,0.36919137892228154,0.0984435810639858,0.7310817703536548,0.29788178173127705,0.23293413572211547,0.0052458820733187065,0.10575288706377146,0.05230148392355398,-0.2284321961369748,0.3254003829853286,0.49359549842780226,0.010392913966637498,0.7228546634715287,0.5661393241863253,-0.0948708731020025,-0.3477339264809996,0.31618806810067124,-0.18422010105724435,0.2659651079788033,0.036614765812349244,-0.4051225282875743,-0.291805539501059,0.4935060820464615
0.012030016451059264,0.06437001332222604,0.11710854558382648,0.10685553632371768,0.19040433728689354,0.11184640180207908,0.22472105840732884,0.0790335850123675,0.26623505872013226,0.2279516737086514,0.19880862536037117,0.18734246660925655,0.09899300343072907,0.32868329302917376,0.2560617095382745,0.30352737233846516,0.22659597687529218,0.1878858484730456,0.050037025017242276,0.4107175315550486,-0.011889682951528152,0.30006787407282565,0.7143117074987224,1.507934591182021,0.2629332362577507,-0.006959629121587578,0.09620891843718274,0.12112930276991389,0.27768178381955394,0.6031702765254813,0.5877195257554738,0.14910559233657925,0.35837188256725105,0.4777095211706293,0.06554631684936015,0.5075415467547371,0.3772064390388152,0.253473087469161,0.4604205227168597,0.1414396183366193,0.0629515964584912,0.060977607322446226,0.18629060987521706,0.05946185896436913,0.04664829040728601,0.3294130773808486,0.4566764234959022,0.023935531079730905,1.0037011155954099,6.927230669768865e-5,-0.08092452339251094,-0.5260804387711577,0.9031348059289811,-0.1616496846065071,0.12063152068942516,0.17586458526023427,-0.238042478613318,-0.3365978283926402,0.31041055953934615
0.36667037078844306,0.17638982564276548,0.15948694526142404,0.18279786237173076,0.28093077514650566,0.23374099047089886,0.2221966849653906,0.23271153219051022,0.09470691727640636,0.24629195429211317,0.21168186308252052,0.27529088824627523,0.08718531093525601,0.21671733294208306,0.2359901044274493,0.2569240373406177,0.22814724337438158,0.24555482892674468,0.11930939030412568,0.23285663479641974,0.09882137714549862,0.1775073772190579,0.4959277956728282,0.2629332362577507,0.8488990840283375,0.12834469166974247,0.16414072500633908,0.046002310409485346,0.5214311484996035,0.16900463143008068,-0.01837691817892412,0.11413186103385398,0.11528781131043565,0.3604786459040842,0.1879955469622953,0.22138347274801287,0.3163098753061635,0.1572130422557282,0.4236140201288821,0.15509402398179511,0.19881062066678046,0.09272268535687166,0.12533357065744974,0.061082379452045164,0.036877819584729424,0.28706896994593717,0.2740859692661684,-0.041225338292397974,-0.19895472293577945,0.21261712206708225,-0.08803378991339822,-0.11339153977853128,0.2634376874184412,-0.07372249373328438,0.10036510757186469,0.09125834741310566,-0.22199692935219598,-0.10949192153433206,0.14736515903017858
0.03313582991440423,0.25945280083189654,0.14926515290907166,0.059644589896778885,0.17845205622744476,0.2781519209752435,0.12726156967228514,0.28727904861406134,0.2552244554244544,0.15431731708825475,0.14859781878533015,0.11208605709121466,0.11658449392369157,0.13288177108523005,0.08091582873723972,-0.015713419016158567,0.09089356890917621,0.39464345407867163,-0.08717255471520982,0.25232556951063034,-0.3335259370259429,0.12155157486394792,0.2864705624072172,-0.006959629121587578,0.12834469166974247,2.0281711143683006,0.09477757558836009,0.4748636597814961,-0.1002516332244935,-0.6871147957338198,0.1326549463246196,0.26979718533049907,0.15197923297084168,0.1567764908195583,0.14025186653978663,-0.13708530104522929,-0.06875891398633273,0.0849353699534143,0.43102010597723533,0.24708770696255075,0.20353643824557452,-0.27732740902683756,0.04608230365684125,-0.016907490107350074,-0.14285113550723338,0.10295451624120648,-0.07127828123874687,0.04149462602678131,1.5697786317490878,0.581028782203095,-0.19431684007747574,0.3244007282658751,-0.8268650343435249,-0.09541047188316686,0.13524075863017224,-0.02936765180396381,-0.16335151839253198,-0.02876616343489883,0.16865745685857067
0.1956394120496332,0.18093225706982724,0.1307377350657047,0.15015787709110642,0.19461970624218602,0.1979759420403665,0.17951737027471243,0.15636892610021064,0.12231456693220566,0.1701086234735623,0.17744565464825898,0.2325499604973853,0.09002966839404378,0.1375038086832843,0.16314080582324925,0.24062408729649093,0.18685125701230193,0.07915712266954354,0.03414790956678019,0.2620495959603509,0.10601842489978287,0.1885146740129458,0.057722153699868294,0.09620891843718274,0.16414072500633908,0.09477757558836009,0.5902559537327875,0.1364017768309285,0.17405344412759288,0.16430548000442438,0.11172601431141317,0.15269689910933612,0.08091535558599346,0.17693788932026028,0.22129051371289535,0.22786329556987323,0.21464673267659562,0.1534591634829039,0.14453439104219612,0.16094016893933127,0.125782777521851,0.10667323500181494,0.2954485591532722,-0.01562146733168892,0.2368076463361371,0.1677903589531571,0.167805666460789,-0.02147060150978269,0.3638417640589511,-0.04514215673729495,-0.09002283450739937,0.09119060526113892,0.10152308292174156,0.04615831071412831,0.05346435419117284,0.032275347564297445,-0.13421473460759198,-0.05497851316296696,0.09522622544712557
-0.10431812134077267,0.2548138219332945,0.31547723375040115,-0.1401195562937017,-0.16203139696435126,0.03691042781742378,-0.03233750012366197,-0.11169844212037248,0.27402527917335273,0.11778874803081404,0.07945490866840789,-0.14493690551792157,0.0341909285885888,0.17816176149559487,0.30251292260877616,0.08555223139037202,0.1604678317853498,0.3201604587880952,0.06654333421473099,0.10471764188199154,0.3417511201868712,0.17564168384591752,0.18179904348156184,0.12112930276991389,0.046002310409485346,0.4748636597814961,0.1364017768309285,2.4696195039126287,-0.251818071150004,-0.3784266768808005,0.2794152759068325,0.15701605881242237,0.41994558072342547,-0.11344921528872716,0.32291968266130355,-0.46438124415152143,0.5049828778671507,0.004182275174300383,0.24019132072105961,0.15772511630609776,0.49941678678843243,0.44715381389648434,0.485041170311158,-0.03867653220981058,0.2957284450944294,0.07071681649786048,0.06181563782789485,-0.002437324941263027,0.19643866260017512,0.009679359158606977,-0.06940172577838016,0.5341239061354128,-0.6238991854682922,-0.008587839014691043,0.12754720100749106,0.08893227505420613,-0.105338081292606,-0.16465289058542343,0.23341013585142245
0.36777983460008196,0.3290798834011882,0.26870021899124313,0.2620501204264597,0.34858295509581244,0.3483892712825642,0.27197362698392596,0.28838124796821935,0.11036949720118854,0.2680862675566892,0.25261560159715923,0.31279269592576836,0.12747677220969236,0.24073445581972266,0.24990017543594586,0.3308734318971292,0.2925416781536284,0.21094714201407622,0.09124599700248566,0.417150456112102,0.08864990457754691,0.27148033430173335,0.5826981366698679,0.27768178381955394,0.5214311484996035,-0.1002516332244935,0.17405344412759288,-0.251818071150004,2.15822168614034,-0.13865198092821993,-0.2234231619964195,0.19214853286371725,-0.045450730762599804,0.7063533532124392,0.09953723020469024,0.6898332986261525,0.014549878184195623,0.20539825885020574,0.4730446054826379,0.19420807818548613,0.04476239689426404,-0.014736809333556896,-0.23619166143578607,-0.10642582942394299,-0.13728187270395295,0.2384657497867679,0.1772823206114293,-0.02295694706408183,0.5074405876606407,0.3891363775575025,-0.2418463440022795,0.038650087757129484,0.09587409997319184,-0.03016500401956362,0.05075328437632908,-0.04367793236208082,-0.322543487379569,-0.09512331786570652,0.3289498571302247
0.15263052410691771,-0.09883038667391467,-0.284867052706064,0.09835019914274412,0.15795601701516512,-0.009808378863076327,0.10817108734082741,0.021563449661657904,0.04161417583201871,0.06424691848150053,0.0944812008099227,0.12421725811949523,0.014009069547474419,0.22039939320822932,0.12487354791160189,0.1771365640730823,0.07928788190780446,-0.10712511350118137,0.03130596233353769,0.2407720308575821,0.19078870438263731,0.1342903190357189,0.14230556928648513,0.6031702765254813,0.16900463143008068,-0.6871147957338198,0.16430548000442438,-0.3784266768808005,-0.13865198092821993,3.1283540579279148,0.29276175778297914,0.02853934418068236,-0.07982274256082333,-0.11834922251313963,0.1494500340408978,0.58267085675301,0.8902081715783877,0.21481745684486106,0.014262196522286904,0.13844332414603153,0.43879535425394944,0.13765436882942478,0.727898500190091,0.15183842589916266,0.7161243522651409,0.35157589789861066,1.1341888173999564,-0.0538545385897259,0.32594241680485564,-0.2926691593524488,-0.022155603206751497,-1.0261218696151388,1.2803293677347414,0.03443755691035567,-0.23634533447435094,-0.03778773348346008,-0.1286274792375764,0.6234495769764707,-0.30495051532632067
0.08604543702091232,0.10088558609932326,0.16277301591240392,0.005788758013270125,0.12422132460552743,0.12634368272916838,0.1270278450606287,0.09729674674962956,0.19322489995910413,0.19430963152849542,0.14345038992164622,0.12153858026381244,0.060349797677829005,0.15708032589918472,0.12276707240232286,0.10932715680486552,0.14258674061101223,0.30595397556081344,0.20143315776291598,0.23939440798774983,0.2020015233878941,0.15955767261910822,-0.02611520637250227,0.5877195257554738,-0.01837691817892412,0.1326549463246196,0.11172601431141317,0.2794152759068325,-0.2234231619964195,0.29276175778297914,1.3159511340610122,0.13102693027394718,0.22111055018378972,0.18011252840690473,0.20359419436774173,0.3622393696765851,0.3332445863656293,0.18925909272657537,0.28681606295938733,0.07072861588766244,-0.06907080400119833,0.24524189740137883,0.2506078740458635,0.12413429209159059,0.5024054644715603,0.2578817940774262,0.304549895053227,-0.0034616616840484546,-0.0291836691954889,-0.11737081971860217,0.1390160655730148,-0.21632324567161804,0.162283214716628,-0.09146584333091695,0.0682173381008429,0.26062735174419416,0.018014395862582733,-0.19765728166391866,-0.13561451544145764
0.12512526482241873,0.10390126316840045,0.1278461223611033,0.21532707067157594,0.12476530575707293,0.15603143827455868,0.17334807193646642,0.12177083168464961,0.13430260991146306,0.10374113258498867,0.13197041524071693,0.18775050888429612,0.07634069390191825,0.3140659906330754,0.10142030231532909,0.1963240081311724,0.1333159477681394,0.1128646923494226,0.029216276077314782,0.15707119094224561,0.10440655881666155,0.17806312102895522,0.09244655830107312,0.14910559233657925,0.11413186103385398,0.26979718533049907,0.15269689910933612,0.15701605881242237,0.19214853286371725,0.02853934418068236,0.13102693027394718,0.607496675843513,0.15706823909388495,0.13621568891478647,0.038486195687022356,0.13349707257803767,0.04678807235211789,0.11755364701323513,0.007818408802540689,0.06588359128181531,-0.052549971273676103,0.0791838269955508,0.17809290007110493,0.015995193753784467,0.1562784136474765,0.1332518763101927,0.13931078548835057,-0.016533895631195856,0.3020849396870758,-0.15261188825327973,-0.01486565708237245,0.29639515061134974,-0.28197837077052473,0.024659893531870702,-0.23203872409567453,0.005678416976182491,0.16070597855515062,0.09544335148637509,-0.07390115681626461
0.1773654254620565,0.1042079292607521,0.15527399070130832,0.02727974437227932,0.0735857502385204,0.04129010661133858,0.13465844028106522,0.06801490015665118,0.2211490086559748,0.13739738451552888,0.13554575395547694,0.09440317717498783,0.07493305384813978,0.1907025982461177,0.12248039814464658,0.1494308187833284,0.207078019553961,0.20968171417660283,0.17507646245276848,0.19006552687522207,0.047955442421810233,0.20227305614759092,0.35672522853189087,0.35837188256725105,0.11528781131043565,0.15197923297084168,0.08091535558599346,0.41994558072342547,-0.045450730762599804,-0.07982274256082333,0.22111055018378972,0.15706823909388495,2.2796870050393268,0.07480949845672254,-0.018359727802431593,-0.23671686699653474,0.6919251585237943,0.1505053658128458,-0.07713925116935318,-0.026975213337160013,-0.5913279513371521,0.08174310708706149,0.14509046416598378,-0.01027052996970959,-0.18929084402978402,0.31725101431973496,0.2946503578870866,0.11042579481948411,0.35723073015250506,0.04859092817304073,-0.1872593430069671,-0.46131140191427566,0.49988168368841823,-0.2587671088320593,0.02722624220818402,0.05261045325128582,-0.2540890834366167,-0.21464260603483346,0.5156475351996588
-0.3049806304880791,0.14876225936674264,0.0700341104832221,0.301859980737361,0.44405264120872295,0.2977993098293746,0.2909814728871515,0.2472753774030293,0.11713043430220293,0.3241155920754223,0.2369048385441,0.30059520268178713,0.11572608557133454,0.2321982491118147,0.21696645094207023,0.29019973717362674,0.2584989364422036,0.21708198789733393,0.20944921037188396,0.4508148094079457,0.05491083263702722,0.22270558017665582,0.48131669703294155,0.4777095211706293,0.3604786459040842,0.1567764908195583,0.17693788932026028,-0.11344921528872716,0.7063533532124392,-0.11834922251313963,0.18011252840690473,0.13621568891478647,0.07480949845672254,1.9021476073418169,0.02694851803502584,0.43722386418895615,0.40592998526731194,0.26238648427455336,0.7769837717000949,-0.07287968837987781,-0.1307801285680411,0.03781464347450632,0.04365511603782624,0.18993349172844667,-0.17503688753781094,0.10996096373899246,0.1948843123416322,0.034581684921774485,0.016054831115819908,0.193285569251066,-0.12991185837046312,-0.44420342168429255,0.6347014856074015,-0.14400658417367854,0.10148459940299658,0.04413763564791335,-0.3597470833106613,-0.09998351258564633,0.2672542295210652
