1.617795064461365,0.14348698069919735,0.8876449461023567,0.17203066509873233,0.45154530132556486,0.13772259255156954,0.22244397333443813,0.28526174074933025,0.34937216754973577,0.21407878208293016,0.17257915273332314,0.23400593877147174,0.1258689100751679,0.16437040122724061,0.2703301023297224,0.12960594088670782,0.08719806881175177,0.3758726712506113,0.27600938866351854,0.14368022655943147,0.11326287999561906,0.25848190651150466,0.33918144512833154,-0.027408770869736233,0.20753894466119224,0.1348990596618492,0.09582439006064931,-0.09858012675561935,0.2680585443440256,0.25187483155349727,0.2562837658499595,0.07966064516585912,0.12184429076610113,-0.34948210601740753,0.22900030530917015,0.2875208431353113,0.04227399056733115,0.11053622007884029,0.35758267482173833,-0.040428317897928466,0.09697002015782771,0.052725550534211255,-0.0083765563461287,0.02046315579838084,0.30041668416382117,0.3156343098610742,0.12637653408272537,-0.20645011700966734,-0.0068232546968353324,-0.03212687684692306,0.028012103088297064,0.1631999046589955,-0.1080955229366546,-0.022710150858454726,-0.02750290391634603,0.018989490154355984,0.33071622533622774,0.26357315668107784,-0.8199714250636383
0.14348698069919735,2.2744973468028205,0.0440297850740281,-0.8954618722245662,-0.18479937581148395,0.4322970522756883,0.04875709805451945,0.0580003957668744,0.1780575772417555,0.10057299014760465,0.019687704372760646,0.03434080431861938,0.028548213037116094,0.017573418276697957,0.02401596543897375,0.0045466943836379795,-0.05052820758546839,0.403827038990978,0.012962765516645913,-0.045411811621862475,0.16630240972336624,0.10239050738701393,-0.10572881922390145,0.028314225686431955,0.03552046961680469,0.1176900363885206,0.2442160665152686,0.31020287956589715,0.12530527275734626,0.0785242926191005,0.0130109732497766,0.045734388015109,-0.02173090701568261,0.03863760862991896,0.2693216354742925,0.015163768012112243,0.2877972889668592,-0.019896021523658096,0.06777736516255892,0.0905292017989368,0.07748680963741168,0.09833900326079872,0.2531112894653512,-0.03254457043210854,0.2852722012479647,0.05563761285103389,0.1185942472889251,0.013675402655804587,0.20320476773132778,-0.34457236423040905,0.330617426458718,0.4374381190698639,-0.31862672210895837,-0.04030238180812494,-0.31644496894498986,-0.043707786277350086,0.01944818900287835,0.24518419568666183,0.04739633351986802
0.8876449461023567,0.0440297850740281,2.0979433800266265,0.5788556844838177,0.16161355059178328,0.45871367246186956,0.08944854935523477,0.5703964446100573,0.6754563460071902,0.40777448701677554,0.32248494396029037,0.30435354017544447,0.28571079640508645,0.29147144227568395,0.3620596921205057,0.21403373855773625,0.3629253242578906,0.41944659491776964,0.4587590651961663,0.4461267615613161,0.23573594331134531,0.4301314300222251,0.24262213691930873,0.2689073015191226,0.28889505616475397,0.3009243024993187,0.14605332271342308,0.16948779917823897,0.5228331553902661,0.12603826653225994,0.311716550355962,0.2364576705110175,0.049476150609560184,0.1523103596330665,0.3947710172192895,0.5394998327817366,0.23855183530612453,0.2573123137075235,0.5315170812280468,-0.14786068484177978,0.2798300793642898,0.20105490940078743,0.01614019542989449,0.033854744474891195,0.4560628720019479,0.5169489727192031,0.33673056953386993,-0.3182919528547859,-0.12096084303509932,0.07898024400924993,0.004456656804633341,0.23763009559453888,-0.15628493275868777,-0.08713239115802318,-0.11856329449072546,0.03399464036776519,0.14702222432694892,0.238149509018708,-0.6530454584536683
0.17203066509873233,-0.8954618722245662,0.5788556844838177,2.9747463068092412,0.22551720982243903,0.7099114643775332,0.019841266761381815,0.43204272817359035,0.06823804816640519,0.013042440985387609,0.33071441964075105,0.4376981100545558,0.2317611725484219,0.3354731867169885,0.11612050970228871,0.4086953990037988,0.3500504501505706,0.06496115146934987,0.45474787614759005,0.4953833876085477,0.12756371451390708,0.21162662612762115,0.040589721777075774,0.2249529309277423,0.20198773234606426,0.3446887303954004,-0.03394971373666585,0.16223307336509954,0.4983999719664643,-0.18927048785235698,-0.06782078470786229,0.46625384624535837,-0.005284521878265661,0.30344028025078584,-0.5284109657396824,0.2039272382201452,0.006591437815259766,0.26287244238569346,0.13061182710934638,0.10757383725616355,0.07548771107433448,0.10214212968692236,0.13510756437087626,0.09538317441738467,0.012826795004457965,0.20175004665715443,0.21421719658386967,-0.11255786038185508,-0.033657829594486675,0.24555869876870273,-0.05605710078220604,-0.04107065869011702,-0.1564696264845443,-0.06076946348495041,-0.23614385887349024,0.052136923228607045,-0.2254393843511059,0.3701694027636883,-0.14653748782462256
0.45154530132556486,-0.18479937581148395,0.16161355059178328,0.22551720982243903,1.4470885332167744,0.0624472528737684,0.1806286545675071,0.42256911995302154,0.196870273055002,0.11223042557478234,0.15501629411944742,0.20080750513889895,0.18877827756653667,0.2655567697007574,0.19519965379904938,0.2727781941827091,0.2042680290456198,0.20998456128733645,0.5033961354343114,0.1946252518987595,0.13733494435433485,0.22265737961991924,0.07327104468359799,0.08017449862793344,0.1722563144908904,0.21764454384566015,-0.02771895421891048,-0.04554586635633349,0.26661870540343297,-0.0369870771094598,0.08079416829233559,0.18222650595052894,0.07807340418375744,0.3103966408722062,-0.1716538975351625,0.1937309699767206,0.185170655554218,0.11155926145376122,0.17856792354762074,0.035896651657658596,0.16368766802449547,0.1284030981360291,-0.03715671880407029,0.028066569840960218,-0.1474220532472379,0.2001380877642382,0.18423927349604274,-0.038250486496273835,0.33090212632076593,0.2964514879741081,-0.04859726803842026,-0.3059932752742806,0.12478164035395095,-0.10514862961287617,-0.14113980233248946,0.04003114396391437,0.0024513089138308306,0.2675091269030968,-0.2514509880784751
0.13772259255156954,0.4322970522756883,0.45871367246186956,0.7099114643775332,0.0624472528737684,1.2628687454058958,-0.02774039460818759,0.4395978889265344,0.3800654962510199,0.13295046195573101,0.2677469776848224,0.2769000074699999,0.24006797271403416,0.37547768395518544,0.18465332152219377,0.337918662054797,0.3692811167872066,0.23268901621389082,0.6716465535018323,0.5062825140684905,0.27721615606233935,0.3350397547910998,0.004081517166142267,0.24752874426058113,0.2089117667769756,0.4793329261521012,0.20965506224163977,0.20180840598807823,0.632894678100759,-0.11275500433963204,0.12882469572921032,0.39753837471596354,-0.0868594024361294,0.43238341749355763,0.011758783092030142,0.1604416065395294,0.247129634516259,0.26995289753122775,0.17207602948623585,0.15674615219217725,0.1749800316553929,0.21049730130371697,0.2968771460683323,0.038745648903661854,0.1665010917314045,0.22118638379817349,0.4240026426795521,-0.0704282794205948,0.4080070832809917,0.27059635445150215,-0.09018991232917752,0.09994240181405385,-0.24155799908874026,-0.053018390912951796,-0.3176785212387627,0.10459611793678546,-0.17094572157162718,0.4051740286507443,-0.15943767487527338
0.22244397333443813,0.04875709805451945,0.08944854935523477,0.019841266761381815,0.1806286545675071,-0.02774039460818759,1.0035665653127157,0.06091268249798359,0.3260754495434682,0.21891055254944816,0.22278583297558044,0.3123513810586351,0.22007019446669804,0.18075945508629648,0.1709157713824558,0.22123659581737817,0.19521599813962934,0.2791567513052378,0.03659298753963625,0.03461046347130165,0.18997152451695373,0.2851397822841195,0.06906674234188372,0.24891246636223743,0.1878273892752844,0.1625140507587432,0.12836275599692684,0.1011057104494778,0.13807975472459882,0.2354095301967981,0.25850808154185695,0.02906379813204421,0.1638249241683047,0.24339653708401449,0.21977665992899093,0.2732234076906671,0.2577096846656226,0.03430598051193392,0.2847236004856793,0.023306259852459855,0.17222639799916356,0.1566678486891269,0.07274553717120501,0.030699159666238533,-0.04635376573846248,0.24387360401642286,0.07599218252485895,-0.08435706314532727,0.2419168653012158,0.07516157774984557,-0.08771699002948566,0.019392883921022758,-0.01112719337232758,-0.09075426745742862,0.019712800512429487,0.08520359922036377,0.039717834114119575,0.0005490855174020187,-0.16500731431176674
0.28526174074933025,0.0580003957668744,0.5703964446100573,0.43204272817359035,0.42256911995302154,0.4395978889265344,0.06091268249798359,1.0717481416766488,0.089935583058285,0.1954431598232298,0.1951661406585213,0.07659959651614942,0.2239276685102445,0.3236188849828112,0.18200915380701102,0.2497893900174839,0.38080623263190444,0.18810730380048105,0.4256599157995231,0.4253819422094458,0.18421290057912165,0.16318882680893693,-0.13710111586668022,0.10453000613917876,0.24541182754298652,0.2987842085483794,0.12444346186831064,0.22275238562343386,0.30512934541333203,0.014427532814086933,0.09243208242052862,0.21782579797408602,-0.029299632138107243,0.39259233834424423,0.227197892073229,0.07195766998871728,0.39189322325232195,0.2206878805982896,0.39231456165803563,0.06578205004391793,0.22318805137816392,0.1789003164578565,0.21561115761979352,0.026052474555369638,0.27052910322036683,0.19257885162713115,0.4413467630599728,0.012733577081340167,0.39992234526897924,0.2331135677274766,-0.061141811233368364,0.06188862482277468,-0.13433694573542043,-0.05754549208641101,-0.5439058542384334,0.031219951843154205,0.08331974394095948,0.7106725011235158,-0.5875956068709327
0.34937216754973577,0.1780575772417555,0.6754563460071902,0.06823804816640519,0.196870273055002,0.3800654962510199,0.3260754495434682,0.089935583058285,1.0468273272058233,0.1973551256683528,0.20666394592862128,0.2544443734459919,0.26390486009254915,0.285247803122825,0.16138433226879237,0.20299540660855567,0.24354568244344937,0.39921127931068656,0.33679002078217835,0.13041226988890295,0.2095169717164045,0.5566095982594161,0.22882842386718655,0.2980415574133125,0.17367067128641808,0.26420742544062714,0.15803186779500497,0.06374335441534625,0.35250638711699506,0.05923193409114676,0.4849836383950174,0.12003947444268036,0.147212004890598,0.17628138382831304,0.1792537902366041,0.40098773215214045,0.13679987388185375,0.10242119821383239,0.31153766040482866,-0.053602131493355694,0.12877285888411616,0.13915439331124047,-0.016620995269582238,0.029598057754900743,0.013193721282003102,0.3826576643348991,0.19548979017475152,-0.25506575550979776,0.15367873230141296,0.10166754768004438,-0.021599068854661365,0.11714540033588619,-0.11067086321675372,-0.12472735470723179,0.09362103700902738,0.3267456453022689,0.05055629168554359,-0.05612603821948627,-0.5234822823736734
0.21407878208293016,0.10057299014760465,0.40777448701677554,0.013042440985387609,0.11223042557478234,0.13295046195573101,0.21891055254944816,0.1954431598232298,0.1973551256683528,0.5553981301505674,0.13429661905133508,0.12788957322200403,0.16787999581981078,0.19125406427119832,0.26500408128043257,0.16790405429623478,0.27606567692484235,0.18603776010739362,0.09421702212300159,0.21616869893630664,0.1685094986813497,0.1772529749873798,0.009784021007456763,0.16749812412276938,0.17109954691889015,0.13591431523042738,0.18512635364680902,0.11722666786057648,0.1825818677253864,0.21751527150233352,0.14277461255636886,0.08866831405346587,0.06609647523119447,0.2655629145634286,0.2763794329411557,0.19153944460965633,0.33675712365269345,0.11350453600565724,0.3196272546440214,0.08888879336650746,0.27326664631209596,0.1689408139539183,0.20001504632125397,0.020839144412632727,0.1736535521448194,0.22868544819261463,0.3328010736012452,-0.05068762937527312,0.2594278254852485,0.05550966554768908,-0.0509603084135199,-0.03311380140961206,0.026768019175367724,-0.005656061914559444,0.02341070388378191,-0.07071070873553273,0.06993752152691639,-0.047128336919089645,-0.017565011131288572
0.17257915273332314,0.019687704372760646,0.32248494396029037,0.33071441964075105,0.15501629411944742,0.2677469776848224,0.22278583297558044,0.1951661406585213,0.20666394592862128,0.13429661905133508,0.5715169913228193,0.3076490169962654,0.24556244808997787,0.19699578488556524,0.2621976450859774,0.2565536165229207,0.2615001322862055,0.184707400376256,0.17087650414122185,0.27157249683830553,0.18337151847279332,0.21603727721177532,0.052630523309562076,0.2424343840551656,0.21239483895030786,0.23148095896219384,0.1450390339661036,0.06585256648737513,0.28825233300671765,0.08651841235809501,0.13720841648178408,0.1934729864825933,0.0564362899513022,0.26635600420671185,0.1866201318857622,0.2277027316203486,0.2013803764902146,0.14843337576781934,0.28817692178452964,0.04493214076165893,0.14665177339707547,0.162380948128951,0.1077315416440586,0.023351095837221295,0.10808105450397525,0.24236217802534327,0.2090507114995337,-0.08121199550678315,0.03128330012577989,0.024865740402974155,-0.09496000491509134,-0.04131619244518596,0.15546580113113162,-0.05677231425689839,0.015047465469201124,0.056350876090533575,-0.10087927609538151,0.002361286269772163,-0.0806123073201501
0.23400593877147174,0.03434080431861938,0.30435354017544447,0.4376981100545558,0.20080750513889895,0.2769000074699999,0.3123513810586351,0.07659959651614942,0.2544443734459919,0.12788957322200403,0.3076490169962654,0.6868049044115239,0.1942886563814471,0.20359848126834043,0.08474789137115962,0.2727976846154222,0.15218827408879168,0.33956570803900077,0.20278244343652085,0.13337638570789365,0.16893315444276838,0.2556289261464374,0.17642916058375366,0.20301174111351625,0.2383262577376493,0.2477314154210255,0.08846581781756392,0.00861817973040777,0.25891349482157355,0.081249987023212,0.13653068178924863,0.13965054295271123,0.14027014548404904,0.19616238280099932,0.2102664782530064,0.2077240444177058,0.2040016610573425,0.08491926777383271,0.2682929384782138,0.05770079128177891,0.06411721600504205,0.14602756472517783,0.12406603142452848,0.03505688894535989,0.053955062151138745,0.22927318528154236,0.19529111363695842,-0.07984339051812532,0.23287527594748103,0.035189429462560776,-0.05390771784099961,0.056397177942484236,-0.06850009354401215,-0.085863129586988,-0.031101862155015394,0.007128224192883758,-0.01648319591282781,0.09363184790406348,-0.16456890585920889
0.1258689100751679,0.028548213037116094,0.28571079640508645,0.2317611725484219,0.18877827756653667,0.24006797271403416,0.22007019446669804,0.2239276685102445,0.26390486009254915,0.16787999581981078,0.24556244808997787,0.1942886563814471,0.39249897781485166,0.21111791492169035,0.12381686251068794,0.24594188986547957,0.2620839390404308,0.17823080048196988,0.1869835593473007,0.22298818246547877,0.15144128515369454,0.2586320736133037,0.06971405077602788,0.2133330683852511,0.15745161078117653,0.177464122354479,0.08404247282933558,0.0467556063378928,0.29796971817435547,0.11393083571417849,0.11981709109785413,0.12593009914002773,0.07941345947436275,0.24761436819462412,0.17255544526072947,0.18300444654388262,0.2480981662060284,0.1189761002987373,0.28137896559358483,0.04212210611575281,0.16308974664903234,0.14227097423608237,0.11382137540322944,0.0360427023634729,0.05662687670180929,0.210554932546491,0.21409020792515351,-0.07446175290760307,0.16369812272015763,0.19309111050541428,-0.06030964133360655,-0.07961980793960326,-0.009984490371827328,-0.06431679955828136,0.13259794957080615,-0.02345591627423376,-0.14248790471737827,-0.16223859611649077,0.20120209668884703
0.16437040122724061,0.017573418276697957,0.29147144227568395,0.3354731867169885,0.2655567697007574,0.37547768395518544,0.18075945508629648,0.3236188849828112,0.285247803122825,0.19125406427119832,0.19699578488556524,0.20359848126834043,0.21111791492169035,0.6669598615797275,0.27109149233348834,0.41239895290106504,0.3907357162135069,0.09799125742827311,0.3078976428278771,0.3129311845900252,0.25474989643764373,0.30455795234624894,0.02152420462000599,0.16887625537073594,0.2013073232662997,0.3289775355476552,0.11591317821056897,0.09843530467678753,0.38336431338294497,0.11537980605659488,0.15119661120788258,0.1666687599886801,0.028120072993616595,0.3277248019356233,0.22545693855211635,0.19993455500400115,0.2964326893900184,0.1689028419633911,0.21799735404670784,0.10400782671913245,0.276286568586195,0.21695331664124684,0.16211840052575627,0.03176528127404333,0.05451251141115205,0.22162494789652568,0.36489539621866796,-0.07453439650357908,0.5161161749961927,0.10457604645075667,-0.11141117069339214,-0.07805919218287381,0.04284113850931629,0.017523818803536165,-0.24787162297423965,0.023706242004504156,-0.15688446535890935,0.3417482115716037,-0.13376342357261187
0.2703301023297224,0.02401596543897375,0.3620596921205057,0.11612050970228871,0.19519965379904938,0.18465332152219377,0.1709157713824558,0.18200915380701102,0.16138433226879237,0.26500408128043257,0.2621976450859774,0.08474789137115962,0.12381686251068794,0.27109149233348834,1.1502648208573651,0.18625070090967422,0.28169488945902,-0.007362523832588214,0.2175599933674921,0.24830423227411866,0.20617207550197486,0.11558380568023083,-0.18844004239867274,0.24320200883349696,0.2611553928957027,0.2292080996415593,0.21524486201712797,0.22582170584727057,0.2775960869410521,0.15796317578063962,0.11089189698186534,0.1524782139427996,0.03319496092328089,0.2421411467819643,0.22437872921371485,0.19809502042167976,0.1594094926822048,0.12651291400844344,0.23161617515036795,0.06636088155438309,0.22424222797373788,0.1767215161681301,0.0991178523845007,-0.004084954761706884,0.048258966071586265,0.18704570975387685,0.21531912191928043,-0.06288722151721411,0.15515283784165904,-0.13558987269965836,-0.22863883699239354,0.10357153561600106,0.23100693047526694,0.07033665005061356,-0.051463457923863073,0.17914829406380942,-0.19930294453726874,0.09468378115745466,-0.12473206600075033
0.12960594088670782,0.0045466943836379795,0.21403373855773625,0.4086953990037988,0.2727781941827091,0.337918662054797,0.22123659581737817,0.2497893900174839,0.20299540660855567,0.16790405429623478,0.2565536165229207,0.2727976846154222,0.24594188986547957,0.41239895290106504,0.18625070090967422,0.6586161868072639,0.34356754347618895,0.16162443468000603,0.26756005148902295,0.23863561149990212,0.24105744485945754,0.3642043734285812,-0.043834879089563086,0.20263124855454193,0.214978075410603,0.26434684349778115,0.08226850550641358,0.1944070284469799,0.37950133115193757,0.16941451052482143,0.10844875167304407,0.17996187147125653,0.060184810721516435,0.3154339244610669,0.28779321512235173,0.2065031656222639,0.27785527326097437,0.1350536513921926,0.2870139272176217,0.10089622212840568,0.23276635789582914,0.2222948528458019,0.16420188194858276,0.03260436027844525,0.04236162578222824,0.23107012207886654,0.3104599649543438,-0.09203970667227421,0.3893616556337167,0.049194976685549945,-0.1472768213921882,0.021630366537582484,-0.012118099269995238,-0.02584707516522617,-0.14922934378981464,-0.007305034056120958,-0.1752669063793086,0.20740938648364754,-0.02045448465860384
0.08719806881175177,-0.05052820758546839,0.3629253242578906,0.3500504501505706,0.2042680290456198,0.3692811167872066,0.19521599813962934,0.38080623263190444,0.24354568244344937,0.27606567692484235,0.2615001322862055,0.15218827408879168,0.2620839390404308,0.3907357162135069,0.28169488945902,0.34356754347618895,0.9850759859911044,-0.011004251289423006,0.2894448753818761,0.40494590127197827,0.26004670108779493,0.27437481254279594,-0.02728049866584793,0.16968206201342956,0.2301492395296607,0.2561044373742501,0.22673627517674827,0.1248977414518508,0.39920291615540326,0.10494503890129214,0.12380942231665727,0.22429169168200405,0.15438989393281013,0.4324028745524491,0.1921573889961182,0.18222729127723433,0.4835760857971446,0.2174528775538845,0.3005078696376928,0.12269000312794441,0.3113808844738758,0.24185354749254928,0.24412495358083436,0.028307821720955167,0.12856853718889164,0.2774058435206489,0.5164099835663176,-0.032240961979386466,0.4251950606475,0.4718540054792795,-0.08017169803239903,-0.1941315182832531,-0.021720818366893446,-0.04268481948539352,-0.15063547638684902,-0.03039359601823481,-0.16230750523323986,0.20928840980925603,-0.013523598117130498
0.3758726712506113,0.403827038990978,0.41944659491776964,0.06496115146934987,0.20998456128733645,0.23268901621389082,0.2791567513052378,0.18810730380048105,0.39921127931068656,0.18603776010739362,0.184707400376256,0.33956570803900077,0.17823080048196988,0.09799125742827311,-0.007362523832588214,0.16162443468000603,-0.011004251289423006,1.2793458802569226,0.24273581534726626,-0.09460150463052373,0.16993791432110683,0.3175819746004984,0.28283499718504107,0.28697198064095936,0.14862978875446992,0.3111094353903801,-0.19179437889390005,0.01841920414268868,0.17792255716522745,0.015409176548838478,0.29486950010131946,-0.06398436837320025,0.11049105202883068,0.051484828822506004,0.14207449234500166,0.13271345281063376,0.29596426626673356,-0.03048705133252458,0.1879716036271114,-0.023535570194597295,9.383234300863279e-5,0.08646082908468891,0.2356539569624184,0.023590676350309366,0.32012504491262644,0.2087662819455901,0.15928858076149258,-0.0817550848901854,0.07104794969159403,0.04126884990657402,0.33513845059009956,0.2597780284522154,-0.47240062627470736,-0.2320589000229207,-0.053949163564478625,0.10318599572117756,0.21836305632805933,0.13310202837284782,-0.5075942078016051
0.27600938866351854,0.012962765516645913,0.4587590651961663,0.45474787614759005,0.5033961354343114,0.6716465535018323,0.03659298753963625,0.4256599157995231,0.33679002078217835,0.09421702212300159,0.17087650414122185,0.20278244343652085,0.1869835593473007,0.3078976428278771,0.2175599933674921,0.26756005148902295,0.2894448753818761,0.24273581534726626,1.2291068277847823,0.331227239167693,0.18498282884431885,0.2883773884739319,0.07058743022755784,0.14930748449152265,0.13454976009865577,0.2904155419869079,0.05269398184784852,0.2721810576913291,0.3837660796419474,-0.08678351194176066,0.20762237938941858,0.2731978477213147,-0.027659642885345906,0.2532138132147492,-0.10093571528793176,0.3157577140089952,0.018587823834890202,0.18615185585163285,0.14520000410877174,0.05473867796845982,0.20520114579667867,0.1355423393712717,0.02611820597009534,0.03240467335172712,0.09392156801150355,0.2690403171782539,0.09424484898912266,-0.13477408663737958,-0.0012151662641232516,0.18702633102510752,0.2561094244638005,0.3103141430166717,-0.4283378822658484,-0.1166527323089678,-0.22537018440434553,0.1590229843480267,-0.06224536332848427,0.35822984113040557,-0.33977134090216127
0.14368022655943147,-0.045411811621862475,0.4461267615613161,0.4953833876085477,0.1946252518987595,0.5062825140684905,0.03461046347130165,0.4253819422094458,0.13041226988890295,0.21616869893630664,0.27157249683830553,0.13337638570789365,0.22298818246547877,0.3129311845900252,0.24830423227411866,0.23863561149990212,0.40494590127197827,-0.09460150463052373,0.331227239167693,1.219082473121172,0.18609543789585134,0.08348664386337382,-0.10138757625976957,0.18241481060311424,0.13812779406067277,0.43345955802359887,0.273279169081991,0.2393150168841078,0.4534145856395637,0.16968799608624807,0.15031628940183492,0.4937648769125737,-0.11617808851603104,0.4723684306061048,0.04027696641584064,0.2710932283624119,0.3855226256037301,0.5898426872030145,0.23938427798702552,0.17070749656152717,0.40928914683828,0.27025668268128356,0.40655935559773254,0.024708480860628834,0.4658868703580012,0.28881920220645696,0.33170733398820196,-0.02087226690157433,0.1948234078773661,0.17977217307423854,-0.10935720694014156,-0.11962279646303703,0.18154600400425513,-0.037056108471252076,-0.09890497451300373,-0.03009492269829217,-0.12141877527926964,0.1633522515426208,0.013657106580342583
0.11326287999561906,0.16630240972336624,0.23573594331134531,0.12756371451390708,0.13733494435433485,0.27721615606233935,0.18997152451695373,0.18421290057912165,0.2095169717164045,0.1685094986813497,0.18337151847279332,0.16893315444276838,0.15144128515369454,0.25474989643764373,0.20617207550197486,0.24105744485945754,0.26004670108779493,0.16993791432110683,0.18498282884431885,0.18609543789585134,0.5567551410584867,0.22509958948828493,-0.028863350605468036,0.17107453091962063,0.13718079324937835,0.4084568002940403,0.18060567477807832,0.22905572132363,0.1487908681042591,0.17053086158473008,0.2509393672603746,0.09064864231222232,0.14865796342839374,0.29396013945513166,0.3152244370728373,0.26852414115402284,0.40912714480734946,0.11437428295857738,0.17050233918857494,0.1346204587906891,0.3827540259157219,0.32836936221038016,0.2805073421964768,0.023759872825989892,0.11739764259987498,0.27431105068649597,0.3342551910253786,-0.027253143517752015,0.34471584434231545,0.19470481226356845,-0.1313615686237067,-0.044480231055464656,-0.03651491687475543,-0.04159173643612619,-0.09427281004391888,-0.011821838812452629,-0.10022461149029979,0.13725590144398242,-0.025852056137742937
0.25848190651150466,0.10239050738701393,0.4301314300222251,0.21162662612762115,0.22265737961991924,0.3350397547910998,0.2851397822841195,0.16318882680893693,0.5566095982594161,0.1772529749873798,0.21603727721177532,0.2556289261464374,0.2586320736133037,0.30455795234624894,0.11558380568023083,0.3642043734285812,0.27437481254279594,0.3175819746004984,0.2883773884739319,0.08348664386337382,0.22509958948828493,0.7283398763908933,0.2506353813198506,0.22733044939416347,0.17405334187176433,0.212831595363458,0.14447800062940083,0.03579996308661608,0.40445218591658355,0.1536481092476322,0.34642878003300037,0.19682831240695176,0.1209508228247877,0.24378187682270747,0.21734585396143474,0.4199840364906206,0.15028687184552372,0.0801101490516856,0.35520572639388265,0.02295799363322918,0.19152444567009796,0.16984069510118385,0.02715519851688166,0.04378163259626653,-0.06159371520672084,0.39665966746892306,0.26357113744098115,-0.30306953941073816,0.30691912305256674,0.14462994385812206,-0.0534548643869642,-0.03354801487100298,-0.06112431958190069,-0.07577262660381016,-0.004548371328680608,0.1316579434606975,-0.030667289601962508,0.04036250194688241,-0.2770314868713644
0.33918144512833154,-0.10572881922390145,0.24262213691930873,0.040589721777075774,0.07327104468359799,0.004081517166142267,0.06906674234188372,-0.13710111586668022,0.22882842386718655,0.009784021007456763,0.052630523309562076,0.17642916058375366,0.06971405077602788,0.02152420462000599,-0.18844004239867274,-0.043834879089563086,-0.02728049866584793,0.28283499718504107,0.07058743022755784,-0.10138757625976957,-0.028863350605468036,0.2506353813198506,2.3463107240535153,0.1357961806554485,0.2776600191825922,-0.21994616371606415,0.20534693236785148,-1.4188432889233908,0.45724605411092595,0.33874448932985934,0.3567039782654856,-0.3996752065144328,-0.06566274431445533,-0.08316167810279948,0.07550534740980244,0.7084177708776535,-0.1810339791113053,-0.0747120023186848,0.26475150087450533,-0.04122422813616032,0.09825960342038333,-0.05558635978470316,0.06668005724605106,0.1549606802957801,-0.12000369117205638,0.3976105619783783,0.036583849901535265,-0.4202112579938622,-0.2784336958088648,0.09499786720078401,0.17668642901264453,-0.03542706657743596,-0.17833319228552746,-0.006875447519118625,0.2988229744936529,-0.009924644897218015,-0.007297724598225438,-0.265055782175223,0.002275255072487375
-0.027408770869736233,0.028314225686431955,0.2689073015191226,0.2249529309277423,0.08017449862793344,0.24752874426058113,0.24891246636223743,0.10453000613917876,0.2980415574133125,0.16749812412276938,0.2424343840551656,0.20301174111351625,0.2133330683852511,0.16887625537073594,0.24320200883349696,0.20263124855454193,0.16968206201342956,0.28697198064095936,0.14930748449152265,0.18241481060311424,0.17107453091962063,0.22733044939416347,0.1357961806554485,0.9333340072279567,0.2309459673749292,0.1277630439408529,0.14094352814012645,0.06945683396136326,0.2923492384233767,0.22726184314518325,0.20918098057195128,-0.0025841539346386764,0.19870415824559187,-0.013959632128761333,0.1216094128665591,0.28717890240370736,0.2361331964861156,0.10050998584727595,0.31778678286982603,0.0287030693035781,0.10887289050078114,0.1262623822667015,0.1369855292015295,0.015957158708596843,0.05761884341006844,0.23434672502428266,0.12931250590591184,-0.09765622171425878,0.2076536565426981,0.057272246390403715,-0.13619056814388855,0.11508863712217487,-0.006520181700144224,-0.09848971485210185,0.2633237062692441,0.08660885708372373,-0.04069526599358517,-0.35043828180187764,0.1887786784160833
0.20753894466119224,0.03552046961680469,0.28889505616475397,0.20198773234606426,0.1722563144908904,0.2089117667769756,0.1878273892752844,0.24541182754298652,0.17367067128641808,0.17109954691889015,0.21239483895030786,0.2383262577376493,0.15745161078117653,0.2013073232662997,0.2611553928957027,0.214978075410603,0.2301492395296607,0.14862978875446992,0.13454976009865577,0.13812779406067277,0.13718079324937835,0.17405334187176433,0.2776600191825922,0.2309459673749292,0.7537703348032327,0.05890469950384809,0.20768848403730175,-0.12431668471002248,0.51095881533051,0.2725619177391144,-0.08798714706554278,0.1510223137802318,0.08382399507505683,0.3156282893783771,0.2549062327588248,0.18970377070081176,0.25090697477950213,0.08462832430733198,0.4424956865945107,0.035765706887306806,0.1540118707570638,0.1274520431998532,0.19571103944783608,0.04183160949444463,0.06366348558971757,0.2706700703927663,0.3161443570423744,-0.09899437154668334,0.21522451951034324,-0.0841480876674906,-0.1943225742541136,-0.005844895286751362,0.12301960101929636,-0.002679404089133212,-0.08392946888692046,0.07543909635906389,-0.03293412045493051,0.12042395349470912,-0.19452671023241486
0.1348990596618492,0.1176900363885206,0.3009243024993187,0.3446887303954004,0.21764454384566015,0.4793329261521012,0.1625140507587432,0.2987842085483794,0.26420742544062714,0.13591431523042738,0.23148095896219384,0.2477314154210255,0.177464122354479,0.3289775355476552,0.2292080996415593,0.26434684349778115,0.2561044373742501,0.3111094353903801,0.2904155419869079,0.43345955802359887,0.4084568002940403,0.212831595363458,-0.21994616371606415,0.1277630439408529,0.05890469950384809,1.5492699910938441,0.17637255069399077,0.3211853700046502,0.19076592102710765,-0.24116303384302695,0.1826341602975706,0.5070282741271358,0.20273396559361664,0.4599081838529935,0.2531888507434542,0.0234294840702753,0.04621609897482515,0.2305279618125015,-0.4438375497330958,0.2163459391420874,0.06559726025931188,0.34084380340121107,0.5046520905007903,0.017093727126009293,0.013043628365068676,0.20512490499890035,0.32324250501013463,0.04417831017135419,0.3161563397043337,0.5591068426666956,-0.2507309895093902,-0.10479072088658839,-0.2712782014178862,-0.09085793229991823,-0.1609297846288226,0.04009154612216777,-0.09165551112738354,0.24832385220184794,-0.19518702357762727
0.09582439006064931,0.2442160665152686,0.14605332271342308,-0.03394971373666585,-0.02771895421891048,0.20965506224163977,0.12836275599692684,0.12444346186831064,0.15803186779500497,0.18512635364680902,0.1450390339661036,0.08846581781756392,0.08404247282933558,0.11591317821056897,0.21524486201712797,0.08226850550641358,0.22673627517674827,-0.19179437889390005,0.05269398184784852,0.273279169081991,0.18060567477807832,0.14447800062940083,0.20534693236785148,0.14094352814012645,0.20768848403730175,0.17637255069399077,1.436261631179977,0.13690347442018563,0.08919677294199446,0.2487514859995297,0.1765747455047685,0.24042927467971428,0.1911472829593152,0.24515682934582061,0.32101896079527154,0.46598660514279755,0.27164949850644965,0.13967153036739127,0.24072911588995854,0.2723067284087289,0.27657386071179635,0.227775567144943,0.7339109996768391,-0.0261181910144475,0.21104598337961963,0.3712435389302204,0.20416680633267353,-0.1670141662342258,0.14270028125318157,0.015550532462775072,-0.21226762562275758,0.009019263595848303,0.11080396880461535,0.08211111830098583,-0.008607215794356218,0.06577984519391665,0.06984970804434328,0.020558408478816115,-0.17772966300020784
-0.09858012675561935,0.31020287956589715,0.16948779917823897,0.16223307336509954,-0.04554586635633349,0.20180840598807823,0.1011057104494778,0.22275238562343386,0.06374335441534625,0.11722666786057648,0.06585256648737513,0.00861817973040777,0.0467556063378928,0.09843530467678753,0.22582170584727057,0.1944070284469799,0.1248977414518508,0.01841920414268868,0.2721810576913291,0.2393150168841078,0.22905572132363,0.03579996308661608,-1.4188432889233908,0.06945683396136326,-0.12431668471002248,0.3211853700046502,0.13690347442018563,3.0034954060551713,-0.4660171280647802,0.09352567350137483,0.11073945821341027,0.49399910655303086,0.0012059702587885615,0.13837523971913554,-0.014578094066850475,0.6146259048291548,0.11349314564005585,0.1403496582059747,0.050636000154897796,0.14734348689296628,0.3980412274564549,0.2652269440778632,0.32086729670360065,0.13716357627501996,0.296434966137703,0.19257374778069197,-0.31591744609144207,-0.14501085124302165,-0.4076606806888806,-0.6869525423688801,0.14273551514591573,1.231375804356974,-0.941884966599844,0.06966683504188798,-0.4075633165395465,0.07405730393675684,0.012249701581740812,0.38990738184657253,-0.1062212212882253
0.2680585443440256,0.12530527275734626,0.5228331553902661,0.4983999719664643,0.26661870540343297,0.632894678100759,0.13807975472459882,0.30512934541333203,0.35250638711699506,0.1825818677253864,0.28825233300671765,0.25891349482157355,0.29796971817435547,0.38336431338294497,0.2775960869410521,0.37950133115193757,0.39920291615540326,0.17792255716522745,0.3837660796419474,0.4534145856395637,0.1487908681042591,0.40445218591658355,0.45724605411092595,0.2923492384233767,0.51095881533051,0.19076592102710765,0.08919677294199446,-0.4660171280647802,2.9659096699914405,0.395726307448614,-0.32214105387233605,0.5062406916402004,-0.02037207145554882,0.4035549042114589,-0.12610175142165184,0.45532173074363536,-0.9452553872312475,0.17032962075789093,-0.03844330182162677,0.07493387489323425,0.22290557002512143,0.02683556726498479,-0.1843203568983369,-0.09403441182498828,-0.4297011714891855,0.40769510278838444,0.5037585367713024,-0.27980824328900517,0.7712324485999905,0.5244061186104826,-0.4073754706430149,-0.3690572957443653,0.08586638604619105,0.0007378919091378143,-0.07109745141132462,0.03734130888775142,-0.2652744861751672,0.17498245439510732,0.06555544693519952
0.25187483155349727,0.0785242926191005,0.12603826653225994,-0.18927048785235698,-0.0369870771094598,-0.11275500433963204,0.2354095301967981,0.014427532814086933,0.05923193409114676,0.21751527150233352,0.08651841235809501,0.081249987023212,0.11393083571417849,0.11537980605659488,0.15796317578063962,0.16941451052482143,0.10494503890129214,0.015409176548838478,-0.08678351194176066,0.16968799608624807,0.17053086158473008,0.1536481092476322,0.33874448932985934,0.22726184314518325,0.2725619177391144,-0.24116303384302695,0.2487514859995297,0.09352567350137483,0.395726307448614,2.3085094774107495,0.31523549769157727,0.02802860026464681,0.21030144691725516,-0.21338221911279998,0.6736770386688193,0.5371142130842924,0.30695943271718923,0.0831555903396532,0.4617350266379985,0.034419965953265595,0.517409194597734,0.20596328138791112,0.8230977472980514,0.10221390552730092,0.5628384838151796,0.45168933260934424,0.2762933359320982,-0.229042602099891,-0.11912463750755196,-0.11688782532150847,-0.2181611371764579,-0.044135799710286604,0.13626573660682972,0.062168904264699905,0.0982529845011048,-0.2968707854343838,-0.04964720588917539,0.12130764314423603,0.31510253365485097
0.2562837658499595,0.0130109732497766,0.311716550355962,-0.06782078470786229,0.08079416829233559,0.12882469572921032,0.25850808154185695,0.09243208242052862,0.4849836383950174,0.14277461255636886,0.13720841648178408,0.13653068178924863,0.11981709109785413,0.15119661120788258,0.11089189698186534,0.10844875167304407,0.12380942231665727,0.29486950010131946,0.20762237938941858,0.15031628940183492,0.2509393672603746,0.34642878003300037,0.3567039782654856,0.20918098057195128,-0.08798714706554278,0.1826341602975706,0.1765747455047685,0.11073945821341027,-0.32214105387233605,0.31523549769157727,1.9967036746024627,-0.6086454759592037,0.2305892466577269,-0.008191960015130577,0.5460579052647458,0.5002418252663041,0.723143803400902,0.12688528977955407,0.28834760954707606,-0.1742198463181816,0.22626766911860155,0.2335070692175414,0.04019342390038793,0.08703026688948033,0.2789385432737494,0.45190139503328247,0.19397465841147546,-0.250631445053475,-0.4030031845319004,0.2365791868314699,-0.17437231476637133,0.3947693495917142,-0.30872822819942086,-0.11068567486861643,0.34212752480155456,0.4023968990017984,0.299796631628967,-0.27254118205866923,-0.6355182994428463
0.07966064516585912,0.045734388015109,0.2364576705110175,0.46625384624535837,0.18222650595052894,0.39753837471596354,0.02906379813204421,0.21782579797408602,0.12003947444268036,0.08866831405346587,0.1934729864825933,0.13965054295271123,0.12593009914002773,0.1666687599886801,0.1524782139427996,0.17996187147125653,0.22429169168200405,-0.06398436837320025,0.2731978477213147,0.4937648769125737,0.09064864231222232,0.19682831240695176,-0.3996752065144328,-0.0025841539346386764,0.1510223137802318,0.5070282741271358,0.24042927467971428,0.49399910655303086,0.5062406916402004,0.02802860026464681,-0.6086454759592037,2.7885131326437103,0.15084495281956364,0.4155411521282616,-0.23094161001790187,0.18248438911572545,-0.7846778379888213,0.3071254989384366,-0.43883696299775576,0.19881058029814544,0.1132418593844194,0.13673348039877226,0.1887778559172679,-0.004919504012968309,-0.15664403233802254,0.5383798424388357,0.33991896438635405,-0.23426006551403464,-0.3651169756665884,0.00483546826088025,0.22869017019701984,-0.21418005458189407,0.13317703879452497,-0.006218595838205367,-0.29954299813382196,-0.00754244001125285,-0.09849944724091464,0.2693304506623911,-0.3679214682084091
0.12184429076610113,-0.02173090701568261,0.049476150609560184,-0.005284521878265661,0.07807340418375744,-0.0868594024361294,0.1638249241683047,-0.029299632138107243,0.147212004890598,0.06609647523119447,0.0564362899513022,0.14027014548404904,0.07941345947436275,0.028120072993616595,0.03319496092328089,0.060184810721516435,0.15438989393281013,0.11049105202883068,-0.027659642885345906,-0.11617808851603104,0.14865796342839374,0.1209508228247877,-0.06566274431445533,0.19870415824559187,0.08382399507505683,0.20273396559361664,0.1911472829593152,0.0012059702587885615,-0.02037207145554882,0.21030144691725516,0.2305892466577269,0.15084495281956364,1.984336458811852,-0.277431561922825,0.025112869828395484,-0.3144425979648164,0.3579810550819472,-0.015343408689365155,-0.12030722680244141,-0.03722629687482081,-0.3127263172660089,0.11082287374397172,0.3401789610282728,0.04171449495877062,-0.5365684181406714,0.28216155951060384,0.39398180374078645,0.22054501015425532,0.3887380801391975,0.36487650241738107,-0.35534956269957313,0.08587180264022845,-0.004979099798135633,-0.24111699011111842,0.1692576079706258,-0.04224438715709766,0.06257160362292956,-0.14771369160912062,-0.11425463959032174
-0.34948210601740753,0.03863760862991896,0.1523103596330665,0.30344028025078584,0.3103966408722062,0.43238341749355763,0.24339653708401449,0.39259233834424423,0.17628138382831304,0.2655629145634286,0.26635600420671185,0.19616238280099932,0.24761436819462412,0.3277248019356233,0.2421411467819643,0.3154339244610669,0.4324028745524491,0.051484828822506004,0.2532138132147492,0.4723684306061048,0.29396013945513166,0.24378187682270747,-0.08316167810279948,-0.013959632128761333,0.3156282893783771,0.4599081838529935,0.24515682934582061,0.13837523971913554,0.4035549042114589,-0.21338221911279998,-0.008191960015130577,0.4155411521282616,-0.277431561922825,1.900818691371113,0.19199383737521974,0.1598310886580941,0.4993499357365266,0.2162742335578857,0.04584265037552299,0.0888337542926887,0.4888646355181356,0.36164970143694236,0.3821841937092029,0.10046606108584329,-0.1490669850569035,0.22394552610947976,0.6093534653043813,0.058404856915369015,0.4207679263481267,0.12778213297139807,-0.08742160491881208,-0.4462755552838814,0.36374527448536614,-0.051794984147854,-0.3227565791798955,0.056100352134609136,-0.32246187936741166,0.3048105453772538,0.18959296075155552
