0.5568444753332942,0.28452268287801613,0.34218004133036867,0.033583773101574066,0.047754172347607975,0.11901037296379274,0.17156344550654692,0.08792712563295194,0.15923348169554785,0.10210163413422664,0.12059782964276458,0.11309824463786654,0.06567392911767772,0.10994873654246062,0.12197838833435379,0.10439109908612634,0.09849189512505419,0.13934673593050234,0.0871774771732587,0.1097860720734491,0.12449501206728854,0.11284580493211557,0.09248496762812716,0.057778350131849975,0.1245747933090354,0.08221456056383707,0.13613998661579937,0.06720179755476799,0.095642157092999,0.012454219882339353,0.13538379414220494,0.10956260324741161,0.056046447491000094,0.030729804414643763,0.11756648939895323,0.13300621659490558,0.09687510997694897,0.06235338417434956,0.1210518942315579,0.023890917396091352,0.1055217152645514,0.09593447215595204,0.11705344418446585,0.030026517029561103,0.06271653961789878,0.1479518357409465,0.0724464850377831,-0.006896694733318805,0.039076299469512354,-0.022756295756306145,0.0016157619923645088,-0.003438719169074907,0.007480298470701648,0.007645171056640253,0.09459145088616222,-0.0029972895216684304,0.10174752558168104,-0.0532811956707563,-0.1086901565061788
0.28452268287801613,7.347738177788984,0.21636395115479173,0.39689690925333493,0.47155222107878947,-0.0005432209519262233,0.5529838998706434,0.27943031671472596,0.5868286117412198,0.4525742057559334,0.5340239177874497,0.5492123260053143,0.36029857475272165,0.25956536867265656,0.5650120524424637,0.33210649087265265,0.37513569428587523,0.8032583922603916,0.31954209413357826,0.46880733870335856,0.5333747505860962,0.09042745223299324,-1.0195126489974249,0.061257350226547526,0.1768477745620558,0.4964866897439321,1.0169750298816347,1.0154201196270305,0.4120104029279176,-0.21649985758818466,0.2725383834749269,0.22721140661176256,0.03562426365212906,0.3096241767044278,0.43130755585724506,0.41158085090461993,0.18390024322138943,0.21206795614687465,0.08853220531479936,0.1648347747986987,0.08741026535233133,0.2262902768810704,0.4781039734777684,-0.1750066614575794,0.3358726627386062,0.08795472599742978,0.15537366688053106,-0.03747501009841188,0.1623092361795448,-0.20171036576540907,0.4230142427021761,-0.46446275402807813,-0.019056426635801996,0.01800832317682978,0.07167136842945196,0.04533210492305443,-0.541814992450702,-0.10132586427331261,0.40621848813024464
0.34218004133036867,0.21636395115479173,2.6798569355468485,0.005515274935647622,-0.8097169002458403,0.23144775653069907,0.16726416243299017,0.18031864558596203,0.41150871954954127,0.013877536904259007,0.05927040943001758,0.1254620800250802,0.11291848182516918,0.1354742412226669,0.250577178885248,0.173738057616034,0.19072892918478296,0.11173038571393429,-0.18096218953863713,0.2431525800469476,0.23813528610491289,0.22469643716796173,0.4058040439694402,0.13122405445569732,0.23659912275137004,0.23930500830524715,-0.06274380638944158,-0.0008370349347446864,0.35167699878372577,-0.33181611079735396,0.13363491615772913,0.06388669559317753,0.16065208913744772,0.12048062349150067,0.32764730943225207,0.16837708619187516,0.10517820770617835,0.1607507954381437,0.06430889882153312,-0.47136716635804987,0.09179858551790841,0.11551436731549222,0.08270804235489382,0.13891544506966272,0.24089234625059666,0.3506410237914755,-0.00368537322821484,-0.040082322330513065,-0.05186475435291086,-0.04099324575990026,0.008139515017905273,0.29447892061015435,-0.11044082710423077,-0.06612043456384628,0.05800544529076892,-0.23259449041099697,-0.7148934922546689,-0.25682622491502166,0.9218185363866207
0.033583773101574066,0.39689690925333493,0.005515274935647622,1.1812210829890812,0.6424921316908623,0.397538114348317,0.33773521802318873,0.35962826684851035,0.28989565628578967,0.34132050353079757,0.3178072252338637,0.3719960153942647,0.2224255915729731,0.3424322045519045,0.269447577881633,0.35927189297948986,0.3093492868901058,0.32967425619007573,0.5096702022469907,0.27560505511746414,0.3434145723671289,0.26736259224720343,0.09176516372727071,0.3575032459173114,0.27238353972298235,0.34879106017518646,0.24882598367571956,0.1756008338191099,0.2538010802040604,0.27035636206881136,0.2594890999147944,0.3131770055696465,0.3699122164966176,0.2553216065908953,0.055372959565868615,0.3291641736248896,0.35863847479026556,0.16274320233160924,0.3084369701591091,0.09272581370953514,0.3263028535006985,0.21729411881314445,0.27463517734968457,0.08759573992961951,-0.09432603043063803,0.36114379459528007,0.2919381173476314,0.02094160821385543,0.15213127264009768,0.1630512386578743,-0.08353764387630506,0.10393993199106177,-0.013208543086753132,-0.18356721566515316,0.01569123951859262,-0.09326726891801364,-0.1549203907289561,0.1528440703686517,-0.046049197776978815
0.047754172347607975,0.47155222107878947,-0.8097169002458403,0.6424921316908623,1.7115714416518273,0.482416669263354,0.23071767753401118,0.2643470042520367,0.1822654400769375,0.3803310865580579,0.3992955125591489,0.4456397919799658,0.2229390335524771,0.3376263840308866,0.28961259092949015,0.371829989910248,0.3016253744029576,0.3491712677691611,1.0109214870385317,0.27630180593348186,0.38633167162092363,0.2274317770741871,-0.17220052114133821,0.3759366209426349,0.23211899624915208,0.3103707700400235,0.3205267469967468,0.27809239235837,0.18611593154483638,0.4774695285205933,0.31967348456084904,0.34204033363530106,0.4210087341180886,0.2684435080874685,-0.01924456876453963,0.39556262195248776,0.4722762792951506,0.1541930041486665,0.34577388038799933,0.2701154577258359,0.42758080159315387,0.25588562965554007,0.2769493512416178,0.019995708874203388,-0.22372914252445328,0.41808387427509996,0.3559941249953966,0.04979784415856991,0.1543596421416772,0.22873761057238293,-0.04974785484694906,-0.09496580015770982,0.07282838988065787,-0.16748538557178919,-0.023837381231316627,0.007131090578084556,0.03771086775347143,0.11911940585769695,-0.1758233073361299
0.11901037296379274,-0.0005432209519262233,0.23144775653069907,0.397538114348317,0.482416669263354,0.8856946856660538,0.16737431873791211,0.30764697022591686,0.2716279552373297,0.2006318627110468,0.2853218991259545,0.35166080634810226,0.20371661726614917,0.34858702484804965,0.22363058879073655,0.29903420280238124,0.28885375690642356,0.1911665111582364,0.6468693454448274,0.3991604049035931,0.3467233870124625,0.2547555188733051,-0.0690021925581644,0.3481281921785252,0.2583765789987495,0.3189342858366333,0.2366530501584284,0.2831715520543495,0.2870243043354641,0.15167260646766362,0.2731954071852627,0.3995068334386308,0.24481774731173855,0.2674241885946857,0.05463520348502884,0.27685649605256746,0.22795350434041892,0.21811891319004653,0.31169153607318356,0.09400556013773638,0.2783126698277104,0.17141927440968566,0.2319089887279136,0.07329503543814103,0.00865462728610857,0.2884691834341899,0.24392336256258398,0.03438265704985675,0.2438655228354158,0.0743329097596667,-0.3268937691834452,0.31299640063348894,-0.0945026746619505,-0.0408850554552074,-0.01762832164115712,-0.057316669503556655,0.16228520983110015,0.10750974544020281,-0.22350665520878416
0.17156344550654692,0.5529838998706434,0.16726416243299017,0.33773521802318873,0.23071767753401118,0.16737431873791211,0.5595602665359086,0.12953617262406797,0.2532618605567725,0.12235498845011798,0.18155053516298114,0.2425225889762878,0.14837039856725912,0.12855027199298028,0.10308300168302596,0.1819841901794351,0.19191076753214964,0.1863137706417475,0.15913142437087296,0.15325323990596165,0.19419211591353225,0.16315227275152094,0.02401677675760047,0.19422409978608282,0.14509642062050548,0.18429673502852278,0.2329162842946633,0.13454525128216518,0.11260680349265553,0.020605872879832454,0.17515229244559635,0.16941484036124382,0.13789260526727656,0.13756455547229096,0.06337316571526802,0.19229815839633205,0.10219684696517531,0.10648173681913037,0.19191123094465462,0.08113957457257373,0.15708819383380795,0.1266609256473292,0.189984520113776,0.029621679272567526,0.0067056410568511445,0.15243741917487172,0.042326090263651465,0.0021072504040719757,0.042925298629241326,0.040360727244535835,-0.11474777150604647,0.030925029901942982,0.022539666644458282,-0.0603751887600436,0.01730555942182048,0.03983142915594135,-0.034081748466602155,0.10173526415514254,-0.19349399055578145
0.08792712563295194,0.27943031671472596,0.18031864558596203,0.35962826684851035,0.2643470042520367,0.30764697022591686,0.12953617262406797,0.7487670395347402,0.09416164746158463,0.3523776421337906,0.25075763515054306,0.18238620533236388,0.2181109710357703,0.30178151347041887,0.16608344449589335,0.2384981292220006,0.23540190428783167,0.26768086159144394,0.32094614561087975,0.24128493455756725,0.199078307491349,0.21050054240319724,0.06087442195938589,0.24436897614281797,0.2441702108326143,0.2862515775288101,0.2102876645542567,0.2184179510758751,0.23540008540380855,0.037958406949664285,0.19540825938229323,0.31586468773001874,0.15528970437576908,0.23160252598522088,0.16220463802403737,0.17596088203202412,0.24840102238762066,0.12385102589634839,0.36641301308087393,0.15275366091281933,0.15911519054257522,0.1475136333928996,0.21259581626063148,0.056321856655354385,0.01163152325375988,0.1698833979410502,0.225586028614765,0.010638753389223921,0.28240625996533997,0.10133110670014306,0.03535187700975462,0.07748975324877153,-0.051153274369888604,-0.07763417196786473,0.03531716097356183,-0.19466060952186828,0.2769600087444957,0.057051566550903016,-0.1555641885580081
0.15923348169554785,0.5868286117412198,0.41150871954954127,0.28989565628578967,0.1822654400769375,0.2716279552373297,0.2532618605567725,0.09416164746158463,0.9475703186861559,0.12898182395251592,0.22673943763447346,0.33109502439987515,0.12589288936102155,0.26919257587152884,0.4232283312077538,0.32004870908732513,0.28139682757398904,0.2920307569742515,0.2844602287837197,0.18307910001446118,0.41157687709501184,0.2720706844621901,0.3523755861009584,0.2602288791783718,0.29100993060277985,0.34554514656601837,0.29983511977323035,0.15442011606804423,0.1816612848081092,0.2252281491665311,0.3207098009752399,0.2068398210917916,0.41320124475751724,0.18639324445499988,0.19690256114936025,0.37728387515776857,0.4445805219741526,0.11424803481569225,0.2581803627748597,-0.02079742444973487,0.36263464090688685,0.2823668277922169,0.2791337183337239,0.04339607950312752,-0.14073880955648888,0.4268351587183256,0.19498157068504846,-0.009879630859974597,0.20972926506344028,0.0019588575410962854,0.06406167281508933,0.09426058865924543,0.08435690670376468,-0.20779662123972112,0.22288786031218819,0.09276080483977903,-0.20187159153645806,-0.20976021778513382,0.0834283650250775
0.10210163413422664,0.4525742057559334,0.013877536904259007,0.34132050353079757,0.3803310865580579,0.2006318627110468,0.12235498845011798,0.3523776421337906,0.12898182395251592,0.9116373287314611,0.18625488280006738,0.2543150621839538,0.1926215183009187,0.25880312338723677,0.3071108082949897,0.2685598780041375,0.3377488156786947,0.49300675669702054,0.376318826938779,0.10254595785848805,0.2473993900616129,0.3428526107787577,0.3318174314235673,0.27026490466025405,0.2696213726752296,0.11449369897989684,0.31303961459216145,0.17242318750501726,0.29734787642927374,0.4825346237484599,0.25871603428576284,0.20304710275193733,0.39864225979880513,0.27623448831809544,0.3282474865389177,0.32619811349492944,0.6833532528521072,0.0647795332101999,0.23246514607057708,0.04857005439039084,0.3244920418961767,0.3357914491260128,0.3815682973034897,0.03865561678074264,-0.062363773535832535,0.3757733141563742,0.5017199858963366,-0.005419027028895939,0.347481449988664,0.07428573157145349,0.16558615349847658,0.09440652811709498,-0.17585424511173564,-0.13615034340082316,0.25555403644742813,-0.0574330445809262,0.17245629282375705,-0.18614598418949146,-0.15327907539024901
0.12059782964276458,0.5340239177874497,0.05927040943001758,0.3178072252338637,0.3992955125591489,0.2853218991259545,0.18155053516298114,0.25075763515054306,0.22673943763447346,0.18625488280006738,0.6270273328814872,0.35626140620486146,0.15743297445279908,0.25117810294321646,0.3241656057120704,0.28020799897861454,0.2417648215846989,0.2717812294797596,0.3795719820516302,0.35275551492505874,0.2841725683543844,0.13394414173235866,-0.023907259234227648,0.24042272811567314,0.2306741596900794,0.24802313660062408,0.2729255851387292,0.13309034654395743,0.29533640189991356,0.19697923082932742,0.21868021239393926,0.2734969470416733,0.19939393527364252,0.24211546105256776,0.2170682409623588,0.28937864720735407,0.2657089243242174,0.1700983522293654,0.3214542889169104,0.12380946391381974,0.1589243552273973,0.20614852643536558,0.26682851027695575,0.036533767243787596,-0.02744541394338715,0.2884389308127634,0.2601992380265113,0.006466138793296076,0.047400577025555925,-0.10035083274041091,0.10067096074373086,-0.05627848410438912,0.10470720351094671,-0.022035484439591774,0.07968572282744935,-0.023868781038363977,0.05906569138932341,0.010490538076223837,-0.1809773066589437
0.11309824463786654,0.5492123260053143,0.1254620800250802,0.3719960153942647,0.4456397919799658,0.35166080634810226,0.2425225889762878,0.18238620533236388,0.33109502439987515,0.2543150621839538,0.35626140620486146,0.6097946418604675,0.1583886265690333,0.2768746225183511,0.3148318899247746,0.33100664952583564,0.2759446555356813,0.3150457903804596,0.4443302446486226,0.28750185837244874,0.3094555214135655,0.17842427035958242,0.02584400674985452,0.28148573860393267,0.2937122097969442,0.28755122416018986,0.27095663937439374,0.17579102225257195,0.2543191411399993,0.20584967470233623,0.2537860987905864,0.2971107284767041,0.24477265935112283,0.21351159310512657,0.16757419237882928,0.36361725212442203,0.20501122519614973,0.1584369128350004,0.2773790976957568,0.08023006998632994,0.2343595981238878,0.2058985305807946,0.21999677818815397,0.03869988155206426,0.014769073849204228,0.3079489937448652,0.26712135377061846,0.009754079495884714,0.1070280197805501,-0.15796025652408646,0.04226331081200488,0.16276720733167618,-0.03362332293018556,-0.06407817869531,0.07552447761601531,0.046674505953845494,-0.10519400598515423,-0.01971729103469438,-0.1112071231696383
0.06567392911767772,0.36029857475272165,0.11291848182516918,0.2224255915729731,0.2229390335524771,0.20371661726614917,0.14837039856725912,0.2181109710357703,0.12589288936102155,0.1926215183009187,0.15743297445279908,0.1583886265690333,0.3158785401307975,0.16376098574893683,0.11296503558468092,0.147738665939023,0.16919042903470535,0.18648687712213768,0.19097855158901336,0.14506417836638022,0.14904665880191326,0.23339240554146856,0.05442102582496387,0.2080716836853172,0.13920183504093328,0.14874006622138083,0.17543347571346335,0.09061665532911496,0.24818643947795344,0.09359822483609495,0.12066816258654889,0.2048756618243475,0.12541364679293796,0.20056654572795368,0.1472049711470443,0.15484984628357762,0.1849079040853153,0.07706815697320138,0.17293696101155526,0.056443876128344866,0.11255323289102322,0.13314992696632755,0.13353738874174928,0.04660331595089187,0.09573613040187025,0.12465743274240446,0.17317553433679275,0.004658150590810396,0.20370953549519974,0.003009980860797878,-0.022029905997091245,0.029985222716047408,0.010284676234146318,-0.034586250465050226,0.027310462845612893,-0.03708599539474222,0.03157606382403762,-0.0014530933335822965,-0.062376185133589675
0.10994873654246062,0.25956536867265656,0.1354742412226669,0.3424322045519045,0.3376263840308866,0.34858702484804965,0.12855027199298028,0.30178151347041887,0.26919257587152884,0.25880312338723677,0.25117810294321646,0.2768746225183511,0.16376098574893683,0.4316719010198771,0.2980610158812413,0.31618713963249645,0.23709987538663727,0.22268721206309944,0.37014622698161886,0.2580284186953686,0.2711778008769843,0.2182649137826845,0.0887062755811961,0.25705031682946095,0.23301941359889722,0.29881032677413755,0.2404529625975489,0.171002405302769,0.22788798901326626,0.22705473541260723,0.23992003074261833,0.35248507271688645,0.2419940052971456,0.1930615888932199,0.15016585261284476,0.2684181367688673,0.284423387870107,0.12476902533066699,0.22762936738940837,0.10177169532032389,0.26612118998433865,0.20110158667368916,0.200764947271859,0.06424607164080254,0.010946714016681644,0.263368332453972,0.2771651899836871,0.024407404929812193,0.3437297570409413,0.06689674504802516,0.022228745346749446,0.009559791460086817,-0.030796950566550546,-0.07043318199065368,-0.01135104099021715,-0.05815883680470081,0.1524769013067951,0.028430846731714966,-0.12974855636064278
0.12197838833435379,0.5650120524424637,0.250577178885248,0.269447577881633,0.28961259092949015,0.22363058879073655,0.10308300168302596,0.16608344449589335,0.4232283312077538,0.3071108082949897,0.3241656057120704,0.3148318899247746,0.11296503558468092,0.2980610158812413,0.7786854734899551,0.3525222413954938,0.28722222427261007,0.24070920499449383,0.37346943697655544,0.29946980129382467,0.37437189836059753,0.112257898732451,0.2882904299219186,0.25366974881447285,0.3518282515026693,0.24235009129306356,0.30906215948912874,0.14703893570864876,0.24712332575812992,0.45245618646119246,0.3127259871888201,0.20350042003374633,0.42541943859901926,0.16739943433734158,0.3203048833365939,0.4001317285563303,0.5784791909192692,0.1175318278405941,0.30498358811093357,0.001473534959356299,0.36886468446668014,0.3423232433822753,0.2775796729332616,0.0675207110215058,-0.1433131716341556,0.49053709404915175,0.3483741996879276,-7.81080776100211e-5,0.19626091657527345,0.15714909847261266,-0.08837544814069594,0.3517365870079185,-0.17876589594377798,-0.17145785832788235,0.1378466610631738,-0.0017163770586663843,-0.15134313042965053,-0.11276605820380532,0.10815466842307316
0.10439109908612634,0.33210649087265265,0.173738057616034,0.35927189297948986,0.371829989910248,0.29903420280238124,0.1819841901794351,0.2384981292220006,0.32004870908732513,0.2685598780041375,0.28020799897861454,0.33100664952583564,0.147738665939023,0.31618713963249645,0.3525222413954938,0.6216959939716498,0.30960332311019073,0.26508935502910985,0.3813443078392394,0.24242770369225083,0.3196230682260176,0.22631429887273613,0.18625139920643322,0.2866579865305493,0.3134900573090135,0.29029124202157736,0.3045141341500014,0.1566345127852524,0.31035219677765713,0.34345282937094035,0.2626822203051734,0.278225293285571,0.324568725523038,0.20717609656708386,0.2546167569180458,0.34047036674949793,0.3433988784276235,0.18692502619962734,0.2867237594562005,0.07413422745721497,0.3463978096024796,0.2907877612915551,0.28311040991086933,0.08512766255693491,0.07096891407989143,0.3302402342901259,0.34201861532800354,0.0042547537906883325,0.13725417855576968,0.03593164653761696,-0.01078971110421546,0.10866241978771413,-0.06312969562891578,-0.09767947129749195,0.027318651175100718,-0.013499398489402915,-0.11909017942795491,0.03981727378579799,-0.011777137346725931
0.09849189512505419,0.37513569428587523,0.19072892918478296,0.3093492868901058,0.3016253744029576,0.28885375690642356,0.19191076753214964,0.23540190428783167,0.28139682757398904,0.3377488156786947,0.2417648215846989,0.2759446555356813,0.16919042903470535,0.23709987538663727,0.28722222427261007,0.30960332311019073,0.5894151911461577,0.3032942011721996,0.3337962725236125,0.3100704206805681,0.28998037677488486,0.3430650645713794,0.2272047244122152,0.25304038719437677,0.27115968545384,0.2072500417782007,0.3099590956386226,0.23848764774883,0.30572816303243155,0.2527165069298662,0.294522258866393,0.23464671390629252,0.3430928129306301,0.28428807134789036,0.2698245548429928,0.36206989384072824,0.46231981944609885,0.20337628883401296,0.29715093305330675,0.07009710650670781,0.2893560854649008,0.3189625647587769,0.3191551217768619,0.0782015584835818,0.10186050109759348,0.3339406446502917,0.3257310395480306,0.00017718808086830348,0.31236218939317245,0.12375899941139913,0.053869295865550754,0.03316293395334084,-0.11984756303951805,-0.11143285861734266,0.016119430309783713,-0.04338030741721314,-0.05677592149895092,0.008550472549532624,-0.04391598448375805
0.13934673593050234,0.8032583922603916,0.11173038571393429,0.32967425619007573,0.3491712677691611,0.1911665111582364,0.1863137706417475,0.26768086159144394,0.2920307569742515,0.49300675669702054,0.2717812294797596,0.3150457903804596,0.18648687712213768,0.22268721206309944,0.24070920499449383,0.26508935502910985,0.3032942011721996,1.2731740079877942,0.3618418107447477,0.08368503201270172,0.37953400049585306,0.40364759470068506,0.3718740357700942,0.3456664879209249,0.23585734047416765,0.41054182854332266,0.19170225229651092,0.07612484423367429,0.3126687800799064,0.2628799549867828,0.26514632128513815,0.2766049913062627,0.3413082503758943,0.2815688116563327,0.2993874189498726,0.3325503302663155,0.5321593976341987,0.07376571994912771,0.11181976406204829,0.11848384085802671,0.32495473388780477,0.328092843910674,0.3152605033680949,0.02738260519882849,0.06968030341320311,0.440315879974114,0.6348871101764658,-0.015037739820951499,0.4639783934915709,0.16416365923534842,0.6101518405816354,-0.41048786362463535,-0.2688041109153912,-0.21172456751672078,0.14681168496659308,-0.0024228689472310756,0.09748765252396345,0.08272718308166782,-0.42046819910658056
0.0871774771732587,0.31954209413357826,-0.18096218953863713,0.5096702022469907,1.0109214870385317,0.6468693454448274,0.15913142437087296,0.32094614561087975,0.2844602287837197,0.376318826938779,0.3795719820516302,0.4443302446486226,0.19097855158901336,0.37014622698161886,0.37346943697655544,0.3813443078392394,0.3337962725236125,0.3618418107447477,1.187542148553111,0.3525804513373653,0.45418953159508596,0.23330280567669867,-0.13083646524353718,0.3989646028804595,0.28630199352588676,0.31435908362232534,0.26515370817452955,0.4069491299797057,0.2596456745805888,0.35034981600757403,0.3342453149349837,0.38886088808484787,0.5070659259776691,0.23849656145966044,0.054311435739050874,0.3599160511459208,0.5278586731010348,0.19102403470377238,0.3967687580671529,0.15601656846961137,0.4464526112224138,0.27287231531302314,0.2833359437941486,0.0289967931940954,-0.19198896989352668,0.46937982550953505,0.303858981608795,0.05008135656121698,0.15413995617132978,-0.05440870821406265,0.27096746610661343,0.5915029983363245,-0.3254099651366986,-0.23593360820709713,0.053829854906212685,-0.033482478538182245,0.09166614106054884,0.03004260269902215,-0.14963445195322553
0.1097860720734491,0.46880733870335856,0.2431525800469476,0.27560505511746414,0.27630180593348186,0.3991604049035931,0.15325323990596165,0.24128493455756725,0.18307910001446118,0.10254595785848805,0.35275551492505874,0.28750185837244874,0.14506417836638022,0.2580284186953686,0.29946980129382467,0.24242770369225083,0.3100704206805681,0.08368503201270172,0.3525804513373653,1.1890285561754308,0.15045307918201187,0.02520026766929849,-0.043462609769232274,0.30727044553420907,0.21430921629930202,0.3379270406679815,0.3137997547152406,0.12950716825660172,0.3392267581960397,0.2708729628601663,0.17702258458116513,0.27027850258567676,0.2467556490589665,0.30527760102805396,0.18201941304571442,0.1918495209224563,0.4599588708110348,0.5432047976091692,0.37915286866638714,0.21522608971490467,0.16840986081719497,0.30142793528343625,0.30774762804613065,-0.0028226434152997634,0.186919297576682,0.21058495081146802,0.20213817104622958,0.1065800777254113,0.25101741031761365,0.09074077295332297,-0.18194610228950095,0.2349684963312044,-0.035570026283058095,-0.09708797533364155,-0.07120293115651652,-0.07372397990890191,-0.020109402482822083,0.09584959063127722,-0.031171842688708092
0.12449501206728854,0.5333747505860962,0.23813528610491289,0.3434145723671289,0.38633167162092363,0.3467233870124625,0.19419211591353225,0.199078307491349,0.41157687709501184,0.2473993900616129,0.2841725683543844,0.3094555214135655,0.14904665880191326,0.2711778008769843,0.37437189836059753,0.3196230682260176,0.28998037677488486,0.37953400049585306,0.45418953159508596,0.15045307918201187,0.864086285547267,0.2709686303685812,0.1826069743787623,0.3043116006339865,0.2759440360830172,0.3956811923484549,0.24621415947728376,0.16071790362471888,0.30630978405357673,0.29829929548258177,0.39873862440101543,0.2906841486512446,0.40380992030475027,0.21657192649595014,0.3448202381727031,0.41118172439815237,0.4004766870198717,0.10503121336770829,0.2481851606107134,-0.0036921672685645544,0.4876713077833908,0.2943622631518322,0.26441458040315485,0.05714495582944795,-0.060129147833159736,0.44472330308259267,0.3321593365397221,-0.0016352196289816318,0.17558457893952556,0.06580493125123855,0.06703944603114549,0.15850508922364245,-0.08498192698293189,-0.1635624697743006,0.16437282808125767,-0.03480554719424858,-0.25056924523072044,-0.06423329350719666,0.10851190160702975
0.11284580493211557,0.09042745223299324,0.22469643716796173,0.26736259224720343,0.2274317770741871,0.2547555188733051,0.16315227275152094,0.21050054240319724,0.2720706844621901,0.3428526107787577,0.13394414173235866,0.17842427035958242,0.23339240554146856,0.2182649137826845,0.112257898732451,0.22631429887273613,0.3430650645713794,0.40364759470068506,0.23330280567669867,0.02520026766929849,0.2709686303685812,1.154158623635313,0.4983885686797739,0.33931593465774584,0.1937576348505538,0.16348904780482174,0.2845517023696149,-0.009851062436125099,0.2788893267854447,0.4067839933555119,0.2789753585720593,0.2872830710233398,0.4309183820310861,0.25275056694031356,0.3147162648822507,0.37002072488441035,0.48967769332410294,0.0989944301852441,0.2684473513834455,0.0027717426310645186,0.27656630082265127,0.32583925600539276,0.39877399818547826,0.15687247691291145,0.057513897909512675,0.43595341280905814,0.45383885352214515,-0.12367312993076414,1.0727934197577453,0.10903794493008526,0.09875546732417638,-0.1656758026942935,-0.042652724399799384,-0.1309018375243537,0.04964799550300047,-0.012845155323845102,-0.06784778919927868,-0.003756168137486222,-0.051915380005059526
0.09248496762812716,-1.0195126489974249,0.4058040439694402,0.09176516372727071,-0.17220052114133821,-0.0690021925581644,0.02401677675760047,0.06087442195938589,0.3523755861009584,0.3318174314235673,-0.023907259234227648,0.02584400674985452,0.05442102582496387,0.0887062755811961,0.2882904299219186,0.18625139920643322,0.2272047244122152,0.3718740357700942,-0.13083646524353718,-0.043462609769232274,0.1826069743787623,0.4983885686797739,1.9845135110423486,0.3189988501786507,0.4282838543843212,-0.13890518966870916,0.048453041381487844,-0.9826842892331783,0.2629971313608891,0.8506980704454117,0.2931658687315811,-0.041526941727159664,0.7014344709514665,0.18122136371172903,0.4154954054209646,0.48708892229431044,0.8896005090455933,0.020090307267617243,0.47684794102465455,-0.0845004619856377,0.4679037906007196,0.4872463667789306,0.28841213002294536,0.21711096954592987,-0.18632034815197576,0.7094506488800565,0.5946397963290807,-0.008297908585870345,0.2609130121771985,0.32973002038695753,-0.07227678374660429,0.16812597857955847,-0.01148867164697848,-0.3118170993249922,0.20682627270729198,-0.025530224399304663,-0.27623860153363033,-0.27004812549675206,0.18224697317670274
0.057778350131849975,0.061257350226547526,0.13122405445569732,0.3575032459173114,0.3759366209426349,0.3481281921785252,0.19422409978608282,0.24436897614281797,0.2602288791783718,0.27026490466025405,0.24042272811567314,0.28148573860393267,0.2080716836853172,0.25705031682946095,0.25366974881447285,0.2866579865305493,0.25304038719437677,0.3456664879209249,0.3989646028804595,0.30727044553420907,0.3043116006339865,0.33931593465774584,0.3189988501786507,0.9232775492568133,0.29161913531045847,0.3471646735647407,0.2730455261777158,0.002210244256982044,0.1762868731437048,0.8745910567844378,0.19198550473273615,0.4136220344144844,0.7808554022993126,0.16658719197063485,0.21634309318136685,0.34764709795897436,0.5850947470903678,0.18696523655770414,0.236339350520499,-0.08133314891423526,0.3396305267663557,0.31901118892979147,0.30399941341832537,0.05494335896825296,-0.1128538531851739,0.3636804926103907,0.5283713092663535,0.047801130188763225,0.6455403866280555,0.051618101082362325,-0.04551758144265874,0.22138974101871564,-0.07626614786648686,-0.15758172934878065,0.017665108679547733,-0.09657517922623547,0.14384274122645033,-0.049938808776823655,-0.09079195945860466
0.1245747933090354,0.1768477745620558,0.23659912275137004,0.27238353972298235,0.23211899624915208,0.2583765789987495,0.14509642062050548,0.2441702108326143,0.29100993060277985,0.2696213726752296,0.2306741596900794,0.2937122097969442,0.13920183504093328,0.23301941359889722,0.3518282515026693,0.3134900573090135,0.27115968545384,0.23585734047416765,0.28630199352588676,0.21430921629930202,0.2759440360830172,0.1937576348505538,0.4282838543843212,0.29161913531045847,1.0074258389486508,0.1509044622426085,0.2934919153130818,-0.003987549638411611,0.3634759938853602,0.34021587906823675,0.32661239695140076,0.2171550350162535,0.3093607100925546,0.2707488280446776,0.246008001124356,0.4131254847008617,0.3656548204843198,0.12031801720666996,0.3434112565628202,-0.010282576358916808,0.30510991798830006,0.285796259129688,0.25997252442244084,0.09249156969453934,-0.06512860340528222,0.4399323034784381,0.3071767977818793,-0.011790303114797538,-0.08749278989772855,-0.3085297108632542,-0.304312855404058,0.506272891276952,0.09884705008624207,-0.13016407998332596,0.11563343906129135,-0.033257877988756124,-0.029696924174934015,-0.07995423210630563,-0.02905300091236024
0.08221456056383707,0.4964866897439321,0.23930500830524715,0.34879106017518646,0.3103707700400235,0.3189342858366333,0.18429673502852278,0.2862515775288101,0.34554514656601837,0.11449369897989684,0.24802313660062408,0.28755122416018986,0.14874006622138083,0.29881032677413755,0.24235009129306356,0.29029124202157736,0.2072500417782007,0.41054182854332266,0.31435908362232534,0.3379270406679815,0.3956811923484549,0.16348904780482174,-0.13890518966870916,0.3471646735647407,0.1509044622426085,1.652471484942128,0.34716801769019345,0.23485082854422296,0.07223396442591563,-0.09054138506401917,0.22679803463300868,0.4203070276912494,0.11843809735083496,0.27270215685778504,0.11263732197540836,0.191433964444366,0.06609318370001566,0.1901598813366772,-0.5831803023180676,0.06678636355205177,0.44687933366687516,0.2093329468976281,0.2194734997229328,-0.04776106910282748,-0.08664824005244177,0.13537406762461707,0.17102351389436915,0.06806631521676203,0.7290862321589887,0.16452660126260435,0.2921867411221975,-0.3489583580803285,-0.15380479009660333,-0.11981513687906364,-0.2998702960594043,-0.1303957601489815,-0.2893638496182181,0.5797334773116214,-0.07321873524683177
0.13613998661579937,1.0169750298816347,-0.06274380638944158,0.24882598367571956,0.3205267469967468,0.2366530501584284,0.2329162842946633,0.2102876645542567,0.29983511977323035,0.31303961459216145,0.2729255851387292,0.27095663937439374,0.17543347571346335,0.2404529625975489,0.30906215948912874,0.3045141341500014,0.3099590956386226,0.19170225229651092,0.26515370817452955,0.3137997547152406,0.24621415947728376,0.2845517023696149,0.048453041381487844,0.2730455261777158,0.2934919153130818,0.34716801769019345,1.6716909460262006,0.3522868548801676,0.2897834940732788,0.3578676634965927,0.3871458127874575,0.3046453972797481,0.374945303790596,0.2775635105624992,0.36915592540711306,0.6419794891096123,0.39347305841136565,0.21148458859855995,0.15052536520209628,0.177698918447617,0.26702307595837477,0.3824655856059947,0.7537400192864344,-0.09337105950331283,0.29880617573668267,0.15446312609444077,0.27283477572904874,0.006410302192891311,0.3897176358394468,-0.12425244817734687,-0.22420327475697438,0.12238145987106677,0.04694438230364594,0.008117738503211442,0.15719279708366884,0.14411446712646028,0.3356737239035504,0.05043418575671528,-0.534957549054264
0.06720179755476799,1.0154201196270305,-0.0008370349347446864,0.1756008338191099,0.27809239235837,0.2831715520543495,0.13454525128216518,0.2184179510758751,0.15442011606804423,0.17242318750501726,0.13309034654395743,0.17579102225257195,0.09061665532911496,0.171002405302769,0.14703893570864876,0.1566345127852524,0.23848764774883,0.07612484423367429,0.4069491299797057,0.12950716825660172,0.16071790362471888,-0.009851062436125099,-0.9826842892331783,0.002210244256982044,-0.003987549638411611,0.23485082854422296,0.3522868548801676,2.5128401490155547,-0.16265108345851176,-0.4293759569624533,0.27776268416348815,0.2799622527745674,-0.21906841050659134,0.012463294968498224,0.04322480594101804,0.28524552434359723,-0.22307514728904734,0.061314269679735876,-0.017890495512800662,-0.03893293636424416,-0.004223692403911789,-0.220055507131038,0.17899319842065994,0.2805355781748311,0.1906969429847294,-0.3236093563605529,-0.2197715751471291,-0.02319722647965217,0.026680392646549655,-0.4926324370503565,0.23440559161217164,0.12877974494501795,-0.3448755978702737,0.23855947554816062,0.19408408142679262,-0.02481839338768489,0.3658205190323172,-0.10887314322806839,-0.023704325327998772
0.095642157092999,0.4120104029279176,0.35167699878372577,0.2538010802040604,0.18611593154483638,0.2870243043354641,0.11260680349265553,0.23540008540380855,0.1816612848081092,0.29734787642927374,0.29533640189991356,0.2543191411399993,0.24818643947795344,0.22788798901326626,0.24712332575812992,0.31035219677765713,0.30572816303243155,0.3126687800799064,0.2596456745805888,0.3392267581960397,0.30630978405357673,0.2788893267854447,0.2629971313608891,0.1762868731437048,0.3634759938853602,0.07223396442591563,0.2897834940732788,-0.16265108345851176,2.1955192430049255,-0.2316300194681127,-0.06426548382488827,0.25113249887998684,0.006290016678988357,0.7450229599749878,0.4865594133840664,0.20473750950412234,0.5600121119955277,0.1228351218507641,0.2563217368058393,0.27250274735203506,0.24980990880907153,0.40532433487633635,0.395255190400304,-0.03238624518326439,0.48449626358046366,0.3497788192431517,0.2661000213002272,-0.0030181301296576487,0.14345949646161532,0.033114924994553166,-0.1044052079030603,0.24597333856591028,-0.11592861695074419,-0.03578411156771618,-0.007710414660302453,-0.09867986702821221,-0.137053003595801,0.2194358549963804,-0.23144805426848947
0.012454219882339353,-0.21649985758818466,-0.33181611079735396,0.27035636206881136,0.4774695285205933,0.15167260646766362,0.020605872879832454,0.037958406949664285,0.2252281491665311,0.4825346237484599,0.19697923082932742,0.20584967470233623,0.09359822483609495,0.22705473541260723,0.45245618646119246,0.34345282937094035,0.2527165069298662,0.2628799549867828,0.35034981600757403,0.2708729628601663,0.29829929548258177,0.4067839933555119,0.8506980704454117,0.8745910567844378,0.34021587906823675,-0.09054138506401917,0.3578676634965927,-0.4293759569624533,-0.2316300194681127,3.5204311850909,0.1813227844665986,0.11658307496569288,1.032975150338699,-0.1075076694897688,0.7271660467000601,0.4636039110895383,1.4705480520102931,0.20325973155570212,0.7116618538571093,-0.01090409574054469,0.8607403483642605,0.6376547630814363,0.663514342706321,0.14383994430099867,0.033701478281083254,0.6038870409760881,1.543560373620521,0.08413615128845013,1.2319425642893893,-0.006903233334393196,-0.16897041721863137,0.029778888874608108,0.10729535708150648,-0.16371876354763434,0.06633836992340729,0.00015821920049764556,-0.20470437901772975,0.23818940955181162,-0.15179044892970572
0.13538379414220494,0.2725383834749269,0.13363491615772913,0.2594890999147944,0.31967348456084904,0.2731954071852627,0.17515229244559635,0.19540825938229323,0.3207098009752399,0.25871603428576284,0.21868021239393926,0.2537860987905864,0.12066816258654889,0.23992003074261833,0.3127259871888201,0.2626822203051734,0.294522258866393,0.26514632128513815,0.3342453149349837,0.17702258458116513,0.39873862440101543,0.2789753585720593,0.2931658687315811,0.19198550473273615,0.32661239695140076,0.22679803463300868,0.3871458127874575,0.27776268416348815,-0.06426548382488827,0.1813227844665986,1.3405042785158257,0.2809637176208269,0.20199622773885176,0.09513588408828783,0.2679221498246609,0.7466085417754251,0.27333093314229606,0.11946544515687256,0.28611406007313306,-0.0013892528095458046,0.28500197221030604,0.2879397914302654,0.21938072630789843,0.06269649723042638,0.184583591598017,0.4962794368989615,0.24277980068487098,-0.03965968822383474,-0.11879477720999115,0.09649001193694463,-0.10963291580288571,0.17816813766303594,-0.048585842767412055,-0.1577831558013978,0.3156153606041949,0.023328173595152147,0.23435566800472407,-0.39843805735445526,-0.058297698890614466
0.10956260324741161,0.22721140661176256,0.06388669559317753,0.3131770055696465,0.34204033363530106,0.3995068334386308,0.16941484036124382,0.31586468773001874,0.2068398210917916,0.20304710275193733,0.2734969470416733,0.2971107284767041,0.2048756618243475,0.35248507271688645,0.20350042003374633,0.278225293285571,0.23464671390629252,0.2766049913062627,0.38886088808484787,0.27027850258567676,0.2906841486512446,0.2872830710233398,-0.041526941727159664,0.4136220344144844,0.2171550350162535,0.4203070276912494,0.3046453972797481,0.2799622527745674,0.25113249887998684,0.11658307496569288,0.2809637176208269,0.7803668418995122,0.13374098073798227,0.2758304361876853,0.07555965776277257,0.29612961098370433,0.13813216233457815,0.14594820089365051,0.17152180065657213,0.11604933198816543,0.1759870458277483,0.16820362710987502,0.14538909362976432,0.04166508120340222,0.03834387268516477,0.17693859376836177,0.25173995358013096,0.011327215524345065,0.5062155070885472,-0.021018441495868734,0.015472737816403315,0.10502803781834798,-0.1450210194609201,-0.011073067777578575,-0.004749397537094697,-0.11359874763704861,0.7823149101295869,-0.09759674021414519,-0.5588666390942127
0.056046447491000094,0.03562426365212906,0.16065208913744772,0.3699122164966176,0.4210087341180886,0.24481774731173855,0.13789260526727656,0.15528970437576908,0.41320124475751724,0.39864225979880513,0.19939393527364252,0.24477265935112283,0.12541364679293796,0.2419940052971456,0.42541943859901926,0.324568725523038,0.3430928129306301,0.3413082503758943,0.5070659259776691,0.2467556490589665,0.40380992030475027,0.4309183820310861,0.7014344709514665,0.7808554022993126,0.3093607100925546,0.11843809735083496,0.374945303790596,-0.21906841050659134,0.006290016678988357,1.032975150338699,0.20199622773885176,0.13374098073798227,2.0690416313578437,0.02398472971733566,0.109265624029829,0.3084853927473019,1.1957680736600549,0.19387185465908982,0.316205677501897,-0.18414229767013193,0.5262943296877365,0.47862690309357864,0.5830148936615382,0.0571609394356165,-0.5529457751769754,0.687903348575529,0.5660266435621093,0.08859715333071733,0.48493482801214494,0.3873166826068012,-0.0068162539913564245,0.6621621848079005,-0.2388132937717023,-0.45510180207954914,0.09162574885699198,-0.041504192826094986,-0.3723733755635993,-0.0034604159776161266,0.1306830836969432
0.030729804414643763,0.3096241767044278,0.12048062349150067,0.2553216065908953,0.2684435080874685,0.2674241885946857,0.13756455547229096,0.23160252598522088,0.18639324445499988,0.27623448831809544,0.24211546105256776,0.21351159310512657,0.20056654572795368,0.1930615888932199,0.16739943433734158,0.20717609656708386,0.28428807134789036,0.2815688116563327,0.23849656145966044,0.30527760102805396,0.21657192649595014,0.25275056694031356,0.18122136371172903,0.16658719197063485,0.2707488280446776,0.27270215685778504,0.2775635105624992,0.012463294968498224,0.7450229599749878,-0.1075076694897688,0.09513588408828783,0.2758304361876853,0.02398472971733566,1.718622326649166,0.2568472278321197,0.08281670820314509,0.6129600188961616,0.165354467950827,0.07029219548828781,-0.03691813847362926,0.11299838518080911,0.4101311726692172,0.2679078791749678,0.12791685461877028,-0.3512754797631523,-0.08478887921034306,0.22924598180291636,0.029692339115646355,0.2771181205815089,-0.03830758258918631,-0.01153053702141113,-0.1116914093433801,0.00860478837740089,-0.012646750432738536,-0.010415346063224508,-0.03893999380137911,0.09589679562260602,0.07579841217365074,-0.18759706648511706
