3.868258818614445,0.7387093467767849,0.5729724359511766,0.43341195205028443,1.5184973453144337,0.7676997553870346,0.7548909221161488,0.8238672267690328,0.1203526081287201,0.7525018108188201,0.6339970067905504,0.6240261940039996,0.6935382207034877,0.45419064390270014,0.5430728449090013,0.509740984580466,0.5203354502088902,0.8307984141121296,0.30021981558193256,0.42304113133349397,0.4665243457593671,0.8134898292082041,0.8643922232854617,0.40577401630536314,0.6425643599232078,0.37214444986762907,0.4738380585036476,0.18818135438781292,0.21816746857819694,0.7000861496179455,0.3925543782322193,0.452937582753441,0.41137717383725086,-0.49163774705747365,0.2569414418933323,0.6044780574631428,0.6919033668442633,0.9164269014405395,0.7987114220990521,0.2959832988081562,0.49800401268385064,0.3764199201765791,0.410025503707481,0.5680689096225381,-0.017494712801570268,0.6828722840651188,0.8139554661884278,0.005215546500684383,0.35839175818395874,0.31345306400018863,0.14692612413957312,0.17159086775021032,-0.0655084011981683,-0.11888325299030111,-0.210885718565626,-0.1495548689554024,-0.1981315897682291,0.38641822020049993,-0.25240178205379665
0.7387093467767849,2.4743426096046943,0.8556166261109959,0.14716666398009237,0.41668465878362576,0.45429340902941523,0.21465451695166682,0.4460016091299625,0.11757048616570645,0.3572221630455018,0.2978332758094311,0.2875547223197113,0.3537057887433971,0.15174134852038723,0.2617261886957452,0.21513711718328263,0.3185351870865696,0.5445466804141156,0.04735239841959926,0.3104785284947598,0.31216047588240414,0.34284298635766147,0.41112892973182696,0.1984289175505672,0.4022838146345199,0.29741900766367046,0.3270310880834756,0.2251065159812609,0.42932774595029655,0.2326586580698118,0.25544992910764897,0.18386984123741176,0.2302057762147349,0.22521713199643212,0.2153059452311489,0.29713079200941084,0.6682928724339001,0.41021431848493006,0.2980097769511053,0.11213922723530208,0.34834867593462954,0.24439020420183072,0.3548727671910317,0.11132469555408678,0.3279501670384,0.5492884412430203,0.4337906595487833,0.008006950122803273,-0.23848367300115306,-0.040074501179989355,0.32362644034026533,0.3195047525288495,-0.1763314173944658,-0.1940994810150121,-0.032448254935556455,-0.3068475947091973,-0.3707708945796939,0.12586675101333286,0.34425652075010305
0.5729724359511766,0.8556166261109959,2.0119837355114476,0.26644992469481316,-0.1096568384198385,0.24752743017256168,0.25170126394599535,0.38980237247131255,0.2436025870396809,0.388205265160016,0.19729107152358621,0.23086905118327006,0.27400404129003914,0.10754581885282376,0.24192803321681813,0.14006191910085852,0.2734965883733021,0.3401347733480767,0.10479669467845718,0.11557114601777264,0.1875057930680681,0.3641133187779169,0.27683207029363416,0.17595166029527035,0.29944753330716256,0.12673218504042974,0.18089645381450528,0.18462297744649359,0.18515537853967587,0.04589809749849679,0.2272874096898189,0.15890501226788117,0.23473218159856543,0.032877905289570256,0.15306568766919068,0.36667275496748475,0.32889553543640604,0.430874244386723,0.30785474069632485,-0.11539267298314425,0.2337420668472206,0.1338484915305201,-0.003100591674422584,0.24586905335558928,0.21118086991494892,0.5703067922460239,0.24049471046038698,-0.058987740365611635,-0.38751148652352835,0.013200756697201452,0.1468452721662112,0.2773547764207468,-0.11757678771075437,-0.20952734469145584,0.03365550019929062,-0.15051136082707156,-0.0439279400796107,-0.04995242373448221,0.03221411444976019
0.43341195205028443,0.14716666398009237,0.26644992469481316,2.0697213361497937,0.412844252588207,0.47693571594833134,0.11447362742374853,0.5765150211463578,0.004012836769472632,0.2810796156882588,0.41226922451897896,0.35501540459586217,0.39093302722938766,0.24195820644245894,0.227199432002365,0.3167905957279542,0.27220353379530365,0.27584523497577484,0.23893357375076493,0.20222817415763533,0.22306312864813724,0.43320530067006846,0.27263051605062355,0.21705217930665907,0.3472241828629088,0.17259656044324176,0.21575079662169874,0.008073586411254677,0.19249867248575706,0.30988600450516596,0.1876689536898298,0.25331645841509004,0.08524438041645173,0.2908073709702166,-0.07821345720170936,0.2663608729677532,0.3344538296847099,0.4490879594794329,0.5108986392775429,0.04520640695581635,0.32876483355349945,0.1626175168803205,0.17195250454544306,0.842824420374395,0.06049339767030843,0.13404084537292718,0.33621029004147,0.018220693833549836,0.1662168095133337,-0.19424677630145507,0.02005267140496777,0.03332065744562,-0.033942040576467665,-0.017478580722424027,-0.25969761543416686,-0.09516228401544753,-0.17399738808872772,0.11729396461966508,0.15216683706835796
1.5184973453144337,0.41668465878362576,-0.1096568384198385,0.412844252588207,1.9141721802666458,0.8753987470938469,0.2959819654560877,0.5252634228756439,0.2739472286443477,0.45170985903244554,0.5006214533831328,0.48156360612531607,0.5453329501853493,0.4036837995145665,0.44205121406148945,0.4500847650214459,0.3812185017541666,0.5487837598552854,0.14557798502128436,0.5194066267053816,0.37776550817983645,0.501325402258114,0.5836859544846995,0.3331767914307795,0.4671762083155152,0.4133138918052022,0.4057258354527582,0.21342777754064018,0.43156613598619553,0.3653596812838255,0.27380918750815864,0.3770348837194351,0.16310765646375958,0.5489212659640527,0.03164195097008524,0.39266310938757876,0.5271849462986339,0.5274752065430062,0.52964065133116,0.2841977253487873,0.42868498653135784,0.3523466626323346,0.5143272517905905,0.38437484242575626,0.08628284718495702,0.37998808519374955,0.5295942208500913,0.05941466133217536,0.4964872810368593,0.022301139860744314,0.0652600560044608,0.060559939788808206,0.17241313107379413,-0.14094896595867193,-0.13900853562701718,-0.017167538004797034,-0.2546235561278212,0.12941962115956054,0.14141094934124124
0.7676997553870346,0.45429340902941523,0.24752743017256168,0.47693571594833134,0.8753987470938469,1.1983409261881215,0.0749162383120143,0.4541864272435776,0.15229503480050627,0.4570239538011364,0.4280680173893181,0.37054807340728496,0.4536906778585668,0.3240537140236499,0.34353982696065777,0.33539680100587455,0.3823151453086623,0.37766996139101544,0.2640347484681906,0.5204589998934767,0.3780038890095111,0.5485051390970586,0.36524845583880605,0.32090642271066777,0.4286229962502769,0.4320482671293158,0.37037502391686716,0.3005140897942595,0.5135313905972289,0.38783368951335667,0.2873595445513432,0.34974148758158835,0.11587916980187178,0.4555620093648545,0.16579600305306808,0.27063346779179553,0.6773740685010153,0.5820403583804727,0.4455879849956661,0.24490469359413974,0.3321411152947286,0.3432908829055394,0.5996367093953856,0.4162017438515267,0.16153880213349708,0.4171668034988291,0.46303873562404074,0.05131667282545517,0.3942819687461523,0.08541313036863685,-0.3651659783693395,0.14329154451925188,-0.16480241400644763,0.011524984578300227,-0.09431871186955962,-0.0788874840827243,-0.2328852376114194,0.06751521399620398,0.2575334833919601
0.7548909221161488,0.21465451695166682,0.25170126394599535,0.11447362742374853,0.2959819654560877,0.0749162383120143,1.290116071553269,0.2650236780364466,0.3479635222259228,0.23758373054192056,0.37207163119334474,0.4596333825091374,0.4590916668371159,0.3975318082181912,0.26441857411896275,0.36319191622419417,0.3388292136212369,0.3191887784977424,-0.02145594836098821,0.3016467242806579,0.3335293563986159,0.5299095698164251,0.30753504228689554,0.30060420293285856,0.34351687166101413,0.3616732272439539,0.3509213016956555,0.20755270582341123,0.30756703127972224,0.27741869721007956,0.2919588322568877,0.3641020836865436,0.36757976970269757,0.4826237536152274,0.2533287180271643,0.449881846301907,0.3151994651183149,0.1894325131339465,0.37295714887973896,0.16810084745065454,0.3787082336137505,0.3056789796167386,0.28787174544375244,0.25694478821645556,0.2730539013767102,0.3555665031870377,0.30771130066678887,-0.03722676019385809,0.2951355542168674,-0.08535784006750227,0.04441399627167423,-0.23881717501875785,0.2899794760819499,-0.1129930350324064,0.10988420835322144,0.13783083214284372,-0.1060141956843347,-0.02889705114182386,-0.23732101166307287
0.8238672267690328,0.4460016091299625,0.38980237247131255,0.5765150211463578,0.5252634228756439,0.4541864272435776,0.2650236780364466,1.451197502974508,-0.03211250609227319,0.41793626607958967,0.6267344122057769,0.36571965433055403,0.5836125959172105,0.29801932160111094,0.34563806564722943,0.3202742326319918,0.3565671483003677,0.48714031547475967,0.35132365972283264,0.34432806571069635,0.3037095701127373,0.5202982749450392,0.3900210226528713,0.26016456407684163,0.5051142119176321,0.4532460113119052,0.4092202847269193,-0.056624989724661845,0.3948669484415111,0.3727715049988938,0.28831627780464086,0.30062300010084625,0.15685640584546173,0.3980930528288639,0.43427047326413465,0.34675904137559355,0.46824196211970803,0.4329682716707807,0.5499273840049347,0.23609836728984648,0.2958431937627737,0.28517968432525,0.5051337034399527,0.36889929471608757,0.21426532793346703,0.4187673376958579,0.49643682459153826,2.478332717875838e-5,0.2275101678549287,0.16208885652518049,-0.0762643251062178,-0.004977733556730216,0.0013747652209802933,-0.07013711510213952,-0.28079214558905446,-0.054010408896469485,-0.27443615607761723,0.4322723103334731,-0.11511551120423458
0.1203526081287201,0.11757048616570645,0.2436025870396809,0.004012836769472632,0.2739472286443477,0.15229503480050627,0.3479635222259228,-0.03211250609227319,0.8062447944077095,0.23393866127650456,0.15142055632725288,0.23641621843773925,0.1945763667691433,0.2306557508946412,0.23507028553387868,0.17750419040645857,0.13842438830429327,0.14696743877297674,-0.23383198347848805,0.22655166102916058,0.15377516752051368,0.21686179363170874,0.17899426672151802,0.1953058449399001,0.17023801465343466,0.232706352132782,0.22997986419642558,0.27905558617182874,0.1683823491957427,0.12296396878613886,0.1625019185697471,0.21800408502190566,0.2482628215795467,0.16994363098817014,0.1067010171346315,0.2267565018605832,0.1139032404942571,0.0801405944478899,0.20192664676447353,0.06896547305531257,0.1876183225187625,0.1479417488428159,0.10261085388463953,0.08539142294644246,0.01879064899956265,0.17090649837041053,0.15782201080917024,0.003971971740328371,0.3703248475473638,-0.25860870586978024,-0.055411740795185606,-0.0006987844445640733,0.22638643064820613,-0.04919075624963412,0.18311861416580585,0.13429721862473346,0.038637632204403034,-0.20812072384963387,-0.042191164891266224
0.7525018108188201,0.3572221630455018,0.388205265160016,0.2810796156882588,0.45170985903244554,0.4570239538011364,0.23758373054192056,0.41793626607958967,0.23393866127650456,0.9517049088716079,0.3989391011119567,0.3282330116957092,0.42849135728534166,0.28486265354482965,0.3380818021825909,0.31942584994616713,0.33574306694867445,0.431589361724286,0.1285138731119256,0.3422227305066831,0.2929542581688471,0.4284702411142848,0.454390163774085,0.31151304893671145,0.4244851099272307,0.24340973364824797,0.38502572870121676,0.3116265256785004,0.5015688629537247,0.4679786070925317,0.25010959983252135,0.29942611848681017,0.22457504933957356,0.49805811214868756,0.33420662090336406,0.4208012123906926,0.44701130726380606,0.24487149152968632,0.5317834356284208,0.1894404958887755,0.5103772748208486,0.27451865802333625,0.37496610561132454,0.3447384466835195,0.2684396099335877,0.43370880509026954,0.5285130570123114,0.02711109496936698,0.1865021752067544,0.053834372192682126,-0.029822727882574476,-0.0656555405329155,0.009231324631342897,-0.02070101531850083,0.08947208047010942,-0.08650983791147543,-0.04845908309120734,-0.16113410178501034,0.18951673300375324
0.6339970067905504,0.2978332758094311,0.19729107152358621,0.41226922451897896,0.5006214533831328,0.4280680173893181,0.37207163119334474,0.6267344122057769,0.15142055632725288,0.3989391011119567,0.7452250327230545,0.44778387195950087,0.574947271239614,0.3543650912996616,0.44947036344243635,0.3599351038451451,0.39650944159370327,0.38752701952109375,0.17743456703928764,0.4159016639142075,0.3101654378543382,0.4356679579108084,0.37950586346730514,0.31299715130387507,0.4452770959936819,0.3986012961673343,0.40635825607401804,0.23716332634462528,0.45698597716315603,0.34057696291844614,0.2551557446075168,0.3373494685923692,0.22595882232719944,0.4719731703485457,0.3703007055852216,0.3660564351017249,0.4582289642703734,0.27276503827392395,0.4540944819386955,0.24741603904340065,0.3703877204635523,0.31258826156130354,0.4287350873389735,0.23018263833568528,0.1537583029165714,0.41145671481893403,0.4238413389575395,0.032937730672602264,0.36368171743373,0.0633770749539325,-0.13728095977318064,-0.08222288886770503,0.11741137253600913,0.0028888792986909843,-0.07482822942060482,0.00621861104710856,-0.21795105148382207,0.06619698370118114,0.07408452811114882
0.6240261940039996,0.2875547223197113,0.23086905118327006,0.35501540459586217,0.48156360612531607,0.37054807340728496,0.4596333825091374,0.36571965433055403,0.23641621843773925,0.3282330116957092,0.44778387195950087,0.8101903304498449,0.4332424973935923,0.3676211736033625,0.34375603213410044,0.343070849839231,0.38144190687871843,0.4624797972793002,0.12022986952390313,0.27400372063401984,0.3262092825235463,0.4174953726224885,0.4264115559550064,0.2834301595015703,0.43499928321137526,0.40756176455628107,0.2881979366512626,0.08368501094819202,0.32143524583374594,0.27564454559886836,0.26980319483922205,0.3595796588890447,0.25556073007748187,0.38163146531165076,0.34582705544540776,0.3898377766493068,0.4073225159743489,0.2715184662316624,0.42823004273571114,0.22456428412260387,0.29969262775244,0.29065385492692103,0.3485115245096924,0.2671941755949601,0.32479571620992004,0.40995682806728884,0.42438573423792514,-0.003749242506587175,0.058837950721546774,0.05306283709693293,0.0030356978935104618,-0.06574883741249889,-0.023542836736922704,-0.0360837058440194,-0.011807653411620617,0.04604616720993473,-0.23397062830543766,0.008208588957982528,-0.1851830841846444
0.6935382207034877,0.3537057887433971,0.27400404129003914,0.39093302722938766,0.5453329501853493,0.4536906778585668,0.4590916668371159,0.5836125959172105,0.1945763667691433,0.42849135728534166,0.574947271239614,0.4332424973935923,0.8577323829939597,0.4083049228285261,0.3087886382276967,0.3532297709677235,0.3627171687454417,0.381063184442186,0.18057379181377534,0.3975988041518828,0.30857730518628496,0.5986362924128358,0.40175017028363696,0.34721893627489164,0.44906245572612197,0.3573802354362196,0.38044489577607915,0.1954424963189802,0.5182124842667769,0.38794781513779475,0.25376695682439576,0.38900650473504994,0.2710287498093345,0.5025876932441966,0.35199891164642905,0.41124135651490423,0.45418627015351654,0.35339415120355006,0.4843282504292746,0.20469938546139765,0.36549538849808993,0.3064685425338342,0.4088750419366504,0.3299048275584278,0.05729013571958079,0.46527391502189824,0.44209110797036805,-0.01433376721396212,0.3388775041775368,0.018036619338937746,-0.12870678537916433,-0.10039739836413386,0.17706740024219117,-0.07404507388081498,0.01269054292956355,-0.052753149472244375,-0.25012095128325185,-0.1598014460988826,0.2990208170309081
0.45419064390270014,0.15174134852038723,0.10754581885282376,0.24195820644245894,0.4036837995145665,0.3240537140236499,0.3975318082181912,0.29801932160111094,0.2306557508946412,0.28486265354482965,0.3543650912996616,0.3676211736033625,0.4083049228285261,0.6029599652161647,0.24747223563526535,0.3711517431272774,0.2820806633635623,0.25504619903688996,0.10299850583256871,0.34336702711609846,0.291407141012764,0.4578574402764054,0.23218387101034244,0.2937876804834586,0.33977595159560625,0.42659607540322875,0.26744937215682185,0.21844494053631025,0.3498815092494704,0.31757773240358655,0.2738646653306739,0.46425586827839743,0.25197828087606805,0.40139845354927695,0.2644231658529836,0.33440854089120964,0.2985753217068336,0.2925715561499361,0.22543934546178968,0.1982897323838517,0.3200920582893017,0.2925892673532222,0.36517072279088214,0.21719737845697898,0.19137018865942734,0.3365230695773754,0.3438832761025336,-0.002554692172909665,0.21012969024821918,-0.026182897255222413,-0.1054415482436046,-0.3034727768866926,0.31185156078407195,0.02051063768401479,-0.03932351303794601,0.0009636174320140485,-0.03957407993857259,-0.02779653851689702,0.06497481323270521
0.5430728449090013,0.2617261886957452,0.24192803321681813,0.227199432002365,0.44205121406148945,0.34353982696065777,0.26441857411896275,0.34563806564722943,0.23507028553387868,0.3380818021825909,0.44947036344243635,0.34375603213410044,0.3087886382276967,0.24747223563526535,0.8516417530558897,0.2961328613126924,0.3424001718283961,0.3649551085962847,0.09816617507327334,0.3642124946670094,0.259582222948156,0.19162768395735125,0.3124379330469255,0.2613030469013212,0.3614343160382954,0.36577039649740295,0.32145731544249095,0.436191253884347,0.3264702359338721,0.23312627183463822,0.2654469473295921,0.24920705875914123,0.2594466976762915,0.3561770980853672,0.29276418497321804,0.24299864909486985,0.47069700218333055,0.15211334685953815,0.27655581352279945,0.18937176006679082,0.3385151956418986,0.2769735887897792,0.34588518987337574,0.06634638988391367,0.23217425431412264,0.29296113264089524,0.3477629932299156,0.0674809429618798,0.2577183296023382,0.4342508105384488,-0.11883525937477306,0.12602954333697208,-0.19745957798038383,-0.06474530582441526,0.06654536221473734,0.08582734245203646,-0.14357645314493434,-0.006546943991070133,0.06363954380017998
0.509740984580466,0.21513711718328263,0.14006191910085852,0.3167905957279542,0.4500847650214459,0.33539680100587455,0.36319191622419417,0.3202742326319918,0.17750419040645857,0.31942584994616713,0.3599351038451451,0.343070849839231,0.3532297709677235,0.3711517431272774,0.2961328613126924,0.7681938830210486,0.3178019103979398,0.34754076073830764,0.14614435569137385,0.2506573135155996,0.28117345325060084,0.38866573454783376,0.33227371976637093,0.2979128124189087,0.3871181736202839,0.29089262994676096,0.30296856032457503,0.2543104006446631,0.35046556072371243,0.3405297353434266,0.26158665269014647,0.3335333867827728,0.23356562231225664,0.4209416980904014,0.3590359381864628,0.3042319382692571,0.4327254049669936,0.25756795781259506,0.31454365322188227,0.22618798444746757,0.3105526693816671,0.3082190363579861,0.433083975883188,0.2526251988631659,0.21153850779366998,0.3005458962563365,0.39696494362859075,0.012823075179719897,0.17067811334374303,-0.03739697008949863,-0.1030143160945531,-0.10585988128722253,0.07983162145897356,-0.03770735448916966,0.005698679407607442,0.042049825680521874,-0.19367166661452273,-0.011093921128592203,0.12458816555765713
0.5203354502088902,0.3185351870865696,0.2734965883733021,0.27220353379530365,0.3812185017541666,0.3823151453086623,0.3388292136212369,0.3565671483003677,0.13842438830429327,0.33574306694867445,0.39650944159370327,0.38144190687871843,0.3627171687454417,0.2820806633635623,0.3424001718283961,0.3178019103979398,0.741634204678555,0.3808159916667252,0.17970325106431362,0.34537655152769575,0.3105784751221538,0.358676073228794,0.37946139266826506,0.28866320146622143,0.36499656068042985,0.27379662143694355,0.3573884643255916,0.6089578154581631,0.2895649780848352,0.289006565862557,0.2611276957051109,0.2665497294554171,0.3027375325391025,0.37635342577359465,0.28075760228555796,0.3292645561034668,0.6219322291776459,0.2566806485435875,0.4115361900953354,0.22821031680509798,0.4376615029408676,0.3192649257096809,0.36992433767203514,0.20077082235329868,0.32294504707075894,0.37334405938641135,0.41430136535156237,0.05289965108083188,0.1918360610160444,0.31559769149951433,0.025688976952388337,-0.009483494280584148,-0.10550280732474641,-0.0693773886583893,-0.1345730095952194,-0.05055739394922133,-0.17143806726091715,0.08630937199310632,0.11364011222561295
0.8307984141121296,0.5445466804141156,0.3401347733480767,0.27584523497577484,0.5487837598552854,0.37766996139101544,0.3191887784977424,0.48714031547475967,0.14696743877297674,0.431589361724286,0.38752701952109375,0.4624797972793002,0.381063184442186,0.25504619903688996,0.3649551085962847,0.34754076073830764,0.3808159916667252,1.272476570168534,0.16114651174071815,-0.07716796321408975,0.3539319375869336,0.49112814362612095,1.0007930354297485,0.27410820312625056,0.48393662620867295,0.39970902580913154,0.08158425670319464,0.3321060098338901,0.3288183201909286,0.2654566361861725,0.4111072214538125,0.2786348865669316,0.3606992246349811,0.3518392824038635,0.27913289695354926,0.293564472925343,0.6504879379422756,0.29430489155581196,0.3571184773181323,0.1988326171178533,0.36442996761580226,0.27412320047225924,0.5221399804224612,0.2197471829165129,0.4294560724406286,0.4805044026941184,0.7959717276453548,-0.017151045532758372,-0.36201872219444986,0.4816995645605699,0.25970172874474073,-0.0008394637900590163,-0.3620781995853975,-0.16364697095514644,0.007599556326801513,-0.013851912526986549,-0.24138720193433746,0.1472278234167329,-0.0946430747945164
0.30021981558193256,0.04735239841959926,0.10479669467845718,0.23893357375076493,0.14557798502128436,0.2640347484681906,-0.02145594836098821,0.35132365972283264,-0.23383198347848805,0.1285138731119256,0.17743456703928764,0.12022986952390313,0.18057379181377534,0.10299850583256871,0.09816617507327334,0.14614435569137385,0.17970325106431362,0.16114651174071815,1.2650159074415883,-0.14954070288142088,0.14922499559666377,0.3472944049836908,0.003768759625313167,0.10540196135694291,0.11408379029029835,-0.04305749390230974,0.09817040369446355,-0.009995570626853969,0.010774665264165097,0.18907282153352067,0.17834069735244182,0.08605679033632907,0.03596194785080239,0.08001200591424193,0.06500147577021294,0.16937979854149066,0.327408893030928,0.3904937763013705,0.2812716930551219,0.07425341242535598,0.1303229357486324,0.11904671179628226,0.13743722361192126,0.2299865977304982,0.023950136632245263,0.20526539890102316,0.1830911621463874,-0.0014835002261266114,-0.020205408312375193,0.3831187103447078,-0.07232381965158648,0.020800007397062874,-0.1838120517756386,-0.04230267661471976,-0.20096287359437173,-0.06811149784276349,-0.1297794856197018,0.16611300478557584,0.08973614570577146
0.42304113133349397,0.3104785284947598,0.11557114601777264,0.20222817415763533,0.5194066267053816,0.5204589998934767,0.3016467242806579,0.34432806571069635,0.22655166102916058,0.3422227305066831,0.4159016639142075,0.27400372063401984,0.3975988041518828,0.34336702711609846,0.3642124946670094,0.2506573135155996,0.34537655152769575,-0.07716796321408975,-0.14954070288142088,1.5444917319220466,0.2899475793575213,0.04189761305495737,-0.1371845385409181,0.3130207175692316,0.3494155725389533,0.5508421981784681,0.5951261879050812,0.593449219121884,0.5023717040992094,0.4963042237873072,0.37410350279139093,0.29653498946469375,0.33372355919218405,0.561370044610117,0.41741725054645895,0.18142048018649817,0.7176363924231749,0.25041951831536446,0.3254751048637795,0.29188165806333116,0.5595879245893446,0.3610486776941311,0.7692218801897264,0.12344447809514665,0.6501697873956985,0.29552776261756786,0.2603444829809936,0.23613645182338308,0.6936709453552247,-0.17997236780851844,-0.2694750428712384,0.02408414132601702,0.2621896649798793,0.020904306000491646,0.20665399459331313,0.06219984943261453,-0.1113248862095257,-0.11867719890463128,0.1773532504520517
0.4665243457593671,0.31216047588240414,0.1875057930680681,0.22306312864813724,0.37776550817983645,0.3780038890095111,0.3335293563986159,0.3037095701127373,0.15377516752051368,0.2929542581688471,0.3101654378543382,0.3262092825235463,0.30857730518628496,0.291407141012764,0.259582222948156,0.28117345325060084,0.3105784751221538,0.3539319375869336,0.14922499559666377,0.2899475793575213,0.5866017389420113,0.3205776974011483,0.2228726142715386,0.2668481948052354,0.3116414640459069,0.39978973492557834,0.23592205716738351,0.2553112465474932,0.223280747941423,0.4131954747216813,0.39964792133249843,0.2809568098881706,0.2657879554074473,0.3637661108752391,0.3760607046443309,0.354750551897924,0.4753081298220719,0.30808611216134685,0.32847955294999215,0.24618137085975367,0.49473063835684394,0.3977995462116053,0.47572910563306464,0.2880358345998363,0.5638677186125648,0.3393167741039472,0.43749814109110524,0.057726572463842,-0.03381757475143072,0.16859142802738264,-0.03798952967201985,-0.1508616017065786,-0.03504114473283522,-0.0059511522189320525,0.05678674761051185,-0.03386496939395637,-0.21280951754993482,0.019053974589323053,0.1304168293777047
0.8134898292082041,0.34284298635766147,0.3641133187779169,0.43320530067006846,0.501325402258114,0.5485051390970586,0.5299095698164251,0.5202982749450392,0.21686179363170874,0.4284702411142848,0.4356679579108084,0.4174953726224885,0.5986362924128358,0.4578574402764054,0.19162768395735125,0.38866573454783376,0.358676073228794,0.49112814362612095,0.3472944049836908,0.04189761305495737,0.3205776974011483,1.7751887060721776,0.6240176724083782,0.3738468803644841,0.3866230876022948,0.2571379132256409,0.4160282110591629,-0.010845842979933476,0.4881024202759451,0.4415299116326399,0.22181734189297803,0.471681373611353,0.2700134509705269,0.3811221328770542,0.19394894889195827,0.5909255947429469,0.4700477873087934,0.6925716439847874,0.619646925766673,0.1571973674016745,0.31820314657135784,0.3288769570057042,0.3293599079317885,0.626574717654183,-0.30858263733094743,0.594934042859945,0.518399067832742,-0.31814081143892625,0.6462714926235705,-0.11525400516678035,-0.15776243105893312,-0.2567864888467075,0.07710654964039994,-0.0796355333972049,-0.13478080825875113,-0.026725269053223158,-0.27997776881995823,0.004058859911908224,0.1898661731387004
0.8643922232854617,0.41112892973182696,0.27683207029363416,0.27263051605062355,0.5836859544846995,0.36524845583880605,0.30753504228689554,0.3900210226528713,0.17899426672151802,0.454390163774085,0.37950586346730514,0.4264115559550064,0.40175017028363696,0.23218387101034244,0.3124379330469255,0.33227371976637093,0.37946139266826506,1.0007930354297485,0.003768759625313167,-0.1371845385409181,0.2228726142715386,0.6240176724083782,2.371543405662964,0.4678756747704971,0.6820714926109377,-0.02824190453735477,0.17432922969603754,0.2608123009863468,0.59660988229333,0.4793752504645929,-0.47293996962701246,0.19286585389335886,0.4431351487094895,0.35219457201162907,0.23461646133173888,0.3090877453356764,0.6396142975561404,-0.1365066726879782,0.8435219383929603,0.10830126905150543,0.31003363520310373,0.1557761150824886,0.2792780551041731,0.3474729175642025,-0.23180848609880156,0.43373163644313534,0.7886363629631634,-0.016361516750307774,0.46747455227594636,0.40480899493949546,0.10564524840662184,-0.18101077167277985,0.03712556479963861,-0.17321297903247593,0.06030531619902342,-0.05336974571443237,-0.2888073298054141,-0.2555296345531654,0.32422404687012724
0.40577401630536314,0.1984289175505672,0.17595166029527035,0.21705217930665907,0.3331767914307795,0.32090642271066777,0.30060420293285856,0.26016456407684163,0.1953058449399001,0.31151304893671145,0.31299715130387507,0.2834301595015703,0.34721893627489164,0.2937876804834586,0.2613030469013212,0.2979128124189087,0.28866320146622143,0.27410820312625056,0.10540196135694291,0.3130207175692316,0.2668481948052354,0.3738468803644841,0.4678756747704971,0.5218519568609424,0.37271325728927474,0.20507813254827267,0.3184544790675569,0.35249191105812455,0.27680631758157637,0.5031926705256288,0.2466631206903415,0.2762145701936034,0.4494494926047295,0.33497497065518234,0.3816339445864249,0.2947705956534357,0.5570392450308148,0.2479357242407672,0.3807183674869419,0.15783150787159975,0.37677042426758045,0.2845392866083225,0.3509914664844765,0.271130347488666,0.14995638901334546,0.3093509284608495,0.4301182504253072,0.05006887323515872,0.3302295070189669,0.07613801186382654,-0.17928180005320485,-0.09207437934969408,0.1100647358815484,-0.050656550227010544,0.21010597403673434,-0.0008589093067747124,-0.12620381067847208,-0.41158098708875696,0.40367101706285174
0.6425643599232078,0.4022838146345199,0.29944753330716256,0.3472241828629088,0.4671762083155152,0.4286229962502769,0.34351687166101413,0.5051142119176321,0.17023801465343466,0.4244851099272307,0.4452770959936819,0.43499928321137526,0.44906245572612197,0.33977595159560625,0.3614343160382954,0.3871181736202839,0.36499656068042985,0.48393662620867295,0.11408379029029835,0.3494155725389533,0.3116414640459069,0.3866230876022948,0.6820714926109377,0.37271325728927474,1.4263077688117745,0.30043991692170074,0.3992788007773815,0.17978375125526377,0.6867251558010286,0.5639885630588103,0.19656201925081576,0.31503072748108113,0.3183281596606933,0.5352279160692829,0.4592329650509386,0.4711878531652991,0.49593351467517316,0.31791842058894565,0.49633767838553405,0.15257230290605084,0.3700445496464884,0.30981406601434536,0.46882814645740767,0.4125488333375007,0.3710759735515892,0.5394955125756523,0.5818847830594062,-0.022166022720264418,-0.35398439968406425,-0.13336266621103388,-0.14141044365456618,-0.21763195367700033,0.1812343978685769,-0.03300641178732609,0.07461523675993287,-0.009364001993501734,-0.16878192088584254,-0.11479933305043667,0.102658988794976
0.37214444986762907,0.29741900766367046,0.12673218504042974,0.17259656044324176,0.4133138918052022,0.4320482671293158,0.3616732272439539,0.4532460113119052,0.232706352132782,0.24340973364824797,0.3986012961673343,0.40756176455628107,0.3573802354362196,0.42659607540322875,0.36577039649740295,0.29089262994676096,0.27379662143694355,0.39970902580913154,-0.04305749390230974,0.5508421981784681,0.39978973492557834,0.2571379132256409,-0.02824190453735477,0.20507813254827267,0.30043991692170074,1.6804405366005453,0.20804785726535488,0.2907712081582204,-0.0995404951887174,-0.014824685716503083,0.5594471792800515,0.4558302447409381,0.27770336230821396,0.5019674438933033,0.5306428633045213,0.08124916165527513,0.3815131678695585,0.4109178843137198,-0.43664208372419555,0.38995150446624827,0.15829250971120662,0.46688320487949453,0.9731857899092248,-0.05942638466890258,0.5494707729893434,0.28493437552308043,0.2504696680710649,0.08065734714742366,0.0229450805436003,0.5368059898775681,-0.3324302736656913,-0.2042137395489183,-0.32045657022187357,0.007576560678983437,0.0534179698046895,0.09231705982492401,-0.279995237661253,0.24883813460043977,-0.07082163308318482
0.4738380585036476,0.3270310880834756,0.18089645381450528,0.21575079662169874,0.4057258354527582,0.37037502391686716,0.3509213016956555,0.4092202847269193,0.22997986419642558,0.38502572870121676,0.40635825607401804,0.2881979366512626,0.38044489577607915,0.26744937215682185,0.32145731544249095,0.30296856032457503,0.3573884643255916,0.08158425670319464,0.09817040369446355,0.5951261879050812,0.23592205716738351,0.4160282110591629,0.17432922969603754,0.3184544790675569,0.3992788007773815,0.20804785726535488,1.912240419164494,0.5860340108117631,0.21695553176464685,0.4615612617712442,0.28225804711221325,0.2519990019647422,0.43419308715599175,0.484790913282643,0.35971914530990856,0.4108281046293507,0.6110466307653327,0.21137831926278122,0.4796922787711596,0.2854448746622185,0.5277852744713595,0.32331103406249034,0.7615624119882806,0.18406496445692572,-0.07058550038686293,0.34449985387692356,0.28781242204964613,0.14981984256373498,1.5217633993132562,-0.13922460834324432,-0.24387821104325944,0.1683107942453306,0.25992807662636364,-0.0657562840327779,0.10163083864985682,0.19888711518804625,-0.09452567746841739,0.059210810368522535,-0.037624482943960084
0.18818135438781292,0.2251065159812609,0.18462297744649359,0.008073586411254677,0.21342777754064018,0.3005140897942595,0.20755270582341123,-0.056624989724661845,0.27905558617182874,0.3116265256785004,0.23716332634462528,0.08368501094819202,0.1954424963189802,0.21844494053631025,0.436191253884347,0.2543104006446631,0.6089578154581631,0.3321060098338901,-0.009995570626853969,0.593449219121884,0.2553112465474932,-0.010845842979933476,0.2608123009863468,0.35249191105812455,0.17978375125526377,0.2907712081582204,0.5860340108117631,2.871279663714157,-0.04184199396962155,0.16022338248972737,0.4451208011469816,0.21404348289770397,0.6691700623843669,0.37772671065316843,0.24071094617392608,0.03371336668088689,0.9193407916161657,-0.013279584568433641,0.1416792137286259,0.1358429857488664,0.7788946670251871,0.2964435369896446,0.4694476601846594,-0.08707685114649384,0.22889900828994897,0.11574814221857203,0.3058229882310847,0.27754644642269033,0.7505717228061473,0.24804452046185232,-0.2551096108518518,0.6681757910545316,-0.23058461890782467,-0.1337905891471166,0.6562405321477855,0.16047456164635807,-0.04258860515613291,-0.4677029893272257,0.6096985818780025
0.21816746857819694,0.42932774595029655,0.18515537853967587,0.19249867248575706,0.43156613598619553,0.5135313905972289,0.30756703127972224,0.3948669484415111,0.1683823491957427,0.5015688629537247,0.45698597716315603,0.32143524583374594,0.5182124842667769,0.3498815092494704,0.3264702359338721,0.35046556072371243,0.2895649780848352,0.3288183201909286,0.010774665264165097,0.5023717040992094,0.223280747941423,0.4881024202759451,0.59660988229333,0.27680631758157637,0.6867251558010286,-0.0995404951887174,0.21695553176464685,-0.04184199396962155,2.7592615971432504,0.40114437470073017,-0.15522058226892807,0.34048261508663147,0.1301133381653761,1.0687238425200503,0.23733210792157083,0.80715009858622,-0.37696400554460824,-0.5362723896144963,0.6727227133748249,0.19867179578785932,0.5030072459016479,0.15572568273167994,0.07277927209733796,-0.19004900306685726,0.29422197813632145,0.5459881835495012,0.4235645768492482,-0.1625040117457232,0.4084656347423681,0.29537556741969595,-0.35841299278767713,-0.7053655004661574,0.1339214286920108,0.1431613089306098,-0.004058962756665568,0.003609454433869116,-0.11221971576310415,-0.18423155326026505,0.17209997461202703
0.7000861496179455,0.2326586580698118,0.04589809749849679,0.30988600450516596,0.3653596812838255,0.38783368951335667,0.27741869721007956,0.3727715049988938,0.12296396878613886,0.4679786070925317,0.34057696291844614,0.27564454559886836,0.38794781513779475,0.31757773240358655,0.23312627183463822,0.3405297353434266,0.289006565862557,0.2654566361861725,0.18907282153352067,0.4963042237873072,0.4131954747216813,0.4415299116326399,0.4793752504645929,0.5031926705256288,0.5639885630588103,-0.014824685716503083,0.4615612617712442,0.16022338248972737,0.40114437470073017,2.26558324141525,0.39599887190619487,0.24620294596743716,0.2923995381718227,0.14923377994099013,0.8244325693190266,0.36177044469771447,0.9035564861395117,0.6072465802206867,0.8050464688857705,0.19070640228564845,0.890035280950896,0.39416483115989365,1.1540548192624014,0.8716645433275934,0.5838906589835883,0.3911577496217359,1.189894571305288,0.1759904362148046,0.4158719372975651,-0.020717818813681257,-0.2528270837295985,-0.5171947778524074,0.3214310716652204,0.11712573992310714,0.327156232355626,-0.1092471073432038,-0.21142102780801925,-0.17641626673254873,0.24393223793683605
0.3925543782322193,0.25544992910764897,0.2272874096898189,0.1876689536898298,0.27380918750815864,0.2873595445513432,0.2919588322568877,0.28831627780464086,0.1625019185697471,0.25010959983252135,0.2551557446075168,0.26980319483922205,0.25376695682439576,0.2738646653306739,0.2654469473295921,0.26158665269014647,0.2611276957051109,0.4111072214538125,0.17834069735244182,0.37410350279139093,0.39964792133249843,0.22181734189297803,-0.47293996962701246,0.2466631206903415,0.19656201925081576,0.5594471792800515,0.28225804711221325,0.4451208011469816,-0.15522058226892807,0.39599887190619487,1.5993048812784063,0.31292177607514604,0.4146517357128744,0.2737768745412239,0.459975122233659,0.3876037983013087,0.547181415960612,0.6748328619958467,-0.05335993932211127,0.1841567984415588,0.5252772191244767,0.3953628685348951,0.5514556175298897,0.28620033872349404,0.8269548611435085,0.3767911969534813,0.4592805355762595,0.05961870731609075,-0.77430958828519,0.16133622814767815,-0.03038475710187428,0.14987439561330154,-0.23344075308144133,-0.04977226165028151,0.23890546116529116,0.05516007139544909,-0.04393358652536102,-0.013639323943780451,-0.09188021242437304
0.452937582753441,0.18386984123741176,0.15890501226788117,0.25331645841509004,0.3770348837194351,0.34974148758158835,0.3641020836865436,0.30062300010084625,0.21800408502190566,0.29942611848681017,0.3373494685923692,0.3595796588890447,0.38900650473504994,0.46425586827839743,0.24920705875914123,0.3335333867827728,0.2665497294554171,0.2786348865669316,0.08605679033632907,0.29653498946469375,0.2809568098881706,0.471681373611353,0.19286585389335886,0.2762145701936034,0.31503072748108113,0.4558302447409381,0.2519990019647422,0.21404348289770397,0.34048261508663147,0.24620294596743716,0.31292177607514604,0.5379832955542504,0.22107141250833853,0.36893834560727684,0.22959408821772073,0.3405117329445304,0.20683372475708328,0.31311170692060813,0.18483097757153127,0.1901051732234243,0.27916968894873667,0.27448082911557914,0.3294649423354313,0.20666349055742794,0.22415748797380297,0.3521851102876974,0.32109147572827695,-0.023667246455172895,0.09295255590568872,-0.009110898482531871,-0.04264111814832182,-0.026877276730117593,-0.09798570965568887,0.02870199282804734,-0.008759688239082566,-0.02016062407345564,0.08756903662777557,-0.07099536131643709,-0.04513851402834363
0.41137717383725086,0.2302057762147349,0.23473218159856543,0.08524438041645173,0.16310765646375958,0.11587916980187178,0.36757976970269757,0.15685640584546173,0.2482628215795467,0.22457504933957356,0.22595882232719944,0.25556073007748187,0.2710287498093345,0.25197828087606805,0.2594466976762915,0.23356562231225664,0.3027375325391025,0.3606992246349811,0.03596194785080239,0.33372355919218405,0.2657879554074473,0.2700134509705269,0.4431351487094895,0.4494494926047295,0.3183281596606933,0.27770336230821396,0.43419308715599175,0.6691700623843669,0.1301133381653761,0.2923995381718227,0.4146517357128744,0.22107141250833853,1.764102084735281,0.16371030537492307,0.2867631215224459,0.02754750983572448,0.7829445698963515,-0.04970718699456732,0.027721639699978023,0.028142871003545927,0.2407468426408654,0.32636997290105624,0.17563563343168365,0.12524618358325118,0.2776421995256165,0.1877956210430155,0.4000604011165474,0.13374680349648294,0.27154340112434644,0.26883452763596705,-0.25592039232041264,-0.2559750045041645,0.19417001667011932,-0.22391520806170775,0.3796234230415699,0.12267199403932419,-0.15025539885806502,-0.436369199339181,0.29842984481434953
-0.49163774705747365,0.22521713199643212,0.032877905289570256,0.2908073709702166,0.5489212659640527,0.4555620093648545,0.4826237536152274,0.3980930528288639,0.16994363098817014,0.49805811214868756,0.4719731703485457,0.38163146531165076,0.5025876932441966,0.40139845354927695,0.3561770980853672,0.4209416980904014,0.37635342577359465,0.3518392824038635,0.08001200591424193,0.561370044610117,0.3637661108752391,0.3811221328770542,0.35219457201162907,0.33497497065518234,0.5352279160692829,0.5019674438933033,0.484790913282643,0.37772671065316843,1.0687238425200503,0.14923377994099013,0.2737768745412239,0.36893834560727684,0.16371030537492307,2.203925318560477,0.37683639703098376,0.4140480420532199,0.4689882686893144,-0.24450625651955166,0.3101314907776497,0.20072481031856945,0.6179592285884052,0.39890458324267547,0.5904937560187552,0.20262471972894075,0.6671151598635207,0.3432400623112448,0.34510053241027483,0.02223552927638551,0.1636162394734828,-0.17197380236716875,-0.10355689836955193,-0.4395295705927025,0.3569369557194759,-0.10584574742809885,0.07715531989836945,0.14441843670651153,-0.2601809959827416,-0.23068764663423239,0.3955457723088897
