4.048887828004853,0.3725301472512198,0.45591001181539254,0.26267839549645344,1.1174795334827703,0.3372676050750444,0.4389869012338338,0.4565310216372499,-0.13578393739325714,0.4080725652039448,0.31225837172277593,0.41797309564782525,0.1278798706316508,0.22045190200145487,0.22812058172861943,0.31322596724744545,0.22363373858465616,0.3679206232115813,0.19306096935915684,0.061145230561979264,0.25488440930619827,0.13181938319174108,0.24322208280548388,-0.0777528115325024,0.3811259028160297,0.02089967642297012,0.20588734288549385,-0.22846320382599036,0.3814736255344453,0.16348779680049128,0.0831541231166465,0.1981643829241217,0.12789663542534893,-0.3867584986145114,0.10409726246466693,0.18139337991380333,0.18377427022069,0.12547874247643526,0.027999477167737367,0.18709086275565415,0.056246757348875014,0.11380761829790552,-0.011655918122399505,-0.0070705730595945916,0.19274250107749766,0.28074084942737126,0.2874873896134846,-0.05074115554901994,-0.1310640799043171
0.3725301472512198,1.4721733561355714,0.7122426511196115,-0.1682827840740975,0.09345428508504328,0.3339556637094082,0.1828291707097219,0.24402494501385874,0.2059897470647236,0.21246235850678225,0.18576317555586558,0.18013926578762005,0.08211404188374256,0.12622044495095056,0.16213514354898337,0.07241037388523659,0.20368775817842824,0.3165096029217239,-0.10459236108659234,0.3464226211583997,0.18088446555002197,0.1482732858078028,0.2063685913343671,0.08895928084107531,0.18486120134020514,0.24444937441692988,0.1954535692105256,0.2546488439514306,0.3227483722603708,-0.06461878185511989,0.15925047411661458,0.140066160808236,0.11125138925287607,0.1389280075891854,0.2555733540291003,0.125694802785927,0.36030366632399896,0.18176570320754518,0.15322640784803748,0.16015994191696856,0.03678348070783063,0.15992675915859308,0.15659333302128625,-0.015461540818913055,0.36140055300832824,0.18416959711548167,0.21951711382904818,-0.017546329722878864,0.16915657331832218
0.45591001181539254,0.7122426511196115,1.9199816738618678,0.12167759350933159,-0.3476681134341893,0.24087016533430494,0.23261616827506526,0.21249563153747192,0.2977909165604912,0.28227455686929925,0.17398684834069725,0.18411332918910409,0.08657103234781453,0.16964881348778604,0.23799878825349846,0.0967549291140229,0.2376472564364551,0.21793201296723527,0.02603604909661338,0.10169243863920396,0.2773265207279734,0.21292809507247157,0.1434283592897299,0.08967083086092224,0.15987019625770363,0.1470097108401784,0.14851998547857892,0.3317824519221808,0.3103252853717824,-0.28005336437179773,0.12597179183787446,0.1531016927172394,0.16186155412017075,0.05919907849472991,0.27225569384904735,0.21790736594516721,0.17735312441382184,0.0719473349747196,0.06498474310526436,-0.02571750491569733,0.06554157263386692,0.2965591980543043,0.12317499924072063,0.030007453543287564,0.3239248136993455,0.22231576720275567,0.11244019314273353,-0.03727835733242113,0.021668085877556937
0.26267839549645344,-0.1682827840740975,0.12167759350933159,3.1019624639534493,0.21104529636665212,0.35763198340393154,0.223983265531096,0.2998556326532194,0.03192318899090336,0.38134758194660867,0.23058173250701083,0.4134457923141999,0.054523077341695834,0.23985831430601387,0.16074157816789528,0.3363431013478272,0.24480323251680328,0.18553769954504182,0.017207440590131264,0.14041062814516436,0.13393400029325675,0.19404447001841962,0.2485706387869383,0.15522144416140848,0.24002373772039245,0.12464600186280338,0.1783891561924236,-0.15803590662975042,0.32523985562329183,0.033407027524757084,0.052140798460307086,0.2345970131430007,0.017637729654561774,0.39350280923759984,-0.48429471788938466,0.24547808541671146,0.03460260144695939,0.10344217501139352,0.18104973167237323,-0.06560473137440423,0.03868935630664748,0.083916695904523,0.19350907468715856,0.1571178016197162,-0.03766691223767852,0.08595493523937887,0.23214008746244136,-0.012994789475902399,0.23350741479068224
1.1174795334827703,0.09345428508504328,-0.3476681134341893,0.21104529636665212,1.9184136543097465,0.4818216891565815,0.27576431269280127,0.3665689798599423,0.13857112505883087,0.20435943381526808,0.25478490557362365,0.3768219389281978,0.12645329685333176,0.18505091293630505,0.188707768363545,0.2571238311818349,0.21718924744562057,0.26542016012269215,0.2003656448775407,0.23752887593079774,0.1801886417870821,0.18989846079569236,0.2493574310552646,0.14506626864825992,0.2824387586312043,0.19632934998609325,0.19776687642352703,-0.22595081395670175,0.3341241133817695,0.08841434130068242,0.16410983915804372,0.20071078402596154,-0.03271141388507362,0.44676466107252416,-0.20220782882588245,0.21517754906514347,0.18644322660934085,0.14414839912322266,0.276406761878131,0.08918159184220557,0.012307097388510808,0.15605338804832442,0.18678050209330455,0.06531623057287388,0.0647399584341073,0.12492379306818258,0.2459160707803852,-0.015798281596848502,0.09742052447866921
0.3372676050750444,0.3339556637094082,0.24087016533430494,0.35763198340393154,0.4818216891565815,0.8564700121970513,0.11208461920972723,0.4628315956700135,0.21307672500185856,0.26109043488057015,0.2641151128527829,0.3105177740497254,0.10207592060445426,0.1724892887688461,0.18616848995605972,0.15953645333266714,0.3019963825242036,0.2763810822726992,0.29153138273492185,0.36030279213552663,0.20489069943006244,0.1914095957524199,0.19057922278069908,0.13427575617010554,0.266264999638894,0.2649104728502518,0.22139587349355666,0.00898980967018137,0.359589532265801,-0.03654280765126773,0.18844189314808937,0.18823210362045606,-0.0057521633909924765,0.3277326799848415,0.12825742469858384,0.1444268196861264,0.22198913759702946,0.20588575817146437,0.3263380005888099,0.17833234543380685,-0.039782419033879086,0.15380520273224443,0.24425209308248824,0.062390482238837065,0.3145999130347579,0.16255579300387557,0.32171492598759555,-0.016373331768419513,0.1110868304030826
0.4389869012338338,0.1828291707097219,0.23261616827506526,0.223983265531096,0.27576431269280127,0.11208461920972723,0.7667558019989624,0.1889721935337468,0.2479622605531006,0.12117159117798212,0.2181717861649413,0.38203034177955414,0.09866396563796773,0.31521610968242975,0.11278373068724178,0.2654977678884283,0.2627712760081799,0.1753524203684821,-0.02795003967012817,0.09705688430149392,0.22150151395961973,0.2487816595760009,0.19739004201064156,0.1437022263574792,0.20536694457033,0.16908763092277598,0.18021419835504732,0.0019752376773533504,0.258413392092598,0.019243444331638472,0.11046944073175985,0.25389962387577464,0.09950484492353374,0.22638855543764363,0.15213090852835917,0.22046757112000365,0.13118921605676548,0.0791312361594215,0.14008789827810322,0.09605686367978414,0.037223735099250366,0.19198002025373967,0.15733557532142234,0.04626966394373418,0.1282612854242928,0.15093828867625725,0.05059175331071199,-0.02875805171814607,0.15432170575582432
0.4565310216372499,0.24402494501385874,0.21249563153747192,0.2998556326532194,0.3665689798599423,0.4628315956700135,0.1889721935337468,0.8724146805547267,0.0265623994871066,0.2630990014260896,0.2859905634537954,0.11799718441994862,0.1182952740277594,0.15928012332834263,0.19780349285488402,0.14067682130265619,0.25475955591527555,0.28293935351717375,0.24622277358252848,0.3114650876485056,0.1934768184778165,0.1169234708222143,0.18671925132486217,0.09923392733516752,0.28183670248337583,0.26275076851750295,0.19048898365031347,-0.15329570295689895,0.3100098476597079,0.010342889653146977,0.15752902010534317,0.14914459750083264,0.024458763549505883,0.288134150411301,0.2148706140808206,0.13274762838784546,0.2099760455431091,0.1831433393385721,0.2787879580835265,0.1855722481518569,0.01819354653693908,0.12524811398232963,0.18363134861189065,0.06446783903563785,0.26186976604809525,0.17531835659553635,0.2983915533449138,-0.013199010337153955,0.04009224173212203
-0.13578393739325714,0.2059897470647236,0.2977909165604912,0.03192318899090336,0.13857112505883087,0.21307672500185856,0.2479622605531006,0.0265623994871066,0.77675795972152,0.07199107691937245,0.11992805108860385,0.15193348124390926,0.07485121824576559,0.17308904013612278,0.19689558667143806,0.03912057055301617,0.21168800103504185,0.14665964011845936,-0.038786602275487976,0.1158141419681757,0.1803772410280967,0.33498956912269906,0.16748833121789816,0.2071611033626361,0.059708557537090035,0.28100510918643185,0.12399852344244468,0.3086461510121905,0.09070067304913962,0.017344056340738677,0.1717191236821448,0.17911053111481204,0.18020877432458487,0.04446397293006229,0.0918355035102428,0.07651867468240302,0.14646698503905362,0.06965151294133148,0.09916935183845249,0.07642266940997781,0.048306061389483734,0.19206286823617097,0.2038806577022006,0.01925679059241829,0.18539056316742938,0.12753344243217749,0.14897618383497752,-0.026749449603107395,0.5718726328170262
0.4080725652039448,0.21246235850678225,0.28227455686929925,0.38134758194660867,0.20435943381526808,0.26109043488057015,0.12117159117798212,0.2630990014260896,0.07199107691937245,0.6131856243833644,0.23422513167706902,0.24069278198357513,0.10891074016296061,0.15905096469787716,0.22403613959475996,0.18394352811784562,0.2356995840055051,0.2866981641108187,0.15410574348824835,0.15570838232550488,0.14500351453705437,0.14951797787773163,0.2687375640908859,0.17109949336747246,0.23432533626378463,0.12676488374576844,0.1835622191420718,0.08409776925789655,0.2911129378017922,0.10995886048257883,0.14676778443377467,0.1520048692052164,0.07791221284627399,0.31512581683136204,0.15287463659810827,0.18952568126275943,0.22403105242721266,0.10177685830082621,0.2536976107939199,0.11097273149540159,0.11785653676474944,0.12602966872499147,0.15382057464491133,0.07267157368785203,0.14362819758154025,0.17660271603849997,0.29790212491063334,-0.021298805065112753,0.08856735251562771
0.31225837172277593,0.18576317555586558,0.17398684834069725,0.23058173250701083,0.25478490557362365,0.2641151128527829,0.2181717861649413,0.2859905634537954,0.11992805108860385,0.23422513167706902,0.4788549124203968,0.25910524338524954,0.11511341970831908,0.19855850418425997,0.2628591392345492,0.1824216693162053,0.2505416493793183,0.22601791144237574,0.11206465764421866,0.221515504471324,0.21169107353797373,0.16290351905386163,0.19932571825617948,0.1632428585214302,0.20927796977796165,0.16719933813535956,0.19303777386355306,0.10431980944935192,0.24553071762586196,0.06716681223979525,0.16713028353584378,0.17825764335035263,0.09683554710724089,0.20489966417442082,0.18442704518385675,0.13034440008005985,0.21058966532019754,0.1287943302271173,0.211880875375669,0.15260530716649587,0.07379200672386327,0.18765851231101555,0.18919474742988623,0.030221907470530995,0.20396738424052496,0.17233809080915746,0.22658852769001403,-0.018759727777420996,0.1096720917297236
0.41797309564782525,0.18013926578762005,0.18411332918910409,0.4134457923141999,0.3768219389281978,0.3105177740497254,0.38203034177955414,0.11799718441994862,0.15193348124390926,0.24069278198357513,0.25910524338524954,0.7646427114220345,0.09001223837732536,0.27239293592392916,0.1236441062531706,0.2737423075912845,0.2642280906003776,0.2694980811423517,0.09832478837218193,0.1407557412964102,0.21629846893997454,0.21234875017707353,0.23906948105524564,0.13404975794830623,0.27728007721541476,0.150492475783226,0.24570788656321438,-0.16872047790677996,0.3155596290873524,0.08636466575176377,0.11960649202908344,0.25756760059203787,0.06363981375453352,0.27393164699071626,0.1631206403974163,0.2804037436973952,0.13981856642048263,0.10706209015499742,0.21830974551902338,0.14143322779093256,0.036644856449856454,0.17640295972283201,0.18998985531579138,0.05094228340148849,0.18201594265662902,0.19058823498095886,0.22484264362074582,-0.02919539972566127,0.07037120137099082
0.1278798706316508,0.08211404188374256,0.08657103234781453,0.054523077341695834,0.12645329685333176,0.10207592060445426,0.09866396563796773,0.1182952740277594,0.07485121824576559,0.10891074016296061,0.11511341970831908,0.09001223837732536,0.2199908038986596,0.08837378786452661,0.06962936255030272,0.10367021390017929,0.09604902108085245,0.09666150783404939,0.03994976478952728,0.09150223433580144,0.047017672471977766,0.10339876072726925,0.0973083276035988,0.10656746873276979,0.08939978211807878,0.11449920562972035,0.10496368334795741,0.04693017772941218,0.1264782763822728,0.017953753234293747,0.07850582987700472,0.09677298603797677,0.06696577525829062,0.11123157099190958,0.10286787525271059,0.07986903066893161,0.07787977195553773,0.052232501748924416,0.09479667844620301,0.06748454467272705,0.030940499206155242,0.04360086277748033,0.08450254221289112,0.03422009386225824,0.03955465445458682,0.08561853257218054,0.08525497923327402,-0.00926591562667244,0.16053131274433113
0.22045190200145487,0.12622044495095056,0.16964881348778604,0.23985831430601387,0.18505091293630505,0.1724892887688461,0.31521610968242975,0.15928012332834263,0.17308904013612278,0.15905096469787716,0.19855850418425997,0.27239293592392916,0.08837378786452661,0.6405885942208854,0.1622936815131467,0.3321177409376204,0.20671398349425904,0.14261082361079302,0.10497222360616301,0.22291945621319997,0.19961133414579688,0.24207284023518352,0.20269083465458537,0.2772707166934354,0.2116432882206566,0.21419171262202835,0.13953268370593885,0.2100434929877377,0.2445707177441998,0.12710281626660355,0.17946364842954435,0.38112699639219877,0.13088775335210348,0.19531509811217485,0.16611063740093243,0.1378087189169276,0.2329346426946397,0.13920895056095747,0.18720966983797974,0.12882065186604252,0.09988987803068788,0.1867330989111315,0.3149972907654454,0.03895706910487702,0.2380099079553506,0.18081522501793765,0.24576409934023202,-0.022351624638735145,0.31894847338902005
0.22812058172861943,0.16213514354898337,0.23799878825349846,0.16074157816789528,0.188707768363545,0.18616848995605972,0.11278373068724178,0.19780349285488402,0.19689558667143806,0.22403613959475996,0.2628591392345492,0.1236441062531706,0.06962936255030272,0.1622936815131467,0.7182057462066688,0.1677341503983882,0.21385241061109633,0.13624108302513038,0.1062105249974788,0.22168421608452488,0.24475900134295417,0.1659096619672485,0.22814584403518445,0.230429515257164,0.21456410031026835,0.08287862820283996,0.16384864086398201,0.33531321565313804,0.2120926860431797,0.12898916866698795,0.15392034504295746,0.14199425449769698,0.11730803349222199,0.17842186500434368,0.1574568874660798,0.10697524600621294,0.24317355521470263,0.1204470421273535,0.21848277999593102,0.13336275857941204,0.15104023749904363,0.2495096910495105,0.19865112418472625,0.0250784689151662,0.1980517605683849,0.18811440523471046,0.20341704515475637,-0.023310302728947244,0.057425621134052036
0.31322596724744545,0.07241037388523659,0.0967549291140229,0.3363431013478272,0.2571238311818349,0.15953645333266714,0.2654977678884283,0.14067682130265619,0.03912057055301617,0.18394352811784562,0.1824216693162053,0.2737423075912845,0.10367021390017929,0.3321177409376204,0.1677341503983882,0.7798120431641167,0.22309957688584003,0.16848514032164283,0.10393992212606237,0.13712748897867655,0.18352240139141152,0.3607189585595237,0.23701977157838527,0.24596154687810518,0.24371827233103027,0.06266743465406721,0.22970494674564282,0.11937413216122711,0.3224240503737934,0.09011224796380735,0.1364991475304669,0.2659814828494831,0.10562163478840857,0.2454069745026759,0.2866480638283335,0.16423587128911013,0.24290275300356148,0.10607832405237297,0.22613516227813232,0.17347349486352778,0.142392969419301,0.17352669861156753,0.3337957301981092,0.05892634028658991,0.15420508356793775,0.19366155210286284,0.21665439820548701,-0.04964305255819045,0.17125763434684327
0.22363373858465616,0.20368775817842824,0.2376472564364551,0.24480323251680328,0.21718924744562057,0.3019963825242036,0.2627712760081799,0.25475955591527555,0.21168800103504185,0.2356995840055051,0.2505416493793183,0.2642280906003776,0.09604902108085245,0.20671398349425904,0.21385241061109633,0.22309957688584003,0.5334190442385361,0.19360928275452022,0.10080556492092671,0.23384265614436003,0.24932828904699322,0.26812999300414314,0.2646124457188522,0.20742234758780737,0.23569250755795654,0.050560504660158614,0.22022978007530444,0.1769180204225101,0.31243865998061876,0.07659990852644584,0.14173502380610772,0.18261998373624033,0.14632907788628366,0.23413299572659127,0.1788772461245344,0.1481410422795053,0.30063324154072346,0.1412874082682797,0.22733509110113467,0.15012233082608775,0.09133764230564909,0.2205377384244527,0.2676663251424781,0.041374346881131736,0.2362864744344526,0.1893492120286283,0.2640380388868978,-0.03179635909553294,0.10812153106332813
0.3679206232115813,0.3165096029217239,0.21793201296723527,0.18553769954504182,0.26542016012269215,0.2763810822726992,0.1753524203684821,0.28293935351717375,0.14665964011845936,0.2866981641108187,0.22601791144237574,0.2694980811423517,0.09666150783404939,0.14261082361079302,0.13624108302513038,0.16848514032164283,0.19360928275452022,0.848698270779136,0.021489997578812824,0.05967658647792663,0.23325816954121478,0.18939842859832728,0.6552590370739205,0.25931668268322444,0.2874896177088612,0.2682829934441655,0.13980913048010093,0.3000769512077399,0.2657598735056543,0.01800372510244734,0.2948003397160881,0.14259725655844135,0.15478613690347293,0.24510907775672888,0.25238405116281987,0.1126870969561874,0.3106585048421946,0.06001940150960064,0.3196771469485387,0.19513726826064462,0.14760635518727117,0.21576082352976778,0.25234721461872794,0.05445400740975105,0.27208414594430935,0.19828953986171322,0.4459929123769097,-0.02336149790931938,0.17517070925858583
0.19306096935915684,-0.10459236108659234,0.02603604909661338,0.017207440590131264,0.2003656448775407,0.29153138273492185,-0.02795003967012817,0.24622277358252848,-0.038786602275487976,0.15410574348824835,0.11206465764421866,0.09832478837218193,0.03994976478952728,0.10497222360616301,0.1062105249974788,0.10393992212606237,0.10080556492092671,0.021489997578812824,1.6542486872716347,0.08219397812109368,0.2397985264274064,0.04958807967129205,-0.2887474093937843,0.042923798661760236,0.12718090453054443,-0.22697238360766514,0.08035785029519756,0.044747767687714025,0.10451891765855474,0.0673531398871583,0.2136939511105275,0.046110621940622376,0.10395609565969094,0.22376120470210173,0.12062121510514721,0.14823796603337908,0.22451881617745914,0.08089586834813622,0.314025903581952,0.020045614679825907,0.039618568198985744,0.1761161135518556,0.10013545738472744,0.06548860421839076,0.1603175522354568,0.12468095812472456,-0.05260580765546807,-0.005580337128682227,-0.7660638120997509
0.061145230561979264,0.3464226211583997,0.10169243863920396,0.14041062814516436,0.23752887593079774,0.36030279213552663,0.09705688430149392,0.3114650876485056,0.1158141419681757,0.15570838232550488,0.221515504471324,0.1407557412964102,0.09150223433580144,0.22291945621319997,0.22168421608452488,0.13712748897867655,0.23384265614436003,0.05967658647792663,0.08219397812109368,1.358998159539543,-0.0355779825103959,0.12677836646759347,0.09897450850032914,0.3552104782309117,0.19939896874253435,0.3468046749762555,0.2748500032095647,0.14402491152851918,0.3945401430080504,0.17351489705036952,0.32998738363336155,0.2117624933697103,0.13244930787446685,0.4239489354753622,0.12838372385691585,0.23462753900775912,0.5782464021593696,0.6479016127783179,0.49456182373211616,0.4462239196633933,-0.07461745213235285,-0.07403234688559565,0.2892642507428387,-0.031107608245544524,0.5534446270389176,0.2616474212524322,0.13009547871666646,0.0159126315009196,0.3001476756098088
0.25488440930619827,0.18088446555002197,0.2773265207279734,0.13393400029325675,0.1801886417870821,0.20489069943006244,0.22150151395961973,0.1934768184778165,0.1803772410280967,0.14500351453705437,0.21169107353797373,0.21629846893997454,0.047017672471977766,0.19961133414579688,0.24475900134295417,0.18352240139141152,0.24932828904699322,0.23325816954121478,0.2397985264274064,-0.0355779825103959,1.270650705943639,0.21050232663515575,-0.04657735902357759,-0.05471129316458448,0.11434931895622806,-0.3154372534346649,0.10749803458776457,0.4428657501487029,0.10432485924709518,0.13631574181285733,0.21779278403603164,0.1440986689603724,0.08422931355877315,0.02792909013629261,0.3424700767241294,-0.09327665627822145,0.3473212958547346,0.01981198114120247,0.18518775815107702,0.10775916257652517,0.2653364249157202,1.1090657677317408,0.4692173585070826,0.00755793683930709,0.765163230392318,0.10490123490756673,0.3612130562476904,-0.03577548598556403,-0.8556420730264207
0.13181938319174108,0.1482732858078028,0.21292809507247157,0.19404447001841962,0.18989846079569236,0.1914095957524199,0.2487816595760009,0.1169234708222143,0.33498956912269906,0.14951797787773163,0.16290351905386163,0.21234875017707353,0.10339876072726925,0.24207284023518352,0.1659096619672485,0.3607189585595237,0.26812999300414314,0.18939842859832728,0.04958807967129205,0.12677836646759347,0.21050232663515575,0.6389991103111348,0.25634190932136214,0.25744887566141966,0.1580080703184031,0.1454586062869783,0.19570587390602165,0.2090143651070967,0.2685365415383104,0.09567767288201007,0.16383168411114776,0.24033761407663107,0.15378402179304881,0.1663688551776933,0.17147523587488514,0.1542370169309878,0.19534181237785442,0.09544926613228012,0.21274412086204172,0.1200891741532549,0.13638079249233506,0.22659545452194227,0.3999185871113936,0.0689455676130464,0.1686391297612537,0.20386624530122524,0.22530380839954664,-0.08310320388225025,0.4835336709873173
0.24322208280548388,0.2063685913343671,0.1434283592897299,0.2485706387869383,0.2493574310552646,0.19057922278069908,0.19739004201064156,0.18671925132486217,0.16748833121789816,0.2687375640908859,0.19932571825617948,0.23906948105524564,0.0973083276035988,0.20269083465458537,0.22814584403518445,0.23701977157838527,0.2646124457188522,0.6552590370739205,-0.2887474093937843,0.09897450850032914,-0.04657735902357759,0.25634190932136214,1.690185332656724,0.7170341269736982,0.48448187875871007,0.2274214049473005,0.06116299002325533,0.19037605456403905,0.579243790242978,0.16870588907142445,-0.04221250652429367,0.166505909326059,0.24616776478087735,0.40617688038378474,0.09145860820961735,0.2176695911974934,0.21205621382759143,0.049923599943973114,0.45839534261351633,0.31592093303881463,0.1678543967186298,-0.005230253589036352,0.09647861471007596,0.06753341612589403,-0.1413771135303658,0.2632316250835632,0.4819370874526969,-0.01342767593524185,0.703002812123587
-0.0777528115325024,0.08895928084107531,0.08967083086092224,0.15522144416140848,0.14506626864825992,0.13427575617010554,0.1437022263574792,0.09923392733516752,0.2071611033626361,0.17109949336747246,0.1632428585214302,0.13404975794830623,0.10656746873276979,0.2772707166934354,0.230429515257164,0.24596154687810518,0.20742234758780737,0.25931668268322444,0.042923798661760236,0.3552104782309117,-0.05471129316458448,0.25744887566141966,0.7170341269736982,1.5780952985295058,0.213311781552967,0.07029809657861406,0.08763009092650356,0.18344520211297027,0.2914322908762495,0.5967584738561622,0.6299561501509624,0.2193096128551847,0.26768346919438807,0.4136785904886028,0.11607787071218967,0.5074697991544277,0.37093518145927473,0.21668984475572647,0.3480342612255714,0.1776645441284625,-0.007715940780238782,0.007915279525798631,0.10118387748080368,0.07131569087321599,0.15296453446556174,0.2566749619182192,0.43016977683159957,0.01027761490605601,1.149563740486715
0.3811259028160297,0.18486120134020514,0.15987019625770363,0.24002373772039245,0.2824387586312043,0.266264999638894,0.20536694457033,0.28183670248337583,0.059708557537090035,0.23432533626378463,0.20927796977796165,0.27728007721541476,0.08939978211807878,0.2116432882206566,0.21456410031026835,0.24371827233103027,0.23569250755795654,0.2874896177088612,0.12718090453054443,0.19939896874253435,0.11434931895622806,0.1580080703184031,0.48448187875871007,0.213311781552967,0.9353731951846114,0.14008894645769668,0.1713657559472967,0.04256893404384706,0.5495700262508352,0.16114566189507035,-0.0366366313716178,0.16355412480665557,0.05869834525503198,0.33991099720827433,0.2217847337701631,0.2117456025926431,0.2982267220580894,0.13712635826487812,0.32727447999405657,0.1752064697114515,0.18772095406141154,0.10161621146948452,0.1435166945363319,0.0880435090961257,0.09873574203865644,0.28342140754107376,0.26808193489882404,-0.058548945980382225,-0.3248555630092326
0.02089967642297012,0.24444937441692988,0.1470097108401784,0.12464600186280338,0.19632934998609325,0.2649104728502518,0.16908763092277598,0.26275076851750295,0.28100510918643185,0.12676488374576844,0.16719933813535956,0.150492475783226,0.11449920562972035,0.21419171262202835,0.08287862820283996,0.06266743465406721,0.050560504660158614,0.2682829934441655,-0.22697238360766514,0.3468046749762555,-0.3154372534346649,0.1454586062869783,0.2274214049473005,0.07029809657861406,0.14008894645769668,2.0378059836157867,0.14872048891113518,0.42710996021367453,-0.18128848446602272,-0.5920689168879688,0.1607167362111355,0.3004059177078545,0.048116009933345624,0.16589419989639526,0.15800920606070043,-0.07852304641487279,-0.26656990136313247,0.12445225644684896,0.2859335847133402,0.3180371357743518,0.21025616652686493,-0.2519637665445821,0.14903271939752277,-0.01786382899830716,0.0599186636804029,0.1177787322840819,-0.0439888050845601,0.022820540860857854,1.634179400457505
0.20588734288549385,0.1954535692105256,0.14851998547857892,0.1783891561924236,0.19776687642352703,0.22139587349355666,0.18021419835504732,0.19048898365031347,0.12399852344244468,0.1835622191420718,0.19303777386355306,0.24570788656321438,0.10496368334795741,0.13953268370593885,0.16384864086398201,0.22970494674564282,0.22022978007530444,0.13980913048010093,0.08035785029519756,0.2748500032095647,0.10749803458776457,0.19570587390602165,0.06116299002325533,0.08763009092650356,0.1713657559472967,0.14872048891113518,0.6579948024135965,0.1701834780372791,0.16828069346133157,0.14670739510344677,0.1503543099930086,0.1911756853175522,0.11170482819098305,0.18747344619228234,0.21195815332767937,0.25815143645383165,0.25822712809707615,0.15703867900463894,0.178835473122632,0.18741589715132323,0.13251130037657874,0.10555127888432564,0.3052072426180207,-0.011722050689306445,0.2487133752313827,0.21813484981515602,0.1751168878662363,-0.018389031548741348,0.3638784097925818
-0.22846320382599036,0.2546488439514306,0.3317824519221808,-0.15803590662975042,-0.22595081395670175,0.00898980967018137,0.0019752376773533504,-0.15329570295689895,0.3086461510121905,0.08409776925789655,0.10431980944935192,-0.16872047790677996,0.04693017772941218,0.2100434929877377,0.33531321565313804,0.11937413216122711,0.1769180204225101,0.3000769512077399,0.044747767687714025,0.14402491152851918,0.4428657501487029,0.2090143651070967,0.19037605456403905,0.18344520211297027,0.04256893404384706,0.42710996021367453,0.1701834780372791,2.814760455942298,-0.29736148180172667,-0.29406277030457806,0.3073567278937227,0.15689806587279204,0.44945628518724945,-0.12983801285105703,0.375906171026369,-0.45835687559807237,0.5683886827847853,0.026338445347793227,0.27666884672754566,0.18915264353454522,0.5833440748707556,0.5666968404113473,0.5253494302088182,-0.057011882128685236,0.4678029538040607,0.11026407848238153,0.12323315116202381,-0.010671209045725138,0.15432300620727615
0.3814736255344453,0.3227483722603708,0.3103252853717824,0.32523985562329183,0.3341241133817695,0.359589532265801,0.258413392092598,0.3100098476597079,0.09070067304913962,0.2911129378017922,0.24553071762586196,0.3155596290873524,0.1264782763822728,0.2445707177441998,0.2120926860431797,0.3224240503737934,0.31243865998061876,0.2657598735056543,0.10451891765855474,0.3945401430080504,0.10432485924709518,0.2685365415383104,0.579243790242978,0.2914322908762495,0.5495700262508352,-0.18128848446602272,0.16828069346133157,-0.29736148180172667,2.389967153824956,-0.18446397441792797,-0.1786853220037006,0.2499949997814689,-0.11649235304611485,0.7427473020386948,0.05145565629636145,0.7882498829639595,-0.10845154071752727,0.16417469983329708,0.3417376597079657,0.222571093982444,-0.0053346888637424445,-0.024606315436555934,-0.26518260977081953,-0.10262811055308044,-0.1290599273538439,0.27114557689369195,0.16005131797916664,-0.03870642364760474,0.41069034616668254
0.16348779680049128,-0.06461878185511989,-0.28005336437179773,0.033407027524757084,0.08841434130068242,-0.03654280765126773,0.019243444331638472,0.010342889653146977,0.017344056340738677,0.10995886048257883,0.06716681223979525,0.08636466575176377,0.017953753234293747,0.12710281626660355,0.12898916866698795,0.09011224796380735,0.07659990852644584,0.01800372510244734,0.0673531398871583,0.17351489705036952,0.13631574181285733,0.09567767288201007,0.16870588907142445,0.5967584738561622,0.16114566189507035,-0.5920689168879688,0.14670739510344677,-0.29406277030457806,-0.18446397441792797,3.3400487720767957,0.3738027617443796,0.08464343075897504,-0.11182141763994954,-0.2548948488083939,0.1942328594115098,0.6042228383821491,1.012506096690126,0.19604641603813716,0.04614831224131802,0.17068133180782122,0.49725158319536344,0.06626861539282683,0.6924718936664052,0.1499678659079989,0.7309274568810721,0.36958750187533784,1.1818897774708859,-0.05131025750557969,0.4035327411948345
0.0831541231166465,0.15925047411661458,0.12597179183787446,0.052140798460307086,0.16410983915804372,0.18844189314808937,0.11046944073175985,0.15752902010534317,0.1717191236821448,0.14676778443377467,0.16713028353584378,0.11960649202908344,0.07850582987700472,0.17946364842954435,0.15392034504295746,0.1364991475304669,0.14173502380610772,0.2948003397160881,0.2136939511105275,0.32998738363336155,0.21779278403603164,0.16383168411114776,-0.04221250652429367,0.6299561501509624,-0.0366366313716178,0.1607167362111355,0.1503543099930086,0.3073567278937227,-0.1786853220037006,0.3738027617443796,1.4130765850616038,0.15634413874351458,0.19964623377705779,0.20920264188339993,0.30966168073026346,0.3895081491497919,0.45858542820922266,0.24797007056697515,0.3307954943207258,0.11085513720607235,-0.08419716662149454,0.25137868217728837,0.24983763231395376,0.12387484568354704,0.5970332293338836,0.22715604611579426,0.335183681621136,-0.010845093580865021,0.026933800904786708
0.1981643829241217,0.140066160808236,0.1531016927172394,0.2345970131430007,0.20071078402596154,0.18823210362045606,0.25389962387577464,0.14914459750083264,0.17911053111481204,0.1520048692052164,0.17825764335035263,0.25756760059203787,0.09677298603797677,0.38112699639219877,0.14199425449769698,0.2659814828494831,0.18261998373624033,0.14259725655844135,0.046110621940622376,0.2117624933697103,0.1440986689603724,0.24033761407663107,0.166505909326059,0.2193096128551847,0.16355412480665557,0.3004059177078545,0.1911756853175522,0.15689806587279204,0.2499949997814689,0.08464343075897504,0.15634413874351458,0.6674567365265931,0.1879619782474999,0.20779600699971182,0.060582418007188554,0.178148803407499,0.10632197499304831,0.14394599680574008,0.12821848600883506,0.09945288252590477,-0.013776717952333551,0.11881844765065577,0.22604841495819752,0.016523773379332175,0.18526663231775298,0.19219243141989412,0.21427820672210066,-0.023532185802658687,0.3612521208700179
0.12789663542534893,0.11125138925287607,0.16186155412017075,0.017637729654561774,-0.03271141388507362,-0.0057521633909924765,0.09950484492353374,0.024458763549505883,0.18020877432458487,0.07791221284627399,0.09683554710724089,0.06363981375453352,0.06696577525829062,0.13088775335210348,0.11730803349222199,0.10562163478840857,0.14632907788628366,0.15478613690347293,0.10395609565969094,0.13244930787446685,0.08422931355877315,0.15378402179304881,0.24616776478087735,0.26768346919438807,0.05869834525503198,0.048116009933345624,0.11170482819098305,0.44945628518724945,-0.11649235304611485,-0.11182141763994954,0.19964623377705779,0.1879619782474999,2.350264201816063,-0.07165052954135971,0.05475666787106756,-0.3165711480685258,0.5841001762135499,0.11095035586222769,-0.289177069352232,0.021377419118727654,-0.7230004160527966,0.11208715524887879,0.10956780859565186,-0.029698374520229595,0.11693756600573589,0.21664282068526142,0.2539446010540039,0.07943195768854193,0.18901138178473934
-0.3867584986145114,0.1389280075891854,0.05919907849472991,0.39350280923759984,0.44676466107252416,0.3277326799848415,0.22638855543764363,0.288134150411301,0.04446397293006229,0.31512581683136204,0.20489966417442082,0.27393164699071626,0.11123157099190958,0.19531509811217485,0.17842186500434368,0.2454069745026759,0.23413299572659127,0.24510907775672888,0.22376120470210173,0.4239489354753622,0.02792909013629261,0.1663688551776933,0.40617688038378474,0.4136785904886028,0.33991099720827433,0.16589419989639526,0.18747344619228234,-0.12983801285105703,0.7427473020386948,-0.2548948488083939,0.20920264188339993,0.20779600699971182,-0.07165052954135971,2.100168921662336,0.024317716187847043,0.4371816415137122,0.3286874897529523,0.2293510888115603,0.6801473039573128,-0.07932648706750925,-0.2406743066717321,-0.014089478584204038,-0.008869673859680726,0.22466702049655873,-0.13998017690215542,0.01720159340228891,0.10624106863302206,0.01868119599062651,-0.13482104762084182
0.10409726246466693,0.2555733540291003,0.27225569384904735,-0.48429471788938466,-0.20220782882588245,0.12825742469858384,0.15213090852835917,0.2148706140808206,0.0918355035102428,0.15287463659810827,0.18442704518385675,0.1631206403974163,0.10286787525271059,0.16611063740093243,0.1574568874660798,0.2866480638283335,0.1788772461245344,0.25238405116281987,0.12062121510514721,0.12838372385691585,0.3424700767241294,0.17147523587488514,0.09145860820961735,0.11607787071218967,0.2217847337701631,0.15800920606070043,0.21195815332767937,0.375906171026369,0.05145565629636145,0.1942328594115098,0.30966168073026346,0.060582418007188554,0.05475666787106756,0.024317716187847043,2.720798017471408,-0.17905340095516303,0.506364693388539,0.09935088072296283,0.45710119195070104,0.7931713451770036,0.22422677667957178,0.3522229393609566,0.1958551160969753,0.09795805304015362,0.776043948368326,0.3133475865898867,0.3448343098585579,-0.05423407437596864,-0.3498422122717247
0.18139337991380333,0.125694802785927,0.21790736594516721,0.24547808541671146,0.21517754906514347,0.1444268196861264,0.22046757112000365,0.13274762838784546,0.07651867468240302,0.18952568126275943,0.13034440008005985,0.2804037436973952,0.07986903066893161,0.1378087189169276,0.10697524600621294,0.16423587128911013,0.1481410422795053,0.1126870969561874,0.14823796603337908,0.23462753900775912,-0.09327665627822145,0.1542370169309878,0.2176695911974934,0.5074697991544277,0.2117456025926431,-0.07852304641487279,0.25815143645383165,-0.45835687559807237,0.7882498829639595,0.6042228383821491,0.3895081491497919,0.178148803407499,-0.3165711480685258,0.4371816415137122,-0.17905340095516303,3.0348095086462874,-0.1982687981932252,0.2077390623199429,0.18435957445167106,0.1786254387688559,0.024214538381031575,-0.22063776951136277,-0.45080271459395804,-0.05963532322482418,-0.02648779102296281,0.5211825925290862,-0.016936244266985923,-0.022727447107141766,-0.24326533820945562
0.18377427022069,0.36030366632399896,0.17735312441382184,0.03460260144695939,0.18644322660934085,0.22198913759702946,0.13118921605676548,0.2099760455431091,0.14646698503905362,0.22403105242721266,0.21058966532019754,0.13981856642048263,0.07787977195553773,0.2329346426946397,0.24317355521470263,0.24290275300356148,0.30063324154072346,0.3106585048421946,0.22451881617745914,0.5782464021593696,0.3473212958547346,0.19534181237785442,0.21205621382759143,0.37093518145927473,0.2982267220580894,-0.26656990136313247,0.25822712809707615,0.5683886827847853,-0.10845154071752727,1.012506096690126,0.45858542820922266,0.10632197499304831,0.5841001762135499,0.3286874897529523,0.506364693388539,-0.1982687981932252,3.322334973138122,0.43240689144896516,-0.1935621380403267,0.03954893539499711,0.32153260204360284,0.36055262784704784,0.6098622714969919,0.06551925087441426,1.1907786268314333,0.3040503642719908,0.7348427434822713,-0.006572877284046413,-0.2959117828702973
0.12547874247643526,0.18176570320754518,0.0719473349747196,0.10344217501139352,0.14414839912322266,0.20588575817146437,0.0791312361594215,0.1831433393385721,0.06965151294133148,0.10177685830082621,0.1287943302271173,0.10706209015499742,0.052232501748924416,0.13920895056095747,0.1204470421273535,0.10607832405237297,0.1412874082682797,0.06001940150960064,0.08089586834813622,0.6479016127783179,0.01981198114120247,0.09544926613228012,0.049923599943973114,0.21668984475572647,0.13712635826487812,0.12445225644684896,0.15703867900463894,0.026338445347793227,0.16417469983329708,0.19604641603813716,0.24797007056697515,0.14394599680574008,0.11095035586222769,0.2293510888115603,0.09935088072296283,0.2077390623199429,0.43240689144896516,0.6867637596086508,0.20270946464034942,0.24758617587389303,-0.11745924364395963,-0.02780580280114949,0.1127189568654401,0.07010503947358777,0.4240811834932345,0.19388109354810365,0.1484801897283823,0.004735898548219074,-0.006274343652898233
0.027999477167737367,0.15322640784803748,0.06498474310526436,0.18104973167237323,0.276406761878131,0.3263380005888099,0.14008789827810322,0.2787879580835265,0.09916935183845249,0.2536976107939199,0.211880875375669,0.21830974551902338,0.09479667844620301,0.18720966983797974,0.21848277999593102,0.22613516227813232,0.22733509110113467,0.3196771469485387,0.314025903581952,0.49456182373211616,0.18518775815107702,0.21274412086204172,0.45839534261351633,0.3480342612255714,0.32727447999405657,0.2859335847133402,0.178835473122632,0.27666884672754566,0.3417376597079657,0.04614831224131802,0.3307954943207258,0.12821848600883506,-0.289177069352232,0.6801473039573128,0.45710119195070104,0.18435957445167106,-0.1935621380403267,0.20270946464034942,2.9099796375508613,0.7192608877027953,0.21784789049531442,0.16307040058813277,0.10449616409659208,0.25636067414027924,0.4817112974196585,0.23312660658626502,0.17517405702915906,-0.08594152800749123,-0.16469016898811406
0.18709086275565415,0.16015994191696856,-0.02571750491569733,-0.06560473137440423,0.08918159184220557,0.17833234543380685,0.09605686367978414,0.1855722481518569,0.07642266940997781,0.11097273149540159,0.15260530716649587,0.14143322779093256,0.06748454467272705,0.12882065186604252,0.13336275857941204,0.17347349486352778,0.15012233082608775,0.19513726826064462,0.020045614679825907,0.4462239196633933,0.10775916257652517,0.1200891741532549,0.31592093303881463,0.1776645441284625,0.1752064697114515,0.3180371357743518,0.18741589715132323,0.18915264353454522,0.222571093982444,0.17068133180782122,0.11085513720607235,0.09945288252590477,0.021377419118727654,-0.07932648706750925,0.7931713451770036,0.1786254387688559,0.03954893539499711,0.24758617587389303,0.7192608877027953,1.3236840779788848,0.12165308104361418,0.00875884166462157,-0.0251037067547299,-0.1454381371961603,0.373330899432146,0.33467369435536254,0.1913338800903788,-0.03224987645595331,-0.022360529830147365
0.056246757348875014,0.03678348070783063,0.06554157263386692,0.03868935630664748,0.012307097388510808,-0.039782419033879086,0.037223735099250366,0.01819354653693908,0.048306061389483734,0.11785653676474944,0.07379200672386327,0.036644856449856454,0.030940499206155242,0.09988987803068788,0.15104023749904363,0.142392969419301,0.09133764230564909,0.14760635518727117,0.039618568198985744,-0.07461745213235285,0.2653364249157202,0.13638079249233506,0.1678543967186298,-0.007715940780238782,0.18772095406141154,0.21025616652686493,0.13251130037657874,0.5833440748707556,-0.0053346888637424445,0.49725158319536344,-0.08419716662149454,-0.013776717952333551,-0.7230004160527966,-0.2406743066717321,0.22422677667957178,0.024214538381031575,0.32153260204360284,-0.11745924364395963,0.21784789049531442,0.12165308104361418,3.330006554634899,0.34903316901012243,0.46328680597143324,0.2630010780070742,-0.6474253173177432,0.5543007003032886,0.2692204629298004,-0.18887889015936093,-0.21884512953582574
