2.617857433942746,0.6568698775121712,1.0291170906842533,-0.10913406924590452,0.891048996997397,0.10053019082434406,0.7224492576524365,0.6669151991875304,0.4733954156513348,0.28507111381285793,0.33879526132004545,0.3327904691067687,0.4612726141763326,0.450329226691136,0.3935430257758478,0.41611800467177207,0.1959393221426421,0.5402372218187549,0.4352682523250513,0.029318059785737958,0.3387641995199233,0.4914695849652997,0.08895496719767423,0.131472832679871,0.4200585513162233,0.422631879425774,0.23641197699169267,0.07222982036431927,0.4625762764403622,0.26092486243506563,0.2263213344617429,0.33483392135097045,0.20416581354577298,-0.11422314327619153,0.19125147759779448,0.22521304556798333,0.034363844878197124,0.39981833983302373,0.29119472567556864,0.19129952970467404,0.1583529470373434,0.3073771963682557,0.3595498222751259,0.10195592805433693,0.2587702464973524,0.3100979797858454,0.3758476458982348,-0.08880071970382228,0.2762110075800112,0.033260161272474394,-0.08992601065798349,-0.12347334040091212,0.25690452726295626,-0.08695615612222503,-0.07124516970928868,0.06369530002582331,-0.17573977374152772,0.44921173040112283,-0.3527903442362603,-0.01598981508540462
0.6568698775121712,3.2305735038396257,1.186937124063096,0.17789858754135424,0.2430764646719599,0.25737469075851044,0.20033428821434998,0.35872763349366205,0.3605771728141753,0.29772822511156116,0.32006820660235835,0.32353327089399475,0.40644027260163845,0.24037070968245128,0.31681492466785777,0.2880348954171139,0.2916965461805038,0.6215421225070692,0.3443058572833838,0.3616783128504153,0.24468810799489238,0.3248385427925502,-0.10982976061398148,0.20672221761441464,0.2473508628892252,0.3227585806443975,0.2846118827744689,0.26391812735701703,0.7880044622799116,0.2158962777299356,0.13043095495518647,0.1576591029014776,0.2553811278611891,0.26710705045596145,0.3254797014970126,0.20904021935539693,0.4982708767187457,0.115847795367734,0.23788007571879027,0.28289065702448174,0.08804938343553351,0.2451666284919037,0.09841424637825993,-3.495888618387923e-5,0.29260976919163756,0.2696594816408343,0.3030733633120451,-0.0600289856265196,0.06869339648672412,-0.13253264279477125,0.3329730422728329,-0.023698768181010358,0.05201751546113558,-0.16685372785690294,0.07319101358390515,-0.17825375645634178,-0.6014798477298392,0.363065294514464,0.28051421050138076,-0.03391302444590467
1.0291170906842533,1.186937124063096,2.8221186388546746,0.1647102385500876,0.03772639827124008,0.2599987649212209,0.2679190911381663,0.4920017604865245,0.7122960881492968,0.44446853634284966,0.34650353956817875,0.3267153439778262,0.4015569559809027,0.28419843781163395,0.3773169970204128,0.2418389027919324,0.30306960228290525,0.5104833590517249,0.3108355543952234,0.24712733366948436,0.40162053411885384,0.41105383494546227,0.020795485885040987,0.22969562717489142,0.29658289696403406,0.3765630481486299,0.3215607727140722,0.2822875290069536,0.5026847156927262,0.12791572080377625,0.22190043518423322,0.3259684679948888,0.14847664611697609,0.46861413729420376,0.4933636343428565,0.375554615754926,0.10250705647768084,-0.008322739123675637,0.37975336575900887,0.19025270220351664,0.2617170696082936,0.4171899244739552,0.25126418223217106,-0.0078029164618411,0.4143291739878197,0.24746546495982075,0.42706458558506094,-0.07834035160038288,0.12039037447959176,-0.25188733352538706,0.26287007713682403,0.10928011043302689,0.10216550075401372,-0.06996563790427103,-0.21764962906305227,0.027776628716032026,0.17495234797149453,-0.0008185922331867499,-0.24366883265099887,0.19453545418999438
-0.10913406924590452,0.17789858754135424,0.1647102385500876,2.24858307437397,0.3140019794956475,0.3504074674577413,0.5333693877550468,0.3746577137966396,0.17793730805886263,0.21810351143953463,0.36412022413957384,0.4615732951259837,0.39370227654330653,0.4238701443581385,0.2440606377370779,0.4421752350570214,0.3288541294804896,0.21087032441230652,0.322203108359305,0.2635456772003367,0.24285542887550393,0.307731481113872,-0.01469737647040137,0.2683800335560896,0.26977034471673933,0.416700681430221,0.2951843227882346,0.13615320857171384,0.24166401875897844,0.012032804924707699,0.158335480506792,0.4390335963259052,0.23298214199385653,0.42638330755841874,-0.1440800202161691,0.22008462893305894,0.2227445185225102,0.16261987734694072,0.1965390255978032,0.020385950890925004,0.10226986930551074,0.2386210192354336,0.23938594505250577,0.06892978230539618,0.0753381987092628,0.1647244410460795,0.22319092958842193,-0.050937566644270155,0.09285904569863015,0.053117666204302715,-0.07322747861027656,0.08161058277690333,-0.07155236054061705,-0.012948838477489595,-0.09465784590148363,-0.020227875254380617,0.0284342155817342,0.009504912877359795,0.016390613292021124,0.16806414134639067
0.891048996997397,0.2430764646719599,0.03772639827124008,0.3140019794956475,1.8412247002042614,-0.09241176725280448,0.5121298047312719,0.5892688487914345,0.17881236220530414,0.27497852893510183,0.29417829977139154,0.3090685141669283,0.3878680195885757,0.2732774219256565,0.31973582074419904,0.37392227320062715,0.22126676443982315,0.3993123808632144,0.6635628230124252,-0.08787345306816044,0.08290009569003344,0.29495468274652875,0.05490751421971935,0.1629496101329081,0.27989580998115526,0.3442617981714811,0.1290269719488853,0.023010642331546684,0.25111462693513936,0.216358860870272,0.1676407718388189,0.1985223564021634,0.316562873536726,0.05911860111346585,-0.23114918965260703,0.28554265640433796,0.21391420089690816,0.041691194399141755,0.23252414321490333,-0.00106453684606116,0.1155519009249229,0.07587540738123076,0.10633534300536879,0.01886409442310431,-0.09907947180578729,0.1985029620399375,0.09927567055200935,-0.06939654241440461,0.18869218942303284,0.4173113779328209,-0.1620323619991713,-0.22393581753345895,-0.02527539346603321,-0.06902608756669455,0.13740607712846029,-0.024845940136859066,-0.29372487730903785,0.32169752166936966,-0.018817354977518876,-0.07386649608802524
0.10053019082434406,0.25737469075851044,0.2599987649212209,0.3504074674577413,-0.09241176725280448,1.1915151046284829,-0.058470826630136155,0.3260199528553467,0.3483174367446744,0.26657047366463504,0.41854742922286975,0.38554102635772713,0.32089365055726327,0.29694585796534284,0.24610266046284804,0.2646091637612601,0.37213924661684766,0.25384621441010813,0.5255871383972633,0.4764664356822299,0.45537859506285944,0.35471785603215333,-0.07903083055674055,0.2744318967011406,0.2455886669172753,0.3860414258079021,0.2532254656653206,0.24367015252386076,0.37692030853068964,-0.05831808735281095,0.16872975523208691,0.3867297300466829,0.12562521059492057,0.3858522351742443,0.2885619312286506,-0.01373426289057732,0.24433394002155479,0.3804351962732149,0.2751067994339532,0.20285603866845425,0.11323114160726705,0.43482962334408193,0.3880005203370345,0.0834992747818385,0.3355041692805545,0.15979604553200932,0.5747271144750814,-0.02627561776116247,0.2334120940551875,-0.01666587562832655,-0.08525918324462102,0.11165539418677731,-0.0896465028384678,0.04107366387785271,-0.07998871510199013,-0.025521110716530244,0.021853721604778952,-0.07719149170995956,0.11693190043368155,0.2343169943882776
0.7224492576524365,0.20033428821434998,0.2679190911381663,0.5333693877550468,0.5121298047312719,-0.058470826630136155,0.9361389952188225,0.3494487129991621,0.2478232066143845,0.19322634438172376,0.26603706983137015,0.30662384781795804,0.34718422801352866,0.21510762222312396,0.23071953698542166,0.31018271619770743,0.21482170992579683,0.2921043892638032,0.1875930068583346,0.060373156976931956,0.1799142906423671,0.29465418278321676,0.0289039215402246,0.15110072723679485,0.24311650087613113,0.3250859246766358,0.18556961378389183,0.0881749674963792,0.19918152178511528,0.19807984721402583,0.15606225553350475,0.21687464707997467,0.19944411222563088,0.17747736069724654,0.018062907422987204,0.28656616184696854,0.1437398259959422,0.08350514799109905,0.20548197096657014,0.016692500462254338,0.06805603999818678,0.16677674337674533,0.11711000893613258,0.03692408297264275,0.06688580176583214,0.15452629756346753,-0.013882848550570238,-0.0570963097074775,0.15447057730766683,0.0701820206158004,-0.09952206383768436,-0.052425098204302294,0.08552108301887974,-0.048908625614599216,0.040551417924626895,0.08828912881652372,-0.09552312236997625,0.21825577300856694,-0.3510486499342209,0.07124895671504693
0.6669151991875304,0.35872763349366205,0.4920017604865245,0.3746577137966396,0.5892688487914345,0.3260199528553467,0.3494487129991621,1.026238312567464,0.22093253144247824,0.26873929490873877,0.3628422452573751,0.24479787791988689,0.4075418384483156,0.28358873764081105,0.23252432541522638,0.2981382083155739,0.3126376387211635,0.42599275125734654,0.4572187647178197,0.2566954599501157,0.2596165840484338,0.30345212435311153,-0.031120806778274078,0.17612776548615908,0.32508751232613425,0.47108018320947287,0.24257917195459994,0.0999847304769447,0.30797350484522235,0.09171515836012584,0.14941250086108515,0.28733190642505,0.11745985228288701,0.297989258904022,0.22098394669226026,0.08285071769725115,0.16282814671986812,0.2432356911984798,0.32983425633881885,0.13911624540560052,0.09954306818628382,0.24684407814505854,0.25992787757216196,0.05457866461091865,0.21003165271601956,0.22624184390973637,0.4430825032125555,-0.021419562434689825,0.26553455228396655,0.10105693454708421,0.0046057051813195434,0.004380521926594708,0.050378646633540906,-0.11415558958875431,-0.05885121314923007,-0.03956467168295984,-0.013677001458525042,0.3663400906426404,-0.28304555950576993,0.10704583734123256
0.4733954156513348,0.3605771728141753,0.7122960881492968,0.17793730805886263,0.17881236220530414,0.3483174367446744,0.2478232066143845,0.22093253144247824,0.7970718859780449,0.3301979401133864,0.3372482734582003,0.3110927788727314,0.3491476095464419,0.26558911924805606,0.30451111630554495,0.23031066024898258,0.2903774321239849,0.3420653739715011,0.3178451495779921,0.1820182760861478,0.275338568423301,0.42537988580659986,0.023784778474279625,0.23004465111285244,0.20766722013940428,0.38099430445560534,0.2360480367094197,0.21026750133612357,0.20524185852952437,0.09062852192880257,0.20466141945500535,0.32251785105336955,0.2056361721271955,0.33824121328327633,0.2264969807866865,0.23126553027340174,0.11485104821540384,0.19569138438448147,0.2644934534187165,0.15346018451231763,0.11554944163584681,0.2647413855513739,0.34577425950844315,0.04207857843328877,0.32490708534402934,0.21179517912495158,0.3327310862388094,-0.08254292234880137,0.156152113889721,-0.14215079169221198,0.11570469571099284,0.07394571954325238,0.06544535286215224,-0.01124167735942011,0.023398714932647672,0.14772335662921723,0.03187278176669972,-0.10270432649325356,-0.15670987794998142,0.21299941516748194
0.28507111381285793,0.29772822511156116,0.44446853634284966,0.21810351143953463,0.27497852893510183,0.26657047366463504,0.19322634438172376,0.26873929490873877,0.3301979401133864,0.8522730591674681,0.34644103156092626,0.33009374254357926,0.34488875435263183,0.18987625578217376,0.2732420681585748,0.23747261028432431,0.325682341758561,0.3594817733625517,0.2910196874127305,0.20113651553998618,0.1901669080311124,0.26997002931731334,-0.016068501355684973,0.23866389339533006,0.20982329554779156,0.2542087192276249,0.2369293649151478,0.21212654938048678,0.3413555797067371,0.1163408015594014,0.19501788730959657,0.2532732862367734,0.15498168781954014,0.4173062897125219,0.2781802437236102,0.23481242780479228,0.20529687475649433,0.04708614255844419,0.3119577858654669,0.18498335223236004,0.21677754921762024,0.18190411824451294,0.19889366105060893,0.03540439705233251,0.15605276118776207,0.14677036197444132,0.4006742318506589,-0.0619784938341895,0.17567370910724375,0.03998795930674392,0.06847118476229073,-0.02732049355918475,-0.021430547682538745,0.043897394928338176,0.12055919860454062,0.004861855821790377,0.07248784075823027,-0.3029052838494457,0.16125670775040707,0.16603062538405872
0.33879526132004545,0.32006820660235835,0.34650353956817875,0.36412022413957384,0.29417829977139154,0.41854742922286975,0.26603706983137015,0.3628422452573751,0.3372482734582003,0.34644103156092626,0.6266916288703267,0.4198159976289194,0.40441114888573376,0.255087823057824,0.3322783620229447,0.31375381111905776,0.39928913079617595,0.3165147438468341,0.3683980938054224,0.2881182241819058,0.2284894365466077,0.3227455289875429,-0.04545561544243287,0.23888179055675005,0.26650075214305674,0.38634624378185684,0.2591853092236339,0.2115311998415664,0.3280236251157369,0.04260159190735427,0.17951957789148712,0.3033459135390174,0.17134493205913892,0.3434750629462775,0.2791686225655625,0.16808159517008264,0.13878450097879164,0.15621414672990552,0.28566364910378883,0.16249446953034724,0.10212925063377425,0.2214516146296748,0.2594354064635967,0.04444104780366062,0.24117522382188922,0.1763038672660479,0.33396468418437636,-0.06663058764096443,0.16574346126260373,-0.04222825413173832,0.03265959158471454,0.011347677407187843,0.048846691229183864,0.026890437101531182,-0.052431475083745564,0.01741891273290882,-0.06076139681350151,-0.009453504303154446,0.005463899274024447,0.17422637489449685
0.3327904691067687,0.32353327089399475,0.3267153439778262,0.4615732951259837,0.3090685141669283,0.38554102635772713,0.30662384781795804,0.24479787791988689,0.3110927788727314,0.33009374254357926,0.4198159976289194,0.6694007997447605,0.3706113000567133,0.28521544451165765,0.2945685054332103,0.3157608294121705,0.32224418492025597,0.23485565282105775,0.34993857421788427,0.2351785088738579,0.22579881690301068,0.302325825914727,-0.0008119180205806399,0.22682055080269956,0.283128860445716,0.34329773297132227,0.29496244648882747,0.18310203639116507,0.2978499715853797,0.02272147467190132,0.19488117686146425,0.32304929064815835,0.19726146706939426,0.3375507310362347,0.2117248014915019,0.22971440927857928,0.10424657740774855,0.13366634996747692,0.28150263367119743,0.14113551653413403,0.10107681466003347,0.22045148847741014,0.2275898942061465,0.04072131184802221,0.17030240153095577,0.181196299932369,0.28305085107341343,-0.05212890332601897,0.16840215079405838,-0.06557087814985853,-0.005710856176995877,0.10332626463785308,-0.0006220351016519948,-0.02411117682198544,0.0031394510043482268,0.02400745559684529,-0.10413176888686453,-0.007679679688197461,0.020763899479441884,0.12019663148108213
0.4612726141763326,0.40644027260163845,0.4015569559809027,0.39370227654330653,0.3878680195885757,0.32089365055726327,0.34718422801352866,0.4075418384483156,0.3491476095464419,0.34488875435263183,0.40441114888573376,0.3706113000567133,0.7091805008495586,0.3154251955996046,0.2437880883107059,0.3465356803162355,0.30227204403454827,0.3420107174037705,0.3376379883623959,0.24168425931856558,0.22112827008686,0.37863345789692987,-0.03330189913301608,0.2803713466924511,0.2596502348156681,0.357940304204535,0.28043344513269686,0.19382148664867438,0.3559776983084409,0.11352783572643438,0.166173502342002,0.33179278787235894,0.2531012154219712,0.3157866217049918,0.24585431811963893,0.2020708269655087,0.1848042211853775,0.16596142390670246,0.28509544576793017,0.10997944731179692,0.14085348203304499,0.21912831467603505,0.2754751196850805,0.06291695111602016,0.10481264690057315,0.24568553372059945,0.3142749020486159,-0.05353223804197216,0.2380023059136545,-0.0057883777801693535,-0.004619888431521644,-0.0051706546736627656,0.10980738929440692,-0.0842642684775557,-0.02280553810603832,-0.021369011663266123,-0.1280597079929279,-0.2731747715398528,0.3321090955263934,0.15935783466823567
0.450329226691136,0.24037070968245128,0.28419843781163395,0.4238701443581385,0.2732774219256565,0.29694585796534284,0.21510762222312396,0.28358873764081105,0.26558911924805606,0.18987625578217376,0.255087823057824,0.28521544451165765,0.3154251955996046,0.5520895718584947,0.2491956998106101,0.3672329107896325,0.24869176193313688,0.17740329413259714,0.26908272055500493,0.23444688842996644,0.20164286505322762,0.3145557876299246,-0.01972818560317244,0.2156606660876543,0.2318859820584304,0.32583070461101943,0.23026257844793205,0.12646315118086052,0.2634511422362144,0.0711489015855999,0.1268091778486229,0.41174963179044843,0.14819799598726593,0.17656411162913038,0.19009029635627325,0.10917527209908577,0.07219774472379638,0.2440275516990021,0.15781466223620483,0.16091771018701972,0.14636147684018253,0.19901828666721444,0.35890281000301955,0.06345747848318659,0.2354909569023988,0.18402527364045135,0.35605610416951067,-0.0611375258205589,0.1835698829112051,-0.08530151075921992,-0.0024515282801950426,-0.025643297833696226,0.1323076769795023,-0.023952415897934565,-0.17313406052550784,0.00480369545948454,-0.062444636993303514,0.006170932742285196,0.1415489089287764,-0.019311561082928197
0.3935430257758478,0.31681492466785777,0.3773169970204128,0.2440606377370779,0.31973582074419904,0.24610266046284804,0.23071953698542166,0.23252432541522638,0.30451111630554495,0.2732420681585748,0.3322783620229447,0.2945685054332103,0.2437880883107059,0.2491956998106101,0.7343190898479599,0.26607103976682445,0.3465189744697536,0.3223521168133649,0.33812281509623077,0.1624286933641224,0.16039095326413616,0.2509006760755896,-0.03789566743342893,0.20838441018865383,0.27216525637855316,0.30547085624377235,0.16334880870175483,0.2473551710892703,0.2773926055518582,0.16967901197546612,0.17339294647104544,0.22098309188829565,0.22908650676284376,0.23795970532537875,0.1768782583280825,0.20979810889125286,0.22568966002371812,0.1185570537993845,0.2117175337578382,0.09990900480610093,0.1561891355566024,0.1533239775592959,0.19939924466423606,0.01614613889465955,0.23232509722941316,0.16186985765184003,0.2454225863300093,-0.04458302852184534,0.13159799153660437,0.17833663652811857,-0.04850890777180702,0.24782746083986631,-0.20205034233009617,-0.07911323050644334,0.0039633043930012235,0.10547122983567586,-0.18219095820793443,0.11465010080656826,-0.13952350974919875,-0.08071282376337607
0.41611800467177207,0.2880348954171139,0.2418389027919324,0.4421752350570214,0.37392227320062715,0.2646091637612601,0.31018271619770743,0.2981382083155739,0.23031066024898258,0.23747261028432431,0.31375381111905776,0.3157608294121705,0.3465356803162355,0.3672329107896325,0.26607103976682445,0.7479396862510981,0.31148106257547425,0.2220098332637345,0.32223209216296256,0.18817642269881735,0.17232256271184462,0.4037391601851688,-0.016863596818769998,0.22993909611486374,0.2844613031925883,0.2692503652278057,0.2749142168417048,0.20642321640976172,0.3134066467337796,0.10334101939947872,0.15420557516120845,0.3351792278550762,0.1742357338703618,0.23771762189690968,0.31234838000982224,0.16903940226639555,0.12467174018913399,0.21850331022698788,0.21257666709087608,0.13922576687321378,0.15015369269309056,0.17773281259208593,0.35242516623094,0.08184537635876583,0.17963040952319995,0.20931487015928896,0.30863975465611704,-0.08808447050156049,0.17712146546702948,-0.17030859638616724,-0.06164097222600277,0.07148760883010495,0.10034886908993759,-0.031998383713535083,-0.06731741657800204,-0.012591622073763261,-0.15427030829587648,0.05552588141184011,0.10304670047318751,0.051898098388792606
0.1959393221426421,0.2916965461805038,0.30306960228290525,0.3288541294804896,0.22126676443982315,0.37213924661684766,0.21482170992579683,0.3126376387211635,0.2903774321239849,0.325682341758561,0.39928913079617595,0.32224418492025597,0.30227204403454827,0.24869176193313688,0.3465189744697536,0.31148106257547425,0.9164232896514881,0.2593074284624871,0.33524099075094876,0.3488428805564126,0.1665559577439103,0.3442631898164735,-0.00505504425206401,0.22331373089234874,0.2884411101731281,0.2094335062428028,0.23130926176263755,0.2380651795710163,0.4251352193917533,0.025817335767812123,0.2287994730571738,0.23304397725835554,0.2413815240914093,0.3531729303220376,0.23561039147964788,0.2002516232687531,0.38011239554715487,0.1726800095323637,0.39783265352778047,0.1493119592451592,0.19510671600897422,0.16236525871646945,0.2881910363319168,0.052025041281245375,0.2392670801476976,0.2300327155370962,0.4636947522293533,-0.06832859496984175,0.13420484052539694,0.17400737610158015,0.043824235772636055,0.02881499247898007,-0.08215583388480607,-0.08790495378040633,0.06349739600038398,-0.008970276648500614,-0.12403471443112682,0.07210093294153777,-0.047603393494144636,0.04030278831061164
0.5402372218187549,0.6215421225070692,0.5104833590517249,0.21087032441230652,0.3993123808632144,0.25384621441010813,0.2921043892638032,0.42599275125734654,0.3420653739715011,0.3594817733625517,0.3165147438468341,0.23485565282105775,0.3420107174037705,0.17740329413259714,0.3223521168133649,0.2220098332637345,0.2593074284624871,0.9926788515263846,0.4108362773000037,-0.006054715868814169,0.2582917448094074,0.2844233361059917,0.032248627831931366,0.1917771304667672,0.23622001654485802,0.36532434210930126,0.08300269610417736,0.19912624841802012,0.3757265165693237,0.05258906746216019,0.15416104723525992,0.207359771092143,0.17964302635719284,0.24077742362706886,0.13694243171806553,0.20312715058277964,0.23380460043195314,0.15035683125026347,0.20217871403265789,0.16237099679403094,0.13451955540236069,0.24075048544727604,0.2112550790113244,0.02338285264136673,0.3008168066695613,0.22425795414376914,0.30693285634714956,-0.04759354211783198,0.030461766340523912,0.15583183053656235,0.28041073887184514,-0.0178694375282708,-0.20830966927164948,-0.11400490853391367,0.02575219025805694,0.06061244263054212,-0.06785859438809144,0.11839360887580697,-0.20125761688321525,0.028582915193555
0.4352682523250513,0.3443058572833838,0.3108355543952234,0.322203108359305,0.6635628230124252,0.5255871383972633,0.1875930068583346,0.4572187647178197,0.3178451495779921,0.2910196874127305,0.3683980938054224,0.34993857421788427,0.3376379883623959,0.26908272055500493,0.33812281509623077,0.32223209216296256,0.33524099075094876,0.4108362773000037,0.9421469330748717,0.09636290752308,0.32803738893921425,0.34422100205861716,-0.04757731837572221,0.2398888879577417,0.2754956713599941,0.3443912996239107,0.18696972718083496,0.2697051540156025,0.19084526369662005,0.10575218290158422,0.1952066466784858,0.32664882356163977,0.2520888909554115,0.2456054827577175,0.09368295440154994,0.1754677533681545,0.12561545646738173,0.2044797218833814,0.27906486558878113,0.12342040717760196,0.1662143520248425,0.3001719816312672,0.2913508693859009,0.020233867601501268,0.3439592183134055,0.21161536864407318,0.2995651169473746,-0.02861718261085184,0.18038466079921242,0.1299341180412536,0.1915539115577573,0.3038812868708756,-0.3544359075223197,-0.08298393780775902,-0.0673920108260909,0.0170699430965114,-0.07036655294674628,0.08449115752576151,-0.005326842161908598,0.10444293485111954
0.029318059785737958,0.3616783128504153,0.24712733366948436,0.2635456772003367,-0.08787345306816044,0.4764664356822299,0.060373156976931956,0.2566954599501157,0.1820182760861478,0.20113651553998618,0.2881182241819058,0.2351785088738579,0.24168425931856558,0.23444688842996644,0.1624286933641224,0.18817642269881735,0.3488428805564126,-0.006054715868814169,0.09636290752308,1.6027733035703817,0.04271559923459352,0.16926751114918623,-0.29875182030118064,0.2624550296462439,0.19097966111936196,0.3544613450976342,0.3544111937034453,0.22265797681925725,0.5139076418454808,0.47038636279328033,0.13527257732915698,0.1888642357190123,0.1890393282948496,0.2875743011261108,0.38513810484092403,0.012929110737090802,0.6839875354210526,0.20924294458073386,0.2023940450111713,0.3903219913923328,-0.04757078914699192,0.06207738963154579,0.1830325030507095,0.04693701819714531,0.16372165968425126,0.05119554259832698,0.14022645102301504,0.02911427351791828,0.5499072792591716,-0.25801221547375597,-0.17491527052900838,-0.17177528620039173,0.34281978899070686,0.020050553922552488,0.2911145998512388,-0.06697195672970598,-0.08273712227022224,-0.051896775216054535,0.149374736253567,0.12471489881782928
0.3387641995199233,0.24468810799489238,0.40162053411885384,0.24285542887550393,0.08290009569003344,0.45537859506285944,0.1799142906423671,0.2596165840484338,0.275338568423301,0.1901669080311124,0.2284894365466077,0.22579881690301068,0.22112827008686,0.20164286505322762,0.16039095326413616,0.17232256271184462,0.1665559577439103,0.2582917448094074,0.32803738893921425,0.04271559923459352,1.1242195067354226,0.23141657065784313,-0.01250922494640611,0.11882081450436544,0.1608567789358654,0.3446855624440022,0.11176141798618487,0.23762181624097165,0.09725672418477274,-0.021469608696530862,0.13920326165646693,0.2857122916962645,0.015563734061227656,0.16937938577385928,0.43658469156433916,0.01611546442406581,-0.029924470736377506,0.396616068646566,0.23430799898499183,0.20837205902580505,0.16801574912213096,1.0517598035699798,0.24431152006971382,0.04011536675573492,0.712747045444944,0.09244441347847396,0.631296199816127,0.044662723790707196,-0.1298946654561402,-0.029041401772947457,0.009266933508866688,0.18436151575763807,-0.08703140500570443,-0.006551530043269026,-0.28310215098458685,0.03633501149313351,-0.03239353481154503,0.024093424497762597,-0.034712342279793806,0.15562153831837855
0.4914695849652997,0.3248385427925502,0.41105383494546227,0.307731481113872,0.29495468274652875,0.35471785603215333,0.29465418278321676,0.30345212435311153,0.42537988580659986,0.26997002931731334,0.3227455289875429,0.302325825914727,0.37863345789692987,0.3145557876299246,0.2509006760755896,0.4037391601851688,0.3442631898164735,0.2844233361059917,0.34422100205861716,0.16926751114918623,0.23141657065784313,0.8760122072835329,0.11669052376320592,0.24979156276655964,0.26076276880586885,0.28249125492258564,0.26152284277073695,0.19901180470267898,0.3392695570478575,0.10667150432290518,0.2232238064073539,0.3406127421383778,0.275883702490313,0.25464713230963065,0.21352500927856152,0.27742948751257035,0.15818233196404916,0.3538159735517614,0.2752900989905073,0.12930704480979957,0.18939543911401568,0.23394972896577412,0.5644604198582492,0.10148530024169868,0.234225987727706,0.37164217263992605,0.3864566566581145,-0.21606673196616025,0.268216436052465,-0.15059444080266943,-0.0044627185351538,0.019043145602376972,0.07895783266902118,-0.06231758200123224,-0.04944674474957724,0.05319273850959726,-0.09929147465200489,-0.02665016443719992,0.022826833745411192,0.1256205762895426
0.08895496719767423,-0.10982976061398148,0.020795485885040987,-0.01469737647040137,0.05490751421971935,-0.07903083055674055,0.0289039215402246,-0.031120806778274078,0.023784778474279625,-0.016068501355684973,-0.04545561544243287,-0.0008119180205806399,-0.03330189913301608,-0.01972818560317244,-0.03789566743342893,-0.016863596818769998,-0.00505504425206401,0.032248627831931366,-0.04757731837572221,-0.29875182030118064,-0.01250922494640611,0.11669052376320592,1.6698859792807892,0.014356948154417078,0.2578333338973268,-0.259827586655125,-0.015524575080143585,-0.46527408944954696,0.20434541311998317,0.11734718921695496,0.26836752374052714,-0.05208018543707777,0.017900812420717605,0.24304221249665414,-0.410539528189275,0.7807805652309402,-0.09866432827770251,-0.043093265315176044,0.22698561609523024,-0.05580428422254704,0.33353519443486734,-0.03388073252236901,0.09177927526196454,0.2397122854716839,-0.43465906711055935,0.14602984922788267,0.12187085779249869,-0.021390866971195684,-0.3166950199242828,0.046182230036885014,-0.04370813912035766,0.10015698337172776,0.12870654664674464,-0.0607466130396336,0.1393909484784092,-0.004144861991188965,-0.05401322758942782,0.023753507167959546,-0.041335751891268147,-0.04374166651258832
0.131472832679871,0.20672221761441464,0.22969562717489142,0.2683800335560896,0.1629496101329081,0.2744318967011406,0.15110072723679485,0.17612776548615908,0.23004465111285244,0.23866389339533006,0.23888179055675005,0.22682055080269956,0.2803713466924511,0.2156606660876543,0.20838441018865383,0.22993909611486374,0.22331373089234874,0.1917771304667672,0.2398888879577417,0.2624550296462439,0.11882081450436544,0.24979156276655964,0.014356948154417078,0.561880859854921,0.18457555216422644,0.21429656139095796,0.1934422597945095,0.2417067280134896,0.1482530795601999,0.3792878629105171,0.13880469950698343,0.2877156215750626,0.43224990856245116,0.2309514849901631,0.16438065463486912,0.2107458532338246,0.2971104016206686,0.11370311966301407,0.1700014630651397,0.12965289716479675,0.14763709978913483,0.11516934510789385,0.26146495800796793,0.03882985081246089,0.11282156813543731,0.11227178521530652,0.21944471413489822,-0.0033767598605096024,0.322819375435866,-0.07443504534710965,-0.07759462765171342,0.14697755293490544,0.0032756485691219205,-0.02193254366213723,0.1046162842430643,-0.054787418985389975,0.040582408948248966,-0.37150504363222236,0.33666497942132456,0.13443736908855028
0.4200585513162233,0.2473508628892252,0.29658289696403406,0.26977034471673933,0.27989580998115526,0.2455886669172753,0.24311650087613113,0.32508751232613425,0.20766722013940428,0.20982329554779156,0.26650075214305674,0.283128860445716,0.2596502348156681,0.2318859820584304,0.27216525637855316,0.2844613031925883,0.2884411101731281,0.23622001654485802,0.2754956713599941,0.19097966111936196,0.1608567789358654,0.26076276880586885,0.2578333338973268,0.18457555216422644,0.7315762526701254,0.27089229849565005,0.2035528749669888,0.07623851634876007,0.3148635639483475,0.1393388480422795,0.16824213322587048,0.22568913259680368,0.1489688533386378,0.2602686882999123,0.14317211147050096,0.26040284203181946,0.10122192087235359,0.14830147454355924,0.19523370104238424,0.0839119123782838,0.13067147336825066,0.15649241093916316,0.2388533696473904,0.0855977434398644,0.11965423463749694,0.19498086438289586,0.27658499787442264,-0.05602357961995364,0.0017681580086554587,-0.12307023926135419,-0.04751779497083609,0.15901324360724597,0.052258776837986236,-0.05461619906496959,0.010954862365017552,0.030537511772331303,-0.06644238187662445,0.0638603498458726,-0.07220255003288184,0.04544958696778727
0.422631879425774,0.3227585806443975,0.3765630481486299,0.416700681430221,0.3442617981714811,0.3860414258079021,0.3250859246766358,0.47108018320947287,0.38099430445560534,0.2542087192276249,0.38634624378185684,0.34329773297132227,0.357940304204535,0.32583070461101943,0.30547085624377235,0.2692503652278057,0.2094335062428028,0.36532434210930126,0.3443912996239107,0.3544613450976342,0.3446855624440022,0.28249125492258564,-0.259827586655125,0.21429656139095796,0.27089229849565005,1.5155261795803419,0.19533043277582207,0.25863743124312866,-0.1539823824373566,0.2154205235027982,0.05153326321193105,0.4225988557458571,0.17192657588882496,0.16760000765484237,0.20702151853479847,0.016249188664931143,-0.09105850045512301,0.28975510025771195,-0.2801247802517179,0.2000529975754256,-0.07036545543994996,0.35246885950508294,0.3512429705743513,-0.011060126319427793,0.3062652608882343,0.11629286199486785,0.20479878641710805,-0.011282415949647394,0.2703782743262345,-0.21619261487004007,-0.20279534218997702,0.1439477047846497,-0.05905503884367663,0.040704734518013264,-0.09459140801055739,0.062152690265077304,-0.032923217290350484,0.056629391369133975,-0.02338378961028245,0.23071029762410986
0.23641197699169267,0.2846118827744689,0.3215607727140722,0.2951843227882346,0.1290269719488853,0.2532254656653206,0.18556961378389183,0.24257917195459994,0.2360480367094197,0.2369293649151478,0.2591853092236339,0.29496244648882747,0.28043344513269686,0.23026257844793205,0.16334880870175483,0.2749142168417048,0.23130926176263755,0.08300269610417736,0.18696972718083496,0.3544111937034453,0.11176141798618487,0.26152284277073695,-0.015524575080143585,0.1934422597945095,0.2035528749669888,0.19533043277582207,0.898064550594366,0.19103238621514088,0.1584442289028461,-0.05117413422374383,0.19470412459883837,0.28676298890193314,0.21063025961756532,0.3058995936511471,0.24408414045733393,0.13195384029065166,0.21868376012679827,0.06585454774780057,0.19520630154756183,0.17850628705699081,0.0676467070620811,0.11773176048643764,0.2955411197298295,0.06827201246035884,0.04749535896471756,0.16686451343493333,0.19393495782679032,-0.043887704184753344,0.26976680007308895,-0.15810252247776158,-0.048533347570104045,0.11606898439408825,0.1243642468726356,0.008015304226719911,0.1029187257234972,0.0015539322067272105,0.038196099586015345,-0.03810796500808245,0.025709888591722928,0.16987911874474435
0.07222982036431927,0.26391812735701703,0.2822875290069536,0.13615320857171384,0.023010642331546684,0.24367015252386076,0.0881749674963792,0.0999847304769447,0.21026750133612357,0.21212654938048678,0.2115311998415664,0.18310203639116507,0.19382148664867438,0.12646315118086052,0.2473551710892703,0.20642321640976172,0.2380651795710163,0.19912624841802012,0.2697051540156025,0.22265797681925725,0.23762181624097165,0.19901180470267898,-0.46527408944954696,0.2417067280134896,0.07623851634876007,0.25863743124312866,0.19103238621514088,1.2577344500302974,0.08031026870973654,0.05433580895556012,0.16317066748969888,0.25205634022130036,0.40475285704302133,0.06100852011812179,0.6625407069509909,0.16223102961179328,0.31160075126261233,0.11078537012316304,0.07883586177867659,0.1702225613283124,0.14313152011659766,0.23434941760726694,0.2773118472349597,0.08310747746862762,0.41051607971309734,-0.03101680733029692,0.07065377800061844,0.008847095113125831,0.11160396625223586,-0.007247332173102596,-0.03431582741398642,0.644628581051236,-0.7896619279599975,0.07572064504450778,-0.0851936177959078,0.05974073785591048,0.07615299816744536,-0.25772730423239165,0.08142963844796136,0.14038948170278256
0.4625762764403622,0.7880044622799116,0.5026847156927262,0.24166401875897844,0.25111462693513936,0.37692030853068964,0.19918152178511528,0.30797350484522235,0.20524185852952437,0.3413555797067371,0.3280236251157369,0.2978499715853797,0.3559776983084409,0.2634511422362144,0.2773926055518582,0.3134066467337796,0.4251352193917533,0.3757265165693237,0.19084526369662005,0.5139076418454808,0.09725672418477274,0.3392695570478575,0.20434541311998317,0.1482530795601999,0.3148635639483475,-0.1539823824373566,0.1584442289028461,0.08031026870973654,2.779139081972015,-0.013532806101083119,0.07869710213826042,0.20953542544124693,-0.17294921821092077,0.5253346977686069,0.3898331908623478,0.4977320315724477,-0.1925959442908683,-0.1153974453418821,0.6668098495021764,0.169854658292342,0.2683276032271464,0.10607520532783025,-0.32786455096841083,0.029872315098957804,-0.35440039404458434,0.15331455826757076,0.5048645662473112,-0.15137305338237714,0.3756194177299584,0.4851769231050287,-0.44266348394654786,-0.10748239360717983,-0.10200317462654951,-3.1792268892458555e-5,0.14623441450847188,-0.14747865837063576,-0.2960885021942919,0.24116502855478628,0.06856969979902111,-0.02792895843420162
0.26092486243506563,0.2158962777299356,0.12791572080377625,0.012032804924707699,0.216358860870272,-0.05831808735281095,0.19807984721402583,0.09171515836012584,0.09062852192880257,0.1163408015594014,0.04260159190735427,0.02272147467190132,0.11352783572643438,0.0711489015855999,0.16967901197546612,0.10334101939947872,0.025817335767812123,0.05258906746216019,0.10575218290158422,0.47038636279328033,-0.021469608696530862,0.10667150432290518,0.11734718921695496,0.3792878629105171,0.1393388480422795,0.2154205235027982,-0.05117413422374383,0.05433580895556012,-0.013532806101083119,3.340940274414945,0.22949294642403292,-0.05419026920929183,0.38991282954711776,-0.24364372666710346,0.11476698359201358,0.48677091894627506,0.500820595167761,0.08673236775952241,0.40702966833885607,0.2991855602910682,0.11530037660693968,-0.03761390122690125,0.23814701659341,0.06754285356293355,0.3716530078537778,-0.09498913332181164,0.2917728640383453,0.13734343728895151,1.1488629224210827,-0.1677957729569267,-0.40700436350721114,-0.03340919759468509,0.35506731736532654,-0.019142175581618216,0.4856512184426217,-0.10793781164308852,-0.30283079331571916,0.018492703888087384,0.2399928088098162,-7.836913666988474e-5
0.2263213344617429,0.13043095495518647,0.22190043518423322,0.158335480506792,0.1676407718388189,0.16872975523208691,0.15606225553350475,0.14941250086108515,0.20466141945500535,0.19501788730959657,0.17951957789148712,0.19488117686146425,0.166173502342002,0.1268091778486229,0.17339294647104544,0.15420557516120845,0.2287994730571738,0.15416104723525992,0.1952066466784858,0.13527257732915698,0.13920326165646693,0.2232238064073539,0.26836752374052714,0.13880469950698343,0.16824213322587048,0.05153326321193105,0.19470412459883837,0.16317066748969888,0.07869710213826042,0.22949294642403292,0.9811284343667208,0.14116625670898422,0.2663379698397683,0.34122271526273534,0.059986185589891584,0.6428210968034088,0.39189723378909447,0.2707699305683185,0.366849432214226,0.05156846163611233,0.3896999384795779,0.12437706977815507,0.21673416075739588,0.07789141684900226,0.13770347968925972,0.21674037018312614,0.28413137795834087,-0.027619083791889154,-0.032467870814108235,0.13437653289049745,-0.06741727699776826,0.17133406745212992,-0.00953012946304051,-0.04086688810383035,0.1251200775104193,0.06258503320743382,0.014308804594329465,-0.05511478637738461,-0.14393213492724502,0.08997760018593101
0.33483392135097045,0.1576591029014776,0.3259684679948888,0.4390335963259052,0.1985223564021634,0.3867297300466829,0.21687464707997467,0.28733190642505,0.32251785105336955,0.2532732862367734,0.3033459135390174,0.32304929064815835,0.33179278787235894,0.41174963179044843,0.22098309188829565,0.3351792278550762,0.23304397725835554,0.207359771092143,0.32664882356163977,0.1888642357190123,0.2857122916962645,0.3406127421383778,-0.05208018543707777,0.2877156215750626,0.22568913259680368,0.4225988557458571,0.28676298890193314,0.25205634022130036,0.20953542544124693,-0.05419026920929183,0.14116625670898422,0.7427103124705923,0.10049843242290683,0.23052257280472552,0.16488277323083156,0.12527836450597665,-0.038374168280264215,0.30753047415679163,0.10063219468385,0.10264953213996915,0.14097459926252268,0.28439625312633277,0.3380957431000828,0.048845845763972204,0.21374030570280747,0.16514962457715388,0.36436802604631313,-0.06519669348529812,0.17748649405563677,-0.07771895608750726,-0.02200051232676869,0.2998111363783986,-0.2028983904972423,0.11469322333661258,-0.2654523202628762,0.017332673985403058,0.3373189167524329,-0.3469188504843041,0.1148337250066555,0.36133182442336886
0.20416581354577298,0.2553811278611891,0.14847664611697609,0.23298214199385653,0.316562873536726,0.12562521059492057,0.19944411222563088,0.11745985228288701,0.2056361721271955,0.15498168781954014,0.17134493205913892,0.19726146706939426,0.2531012154219712,0.14819799598726593,0.22908650676284376,0.1742357338703618,0.2413815240914093,0.17964302635719284,0.2520888909554115,0.1890393282948496,0.015563734061227656,0.275883702490313,0.017900812420717605,0.43224990856245116,0.1489688533386378,0.17192657588882496,0.21063025961756532,0.40475285704302133,-0.17294921821092077,0.38991282954711776,0.2663379698397683,0.10049843242290683,1.5262008522055082,-0.20889872618554842,-0.4319192750855795,0.2030735521905888,0.6947430791097283,0.030947410128371485,0.039550145989021866,0.013293349276395874,0.10827188162099666,0.0014778564655762382,0.38278279172201496,0.016473373056621273,0.020631734318697227,0.13650507960497618,0.06565813595057511,0.054007326093263266,0.3520245601906286,0.14761558559862992,-0.2139013698673431,0.2900931338203119,-0.15593278905688943,-0.1998702290562191,0.41048177700257243,0.008178145511600187,-0.260513014169453,-0.12365838084444547,0.2215023686104832,-0.11704900058993493
