0.9925085524911885,0.21623480261299502,0.17345097533310083,0.0736705985426219,0.10957077470403122,0.07199002104110123,0.23393194084351993,0.16993325024615547,0.07759230727017015,0.14687931538217638,0.11485133427188475,0.12066886409583123,0.0641844524055085,0.13573373620225243,0.1432857902464369,0.09531011372049897,0.13704448448679105,0.19446655789276945,0.058054238179995554,0.0765827411604931,0.1137340259047817,0.08772601901172608,0.08450899650477549,-0.04140327584562272,0.10234139629955365,0.17638141523032522,0.1311162988750221,-0.011298560035071991,0.037054419746316423,0.005802228652158276,0.09729470385685299,-1.7465903974471897e-5,0.07529529506890778,-0.10198733783756997,0.12344210450047785,0.06039353081322273,0.1524706603854271,0.05309177848535003,0.05923669034757425,0.04285723707784295,0.11822267099082744,0.09789536749051923,0.022712190622418124,0.02299617304664791,0.07109782172971688,0.10966334760972019,0.09516230258034732,-0.005800792390291457,-0.040771213496124885,0.06654368670618921,-0.02753633397752559,-0.05343442328699356,0.044821305414713825,0.012788991247179873,0.12456124667558258,0.03856791582324708,-0.14408059449300029,0.009157487644043397,-0.09940693626210195
0.21623480261299502,1.630588124304192,0.7381147453696334,0.18684721639903473,0.050027532014199405,0.2581423490848034,0.17779494616652536,0.355100509662937,0.20019531224188308,0.21283631330607752,0.2635800741812337,0.15850733583836707,0.13177308711439653,0.2537346173403577,0.44533226723060315,0.2019333504600313,0.3054891010190133,0.6606929843045372,0.1849360354770857,0.32846443534623854,0.3987229669533092,0.1786174351849399,-0.2047790283313293,0.2619994592626134,0.009862857795511883,0.6921515169594017,0.1835465200888043,0.4662872575522484,0.21022921732514188,0.06019810463083199,0.16244635088089246,0.17270356592074634,0.188903472230973,0.1525650386458919,0.30167217879144925,0.25083777891423215,0.4852725147004653,0.22608863973101956,0.02732360934572138,0.06595894853585935,0.36077474178670643,0.35101055905165024,0.18150756128030276,0.0774728001998558,0.16346219654150101,0.2731957927197466,0.33363290065763634,0.0014107821668612865,-0.24956613949065873,0.024496297941842264,-0.01834619537508588,0.12301049511705185,-0.14191539320136112,-0.041438408884476585,-0.4820546540576903,-0.194221835169374,-0.41865728153877324,0.4870828373560732,0.23712990170071901
0.17345097533310083,0.7381147453696334,1.630534114712127,0.0009089742923165683,-0.44617957483744464,0.21236189173163908,0.2715911142495884,0.2981051013766665,0.2953582829438123,0.34814164678253134,0.20832659198852965,0.20793962508719455,0.1208432386218013,0.1200043783852644,0.27180130201353336,0.08985672816824826,0.24272449510287164,0.32912977196954335,0.029729484062767302,0.14267604606187564,0.17092646728607316,0.19764554680468732,0.033882934020240014,0.17581548489904197,0.06726151329908601,0.4009291138395809,0.33710817346791394,0.31699922364232647,0.25345921973928526,-0.28052919677187826,0.18707820036117234,0.13006862157907942,0.13455911231223733,0.1639489938985709,0.11878703709251252,0.23473427636238886,0.30608936398346304,0.16578016238880494,0.008041703872800475,-0.10994563435640421,0.2099986306040639,0.16273777257692384,0.008929541537298514,0.04546196646600249,0.16160222622750353,0.36729980838592663,0.01463763129829406,-0.03137041856492873,-0.359869039889364,0.18076159076796255,0.03253467249667241,0.3712357588759949,-0.602372615984005,-0.08733755102120509,0.11493254337565909,0.15988203815822305,-0.14223142898811766,-0.23582393125794876,0.07077506931699913
0.0736705985426219,0.18684721639903473,0.0009089742923165683,0.844650866237438,0.40551541758408954,0.20589611896789878,0.2141025474234923,0.1620169708431658,0.0636045881870556,0.13355895958363287,0.14065171023574566,0.22955180853819493,0.09493726234165048,0.1861815691182741,0.1424947843435536,0.18807346917188442,0.14533328770128084,0.15015476563401667,0.20547148501047813,0.1330108604493761,0.1738871082335591,0.12408738148835854,0.09687617781413843,0.13868070558988727,0.10423472486770456,0.19244792674859168,-0.007101911392156927,0.03180056625211756,0.14339107146054875,0.1511614297778214,0.09841489244966167,0.11634547566963488,0.03896992107935315,0.17369050428376537,0.11379759849336755,0.1590785989160282,0.1542927397264058,0.0918541901675189,0.18390910996730464,0.0763918987663363,0.09558412128667523,0.1585114329920547,0.10550495812877127,0.13910844016906734,0.027573234666354578,0.08246938817568031,0.15302041761554225,0.01500598335536054,0.002903397576702906,-0.018468603274008046,-0.05708112223802592,-0.18300285656267218,0.23370662045768004,0.01785068748310004,-0.11919009482641353,-0.1634153513560112,-0.21799571735446285,0.1989235265831013,0.20201479027021832
0.10957077470403122,0.050027532014199405,-0.44617957483744464,0.40551541758408954,0.9937808038398691,0.2727831499910366,0.1090687729816981,0.14417205121199383,0.06925661818019908,0.0773217111355994,0.14058456166947264,0.21103658362758676,0.11471391521633384,0.191749032719046,0.19868673306700313,0.2309794461270721,0.13499782325858312,0.17301635576512242,0.3896239817446273,0.13587314361002265,0.1835404154549117,0.15562276147471124,0.07435558317191106,0.14972496990525724,0.12907030552708243,0.14726058233203998,-0.0751980617624014,-0.08480472461136668,0.17797917283636613,0.1846125701518983,0.08010178584295999,0.15995909190414662,0.018248014794844766,0.2372953672453839,0.06243282732217646,0.14837732358795166,0.11669664851890318,0.07636320077003257,0.28434121419600195,0.14103156849914553,0.0462516634126485,0.160705506567541,0.11581156458329887,0.10167173140566257,-0.06869310930542284,0.008426860726724553,0.2017187118490458,0.033501005182772305,0.3244443002809116,-0.04202643781211705,-0.09688425576030935,-0.40545593284094666,0.6431873041268427,-0.013519906858779894,-0.23025694070652714,-0.14041343842269402,-0.2062928550887683,0.26166650472337205,0.17763357126761528
0.07199002104110123,0.2581423490848034,0.21236189173163908,0.20589611896789878,0.2727831499910366,0.5587543018400892,0.0314779630389426,0.29955062996570003,0.18806035614460323,0.11494631975081823,0.18913124028327316,0.208846486298193,0.11737332999102401,0.17759992798690177,0.18584963716704847,0.1995214007000246,0.2149300389111599,0.25245786831557365,0.3406626925749125,0.19115827450549217,0.18813190143477415,0.2085712181841393,-0.030616275823598046,0.17069505847219313,0.09426434373575325,0.34623008976145675,0.06903051076211868,0.2330557495691471,0.23597441081723391,0.021661569338120235,0.11965482869538484,0.181624459880156,0.012410117019263804,0.21284008978124133,0.09532234683033415,0.10684519624082342,0.2803593779107152,0.11662743814322926,0.2135810485302187,0.10185367151685251,0.10621821974884331,0.17555481667650694,0.20668947752110667,0.09306968246890605,0.07417484824795541,0.09371480362597148,0.19414833221653346,0.007123461395735507,0.27597803371071317,0.245764400115955,-0.09170208924762108,0.0341418039740862,-0.393398260274451,0.02850854383651837,-0.2451419719881926,-0.022860570427817875,-0.1921396429078391,0.28880251726631256,0.052665540767283324
0.23393194084351993,0.17779494616652536,0.2715911142495884,0.2141025474234923,0.1090687729816981,0.0314779630389426,0.7087494550610389,0.14359519689250264,0.21474578443529868,0.19198579003878694,0.16412411214616596,0.3166391343470506,0.10621539615223388,0.1472817589672211,0.08111898441372409,0.18030039689297245,0.19550452358388853,0.1435760073525235,0.02778871123632361,0.1129372801040203,0.17121578583796618,0.19557594137014842,0.30680799315353596,0.1318243750532075,0.16854248927722382,0.15850757257411224,0.17099337797368802,-0.10759877630969347,0.20627501731129402,-0.007107693393677154,0.15910544223842255,0.13492526866764057,0.11950249513612878,0.1852357351150236,0.06580767420211141,0.21804272426147978,0.10987085710785426,0.07996231472160095,0.19805177954064004,0.07041678063796858,0.06555166844868511,0.16075583983304256,0.019220001369651046,0.057985260490326374,0.019289262871487307,0.19725936774554717,0.00218346798726759,0.019956932764481516,0.28415161229655334,0.0022543387584889767,-0.031019271854175075,-0.13423771991838207,0.21771090880885258,-0.02530573148264903,0.05591131462920151,0.14502324944457248,-0.09730572929223902,0.030616022188195834,-0.2907215377937047
0.16993325024615547,0.355100509662937,0.2981051013766665,0.1620169708431658,0.14417205121199383,0.29955062996570003,0.14359519689250264,0.7760620016257638,0.1063388081916272,0.2625632184499577,0.2758460149206726,0.03179593003005731,0.1452556554167885,0.19949564634374972,0.20069469261413142,0.1880412223998942,0.26585468496950215,0.3626344261519344,0.2179794248262393,0.22212136960058126,0.16781959887519263,0.1618060139585405,0.03478576722965831,0.189834847527742,0.09938707697894099,0.33968250086394286,0.16877450081821121,0.22123383202482808,0.21903700388259806,0.12557138316070174,0.14321094382580388,0.10196013640949791,0.07573800152520951,0.17781556643262125,0.17280819830680902,0.2010472729155287,0.347110244425233,0.1404176476547522,0.12580749535517607,0.09855429619442299,0.21322785939482333,0.169231331503557,0.2426385897075313,0.07445885216014493,0.11408102915686294,0.17392598278581167,0.29564465870856604,0.0015686399215380192,-0.044499554678354813,0.08703163886639564,-0.03792065984869733,0.07397989007426309,-0.23388381560889557,0.03505816322954308,-0.21415091950978216,-0.008157014174078934,-0.23086842652324363,0.27324410692432405,0.017004669045283523
0.07759230727017015,0.20019531224188308,0.2953582829438123,0.0636045881870556,0.06925661818019908,0.18806035614460323,0.21474578443529868,0.1063388081916272,0.6925395773670835,0.04466544905481747,0.11320696967940612,0.13008244745050068,0.07833255906611923,0.14459704896325207,0.03978318108763961,0.09108676898415594,0.1298588535381424,0.15782527682522376,0.1095112088176571,0.1089612954526274,0.15916936210810811,0.33290433448965884,0.18860235432044467,0.15461074980252237,0.045485203743719005,0.21440601477634774,0.22192149111755582,0.09198527764019808,0.144918007119582,0.02139582928058729,0.14702055649604184,0.1354102417015168,0.16168236374743952,0.14442278959718532,0.014812325438070338,0.22060455573102705,0.17929826347948194,0.09823121667739443,0.1445953816899236,0.07536914366667496,0.0889910671342681,0.14435931996299256,0.15197327447796416,0.050620530462558606,0.022693437302321737,0.22663688455722616,0.09312549150086752,-0.033060967581154094,-0.08873996085083867,0.0509571111866572,-0.0032173022690766555,0.029524796294825167,-0.07285263109920308,-0.03175834263846362,-0.09548370823144907,0.11974249292795534,-0.0876697870652095,0.04465465981000722,-0.07489285613127235
0.14687931538217638,0.21283631330607752,0.34814164678253134,0.13355895958363287,0.0773217111355994,0.11494631975081823,0.19198579003878694,0.2625632184499577,0.04466544905481747,0.6614618053870338,0.1681141227382712,0.2185599065396497,0.12406248619466281,0.12176071461716116,0.2228691405258408,0.12459529170359118,0.21391921921197682,0.21911529975839475,0.08833156831703169,0.10868953420237677,0.07926129247887964,0.10186317305716054,0.19069546674481772,0.12484678350436212,0.16864895923517623,0.1333296697491936,0.21057992662380684,-0.02944563430180178,0.24822951107119634,0.003226341812775562,0.15186764859097032,0.08429434030427196,0.007424923563143256,0.2336076740284364,0.138993224177437,0.14251250157808998,0.19993706435566636,0.07517260259104241,0.1421689160224405,0.03413194235897525,0.16355721228754502,0.08665090758662378,0.07276104020131315,0.05364979839411697,-0.02433817399393336,0.17803617715080552,0.11190988954623948,0.004573932793240768,0.10252608100640585,0.01445043515573043,-0.013287290144088568,-0.024071196677808174,0.01095994105527376,0.004681963063370458,0.22768172259305897,0.12090446747233896,-0.0800481357487816,-0.2848735058907297,0.17211346165413485
0.11485133427188475,0.2635800741812337,0.20832659198852965,0.14065171023574566,0.14058456166947264,0.18913124028327316,0.16412411214616596,0.2758460149206726,0.11320696967940612,0.1681141227382712,0.49811933515237733,0.16019448737358352,0.1373526878085264,0.13420804143313608,0.25144101140831443,0.16452050015576225,0.24676317218645186,0.2894418218821766,0.13782962092269252,0.22999267067719542,0.2257971934338393,0.1290304007803879,0.049664309859013586,0.17635269185127658,0.0999719676716978,0.2895400199276116,0.2103184968029494,0.1566084406790519,0.19522614110109934,0.0826478416989218,0.16169213960563722,0.134374685340148,0.09337716105071946,0.17122995561696547,0.22092989991814882,0.22222475621099322,0.2297652011986774,0.1387313859694475,0.09585772124689412,0.11442792730180415,0.18592713842907438,0.2083449076572114,0.1453711764407647,0.03850861270921054,0.10450234955512507,0.20985233986873528,0.19818454780154446,0.0053897124066938605,-0.20401983861658557,-0.06682057896541001,-0.02139521744989995,-0.06822301066306648,0.09445251811232722,0.06628774586286318,-0.1514604384131786,0.02256860350855302,-0.14893310851617117,0.11851095716297826,0.004570017782322273
0.12066886409583123,0.15850733583836707,0.20793962508719455,0.22955180853819493,0.21103658362758676,0.208846486298193,0.3166391343470506,0.03179593003005731,0.13008244745050068,0.2185599065396497,0.16019448737358352,0.7313944685518562,0.1088294062474372,0.1400960690945955,0.11791175387217868,0.20528921784491555,0.11753128558823041,0.05166596595926884,0.15614292506880856,0.10943404346873246,0.11632144110942412,0.17377169076479773,0.16832676410948902,0.10170459243773726,0.14426777497810592,0.09088222735686498,0.1139730450374786,-0.054439364325397206,0.1760025447605962,-0.026914857826430237,0.1491714935241937,0.17440607998545923,0.06314283381287446,0.2096759158452458,0.016709298793227596,0.1028426631105649,0.15165221623024178,0.07215277279164005,0.19929962402933896,0.060174172063288574,-0.004983020600389007,0.11858268560386492,0.08552084746324791,0.07082861996979443,-0.04548245265437272,0.08007288805968399,-0.004460901522114846,0.035074332940898505,0.5672000666701611,0.0052952715656974046,-0.043323042109158515,-0.11308001833491114,0.1426223302444774,-0.015168102290777337,0.03285391148479793,0.08397370583899275,-0.12940086159888908,0.022282839836777535,0.008376702768271902
0.0641844524055085,0.13177308711439653,0.1208432386218013,0.09493726234165048,0.11471391521633384,0.11737332999102401,0.10621539615223388,0.1452556554167885,0.07833255906611923,0.12406248619466281,0.1373526878085264,0.1088294062474372,0.2903005412051174,0.08989238890399702,0.00917830375670283,0.1103707126643075,0.10389376362392597,0.11788027304647929,0.10693221175642612,0.0984863069087957,0.07913397519534192,0.10881293237660215,0.09333367000292661,0.11948248107786831,0.1085447116855485,0.12745790545461128,0.13849334095408802,0.060195731570540624,0.16452051751960078,0.053258431187711244,0.09303201145229843,0.10673293538838548,0.09425325234287639,0.12659511935686235,0.14213914943007097,0.11674643227319441,0.130001465329309,0.07447377274460884,0.12343655437794372,0.0678580375401872,0.07930070546351635,0.08935674586013384,0.08955842742172945,0.05093279749966502,0.0005080422792280039,0.13848512238717967,0.09057421004409001,0.011683433639521384,0.09585646693046684,0.08610789787524399,-0.014220481991136348,0.023695732094855707,-0.06642182930006632,-0.03633050684105141,-0.06951100691331813,-0.015885043934967046,-0.032622395914913255,0.0189421879414431,0.031291481826040767
0.13573373620225243,0.2537346173403577,0.1200043783852644,0.1861815691182741,0.191749032719046,0.17759992798690177,0.1472817589672211,0.19949564634374972,0.14459704896325207,0.12176071461716116,0.13420804143313608,0.1400960690945955,0.08989238890399702,0.5301252651404513,0.27073036132700967,0.2547069012025547,0.23254296471131192,0.2590626306577197,0.15171333908809453,0.19206133204127232,0.22530236046409716,0.19613338513516781,0.13174252356974023,0.16648658345939488,0.11930637812290629,0.2959260118930736,-0.020754684897924952,0.058486267455306655,0.18404063046857172,0.12140515480973772,0.1097380481391745,0.09103567513867258,0.03018226468297308,0.1768864539387627,0.12226948089768275,0.11386377806916742,0.2970875290120905,0.09391852728068077,0.1489043026656926,0.11078032103314446,0.206008528651759,0.20279848025738506,0.26674274936919656,0.0977482822431907,0.03075795184502679,0.07722139182523528,0.21169950501761353,0.007582357824511919,0.26252099030319137,-0.0031333825509668478,-0.02936243126947957,-0.08632291537920644,0.04290376205967226,0.050555635219370815,-0.2518176190910103,0.01760842071170316,-0.30256955034227745,0.34416768501536316,0.09351624045292524
0.1432857902464369,0.44533226723060315,0.27180130201353336,0.1424947843435536,0.19868673306700313,0.18584963716704847,0.08111898441372409,0.20069469261413142,0.03978318108763961,0.2228691405258408,0.25144101140831443,0.11791175387217868,0.00917830375670283,0.27073036132700967,0.9936244831675557,0.16231389038031305,0.38119831147899663,0.5025971594848714,0.14399341846061098,0.2988086731612521,0.28020836934524257,0.09993829444987269,0.08445663607097909,0.24472019571740433,0.15219649255768872,0.48116382365574056,0.17073942182966903,0.12677190406872824,0.2248071892585355,0.07073249516805673,0.18611192399016224,0.07895060675790384,0.1266213490076203,0.22091476872718818,0.1949160870769159,0.21236163374870495,0.41494057156948067,0.14960967227424438,0.17473546753822564,0.10006305512778495,0.28435129720145436,0.25347179041361256,0.1957378060598628,0.04012000286725303,0.06574640713194783,0.2136506205815403,0.29052692057147517,0.029535606734881186,0.04099402818133952,0.10313557424591847,-0.07534471215045446,0.01637657407605861,0.0347469818718114,-0.09050232021741533,-0.20621205059120476,0.13610400488274416,-0.352733953176788,0.32262703779103163,-0.07555379260974816
0.09531011372049897,0.2019333504600313,0.08985672816824826,0.18807346917188442,0.2309794461270721,0.1995214007000246,0.18030039689297245,0.1880412223998942,0.09108676898415594,0.12459529170359118,0.16452050015576225,0.20528921784491555,0.1103707126643075,0.2547069012025547,0.16231389038031305,0.6916443457672165,0.16137424774197612,0.23325347039545363,0.24929888875846687,0.13695349881135893,0.19282970521114334,0.3548587046837452,0.05666817173052514,0.1801136554564669,0.05781170018479048,0.2517916423805434,0.03565085836191578,0.27091827181001865,0.22420584756324557,0.08480152339608117,0.101056188612827,0.20277789737920335,0.07025276910675349,0.20765508571149702,0.13874345327212162,0.10615876846097327,0.1959206995682224,0.08857674589641032,0.23816972302346467,0.11900419039902359,0.18286630522617267,0.2351171068167588,0.205804781968297,0.12422057770535715,-0.026005376615572888,0.06853250166500983,0.15080756793398414,-0.011447680786403017,0.39183641357976523,0.14327429832617444,-0.005256611415347601,0.08015290064004733,-0.2581258800863149,-0.03348342027296412,-0.19791818565592112,0.030410932320133886,-0.2551222256016713,0.2199501210714199,0.11630706612222105
0.13704448448679105,0.3054891010190133,0.24272449510287164,0.14533328770128084,0.13499782325858312,0.2149300389111599,0.19550452358388853,0.26585468496950215,0.1298588535381424,0.21391921921197682,0.24676317218645186,0.11753128558823041,0.10389376362392597,0.23254296471131192,0.38119831147899663,0.16137424774197612,0.9043520672238473,0.5687013956030559,0.1833830238336435,0.2821257239513275,0.3373092474876196,0.15264100525034105,0.07287915855350004,0.1950923552750193,0.15975820428467483,0.4733251572456566,0.22655939314071014,0.17143498353254832,0.2611761439822373,-0.04607814279402628,0.1856391199590908,0.11451781290831477,0.19749599493480402,0.1939367898104763,0.2014303381218942,0.12430431912789734,0.4557088131522627,0.1581940607367069,0.19403621233753146,0.1420896655036294,0.25184600722710276,0.2811084629149927,0.2105066188317682,0.03362280350531719,0.11870310454483105,0.23189898423525487,0.2858499490126402,0.023298883868023656,0.12352729277292998,0.25021359567938617,-0.02351538051971727,-0.005961099494131245,-0.28035193366976296,-0.019796002429885357,-0.13874017292132368,0.057498554541546024,-0.21900153509116888,0.18675834742714845,-0.0305348415621
0.19446655789276945,0.6606929843045372,0.32912977196954335,0.15015476563401667,0.17301635576512242,0.25245786831557365,0.1435760073525235,0.3626344261519344,0.15782527682522376,0.21911529975839475,0.2894418218821766,0.05166596595926884,0.11788027304647929,0.2590626306577197,0.5025971594848714,0.23325347039545363,0.5687013956030559,1.759762519006175,0.23061785892279704,0.05477650718484298,0.45444917918369804,0.15513388462243036,0.0518405275816834,0.29615012813710656,0.09943628941090349,0.9260121983835577,0.3616162046660698,0.21488622892690312,0.29718189234448716,-0.17267235993988259,0.22201633450860714,0.1380077711698076,0.19211377386651346,0.220818548587139,0.389650341685466,0.32135662237385265,0.4721963851434112,0.07860760042250986,0.11978572524882632,0.1777889873347099,0.4166429235097278,0.36116580078513505,0.1381110681879787,-0.020423730262753133,-0.012225252219731465,0.3182608980682992,0.7522308962293347,-0.027212774592055435,-0.3773054566995158,0.16184160772977735,-0.017470861543921107,0.0440587351304297,-0.14752083727910492,-0.07940233324659403,-0.32039675260853784,0.02161898873288778,-0.30858410012219717,0.37001749525433,-0.1224597772219621
0.058054238179995554,0.1849360354770857,0.029729484062767302,0.20547148501047813,0.3896239817446273,0.3406626925749125,0.02778871123632361,0.2179794248262393,0.1095112088176571,0.08833156831703169,0.13782962092269252,0.15614292506880856,0.10693221175642612,0.15171333908809453,0.14399341846061098,0.24929888875846687,0.1833830238336435,0.23061785892279704,0.7036930290686997,0.0524626141548323,0.17988581181868277,0.2112581408571355,-0.15687825255470128,0.14708938600433602,0.11312285971172155,0.13948095962204066,0.024634029834076823,0.3667727595912544,0.16420269539366708,0.10356954737647726,0.09834479600096113,0.1688455930095425,0.10743178028728176,0.15400069602295968,0.05567448526303307,0.11252357625933801,0.222685700774574,0.08837778895610329,0.20770914430866674,0.051760650941731524,0.0859831714246435,0.1565756115761349,0.0903923236278023,0.07301942405389453,0.04075455532328134,0.06378159401096525,0.15044725227696812,0.013818227624266106,0.19223677752834106,0.14252308179580736,0.10466218585994737,0.33499335635300836,-0.5630299101248099,-0.07626868580120627,-0.20468874818115296,-0.06148185105240612,-0.16286987521032423,0.24250849367993788,0.09448293529158452
0.0765827411604931,0.32846443534623854,0.14267604606187564,0.1330108604493761,0.13587314361002265,0.19115827450549217,0.1129372801040203,0.22212136960058126,0.1089612954526274,0.10868953420237677,0.22999267067719542,0.10943404346873246,0.0984863069087957,0.19206133204127232,0.2988086731612521,0.13695349881135893,0.2821257239513275,0.05477650718484298,0.0524626141548323,0.93370168046484,0.22701476300090792,0.11951452903715612,0.0969137798145688,0.26511248571945917,0.2100264841576093,0.48498561514067634,0.17155631182166797,0.2212895658437807,0.2782471124768361,0.25891300953459173,0.2692395860702089,0.23134823085416203,0.1622918605427506,0.2813188514448568,0.18400656153936396,0.24011519540689008,0.45697382265225645,0.4152612119339058,0.40871676010814456,0.24655101645855373,0.3364029558651011,0.311106552065677,0.25983484479948776,0.055142806283041766,0.19557851087550618,0.3371550979489828,0.13498441120125595,0.09440049372835926,0.44305626353417016,0.10150221172942954,-0.1343896484664502,-0.0738864181434488,0.16185928138358766,-0.03311149513953581,-0.18260407701848125,-0.00978511366705792,-0.12863664482623288,0.24748604834352134,-0.051595187908593944
0.1137340259047817,0.3987229669533092,0.17092646728607316,0.1738871082335591,0.1835404154549117,0.18813190143477415,0.17121578583796618,0.16781959887519263,0.15916936210810811,0.07926129247887964,0.2257971934338393,0.11632144110942412,0.07913397519534192,0.22530236046409716,0.28020836934524257,0.19282970521114334,0.3373092474876196,0.45444917918369804,0.17988581181868277,0.22701476300090792,0.6829337394347498,0.1560762167013809,0.1135235997304894,0.19951261111021745,0.09133551146385455,0.538287480643969,0.13036796406084955,0.16668651172253152,0.19352476141447902,0.105900979141036,0.17569879259034016,0.21060246283992948,0.13377154950083348,0.21589728003775774,0.29541261276589204,0.1767743453186584,0.24052792222023794,0.13469977200348215,0.21321736853218842,0.15505783702291326,0.3662862524421211,0.48580409120479867,0.12695139783754766,0.08938526407652073,0.065755402708914,0.2172317030405689,0.2850258150304375,0.03521617470026022,0.14699864684180303,0.03370857866497107,-0.027187145378626692,-0.07611128501253828,-0.009221627793952528,0.001139631059490972,-0.238142562514824,-0.05486135573320707,-0.20213821744883304,0.2949260887438202,-0.017159357743674185
0.08772601901172608,0.1786174351849399,0.19764554680468732,0.12408738148835854,0.15562276147471124,0.2085712181841393,0.19557594137014842,0.1618060139585405,0.33290433448965884,0.10186317305716054,0.1290304007803879,0.17377169076479773,0.10881293237660215,0.19613338513516781,0.09993829444987269,0.3548587046837452,0.15264100525034105,0.15513388462243036,0.2112581408571355,0.11951452903715612,0.1560762167013809,0.7082442175762914,0.14533768750522524,0.16404924212294322,0.08003988285063719,0.2132633693194858,0.15814100841472212,0.14422323797089528,0.1983959837342116,0.025132110250931327,0.13849570548442644,0.21472717099080796,0.13164596516819235,0.21113084164790272,0.053340432957968316,0.11603326780424764,0.23102427821171323,0.11139017311233636,0.27741208942511947,0.11581355782828816,0.12245023009221616,0.17641141241624586,0.30468460298070366,0.09919882067116703,-0.0046416522663723,0.16037782700500092,0.08492760339764578,-0.08401374541755287,0.4923800775402534,0.1867273417798988,-0.004212475652044426,0.08281680911142925,-0.2719885573146817,-0.05337104857440458,-0.12790065800158584,0.0801371153638465,-0.1534904773643823,0.11738458820830244,0.00158907161497042
0.08450899650477549,-0.2047790283313293,0.033882934020240014,0.09687617781413843,0.07435558317191106,-0.030616275823598046,0.30680799315353596,0.03478576722965831,0.18860235432044467,0.19069546674481772,0.049664309859013586,0.16832676410948902,0.09333367000292661,0.13174252356974023,0.08445663607097909,0.05666817173052514,0.07287915855350004,0.0518405275816834,-0.15687825255470128,0.0969137798145688,0.1135235997304894,0.14533768750522524,2.051037999444656,0.19269951476899988,0.4360810231326275,-0.14470640945475416,0.19031822785231212,-0.9875749182694751,0.416123057068759,0.19724227417300697,0.3199116024575149,-0.09526577575244945,0.14966868561296046,0.3881856729226825,0.040097777271221144,0.49245923285888704,0.3884514560843795,6.506876211385207e-6,0.8086288637109217,0.30265276571967853,0.001910449312083722,0.09592729996798179,0.29306974340533,0.1683194360280364,-0.009709276233093832,0.35566496420551746,0.14122092299926622,0.11586751169917785,0.4677720636581832,0.43914968828519413,-0.042285971399128305,-0.22811751750846973,0.025915659810400688,-0.1352388475270674,0.18427226394965152,0.14875036946510514,-0.09579729940628777,-0.150675933458033,-0.09425452211771555
-0.04140327584562272,0.2619994592626134,0.17581548489904197,0.13868070558988727,0.14972496990525724,0.17069505847219313,0.1318243750532075,0.189834847527742,0.15461074980252237,0.12484678350436212,0.17635269185127658,0.10170459243773726,0.11948248107786831,0.16648658345939488,0.24472019571740433,0.1801136554564669,0.1950923552750193,0.29615012813710656,0.14708938600433602,0.26511248571945917,0.19951261111021745,0.16404924212294322,0.19269951476899988,0.9268065215865905,0.09272593976785921,0.44112776903215783,0.1984260848467489,0.1620046188363118,0.20064021307044896,0.38306400860982465,0.1744458434585555,0.2542724107326649,0.43990773996662036,0.1527735980746717,0.26089307072980844,0.4006584396277657,0.42686447426714114,0.21678336758331454,0.11230302983271118,0.13204044102348964,0.19177954032154929,0.2369100531513497,0.31921006617296654,0.09220049528110069,0.08778500425880569,0.31189322885356,0.3487747658029612,0.04115263728162517,-0.06897822443667341,0.08880883324295649,-0.061209006214480395,-0.017197104223898342,-0.027050942653463445,-0.07601140845952625,-0.25146942454990556,-0.018627199640943868,-0.10329690800977814,0.15057583079074813,-0.025505963180200285
0.10234139629955365,0.009862857795511883,0.06726151329908601,0.10423472486770456,0.12907030552708243,0.09426434373575325,0.16854248927722382,0.09938707697894099,0.045485203743719005,0.16864895923517623,0.0999719676716978,0.14426777497810592,0.1085447116855485,0.11930637812290629,0.15219649255768872,0.05781170018479048,0.15975820428467483,0.09943628941090349,0.11312285971172155,0.2100264841576093,0.09133551146385455,0.08003988285063719,0.4360810231326275,0.09272593976785921,1.8105965440073972,-0.2399041528733285,0.15378963681754904,-0.20283511681613328,0.7666533884439245,0.3407968295150735,0.2857773357008441,0.04987368012955147,0.0962855905446445,0.4554810248393875,0.22564783821343856,0.36638478026773974,0.2551166915960125,0.177155735341018,0.2744928011541927,0.09836197893585288,0.14201559321659105,0.07949328376670227,0.06089926859430893,0.06783091215092678,-0.05440834556132712,0.5109816207856419,0.21501402315717733,0.013313074338919673,0.11772436525466397,-0.17742826217302773,0.04560622899888263,-0.007870618617803237,0.3002540051358207,-0.09532325191414458,0.13699325607438392,0.08480233405970738,-0.003601430390147446,-0.08689465906029206,-0.08323251420358889
0.17638141523032522,0.6921515169594017,0.4009291138395809,0.19244792674859168,0.14726058233203998,0.34623008976145675,0.15850757257411224,0.33968250086394286,0.21440601477634774,0.1333296697491936,0.2895400199276116,0.09088222735686498,0.12745790545461128,0.2959260118930736,0.48116382365574056,0.2517916423805434,0.4733251572456566,0.9260121983835577,0.13948095962204066,0.48498561514067634,0.538287480643969,0.2132633693194858,-0.14470640945475416,0.44112776903215783,-0.2399041528733285,3.2486083844797538,0.22366007380181116,0.37540894819487985,-0.1594617110386098,-0.7146244988450523,0.2152188703441852,0.4839471114683444,0.11426286615128638,0.15194889864669664,0.6110876919430326,-0.028566012874350597,0.02233203301723898,0.22393773878578,0.44838248328454555,0.3035501876211773,0.7214784100113206,0.618316052570371,0.051630362151941826,0.057599029674375,-0.16808115441934612,0.22343719936683729,0.06769374451384354,0.036402638522536376,0.6038715676680962,0.961008840031612,-0.3057383811654361,0.14905074555358014,-0.8851112689402365,-0.08824146183400916,-0.3904077890793639,-0.08288494151035661,-0.40239963331664663,0.6336216206098049,-0.08911453882191979
0.1311162988750221,0.1835465200888043,0.33710817346791394,-0.007101911392156927,-0.0751980617624014,0.06903051076211868,0.17099337797368802,0.16877450081821121,0.22192149111755582,0.21057992662380684,0.2103184968029494,0.1139730450374786,0.13849334095408802,-0.020754684897924952,0.17073942182966903,0.03565085836191578,0.22655939314071014,0.3616162046660698,0.024634029834076823,0.17155631182166797,0.13036796406084955,0.15814100841472212,0.19031822785231212,0.1984260848467489,0.15378963681754904,0.22366007380181116,2.2855851370478084,-0.049136704895975845,0.11899791641922303,-0.11979660997272289,0.4794394208246871,0.16741634728838364,0.6441808663366486,0.16328140186152082,0.4933859809723919,0.5488696154537184,0.5633028988990503,0.26716360329375716,0.010452439846890817,0.1824271932045652,0.30639214899118655,0.15880242617256649,0.20192798891202357,-0.1587757235221521,-0.0779334660864816,0.751539732985222,0.13126788862415206,0.03145673670971352,-0.49946516066172914,0.1923147100878822,-0.10950844792426977,0.13363063286094867,-0.026487277741972324,-0.13642323347860752,0.2923847689417592,0.16418867227559594,0.05116892761569232,-0.53083261705202,0.1254610479283985
-0.011298560035071991,0.4662872575522484,0.31699922364232647,0.03180056625211756,-0.08480472461136668,0.2330557495691471,-0.10759877630969347,0.22123383202482808,0.09198527764019808,-0.02944563430180178,0.1566084406790519,-0.054439364325397206,0.060195731570540624,0.058486267455306655,0.12677190406872824,0.27091827181001865,0.17143498353254832,0.21488622892690312,0.3667727595912544,0.2212895658437807,0.16668651172253152,0.14422323797089528,-0.9875749182694751,0.1620046188363118,-0.20283511681613328,0.37540894819487985,-0.049136704895975845,3.7639848413546306,-0.5771535271444667,0.3514103283323132,0.24075757866081454,0.22281249162865152,0.44138038149353664,-0.20504954183631852,0.011802554149430997,0.5441021449226049,0.34378140868209084,0.21871749362366089,-0.1795142628010806,-0.08851927085780244,0.5792957680169688,0.266761267711043,0.3742134524639429,0.25176187109378323,0.3073324771313866,0.19043469278396177,0.20024123421455517,-0.02254530681203536,-0.8445118104613147,-0.21490359052567573,0.18267134103831673,1.232456360670078,-1.6776884215820758,-0.014683141151076806,-0.487366440217917,-0.09918678663543622,-0.07322123223057939,0.5033627891769547,-0.07943966072862317
0.037054419746316423,0.21022921732514188,0.25345921973928526,0.14339107146054875,0.17797917283636613,0.23597441081723391,0.20627501731129402,0.21903700388259806,0.144918007119582,0.24822951107119634,0.19522614110109934,0.1760025447605962,0.16452051751960078,0.18404063046857172,0.2248071892585355,0.22420584756324557,0.2611761439822373,0.29718189234448716,0.16420269539366708,0.2782471124768361,0.19352476141447902,0.1983959837342116,0.416123057068759,0.20064021307044896,0.7666533884439245,-0.1594617110386098,0.11899791641922303,-0.5771535271444667,2.3149926033085797,0.046310706060689266,0.04342651307950639,0.2500789767855305,0.03929397107937239,0.7382945631679017,0.00561170838278973,0.2956643735497547,-0.23885097184086762,0.048557772077803346,0.3322856588631341,0.042430672377232165,0.09749736615868232,0.1589772997821043,-0.3615663736334465,-0.09868805208706875,-0.2800996842137971,0.4165667879802046,0.1746164961840864,0.01568080202988188,0.6603892141276688,0.23046385944701026,-0.08616510035797315,-0.1003975141254648,-0.042485139476148216,-0.04882915246670305,0.1192782354445829,0.12597758138499626,-0.14651548431315958,-0.09197083419241979,0.12093182374293458
0.005802228652158276,0.06019810463083199,-0.28052919677187826,0.1511614297778214,0.1846125701518983,0.021661569338120235,-0.007107693393677154,0.12557138316070174,0.02139582928058729,0.003226341812775562,0.0826478416989218,-0.026914857826430237,0.053258431187711244,0.12140515480973772,0.07073249516805673,0.08480152339608117,-0.04607814279402628,-0.17267235993988259,0.10356954737647726,0.25891300953459173,0.105900979141036,0.025132110250931327,0.19724227417300697,0.38306400860982465,0.3407968295150735,-0.7146244988450523,-0.11979660997272289,0.3514103283323132,0.046310706060689266,2.5678648375506676,0.2555990486818577,-0.02688953151625928,0.3967034859998261,0.01124427001151381,0.2723900713181958,0.8585079496980433,0.7310825518771538,0.26523230537756154,-0.24419351194287897,-0.03423084708392278,0.47785174862816066,0.1089900360971585,0.6573059435783186,0.2594056929143797,0.2766876258683923,0.42631583332602035,1.1741295567358452,0.01780905777900467,-0.8691604718381137,-0.6670758945330475,-0.03570778368744304,-0.2992259075313218,0.8250397336452618,0.07478052532920279,-0.19375401287663868,-0.2859426707741991,-0.10752312312963047,0.7297237810907394,-0.3418917579580124
0.09729470385685299,0.16244635088089246,0.18707820036117234,0.09841489244966167,0.08010178584295999,0.11965482869538484,0.15910544223842255,0.14321094382580388,0.14702055649604184,0.15186764859097032,0.16169213960563722,0.1491714935241937,0.09303201145229843,0.1097380481391745,0.18611192399016224,0.101056188612827,0.1856391199590908,0.22201633450860714,0.09834479600096113,0.2692395860702089,0.17569879259034016,0.13849570548442644,0.3199116024575149,0.1744458434585555,0.2857773357008441,0.2152188703441852,0.4794394208246871,0.24075757866081454,0.04342651307950639,0.2555990486818577,0.815719282009309,0.0968885886190033,0.23101263816701964,0.22934055912289514,0.21990731007556194,0.7955381048629122,0.6367659370600157,0.2707847932414641,0.41386669827538997,0.17414938407501135,0.3781577796708512,0.19003856802100003,0.18875377413275474,0.09534634685544945,0.17589831394779476,0.5029008791348498,0.2442773274484483,0.03421102801475408,-0.24824184925504558,0.22780772514297917,-0.06444712298975684,0.05222967073474932,-0.07978316019566306,-0.08963685354344056,0.02894708484644007,0.06541035361507459,-0.0748856573120687,-0.04520522883267507,-0.04042008898691104
-1.7465903974471897e-5,0.17270356592074634,0.13006862157907942,0.11634547566963488,0.15995909190414662,0.181624459880156,0.13492526866764057,0.10196013640949791,0.1354102417015168,0.08429434030427196,0.134374685340148,0.17440607998545923,0.10673293538838548,0.09103567513867258,0.07895060675790384,0.20277789737920335,0.11451781290831477,0.1380077711698076,0.1688455930095425,0.23134823085416203,0.21060246283992948,0.21472717099080796,-0.09526577575244945,0.2542724107326649,0.04987368012955147,0.4839471114683444,0.16741634728838364,0.22281249162865152,0.2500789767855305,-0.02688953151625928,0.0968885886190033,0.958024014581901,0.12992261094718432,0.31884354546122745,-0.07166763047283223,0.13571682824672382,-0.17938784468052602,0.17846507539783146,0.1348451795526933,0.05179556693234358,0.13626057852317902,0.2524729305573884,-0.019951391742079716,0.01676602736928065,-0.17002186423001256,0.2347384146682161,0.03977335711670173,0.02113193179104993,0.45512455625040693,-0.07485856472433344,-0.007959258539491108,-0.0037439790758436353,-0.011126738913872197,-0.016783959621893853,-0.215750735301841,-0.0035501735815179135,0.18599378093345595,0.03768669432421356,-0.17169348995522712
0.07529529506890778,0.188903472230973,0.13455911231223733,0.03896992107935315,0.018248014794844766,0.012410117019263804,0.11950249513612878,0.07573800152520951,0.16168236374743952,0.007424923563143256,0.09337716105071946,0.06314283381287446,0.09425325234287639,0.03018226468297308,0.1266213490076203,0.07025276910675349,0.19749599493480402,0.19211377386651346,0.10743178028728176,0.1622918605427506,0.13377154950083348,0.13164596516819235,0.14966868561296046,0.43990773996662036,0.0962855905446445,0.11426286615128638,0.6441808663366486,0.44138038149353664,0.03929397107937239,0.3967034859998261,0.23101263816701964,0.12992261094718432,1.6556738069301742,-0.2319792341821676,-0.0008665474989571195,0.23451891349870171,0.6897341082291432,0.2240735698188102,-0.16723572048198732,0.014691801690298078,-0.08488212897112712,0.19143037599960885,0.2511996173764438,0.03347352215259446,-0.13978864192623303,0.4717201888263814,0.3507732156892687,0.10811752945502484,-0.24032410796196607,0.2028049383142938,-0.027449457042924216,0.2484298669606536,-0.29704267394787115,-0.23493603465232826,-0.13552865801378594,-0.03782816761425097,-0.0473553903164465,0.11052843357811755,-0.16067854316515734
-0.10198733783756997,0.1525650386458919,0.1639489938985709,0.17369050428376537,0.2372953672453839,0.21284008978124133,0.1852357351150236,0.17781556643262125,0.14442278959718532,0.2336076740284364,0.17122995561696547,0.2096759158452458,0.12659511935686235,0.1768864539387627,0.22091476872718818,0.20765508571149702,0.1939367898104763,0.220818548587139,0.15400069602295968,0.2813188514448568,0.21589728003775774,0.21113084164790272,0.3881856729226825,0.1527735980746717,0.4554810248393875,0.15194889864669664,0.16328140186152082,-0.20504954183631852,0.7382945631679017,0.01124427001151381,0.22934055912289514,0.31884354546122745,-0.2319792341821676,1.2925298507054253,0.2138520143862617,0.34135563177081263,0.05476699885456869,0.1250405024676337,0.5534334539775551,0.1151704745657727,0.19558304051644598,0.19689147167399723,0.040203800783311275,0.1177033915812646,-0.28693267048021687,0.28981844231054027,0.12633668045382063,0.05964516398380845,0.8848837298708037,-0.21792417124858984,-0.04016773350018417,-0.10589591363843603,0.35365753847566067,-0.08478040474001018,0.01646426019503269,0.11281609246723887,-0.1166439244586389,-0.0728326593887639,0.1728409333537055
