1.557891171045993,-0.032666126493518466,-0.04366384326833261,-0.05521439827144223,-0.06047708797703721,-0.04177400331058019,0.02371593165413002,0.023671226529966057,0.02354449560683138,0.021169772751985266,0.012854264585751049,0.014333929692303366,0.021912686854962685,0.013666326032393084,0.014591639535293651,0.011458446921037499,0.009756337905527743,0.008079339439040746,0.008421912992777248,0.008006016541194223,0.009545786440466024,0.009930360886233244,0.008589930687430481,0.006096807511011864,0.003883713296133864,0.0025293639132003168,0.0017674538702773842,0.0011703006456151562,0.0009150769964915522,0.000856853010089791,0.0003790748170301596,0.0010334085718824587,0.0006417517164913166,0.0007433795270295929,0.0011898481887631688,0.0014708586030648012,0.0014895505113199613,0.0013225590315294295,0.0016294593706107,0.002361034098635865,0.0045410172094308525,0.008407814338634589,0.016638640151766873,0.007005680774865202,0.0027751045662997536,0.0007362801295863377,-6.54859756458551e-5,-0.0003415238389088212,-0.000367262793295963,-0.003557600162445389,0.011608177637435397,0.013205224952706497,0.011990034154356297,-0.0032187548232707475,-0.0010244043859583389,-0.0008602771329657728,0.0027623041147677866,0.005628121307103522,0.0019891745573465468
-0.032666126493518466,1.536843445069141,-0.06056567545199385,-0.07770701863380533,-0.08629669754110378,-0.06211455157079248,0.029446137142199187,0.030412215493838976,0.0325079819918914,0.0313597134995042,0.018949620529222787,0.021134614726397844,0.03205673909368555,0.02180380428134589,0.0219528637686188,0.01776944978428963,0.014584880351163277,0.012079519201644394,0.012077232391737202,0.011806014999138454,0.014193535822944369,0.014725633472276189,0.012591058169507651,0.008840753268145759,0.005488825730621755,0.0034220780599853013,0.002249490035572031,0.0013779514538560878,0.0009883352791659388,0.0009473178411075036,0.00039366852464908325,0.0012133142771824298,0.0005596918809975672,0.0006857558389184108,0.0013730544255200414,0.0018708030531242343,0.0019729238550687,0.0017801443865034137,0.0021748189606641474,0.0030807817901769684,0.005775559649494521,0.010533502702673295,0.020605073535487572,0.008738327926810997,0.0034845597078807995,0.0009427810160884416,-6.245962814586176e-5,-0.0004103352054472029,-0.0004464258929799231,-0.005276360637035682,0.016077004395102016,0.017400421357412033,0.017958214650990314,-0.0044108515843892014,-0.0006282617417975895,-0.0013555763140364306,0.004581382797886497,0.007834729735533152,0.003983883319832015
-0.04366384326833261,-0.06056567545199385,1.499259389876385,-0.10728709172156191,-0.12227741253448175,-0.0939093170921902,0.029512899305621305,0.03688972693780417,0.04467186450737683,0.04598437733457686,0.02748921632939388,0.03068574192596761,0.04656235752131023,0.03450202292442526,0.03282196680523227,0.027644277051534473,0.022610711950333783,0.019148563557873626,0.01793898530168498,0.018266436459214514,0.021620920652101878,0.021921719083079574,0.018363799266878048,0.012714521477395695,0.007712572893924937,0.0046432335981207344,0.0029322266049601475,0.0017704493191597545,0.0012710825850097507,0.0012743039135035227,0.0005883767921957451,0.0017539682269186831,0.0007874310793251473,0.0007709338447526764,0.001531556536669643,0.002151167029127948,0.002330804368975743,0.002128590397597472,0.0026095559439127127,0.0036572468898734105,0.0068086430507936805,0.012355950894942019,0.024179476751456,0.010269697326993364,0.00413200000777344,0.0011440636334087008,-4.644900381484824e-5,-0.000462857986556408,-0.0005113640488358836,-0.00675154541176448,0.021879722497190605,0.022786689841380058,0.023045861241969095,-0.006498594048213367,0.0003568242077162182,-0.0021503471485215357,0.006396182252572177,0.011423822524590569,0.005760050742802033
-0.05521439827144223,-0.07770701863380533,-0.10728709172156191,1.4388208534659772,-0.17059564386218307,-0.1483984976413837,0.007848521633627268,0.043465368157697554,0.0653441151731415,0.06789925499375271,0.03941465560635068,0.04373912982018321,0.06558165772802366,0.05346252684974164,0.04830483883512355,0.043014201089290154,0.03498685011946811,0.030041544021939304,0.026067365082461828,0.027900379204037883,0.032705936410404694,0.03239204074171911,0.026551155376648313,0.018136952769980615,0.010791009633165776,0.006325812512844297,0.003878453527226043,0.0023417801853731646,0.00160470702555814,0.0014704038503521207,0.0005828083088243699,0.0019246971826498973,0.000522350700477228,0.0005398571609324082,0.0016510648148081969,0.00260906883375051,0.002863083218882845,0.002571956032586603,0.003040051646906593,0.004179951800419038,0.007749470777179113,0.01413225180924786,0.027729078046374873,0.011862655152708372,0.00483053937737097,0.0014028610475696741,2.370383840156552e-5,-0.00046994637787676173,-0.0005413526496898816,-0.009342954894477269,0.027693740659187064,0.028892134532647152,0.029770928659987015,-0.007440578064221092,0.0003213710088211293,-0.0029209518230158982,0.009966690485015934,0.01629892966720317,0.008497911194949134
-0.06047708797703721,-0.08629669754110378,-0.12227741253448175,-0.17059564386218307,1.3596622012600943,-0.23700780368431926,-0.07801964017247692,0.04221563535182847,0.09646892268210575,0.0951498923164676,0.05314866861547713,0.059585154575998195,0.08686411568745066,0.07928859780499825,0.0681343045585141,0.06520248388537915,0.05424831821567569,0.04807975109260262,0.03763967033431426,0.04309887329696021,0.048651938709008184,0.046072551134709594,0.03654795976637521,0.024522929068745244,0.014327290601609258,0.008267309327323485,0.005093698037264284,0.0033755161855715016,0.002449830093504736,0.0019083091064866701,0.0006236103763687137,0.001971376898232797,0.0003199791582532891,0.000369196894374468,0.0016003647884787538,0.002700479620729551,0.002864166111634594,0.0024230343701531058,0.0026631614830192408,0.003619738007526524,0.006988408380189349,0.013304094723372916,0.02694293933781737,0.011549631713670284,0.004789892242571533,0.0015070834880542563,0.00016512660556305421,-0.000338594630876544,-0.00043634560490353436,-0.01126049010029176,0.02882496215166716,0.03423072157719135,0.028339862934253668,-0.006438459731958939,-0.0007860804775085982,-0.0032653865482862674,0.01391292806839232,0.021641560613411666,0.008625334448423503
-0.04177400331058019,-0.06211455157079248,-0.0939093170921902,-0.1483984976413837,-0.23700780368431926,1.2276209023594251,-0.3095715651356867,-0.0021076487671255677,0.1217256751042318,0.11455161571277603,0.07590741300671779,0.07804576752395624,0.09865414282769379,0.10721231446463499,0.0924442870598982,0.09174063219387027,0.07885267239137894,0.07315298856003499,0.050890313348710116,0.06298887783173553,0.0661459447967197,0.05873499008155877,0.04467178027075291,0.02926797810411641,0.016689797203637138,0.00947115589232453,0.0059960272406760886,0.004636977285783409,0.003718291645120552,0.0023562060305843094,0.0004084398774440853,0.0008012034076371168,-0.00044674801556247157,5.5269410493966064e-5,0.0012352743996313785,0.0022105745378940877,0.0019921593502058754,0.0012449282823528485,0.0008168109026950492,0.0010054660859601424,0.0027630104451751934,0.006884939431037594,0.016197906176630972,0.006910736250482161,0.003005305942459253,0.001182874819408274,0.0003992896424109547,5.424595509479403e-5,-6.32362841885483e-5,-0.011422208909971643,0.012709620474475278,0.032306526134030025,0.010342866643568456,0.0011935105466975163,-0.003315087403939361,-0.0016824499138035018,0.016561926823972867,0.021199705346678237,0.0066959902616886375
0.02371593165413002,0.029446137142199187,0.029512899305621305,0.007848521633627268,-0.07801964017247692,-0.3095715651356867,0.8559210049487177,-0.2681162592191942,-0.030584583084308815,0.0756086827120494,0.1389802448631155,0.11399723356539708,0.06384475169848784,0.1302119175251614,0.12784751177469647,0.1084525848320799,0.0891453223750253,0.08796532078485038,0.056019925195065746,0.0738821506731718,0.07134209964438382,0.060788162752265965,0.04512465772389788,0.02917283133779549,0.016162839872203193,0.00901505495854151,0.006201999022061653,0.006258994367128251,0.006090595117772706,0.004306666180912383,0.001675199514395243,0.0012695336197093027,0.0015636256317252228,0.0013829401177019131,0.00040614653922504973,-0.0003497874811294995,-0.0012781684646801428,-0.0021992205036621706,-0.0037212063099698813,-0.005526327309717006,-0.008538938779250951,-0.012014971691641734,-0.017320975863599382,-0.008428646449673624,-0.0033977324607431837,-0.0007443775722135047,0.0002896773731701491,0.0005932551398702141,0.0005802587205069462,0.0009632476501527345,-0.034100809184320714,-0.0016632531211606338,-0.038399174601527586,0.011414209651283395,0.0018627907404840294,0.00043885436153396924,0.00615781934696434,0.0027948274239108332,0.011104751660192739
0.023671226529966057,0.030412215493838976,0.03688972693780417,0.043465368157697554,0.04221563535182847,-0.0021076487671255677,-0.2681162592191942,1.0754798508946892,-0.3680718652538072,-0.06784063961084394,0.1361901773963105,0.1594098390088212,0.03406547467714208,0.08640776950689254,0.09035760097626541,0.08044692699771296,0.06783267002721058,0.0623101030414444,0.03966619614596622,0.05459307782280952,0.05453294889928181,0.047509948422583465,0.03657745574244118,0.024376189887614242,0.014058219381680503,0.008151142779359967,0.0058155535982502725,0.005425511124373003,0.004484906757595877,0.0011080710930250234,-0.00159208373680253,-0.004645813644992843,-0.0002581389102000869,0.002752952738024334,0.0027053653871485987,0.00129018027303441,4.4019048807457465e-6,-0.0009361120027236964,-0.0018120783469981075,-0.0030845504387869596,-0.0048820933563235875,-0.007108830758304943,-0.010187094306578487,-0.00527055068830828,-0.0024059997792364412,-0.0008583678134901975,-0.00020348576873854206,5.5043092899517805e-5,0.00012157567021876089,0.01521056835843611,-0.004848119809754818,-0.03183945527937283,0.00844650020569603,0.0033387429978822443,-0.009131481665077377,0.009915657553313858,0.006000871743626119,0.0016305377862019265,-0.02463721832994654
0.02354449560683138,0.0325079819918914,0.04467186450737683,0.0653441151731415,0.09646892268210575,0.1217256751042318,-0.030584583084308815,-0.3680718652538072,1.0725052031798046,-0.27156957167397855,0.013464256097060201,0.09364398207549911,0.03666239224008849,0.09334156774496491,0.07327575524169984,0.07265812347404506,0.06506086150413103,0.05939728594247031,0.03748968856003601,0.04607458925978398,0.044700581035500994,0.0415416131774779,0.033693513692293044,0.023243091346057274,0.013826701137418839,0.008279830477065358,0.005904152950997289,0.005183602733773499,0.004075761644470351,0.0019800331477133897,-0.00017013458060489322,-0.0012917076938995375,-0.0006267736096707144,0.00010873536100068033,0.001086994080226056,0.0010187203946557032,0.0003324395816691137,-0.0004987420877114348,-0.0015467208321969482,-0.0027584813388447393,-0.00429597026333211,-0.005915994995406173,-0.008071411265299424,-0.004465816546662917,-0.002236740839043824,-0.0010285868064755141,-0.00046394377809706283,-0.0001979736622304775,-8.40143112631651e-5,0.011424895564812751,-0.002438792960833181,-0.015811256645409943,0.012103838117898436,0.0032319657223749713,0.00930427431727652,0.0010073095636114033,-0.009807167206776064,-0.005809330028460076,-0.018757814041729947
0.021169772751985266,0.0313597134995042,0.04598437733457686,0.06789925499375271,0.0951498923164676,0.11455161571277603,0.0756086827120494,-0.06784063961084394,-0.27156957167397855,1.1558739848283919,-0.3227294842020472,-0.10963081347648104,0.16233611068080817,0.07889772916079968,0.04595881140064889,0.05139769793116433,0.06371818599194382,0.05676903234317118,0.04199970135467587,0.046274187599905585,0.04420504666026518,0.03950670843350795,0.03171955900767974,0.021583465582945112,0.012637704112720872,0.00734844377776014,0.005207072207818978,0.004858022353749798,0.004644003407315531,0.003688787491245738,0.0004634447683991734,0.00034108682879267473,-8.499911307758183e-5,0.0001496169994828921,0.0009015207605180223,0.0010626273041575243,0.0006657502800992521,-0.00022273514344688965,-0.0011352484251130758,-0.002162630874636793,-0.003308708253228626,-0.004090068228690959,-0.004141969042246426,-0.003031720891963502,-0.0017101169846295314,-0.0008604413688421022,-0.000439894847831768,-0.00023431696791509905,-0.00013402887169071634,0.014530982232592641,-0.010793620826792845,-0.02116531414356552,-0.008277940761032467,0.007576557493255616,0.012229522186446335,-0.00047809725079470843,-0.009372940286760154,-0.004254234218210484,0.0029580743337569645
0.012854264585751049,0.018949620529222787,0.02748921632939388,0.03941465560635068,0.05314866861547713,0.07590741300671779,0.1389802448631155,0.1361901773963105,0.013464256097060201,-0.3227294842020472,0.879479823696143,-0.2696404948013236,0.15696549428291684,0.059026828250760575,-0.0032796227194315944,0.07827714778250422,0.08160652136960671,0.07729090336547458,0.047139649284284706,0.060713048856814035,0.05921676081109327,0.05093671863976744,0.03844892188148675,0.0256192813675726,0.015065459413649942,0.009107446887329809,0.006625798725200498,0.006081037020776798,0.0048179626703685405,0.001483267951459071,-8.757474496275552e-5,-0.0022558093841607966,0.00021572706906934492,0.00139753046522095,0.0018304497820605873,0.0012521170828694247,0.0003263982682714245,-0.0006711934021085347,-0.001788153351166174,-0.002928900693500921,-0.004161543221938773,-0.00484221194580552,-0.005137147293757363,-0.0029779539937045464,-0.0014742690761672648,-0.000521758509100662,-9.992840357701463e-5,5.38259962615078e-5,8.958901979224262e-5,0.016566971050258256,-0.014043533184490782,-0.02537212195857156,-0.011164942831601214,0.008161027665124847,-0.005823116791703111,0.0037091419779315005,0.004283830168490852,0.0168100242715488,-0.007408342747121785
0.014333929692303366,0.021134614726397844,0.03068574192596761,0.04373912982018321,0.059585154575998195,0.07804576752395624,0.11399723356539708,0.1594098390088212,0.09364398207549911,-0.10963081347648104,-0.2696404948013236,1.1487087780590481,-0.2352297506457374,-0.09589870110379202,-0.005814907683316026,0.046781151417344256,0.08149994181902541,0.06956608363212287,0.057844573433138605,0.06331531136669603,0.057451717860281165,0.047545085846421434,0.036034997462495964,0.02413781529381034,0.014475026115016058,0.008979756825394019,0.006893548693928147,0.006919100107059322,0.007166233252742805,0.006797983563317239,0.0022975453169090682,0.003875916939323994,0.0022531755674001118,0.0013380059545898685,0.000919172137933418,0.000589153864429791,-7.222138759635875e-5,-0.0011466394753652399,-0.0023748321731335144,-0.003822219174218779,-0.005603699532634783,-0.007173130420404339,-0.0073801289936101236,-0.005336639935432305,-0.00288151143880351,-0.0014376578452258396,-0.0007248081216254458,-0.0003874079218261569,-0.0002205225826069446,0.017760974172491336,-0.009253494048586141,-0.024689680100724736,-0.006031113043723995,0.0021930217245855303,0.004558894084059172,-0.0027381351765574024,-0.014829669390168,0.017064462751101316,0.014937469411614805
0.021912686854962685,0.03205673909368555,0.04656235752131023,0.06558165772802366,0.08686411568745066,0.09865414282769379,0.06384475169848784,0.03406547467714208,0.03666239224008849,0.16233611068080817,0.15696549428291684,-0.2352297506457374,0.8983098272238251,-0.30624779927756124,-0.05115719793676755,0.07547022669163535,0.027360463279163548,0.041077619473334666,0.031024746784607822,0.05543264794063065,0.057567108463640826,0.05056211777485426,0.039151071599727034,0.02664487157934465,0.016284566206792497,0.010571974898085196,0.008596017088634696,0.008670844597271674,0.007993526545299239,0.004910983764704817,0.002052025372315811,0.0016417170973192239,0.004753889833310169,0.004013961090393692,0.002343141357374549,-0.0001258069240463889,-0.0013876351011553691,-0.0022842274515270516,-0.003268154821798903,-0.004677833845482198,-0.006339447521404372,-0.007981056724856932,-0.008579069149341194,-0.005711273867240615,-0.002965495648686748,-0.001434011425836037,-0.0006987921410652611,-0.00036225182936479734,-0.00020020439773512806,-0.004234516467757352,-0.0319300110638448,0.03822243448911798,-0.022510330775627297,-0.000659676701612585,0.0007178529242439584,0.0022132591392393006,-0.01981558419179793,0.01656609311649471,-0.012387572693096876
0.013666326032393084,0.02180380428134589,0.03450202292442526,0.05346252684974164,0.07928859780499825,0.10721231446463499,0.1302119175251614,0.08640776950689254,0.09334156774496491,0.07889772916079968,0.059026828250760575,-0.09589870110379202,-0.30624779927756124,1.1356734331442702,-0.1466023159271092,-0.076774469680953,-0.031262321445920956,0.013152764102652936,0.03280146870615318,0.05304492656318295,0.05609430471394693,0.052467862758391555,0.04223277350260089,0.028521946656468983,0.01664239741096485,0.01000928407100029,0.007452154084390849,0.007219181622613663,0.007049953813747287,0.005387428738980022,0.0012023216183034624,0.0008340702175832937,0.0029624967145645362,0.004027287683527371,0.0027916136420869557,0.0009250637672175667,-0.00047196921770236393,-0.0014395140486601905,-0.002249877755865835,-0.003155903999997339,-0.003853086296417841,-0.003854086698431102,-0.001027272732518632,-0.002279544519415867,-0.0013649136463731882,-0.0006777499266638174,-0.00032702381615038053,-0.00017421788412000673,-9.985903251565878e-5,-0.011205973083977331,-0.030346777759943707,0.05321137404157148,-0.028156265726988015,0.003641516996118935,-0.008260293255626674,0.0053405161584260214,-0.0021275132640012242,0.0019610643023591913,-0.017690687289478216
0.014591639535293651,0.0219528637686188,0.03282196680523227,0.04830483883512355,0.0681343045585141,0.0924442870598982,0.12784751177469647,0.09035760097626541,0.07327575524169984,0.04595881140064889,-0.0032796227194315944,-0.005814907683316026,-0.05115719793676755,-0.1466023159271092,1.220703933687257,-0.2739339463261789,-0.09762079785129653,0.036481680013103326,0.03367876402054228,0.044836561169366615,0.04631353349756653,0.04588326424314176,0.038095073911291584,0.025700337075308215,0.01438250922783356,0.007978401276924653,0.00528715845464029,0.0046752731726344785,0.003847621431368492,0.0020426300691180435,0.0002957695920197929,-0.00037246850185961575,0.0008526673513420447,0.0010153207124709341,0.001050806023342197,0.0002422021724337362,-0.0002846648264928634,-0.0009001102503113128,-0.001560920572469154,-0.0023788031500836635,-0.0029599793868343607,-0.0033974819083766304,-0.0030474514794162928,-0.001396846517364066,-0.00025507227447203946,0.00018381013391589908,0.00028784909634656144,0.0002695301931559458,0.00021504791156043199,0.012119989873267796,0.019306241437712552,-0.027642951865607186,0.02466202993027186,-0.005528722363973216,-0.01032342327626075,0.0021735592206693056,0.015602185375777957,-0.030506073894339347,-0.0015455897824907313
0.011458446921037499,0.01776944978428963,0.027644277051534473,0.043014201089290154,0.06520248388537915,0.09174063219387027,0.1084525848320799,0.08044692699771296,0.07265812347404506,0.05139769793116433,0.07827714778250422,0.046781151417344256,0.07547022669163535,-0.076774469680953,-0.2739339463261789,1.2306915894690613,-0.16124446903636772,-0.03862973717228996,0.011172274811395063,0.006496805413990965,0.01187117241178443,0.024052548745070974,0.026393239832819798,0.018717460399460022,0.009178241340007123,0.0029865875667010964,-0.0003373487153054463,-0.0017972227313199755,-0.0018489174673236982,-0.0005125513749841121,0.0001616979011206707,-0.00036586590809367984,-0.0014704115239206144,-0.0009525341676208388,-0.0003792840635516494,0.0002995448714240344,0.0005420368968244518,0.0006599358789550951,0.0007178948061495363,0.0007580166078808011,0.0007799897243296728,0.0007279286078463065,0.0007095495669351749,0.0007082306097699393,0.0005940293630793303,0.0004723935798730192,0.00035029810691780347,0.00025956515761710493,0.00018601759127418694,0.0032205184037597235,0.012647337874105682,-0.022196482253420132,0.007882988958911322,0.0011658486921308912,-0.0037192397969258383,0.0004387690974770438,0.01901881368739885,-0.0403567981085517,0.015787839046221257
0.009756337905527743,0.014584880351163277,0.022610711950333783,0.03498685011946811,0.05424831821567569,0.07885267239137894,0.0891453223750253,0.06783267002721058,0.06506086150413103,0.06371818599194382,0.08160652136960671,0.08149994181902541,0.027360463279163548,-0.031262321445920956,-0.09762079785129653,-0.16124446903636772,1.3873473911107788,-0.14040204427452174,-0.06675408122358042,-0.05176536205921505,-0.016140203105277116,0.01079268760088855,0.019654138547959808,0.015195890238908584,0.0072959684494632885,0.0018662822865108618,-0.0011860072853593735,-0.002591796842695408,-0.0027186758335472055,-0.0011107602408436804,0.0008393846298059232,0.0016416842390856328,0.0005639766165006491,-0.0008597365980583527,-0.0013744171238999389,-0.0012890995881253329,-0.000662902047523292,-5.785946622157352e-5,0.0003782100119816053,0.000698494196010975,0.0008136803389055194,0.0005430791831225088,-0.0006303372749778593,0.0005116360712149865,0.0006447885439400558,0.0005278024829738668,0.0003863442854394179,0.00027862105762217635,0.00019631478003402045,-0.00855184819476877,-0.0048792884975099905,0.0017943823629545466,-0.015567091988754174,0.0005217837643555653,0.011809506012679676,-0.003716343766600208,-0.001994700961512368,-0.015239782733821435,0.012226253670311625
0.008079339439040746,0.012079519201644394,0.019148563557873626,0.030041544021939304,0.04807975109260262,0.07315298856003499,0.08796532078485038,0.0623101030414444,0.05939728594247031,0.05676903234317118,0.07729090336547458,0.06956608363212287,0.041077619473334666,0.013152764102652936,0.036481680013103326,-0.03862973717228996,-0.14040204427452174,1.3748499961032778,-0.11763390356215858,-0.10961736443744874,-0.059359696610231216,-0.023938368537189843,-0.006653061272329035,-0.0017947867950487396,-0.0019301513287330093,-0.003073629434425047,-0.0043717380436765945,-0.0054427951880951005,-0.0047820440777668755,-0.0016001567104247684,0.002800660557805342,0.006007907275774524,0.002335510723833632,-0.0007054724425811952,-0.0022903811729338675,-0.0017504419122404292,-0.0010046242080966395,0.00023648296540429358,0.0010561302510221757,0.0019657511820618157,0.0025196743790806345,0.0026821955629397097,0.002101317689192443,0.0010440447146451521,0.0004314261957806134,0.00010230053845797357,-1.969432053260627e-5,-4.968495878514131e-5,-4.703006664334788e-5,-0.0031878440244689807,-0.003195276595194319,-0.005746492716296315,-0.02484353711896459,-0.0017735259724613968,0.015617704248079253,-0.009701979693628566,-0.004558685525929431,0.0029750907001660195,0.009076204301965334
0.008421912992777248,0.012077232391737202,0.01793898530168498,0.026067365082461828,0.03763967033431426,0.050890313348710116,0.056019925195065746,0.03966619614596622,0.03748968856003601,0.04199970135467587,0.047139649284284706,0.057844573433138605,0.031024746784607822,0.03280146870615318,0.03367876402054228,0.011172274811395063,-0.06675408122358042,-0.11763390356215858,1.4769745216741383,-0.08755596745174286,-0.05922996130057909,-0.04401345704389326,-0.032177806051420704,-0.020746186661582785,-0.011362719654105978,-0.005759932473036711,-0.0028519695760582144,-0.0015338313793309358,-0.001142218324587746,-0.0010785054660006025,4.342673099028401e-5,0.003360842862443228,0.003689609561516752,0.0008623437189473752,3.341953897488219e-5,-0.0005510706328700001,-0.00011294039533297627,-0.00014580580015603945,-0.0002647800446965932,-0.0006304633228682596,-0.0011325710635375845,-0.0018421042886854414,-0.003539425678938497,-0.001414138927713991,-0.0004626696907543363,-3.374200613007086e-5,0.00011182007610655087,0.00013810436091959158,0.0001221706878604385,0.001059020501077607,-0.004574051943992601,-0.00961142100186399,-0.015526147657523932,-0.0018385696998776146,0.007434320795460787,-0.0057550680582158335,-0.005811812485253342,-7.27741898526644e-5,0.0031425583760824327
0.008006016541194223,0.011806014999138454,0.018266436459214514,0.027900379204037883,0.04309887329696021,0.06298887783173553,0.0738821506731718,0.05459307782280952,0.04607458925978398,0.046274187599905585,0.060713048856814035,0.06331531136669603,0.05543264794063065,0.05304492656318295,0.044836561169366615,0.006496805413990965,-0.05176536205921505,-0.10961736443744874,-0.08755596745174286,1.4716982148633908,-0.10045801591996897,-0.08362939115547169,-0.0626542028637965,-0.040956070984131246,-0.023265356703138357,-0.013153377198238577,-0.008616540449900742,-0.007344233086781865,-0.006617143188832108,-0.004950569269784634,-0.0007996972589163562,0.000577152674827865,0.001142128536829491,0.00012515717366724945,-0.0010176019093198268,-0.0013983007792885659,-0.0007849123208914116,0.00027548875989693287,0.001318932111468526,0.0024500082144357956,0.003527546439687918,0.004152305386663509,0.003332108385565338,0.0027451948053217982,0.0015637220436655423,0.000817994971391533,0.0004447329144642521,0.00026007758939014053,0.0001629593395538921,0.0035711175027831146,0.0014525378019493791,-0.02206907898290295,-0.017659285344058098,-0.0019442427415165607,0.004572680648652053,-0.001765270000381933,-0.0080987755821004,-0.0026644348590706634,-0.001010963213600302
0.009545786440466024,0.014193535822944369,0.021620920652101878,0.032705936410404694,0.048651938709008184,0.0661459447967197,0.07134209964438382,0.05453294889928181,0.044700581035500994,0.04420504666026518,0.05921676081109327,0.057451717860281165,0.057567108463640826,0.05609430471394693,0.04631353349756653,0.01187117241178443,-0.016140203105277116,-0.059359696610231216,-0.05922996130057909,-0.10045801591996897,1.4591338652044774,-0.11963108541296143,-0.09645007737247382,-0.06499236094312083,-0.03731661823997019,-0.021348738890445442,-0.014273503504898212,-0.012198425061513682,-0.010319454630750112,-0.007283698774752301,-0.0022448579353242233,-0.002411881848336308,-0.0020656332432014575,-0.0014508835639418986,-0.0023599928219863293,-0.0022525855725435374,-0.0014787042091119113,0.0004286678608072316,0.002330805182620299,0.004548168385903312,0.006669065625344059,0.007986492532749712,0.007034239850878349,0.0055789428568545,0.0032141922376292095,0.0017084874658334667,0.0009353625015599633,0.0005519797384711792,0.000345264079807642,0.00195529866200041,-0.00012902677503706886,-0.017108890476720248,-0.007533396343028328,-0.0014541521755502367,0.0009331459739341348,0.002236872339931901,-0.01072102876336667,-0.008577560680323124,-0.006897930611956628
0.009930360886233244,0.014725633472276189,0.021921719083079574,0.03239204074171911,0.046072551134709594,0.05873499008155877,0.060788162752265965,0.047509948422583465,0.0415416131774779,0.03950670843350795,0.05093671863976744,0.047545085846421434,0.05056211777485426,0.052467862758391555,0.04588326424314176,0.024052548745070974,0.01079268760088855,-0.023938368537189843,-0.04401345704389326,-0.08362939115547169,-0.11963108541296143,1.4521205613303252,-0.11082159024999258,-0.07646179378996033,-0.044032243146965425,-0.024867655974125148,-0.016001076737118525,-0.012796804777541226,-0.010106671209173544,-0.006779587569297144,-0.002648939585434837,-0.00329924947644383,-0.00314571602258222,-0.0020275484778711807,-0.0024736884927868182,-0.00211877581635278,-0.0013759166089136626,0.0003576978908616422,0.002035208782806944,0.004119279728248991,0.006220404342318222,0.007699015898389546,0.007334730755153669,0.006386124140172018,0.004189192959817568,0.0025963710280707763,0.0016352494229191546,0.0010735847125426829,0.0007176778370687842,0.0008001320154222076,-0.001967807177016619,-0.00942573455850679,-0.0015096867071008996,-2.982659704058509e-5,-0.0032611916142069246,0.003562267997229793,-0.01268763588956102,-0.008802377384630522,-0.010647865090537069
0.008589930687430481,0.012591058169507651,0.018363799266878048,0.026551155376648313,0.03654795976637521,0.04467178027075291,0.04512465772389788,0.03657745574244118,0.033693513692293044,0.03171955900767974,0.03844892188148675,0.036034997462495964,0.039151071599727034,0.04223277350260089,0.038095073911291584,0.026393239832819798,0.019654138547959808,-0.006653061272329035,-0.032177806051420704,-0.0626542028637965,-0.09645007737247382,-0.11082159024999258,1.4840245026281254,-0.06906619105644073,-0.04088283753479263,-0.024158086508186388,-0.016405423747082235,-0.013259886467518965,-0.010311129908942186,-0.006625141086473423,-0.0028183890805790145,-0.003385403121205231,-0.003489629615965213,-0.002403365310684682,-0.0024373180966773553,-0.0017183140962828663,-0.0007399235158466379,0.0007752198029977287,0.002115460389133955,0.003865880459432916,0.0057526761949236475,0.00726770834487509,0.007423633396656289,0.007526175337485094,0.005718781381481864,0.004035189698970293,0.00278121848151119,0.0019322849372972923,0.0013315841599266178,0.0003527448310428323,-0.0025848459044054872,-0.005054845750504508,7.19120006003016e-5,0.0008109928375177114,-0.007894643145545154,0.003308003812498188,-0.013056101746751474,-0.004223597110934156,-0.008676328872561834
0.006096807511011864,0.008840753268145759,0.012714521477395695,0.018136952769980615,0.024522929068745244,0.02926797810411641,0.02917283133779549,0.024376189887614242,0.023243091346057274,0.021583465582945112,0.0256192813675726,0.02413781529381034,0.02664487157934465,0.028521946656468983,0.025700337075308215,0.018717460399460022,0.015195890238908584,-0.0017947867950487396,-0.020746186661582785,-0.040956070984131246,-0.06499236094312083,-0.07646179378996033,-0.06906619105644073,1.531339838885896,-0.032428472607583955,-0.022045237773489962,-0.017689828973425532,-0.01572290949473529,-0.012668153498642427,-0.007958484530193346,-0.0032495472807190966,-0.0035261594545954902,-0.004063322970105373,-0.0029450682308702642,-0.0025518206655237145,-0.0010683177981488116,0.0005076779949392074,0.0021079361613188653,0.00335358223777857,0.005048271992600544,0.007031770101400114,0.008949382372152282,0.010037970157077278,0.010412722940482785,0.008384112135275526,0.0061862172600706,0.00437326930206681,0.00307679079386523,0.0021305978407531742,0.00017465040280340393,-0.002219303788656836,-0.003129068432286861,0.00016369439112187635,0.0010048508282010492,-0.012668616696782811,0.002645197639608869,-0.012556396711603208,0.0025218365881026065,-0.0031589047850021186
0.003883713296133864,0.005488825730621755,0.007712572893924937,0.010791009633165776,0.014327290601609258,0.016689797203637138,0.016162839872203193,0.014058219381680503,0.013826701137418839,0.012637704112720872,0.015065459413649942,0.014475026115016058,0.016284566206792497,0.01664239741096485,0.01438250922783356,0.009178241340007123,0.0072959684494632885,-0.0019301513287330093,-0.011362719654105978,-0.023265356703138357,-0.03731661823997019,-0.044032243146965425,-0.04088283753479263,-0.032428472607583955,1.5573407526972691,-0.02106038263981851,-0.020727080548480166,-0.02051623970177954,-0.017400295265571623,-0.011028407547153481,-0.004197603755214537,-0.004316192334256124,-0.005464563765815256,-0.004087349020428646,-0.0030805360624251736,-0.0003261230758765679,0.0022502221918203123,0.004362978756585397,0.005876156312770009,0.007873193378950902,0.010198926824503261,0.01260110077194495,0.014250637258291737,0.014368293645812118,0.011585526590411767,0.008555730415996181,0.006034871879760807,0.00423268497250934,0.002920551464263618,-7.104472357752446e-5,-0.0017989296934006656,-0.002757230726924338,-0.00032597256328960024,0.0008858395453759042,-0.017082190351532484,0.001958992977172881,-0.012315104804156526,0.009690619398494398,0.0014998508353185555
0.0025293639132003168,0.0034220780599853013,0.0046432335981207344,0.006325812512844297,0.008267309327323485,0.00947115589232453,0.00901505495854151,0.008151142779359967,0.008279830477065358,0.00734844377776014,0.009107446887329809,0.008979756825394019,0.010571974898085196,0.01000928407100029,0.007978401276924653,0.0029865875667010964,0.0018662822865108618,-0.003073629434425047,-0.005759932473036711,-0.013153377198238577,-0.021348738890445442,-0.024867655974125148,-0.024158086508186388,-0.022045237773489962,-0.02106038263981851,1.5592892426940483,-0.025843807095259297,-0.02771208968106423,-0.0247183685662321,-0.016250510248488493,-0.0060033552163941736,-0.006627928739475696,-0.008431626761589848,-0.0064037105349991665,-0.004256338256990358,0.0004501711863600308,0.004579158126922736,0.007857757475725953,0.010178690887714162,0.012951043259633777,0.015921369986921393,0.01887634134488402,0.02068404488556891,0.019311703076866558,0.01498485604547191,0.010773550329490735,0.0074556998768077745,0.005160549519197189,0.003527212916277849,-0.0004204167135196043,-0.0016925234804972187,-0.0029826848242475914,-0.0010279265559686673,0.0007058220838947677,-0.020472404514582588,0.001458330088742722,-0.012563470613376098,0.015905389929958588,0.002191911787243018
0.0017674538702773842,0.002249490035572031,0.0029322266049601475,0.003878453527226043,0.005093698037264284,0.0059960272406760886,0.006201999022061653,0.0058155535982502725,0.005904152950997289,0.005207072207818978,0.006625798725200498,0.006893548693928147,0.008596017088634696,0.007452154084390849,0.00528715845464029,-0.0003373487153054463,-0.0011860072853593735,-0.0043717380436765945,-0.0028519695760582144,-0.008616540449900742,-0.014273503504898212,-0.016001076737118525,-0.016405423747082235,-0.017689828973425532,-0.020727080548480166,-0.025843807095259297,1.5496350419001441,-0.0369027200444054,-0.0349777691904804,-0.02459151493669092,-0.009319532971205918,-0.012175587448289582,-0.014153412664069274,-0.010699875109455834,-0.006285941141357419,0.0012718392194525344,0.007773564047540669,0.013101656471221662,0.016906328511989453,0.02097569229700941,0.024914582716625985,0.02846307051806862,0.029909459626404403,0.025362156725368814,0.018454789523088037,0.012667012297208903,0.008493167995814932,0.00575275785924882,0.00387499967908069,-0.001205101001643956,-0.00169619983440033,-0.003598264357841431,-0.002183897126291728,0.00042687659462105234,-0.02270607400356213,0.0008720995929714926,-0.012009188746852473,0.019750292849957243,0.000791039130966315
0.0011703006456151562,0.0013779514538560878,0.0017704493191597545,0.0023417801853731646,0.0033755161855715016,0.004636977285783409,0.006258994367128251,0.005425511124373003,0.005183602733773499,0.004858022353749798,0.006081037020776798,0.006919100107059322,0.008670844597271674,0.007219181622613663,0.0046752731726344785,-0.0017972227313199755,-0.002591796842695408,-0.0054427951880951005,-0.0015338313793309358,-0.007344233086781865,-0.012198425061513682,-0.012796804777541226,-0.013259886467518965,-0.01572290949473529,-0.02051623970177954,-0.02771208968106423,-0.0369027200444054,1.5366565742460727,-0.04686834676028529,-0.03695998535155339,-0.015528356718319723,-0.024985358632832078,-0.02376959748820707,-0.016736240256552227,-0.008292923364016444,0.0023383088519075184,0.011898913438273803,0.020288892074733705,0.026484457822193865,0.032282437323711805,0.03738359306653221,0.041248701822627305,0.04129916289722418,0.031335322417150764,0.020785341424504774,0.013275843320057431,0.008458029135256562,0.005530168805975721,0.003637932792290566,-0.00290194696323387,-0.0012935198165736196,-0.004476948009047042,-0.004093653797245853,-0.00020759401329311107,-0.021290498945505092,-0.0003495626708269592,-0.00893684602451885,0.020342072363558374,-0.002009760893704706
0.0009150769964915522,0.0009883352791659388,0.0012710825850097507,0.00160470702555814,0.002449830093504736,0.003718291645120552,0.006090595117772706,0.004484906757595877,0.004075761644470351,0.004644003407315531,0.0048179626703685405,0.007166233252742805,0.007993526545299239,0.007049953813747287,0.003847621431368492,-0.0018489174673236982,-0.0027186758335472055,-0.0047820440777668755,-0.001142218324587746,-0.006617143188832108,-0.010319454630750112,-0.010106671209173544,-0.010311129908942186,-0.012668153498642427,-0.017400295265571623,-0.0247183685662321,-0.0349777691904804,-0.04686834676028529,1.5263346547638694,-0.05397530407290314,-0.02781287919007008,-0.05374980691478344,-0.0346355120475038,-0.015404665154083782,-0.002025276739915396,0.007677603305232682,0.017745932807776112,0.027668332278231237,0.035558240731322195,0.04217204670099077,0.04766111020864086,0.051120931910202394,0.04878912764860057,0.03377007920546308,0.020218432612546203,0.011879588836287145,0.007119311953972334,0.004459152540011416,0.0028507710753056057,-0.005506078208589325,0.00011296532534760018,-0.0047476206095017634,-0.0061902947399496535,-0.001466397084916092,-0.016133654678408774,-0.0031114509320475897,-0.002308850596344535,0.016583739573449822,-0.002776805198998384
0.000856853010089791,0.0009473178411075036,0.0012743039135035227,0.0014704038503521207,0.0019083091064866701,0.0023562060305843094,0.004306666180912383,0.0011080710930250234,0.0019800331477133897,0.003688787491245738,0.001483267951459071,0.006797983563317239,0.004910983764704817,0.005387428738980022,0.0020426300691180435,-0.0005125513749841121,-0.0011107602408436804,-0.0016001567104247684,-0.0010785054660006025,-0.004950569269784634,-0.007283698774752301,-0.006779587569297144,-0.006625141086473423,-0.007958484530193346,-0.011028407547153481,-0.016250510248488493,-0.02459151493669092,-0.03695998535155339,-0.05397530407290314,1.5044818131790965,-0.052835175032251616,-0.11232325751920508,-0.035452118582744135,0.021005801932313915,0.03380929170110219,0.027568553869356877,0.025219946438314895,0.028607667569813224,0.03377127261713958,0.0391008548516793,0.044225802988136206,0.048756606711365266,0.04691704237710746,0.030227597753034,0.015958771587584956,0.008475780335191663,0.004714930229414107,0.0028072922988525155,0.0017390866818252943,-0.0062749899694346176,0.0017683932278149681,-0.0028646836016972413,-0.006461719823231786,-0.0031933432115181628,-0.007047715693972817,-0.010404548808268365,0.011359192952351762,0.011253011528962627,-0.00033425818310725395
0.0003790748170301596,0.00039366852464908325,0.0005883767921957451,0.0005828083088243699,0.0006236103763687137,0.0004084398774440853,0.001675199514395243,-0.00159208373680253,-0.00017013458060489322,0.0004634447683991734,-8.757474496275552e-5,0.0022975453169090682,0.002052025372315811,0.0012023216183034624,0.0002957695920197929,0.0001616979011206707,0.0008393846298059232,0.002800660557805342,4.342673099028401e-5,-0.0007996972589163562,-0.0022448579353242233,-0.002648939585434837,-0.0028183890805790145,-0.0032495472807190966,-0.004197603755214537,-0.0060033552163941736,-0.009319532971205918,-0.015528356718319723,-0.02781287919007008,-0.052835175032251616,1.5323233279573214,-0.09133019874683089,-0.02608278713701456,0.02169845278755873,0.03408101812216678,0.02714458992340001,0.02117738164676411,0.01856171648063753,0.019440948615603533,0.021102286433433957,0.023660408929141095,0.026814688577721135,0.03171207364532743,0.01647885636097467,0.008221216384831474,0.004271417086742338,0.002363683612261828,0.00141927388214533,0.0008922163173402134,-0.004386306500269934,0.002367656367678818,5.500473937462155e-5,-0.0056563198529389356,-0.003409614106053327,-0.0015186698902988707,-0.008951759639511175,0.010077247549715996,0.006539325824384866,0.001530930247466458
