0.5760499024485058,0.13423006123826703,0.29072692991968085,0.07079644708830556,0.05477733042777397,0.054268353655445946,0.052354023100316706,0.03856484784108286,0.08221488907403239,0.07053232690896087,0.04967284227308477,0.06549047293153598,0.03183724498187723,0.024614185707820757,0.05493052637706793,0.028927431248833783,0.04111256281535273,0.06036286618530442,0.039439044637102225,0.027095803336920306,0.0423963080046256,0.04640758878717948,-0.009047232962718404,0.016885839100846504,0.086365136237234,0.053987416055141506,0.05583540691797924,0.011768372561159897,0.05580070939068734,0.00793404366534185,0.08807161791838308,0.03168019298121561,0.012421909756599323,-0.08416720308277342,0.009562468728018912,0.11565719294786461,-0.01181920160365016,0.03643398660568785,0.05917577490076995,0.0015422845746636648,0.01645395669568139,0.03767718294673894,0.02523006332091069,0.0009872825517384003,0.09681595363251319,0.11348174166963698,-0.011498841301700684,-0.09089660154937457,-0.13245795584128078,-0.06497394251071138,0.022761012490255653,0.03678158909945136,-0.011454061190986964,-0.010291249452979073,0.04545693331621966,-0.015636939609838463,0.07783917387934439,0.024739143565573146,-0.15849049648462074
0.13423006123826703,1.6708841388081723,0.5902224751311498,-0.060558692191687205,-0.04207827516352739,0.29325128211466855,0.1339958359284497,0.23209239542799384,0.27468867083005605,0.1902767095784599,0.17036272148984463,0.141560132912748,0.12391144411081301,0.1430216553016687,0.2511954969938936,0.12250509194187124,0.18833870102401867,0.22218207501179046,-0.008971824062340482,0.3174741457622357,0.1903789083630206,0.15767433021810792,0.009001257972730149,0.08719725400459115,0.2539752802763713,0.26750601909158467,0.30579848734384296,0.3025145231482384,0.2267451243411967,-0.03961463413897635,0.24996232827250714,0.1661938177750952,0.017873008517167152,0.27213497609185017,0.10958515923322758,0.17759993864517223,0.25314464858595365,0.2073905986938551,0.19157719560833875,0.05486123408411079,0.17519444289336253,0.1789065368482814,0.24811779726274658,0.006743901931648956,0.3888268794537587,0.1270023412576087,0.13748124879913054,-8.228820571372116e-5,-0.09769788073468567,-0.42928345064247314,0.21258290982064396,0.35965538803602026,-0.024085434797244863,-0.12444229145520218,-0.19072118589577355,-0.06889507759735054,-0.20010470760983065,0.19282290116537157,0.14222850084645589
0.29072692991968085,0.5902224751311498,1.7578947784062258,0.10245945413239216,-0.3591667574009372,0.33447297859507036,0.015252436272996007,0.37418871373514273,0.4171950546190428,0.36249969698281986,0.22724608455307246,0.16851322656003137,0.15194363606141012,0.16228087641242664,0.2739554917063041,0.13975587876053328,0.24241994758668028,0.19975987703888812,0.26698332665077257,0.2573160589474575,0.17714693817532232,0.2625185489166842,0.08763492188786848,0.12142944206360193,0.27387232802307365,0.2979106058399288,0.2019806709719227,0.17786977862280684,0.30213529176026077,-0.21796158056337964,0.2066202100531092,0.15440053005288326,0.07363417414370309,0.35261810434201446,0.20863662143812853,0.2745148527146214,0.28708099094667616,0.20510356250493236,0.3103229813015854,-0.11101487144356144,0.15126907661668892,0.16714321551212707,0.14506884060565872,0.012783906198184085,0.2775872925266116,0.4198956322014561,0.22089251630240334,-0.1289701045243992,-0.34610501562471063,-0.08327141529214753,-0.013855845530256174,0.23229332181148732,0.08090018355003292,-0.20544523495382727,0.06398332345618774,-0.029532196468737195,-0.09438366443451097,-0.0604559939278261,0.007730312911315721
0.07079644708830556,-0.060558692191687205,0.10245945413239216,1.4957984298987421,0.6233142270782445,0.28084104915111613,0.27547571169965246,0.18131128417322945,0.06613084772731266,0.221637176622295,0.15907486870155615,0.25862392584023636,0.11913866431732359,0.18530271645173074,0.16077132612063613,0.1996529123425103,0.18607838121327042,0.21708053433705485,-0.05391920620156161,0.11830846452012629,0.13908187048192122,0.136471409597193,0.23376410581185883,0.15703606440694695,0.1635335941739338,0.20201060696193524,0.11253838489782018,0.12508082128487025,0.15456942093651305,-0.10837704033644086,0.14474780064343273,0.2433652883649849,0.09071657196704794,0.16197992979609743,-0.23910565455044716,0.07321561410855848,0.02337277190142341,0.09490334476563321,0.06869865992190104,0.05706264151806315,0.08644496031009669,0.13888372796862727,0.07966590261710428,0.0065756376840806355,0.042649077522938214,-0.0004848444438564213,0.1070194470858398,0.024853802035529924,0.1384986527974722,-0.028699028011551015,0.010570240629059497,0.34554270815256843,-0.269618787204924,-0.022358392920169255,-0.08321418451083787,-0.02399807809867009,-0.12718252825043744,0.11100561178436054,0.06040499765090747
0.05477733042777397,-0.04207827516352739,-0.3591667574009372,0.6233142270782445,1.5318959163214436,0.16225827270668045,0.3792513828212316,0.22816182084718561,0.017509743385011947,0.15177818380306582,0.155077181001521,0.24097011094115425,0.13498464734065113,0.22330313413388148,0.1430996977141135,0.22938808450278797,0.14725023676286345,0.17000399766411395,-0.06810145403652515,0.13798613062965587,0.13853916444780873,0.12275975410047225,0.2400326566206082,0.1781870932322121,0.14207843537488932,0.18469628516343156,0.1251156413890036,0.0268538002176721,0.15050675970155522,0.03226032320343055,0.12607513884812732,0.2582263209970889,0.08382996806878903,0.15460322832718418,-0.18593291208529317,0.016886614239257976,0.08639019643051533,0.08609304710093436,0.05933909384200112,0.14356670797076138,0.14028174654082065,0.15146940898503353,0.08364228058972863,0.008281181013058678,0.012627931317307934,-0.14121768153406494,0.11506710979058273,0.10775203201037473,0.4622246026126636,-0.05896902794598328,-0.06870822921356792,0.06473561876266976,-0.1329171029180283,0.11361368381811418,-0.10218508357172837,0.010487806077696992,-0.10897424281973693,0.09672498074199308,0.09654016680602323
0.054268353655445946,0.29325128211466855,0.33447297859507036,0.28084104915111613,0.16225827270668045,0.718456548059783,0.07681628446069504,0.36993046171628113,0.2848899499499641,0.18753974023644668,0.2152561925148986,0.18369279134092156,0.15077487257263475,0.2832003446336335,0.24056082496455558,0.22955092537841124,0.26332593090112766,0.18200199917254153,0.17984973377349697,0.37288526122349214,0.22307514164359174,0.26445526487407667,0.20296891935874245,0.1963178330010725,0.198668785379471,0.3372458035624279,0.24205179872279126,0.24467894616451713,0.28272017521912457,-0.09144577654306438,0.16189115705368293,0.2840288247358231,0.07516181548715485,0.36069316866735174,0.06679477307961743,0.004051116425227818,0.3537080303011424,0.23744891240236765,0.3325037631216427,0.13390457893024293,0.1778888593831766,0.21680579984905562,0.26891923379329974,0.011625198569201427,0.3425813659340973,-0.018902134398384077,0.3992028597991657,0.15207077655417445,0.37931368052981407,0.03757721303218965,-0.19373871021208025,0.1522688655601504,0.001256105265197884,-0.047404505678797955,-0.10452148333539502,-0.015859837908280168,-0.11019051886915633,0.1366425262100822,0.027825548372299117
0.052354023100316706,0.1339958359284497,0.015252436272996007,0.27547571169965246,0.3792513828212316,0.07681628446069504,0.8229989030725652,0.1368842474133006,0.30929721302784713,0.16672611079430638,0.19712673115903673,0.2944272293306777,0.1775142722518154,0.20636165294804432,0.0692516488541477,0.19907983339008006,0.23608313243940646,0.19908475867727005,-0.023224179358187137,0.14284356088991157,0.20964368443787995,0.26130706239081586,0.31809094116952635,0.23655004382593273,0.15980643128598285,0.16330033238550298,0.22877872248042053,0.15298099325636677,0.19002728461677873,0.153398562033627,0.14071149543558467,0.22617417845461385,0.21281527958033852,0.18708007625248796,-0.023011625235876125,0.16120683492397703,0.16124573859583946,0.12202759590144487,0.16344419265263657,0.09657617280010483,0.16957992886990264,0.20442636830677463,0.2025496814287159,0.014099138167467396,0.08098358874231178,0.0025095681807130875,0.06587163700878786,0.04292008140716464,0.39770614705992446,-0.044021711957545256,-0.054637001913812204,0.08064993293134787,0.046927845251096355,-0.07106854920447829,-0.047806215563598896,0.04591012294481115,-0.08380651530258329,0.02298373883862452,0.04127978479224168
0.03856484784108286,0.23209239542799384,0.37418871373514273,0.18131128417322945,0.22816182084718561,0.36993046171628113,0.1368842474133006,0.8248906695209982,0.07573886196330522,0.22065025032776556,0.20576380125630525,0.08026054704510391,0.15001812719652896,0.2718575825567624,0.20989461790857208,0.2047372221932038,0.22856861368426531,0.14755478804484198,0.17271312001780742,0.3334241070205628,0.16912814243893548,0.17837085835871325,0.15576758572103735,0.14872964179913128,0.1502270613569903,0.2902985398843334,0.19369932836099701,-0.10886879220721477,0.26260448205339304,-0.009356609072113973,0.12409164063533763,0.2221081961310943,0.04456339140461166,0.3243046328286224,0.20010407878719516,0.0012782802717348513,0.3156528462821937,0.19642818528178208,0.3881617980367596,0.11798114373501185,0.14928384705577577,0.16630585982689128,0.21939330338915125,0.007597417660695781,0.3013553546777993,0.0211668941459268,0.3764513043291047,0.10731820166400607,0.4005292134475162,0.054955346551597214,-0.13436754956836283,0.026519408225101883,0.15924340510238394,-0.08564745992424262,-0.09960958000925269,-0.10309769795715085,0.014268366450038532,0.14129402272287503,-0.003215272293994163
0.08221488907403239,0.27468867083005605,0.4171950546190428,0.06613084772731266,0.017509743385011947,0.2848899499499641,0.30929721302784713,0.07573886196330522,0.9359579489866389,0.10554599837650516,0.12617257979669907,0.16468052679469106,0.16502413575631494,0.2628086960036866,-0.015412816945250127,0.15528119339941662,0.17287702228177,0.16950872916443044,-0.012638202781292521,0.139369307137036,0.20718548200706874,0.45512616252457844,0.312469820684011,0.22451625617236903,0.11442783213467336,0.32762429573836316,0.23298600561750207,0.3364242779496158,0.20913782641353756,0.0206536550728266,0.11060387037172682,0.27950667786004535,0.20189792815650998,0.30726998340429457,0.08621353633210761,0.10549705509435447,0.23875259214811295,0.14204690556881858,0.18962438480360042,0.04370869535261283,0.17689902774161229,0.20566179368258744,0.24099636830581497,0.015386441134095123,0.1163006211593773,0.06514704076335946,0.21953576893863597,0.06641054491711387,0.44224104174149376,-0.038001823766269364,-0.15591487831003428,0.13248305825175993,0.03569021008651691,-0.10467089984829187,-0.0003160860127741216,0.10905202221065582,-0.12612680026036935,-0.017163147048911764,-0.008573323251109577
0.07053232690896087,0.1902767095784599,0.36249969698281986,0.221637176622295,0.15177818380306582,0.18753974023644668,0.16672611079430638,0.22065025032776556,0.10554599837650516,0.5650679217475657,0.16554492766916365,0.16364814048069043,0.13971631166899778,0.16742012037463805,0.25216899931865494,0.16036120298546905,0.20401310475583515,0.16036765879314732,0.06627245117257233,0.1634129525725259,0.10673581388370267,0.15219745230362616,0.2075009241516398,0.14516975899508844,0.22196236006482264,0.13783660099855574,0.18806268544594468,0.15317244160141377,0.24098605703308135,0.07686397816146122,0.09186852706917165,0.16522517249196475,0.07664893255093673,0.2455889165081684,0.136315099001608,0.14206683198622228,0.22023416729061024,0.112739510575474,0.19631242294359774,0.07530168718658985,0.19933337298803352,0.11191508078843816,0.1160967907204441,0.013526721692835794,0.08117426216487131,0.11607268803211444,0.2033454106080212,0.0012875826566087255,0.21457339904255132,-0.049624222566282225,-0.06665758505445436,0.04032415087860423,0.03923917830010221,0.0020554563171159747,0.06273092183823575,0.04587881252328077,-0.12097623529148924,-0.05204010507083717,0.07377196637321318
0.04967284227308477,0.17036272148984463,0.22724608455307246,0.15907486870155615,0.155077181001521,0.2152561925148986,0.19712673115903673,0.20576380125630525,0.12617257979669907,0.16554492766916365,0.5551134710703745,0.2523158826312584,0.18233200733188218,0.15038193361353533,0.2242929509208195,0.1994127108980528,0.22995840152994604,0.1665877964359202,-0.03332527947971768,0.247212933747602,0.1676050371467917,0.17053980001146085,0.21629049909685802,0.1552997641162256,0.2207839165082009,0.23179882272644897,0.20648109972406514,0.13936848625897386,0.274643902144423,0.00828476142540251,0.10983374282492968,0.1487340704800059,0.08736449632810114,0.27057663600962617,0.15598714923389587,0.03556725161031421,0.1938679366394141,0.1425452132447806,0.22938396421987226,0.11698888527463532,0.1702915739340092,0.16727575909326317,0.17573514016036335,0.0057297072556268995,0.15091987812929794,0.008693573394093088,0.22781719007989584,0.09326949655536661,0.34628976465383443,-0.10991307718335849,-0.15346477680294923,-0.0276524395803749,0.1543659802587378,0.028453942193229446,-0.033801643100105035,-0.006767171971545054,-0.06769088935222574,0.013534304593496874,0.03618724653136081
0.06549047293153598,0.141560132912748,0.16851322656003137,0.25862392584023636,0.24097011094115425,0.18369279134092156,0.2944272293306777,0.08026054704510391,0.16468052679469106,0.16364814048069043,0.2523158826312584,0.5849890268905169,0.16573972588477337,0.1836655743937283,0.14962014399196896,0.2143688558539625,0.19791772646575995,0.24197378304275077,-0.007453353444196684,0.13997295263927012,0.1631931984081269,0.18911852475080027,0.2496913435696209,0.15441478981072188,0.2831007832513174,0.22816432602995043,0.2141052903722029,-0.018097224074984722,0.2671508203960766,-0.0014572623491827324,0.15005997736871363,0.2133112174370225,0.09439589709523585,0.18086752744266138,0.06760625648291342,0.26262409264883385,0.01885346172099831,0.11270394170432155,0.17686740280576715,0.11228716204646469,0.11601382506823826,0.15153351982373933,0.12247934775036867,0.004817373737266189,0.14386757369824496,0.10398982059494748,0.09400300088601851,-0.06582387387891714,0.08888376966077788,-0.21929167509315037,-0.011670365102991073,0.13075089304771534,-0.07228759507598413,-0.0011558246583753937,0.009670496917653374,0.04219692748029038,-0.07251691129431895,-0.021958842598566185,-0.07251641238768718
0.03183724498187723,0.12391144411081301,0.15194363606141012,0.11913866431732359,0.13498464734065113,0.15077487257263475,0.1775142722518154,0.15001812719652896,0.16502413575631494,0.13971631166899778,0.18233200733188218,0.16573972588477337,0.36529342573131646,0.1488394951061398,0.05546200577729351,0.15088672640450113,0.14725569797725752,0.14648342376397924,0.01763529626053751,0.1183757357187492,0.13568801468722513,0.19535258161033944,0.2178841377954197,0.14089129038085468,0.15229013286230397,0.20673877654676728,0.14825278215587198,0.1200492135599675,0.21727994939392006,0.02731364677148412,0.07462389761999245,0.1424219926438058,0.12151417479212157,0.2070403682454151,0.1361806335759301,0.054571572414334676,0.1449793025140062,0.08118443361089245,0.21817693838821983,0.07617528723333826,0.12509057874482418,0.13187617572758395,0.13255584702673684,0.00816511799900515,0.04406264866415172,0.04070045222424545,0.17446765912644874,0.04994176046495762,0.3256550578269648,0.08219467483914825,-0.10474165016915284,-0.009378431355326152,0.03915085222292544,-0.07156664507571174,-0.00584862128459382,-0.008148064777580528,-0.056991812984720745,-0.035773200903300786,0.07283956971442998
0.024614185707820757,0.1430216553016687,0.16228087641242664,0.18530271645173074,0.22330313413388148,0.2832003446336335,0.20636165294804432,0.2718575825567624,0.2628086960036866,0.16742012037463805,0.15038193361353533,0.1836655743937283,0.1488394951061398,0.635243378361682,0.20606363875483194,0.3663299203551903,0.21874904261733952,0.10925578662840753,0.040923522966503714,0.26856633800788243,0.17738244862581964,0.2860796745839025,0.29071419952225935,0.28785959279931334,0.2410639299778617,0.2498262762068951,0.20136828339393983,0.2879980005955994,0.26873305874106435,0.0328258330792564,0.11913852717568026,0.5713363273863643,0.12779413956582322,0.2637280662305117,0.09583574190930326,0.082003457573289,0.2589255117820418,0.20203575535781682,0.1459573366845136,0.15905259525913737,0.2745450262634272,0.19029667908822354,0.2135901206240156,0.009056114583803936,0.14229271997146345,-0.0389371435347983,0.2797511038058738,0.10970170462521539,0.652592670228836,-0.0915202307916809,-0.16695821959767232,-0.03878678515308625,0.12699625070530368,0.07953993002119589,-0.06260270708578185,0.035898859246254855,-0.10043904091832664,0.058929029410874675,0.06852027781645606
0.05493052637706793,0.2511954969938936,0.2739554917063041,0.16077132612063613,0.1430996977141135,0.24056082496455558,0.0692516488541477,0.20989461790857208,-0.015412816945250127,0.25216899931865494,0.2242929509208195,0.14962014399196896,0.05546200577729351,0.20606363875483194,1.0172497508335412,0.20175597012587806,0.26659994110090834,0.10720874307908523,0.11281795580308301,0.40760860289346806,0.15890839053283898,0.030894914877132716,0.23188809128464835,0.20355192931688856,0.200942303770961,0.08801681602943195,0.20877368956026357,0.4434371378078512,0.17493610389138162,0.08460396577134235,0.08302121165827549,0.17500407295560363,0.12522616835813957,0.30742762483809505,0.17697902469649385,0.043131774720057206,0.5122267889173586,0.22850571289404623,0.30568472424478216,0.11279181796272066,0.26169552870485785,0.17732279933837958,0.19983634586036664,0.007584254207088592,0.2064047724759961,0.014804316891961062,0.28204566416462323,0.1466518596133225,0.4138617517462238,-0.19362667480349605,-0.1997195743917502,0.20084395421911996,0.2687180421150981,-0.01817531754252972,-0.01815495127733432,0.05671642246134814,-0.2106589349087342,0.06134248032365714,0.1453909763116554
0.028927431248833783,0.12250509194187124,0.13975587876053328,0.1996529123425103,0.22938808450278797,0.22955092537841124,0.19907983339008006,0.2047372221932038,0.15528119339941662,0.16036120298546905,0.1994127108980528,0.2143688558539625,0.15088672640450113,0.3663299203551903,0.20175597012587806,0.5674430977452043,0.27281273804838324,0.1358778765440498,0.06516923536980584,0.22170208236126968,0.16487885719363066,0.30795671592133006,0.23303584037879077,0.2237024658617086,0.17424918297726527,0.1538605403015818,0.21488454299045576,0.21063628711530358,0.2421142746673034,0.04983092132948422,0.13540866360070644,0.3378807477436937,0.10929889807515028,0.25745030002615205,0.2050082368757464,0.06514308169054571,0.28413965048860423,0.1710979432914667,0.2316591227982646,0.1587687321549668,0.2193002187311377,0.17540770302300748,0.22250750152111531,0.015740183225550965,0.17099650314138445,-0.031425086468225165,0.25284024244708875,0.11188094013415484,0.5035538723281207,-0.26018429841653623,-0.16691929573999867,0.05037731994811693,0.14351794676714802,0.030037929823914514,-0.014702641214553166,0.030797331537239535,-0.11710454651923298,0.017084832671580338,0.06209718648733368
0.04111256281535273,0.18833870102401867,0.24241994758668028,0.18607838121327042,0.14725023676286345,0.26332593090112766,0.23608313243940646,0.22856861368426531,0.17287702228177,0.20401310475583515,0.22995840152994604,0.19791772646575995,0.14725569797725752,0.21874904261733952,0.26659994110090834,0.27281273804838324,0.7075415456182683,0.15242469639909303,0.12863193790901645,0.3157830476285014,0.17496140015014824,0.22885899637372178,0.15982065108363097,0.2147908964175712,0.29031253705167315,0.05831925012201226,0.2426696949783946,0.3281979766125007,0.2590909172340456,0.05015874815667861,0.2149244600847347,0.22354961153556863,0.2036537576703031,0.30758009001466624,0.1408005789479383,0.04793553797044287,0.4696180640568789,0.2186614878864778,0.16704334399496087,0.12411722816469692,0.24311978626995515,0.17077294191604553,0.26852607684161045,0.011437230139389751,0.1754626414590848,0.07137452270374928,0.32396588636000945,0.13533828843628518,0.4335000261570172,0.35364150558585744,-0.05962258293691107,0.15271266798497707,-0.11725228789115798,-0.0808320935236309,-0.0022102110100240798,0.011147583014821227,-0.0919642636463363,0.006484934968295102,0.09570861090378631
0.06036286618530442,0.22218207501179046,0.19975987703888812,0.21708053433705485,0.17000399766411395,0.18200199917254153,0.19908475867727005,0.14755478804484198,0.16950872916443044,0.16036765879314732,0.1665877964359202,0.24197378304275077,0.14648342376397924,0.10925578662840753,0.10720874307908523,0.1358778765440498,0.15242469639909303,0.8945839536634598,0.1174527130014026,0.02644831938538313,0.23983467607245418,0.21704588230484534,0.5023996171827666,0.14108084773382026,0.3930259726307402,0.44169258034590475,0.11095650148681312,0.5005535560304575,0.15726271606437361,-0.1286984048392537,0.4735920392933815,0.18617791148646046,0.17214403084406568,0.2226130562616494,0.07468868367318518,0.11113115056657136,0.17589608500235165,0.07152005820818566,0.243934036494689,0.14723254946013054,0.18148209505418847,0.21180144244510948,0.26627466153129437,-0.008800757289685516,0.26598554751846093,0.07588581230057599,0.14160550531061872,0.07398246409226188,0.14862448213488053,0.43672671125584855,0.1324437166772956,0.4027581578748367,-0.6965621599662418,-0.12973161585546145,-0.00510888671876307,0.010359685567945618,-0.039033336747913025,0.028002810364721593,-0.05121479074301135
0.039439044637102225,-0.008971824062340482,0.26698332665077257,-0.05391920620156161,-0.06810145403652515,0.17984973377349697,-0.023224179358187137,0.17271312001780742,-0.012638202781292521,0.06627245117257233,-0.03332527947971768,-0.007453353444196684,0.01763529626053751,0.040923522966503714,0.11281795580308301,0.06516923536980584,0.12863193790901645,0.1174527130014026,1.3283945619364068,0.14981240421406922,0.12329584129161168,0.062466001518741675,-0.33432192716160225,0.013132182527032044,-0.012118096904747968,0.02634906170029962,0.011415239628318878,0.11035765675238143,-0.11122432289342214,-0.14288821631718424,0.39015683000230594,0.024020068733136207,0.10772734868507175,-0.036847118697494664,0.006728289973123641,0.01167016562157564,0.3558625999979464,0.10597945315693759,0.30052895252252493,-0.005709306143231713,0.030789628721677238,0.10295932124137765,0.12030375925378074,-0.005051825813065722,0.3184519052473633,-0.005199464055059709,-0.06490524665810835,0.14644857086135046,-0.15620755068983383,0.8631458325467511,0.08637297362338141,0.13356528959095013,-0.41020312903950357,-0.22438651034902635,0.0014646319512159574,-0.015869620724373933,0.02281054912074603,0.05635635699054931,-0.04369324900950954
0.027095803336920306,0.3174741457622357,0.2573160589474575,0.11830846452012629,0.13798613062965587,0.37288526122349214,0.14284356088991157,0.3334241070205628,0.139369307137036,0.1634129525725259,0.247212933747602,0.13997295263927012,0.1183757357187492,0.26856633800788243,0.40760860289346806,0.22170208236126968,0.3157830476285014,0.02644831938538313,0.14981240421406922,1.0830649523843832,0.13962098035769646,0.10073819325541572,0.3162579312072142,0.2401541618727272,0.16844521161520087,0.3068273502896575,0.40317354135871925,0.33100060719807833,0.3758434769997292,0.1602845341939954,-0.028517767180283045,0.21186265830017967,0.11962976619668583,0.4591272598793292,0.3066202976178861,0.002445139788161589,0.8688132217129798,0.5554849396464888,0.7244239940127072,0.34349514961390093,0.31996977836865426,0.17607522270957232,0.44010156655595584,-0.004675412197455733,0.7072786216333184,-0.07329189585596309,0.41161285493543925,0.2753033789570206,0.7463836888160972,-0.19474349756263104,-0.32151682319606684,0.019717610466322952,0.4034739168460502,-0.058085881903729694,-0.01205040372693634,0.014904744390814968,-0.07078937555705597,-0.004778499631750737,0.09679843606351304
0.0423963080046256,0.1903789083630206,0.17714693817532232,0.13908187048192122,0.13853916444780873,0.22307514164359174,0.20964368443787995,0.16912814243893548,0.20718548200706874,0.10673581388370267,0.1676050371467917,0.1631931984081269,0.13568801468722513,0.17738244862581964,0.15890839053283898,0.16487885719363066,0.17496140015014824,0.23983467607245418,0.12329584129161168,0.13962098035769646,0.46692887305997394,0.18694390492689342,0.24991816219178184,0.18060570043384644,0.18283408325350772,0.1823394957635796,0.19065153449782968,0.32932742171177437,0.1489216372850625,0.07659919138362674,0.20252586218850546,0.19108457767730913,0.19820598256372196,0.20297466738928416,0.13739867468771869,0.053740562922121454,0.2712023358089211,0.13797327728767128,0.24887562892961046,0.11382398693582349,0.2064298727090199,0.4036162738572662,0.3251754742759467,0.0029025547063279847,0.3682725363490784,-0.020234234037483777,0.22549447065293962,0.15008804836065573,0.23151011776537597,0.08760139340503409,-0.08444186106126815,0.13546925778882252,-0.050874497335268255,-0.06368760851982681,-0.06573429125208952,-0.006485027550077146,-0.15396348630677284,0.10852041045364702,0.061842513735118766
0.04640758878717948,0.15767433021810792,0.2625185489166842,0.136471409597193,0.12275975410047225,0.26445526487407667,0.26130706239081586,0.17837085835871325,0.45512616252457844,0.15219745230362616,0.17053980001146085,0.18911852475080027,0.19535258161033944,0.2860796745839025,0.030894914877132716,0.30795671592133006,0.22885899637372178,0.21704588230484534,0.062466001518741675,0.10073819325541572,0.18694390492689342,0.7888875373290007,0.3220125850297863,0.190467772940083,0.10117254565875623,0.25319856844273064,0.18974419907936915,0.1946625309704992,0.2580408595423601,0.02971650842714685,0.11686465315557733,0.2909303050600491,0.11949294960689771,0.3334979228363143,0.22206725253335613,0.03526609616778851,0.2521165015819521,0.1271190117421961,0.34786024491913536,0.10978630418462772,0.183961812516487,0.19107024230314373,0.2230553600746828,0.022024543454773476,0.13185669735897587,-0.00280391811143731,0.27972614852436184,0.10354605957224369,0.5672956496990499,-0.07239020239330107,-0.18835234769887982,-0.023088861934021005,0.05043876614035397,-0.04750762724458004,-0.008314569912882028,0.04313415986079122,-0.09916594803093931,-0.00783972502782624,0.01750021749656203
-0.009047232962718404,0.009001257972730149,0.08763492188786848,0.23376410581185883,0.2400326566206082,0.20296891935874245,0.31809094116952635,0.15576758572103735,0.312469820684011,0.2075009241516398,0.21629049909685802,0.2496913435696209,0.2178841377954197,0.29071419952225935,0.23188809128464835,0.23303584037879077,0.15982065108363097,0.5023996171827666,-0.33432192716160225,0.3162579312072142,0.24991816219178184,0.3220125850297863,1.836139944872988,0.47507492028721754,0.26327652656802486,0.19411979690774725,0.35567954239548993,0.4525290987117203,0.6043045247392245,0.4111297190646796,-0.6334751371139778,0.26309655594265263,0.48654456792333883,0.5368465255739807,0.2763444664364221,0.05561244221333641,0.8337552286975504,0.22516538032069572,0.6501095055768358,0.34443128528587097,0.4349102215244484,0.2560624368478569,0.37413381706411764,0.007060301939204144,0.016142651490133386,0.11591887255698947,0.6113193216292071,0.23601354030831764,1.298236497977269,0.24077927920846254,-0.4487050015839706,0.02416684252658985,0.24167289744095602,-0.022027938805153757,0.07821376793301021,0.10269791620231174,-0.2415198581174674,-0.10488634056279948,0.23384291904137608
0.016885839100846504,0.08719725400459115,0.12142944206360193,0.15703606440694695,0.1781870932322121,0.1963178330010725,0.23655004382593273,0.14872964179913128,0.22451625617236903,0.14516975899508844,0.1552997641162256,0.15441478981072188,0.14089129038085468,0.28785959279931334,0.20355192931688856,0.2237024658617086,0.2147908964175712,0.14108084773382026,0.013132182527032044,0.2401541618727272,0.18060570043384644,0.190467772940083,0.47507492028721754,0.6383198306141445,0.24332541769027408,0.08764357927993677,0.31382929038685675,0.35605789725188464,0.20903645417995634,0.4121887746188486,0.2549961145764848,0.32532671745552,0.3777692478654066,0.11761163331890168,0.19115183040916225,0.2382715677188358,0.32978078443161074,0.19564639723007018,0.1458693465091511,0.1372271710887528,0.30144829323606526,0.19313294346313523,0.2671351973394731,0.033508388337400045,-0.0015964273581211455,0.13551539783545835,0.2525537468584332,0.014718398626266269,0.612339864820201,0.04206224554222441,-0.23724882675762007,0.13064011512101875,0.10037402248975344,-0.037100636142097944,0.06236954800526037,0.012662643971274461,-0.07261317184339179,-0.10497724057470133,0.17352871360761218
0.086365136237234,0.2539752802763713,0.27387232802307365,0.1635335941739338,0.14207843537488932,0.198668785379471,0.15980643128598285,0.1502270613569903,0.11442783213467336,0.22196236006482264,0.2207839165082009,0.2831007832513174,0.15229013286230397,0.2410639299778617,0.200942303770961,0.17424918297726527,0.29031253705167315,0.3930259726307402,-0.012118096904747968,0.16844521161520087,0.18283408325350772,0.10117254565875623,0.26327652656802486,0.24332541769027408,3.158228683835838,0.15740257417782094,0.2274953650639109,0.12438065948891149,1.0409058483042093,0.09965014226126893,0.47579378647099185,0.29919868310932346,0.012413852400412675,0.8552532415821456,0.3934716564385321,0.6761770203943939,-0.28469901993362107,0.1288058563413845,0.5514195845388538,0.16797431175123606,0.2641173150656845,0.1448508841611555,-0.018559390857152726,0.04021906816199986,-0.08826498966947374,0.4274352824132946,0.2727012661942652,-0.45907314760067514,0.2987102145147245,-0.9548728230889525,0.1330098589028308,-0.0010974029181575718,0.2241843092002632,0.0099141577797136,-0.0011245453084703977,0.025946791601118523,-0.032809376736368245,-0.03195842185766713,-0.021959382830681
0.053987416055141506,0.26750601909158467,0.2979106058399288,0.20201060696193524,0.18469628516343156,0.3372458035624279,0.16330033238550298,0.2902985398843334,0.32762429573836316,0.13783660099855574,0.23179882272644897,0.22816432602995043,0.20673877654676728,0.2498262762068951,0.08801681602943195,0.1538605403015818,0.05831925012201226,0.44169258034590475,0.02634906170029962,0.3068273502896575,0.1823394957635796,0.25319856844273064,0.19411979690774725,0.08764357927993677,0.15740257417782094,1.7887567876537867,0.21541700111946163,0.5932526475582185,0.09112108958566521,-0.7162781099296961,0.3447616712454864,0.327045283715266,0.023132307716314367,0.2442018689417452,0.0771040044776235,-0.07990795060760593,-0.12978951344231685,0.1809979691990858,0.30521256924841134,0.18828083708682028,0.12655940839352403,0.2383264221405394,0.3738025553201732,-0.05798753968313637,0.6775982490745226,-0.3505953522986393,-0.02588334772178,0.23459223952946595,0.10784733812108543,0.5186240342659343,-0.28454867680386237,0.2881526494811578,-0.7459114382829943,-0.010219424068266262,-0.04325827146225028,-0.01673796886667185,0.023181271849479924,-0.030825740666805372,-0.01876374430526247
0.05583540691797924,0.30579848734384296,0.2019806709719227,0.11253838489782018,0.1251156413890036,0.24205179872279126,0.22877872248042053,0.19369932836099701,0.23298600561750207,0.18806268544594468,0.20648109972406514,0.2141052903722029,0.14825278215587198,0.20136828339393983,0.20877368956026357,0.21488454299045576,0.2426696949783946,0.11095650148681312,0.011415239628318878,0.40317354135871925,0.19065153449782968,0.18974419907936915,0.35567954239548993,0.31382929038685675,0.2274953650639109,0.21541700111946163,1.6646525065971327,0.6681776539733095,0.18054282768957636,0.5698677696654117,0.10843121921442099,0.17200827463907947,0.3470198111466123,0.2177369711352308,0.30682588946457484,0.6627286417820462,0.48830935788552876,0.31850622815448015,0.24566601472319052,0.20144883178605075,0.49184741187585,0.22596741116226085,0.8094191158474886,0.003741744385023003,0.6246989998561604,0.03532372895959027,0.12982875992032225,-0.08890920179670836,0.30401788597318813,-0.24693522744197816,-0.3078250080739033,0.009198881025671417,0.394983798644043,-0.013391942314823416,-0.03679303717514198,0.0875650231676918,-0.043840493132950825,0.010158664678199198,-0.0025382421413967255
0.011768372561159897,0.3025145231482384,0.17786977862280684,0.12508082128487025,0.0268538002176721,0.24467894616451713,0.15298099325636677,-0.10886879220721477,0.3364242779496158,0.15317244160141377,0.13936848625897386,-0.018097224074984722,0.1200492135599675,0.2879980005955994,0.4434371378078512,0.21063628711530358,0.3281979766125007,0.5005535560304575,0.11035765675238143,0.33100060719807833,0.32932742171177437,0.1946625309704992,0.4525290987117203,0.35605789725188464,0.12438065948891149,0.5932526475582185,0.6681776539733095,2.7697668031998615,-0.3071028054423344,-0.10741052680172304,0.4265686891665684,0.37397022021061793,0.479173437909993,0.32375730190820007,0.1099643838340015,-0.010628410125579064,0.7881954044859888,0.27830841336120865,0.09071471002445836,0.1498910763505912,0.6010582710548054,0.3770704924091587,0.6622165126307987,-0.03429745129682222,0.4187489989048238,-0.22977222375970718,0.17179816956428734,0.46068846015161546,0.6459228475181047,0.5798760561755201,-0.3064746955351438,0.7264669430719134,-0.605973109517681,-0.12965288363012226,-0.06723155352534729,0.11277634638837417,-0.21788285544610805,0.06722286365031857,0.24654271308549947
0.05580070939068734,0.2267451243411967,0.30213529176026077,0.15456942093651305,0.15050675970155522,0.28272017521912457,0.19002728461677873,0.26260448205339304,0.20913782641353756,0.24098605703308135,0.274643902144423,0.2671508203960766,0.21727994939392006,0.26873305874106435,0.17493610389138162,0.2421142746673034,0.2590909172340456,0.15726271606437361,-0.11122432289342214,0.3758434769997292,0.1489216372850625,0.2580408595423601,0.6043045247392245,0.20903645417995634,1.0409058483042093,0.09112108958566521,0.18054282768957636,-0.3071028054423344,2.1779254753721697,0.3603237445556033,-0.2852576295924178,0.2677546385971134,0.05822988578288034,0.7047209067915968,0.42812142751843757,0.49959520466154717,-0.14179449396209415,0.11532124026878667,0.4665001824654724,0.20581082831309425,0.3068456012939673,0.10920852736545517,0.003132852532452236,-0.026744313895247725,-0.23789547016795531,0.5243151827426267,0.44216148615764206,-0.35594157791573533,0.711487193313197,-0.17170713616397143,-0.30701389788958927,-0.24457442829884068,0.24743460378599344,0.1098111562315313,-0.010074591674015029,0.05815528767320207,-0.13266924794411533,-0.058307510824780806,0.08136094738586618
0.00793404366534185,-0.03961463413897635,-0.21796158056337964,-0.10837704033644086,0.03226032320343055,-0.09144577654306438,0.153398562033627,-0.009356609072113973,0.0206536550728266,0.07686397816146122,0.00828476142540251,-0.0014572623491827324,0.02731364677148412,0.0328258330792564,0.08460396577134235,0.04983092132948422,0.05015874815667861,-0.1286984048392537,-0.14288821631718424,0.1602845341939954,0.07659919138362674,0.02971650842714685,0.4111297190646796,0.4121887746188486,0.09965014226126893,-0.7162781099296961,0.5698677696654117,-0.10741052680172304,0.3603237445556033,2.8899743380497527,-0.15819810231112305,-0.13356261842431186,0.3636868732064887,-0.16699201987641663,0.9038506090841006,0.7535009429026448,0.9267008214131339,0.20176586994494866,0.19315177858344285,0.2068863174656113,0.610979483531352,0.08058820640143537,0.7606918698554345,0.19007706854583997,0.11359690046355737,0.8004909879615122,0.5359589997608326,-0.4797341573291473,0.9270223181015119,-0.23265068127368832,-0.37299168373165364,-0.7063130171997891,1.0335820127647202,0.03863355565335465,0.05781377866683353,0.04582406865974736,0.018210463997223855,0.11988692171471692,-0.14279284433104078
0.08807161791838308,0.24996232827250714,0.2066202100531092,0.14474780064343273,0.12607513884812732,0.16189115705368293,0.14071149543558467,0.12409164063533763,0.11060387037172682,0.09186852706917165,0.10983374282492968,0.15005997736871363,0.07462389761999245,0.11913852717568026,0.08302121165827549,0.13540866360070644,0.2149244600847347,0.4735920392933815,0.39015683000230594,-0.028517767180283045,0.20252586218850546,0.11686465315557733,-0.6334751371139778,0.2549961145764848,0.47579378647099185,0.3447616712454864,0.10843121921442099,0.4265686891665684,-0.2852576295924178,-0.15819810231112305,1.6786494219314567,0.24046074378997545,0.06307022065785071,-0.14644338275870505,0.002312183543515442,0.29424895779990384,-0.4147966985185141,0.055307575079499384,-0.21896059333132492,-0.023333691346087225,0.06485091682517491,0.1834813736000436,0.15277330826378066,0.023812086970063814,0.2233740228491012,0.031765576562335425,-0.21072669499969482,-0.09678746634873009,-0.4240795548225495,0.17062663761306046,0.28843347715682416,0.48394022310960616,-0.7038581262476482,-0.14498620654778063,-0.01613445608787187,-0.06781644550358551,0.13504795441385473,0.021143843549148254,-0.12839976290292554
0.03168019298121561,0.1661938177750952,0.15440053005288326,0.2433652883649849,0.2582263209970889,0.2840288247358231,0.22617417845461385,0.2221081961310943,0.27950667786004535,0.16522517249196475,0.1487340704800059,0.2133112174370225,0.1424219926438058,0.5713363273863643,0.17500407295560363,0.3378807477436937,0.22354961153556863,0.18617791148646046,0.024020068733136207,0.21186265830017967,0.19108457767730913,0.2909303050600491,0.26309655594265263,0.32532671745552,0.29919868310932346,0.327045283715266,0.17200827463907947,0.37397022021061793,0.2677546385971134,-0.13356261842431186,0.24046074378997545,0.9335746248581127,0.09062363527722488,0.14543773623286047,-0.08399320529053528,0.12044984309404878,0.011921933636673654,0.18978911490308076,0.004869512394899406,0.17457338362158514,0.23038805667414758,0.19788446061115278,0.1480851615197799,-0.003400217832799511,0.14270154217576797,-0.09392445673101715,0.114130713296365,0.06855640459023439,0.5217755221957068,0.05302841528510568,-0.02562861423983767,0.5452199931872749,-0.7152698077029479,0.14677732415398648,-0.056652756520167456,0.054185381692433345,-0.09587612742404455,0.030788056941516467,0.05977428937787168
0.012421909756599323,0.017873008517167152,0.07363417414370309,0.09071657196704794,0.08382996806878903,0.07516181548715485,0.21281527958033852,0.04456339140461166,0.20189792815650998,0.07664893255093673,0.08736449632810114,0.09439589709523585,0.12151417479212157,0.12779413956582322,0.12522616835813957,0.10929889807515028,0.2036537576703031,0.17214403084406568,0.10772734868507175,0.11962976619668583,0.19820598256372196,0.11949294960689771,0.48654456792333883,0.3777692478654066,0.012413852400412675,0.023132307716314367,0.3470198111466123,0.479173437909993,0.05822988578288034,0.3636868732064887,0.06307022065785071,0.09062363527722488,1.51947415350202,0.06796551809958054,-0.1801440965563766,-0.07128491895901624,0.7069036293312385,0.14984596052176866,-0.26170429022439984,-0.0789057998386746,0.11690056782265197,0.2287621148906505,0.5300274872901056,0.03974519268889502,-0.4988770779573872,0.19086687443371714,0.48636172854379817,0.2734340687052549,1.1257251357832179,0.496476909298542,-0.38816871086397237,0.11500945800435149,0.15934277379335987,-0.2424830360180298,0.11249504159271971,0.1010886047656796,-0.013988271735125334,-0.1499403558157567,0.0909066190062512
