0.5556589602380816,0.17830273082377446,0.39452255899774874,0.03610305344027411,0.05223410202229158,0.0843873084908073,0.10620825972324492,0.05944459153985392,0.08935104956344311,0.05276794632149572,0.07242254029742985,0.09550163615400492,0.04742103916566302,0.08292025899233242,0.1031714535690979,0.07236277658797662,0.07001128915737499,0.1032732328388479,-0.022634506814724266,0.06285814788483533,0.06329881688824873,0.08601665459332547,0.10701411328669937,0.03736690165618881,0.11033034871740707,0.09428111888180242,0.0749876951640108,0.03952938947728703,0.05584724347121885,0.08034454343670902,0.08530943328121879,0.07842017037797505,0.046977646764529,-0.026822712724520744,0.05612089844657065,0.08987057137504208,0.01968546851110804,0.04010045263676551,0.056709935281655584,0.07480729967225604,0.024069764696589026,0.06328999052604728,0.07361759933566406,0.006916332509853488,0.08042357002105409,0.0884822519164125,0.10202682318191099,-0.010748472978675679,0.06260040633328906,-0.09925035647874333,0.04026897805650385,0.04773332457018163,0.007757044790046061,0.003668387972717625,0.09960230643413832,0.0027384338641044666,0.060597487645857255,0.17271179321909877,-0.34645647750754616
0.17830273082377446,1.4045916482825112,1.5207351993523253,0.08239023306365807,0.15382435048980153,0.38581651505612924,0.1458632456765501,0.33167232141421416,0.27223551442281,0.16424726630207553,0.24105608793921782,0.20541957838271796,0.1394091955880848,0.1594706322168011,0.23659473019072913,0.1948708453037257,0.27204410722466266,0.29957856264174637,-0.14898512123018592,0.2765729827302363,0.23095334565493847,0.22300644487213095,0.14189454727539186,0.23346060973180796,0.24022524422030211,0.33833810136420933,0.22101393444432405,0.16687365398627352,0.29622387711364756,0.0808606648737094,0.14894530649356882,0.1757415609465576,0.1618559549555919,0.2686822067185325,0.3444985265536394,0.3091183929047791,0.10172589340118751,0.12559491667637201,0.1213064952705503,0.31671423070821525,-0.08776312271800078,0.24393644759329824,0.19563437467104514,-0.0030307302684849133,0.20582239662612967,0.28736585142404514,0.1783315033724621,-0.028647078514595747,0.15668758843595154,-0.4919687530203683,0.31509114419773804,0.24437794691138437,-0.015849670125514824,-0.09881731404344345,-0.2253533358265456,-0.0905604135191882,-0.30458533778809654,-0.4569873815062005,0.9529657041971018
0.39452255899774874,1.5207351993523253,4.229384326503437,0.04647239426290622,-0.08312824173986334,0.5400757334968325,0.23069174865553033,0.47807237889247794,0.47162895778377917,0.2109418976511394,0.3030571270823307,0.36423899118630726,0.21972784277177818,0.25238252344051454,0.383721442008998,0.2912957334385495,0.37631223618592397,0.318985880053308,-0.08071197483744842,0.05914448603959162,0.33241061040653835,0.4049259496717276,0.3436586218958815,0.3747725220262342,0.37004307404409603,0.3180395010155129,0.3295680325224358,0.14493365100253375,0.353127806266368,0.20998958735976198,0.1931510825935254,0.2654265707837397,0.3665475681075419,0.35333028345543127,0.5371523665747714,0.5633338843235495,0.08198606038161835,-0.003949692414861863,0.2787983717325026,0.3800148388437538,-0.12038886609632853,0.39060663084026365,0.08557800807071163,0.02974040672788818,0.05369542002097846,0.448984377922498,0.2695568335220286,-0.1650588293824136,0.16228141924594108,-0.41548564257203385,0.34087030575352173,0.2634498434346027,-0.03627100489720781,-0.1799439706973383,0.014236494279820955,0.08725289938906704,-0.2191195300514428,-1.0057935790914625,1.024927881722563
0.03610305344027411,0.08239023306365807,0.04647239426290622,0.6523945412500526,0.5437646140718883,0.34078299555193353,0.17956182970336132,0.25302836863370676,0.13036749244360266,0.20460644417717863,0.214840886075436,0.2633713150535102,0.15613041190538526,0.23129671683882397,0.2088384383547962,0.24018392944024175,0.19394893419143702,0.1997163750057005,0.09527163693562286,0.13039211074983875,0.18234601840711653,0.1663224782738294,0.17535694139630614,0.19467043534456224,0.20157599836244877,0.21974052942999664,0.16712166218282695,0.0905563941485339,0.17420025480680576,0.004905635373447352,0.16323178165164567,0.23230634044319512,0.1687814191674362,0.1988235210114794,0.00126318907126543,0.2935259670474659,0.09860077304153922,0.0828144430711985,0.15685428295512863,0.11729325489041001,0.06709110394007065,0.1799529352569727,0.021023379009681934,0.036125523471341715,-0.06768623017900599,0.1737231213568661,0.12881736882294098,0.0466040759564886,0.11347168748844222,0.014228081680714497,-0.010489546778824967,0.13106682326818,-0.04607171572773483,-0.08239817476023233,-0.03622679947286467,-0.04781289897980815,-0.0730265181443672,-0.21600300960506805,0.35488544538738503
0.05223410202229158,0.15382435048980153,-0.08312824173986334,0.5437646140718883,1.340043350222931,0.521784083099048,0.13900464338929622,0.3491489633056281,0.08978195167200381,0.25277700939214165,0.29101342806554964,0.3374413117352183,0.21124137784246907,0.3024236816132579,0.3247967796236052,0.32189005226117523,0.2392949132124405,0.2277403120794281,0.18845512684288557,0.19348179420220116,0.22273228071939016,0.16787990620056414,0.1960181687093216,0.2461238133039343,0.25148905844208674,0.2520915498639087,0.19714937433206706,0.09723223877331892,0.1979644327834876,-0.12071877584408071,0.23524017016970103,0.31112888813123835,0.19162379563956472,0.23876045203421603,-0.11331532153680957,0.4158536952230502,0.10668608593168792,0.11659708203972724,0.17924861180862237,0.14093001638421065,0.08089259959807645,0.2204714690693637,-0.12727122095125878,0.032641250864521985,-0.060482413758373176,0.2302869065422298,0.08625932850029569,0.09388261933092766,0.025778561798814766,0.0165139693524095,0.11736636752695959,0.05988875998004669,-0.026334631074569004,-0.07979423130118884,-0.17765900215500866,-0.1497747505849955,-0.05113720187996791,-0.29878806159398136,0.6161622066475104
0.0843873084908073,0.38581651505612924,0.5400757334968325,0.34078299555193353,0.521784083099048,0.7698476883698268,0.11512083229036689,0.4493381795953516,0.20750321269173178,0.25495549447144006,0.3230018099596444,0.2998353210291288,0.22087486980522608,0.2648722707914489,0.31652842445250234,0.2939927936743693,0.3089707940945486,0.172495164579647,0.25060439322103345,0.34977946085004286,0.28977971132921443,0.2411851495657217,0.12378489963125022,0.28728050623218043,0.2771882835010429,0.2874970366305733,0.26160357093380915,0.13087785156766174,0.38645675470800134,0.12878243848654825,0.19074117704910146,0.2730681100490257,0.22850193921465098,0.30205429323697763,0.16103520122235723,0.34052607394928663,0.4213399451616175,0.1911437787457982,0.2877172429014512,0.23166926945798547,0.19779249675349342,0.2970403429732529,0.15532397625888536,0.011366458190868867,0.08148977934882641,0.20515404384514094,0.17516252872769303,0.07042546781584084,0.26996252169605883,0.18555047660614382,-0.22603296414345878,0.07769627743023584,-0.1018202999755277,-0.02584600855914751,-0.11506995124536652,-0.10493951333907835,-0.08472559928743781,-0.33509358271606643,0.5775712917535307
0.10620825972324492,0.1458632456765501,0.23069174865553033,0.17956182970336132,0.13900464338929622,0.11512083229036689,0.49720289185574895,0.08302345311169161,0.28914322463919456,0.11713260762539243,0.16602975106936896,0.2983265687518253,0.12554755313130014,0.1459895703239296,0.09491604965936484,0.1980758622953653,0.20065180580081168,0.18628475392071575,0.10179107545900727,0.12430553227195053,0.17236315255460308,0.23459706034286262,0.1883065205161343,0.15222162146990872,0.1563384086247571,0.22525866582180162,0.16127307523023002,0.0529480278777223,0.08844461591861197,0.08346445328204549,0.1407861858143772,0.16918236943009266,0.18835314771085787,0.1400766188956009,0.15782589503128766,0.19384103759342886,0.15956013964976073,0.07895496386457973,0.1635333354371867,0.19577128618256762,0.003679449824824908,0.17452324647524728,0.11506286494528577,0.023289323614878354,0.08539558758812543,0.11452123167178606,0.14198021976454603,0.011668563463508863,0.283294559710367,-0.02891914343558461,0.0026327423829703963,0.08608892625446438,-0.05220085981880575,-0.03439677841206117,-0.006097550370197888,0.0820547183411657,-0.07710233691754745,-0.05302613208144018,-0.05222967138028529
0.05944459153985392,0.33167232141421416,0.47807237889247794,0.25302836863370676,0.3491489633056281,0.4493381795953516,0.08302345311169161,0.8121392755602168,0.09128247628992231,0.2807328235286679,0.3243293840573726,0.10638098946482154,0.23125223820945615,0.23221981497689528,0.3146684282277741,0.21915898444133797,0.263864247836688,0.21105848963148444,0.1570627730221532,0.2873921989314995,0.24451886069927167,0.15552411283842452,0.10091949986909365,0.22285343403592237,0.27703758235739645,0.28412711120412554,0.22672890729463083,0.058555239844884394,0.32231180294554107,0.19814672131906497,0.1751587440547863,0.18619486029943333,0.15023579514536242,0.2916572664341943,0.30103572530982675,0.2715188100732055,0.23723080405483032,0.1504822686813641,0.3292445179071501,0.2355714854573639,0.10415651987154041,0.25540784459801313,0.209763069035912,0.021878363625522774,0.08101961802316009,0.16721254012403458,0.23139645389088181,0.10425134975297003,0.29046231471257516,0.025869438606568065,-0.09024437654980852,0.011105065362210662,0.13582197925031628,-0.11014584656725798,-0.12572807303352088,-0.1033498241284763,-0.08571894565235218,-0.14120022957559028,0.41037013970766417
0.08935104956344311,0.27223551442281,0.47162895778377917,0.13036749244360266,0.08978195167200381,0.20750321269173178,0.28914322463919456,0.09128247628992231,0.900768913826526,0.030351698640915734,0.11479213001852155,0.16552237627463984,0.10463394650448014,0.15227671924228686,0.07083076821584189,0.12549015385880935,0.22663363544129922,0.17157694588106928,0.023453602933960652,0.1767770277021536,0.22220250501515362,0.3833722563820893,0.206001217147461,0.21340077724959944,0.12998886556839367,0.36326174821877966,0.16897178594391452,0.17834685802469255,0.09148001075172676,0.08977621706819934,0.25851612575159366,0.2065707518152014,0.26212405382012505,0.27112772969193505,0.20209626769299757,0.2680193619841954,0.09313172604627226,0.10222343602579136,0.16668935847534694,0.17834421740914463,-0.03162038474315383,0.2163718287908026,0.17094974427486356,0.04709171319110602,-0.04579929095058183,0.3458807621768358,0.13711591045291915,-0.044337459584369916,0.4455224379483264,-0.09623152561112595,0.029673754487591554,0.2544426130376366,-0.09547960244617491,-0.1222591548331894,0.020360847534502007,0.07668038900391728,-0.07023198014445904,-0.36484589256238603,0.2938333057382948
0.05276794632149572,0.16424726630207553,0.2109418976511394,0.20460644417717863,0.25277700939214165,0.25495549447144006,0.11713260762539243,0.2807328235286679,0.030351698640915734,0.6233060128166522,0.2503848798948048,0.25125414629950854,0.20660641897868104,0.22137542909607777,0.2790740114662676,0.21207025763111076,0.22753638414626048,0.2412689351255857,0.15904854502477844,0.2583366981984639,0.18401726515560193,0.13847666820664328,0.10550679728312118,0.2300732877621043,0.20811834198251544,0.14429480044922907,0.22235129484724891,0.164161467999475,0.35785059729956825,0.29092349312100024,0.08393517951083114,0.21119995979055664,0.13947624461379737,0.27356183580842375,0.3268077041024915,0.2609674117008625,0.2628594918461902,0.13281624257944938,0.29656729568926476,0.3013259362159174,0.1847124404537269,0.2012665648623755,0.1918640799711539,0.03445108714408324,0.03286360124211213,0.19942760347173805,0.34545206382777605,0.0785855651999487,0.3173715932387979,-0.044156742008052745,-0.053035955879461236,-0.04098947823809701,0.054203401030496805,0.03802664033040175,-0.038486242703694704,0.03740328925857095,0.04910433125169787,-0.35210136925168656,0.3136543210118336
0.07242254029742985,0.24105608793921782,0.3030571270823307,0.214840886075436,0.29101342806554964,0.3230018099596444,0.16602975106936896,0.3243293840573726,0.11479213001852155,0.2503848798948048,0.5635609882311454,0.2727496401854607,0.23050659816170474,0.23585010803937195,0.3341639612392095,0.26190470795312026,0.27768965839129783,0.19879710722730154,0.13236283229783138,0.22207688132980977,0.20744517305956311,0.17417814002516097,0.17867130674005652,0.23290260283166855,0.2434611514198978,0.22309773183598158,0.2272609964823632,0.13857908397973137,0.3015514908281435,0.13838543835441694,0.19124265551271494,0.23605945053487767,0.15723004957671444,0.22857880252123114,0.2742946593011719,0.3379263502945628,0.1736994248890904,0.1178997211379753,0.2641967482134319,0.2585352459444106,0.053780505508132605,0.2242856173123269,0.07314155224435788,0.022516113432978917,0.0726014040233678,0.19403513244768258,0.2003152389314014,0.062218159394421636,0.13873695300143235,-0.022738579234130654,-0.02485135352172935,0.039435553775972396,0.025727731263432425,-0.010545905726866851,-0.11798567151053944,-0.05470353487983581,-0.007626332794535249,-0.19327016445783735,0.28886684270048046
0.09550163615400492,0.20541957838271796,0.36423899118630726,0.2633713150535102,0.3374413117352183,0.2998353210291288,0.2983265687518253,0.10638098946482154,0.16552237627463984,0.25125414629950854,0.2727496401854607,0.7850097687603431,0.15724319030348277,0.22757226833515418,0.1700774301113545,0.294043396134119,0.21486733557815413,0.2745727810787304,0.22023345972628583,0.10403038024547114,0.2102651040997173,0.19796370900901517,0.21791506654865814,0.22465450082557037,0.2706679874894332,0.3139481669183595,0.2598145896716516,-0.05101887699153472,0.11432799198652982,0.016894896981279522,0.10525846356965578,0.2552450425074466,0.21846342350160933,0.22621460526124032,0.2896585610944759,0.20707521692546005,0.13774682427321486,0.07520222476452741,0.2075499782564026,0.2967223817709905,-0.08647248234652849,0.22400771276173215,0.1496679136346519,0.01082148858418517,0.10189937446392144,0.17539005652284706,0.19732341625423577,0.07473976970002517,0.3565439805938622,-0.03797115095928373,0.05071301564644837,0.020578140014841578,0.004386110009669486,-0.028066308710795705,-0.056197780568672695,0.0546937697164394,-0.15535373969032013,-0.30014366606976195,0.3373466486161579
0.04742103916566302,0.1394091955880848,0.21972784277177818,0.15613041190538526,0.21124137784246907,0.22087486980522608,0.12554755313130014,0.23125223820945615,0.10463394650448014,0.20660641897868104,0.23050659816170474,0.15724319030348277,0.3991120767271074,0.18753943134968157,0.1283342075236009,0.21585256492705093,0.1785672506469349,0.13680372042914338,0.1320093358536434,0.08372732136426672,0.13637292711665497,0.21573683728781473,0.1273625078630237,0.19490664155093715,0.1480118125779783,0.14392748104069103,0.18274361974953332,0.08355244408616293,0.2813387084042992,0.1200694879735238,0.03767611591625499,0.1994977484285152,0.11661804481855,0.14674021303430557,0.24022912244385966,0.226830113753925,0.08542375593290169,0.04406728282727937,0.19833269893218367,0.20255845982139306,0.0352438263082443,0.14924539457788905,0.055322687277470826,0.026151429067292842,-0.00707013803790269,0.13215210540296676,0.1457646106410487,-0.02232954241473398,0.20289674084799006,0.061224756651750006,-0.03593917533895029,-0.01985416742203158,-0.03859235287722576,0.00018305409234434638,-0.04317275397804512,-0.05046579195986549,0.01647289831478005,-0.3396901714438182,0.3661617718079266
0.08292025899233242,0.1594706322168011,0.25238252344051454,0.23129671683882397,0.3024236816132579,0.2648722707914489,0.1459895703239296,0.23221981497689528,0.15227671924228686,0.22137542909607777,0.23585010803937195,0.22757226833515418,0.18753943134968157,0.5904349567215988,0.19524067016894084,0.3712658383614102,0.2094909017703139,0.1496301422729166,0.1040883643623753,0.063224620984256,0.15716798064203757,0.2145089024341682,0.17447921312931736,0.26093980346593987,0.24479173411194152,0.264480785010239,0.21146407754254987,0.17311178474394245,0.2116896187067284,0.060769047660201754,0.12783416930083674,0.4539368692452895,0.1207951530233997,0.15451217966813016,0.16700025021058867,0.34734013310933304,-0.0520885819738366,0.05796358734970057,0.1386395334303505,0.16940227887872486,0.02240768021908389,0.1650173521325707,0.015389008321224425,0.03750861206847429,-0.09552912115410214,0.2424444485324199,0.1548788144818352,0.011297877858445238,0.3220805066589076,-0.10384522101985853,0.010080756333721262,0.058114181876609244,0.12753699841313806,-0.04438044869318953,-0.1705964991295748,-0.03392877100862473,0.15117321405226036,-0.42815292603455823,0.4836341609736886
0.1031714535690979,0.23659473019072913,0.383721442008998,0.2088384383547962,0.3247967796236052,0.31652842445250234,0.09491604965936484,0.3146684282277741,0.07083076821584189,0.2790740114662676,0.3341639612392095,0.1700774301113545,0.1283342075236009,0.19524067016894084,1.0567542558044827,0.1483106299411471,0.20317073571532251,-0.027505010308090744,0.07805936054779308,0.2673300805297666,0.18587976086029934,-0.02621486960631005,0.2315743994730797,0.21372673345576784,0.32334911646998654,-0.0016756911451251237,0.19796612929558643,0.13357117282498993,0.30011341275498066,0.27022123095110556,0.1918710441612372,0.15227657143034756,0.18891528696609539,0.24222059198111404,0.0944319256414523,0.4097269119348867,0.24117792489144477,0.11877018944141159,0.3018883540057073,0.12189964791511713,0.20724211628079248,0.20414533232167664,-0.054961965135930275,0.03566387962962043,-0.0730348077311588,0.1911278137616613,0.15054761962979707,0.17880334338298573,0.05104280438084049,-0.016834056845424977,-0.10040816232342305,0.052374336378227734,0.13430145538681884,-0.06829545632582779,-0.0003834722847190665,-0.003583901213853174,-0.04571261110188518,-0.2157788947458327,0.24570449683054876
0.07236277658797662,0.1948708453037257,0.2912957334385495,0.24018392944024175,0.32189005226117523,0.2939927936743693,0.1980758622953653,0.21915898444133797,0.12549015385880935,0.21207025763111076,0.26190470795312026,0.294043396134119,0.21585256492705093,0.3712658383614102,0.1483106299411471,0.6717307639502366,0.27704526114120465,0.14311886142529429,0.14419056136970773,0.12632155947020018,0.19694354755456545,0.3133652574816012,0.14676805973533896,0.26227581466937966,0.2856598128248935,0.24572849989315323,0.26244350811664613,0.16078238377710297,0.26046206786631576,0.12376196797211843,0.11349873385417156,0.33326863525438566,0.14750554398858612,0.20668879334866608,0.35789540975138745,0.30304350173575345,0.05911412087634307,0.07906089778212452,0.19590420986866272,0.2676807919384626,-0.003882923054264666,0.2175615761450955,0.12081588424551602,0.02578683240094672,0.021437480826559843,0.2266037669125741,0.18391404549666307,-0.05724774364373773,0.279039787464368,-0.15771691939554666,-0.0011457723696853288,0.0392742713285667,0.04368169681750992,-0.019309947171982266,-0.0929461157479853,-0.028190081050928788,-0.11641477378947374,-0.3937483816308434,0.5737183684332777
0.07001128915737499,0.27204410722466266,0.37631223618592397,0.19394893419143702,0.2392949132124405,0.3089707940945486,0.20065180580081168,0.263864247836688,0.22663363544129922,0.22753638414626048,0.27768965839129783,0.21486733557815413,0.1785672506469349,0.2094909017703139,0.20317073571532251,0.27704526114120465,0.5229100949782132,0.2323281263216751,0.10522591083131876,0.24636282121447778,0.2456802983554052,0.31655342949680465,0.18378251534072276,0.23073450188747294,0.2282225803458887,0.2501662973000275,0.21855899642026494,0.3202951358490865,0.25885887247346345,0.1642422256962557,0.23081255389152427,0.2149889075134408,0.22059994640769057,0.2225971304751386,0.2931814194043072,0.39103931644970247,0.2969350081177727,0.13873184471739392,0.22577372956238723,0.25868905558091526,0.10946899287230763,0.28066772438976995,0.11384297526252762,0.04233041370982038,0.13424035369371215,0.2564280581866418,0.23965556911409114,-0.02217049415689132,0.13183121534818817,0.010064326090548682,-0.040645887693311254,0.11980405220993687,-0.02854028152410453,-0.013591629183260729,-0.13564477438252542,-0.020055381401995812,-0.11011348513120632,-0.2567881092995,0.3470134359638441
0.1032732328388479,0.29957856264174637,0.318985880053308,0.1997163750057005,0.2277403120794281,0.172495164579647,0.18628475392071575,0.21105848963148444,0.17157694588106928,0.2412689351255857,0.19879710722730154,0.2745727810787304,0.13680372042914338,0.1496301422729166,-0.027505010308090744,0.14311886142529429,0.2323281263216751,1.0834853847436843,0.08886855162935096,-0.16394101778850395,0.18306497795672017,0.24007828853832536,0.2414083675134914,0.17159862926818337,0.1569840312808699,0.4972704827957696,0.09833141590055416,0.3045100963579187,0.15485122191625605,-0.15377667880680396,0.17232862428556084,0.21998412299643097,0.17126146139583875,0.1971674857007578,0.23592405954800796,0.21553293124827574,-0.09223241971776372,-0.050095248788775436,0.011854329081236698,0.16714397301929965,-0.22905458990973174,0.15538711084638684,0.3311246069663087,0.05481026039158696,0.014195907120636132,0.23664707385937123,0.42720299917998034,-0.06049066953847343,0.007338305425943985,-0.18839589655994796,0.3059490744782809,0.40474519042846124,-0.2613204753514573,-0.11476027685023318,0.07473459879359745,0.021660083492276362,-0.019179690256062816,0.0033122596768798114,-0.10488816560890772
-0.022634506814724266,-0.14898512123018592,-0.08071197483744842,0.09527163693562286,0.18845512684288557,0.25060439322103345,0.10179107545900727,0.1570627730221532,0.023453602933960652,0.15904854502477844,0.13236283229783138,0.22023345972628583,0.1320093358536434,0.1040883643623753,0.07805936054779308,0.14419056136970773,0.10522591083131876,0.08886855162935096,1.3872349134764803,0.1427984997516508,0.1445753556308118,0.09061915609054552,-0.26710367368172705,0.1059619351008341,0.02805708951297142,-0.04239436672745324,0.1070675827411615,0.1666028061959269,0.024443069605708138,0.01813789008314111,0.09177545260293268,0.10354774088844303,0.31941627010642976,-0.01801881354259048,-0.13189323625004665,-0.023735207130830608,0.7208769561807276,0.11381082563530237,0.2832060352219592,-0.11818165852697017,0.33736208498526155,0.11180842204771826,0.11315705498841212,0.011328249082564844,0.1552715739616942,0.025185136733777126,0.07465871432672902,0.20085470340760755,0.12712016536967496,0.9262739132596436,-0.18727623389211479,-0.03687340351920551,-0.5383055232406991,-0.11562731053059194,-0.011989068471190193,0.0323541726491472,0.13647150631926128,0.17034198059209762,-0.2675578311686107
0.06285814788483533,0.2765729827302363,0.05914448603959162,0.13039211074983875,0.19348179420220116,0.34977946085004286,0.12430553227195053,0.2873921989314995,0.1767770277021536,0.2583366981984639,0.22207688132980977,0.10403038024547114,0.08372732136426672,0.063224620984256,0.2673300805297666,0.12632155947020018,0.24636282121447778,-0.16394101778850395,0.1427984997516508,1.6729568010118157,0.2417478879529267,0.04304883226884869,-0.2355235699398326,0.190010593251923,0.12568564614136662,0.27690836909854727,0.3368758124664222,0.2445961284236092,0.3289408892635104,0.57442537760416,0.18714624449654604,0.08195170458458578,0.16318768250735433,0.33239910238389403,0.39481855465037463,-0.1016850708071593,1.231474809839963,0.810494988414538,0.4058756623619161,0.49829072679109293,0.5811725833820771,0.25921159244743897,0.9857731804557059,-0.09256573668317127,0.9227812635174305,0.1652774447764297,0.2792829543114885,0.421906832927233,0.9913944277262826,0.016841301430991003,-0.2680913948498264,-0.1268052942800646,0.058709542543523424,0.023378162577956718,-0.019588067755423415,-0.05228503995736741,0.20535862219976175,-0.1533689472292745,0.03038578950613946
0.06329881688824873,0.23095334565493847,0.33241061040653835,0.18234601840711653,0.22273228071939016,0.28977971132921443,0.17236315255460308,0.24451886069927167,0.22220250501515362,0.18401726515560193,0.20744517305956311,0.2102651040997173,0.13637292711665497,0.15716798064203757,0.18587976086029934,0.19694354755456545,0.2456802983554052,0.18306497795672017,0.1445753556308118,0.2417478879529267,0.4843695786530223,0.22855568908859583,0.1854382953644984,0.21462031367057277,0.16511338261487546,0.2192331259377012,0.18548699388182496,0.10487653063335253,0.14934394372558,0.28051995241400446,0.5251757493072504,0.1569410180744841,0.3709605296017867,0.13847263138440097,0.29300808881310647,0.4526709237597274,0.4143000880684865,0.15656363941942986,0.3108801254670242,0.24109212596902221,0.29815824131006086,0.4439981181463996,0.14074561289126103,0.0475374624734444,0.23001663402820377,0.27594564253064435,0.27676414645674846,0.06746122716587005,0.06044979000406112,0.22574231725905985,-0.10695465979622097,0.09080144299010112,-0.12108774132594635,-0.06381985747006573,0.03232635507814396,-0.0013383996553951141,-0.2675426041158859,-0.25537197378884113,0.4980848007079099
0.08601665459332547,0.22300644487213095,0.4049259496717276,0.1663224782738294,0.16787990620056414,0.2411851495657217,0.23459706034286262,0.15552411283842452,0.3833722563820893,0.13847666820664328,0.17417814002516097,0.19796370900901517,0.21573683728781473,0.2145089024341682,-0.02621486960631005,0.3133652574816012,0.31655342949680465,0.24007828853832536,0.09061915609054552,0.04304883226884869,0.22855568908859583,0.8158026632417192,0.2833890616196079,0.25010303336008594,0.16128933427781203,0.23686390114072348,0.18983972140042166,0.16035484195553618,0.23372687643414017,0.16880134995360183,0.18514518399143914,0.2558745774108022,0.27221255820237783,0.15632059404333393,0.32542582380367924,0.36985391580277005,0.10829280467475243,0.04466446132085556,0.2020436540805431,0.2217144294736188,0.03950033223384268,0.24732249008640161,0.012703964230885547,0.06346014013008922,-0.06111008982788942,0.36440347024272784,0.22250316009572982,-0.34138168652856415,0.3418512354596426,0.025957703551285325,0.0032548198959484733,0.08865907937677749,-0.14380840334134182,-0.055758951072393356,-0.03966829278051576,0.03331950716327985,-0.1544804934820673,-0.4380688799455351,0.49418355635491634
0.10701411328669937,0.14189454727539186,0.3436586218958815,0.17535694139630614,0.1960181687093216,0.12378489963125022,0.1883065205161343,0.10091949986909365,0.206001217147461,0.10550679728312118,0.17867130674005652,0.21791506654865814,0.1273625078630237,0.17447921312931736,0.2315743994730797,0.14676805973533896,0.18378251534072276,0.2414083675134914,-0.26710367368172705,-0.2355235699398326,0.1854382953644984,0.2833890616196079,1.4578818904284272,0.2638319319749516,0.3330311242208515,-0.08396966938895364,0.07230863001139387,-0.264764893047649,0.2435813540092223,0.25510429011696867,0.19772481738078598,0.16801531007253756,0.3467521292064511,0.17266693091028534,0.11606236316001536,0.7199736523900299,0.107864717975314,-0.12078764104638046,0.31240400248969424,0.17363053856323052,0.036892898475651574,0.2220023891680528,-0.37400546780237687,0.14467718839857935,-0.3108685500055907,0.2594028909288961,0.26254970843103637,0.03476094370218127,-0.15566036497990957,0.2839233771728182,0.0220212683683268,0.20996132005087279,-0.22990633564105184,-0.10873092661102013,-0.1287065574317823,0.07541668893782878,-0.20451819778122945,-0.5584420357125375,0.6320825531571338
0.03736690165618881,0.23346060973180796,0.3747725220262342,0.19467043534456224,0.2461238133039343,0.28728050623218043,0.15222162146990872,0.22285343403592237,0.21340077724959944,0.2300732877621043,0.23290260283166855,0.22465450082557037,0.19490664155093715,0.26093980346593987,0.21372673345576784,0.26227581466937966,0.23073450188747294,0.17159862926818337,0.1059619351008341,0.190010593251923,0.21462031367057277,0.25010303336008594,0.2638319319749516,0.5547298141434921,0.20414572123569133,0.12578242276331883,0.19925127936122,0.09861029899230907,0.2594387112040341,0.39017089654092596,-0.05453067702469256,0.30112200335009515,0.49171135906313773,0.12739654060539232,0.4125849712875959,0.2926631276620768,0.28646482642505416,0.09723928378549504,0.19883305716842392,0.28964725817003895,0.09440310079873458,0.2456775924804581,0.13090514261356487,0.027822172817164852,-0.07213543439251714,0.2786074515876297,0.2778416214303286,0.0508990486742783,0.4791395570499286,0.11710351867537032,-0.0775748626716565,0.16827253771966644,-0.10947558117060434,-0.07314852439290433,-0.08496302753065874,-0.04635652113519388,0.018526748633552654,-1.1282828270748693,1.2117550599691083
0.11033034871740707,0.24022524422030211,0.37004307404409603,0.20157599836244877,0.25148905844208674,0.2771882835010429,0.1563384086247571,0.27703758235739645,0.12998886556839367,0.20811834198251544,0.2434611514198978,0.2706679874894332,0.1480118125779783,0.24479173411194152,0.32334911646998654,0.2856598128248935,0.2282225803458887,0.1569840312808699,0.02805708951297142,0.12568564614136662,0.16511338261487546,0.16128933427781203,0.3330311242208515,0.20414572123569133,0.9446090719612315,0.17437564315420692,0.2208251365428238,0.08906527030965898,0.4068771296478805,0.1880425063856304,0.21998834654940086,0.20531319732999082,0.05309870599171516,0.37170797740379125,0.20586809148156973,0.45288939237234827,-0.1273636505419752,0.07200054067231047,0.2119634985518029,0.12715897002534246,-0.014636172707514087,0.182643033153996,0.08772294206368475,0.052519987348665906,-0.17939481002259824,0.28889739543263004,0.21224461438875547,-0.010739374980084947,-0.03931078818400627,-0.7147895196895298,-0.08435432209337203,0.23089936635449407,0.4024379662778884,-0.06892104675653962,-0.04285203285940922,-0.019824023853939502,-0.12324880364536567,-0.21396746209552642,0.3552481315609228
0.09428111888180242,0.33833810136420933,0.3180395010155129,0.21974052942999664,0.2520915498639087,0.2874970366305733,0.22525866582180162,0.28412711120412554,0.36326174821877966,0.14429480044922907,0.22309773183598158,0.3139481669183595,0.14392748104069103,0.264480785010239,-0.0016756911451251237,0.24572849989315323,0.2501662973000275,0.4972704827957696,-0.04239436672745324,0.27690836909854727,0.2192331259377012,0.23686390114072348,-0.08396966938895364,0.12578242276331883,0.17437564315420692,1.8516181630833877,0.23460552804841547,0.3321721401395003,-0.45037886462829035,-0.5281615104334667,0.326932277775578,0.36487346325543396,0.047340040355928516,0.2607049742388673,0.4339833223501606,-0.10139064016510542,-0.4411935243051025,0.1640253709082062,-0.4220843165032483,0.3108911035143023,-0.5026385523161218,0.19956615283012577,0.7002080352098694,-0.017517374725266526,0.15314929671480695,0.20350383349870033,0.009710430456999621,0.13657886218812057,0.8487725189377839,-0.30912198172234207,0.06583352563949052,0.41917807357021486,-0.13248704950482773,-0.04180462484293365,-0.02488392101172496,-0.05864789104469089,-0.1375351299915238,0.005237393688447053,0.19478811193673265
0.0749876951640108,0.22101393444432405,0.3295680325224358,0.16712166218282695,0.19714937433206706,0.26160357093380915,0.16127307523023002,0.22672890729463083,0.16897178594391452,0.22235129484724891,0.2272609964823632,0.2598145896716516,0.18274361974953332,0.21146407754254987,0.19796612929558643,0.26244350811664613,0.21855899642026494,0.09833141590055416,0.1070675827411615,0.3368758124664222,0.18548699388182496,0.18983972140042166,0.07230863001139387,0.19925127936122,0.2208251365428238,0.23460552804841547,0.7804984353463883,0.22574168415045057,0.1595739610133606,0.1372503016016329,0.23157151534182494,0.24333552726229576,0.20534434031168192,0.24137100406783682,0.2510863410001081,0.35129826032269734,0.2963873616300703,0.2039694794176452,0.19171870839107027,0.2864670574018631,0.11363523198815274,0.20456320902218575,0.39712536187319714,-0.0529117098413627,0.155986218637549,0.27704875036702625,0.15692632842655896,0.08218011307405869,0.347162638690669,-0.10344797260634131,-0.07909338843666305,0.0503269140605866,0.048730661313268524,-0.025478709250528905,-0.0007065055552877249,0.009820152920415144,0.07126970956958688,-0.27045253866625757,0.20448808880400937
0.03952938947728703,0.16687365398627352,0.14493365100253375,0.0905563941485339,0.09723223877331892,0.13087785156766174,0.0529480278777223,0.058555239844884394,0.17834685802469255,0.164161467999475,0.13857908397973137,-0.05101887699153472,0.08355244408616293,0.17311178474394245,0.13357117282498993,0.16078238377710297,0.3202951358490865,0.3045100963579187,0.1666028061959269,0.2445961284236092,0.10487653063335253,0.16035484195553618,-0.264764893047649,0.09861029899230907,0.08906527030965898,0.3321721401395003,0.22574168415045057,1.8673572890741266,0.21476303258586824,-0.0477473378686433,0.43307804629301533,0.2445620470275641,0.02568530620882527,0.17018573147241503,-0.06574024939882407,0.6172864968226762,-0.15569973655082822,0.13593508328707646,0.020818501952942298,0.04424746980671883,0.1573551248360232,0.013740164933323317,0.10870616310168323,0.11822549391138529,-0.2034217311037445,0.33917469248861015,0.11590153538892665,0.002029238994131261,-0.15904730470534767,-0.40842474978089716,0.13402348054759924,0.46593358437935134,-0.22023837722420256,-0.005095154540615051,0.3253260685247143,-0.048100998047790194,0.18053110422983348,-0.04212593843881922,0.021530809222051726
0.05584724347121885,0.29622387711364756,0.353127806266368,0.17420025480680576,0.1979644327834876,0.38645675470800134,0.08844461591861197,0.32231180294554107,0.09148001075172676,0.35785059729956825,0.3015514908281435,0.11432799198652982,0.2813387084042992,0.2116896187067284,0.30011341275498066,0.26046206786631576,0.25885887247346345,0.15485122191625605,0.024443069605708138,0.3289408892635104,0.14934394372558,0.23372687643414017,0.2435813540092223,0.2594387112040341,0.4068771296478805,-0.45037886462829035,0.1595739610133606,0.21476303258586824,3.548777420373506,0.6454366737379175,-0.6414024884849091,0.20894567690348906,-0.4579314927084978,0.8489798293636844,0.36474713675352866,0.7570578352858944,-0.35829105545604173,0.06173598597701845,0.8162602493601889,0.39824132452274624,0.3489152788238964,0.1031657381182664,0.06608954737971093,-0.014675317510584032,-0.8080649620829599,0.1333708439318983,0.4978486179076407,-0.1527050517721899,0.46550313832434326,0.3929807901130741,-0.7108054824437955,-0.2990027273342343,0.10897473899677468,0.08465637505007229,-0.039323455575129465,-0.09133847523280524,-0.12844226892786503,-0.10375279056372505,0.33913108492816574
0.08034454343670902,0.0808606648737094,0.20998958735976198,0.004905635373447352,-0.12071877584408071,0.12878243848654825,0.08346445328204549,0.19814672131906497,0.08977621706819934,0.29092349312100024,0.13838543835441694,0.016894896981279522,0.1200694879735238,0.060769047660201754,0.27022123095110556,0.12376196797211843,0.1642422256962557,-0.15377667880680396,0.01813789008314111,0.57442537760416,0.28051995241400446,0.16880134995360183,0.25510429011696867,0.39017089654092596,0.1880425063856304,-0.5281615104334667,0.1372503016016329,-0.0477473378686433,0.6454366737379175,3.2932131624148004,0.02495738971942929,-0.09998887299172701,0.3134047185617155,-0.13774489255096947,0.9158973276925231,0.3988141713086092,0.8587227768584799,0.29259556112823487,0.8665707237643204,0.47921261131822795,0.9771562013136428,0.37961666393141713,1.1280038973899291,0.1204764818652025,0.30814157638664164,0.3743011194904838,1.397298161878944,0.2538214875159644,1.302440063887559,-0.05072561849963788,-0.5514853032330184,-0.35616993668782926,0.5441000338912098,0.05061054950038272,0.19817176091688768,0.09229837103109431,-0.16312631245647044,-0.12792435772908695,0.10783787727787697
0.08530943328121879,0.14894530649356882,0.1931510825935254,0.16323178165164567,0.23524017016970103,0.19074117704910146,0.1407861858143772,0.1751587440547863,0.25851612575159366,0.08393517951083114,0.19124265551271494,0.10525846356965578,0.03767611591625499,0.12783416930083674,0.1918710441612372,0.11349873385417156,0.23081255389152427,0.17232862428556084,0.09177545260293268,0.18714624449654604,0.5251757493072504,0.18514518399143914,0.19772481738078598,-0.05453067702469256,0.21998834654940086,0.326932277775578,0.23157151534182494,0.43307804629301533,-0.6414024884849091,0.02495738971942929,3.749711239787304,0.19018109690839557,0.5948088708646295,0.09084047995584167,-0.03212746437250835,1.2403402515433213,0.1876717178053299,0.1806243330236089,0.03370482044994292,-0.1494352967878848,0.09149238562981546,0.4563452175307298,-0.9531318665531369,0.17017233152967892,0.31398225194613866,0.5664206324808291,0.22149526815623777,0.002633919678352823,-1.0547996516080052,-0.12616736955361407,0.1850780122341294,0.5361903582732506,-0.2429997896099229,-0.1083016029689212,0.22049325361704172,-0.02570373808844031,0.16595121534969212,0.07189720306816276,-0.20917878664231762
0.07842017037797505,0.1757415609465576,0.2654265707837397,0.23230634044319512,0.31112888813123835,0.2730681100490257,0.16918236943009266,0.18619486029943333,0.2065707518152014,0.21119995979055664,0.23605945053487767,0.2552450425074466,0.1994977484285152,0.4539368692452895,0.15227657143034756,0.33326863525438566,0.2149889075134408,0.21998412299643097,0.10354774088844303,0.08195170458458578,0.1569410180744841,0.2558745774108022,0.16801531007253756,0.30112200335009515,0.20531319732999082,0.36487346325543396,0.24333552726229576,0.2445620470275641,0.20894567690348906,-0.09998887299172701,0.19018109690839557,0.7226301034963364,0.12408468584146648,0.09562696281404473,0.09524839650724104,0.34398541456921583,-0.1742309041534355,0.07660768773001438,0.0687402583142081,0.20138506937103065,-0.05032172912215684,0.15145517598163233,0.03193949764255538,0.015568856975874675,-0.05365724988210972,0.2875161811676975,0.1180758468292821,-0.01715966424767587,0.3426895620953769,0.012756047359002657,0.11744147910440492,0.3560113266699036,-0.376947855320047,-0.028176966366003156,-0.16984323915696697,-0.016321485729730825,0.3850355845569239,-0.6238556037075694,0.42066196855616106
0.046977646764529,0.1618559549555919,0.3665475681075419,0.1687814191674362,0.19162379563956472,0.22850193921465098,0.18835314771085787,0.15023579514536242,0.26212405382012505,0.13947624461379737,0.15723004957671444,0.21846342350160933,0.11661804481855,0.1207951530233997,0.18891528696609539,0.14750554398858612,0.22059994640769057,0.17126146139583875,0.31941627010642976,0.16318768250735433,0.3709605296017867,0.27221255820237783,0.3467521292064511,0.49171135906313773,0.05309870599171516,0.047340040355928516,0.20534434031168192,0.02568530620882527,-0.4579314927084978,0.3134047185617155,0.5948088708646295,0.12408468584146648,1.8270014729532564,-0.45223138371548155,0.030391835807694265,0.19688968842445703,1.0103357294650521,0.09357208466049076,-0.05273479577552813,0.06742880328302446,0.28211266451845907,0.3754490019144998,-0.21966575770224991,0.03037356514410918,-0.20849212414504867,0.4332216266926972,0.25824077964621867,0.15894847208953652,0.4254599171982711,0.9294120893138537,-0.2132469678112562,0.5350102111236694,-0.6485912142272355,-0.26365383379147134,-0.02306092833958198,0.13928965407567864,-0.08941861671381178,-0.9778377233718412,0.9085153799931267
-0.026822712724520744,0.2686822067185325,0.35333028345543127,0.1988235210114794,0.23876045203421603,0.30205429323697763,0.1400766188956009,0.2916572664341943,0.27112772969193505,0.27356183580842375,0.22857880252123114,0.22621460526124032,0.14674021303430557,0.15451217966813016,0.24222059198111404,0.20668879334866608,0.2225971304751386,0.1971674857007578,-0.01801881354259048,0.33239910238389403,0.13847263138440097,0.15632059404333393,0.17266693091028534,0.12739654060539232,0.37170797740379125,0.2607049742388673,0.24137100406783682,0.17018573147241503,0.8489798293636844,-0.13774489255096947,0.09084047995584167,0.09562696281404473,-0.45223138371548155,2.20574724886805,0.4440034023805742,0.30059245253234057,0.3354187050098922,0.13677499613445115,0.46417243706498035,0.18599428458170508,-0.17316224684582254,0.19604644770349253,0.4935814608047878,0.17483937883481268,-0.6010950690514288,0.046868921008334556,0.1111902561376169,0.07845104852177032,0.5626761709945537,-0.7145665351492047,-0.13625811047454825,-0.18364968646174826,0.728978189560266,-0.07163096598483601,0.00047840853039796897,0.03034016247021657,-0.2763181042079588,-0.013259926413214055,0.2602992587571781
