0.562621033749323,0.16691454096934827,0.3540364667290245,0.03315814055388187,0.05038602953814908,0.07465163252568989,0.10267049030437819,0.06078044952205915,0.08032082027902417,0.05218030671642006,0.07338466593721614,0.09337814465546619,0.04585473955706271,0.08651449136442146,0.11137961193948027,0.06871535536054679,0.06308015092945143,0.09524708618579936,-0.02086951042189622,0.0579122356436156,0.05126202259624843,0.07491422248859411,0.1014753388493513,0.01905297291172307,0.1031467516162383,0.09820895515974612,0.07018106108764836,0.02941387989588252,0.04578372723286178,0.07431475197645233,0.08572026040542645,0.07789976802244311,0.039046616884795576,-0.03312851381813088,0.03666457380095321,0.0684810016091824,0.004157426530559165,0.035544256382583676,0.05554724712264306,0.06636687837448066,0.016048265068196045,0.051716494052018024,0.0956241250985242,0.007857026176700404,0.07122353506403131,0.08163916381840641,0.0991939810720145,-0.0014705782712557257,0.08324686743991591,-0.10395201842247413,0.03966824628492985,0.02476546648945147,0.034598077858269224,-0.00035977410527205696,0.07471601431768128,0.010027094530570936,0.06981749960334792,0.2793290821178873,-0.45462680461803573
0.16691454096934827,1.3806757328975379,1.541888577382268,0.06151491510768654,0.13953150636051082,0.385607021745804,0.14123855361011128,0.3409025271059724,0.2668785795995171,0.1580653863761024,0.24475640687373118,0.20725618545184354,0.148570610447231,0.15457491339030005,0.24115917140575288,0.2032080907159205,0.2644392217994952,0.3227758729362995,-0.15449604448187151,0.23312940181590924,0.2287992299618704,0.2264364878246591,0.1409919484132293,0.2460971992509503,0.22333003246231836,0.34820890955760536,0.22596403006362456,0.18211559099710004,0.31736169283880783,0.0758778302591606,0.1390749894531806,0.17184739752918107,0.11386949972621596,0.27984143969281283,0.3944703941947554,0.3226635824587443,0.0794324455395874,0.10768109899682612,0.10581674030655384,0.327522035297857,-0.1099727619976908,0.24859505038792185,0.15832814124470881,-0.0010901977700292838,0.22298612030763135,0.2601402293425899,0.187893353180769,-0.053785838923015174,0.11110141894135218,-0.5011928211202932,0.28813168677028295,0.21402303745612103,0.04000632793077915,-0.03799803654919205,-0.15651269893536396,-0.09949983844200284,-0.2977646435145842,-0.5392347157343907,1.0298654981966642
0.3540364667290245,1.541888577382268,4.251882357915325,0.02834424882166936,-0.07486244670903586,0.5523040880854103,0.20774910860258672,0.5197181154046067,0.4411140804103608,0.21919600068452502,0.3313044347355523,0.3808065063758864,0.24453284966000283,0.2756081837687952,0.3986814987847302,0.32831954296801363,0.3880488701900766,0.33885811032414254,-0.14494059310494806,0.00016211564649281187,0.30707351451132997,0.404721621154298,0.3464394889320821,0.4115030110512331,0.37302507010049313,0.35546821444449767,0.337289982081958,0.10802912909070386,0.3997225523997463,0.22520052128965695,0.10269782610313673,0.2585057394893861,0.24891582452370511,0.3816113129095975,0.6922840604163238,0.5924614326142232,-0.030397621297631894,-0.023639645853347394,0.25487633702092743,0.4531755382737851,-0.20498445511562832,0.3874639128881168,0.1300006428790111,0.0352077296181418,0.10364030503033383,0.41681646641017633,0.2765672550681945,-0.19098112758056268,0.11078232263738551,-0.6244918762519848,0.3124522193691963,0.16429049953747793,0.26676725422222697,-0.06557580224360303,-0.109830870548874,0.007971849315039732,-0.3355585370137313,-1.2760453128491505,1.5551336575454242
0.03315814055388187,0.06151491510768654,0.02834424882166936,0.6313327314806181,0.5078043567638517,0.32319273168510515,0.17694882968002604,0.23287951620633107,0.11407669178602368,0.21625030040019286,0.212123194558543,0.2676329892328954,0.15632454552745087,0.2215358996039548,0.21174322948288987,0.23494245840780167,0.18498271212964945,0.19263672416682026,0.08280927554455796,0.12476669078731167,0.15963897360992654,0.1499649977274529,0.16419988951290207,0.17697036546600697,0.18981715779303956,0.21784575486678712,0.16719940207963652,0.0837458448238098,0.17452545639354672,0.03848964673012213,0.12373148325483567,0.22459812338305848,0.12594703754330883,0.20035901416213933,0.04735510517504308,0.25995215550104583,0.10049825715765369,0.08302541664141032,0.15834258684199715,0.15263215518087425,0.050622231162328654,0.16915493302394563,0.07906172890000178,0.03925956823533528,-0.010170897579512865,0.14846694476216482,0.1468127456672488,0.04448965769135935,0.1336993244215074,-0.04333459283394442,-0.018327494373498277,0.09039169896568283,-0.0003587338551056521,-0.010301393304808844,-0.07228349873973788,3.4128060224668076e-5,-0.07117385304291897,-0.1670766269606132,0.2916982077984389
0.05038602953814908,0.13953150636051082,-0.07486244670903586,0.5078043567638517,1.334470210132334,0.5045644705206719,0.12162378510935008,0.32717714879541815,0.05494268031852092,0.2526235339989758,0.2900012711545253,0.32705702634289074,0.2163426799989354,0.2973442828613853,0.3428719537990603,0.32555499944387484,0.21898943337410082,0.20148772194840617,0.14324184076134755,0.1657995206958459,0.19403324836423486,0.14563994774831876,0.1703177436773597,0.2177772631272556,0.2538012775025061,0.23527923611083318,0.19101404126313384,0.06708234005114742,0.20707348414255575,-0.07973563392785983,0.1896392943452628,0.27138627070490856,0.07215083817157215,0.25663272994056463,-0.02545472688847969,0.3933246329860464,0.040337720793216125,0.11053888573174606,0.16629122234380106,0.18936735005300806,0.0532374268958092,0.20853453572288896,-0.10326596027383132,0.042486044854917325,0.019677918669033144,0.17500243252253522,0.09870089157470682,0.05323862630177435,-0.013355084162918812,-0.23447740494259364,0.09388443153513124,-0.12899205931518595,0.30037649990735793,0.04582808377598005,-0.21975979061834544,-0.15899240475361665,-0.0677691292969708,-0.28873273889208506,0.6942264933756549
0.07465163252568989,0.385607021745804,0.5523040880854103,0.32319273168510515,0.5045644705206719,0.7750107122017095,0.1116027388998972,0.461792581073125,0.2080384958784908,0.2470827509458497,0.33097608332877626,0.3126397407875933,0.23233538858842614,0.25382302536565715,0.32271911972061923,0.29896912149722055,0.3016550901130658,0.1870057747958522,0.2476908313216232,0.32052553934380196,0.2756425289396448,0.23519312900977848,0.11844271008092531,0.2938563477109434,0.2735158936864181,0.31387287309308,0.26125753440853,0.12678448521297903,0.3843978667858115,0.10856693595431466,0.17916501011638922,0.26978380295593607,0.2016722595325974,0.29540664223827423,0.19028154378684142,0.3223076094625619,0.3861089752409793,0.18249821669857902,0.2818763419335622,0.24702557381442572,0.15080795035200667,0.289192129922988,0.1561228165794096,0.013291912829462503,0.12578111514153245,0.19822311083157337,0.17583098027633862,0.07100570667359112,0.28224516232007224,0.1793307372119941,-0.19589584582396974,0.06314426854597409,-0.1349179618922654,-0.0011521755545985724,-0.14758129657366464,-0.11152786992504056,-0.10668956005897778,-0.37484554103368906,0.6894644238553485
0.10267049030437819,0.14123855361011128,0.20774910860258672,0.17694882968002604,0.12162378510935008,0.1116027388998972,0.4987180910342428,0.08276379830328544,0.27760605173433994,0.13175532676733376,0.17377185433794587,0.30793269770784515,0.1313041930084573,0.14091913851446186,0.10743547689239864,0.19968640449931763,0.19950971365610146,0.18171678562564259,0.10215726055478717,0.12953086565122185,0.16004680223232237,0.218267807441463,0.17744485502305807,0.14489694575993334,0.1507305985015988,0.24428684143287327,0.16468628689376574,0.05426637920022179,0.08977200162174229,0.09157294382235567,0.11687809502744795,0.17235526292540387,0.1690902755115498,0.14507759941001033,0.1773087444765594,0.1661189451653769,0.15323540455688825,0.08236020280721058,0.17539132356075982,0.21538636166816127,-0.012974391850601242,0.1687865659996451,0.17527135613639916,0.024003416490647328,0.10996627690032272,0.10663561256672663,0.14625655498880777,0.029161574049854866,0.31566691687326337,-0.042155450929147874,0.003222372712067775,0.086388145779976,-0.0575447943828008,-0.011488951158702906,-0.025816064913614815,0.09130796759097334,-0.0894633556081027,-0.008332104592654096,-0.07185977490391286
0.06078044952205915,0.3409025271059724,0.5197181154046067,0.23287951620633107,0.32717714879541815,0.461792581073125,0.08276379830328544,0.8345354443046593,0.1123672093648637,0.272269815262283,0.3317053533326688,0.09963873523535977,0.23823067399550563,0.21114446150619814,0.3062457899842905,0.2151006050924361,0.26588721879553817,0.23400949225866197,0.14136868873739478,0.2541940674996062,0.2390159114137846,0.1589506029982588,0.10787118986455882,0.22833902427704,0.2695669682835313,0.32826201039897684,0.22636656148295323,0.06459734105838798,0.3328761227083547,0.1726816082463969,0.1899363093709051,0.18697061647563357,0.11643948759976583,0.29045057280444186,0.33110947296800297,0.26686244907579904,0.1782448146980507,0.13521162589103639,0.3133887849455508,0.23918629214298967,0.05731806500462339,0.25095280674541237,0.21357344334018702,0.02251101065044002,0.07366364160323557,0.1548921971096463,0.23256670822787315,0.10866918924499927,0.30479185603366754,0.009219626730567669,-0.10752827496225639,0.10355633093956534,0.0968789347232425,-0.09442047119402691,-0.15572275706275743,-0.10643173102923117,-0.10203431601740544,-0.14965066256661042,0.46352704660518557
0.08032082027902417,0.2668785795995171,0.4411140804103608,0.11407669178602368,0.05494268031852092,0.2080384958784908,0.27760605173433994,0.1123672093648637,0.8919444550053223,0.04089340530862467,0.1302249051693047,0.16337973184530705,0.10948068474391824,0.14649816194811213,0.07331937904802363,0.13427534217375556,0.234179980115948,0.17498360240558627,0.011371860106996633,0.18998842133409788,0.20924620840233385,0.370252303658542,0.18792309840038401,0.21109062798056244,0.11978022241992725,0.4008153735383137,0.1765340578875105,0.18961171784626457,0.11294861687043449,0.11440357999699777,0.2142176651447915,0.21475560217853684,0.22038151678233334,0.2915966229817633,0.23655574386789915,0.23831941074993368,0.0816616201500796,0.10926454255290383,0.1783453658810122,0.1933927265371626,-0.056064785751986944,0.21224408705562584,0.2955094483821557,0.04559767729680471,-0.02670843013691113,0.3418599541538816,0.1493928834359289,-0.007019223264204142,0.5040314219856187,-0.13664642474078553,0.011463629107218019,0.2785316883124922,-0.07978267727378513,-0.10192969063117195,0.01438747995674189,0.04783009182683398,-0.06724929473937008,-0.32034258084613526,0.2746703740686932
0.05218030671642006,0.1580653863761024,0.21919600068452502,0.21625030040019286,0.2526235339989758,0.2470827509458497,0.13175532676733376,0.272269815262283,0.04089340530862467,0.6420713493194545,0.24971163720028694,0.26503792549716987,0.19442590587544156,0.22401551218153706,0.2665185976875792,0.2105807692903269,0.2300840832398906,0.25450988303453165,0.171403515132247,0.25521510242663936,0.17026688659471162,0.13839487188007515,0.11873017424800648,0.22870636205985537,0.19980550230713723,0.15243648265251636,0.22279144585361835,0.1557980935390485,0.3330457194436595,0.2958024007652158,0.10244375679552713,0.20790706641684065,0.16150221727785208,0.26529952226394926,0.3205850521026709,0.2646800652581822,0.2692151108911962,0.13767305288757303,0.30125528701329773,0.2937636268298883,0.17976108853190112,0.19357355764111,0.24343057004741483,0.040304757876893776,0.03266329137075571,0.21409372333280965,0.3521941217526314,0.08727444036136045,0.3184580308879237,-0.02752308728505077,-0.047482191395665015,-0.016569651540206988,0.06343448884787557,0.007712874973019178,-0.04927782049335586,0.09357059027353568,0.012679310014336306,-0.2584725429028831,0.19303190049103203
0.07338466593721614,0.24475640687373118,0.3313044347355523,0.212123194558543,0.2900012711545253,0.33097608332877626,0.17377185433794587,0.3317053533326688,0.1302249051693047,0.24971163720028694,0.565310375207057,0.26959354324883916,0.22690935374518306,0.22510843114736945,0.31987447872365277,0.2608201320406925,0.27569743429214105,0.20042271506868733,0.13036117488802834,0.21916373295441507,0.19492123399459801,0.17315881513184098,0.17722129790148647,0.23172020778439392,0.23532779778313992,0.2354437543515951,0.22372366880548344,0.12867799515689546,0.29059218190764724,0.13978648843674873,0.18704456690091137,0.2253528706527475,0.1380091339019867,0.23114201978159232,0.28840560249974756,0.3196774541922446,0.1706943711344736,0.12467021912200364,0.2628497215667336,0.2569640346595819,0.040659278316782926,0.22084096610795434,0.13521063022139462,0.02597929750303809,0.10134695881321834,0.18670259630693697,0.1994572294025529,0.06788813636452395,0.1528464056627418,-0.048140153904678414,-0.03287146188256863,0.07166103343789948,0.030307785022509717,-0.018268686741691922,-0.12663741763472697,-0.047408557155161755,-0.023251091880675263,-0.1874580259424684,0.30241937705305555
0.09337814465546619,0.20725618545184354,0.3808065063758864,0.2676329892328954,0.32705702634289074,0.3126397407875933,0.30793269770784515,0.09963873523535977,0.16337973184530705,0.26503792549716987,0.26959354324883916,0.8008523305934404,0.16031527596253425,0.22594067776170498,0.16107383602048567,0.3098480828517163,0.2142943268269449,0.27322801981118866,0.2227262891121629,0.10606694208807847,0.2015609887145359,0.19581332257151615,0.20289730640219691,0.22198822787683975,0.2715418675610267,0.3292267348398123,0.2699544259244155,-0.04288756894093778,0.12496411776179517,0.035268589864183776,0.07724486438672928,0.26024320302110876,0.20882926384620984,0.23310340152244305,0.3132533068586384,0.17978408808903096,0.15013152173111588,0.08051016242283279,0.19736759889807978,0.30003923981006625,-0.09554048366467588,0.2226123023634218,0.22209905677714561,0.007774579208327212,0.11601403562999972,0.16685776097696334,0.20496742978385712,0.08230878857472276,0.39051065477978514,-0.09288633729885604,0.01844499334777099,0.0673451929250665,-0.04063270698287945,-0.02046925419960742,-0.061820411547935626,0.07553716052142616,-0.18455241378720325,-0.250294828463024,0.30766834495372103
0.04585473955706271,0.148570610447231,0.24453284966000283,0.15632454552745087,0.2163426799989354,0.23233538858842614,0.1313041930084573,0.23823067399550563,0.10948068474391824,0.19442590587544156,0.22690935374518306,0.16031527596253425,0.3992932710849085,0.1789776146551563,0.11608385785807125,0.2196428450921654,0.17827424911644024,0.14298930199554225,0.1330670486878557,0.07551753584162967,0.12639781339537678,0.21388031879489544,0.1239918203227901,0.19468561369940063,0.1479219600029638,0.15612909578533543,0.17960854548282315,0.07280715515533867,0.26679904406736377,0.11223443774268008,0.028064852935262917,0.19328575170450518,0.10958657592855787,0.14074823297140046,0.23813542374404345,0.20679713211853323,0.07866718880672051,0.04587805584478943,0.19203552411004338,0.19416038190584478,0.01711842164765944,0.14539844881491915,0.10643367680561089,0.02749783741451081,0.014996886765856749,0.13166386095442556,0.14186527030582136,-0.012044617997824532,0.21953520728461512,0.06195791729070057,-0.029593490044942328,0.015880687076197535,-0.05747827183110312,-0.014886440323178988,-0.056970911330926854,-0.055368051348341704,-0.0029906434744247485,-0.3261756149592103,0.38205108023197404
0.08651449136442146,0.15457491339030005,0.2756081837687952,0.2215358996039548,0.2973442828613853,0.25382302536565715,0.14091913851446186,0.21114446150619814,0.14649816194811213,0.22401551218153706,0.22510843114736945,0.22594067776170498,0.1789776146551563,0.6035320004691046,0.18857212192186865,0.37903966691550217,0.20388577961980078,0.14079311352996401,0.08084223415880706,0.06023325055241263,0.14117523469843027,0.21067736888554506,0.15265534009392237,0.23847435146583515,0.2280667148542837,0.26539289552828194,0.21194725848112964,0.15971555042619073,0.1972994485464726,0.11611488670064973,0.10158527653539483,0.43834378741357566,0.10010909548824173,0.1581324346095655,0.20165705874184914,0.3120238664393299,-0.08057807589494216,0.06055756828063718,0.10613561045650104,0.1580989587702502,0.010967116834534328,0.16166213653791073,0.16109371881212167,0.04374237218303652,-0.09252273321884665,0.23659884456708505,0.1763307810954585,0.018652031719697697,0.36122015103815325,-0.27887659054725633,-0.028832028224899102,-0.016038944866386406,0.34423686527013037,-0.040466736334886066,-0.17751628652603055,-0.017632345483014702,0.10056104201951015,-0.386833485994371,0.4823475132957165
0.11137961193948027,0.24115917140575288,0.3986814987847302,0.21174322948288987,0.3428719537990603,0.32271911972061923,0.10743547689239864,0.3062457899842905,0.07331937904802363,0.2665185976875792,0.31987447872365277,0.16107383602048567,0.11608385785807125,0.18857212192186865,1.0491777573724341,0.12528285327418054,0.1991399225969509,-0.02869449472889641,0.06061105245071288,0.2579365290282123,0.15610584960371846,-0.040748688264599146,0.2303964934114658,0.19767470621033642,0.3000780312152644,-0.0018299124156669908,0.18004705921949946,0.11088106044515292,0.27404662806514296,0.2721241152101232,0.19009809592723742,0.13208720795341478,0.1480445434375639,0.2274363917542193,0.09206139977187464,0.3984998312747619,0.2301993742376574,0.12421665932461448,0.2863810502279001,0.1177163572730726,0.1960663378543832,0.18896094275885203,0.006458680435041639,0.04154327973131085,-0.03418575806657412,0.16725091663092184,0.1439006111285607,0.17857632203992488,0.013147193821165078,-0.05824461802527843,-0.10935921985833244,0.06297545525875581,0.21582293161042906,-0.048391222326101824,-0.01716365568153605,0.007944070269063568,-0.06134343583686247,-0.11573192255495124,0.14492792728097803
0.06871535536054679,0.2032080907159205,0.32831954296801363,0.23494245840780167,0.32555499944387484,0.29896912149722055,0.19968640449931763,0.2151006050924361,0.13427534217375556,0.2105807692903269,0.2608201320406925,0.3098480828517163,0.2196428450921654,0.37903966691550217,0.12528285327418054,0.6716732584804407,0.2676757454104692,0.13820803517922373,0.11745597056134172,0.12141500504587817,0.18860104589952303,0.31519455295722487,0.12730378742515727,0.2619287431074544,0.2623683967654779,0.2659409057942447,0.26246607401150673,0.13554799374703444,0.23529325685546823,0.13584366006661533,0.08980877015699282,0.3234585003151746,0.13372825317878312,0.19699995633256964,0.3924463280666089,0.25775165039951686,0.04104333122270557,0.080786821106156,0.1509019833980832,0.26894464768145854,-0.026087654785958567,0.2190143648120983,0.23163414974890711,0.02580820900309765,0.047064440574622286,0.21979003672530162,0.18690487641343237,-0.05109196687267202,0.3225849133716444,-0.29417799298411373,-0.03126635365603555,-0.010657139672043568,0.17006886263467552,7.589072492940605e-5,-0.11358935201238601,-0.042030195362311826,-0.14422586264038248,-0.4074253674892103,0.6444188329712522
0.06308015092945143,0.2644392217994952,0.3880488701900766,0.18498271212964945,0.21898943337410082,0.3016550901130658,0.19950971365610146,0.26588721879553817,0.234179980115948,0.2300840832398906,0.27569743429214105,0.2142943268269449,0.17827424911644024,0.20388577961980078,0.1991399225969509,0.2676757454104692,0.5145635181542275,0.2336487938526757,0.10790085398861973,0.24932684521830442,0.23447455100248568,0.31165684283264755,0.17877044712113507,0.22991329542100045,0.22120378927171186,0.24982174566094506,0.21768197988366778,0.3131189220338346,0.24808404152992952,0.17788047155388748,0.21170943299440553,0.20619091062420344,0.1970697153136206,0.22522814323151288,0.29256568191795,0.35853928819742503,0.29743573582210636,0.14631884163306064,0.2339285905213064,0.2555305496586784,0.10087065243094323,0.27617496464786584,0.20290859716254034,0.04683081962798732,0.17157392885633874,0.25365105568214746,0.2478852787885696,-0.00960484911547612,0.16818860846281783,0.006552807396228818,-0.028375804995215626,0.12274232645894259,-0.03776922214550043,-0.025585661139097784,-0.1541697099745784,0.0016488223303353345,-0.1202166655338968,-0.25372243332645555,0.363609216509876
0.09524708618579936,0.3227758729362995,0.33885811032414254,0.19263672416682026,0.20148772194840617,0.1870057747958522,0.18171678562564259,0.23400949225866197,0.17498360240558627,0.25450988303453165,0.20042271506868733,0.27322801981118866,0.14298930199554225,0.14079311352996401,-0.02869449472889641,0.13820803517922373,0.2336487938526757,1.0682423760674435,0.06560334589216676,-0.13366754103769768,0.1832731404214423,0.22859837575335368,0.22651470522965242,0.17628575506730548,0.16346501009553246,0.49462480608775455,0.10887925623127975,0.29808046930184817,0.2029567817371462,-0.08266332937255351,0.0765868062688264,0.20116585598671377,0.11797929071716326,0.260928232120809,0.27736510152535737,0.1935889348558837,-0.07715593183243892,-0.04126496768513059,0.05178066454365263,0.18002403025529937,-0.2395017235552793,0.16061762649949196,0.4633131967477359,0.05372264128431661,0.020832413691333772,0.23369105408966165,0.4535945679507402,-0.0066802007525428655,0.12094369387250176,-0.26690411243960815,0.26746040076288363,0.3896549287627386,-0.15907730027020095,-0.1226947447028358,0.04135903000830138,0.01789026031014481,-0.07895677158985921,-0.04925832959398031,0.03981348438016406
-0.02086951042189622,-0.15449604448187151,-0.14494059310494806,0.08280927554455796,0.14324184076134755,0.2476908313216232,0.10215726055478717,0.14136868873739478,0.011371860106996633,0.171403515132247,0.13036117488802834,0.2227262891121629,0.1330670486878557,0.08084223415880706,0.06061105245071288,0.11745597056134172,0.10790085398861973,0.06560334589216676,1.3566921885131376,0.1670332836116421,0.1225117352111813,0.05895843931568344,-0.2987968827047143,0.09325790628918583,0.07925631830954533,-0.057075350390707075,0.09969408728766806,0.17998339498157423,0.035355143298595765,0.036442322124017025,0.060042107930298176,0.09430686502359836,0.25995396786242086,-0.01039492456151487,-0.1558060721123393,-0.044464519582622604,0.6828484179080047,0.1254400686230801,0.31003730817186775,-0.07783126849078449,0.320252530795176,0.08881786821056685,0.07709830268012002,0.009502965000037231,0.2222495233217052,0.02653441578539442,0.07120123357846132,0.2108402234445318,0.12462657038581917,0.86546328371645,-0.12037123847095296,-0.014082729879667119,-0.5977814855618595,-0.015457462653999639,-0.03066153010758348,0.031173360510475843,0.11141720505597083,0.19039426347094338,-0.2503966319874012
0.0579122356436156,0.23312940181590924,0.00016211564649281187,0.12476669078731167,0.1657995206958459,0.32052553934380196,0.12953086565122185,0.2541940674996062,0.18998842133409788,0.25521510242663936,0.21916373295441507,0.10606694208807847,0.07551753584162967,0.06023325055241263,0.2579365290282123,0.12141500504587817,0.24932684521830442,-0.13366754103769768,0.1670332836116421,1.6806048609958175,0.2518927728378912,0.06862211381981313,-0.2024429379464585,0.21693842716190592,0.11102562224892208,0.2875089744048634,0.3410936866810148,0.318698468440745,0.3036428024887076,0.48118566713622074,0.3723768128068164,0.10430444961047197,0.25109186421962315,0.287329700550916,0.3073903455898438,-0.030465265698574565,1.2412796651104037,0.800668147112368,0.38017953276314503,0.4758527473391791,0.6071640303229302,0.25176883273833234,0.8116923864656052,-0.0949438761955686,0.8436378393265889,0.20629024876397967,0.25572313691493564,0.3975744966074061,0.8859535201526354,0.14091619280752443,-0.23865936449429467,-0.066482785662052,-0.13412423709316548,0.03623652205465537,0.04411663334634525,0.015001202005399518,0.2624211657115058,-0.17820459929484295,-0.06915919957993445
0.05126202259624843,0.2287992299618704,0.30707351451132997,0.15963897360992654,0.19403324836423486,0.2756425289396448,0.16004680223232237,0.2390159114137846,0.20924620840233385,0.17026688659471162,0.19492123399459801,0.2015609887145359,0.12639781339537678,0.14117523469843027,0.15610584960371846,0.18860104589952303,0.23447455100248568,0.1832731404214423,0.1225117352111813,0.2518927728378912,0.4823329552013262,0.22009048655655847,0.15537214203383984,0.20375956335165354,0.16249720734149456,0.24399286768674563,0.17786345915748045,0.08459883462957218,0.1216710954232042,0.3010582743353975,0.468709750872317,0.13677693967103788,0.3210359766825471,0.1226941542644962,0.29040637560726146,0.34405104180653995,0.3529112277184939,0.15979826107749073,0.27922399122639696,0.2414877588759755,0.25016848036769807,0.4395828132531235,0.29982329719622464,0.04822542023272751,0.30639830850700744,0.2789566972069563,0.29502942172462854,0.11763036878313521,0.23421926519548017,0.08662065523524057,-0.07816022606292473,0.06211798537665747,-0.049534205666414276,-0.03542005983639637,-0.02624008587554353,-0.008896691615725014,-0.3181929519745506,-0.12028808179980771,0.46373424401483054
0.07491422248859411,0.2264364878246591,0.404721621154298,0.1499649977274529,0.14563994774831876,0.23519312900977848,0.218267807441463,0.1589506029982588,0.370252303658542,0.13839487188007515,0.17315881513184098,0.19581332257151615,0.21388031879489544,0.21067736888554506,-0.040748688264599146,0.31519455295722487,0.31165684283264755,0.22859837575335368,0.05895843931568344,0.06862211381981313,0.22009048655655847,0.8155572424319233,0.2619137594639744,0.2504667027967476,0.15686326222442054,0.2550371967054482,0.19057061305009465,0.150233597505051,0.2239340360165369,0.21330823334043686,0.15637484050503161,0.24459162984455335,0.24626276740894137,0.14846797922616387,0.34099985073685163,0.3345227801049513,0.10930372428458045,0.06417850008336147,0.17906551781503943,0.228591833276991,0.038117782794456836,0.24878550627338294,0.13989508371416579,0.06441343768969697,-0.003749308373999792,0.3684750724361281,0.23679940902563854,-0.3269856191618777,0.38588313839538874,-0.0984618108853584,-0.018595387663309915,0.03257554959939238,-0.034419482538088526,-0.01639491078098057,-0.05721781570370534,0.008283067622459835,-0.18536896953926318,-0.424802807421694,0.5549653821137958
0.1014753388493513,0.1409919484132293,0.3464394889320821,0.16419988951290207,0.1703177436773597,0.11844271008092531,0.17744485502305807,0.10787118986455882,0.18792309840038401,0.11873017424800648,0.17722129790148647,0.20289730640219691,0.1239918203227901,0.15265534009392237,0.2303964934114658,0.12730378742515727,0.17877044712113507,0.22651470522965242,-0.2987968827047143,-0.2024429379464585,0.15537214203383984,0.2619137594639744,1.4422894487971982,0.2526463028624287,0.3542285202230739,-0.10712030296678483,0.07556428403145955,-0.2713772610554475,0.27084457180916816,0.3418795355074983,0.15947717801592082,0.13868566371634175,0.25526784876236297,0.20639478985196405,0.10905844980692808,0.7335059444586917,0.12574720276205154,-0.08336293165088651,0.3429592168700612,0.17857102226872232,0.06739941392154694,0.214236484354584,-0.24261722267417746,0.15207358003336024,-0.23423367177807483,0.2377161727361118,0.2850553723171109,0.019353965197105524,-0.24982572264830505,0.1796898967111803,0.0034034579667818264,0.2104566410684311,-0.11918666743791997,-0.0663992993339937,-0.10547420432981551,0.06296058483709326,-0.2251112039623473,-0.45005517450152277,0.5485952147845444
0.01905297291172307,0.2460971992509503,0.4115030110512331,0.17697036546600697,0.2177772631272556,0.2938563477109434,0.14489694575993334,0.22833902427704,0.21109062798056244,0.22870636205985537,0.23172020778439392,0.22198822787683975,0.19468561369940063,0.23847435146583515,0.19767470621033642,0.2619287431074544,0.22991329542100045,0.17628575506730548,0.09325790628918583,0.21693842716190592,0.20375956335165354,0.2504667027967476,0.2526463028624287,0.5606429241176436,0.20353567247338086,0.11686790285538577,0.20985025719061123,0.11307270808274415,0.3052549730250777,0.4459792885046134,-0.10309335967444026,0.26598025107759765,0.4294359307989064,0.16963718228622698,0.4761557716784177,0.3267326301394802,0.35228770329898507,0.12336569792280018,0.23003901251023026,0.30962884670027896,0.11025128094196535,0.2515996800389226,0.20103412277951846,0.027404887041995937,0.006646271990699729,0.2667138781927945,0.2968344450826911,0.050796185376301185,0.4323796668735643,0.07258740846500196,-0.1027478869447538,0.13674518961350293,-0.07420482056044962,-0.05357120818756614,-0.044717259695958106,-0.06019570568319085,-0.046480877955020136,-1.0913418259112375,1.2558095033790158
0.1031467516162383,0.22333003246231836,0.37302507010049313,0.18981715779303956,0.2538012775025061,0.2735158936864181,0.1507305985015988,0.2695669682835313,0.11978022241992725,0.19980550230713723,0.23532779778313992,0.2715418675610267,0.1479219600029638,0.2280667148542837,0.3000780312152644,0.2623683967654779,0.22120378927171186,0.16346501009553246,0.07925631830954533,0.11102562224892208,0.16249720734149456,0.15686326222442054,0.3542285202230739,0.20353567247338086,0.8431167464117723,0.1604499338893227,0.19690688442550003,0.04628472136862148,0.3575041634298428,0.161495092702796,0.2058658419420647,0.20428613376034804,0.09540293352527232,0.2725639992788116,0.20439016304558083,0.40330426860294644,0.028224389574191336,0.07220804639059124,0.20018742911338225,0.1522571521263631,0.01214065326384587,0.19159436228913804,0.13425847880328323,0.05297764558970841,-0.03290556114812616,0.27502793582771995,0.20254694911211854,0.002454356938828548,-0.07673065186482823,-0.20990139302357233,-0.010238255167339819,0.08440158850844444,0.11876324528584588,-0.05232183677377739,-0.07947047649729898,-0.014815112165570582,-0.11604196398326674,-0.22126534794008781,0.3682674500882849
0.09820895515974612,0.34820890955760536,0.35546821444449767,0.21784575486678712,0.23527923611083318,0.31387287309308,0.24428684143287327,0.32826201039897684,0.4008153735383137,0.15243648265251636,0.2354437543515951,0.3292267348398123,0.15612909578533543,0.26539289552828194,-0.0018299124156669908,0.2659409057942447,0.24982174566094506,0.49462480608775455,-0.057075350390707075,0.2875089744048634,0.24399286768674563,0.2550371967054482,-0.10712030296678483,0.11686790285538577,0.1604499338893227,1.9116907415865065,0.2571991042878163,0.3509580643898326,-0.40283301269109295,-0.4866533556411891,0.2626074440347429,0.3710390147143423,0.04289899920606422,0.33306864250520435,0.48875027592813935,-0.1419308136503792,-0.4474562517135535,0.14644054937459206,-0.4345086902057283,0.308369883545556,-0.5364550712479964,0.21826401649339983,0.8096212958759517,-0.02767164299507897,0.06653460169036796,0.1957421709073682,0.03217630780710582,0.16676819473321572,1.0048378971971512,-0.4829361788553238,-0.011949076261667186,0.37413750982834576,-0.03349908673296055,-0.0564658712688127,-0.0034103285028511637,-0.054481854818495504,-0.15468726532578236,0.07632492035496823,0.1415160302662194
0.07018106108764836,0.22596403006362456,0.337289982081958,0.16719940207963652,0.19101404126313384,0.26125753440853,0.16468628689376574,0.22636656148295323,0.1765340578875105,0.22279144585361835,0.22372366880548344,0.2699544259244155,0.17960854548282315,0.21194725848112964,0.18004705921949946,0.26246607401150673,0.21768197988366778,0.10887925623127975,0.09969408728766806,0.3410936866810148,0.17786345915748045,0.19057061305009465,0.07556428403145955,0.20985025719061123,0.19690688442550003,0.2571991042878163,0.7837398777899087,0.21735505692679163,0.1225133948704592,0.13456296183393865,0.24038075251807958,0.2492713980101993,0.23303226934544033,0.21831153834209324,0.2531402519514063,0.32007112226179746,0.30284365587737816,0.20540894774015794,0.17644857010510848,0.2863358686416887,0.09991057354111178,0.20404453406329942,0.50418811771268,-0.052758721160574985,0.16273422998566725,0.2933414452952198,0.1611638417794351,0.1110703541002913,0.3990664920240329,-0.09683307089537826,-0.07801947331135933,0.08830335464470591,0.02914712322451314,-0.04001519324385171,-0.017492891742408742,0.01726949568706058,0.06150016153053855,-0.3266112927219124,0.2726841761192347
0.02941387989588252,0.18211559099710004,0.10802912909070386,0.0837458448238098,0.06708234005114742,0.12678448521297903,0.05426637920022179,0.06459734105838798,0.18961171784626457,0.1557980935390485,0.12867799515689546,-0.04288756894093778,0.07280715515533867,0.15971555042619073,0.11088106044515292,0.13554799374703444,0.3131189220338346,0.29808046930184817,0.17998339498157423,0.318698468440745,0.08459883462957218,0.150233597505051,-0.2713772610554475,0.11307270808274415,0.04628472136862148,0.3509580643898326,0.21735505692679163,1.8433851003976778,0.186400972224217,0.0359564640303266,0.3443970330218359,0.23049691336841652,0.057873368361158195,0.15704396352840216,-0.07316044325110124,0.5250540582573872,-0.043993408843025134,0.17325529703122006,0.05313787769558999,0.038624119871742676,0.16581173025897006,0.010831372258492813,0.44539783475788236,0.1183253749375405,-0.1162329786670192,0.3544932673736261,0.14993204854609193,0.08747054972444294,0.01870533121491053,-0.33653056819217875,0.11977912842258735,0.4666651917891949,-0.2831301686254778,-0.060378012576364874,0.33278267003865764,-0.047811634041392485,0.16306894659091217,-0.0473386745650128,0.02331309832291679
0.04578372723286178,0.31736169283880783,0.3997225523997463,0.17452545639354672,0.20707348414255575,0.3843978667858115,0.08977200162174229,0.3328761227083547,0.11294861687043449,0.3330457194436595,0.29059218190764724,0.12496411776179517,0.26679904406736377,0.1972994485464726,0.27404662806514296,0.23529325685546823,0.24808404152992952,0.2029567817371462,0.035355143298595765,0.3036428024887076,0.1216710954232042,0.2239340360165369,0.27084457180916816,0.3052549730250777,0.3575041634298428,-0.40283301269109295,0.1225133948704592,0.186400972224217,3.461502369858548,0.6130844902475175,-0.6041441981824769,0.21011600294079397,-0.39829735863052645,0.7308867990244747,0.3510905049155334,0.715004950483576,-0.3421450729824441,0.06595965450056478,0.7745481120558997,0.3833649785175669,0.2953169487272635,0.0989342553955553,0.2598099641165526,-0.0031014225176060413,-0.6663492574085589,0.16977721040317292,0.49557731997669635,-0.12124463594100701,0.4471727618779946,0.7020833941281944,-0.6163088972829286,-0.22460085096782942,-0.13150149150225782,0.046330310292377185,-0.026767100858447666,-0.07723837780173186,-0.1713206960623704,-0.2659054398691094,0.5406647329161973
0.07431475197645233,0.0758778302591606,0.22520052128965695,0.03848964673012213,-0.07973563392785983,0.10856693595431466,0.09157294382235567,0.1726816082463969,0.11440357999699777,0.2958024007652158,0.13978648843674873,0.035268589864183776,0.11223443774268008,0.11611488670064973,0.2721241152101232,0.13584366006661533,0.17788047155388748,-0.08266332937255351,0.036442322124017025,0.48118566713622074,0.3010582743353975,0.21330823334043686,0.3418795355074983,0.4459792885046134,0.161495092702796,-0.4866533556411891,0.13456296183393865,0.0359564640303266,0.6130844902475175,3.190690046803776,0.27623439118002235,-0.020892287247771386,0.5213707738583281,-0.23288140315090394,0.7664892032656413,0.5733768568097436,0.7311611995808444,0.23530089730731366,0.7779850657335035,0.38523247038021985,0.9554815714205046,0.37511705353172553,0.7741981016843428,0.12863817641263395,0.06356289490567113,0.4683100244823105,1.3768201899379413,0.23333144833000138,1.187118147668776,0.17471301226809907,-0.5141230331215564,-0.18914872055940574,0.39275885525421905,-0.03726164647733877,0.2964481567330435,0.14571959426898384,-0.19703140319739834,-0.13925117679450974,0.0753327163340433
0.08572026040542645,0.1390749894531806,0.10269782610313673,0.12373148325483567,0.1896392943452628,0.17916501011638922,0.11687809502744795,0.1899363093709051,0.2142176651447915,0.10244375679552713,0.18704456690091137,0.07724486438672928,0.028064852935262917,0.10158527653539483,0.19009809592723742,0.08980877015699282,0.21170943299440553,0.0765868062688264,0.060042107930298176,0.3723768128068164,0.468709750872317,0.15637484050503161,0.15947717801592082,-0.10309335967444026,0.2058658419420647,0.2626074440347429,0.24038075251807958,0.3443970330218359,-0.6041441981824769,0.27623439118002235,3.638419465525064,0.12280846228482176,0.5073180180178526,0.14220789188423083,0.0509079941681826,1.2530313395407868,0.4492527596775098,0.33842071751154734,0.19693411161003951,-0.06856330207337015,0.2658290790280935,0.44886488686435594,-0.6445971463517596,0.1808258734036935,0.5744212994041599,0.5131654941484761,0.2805684045761352,0.023768352814515,-1.0750442893533538,-0.3657860460743803,0.05343823532957061,0.2293182418239276,0.14121202936453314,-0.0647702367787502,0.21315315146799058,-0.07694717709372556,0.2047816554802847,0.1613180562668555,-0.307593693874227
0.07789976802244311,0.17184739752918107,0.2585057394893861,0.22459812338305848,0.27138627070490856,0.26978380295593607,0.17235526292540387,0.18697061647563357,0.21475560217853684,0.20790706641684065,0.2253528706527475,0.26024320302110876,0.19328575170450518,0.43834378741357566,0.13208720795341478,0.3234585003151746,0.20619091062420344,0.20116585598671377,0.09430686502359836,0.10430444961047197,0.13677693967103788,0.24459162984455335,0.13868566371634175,0.26598025107759765,0.20428613376034804,0.3710390147143423,0.2492713980101993,0.23049691336841652,0.21011600294079397,-0.020892287247771386,0.12280846228482176,0.712648629421505,0.12444893888258379,0.1270371805614666,0.09850800512911267,0.2748446018096793,-0.16064778506068225,0.09009116956119524,0.0852198329464918,0.19668424711289217,-0.06574989147415067,0.14485260762534016,0.20391273167770704,0.017651072612780466,-0.030167062233813182,0.2891813182768624,0.14467807508441552,0.014380897432838595,0.45234228911071517,-0.07916378080831818,0.10428205089548902,0.3364733917645789,-0.33606539586800127,-0.029602713003649906,-0.1689509389499094,-0.004275002408840018,0.3297607346606736,-0.5652418023380117,0.40840584618323467
0.039046616884795576,0.11386949972621596,0.24891582452370511,0.12594703754330883,0.07215083817157215,0.2016722595325974,0.1690902755115498,0.11643948759976583,0.22038151678233334,0.16150221727785208,0.1380091339019867,0.20882926384620984,0.10958657592855787,0.10010909548824173,0.1480445434375639,0.13372825317878312,0.1970697153136206,0.11797929071716326,0.25995396786242086,0.25109186421962315,0.3210359766825471,0.24626276740894137,0.25526784876236297,0.4294359307989064,0.09540293352527232,0.04289899920606422,0.23303226934544033,0.057873368361158195,-0.39829735863052645,0.5213707738583281,0.5073180180178526,0.12444893888258379,1.7625807820084365,-0.39601823052824187,0.007443519170064519,0.09888854014055545,0.9930793508017569,0.14896112297873818,-0.030294902252215237,0.08771353063062486,0.3056397193190621,0.34916725020458816,0.06939243638575794,0.030532436295111196,-0.16931173428632276,0.4113244496622507,0.3230251116598036,0.16689367633700677,0.5170595621747851,0.5024542020025283,-0.2609371343029816,0.44266575694184385,-0.47616317709632583,-0.13125443581316804,0.07200912236442993,0.1349736081267347,-0.07696983420098605,-0.7058305653371908,0.6051543499051149
-0.03312851381813088,0.27984143969281283,0.3816113129095975,0.20035901416213933,0.25663272994056463,0.29540664223827423,0.14507759941001033,0.29045057280444186,0.2915966229817633,0.26529952226394926,0.23114201978159232,0.23310340152244305,0.14074823297140046,0.1581324346095655,0.2274363917542193,0.19699995633256964,0.22522814323151288,0.260928232120809,-0.01039492456151487,0.287329700550916,0.1226941542644962,0.14846797922616387,0.20639478985196405,0.16963718228622698,0.2725639992788116,0.33306864250520435,0.21831153834209324,0.15704396352840216,0.7308867990244747,-0.23288140315090394,0.14220789188423083,0.1270371805614666,-0.39601823052824187,2.080385927515584,0.4298055879489927,0.21930524869659057,0.2975720555433497,0.12752765035601615,0.38283882551568416,0.16372940840057346,-0.22793596679710096,0.19046405172734784,0.747125995056649,0.17953596747679576,-0.5732840153888614,0.0696494795474363,0.09835799881207616,0.1470654983547284,0.5922038319584723,-0.48909268623645435,-0.10715148078628245,0.09489916519895439,0.49497072654752444,-0.13056354194412012,-0.049647607360675125,0.03868970817410124,-0.27302951681647436,-0.11290164989549849,0.36603882298220525
