1.128076252069318,0.24580542719014423,0.16899222762138888,0.21933672849193012,0.44495811899755167,0.1961921552552845,0.27936583513375496,0.21675656688111955,0.1357556686474369,0.2051843081738267,0.20183191785622973,0.22393168563267804,0.20990673908995858,0.2015938514986757,0.14118186573959282,0.15350455863187282,0.16305282866250478,0.17246925028227633,0.028533122134085362,0.07581478187679391,0.16056596362208944,0.21588157383104073,0.1094703103843715,0.05054790946538164,0.15052554046193184,0.1610091157381878,0.17217221686369977,0.04732985237952481,0.09705279107870085,0.08561742665755348,0.11085946268562848,0.1807791578844823,0.12665154474197055,-0.12790522218047495,-0.04486392494850709,0.11448446893847312,0.12868442434454067,0.2548982987407815,0.11391080467521035,0.1376325098223919,0.17901771685051207,0.10372125602458564,0.1604633221227003,0.03852216411318413,0.20215945889867915,0.062354822460385,0.10625037970537574,-0.024825017092748845,0.13338145798698126
0.24580542719014423,2.270777109276366,0.2345401892978889,0.04491188832540286,0.09500056143113601,0.6243039104838853,0.2139708031239506,-0.036241362718857584,0.2546630227013548,0.08034712398764919,0.20615211825378787,0.18817088118375191,0.24874813896754092,0.1312387370334742,0.2735233779267266,0.07784952081471153,0.2805280653345182,0.2693653501608714,-0.2340140162708766,0.05828533684448596,0.1774063812621394,0.26351733483971235,0.06807781677366656,0.11234396593731237,0.1843948302388206,0.054723300801963505,0.2096755967286923,0.10428760010331461,0.4634145337188798,0.09117760154590511,0.22068010852994915,0.17033276403036426,0.11302589117419586,0.20220832121348759,0.05756593535856287,0.13688874690433847,0.46724136681679646,0.14471196109589357,0.29996208972322,0.021301467184758806,0.059690957926757646,0.0815744254604926,0.1504952977831038,0.02103991011319173,0.1895645658987278,0.14695689021462868,0.24524414766223815,-0.09207289864536777,0.24287181436993535
0.16899222762138888,0.2345401892978889,3.028324478565994,0.056588079229969515,0.011842839079588953,0.2689347914834815,0.1590111658487197,-0.07210242508895952,0.20019492043309514,0.09173175033545097,0.017568706898888037,0.1883706068119895,0.13328029962617483,0.0224766705260583,0.18358592563227927,0.1041279933575037,0.3020234841800766,0.1421298934816273,0.10266596137059776,0.03403593482281011,0.08289126411486102,0.33405794824961965,0.2078526996111023,0.10809087057825614,0.14602845812090567,-0.06284830175971644,0.13741310661571915,0.11579279909517118,0.09148826871848899,-0.5413774496125061,0.06625300608292668,0.08961767168356694,0.26965880257988883,0.27883893944488714,-0.06245865965932261,0.40924081037197024,0.41019904367310756,-0.06846740512545246,0.049135653453198175,-0.8191665988787171,-0.06399704946506189,0.0010809724869058463,0.022110548761908412,0.027247366228792702,-0.28446219028935027,0.7726049833549704,-0.1374011197839124,-0.5466206473885233,-0.9529080780464169
0.21933672849193012,0.04491188832540286,0.056588079229969515,0.8121507980327405,0.7344912410971752,0.3726640495377847,0.3337600607907594,0.43181512849426734,0.2045933347925166,0.3907419056779635,0.35928207312709126,0.3838664026178865,0.38600878985973647,0.327082446688712,0.21892904967967164,0.30220922287105384,0.2744269317621726,0.337537235285774,0.004162084468531221,0.363956877311622,0.23925857850520185,0.4250796170263835,0.4552896176496553,0.2757405582750903,0.34249864615084513,0.2843578371202469,0.2917104645639381,0.06550772914534055,0.4264982447717835,0.1172900920347224,0.16763236660163564,0.34535283816259005,0.12832809186494434,0.4077067923064972,-0.016042052464169405,0.25957799737345355,0.24414779102728315,0.3013585561206072,0.33806715551260463,0.1821247010753968,0.1534371833980403,0.24417412865378765,0.2856397241976951,0.05911051877381464,0.0639071716641128,0.14946073479058597,0.27246652312136305,-0.09733395751622902,0.4431247611085544
0.44495811899755167,0.09500056143113601,0.011842839079588953,0.7344912410971752,2.1022688899957704,0.1676622944943816,0.3289955722229869,0.6354413862273316,0.33863454783714225,0.4571758322192403,0.44066765644478373,0.5575091157701983,0.4529482893751838,0.38384260886311083,0.32210164844161193,0.4446865997779759,0.18937149550478913,0.37907853746410985,-0.0895924277463883,0.28070225149124206,0.2541204136223829,0.40788589210586823,0.5709567219734553,0.2834218925576529,0.39395529031862453,0.39067120048424614,0.32830461126342336,-0.03985087206045033,0.4307134609333287,0.007066269517523697,0.14477867992738644,0.4289354993490024,0.16111040164049856,0.48187485350339687,-0.27513623346755245,0.2764896513173174,0.18385148955373606,0.40950491267551026,0.3710275710999919,0.2649414625184266,0.15186806083917817,0.27775843172057435,0.31370194677632673,0.05629299569932387,0.05838588231968285,0.10701527614898737,0.27230941650902096,-0.06506864543877394,0.4933231278653666
0.1961921552552845,0.6243039104838853,0.2689347914834815,0.3726640495377847,0.1676622944943816,1.3849469278421875,0.28532320841063774,0.15868917567418547,0.1254443461431903,0.30156277492880623,0.373301023399129,0.29278492216027935,0.4318117123816679,0.35984997611070946,0.27194974500472063,0.2189548718383823,0.5140122599038246,0.34455147276945064,0.3938369284311677,0.6863531849433042,0.3307469803203303,0.6224494974044097,0.3404964350852473,0.31671087146768884,0.31611781700561653,0.27557853371024127,0.33950782343120617,0.12334870365691782,0.6433643633828019,0.14610367611754022,0.30628502506128485,0.3878118935933723,0.11156583659688503,0.4878714635646326,0.11169589007377893,0.31987603413386184,0.4230828037637959,0.3907146035905181,0.3554435820070288,0.15558157773769385,0.16760818316300352,0.28779527470222216,0.4121417103989518,0.06808731704882119,0.16831390270973584,0.2693537016331902,0.3487627548890463,-0.18626084397404163,0.4980176269982666
0.27936583513375496,0.2139708031239506,0.1590111658487197,0.3337600607907594,0.3289955722229869,0.28532320841063774,0.7366161328939284,0.14950389911605236,0.2238668359790157,0.2710561398358594,0.29285674898423025,0.3558371805254118,0.31353633699628625,0.22983927706192006,0.16112088836288374,0.21894591565514313,0.31658349310459644,0.255618335477955,0.0016285655146600192,0.24231128008070724,0.23066265517812315,0.440678620853815,0.3730514075218935,0.266678893315942,0.27744208573055995,0.22269870444015194,0.25673929606338997,0.13933146866962492,0.30073835608735416,0.1219823838698542,0.173977981220968,0.2929359911982589,0.20496347439619222,0.30075110637762104,0.07056234416978491,0.2633929892547576,0.2692020108992346,0.24793671620603153,0.2674000970191831,0.10397389762688335,0.1591981688292787,0.20728865466647375,0.24026992076620923,0.043424924667055664,0.021167732978545836,0.17157319793774845,0.16133274065140177,-0.11543522597650117,0.38124973386576
0.21675656688111955,-0.036241362718857584,-0.07210242508895952,0.43181512849426734,0.6354413862273316,0.15868917567418547,0.14950389911605236,1.3532268456175494,0.0794745130910622,0.5406568312187294,0.538179206079782,0.38899256996505666,0.4706871279792781,0.41599062553291355,0.20034837489218146,0.358961924101487,0.2982305394512619,0.4038461206216335,0.1910322801101868,0.6090457063494205,0.23496685858761435,0.40788103084737753,0.493958628123319,0.31332673919259063,0.4739888162787628,0.3309845344945725,0.3840594382099612,0.34033595828952373,0.6017849168879043,0.3298993671750424,0.2326881908712102,0.3457349123267114,-0.01665299503828213,0.6059101533560362,0.6891205841894857,0.21409166789026238,0.39634452228487305,0.23661987719032063,0.669230142345049,0.18922021186282767,0.1687248534885475,0.32348815416355753,0.3116322431133163,0.04083270113306175,0.1660320108708578,0.10954917049404016,0.4568921469316077,-0.04613191190222611,0.7751449833766308
0.1357556686474369,0.2546630227013548,0.20019492043309514,0.2045933347925166,0.33863454783714225,0.1254443461431903,0.2238668359790157,0.0794745130910622,0.8193684097664181,0.11996566235118286,0.14292565606391813,0.19368954120005,0.18847299101267825,0.16524375471591646,0.18408472846068866,0.0978598623762238,0.1124992226507585,0.19469980996422412,-0.32465040255017635,0.05103091699007652,0.14906687397565485,0.22593344699084314,0.3351021552638555,0.18579406347915126,0.19125666882150844,0.23582511227623956,0.15110533918395294,0.09014777426569517,0.10663272487775433,0.006014383005092975,0.06467766955389968,0.1883600102198353,0.19923584873748718,0.16219640149657025,-0.024188085490548197,0.13601644258479126,0.16690181165529783,0.10421257945252212,0.17795676494222082,0.03663312451214631,0.08292694210442798,0.11453770040220156,0.1196647095532584,0.021403004126526258,-0.03218059354196382,0.1073886671803746,0.12859932557901677,-0.05814752756537336,0.20569752983797973
0.2051843081738267,0.08034712398764919,0.09173175033545097,0.3907419056779635,0.4571758322192403,0.30156277492880623,0.2710561398358594,0.5406568312187294,0.11996566235118286,1.0423069701246142,0.3325639831709288,0.34179664079323585,0.38613224542196123,0.3126711520094037,0.17930613018457492,0.295650158689365,0.30321827549491115,0.3342989982995254,0.19665135328932262,0.5235806312864724,0.22641256725416176,0.45783906107926486,0.40475514376369925,0.2529471111240906,0.34382258212144867,0.23993374688971386,0.3391048472311484,0.1614804982936803,0.6461802723143072,0.26286143869482526,0.21709412569137748,0.32173134520238333,-0.06672850128402553,0.5373804636717926,0.36977767236534814,0.27086555222863357,0.24998055006975137,0.2780100614998251,0.44275173079394187,0.1674302420734704,0.14068929181658563,0.26321044964859586,0.30406644727074855,0.05223058037264976,0.12115692372961549,0.17842101062357552,0.3307296352311847,-0.13113222111669537,0.5301644141560237
0.20183191785622973,0.20615211825378787,0.017568706898888037,0.35928207312709126,0.44066765644478373,0.373301023399129,0.29285674898423025,0.538179206079782,0.14292565606391813,0.3325639831709288,0.67315870223069,0.3800571348133213,0.5370732811231221,0.357830790211249,0.3364037840257475,0.31557542176499814,0.4039272221941537,0.40969767548046643,0.12019476854399484,0.48106239893972047,0.26036115811109367,0.4813917028030656,0.4999872486476834,0.3313697243242482,0.41609320644737585,0.25979738002650954,0.374419119267845,0.27300624820044006,0.5670658215358322,0.25295660434162803,0.2498507349405426,0.3653704146950867,0.16255906226968297,0.4741169140183456,0.36921983334404024,0.2533942134826049,0.4133634989500756,0.2741333579978107,0.5118331536744587,0.1606949530204464,0.17551991929949298,0.2947229745286063,0.3206631090684664,0.022773764287810427,0.12523392801422725,0.16764215634051274,0.37777583786489377,-0.09372286339107977,0.6276423855908
0.22393168563267804,0.18817088118375191,0.1883706068119895,0.3838664026178865,0.5575091157701983,0.29278492216027935,0.3558371805254118,0.38899256996505666,0.19368954120005,0.34179664079323585,0.3800571348133213,0.7468407320372678,0.3515705880000312,0.28899739463973323,0.25094533095785476,0.30272780426952395,0.2652048905871413,0.29638789569255036,0.065857979948498,0.3146007227814162,0.21051715137075921,0.3299320892389555,0.40346436267601127,0.2850142294767824,0.3924837719431221,0.294212653342334,0.34943654774756927,0.21843022737912823,0.306666370633959,0.13943347162853786,0.16618522819225096,0.3546760353936068,0.16689702885424795,0.379882571479159,0.2686072468463633,0.23279409130076886,0.32337377569691145,0.2673480496162951,0.3626273745098404,0.10794016538045463,0.17478864809923655,0.25398607045805444,0.26816020887376424,0.04040616480875658,0.0774972247705402,0.11374119883283176,0.2571710981128888,-0.03900595794686162,0.5291844287987387
0.20990673908995858,0.24874813896754092,0.13328029962617483,0.38600878985973647,0.4529482893751838,0.4318117123816679,0.31353633699628625,0.4706871279792781,0.18847299101267825,0.38613224542196123,0.5370732811231221,0.3515705880000312,0.8588420388767495,0.38004270057699174,0.19529442281067252,0.33311863740399617,0.3468784923677088,0.4024182645871804,0.0819213459160106,0.4675571977432983,0.26650218166482775,0.6717996379617851,0.502532519626977,0.34756551249110856,0.4005667064685818,0.21235048256043404,0.41739102848380627,0.26226968789885563,0.670837096600416,0.2504961653246728,0.24900242883939466,0.42417620986380933,0.18385214971878217,0.49439004440061135,0.32460363037271134,0.3281656274541421,0.38691428499671593,0.2954682038984071,0.5223750714867226,0.1631819180798577,0.15722531013998567,0.29173684860533156,0.3573781265379531,0.024166865990760088,0.09093757105613422,0.2510915086843094,0.37590077733089866,-0.1949891315063565,0.6161224134497489
0.2015938514986757,0.1312387370334742,0.0224766705260583,0.327082446688712,0.38384260886311083,0.35984997611070946,0.22983927706192006,0.41599062553291355,0.16524375471591646,0.3126711520094037,0.357830790211249,0.28899739463973323,0.38004270057699174,0.5955412847309747,0.22515832870413466,0.31410068143511755,0.2953721933786373,0.28825760147522506,0.1282061367008873,0.4642156691198231,0.24981018659836676,0.4401770817076503,0.33599594809836575,0.2808580274945366,0.32007730973594095,0.34948937465411434,0.30112936540072444,0.1926090510015449,0.42586701636661956,0.21797753206682477,0.24427707963083292,0.3962996802207386,0.10124137443094025,0.36641709061651645,0.2748598349132043,0.22362009991504933,0.3060400254985623,0.3259458312965701,0.2898098913819522,0.1859759245349208,0.21420152904355563,0.2887541526292739,0.3551198105093199,0.03935047632469342,0.14581683090585032,0.12908341425607597,0.31027813545757227,-0.05942858319114819,0.5647526229361908
0.14118186573959282,0.2735233779267266,0.18358592563227927,0.21892904967967164,0.32210164844161193,0.27194974500472063,0.16112088836288374,0.20034837489218146,0.18408472846068866,0.17930613018457492,0.3364037840257475,0.25094533095785476,0.19529442281067252,0.22515832870413466,0.7183124155653481,0.19010625361823968,0.3100690636609336,0.3572289860176687,0.07813654329138914,0.3094911756102283,0.18893754607665103,0.1551003713422478,0.4398310136495538,0.2350013144013159,0.36203188558959004,0.19766515760603093,0.2195779936686551,0.17526345157561501,0.3462816026840649,0.14099581780167603,0.15129909783899043,0.2062673559278735,0.15819323651773545,0.3284365904011103,0.18581988322077644,0.18248025103415752,0.3561547565060245,0.08199398694760805,0.2955523004621185,-0.003641663780320258,0.17366099035080731,0.199968216122739,0.14051544539596483,0.008254997606006412,-0.009988281820013281,0.15398208147628756,0.25494225222890343,-0.03299085279416034,0.35763232340365075
0.15350455863187282,0.07784952081471153,0.1041279933575037,0.30220922287105384,0.4446865997779759,0.2189548718383823,0.21894591565514313,0.358961924101487,0.0978598623762238,0.295650158689365,0.31557542176499814,0.30272780426952395,0.33311863740399617,0.31410068143511755,0.19010625361823968,0.7323120319657361,0.25030519389159894,0.2973048076529033,0.1717209163608027,0.2719768324863963,0.1617874920597198,0.3504735393827387,0.3808260050343444,0.27316526080455894,0.3713713711660359,0.2552541709085428,0.3085548709023429,0.2744015962558451,0.35080541525777875,0.2336414374251405,0.18608357675011575,0.3403181133075862,0.09517561445820104,0.3789150500131269,0.4390698476628622,0.20096055259861206,0.29335214315393315,0.1982380328739289,0.31320014698201487,0.12806916567317117,0.1953539134037192,0.30813660760413775,0.2585327455218672,0.06599133922009306,0.07670077297014738,0.10554375517775577,0.29153602027872566,-0.03587093263441272,0.49873110296907186
0.16305282866250478,0.2805280653345182,0.3020234841800766,0.2744269317621726,0.18937149550478913,0.5140122599038246,0.31658349310459644,0.2982305394512619,0.1124992226507585,0.30321827549491115,0.4039272221941537,0.2652048905871413,0.3468784923677088,0.2953721933786373,0.3100690636609336,0.25030519389159894,0.8880731348310958,0.36860924190636013,0.2135603372928219,0.47966434131113345,0.28466933456092025,0.6082535072434427,0.4068166978810166,0.34456422171827145,0.35117389109655517,0.2433878681342188,0.32435303566777407,0.3169752871384056,0.4773686094660167,0.1941787482701164,0.33172736060870756,0.3272957927537523,0.3236441179995618,0.39344305935863555,0.27864351688762534,0.2738903747289989,0.5469176590151916,0.3479645996052508,0.3699239449766141,0.059723024361956055,0.2129382372254974,0.2792629677823697,0.3735070741013878,0.03214900218878444,0.11299463402889452,0.2615936724414096,0.33909745949932435,-0.15365101763428785,0.5160694329537568
0.17246925028227633,0.2693653501608714,0.1421298934816273,0.337537235285774,0.37907853746410985,0.34455147276945064,0.255618335477955,0.4038461206216335,0.19469980996422412,0.3342989982995254,0.40969767548046643,0.29638789569255036,0.4024182645871804,0.28825760147522506,0.3572289860176687,0.2973048076529033,0.36860924190636013,0.8745572512017511,0.06989064293469473,0.2582441807484938,0.29608902825732153,0.3709838571932612,0.6764030265817593,0.28128765856352383,0.3674429116912309,0.3215945443923155,0.2584260990760304,0.2547457948080865,0.5418722731579357,0.1716260121288154,0.40518922349822983,0.3090726020527419,0.1621218902377489,0.482120749798375,0.33398715004033214,0.24653847002279422,0.4586851036585972,0.2501460943313814,0.4226386053300293,0.11237055222049762,0.2336314364670663,0.26820413159335127,0.24665784169995825,0.008941399783808326,0.07562193625606324,0.2012867357547797,0.4773065412117257,-0.07267232491198627,0.5513472396165179
0.028533122134085362,-0.2340140162708766,0.10266596137059776,0.004162084468531221,-0.0895924277463883,0.3938369284311677,0.0016285655146600192,0.1910322801101868,-0.32465040255017635,0.19665135328932262,0.12019476854399484,0.065857979948498,0.0819213459160106,0.1282061367008873,0.07813654329138914,0.1717209163608027,0.2135603372928219,0.06989064293469473,1.3760976041231936,0.42410621490711076,0.12756680607585302,0.1575320642340875,-0.10052387531764817,0.1101071235427873,-0.008018032777486524,0.09473831547743,0.1012128174067109,0.1968493892436359,0.11238376412348365,0.14256781310973396,0.26836383157448906,0.10738567138482794,0.11042774319032167,0.12571807231980545,0.25583835377125735,0.1334165843025479,0.17842822112848575,0.2456580142839445,0.026943074400077704,0.004997239723663943,0.18358515770924727,0.18179128656284232,0.17571718006669435,0.0019050964477009661,0.06483826688942206,0.09061946029310912,0.0615290910759187,-0.006211213514478886,0.21200117019144057
0.07581478187679391,0.05828533684448596,0.03403593482281011,0.363956877311622,0.28070225149124206,0.6863531849433042,0.24231128008070724,0.6090457063494205,0.05103091699007652,0.5235806312864724,0.48106239893972047,0.3146007227814162,0.4675571977432983,0.4642156691198231,0.3094911756102283,0.2719768324863963,0.47966434131113345,0.2582441807484938,0.42410621490711076,2.5314135506978017,0.18483622447283435,0.4475045785063128,0.6102774043952413,0.37026656590753926,0.5852194823347443,0.28034173132941215,0.6195953656590497,0.19271326516773737,1.375727222761117,0.3837036504614981,0.06454808780716306,0.3511553187593924,-0.34631078295280154,0.8860224590968614,0.682664767771142,0.1794016674251758,0.5925774859472726,0.20723624541955485,0.5898833743557833,0.25576014611301934,-0.18254970263344747,0.5845892380001798,0.527425752364519,-0.030250160353329652,0.6190984793823424,0.11302997270009947,0.3632829372112645,-0.10254980881289427,0.7220227087636056
0.16056596362208944,0.1774063812621394,0.08289126411486102,0.23925857850520185,0.2541204136223829,0.3307469803203303,0.23066265517812315,0.23496685858761435,0.14906687397565485,0.22641256725416176,0.26036115811109367,0.21051715137075921,0.26650218166482775,0.24981018659836676,0.18893754607665103,0.1617874920597198,0.28466933456092025,0.29608902825732153,0.12756680607585302,0.18483622447283435,0.7368493507361126,0.3916333662649245,0.2227839052130611,0.3346410234698812,0.18258676928856826,0.3620918765396118,0.2138701137763404,0.2725336948844662,0.0960844418257632,0.19767442765587784,0.4514748787641701,0.3500808318257452,0.45432371305878216,0.15916560166159793,0.10321895285572286,0.28260188356689664,0.4005717326754367,0.552866605126919,0.3703672880046153,0.2654748984774655,0.3272418585234412,0.30571565697806846,0.4629106154920559,0.08886696883227492,0.2706256310223407,0.12246856829593578,0.2846418714009456,0.0170062981339993,0.5431569816949277
0.21588157383104073,0.26351733483971235,0.33405794824961965,0.4250796170263835,0.40788589210586823,0.6224494974044097,0.440678620853815,0.40788103084737753,0.22593344699084314,0.45783906107926486,0.4813917028030656,0.3299320892389555,0.6717996379617851,0.4401770817076503,0.1551003713422478,0.3504735393827387,0.6082535072434427,0.3709838571932612,0.1575320642340875,0.4475045785063128,0.3916333662649245,2.584911568261278,0.6984834712235458,0.521899553069908,0.46750636630485104,0.29425914815560683,0.522318183786666,0.3074523583984415,0.696179444094992,0.40226537028431586,0.2823514711753034,0.6721642027616742,0.4366612366786583,0.5239849484233814,0.15197790431973393,0.8219955807698709,0.39750756781826374,0.5437369052991607,0.36628012723368464,0.2122801647418205,0.33215640450983164,0.3607673282840009,0.8740216186939599,0.09016735666431305,-0.2370284727671067,0.962635741437933,0.42674295817592367,-0.9938316053374066,0.5046224117379365
0.1094703103843715,0.06807781677366656,0.2078526996111023,0.4552896176496553,0.5709567219734553,0.3404964350852473,0.3730514075218935,0.493958628123319,0.3351021552638555,0.40475514376369925,0.4999872486476834,0.40346436267601127,0.502532519626977,0.33599594809836575,0.4398310136495538,0.3808260050343444,0.4068166978810166,0.6764030265817593,-0.10052387531764817,0.6102774043952413,0.2227839052130611,0.6984834712235458,2.2171958614572658,0.6361338845741198,0.9701011584287642,0.1647884842107003,0.4228660166617156,0.3419865619162995,0.8256175643203074,0.2713229821039888,-0.29051492845871435,0.3757256334159794,0.4046818188355824,0.6613080834386965,0.31768009182912327,0.4224673576962654,0.5285431576782225,-0.0909988420033803,0.5235330636715717,-0.08182227286221172,0.35945860617885167,0.31723077680399797,0.13555998425754193,-0.05457604873162922,-0.4561179178547045,0.43396441709508493,0.4671492696171763,-0.25722217353873855,0.7775189883586994
0.05054790946538164,0.11234396593731237,0.10809087057825614,0.2757405582750903,0.2834218925576529,0.31671087146768884,0.266678893315942,0.31332673919259063,0.18579406347915126,0.2529471111240906,0.3313697243242482,0.2850142294767824,0.34756551249110856,0.2808580274945366,0.2350013144013159,0.27316526080455894,0.34456422171827145,0.28128765856352383,0.1101071235427873,0.37026656590753926,0.3346410234698812,0.521899553069908,0.6361338845741198,0.8400346403154483,0.473490357304054,0.30090795181922636,0.2865697645286373,0.6021115469461689,0.15215770252558072,0.4858412738396169,0.3104236036530969,0.37986427182382226,0.8029417854349621,0.22302602012905562,0.416295314347058,0.2854651824473566,0.6432887849019657,0.37021714200283884,0.25714872682521556,-0.010353798747884656,0.367692383424122,0.36526115007830096,0.3561069079643431,0.04653846818960498,-0.06832221999487985,0.16956665863363712,0.3800426856610038,0.009993088885585266,0.9280352855357429
0.15052554046193184,0.1843948302388206,0.14602845812090567,0.34249864615084513,0.39395529031862453,0.31611781700561653,0.27744208573055995,0.4739888162787628,0.19125666882150844,0.34382258212144867,0.41609320644737585,0.3924837719431221,0.4005667064685818,0.32007730973594095,0.36203188558959004,0.3713713711660359,0.35117389109655517,0.3674429116912309,-0.008018032777486524,0.5852194823347443,0.18258676928856826,0.46750636630485104,0.9701011584287642,0.473490357304054,1.6502017462772398,0.13702447663384631,0.4590192183048643,0.2892424095662119,0.7112836591495597,0.48293703561763124,-0.28138606053837967,0.3194017468805293,0.1447677669630046,0.6569370180685541,0.4603256072544387,0.3244831800651774,0.64716844186477,0.2246883128979074,0.6120644512381225,0.030409921262928814,0.2682487392607445,0.33526454857626875,0.33137137733515104,0.09007431512364487,0.07536439143352552,0.2906848954634564,0.47324405718857576,-0.14598126951977136,0.419095779041196
0.1610091157381878,0.054723300801963505,-0.06284830175971644,0.2843578371202469,0.39067120048424614,0.27557853371024127,0.22269870444015194,0.3309845344945725,0.23582511227623956,0.23993374688971386,0.25979738002650954,0.294212653342334,0.21235048256043404,0.34948937465411434,0.19766515760603093,0.2552541709085428,0.2433878681342188,0.3215945443923155,0.09473831547743,0.28034173132941215,0.3620918765396118,0.29425914815560683,0.1647884842107003,0.30090795181922636,0.13702447663384631,2.1457269202613443,0.31577863715003635,0.15047770319514314,-0.5037751327570991,-0.18357440910547895,0.3506660885179916,0.5638199618381806,0.10686412127053536,0.16587715535941527,0.257725840314068,0.029414344986412957,-0.2659280207350872,0.6733625081043386,-0.8160003935003929,0.4794028585412604,0.5915077780214106,0.51419040568489,0.7669946589111464,0.04032099320763032,0.03741198509802086,-0.16288801338452277,0.09623664221325377,0.31778481514399626,0.9358746785988833
0.17217221686369977,0.2096755967286923,0.13741310661571915,0.2917104645639381,0.32830461126342336,0.33950782343120617,0.25673929606338997,0.3840594382099612,0.15110533918395294,0.3391048472311484,0.374419119267845,0.34943654774756927,0.41739102848380627,0.30112936540072444,0.2195779936686551,0.3085548709023429,0.32435303566777407,0.2584260990760304,0.1012128174067109,0.6195953656590497,0.2138701137763404,0.522318183786666,0.4228660166617156,0.2865697645286373,0.4590192183048643,0.31577863715003635,0.9648016901474872,0.24115230435098808,0.4030692331074824,0.2937894633620446,0.1455519437607353,0.3602660525333436,0.10446675913451252,0.4230085067643288,0.3411677439968502,0.323689468010541,0.41686616289429357,0.3408668071497223,0.32655451144290326,0.17824746947118866,0.14649820512899916,0.3228751492455424,0.6714452904766456,0.011967132677466238,0.30337662455522124,0.12061342530188267,0.29381809463288844,-0.10257886315450802,0.560492010048201
0.04732985237952481,0.10428760010331461,0.11579279909517118,0.06550772914534055,-0.03985087206045033,0.12334870365691782,0.13933146866962492,0.34033595828952373,0.09014777426569517,0.1614804982936803,0.27300624820044006,0.21843022737912823,0.26226968789885563,0.1926090510015449,0.17526345157561501,0.2744015962558451,0.3169752871384056,0.2547457948080865,0.1968493892436359,0.19271326516773737,0.2725336948844662,0.3074523583984415,0.3419865619162995,0.6021115469461689,0.2892424095662119,0.15047770319514314,0.24115230435098808,1.6555392342172432,-0.14793606357743258,0.4504636187061462,0.48126598834504625,0.21973530649087933,1.1576314835992263,0.07163199214833389,1.3408039511182541,-0.0183146081577333,0.9368832025068511,0.20763794102888514,0.33808453437357355,-0.17846999703870747,0.1948896087872937,0.3895849565740377,0.272471361495041,0.015150354807928717,0.05193045244569528,-0.025402263518743307,0.38178536710692995,0.2237789898763013,1.0465069414728339
0.09705279107870085,0.4634145337188798,0.09148826871848899,0.4264982447717835,0.4307134609333287,0.6433643633828019,0.30073835608735416,0.6017849168879043,0.10663272487775433,0.6461802723143072,0.5670658215358322,0.306666370633959,0.670837096600416,0.42586701636661956,0.3462816026840649,0.35080541525777875,0.4773686094660167,0.5418722731579357,0.11238376412348365,1.375727222761117,0.0960844418257632,0.696179444094992,0.8256175643203074,0.15215770252558072,0.7112836591495597,-0.5037751327570991,0.4030692331074824,-0.14793606357743258,3.782836842044113,0.3854987480524745,0.012248738909989537,0.3141728597871737,-0.8443298972863017,1.395811730188002,0.5006824749384098,0.49777509648988943,-0.25766278714746416,-0.2863045585883871,1.2790138889423952,0.19081459054992045,-0.4295015273793176,0.14742350906391813,-0.25295331930924075,-0.05622621397745071,-0.16162590849303465,0.5377108077843361,0.5418864263421354,-0.6324902436346198,0.8151646948624821
0.08561742665755348,0.09117760154590511,-0.5413774496125061,0.1172900920347224,0.007066269517523697,0.14610367611754022,0.1219823838698542,0.3298993671750424,0.006014383005092975,0.26286143869482526,0.25295660434162803,0.13943347162853786,0.2504961653246728,0.21797753206682477,0.14099581780167603,0.2336414374251405,0.1941787482701164,0.1716260121288154,0.14256781310973396,0.3837036504614981,0.19767442765587784,0.40226537028431586,0.2713229821039888,0.4858412738396169,0.48293703561763124,-0.18357440910547895,0.2937894633620446,0.4504636187061462,0.3854987480524745,2.248743283028713,0.4095375943705368,0.16911124534587763,0.08359516388086552,0.1629700361493057,0.7934804010653034,0.36771057359593845,0.7329489580178462,0.5620150032176235,0.559639526306331,0.19517787656516852,0.7173613842140479,0.30590772974426683,0.7929054083452528,0.20739090718596284,0.46674966732639117,0.21403051656986696,0.9228838305144547,0.010804934148527704,1.1014356235396638
0.11085946268562848,0.22068010852994915,0.06625300608292668,0.16763236660163564,0.14477867992738644,0.30628502506128485,0.173977981220968,0.2326881908712102,0.06467766955389968,0.21709412569137748,0.2498507349405426,0.16618522819225096,0.24900242883939466,0.24427707963083292,0.15129909783899043,0.18608357675011575,0.33172736060870756,0.40518922349822983,0.26836383157448906,0.06454808780716306,0.4514748787641701,0.2823514711753034,-0.29051492845871435,0.3104236036530969,-0.28138606053837967,0.3506660885179916,0.1455519437607353,0.48126598834504625,0.012248738909989537,0.4095375943705368,1.6598116476094713,0.29326908938387436,0.4821730684569568,0.2309529074250879,0.4578816878834673,0.21783628422490742,0.5909836870873753,0.717861128923752,0.3197081083666265,0.13440164312851063,0.18361465564474733,0.32554027925022533,0.4560508135148845,0.12949344649880856,0.45037333968511434,-0.011921926953387296,0.3840945370673717,0.1048672278587975,0.6827594733079208
0.1807791578844823,0.17033276403036426,0.08961767168356694,0.34535283816259005,0.4289354993490024,0.3878118935933723,0.2929359911982589,0.3457349123267114,0.1883600102198353,0.32173134520238333,0.3653704146950867,0.3546760353936068,0.42417620986380933,0.3962996802207386,0.2062673559278735,0.3403181133075862,0.3272957927537523,0.3090726020527419,0.10738567138482794,0.3511553187593924,0.3500808318257452,0.6721642027616742,0.3757256334159794,0.37986427182382226,0.3194017468805293,0.5638199618381806,0.3602660525333436,0.21973530649087933,0.3141728597871737,0.16911124534587763,0.29326908938387436,0.6665348665217116,0.23134969354630366,0.35387320872365347,0.20494922334524804,0.30904848930459955,0.20790124508288604,0.477549507202143,0.17390842501473083,0.2370503549268233,0.2836474876866778,0.34640224509430023,0.4682143966647233,0.05284879806725619,0.06971191068584594,0.171699611952135,0.28150111681171935,-0.10554111180746266,0.6738357693578673
0.12665154474197055,0.11302589117419586,0.26965880257988883,0.12832809186494434,0.16111040164049856,0.11156583659688503,0.20496347439619222,-0.01665299503828213,0.19923584873748718,-0.06672850128402553,0.16255906226968297,0.16689702885424795,0.18385214971878217,0.10124137443094025,0.15819323651773545,0.09517561445820104,0.3236441179995618,0.1621218902377489,0.11042774319032167,-0.34631078295280154,0.45432371305878216,0.4366612366786583,0.4046818188355824,0.8029417854349621,0.1447677669630046,0.10686412127053536,0.10446675913451252,1.1576314835992263,-0.8443298972863017,0.08359516388086552,0.4821730684569568,0.23134969354630366,2.632800490492501,-0.5926702552347144,-0.23568855957013585,-0.07765197965434122,1.0471207751477911,0.5144539445174516,-0.1441119710954827,-0.32095144265832676,0.2175284613829008,0.3281796032664786,0.29969434893952607,0.011015151710244996,-0.33969659690523185,-0.04896799493785026,0.1668669939657045,0.3275975218020094,1.1048088191842738
-0.12790522218047495,0.20220832121348759,0.27883893944488714,0.4077067923064972,0.48187485350339687,0.4878714635646326,0.30075110637762104,0.6059101533560362,0.16219640149657025,0.5373804636717926,0.4741169140183456,0.379882571479159,0.49439004440061135,0.36641709061651645,0.3284365904011103,0.3789150500131269,0.39344305935863555,0.482120749798375,0.12571807231980545,0.8860224590968614,0.15916560166159793,0.5239849484233814,0.6613080834386965,0.22302602012905562,0.6569370180685541,0.16587715535941527,0.4230085067643288,0.07163199214833389,1.395811730188002,0.1629700361493057,0.2309529074250879,0.35387320872365347,-0.5926702552347144,1.8268061885173534,0.7153529142751901,0.479205628765527,0.41064501349743804,-0.039531521882115325,0.9168620493575994,-0.04320095886379892,-0.0725181179373442,0.3304773669164588,0.28592677909964076,0.08675452881425641,-0.2748662113110212,0.4362194062420274,0.49978116206360584,-0.3638504508927481,0.5687890795629842
-0.04486392494850709,0.05756593535856287,-0.06245865965932261,-0.016042052464169405,-0.27513623346755245,0.11169589007377893,0.07056234416978491,0.6891205841894857,-0.024188085490548197,0.36977767236534814,0.36921983334404024,0.2686072468463633,0.32460363037271134,0.2748598349132043,0.18581988322077644,0.4390698476628622,0.27864351688762534,0.33398715004033214,0.25583835377125735,0.682664767771142,0.10321895285572286,0.15197790431973393,0.31768009182912327,0.416295314347058,0.4603256072544387,0.257725840314068,0.3411677439968502,1.3408039511182541,0.5006824749384098,0.7934804010653034,0.4578816878834673,0.20494922334524804,-0.23568855957013585,0.7153529142751901,3.047451543073051,-0.08245676147078189,0.6753843049670564,-0.1337331050722221,0.7239135314324011,-0.09580105121656494,0.12972015921788577,0.4165962603427186,0.22944400107876003,0.03267712995440964,0.27999666939921836,-0.03180975336495162,0.5758422329934589,0.15922184709887643,1.131625517746452
0.11448446893847312,0.13688874690433847,0.40924081037197024,0.25957799737345355,0.2764896513173174,0.31987603413386184,0.2633929892547576,0.21409166789026238,0.13601644258479126,0.27086555222863357,0.2533942134826049,0.23279409130076886,0.3281656274541421,0.22362009991504933,0.18248025103415752,0.20096055259861206,0.2738903747289989,0.24653847002279422,0.1334165843025479,0.1794016674251758,0.28260188356689664,0.8219955807698709,0.4224673576962654,0.2854651824473566,0.3244831800651774,0.029414344986412957,0.323689468010541,-0.0183146081577333,0.49777509648988943,0.36771057359593845,0.21783628422490742,0.30904848930459955,-0.07765197965434122,0.479205628765527,-0.08245676147078189,2.4804639619156257,0.10124610320347105,-0.11747252760848366,0.3472006028812381,0.17861962514012852,0.9376754090985685,0.16755250973359204,-0.48170593127685013,-0.04945387671398803,-0.8521452486337249,1.3704214130816381,0.08401090589354035,-1.1496887287500357,-1.0841186621825927
0.12868442434454067,0.46724136681679646,0.41019904367310756,0.24414779102728315,0.18385148955373606,0.4230828037637959,0.2692020108992346,0.39634452228487305,0.16690181165529783,0.24998055006975137,0.4133634989500756,0.32337377569691145,0.38691428499671593,0.3060400254985623,0.3561547565060245,0.29335214315393315,0.5469176590151916,0.4586851036585972,0.17842822112848575,0.5925774859472726,0.4005717326754367,0.39750756781826374,0.5285431576782225,0.6432887849019657,0.64716844186477,-0.2659280207350872,0.41686616289429357,0.9368832025068511,-0.25766278714746416,0.7329489580178462,0.5909836870873753,0.20790124508288604,1.0471207751477911,0.41064501349743804,0.6753843049670564,0.10124610320347105,3.210966277282468,0.49289434924877984,0.8879901134896775,-0.3550064970618965,0.47320898776676146,0.46180939580211533,0.6825554545730973,0.0002630734112893911,1.1309384089667658,0.23808103155156224,0.7638957900358779,0.15087421633680362,0.606169299801331
0.2548982987407815,0.14471196109589357,-0.06846740512545246,0.3013585561206072,0.40950491267551026,0.3907146035905181,0.24793671620603153,0.23661987719032063,0.10421257945252212,0.2780100614998251,0.2741333579978107,0.2673480496162951,0.2954682038984071,0.3259458312965701,0.08199398694760805,0.1982380328739289,0.3479645996052508,0.2501460943313814,0.2456580142839445,0.20723624541955485,0.552866605126919,0.5437369052991607,-0.0909988420033803,0.37021714200283884,0.2246883128979074,0.6733625081043386,0.3408668071497223,0.20763794102888514,-0.2863045585883871,0.5620150032176235,0.717861128923752,0.477549507202143,0.5144539445174516,-0.039531521882115325,-0.1337331050722221,-0.11747252760848366,0.49289434924877984,2.89147500106795,-0.1667321027988369,0.9257199415627569,0.3885992045141429,0.4773783352243046,1.5783292196680667,0.22256851679523545,1.80469765769012,-0.38367856339934564,0.509958713232595,0.4457502624278194,0.450545719511344
0.11391080467521035,0.29996208972322,0.049135653453198175,0.33806715551260463,0.3710275710999919,0.3554435820070288,0.2674000970191831,0.669230142345049,0.17795676494222082,0.44275173079394187,0.5118331536744587,0.3626273745098404,0.5223750714867226,0.2898098913819522,0.2955523004621185,0.31320014698201487,0.3699239449766141,0.4226386053300293,0.026943074400077704,0.5898833743557833,0.3703672880046153,0.36628012723368464,0.5235330636715717,0.25714872682521556,0.6120644512381225,-0.8160003935003929,0.32655451144290326,0.33808453437357355,1.2790138889423952,0.559639526306331,0.3197081083666265,0.17390842501473083,-0.1441119710954827,0.9168620493575994,0.7239135314324011,0.3472006028812381,0.8879901134896775,-0.1667321027988369,3.331910832182542,0.10379689149383271,-0.17971813272432266,0.10000937852852619,-0.43171403357269367,0.16239038677368772,0.37794864975732245,0.14496747563211182,0.6590951514105173,-0.24763117762810047,1.283535960617962
0.1376325098223919,0.021301467184758806,-0.8191665988787171,0.1821247010753968,0.2649414625184266,0.15558157773769385,0.10397389762688335,0.18922021186282767,0.03663312451214631,0.1674302420734704,0.1606949530204464,0.10794016538045463,0.1631819180798577,0.1859759245349208,-0.003641663780320258,0.12806916567317117,0.059723024361956055,0.11237055222049762,0.004997239723663943,0.25576014611301934,0.2654748984774655,0.2122801647418205,-0.08182227286221172,-0.010353798747884656,0.030409921262928814,0.4794028585412604,0.17824746947118866,-0.17846999703870747,0.19081459054992045,0.19517787656516852,0.13440164312851063,0.2370503549268233,-0.32095144265832676,-0.04320095886379892,-0.09580105121656494,0.17861962514012852,-0.3550064970618965,0.9257199415627569,0.10379689149383271,2.1049486247808904,0.12914488187344286,0.3057778835316508,0.4544284257584086,0.02040217642253227,1.2264226848736919,-0.08694541837306669,0.27026504658388234,0.21852215343644296,0.15866613418808154
0.17901771685051207,0.059690957926757646,-0.06399704946506189,0.1534371833980403,0.15186806083917817,0.16760818316300352,0.1591981688292787,0.1687248534885475,0.08292694210442798,0.14068929181658563,0.17551991929949298,0.17478864809923655,0.15722531013998567,0.21420152904355563,0.17366099035080731,0.1953539134037192,0.2129382372254974,0.2336314364670663,0.18358515770924727,-0.18254970263344747,0.3272418585234412,0.33215640450983164,0.35945860617885167,0.367692383424122,0.2682487392607445,0.5915077780214106,0.14649820512899916,0.1948896087872937,-0.4295015273793176,0.7173613842140479,0.18361465564474733,0.2836474876866778,0.2175284613829008,-0.0725181179373442,0.12972015921788577,0.9376754090985685,0.47320898776676146,0.3885992045141429,-0.17971813272432266,0.12914488187344286,2.5871923582817433,0.2793275891325684,-0.1578044777144512,0.023857281645709143,-0.9188089734603793,0.532601481555832,0.38204695720210874,0.07258561687818968,0.8581626934164193
