1.4273377815236925,-0.018208658122582648,-0.02419001170187469,-0.030346153612382704,-0.03358980204929069,-0.02766969229058477,-0.0008481049965582681,0.01611542813609922,0.01439299014875842,0.007061195776160974,0.002013168260076043,0.0008069806293899581,0.0021078778592446756,0.0024016957528386258,0.004037825047485659,0.005488469885394901,0.006242678920083263,0.006626432030245214,0.0069748916267048785,0.004821546970123138,0.0037027824449957347,0.003431153633119202,0.003748258487765889,0.004349961792928766,0.004469651248017325,0.004590050345880567,0.0041946890806535304,0.0035151165410451787,0.002753603661865229,0.0017732624938918075,0.0007844804038795248,0.0009395837553621013,0.0013486283600362557,0.0019799953811287987,0.0021882114088635387,0.002084630202839182,0.001622739987704277,0.0010610779318726796,0.0003421479388386856,-0.0004449986562543591,-0.0010554673030652687,-0.0007818670125221516,0.002885860081171606,0.0051842350677331304,0.006275149891580861,0.006261220398202591,0.005756995136465357,0.0049266137089561506,0.00408464859826492,-0.0011136682138491454,0.008251972759923858,0.006956266429266383,0.0110846077750449,-0.00546866737968707,0.0001306398516697409,-0.0017014201070563325,0.000793211977277835,0.004800399652873313,-2.2440413858858916e-6
-0.018208658122582648,1.4148497391157417,-0.0348317112002717,-0.044796200450250796,-0.051079176008009305,-0.04458649700923215,-0.006594678931080588,0.02344333498891507,0.022690940088034534,0.011912953400717406,0.00418712731644359,0.0024517820933446103,0.004559625877826429,0.004522358658211333,0.006157814726889742,0.008268116672321676,0.009491139467815483,0.010015725936643594,0.010323520603166074,0.007073460989528813,0.005302503062883186,0.004791313791743813,0.005146709495799044,0.005952280911659013,0.0061410073008239,0.0063564220638386865,0.005885045658173373,0.005021849842834637,0.004025385047797716,0.002707492682749783,0.0013288549147635737,0.0016035876043131835,0.0022249731766646446,0.00312525697674305,0.0034189710438335373,0.0032521586013850596,0.0025722562912385252,0.001736409604197168,0.0006836707432556486,-0.0004367582449496208,-0.0012638168516415631,-0.0007826713753077071,0.004506298576486161,0.007409441243378615,0.008748932055166133,0.008638997145696131,0.007887899144398346,0.006720896325226564,0.005549752591709683,-0.002083424376382354,0.011175921989017474,0.009865575737380576,0.015093432388954517,-0.00691412233694341,0.00013923488084962579,-0.0010280909755002222,0.0024918162342556726,0.005151187303575768,0.0014452052569745746
-0.02419001170187469,-0.0348317112002717,1.392033019069324,-0.06423164065275971,-0.07650356440045794,-0.07190026472037601,-0.021695771579894753,0.03174040685320035,0.03494867547420558,0.019967978545963078,0.00837775329588202,0.005991972459634406,0.009404864602092462,0.008721579789156761,0.009751937142765826,0.012776406404715319,0.01481685961041137,0.015439239109283897,0.015324186694060599,0.010495398423916962,0.00765622262219301,0.0066316827100953825,0.006856732144289669,0.007787486352133434,0.008000156118346605,0.008324932435749811,0.007809929596199531,0.006797471149241892,0.005585729246268714,0.003919284761145183,0.0021134917418709027,0.002599316141547024,0.0034906449624429185,0.004670028995953588,0.005062868888452229,0.0048412772051327855,0.003927866732982245,0.0027809864920282927,0.0013196873564243284,-0.00019141428124303967,-0.001232421944255248,-0.00034443546736020016,0.007247087153365006,0.01059184094635752,0.012024651324157028,0.011665443953855508,0.010526247126376707,0.008902781878336718,0.007305852118996133,-0.0026544539362923433,0.013822852329701322,0.013711731210537897,0.016684132567033643,-0.00780524613907347,0.0008591249361028293,-0.00040571170238004297,0.004660617903650604,0.0057176336436794,0.003018838133230463
-0.030346153612382704,-0.044796200450250796,-0.06423164065275971,1.3515960805703375,-0.11235408332752961,-0.11676960812194187,-0.05810908383193543,0.03735422401043179,0.05249835509965964,0.03414494380641669,0.0174946948836824,0.013515095044638312,0.018057265988893727,0.0159573719064884,0.015230334421411761,0.01929614770262506,0.02248777915619414,0.023121706294944783,0.022171513845879932,0.015439736944078939,0.011161113999978926,0.00929569600210138,0.009100958604254068,0.009985501735264971,0.010126039738257127,0.010589525294816464,0.010112039065497496,0.009042400042050668,0.007676428111690811,0.0056450243109045966,0.0033233551190162886,0.004152000046291856,0.005469599597346192,0.0070357718446180505,0.007570791875807806,0.007263146573115369,0.006006073198944153,0.004402572054603519,0.0023405462899068847,0.00029271918220142847,-0.0009651050623511326,0.0007085937202960229,0.011897028804405678,0.015411069378351178,0.01668010448856072,0.015808395975693137,0.014042176877562717,0.01175513344991847,0.009566220196007228,-0.004068735671025113,0.014737445692810477,0.018755719490790232,0.016211479455657627,-0.005984015432547944,0.0004069637110955395,0.0004316324447097315,0.008151449687141035,0.007445057349076745,0.005862317630991575
-0.03358980204929069,-0.051079176008009305,-0.07650356440045794,-0.11235408332752961,1.2867914424913307,-0.1812750905835877,-0.13607832592420152,0.02262456791198011,0.06736561998770162,0.056782189039547876,0.03860290417008099,0.030990439790499896,0.033866780349247255,0.030029191589422383,0.026327849432054774,0.03035866726552184,0.033783885901971476,0.033312857238924076,0.03018768628872598,0.02192375365107035,0.015868864806390343,0.012487876599634611,0.011075909384894868,0.01126273343281914,0.011003465665153048,0.01155221133093948,0.011372667564930529,0.01065308704196288,0.009553022933603902,0.007517275469780626,0.004945815543846554,0.00632426565193433,0.008156387695120096,0.009993067776964576,0.010632289385686333,0.01023721179183399,0.008655334881143594,0.006627503254418751,0.003958056441312954,0.0014731680376990136,0.0002894067512389771,0.0034651706215244747,0.01963794234267263,0.021942147904584285,0.02213107236147055,0.020199752109370965,0.017487642288287527,0.014390386293585702,0.011554128405228415,-0.004459888078300467,0.012176105780034217,0.02194960780983326,0.00925965389647065,-0.0012799034735238321,0.00034554033270780063,0.0013059024817329767,0.01181327384854015,0.009447907447483368,0.008175693158045711
-0.02766969229058477,-0.04458649700923215,-0.07190026472037601,-0.11676960812194187,-0.1812750905835877,1.1836044219106523,-0.2888256815461241,-0.05544498285568612,0.055376855495614,0.09007755866202317,0.08764641033366072,0.07044302569729652,0.06062491172342809,0.056852378072358115,0.052007428978794915,0.050524259241872344,0.04847510369497683,0.043012866157393456,0.03534046757659047,0.02799560049626918,0.02088463548067253,0.015466994614847974,0.011664856909800354,0.009905353854405793,0.008543833275305609,0.00890962159569936,0.009433547581416462,0.009882600807267798,0.009998702510147783,0.008879790111402597,0.006815474980850125,0.008844129130102032,0.011234656166997361,0.013123519330617471,0.013760408906913523,0.01320448106300564,0.01130576103401508,0.008912180984788135,0.005746346472945498,0.003164821164564764,0.002723062436477035,0.008562558026811424,0.031127953070989988,0.02956964178791241,0.027021166121929275,0.02320884025041696,0.01923756288170965,0.015355886345797605,0.012039343087495682,-0.004424984434080173,0.0033268379823326853,0.018594639113213584,-0.0013997486031253094,0.006888460829539784,-0.001302074852878462,0.0029084859922484897,0.01498108764275722,0.01110654026941871,0.010205379002755335
-0.0008481049965582681,-0.006594678931080588,-0.021695771579894753,-0.05810908383193543,-0.13607832592420152,-0.2888256815461241,0.8993699643414457,-0.28290705296042234,-0.05820388799546652,0.10952747602071197,0.16738987359775534,0.1455406757522937,0.10289603836217319,0.10727324541139084,0.11114417549359694,0.08802840748600928,0.06575262068287503,0.04486449977483811,0.028369810461461236,0.02912101906761028,0.023959586485693934,0.01623102220777988,0.007853350081675559,0.001383223363381785,-0.002703825533817978,-0.0031904546132811968,-0.000968386747963822,0.002672200542691955,0.00639828725564877,0.00846383786108884,0.00851575229592184,0.01119977815721338,0.01377088813095314,0.014941235287302774,0.015184812271403017,0.014249896235182953,0.012069539168309546,0.009513607563769419,0.006277577358258902,0.004592245566904732,0.006597227951914023,0.017741601451960794,0.04927242661184673,0.038282726459065,0.029418770590829542,0.022018990474303304,0.016273184560046203,0.011860915730761024,0.00862163185250052,-0.0007464258458617986,-0.016062940105623806,-0.001396068048242205,-0.014399427079414835,0.015133079386690652,-0.002794752122795516,0.005062258655943423,0.013236356259328466,0.009427172879221946,0.006775991874093139
0.01611542813609922,0.02344333498891507,0.03174040685320035,0.03735422401043179,0.02262456791198011,-0.05544498285568612,-0.28290705296042234,1.1253269858942245,-0.18379389550574507,-0.03964645213622417,0.06747259916389103,0.11398550458646388,0.09687576873213623,0.09587104769235523,0.08436331719501833,0.06374984009374064,0.037353864591484445,0.022488462682920325,0.0070082233491864975,0.012759357693566377,0.012510730687133645,0.007390056215005591,0.0002763619633936991,-0.006267047104004831,-0.010561917166608347,-0.012153309773597546,-0.010491598729823462,-0.006939062629631229,-0.0024317747279048057,0.0013663518938904062,0.004135262788978131,0.004842774519132666,0.006283762285805734,0.006600712012818332,0.006188433544639316,0.005001024349900594,0.003405910988071273,0.0022103324348656922,0.0012713775384301216,0.0016277091339314547,0.00428061703190161,0.011266523227577669,0.02616601960263858,0.01877154145446971,0.012955983607059627,0.008590078289430226,0.005672210520277485,0.003790474518515225,0.0025937214801407637,0.005090813585322131,0.0002720586891973042,-0.024256160380662542,0.01919438299218411,-0.0001815412761806116,-0.008033855954707982,0.013124767949621852,0.005756389320681786,0.011731857754206435,-0.025784625508340483
0.01439299014875842,0.022690940088034534,0.03494867547420558,0.05249835509965964,0.06736561998770162,0.055376855495614,-0.05820388799546652,-0.18379389550574507,1.1733322530571855,-0.19943593327463685,-0.05550965087430311,0.05222436238030549,0.1090429348769335,0.08364140694685127,0.05764216588778049,0.03704376138326298,0.03416486639824828,0.023111278820209868,0.009605724806966105,0.013319720711642885,0.011849331147044239,0.006668879789687085,-3.4155216379808854e-5,-0.0063343611398641005,-0.010588366775998448,-0.01233964255804337,-0.010957893501390795,-0.007742936960369755,-0.003591556423748409,-4.573484933764218e-5,0.0018198852595103037,0.0029437176954489916,0.003951351235491589,0.0041836500780125085,0.003910268445369819,0.0028829170648367614,0.0015682882899824664,0.0005987181365743221,-1.5726426193029217e-5,0.0005133680731987809,0.0029555744465374957,0.00880773906037249,0.020581660075736148,0.015509816553050311,0.011050600141369172,0.007476375683180018,0.0050693791960180305,0.003512594893412574,0.002516352197122168,0.008406198464842559,0.007110459448852558,-0.02215456305841928,0.026351102140067702,-0.009472620440727995,0.004318915072097741,0.005495282413985919,-0.0047688661971622,-0.0006167118393471974,-0.014543051518409345
0.007061195776160974,0.011912953400717406,0.019967978545963078,0.03414494380641669,0.056782189039547876,0.09007755866202317,0.10952747602071197,-0.03964645213622417,-0.19943593327463685,1.1504926110942755,-0.203808565675904,-0.03323272189903404,0.10481662972701643,0.058316795779006655,0.010558164686814413,0.01317549430521841,0.033552593331175974,0.03635415956056344,0.02311795156446232,0.021394861569412935,0.01665935172682922,0.009301108951593006,0.0014735147542255026,-0.00512900341491442,-0.009506657424483643,-0.011130218858695758,-0.009784744503313639,-0.0065885421855174835,-0.00245759989064895,0.0009432679374064174,0.003395027489110007,0.0038830079051541265,0.005045792781471471,0.00528990202037823,0.0050658427603978,0.004259524754087711,0.0030369324980571858,0.001954813931201739,0.0009190113657283345,0.001007630950184352,0.0032146011950576004,0.009837011861593296,0.025045293560119003,0.01931772158370356,0.014326584599361444,0.010207247329192315,0.007294852588331558,0.005249856511666657,0.003856620655485132,0.013781799725428015,0.004256299979138429,-0.016891718929178467,0.009003580894253209,-0.006503532753014661,0.0024175055351735235,0.006431921220692415,-0.0032365681551363924,0.0007357546263090229,-0.006577977544836821
0.002013168260076043,0.00418712731644359,0.00837775329588202,0.0174946948836824,0.03860290417008099,0.08764641033366072,0.16738987359775534,0.06747259916389103,-0.05550965087430311,-0.203808565675904,1.1585431095051242,-0.1290040847369473,0.0035181655360094904,0.005601224355862803,-0.025073135915802233,-0.0010614957994321639,0.03141660733651737,0.04068225240122787,0.02784881244943648,0.026891946255706962,0.02095448751161499,0.012141026622177808,0.003084605672292737,-0.0043382820962006435,-0.00916481455066448,-0.010668122056645364,-0.009036859976471941,-0.005511616140277518,-0.0012045648402199312,0.002202386900614335,0.0038616289621743287,0.005521599198519592,0.0066464701470112875,0.006620137729692752,0.006353311016253022,0.005473799109853879,0.004082539987581876,0.00269678120658779,0.0011250241474461246,0.0007140090997757245,0.0027367664726522076,0.010282961208846126,0.02900928606018575,0.022765668442213817,0.01711600708540406,0.01231836561230768,0.00883808042725831,0.0063325024986403185,0.004601812601007718,0.011787314325526996,-0.004913283617400951,-0.00595871539721567,-0.006295491525486056,0.0005840753497367657,-0.011095903338036357,0.015917421456489025,0.003674397703256561,0.011542373858696553,-0.011709875057784714
0.0008069806293899581,0.0024517820933446103,0.005991972459634406,0.013515095044638312,0.030990439790499896,0.07044302569729652,0.1455406757522937,0.11398550458646388,0.05222436238030549,-0.03323272189903404,-0.1290040847369473,1.2099570714152166,-0.1751874763121185,-0.07755692459710993,-0.0250687735933999,-0.005426595435910652,0.016231268010050728,0.019236944488347694,0.01733676213076684,0.021452985712763762,0.019300580154578497,0.012491323606810146,0.004625756061339929,-0.0023002440219267897,-0.007290048493867863,-0.009359201493322878,-0.008531598409529396,-0.005708563766243166,-0.0019616179432219946,0.0010621514113020333,0.0033518526986616283,0.004101436420883745,0.005654974526079993,0.006155602617792729,0.006093392573966356,0.005308425882213338,0.00401753723763293,0.002685327021258475,0.0012695525307618,0.0009564395636548937,0.0029432503995117138,0.010083105820459116,0.02772900632402109,0.022142843679016363,0.016969576256033014,0.012470240425261878,0.009144563004891033,0.006697407700020462,0.004969386444367154,0.0006520031109400826,-0.017084336844465153,0.01843769085562909,-0.019642309684710473,0.007382585184510552,-0.0029378441649354305,0.009844355409150355,-0.003399760352817769,0.0024187944952409482,-5.7445977546866686e-6
0.0021078778592446756,0.004559625877826429,0.009404864602092462,0.018057265988893727,0.033866780349247255,0.06062491172342809,0.10289603836217319,0.09687576873213623,0.1090429348769335,0.10481662972701643,0.0035181655360094904,-0.1751874763121185,1.1683433115570054,-0.14993865964420736,-0.053624434148210824,-0.011149014564883692,-0.02404718054088876,-0.017026498381930308,-0.008655606831495036,0.008124928816778855,0.013248400151051628,0.011385902783039878,0.006850107188583188,0.0017002586335955073,-0.0028841337723962547,-0.005395458430692399,-0.005630260848125263,-0.004120942049389494,-0.0016526457797122085,0.0006000471887699718,0.0019847087465583494,0.0033694880347642925,0.004454751914473192,0.004620965029121451,0.0045490392538353715,0.003952469439898408,0.0029768356337918737,0.0021180423769323505,0.0011073655173508734,0.0009468469391133681,0.0024865831478716495,0.008021252410748015,0.021917013320892846,0.01908091197404895,0.015487066110110173,0.011877469215314457,0.009026560023913978,0.006818866261388191,0.005188621725783727,-0.01042001462927473,-0.02483135697342004,0.0384649379552342,-0.022955542564848507,0.007462879909452176,-0.000648846796473214,0.0047439423994392665,-0.002165152857801847,-0.004423843040678298,0.0001678979979427353
0.0024016957528386258,0.004522358658211333,0.008721579789156761,0.0159573719064884,0.030029191589422383,0.056852378072358115,0.10727324541139084,0.09587104769235523,0.08364140694685127,0.058316795779006655,0.005601224355862803,-0.07755692459710993,-0.14993865964420736,1.2688660474888545,-0.09920417241204384,-0.07357603992679047,-0.05079827409308747,-0.03554419708236129,-0.010775752393431157,0.001558987645321608,0.007834510530856962,0.010870668848264198,0.011431052747763954,0.009974990053841983,0.006863284947800323,0.0041870055393,0.0022044410569963396,0.0012627188605165394,0.0010363859850983964,0.0009461580749338132,0.001347906541942079,0.00207960074568633,0.0033286993820519258,0.0039665720093763155,0.004233761158099825,0.00416898537274832,0.003769497873807092,0.003259668736381909,0.0024793687711117895,0.002019446061646576,0.0025119050636722216,0.0056611593408146576,0.015538851123546457,0.015902863068529945,0.014642583973160145,0.01247775118942352,0.010284183361849383,0.008251312225962683,0.006545175513589652,-0.0028953827034849944,-0.012565152180075555,0.012378532779524174,-0.016277048885645025,0.004783785134156399,0.0026792541617011753,-0.0032859474481217745,0.0033188349720894676,-0.012166938324613782,0.006665498638573422
0.004037825047485659,0.006157814726889742,0.009751937142765826,0.015230334421411761,0.026327849432054774,0.052007428978794915,0.11114417549359694,0.08436331719501833,0.05764216588778049,0.010558164686814413,-0.025073135915802233,-0.0250687735933999,-0.053624434148210824,-0.09920417241204384,1.2844335337770374,-0.12203757838781094,-0.07213207950726096,-0.02864533647594719,-0.01080131956661677,-0.005745465185531655,0.0007494637423571933,0.008307143497550663,0.01374290853148586,0.01614957039014007,0.015158732653889385,0.013140076333689164,0.010287739135177984,0.007457978948219033,0.004885954451088432,0.0027404201570789322,0.001141699573323079,0.0021944960885313695,0.0026124021257415467,0.002773948188003426,0.0030408333285504804,0.003463991215218105,0.003606122769779511,0.003567859283991717,0.0029530870924795176,0.0021922180455629606,0.001563919291205436,0.002235837182930793,0.007735915681027276,0.011521805387676777,0.01270447770618049,0.012114237091285203,0.010715346554056695,0.008998690850913892,0.007346070722941229,0.009404174389977323,0.009030199478973468,-0.030701017270468596,0.0031837383475400135,-0.0033773778252968755,0.006731919914193304,-0.007463672722491955,0.00333472118423519,-0.01347836155631037,0.0101182561409066
0.005488469885394901,0.008268116672321676,0.012776406404715319,0.01929614770262506,0.03035866726552184,0.050524259241872344,0.08802840748600928,0.06374984009374064,0.03704376138326298,0.01317549430521841,-0.0010614957994321639,-0.005426595435910652,-0.011149014564883692,-0.07357603992679047,-0.12203757838781094,1.311316716073759,-0.08266701917617358,-0.05074196684309771,-0.02343106441748191,-0.019733287161947152,-0.008488721419186203,0.003935107506539222,0.013404638607527126,0.018883921246528945,0.01982342868531115,0.018567272455244622,0.015360907445802006,0.011364477412164033,0.007163829801724365,0.003353293396168124,0.0006624966196202978,0.0008836197895674546,0.0006857396708988373,0.0006693300508275822,0.0008655605619256539,0.001556957341367158,0.0021015989919758054,0.002387034029882169,0.0021272918967374797,0.0013660890116304121,6.064003940135056e-5,-0.0014654336348134712,-0.0010246883899743288,0.0053528717711846295,0.00859648892335266,0.009595014512315155,0.009218240264794276,0.008136015633382867,0.0068606832564039625,0.00882261843996239,0.007769831602910872,-0.029510762826816226,-0.001653676740348877,-0.0034934245841725903,0.008263762967201096,-0.007956670574839118,-0.000449463310251671,-0.009482226066385041,0.009056016037459433
0.006242678920083263,0.009491139467815483,0.01481685961041137,0.02248777915619414,0.033783885901971476,0.04847510369497683,0.06575262068287503,0.037353864591484445,0.03416486639824828,0.033552593331175974,0.03141660733651737,0.016231268010050728,-0.02404718054088876,-0.05079827409308747,-0.07213207950726096,-0.08266701917617358,1.345510592846765,-0.07533842272874518,-0.04713656296878922,-0.032981963624216036,-0.015335238576183888,-0.000722251641606094,0.009358950231240544,0.015459498887484466,0.01755390371671168,0.01744787433226691,0.015281292302381528,0.011843399031252418,0.007797344047928933,0.0038659066449971114,0.0004956466276746261,0.0003098503543750015,-0.0009948388459638253,-0.0017888903860159907,-0.001833665603241738,-0.0009874020867782448,-0.000149770567935304,0.0004103425583228338,0.00039151339740978175,-0.00018126454347638587,-0.0015296786314373096,-0.0035973726411848237,-0.005158004596295111,0.001585001420820348,0.005245091400318239,0.006779509124650971,0.006922554810049192,0.006320748808117566,0.005456732719825892,0.0023676821618485258,-0.005631807744498463,-0.004488128936358919,-0.016644003783700116,-0.004202442804737266,0.008924011768439277,-0.01011981864102402,-0.002825290451619904,-0.0040184049616639825,0.007105116529338192
0.006626432030245214,0.010015725936643594,0.015439239109283897,0.023121706294944783,0.033312857238924076,0.043012866157393456,0.04486449977483811,0.022488462682920325,0.023111278820209868,0.03635415956056344,0.04068225240122787,0.019236944488347694,-0.017026498381930308,-0.03554419708236129,-0.02864533647594719,-0.05074196684309771,-0.07533842272874518,1.3653558203609375,-0.04855277312074549,-0.03531330449914718,-0.019180292779229436,-0.006523495622492721,0.0022377411401312383,0.008224246177241186,0.01147817809413857,0.012808049347410515,0.012224456839407061,0.010080016202678762,0.00710258939049531,0.003911919049492532,0.0007477828518752981,-0.0001347015613407048,-0.0021503240722688835,-0.003378709532704165,-0.003624320519906834,-0.0028043867442087496,-0.0019050737948238625,-0.00128464606443347,-0.0011193347954357301,-0.0014178163602741798,-0.002446303296693667,-0.004402344756313988,-0.006951352597260868,-0.0014273306474325753,0.0017829635053494715,0.003429050771545848,0.003946015122194874,0.0038282352581554594,0.003440073872604903,0.0005914524535420491,-0.010873342374809733,0.004750919310133746,-0.023388230932681806,-0.0028790774269852157,0.007364890769132254,-0.010350100077237752,-0.0016631678445880836,-0.0018397114672344752,0.004507310551041771
0.0069748916267048785,0.010323520603166074,0.015324186694060599,0.022171513845879932,0.03018768628872598,0.03534046757659047,0.028369810461461236,0.0070082233491864975,0.009605724806966105,0.02311795156446232,0.02784881244943648,0.01733676213076684,-0.008655606831495036,-0.010775752393431157,-0.01080131956661677,-0.02343106441748191,-0.04713656296878922,-0.04855277312074549,1.4009868304873498,-0.027776562090516585,-0.01740613230394641,-0.009204368871217375,-0.0033048636136288295,0.0011851881888868137,0.004356846543833657,0.006164782279210894,0.00665433482205112,0.005779601256159457,0.0040973678337487066,0.0021973898597504307,-6.610461358123816e-5,-0.00037312067566457703,-0.0020627028026354655,-0.003200066502692913,-0.0034799304324309326,-0.0029362014789382574,-0.0022212021660839606,-0.0016963460743320716,-0.001392417847173174,-0.00135875566011027,-0.0018316319341533187,-0.003241398018976861,-0.006275135544919075,-0.0033311528527024386,-0.0013911811298069185,-0.00015865731059186067,0.0004868974544477612,0.0007802428219616334,0.0008729376284720345,6.0048556723965924e-5,-0.008368626490184819,0.0007893499641356451,-0.01600859431874392,-0.0012684571180744497,0.005027105248726975,-0.007152646509586231,-0.0026879876073073595,-0.00017481334416229673,0.0019062994344389444
0.004821546970123138,0.007073460989528813,0.010495398423916962,0.015439736944078939,0.02192375365107035,0.02799560049626918,0.02912101906761028,0.012759357693566377,0.013319720711642885,0.021394861569412935,0.026891946255706962,0.021452985712763762,0.008124928816778855,0.001558987645321608,-0.005745465185531655,-0.019733287161947152,-0.032981963624216036,-0.03531330449914718,-0.027776562090516585,1.4134771954800762,-0.02113268369474042,-0.013781301296676284,-0.0070587244510231,-0.0011675608506500708,0.0033944601706540926,0.006036485421495048,0.0068512815214530716,0.005732780042589791,0.003493269908978273,0.0011145537461072703,-0.001058610430787909,-0.0017374606250293437,-0.0033388121066771632,-0.004303675194344086,-0.004536915147997194,-0.003914335026771921,-0.0030385172851486036,-0.002309300962465312,-0.001691363255846153,-0.001559344554488775,-0.002399996009654988,-0.005489251567103738,-0.012983535821924535,-0.008528551623868633,-0.005236071338982578,-0.0029494546759181246,-0.0014896411685821926,-0.0006003503513994211,-8.291717264734322e-5,0.0011704298504807142,-0.0009155219904864467,-0.009112935656626598,-0.009037236718490188,-0.000813630107969636,0.00516920275240405,-0.005705488545686555,-0.002303524104826337,0.00043815996682684984,0.001226269565187507
0.0037027824449957347,0.005302503062883186,0.00765622262219301,0.011161113999978926,0.015868864806390343,0.02088463548067253,0.023959586485693934,0.012510730687133645,0.011849331147044239,0.01665935172682922,0.02095448751161499,0.019300580154578497,0.013248400151051628,0.007834510530856962,0.0007494637423571933,-0.008488721419186203,-0.015335238576183888,-0.019180292779229436,-0.01740613230394641,-0.02113268369474042,1.420055502713642,-0.016785259964128697,-0.012161674758195934,-0.007086514320108621,-0.0022474554948581174,0.0010713860786926422,0.0029378311398707588,0.002749588952470421,0.0012438013977159135,-0.00048164279035961294,-0.001810421088762681,-0.0021324272730881854,-0.0030689852865466165,-0.003706448077855046,-0.00391343456843679,-0.0035251878339310236,-0.0028790229394788486,-0.0022246033815158947,-0.0015135410521692444,-0.0011428468837058425,-0.001500792111917066,-0.003963962491818743,-0.010989592829689717,-0.00794020870517781,-0.005505148483411472,-0.003758296945029602,-0.0024810158991591604,-0.001578486613127411,-0.0009541538171190793,-0.0004900048542504378,0.0016797817213448935,-0.009472503745460572,-0.0038494864731362893,-0.0002019718141785836,0.004117314345031982,-0.003914683755743289,-0.0015638645183150572,4.2161486689298866e-5,-0.001040902327301196
0.003431153633119202,0.004791313791743813,0.0066316827100953825,0.00929569600210138,0.012487876599634611,0.015466994614847974,0.01623102220777988,0.007390056215005591,0.006668879789687085,0.009301108951593006,0.012141026622177808,0.012491323606810146,0.011385902783039878,0.010870668848264198,0.008307143497550663,0.003935107506539222,-0.000722251641606094,-0.006523495622492721,-0.009204368871217375,-0.013781301296676284,-0.016785259964128697,1.4224438481878312,-0.01819708128937573,-0.016427979677950698,-0.012815691027313381,-0.009119032262494959,-0.005324660224927124,-0.0029176901268653426,-0.0017856693034381027,-0.001410822176700918,-0.0013395958479217394,-0.0011770518033306047,-0.0013594317416126503,-0.0017870270169686269,-0.0021457582750280054,-0.002396029005243361,-0.002599760629032292,-0.0027281984759230625,-0.00260767708458102,-0.002100296323724333,-0.000940339060717708,0.0006686063005908085,0.0018205431787980478,0.0012864021150961994,0.000279757037036002,-0.0007448709037604762,-0.001169819413887928,-0.0012195072817914997,-0.0010717954991882103,-0.001988267227855709,0.0015970044421631771,-0.006254903261168314,-0.0015746691992804373,0.0012062425725617128,0.002535643820686067,-0.0019971077404801175,-0.0020068468627138215,7.496079523610971e-5,-0.003917188892960279
0.003748258487765889,0.005146709495799044,0.006856732144289669,0.009100958604254068,0.011075909384894868,0.011664856909800354,0.007853350081675559,0.0002763619633936991,-3.4155216379808854e-5,0.0014735147542255026,0.003084605672292737,0.004625756061339929,0.006850107188583188,0.011431052747763954,0.01374290853148586,0.013404638607527126,0.009358950231240544,0.0022377411401312383,-0.0033048636136288295,-0.0070587244510231,-0.012161674758195934,-0.01819708128937573,1.4169178492972934,-0.026257823158553996,-0.024825582035485606,-0.02121357165309829,-0.015367265044198636,-0.009758255420103827,-0.005195631333651166,-0.002147564974145814,-0.0004749528232102453,0.00023539229367728652,0.0008120287054880995,0.0004692192697196174,-0.00019868996518627752,-0.0013461946087776847,-0.0027589055365358273,-0.004002266475449901,-0.004764803898626434,-0.004096624595747973,-0.0007643636810107175,0.0069022392029944105,0.020589743387967416,0.01578789519150755,0.010059806287115359,0.0050284438194946515,0.001978553851553367,0.00034055614689288956,-0.0004101070695661018,-0.0030060008831901126,0.0007764850675551086,-0.0026071132330316485,-0.0003595615927291486,0.002282155471909944,0.0016167096501574266,-0.0007009142207169135,-0.002715211759776701,-0.00030663710642974676,-0.00562460410235192
0.004349961792928766,0.005952280911659013,0.007787486352133434,0.009985501735264971,0.01126273343281914,0.009905353854405793,0.001383223363381785,-0.006267047104004831,-0.0063343611398641005,-0.00512900341491442,-0.0043382820962006435,-0.0023002440219267897,0.0017002586335955073,0.009974990053841983,0.01614957039014007,0.018883921246528945,0.015459498887484466,0.008224246177241186,0.0011851881888868137,-0.0011675608506500708,-0.007086514320108621,-0.016427979677950698,-0.026257823158553996,1.4074177304807842,-0.03455216817354705,-0.03206331425157967,-0.025344798554005912,-0.017399455624199082,-0.009824147455246384,-0.0040910637529258526,-0.0004871464699669765,0.0009121589868307103,0.002280205933626068,0.001931423631920334,0.000837566074152081,-0.001293644720287367,-0.0038733673160976883,-0.006004040052697597,-0.00731773046297505,-0.0062046907847222756,-0.0004947795679479086,0.013245946262358834,0.039066801482025085,0.03064549405363452,0.020429369649626834,0.011471849704604709,0.005743894423150761,0.0024209702846260846,0.0006609832737824312,-0.0036143937172517238,-0.0002770134898226296,0.0005213175179823774,0.0008258421962609349,0.003118566026377224,0.0016864957609106707,-1.4459734296955932e-5,-0.002679282829627067,-0.0021732691970327645,-0.004622437784027246
0.004469651248017325,0.0061410073008239,0.008000156118346605,0.010126039738257127,0.011003465665153048,0.008543833275305609,-0.002703825533817978,-0.010561917166608347,-0.010588366775998448,-0.009506657424483643,-0.00916481455066448,-0.007290048493867863,-0.0028841337723962547,0.006863284947800323,0.015158732653889385,0.01982342868531115,0.01755390371671168,0.01147817809413857,0.004356846543833657,0.0033944601706540926,-0.0022474554948581174,-0.012815691027313381,-0.024825582035485606,-0.03455216817354705,1.4017763938715493,-0.038470083882801445,-0.032828587839017674,-0.024629966331887854,-0.015624331492219643,-0.007876199835209886,-0.002099620077935626,0.00027910806012380407,0.002492443551354057,0.002069708324823293,0.00044627605142979327,-0.002612112847100214,-0.005958822651431782,-0.008246411402009962,-0.00923064072850488,-0.007120837181707771,0.000859363915827983,0.019152131076193506,0.05319078843785851,0.04241951732088214,0.029158515675126194,0.017489433391746766,0.009771225095542424,0.005079994359791037,0.0024019884878803345,-0.00374820710154018,-0.0011241812957811666,0.002886114276438594,0.002144530759944316,0.003649288774716057,0.003197295318138616,-0.00026614374516118876,-0.0011266032471727114,-0.004888579806211423,-0.0015460095827088845
0.004590050345880567,0.0063564220638386865,0.008324932435749811,0.010589525294816464,0.01155221133093948,0.00890962159569936,-0.0031904546132811968,-0.012153309773597546,-0.01233964255804337,-0.011130218858695758,-0.010668122056645364,-0.009359201493322878,-0.005395458430692399,0.0041870055393,0.013140076333689164,0.018567272455244622,0.01744787433226691,0.012808049347410515,0.006164782279210894,0.006036485421495048,0.0010713860786926422,-0.009119032262494959,-0.02121357165309829,-0.03206331425157967,-0.038470083882801445,1.3996260424510392,-0.03802958846823345,-0.03171636244109169,-0.02312355643927159,-0.014163475354226521,-0.005828425489096519,-0.0020721205307233197,0.0009738879759346688,0.00020533794607786366,-0.0021965125661368686,-0.006159936551548654,-0.009629703097410035,-0.011047933880474191,-0.010365880051903295,-0.006296576283954255,0.004154464983660327,0.025381845854813217,0.06258319355114754,0.049851993782002835,0.034746925861438,0.021664902526443045,0.012858243404876296,0.007357520839045937,0.004071997580077116,-0.003533610785466657,-0.0019370368199038818,0.0039028699568864405,0.0028159998846533345,0.00397671761059221,0.006006408233618528,-0.0012791887664362588,0.0016676815586150215,-0.00794991797318865,0.0017963494810925211
0.0041946890806535304,0.005885045658173373,0.007809929596199531,0.010112039065497496,0.011372667564930529,0.009433547581416462,-0.000968386747963822,-0.010491598729823462,-0.010957893501390795,-0.009784744503313639,-0.009036859976471941,-0.008531598409529396,-0.005630260848125263,0.0022044410569963396,0.010287739135177984,0.015360907445802006,0.015281292302381528,0.012224456839407061,0.00665433482205112,0.0068512815214530716,0.0029378311398707588,-0.005324660224927124,-0.015367265044198636,-0.025344798554005912,-0.032828587839017674,-0.03802958846823345,1.4014805658484644,-0.03661606911386037,-0.03056404347097526,-0.02181004135889121,-0.011120876128189568,-0.005733433790461602,-0.001926373533993799,-0.0032503685355962674,-0.006548615217465933,-0.011268651704101055,-0.014091356448230445,-0.013681857223695488,-0.010258906922977092,-0.003645653663968216,0.008903713146527367,0.03083827478348119,0.0658137684591919,0.05163748328183998,0.03613677886758721,0.023188711374490942,0.014405779543256177,0.008805036514741117,0.005337171498003048,-0.0028004226057836345,-0.002473444885263472,0.003850561629943662,0.003054065448848882,0.004036052176182492,0.008746074171408474,-0.0020582327946426764,0.004908259264091371,-0.011266232940426215,0.004974821636705087
0.0035151165410451787,0.005021849842834637,0.006797471149241892,0.009042400042050668,0.01065308704196288,0.009882600807267798,0.002672200542691955,-0.006939062629631229,-0.007742936960369755,-0.0065885421855174835,-0.005511616140277518,-0.005708563766243166,-0.004120942049389494,0.0012627188605165394,0.007457978948219033,0.011364477412164033,0.011843399031252418,0.010080016202678762,0.005779601256159457,0.005732780042589791,0.002749588952470421,-0.0029176901268653426,-0.009758255420103827,-0.017399455624199082,-0.024629966331887854,-0.03171636244109169,-0.03661606911386037,1.4016963649092744,-0.03691246674162991,-0.029860573760474594,-0.0172764614444708,-0.009590998795051408,-0.0048093939809327425,-0.006999492255283818,-0.01153295336941885,-0.01720433068264987,-0.018948499150512253,-0.015943567034110304,-0.008955604360059688,0.0006279273195212135,0.014873205842244625,0.03557609220974833,0.06403460669306552,0.04918888132025025,0.03458202100857052,0.022953362070562963,0.015028376232603412,0.009843152947019866,0.0064960566999927635,-0.0017924910944821118,-0.002618563220889331,0.0028502936582516045,0.002764597108318609,0.00386835298697793,0.01162234124384889,-0.0025791985539636623,0.00831086547477186,-0.013942715050024269,0.006253793251423709
0.002753603661865229,0.004025385047797716,0.005585729246268714,0.007676428111690811,0.009553022933603902,0.009998702510147783,0.00639828725564877,-0.0024317747279048057,-0.003591556423748409,-0.00245759989064895,-0.0012045648402199312,-0.0019616179432219946,-0.0016526457797122085,0.0010363859850983964,0.004885954451088432,0.007163829801724365,0.007797344047928933,0.00710258939049531,0.0040973678337487066,0.003493269908978273,0.0012438013977159135,-0.0017856693034381027,-0.005195631333651166,-0.009824147455246384,-0.015624331492219643,-0.02312355643927159,-0.03056404347097526,-0.03691246674162991,1.400861686244227,-0.035913834397909496,-0.022778952847056614,-0.012765622200274834,-0.006863746237781865,-0.009876153063998704,-0.015620046058989461,-0.022286727107008592,-0.022854713366393893,-0.017165153421537842,-0.006782272192537982,0.005358213875541048,0.020352742339818715,0.038181949303530506,0.057753807663564825,0.04288801046089784,0.03003192285520241,0.02046458108196896,0.013997677237994987,0.009670905368052995,0.006775282661010183,-0.0006301165159695383,-0.002263476470980235,0.0013726051465638893,0.002112909327609754,0.003344480352543963,0.012885113625396962,-0.001463260068021165,0.010864328814197372,-0.016423664025093807,0.006073724526857371
0.0017732624938918075,0.002707492682749783,0.003919284761145183,0.0056450243109045966,0.007517275469780626,0.008879790111402597,0.00846383786108884,0.0013663518938904062,-4.573484933764218e-5,0.0009432679374064174,0.002202386900614335,0.0010621514113020333,0.0006000471887699718,0.0009461580749338132,0.0027404201570789322,0.003353293396168124,0.0038659066449971114,0.003911919049492532,0.0021973898597504307,0.0011145537461072703,-0.00048164279035961294,-0.001410822176700918,-0.002147564974145814,-0.0040910637529258526,-0.007876199835209886,-0.014163475354226521,-0.02181004135889121,-0.029860573760474594,-0.035913834397909496,1.4038636783611096,-0.028523725416021252,-0.024156447627613528,-0.019614829557799023,-0.018420115462115156,-0.018964673150983862,-0.020387170024000336,-0.017149411875210616,-0.00937720362189029,0.0019266657267938293,0.013634726503893978,0.026240181672990904,0.03837100661464909,0.047586935070576826,0.03339344981435951,0.023377038250082343,0.016531529268755042,0.01193053607227301,0.008716994423634602,0.006453814541061708,0.000763331684572738,-0.0014098877052838065,4.313866664281491e-5,0.0009873391210995155,0.0025674352480058883,0.012053954852951812,0.001269225717120319,0.011375682284704241,-0.017259003227075066,0.004153218685613391
0.0007844804038795248,0.0013288549147635737,0.0021134917418709027,0.0033233551190162886,0.004945815543846554,0.006815474980850125,0.00851575229592184,0.004135262788978131,0.0018198852595103037,0.003395027489110007,0.0038616289621743287,0.0033518526986616283,0.0019847087465583494,0.001347906541942079,0.001141699573323079,0.0006624966196202978,0.0004956466276746261,0.0007477828518752981,-6.610461358123816e-5,-0.001058610430787909,-0.001810421088762681,-0.0013395958479217394,-0.0004749528232102453,-0.0004871464699669765,-0.002099620077935626,-0.005828425489096519,-0.011120876128189568,-0.0172764614444708,-0.022778952847056614,-0.028523725416021252,1.4017273312131244,-0.062167274894617056,-0.068009727727308,-0.0497423525195621,-0.02661437862160703,-0.0035923587466497845,0.012844363173714625,0.02226081915148259,0.02918163822323543,0.0337227999089705,0.03713287395571033,0.0380084639872348,0.035378877294666454,0.019923649930808043,0.013982725699404251,0.010761361876086452,0.00857829698533267,0.006830208881783435,0.0054377062562621864,0.001890866967197758,-0.00025444432817504806,-0.0010868880481123412,-0.0009950036373110303,0.0013073336216206752,0.009227457953067592,0.0059240569174163794,0.008245485054197175,-0.014869470521396106,-0.0005107438794106687
