1.0211346590434602,-2.1868336794030176e-5,3.038519517569975e-6,0.00011133519042301333,0.0002566893286840058,0.0004165670197794643,0.00039220735156535484,-0.00033455170392197343,-0.0005879761221894911,-0.0004750512894303665,-0.0003499674484688819,-0.00029614170088308875,-0.00020635687678176355,-5.427610741180041e-5,8.474729704143684e-5,0.00017839091700616963,0.00024767252079745404,0.0002553058770232665,0.00021605155164882204,0.00015250524909252055,0.000110756747709338,8.202997116197954e-5,6.0226685851270344e-5,4.222481868419095e-5,2.4041803337030258e-5,1.5902525804918128e-5,8.574214255727163e-6,4.63644945150958e-6,1.7775819567043781e-6,-3.969195729243416e-6,-7.0026071736848585e-6,-8.679375156046622e-6,-8.954439723647879e-6,-7.323208315502222e-6,-5.709361965618175e-6,-3.7068754322039523e-6,-2.133245820785464e-6,-1.0004006339433836e-6,-1.6725806624720348e-6,-3.9410930215580256e-6,-8.512443790393585e-6,-1.665129560834408e-5,-3.073904030766383e-5,-2.420161464971524e-5,-1.8662080937563087e-5,-1.685168896695199e-5,-1.481750806072367e-5,-1.3268561446850551e-5,-1.1717998020733555e-5,1.4271225152567623e-5,-7.664985587810964e-7,-7.614203392135912e-6,-2.2776434341916105e-6,1.0015458129299731e-5,-1.976856672705333e-5,-3.704842986440529e-5,-2.9033311027068793e-5,-2.8342399730166306e-5,-2.5797325016135564e-5
-2.1868336794030176e-5,1.0211403809049104,-1.959080944291291e-5,1.3357095298218015e-5,0.00012586361424250258,0.0002377986193148109,0.00035173750241569474,-3.16650033293795e-5,-0.00024301595772960717,-0.0003720488298161099,-0.0005431320477703729,-0.0005882283605278982,-0.000440655101749441,-0.00023004825125092635,-8.722827188420385e-6,0.00020898248570727954,0.0003831369255670477,0.0004261147208358686,0.0003698977848545469,0.00025804761289652804,0.00018497404771558265,0.00013675350076295086,9.974256083981388e-5,6.898964566204293e-5,3.7536706413456045e-5,2.410502765065745e-5,1.1973157444907383e-5,6.0131429743013e-6,1.2363064872434795e-6,-7.725526829336513e-6,-1.223447922780582e-5,-1.436171122250707e-5,-1.4207318336354645e-5,-1.1291123789836547e-5,-8.500217380253016e-6,-5.215658597438532e-6,-2.7422747265160375e-6,-9.149699793786861e-7,-2.400148520997477e-6,-6.424004031010257e-6,-1.425482433554497e-5,-2.7556276549579147e-5,-4.897770234350211e-5,-3.822848093675627e-5,-2.9017366179967977e-5,-2.6156460379220567e-5,-2.290932623484636e-5,-1.9992866981111243e-5,-1.7339721376481947e-5,4.994425288732816e-5,6.567453607317189e-5,8.240291019123879e-5,0.00011148753228661169,0.00012720850905257152,-9.810825366448487e-6,3.977786990838365e-6,1.3396199568487648e-5,1.4543226473901869e-5,5.264737922936569e-6
3.038519517569975e-6,-1.959080944291291e-5,1.0210350734661828,-0.00033771464983325516,-0.0006573636210461775,-0.0007606613353994539,-0.00012574594978440116,0.001658776879347784,0.0017341024592652892,0.00047762841799333777,-0.0008043917066456282,-0.0011748273617484652,-0.0009214535268311046,-0.0007583839013319567,-0.0004626041827975396,1.0961922075592716e-5,0.0004461413288570331,0.0005974052080297425,0.0005432570477635478,0.0003673040309503181,0.00025490496165876095,0.0001853307983468801,0.00013226500608051858,8.651258761309191e-5,3.953009322164528e-5,2.1028821181101338e-5,5.305665255780625e-6,-8.159792393084226e-7,-5.157616827311339e-6,-1.5620970867940793e-5,-1.9665542059026282e-5,-2.1701797706601764e-5,-2.0329797594791904e-5,-1.5854290991693612e-5,-1.1043993943696946e-5,-5.8575691383872034e-6,-1.7422746409041678e-6,1.1036533704501308e-6,-1.3022755829886706e-6,-7.245257858578058e-6,-1.81875022951508e-5,-3.48700136941253e-5,-5.7569461462587215e-5,-4.2961118629248823e-5,-3.0141677662207312e-5,-2.751533496124467e-5,-2.405801666161238e-5,-2.0113716030598154e-5,-1.6919445222501294e-5,6.694483815854359e-5,0.00015515864983501088,0.0001840163569886753,0.0001762134974703561,9.344950868030456e-5,-2.18138642705609e-5,-2.840326365485935e-5,-2.191915708792138e-5,-1.4634025550316095e-5,-3.0664811706908736e-5
0.00011133519042301333,1.3357095298218015e-5,-0.00033771464983325516,1.019881182569879,-0.0027769136652179677,-0.0038904475090966576,-0.0022277288816535184,0.00568748934792002,0.00710882785952356,0.003350520854237388,-0.0005497408259878022,-0.0018261416903125776,-0.001654220946326006,-0.0018924986978073822,-0.0016398223262362518,-0.0007034352307068064,0.000274751669163553,0.0006952489931665453,0.0007163740798446996,0.00047868330392027527,0.00033879333769462996,0.0002609532130384927,0.0001941771074660387,0.00012771326791427294,5.160079500632269e-5,2.5138681475971505e-5,1.9051443448372587e-6,-6.631043186304308e-6,-1.2330839732429924e-5,-3.081886782365681e-5,-3.794117337043368e-5,-4.1831104358494346e-5,-3.985843716033332e-5,-3.187758098651783e-5,-2.3075783796337145e-5,-1.3577904705666901e-5,-5.799362293470258e-6,-4.287031585282086e-7,-4.186990311061865e-6,-1.3919796074990447e-5,-3.129631453821975e-5,-5.7397552453465874e-5,-8.919651301367439e-5,-6.788006876612835e-5,-4.8555893077491414e-5,-4.7416109664905596e-5,-4.326691997303682e-5,-3.688557973950946e-5,-3.143200330624714e-5,0.00014800070371863487,0.00046641207699930134,0.0005885762711454882,0.0005433286931454922,0.0002943218976618587,8.048864307493051e-6,5.793550999186462e-5,5.299008593482753e-5,5.312420001046313e-5,1.9919651436802122e-5
0.0002566893286840058,0.00012586361424250258,-0.0006573636210461775,-0.0027769136652179677,1.0148523920804051,-0.009527905928075566,-0.0076021952511814,0.01021456899656789,0.015397796000750006,0.009585037762246777,0.002397244973294017,-0.0008253732985423722,-0.0019400007352693442,-0.003439352204953936,-0.0036290937168008785,-0.002249408507391929,-0.0004860597860498615,0.00041372311340626974,0.0006641146835743747,0.0004285418653327517,0.0003309727691466261,0.0003052395200581269,0.0002554526152162883,0.0001763588101338265,6.011397991509943e-5,2.6881416886646154e-5,-4.932593463096611e-6,-1.754017572018462e-5,-2.3888504773145136e-5,-5.962114819920537e-5,-7.626433079393249e-5,-8.637059378787671e-5,-8.672305909281876e-5,-7.354212171897144e-5,-5.784177707431572e-5,-3.992181923831362e-5,-2.4734307146216163e-5,-1.2344875397171468e-5,-1.4858342686368444e-5,-2.702132749885199e-5,-4.889688275306328e-5,-8.365037433163202e-5,-0.00012037545577830222,-9.991143720699817e-5,-7.721819951970805e-5,-8.613783587617442e-5,-8.476241093282723e-5,-7.742044995616814e-5,-6.915452454512737e-5,0.00024924993127290373,0.000908191731783859,0.0011392256053911328,0.0009914386752179728,0.00037180784338403577,6.385618924438822e-5,0.00010103128916999877,4.668862059094613e-5,3.702051592911295e-5,-3.3758646306750823e-6
0.0004165670197794643,0.0002377986193148109,-0.0007606613353994539,-0.0038904475090966576,-0.009527905928075566,1.0047103926866645,-0.019010466957762092,0.006869439995900266,0.020973663127523676,0.020177481986508986,0.013140117562934086,0.006473719878461585,0.00038492721520743165,-0.0040303165640434005,-0.005473244457157649,-0.004546913495181551,-0.002209636726776257,-0.0007616360652202731,-6.565648027181065e-5,-0.00010287139470987265,5.6224580516356295e-5,0.0002465627565525781,0.00030505373790345563,0.0002480178777777425,8.156426577151541e-5,4.5180871790031696e-5,-3.6414963700518396e-6,-2.9216723874659134e-5,-3.9777269144070775e-5,-0.00012060169738697909,-0.0001621837471105671,-0.0001905910097919521,-0.00020100297373738495,-0.00017607239171485913,-0.00014345741603847637,-0.00010396693252144021,-6.799429921882862e-5,-3.73149050377773e-5,-2.973137651239584e-5,-4.02216672332457e-5,-6.29858681790334e-5,-0.00011196566785855207,-0.00017382611222842626,-0.0001763430241792161,-0.0001597365208160488,-0.0001952543853823485,-0.00020130107614976613,-0.0001971210489473145,-0.00018362549760169935,0.00042922852013754374,0.0013682290747880116,0.0017016189601072936,0.0015227353632217893,0.0004760895868554995,0.0002803478895676113,0.00036551261226807854,0.00017343260349485639,0.00011043320559267585,6.225252370204469e-5
0.00039220735156535484,0.00035173750241569474,-0.00012574594978440116,-0.0022277288816535184,-0.0076021952511814,-0.019010466957762092,0.9829102431787338,-0.02027169765409969,0.008423240268436554,0.0315640233584787,0.03595818777873181,0.02952559415882189,0.011539708288719547,0.000899667431183494,-0.004763362856623303,-0.006514353355701555,-0.005358054459082346,-0.003480315414250509,-0.0025995529955213405,-0.0017347703569637184,-0.0008070775470951507,-2.984531341664934e-5,0.0003574589801964976,0.0004361496223469516,0.00024314431844305192,0.00022397132876044573,0.00015182642113856134,8.420710497034364e-5,3.888414735225847e-5,-0.00016558655593494793,-0.00031898496222706806,-0.00036094371485446687,-0.0004005728819913649,-0.00036352580539077427,-0.0003219078650061307,-0.0002617245835298039,-0.0002148048859841399,-0.00016131686162700247,-0.00014413538780049057,-0.00015381928265984787,-0.00017396146839149875,-0.00024234694030684674,-0.00036501152222630863,-0.00038591335690481255,-0.0003886604560572642,-0.00047784849501555335,-0.0005004178394109718,-0.000515421502109208,-0.0004946915421182304,0.0005757225230384446,0.0011264324503959932,0.0013223607528360585,0.00132235990001481,0.00020439008440144033,0.0006363063707862223,0.0006101350590261155,7.533428581519983e-5,-9.513985652377612e-5,-8.761075561179791e-5
-0.00033455170392197343,-3.16650033293795e-5,0.001658776879347784,0.00568748934792002,0.01021456899656789,0.006869439995900266,-0.02027169765409969,0.9572091239848505,-0.046130805692353456,-0.002014306232669717,0.03260126452530512,0.047176966222613866,0.03551203745846971,0.014291884766940802,0.00333821906820541,-0.0034854391112238117,-0.003916741774792877,-0.004580738935667628,-0.0027987726018310066,-0.002055546252793051,-0.0010127842438701117,-0.00022457765132809685,0.00021570843396561814,0.0004087603857113077,0.000375691634269655,0.00039360541861056765,0.0003585990739231778,0.0002847487306568891,0.0002552060980007406,7.7055973104044e-5,-5.209908206872609e-5,-0.0002454239618318108,-0.0003674197283399075,-0.0003713704190636683,-0.0003732661516119827,-0.00034762290928620884,-0.0003323298886825146,-0.0003186525933448998,-0.00030783449635050903,-0.00032466888021155736,-0.00032092420315801417,-0.0003412233266504143,-0.00036217788933407387,-0.0003390836504538347,-0.0003556637094498255,-0.0004424437616660432,-0.00047653086687728655,-0.0005285310827151685,-0.0005289903479445641,0.00017277997327821214,-0.001258999840743102,-0.0017043536987390623,-0.001157099027687063,-9.830640769508687e-5,0.0006165164342253281,0.0004940097437782821,-8.231739823134527e-6,-0.0001695579865058853,-0.00014644883424320802
-0.0005879761221894911,-0.00024301595772960717,0.0017341024592652892,0.00710882785952356,0.015397796000750006,0.020973663127523676,0.008423240268436554,-0.046130805692353456,0.9410657357423355,-0.050095338729706076,0.015329836450226203,0.043502711931812356,0.051061157331830864,0.022717890727345983,-0.0011968456136740256,-0.00141693083756256,-0.0019422580427985456,4.3068779504700325e-5,-0.0012304248114585637,-0.0001329799336883119,0.0003240244565214715,0.0005412304930664675,0.00062285141296639,0.0006697672319316596,0.0006435382978946315,0.0006613101065439523,0.0006602130327802107,0.0005916608482035955,0.0005144861137847775,0.00036592205501751276,0.00019593953474071423,4.179421420880022e-5,-7.004049356996665e-5,-0.0001555966048644065,-0.00024687623209897756,-0.000313320220992555,-0.0003926440542021649,-0.0004521871715062003,-0.0005173997228572601,-0.0005939169239793996,-0.000667032926286275,-0.0007172893653374681,-0.0007787869279946037,-0.00037925022400590885,-0.0002634417216956388,-0.0002891063381225373,-0.0003097374885779587,-0.0003695668546330056,-0.0003841742010775143,-0.0001568408906637365,-0.0021990602952745935,-0.0028558939551832077,-0.002285429648286456,0.00034381418364251196,0.00011462482961172405,-0.0007885715864492691,-0.0009791768128061882,-0.0009096376074483674,-0.00018022644706917616
-0.0004750512894303665,-0.0003720488298161099,0.00047762841799333777,0.003350520854237388,0.009585037762246777,0.020177481986508986,0.0315640233584787,-0.002014306232669717,-0.050095338729706076,0.941518312764297,-0.04710297214337901,0.018655265470358333,0.0688054160769908,0.0204977018029177,-0.004818566110281087,-0.00595990953431192,0.0045481838896342395,0.001929610159674134,0.004683026529297498,0.00303453801654571,0.0023556403950470888,0.001757212882682461,0.0012932828649258388,0.0010107298296845165,0.0007843654906941872,0.0006329491415454273,0.0005125203986154423,0.0004036167500424862,0.00035728242262948506,0.0002516421174992163,0.000150430676490681,-4.395164875490505e-5,-0.0001738486197124167,-0.0001769410774803918,-0.00019947553906326615,-0.00019698778537382555,-0.00020313664942327972,-0.0002461676659564672,-0.00026290913482277824,-0.00030924116004261407,-0.0003458145058810948,-0.0004006858972313264,-0.0004819973482477829,-0.0002987683172210824,-0.00024282033776692184,-0.0002465285340156768,-0.00024826138726914975,-0.0002843811905058195,-0.00028932309181506344,0.0001308596225433992,-0.0010614261762193526,-0.0014290940343980468,-0.0011501191507474085,0.0012906050462658865,-0.00047271155475453686,-0.00069475715263113,-0.000459644126764025,-0.00035730273404533633,-0.00010391947262742968
-0.0003499674484688819,-0.0005431320477703729,-0.0008043917066456282,-0.0005497408259878022,0.002397244973294017,0.013140117562934086,0.03595818777873181,0.03260126452530512,0.015329836450226203,-0.04710297214337901,0.9074329393717763,-0.02731358568083488,0.022289882914251803,0.02772566853510623,0.0002496492693298181,0.009307956321651132,0.004189057628747884,0.010170227856863313,0.00435376371964606,0.00492739469212531,0.0037536291734673348,0.0024985734329706936,0.0016546517310478284,0.0012113300882729096,0.0009454054356936257,0.000838017592364696,0.0007788293000117434,0.0006950550397198287,0.0005998212150620442,0.0005105091694557193,0.00039012327436663177,0.00028321751842523156,0.00021467815951093207,4.79215685929127e-5,-9.360510060435122e-5,-0.0002214820172173181,-0.0003423668832794413,-0.00042685281554851633,-0.0005278543975709631,-0.0006266398242573681,-0.0007547823850864867,-0.000849352122312719,-0.0009761298718384945,-0.00034061936415053927,-0.00012426408371670895,-8.334583755359229e-5,-8.03196048746316e-5,-0.00011510354988168554,-0.00012957711311446546,0.0005023142781488092,0.0004488632218967611,0.0006379587231785988,0.0005076591288189102,0.0014760152810086211,-0.0008127412111612495,0.0006719111241610693,0.0011546441073780654,0.001060464668034603,-6.98786708728405e-5
-0.00029614170088308875,-0.0005882283605278982,-0.0011748273617484652,-0.0018261416903125776,-0.0008253732985423722,0.006473719878461585,0.02952559415882189,0.047176966222613866,0.043502711931812356,0.018655265470358333,-0.02731358568083488,0.8912075930337043,-0.10337148995341353,-0.004391548283638871,0.05064388124119263,0.029257970733298715,0.02068754768538896,0.0028567237486316114,0.008259324960090424,0.004858828587894876,0.003468162484817438,0.002163703309922257,0.0013831941628003111,0.0009738547428668882,0.0006714281542850285,0.0005045742734434805,0.00039490895561729506,0.00031951816658762046,0.00029593255883481566,0.0002696928895899362,0.00020521302769503554,-2.3457301074430303e-6,-0.00014194516352684578,-9.576667483230426e-5,-9.604678940057806e-5,-7.885138563578956e-5,-7.808397393655333e-5,-0.0001800761128744146,-0.00023352327867203816,-0.0003237548347802732,-0.0003889811415642903,-0.0004317238786784156,-0.00035869364576384435,-7.351181744843062e-5,2.9956355136740873e-5,3.908031449824011e-5,2.909041369458572e-5,9.194222368672489e-6,-3.0751566162184443e-6,0.0002576293309375532,0.000631818363947355,0.0013800457339729966,0.000487099808690711,-0.00010653682274726167,-0.0007616990231528164,-0.0005084886361476406,-1.4123376794539514e-5,0.00011773190382603055,-8.892872887605277e-6
-0.00020635687678176355,-0.000440655101749441,-0.0009214535268311046,-0.001654220946326006,-0.0019400007352693442,0.00038492721520743165,0.011539708288719547,0.03551203745846971,0.051061157331830864,0.0688054160769908,0.022289882914251803,-0.10337148995341353,0.838683215031375,-0.04735300312776958,0.04911432742412484,0.06437651276274348,0.015477351453202571,0.011338319384721232,0.00018269668759449443,0.0026159464873461956,0.0020151104375566013,0.0011406033041138919,0.0007456212505023559,0.0006292289507486593,0.0005112168914017185,0.000470477593090035,0.00047238108966225165,0.0004346096104756157,0.0004065779657122952,0.00039266346599614436,0.00035776408891730635,0.00032610753867801486,0.00030849611983517814,0.00010841906904161763,-3.251330630674433e-5,-0.0001722428193699747,-0.000292429280361858,-0.0003612774567668301,-0.0004551074040646285,-0.0005204991135966737,-0.0005938063743349522,-0.0005957666088028991,-0.0004607537742377974,4.137943669650022e-5,0.00017828928227127107,0.00017392198356464247,0.00014199398875526279,0.000129092226653948,0.00011315103439016114,-0.00015688188429031493,0.0001869806568098694,0.0012131755108346876,-1.693354886895421e-5,-0.0012539740494867874,-0.00036235211046802414,-0.00023881820535128807,-5.108830998310196e-5,0.00010312656933306828,-5.2812316167791135e-5
-5.427610741180041e-5,-0.00023004825125092635,-0.0007583839013319567,-0.0018924986978073822,-0.003439352204953936,-0.0040303165640434005,0.000899667431183494,0.014291884766940802,0.022717890727345983,0.0204977018029177,0.02772566853510623,-0.004391548283638871,-0.04735300312776958,0.9456083466517726,0.00298641138535402,0.00738591221604678,0.01872421020068557,0.0026983122277223427,0.00981367818118776,0.0038818874240820656,0.0017385745793401348,0.0006675927675306932,0.0003450251706636108,0.0003312872254749913,0.0002139842349702248,0.0001104212875598629,7.964919342831022e-5,5.063305277481838e-5,7.099304744782006e-5,0.00014120435772095648,0.00014047026268185773,-1.0924460552014412e-5,-0.00012446373599130022,-5.552786534167666e-5,-3.063430246664314e-5,-5.393793980117939e-6,4.3332845534393524e-6,-0.00011065010631935734,-0.0001611030517442755,-0.00022967011573272163,-0.0002219582163401258,-0.0001312925834841854,0.0003214042696147603,0.0004349863840309857,0.0004371347892245013,0.0003767176463249806,0.00031376258426622143,0.0003068973467412241,0.0002854877297439349,4.309068782976427e-6,0.0008486993655671696,0.0011949649800662412,0.001332118617541856,0.0004325662616138173,-4.657711737789694e-5,0.0001879072410832258,0.00023210254875341156,0.0003021653499236988,-2.9642397295241344e-5
8.474729704143684e-5,-8.722827188420385e-6,-0.0004626041827975396,-0.0016398223262362518,-0.0036290937168008785,-0.005473244457157649,-0.004763362856623303,0.00333821906820541,-0.0011968456136740256,-0.004818566110281087,0.0002496492693298181,0.05064388124119263,0.04911432742412484,0.00298641138535402,0.9536269470711406,-0.03824808780964234,-0.011799206393715138,0.015577852277211493,0.006641109115680247,0.004193713421999999,0.001502481882811853,0.00029256347437714756,9.397255319936147e-5,0.0002702180775332581,0.0002503908945777811,0.0001505861961356334,0.00013703088455622255,0.00010055452779859345,0.00011477193716732896,0.0001863831064185523,0.00024568536266836316,0.00029625310374385694,0.00032890763781750544,0.00017146036143949643,7.477487928661493e-5,-3.132878224156201e-5,-0.00011550389599282504,-0.00016412564805406475,-0.00023187192686683413,-0.00025523124145542713,-0.0002617646268357817,-0.00017763802772314418,0.00018249082167372922,0.0004119513031454319,0.00043698463970236613,0.00040301209898077866,0.00035171869972528465,0.00037319681632056454,0.0003628057524342924,0.00011024348786398572,0.0014630230190774062,0.0007719632625056766,0.0025536660387469913,0.00173441960111502,-1.1475540311810675e-5,5.8230978787965964e-5,0.00016138461933929178,0.0001376108460396151,-2.315867049792596e-5
0.00017839091700616963,0.00020898248570727954,1.0961922075592716e-5,-0.0007034352307068064,-0.002249408507391929,-0.004546913495181551,-0.006514353355701555,-0.0034854391112238117,-0.00141693083756256,-0.00595990953431192,0.009307956321651132,0.029257970733298715,0.06437651276274348,0.00738591221604678,-0.03824808780964234,0.9685468070929664,-0.007071758192162928,-0.0015673084908247455,0.00701930589822584,0.0014847602196000186,-0.000378728205837106,-0.0009151833302060132,-0.0005719833259128531,-7.913129948153041e-5,5.8355787287002036e-5,-4.8441561338610224e-5,-9.087795740442987e-5,-0.00012757132278294538,-0.00013450678099073902,-2.3098863244838846e-5,2.544819921638234e-5,1.1926690009194786e-5,-2.021011622076237e-5,7.942017315353801e-5,0.00013586731855847346,0.00017518721757434695,0.00019739906402914157,0.00012625377103373924,0.00011883994799226377,0.00012947113095539964,0.00024185335731204046,0.0004410217692463169,0.0010462472778441226,0.0007476841772096981,0.0005821281044101915,0.0005004410998970119,0.0004308508209755676,0.00045409197167689205,0.0004409690234891916,-0.00020635853323871468,0.0005796759074492668,-8.364449396568633e-5,0.0011442289515846747,0.0006216951708384195,-0.00012259962008577131,-0.00024304579946108728,1.3298506345458625e-5,-0.00011131380589986649,-2.9428378811098632e-5
0.00024767252079745404,0.0003831369255670477,0.0004461413288570331,0.000274751669163553,-0.0004860597860498615,-0.002209636726776257,-0.005358054459082346,-0.003916741774792877,-0.0019422580427985456,0.0045481838896342395,0.004189057628747884,0.02068754768538896,0.015477351453202571,0.01872421020068557,-0.011799206393715138,-0.007071758192162928,1.00390585162833,-0.004805469557050849,-0.008356539634246414,-0.0039898961225259735,-0.0028808761898339538,-0.002094218310335444,-0.001168361249856613,-0.00047192157949630043,-0.00016069920434969194,-0.00019977161839799132,-0.00019266828700044747,-0.0001887478855479145,-0.00016816218510965365,-4.8901923927564676e-5,7.528988999453565e-5,0.0002396839101391772,0.00033705480537329555,0.00025565327162676204,0.00022744298438308344,0.00017791417561668872,0.00014612504147488723,0.00016832998412678803,0.0001927939551269595,0.0002892853487340226,0.00044496821433301397,0.000690828418508593,0.0012126313965411506,0.0008503291525904062,0.000635407858478207,0.0005571628663064832,0.0004901057181930327,0.0005076243280641449,0.0004886894618085196,-0.0005463718422903333,-0.0007532921253103297,-0.0009369263462536647,-0.0011710682841429285,-0.0012508286750057829,-1.0738227402246449e-5,-0.00013118643075479722,-5.184594765250079e-5,-6.015939840205239e-5,2.4046954166086637e-5
0.0002553058770232665,0.0004261147208358686,0.0005974052080297425,0.0006952489931665453,0.00041372311340626974,-0.0007616360652202731,-0.003480315414250509,-0.004580738935667628,4.3068779504700325e-5,0.001929610159674134,0.010170227856863313,0.0028567237486316114,0.011338319384721232,0.0026983122277223427,0.015577852277211493,-0.0015673084908247455,-0.004805469557050849,1.0037052957462156,-0.00794332585910114,-0.005846219622022557,-0.003794514886948357,-0.0023650282709535204,-0.001538444969542781,-0.0011066864557961074,-0.0007505731702324925,-0.0006631971793256108,-0.0005628504213102775,-0.0004837657282125557,-0.0004578308784661952,-0.0002868549196986291,-0.00017596128657626712,-2.3327894469014573e-6,8.258865901853988e-5,0.000218208582853052,0.0003036638654838973,0.00034958998644995886,0.000385298125580632,0.0004057750279124235,0.0004944397078153019,0.0006363596956670359,0.0008780374188617591,0.001169498153535413,0.001693547981011966,0.0009244121040878893,0.0005740329518976159,0.0004860760609911894,0.00043031729372521114,0.0004554528988064028,0.0004461961341125951,-0.0006867110413898878,-0.0012400878889620582,-0.0012994775662148652,-0.002018740426075336,-0.0019191122183052738,0.00011106149770953321,6.923894776209215e-5,2.2187448134963413e-5,8.508382640000969e-5,0.00016595224526762029
0.00021605155164882204,0.0003698977848545469,0.0005432570477635478,0.0007163740798446996,0.0006641146835743747,-6.565648027181065e-5,-0.0025995529955213405,-0.0027987726018310066,-0.0012304248114585637,0.004683026529297498,0.00435376371964606,0.008259324960090424,0.00018269668759449443,0.00981367818118776,0.006641109115680247,0.00701930589822584,-0.008356539634246414,-0.00794332585910114,1.0100824851273196,-0.006237216175332384,-0.0037787341329736084,-0.002331557701099051,-0.0019202353494855516,-0.0018473616738283172,-0.0014324990970963581,-0.00113515633549648,-0.0008870021370390704,-0.0006853240279305338,-0.000566572867077908,-0.00034816623173631564,-0.00016291004575609078,0.00018251808344855344,0.0003835867635227661,0.0003677374073808796,0.00037817697263897303,0.00034266794781610404,0.0003475372760612792,0.00043920262622830356,0.0005431443727496243,0.0007245869184181049,0.0009182515563820997,0.0011438470662014073,0.0013338115959291178,0.0008062966432659997,0.0005415762955597471,0.0004940466030864522,0.0004594479714820955,0.0004666677312408111,0.00044927741130339557,-0.0006874808717033151,-0.0011502550595972342,-0.0012323479738503903,-0.001800231030759886,-0.0017286294703396496,0.00016988090873314805,6.501674381917497e-5,2.539121502859358e-5,7.344834259197377e-5,0.00023695352843928252
0.00015250524909252055,0.00025804761289652804,0.0003673040309503181,0.00047868330392027527,0.0004285418653327517,-0.00010287139470987265,-0.0017347703569637184,-0.002055546252793051,-0.0001329799336883119,0.00303453801654571,0.00492739469212531,0.004858828587894876,0.0026159464873461956,0.0038818874240820656,0.004193713421999999,0.0014847602196000186,-0.0039898961225259735,-0.005846219622022557,-0.006237216175332384,1.0165575087205123,-0.003514651791066535,-0.002761383093532897,-0.002437930979123654,-0.0022275852442481935,-0.0016653461054346283,-0.0012589455538241582,-0.0009405208955527818,-0.0006782785002804338,-0.0005205232262384587,-0.0002554663382937863,-5.376139912511247e-5,0.00016779372999834978,0.00030035960764439627,0.0002831969369573074,0.0002964141537763244,0.0002519808191771239,0.0002653385050821942,0.00033124280481388647,0.0004565118115909064,0.0006566158508381945,0.0009437733400930809,0.0013762933074155878,0.002010129819156651,0.0014955829023353155,0.001106254769803904,0.0008914582985627887,0.0007293236212494569,0.000622751928683873,0.000535581775855687,-0.0005660907680734517,-0.0008059002231438195,-0.0008853831418657673,-0.0011844005103000042,-0.0012057654696888596,0.00013036127863296464,1.1045628034128748e-5,-5.5233972981024564e-5,-4.1645842778069587e-5,0.00010566533907036103
0.000110756747709338,0.00018497404771558265,0.00025490496165876095,0.00033879333769462996,0.0003309727691466261,5.6224580516356295e-5,-0.0008070775470951507,-0.0010127842438701117,0.0003240244565214715,0.0023556403950470888,0.0037536291734673348,0.003468162484817438,0.0020151104375566013,0.0017385745793401348,0.001502481882811853,-0.000378728205837106,-0.0028808761898339538,-0.003794514886948357,-0.0037787341329736084,-0.003514651791066535,1.0174818860073087,-0.0036704341109812543,-0.003177245342508417,-0.0025735751716389056,-0.001783269903763276,-0.0013095016942954588,-0.0009758331093479786,-0.0006813182329681355,-0.0005003631477639693,-0.00018782962594554126,4.44612076127965e-5,0.00019897865621382025,0.00029604788681551704,0.000242347830401554,0.0002543851842104249,0.0001942457720781977,0.0002160490383015939,0.0002806225829078567,0.0004403562263869487,0.0006812487791447408,0.0010764666369609062,0.0017320178218537333,0.002806923810734133,0.0023186212190822197,0.0017846417404117482,0.0013803456850144187,0.00107163479481532,0.0008371101236282798,0.0006685335494309586,-0.0004899572274869277,-0.0005824254755489128,-0.0006372241231509144,-0.0007895911957242653,-0.0008414462579804159,6.244711815836185e-5,-6.418143133512012e-5,-0.00017977012555798685,-0.00020244901907223137,-7.475810214353144e-5
8.202997116197954e-5,0.00013675350076295086,0.0001853307983468801,0.0002609532130384927,0.0003052395200581269,0.0002465627565525781,-2.984531341664934e-5,-0.00022457765132809685,0.0005412304930664675,0.001757212882682461,0.0024985734329706936,0.002163703309922257,0.0011406033041138919,0.0006675927675306932,0.00029256347437714756,-0.0009151833302060132,-0.002094218310335444,-0.0023650282709535204,-0.002331557701099051,-0.002761383093532897,-0.0036704341109812543,1.0170541398242063,-0.0036176825968803725,-0.0028371044949534584,-0.0019432823801395001,-0.0014127473209382634,-0.001069463137721966,-0.0007490427335745265,-0.0005538074159264235,-0.00019610839752972874,7.057223716219775e-5,0.0001915669401994737,0.0002889541254217932,0.00021087977588754263,0.00023210872688363796,0.00016158584951633752,0.00018462228886874664,0.0002376219298230069,0.00041186453991693924,0.0006564685336760738,0.0010821539683932473,0.0018433975791745977,0.0031464394802136605,0.0028960016562956346,0.0023252860125905837,0.0017718688922976327,0.0013421801058798263,0.000996942306885443,0.0007592437753836026,-0.00041406233504446833,-0.00042163524398428927,-0.00044308271426373586,-0.0005057473245913344,-0.0005584904907795685,1.2808572017930805e-5,-0.00010147319250111095,-0.00022775458803395482,-0.0002713666930187856,-0.00016646523358220124
6.0226685851270344e-5,9.974256083981388e-5,0.00013226500608051858,0.0001941771074660387,0.0002554526152162883,0.00030505373790345563,0.0003574589801964976,0.00021570843396561814,0.00062285141296639,0.0012932828649258388,0.0016546517310478284,0.0013831941628003111,0.0007456212505023559,0.0003450251706636108,9.397255319936147e-5,-0.0005719833259128531,-0.001168361249856613,-0.001538444969542781,-0.0019202353494855516,-0.002437930979123654,-0.003177245342508417,-0.0036176825968803725,1.017771567109085,-0.0029451791321576646,-0.0022026743030418823,-0.0016772285092535812,-0.0013179543141069408,-0.000988983033344732,-0.0007790353652496518,-0.0003883932377713092,-7.270482501534494e-5,0.0001008623108079394,0.0002547260804280272,0.0002067566250206998,0.0002532827306915312,0.00018970487986635928,0.0001933975609084699,0.00023477129606654586,0.0004208078183844593,0.0006631885266273277,0.001084023139170079,0.0018192027919084702,0.0030841317023890752,0.002959697084890171,0.0024081579791530357,0.0018160001752504991,0.0013578838186068928,0.0009892966961889493,0.0007390654297189754,-0.00034336657076783144,-0.00031231184737971773,-0.00031803003376887394,-0.00033047577391150725,-0.0003739409774742891,1.80755499674142e-5,-3.42951770013919e-5,-0.00010196859592401353,-0.00014014926227349386,-6.720791850991848e-5
4.222481868419095e-5,6.898964566204293e-5,8.651258761309191e-5,0.00012771326791427294,0.0001763588101338265,0.0002480178777777425,0.0004361496223469516,0.0004087603857113077,0.0006697672319316596,0.0010107298296845165,0.0012113300882729096,0.0009738547428668882,0.0006292289507486593,0.0003312872254749913,0.0002702180775332581,-7.913129948153041e-5,-0.00047192157949630043,-0.0011066864557961074,-0.0018473616738283172,-0.0022275852442481935,-0.0025735751716389056,-0.0028371044949534584,-0.0029451791321576646,1.0182766229238116,-0.0024462870663330767,-0.002054806322708658,-0.001766541669498561,-0.0014806558583804232,-0.0012700594522689146,-0.000848940054557294,-0.00043596745145643327,-0.00013203537593265015,0.0001449616312279605,0.00020759229636775172,0.00034458120224039956,0.0003529310290471841,0.0003643117243676092,0.0004248161823236906,0.0006475264818896153,0.0008989005591518022,0.0013067458975129858,0.0019316959349747153,0.0029668914277733204,0.0027805314436260783,0.002249783008289933,0.0016872277387727922,0.0012608194705560085,0.0009174543527910333,0.0006839728640044801,-0.0002854723273512614,-0.00024803415248666425,-0.0002554759498843972,-0.0002467467993273667,-0.0002796879893742112,1.1829045258255012e-5,2.4369819459092962e-5,3.1626541370309996e-5,8.940580942016095e-6,6.064345770674528e-5
2.4041803337030258e-5,3.7536706413456045e-5,3.953009322164528e-5,5.160079500632269e-5,6.011397991509943e-5,8.156426577151541e-5,0.00024314431844305192,0.000375691634269655,0.0006435382978946315,0.0007843654906941872,0.0009454054356936257,0.0006714281542850285,0.0005112168914017185,0.0002139842349702248,0.0002503908945777811,5.8355787287002036e-5,-0.00016069920434969194,-0.0007505731702324925,-0.0014324990970963581,-0.0016653461054346283,-0.001783269903763276,-0.0019432823801395001,-0.0022026743030418823,-0.0024462870663330767,1.0188442386209675,-0.002238338906017072,-0.00216332925892181,-0.002025701251503428,-0.0018739765505507025,-0.0014615606727632247,-0.0009556340247873203,-0.0005030787988193244,-7.696696777687224e-5,0.00015091516603349585,0.00044279203018694584,0.0005909655533293962,0.0006537138758464787,0.0007579624523709906,0.0010299790673533584,0.0012831761873832287,0.0016505804203760283,0.002076495116825748,0.002713862486132605,0.0024375305324059954,0.0019509666565777934,0.0014503230192722154,0.0010826303653188923,0.0007887637020251086,0.0005877381600767721,-0.00021051386941749962,-0.0001824648136091994,-0.00020085631730280132,-0.00018098329657855467,-0.00020208199900288986,-5.411633913682824e-5,3.36711864117078e-5,0.00010663286795285647,8.95532208002925e-5,0.00011857167368990947
1.5902525804918128e-5,2.410502765065745e-5,2.1028821181101338e-5,2.5138681475971505e-5,2.6881416886646154e-5,4.5180871790031696e-5,0.00022397132876044573,0.00039360541861056765,0.0006613101065439523,0.0006329491415454273,0.000838017592364696,0.0005045742734434805,0.000470477593090035,0.0001104212875598629,0.0001505861961356334,-4.8441561338610224e-5,-0.00019977161839799132,-0.0006631971793256108,-0.00113515633549648,-0.0012589455538241582,-0.0013095016942954588,-0.0014127473209382634,-0.0016772285092535812,-0.002054806322708658,-0.002238338906017072,1.018675161372699,-0.0027140150587951764,-0.002788451567585643,-0.002724153485024155,-0.0023055401204314075,-0.0016603554789234296,-0.0009877503801470444,-0.0003550647890604093,0.00010677566160796651,0.0006227715135271496,0.0009704985280367441,0.0011115744863792827,0.0012797652068639728,0.0016330765542323879,0.0019252772131571295,0.002303895201675792,0.002550246557196181,0.002778386826749937,0.00218236240175693,0.0016613711861642305,0.0012346800149393988,0.0009379560072913218,0.0007026535532783651,0.0005360516507466269,-0.00018590392611581263,-0.00017283413159679465,-0.00021431945802525632,-0.00020030092785429274,-0.00021527655376576055,-0.00014191155216271956,9.284035141954504e-6,0.0001298052389455813,0.00011180781437943796,0.0001204050632350855
8.574214255727163e-6,1.1973157444907383e-5,5.305665255780625e-6,1.9051443448372587e-6,-4.932593463096611e-6,-3.6414963700518396e-6,0.00015182642113856134,0.0003585990739231778,0.0006602130327802107,0.0005125203986154423,0.0007788293000117434,0.00039490895561729506,0.00047238108966225165,7.964919342831022e-5,0.00013703088455622255,-9.087795740442987e-5,-0.00019266828700044747,-0.0005628504213102775,-0.0008870021370390704,-0.0009405208955527818,-0.0009758331093479786,-0.001069463137721966,-0.0013179543141069408,-0.001766541669498561,-0.00216332925892181,-0.0027140150587951764,1.0179988398748676,-0.0034569476802520966,-0.0035199220343906557,-0.0031470954986518745,-0.0024047578646531733,-0.0015564277151159955,-0.0007366696673812878,-6.367916430052654e-5,0.0007223590400660407,0.001304124379966857,0.0015863525200497356,0.0018410243044614197,0.0022522477290480066,0.0025535317111358325,0.00289467459901183,0.0029608993420930643,0.002780066776165917,0.0020797726136910924,0.0015623816688245282,0.0011691298294362286,0.0009039016735600097,0.0006790192851306807,0.0005185025247708549,-0.0001536188405734474,-0.00015639778995887375,-0.0002219461670467818,-0.00021609997499118531,-0.00022058736500111116,-0.00021120913999596235,-1.1267438416316703e-5,0.00013995727727759107,0.00011086786955783171,0.00011285839222151064
4.63644945150958e-6,6.0131429743013e-6,-8.159792393084226e-7,-6.631043186304308e-6,-1.754017572018462e-5,-2.9216723874659134e-5,8.420710497034364e-5,0.0002847487306568891,0.0005916608482035955,0.0004036167500424862,0.0006950550397198287,0.00031951816658762046,0.0004346096104756157,5.063305277481838e-5,0.00010055452779859345,-0.00012757132278294538,-0.0001887478855479145,-0.0004837657282125557,-0.0006853240279305338,-0.0006782785002804338,-0.0006813182329681355,-0.0007490427335745265,-0.000988983033344732,-0.0014806558583804232,-0.002025701251503428,-0.002788451567585643,-0.0034569476802520966,1.0172463671157166,-0.0041610527038320275,-0.0038730478849730433,-0.003041025915854888,-0.0019364553564754144,-0.0010480772792593417,-0.00023537923347401285,0.0008382223903463482,0.0015786102755505152,0.00191117385138126,0.002195584745524865,0.002621977715358627,0.002949186051229195,0.003323278043385396,0.003305880509387264,0.0028953153837057975,0.0020225180797872637,0.0014831789982186132,0.0011124038533359406,0.0008733675797285126,0.0006585116230349646,0.0005032957468329612,-0.00012567585302551479,-0.0001434765666613197,-0.00022396673362539272,-0.00022633614221423225,-0.00022484655808775655,-0.00025914113963447966,-2.342135351970675e-6,0.0001778885196131664,0.0001298536358526769,0.00011161595598849919
1.7775819567043781e-6,1.2363064872434795e-6,-5.157616827311339e-6,-1.2330839732429924e-5,-2.3888504773145136e-5,-3.9777269144070775e-5,3.888414735225847e-5,0.0002552060980007406,0.0005144861137847775,0.00035728242262948506,0.0005998212150620442,0.00029593255883481566,0.0004065779657122952,7.099304744782006e-5,0.00011477193716732896,-0.00013450678099073902,-0.00016816218510965365,-0.0004578308784661952,-0.000566572867077908,-0.0005205232262384587,-0.0005003631477639693,-0.0005538074159264235,-0.0007790353652496518,-0.0012700594522689146,-0.0018739765505507025,-0.002724153485024155,-0.0035199220343906557,-0.0041610527038320275,1.016588036490999,-0.004435226035442183,-0.003395305661384204,-0.0017867190511633776,-0.0012213279384975,-0.0005607329859862327,0.0009480241198473984,0.001752199638310209,0.002054343132020273,0.0023276054033666126,0.002690218784203073,0.003001262469185623,0.0033708017134019878,0.0033154074113163714,0.0027821704666358828,0.0020222704637924767,0.0015430530517054467,0.0011841571837165987,0.0009497358247284717,0.0007087842306385414,0.0005357814815299158,-9.64397163023249e-5,-0.00012483084616654838,-0.00020992940489539984,-0.00022247229370720548,-0.0002136614861949264,-0.00027766134041650207,-8.008981438409073e-6,0.0001980816044211309,0.00012216802338725182,0.00010640815218191446
-3.969195729243416e-6,-7.725526829336513e-6,-1.5620970867940793e-5,-3.081886782365681e-5,-5.962114819920537e-5,-0.00012060169738697909,-0.00016558655593494793,7.7055973104044e-5,0.00036592205501751276,0.0002516421174992163,0.0005105091694557193,0.0002696928895899362,0.00039266346599614436,0.00014120435772095648,0.0001863831064185523,-2.3098863244838846e-5,-4.8901923927564676e-5,-0.0002868549196986291,-0.00034816623173631564,-0.0002554663382937863,-0.00018782962594554126,-0.00019610839752972874,-0.0003883932377713092,-0.000848940054557294,-0.0014615606727632247,-0.0023055401204314075,-0.0031470954986518745,-0.0038730478849730433,-0.004435226035442183,1.0165913025971158,-0.004183503064796935,-0.003246439800674763,-0.0018675091730899903,-0.0005789098087718764,0.0007035632691445811,0.001699032338259799,0.0023144988558272896,0.0026916482936455003,0.002971994184823648,0.0031813647195097264,0.003443697696746347,0.0032995507674743172,0.0026154664488192408,0.0018187776074378218,0.0013878028342038887,0.0010734422785562137,0.0008753791757837281,0.0006380884939425621,0.0004718444167515037,-4.569619566410597e-5,-8.835014080420866e-5,-0.00017330653324747805,-0.00020115663526918217,-0.00019032586921557615,-0.00024752859308453163,3.054359937038323e-5,0.00019350245292614393,0.00011989881685970584,9.26288828182995e-5
