0.5457786506814644,0.33137017947279435,0.19173795104165722,0.030511244084719304,0.13453028942508685,0.03056974723170284,0.16181348550486943,0.05207130281752345,0.04739778139353723,0.06919346460514492,0.07961595681237517,0.10473600168973074,0.06614298000092672,0.08650385018357988,0.05977733603217197,0.05015295423053415,0.0030040332698767027,0.1133868853662278,0.02041818595791713,0.01661273319436595,0.07606477011768625,0.0614525072886447,0.00750813804322486,-0.059056511760356686,0.056118163617467486,0.10476451196686307,0.056610382127870756,0.021184243751763556,0.07826806744863861,0.025975775320705018,0.04868851796885527,0.07136713152155169,0.06564053979789472,-0.06186464020680624,-0.00646127703347171,0.07771806054208778,0.03572440026464902,0.04486799808136817,-0.0006736307388539539,0.004106897849247166,0.04107542889890656,0.05780463489600966,0.04260912245947515,-0.0038009364991117094,0.0678889084787074,0.1002195526005521,0.023861457625158653,-0.09251686297173704,0.004107218069534077,-0.02960108334059451,-0.011224129467617413,-0.02252684054259524,0.035062918950482955,0.021631712837622632,0.07002385041268998,-0.004165821925994713,0.04439743019966088,0.07953176171057906,-0.1815714474812604
0.33137017947279435,5.2631199123413435,0.20067294413439152,-0.10851033029170008,0.5172554448026297,0.04234519902787317,0.23163906139580287,0.1781075733830801,0.18877995399443057,0.16388692827539442,0.13634077759383767,0.19826270173033653,0.2634957947205245,0.19734924851204946,0.28662308020781907,0.133628363707019,-0.3383680514907885,0.5788072462136309,0.2421874037087137,-0.07335799446764364,0.47323116337601207,0.07607618824014693,-0.5152206929110501,-0.2107640340857358,0.020355111445922947,0.6021140460628185,0.18804971758129063,0.3485410195853573,0.6461385470129352,0.05638964607479279,-0.027914661225881668,0.21958090643531575,0.055217874422707515,0.22875385181405125,0.40052648399374113,0.12771002082362568,0.39773450750090317,0.004885330482458107,-0.2754578784699558,0.035899964271255864,0.02737884053622892,0.3530600083481359,0.012561789680836807,-0.06228455086249364,0.18383312216620176,0.13034416932678153,0.04370955946777656,-0.17476139538236724,-0.10712439990313122,-0.3183016407032854,0.315542390906703,0.18397391580378009,-0.1546175928862622,0.06969675114086539,-1.4038837530582502,-0.14555649690231187,-0.28184188445692304,0.6123303257347831,0.5909562592553279
0.19173795104165722,0.20067294413439152,2.088745721607243,0.16871769067258366,0.1193023324845484,0.448531352138547,0.23805538292338468,0.3560182116840772,0.27798336069833474,0.3554867689974452,0.3937150589572332,0.3645955420860767,0.3398423936233731,0.16714907199204668,0.2813735987088245,0.2057227913998653,0.2938065382193557,0.2649574463768534,0.20619130809957412,0.29887776887254597,0.20072364628398545,0.30040050538658264,0.17345126261209187,0.44887060571102627,0.343833845814182,0.28170890423328393,0.223494925413124,0.1526629933213183,0.37091711495428187,-0.21965602406049545,0.2981000265953202,0.17720263438547684,0.14829955303151462,0.40478421972611206,0.15577387540322027,0.4659857556813271,0.33630313851757887,0.23386709619684404,0.2162481383004063,-0.28739736105739727,0.20200410221951823,0.18946902736597837,0.04706509769380335,0.02142551949134671,0.1990183243147592,0.5632448824812174,0.21958172967940479,-0.34741717933204347,-0.3835483494497467,0.09225427032397494,-0.11120091969533445,0.07821280874591702,-0.0373219532972763,-0.10245036216317215,-0.04541090622485875,0.04574392690516193,-0.22722982062323974,-0.23285107681033795,0.18622081093756826
0.030511244084719304,-0.10851033029170008,0.16871769067258366,2.2114630180875094,0.3625185792442648,0.2712521322688153,0.4356629380515628,0.41510406153845825,0.15239714320778808,0.3300121207218388,0.2999246150994002,0.3537119161498215,0.35785316446617604,0.4792905963463392,0.2276479544365555,0.370704264340122,0.3491389511432062,0.3609067967460014,0.08520790443894202,0.37656507475499595,0.18771094350522766,0.3064599628550149,0.3055562115442583,0.6670698559592718,0.36974774985175085,0.30172773735569,0.2660310039297325,0.19678460071124468,0.2874040982814786,0.28769563697332917,0.2856019856312843,0.20036978607729425,0.2670567645208548,0.3556719791022862,0.17884975943861792,0.2908540434028706,0.30111720382408164,0.2248866218596081,0.3247457090953346,0.14942273117500193,0.24663525692285107,0.18589399022792094,0.4546407160997645,0.13492575940994175,-0.03091954471188818,0.3534555809265555,0.33913760038499835,-0.1399245311977436,0.44924819156731133,-0.015644958543683342,-0.12016147436094864,0.46217084218810883,-0.0752037986551361,-0.18194821617291404,-0.3460842144547807,-0.1103652665631872,-0.4194577805879365,0.7301775092682583,-0.21495427677430243
0.13453028942508685,0.5172554448026297,0.1193023324845484,0.3625185792442648,1.766362792534418,0.43070330119836925,0.26439749968796517,0.39007258354333996,0.2169432059452701,0.25931288432461025,0.3598988621502213,0.3677041237998096,0.4012837326772111,0.2316703371143783,0.3435917349353858,0.4090716662157509,0.0966662111837759,0.3295516533229628,0.10215427816371225,0.28364692076703535,0.227109917461865,0.2548375264295153,0.16485482818543024,0.42309005631913094,0.35203538101448595,0.40002329020404753,0.2249344074587492,0.06425232384925826,0.36152795528517284,-0.19540007908658089,0.21020431659670535,0.29156033792201075,0.006682107094446913,0.531943341038905,0.12774435640849557,0.1819881032774075,0.18970663684816935,0.13286263072646395,0.17157842670016218,0.16156977837291697,0.1036323977790534,0.23035681463555416,0.13972047723015624,0.027685325873855034,-0.09480044116762412,0.14335653212272917,0.27271820763856125,-0.015696139637742808,0.34280212194807835,-0.09072803026852376,-0.03966726884663459,0.15480982917067262,-0.05364443163391773,-0.023558300668602487,-0.29081605317498177,-0.15053187317295755,-0.29330055163293356,0.09072728481599186,0.38030074961569554
0.03056974723170284,0.04234519902787317,0.448531352138547,0.2712521322688153,0.43070330119836925,1.118249407187016,-0.0026994867975837374,0.5149121612425704,0.2452298146157645,0.15528951666362506,0.4233613958926159,0.42943955986369325,0.3578438850453516,0.2701621608613057,0.33110891374931095,0.3852735650249624,0.31748146836561014,0.1934948157367707,0.20225613491349517,0.5711198330963247,0.25595671570561074,0.2729940824750748,0.12225633451971613,0.6211539048354338,0.3797651447493616,0.3795625273671147,0.3191268594011638,0.13288022591038826,0.32446238940213834,-0.0813882486844379,0.2469547284197537,0.3010433061428341,0.2013739939449542,0.3876284971947749,-0.010351831011255691,0.06610871454278311,0.36758397553330013,0.3126131156997097,0.28095509934438045,0.1800801523191938,0.17424154939388395,0.22312958987450474,0.4194388323702876,0.03958562364433243,0.1965348474208108,0.2342123763162101,0.5444714951705455,-0.07204350929402395,0.5787830420034072,0.03645752196627925,-0.06618187740105375,0.14489518287327346,-0.16425831660699525,-0.06806048573579729,-0.1030830975201908,-0.04937425732700557,-0.25761778423506754,0.4130912488536453,-0.15109347910727713
0.16181348550486943,0.23163906139580287,0.23805538292338468,0.4356629380515628,0.26439749968796517,-0.0026994867975837374,0.8664110561887297,0.13378308004450612,0.12911898694560606,0.19622847837002844,0.28639219800781524,0.3931703227627242,0.26707408339468625,0.1622420009984609,0.1096930465080881,0.2353719612398654,0.2137070568695928,0.2848000525935575,0.04136959577024984,0.11214702544730575,0.19285417159461302,0.3016476598716519,0.26961107130899575,0.35335900058808134,0.26817448412844297,0.18159441055116485,0.20079000415075113,0.08986908070221031,0.24210151299570035,0.16058953983644292,0.227619935646714,0.19329220267891065,0.13568584743229115,0.2519904373311011,0.08277730409912563,0.39077274084702235,0.09510119192197639,0.09705802251570186,0.20949166135236402,0.06665500280323879,0.14668682138746433,0.18299428454460365,0.16215391315298527,0.04672149601751166,-0.018524219811546668,0.26864976680261243,0.015971052544033075,-0.14792277344477722,0.11141799759255555,-0.05978962533810321,-0.021127770377576474,0.176688061938596,-0.021716358022270378,-0.08228579542110011,-0.07636210330314215,0.044703498769493075,-0.11228544147501747,0.14933394824884755,-0.1851741828239838
0.05207130281752345,0.1781075733830801,0.3560182116840772,0.41510406153845825,0.39007258354333996,0.5149121612425704,0.13378308004450612,0.7714682096593448,0.1683903804613892,0.3520120329647482,0.3326733862139225,0.19962333555816375,0.36534004525490715,0.26340743689130014,0.2217922344690872,0.3119573827867208,0.31268757182589707,0.22574939485365803,0.18165883175023215,0.40330376047507904,0.1563566322714426,0.27105109233857066,0.13475640724280727,0.43737189831146217,0.33575443305356417,0.31178359710517584,0.26370868242006446,0.11594561367254572,0.3180227400378101,0.08402049926201823,0.2054793518850572,0.22567455137801018,0.162243109611871,0.3967524634974228,0.12231914777504943,0.11316481878050136,0.33537996788929025,0.22501783355643357,0.30982307403900855,0.109485149194208,0.16164380270502976,0.1512399831996134,0.3613137500935247,0.061314131170428755,0.07684302833350237,0.2849146833209277,0.4727914874822448,-0.11680856957463685,0.49029620620749437,0.043862044181633066,-0.08581777538843971,0.17920108018446754,-0.041670174202337075,-0.11565475312946676,-0.184595979330994,-0.05423349361914535,-0.11839476508365876,0.41888492021002177,-0.2144189938666322
0.04739778139353723,0.18877995399443057,0.27798336069833474,0.15239714320778808,0.2169432059452701,0.2452298146157645,0.12911898694560606,0.1683903804613892,0.6585278484928673,0.12462055943030326,0.16239572869227126,0.14443698992270512,0.1791724657778127,0.20393411041780735,0.17880230241199993,0.21556161515359892,0.12295157273585353,0.16434303422677984,-0.002776527899097425,0.2232273990577886,0.12694605941483897,0.14400145644914605,0.1478368437265903,0.2948064323100582,0.1733374181654197,0.23501920785952196,0.1522876054854095,0.08097610300387739,0.16251355409481272,0.05007633827616851,0.1459633088919136,0.132204046245084,0.10525595272848298,0.19895281655257901,0.11241060053028196,0.16147837569710582,0.1824957215301949,0.13854088768646894,0.15431077299849055,0.059343115783057836,0.09330123797241324,0.1176319286439604,0.2098976428602195,0.035284022524751865,0.06675503982065667,0.16517357016184717,0.20712245465311577,-0.08959563905925791,0.2895827909563096,-0.0952956332670625,-0.04989312793253033,0.04303224649846835,0.08729856925977178,-0.046952531699729634,0.012140163157769137,0.1281483286212239,-0.0917483411060538,0.10588313286578993,-0.16550985066379947
0.06919346460514492,0.16388692827539442,0.3554867689974452,0.3300121207218388,0.25931288432461025,0.15528951666362506,0.19622847837002844,0.3520120329647482,0.12462055943030326,0.8236366730116027,0.23966327026256812,0.22246054544413435,0.2629464356805129,0.1468484170351961,0.1700186073863933,0.2008438886409032,0.2423380824132642,0.22428795851122407,0.13030013655174694,0.14849057343745184,0.0860849979402705,0.2154244874829607,0.1629436806852777,0.2402102175188877,0.24593198160111954,0.16229300314755132,0.17801813887143975,0.1036773397950236,0.29393064141139863,0.09416923255208953,0.1778746599912719,0.1392314731458663,0.06337885996555877,0.3561242525367625,0.1881997241992935,0.2287716066000799,0.2168178140545996,0.09056094441568652,0.23113110317339622,0.022556711039352313,0.14033706190359452,0.0999124839343441,0.1332419681654974,0.058666679232404234,-0.01106783857264278,0.252080131508679,0.2508719222504887,-0.16247173274450785,0.163859267236003,0.043341414838470156,-0.035388226594757405,-0.006537086567176255,-0.009749413041679065,-0.025520325985428253,-0.03746341474105789,0.002561162389901969,-0.08032849850286018,-0.13645066804689548,0.18587057600631884
0.07961595681237517,0.13634077759383767,0.3937150589572332,0.2999246150994002,0.3598988621502213,0.4233613958926159,0.28639219800781524,0.3326733862139225,0.16239572869227126,0.23966327026256812,0.6788328096871451,0.39807834102482376,0.3236687734497155,0.16197964059611042,0.29507440463069734,0.295026047225377,0.2880842085429144,0.23162829002688126,0.046965699883639814,0.3889795516931127,0.19607769544496426,0.21465621320710845,0.17372231026451496,0.4540066026475938,0.3485795547063165,0.32150685009280133,0.2703071273073943,0.08701189849564876,0.3175924640958263,0.029589489991455227,0.2348582480453001,0.21638244307025434,0.056842770142517,0.36575226064067934,0.19975810814027917,0.23183585063920847,0.21029852125327478,0.2038319066578655,0.24304031828547215,0.1194106403977882,0.128323989815542,0.18925487892634427,0.2610095457088584,0.038627650978940914,0.14474364855315083,0.23373994620110858,0.28339040426564377,-0.1322397107716107,0.19135681840069022,-0.10376131679422014,-0.08014871120700445,-0.034346851589457404,0.137924485480809,0.005147420630676421,-0.09190753869114107,0.009001825371017277,-0.2014020244897202,0.11597580020523547,-0.0053953812577553
0.10473600168973074,0.19826270173033653,0.3645955420860767,0.3537119161498215,0.3677041237998096,0.42943955986369325,0.3931703227627242,0.19962333555816375,0.14443698992270512,0.22246054544413435,0.39807834102482376,0.7146523293065733,0.3045048425347037,0.21261975355936583,0.21283413068697984,0.2780997031083403,0.23879546287042505,0.26924972483060083,0.0983143551520653,0.2898040283635491,0.19726104340919504,0.25704990966725494,0.19669768893295983,0.40855509292150316,0.3564676710889296,0.30697173424366386,0.29493800894418515,0.08499782759127082,0.29292248086516864,-0.026919606088114386,0.25518462067161585,0.26918908626929655,0.12384020605781977,0.31609050829795865,0.020965045678851678,0.2883048921733012,0.13515705230439556,0.17078391404705892,0.2140083443096379,0.12082784382298645,0.09029397098898727,0.1813278493928117,0.23235805242581545,0.03786435900030703,0.08816832703272895,0.2134811494368578,0.20187893291540854,-0.09667685589286072,0.2661741599998287,-0.061402833464833224,0.014522712565263473,0.07705702982833319,-0.09872418548124878,-0.036762860237242075,-0.09595142142434596,0.031548711715084346,-0.19631958015457274,0.13752100511573725,-0.046826121027090675
0.06614298000092672,0.2634957947205245,0.3398423936233731,0.35785316446617604,0.4012837326772111,0.3578438850453516,0.26707408339468625,0.36534004525490715,0.1791724657778127,0.2629464356805129,0.3236687734497155,0.3045048425347037,0.6079853521890568,0.23594173357932052,0.17315739727513324,0.32436413575980866,0.24156223314375222,0.22664202071117473,0.19792015470301047,0.27732208199049757,0.1287819840132109,0.44282499407666415,0.16817279366416504,0.38291001230521704,0.30831152545308627,0.2051277331674546,0.27267654054937823,0.11716443043606202,0.38859078964286276,0.03602152718938206,0.2291089385198998,0.2263663630067452,0.1281676449791809,0.38336004622761427,0.16076340742842396,0.27262056361152487,0.2556242205702644,0.16668199262901806,0.2883216020170778,0.08273187370816533,0.1463489880653678,0.13700522118323327,0.15924460145589706,0.053293515949634766,0.006396452721510438,0.22577235692824763,0.23074242164532682,-0.06954881477021395,0.23212307657100417,0.03973991075564001,-0.0419612230588157,0.010720569541529057,-0.026940250264719603,-0.0909113939104927,-0.14042018815368085,-0.02292622743092615,-0.2840135770201442,-0.226289965387881,0.48293575291233415
0.08650385018357988,0.19734924851204946,0.16714907199204668,0.4792905963463392,0.2316703371143783,0.2701621608613057,0.1622420009984609,0.26340743689130014,0.20393411041780735,0.1468484170351961,0.16197964059611042,0.21261975355936583,0.23594173357932052,0.8431150808547587,0.18588677258072706,0.23576833552323243,0.257919151447159,0.1135917062750184,0.05885497124774699,0.35809401776940886,0.189352273774651,0.19090325458986632,0.08010060133409667,0.32229764898979935,0.18549782913761012,0.3503014105757391,0.1770960181868176,0.14584660598968047,0.22578037374353213,0.1343880236555128,0.1998402648695807,0.15005163859401519,0.19808538784534602,0.20440915565836795,0.14873986328743927,0.1609664596035847,0.3201261008480112,0.21051535190653903,0.11959752662694279,0.13839459173947907,0.23850361856566638,0.17487610435194081,0.3339365210852428,0.049048688887189905,0.060450567852862465,0.18655744361062204,0.342608950667231,-0.12121167714505113,0.6216177916236946,-0.1279005103670409,-0.10699346565887285,0.0792199217849347,0.12399081383823644,0.02698493279246732,-0.2072648828834925,-0.017303346828788306,-0.2850633331544047,0.446746593465771,-0.04625097724126734
0.05977733603217197,0.28662308020781907,0.2813735987088245,0.2276479544365555,0.3435917349353858,0.33110891374931095,0.1096930465080881,0.2217922344690872,0.17880230241199993,0.1700186073863933,0.29507440463069734,0.21283413068697984,0.17315739727513324,0.18588677258072706,0.7002403760095183,0.14711698922225844,0.3641970747617908,0.16972047729553874,0.12563753605915015,0.3481158763097476,0.25112438014028937,-0.017383719356854475,0.1703978803278095,0.4215151510000392,0.289015750848678,0.2840786865664011,0.1924928807810396,0.21949036408654002,0.24192534980983138,0.14491788703254235,0.22771763241360912,0.12333654800884201,0.14771771373324988,0.27351687746518666,0.21282901362114856,0.23092925828961472,0.36404209964356227,0.1988770433641701,0.20626132213054021,0.09731517568119578,0.255301144947698,0.23587156148530858,0.29603142057560444,0.038355133570584274,0.09927084460018062,0.2531471917793483,0.295177151399151,-0.12476983456661914,0.3268390478506709,0.14297845981556,-0.1725600668888746,0.32959765593871426,-0.12686527030108963,-0.04268826433478123,-0.08066389186903777,0.0548124318843878,-0.2179521318659903,0.2429821294391426,-0.09699588403283757
0.05015295423053415,0.133628363707019,0.2057227913998653,0.370704264340122,0.4090716662157509,0.3852735650249624,0.2353719612398654,0.3119573827867208,0.21556161515359892,0.2008438886409032,0.295026047225377,0.2780997031083403,0.32436413575980866,0.23576833552323243,0.14711698922225844,1.1486856744296026,0.08217550288840525,0.32784708990193806,0.08204276728267258,0.3121237867635642,0.12460503176746242,0.26398343641549943,0.161943515738385,0.5396780316214792,0.31793448021670734,0.14430741012817494,0.34423259066141576,0.19165601821658618,0.41590136083473395,0.14806997642184408,0.20036105600694804,0.25258639250633846,0.10720837317118388,0.3014088550718056,0.26576815420687633,0.21977763008809853,0.22759800972919786,0.19873287966968212,0.2526092350849756,0.21701982155071173,0.11279257858176442,0.13005256098598464,0.45137062410222084,0.042544154048520445,0.10895107483213275,0.19872570175019363,0.29083058100526515,-0.0879603846637223,0.4014245087198146,-0.18534866499765337,-0.06291733291455237,0.15430126950389694,-0.038624745912211565,-0.07621024210260127,-0.032417654691009906,-0.011035546181592535,-0.3073882603367509,0.22456589965033724,0.02249133320410351
0.0030040332698767027,-0.3383680514907885,0.2938065382193557,0.3491389511432062,0.0966662111837759,0.31748146836561014,0.2137070568695928,0.31268757182589707,0.12295157273585353,0.2423380824132642,0.2880842085429144,0.23879546287042505,0.24156223314375222,0.257919151447159,0.3641970747617908,0.08217550288840525,1.5128546150132467,-0.08164839131303603,0.2017251323349633,0.5213696871565386,0.31226544751129937,0.1816231649113296,0.24285003588078988,0.2752922501621485,0.2935648003621498,0.12987830650007168,0.25412992244665417,0.2136490899028382,0.20294723076430513,0.10623793454504735,0.3337549814951145,0.1436815608379939,0.2825773632349788,0.42219946942995157,0.1522942553058021,0.19685348459192645,0.6273473699363225,0.2800019842325736,0.4907994650533605,0.17326375341324288,0.3641042089966217,0.28593725377459017,0.3795422993223983,0.06267142131625655,0.160194953955831,0.3810047852088397,0.5679248773088102,-0.11819235229060894,0.5054624263899542,0.34358903670509344,-0.09455055885121726,0.42313476237200953,-0.12076397480657453,-0.19890203426256942,0.07410421696565303,-0.021183481079577578,-0.1595273691854666,0.14831010484312512,-0.11288861830897344
0.1133868853662278,0.5788072462136309,0.2649574463768534,0.3609067967460014,0.3295516533229628,0.1934948157367707,0.2848000525935575,0.22574939485365803,0.16434303422677984,0.22428795851122407,0.23162829002688126,0.26924972483060083,0.22664202071117473,0.1135917062750184,0.16972047729553874,0.32784708990193806,-0.08164839131303603,1.3640471822322306,0.035429891182043344,-0.013187106376730493,0.10346095532552652,0.2476912081397253,0.35524078202621423,0.4743867962741739,0.2572442116282914,0.3235824142762404,0.11580181074784385,0.19245212460175845,0.3326506789533097,0.17098227889879958,0.16769326282793676,0.1638026175210974,0.278985419101803,0.17001438505383193,0.12403809263019096,0.32005099367774315,0.2252670689149327,0.08487337235429665,0.07347069208687879,0.12725334722368312,0.008443845908201261,0.07257755392898704,0.488594476761268,0.05559542165514374,0.2326659604525623,0.31271070811733065,0.20085169188641724,-0.20668237756094612,0.1301267433088593,-0.263138664639595,0.21015582583625445,0.11982793353293915,0.016461192785177763,-0.027802693543077052,-0.23104969596499766,-0.03304839776154316,-0.24242422815240272,0.6357966204364415,-0.41210336413092785
0.02041818595791713,0.2421874037087137,0.20619130809957412,0.08520790443894202,0.10215427816371225,0.20225613491349517,0.04136959577024984,0.18165883175023215,-0.002776527899097425,0.13030013655174694,0.046965699883639814,0.0983143551520653,0.19792015470301047,0.05885497124774699,0.12563753605915015,0.08204276728267258,0.2017251323349633,0.035429891182043344,0.9275418672412976,-0.022976940851376984,0.209149170417381,0.19738963934644685,-0.1310102344788148,0.1479576862393142,0.08213930557172613,-0.023663067253138208,0.07977590197161862,0.1709790966563935,0.033365022574579704,0.09847810305815989,0.15359885162645093,0.09526220969904754,0.3045008589577643,0.07909167991635276,-0.007285385723220941,0.1929492669291905,0.3280086452834172,0.056430635731489494,0.2657578742960584,-0.013021152171644483,0.2354350097303615,0.17493181479228562,-0.009600851422470837,0.004237263558810319,-0.05414258402617058,0.16884413522615302,0.02493954520686084,0.055333821554028474,0.05780005080234678,0.40450046523707983,-0.023837619441095893,0.040053103842985396,-0.19219505259319875,-0.15633630658580425,-0.16451042149370843,-0.05205819225807835,-0.07847725438524891,-0.00673419005710196,0.21083827766633628
0.01661273319436595,-0.07335799446764364,0.29887776887254597,0.37656507475499595,0.28364692076703535,0.5711198330963247,0.11214702544730575,0.40330376047507904,0.2232273990577886,0.14849057343745184,0.3889795516931127,0.2898040283635491,0.27732208199049757,0.35809401776940886,0.3481158763097476,0.3121237867635642,0.5213696871565386,-0.013187106376730493,-0.022976940851376984,1.2625849001687495,0.05000945274863895,0.021641183775546743,0.07651746475669566,0.6812824704173267,0.3361383903204544,0.3535032458950948,0.40270169959217395,0.20519217879324983,0.32045099132766364,0.22775867737344532,0.27778176124292836,0.22906193416924828,0.29265014554951224,0.30827059110235455,0.19039424478524958,0.06307997205337407,0.7057421214718073,0.5465578161240611,0.3652198916271429,0.23301014613425292,0.08006141537637948,0.085071772569041,0.7075871175214395,0.07680176420630676,0.5764074601748835,0.07336573391498821,0.43907816916253695,0.15606741103628582,0.6929296691544174,-0.030394297582639538,-0.19291938139008274,0.13232083909297268,0.13947165661190541,-0.0902591700675012,0.025954231517148874,-0.030748800255022767,-0.2753834071122927,0.4547886114753033,-0.21950818351735069
0.07606477011768625,0.47323116337601207,0.20072364628398545,0.18771094350522766,0.227109917461865,0.25595671570561074,0.19285417159461302,0.1563566322714426,0.12694605941483897,0.0860849979402705,0.19607769544496426,0.19726104340919504,0.1287819840132109,0.189352273774651,0.25112438014028937,0.12460503176746242,0.31226544751129937,0.10346095532552652,0.209149170417381,0.05000945274863895,0.7559554753335008,0.21571241648822428,0.04648527816369266,0.0895731779474939,0.1620332533464654,0.3372409807905362,0.12426381073631992,0.23797795903597646,0.1210302221411355,0.13930289877408303,0.18799175066900164,0.18829040116553064,0.05171543300526061,0.31348155689328905,0.3255876823805258,0.22143496390331843,0.22259955656066308,0.10925321841851136,0.1636796137126955,0.15446922004308095,0.41368719291366307,0.5944783443267158,0.16907235202891252,0.004616448698545472,0.1312511192807481,0.2999594538176899,0.3411368199565671,-0.19857352563359348,0.19533571403537148,0.06500470923108559,-0.06215538038389992,0.19740937410857826,-0.15377445604363288,-0.023377881534046723,-0.20072487218353988,-0.04795955099506132,-0.12356113103830488,0.28087109021287393,-0.0876114632899828
0.0614525072886447,0.07607618824014693,0.30040050538658264,0.3064599628550149,0.2548375264295153,0.2729940824750748,0.3016476598716519,0.27105109233857066,0.14400145644914605,0.2154244874829607,0.21465621320710845,0.25704990966725494,0.44282499407666415,0.19090325458986632,-0.017383719356854475,0.26398343641549943,0.1816231649113296,0.2476912081397253,0.19738963934644685,0.021641183775546743,0.21571241648822428,1.06928626611929,0.4803213506584937,0.2106218763112686,0.27886009421129626,0.08711315786822278,0.19109793387452734,0.028832617087895394,0.33516320603268596,0.0392581168408451,0.2331608068078204,0.27501895960589423,0.1688618871008329,0.4160567982743223,0.03457365907659026,0.30787625237925065,0.15481908981977419,0.08777827993603433,0.35630150813857514,0.06438305684196947,0.19381683690493043,0.20433031028076842,0.055615855937414665,0.08838913517982887,-0.16389995777621455,0.2959595943135513,0.2572217756747828,-0.08395581098966781,0.2676473374963242,0.0308983183210021,-0.005858656638607818,-0.041353698025961616,-0.03624884764858932,-0.13837327967265245,-0.11523761146719969,-0.02510721112617234,-0.1736008688117577,-0.22348653755427014,0.333138920760918
0.00750813804322486,-0.5152206929110501,0.17345126261209187,0.3055562115442583,0.16485482818543024,0.12225633451971613,0.26961107130899575,0.13475640724280727,0.1478368437265903,0.1629436806852777,0.17372231026451496,0.19669768893295983,0.16817279366416504,0.08010060133409667,0.1703978803278095,0.161943515738385,0.24285003588078988,0.35524078202621423,-0.1310102344788148,0.07651746475669566,0.04648527816369266,0.4803213506584937,1.3602251010036286,0.4459648329795408,0.39471451215275055,-0.09715210684536968,0.11662317608921831,-0.046270795397696844,0.25986003612134195,0.28660933960118223,0.32587688016333444,0.1014621546624166,0.3353135203046971,0.32261732243337143,-0.14374878211939454,0.5292966267116234,0.24193614135598523,0.10891937629378039,0.5008336403092334,0.1311939502742559,0.26288176778169703,0.09307011513321661,0.2842915374105999,0.18181084635780367,-0.18592421722636554,0.3902383301271779,0.2770644015781393,-0.06190064159097511,0.48861689592833346,0.10481347746428343,-0.09007972087159336,0.15351789997606122,0.056053798937340214,-0.18187265653710144,0.11499574025503584,0.037634345941440495,-0.1061051781253093,-0.016164630938656156,-0.10348320401001142
-0.059056511760356686,-0.2107640340857358,0.44887060571102627,0.6670698559592718,0.42309005631913094,0.6211539048354338,0.35335900058808134,0.43737189831146217,0.2948064323100582,0.2402102175188877,0.4540066026475938,0.40855509292150316,0.38291001230521704,0.32229764898979935,0.4215151510000392,0.5396780316214792,0.2752922501621485,0.4743867962741739,0.1479576862393142,0.6812824704173267,0.0895731779474939,0.2106218763112686,0.4459648329795408,2.214045505866404,0.6119154381543013,0.1817866866174849,0.34167935220896367,0.3438824992647653,0.2438612275046126,0.5369313632362145,0.4382207858571036,0.24706024388968964,0.5151383790880575,-0.00617670181864109,0.15384333988221002,0.4970785141988491,0.40888922851373205,0.4101120099832812,0.3118416590857997,0.17999666528080033,0.5105174792216406,0.1328638666640945,0.46543910216864587,0.10104743066789215,0.04987932733091655,0.6029725540309709,0.3474130241585129,-0.4330414959004093,0.6782126528126263,-0.0911770512797646,-0.05121124566010264,0.2949755547449146,-0.06401962097332632,-0.1418471221169346,-0.10604244861216058,-0.05493901791665807,-0.3302261195016987,0.6389528464509756,-0.37000115532406297
0.056118163617467486,0.020355111445922947,0.343833845814182,0.36974774985175085,0.35203538101448595,0.3797651447493616,0.26817448412844297,0.33575443305356417,0.1733374181654197,0.24593198160111954,0.3485795547063165,0.3564676710889296,0.30831152545308627,0.18549782913761012,0.289015750848678,0.31793448021670734,0.2935648003621498,0.2572442116282914,0.08213930557172613,0.3361383903204544,0.1620332533464654,0.27886009421129626,0.39471451215275055,0.6119154381543013,0.9517205989479776,0.21957545737355502,0.26663274047594643,0.11000045298569344,0.41949691811737894,0.16507566098222753,0.33335405032754223,0.22252538255211698,0.12999833326593047,0.42037027637151775,0.1665318033686402,0.373654503639222,0.17993279227873238,0.2181509840686473,0.3065170061443325,0.10417563223194541,0.23165183788968283,0.16681961580123017,0.325283611672894,0.07740212806851468,-0.02292689117444268,0.4418065283233467,0.3249454191883552,-0.2794856878129191,0.1930941579318319,-0.10269847231863825,-0.09117625534096724,0.18333715311379842,-0.012697994239214928,-0.10521706546128298,-0.05849313462683922,-0.003161195014227385,-0.18443372297462132,0.16637664495875473,-0.06453925301952816
0.10476451196686307,0.6021140460628185,0.28170890423328393,0.30172773735569,0.40002329020404753,0.3795625273671147,0.18159441055116485,0.31178359710517584,0.23501920785952196,0.16229300314755132,0.32150685009280133,0.30697173424366386,0.2051277331674546,0.3503014105757391,0.2840786865664011,0.14430741012817494,0.12987830650007168,0.3235824142762404,-0.023663067253138208,0.3535032458950948,0.3372409807905362,0.08711315786822278,-0.09715210684536968,0.1817866866174849,0.21957545737355502,1.6448521233104252,0.2273328801961296,0.16698974223873378,0.05584685088580993,-0.3751169724139481,0.06929983943946723,0.34827040735141956,-0.08543340323416035,0.34407872417216034,0.2683841524269398,0.05264195415209603,-0.0976457290096534,0.19789165396554245,-0.18602956090120204,0.19178501066102718,-0.09090289325200678,0.27682242498425086,0.43831693968406454,0.03016839283510022,0.18329541363665336,-0.10637746933647159,0.20547245416898693,0.18472428470326302,0.45983494895520466,-0.07888212563954881,-0.2887753903283447,0.20543186788761683,-0.15310369254423054,0.04634337363412713,-0.20167952657805527,-0.010986078492742102,-0.25739823197870537,0.4599196086716597,-0.1428716676362944
0.056610382127870756,0.18804971758129063,0.223494925413124,0.2660310039297325,0.2249344074587492,0.3191268594011638,0.20079000415075113,0.26370868242006446,0.1522876054854095,0.17801813887143975,0.2703071273073943,0.29493800894418515,0.27267654054937823,0.1770960181868176,0.1924928807810396,0.34423259066141576,0.25412992244665417,0.11580181074784385,0.07977590197161862,0.40270169959217395,0.12426381073631992,0.19109793387452734,0.11662317608921831,0.34167935220896367,0.26663274047594643,0.2273328801961296,0.5768136349869385,0.16301611316388845,0.27704422737700735,0.09212700909695223,0.22298448822953656,0.30003639645715857,0.1611948076750925,0.2680160121088501,0.14719026680646655,0.21877114227872704,0.24561130626840333,0.22330444461746013,0.23739702213683714,0.149602046442453,0.06595692890269894,0.1340482165551713,0.3362377181042171,0.04708904894823913,0.17560487862297747,0.15466397129684528,0.25168396638838736,-0.023809545669488917,0.3897090030664736,-0.0028079659369928682,-0.0854142135318573,0.1444581544812845,-0.05349682256349705,-0.06318047577236295,-0.051861877249156925,-0.004387519873494266,-0.08200868801822488,0.1040272016663298,-0.0439178191636681
0.021184243751763556,0.3485410195853573,0.1526629933213183,0.19678460071124468,0.06425232384925826,0.13288022591038826,0.08986908070221031,0.11594561367254572,0.08097610300387739,0.1036773397950236,0.08701189849564876,0.08499782759127082,0.11716443043606202,0.14584660598968047,0.21949036408654002,0.19165601821658618,0.2136490899028382,0.19245212460175845,0.1709790966563935,0.20519217879324983,0.23797795903597646,0.028832617087895394,-0.046270795397696844,0.3438824992647653,0.11000045298569344,0.16698974223873378,0.16301611316388845,1.0600387621754748,0.08432541645002234,0.34385854177706665,0.2213628913977262,0.13310923732641244,0.38453675356542893,0.08861049153271247,0.7542120881109088,0.2962156240493106,0.46829069451874245,0.15960048166143148,0.17393976202520411,0.16214936801309768,0.22132079285864203,0.25582639262677426,0.3201534206724933,0.1020278385553399,0.14772071420834784,0.31632002049541674,0.18352458275720512,-0.24774266933117803,0.1591619434190754,0.1770869609797886,-0.049957933506091956,0.6405795419079977,-0.7740367875388239,0.025624455391090765,-0.11677260753756007,-0.02947806541319629,-0.08866841262127685,0.19995317322477352,-0.03990557804474726
0.07826806744863861,0.6461385470129352,0.37091711495428187,0.2874040982814786,0.36152795528517284,0.32446238940213834,0.24210151299570035,0.3180227400378101,0.16251355409481272,0.29393064141139863,0.3175924640958263,0.29292248086516864,0.38859078964286276,0.22578037374353213,0.24192534980983138,0.41590136083473395,0.20294723076430513,0.3326506789533097,0.033365022574579704,0.32045099132766364,0.1210302221411355,0.33516320603268596,0.25986003612134195,0.2438612275046126,0.41949691811737894,0.05584685088580993,0.27704422737700735,0.08432541645002234,2.3491101433937933,0.19818763858797903,0.12050331962689124,0.32803911192106394,-0.03380890189565846,0.644474552870586,0.2333892579744801,0.4365551746717508,-0.2202542185242856,0.031548776216472264,0.5007711289688799,0.09016438661156646,-0.0396234185959557,0.08440652923272703,0.24811220296393335,-0.01735607777018052,-0.10688484262512735,0.39420921968060857,0.46336318289948863,-0.39997780860229887,0.6773490297053174,0.2712214460809157,-0.4621630582456229,-0.06877901751512668,-0.14047859953140024,0.06208644677985302,-0.2468389237670713,-0.03894840879900718,-0.23202748354091307,-0.060325068342436054,0.3317307685042798
0.025975775320705018,0.05638964607479279,-0.21965602406049545,0.28769563697332917,-0.19540007908658089,-0.0813882486844379,0.16058953983644292,0.08402049926201823,0.05007633827616851,0.09416923255208953,0.029589489991455227,-0.026919606088114386,0.03602152718938206,0.1343880236555128,0.14491788703254235,0.14806997642184408,0.10623793454504735,0.17098227889879958,0.09847810305815989,0.22775867737344532,0.13930289877408303,0.0392581168408451,0.28660933960118223,0.5369313632362145,0.16507566098222753,-0.3751169724139481,0.09212700909695223,0.34385854177706665,0.19818763858797903,2.179415712695784,0.2635080146294555,0.03344076412245664,0.5353477573896437,-0.1676144114319184,0.4465298870678855,0.4831793624602511,0.5522906068087546,0.23489132174190216,0.4869264490130491,0.07896199907501454,0.708187149012183,0.19875440786951334,0.8533043361470537,0.20750998150301075,0.07538647877939986,0.8440987794940833,0.41596182891903716,-0.7526459834390967,0.5656022292864729,-0.021536799358115193,-0.24653376609907238,0.13915551429500056,0.241108947928032,-0.05639250629682942,0.026911114774519383,-0.1980167603253613,-0.14449783349147213,1.038316875059999,-0.7347259218153671
0.04868851796885527,-0.027914661225881668,0.2981000265953202,0.2856019856312843,0.21020431659670535,0.2469547284197537,0.227619935646714,0.2054793518850572,0.1459633088919136,0.1778746599912719,0.2348582480453001,0.25518462067161585,0.2291089385198998,0.1998402648695807,0.22771763241360912,0.20036105600694804,0.3337549814951145,0.16769326282793676,0.15359885162645093,0.27778176124292836,0.18799175066900164,0.2331608068078204,0.32587688016333444,0.4382207858571036,0.33335405032754223,0.06929983943946723,0.22298448822953656,0.2213628913977262,0.12050331962689124,0.2635080146294555,0.8279958924675843,0.15208428912977948,0.28336202285763296,0.25662857166888803,0.1473191764071319,0.6990314016814247,0.3838633581733777,0.2955765414846131,0.4059298113860698,0.10994090405480199,0.4680347410683841,0.19929611993365148,0.15029076786815262,0.04930683457991793,0.023111306952611637,0.5345381290904221,0.20312436576639142,-0.3316814051259685,0.11861468941437286,0.10629231950633033,-0.07824073207039098,0.21768771272688306,-0.05507798627035349,-0.0996924075746001,-0.0659776714845768,0.0058738098970009004,-0.06312108454865376,-0.0481252931041603,0.02811834856849674
0.07136713152155169,0.21958090643531575,0.17720263438547684,0.20036978607729425,0.29156033792201075,0.3010433061428341,0.19329220267891065,0.22567455137801018,0.132204046245084,0.1392314731458663,0.21638244307025434,0.26918908626929655,0.2263663630067452,0.15005163859401519,0.12333654800884201,0.25258639250633846,0.1436815608379939,0.1638026175210974,0.09526220969904754,0.22906193416924828,0.18829040116553064,0.27501895960589423,0.1014621546624166,0.24706024388968964,0.22252538255211698,0.34827040735141956,0.30003639645715857,0.13310923732641244,0.32803911192106394,0.03344076412245664,0.15208428912977948,0.9373280378722217,0.25991713806545674,0.3033745003625791,0.002069162244039041,0.24706610079662117,-0.0055283867924051265,0.2130060372059276,0.15920152476790267,0.12470120292205068,0.020350952945991815,0.1693233078777496,0.10452946997209343,0.06423315891693651,-0.06644876677055031,0.28601753391092166,0.29500707649231156,-0.17199188217388323,0.4578548369318551,0.031235404048029568,-0.05912764097729797,0.2093259837221468,-0.1412681416838847,-0.04044793412248912,-0.09991629890539393,-0.0020915037835637354,0.41622893012619,-0.2046049517367203,-0.13827840253068566
0.06564053979789472,0.055217874422707515,0.14829955303151462,0.2670567645208548,0.006682107094446913,0.2013739939449542,0.13568584743229115,0.162243109611871,0.10525595272848298,0.06337885996555877,0.056842770142517,0.12384020605781977,0.1281676449791809,0.19808538784534602,0.14771771373324988,0.10720837317118388,0.2825773632349788,0.278985419101803,0.3045008589577643,0.29265014554951224,0.05171543300526061,0.1688618871008329,0.3353135203046971,0.5151383790880575,0.12999833326593047,-0.08543340323416035,0.1611948076750925,0.38453675356542893,-0.03380890189565846,0.5353477573896437,0.28336202285763296,0.25991713806545674,2.0397290763083316,-0.2774020321934572,-0.7885380434079989,0.2813716120766674,0.886500613773582,0.29879387424588044,0.23506057464654803,-0.005455556599422964,0.35590565040393396,0.09480426770107706,0.39227023730434096,0.16608850052532517,-0.7423129398015622,0.8203364953623664,0.39303544763567017,-0.5350704598389202,1.1283507893466118,0.307528827885269,-0.31352877899627535,0.20415983264974827,0.1556543085049995,-0.2919931521302622,-0.027740657691611947,-0.0723278570485267,-0.07602631174802744,0.49200491413800274,-0.3807247491233136
-0.06186464020680624,0.22875385181405125,0.40478421972611206,0.3556719791022862,0.531943341038905,0.3876284971947749,0.2519904373311011,0.3967524634974228,0.19895281655257901,0.3561242525367625,0.36575226064067934,0.31609050829795865,0.38336004622761427,0.20440915565836795,0.27351687746518666,0.3014088550718056,0.42219946942995157,0.17001438505383193,0.07909167991635276,0.30827059110235455,0.31348155689328905,0.4160567982743223,0.32261732243337143,-0.00617670181864109,0.42037027637151775,0.34407872417216034,0.2680160121088501,0.08861049153271247,0.644474552870586,-0.1676144114319184,0.25662857166888803,0.3033745003625791,-0.2774020321934572,1.6840202604178236,0.60613329934549,0.22517310571713436,0.3946079267401102,0.11352393717240676,0.4889697553757566,0.042398291941176745,0.06895452358550594,0.3163012400202142,0.3526942388196709,0.12957219829275668,-0.12236864529942398,0.23259042971914073,0.6268432032212855,0.04221660499918105,0.289933682544879,-0.12439199347995693,-0.11334886669416373,0.2744474203882532,-0.00012881105622576325,-0.13278046699246182,-0.23773552741933787,0.023113899988677765,-0.20971416985559052,-0.2508743928181632,0.46725200568150244
