0.4334371213158467,0.14721367795110832,0.2722656023644329,0.04959040145670499,0.1493621162304298,0.08821261621292666,0.10635235881250756,0.08197981821287056,0.07647657061761702,0.08005805320127941,0.07164878824965924,0.08670347678922213,0.044712045004043216,0.1028285230856259,0.11474983984107344,0.08268114524739123,0.05058863391630427,0.09006135805211862,0.06634863071274424,0.0577455586105589,0.08472047965676119,0.07841658684383107,0.04219889584052874,-0.02827990055077562,0.09020190741687262,0.14877968099780978,0.06595485389819461,0.026980277446746238,0.08864570484301347,0.01776724726990889,0.07419697880175258,0.10728453841213949,0.04751668886633629,0.023806904599509484,0.022587857158172887,0.1009190126183452,0.023474609009415486,0.045449090965760254,0.0701896863837775,0.027437012825044446,0.05488686540631582,0.07638341108312038,0.05951807430581474,0.0073075793651078465,0.051044730611081654,0.1671419875983935,0.097641058234755,0.019404329779126907,0.07421035453201238,-0.03866607897712163,0.012925645981296936,-0.060926486427785524,0.014405734621424922,0.01191904964483947,-0.03550093076995806,-0.005777544801763333,0.08942936250616411,0.09672309143887652,-0.15147092227955583
0.14721367795110832,1.5407577405307877,0.7194282479436306,0.07592219137199605,0.003013505490806185,0.3579521264100486,0.15640474768685694,0.3275373370342247,0.19695453873234492,0.23701548893592286,0.21774634247511898,0.19941991250251917,0.09563876036159366,0.07098534161244915,0.22847363644143132,0.13150705093275308,0.23612835006120522,0.42807761988223286,-7.511915132893568e-5,0.3732924633256473,0.24153344719053513,0.1604893447074481,0.1209442904170684,0.287004366784732,0.20582175464994776,0.14647951470887136,0.17904038247286383,0.21223599445497981,0.28002679878581227,0.14955125131928568,0.17034943098760122,0.08509171735201362,0.19107937156715155,0.3603904795465726,0.15684554732698236,0.12823145748174625,0.1887736257012749,0.17392020774876246,0.1922742821095229,0.06751385693065866,0.19415828167220364,0.19037772815074652,0.3355994308987217,-0.00213345659293345,0.34246729070588916,0.42043733649728954,0.3705035993782141,0.09675239286139464,0.2068390058577014,-0.0029001790232782943,0.0971523806253184,0.1255242659043062,-0.11642614831745501,-0.03495617277146434,0.025444230104477807,-0.11130834485793754,-0.3626127069666686,0.1141649382004408,0.2657718801276377
0.2722656023644329,0.7194282479436306,1.6965558040651605,0.013965526840309427,-0.4055268067859276,0.3117867124651149,0.12754693443183657,0.363158109730127,0.25575963388163314,0.3059763228938695,0.19119387722160092,0.18151743845232182,0.1022158462000306,0.14071895544988589,0.18057137339466137,0.14046015597417363,0.24012474932743133,0.25878189972801147,0.2746825499615465,0.19993727438039774,0.19752782622299245,0.21395586130695998,0.10258169080841957,0.17972031704297967,0.19976552054075047,0.23405858225464013,0.16126186875343268,0.2115518978639856,0.2863355961582836,-0.04267548410997452,0.12758981555842086,0.17920373267718565,0.1232834712339401,0.36467505032366904,0.2222888996654053,0.2917606648725706,0.14396988644556613,0.11917668856050766,0.14638444832550287,-0.017899393632623967,0.11407175056069568,0.16885587309152544,0.2261613722641768,0.0051869473576129765,0.33565442887249325,0.6782895315762348,0.30294296150059175,0.03817952421391694,-0.05165611931319418,-0.056022128116743605,0.07145132770504933,-0.07809787649290484,-0.10544858836616731,0.023290021505271978,0.06999816305123811,0.060065693482115406,0.05701291896996802,-0.1010960562817709,-0.1297986470812602
0.04959040145670499,0.07592219137199605,0.013965526840309427,1.1481493834639638,0.565333204875698,0.35220811349631764,0.4035097383834764,0.4274780980332195,0.21939850676911102,0.15775855811735895,0.27176350984196085,0.3041239654394459,0.18070021367439687,0.2579279997715558,0.21335397964700045,0.26195423920469446,0.2421968169389573,0.3110134507625074,0.049403046837045335,0.2466616387463335,0.22358636490052936,0.22378339058979843,0.19533193660314907,0.480641716219192,0.2577420146844052,0.17941174495468024,0.19614995831419293,0.11431986659445839,0.21812734628236924,0.16460153200956273,0.22106255304471562,0.2587642446549956,0.19211110420840374,0.3231640895872103,-0.0007054418359336207,0.15383430391199987,0.20171416635450143,0.12457093473866648,0.2914237585561863,0.1144041607719192,0.22440633912631866,0.2323290946832086,0.2717421505725649,0.04061503142079103,0.15229482050786905,0.1593072408652899,0.4163278931561329,0.038470066438343914,0.2551055611272781,0.10006799654388093,-0.04185396222421412,0.19881247315261005,-0.018836702127996048,-0.07267459666965166,-0.010698321765946603,0.0850195287296023,0.006471854774353834,0.19509074486610795,-0.32127819997439333
0.1493621162304298,0.003013505490806185,-0.4055268067859276,0.565333204875698,1.7589828255554927,0.14472639575511415,0.3191264691748739,0.26842437395131674,0.08454193192581778,0.11254032654684672,0.1849992079184351,0.2586462534654836,0.12486518901511288,0.1452634701358719,0.18630950255174195,0.18829882339647103,0.1155457206253971,0.27947919833352447,-0.12879658939473404,0.1762149572738207,0.14021504810594684,0.13243833792031895,0.31786166347709494,0.3912403140958168,0.19693714333429133,0.10508187046582594,0.13867433390057557,-0.02844861016074151,0.12939682515740886,0.15219189301549396,0.25959133166838305,0.1418039371321358,0.16088754393782265,0.1187425545985086,-0.20118395981097809,0.12063232348314093,0.18167441645148052,0.08428960309893445,0.1708308019412554,0.054862975775013784,0.22739740386723614,0.17262878630096173,0.08023935875400794,0.019823393392526548,-0.14293225898309947,-0.00832143346532426,0.31861240905208554,0.05170727405761829,0.3514184348564804,0.07550690277934241,-0.02884791359519218,0.23875115060202493,0.04470809349344388,-0.08831081810971612,-0.12248786911808561,-0.07293955413671627,-0.12195802839056141,0.20805412021297745,0.05526411257678917
0.08821261621292666,0.3579521264100486,0.3117867124651149,0.35220811349631764,0.14472639575511415,1.031086793180628,0.20398993830189777,0.38760821213469493,0.36153250632786976,0.08936107558205438,0.32407097666331053,0.3089728236944241,0.18989958823713568,0.23140563445832749,0.27626125078170793,0.2420788253425449,0.30266865376619084,0.35892801620878517,0.3803252605694085,0.4607129130939901,0.30723778242539523,0.29145239092333486,0.18798182295614366,0.4479702144329291,0.28073650860437793,0.284038939295531,0.23396810805876977,0.1979373078629433,0.3559505287483719,0.09011949308126352,0.2315973594804275,0.2567485431565492,0.21143565556344351,0.4536028553694861,0.05016734934604932,0.04475183883491181,0.23148302269067897,0.227945936362228,0.4424195379631915,0.16033697681700823,0.2058573299995193,0.2891500630011941,0.37202847643535975,0.03586501048662547,0.27730013320272257,0.3023343198039846,0.5103397830214966,0.09481097872900392,0.6260406946354331,0.32278639763279515,-0.23156664195428975,0.12845519221845367,-0.18758248867308105,-0.03138310658752222,0.0002631328850133961,-0.01130694341288686,-0.04249978961132992,0.1295760450110956,-0.10271423302756971
0.10635235881250756,0.15640474768685694,0.12754693443183657,0.4035097383834764,0.3191264691748739,0.20398993830189777,0.6716111482367733,0.2663041440195191,0.2901647665465434,0.16205850884725448,0.2407123025376176,0.2893328978646101,0.14867436764917455,0.17925804980353977,0.16783615374086766,0.22143622247222547,0.23256497968581546,0.291971851073961,0.0009943772805293568,0.16055834117514964,0.20055012587919963,0.23016057550417754,0.13903661708968734,0.4595582187636633,0.20693754339771572,0.12433683158123597,0.17476265380160436,0.13254518369415255,0.14929725554083267,0.21036561423486122,0.19680506655971228,0.20253981007582073,0.20419652821922782,0.24781744392256852,0.08404441626617634,0.24482527212855298,0.1739065180058551,0.07970393514077011,0.2172363891678315,0.0831884908866523,0.2187298301511062,0.19106825672282032,0.22965635460053083,0.024576272401715157,0.12882645569497203,0.19444834097444988,0.1366491611044073,0.03497548770830263,0.29276686519192563,0.029554459666081515,-0.046508656045126606,0.12268574388074108,0.04099331829515025,-0.07251414466204538,0.041453568070359416,0.11209591078223606,-0.003478991928412548,0.12210801568552238,-0.35097826573766927
0.08197981821287056,0.3275373370342247,0.363158109730127,0.4274780980332195,0.26842437395131674,0.38760821213469493,0.2663041440195191,1.136842420718456,0.1197075174339932,0.23961044047467692,0.329098206572474,0.12547488439210325,0.15806694351587863,0.15118390518024533,0.07008863833734848,0.15096332012046745,0.27102967059543864,0.39411322529380693,0.10639779192527768,0.33537518883121725,0.1849123715695101,0.1857886125315774,0.20813997648096133,0.38178289689099093,0.27853481999804236,0.23641651266556277,0.16934661711921783,0.2398814741554567,0.2872132195949211,0.06138345039385947,0.14020233571328675,0.21363562765962296,0.174767272146259,0.3890390881303712,0.14919034181503882,-0.0022860815101983117,0.24607392810774553,0.177408926930019,0.43657326235625,0.17752716897942736,0.12243810080667596,0.1981596767779826,0.2697221147724525,0.027219437514162174,0.30711950044255226,0.2791319373812224,0.6368227610907188,0.07359732122542954,0.34917276986951346,0.30731089438775416,-0.03886021867672267,0.3684677286071997,-0.1955993072286041,-0.10444112577512775,-0.0327765879240755,-0.057831989230172326,0.18802965115697054,0.25651378958887106,-0.3612959987741814
0.07647657061761702,0.19695453873234492,0.25575963388163314,0.21939850676911102,0.08454193192581778,0.36153250632786976,0.2901647665465434,0.1197075174339932,1.0596279207418435,0.054198380831949285,0.23291798214288198,0.26632312954741494,0.20037072746329196,0.24690434264288294,0.17426027671654504,0.24261389701645963,0.3407621679463737,0.19272681396319002,0.3091639334065624,0.35128528649170515,0.3368403420333534,0.4538579469204631,0.3033141235675378,0.44903480464922924,0.20652763794410134,0.32546296906397815,0.23843148831511038,0.3245573254908655,0.27376700038367213,0.29888853972032126,0.3357117956422628,0.29214963512176734,0.39181514332378625,0.37503402474575875,0.19260564058571433,0.33666388823553983,0.46626720003227645,0.21122112457793057,0.3365202358066379,0.14004756766534293,0.39158797039848503,0.31569419789189235,0.34637323373857914,0.01528051780898946,0.28481999963829135,0.29846643392591443,0.40160261014892723,0.00047475418856015623,0.30714354534028326,0.18800943867475886,0.02255473948539422,0.5482101391507014,-0.07777262516419635,-0.1549036487423307,0.13830666789421142,0.05471454676848524,0.05928171766189196,-0.07922190863841717,-0.17835073233662257
0.08005805320127941,0.23701548893592286,0.3059763228938695,0.15775855811735895,0.11254032654684672,0.08936107558205438,0.16205850884725448,0.23961044047467692,0.054198380831949285,0.9851398892719977,0.2167415720324286,0.25120564554609703,0.10582390267251986,0.23363027895163124,0.29980626589125614,0.21568952724355073,0.20795941759744077,0.3087022280674866,0.0015916459252080474,0.003935920376426452,0.09478594992222693,0.16362416766461743,0.3875459725151083,0.40422285932566004,0.23860178493394565,0.12648524925069946,0.17669383702386485,0.21076520960210643,0.23021896830490798,0.20863000157397102,0.14816849288868214,0.23657596013988186,0.15998634786863755,0.2620114467992439,0.29021203723677746,0.21041883306019504,0.27952330414731424,0.017805335827032226,0.12380975986363023,0.10159886530060482,0.21929324168852452,0.12383184721892963,0.13352498281056516,0.01854358985792927,0.06900720146255773,0.3118267330659215,0.5963189240998905,0.03841008481744285,0.1700300648553504,-0.10984780003755783,0.07678656669059236,0.018421781132123935,0.033693553400295145,0.009318878394201984,0.0810629854191978,0.006178855181848201,0.2155429374455701,-0.06455384075465802,-0.23739515510313908
0.07164878824965924,0.21774634247511898,0.19119387722160092,0.27176350984196085,0.1849992079184351,0.32407097666331053,0.2407123025376176,0.329098206572474,0.23291798214288198,0.2167415720324286,0.43022258400957974,0.2857540466102721,0.19928655703720854,0.21057516731673298,0.2783102819486307,0.2535999089816074,0.3516895406413186,0.26787145666973744,0.1355882100711279,0.3081711658693876,0.23211025947967284,0.21505017709523297,0.164183654328714,0.37125901425196806,0.2482448617054746,0.15148105786825147,0.22545446035591027,0.28407541100999134,0.2417753339218304,0.23082348339274025,0.24616346376331175,0.22310790302189276,0.24363688787522964,0.26953963931122854,0.22253165019068977,0.1865276867446705,0.29989096273397636,0.16700377464545088,0.3029334288780044,0.15520047957965827,0.22477070489068166,0.24148679635965564,0.24040210340264828,0.006363497526956297,0.2505138926302188,0.26806242556986987,0.47120741432714597,0.05504245693791832,0.17950083700815073,0.19074039331655726,-0.03934556847972548,0.2600601455360667,-0.07952702978278542,-0.08669106608297572,0.045441295046078765,-0.030921478841374268,-0.010015348158221166,0.04379985205607025,-0.09639007948040852
0.08670347678922213,0.19941991250251917,0.18151743845232182,0.3041239654394459,0.2586462534654836,0.3089728236944241,0.2893328978646101,0.12547488439210325,0.26632312954741494,0.25120564554609703,0.2857540466102721,0.573219899867969,0.1658129946708531,0.2296348197224907,0.30390711729065273,0.2991631206484075,0.32778680312311803,0.22763464169045328,0.13705408072783481,0.21679314166844077,0.22429607608259403,0.2263232870490968,0.1674529053133029,0.3606965255084759,0.2715998870457047,0.14088977752653045,0.25042936922609205,0.2086702863739528,0.22124077264947586,0.21237155841431893,0.23632728186347568,0.23540282676574392,0.21166915561990285,0.25415534307742554,0.17139130481130496,0.24147814012176938,0.18988790393439087,0.122458197418466,0.23825763396048047,0.11974047651841196,0.216146520831868,0.22887113458209507,0.20941305883802702,0.005757338561265571,0.18614079591812135,0.23004403458460837,0.38124216738178424,0.05312905224817238,0.32498826736307174,0.0813594423134744,-0.0399533586377115,0.1982733780063838,-0.019966156288224523,-0.06732073521675819,0.048028345272046,0.04349204734726073,-0.12562612469338866,-0.024639583744757835,-0.053495511729780267
0.044712045004043216,0.09563876036159366,0.1022158462000306,0.18070021367439687,0.12486518901511288,0.18989958823713568,0.14867436764917455,0.15806694351587863,0.20037072746329196,0.10582390267251986,0.19928655703720854,0.1658129946708531,0.3809590879336609,0.18815061695752827,0.14629980450436536,0.2085967408347606,0.177691002163814,0.14729727828847264,0.1647713306540152,0.14953167978202525,0.14363234385820672,0.22053427330273198,0.05424644508870427,0.28457243623470213,0.1510055526454311,0.15451600631857482,0.17532739242493758,0.1774029186097143,0.18707236563351912,0.15059286868589813,0.12303868587278424,0.20006459178260802,0.12646542985389733,0.18056025081398802,0.1906167314427767,0.141638663955051,0.14623018039989627,0.0790965040713825,0.26315426218852267,0.12723655245361762,0.12186670861138456,0.15543156246755846,0.15781938990858094,0.02281188176342943,0.1390837528578892,0.19547929303137979,0.24803180570687244,0.0070003930699642355,0.2400170212622304,0.12684362798943818,-0.04312819850315278,0.1412624629644263,-0.05196930008453267,-0.03352760576130121,0.06926791673847316,-0.02136415365035236,0.009897429092210145,-0.024146260919423804,-0.04352160122011111
0.1028285230856259,0.07098534161244915,0.14071895544988589,0.2579279997715558,0.1452634701358719,0.23140563445832749,0.17925804980353977,0.15118390518024533,0.24690434264288294,0.23363027895163124,0.21057516731673298,0.2296348197224907,0.18815061695752827,0.552305252665823,0.23632949841573073,0.3767675707430737,0.24718982921322621,0.13600870183100086,0.2425095423908227,0.1655614150058369,0.23464264848331487,0.2876766745874169,0.19312774105026254,0.2715058096078789,0.2212290841950194,0.3679710376472779,0.20764286273227417,0.1963263622924193,0.22762965692112935,0.1908584134475517,0.1906758700248555,0.45214372455954205,0.19378525903515845,0.1872890132222172,0.24964424775973262,0.20316404708496905,0.18501338543956716,0.10642104380957461,0.2684870546021695,0.1943594681323137,0.21311837610484027,0.26797711167437704,0.1911029320565821,0.02193666720536337,0.13609398514360663,0.2700256243924715,0.5226588060075724,0.040522522978737506,0.47928721096047006,0.03365535670365688,-0.04709972194155639,-0.14663449523984204,0.12401767467530843,-0.000676358273080444,-0.060994532746409855,-0.016593829215239553,0.26134271372201723,0.04845993785461131,-0.19527278819157706
0.11474983984107344,0.22847363644143132,0.18057137339466137,0.21335397964700045,0.18630950255174195,0.27626125078170793,0.16783615374086766,0.07008863833734848,0.17426027671654504,0.29980626589125614,0.2783102819486307,0.30390711729065273,0.14629980450436536,0.23632949841573073,1.3003703243383755,0.22678693744806855,0.20122848543452568,0.44389706734347195,0.2028441148332902,0.27058590601616594,0.22906387266183015,0.026510304202941166,-0.16648382154591035,0.4238887037125903,0.2923404085498505,0.2841653023180681,0.19481643293754092,0.24109393527703957,0.21041853674567707,0.12606596995799932,0.23581855681788752,0.21440468365860121,0.14989905684785476,0.21086812645623842,0.19950622988374592,0.18559562688248937,0.30595821103421844,0.10058048802512876,0.26854514246624817,0.13956804667819706,0.22581800620748918,0.2115921308430519,0.20236630308749573,-0.022283457604226183,0.2605491695490978,0.11093569995682673,0.2159150951687404,0.1166544025464052,0.23701139141553726,0.23261515420727777,0.01901535841490097,0.04097155058687354,-0.1491708757663894,-0.05306127579977459,0.1519804703661337,0.046037465128073704,-0.0045083134897847535,-0.041604205304795056,-0.14590836819930184
0.08268114524739123,0.13150705093275308,0.14046015597417363,0.26195423920469446,0.18829882339647103,0.2420788253425449,0.22143622247222547,0.15096332012046745,0.24261389701645963,0.21568952724355073,0.2535999089816074,0.2991631206484075,0.2085967408347606,0.3767675707430737,0.22678693744806855,0.5222427580477921,0.36635718257635963,0.15302746276119633,0.18808101695532786,0.19172373834458703,0.25588058927527735,0.3128880073623481,0.1477079081857763,0.2792797235093434,0.24899826382340545,0.2341738553881876,0.2526233812518867,0.2818449377411496,0.25884331487537177,0.28963912606298947,0.2078400381506288,0.3365752305330048,0.23084884661773872,0.23420061582615526,0.29618502804991,0.22986828171482201,0.24673854594390907,0.11859477414125894,0.2828218669752637,0.18892740426806695,0.23405758665345083,0.29583512041605947,0.2512152570381243,0.01713030532974367,0.2066916257473788,0.26955598719038265,0.5209637490024508,0.02718080110294702,0.3540011873556429,0.08105279909812804,-0.07063076374424075,0.022149367655940756,0.007076868748942693,-0.02181789194988464,-0.010222364872300656,-0.018200481846110964,-0.025620027226937982,0.013915788912906858,0.017571477367338436
0.05058863391630427,0.23612835006120522,0.24012474932743133,0.2421968169389573,0.1155457206253971,0.30266865376619084,0.23256497968581546,0.27102967059543864,0.3407621679463737,0.20795941759744077,0.3516895406413186,0.32778680312311803,0.177691002163814,0.24718982921322621,0.20122848543452568,0.36635718257635963,0.9767463656309568,0.21550017696600587,0.24519005590221976,0.40573590430557765,0.3733027472256087,0.3159814157381959,0.27953538483495505,0.2695108150243288,0.3165432367370594,0.11617102922983254,0.3001805392709222,0.6709875181426186,0.2817437071739809,0.5180858356828135,0.3630797794751675,0.25919932040911364,0.5428578075230917,0.3123149474981965,0.4251951483216451,0.3065903826346873,0.5702758038563578,0.23363090087663194,0.29252303786371253,0.1657956482635772,0.3746028686668072,0.4194963623580741,0.40566250037233287,0.030233614072194836,0.2970542788975073,0.4653978191016104,0.8363957059377677,0.1056328555949388,0.10530115557452412,0.36151404002747817,-0.15483409967781675,0.010051983838990147,-0.27148196164478405,-0.09414548414824339,-0.07215692741368948,-0.02512598182304094,-0.1681105565535426,0.10725173850715737,0.02082366017090293
0.09006135805211862,0.42807761988223286,0.25878189972801147,0.3110134507625074,0.27947919833352447,0.35892801620878517,0.291971851073961,0.39411322529380693,0.19272681396319002,0.3087022280674866,0.26787145666973744,0.22763464169045328,0.14729727828847264,0.13600870183100086,0.44389706734347195,0.15302746276119633,0.21550017696600587,1.1991195567111028,0.11042252678317385,0.09127480304119642,0.24282357103100732,0.1750776894196381,0.06634715496569538,0.6545075857131994,0.24512832481215674,0.3172174892024776,0.15209172451125047,0.2824326257883595,0.17271386130932273,0.0521308244614242,0.20226945112309908,0.18944795027007255,0.22118011090228307,0.28349979706619066,0.05294560702446217,0.13759705255404328,0.15998650558077424,0.01208700838179969,0.3351252336912286,0.10095500503783669,0.13226729155224148,0.16783061912820194,0.39330341728024665,0.015066303289507784,0.29662738194349686,0.20186521632642912,0.31391811835673655,0.07040195134375479,0.34681194601519283,0.28629694001062067,0.1843646732761135,-0.0177189978690539,-0.4572198948291584,-0.17590903068987654,0.08245459738529644,0.09154622797297919,-0.07691709258488769,0.10237885693202063,-0.19450561673918043
0.06634863071274424,-7.511915132893568e-5,0.2746825499615465,0.049403046837045335,-0.12879658939473404,0.3803252605694085,0.0009943772805293568,0.10639779192527768,0.3091639334065624,0.0015916459252080474,0.1355882100711279,0.13705408072783481,0.1647713306540152,0.2425095423908227,0.2028441148332902,0.18808101695532786,0.24519005590221976,0.11042252678317385,1.9645550872557098,0.3021448610169827,0.255898665270915,0.2545320040234702,-0.1296859611308883,-0.013004300607389902,0.10328463321269445,0.23452565490096033,0.1616985887263622,0.3296001665729313,0.12011732370522676,0.27481235717096064,0.19370431338043764,0.20191059996323338,0.33164863584587057,0.0943245721685794,0.12035019379624337,0.47307325340549383,0.17435175420419227,0.17947174228942972,0.23171597386478812,0.0237719138228871,0.2892228202001433,0.2181288887080193,0.2137319993954802,0.06192246121500051,0.022173414785727773,0.21517742177875973,-0.2867145919373345,0.03710400342627985,0.09725025359701511,0.5730910070310438,-0.2926793916118035,-0.5285068539212492,-0.2694732145463032,0.04005146955967335,-0.04508829783459377,0.03130324526593178,0.03362848425245344,0.008457771491387154,0.003677927458060703
0.0577455586105589,0.3732924633256473,0.19993727438039774,0.2466616387463335,0.1762149572738207,0.4607129130939901,0.16055834117514964,0.33537518883121725,0.35128528649170515,0.003935920376426452,0.3081711658693876,0.21679314166844077,0.14953167978202525,0.1655614150058369,0.27058590601616594,0.19172373834458703,0.40573590430557765,0.09127480304119642,0.3021448610169827,1.1609739954392022,0.22162771817169313,0.20056397078312183,0.3514041043734687,0.3687602183979475,0.27435612395497205,0.021490806649130872,0.3110817348952065,0.36832251499459134,0.3810692595262901,0.5231111057269439,0.4380066838419866,0.14974937944802066,0.3177307755564883,0.45597694880164397,0.3296123597499814,0.22644675348226617,0.6278686491727085,0.5253718847077002,0.44249521672866354,0.22482043761288073,0.4534622774186683,0.3052573399474789,0.41832040646070073,0.029636532470540787,0.4425588131609677,0.47582667167650233,0.43649841947655754,0.18880186355670733,0.3830879239742285,0.3232257324747532,-0.22642729232948733,0.3277629073186908,0.04963010078254525,-0.037816220101324925,0.05054937405407958,-0.055209241595217375,-0.02484031796618751,0.061442275394466665,-0.06704440921310434
0.08472047965676119,0.24153344719053513,0.19752782622299245,0.22358636490052936,0.14021504810594684,0.30723778242539523,0.20055012587919963,0.1849123715695101,0.3368403420333534,0.09478594992222693,0.23211025947967284,0.22429607608259403,0.14363234385820672,0.23464264848331487,0.22906387266183015,0.25588058927527735,0.3733027472256087,0.24282357103100732,0.255898665270915,0.22162771817169313,0.5465077317340697,0.29119199319903094,0.2338919144042758,0.17255694950053743,0.2177219047828965,0.27019732167700006,0.2075829065734684,0.3038294903086421,0.22288789583127258,0.36224038364694866,0.2748489528530559,0.23028682071196888,0.41696548047185256,0.23444110582631955,0.1618622917710758,0.2741477350636724,0.2750554004632565,0.13037024020046623,0.33253521106276335,0.15252063161045004,0.3832895102501913,0.38741517878192266,0.42088913565479863,0.01754135609822135,0.25843691157103105,0.36359958577290125,0.5455812687037654,0.10708498644609317,0.3308528019651859,0.09759171949738826,-0.03404502083263298,0.0026761378961022695,-0.05751775018848934,-0.06234753247948486,-0.00440571398754028,-0.003575555951551197,-0.24863769415769205,0.11842829840132339,0.12042949884592545
0.07841658684383107,0.1604893447074481,0.21395586130695998,0.22378339058979843,0.13243833792031895,0.29145239092333486,0.23016057550417754,0.1857886125315774,0.4538579469204631,0.16362416766461743,0.21505017709523297,0.2263232870490968,0.22053427330273198,0.2876766745874169,0.026510304202941166,0.3128880073623481,0.3159814157381959,0.1750776894196381,0.2545320040234702,0.20056397078312183,0.29119199319903094,0.6776390821048859,0.4871021208724708,0.321543629083784,0.214396719948274,0.23935484141800217,0.24327320908221112,0.25412969069476676,0.3429131596452518,0.3223483685456039,0.24945111982086732,0.30174608088968513,0.3167222724646956,0.3361749852279798,0.19539340685893225,0.3477337889194111,0.2136376274993188,0.14355220885651893,0.4091999022306933,0.16114030924902467,0.2967136351647307,0.28449655633628973,0.33249459815944316,0.05249683760437323,0.15399479714212969,0.4254264767672415,0.5259983250582186,-0.09993266021175956,0.481261748101461,0.14526412271543432,-0.06750188990191755,0.1077867703835971,-0.018650919683232264,-0.04665768322359695,0.020467517806361777,0.005044027231202592,-0.05709336101773855,0.007225623988634456,0.0012400201780976994
0.04219889584052874,0.1209442904170684,0.10258169080841957,0.19533193660314907,0.31786166347709494,0.18798182295614366,0.13903661708968734,0.20813997648096133,0.3033141235675378,0.3875459725151083,0.164183654328714,0.1674529053133029,0.05424644508870427,0.19312774105026254,-0.16648382154591035,0.1477079081857763,0.27953538483495505,0.06634715496569538,-0.1296859611308883,0.3514041043734687,0.2338919144042758,0.4871021208724708,2.9055615037420712,0.6220895544322901,0.5326540769907504,-0.2463987578254443,0.2147909868140696,0.26613636335840046,0.7311594118335729,0.8818672651208513,0.38110361784998126,0.12891978791447936,0.47191103025836484,0.5901071461493571,0.38004333598868256,0.3517110667764159,0.6256283331726854,0.11114048900411061,0.3295874067386002,0.07460261171222594,0.64629415531659,0.21388995821561804,0.43722549255341014,0.11636069257119633,-0.13061671693393526,0.91189912242099,1.332484786355908,0.05581873427812416,0.2350334455024357,-0.17836586836826734,-0.050843346723698925,0.294327358101999,0.48995207618065545,0.008229192440229878,0.20901064378200448,-0.0953456456222556,-0.11095168077543355,-0.14058969953787975,0.14297843985817207
-0.02827990055077562,0.287004366784732,0.17972031704297967,0.480641716219192,0.3912403140958168,0.4479702144329291,0.4595582187636633,0.38178289689099093,0.44903480464922924,0.40422285932566004,0.37125901425196806,0.3606965255084759,0.28457243623470213,0.2715058096078789,0.4238887037125903,0.2792797235093434,0.2695108150243288,0.6545075857131994,-0.013004300607389902,0.3687602183979475,0.17255694950053743,0.321543629083784,0.6220895544322901,2.4640065626181364,0.4194058310841473,-0.7515022934275223,0.2588066425197255,0.3906580498211287,0.020289340035734675,0.7982476018880323,0.5508091053770735,0.245080510986958,0.4655685940397166,0.19744906544850988,0.3207652191503921,0.27051063047268414,0.7837240124713727,0.1969477953942066,0.4217834425005158,0.11472606382611339,0.5988202633629013,0.1518642703594403,0.2621666099262485,0.0232013336266808,0.06454721357711429,0.3300332364159281,0.6470817486448904,0.12877852138478724,0.7153196317200299,0.1741236022407701,-0.09070449624970772,0.7334814128945318,0.12292855441652888,-0.24407044027148478,0.2829046724509251,0.037663295674659036,0.29562667774940454,-0.1715112506509797,-0.41789051841689373
0.09020190741687262,0.20582175464994776,0.19976552054075047,0.2577420146844052,0.19693714333429133,0.28073650860437793,0.20693754339771572,0.27853481999804236,0.20652763794410134,0.23860178493394565,0.2482448617054746,0.2715998870457047,0.1510055526454311,0.2212290841950194,0.2923404085498505,0.24899826382340545,0.3165432367370594,0.24512832481215674,0.10328463321269445,0.27435612395497205,0.2177219047828965,0.214396719948274,0.5326540769907504,0.4194058310841473,0.8662191375157591,0.18030030675868833,0.2385014838917568,0.26560662003141,0.4808421343838073,0.2885292729631497,0.33567529668376694,0.21987680708910698,0.2013285445695974,0.39424433497752437,0.2644911068733247,0.30463670047190294,0.33615452891645575,0.16326432330850957,0.4006755273597225,0.18043756923978074,0.2920171285429548,0.21858064892431558,0.25377648377130313,0.02810004151399107,0.3321738368841378,0.2715785311806668,0.6025846327508841,0.028381717225860706,0.03889283498740119,0.09900169831034739,0.08116679277772598,0.41793375096953395,-0.025773971254722524,-0.0609673450247632,0.08785509269512581,-0.026850948520769687,-0.005513874335738204,-0.047717048980827154,-0.05347101017505006
0.14877968099780978,0.14647951470887136,0.23405858225464013,0.17941174495468024,0.10508187046582594,0.284038939295531,0.12433683158123597,0.23641651266556277,0.32546296906397815,0.12648524925069946,0.15148105786825147,0.14088977752653045,0.15451600631857482,0.3679710376472779,0.2841653023180681,0.2341738553881876,0.11617102922983254,0.3172174892024776,0.23452565490096033,0.021490806649130872,0.27019732167700006,0.23935484141800217,-0.2463987578254443,-0.7515022934275223,0.18030030675868833,2.34243062096718,0.09863471117130834,0.0463849178479551,0.5274262174373565,-0.9119942897601012,-0.12178408447301982,0.44901214421005015,-0.21748867553169154,0.4273366463450758,0.11546467106552943,-0.005322749570379885,-0.5674775524580683,-0.037757439187678085,0.4344365622454666,0.4021572818535605,-0.26850545512452134,0.34217662461163306,0.2452130076550458,-0.03295495164220335,0.43863333688978207,0.06447383186906608,0.16789280574430462,-0.004113191024995034,0.8324768021974814,0.16467846720057044,0.1741958964685458,-0.40013292941181205,-0.3841476494060422,0.028926181123380787,-0.1588023367146047,0.07431319855187342,-0.07623468095033598,0.23189404068065653,-0.0394691006343649
0.06595485389819461,0.17904038247286383,0.16126186875343268,0.19614995831419293,0.13867433390057557,0.23396810805876977,0.17476265380160436,0.16934661711921783,0.23843148831511038,0.17669383702386485,0.22545446035591027,0.25042936922609205,0.17532739242493758,0.20764286273227417,0.19481643293754092,0.2526233812518867,0.3001805392709222,0.15209172451125047,0.1616985887263622,0.3110817348952065,0.2075829065734684,0.24327320908221112,0.2147909868140696,0.2588066425197255,0.2385014838917568,0.09863471117130834,0.6671063816327139,0.28804759363353827,0.17636456772092138,0.31165312564533226,0.3284456522496895,0.2249489895606648,0.25822413641905756,0.3040800621553793,0.3011052077379402,0.33129244259761204,0.24732531926208137,0.16624984874577256,0.26860131701504786,0.22291233487585244,0.3151656042484403,0.2197636993904091,0.3269936992461989,-0.006846359573129684,0.21514983791354778,0.4404771825719783,0.3802175151438239,0.08120498519414893,0.2826731563753506,0.048939070059581334,-0.06575159815299911,0.16438948364922812,-0.023008121877081008,0.043858057431228545,0.010619110270002534,-0.020850582086564363,-0.008298365908017143,0.05275332872964283,-0.056110133884291834
0.026980277446746238,0.21223599445497981,0.2115518978639856,0.11431986659445839,-0.02844861016074151,0.1979373078629433,0.13254518369415255,0.2398814741554567,0.3245573254908655,0.21076520960210643,0.28407541100999134,0.2086702863739528,0.1774029186097143,0.1963263622924193,0.24109393527703957,0.2818449377411496,0.6709875181426186,0.2824326257883595,0.3296001665729313,0.36832251499459134,0.3038294903086421,0.25412969069476676,0.26613636335840046,0.3906580498211287,0.26560662003141,0.0463849178479551,0.28804759363353827,1.7994111883711104,0.049396040212517096,0.7889142177775531,0.4473764031676446,0.27384514273042143,1.1326859066956216,0.07662168936536615,1.0877847347459684,0.3157700194453194,1.208023558382718,0.24602127553188105,0.3419577073570596,0.24476687264406957,0.5221921048295806,0.3297048079959031,0.4225119753264484,0.0068552921491383525,0.27329360046150075,0.3026088280943183,0.7224684143303765,0.18130548818434886,0.08706901751208218,0.8829186057443507,-0.28356619085706025,0.7009235838777701,-0.9119011013613834,-0.11253836080527288,0.5451027605078897,-0.07002810551767799,0.07561291309309782,-0.5373035526570079,0.28058376162052956
0.08864570484301347,0.28002679878581227,0.2863355961582836,0.21812734628236924,0.12939682515740886,0.3559505287483719,0.14929725554083267,0.2872132195949211,0.27376700038367213,0.23021896830490798,0.2417753339218304,0.22124077264947586,0.18707236563351912,0.22762965692112935,0.21041853674567707,0.25884331487537177,0.2817437071739809,0.17271386130932273,0.12011732370522676,0.3810692595262901,0.22288789583127258,0.3429131596452518,0.7311594118335729,0.020289340035734675,0.4808421343838073,0.5274262174373565,0.17636456772092138,0.049396040212517096,2.3257213685529807,0.2932923226976354,-0.3654290371102408,0.23691743274078703,-0.11553225691006655,0.9031511261484987,0.14472026275217928,0.13430534174083636,0.5570438810564837,0.09382124759645856,0.27460232485278985,0.2468968740594236,-0.07793595295350136,0.25148237707991267,0.28578274270020104,-0.07706203439477159,0.7148015991656194,0.4027571388873293,0.8892796793443645,-0.05250460712989865,0.5890891970695996,0.22108988534454074,0.05975994817127786,0.23839059029039392,-0.07430725244257806,-0.03146562321587745,-0.025304330634100793,-0.09365687520080535,-0.19338954159318994,0.045211448704428316,0.141635674400748
0.01776724726990889,0.14955125131928568,-0.04267548410997452,0.16460153200956273,0.15219189301549396,0.09011949308126352,0.21036561423486122,0.06138345039385947,0.29888853972032126,0.20863000157397102,0.23082348339274025,0.21237155841431893,0.15059286868589813,0.1908584134475517,0.12606596995799932,0.28963912606298947,0.5180858356828135,0.0521308244614242,0.27481235717096064,0.5231111057269439,0.36224038364694866,0.3223483685456039,0.8818672651208513,0.7982476018880323,0.2885292729631497,-0.9119942897601012,0.31165312564533226,0.7889142177775531,0.2932923226976354,3.0633076210555914,0.4530386813074702,0.11146157466485188,0.9785793747201751,-0.04624029800661979,0.9099279990565814,0.6601811414563515,1.5337781605347864,0.31287636543149894,-0.13101867263960446,-0.14506675789513812,1.5474791837431352,0.3442557844377821,1.132197999236175,0.22898323503848242,0.11472756300070024,0.9658097210532263,1.0132853085961515,0.35632653270123654,0.16079901200240068,-0.4960194353725497,-0.15360122230353476,0.0983053368714984,0.4268146682520761,-0.01718261493694556,0.3286553399905369,-0.050597246754316136,-0.28099078825876633,0.0681147136642888,0.019954464094777854
0.07419697880175258,0.17034943098760122,0.12758981555842086,0.22106255304471562,0.25959133166838305,0.2315973594804275,0.19680506655971228,0.14020233571328675,0.3357117956422628,0.14816849288868214,0.24616346376331175,0.23632728186347568,0.12303868587278424,0.1906758700248555,0.23581855681788752,0.2078400381506288,0.3630797794751675,0.20226945112309908,0.19370431338043764,0.4380066838419866,0.2748489528530559,0.24945111982086732,0.38110361784998126,0.5508091053770735,0.33567529668376694,-0.12178408447301982,0.3284456522496895,0.4473764031676446,-0.3654290371102408,0.4530386813074702,1.7350573654485917,0.21216955601354223,0.4856685280409936,0.08764761399571926,0.22985737551506744,0.9237844519526942,0.47385831085288016,0.27709458913545876,0.29714630022757255,0.024229547319502578,0.8165355081990237,0.23230166949259165,0.16527011724918453,0.07645981192911672,-0.07470764026008837,0.17313270191390115,0.447917479100373,0.033017803376214266,-0.4597241324699501,0.26525492767536674,-0.14958538620738196,0.5480204529032487,-0.15025702929485363,-0.10309643860200664,0.24104122507533524,-0.02711922930739471,0.14402109997112272,-0.30195454011712974,-0.04678114486371603
0.10728453841213949,0.08509171735201362,0.17920373267718565,0.2587642446549956,0.1418039371321358,0.2567485431565492,0.20253981007582073,0.21363562765962296,0.29214963512176734,0.23657596013988186,0.22310790302189276,0.23540282676574392,0.20006459178260802,0.45214372455954205,0.21440468365860121,0.3365752305330048,0.25919932040911364,0.18944795027007255,0.20191059996323338,0.14974937944802066,0.23028682071196888,0.30174608088968513,0.12891978791447936,0.245080510986958,0.21987680708910698,0.44901214421005015,0.2249489895606648,0.27384514273042143,0.23691743274078703,0.11146157466485188,0.21216955601354223,0.5898743401729573,0.17944396134871532,0.2000271815104903,0.2120043686927325,0.2549762820986717,0.13538891580127219,0.09368544393120941,0.32047910918146744,0.2056807332396197,0.17623975124141716,0.2723966861037136,0.15925775840346754,0.02266412058861731,0.16380676195672025,0.24717266066807606,0.4946258155487376,0.01830566194922065,0.42575108518451743,0.13783767429347568,-0.002701029487153772,0.1509234712862058,-0.2794919958880213,-0.009200249353254367,-0.017293455825473522,-0.02873781676120686,0.5168025992197663,0.028014803147701526,-0.4492474666040427
0.04751668886633629,0.19107937156715155,0.1232834712339401,0.19211110420840374,0.16088754393782265,0.21143565556344351,0.20419652821922782,0.174767272146259,0.39181514332378625,0.15998634786863755,0.24363688787522964,0.21166915561990285,0.12646542985389733,0.19378525903515845,0.14989905684785476,0.23084884661773872,0.5428578075230917,0.22118011090228307,0.33164863584587057,0.3177307755564883,0.41696548047185256,0.3167222724646956,0.47191103025836484,0.4655685940397166,0.2013285445695974,-0.21748867553169154,0.25822413641905756,1.1326859066956216,-0.11553225691006655,0.9785793747201751,0.4856685280409936,0.17944396134871532,2.3802554164293506,-0.032634608365970354,0.14477299839736954,0.32800829928203173,1.6705391404389818,0.2566812951231795,-0.12364422172154788,-0.2056407191488202,0.8610613307492804,0.4682753910631755,0.6716770507233686,-0.03361541655320436,-0.31862787278422955,0.12402405337991608,0.7692836242129008,0.3038865451220563,0.12185949452842754,0.25367644700731384,-0.3793858622908666,0.3616311789507626,0.015428847327418057,-0.2330481978547179,0.5126843105881657,-0.07878672896414747,-0.23032183566184786,-0.33176444042568903,0.414019394662147
0.023806904599509484,0.3603904795465726,0.36467505032366904,0.3231640895872103,0.1187425545985086,0.4536028553694861,0.24781744392256852,0.3890390881303712,0.37503402474575875,0.2620114467992439,0.26953963931122854,0.25415534307742554,0.18056025081398802,0.1872890132222172,0.21086812645623842,0.23420061582615526,0.3123149474981965,0.28349979706619066,0.0943245721685794,0.45597694880164397,0.23444110582631955,0.3361749852279798,0.5901071461493571,0.19744906544850988,0.39424433497752437,0.4273366463450758,0.3040800621553793,0.07662168936536615,0.9031511261484987,-0.04624029800661979,0.08764761399571926,0.2000271815104903,-0.032634608365970354,1.946354261258129,0.3076411384177791,0.12342967260026591,0.35168851828224945,0.13387806114223863,0.23136074548008495,0.13645039730140326,0.4101214430982538,0.2654492974182999,0.6003758073799703,0.13385096960419537,0.4519906317830835,0.2362623315763675,0.6020434744878082,-0.010095285534621454,0.29217701120577166,-0.14530876836222908,0.012908556604448241,0.14559691323212007,0.07208175674142148,0.04367409612274248,-0.10251060146059719,-0.00040640365744150754,-0.2775192502217399,0.21747497897532608,0.021079520703763687
