2.77791920660514,0.3247524454683725,0.2616140804378792,0.19840946979874652,0.6290786135038215,0.06613080696659436,0.7437440089324778,0.38002931141335555,0.1781480353234087,0.29880791310179655,0.2226855471862835,0.26972250529973374,0.2163680306700924,0.3425117175512671,0.2557132190010814,0.3032960055655726,0.10799666447550052,0.3996343733787609,0.24267011744312972,0.14681668600359932,0.2857531937533199,0.29734713801205936,0.2849520523358122,-0.024460371507941513,0.4606331316760764,0.1424403638440344,0.0917599983785613,0.02219373404078095,0.2728189144899501,0.1941486810716691,0.21272740582496635,0.17719111986133154,0.23762184828912614,-0.057719923910672655,0.1309526099564991,0.08796801318440807,0.30170683473928495,0.3455494213142938,0.3931825357281864,0.009573119167524723,0.15762915177238612,-0.013338289489740375,0.18690206684217214,0.19745970709868807,0.13513546898660436,0.2093964114141994,0.30873869907956447,-0.023805612606653856,0.10134363527713207,0.05045429185378843,-0.1083992267729939,0.08846348943037005,0.0676063520865314,-0.049451725373628,0.056848174093265,0.06733909033042836,-0.1230207984933492,0.11786028649356561,-0.34486862949790237,0.06272282777127894
0.3247524454683725,1.2145357465031987,0.7084324992245741,0.08728611075097097,-0.05096138776131243,0.22793993880865307,0.1466804053571161,0.2204229349526966,0.20238951678129083,0.24392966213205158,0.20147863687234466,0.19550936338753813,0.17954206882091747,0.1999534975475403,0.2786775738213905,0.15307075539662862,0.22856186475376944,0.34872135044258634,0.09569708355869579,0.23235806149884014,0.19827647335889967,0.16379873474875542,0.0854846051694948,0.033972104761649545,0.05194686189409726,0.16553098997025179,0.057226042804812374,0.22672207919267304,0.31953795581279776,-0.10766891914684801,0.1272015400336618,0.1690947208229206,0.21423227263777778,0.14570971304875496,-0.021055902981918843,0.15711550212985184,0.3439311516362727,0.16585747894588349,0.11093563170109305,-0.021592545233189965,0.14260543602001305,0.09797602478889533,0.08286356706449981,0.07231524874027233,0.08332511663207885,0.22482415541702894,0.12679408441040155,0.0008502974074256087,-0.12028843607688111,-0.03638963428174625,0.20133618864250125,0.09057491576615619,-0.06270875043937763,-0.17334228431866208,-0.12876383317100834,-0.17060237150083118,-0.49609228793124127,0.22656383215607329,0.3690045489107364,-0.033818711097872885
0.2616140804378792,0.7084324992245741,1.5527285123643348,-0.0022364665776401192,-0.2947870820545065,0.3010764060784212,0.1823733039357208,0.28836960443075854,0.35498504754555965,0.2808948694176726,0.23642363075788939,0.23591377063145577,0.1808199920138037,0.1982389391515395,0.218470369926472,0.14255218015942567,0.23331278774367015,0.29541456308519853,0.10001378533008819,0.10322078237249409,0.20373131326240912,0.2568474898273162,0.07757615222415824,0.0944826688648846,0.052077445422074015,0.1746802897618801,0.10260145873110194,0.18947597697566335,0.22715539422775086,-0.337989221325551,0.18545380316716276,0.1519573630536057,0.15006430165070422,0.11616797565472889,-0.0986676990860545,0.32338979379663874,0.16590689010305715,0.19968799117038324,0.08838456629270357,-0.18841668135073183,0.17828226903272382,0.1282233450904764,-0.05213181489592111,0.09830034245957711,0.03205545645964201,0.3778248022446767,-0.0029763177168082764,-0.05884044159067216,-0.11204430713078196,-0.09259917934542031,0.1407750874653149,0.13344510498177842,-0.004009121130544261,-0.15343411284648364,-0.047607586084092025,0.006096224124395046,-0.04716793393734351,-0.07682818532731041,-0.032670356513780544,0.08902957035279206
0.19840946979874652,0.08728611075097097,-0.0022364665776401192,1.2545901660528769,0.4881817766172006,0.25439815037133967,0.3174007371639079,0.17214643470266638,0.1459616970574079,0.08267862668918058,0.13404905580675852,0.17448271737756094,0.12842485157719957,0.2072970733173895,0.10292803617359383,0.20347915276660036,0.15131466496943008,0.0999868088816635,0.24597183645460552,0.09083493702198542,0.20478662237359985,0.16944423902876063,0.07125578093131568,0.14536681203820317,0.1558236080209169,0.1977828082975356,0.09060089761594199,0.05431280076284401,0.13274444060149757,0.10553353115455634,0.12444976802821146,0.15831987404442982,0.1646441281386528,0.18805770378786166,0.07480560793626587,0.08013449865920344,0.17045038331189039,0.1434068136291987,0.13478761370575798,0.02382813914032872,0.13235052684272808,0.09279312033635581,0.1634068367260782,0.10482078090621962,0.01632262616289608,0.031796671097116355,0.10785844705419972,0.016799019645939724,0.08304638753295228,0.09596427877807713,-0.1246192509149474,0.0032643305504178573,0.03457198676903989,-0.038394469245458376,-0.027778444748929317,-0.01793185719019613,-0.37175306019918763,0.21290983623212364,0.1544337182300271,0.026339456528731812
0.6290786135038215,-0.05096138776131243,-0.2947870820545065,0.4881817766172006,1.508571209584566,0.13262215051020218,0.31566697129293486,0.11284578379213563,0.23615760932399305,0.12121813331511262,0.08747518427092772,0.16482665824455517,0.1516294327961016,0.17475081756265673,0.13126257503996652,0.19995109271772502,0.08926477570973626,0.11349731577229023,0.5229545465805454,0.04560232074149188,0.21156580196740665,0.21649440428427086,0.07966923274584839,0.13134509661656915,0.2921735896435225,0.21018619562220836,0.15510502717187105,0.0890686888538875,0.0852796412361847,0.26830259459698746,0.1854408984090153,0.19490967516207605,0.19238874825944102,0.23805748794493958,0.16585993951967176,0.08522563082523545,0.25286980087471694,0.16756750519337862,0.21155929841800516,0.0777995191516745,0.16932172559855585,0.13151912662960422,0.20472644424447511,0.18049033548331328,0.04301038380087787,-0.017492783275599222,0.2013292271507871,0.030922572784792567,0.16862344617034253,0.14166120304203153,-0.2613282298915937,-0.08515248360156354,0.11116118058153898,0.04792439657401081,-0.06175857777956514,0.06706144319380974,-0.14924879914393047,0.05607130295312657,0.09499901753174099,0.09605778185373091
0.06613080696659436,0.22793993880865307,0.3010764060784212,0.25439815037133967,0.13262215051020218,1.043721805646166,-0.062427667546600424,0.24736679396569017,0.270153893106969,0.13579882490817236,0.26701833180377993,0.30279003927022274,0.16304767147698723,0.35173658447376666,0.17077027228655994,0.28232070193982806,0.34140068242896127,0.12466819573186819,0.4307879173795204,0.21790127876080395,0.3271684568414841,0.26908858783591877,-0.0019634866923711847,0.22418578001063882,0.28922092958068274,0.2856017108128725,0.18632388122323687,0.12809705735391735,0.21604653181941552,0.07459387563472261,0.24557514904302674,0.2546325489120438,0.19734578490562962,0.13806565716326372,-0.008779532634914407,0.19238081144591934,0.2500946378701146,0.30513767984811746,0.19579597079903813,0.0645411415741602,0.2035472350171757,0.13266600087823072,0.18244962325567576,0.21846758307872308,0.06172004295204624,0.10222758408580307,0.10906787452399055,0.002533997926046771,0.08022381495261237,0.06566465015642312,-0.18263313730111702,-0.04702660250205739,0.11081550572139523,0.03504548709525307,-0.17410831733848756,0.02490773419441422,-0.1087623823835828,0.16059971678080928,0.18750362185357286,0.209370652685382
0.7437440089324778,0.1466804053571161,0.1823733039357208,0.3174007371639079,0.31566697129293486,-0.062427667546600424,1.0552820077978193,0.20045988438768003,0.23669442647774347,0.09218959307096071,0.2183215082943236,0.21381767572013827,0.1469887885783333,0.11202643913634369,-0.0036171896353611784,0.21675294520782293,0.1296959259118819,0.21947376181963282,0.10723582555658163,0.1522032997914829,0.193757900847376,0.249724993508729,0.18527529986638505,0.13662452422198135,0.2005024622911897,0.1757486020111059,0.1731495872504199,0.043469161203267596,0.14026351195917788,0.03484227382413465,0.1709940099360751,0.19183295153840624,0.14837881825988006,0.15123607542980838,0.03927627527589269,0.14279815925958234,0.14604113049103773,0.1703699844402576,0.2525037395585128,-0.012363650443706634,0.09385026286082229,0.04619064313959278,0.11151698394605408,0.12160386836253995,0.044041075882425215,0.12050582769695799,0.13307531200325987,-0.01444452494299332,0.2240712104801386,-0.044605841784232554,-0.04059206599843277,0.09748866096143852,0.08918526505692297,-0.10966521263520884,-0.051308274400482315,0.13709667128512326,-0.020280275933114465,0.12127281409395735,-0.3876255469350593,0.051044902174163145
0.38002931141335555,0.2204229349526966,0.28836960443075854,0.17214643470266638,0.11284578379213563,0.24736679396569017,0.20045988438768003,0.8444850052084065,0.1151586205157095,0.1387894980202744,0.22086522410513204,0.14336411898049653,0.2007226651265603,0.28754651363799627,0.08327699519807345,0.2035735615641706,0.22006599298702872,0.2385256286952042,0.1576274629872784,0.15859041421164496,0.2220904608766988,0.17924970878481747,0.10880505124286718,0.06943563728588878,0.1417725217389173,0.2689569696959659,0.11104528208020349,-0.13395276791194466,0.11395461681287523,0.0071435786653361024,0.14578190885295392,0.14683887476172658,0.11340720395293771,0.08930579407905347,0.02134591206917037,0.09014590822634058,0.15067249670410418,0.20924823889393085,0.2511592713454117,0.08537235913039518,0.11658030131656542,0.024199550981293318,0.1187488203427077,0.2348505935519318,0.04153677836859672,0.10208822739752706,0.13186742551318056,0.00798353569479725,0.1273118711327066,-0.048452215231096434,0.02758173881505258,-0.005725588345202014,0.0714939969745211,-0.018443295780350328,-0.09189648965534954,-0.08358167805195839,0.04470692895398918,0.16603172160031163,0.04078001583298646,0.11932463600530024
0.1781480353234087,0.20238951678129083,0.35498504754555965,0.1459616970574079,0.23615760932399305,0.270153893106969,0.23669442647774347,0.1151586205157095,0.7841143452752486,0.15586602404391386,0.14409145317231772,0.17903174184632079,0.15887322347917474,0.18984363803823176,0.11546165114308564,0.16278781114483873,0.20593171647271183,0.20370082962193942,0.24865392013423018,0.09702876158254409,0.21313677266567865,0.4070223214443176,0.14822851187660233,0.1863861944973684,0.10451417912824668,0.19901371445937047,0.1661681000791203,0.20321585852414137,0.06628363123774264,0.007479809084179066,0.20083130842872132,0.17715053487596524,0.2655873449599836,0.08377743635768654,-0.040500115958876697,0.17546026744740095,0.17971377209971537,0.23079583788465724,0.219137947081915,-0.02378129809155876,0.12613277553175054,0.08096576271893662,0.09436644669815923,0.15007435025676474,-0.028600943376664537,0.16437758715200818,0.1127625399990212,-0.034033290785301075,0.3380354744656053,-0.09481517120120872,-0.04339078675354952,0.1202813128075375,0.1034261193177898,-0.07910682052589985,-0.09296358575057005,0.1272013615218684,-0.04447407504978676,0.06368093708146469,-0.10332025468041695,0.1843929063606704
0.29880791310179655,0.24392966213205158,0.2808948694176726,0.08267862668918058,0.12121813331511262,0.13579882490817236,0.09218959307096071,0.1387894980202744,0.15586602404391386,0.6201183617418486,0.18146901073023475,0.1893310692430874,0.15431383892351092,0.15736095472867226,0.1812456944625681,0.14983484495588328,0.19475757726488677,0.24336397187318062,0.12215478301302055,0.11741300391376608,0.13002920996639872,0.1606095823380244,0.13886983705270428,0.11014890380836884,0.15062586626147964,0.1150218993562748,0.13880431874570132,0.15497662497064815,0.19169373633141484,0.10760270530283066,0.16646988375648625,0.1527862776043915,0.09961103184101952,0.238951980034516,0.14914180321205447,0.16748993200473844,0.2227298028510459,0.1282826190050649,0.19053033635911068,0.022879291243040313,0.20008281028290667,0.10493596635563533,0.09647452678398707,0.11730879488002902,0.041811591893127914,0.14297471348648869,0.20135450918032746,-0.0007399313397574801,0.0198572636975913,-0.0024280636126478763,0.013879031650714559,0.03723382260175011,0.020725111392427935,-0.055841344668926575,0.015593031633429628,-0.0002861927999563017,-0.1085418076275616,-0.07685495246346098,0.11747932942249578,0.04921649488247473
0.2226855471862835,0.20147863687234466,0.23642363075788939,0.13404905580675852,0.08747518427092772,0.26701833180377993,0.2183215082943236,0.22086522410513204,0.14409145317231772,0.18146901073023475,0.600347723633867,0.27881338696848773,0.1515389814533658,0.19768388699924974,0.1634981597134703,0.2219552501233612,0.2513892557729161,0.1789113127428362,0.13865187452170424,0.23733293203007308,0.18067614429887055,0.1744721883519198,0.1036231101142178,0.15025149389994177,0.14766637479236394,0.17398607063484173,0.14517165326433285,0.0698973966331736,0.15001410351533948,0.024972501504421683,0.16565413041985022,0.17108725227659566,0.12864671223572932,0.1283572069468219,0.052304689569065865,0.0983939976797659,0.16703800460876117,0.16804276388809739,0.2502940481672633,0.056146961779267486,0.0698613796252355,0.05592951308561308,0.1047394323273776,0.14264926939894873,0.09123023821271584,0.09254057603085768,0.11483565044263484,0.005524718680158601,0.13235253920757614,-0.12190784712396273,-0.0009268817414619504,0.04023083952263342,0.15080570058793036,-0.026534586344008432,-0.08351625128907904,0.030665372688514696,-0.02208418757155859,0.07500667607049978,-0.041546835999569,0.11919151363185136
0.26972250529973374,0.19550936338753813,0.23591377063145577,0.17448271737756094,0.16482665824455517,0.30279003927022274,0.21381767572013827,0.14336411898049653,0.17903174184632079,0.1893310692430874,0.27881338696848773,0.5250401074479517,0.15905968001145046,0.21304512148890134,0.19152158803951166,0.25772862195249807,0.2114044729205234,0.14912676241902587,0.21003599546368024,0.16920644441289998,0.19190340475262888,0.20565749563089633,0.06746169627109169,0.14114663317151455,0.17445476178581293,0.18709868659044387,0.14452405647344133,-0.020871380658511688,0.1282266695381783,0.043656239873282376,0.19093074163214566,0.1868105184219284,0.15447140132125572,0.1294841036413154,0.07565071065993031,0.17993984612879313,0.1312812476706257,0.18395500569390857,0.21024874943766086,0.04330556090167889,0.0826176939300494,0.07588469218920708,0.08909623485253951,0.1253514649249909,0.08952211914924174,0.1156149537767799,0.11152972862259619,-0.013959380533347387,0.0448408226042058,-0.05718540899775965,-0.007807253093864995,0.0765107243385045,0.04710103121092048,-0.04036495959857346,-0.12724400343494752,0.06895409430798102,-0.08600198628733247,0.09429767818356743,-0.09975070987160681,0.08759842043577108
0.2163680306700924,0.17954206882091747,0.1808199920138037,0.12842485157719957,0.1516294327961016,0.16304767147698723,0.1469887885783333,0.2007226651265603,0.15887322347917474,0.15431383892351092,0.1515389814533658,0.15905968001145046,0.3636454679894156,0.13839400657373438,0.09815872520449966,0.17285153488737637,0.15032457774305322,0.15832918421112707,0.1344228933584962,0.11739511490807243,0.11394282497331096,0.18622526448533452,0.12537563705377575,0.12835093163475794,0.10165232977159108,0.10606513916729293,0.05698331317848738,0.038416246673947746,0.15333128139045654,0.04870454054611663,0.1173800453155767,0.11762145505506652,0.15202331296321736,0.12199299627792529,0.0769387642978168,0.09367168542316467,0.1695183483726391,0.11727134603394995,0.17785150911801617,0.0194122824987898,0.09985020262630813,0.059941835257479974,0.06586805174828494,0.1361121345407774,-0.007543741042394029,0.10894416002839794,0.1098808251552507,-0.005154982831797268,0.08922508182462677,0.048965850214033727,-0.018675165430574153,0.016968793497910827,0.017784331271809603,-0.04861338855435204,-0.035493424430798275,-0.02494958649732291,-0.08717686022822957,-0.03217124540063399,0.12228637465565595,0.03936291167551741
0.3425117175512671,0.1999534975475403,0.1982389391515395,0.2072970733173895,0.17475081756265673,0.35173658447376666,0.11202643913634369,0.28754651363799627,0.18984363803823176,0.15736095472867226,0.19768388699924974,0.21304512148890134,0.13839400657373438,0.49049492828424857,0.29472818151330177,0.28589516241773005,0.2406252507080493,0.18555168453009677,0.2067744028076111,0.16366786993284396,0.23137747107767637,0.21501830892779883,0.12647836187670336,0.17067736716772658,0.2071703948554848,0.19802590321146987,0.09564860787818841,0.14858957388303326,0.183709019861542,0.0952779675902507,0.1861281478179743,0.12024626729727107,0.17494254277565688,0.09902785542558955,0.05305370662250984,0.12521167910389594,0.2640138693663323,0.2170335831423373,0.1686294459260337,0.06750912421973702,0.20537628549548992,0.09487973702219021,0.15162879910242313,0.15729239153707625,0.03710798405608712,0.100047399753719,0.1520670020408168,0.012292234081528545,0.15277496669734303,0.059643744373193294,-0.05045647435116023,0.0032719147737635614,0.03190097411525781,-0.00981300770296042,-0.12635032061266566,0.03642674472964746,-0.15533607565024413,0.16538414219014066,0.1284225037543968,0.12695492248774634
0.2557132190010814,0.2786775738213905,0.218470369926472,0.10292803617359383,0.13126257503996652,0.17077027228655994,-0.0036171896353611784,0.08327699519807345,0.11546165114308564,0.1812456944625681,0.1634981597134703,0.19152158803951166,0.09815872520449966,0.29472818151330177,0.7849703399576442,0.19821073310749815,0.19103800505581486,0.25552515644923757,0.12489566727395635,0.12131154383701155,0.20008663115873368,0.12050641403139498,0.21068398309724937,0.20556549721185818,0.06572224838563503,0.14354006147847334,0.027131016016268408,0.31052927693284355,0.21167931599607634,0.08721904765228003,0.16981661469758486,0.07556004302902615,0.2241654343078605,0.11354310564286434,0.06164732829242597,0.11996778154694977,0.3319989437381705,0.13988149689770768,0.09810364857711679,0.030160655619985575,0.21188794461157598,0.13118555700510248,0.1388056642504295,0.010514620619028468,0.02213345394694488,0.14953458577609313,0.18068403899985755,0.03185463984676974,0.03976809809699088,0.311173131394114,-0.07256979126519723,0.06881432485059272,-0.13178853136403135,-0.10754537803505597,-0.09797531359478188,0.07666126380807237,-0.3084258489865359,0.1728555315461131,0.10104301140944166,0.030497888315588178
0.3032960055655726,0.15307075539662862,0.14255218015942567,0.20347915276660036,0.19995109271772502,0.28232070193982806,0.21675294520782293,0.2035735615641706,0.16278781114483873,0.14983484495588328,0.2219552501233612,0.25772862195249807,0.17285153488737637,0.28589516241773005,0.19821073310749815,0.6532011665417637,0.23328427298691023,0.1524982517546183,0.1819748409556317,0.17553626537773248,0.20877441466981517,0.35003390764288905,0.09778918972290256,0.19568244506929386,0.10890411546320916,0.18519065380807212,0.13910685576120294,0.15201503291000884,0.17895885920876559,0.0979639707129283,0.17942890195664507,0.10763630409597841,0.169325618213922,0.12417147163850865,0.11996408973162677,0.12946148166542684,0.21316970740262933,0.22651811024378066,0.1982210516693416,0.09150560256543652,0.14708824813714044,0.09941310223984484,0.19095443506770907,0.14888627738985374,0.05590119950959161,0.08131210258861428,0.1376170117883535,-0.023894873745085088,0.2658874407584314,-0.0008388427877911205,-0.1150260892555429,0.0504569954322954,0.08229424287822897,0.0017921344268327579,-0.11397213771128026,0.06280301384553218,-0.14300228402045181,0.1404437758093991,0.04562824801896848,0.12680772458812167
0.10799666447550052,0.22856186475376944,0.23331278774367015,0.15131466496943008,0.08926477570973626,0.34140068242896127,0.1296959259118819,0.22006599298702872,0.20593171647271183,0.19475757726488677,0.2513892557729161,0.2114044729205234,0.15032457774305322,0.2406252507080493,0.19103800505581486,0.23328427298691023,0.7056891717236234,0.18762673831966473,0.18492688511290345,0.23328477843487228,0.2034791276327535,0.22750970473425752,0.11396310602951132,0.15276375309811926,0.20268218677407993,0.19251784161078578,0.13592105296248272,0.2699410651798966,0.21193307535544903,0.036307637775984905,0.18354299693502318,0.10123873702082227,0.26513451852192343,0.1366956786424827,0.011864453830843136,0.09628445926344571,0.3496045406960701,0.19976339714753172,0.1901861759804305,0.06866433997245862,0.15514060059738732,0.0918333637890123,0.1948859678354497,0.15128404339849283,0.08295137823414904,0.10792890833065355,0.13407159463529392,0.019460272793649407,0.15081075177825934,0.07234639368798924,0.02175980835665052,-0.08355541652494025,0.025302158255451925,-0.06551052353064477,-0.06366558198156386,0.008931492188022732,-0.09787223756706397,0.11924162451918488,0.14812753564314723,0.09486179108361435
0.3996343733787609,0.34872135044258634,0.29541456308519853,0.0999868088816635,0.11349731577229023,0.12466819573186819,0.21947376181963282,0.2385256286952042,0.20370082962193942,0.24336397187318062,0.1789113127428362,0.14912676241902587,0.15832918421112707,0.18555168453009677,0.25552515644923757,0.1524982517546183,0.18762673831966473,0.6948283575225762,0.08893058803132618,0.05557365239091222,0.1927572648803033,0.17852142233909846,0.44218016141563177,0.178222378396621,0.11909889268512776,0.16514966363615494,-0.13650586457258715,0.12309130260160307,0.20142610602965702,-0.035799500100460804,0.20792340486024954,0.07488772767545221,0.21175700369146788,0.15789356569580915,-0.02549797901242496,0.1267577333595744,0.3725516132268682,0.13721060618625922,0.19865581860347176,0.045763012257426405,0.22737513280874058,0.1187354123065309,0.05337607302821554,0.039288378278107244,-0.04263755629104554,0.27149102387582025,0.3306560672180216,0.012561142595542165,0.03405611125614665,0.09125556550193516,0.17621518044571394,-0.010128135218947825,-0.08197423571094489,-0.20901472792342138,-0.10441677719538962,0.03811345072091466,-0.08019740210644112,0.13891887025382396,-0.08010960538076577,0.010105758279914626
0.24267011744312972,0.09569708355869579,0.10001378533008819,0.24597183645460552,0.5229545465805454,0.4307879173795204,0.10723582555658163,0.1576274629872784,0.24865392013423018,0.12215478301302055,0.13865187452170424,0.21003599546368024,0.1344228933584962,0.2067744028076111,0.12489566727395635,0.1819748409556317,0.18492688511290345,0.08893058803132618,0.973511077297794,0.03360322194645611,0.2679899549857067,0.22015638116035466,-0.10577143679878213,0.11020345529930611,0.2858220066863351,0.09567549092564161,0.09444882912127435,0.08451481351698995,-0.018128895579687162,0.15398782709472958,0.22176861399711228,0.22936944831477973,0.2704932962607586,0.12252478610312403,-0.0031385374486112253,0.15071742862481124,0.16507994419824198,0.29064294009337244,0.2811330663702857,0.06430828918756729,0.21930620910197626,0.09530366522491145,0.14240928080199688,0.20229895155677824,0.11548153674011334,0.09143837248830333,0.12866126874533762,0.035091931808167685,-0.02795371536104099,-0.05349297305166345,0.06127633053049845,0.2171166344161258,-0.0933602581567434,-0.057545923167566314,-0.12938680345846704,0.04295187709875361,-0.08240157136225644,0.11153725294708837,0.02962941802377861,0.11087323914540093
0.14681668600359932,0.23235806149884014,0.10322078237249409,0.09083493702198542,0.04560232074149188,0.21790127876080395,0.1522032997914829,0.15859041421164496,0.09702876158254409,0.11741300391376608,0.23733293203007308,0.16920644441289998,0.11739511490807243,0.16366786993284396,0.12131154383701155,0.17553626537773248,0.23328477843487228,0.05557365239091222,0.03360322194645611,1.021737122713009,0.023583532202463658,0.08791130806550264,0.09031614146262061,0.30861762115421415,0.1934827389119168,0.11896927667825993,0.23888454602113127,0.17461027275181812,0.34596238551748604,0.19950625330901253,0.15640003440086647,0.3045538243056866,0.0828385315042402,0.21051033887474102,0.09819995640822062,-0.023967245215998554,0.45027666591046994,0.17827237544013935,0.36495864718738386,0.11531051885694887,-0.04515963023532908,0.0398074359202382,0.22437913317892205,0.15308000228650032,0.2807448641789713,0.008017965050789768,0.14689389934948574,0.061855228398969134,0.275945983752583,-0.16203978439722116,-0.024693829068789537,0.06359180447465711,0.17246415521754208,-0.018488715435386507,-0.011463426064021013,0.04400862612342776,0.023455124321793627,0.01599558307659357,0.023150446640174367,0.06570916165777324
0.2857531937533199,0.19827647335889967,0.20373131326240912,0.20478662237359985,0.21156580196740665,0.3271684568414841,0.193757900847376,0.2220904608766988,0.21313677266567865,0.13002920996639872,0.18067614429887055,0.19190340475262888,0.11394282497331096,0.23137747107767637,0.20008663115873368,0.20877441466981517,0.2034791276327535,0.1927572648803033,0.2679899549857067,0.023583532202463658,0.8024271778202872,0.23046171915343067,0.15400612596125124,0.2068661972176138,0.15387328842986467,0.32433988578596784,0.12209595744384283,0.15400999208924224,0.09471675431358148,0.14184623930247742,0.2561036013302126,0.1301593477670904,0.27641866246408203,0.09959791976383572,0.10580719721244262,0.2852671685165507,0.14904310766528858,0.3537226020186734,0.17656409934347234,0.12149961587067562,0.39865147137024354,0.22369485294383476,0.1943396675688793,0.20061729529716865,0.05704254690076899,0.13821590872071596,0.18670341394935824,0.03988188992438632,0.07733009111028695,0.09315470949473181,-0.16016918445112815,0.0346579928278645,0.06360984547471489,-0.006156062522709617,-0.1602255586593292,-0.007275844622749224,-0.15716760390719203,0.12693450669387288,0.2033283506070861,0.2384431854771628
0.29734713801205936,0.16379873474875542,0.2568474898273162,0.16944423902876063,0.21649440428427086,0.26908858783591877,0.249724993508729,0.17924970878481747,0.4070223214443176,0.1606095823380244,0.1744721883519198,0.20565749563089633,0.18622526448533452,0.21501830892779883,0.12050641403139498,0.35003390764288905,0.22750970473425752,0.17852142233909846,0.22015638116035466,0.08791130806550264,0.23046171915343067,0.6568701862014528,0.17413279009419064,0.22082187315170262,0.11454605802224166,0.18118602763948785,0.17563910365175409,0.15923887853178662,0.13450466519622037,0.0838592507840189,0.21178757267130804,0.1699366742938727,0.2628513136026823,0.1083524212169296,0.026597724657933617,0.23192857006938283,0.18857567940330908,0.3005124134442251,0.22803390063635928,0.027372750187358394,0.18155156925974877,0.12450341506042188,0.12813834646463057,0.21011185588696912,-0.03163672950146286,0.17264632003745614,0.13962174975575564,-0.09415902044087732,0.4348718763792645,0.005418913121901846,-0.10938373370866689,0.03987780606042548,0.11026188160376141,-0.03332566248323665,-0.12294462418876098,0.07465056959023106,-0.05319819384975692,0.07761292615390633,-0.03676000648734838,0.1524648400049044
0.2849520523358122,0.0854846051694948,0.07757615222415824,0.07125578093131568,0.07966923274584839,-0.0019634866923711847,0.18527529986638505,0.10880505124286718,0.14822851187660233,0.13886983705270428,0.1036231101142178,0.06746169627109169,0.12537563705377575,0.12647836187670336,0.21068398309724937,0.09778918972290256,0.11396310602951132,0.44218016141563177,-0.10577143679878213,0.09031614146262061,0.15400612596125124,0.17413279009419064,1.5112698148453558,0.7166802573618298,0.16849740530978286,-0.10675646359248707,0.11072323311258916,0.27419879039293776,0.3510280699478522,0.2590488569031619,0.09651918497085939,-0.02516064820924272,0.5464003817692258,0.2145810265841243,-0.020617689120226896,0.0540301241637162,0.47454117169620086,0.05095454222113555,0.362390312495267,0.03939553090863442,0.17404646073997873,0.11262328145030484,0.1690028817610117,0.15351765846274823,-0.2297681157485805,0.16481516791426506,0.36221441258012294,0.09406683412937426,0.3347761282276906,0.19392333909568077,-0.19666051449311017,0.07574051438740781,0.11251084035199722,-0.18688662329936837,0.025267152083236193,0.03514643365686805,-0.09853059671195163,-0.03298782712347959,0.18799993852840582,0.022964994069128872
-0.024460371507941513,0.033972104761649545,0.0944826688648846,0.14536681203820317,0.13134509661656915,0.22418578001063882,0.13662452422198135,0.06943563728588878,0.1863861944973684,0.11014890380836884,0.15025149389994177,0.14114663317151455,0.12835093163475794,0.17067736716772658,0.20556549721185818,0.19568244506929386,0.15276375309811926,0.178222378396621,0.11020345529930611,0.30861762115421415,0.2068661972176138,0.22082187315170262,0.7166802573618298,1.3886975188068391,0.33364904383177524,0.06756927582054979,0.33191369752567285,0.436715891707258,0.2961023557595092,0.39695595122929295,0.4009009583815603,0.1935939178463087,0.4132837803684632,0.2529998035738909,0.11701803819011744,0.38560414933784803,0.3727111929063672,0.2318182482681335,0.23180927780846927,0.041989713219049894,0.3058896295737001,0.2136568291795122,0.14845365766318258,0.16937372565871076,-0.10525630966991469,0.12174149520148875,0.29597246941919075,0.03604600859224411,0.20869754926006148,0.08573568571099713,-0.30082419709329106,0.13356821095886612,0.19768980191610544,-0.08408486517940192,-0.04817335463281509,0.10766701517034113,0.008852238120617981,-0.14017728738776145,0.1927411677620488,0.11416714719373319
0.4606331316760764,0.05194686189409726,0.052077445422074015,0.1558236080209169,0.2921735896435225,0.28922092958068274,0.2005024622911897,0.1417725217389173,0.10451417912824668,0.15062586626147964,0.14766637479236394,0.17445476178581293,0.10165232977159108,0.2071703948554848,0.06572224838563503,0.10890411546320916,0.20268218677407993,0.11909889268512776,0.2858220066863351,0.1934827389119168,0.15387328842986467,0.11454605802224166,0.16849740530978286,0.33364904383177524,1.777170655765078,0.1422999878292445,0.32196255985659034,0.2175402688039435,0.4469743932324785,0.42923573623914246,0.2877004145682179,0.24845320135917562,-0.011909716546364484,0.37651414950270035,0.42416017845458837,0.14480879851473136,0.12319573169277662,0.31599721547439924,0.2643371982302071,0.06755842469840381,0.1158693185046917,0.15236859942100112,0.40150439783775693,0.3615706664430466,0.313135198456006,0.019344678836911933,0.2930599596515774,-0.023225848224951863,-0.29488740174158684,-0.06169391027381016,-0.14849024907084346,0.053310831387323177,0.09322957281562223,0.10572975910582297,-0.02298942428974834,0.17675916168209554,0.06368993248845252,0.035538396510656135,-0.16820719556761415,0.1118142482223297
0.1424403638440344,0.16553098997025179,0.1746802897618801,0.1977828082975356,0.21018619562220836,0.2856017108128725,0.1757486020111059,0.2689569696959659,0.19901371445937047,0.1150218993562748,0.17398607063484173,0.18709868659044387,0.10606513916729293,0.19802590321146987,0.14354006147847334,0.18519065380807212,0.19251784161078578,0.16514966363615494,0.09567549092564161,0.11896927667825993,0.32433988578596784,0.18118602763948785,-0.10675646359248707,0.06756927582054979,0.1422999878292445,1.694364598554212,0.3902429089718301,0.3301508908813201,-0.1464617415877066,-0.15473726911868163,0.17119395700953416,0.36088495028754236,-0.00164505185862702,0.25155275633677265,0.3002627425775873,0.17183567103963465,-0.23538352708836494,0.1979973957929518,-0.423043735776165,0.049781034453816805,0.20237874898796987,0.18474155794044925,0.3991103646163599,0.0669881587768684,-0.09197816898848665,0.016862825409403145,0.010320738760436269,0.024364051661184,0.18421282546099013,0.5003881271074616,-0.5135629589089087,-0.10571543550310468,-0.09993786284507536,0.06388755446207232,-0.07167978749708338,-0.01877031642193282,-0.112739868096346,0.18133160705064927,0.07421376123630495,0.1313306467416895
0.0917599983785613,0.057226042804812374,0.10260145873110194,0.09060089761594199,0.15510502717187105,0.18632388122323687,0.1731495872504199,0.11104528208020349,0.1661681000791203,0.13880431874570132,0.14517165326433285,0.14452405647344133,0.05698331317848738,0.09564860787818841,0.027131016016268408,0.13910685576120294,0.13592105296248272,-0.13650586457258715,0.09444882912127435,0.23888454602113127,0.12209595744384283,0.17563910365175409,0.11072323311258916,0.33191369752567285,0.32196255985659034,0.3902429089718301,1.4458853186087093,0.46745472369980356,0.04116279624565771,0.4161027354170539,0.26122600193277745,0.20776128619757153,0.04400130038125178,0.19063860507286873,0.42624784183103986,0.2998619198697313,0.07520894321100646,0.26127811327034184,0.05826388783615378,0.0769225995355207,0.0822175535938985,0.2275794285798747,0.7853273190627286,0.4132307432264002,0.3900398248022335,-0.17385451986923992,0.15000098824474573,0.03979388488761823,0.17841942993406396,-0.03473877717652218,-0.41732799278581545,0.16378419917617193,0.17709703242817545,0.1682565941670611,0.019925356046238015,0.18665136952687636,0.1937614209716796,0.16157971726010603,-0.265512063182971,0.1946658965216131
0.02219373404078095,0.22672207919267304,0.18947597697566335,0.05431280076284401,0.0890686888538875,0.12809705735391735,0.043469161203267596,-0.13395276791194466,0.20321585852414137,0.15497662497064815,0.0698973966331736,-0.020871380658511688,0.038416246673947746,0.14858957388303326,0.31052927693284355,0.15201503291000884,0.2699410651798966,0.12309130260160307,0.08451481351698995,0.17461027275181812,0.15400999208924224,0.15923887853178662,0.27419879039293776,0.436715891707258,0.2175402688039435,0.3301508908813201,0.46745472369980356,4.0045717976286515,0.2862285677461899,0.03874898879803901,0.25142509984031297,0.35713129540366645,0.5612474284461393,0.2069088368192285,-0.0036841380191321217,0.11750387976660709,0.37274527258088547,0.10748689618804193,-0.05652633099300309,-0.015873086532818353,0.2701555113173333,0.2724539582903825,0.42465265632470356,0.024107631939438618,0.0630651634000682,-0.19989666142729257,0.11346850998140268,0.11842852113921847,0.3711237618234208,0.24171945266969722,-0.5575487243785757,0.45817946498399775,-0.08447396532073641,-0.04179541667150264,-0.005287573171819427,0.15930531563567563,-0.1544455736413994,0.11224744711796916,0.15889810913101785,0.07339419722582705
0.2728189144899501,0.31953795581279776,0.22715539422775086,0.13274444060149757,0.0852796412361847,0.21604653181941552,0.14026351195917788,0.11395461681287523,0.06628363123774264,0.19169373633141484,0.15001410351533948,0.1282266695381783,0.15333128139045654,0.183709019861542,0.21167931599607634,0.17895885920876559,0.21193307535544903,0.20142610602965702,-0.018128895579687162,0.34596238551748604,0.09471675431358148,0.13450466519622037,0.3510280699478522,0.2961023557595092,0.4469743932324785,-0.1464617415877066,0.04116279624565771,0.2862285677461899,2.0495808056030715,-0.04625234512864883,0.025565312990591532,0.3004405247578557,-0.05190873136107951,0.44162945352259214,0.049037510500308065,0.33687983665568694,-0.1608245964785216,-0.22818772823375047,0.307001114916242,0.10432970427741815,0.048566708495832375,-0.06282561020556719,-0.05660878813069089,-0.21450974015802066,-0.1454282448081504,0.15389842272765078,0.11039329679080521,-0.11605892590050201,0.3487760272266245,0.6399621482509091,-0.49042933838203473,-0.04605583323279364,-0.1908878950725627,0.05265042315404088,0.010379725190570586,0.03745587334452974,-0.26182146609390233,0.0637630101188604,0.10638354004145648,-0.059504889577564384
0.1941486810716691,-0.10766891914684801,-0.337989221325551,0.10553353115455634,0.26830259459698746,0.07459387563472261,0.03484227382413465,0.0071435786653361024,0.007479809084179066,0.10760270530283066,0.024972501504421683,0.043656239873282376,0.04870454054611663,0.0952779675902507,0.08721904765228003,0.0979639707129283,0.036307637775984905,-0.035799500100460804,0.15398782709472958,0.19950625330901253,0.14184623930247742,0.0838592507840189,0.2590488569031619,0.39695595122929295,0.42923573623914246,-0.15473726911868163,0.4161027354170539,0.03874898879803901,-0.04625234512864883,2.3063336092436026,0.26395218227387224,0.31665752208989023,0.11907620062914412,0.04681722490266136,0.7548343966688216,0.1488658099329506,0.5909242272878521,0.4475714866351224,0.37149929619054045,0.05862795762480625,0.2950555978307024,0.24969147851443038,0.8728619283391393,0.6370380445009,0.6559104334540973,0.02516353145903375,1.0715065073210186,0.018386191012335622,-0.5605205905090558,0.004171168865961518,-0.27033434256510824,-0.1447937138777369,0.15803870911722687,0.15992744937547368,0.12299290074983094,0.041313684324049915,-0.05243036243982473,0.18300266527688203,-0.16722785524177708,0.09361643385806917
0.21272740582496635,0.1272015400336618,0.18545380316716276,0.12444976802821146,0.1854408984090153,0.24557514904302674,0.1709940099360751,0.14578190885295392,0.20083130842872132,0.16646988375648625,0.16565413041985022,0.19093074163214566,0.1173800453155767,0.1861281478179743,0.16981661469758486,0.17942890195664507,0.18354299693502318,0.20792340486024954,0.22176861399711228,0.15640003440086647,0.2561036013302126,0.21178757267130804,0.09651918497085939,0.4009009583815603,0.2877004145682179,0.17119395700953416,0.26122600193277745,0.25142509984031297,0.025565312990591532,0.26395218227387224,0.6948891168401594,0.20087213229386652,0.13514495593599138,0.1287801158019702,0.19852184388659846,0.5293557086603474,0.33875515262218936,0.39656845798580437,0.22209464418815522,0.07149748777119236,0.4161685931990005,0.24234844255324153,0.10224382114769463,0.22534300963024118,0.10703682758382108,0.1691876162880061,0.24782673151082796,-0.008291384117716342,-0.18620940429383734,0.08379102307206666,-0.11050123099980419,0.09334283309974563,0.06461127489144532,-0.07335724239211408,-0.1301392069941006,0.12728031403521384,0.060859687736456974,-0.0010526298086860537,-0.08198629824458947,0.09987916594329514
0.17719111986133154,0.1690947208229206,0.1519573630536057,0.15831987404442982,0.19490967516207605,0.2546325489120438,0.19183295153840624,0.14683887476172658,0.17715053487596524,0.1527862776043915,0.17108725227659566,0.1868105184219284,0.11762145505506652,0.12024626729727107,0.07556004302902615,0.10763630409597841,0.10123873702082227,0.07488772767545221,0.22936944831477973,0.3045538243056866,0.1301593477670904,0.1699366742938727,-0.02516064820924272,0.1935939178463087,0.24845320135917562,0.36088495028754236,0.20776128619757153,0.35713129540366645,0.3004405247578557,0.31665752208989023,0.20087213229386652,2.9292247844438815,0.07214843919236565,0.5121801410825961,-0.2690602905659078,0.2656928410283727,-0.18936211734062233,0.2857827143900102,0.2563016044489668,-0.12652467246656646,0.07884589277223057,-0.08389056425391556,-0.018908479819154143,0.27736567806439205,0.11358401303591346,0.007738335595859194,0.23276146450548724,-0.05381407763608304,-0.20948181971719843,-0.22911650926129007,0.00041413239568898375,-0.02965706324273185,0.19827098126923434,-0.039020319569931836,-0.34169394081489124,0.044290759787687095,-0.028930690902238113,0.05557622171501513,-0.20783228275531787,0.041486967263048506
0.23762184828912614,0.21423227263777778,0.15006430165070422,0.1646441281386528,0.19238874825944102,0.19734578490562962,0.14837881825988006,0.11340720395293771,0.2655873449599836,0.09961103184101952,0.12864671223572932,0.15447140132125572,0.15202331296321736,0.17494254277565688,0.2241654343078605,0.169325618213922,0.26513451852192343,0.21175700369146788,0.2704932962607586,0.0828385315042402,0.27641866246408203,0.2628513136026823,0.5464003817692258,0.4132837803684632,-0.011909716546364484,-0.00164505185862702,0.04400130038125178,0.5612474284461393,-0.05190873136107951,0.11907620062914412,0.13514495593599138,0.07214843919236565,2.286214995920679,-0.1337237038741878,-0.6729853882328333,-0.13463891128298733,0.7528573098773179,0.33375887498962925,0.06600673021196338,-0.17430138948931329,0.01473101415919714,0.004305021117530318,0.33135506608588755,-0.025919641423768038,-0.35047531417352323,0.13766204564973267,0.18862606079479188,0.1922687250439863,0.20952540220240534,0.36976450342660927,-0.37708244844645233,0.2685107221216742,0.07691545738711769,-0.4177563774241413,0.021831411378559908,-0.08323888018072345,-0.2806962961699843,0.14410980594374245,0.33554319889557127,-0.002175781749928685
