2.796295161701531,0.31138713593934575,0.23948915634393078,0.1923473249056803,0.6463032482134328,0.033344679385833347,0.743863999609443,0.3650108017075874,0.15813190203265512,0.30135851572063477,0.21391944164805796,0.2642701075543885,0.21469561466284545,0.3296664408370643,0.25735307955374614,0.29944633007320776,0.09689890374447786,0.38613293352588884,0.23542946356663766,0.1477234358949322,0.27937436252069225,0.28564211364250913,0.28864606540721915,-0.030288947172902675,0.4477649487007718,0.12811077005794902,0.07244765744398206,-0.006398008221721455,0.2619077949234215,0.19339701349374464,0.19387534530015998,0.16270498580001674,0.23052775880907392,-0.057195704917031735,0.1278366406512801,0.06264920430185594,0.27289897325478957,0.35039333065564754,0.39057557892461336,0.03938280824858654,0.1504036463568018,-0.02230374175104464,0.19421187453210653,0.24488533483307884,0.14378127587731623,0.17394883239800524,0.301543231399043,-0.017837654509645355,0.06864986894686166,-0.005436797361146707,-0.08009352452239946,0.11751468264192583,0.04855526546636006,-0.013537149419213702,0.22761089422843056,0.030921357957094935,-0.24339195422979182,-0.005715776089928955,-0.18925804073353908,0.015351448922612858
0.31138713593934575,1.2693810672777344,0.7666252779487911,0.05163391442603132,0.008285925635256573,0.2721171624833187,0.13148759071802088,0.235582631198813,0.24902296212864594,0.252675101631659,0.21284394537407694,0.2033283582968739,0.18338009902530078,0.2302986939124824,0.3157710861937287,0.15908958248758426,0.24002729682816396,0.34710423526286394,0.12751654271978513,0.2514052286175753,0.21103620795631006,0.1891432886453808,0.08358472738088497,0.05845993033708482,0.07462462469330242,0.19349940437576535,0.0518327545970494,0.23702761172344883,0.3412671378781994,-0.09794495007955836,0.15240120623598544,0.19850816329164714,0.24534113098969582,0.16065949962882928,-0.035272271502424526,0.18676544841222517,0.3891066084479915,0.18438048477859723,0.13105335739231097,-0.045142511688549714,0.16023542296465548,0.1258250675973987,0.06498542088416817,0.11776724369113836,0.08552937286074272,0.22232589597969662,0.1327499802480486,-0.006166840260788749,-0.09579563895946783,0.014294450388555938,0.19089089577576737,0.01959021280199992,-0.11509352566568563,-0.15280392619631805,-0.322295444815614,-0.16634130164961375,-0.4238452828601853,0.2826828700049565,0.40475633833962904,0.09085281895164891
0.23948915634393078,0.7666252779487911,1.5917853566387523,0.011560477657578987,-0.2726269921604092,0.31880593014740993,0.16152330889597022,0.2834756694727194,0.37129056876000366,0.3013070564280668,0.2358022695042191,0.2344589281338942,0.18324052428464532,0.21212051059847967,0.25216742910457757,0.13971183116454636,0.23986848944790476,0.2921317163659759,0.10535785479794871,0.10555298361667909,0.21876881326654699,0.26196937404546583,0.09179218739650923,0.1045046715835313,0.05232853006267692,0.1979405197955315,0.06861365997887636,0.19399663682367396,0.25847965497542513,-0.3415835176601714,0.18262235204636634,0.14074193344433394,0.19137089974523655,0.13724517860909133,-0.1262907343621963,0.3151593660290519,0.20646342388634673,0.2034592041095402,0.07613033001464005,-0.1985553256255116,0.19370046001615182,0.14643457024808942,-0.04968059247779334,0.14116490445007587,0.00026484991645929837,0.35744864701165646,-0.005476079388257,-0.05705864213572281,-0.10332574721253507,0.0224311154398353,0.14065273764728378,0.058001330381421655,-0.09185336763383697,-0.17098103349762475,-0.006169310605090181,-0.041494706348024185,-0.10059636274969737,-0.1738507569556573,0.21437640241886002,0.12128421267828797
0.1923473249056803,0.05163391442603132,0.011560477657578987,1.2012538457724518,0.49263488414361734,0.23656825322043817,0.3149550497217779,0.16827420381728272,0.15393646257364155,0.07855292358834866,0.13155207177768113,0.16361785264973122,0.12215821267525807,0.19239594610421473,0.08655206285826424,0.18628025559581177,0.13729352478526766,0.08980697196163358,0.24164730135673665,0.09527271970117497,0.18079244357860597,0.1670151109338755,0.070840902190139,0.16077349219670956,0.16453665755931152,0.1770410357282092,0.0927125959677857,0.04658035538551053,0.1195603952044656,0.09420277128198738,0.13231182909238218,0.16086847125764572,0.140640105513277,0.18554626279540853,0.06959256207498063,0.09223822707179027,0.14945246378994836,0.12529857749785603,0.15122046655466487,0.018879636303795935,0.11847680651249425,0.08722061379636566,0.11663743968740033,0.1133653990372245,0.00761467942543057,0.02439577795918837,0.09847285273813981,0.007835224641758091,0.1095637530889117,0.027199658136314198,-0.10598677330345325,0.0038254514896675995,0.03654925858929645,-0.015276922886782627,0.016006351418615446,-0.010517120071177888,-0.20698137465797783,0.03681471650138053,0.17299285467209866,0.06853703644460411
0.6463032482134328,0.008285925635256573,-0.2726269921604092,0.49263488414361734,1.5507024369778348,0.12457585590383832,0.3172429239019698,0.11960421505367881,0.24665192009648032,0.12589183903525186,0.08894141347813501,0.15605627526429064,0.16681965585398437,0.18056362067708925,0.14997860205413652,0.19979695318352275,0.08527935692816521,0.09858578515140068,0.5399083473421556,0.047407291919342835,0.21464737783123558,0.220311240119657,0.09063280333154466,0.14987467667457682,0.26751285594548396,0.1981767629844564,0.09608727106529236,0.07615673839650758,0.09365347941244817,0.24353037781919748,0.17385708189331436,0.2146349286527223,0.21702609000326878,0.25664196513464327,0.1679667734253675,0.10071653584387491,0.2523172516514641,0.16281950935608153,0.2239134027664706,0.06484827762711545,0.18788650130271117,0.13261179628299516,0.149524720965221,0.1563738423584706,0.014258801854976763,-0.012418791681209743,0.1806575779851521,0.03020735802346723,0.13215632987552411,0.12704374160047016,-0.25684791818049524,-0.009378075538924004,0.10737778319009861,0.03915977210576636,-0.03220438236755865,0.018753960357480868,-0.3186763977966317,-0.060012025430722996,0.3194817203319254,0.06574428959677721
0.033344679385833347,0.2721171624833187,0.31880593014740993,0.23656825322043817,0.12457585590383832,1.0487758527184272,-0.09589610287067353,0.23083702336448028,0.27389935750838607,0.13710499083528477,0.253846412563817,0.29041510677326404,0.1610413364208176,0.35038042856740786,0.18423139083638296,0.27084979647161805,0.3331829217621003,0.12668678333127997,0.43569186686255457,0.19750565199068118,0.30687783270046126,0.26344039921104023,-0.016422176514607395,0.20818674713078195,0.28863725409154023,0.2870760774668875,0.16108708245170794,0.14147274140336008,0.24709858752799319,0.07158982363159629,0.2394788547940431,0.2388708505356002,0.18035548354201492,0.14296972548429324,0.019543080665853963,0.18349300041480324,0.26383289922342085,0.27667246859382105,0.1858538824656841,0.03440727401879945,0.19565626172278103,0.14957670514435742,0.18376624909449388,0.18847034434569987,0.10222475410568492,0.09389697687540767,0.10814833020683537,-0.007173786793365289,0.07074957232509742,0.1499758895370431,-0.1600522866375353,-0.033005294276314816,-0.05197164856002747,0.045405535006170734,-0.23038696657151925,0.03485967446198325,-0.08016076047342968,0.22913854377244067,0.11338723665979988,0.21062320372790305
0.743863999609443,0.13148759071802088,0.16152330889597022,0.3149550497217779,0.3172429239019698,-0.09589610287067353,1.0651756158258285,0.1860446518688026,0.22698514260404842,0.10757733266096069,0.21545772045566017,0.21395357646729654,0.14337795657811941,0.0936208148251215,-0.011929153086630433,0.2115425368269564,0.1272649701085734,0.231380063860592,0.08838770868508956,0.1518224839973636,0.18650975733314862,0.24408852436428183,0.20947319127419686,0.1385676432449239,0.2059135093537798,0.18074043721790067,0.17048860821840192,0.04073376059126653,0.1360701672342566,0.049445165483056365,0.16222908397522112,0.18402912562252563,0.16235105617422774,0.16790117645033617,0.011712122054342031,0.1261071305585656,0.1285344599273473,0.16509804533492742,0.2427576763006745,-0.001847747756597847,0.07878803431240453,0.04116414155036917,0.13507260371296195,0.15996917992587692,0.016533411267208368,0.10041923155652084,0.1470322618835874,-0.012461747793951886,0.23520744619211703,-0.11226835516549397,-0.026011583186285117,0.06442675627603107,0.11699818775502718,-0.12900840967857208,0.09957363062823461,0.1292781877135368,-0.05144428548325734,0.0052148230855936,-0.29610890827793485,0.035578388118093045
0.3650108017075874,0.235582631198813,0.2834756694727194,0.16827420381728272,0.11960421505367881,0.23083702336448028,0.1860446518688026,0.8226958688310588,0.09671675333324203,0.14368331961153097,0.2112254811205186,0.12603889934399476,0.199754426776924,0.27728068260605626,0.08489780148044701,0.1878721834746442,0.21541242595092933,0.23097329563041777,0.1455819220425573,0.1539698180413982,0.20077513873200722,0.16177694026873568,0.10624996592284837,0.06399475421943633,0.1421243395035945,0.25520623593671726,0.08348036513167337,-0.13761786092201514,0.13697151229049276,0.014800899590645827,0.1352167728614064,0.12821327280715572,0.10203599727364356,0.09721847370045085,0.05709241642321825,0.0731555603354523,0.1763567156117432,0.17147764574637278,0.2505187313685857,0.049577237820633564,0.1149019876520261,0.03633470469279001,0.10472716758720156,0.18736380014332624,0.05339435466938408,0.10101801983158035,0.13050974560767192,0.004185936102745907,0.10674318480528927,0.06501978881797037,0.021992269051460435,-0.05470201292233723,0.04858885343766704,-0.02185466239742924,-0.06130518200528605,-0.09512885226497433,0.026014603916993857,0.1331251147056695,0.08063046669827578,0.09820263149726312
0.15813190203265512,0.24902296212864594,0.37129056876000366,0.15393646257364155,0.24665192009648032,0.27389935750838607,0.22698514260404842,0.09671675333324203,0.793904774230826,0.17364658291855065,0.1404128867755308,0.17778219892815905,0.16290972817089933,0.18599818401660814,0.12455399910519338,0.15635843148886766,0.2047959078815464,0.20245458280136408,0.24687201352785676,0.08664785587073887,0.21191212068754348,0.4091539626950554,0.15041065298458173,0.1808171259777344,0.1051386901064883,0.21682083643049915,0.13802252463163925,0.19947962663265453,0.08969275171018491,0.013991992075610037,0.1911644847186563,0.1791948042991964,0.26988965875837484,0.10861650665481223,-0.03971984348943604,0.171004120814436,0.17740457670308835,0.220391032393333,0.20315870483693785,-0.028548798760214718,0.11920014762356959,0.09368047237302307,0.09122673576456826,0.18355835366526707,-0.02307677446007757,0.1448788261764136,0.11628246351349428,-0.039861462199305565,0.33482847892150325,-0.06971351780055783,-0.010067041716388121,0.029123345917477422,0.05532675210556256,-0.05876240286336461,-0.09167552761247419,0.1132881440684559,-0.07557792268165729,0.016721537287517588,-0.0023495250903051022,0.2070794435764811
0.30135851572063477,0.252675101631659,0.3013070564280668,0.07855292358834866,0.12589183903525186,0.13710499083528477,0.10757733266096069,0.14368331961153097,0.17364658291855065,0.6175357359387579,0.18629154317556704,0.1908035331294441,0.15110242437653,0.1580336767153869,0.1861666836602211,0.14725770613708297,0.1938273200062417,0.244568078188865,0.12819224008169222,0.1247160457396174,0.13014025278476232,0.16720565009111482,0.14247710022161617,0.11451025990185715,0.15909998558467406,0.11738298409401343,0.1445222052186209,0.15849576577443134,0.18612002891536264,0.10899287288989505,0.17195235238511736,0.16189812054938882,0.11537757239296788,0.24162366955970485,0.12413985299535563,0.1749236793385439,0.22056117408344886,0.1395825937700839,0.19697996503644705,0.01914975958267631,0.19762919527637693,0.10409760919878644,0.09965367338871042,0.13862883991845518,0.030071925256521623,0.1470301297766619,0.203413324205577,-0.0012729439641928244,0.037859744713509946,-0.025951111121903372,0.009877522947148259,0.07147286392838449,0.020784913079784768,-0.08062895392954667,0.013278384828221315,0.0001100373956439964,-0.08505097171299479,-0.05900660728456369,0.08216384253721921,0.05981215241014761
0.21391944164805796,0.21284394537407694,0.2358022695042191,0.13155207177768113,0.08894141347813501,0.253846412563817,0.21545772045566017,0.2112254811205186,0.1404128867755308,0.18629154317556704,0.5988277959780052,0.27169666950813853,0.15228455009384043,0.18945018741972272,0.16401975662576543,0.211931562268365,0.25251555029988687,0.1772619456733993,0.13110555504008556,0.2338884329282377,0.1671167983196439,0.16778268568392826,0.10555644972415149,0.14531245578901006,0.1485788528213426,0.18218067251970468,0.1337820549458483,0.06538518149963272,0.15805987701686314,0.034741435615576126,0.15963845080060202,0.1669069911712334,0.13796475726277946,0.13302352367971607,0.047952500525551445,0.09217931952456024,0.18096464917235922,0.15417941534306714,0.24057513232755853,0.044713681684949096,0.06596471741804046,0.06071934137287344,0.11292908287824971,0.1331197881563087,0.08554561959588326,0.10282970940815639,0.11845971669976879,0.0058314649694051575,0.13058360337857022,-0.021509247975413044,-0.0030609419759763832,-0.0012322067901325015,0.13611730261302446,-0.04837811678144196,-0.06059771571153525,0.02787453647793831,-0.025271209423056613,0.08012244229515789,-0.05712843768810924,0.10541014676433995
0.2642701075543885,0.2033283582968739,0.2344589281338942,0.16361785264973122,0.15605627526429064,0.29041510677326404,0.21395357646729654,0.12603889934399476,0.17778219892815905,0.1908035331294441,0.27169666950813853,0.5311091086684779,0.15257563499181498,0.20404769516743837,0.19071438468969976,0.2525173246599757,0.20159475437512012,0.14826372849365355,0.2108804775279749,0.16480648830700045,0.17633785117137174,0.20121528280754322,0.05507865501262389,0.12412921056356736,0.18053414118123773,0.18288481066005507,0.14178885491505602,-0.028937610075998262,0.11627195236205323,0.04826137015412957,0.18436950513504927,0.18719339440128815,0.14235579486346073,0.12918515403900607,0.06867415775791579,0.1685462658579404,0.09538296395531243,0.1858198125447038,0.20558593261413857,0.04989575794628322,0.05873616247207372,0.07239635370166114,0.10638870969516291,0.15561396653270643,0.1251801324576099,0.10182792570105346,0.11333339550159008,-0.016841706220981693,0.034476669688512505,-0.13683261398538932,0.04952730034970518,0.10255609277325804,-0.006238196938472397,-0.03216778412910021,-0.12060738526350227,0.08577010626226292,-0.056920708274353866,0.1251316961695485,-0.19938842215407265,0.07920249048506366
0.21469561466284545,0.18338009902530078,0.18324052428464532,0.12215821267525807,0.16681965585398437,0.1610413364208176,0.14337795657811941,0.199754426776924,0.16290972817089933,0.15110242437653,0.15228455009384043,0.15257563499181498,0.3611092148225933,0.13831469804236093,0.09881200842154494,0.1678397984287647,0.14682114764471613,0.14783720046364565,0.13363549164560093,0.11915544231640277,0.1071723396675279,0.1854390392423119,0.12026368450497163,0.12764884203752752,0.10615828801503942,0.1088297318739633,0.05816171419040539,0.03556010828712676,0.15949755012335073,0.05658655535119633,0.11446440488546393,0.11701749248257032,0.14740624189206253,0.12506357415481834,0.08282430218160532,0.08786618648994567,0.16854555347051187,0.11094465140521176,0.17682494256785153,0.01407368760112929,0.09474436054826711,0.0630745240720674,0.06934335019899743,0.1448554201229787,0.0037682307957911288,0.09720811979051926,0.1085468287427201,-0.00752526596680991,0.09168449650869581,0.0629014248108017,-0.021748405203862505,-0.017407195618888188,0.01998235359370139,-0.029479971331150785,-0.022902985020416676,-0.027278902558035452,-0.09450000316326782,-0.014049924935920197,0.11253286008376476,0.04332391964190383
0.3296664408370643,0.2302986939124824,0.21212051059847967,0.19239594610421473,0.18056362067708925,0.35038042856740786,0.0936208148251215,0.27728068260605626,0.18599818401660814,0.1580336767153869,0.18945018741972272,0.20404769516743837,0.13831469804236093,0.48938408461540567,0.309436766084784,0.2795383720911304,0.23289998462297942,0.18352582609517654,0.20981960582041,0.15545193167391447,0.21721969781503367,0.20882318733571806,0.11984882191049313,0.16341460935012117,0.20433987763580533,0.19329728322406087,0.07052620985515752,0.14879462954299508,0.20188973397657362,0.09293867234999426,0.18094223242379726,0.11286924925762096,0.17340344316740403,0.10234299194106365,0.0674619614431023,0.12072194460433422,0.2760443258899181,0.19915156473385415,0.1682278454386959,0.04313664897123981,0.20212714102504103,0.10443690597446012,0.1426585200063289,0.13783243096605288,0.04902614664964466,0.10183885786526747,0.14976236485908928,0.007814937459189843,0.14455108542202813,0.11410869779429995,-0.041299672689705205,0.014463035320925053,-0.0484901294703207,-0.017316117325348122,-0.14158020814815037,0.030754697975570226,-0.15347252585494697,0.1758788396556724,0.11875661118133127,0.12364302057381346
0.25735307955374614,0.3157710861937287,0.25216742910457757,0.08655206285826424,0.14997860205413652,0.18423139083638296,-0.011929153086630433,0.08489780148044701,0.12455399910519338,0.1861666836602211,0.16401975662576543,0.19071438468969976,0.09881200842154494,0.309436766084784,0.8204851660044014,0.20970303083003328,0.1847028235402849,0.2566043172762951,0.13824549579860868,0.12916822223201221,0.20335160444296796,0.12742560258973135,0.21814919994619622,0.2159551109949351,0.06972104752866623,0.13731129629824068,0.012288184625861356,0.3235627438117891,0.22032863850864737,0.08656943053876821,0.1743338645531571,0.08232385940291698,0.2547171914027194,0.12497850503981141,0.04333525210841314,0.127362044912354,0.3404351245610649,0.15067290770733788,0.11055571542272753,0.00692372329973449,0.21720745253811963,0.1397279225693808,0.14161393297371094,0.03316002318107772,-0.0032168659387975624,0.14697984442945253,0.1817621507240428,0.030718293072974478,0.047966847882051904,0.21772228945328004,-0.08922849118154053,0.14281769415077997,-0.15216906958249046,-0.14008042823836725,-0.08579699677642474,0.06608569017024053,-0.3415624107532814,0.1438373692261883,0.1705849319642684,0.04971845845592095
0.29944633007320776,0.15908958248758426,0.13971183116454636,0.18628025559581177,0.19979695318352275,0.27084979647161805,0.2115425368269564,0.1878721834746442,0.15635843148886766,0.14725770613708297,0.211931562268365,0.2525173246599757,0.1678397984287647,0.2795383720911304,0.20970303083003328,0.6489814175587092,0.22651765730365234,0.15629556131436875,0.18066655490154837,0.16612973907954007,0.19147728901385022,0.3439595732696115,0.09391619893045254,0.18647541530566475,0.11267812574903514,0.18480636394308078,0.13084860998034406,0.15656519264200747,0.19168136416738785,0.10208322502529943,0.17547328393883282,0.09899706196039046,0.15786554170107486,0.1268635822784085,0.13102211609918296,0.12006707862411055,0.21115921491554904,0.20919816654386617,0.19173548760586542,0.08240271070144849,0.1364323155452256,0.10393410314848071,0.20050078212073813,0.14070823741631502,0.07805708827008083,0.07651820057368552,0.14152867281819964,-0.02777238490676885,0.2631385904580339,0.04000040990947994,-0.08857014533699771,0.04613125075756016,0.0034836097496256935,0.003704002362947007,-0.10104868625183659,0.09166486425138079,-0.1403690954911325,0.16519033030172572,-0.03129206762266707,0.11275491505519185
0.09689890374447786,0.24002729682816396,0.23986848944790476,0.13729352478526766,0.08527935692816521,0.3331829217621003,0.1272649701085734,0.21541242595092933,0.2047959078815464,0.1938273200062417,0.25251555029988687,0.20159475437512012,0.14682114764471613,0.23289998462297942,0.1847028235402849,0.22651765730365234,0.6983904799275223,0.18621938213510864,0.17748760064079133,0.23369641069643526,0.18506287277906205,0.22345337231280693,0.11434464885481382,0.15076065003020195,0.21382301059543754,0.17936811363951213,0.13165217884390373,0.2719793698585255,0.21972938810379697,0.04672839029732718,0.18150198444018892,0.10243808045903263,0.25460607756950243,0.14771702193275174,0.031224615803623762,0.09818245801218128,0.34364793196477156,0.18589638740040637,0.19892470368447585,0.044055085874481995,0.14663546885803086,0.09746781589517813,0.18593549168391676,0.13340966235943658,0.09700518393107246,0.10591228518458944,0.13820106369227625,0.01142149354832016,0.15224722111668165,0.06378250213867172,0.016840744584690093,-0.07661871082760197,0.05363110825801855,-0.07342525249692741,-0.08509033210062178,0.015933010094868014,-0.07727675042016822,0.1476022637138058,0.08411434792036225,0.08915991914320452
0.38613293352588884,0.34710423526286394,0.2921317163659759,0.08980697196163358,0.09858578515140068,0.12668678333127997,0.231380063860592,0.23097329563041777,0.20245458280136408,0.244568078188865,0.1772619456733993,0.14826372849365355,0.14783720046364565,0.18352582609517654,0.2566043172762951,0.15629556131436875,0.18621938213510864,0.7168515670113572,0.08175078710132976,0.06119527047586225,0.18562116640446114,0.1803991676678053,0.450698433009989,0.16505896639197015,0.14863126883720967,0.1673952815415318,-0.11725723632224781,0.1322011919004888,0.21626284269948784,-0.003336601606221733,0.21330259834910856,0.062116320773464816,0.22010825121709177,0.17083505499315024,-0.03128505198328549,0.11359561879971977,0.38190134326147784,0.14739483805115502,0.19845716512030923,0.03335516527919018,0.22031590099582046,0.13385610787776897,0.11165228009642207,0.06516642201013509,-0.011499997185803868,0.2551027175068581,0.3579004187235353,0.00890113331973478,0.05394803104689993,0.12334706614915263,0.1840088230535369,-0.05137605347574596,-0.11163126273883155,-0.2519297823661083,-0.07454244628530762,0.06334939916536929,-0.05994008320018968,0.23597027805394713,-0.2158597174511516,-0.00010170420503826125
0.23542946356663766,0.12751654271978513,0.10535785479794871,0.24164730135673665,0.5399083473421556,0.43569186686255457,0.08838770868508956,0.1455819220425573,0.24687201352785676,0.12819224008169222,0.13110555504008556,0.2108804775279749,0.13363549164560093,0.20981960582041,0.13824549579860868,0.18066655490154837,0.17748760064079133,0.08175078710132976,0.97552558186063,0.03214557730328833,0.26421779104545395,0.2184086021831372,-0.10952414483236009,0.10714233887279541,0.2957209810683043,0.09962438773530052,0.07588205883533065,0.08334279745152459,0.0051028755996653,0.16284523297985765,0.21676266998232174,0.22742332168713003,0.27287489686752003,0.13034680008385963,0.01978594090466891,0.14344998836316236,0.17286733911562444,0.2902059240834741,0.2770929995996232,0.049583749626882806,0.2189566916833951,0.1065552853885945,0.14405716198509008,0.20405373427914178,0.13391581762784727,0.08173336895857386,0.12968492612198207,0.032566261995460824,-0.04011314745302752,0.00536718669819968,0.05094405794680561,0.2043145908982746,-0.13493505740988881,-0.04603293280284563,-0.1399285602493086,0.03885383921387472,-0.11920991977561024,0.1157314465658303,0.049469431899327024,0.10767310656355211
0.1477234358949322,0.2514052286175753,0.10555298361667909,0.09527271970117497,0.047407291919342835,0.19750565199068118,0.1518224839973636,0.1539698180413982,0.08664785587073887,0.1247160457396174,0.2338884329282377,0.16480648830700045,0.11915544231640277,0.15545193167391447,0.12916822223201221,0.16612973907954007,0.23369641069643526,0.06119527047586225,0.03214557730328833,1.014819658054537,0.012101364390813616,0.07640322201630549,0.0933379690962159,0.2994352656309855,0.18284701764117522,0.11733595630366553,0.20874892355220437,0.16836645575993137,0.3500867089529053,0.19682098184771038,0.14652146124218382,0.30518896801746487,0.09728638387964075,0.21398233209253711,0.09637591698501549,-0.028229666311971824,0.4634894814964173,0.1578214294432592,0.36230215438438795,0.096149571267677,-0.04770825930213058,0.036937466698184984,0.20770240231794507,0.12991320959730876,0.2569947776529674,0.027590905264134376,0.1477451608153008,0.06407916466272312,0.2616196571742627,-0.08537874851247428,-0.017410419257632297,0.10107430849036571,0.11378520426899134,-0.060146422729547566,-0.00018360011163028506,0.024389756408862588,-0.035280469384358575,0.012262865653056199,0.05253495612346328,0.027776513785234352
0.27937436252069225,0.21103620795631006,0.21876881326654699,0.18079244357860597,0.21464737783123558,0.30687783270046126,0.18650975733314862,0.20077513873200722,0.21191212068754348,0.13014025278476232,0.1671167983196439,0.17633785117137174,0.1071723396675279,0.21721969781503367,0.20335160444296796,0.19147728901385022,0.18506287277906205,0.18562116640446114,0.26421779104545395,0.012101364390813616,0.7743389161463236,0.2210678036828669,0.1397658436250577,0.1936275026284284,0.16112679474459302,0.3179225234394744,0.10649357739000882,0.15248984905061827,0.11562536137400632,0.13884804632379522,0.2510288247198258,0.1134624128139191,0.251410357980512,0.09938233560046877,0.13733954092980077,0.27752286895274475,0.14651182335368926,0.3275127944931147,0.17621933736157203,0.09143065343437207,0.3885976297211512,0.2387513147231344,0.19260984235296055,0.17235795788631156,0.09707226144320902,0.1322998185280445,0.18201738215284455,0.028422231072429877,0.06270394124097818,0.17470058297789434,-0.1496451181468159,0.05659945332414731,-0.0464677549438924,-0.005311568875543158,-0.10668940222014356,0.01249341547810648,-0.11307938361188441,0.09083337258902593,0.10844231401643836,0.22264008483074627
0.28564211364250913,0.1891432886453808,0.26196937404546583,0.1670151109338755,0.220311240119657,0.26344039921104023,0.24408852436428183,0.16177694026873568,0.4091539626950554,0.16720565009111482,0.16778268568392826,0.20121528280754322,0.1854390392423119,0.20882318733571806,0.12742560258973135,0.3439595732696115,0.22345337231280693,0.1803991676678053,0.2184086021831372,0.07640322201630549,0.2210678036828669,0.6543692065979463,0.16963734447847123,0.21016684431745306,0.11554674259195383,0.193266435813111,0.15858774858921726,0.1598180046859997,0.1534991929171541,0.08839634755480283,0.2048199282554173,0.16706244069611642,0.25751551191627003,0.1195737454201359,0.03203023648745137,0.2255377609465582,0.18499566064142892,0.28411923437520237,0.21435095979128038,0.019706987281092454,0.17098985693481356,0.13239555724518964,0.13462983242152418,0.2184024535906934,-0.013013993293951448,0.16230067308989043,0.14322986463397674,-0.09981457291438692,0.43170127088549565,0.04497413919206803,-0.07700277897172111,-0.010645180671078848,0.034584287378430584,-0.022505504988274527,-0.11385867812195333,0.0864626040507093,-0.06340075763837676,0.07976415223513467,-0.05558151359437924,0.15436611328627758
0.28864606540721915,0.08358472738088497,0.09179218739650923,0.070840902190139,0.09063280333154466,-0.016422176514607395,0.20947319127419686,0.10624996592284837,0.15041065298458173,0.14247710022161617,0.10555644972415149,0.05507865501262389,0.12026368450497163,0.11984882191049313,0.21814919994619622,0.09391619893045254,0.11434464885481382,0.450698433009989,-0.10952414483236009,0.0933379690962159,0.1397658436250577,0.16963734447847123,1.5160178369677813,0.7147510260075585,0.1784868642948685,-0.11006902559050703,0.09767385832366733,0.2801728222014385,0.36877784199851554,0.26584246671665374,0.09295748516439996,-0.02015886389121601,0.5493090815217905,0.2402483254973507,-0.02008039902188148,0.04819811984822605,0.4742623405748171,0.011003956505916424,0.36881264191193686,0.0012628530655678016,0.15775089407265896,0.11198476810543202,0.1502390238519884,0.1592941580958727,-0.2605933478143218,0.1578555366489442,0.3697633409059205,0.08566509823423066,0.35434660176449617,0.1673221135255737,-0.17441795806511465,0.03503428851295568,0.0911533497246135,-0.21711095329450156,0.10831737683171326,0.048994462094146825,-0.14569655445545193,-0.09556497414278883,0.22718034387852806,0.01653234917006395
-0.030288947172902675,0.05845993033708482,0.1045046715835313,0.16077349219670956,0.14987467667457682,0.20818674713078195,0.1385676432449239,0.06399475421943633,0.1808171259777344,0.11451025990185715,0.14531245578901006,0.12412921056356736,0.12764884203752752,0.16341460935012117,0.2159551109949351,0.18647541530566475,0.15076065003020195,0.16505896639197015,0.10714233887279541,0.2994352656309855,0.1936275026284284,0.21016684431745306,0.7147510260075585,1.3876075996083537,0.3259794014436788,0.07566916615531363,0.29559653489591853,0.44469603294598553,0.32138274620622986,0.38829113789563613,0.3839833422359552,0.19887157638946631,0.4144773682187186,0.2746806702793632,0.1272688461074303,0.3765274992779911,0.3656309753515166,0.17958139515107685,0.2224441553134675,0.0099380117809549,0.28688657819749314,0.2046458334652781,0.10575566667824372,0.1614167697844959,-0.1492515324215465,0.11245809107060252,0.28474398886116903,0.029276477874592033,0.21588112411521074,0.10608707927548187,-0.2927528336082641,0.12098369216776239,0.14069740513956813,-0.07628916543801656,0.00813365751504467,0.09336771832443513,-0.058897337632485704,-0.23758399186945026,0.32982358167541015,0.10386455025687222
0.4477649487007718,0.07462462469330242,0.05232853006267692,0.16453665755931152,0.26751285594548396,0.28863725409154023,0.2059135093537798,0.1421243395035945,0.1051386901064883,0.15909998558467406,0.1485788528213426,0.18053414118123773,0.10615828801503942,0.20433987763580533,0.06972104752866623,0.11267812574903514,0.21382301059543754,0.14863126883720967,0.2957209810683043,0.18284701764117522,0.16112679474459302,0.11554674259195383,0.1784868642948685,0.3259794014436788,1.7623482982872518,0.14737822362447955,0.3052751158479455,0.22401878148696763,0.43315768164963137,0.4161230911888218,0.2879840830670686,0.24532790344398744,0.019762514391152765,0.3756350844075922,0.3849851359150469,0.14735266442309952,0.12919998136611013,0.3208847506723534,0.25984034149766866,0.07129901495313624,0.11658780602917147,0.1489359129489339,0.41904931358250114,0.3464790636081945,0.27651710246929917,0.06180117877434052,0.301061299466933,-0.016662176630321508,-0.28888784936609774,-0.04574989520663318,-0.10670226020023868,0.12071067268748473,0.04099163788917643,0.023714920061979332,-0.03371254834262387,0.1642177189831631,0.07639860822270204,0.0731803291069127,-0.1922342167958357,0.10179245756234925
0.12811077005794902,0.19349940437576535,0.1979405197955315,0.1770410357282092,0.1981767629844564,0.2870760774668875,0.18074043721790067,0.25520623593671726,0.21682083643049915,0.11738298409401343,0.18218067251970468,0.18288481066005507,0.1088297318739633,0.19329728322406087,0.13731129629824068,0.18480636394308078,0.17936811363951213,0.1673952815415318,0.09962438773530052,0.11733595630366553,0.3179225234394744,0.193266435813111,-0.11006902559050703,0.07566916615531363,0.14737822362447955,1.6639581963571042,0.38604127516277126,0.330838843342602,-0.15659289813059246,-0.17180539358451657,0.17977815307304232,0.38490264778658034,-0.02464390655564442,0.25990751477617113,0.30348820708302493,0.2106273083493058,-0.2862022250335808,0.20267355783803376,-0.4044172029289676,0.04632377790597671,0.20334459185992743,0.18879112699859912,0.36568193927246884,0.04343685754299076,-0.05664444585085962,0.025443332701604877,0.003169610449332018,0.00741240754780526,0.17584703429967033,0.3666637604921621,-0.4549993635686226,-0.06940840142262593,-0.029313345403786637,0.06836370607843432,-0.1727591980366009,0.019284701907257215,-0.05376681084520394,0.20527444713687426,-0.05873282258491402,0.15471014974538874
0.07244765744398206,0.0518327545970494,0.06861365997887636,0.0927125959677857,0.09608727106529236,0.16108708245170794,0.17048860821840192,0.08348036513167337,0.13802252463163925,0.1445222052186209,0.1337820549458483,0.14178885491505602,0.05816171419040539,0.07052620985515752,0.012288184625861356,0.13084860998034406,0.13165217884390373,-0.11725723632224781,0.07588205883533065,0.20874892355220437,0.10649357739000882,0.15858774858921726,0.09767385832366733,0.29559653489591853,0.3052751158479455,0.38604127516277126,1.4374827037788482,0.46770964359032385,0.03395670353937664,0.42447355429929473,0.24462457140369284,0.20381718447477412,0.015414611119453522,0.18654557714680417,0.45452638096239756,0.2911570538277744,0.04614112858908382,0.23696945896716237,0.03530446626847304,0.07709237807129198,0.05647924187769334,0.2278164665592791,0.8088036354264136,0.3785807415159523,0.41543872304217666,-0.14436418730597694,0.16288157471908155,0.03695462131242232,0.14236418643943205,-0.0719782378719459,-0.3690755444408717,0.18489250994594378,0.13640058698055477,0.15511623130701585,-0.005098450568090586,0.1925234274348798,0.20885065218048965,0.25659210192315746,-0.4428596421618753,0.14704936176335437
-0.006398008221721455,0.23702761172344883,0.19399663682367396,0.04658035538551053,0.07615673839650758,0.14147274140336008,0.04073376059126653,-0.13761786092201514,0.19947962663265453,0.15849576577443134,0.06538518149963272,-0.028937610075998262,0.03556010828712676,0.14879462954299508,0.3235627438117891,0.15656519264200747,0.2719793698585255,0.1322011919004888,0.08334279745152459,0.16836645575993137,0.15248984905061827,0.1598180046859997,0.2801728222014385,0.44469603294598553,0.22401878148696763,0.330838843342602,0.46770964359032385,4.0196243961072575,0.2950901564804211,0.05510987233736033,0.25241046305698434,0.36208379546888575,0.5637558942735641,0.22436260353853527,0.0075556650611601495,0.11682640932353738,0.3678979905151493,0.07909450509891405,-0.055786457484422756,-0.04135174234614819,0.2529932063942702,0.2785874199163305,0.4369947580831572,0.029561528956721317,0.038208276177880786,-0.19012313559697158,0.12633202335555652,0.10914183388589163,0.3861121248183725,0.1381658211880684,-0.5448035981264215,0.4332537688134015,-0.07526697292429954,-0.034434746836974464,-0.04248137728027584,0.15648220224870885,-0.11562860223523982,0.15342286193590057,0.14007642051335803,0.11373117109045727
0.2619077949234215,0.3412671378781994,0.25847965497542513,0.1195603952044656,0.09365347941244817,0.24709858752799319,0.1360701672342566,0.13697151229049276,0.08969275171018491,0.18612002891536264,0.15805987701686314,0.11627195236205323,0.15949755012335073,0.20188973397657362,0.22032863850864737,0.19168136416738785,0.21972938810379697,0.21626284269948784,0.0051028755996653,0.3500867089529053,0.11562536137400632,0.1534991929171541,0.36877784199851554,0.32138274620622986,0.43315768164963137,-0.15659289813059246,0.03395670353937664,0.2950901564804211,2.0334945230347965,-0.0738768975320364,0.038891510977211205,0.28561081490428697,-0.024263030479195775,0.4392667996676153,0.0037392040177402744,0.3458066478687408,-0.14344125278928108,-0.2240737174747683,0.3262098000420168,0.10798641820989323,0.07431185932358898,-0.05652125546973441,-0.04613346602767143,-0.20923808256386475,-0.18065696784227656,0.16288093567892326,0.1034040197319457,-0.11469087483292506,0.3679097349377841,0.5615570873669048,-0.4363052783626046,-0.04764291716319401,-0.20254830055858147,0.02980341721319329,0.053539205450070064,0.01643323969855292,-0.28131708506152403,0.03455463188577204,0.23920286779962177,-0.022322884939482382
0.19339701349374464,-0.09794495007955836,-0.3415835176601714,0.09420277128198738,0.24353037781919748,0.07158982363159629,0.049445165483056365,0.014800899590645827,0.013991992075610037,0.10899287288989505,0.034741435615576126,0.04826137015412957,0.05658655535119633,0.09293867234999426,0.08656943053876821,0.10208322502529943,0.04672839029732718,-0.003336601606221733,0.16284523297985765,0.19682098184771038,0.13884804632379522,0.08839634755480283,0.26584246671665374,0.38829113789563613,0.4161230911888218,-0.17180539358451657,0.42447355429929473,0.05510987233736033,-0.0738768975320364,2.297426879750442,0.27268768637193835,0.3360199048192152,0.1367937964331254,0.04773936441364843,0.7139952385560879,0.1759523270922664,0.5850158719138248,0.46472454358328374,0.3848826749927567,0.07244756678804197,0.29807104327214273,0.24007367553428302,0.8683927794858622,0.6188809232877248,0.6318559147690962,0.05817236248859742,1.0822938139508724,0.020148418750429102,-0.5693826673171694,-0.10041523188632513,-0.24235732573867005,-0.03596352473251573,0.2075004692094172,0.08975766455488084,0.025535951583739374,0.04359089121212154,-0.026711546025080045,0.2978366957658468,-0.2568346547842797,0.08501430213845901
0.19387534530015998,0.15240120623598544,0.18262235204636634,0.13231182909238218,0.17385708189331436,0.2394788547940431,0.16222908397522112,0.1352167728614064,0.1911644847186563,0.17195235238511736,0.15963845080060202,0.18436950513504927,0.11446440488546393,0.18094223242379726,0.1743338645531571,0.17547328393883282,0.18150198444018892,0.21330259834910856,0.21676266998232174,0.14652146124218382,0.2510288247198258,0.2048199282554173,0.09295748516439996,0.3839833422359552,0.2879840830670686,0.17977815307304232,0.24462457140369284,0.25241046305698434,0.038891510977211205,0.27268768637193835,0.6838031387707825,0.19198294626874585,0.13753093788618354,0.13516195815758617,0.19924130957371278,0.5171221031703451,0.33544871615030036,0.38548198645010817,0.20705559659475312,0.06306701759098045,0.4036368578101208,0.24589396611815276,0.11934858660038002,0.23473726881570794,0.11532671478094945,0.16473371446773005,0.25453001974325395,-0.010052776765090914,-0.18877769112223614,0.11905705617647075,-0.08646431285598716,0.07809775410865133,-0.00656440640560399,-0.08428200659746601,-0.1199268943050651,0.11947443574996947,0.051731600012469195,0.02444878005232102,-0.09555951273476677,0.08740923154488253
0.16270498580001674,0.19850816329164714,0.14074193344433394,0.16086847125764572,0.2146349286527223,0.2388708505356002,0.18402912562252563,0.12821327280715572,0.1791948042991964,0.16189812054938882,0.1669069911712334,0.18719339440128815,0.11701749248257032,0.11286924925762096,0.08232385940291698,0.09899706196039046,0.10243808045903263,0.062116320773464816,0.22742332168713003,0.30518896801746487,0.1134624128139191,0.16706244069611642,-0.02015886389121601,0.19887157638946631,0.24532790344398744,0.38490264778658034,0.20381718447477412,0.36208379546888575,0.28561081490428697,0.3360199048192152,0.19198294626874585,2.93165455921654,0.10083340312252781,0.5147995157356546,-0.3093672405884733,0.2521744084495947,-0.19208061911252855,0.286666438201066,0.23482967941594546,-0.11738085358707367,0.06937473432546906,-0.08256482809243165,0.032807961635021345,0.29439628828070535,0.1190498909380333,-0.0006869180962567352,0.2355703936804083,-0.049271457003996544,-0.21482862724249155,-0.21064896880620296,4.586661702285538e-5,-0.03488922097850112,0.1928578543093793,-0.043314468074233,-0.32120382013133386,0.04237410323783923,-0.03680644911259904,0.09698149712717995,-0.2287727611975059,0.03242212136073956
0.23052775880907392,0.24534113098969582,0.19137089974523655,0.140640105513277,0.21702609000326878,0.18035548354201492,0.16235105617422774,0.10203599727364356,0.26988965875837484,0.11537757239296788,0.13796475726277946,0.14235579486346073,0.14740624189206253,0.17340344316740403,0.2547171914027194,0.15786554170107486,0.25460607756950243,0.22010825121709177,0.27287489686752003,0.09728638387964075,0.251410357980512,0.25751551191627003,0.5493090815217905,0.4144773682187186,0.019762514391152765,-0.02464390655564442,0.015414611119453522,0.5637558942735641,-0.024263030479195775,0.1367937964331254,0.13753093788618354,0.10083340312252781,2.278048947304741,-0.09356455954289769,-0.6497665067571149,-0.10984596062388106,0.7409159426722484,0.2965282928929013,0.08800511076358344,-0.22908460355848903,0.006539946814271145,0.01740928897899447,0.27258883414264007,-0.01300940009876443,-0.3429444464478149,0.12855060534245194,0.20163609847142155,0.17192787968042883,0.1997555479842916,0.3955271634790028,-0.3099581138930341,0.2381841040197042,0.008071803158443603,-0.4445308370585506,-0.0043213718904105995,-0.07045736723235749,-0.35414604063088956,0.12917119170821617,0.32925699920881774,0.0002480939835914311
