0.8509355651980671,0.16463900892604735,0.3332545889415534,0.01165793924071861,0.0828341013164139,0.0970586073359422,0.20118338828030874,0.08147101931647802,0.1336604415977328,0.13658432791225075,0.09713150377531476,0.14266971449821741,0.11817324915835403,0.12976204473581746,0.08498790604761383,0.09465840748503285,0.12069051919042843,0.12922468662870673,0.114429212989232,0.09162914300380992,0.09239559408557844,0.12823911869875118,0.06492135439220999,0.06785764905455567,0.11946486505982967,0.08746718726747775,0.10658013105510199,0.07119776603963013,0.14794596729699214,0.04742131416634245,0.08325386984807283,0.1271792281514194,0.052237933839271215,0.02188001845035969,0.07678549424834417,0.08296500095103714,0.07453244596037661,0.09412307233694633,0.10881908332380545,0.02106085869017075,0.026688156854185643,0.054918679021133884,0.1855004748257563,0.024581354816548343,0.10252967818990068,0.1157824229525462,0.0998008187054003,-0.03644404034647363,0.09062524268580714,0.07311794979712537,0.017520344521662835,0.034098768788104875,-0.07519072766223722,-0.05654060808303445,0.1615903924600425,-0.0042240110336899655,0.133201832867796,0.4622624019561796,-0.7184240966130857
0.16463900892604735,1.6845185664469497,1.013146045319237,0.2118887968941304,0.16793947952450963,0.3893078672674792,0.1673690580054277,0.4280069031480369,0.36636195629536555,0.3407828323402275,0.3038997204489431,0.2296896820355507,0.32079169138508534,0.24338159612575058,0.4901027888835546,0.21130506973042198,0.3315390375691165,0.415484667489131,0.29816679325858525,0.4558945209525283,0.4023469845022701,0.29848960808829067,0.010841459860247546,0.2435848496059636,0.23528852044992274,0.22326219024505867,0.23550495674772046,0.3132006669202471,0.39907637202508234,0.0902473307652195,0.32900502458712155,0.19807656304152826,0.32245364470224047,0.28088749150013986,0.29342935840420187,0.3099777135502888,0.4232893993364425,0.2774391714487742,0.46951258027932863,0.10803068830502244,0.20589626100605476,0.24472489051255678,0.2538218162547391,0.1081485319947322,0.4663115113013365,0.3617100437632526,0.2837508783611139,-0.06927237636295976,0.0297476151537987,0.1321724944916047,0.14453798676781457,0.07599162641061777,-0.07805426188230592,-0.1960736236662647,-0.3470567003765581,-0.1218122185052471,-0.41758651330393376,-0.09152318802520605,0.7856711362550829
0.3332545889415534,1.013146045319237,2.0006100994624627,0.15980509487529465,-0.04222203327232448,0.400215863071714,0.16420242870757443,0.4981590091551388,0.6279339865935523,0.3652511372260167,0.21942908540290534,0.1278991895022101,0.32486682252423504,0.22834088764486415,0.39224647043731975,0.12292366994712618,0.4142529584718565,0.28719567772167515,0.29415037415620765,0.339938810431375,0.3673514578502781,0.3966169475666686,0.09969360604570678,0.3034138402906145,0.2704052530032933,0.19643952734928535,0.19856995618994305,0.3355426494167062,0.4254588905238922,-0.07944987789686717,0.3318807402667703,0.2439503300421225,0.42645017146609093,0.2809692925872528,0.3247120317348828,0.3947983637706285,0.49359623631646626,0.25473221382298206,0.4206568871219839,-0.06541981311804879,0.23261959372954188,0.21872088152570135,0.10844828523769638,0.13766948629527465,0.3363924480210822,0.4600442684931408,0.26606135208978404,-0.11701750785738363,0.031461486127925396,0.2535852947216704,0.09425504982646785,0.1253137619623724,-0.1186599896267836,-0.26992695003003897,-0.016171445576738833,-0.049286768826829856,-0.1262938152281668,-0.6846545936034029,0.8106682686211837
0.01165793924071861,0.2118887968941304,0.15980509487529465,1.1658239796952863,0.5579306552736168,0.43804662426351276,0.3829388522137307,0.3823969033155172,0.2516659206370104,0.36434680242275563,0.36230107829435215,0.46690487527304564,0.31722126124153704,0.33081402593320547,0.257885177296894,0.3567820012302269,0.3289858703344296,0.3226412574227545,0.3834300728867204,0.2556077175032512,0.27270445703390334,0.318226528282302,0.2619206559422894,0.19801999185520933,0.31886134103966945,0.25742305992407655,0.26378494330914354,0.026386208751901157,0.3837639367845284,0.07348015530720294,0.204803701999619,0.28428101598967453,0.12252781635902621,0.43742374971648434,0.030151738066273383,0.19263658992465002,0.2284036185152691,0.2098394525455735,0.3996065090574399,0.13587229431664694,0.08899768219877892,0.19991332209286095,0.33683490498655644,0.15045559116179738,0.1176012112648488,0.19503684897655715,0.279904729073343,-0.049952759307693655,0.2521259544126617,0.03847332995847201,-0.022259778460973413,-0.04699358963478319,0.12890845781691332,-0.05493358583689766,-0.01571333013266947,-0.00846768366513723,-0.15606784688188122,0.21993836617486448,-0.06824826709988772
0.0828341013164139,0.16793947952450963,-0.04222203327232448,0.5579306552736168,1.1395953052204748,0.38278388103409516,0.3236043991936094,0.3543512128854362,0.23756395457287277,0.3679424280190644,0.3688179173906388,0.46096198505765906,0.34560895298962613,0.28842176103011624,0.2598686425947756,0.3940474277849308,0.3149021612111968,0.3243802849208447,0.5512772138129826,0.27936710134760373,0.2680143972532712,0.3122359534328831,0.26087394347639137,0.19697974016389866,0.2952918103161536,0.2982667004504849,0.27897453797235894,0.028197196160344933,0.36180269006238097,0.13216144166855812,0.2485696266947609,0.2672493976325466,0.13430615153734607,0.4580485404462001,0.04697214374983919,0.21554292555452403,0.3391850785429827,0.21515060098047395,0.4187847200289239,0.184315112022168,0.13422903234739944,0.2474301951912736,0.3175718451960995,0.14320272085659158,0.16642106415335547,0.21608399339954565,0.3166421283238205,-0.042497742105976,0.20853669575107397,0.04391800688342764,0.09701831275401264,-0.1621003685838432,0.1931776802431076,-0.02455596373733757,-0.08295983974091037,0.01310898246207291,-0.1428180917362116,0.22957395892343377,-0.06686695195568114
0.0970586073359422,0.3893078672674792,0.400215863071714,0.43804662426351276,0.38278388103409516,0.9463024213040955,0.19927664291087688,0.5412190644149402,0.3489552832005714,0.3565375330730427,0.40864091682461273,0.4306042226146144,0.35896272578935623,0.36283880978812744,0.3532186961214978,0.372188358587437,0.43172933152455517,0.29404494700908557,0.5312040491656848,0.39232489231454587,0.34056891181067867,0.3937861885917185,0.09505839212600109,0.23906205166702665,0.3612920224577135,0.33246560648026136,0.3188063760326347,0.18409735405715513,0.4516590394314796,0.08324130096403667,0.2683784720545067,0.34013787623096053,0.14289132218176467,0.43759429587277326,0.19875119544916955,0.23158061053748005,0.283572488984689,0.2928456531646513,0.5099299503072137,0.1735983971726356,0.07603549217958047,0.2509352800316846,0.4175609953916819,0.10371746155146157,0.20625233087071243,0.23867958713155132,0.35290727057956306,-0.09499211321958774,0.17339718507404395,0.13480980707192233,-0.29644082216657436,0.1211333288771613,-0.0461465355359425,-0.029239712356466323,-0.0595534416432698,-0.0316872656073261,-0.10264700885922119,0.3132145106331824,-0.11979255991866071
0.20118338828030874,0.1673690580054277,0.16420242870757443,0.3829388522137307,0.3236043991936094,0.19927664291087688,0.6650248757476743,0.19478323481259305,0.35195293262861105,0.26162392262644746,0.28812125139308675,0.4331279408525357,0.23350424750147689,0.14571880826756,0.07539361435682222,0.23079417648560122,0.2843967004895145,0.26244705764678855,0.24229799747200145,0.18325468894848237,0.2119058285989532,0.30796441671506875,0.255095764936213,0.1366092841988253,0.22199033172424487,0.179868261571941,0.2329705394772966,0.03494736814619427,0.2377708891316478,0.060055035039661864,0.16565406522671994,0.1882306089222493,0.13261480595120592,0.28131299870037113,0.04119368604158705,0.19394255767917956,0.14343144371923752,0.1581333535345497,0.2209140713655004,0.08271744651042297,0.08807844599874334,0.13470398384121438,0.30632406767674686,0.09635255043570881,0.03593377329319968,0.15551809849590073,0.1231828337956114,-0.05416017246617965,0.28079259043841054,0.031837053056568795,-0.039717721452636225,-0.00854960156459818,0.028544677205499476,-0.06781664705904528,0.13945041758853882,0.08317389869969896,-0.060896119553095165,0.24050285090312376,-0.45046734544162825
0.08147101931647802,0.4280069031480369,0.4981590091551388,0.3823969033155172,0.3543512128854362,0.5412190644149402,0.19478323481259305,0.9415368634551233,0.17496039772459027,0.4079378408514491,0.40058399195451666,0.14315911732067016,0.3876511619574847,0.34940526956348783,0.29702550933969396,0.2817550774905939,0.4322513186720659,0.332587868716503,0.40034167864170866,0.3465638361479879,0.28111639753578427,0.28067595860481753,0.14911250842232715,0.20962323961304893,0.33241382857305646,0.23897856531968353,0.2557501552489283,0.07495601254989517,0.5087339007286096,0.13933059042858392,0.23953688342626975,0.28274741487011945,0.05045430856726451,0.4070537583322483,0.2570101930854526,0.1726684363874558,0.35728787924391114,0.23206372791139884,0.6561691941768348,0.20401133203970687,0.014671058870764397,0.20094722686246358,0.3732466094046996,0.1310459389374088,0.37670480143705914,0.24998122585481752,0.37540083339609137,-0.07225803021579905,0.12515076964478838,0.11747083921458135,0.08117548508823913,-0.15328992785236611,0.1409715981796001,-0.03589900833607531,-0.031027151609298226,-0.15678240817624056,0.026687142509220302,0.31591653038930806,-0.028947933727137592
0.1336604415977328,0.36636195629536555,0.6279339865935523,0.2516659206370104,0.23756395457287277,0.3489552832005714,0.35195293262861105,0.17496039772459027,1.1379010537416823,0.073868257467571,0.17862076891772447,0.2225183237317393,0.2587649371449749,0.18211946702810097,0.03083943296187845,0.17525351870320766,0.30107586553305055,0.24191182366290692,0.2744388118123398,0.163835710194467,0.3079661138700949,0.5715039761025807,0.22816552227877282,0.23673272862830144,0.202062429468611,0.27044962845306336,0.23723124716285654,0.23010246609725932,0.14731872288551687,0.11048487705294457,0.2830071990859232,0.2133411427432856,0.40650533085534485,0.19920666636369144,0.16327046578868853,0.33397114108576376,0.29749415505002796,0.16760641973495705,0.2165015534689903,0.03207707242020073,0.27758774574361433,0.18597486948662484,0.22848962430156547,0.1424985257517076,-0.021361581563152175,0.2620332166712351,0.21344226267205724,-0.09786643902381434,0.7348854935746646,-0.017422487023225224,-0.09230215769328917,-0.018561113210499487,0.07112447993002241,-0.041351096259976954,0.036469964294513525,0.20957042114941093,-0.17425960713243313,-0.2671917780921477,0.1479472268488042
0.13658432791225075,0.3407828323402275,0.3652511372260167,0.36434680242275563,0.3679424280190644,0.3565375330730427,0.26162392262644746,0.4079378408514491,0.073868257467571,0.9166229138571987,0.4049220355368915,0.4399041337644195,0.3870010890217808,0.27326228878188547,0.42930940493597997,0.28534204933343776,0.3885480800282891,0.3733338209394552,0.37022357985061377,0.2778188347148977,0.22804023761973713,0.22729459144233533,0.2748187981010059,0.2009335022497853,0.4124106348970813,0.17285429212140432,0.29085025755201377,0.10559596175631089,0.5873588193732002,0.10184406478715792,0.2502747572596783,0.28225257873144355,0.029188724832867267,0.5426196974697813,0.24915364178146915,0.19258276803861638,0.3802086031022648,0.201936566029008,0.4767812351392177,0.15103276469849616,0.01475345587222012,0.19150032705854178,0.31804158200258154,0.15635809327564182,0.31353639841350317,0.22899555928224033,0.3436261418431615,-0.0734471361751376,-0.07277451431243177,0.04349287030356424,0.11827434775972102,0.0006067497291861207,-0.022872288221253246,-0.02760835879675941,0.002210741193462442,0.003351750997509887,-0.03569294259449482,0.00710146625382174,0.0485459616028714
0.09713150377531476,0.3038997204489431,0.21942908540290534,0.36230107829435215,0.3688179173906388,0.40864091682461273,0.28812125139308675,0.40058399195451666,0.17862076891772447,0.4049220355368915,0.7041112098884916,0.43907652649895007,0.36742087684449004,0.2445529870491096,0.3678444108056844,0.31591417170873787,0.3963598560723761,0.32920750726515,0.3432076254409039,0.3827468900123297,0.3048625679194337,0.27319497179406604,0.20663914300164726,0.2060183855438377,0.33567164289236157,0.20803453735305652,0.31327376654563266,0.11679713324099973,0.47154273240724376,0.12476532483922183,0.2660466344004912,0.26109447045802614,0.10924665312377724,0.4046642301614653,0.2512045789720485,0.24102729948069396,0.2928823590641138,0.2421627601045172,0.5172814676847431,0.20863342357706363,0.060523654204695576,0.23420261131056455,0.3667047595370303,0.11191402258446093,0.30980105025513377,0.25394836291326905,0.3369613798601909,-0.07489657458742337,0.10138639473730372,0.012015066402342517,0.024453319541782384,-0.058838298627035795,0.11667481343807395,-0.022265421033756415,-0.039988111991959494,-0.02916504886108981,-0.06704175256612348,0.25127383995484426,-0.16343853769827904
0.14266971449821741,0.2296896820355507,0.1278991895022101,0.46690487527304564,0.46096198505765906,0.4306042226146144,0.4331279408525357,0.14315911732067016,0.2225183237317393,0.4399041337644195,0.43907652649895007,0.9964023348721217,0.2738824773336272,0.24632360015892238,0.32807774991170363,0.34988256096102627,0.3311661976301183,0.3377887033203997,0.37175729736510466,0.26889681124777054,0.2632317036546084,0.28952815638553336,0.2898286120859048,0.16522448644128215,0.3530588751033226,0.23983843727260826,0.3464308874108934,-0.04286842039304099,0.38434508825531827,0.03220167226664039,0.18456014104788843,0.2785096021586531,0.08426659291467142,0.4347996566327134,0.06322548850247932,0.2314083949557776,0.05104144165732985,0.21050177383242138,0.23387744471097044,0.14233244011387225,0.047640290206472966,0.20206025518912618,0.36794827221327403,0.08967521555881813,0.1210069689462649,0.23285911285929392,0.2627940822476433,-0.07207842676025537,0.07884241946790524,-0.08880847049454725,-0.013908336238556382,-0.1163311670793254,0.24307174035973028,-0.04116187169387292,-0.04236116787180992,0.09615311240498872,-0.18027290262598322,0.283417526715921,-0.3120778652179662
0.11817324915835403,0.32079169138508534,0.32486682252423504,0.31722126124153704,0.34560895298962613,0.35896272578935623,0.23350424750147689,0.3876511619574847,0.2587649371449749,0.3870010890217808,0.36742087684449004,0.2738824773336272,0.7627925253410658,0.2935469358049429,0.1505580026632413,0.334157139538638,0.34124367919270343,0.35304672290537625,0.36418525553500175,0.2297366442374363,0.255726378036527,0.39306081750182087,0.26931490353166004,0.21895610526714376,0.3723852480683144,0.18266416605834063,0.28903480760217737,0.14275150345927698,0.6514546766430502,0.08449218839911733,0.21289617589259527,0.3239042483658465,0.0325451306513609,0.41643498337612384,0.32976652087434005,0.21396800851209843,0.2570848501181228,0.16748774767891536,0.7075417906792553,0.2122161213532852,-0.06792480140150611,0.18964270965735608,0.31348570473194504,0.1927283827563849,0.3146872392719546,0.23507960500442532,0.3370226737774508,-0.1135956249392195,0.20178498129177896,0.013468108799589026,0.133126126861761,-0.09387800362329642,0.005687961176375086,-0.012194341387962122,-0.04540468659464006,-0.07639374363824038,0.030539804707427582,0.036492957757603216,0.012779096180223517
0.12976204473581746,0.24338159612575058,0.22834088764486415,0.33081402593320547,0.28842176103011624,0.36283880978812744,0.14571880826756,0.34940526956348783,0.18211946702810097,0.27326228878188547,0.2445529870491096,0.24632360015892238,0.2935469358049429,0.5450563430181149,0.271406013937098,0.32818954369058556,0.24177567071832495,0.24532032376466115,0.30590604560391826,0.2129234043051826,0.22257801078293749,0.26803253754472167,0.1604153627287663,0.19571412791911832,0.34471378662113217,0.2296867199409448,0.20458935836267014,0.11671869651977573,0.37671163490437404,0.10212121356129568,0.17990567776928643,0.3492230441431136,0.05509965187511347,0.3120483387161724,0.2012306896894731,0.1653417758279719,0.17482335272183294,0.17295420644746773,0.3824890117268657,0.1438602677422618,0.03663997648944244,0.18598301772239353,0.28043277845749487,0.11728415125339023,0.2040493649488647,0.17728856193613893,0.3085523982602355,-0.06195932707795023,0.2743100305041291,0.05357830044129514,0.017919647642480333,-0.09048890174268745,0.03836099918424195,-0.013635845322171592,-0.15691545121711156,-0.016122159114324255,-0.01983645114293025,0.24006647221465371,-0.034741647138782986
0.08498790604761383,0.4901027888835546,0.39224647043731975,0.257885177296894,0.2598686425947756,0.3532186961214978,0.07539361435682222,0.29702550933969396,0.03083943296187845,0.42930940493597997,0.3678444108056844,0.32807774991170363,0.1505580026632413,0.271406013937098,1.101550680157866,0.1959888852902173,0.2892527824783769,0.26419689893227677,0.2581340637942895,0.40991221157036417,0.2929076691021898,0.09381261362193058,0.1285656837563294,0.195483624224738,0.32601275239104227,0.17246186132511626,0.21588917456706253,0.20858419902682906,0.3524542706456988,0.19522367187535974,0.29184206427557197,0.19463002451277306,0.20602554529372094,0.38428705213378883,0.21075162846457335,0.25948153965329396,0.418929273788163,0.19828729225436012,0.3389765939810545,0.07282702408355803,0.24592797821846174,0.23471427294739175,0.25115076848383017,0.08333389530193118,0.24530431888283682,0.2769587049683846,0.2775549834206438,-0.026454490358725342,-0.07533474013003666,0.11996469507571271,-0.049651282588400514,0.14181282894070218,-0.014750422582392293,-0.11086812760486688,-0.02511286772000903,0.031141772666579574,-0.2542053349154546,0.06849340019341287,0.12317144394406405
0.09465840748503285,0.21130506973042198,0.12292366994712618,0.3567820012302269,0.3940474277849308,0.372188358587437,0.23079417648560122,0.2817550774905939,0.17525351870320766,0.28534204933343776,0.31591417170873787,0.34988256096102627,0.334157139538638,0.32818954369058556,0.1959888852902173,0.8317751136961522,0.32648317960182477,0.2954290997255626,0.3968955788131781,0.23912347081973992,0.2592238660554264,0.4472198177038455,0.11487015268258392,0.18804609217819512,0.3093259667445943,0.29673640707192883,0.3035554915594774,0.22260224486466182,0.4814437289375012,0.09342202125232894,0.19715777737888013,0.3159602665767979,0.021167199456687495,0.3718009368278608,0.3857032080562905,0.20734884090978692,0.19702633130675057,0.18069803544792926,0.4701750974140768,0.2718360647030311,0.027278784587995927,0.29890834815753325,0.4041653241224018,0.10071421739524691,0.2878008365493385,0.18645986591046632,0.3468874863719087,-0.10867108665920425,0.24050618807663898,-0.18165736280393768,0.00041826922828880125,-0.025205252474704922,0.020479040087375354,0.0347852475469885,-0.057784318116008954,0.03577613724107579,-0.13674121952789664,0.3267056141946057,-0.16357643128541605
0.12069051919042843,0.3315390375691165,0.4142529584718565,0.3289858703344296,0.3149021612111968,0.43172933152455517,0.2843967004895145,0.4322513186720659,0.30107586553305055,0.3885480800282891,0.3963598560723761,0.3311661976301183,0.34124367919270343,0.24177567071832495,0.2892527824783769,0.32648317960182477,0.8711720658380673,0.2227939745275942,0.4032056896502279,0.43149033625077365,0.3293144452315741,0.38334298776232784,0.10331563477286669,0.23026937303734776,0.34099666403182366,0.10956240310039442,0.30226991828790994,0.22143187657019303,0.39514094511638903,0.13902505483786587,0.29083304664393334,0.23130408835136138,0.22805961091577134,0.340974567524395,0.2609755806786659,0.2734778414428613,0.4698821759322325,0.2922390591494529,0.3385579187282335,0.16405833331706185,0.1551029979264465,0.2510984839829138,0.3991734395725515,0.09856071355481427,0.34509904925635165,0.3097252601297369,0.33439115562769717,-0.08881269617237252,0.07384358619318163,0.20992421126362007,0.11711844966764548,-0.10727534275176877,0.024525153841873735,-0.06834774560648411,0.06231993036192644,-0.011408376741532096,-0.10048241654643962,0.1102893686950123,-0.054453083143867376
0.12922468662870673,0.415484667489131,0.28719567772167515,0.3226412574227545,0.3243802849208447,0.29404494700908557,0.26244705764678855,0.332587868716503,0.24191182366290692,0.3733338209394552,0.32920750726515,0.3377887033203997,0.35304672290537625,0.24532032376466115,0.26419689893227677,0.2954290997255626,0.2227939745275942,0.9836064685816768,0.32117157073056346,0.057649904073624136,0.2776964556413788,0.3457265795756073,0.45153908560975825,0.1638383354416998,0.3697079792029372,0.2135203156894734,0.21125133614236427,0.1387429580494615,0.5380252339718308,0.07076657453708411,0.2752155903332995,0.26829054091387344,0.04547401671836813,0.37984144921798807,0.20713214099671623,0.2531495205551233,0.16219285560888325,0.09471152002931349,0.5387926202031247,0.17260280604607597,-0.0012085476793107465,0.11607731886894634,0.3759640589173393,0.20526427814085005,0.46055195783593295,0.20266238167129308,0.2424591183407223,-0.10322758546623653,-0.030033946728996185,0.11730091794926156,0.36238157253487513,-0.16311949190132066,-0.19210953826906432,-0.041503544371826705,-0.09844974497104164,-0.05056451656366596,-0.05266471293964546,0.32292357048427534,-0.2199746578504716
0.114429212989232,0.29816679325858525,0.29415037415620765,0.3834300728867204,0.5512772138129826,0.5312040491656848,0.24229799747200145,0.40034167864170866,0.2744388118123398,0.37022357985061377,0.3432076254409039,0.37175729736510466,0.36418525553500175,0.30590604560391826,0.2581340637942895,0.3968955788131781,0.4032056896502279,0.32117157073056346,1.1034848255583654,0.3253943736017165,0.3309648069737465,0.3635894374261078,0.07301989259731324,0.22950824475596654,0.3042005426075667,0.20062650501324256,0.2739046418060674,0.2535758587940638,0.40967157875644045,0.11679140923021486,0.28959947058267715,0.3101470892503522,0.21236882007934094,0.3296919585099054,0.1496774520314308,0.24351659253393027,0.40863488800417447,0.274555872418367,0.5559252036102365,0.20043738710112377,0.117047655257963,0.23661532104579494,0.3247767150232752,0.1212833494004699,0.45218326234164324,0.3355239217092772,0.38157087337451256,-0.06936930806684737,-0.050065549511154224,0.04569119187720063,0.3664231888855404,0.1715948724029558,-0.1895610325545583,-0.136128999091753,-0.10988700340771002,0.00013874851449180797,-0.07726642671919971,0.19345503573359948,-0.042488452857158895
0.09162914300380992,0.4558945209525283,0.339938810431375,0.2556077175032512,0.27936710134760373,0.39232489231454587,0.18325468894848237,0.3465638361479879,0.163835710194467,0.2778188347148977,0.3827468900123297,0.26889681124777054,0.2297366442374363,0.2129234043051826,0.40991221157036417,0.23912347081973992,0.43149033625077365,0.057649904073624136,0.3253943736017165,1.1308501986927704,0.2783895095054836,0.21457411627563752,-0.01671373645863717,0.21771798048094887,0.25734774902877344,0.2756269269821238,0.35307806280193854,0.27386353201303715,0.2711221003414604,0.21963172548370632,0.35419910853391057,0.21185464664391498,0.2246350511145908,0.43325988982193053,0.28127164151960865,0.154341119362687,0.6465463325648347,0.5370718660463567,0.5104166496205297,0.2965330054114552,0.16527876102735248,0.34648933595208586,0.571164206595039,0.03231882301466937,0.5754386293629961,0.3215804746336839,0.5574571747563076,-0.011509962449526814,0.2832150365122349,-0.011882776850832428,-0.0729487185830774,0.21617380539258618,0.008226533803542165,-0.08494233046456307,0.010151034417945497,-0.004142927811303904,-0.09302965486414087,0.11201557150072525,-0.04349192574233971
0.09239559408557844,0.4023469845022701,0.3673514578502781,0.27270445703390334,0.2680143972532712,0.34056891181067867,0.2119058285989532,0.28111639753578427,0.3079661138700949,0.22804023761973713,0.3048625679194337,0.2632317036546084,0.255726378036527,0.22257801078293749,0.2929076691021898,0.2592238660554264,0.3293144452315741,0.2776964556413788,0.3309648069737465,0.2783895095054836,0.6026813916128548,0.30770966883513984,0.16887028369984325,0.23053549383984054,0.22186481862649315,0.22865863679708467,0.2263518749978609,0.24351062414239572,0.23620110350418258,0.06727473778749907,0.31428132744106385,0.2330667174330444,0.3517310756054427,0.185665019081999,0.1927618406898595,0.36346146577595845,0.28734036601639606,0.21966922511218648,0.4239591910070998,0.1642893200194441,0.297222237064035,0.2465956728770938,0.31225180097779837,0.12359309005474998,0.30110943815076924,0.30608553707872876,0.2620202082888223,-0.0665614522467191,0.16346418828198614,0.0658964580139609,0.06540549946793582,0.04674742953774145,-0.00032624786661773883,-0.08778354517758585,0.005139949558124773,0.0019987203328631054,-0.19828621919034053,-0.016135641931023296,0.15679213860224542
0.12823911869875118,0.29848960808829067,0.3966169475666686,0.318226528282302,0.3122359534328831,0.3937861885917185,0.30796441671506875,0.28067595860481753,0.5715039761025807,0.22729459144233533,0.27319497179406604,0.28952815638553336,0.39306081750182087,0.26803253754472167,0.09381261362193058,0.4472198177038455,0.38334298776232784,0.3457265795756073,0.3635894374261078,0.21457411627563752,0.30770966883513984,1.0540122334632318,0.3041086748630526,0.24189817170775202,0.2824829741804172,0.271247570964323,0.3196317448608448,0.22080036605813713,0.36657402660532884,0.09929632295295715,0.25093437405806446,0.31798140942209663,0.24801265463814948,0.2988491734916278,0.24255197228330297,0.38400141244517705,0.18989102517743153,0.1939024065405497,0.4457780450725672,0.17386822109647057,0.13853486455796604,0.2534631585155573,0.39112823968170246,0.1504319299389572,0.024382201191312857,0.3170620254347948,0.2966200962637598,-0.22300294761598774,0.7739934462347466,-0.10289363309950154,-0.04465453240054576,-0.11477833182287674,0.006772753880744421,0.009442044171669134,-0.005233055150691556,0.0919987223149728,-0.12816333210449413,0.04549917076819295,-0.045348892798486994
0.06492135439220999,0.010841459860247546,0.09969360604570678,0.2619206559422894,0.26087394347639137,0.09505839212600109,0.255095764936213,0.14911250842232715,0.22816552227877282,0.2748187981010059,0.20663914300164726,0.2898286120859048,0.26931490353166004,0.1604153627287663,0.1285656837563294,0.11487015268258392,0.10331563477286669,0.45153908560975825,0.07301989259731324,-0.01671373645863717,0.16887028369984325,0.3041086748630526,1.3440225476066916,0.1904654943873212,0.3619015243486306,-0.04035012711737073,0.1618982353340516,-0.2800539293831144,0.5042172592138782,0.16590308912874036,0.0382620401155702,0.1847348562639482,0.0034360340929765775,0.4283858956274924,-0.0594050557208281,0.40200172613644103,0.08380927780483,-0.008347014679637915,0.42137038251838993,0.008307983572784923,0.07656072790132279,0.015174049936257141,0.214686444516429,0.328642679230527,-0.09780287446262147,0.19392688654106294,0.05871144501304464,-0.09653611909145214,0.1891996045929906,-0.06603996042955777,0.16187682588282964,-0.23072192602907546,0.18700624298606372,0.029095028300276424,0.03592354341156408,0.001153630263790373,-0.01589252216808443,-0.10025150341396041,0.027765630756485086
0.06785764905455567,0.2435848496059636,0.3034138402906145,0.19801999185520933,0.19697974016389866,0.23906205166702665,0.1366092841988253,0.20962323961304893,0.23673272862830144,0.2009335022497853,0.2060183855438377,0.16522448644128215,0.21895610526714376,0.19571412791911832,0.195483624224738,0.18804609217819512,0.23026937303734776,0.1638383354416998,0.22950824475596654,0.21771798048094887,0.23053549383984054,0.24189817170775202,0.1904654943873212,0.45859192858938996,0.18592990820955152,0.126272518896861,0.1625518331265324,0.23885369304132248,0.19508411289205574,0.25570722782974087,0.2177786374297754,0.2580356496904013,0.48400529596272535,0.18012230537603852,0.18297729756654102,0.3355544350250094,0.3434485851282824,0.15094466587518657,0.19988604800304305,0.0388937975789857,0.2187082667478432,0.19609890763213092,0.10373713539689362,0.12515666148621205,0.12653174676494253,0.23359694028752165,0.14099740066154484,-0.05925144135690599,0.10052590049344094,0.028894822758894895,-0.00509741401958915,-0.022359892676091276,0.07435717170935033,-0.06694791570095508,-0.04147235198047721,-0.056393195175185505,0.021463431085203998,-0.421189440063032,0.4552229310052219
0.11946486505982967,0.23528852044992274,0.2704052530032933,0.31886134103966945,0.2952918103161536,0.3612920224577135,0.22199033172424487,0.33241382857305646,0.202062429468611,0.4124106348970813,0.33567164289236157,0.3530588751033226,0.3723852480683144,0.34471378662113217,0.32601275239104227,0.3093259667445943,0.34099666403182366,0.3697079792029372,0.3042005426075667,0.25734774902877344,0.22186481862649315,0.2824829741804172,0.3619015243486306,0.18592990820955152,1.8871413356726199,0.04572385920185522,0.35930086015127527,-0.005299780941814482,1.569881794128595,0.30049219477087485,0.28087300654621666,0.34490619518092847,-0.2730901535557304,1.0089989830212784,0.41591022245887316,0.10871508335866598,0.5513213661885209,0.22603538970498402,0.7533017568142716,0.1450728103135813,-0.13581535960089824,0.17692725512291763,0.44236852001247057,0.23604077504954601,0.46442152019306776,0.21934191355138277,0.5424915485487645,-0.14689330240473147,-0.16015331102226624,-0.23149964237623047,0.009468864989139791,-0.13438449457511703,0.1276453188997568,0.05873760314190763,-0.012438345910503464,0.035556258457778045,0.0557314540478405,0.2109139559357289,-0.3028556697048462
0.08746718726747775,0.22326219024505867,0.19643952734928535,0.25742305992407655,0.2982667004504849,0.33246560648026136,0.179868261571941,0.23897856531968353,0.27044962845306336,0.17285429212140432,0.20803453735305652,0.23983843727260826,0.18266416605834063,0.2296867199409448,0.17246186132511626,0.29673640707192883,0.10956240310039442,0.2135203156894734,0.20062650501324256,0.2756269269821238,0.22865863679708467,0.271247570964323,-0.04035012711737073,0.126272518896861,0.04572385920185522,2.4920693606700874,0.25315626855890244,0.33013766386552484,-0.13457479815981094,-0.7390662293844047,0.07395787808262154,0.4573187711017509,-0.06430037952847639,0.3796138885183514,0.2321688698278712,0.03913508787800018,-0.5508430234332079,0.13709122729033935,0.059240788839683374,0.3379455744477711,0.33513769403997457,0.3671966564251209,0.24434656403125407,0.05861370793550379,-0.06138812291944391,0.014234154556451942,0.18583924579735417,0.03900833342398815,0.7078449061769835,0.2150393371465172,-0.16669063621662245,0.15822777840681218,-0.4176251979580274,-0.004888219714237208,-0.19187205548608388,0.009596971760974897,-0.08860600487431763,0.45722127377247485,-0.3252292533024722
0.10658013105510199,0.23550495674772046,0.19856995618994305,0.26378494330914354,0.27897453797235894,0.3188063760326347,0.2329705394772966,0.2557501552489283,0.23723124716285654,0.29085025755201377,0.31327376654563266,0.3464308874108934,0.28903480760217737,0.20458935836267014,0.21588917456706253,0.3035554915594774,0.30226991828790994,0.21125133614236427,0.2739046418060674,0.35307806280193854,0.2263518749978609,0.3196317448608448,0.1618982353340516,0.1625518331265324,0.35930086015127527,0.25315626855890244,0.7891283684646377,0.21213585439715063,0.38810380641764813,0.18286838549537196,0.26922936702298983,0.25965445459451714,0.07150615324721686,0.3302433383762542,0.3096288848556981,0.3928240253876594,0.2288462009476689,0.24019944846503713,0.35263741865299575,0.2519694376833377,0.12255262032757817,0.23964381193121775,0.5829401137649071,0.022168273449606486,0.2220790765525245,0.2960535644879038,0.27370340102194235,-0.11383652797341617,0.23150890961324933,-0.025337075626283737,-0.09141349734505386,0.058487498911422055,0.04581281519821854,-0.0017396090169936134,0.0386394829451764,0.06418577500729955,-0.02554575907307755,0.2422304783267732,-0.29281636101427283
0.07119776603963013,0.3132006669202471,0.3355426494167062,0.026386208751901157,0.028197196160344933,0.18409735405715513,0.03494736814619427,0.07495601254989517,0.23010246609725932,0.10559596175631089,0.11679713324099973,-0.04286842039304099,0.14275150345927698,0.11671869651977573,0.20858419902682906,0.22260224486466182,0.22143187657019303,0.1387429580494615,0.2535758587940638,0.27386353201303715,0.24351062414239572,0.22080036605813713,-0.2800539293831144,0.23885369304132248,-0.005299780941814482,0.33013766386552484,0.21213585439715063,1.2824753484397318,-0.12271739102280979,0.006088018167551463,0.3515359454384381,0.18147944300436644,0.5309089108317251,-0.06157518461969685,0.6949658589656901,0.4324999476169336,0.35638682213738926,0.14666075852347235,0.09396459933711965,0.15971341114327195,0.3143957764784365,0.3070740274322592,0.13834180182515946,0.11730478460034825,0.3612599516563629,0.1390250863382492,0.003185323230597242,-0.06759711887453293,-0.1817746790302164,-0.024805980395979678,-0.02153140892923059,0.638027941902627,-0.7408640473485542,0.020191745223191424,-0.07399479250364821,0.0629115580651751,-0.025315266416795584,-0.20254344206795935,0.2391108264048528
0.14794596729699214,0.39907637202508234,0.4254588905238922,0.3837639367845284,0.36180269006238097,0.4516590394314796,0.2377708891316478,0.5087339007286096,0.14731872288551687,0.5873588193732002,0.47154273240724376,0.38434508825531827,0.6514546766430502,0.37671163490437404,0.3524542706456988,0.4814437289375012,0.39514094511638903,0.5380252339718308,0.40967157875644045,0.2711221003414604,0.23620110350418258,0.36657402660532884,0.5042172592138782,0.19508411289205574,1.569881794128595,-0.13457479815981094,0.38810380641764813,-0.12271739102280979,3.846786818872123,0.36738275373624274,0.05381033168727376,0.5035247716251616,-0.8482519564484667,1.3500033784035446,0.6580660749369861,0.000509789720048277,0.6530547464785326,0.13579421812532516,1.2417488998649584,0.31137319823557996,-0.42438602901292816,0.13589090135783288,0.4628396014895409,0.189105146953476,0.9068369599235088,0.1997500203347973,0.7227708053170117,-0.22540045081079021,-0.12090984801533336,-0.28113136838918074,0.2579870257803357,-0.19113241185811997,0.002814561529936736,0.15881677112702902,-0.0041932336187013005,-0.1798237572866477,0.03514932308663484,0.3950262043121824,-0.3311051225024437
0.04742131416634245,0.0902473307652195,-0.07944987789686717,0.07348015530720294,0.13216144166855812,0.08324130096403667,0.060055035039661864,0.13933059042858392,0.11048487705294457,0.10184406478715792,0.12476532483922183,0.03220167226664039,0.08449218839911733,0.10212121356129568,0.19522367187535974,0.09342202125232894,0.13902505483786587,0.07076657453708411,0.11679140923021486,0.21963172548370632,0.06727473778749907,0.09929632295295715,0.16590308912874036,0.25570722782974087,0.30049219477087485,-0.7390662293844047,0.18286838549537196,0.006088018167551463,0.36738275373624274,3.216883994051026,0.30065367835899676,-0.14086247496856644,-0.032985048361217705,-0.45829487416812004,0.5168542564524883,0.46670105149473723,0.6472323696357851,0.1711362210242681,-0.09453596411781862,-0.0514360631949871,0.884210133866293,0.059106678923221266,0.46923665352332666,0.2633401750147555,0.7030073117861556,0.3136140098650637,0.2291548300372256,-0.006921189405951061,0.13626989733773723,-0.13004044111713095,0.03788295316812473,-0.5560976759130318,0.6681515337854138,0.0013643071797797965,-0.036816895238643815,0.050301460274702496,-0.20810490974044663,0.4554691895881814,-0.36724787360421446
0.08325386984807283,0.32900502458712155,0.3318807402667703,0.204803701999619,0.2485696266947609,0.2683784720545067,0.16565406522671994,0.23953688342626975,0.2830071990859232,0.2502747572596783,0.2660466344004912,0.18456014104788843,0.21289617589259527,0.17990567776928643,0.29184206427557197,0.19715777737888013,0.29083304664393334,0.2752155903332995,0.28959947058267715,0.35419910853391057,0.31428132744106385,0.25093437405806446,0.0382620401155702,0.2177786374297754,0.28087300654621666,0.07395787808262154,0.26922936702298983,0.3515359454384381,0.05381033168727376,0.30065367835899676,1.027122046835095,0.20600419545012913,0.42021370506036715,0.2501424691374947,0.30106980737874506,0.4960717215575518,0.41522648786861577,0.2788498027674014,0.37142702478978584,0.07478424537825927,0.2681601057608233,0.2384321933874169,0.19446186767142382,0.1562037959237505,0.4125054589596596,0.30753936746003924,0.16911673000348443,-0.10062600889077682,-0.31396063756074477,0.06965384173131403,0.04052671386206782,0.04941574229548636,-0.013076876386552826,-0.08087846470112763,-0.08349755592590379,0.056159997769711624,0.05148996612574258,-0.2209410068472507,0.13087142820602032
0.1271792281514194,0.19807656304152826,0.2439503300421225,0.28428101598967453,0.2672493976325466,0.34013787623096053,0.1882306089222493,0.28274741487011945,0.2133411427432856,0.28225257873144355,0.26109447045802614,0.2785096021586531,0.3239042483658465,0.3492230441431136,0.19463002451277306,0.3159602665767979,0.23130408835136138,0.26829054091387344,0.3101470892503522,0.21185464664391498,0.2330667174330444,0.31798140942209663,0.1847348562639482,0.2580356496904013,0.34490619518092847,0.4573187711017509,0.25965445459451714,0.18147944300436644,0.5035247716251616,-0.14086247496856644,0.20600419545012913,0.7508582810246275,-0.06191441922133875,0.3714831712128474,0.18119692544179083,0.17925339760752,-0.03990301414615046,0.2127352164036807,0.5130129105218908,0.20172951087549787,-0.1373664255432388,0.1977612436882089,0.21867959594977568,0.11471846046191535,0.2823405464467015,0.15188271800976358,0.2736872233818373,-0.11041582472980899,0.18945272067013388,0.03250402342056589,0.059286169933547,0.12714047925622232,-0.2529572244850739,0.05503227617862723,-0.13586656992535745,-0.009893716888885639,0.22930041816390243,-0.02735603604189042,-0.10556322648317376
0.052237933839271215,0.32245364470224047,0.42645017146609093,0.12252781635902621,0.13430615153734607,0.14289132218176467,0.13261480595120592,0.05045430856726451,0.40650533085534485,0.029188724832867267,0.10924665312377724,0.08426659291467142,0.0325451306513609,0.05509965187511347,0.20602554529372094,0.021167199456687495,0.22805961091577134,0.04547401671836813,0.21236882007934094,0.2246350511145908,0.3517310756054427,0.24801265463814948,0.0034360340929765775,0.48400529596272535,-0.2730901535557304,-0.06430037952847639,0.07150615324721686,0.5309089108317251,-0.8482519564484667,-0.032985048361217705,0.42021370506036715,-0.06191441922133875,2.0605774317918812,-0.4580706030443827,-0.3564750370878554,0.484368822216983,0.68642749250902,0.13901551199502243,-0.3588908663275309,-0.2014157958688646,0.6861679776796207,0.2826251828852044,-0.1110137420313733,0.05277431905294833,-0.2696672245019218,0.39793663069043717,-0.06718598107976584,0.029806665545744813,0.23403655818713268,0.2110126990061094,-0.0772167484122437,0.01448174610957499,0.22814305626220788,-0.3519438233085838,-0.02147580874252507,0.10914889741217738,-0.2169334990066765,-0.7003547465798102,0.7595397304982424
0.02188001845035969,0.28088749150013986,0.2809692925872528,0.43742374971648434,0.4580485404462001,0.43759429587277326,0.28131299870037113,0.4070537583322483,0.19920666636369144,0.5426196974697813,0.4046642301614653,0.4347996566327134,0.41643498337612384,0.3120483387161724,0.38428705213378883,0.3718009368278608,0.340974567524395,0.37984144921798807,0.3296919585099054,0.43325988982193053,0.185665019081999,0.2988491734916278,0.4283858956274924,0.18012230537603852,1.0089989830212784,0.3796138885183514,0.3302433383762542,-0.06157518461969685,1.3500033784035446,-0.45829487416812004,0.2501424691374947,0.3714831712128474,-0.4580706030443827,2.783280534607235,0.32177034357083456,-0.2148771445756611,0.8342143373244556,0.25806450475330833,0.8699134485617994,0.16572702530833908,-0.49819952658626515,0.27157533074443524,0.6576065836368933,0.31092796205398016,0.12610088854023027,-0.11325034317128307,0.9074672704627329,-0.04995421420716276,-0.022632605910107982,-0.24424950831419415,-0.15346672923692045,-0.11732025809774121,0.07886637656809552,0.09031555968625261,0.01956329513834405,0.028742489236298147,-0.053077922888395516,0.0879005627775906,-0.060434903445415154
