1.8412116389528168,0.8482867002774843,1.273043104495494,-0.09992204216087266,0.4038988765283951,0.22724603483541636,0.5375350317498212,0.24896801036174374,0.3578432184521075,0.3244318015734396,0.3245899970540659,0.44621082802348366,0.10040077660448618,0.2434458851401108,0.31205799977611937,0.1555472484119623,0.2016606574442756,0.5070966924245983,0.18684286620298848,0.12205523813273522,0.272316269244089,0.3377533843304755,0.28872626871552687,0.07987964603692009,0.34231686361421937,0.27446098347272,0.2674460365859297,0.013403042615440165,0.49371565288914726,0.5690195662862109,0.2857140550663721,0.0935391131422986,0.03457262175034558,-0.22987182799075562,0.5857491740905317,0.2084240461560608,0.35838650807094496,0.0661591319948051,0.3843374704592312,0.2808403205318802,0.4302393387820825,0.2517871554981929,0.34702394410974974,0.005549212851831749,0.28853516829290915,0.3970444005240103,0.4921062091614334,0.012035083916406912,0.41349022643328015,0.06097694419244537,-0.09191730756893046,-0.22978839662488704,0.11468616062175681,0.030130802183070904,0.0870257508685319,0.07540970590947091,-0.10838329882331567,0.523702114260724,-0.7847660173709642
0.8482867002774843,4.507623968259325,0.5629914816562785,-0.042185109796754376,0.2568374126906681,-0.0982613625142236,0.5523291142525549,0.19553412907506443,0.3468489200449047,0.4129477981109449,0.29459832401270397,0.2698734700570609,0.11558553056403521,0.04305052768481514,0.5235449971787833,-0.02402523745153578,0.0471203763349274,0.8445399648193421,0.16383719763579918,0.17100854484244815,0.6769547205536254,-0.026466120904824836,-0.1526395515653514,0.042272391887724456,0.050719885895752014,0.3400146315547034,0.7446495192054274,1.0919517084199692,0.4799399232981692,0.33573845425166726,0.3868242801323901,0.1600501415671455,0.08487064337553196,0.16020028694225424,0.4128347242124041,0.3879478967103646,0.7141220274281606,0.1185747438330201,0.2302434168877223,0.2787829028850337,0.6220241329967652,0.5530797740998569,0.3123562882997256,-0.08041555152998403,0.3737089560248195,0.45297390250034647,0.4687712927483015,-0.004583998825594598,0.08182944522930737,0.1016582041150256,0.2399029223427292,0.41040946086090735,-0.3286821955578963,-0.14721609146977754,-0.7503224179154121,-0.14080323073296194,-0.0760499804378378,0.4910971473274318,0.32458358410021915
1.273043104495494,0.5629914816562785,3.042652721387503,0.1742624954213218,-0.08621727398685505,0.5288858076056937,0.2706648650954898,0.4331095593966694,0.5100367654189281,0.5311319105744009,0.3895652603278468,0.5166443456437668,0.13783278022426518,0.4461666852313121,0.5101682350873635,0.09085133900662348,0.426765190908931,0.6350001647045164,0.17560964464959622,0.5288198276866737,0.39399380713060933,0.5256126457070595,0.5225167525963403,0.35875049659841424,0.4364847964414001,0.3329620802683683,0.2283135614540365,0.34972581141377956,0.8144706644566562,0.8402235349313133,0.40435107949177185,0.13359158834020476,0.3050954914869266,0.13838274908502834,0.816278800704931,0.34239569856057833,0.7319499175025463,0.29159233239327154,0.593916150732615,0.36849213932068686,0.5944077466534157,0.4016512083082019,0.47247752167244794,0.026217478603423466,0.19597809721425224,0.5682216340692746,0.8207978458122042,0.024530915848763796,0.7436318286115557,0.22292921502288213,-0.22283339020399787,-0.08108908626538741,0.12903827245342925,-0.12977371235230814,0.13211338643260584,0.06695795316844161,-0.35769726963642445,0.32106110786172637,-0.39966835899410924
-0.09992204216087266,-0.042185109796754376,0.1742624954213218,1.952636289571297,0.19912566158492026,0.31674684884347953,0.07871716401587293,0.2954676687188198,0.18491947233288727,0.14880379907847854,0.19804204492978353,0.24702605864855134,0.10356725736422866,0.34764659975509177,0.1577903351952096,0.279719165801974,0.2046089937224895,0.08447544821068911,0.18766507241887836,0.35727085253626073,0.18265263820220448,0.09977953563390918,0.032016421912276646,0.19110565706787264,0.13373422008633062,0.2520336870814585,0.06409134499747285,0.15110710435378233,0.09190619083226274,-0.05561810131587526,0.1814732951888483,0.1762275942905639,0.23156629754531152,0.2797258381477506,-0.3494608711479383,0.2278069012346884,0.28773341021683707,0.22972775825286174,0.15495173790035294,0.007936259743617193,0.19107358664984664,0.18774490447504968,0.02322342053440845,0.2947938586502473,-0.14974410467102944,0.23115370244452876,0.09986028314489141,-0.005442178162175514,-0.1167894944714967,-0.01079902916529214,-0.04408436834724876,0.009561861728723168,0.04252802122008765,-0.09394170324406144,-0.19085299249209461,0.026403581858567123,-0.21135810227049118,0.20556874262556102,0.14019257920928083
0.4038988765283951,0.2568374126906681,-0.08621727398685505,0.19912566158492026,1.2180685107787672,-0.1453861137632321,0.302901276858245,0.10708046134479937,-0.08514399680302775,0.1264597347270527,0.1860776168354345,0.24636758530769598,0.10900720562689366,0.11498759764885959,0.1191562074103537,0.3066751131323452,0.06064333684384049,0.07573393927001407,0.29779981142886086,-0.04257448224313236,0.12081244580303398,0.14201951249930703,0.023965483553918115,0.08536897548861053,0.10339232524312389,0.1423391779685242,0.10704719986738724,-0.060215648134942706,0.178919433819471,0.023710520492459464,0.10108757518861203,0.15118302361937694,0.06774744037232137,0.06811559130616078,-0.07567695090589444,0.15775358433062686,0.1130354221554796,-0.01592418769333288,0.11375086265597857,0.012796974488466476,0.14329415537536286,0.11101038208430562,-0.054456339712930395,0.07354750286946583,-0.1123955979867777,0.20640816087488023,0.013769073535436663,-0.0003203003748586637,0.14063953664777726,0.16900273905745503,-0.17856132561938523,-0.3423931494678688,-0.041150751665694,0.2317894759874115,-0.0377746455496496,-0.03242623665333949,-0.08776191204673699,0.13906512183108377,-0.01871768934537493
0.22724603483541636,-0.0982613625142236,0.5288858076056937,0.31674684884347953,-0.1453861137632321,0.9801408647241588,-0.02351354710967346,0.26007636009699264,0.3565278742128013,0.06009610552267787,0.16735410475194648,0.22674814538285826,0.10393511333923405,0.31173763566085794,0.1879924800762614,0.15973016926724165,0.2532572820128204,0.04498077448973836,0.2968414402113206,0.3920929597437392,0.1308795758533396,0.10501596931124711,-0.020675155732757626,0.14150255428513303,0.18082723811240875,0.25630119860272255,0.101307772283452,-0.0102690763229303,0.2720236234811477,0.16159077342239173,0.17573061104045887,0.1035126711458075,0.11709297513828602,0.23892417527583282,0.231266323253376,0.07036685269053444,0.3541841435357182,0.22010567839670503,0.238259568089153,0.1049052613353992,0.17352467370380983,0.14326294451580648,0.25392895499576507,0.0769664391796589,0.025260415879171275,0.20539898321919786,0.17633216949518812,0.028833805062028026,0.5856874119673795,0.11785386489592545,-0.22919500752374225,-0.019266870899185697,0.08192534880610237,-0.001633462187287012,-0.05285542391555087,0.06752155268374371,-0.2596437991199506,0.3096969237922236,-0.1582461158238586
0.5375350317498212,0.5523291142525549,0.2706648650954898,0.07871716401587293,0.302901276858245,-0.02351354710967346,0.8414362157198572,-0.008814363465954222,0.22069971657931076,0.18611593349995675,0.2401955868905135,0.3701218758564168,0.0925060186723614,0.01827129528591408,0.11183738329442804,0.18973234218563606,0.14613059750534044,0.3482438464403372,0.03646474308250809,-0.08621773686378463,0.19945698297548456,0.25325214605257296,0.34536972465987753,0.1491979004281462,0.1903875514980101,0.22522683842011967,0.2515871372390659,0.1597949874418612,0.19537234294351494,0.08973260677287258,0.14636857737841433,0.18041476886118163,0.07016063933730751,0.1550614473059425,0.26745119970632103,0.13907807088133708,0.1343844247513779,-0.04805123632500242,0.22541871073196648,0.112704778873144,0.130936303777904,0.16657494256483335,0.13902641585090653,0.03767929732400575,-0.10489436646782943,0.25715686880705724,0.14276996143341264,-0.006896977007675781,0.43156460321436685,0.02256458147904547,-0.06483007592553926,0.010367213906785229,0.03957518840818691,-0.056184289817047074,-0.0017307567693944984,0.07139258728751349,-0.0013815826702753568,0.07331020844243737,-0.17644981095128337
0.24896801036174374,0.19553412907506443,0.4331095593966694,0.2954676687188198,0.10708046134479937,0.26007636009699264,-0.008814363465954222,0.6188818133911985,0.07557278115987606,0.23751088647604546,0.20765023424324386,0.132192153749568,0.13806041646150546,0.29869286693665226,0.20061611751953354,0.1455816857394315,0.2572481050995186,0.1885163310488886,0.17114832307012653,0.29107090149193565,0.11869113698683993,0.13579213400838724,0.09571702844073017,0.12577026079782164,0.18645177682444972,0.18139943656383908,0.12172330569453108,0.016570767044716207,0.23538048549984017,0.26698589682291124,0.16719398678117872,0.05714292518307547,0.11822557430497661,0.19193707532812043,0.28079379320268183,0.11775415412254325,0.37772413165277435,0.169237471102552,0.2800998284757795,0.12428667920504832,0.16691112308109063,0.12922341693359027,0.25005535873853135,0.046766212296920094,0.07940353088484188,0.19749846130612192,0.3101239872125771,0.007674431703687652,0.33025289608162084,0.13124205272265163,-0.07708396459554907,0.10473473165207071,0.0008127830355212139,-0.13051881499513604,-0.14466799433500466,-0.02675956813290225,-0.14869098230696695,0.3636225095254614,-0.14361345419849042
0.3578432184521075,0.3468489200449047,0.5100367654189281,0.18491947233288727,-0.08514399680302775,0.3565278742128013,0.22069971657931076,0.07557278115987606,0.8155176992368477,0.04063789186288682,0.09909004855597647,0.26043885361221664,0.06586127463748981,0.18612715281631512,0.16642645769409237,0.05140882187431271,0.1515468348996077,0.21822440923046824,0.06183810660288414,0.2271076937461857,0.16978951431180667,0.08401526927486967,0.1883330517078689,0.12646692487944436,0.1507433438860586,0.2585169317618697,0.19324275534456956,0.1977365754330556,0.1358740802973122,0.1687488571929465,0.1697675466375051,0.07240115233103202,0.13545645403694898,0.16040512114353314,0.21961456113893588,0.1227114846353097,0.2938733018612293,0.12872893978865965,0.17010052282496382,0.11643860018290597,0.15761013080681133,0.16720894913863257,0.2761753556266693,0.022925995508577816,0.03445976815033908,0.2279368322398249,0.2113348828811243,0.007407014352853276,0.30889083876710505,-0.07829814452091667,-0.07828116844016317,0.07045608545299459,0.17988686995413333,-0.11797481360167618,-0.021789698949374683,0.13402551386363576,-0.12948827811111227,0.1730379236684102,-0.21371622866655957
0.3244318015734396,0.4129477981109449,0.5311319105744009,0.14880379907847854,0.1264597347270527,0.06009610552267787,0.18611593349995675,0.23751088647604546,0.04063789186288682,0.7906559325512089,0.1620640186725197,0.13844387127773444,0.09318129968696968,0.160382636325015,0.16869453988122127,0.1417604002159319,0.25773399100922323,0.44956998580520613,0.03811311673889129,0.20058475723321226,0.21265629798561617,0.2666348723002868,0.3432752951466293,0.2496219699780834,0.1903650921434062,0.11418322617245694,0.22873661051801553,0.30814926228084205,0.23767230125545913,0.4772129193540888,0.26776713200963187,0.11813996164415831,0.23282792054033583,0.1714703357154236,0.2721267936709007,0.2897517652847815,0.492215483658573,0.11688212606444878,0.2823677965075116,0.20156231653658727,0.46290815186612055,0.19753442719063258,0.17671447870595391,0.0439221267304652,-0.1167534682687068,0.37994413531419874,0.543873279918023,0.002239445622799543,0.36427627381641836,0.14335127112702895,-0.0757856609608483,-0.04888491065820329,0.009960361820123961,-0.06818098706519646,0.0025366247004198154,-0.04977732044553398,-0.03341469364206291,-0.04352420763222623,0.14026313343747385
0.3245899970540659,0.29459832401270397,0.3895652603278468,0.19804204492978353,0.1860776168354345,0.16735410475194648,0.2401955868905135,0.20765023424324386,0.09909004855597647,0.1620640186725197,0.5708249954479105,0.25657743218081536,0.13094738016321228,0.16120222081309046,0.2640759745588744,0.15625129166661453,0.21164123625822268,0.22731861804831144,0.05075161659552076,0.22968146627368427,0.23383613857100097,0.19602672342945496,0.21457030995501572,0.20920058389988164,0.20574832974158316,0.26581701802190105,0.24730822030447505,0.21983939427003413,0.25232317616395883,0.07531356887686359,0.17480071362537006,0.1842872241090494,0.1306256320915527,0.2227617245562507,0.18040319298145824,0.1891111484270203,0.22630714290858917,0.10786051694297377,0.206171335626848,0.08331201984920536,0.20254412000392882,0.22358080339325417,-0.003257567879150506,0.004533733436234712,-0.035241443358696015,0.30279199948846475,0.2168570961302532,0.00825035072349841,0.11508034032801727,0.05039932227823332,-0.1607553144813709,-0.061088954646187237,0.11750415323487422,0.007793695573242171,-0.04816970751050692,0.05483372549123375,-0.11699139164785188,0.1145254285468887,-0.08416970108846478
0.44621082802348366,0.2698734700570609,0.5166443456437668,0.24702605864855134,0.24636758530769598,0.22674814538285826,0.3701218758564168,0.132192153749568,0.26043885361221664,0.13844387127773444,0.25657743218081536,0.691264892918398,0.07065649798466768,0.18224383183977963,0.20460753495941764,0.22090745892219113,0.1906398368287371,0.2869467061713941,0.08920389567511712,0.11566221910537783,0.16264438787624796,0.19785170041897052,0.2847662069267088,0.17529658993337557,0.2648352124369154,0.2702961973748042,0.23554172283057712,-0.13460881602719565,0.32931029473374307,0.09463550405273148,0.1837016583867007,0.23746017641117964,0.12145579490164228,0.24806322340205544,0.3772018330344203,0.129523040360629,0.22189795570595236,0.04243589941923717,0.2712443737023467,0.09162815037476824,0.17309711388507748,0.16237641761619975,-0.024666977639472402,0.05181742790750488,-0.14206221185344445,0.3217047418742167,0.23310236289988426,0.011819968743918097,0.8103205268802652,0.09861465147653299,-0.16253994353073017,-0.21667253234342973,0.13294220642508298,-0.010963262002419588,-0.028570988744576052,0.13036241499580978,-0.12226797561820629,0.19687090024246715,-0.35848867564006076
0.10040077660448618,0.11558553056403521,0.13783278022426518,0.10356725736422866,0.10900720562689366,0.10393511333923405,0.0925060186723614,0.13806041646150546,0.06586127463748981,0.09318129968696968,0.13094738016321228,0.07065649798466768,0.23227824468111793,0.10516661910080286,0.06716198718124977,0.11003381997614416,0.11365783387129455,0.08759153890215264,0.08879953636704936,0.07915014639529333,0.08617430420605283,0.20677658088150663,0.09855165193131181,0.09581016785059215,0.10077285441929444,0.07978269688676579,0.09235050501207726,0.0724875806124061,0.15351663599105803,0.11678697273672958,0.08493994061630146,0.1020038166450265,0.08496009785624277,0.055654568270362394,0.11698401694135002,0.09963382463621503,0.14557402303277137,0.028593065175790845,0.12983821170052168,0.04807761361385195,0.1029932936949015,0.09079592145210828,0.008617621570699997,0.03401889241041393,-0.085573637401495,0.16148875884986194,0.1207023363066114,-0.0003918580822885794,0.1848199618395573,0.07329662640212466,-0.0702998910654902,-0.06147181578231837,0.004723528072686579,-0.010523249159828656,0.012764737878792875,0.0015804535145024583,-0.08438780708151417,-0.004464863033967344,0.07945516596416374
0.2434458851401108,0.04305052768481514,0.4461666852313121,0.34764659975509177,0.11498759764885959,0.31173763566085794,0.01827129528591408,0.29869286693665226,0.18612715281631512,0.160382636325015,0.16120222081309046,0.18224383183977963,0.10516661910080286,0.5683530747047564,0.22415373870314736,0.2107579556125871,0.19926509371063908,0.09183019777000749,0.1818792016990918,0.36914498534747764,0.17826125019120448,0.10206223318279653,0.008088704474631442,0.12337190840584684,0.1741752270084598,0.19906946249772034,0.031471706656644165,0.06800543729101487,0.2689158644648433,0.2955713128815425,0.1991441255829296,0.07409652482040152,0.1365314653178452,0.11669562961102489,0.14271513014427745,0.16707676172733132,0.4004809936131044,0.22837889633045544,0.20159069207139102,0.10759332915710465,0.26342588328981903,0.20764494669840836,0.13623104478911913,0.08972194060772003,0.06672068315782573,0.22363497405243682,0.266455536271975,0.01224131224745575,0.21429575517998897,0.127180319263078,-0.11981550121570642,-0.12047993470987015,0.021626977357499137,-0.0015345622864629726,-0.11409838694641813,0.01848990147794017,-0.28561806819873575,0.32713749319413055,-0.0607785453007572
0.31205799977611937,0.5235449971787833,0.5101682350873635,0.1577903351952096,0.1191562074103537,0.1879924800762614,0.11183738329442804,0.20061611751953354,0.16642645769409237,0.16869453988122127,0.2640759745588744,0.20460753495941764,0.06716198718124977,0.22415373870314736,0.703440720319676,0.02246741675270962,0.20156731560079408,0.1961002730492966,0.1319142932804973,0.31668580399082896,0.21753055168709504,-0.004034666598248251,0.10381211732099378,0.18810889352547389,0.1997557809930214,0.18135431980764144,0.2124808979867322,0.3496345915923028,0.3146544244797311,0.2771534389072904,0.21587580436667225,0.06103738829906102,0.24255107851773705,0.16169544036175132,0.08760359343262328,0.20258192632063055,0.40483081324699033,0.21855350323566214,0.2270037723451274,0.09447524394322904,0.3600453287785759,0.21851591428285586,0.19045590043619512,0.02827088613067715,0.14848096312342154,0.2447650765782162,0.2836952522355055,0.018442649227349485,-0.004454362733676904,0.3426467543259268,-0.14595572949002547,0.12407638651087732,-0.13258394021800157,-0.013417141412645937,-0.1266722408385813,0.038399255611701585,-0.2292069901039878,0.22710180584062578,-0.0007368163870642733
0.1555472484119623,-0.02402523745153578,0.09085133900662348,0.279719165801974,0.3066751131323452,0.15973016926724165,0.18973234218563606,0.1455816857394315,0.05140882187431271,0.1417604002159319,0.15625129166661453,0.22090745892219113,0.11003381997614416,0.2107579556125871,0.02246741675270962,0.8549189710985874,0.170306443537154,0.22470524693802932,0.1701337439154454,-0.005101256265438738,0.18796584258361165,0.25519519189962037,0.25074789472864795,0.13652858714922256,0.17636134005163032,0.16343113653910343,0.0611490942296774,0.1990204339599004,0.3533798548199815,0.0989888187592043,0.0914958711329638,0.2652125354492172,-0.02550799730325089,0.22753555637510092,0.391364522955284,0.1142438868123509,0.029144257111968996,0.048454653254300054,0.1721277900124192,0.1213370739321383,0.12538254150046055,0.13840982538342236,0.10766567492071646,0.10414313838354286,-0.016297632693857353,0.14927973587512425,0.16408320441683422,-0.004187758979854261,0.2541753642399285,-0.20617940154347816,-0.12044895583981574,-0.1197477539308604,0.0717171174056554,0.024352840014639582,-0.09290560943191634,0.024465933074607572,-0.1460980110013458,0.19230122171387035,-0.14893355200955888
0.2016606574442756,0.0471203763349274,0.426765190908931,0.2046089937224895,0.06064333684384049,0.2532572820128204,0.14613059750534044,0.2572481050995186,0.1515468348996077,0.25773399100922323,0.21164123625822268,0.1906398368287371,0.11365783387129455,0.19926509371063908,0.20156731560079408,0.170306443537154,0.7207931393523692,0.15871779577700088,0.10935997282902596,0.21094645366736303,0.2651400677266163,0.39198552738619313,0.21054681332295888,0.19551075641719157,0.24302394612887027,0.19173802797730827,0.21854123236757966,0.3441477736232872,0.2612181220465534,0.16803476190453168,0.1877501976576895,0.15450917955268423,0.243505264929077,0.22142254757203056,0.20395328235702934,0.16091898060664367,0.41355277033316085,0.13684303453293473,0.29304129288695624,0.1113042969199213,0.2421680629306357,0.21245263485961896,0.09209101792356843,0.045372882585301984,-0.0039684720512661534,0.2896163071258411,0.28659006916459584,0.008080468610194042,0.33394695247700806,0.37881507922975977,-0.10858446362106447,-0.06320466116891203,-0.0950910552132063,-0.05704477315766494,-0.03298895033403261,-0.024633202778529498,-0.16068841013068902,0.14797333840002758,0.01131128681953937
0.5070966924245983,0.8445399648193421,0.6350001647045164,0.08447544821068911,0.07573393927001407,0.04498077448973836,0.3482438464403372,0.1885163310488886,0.21822440923046824,0.44956998580520613,0.22731861804831144,0.2869467061713941,0.08759153890215264,0.09183019777000749,0.1961002730492966,0.22470524693802932,0.15871779577700088,1.2185331545507794,0.025197605408923584,-0.1593414605469441,0.3097813662082848,0.39077218174604483,0.8792809058438109,0.2910439197342042,0.33751868132918267,0.32199606420413746,0.07587541537168192,0.4493317257628081,0.3916853789321914,0.28308996141609055,0.34066224820042246,0.1973661656484593,0.23013813958744714,0.1377201083660676,0.3089297917384737,0.3063440962072573,0.5050293484465819,-0.03640540520587032,0.2529960298502759,0.18214364430483462,0.444128205246751,0.2499795684066391,0.13858075202241002,-0.0005627276275816275,-0.09136645834566867,0.4483140353785854,0.6999979135292138,-0.0034318153689704557,0.23099117864401356,0.3505233971089389,0.12990523532412102,-0.005880502088269885,-0.2956482297511165,-0.20137630818513516,-0.01774011429967667,0.1019449269966298,0.016932954292521694,0.16703907336016466,-0.34200738891659943
0.18684286620298848,0.16383719763579918,0.17560964464959622,0.18766507241887836,0.29779981142886086,0.2968414402113206,0.03646474308250809,0.17114832307012653,0.06183810660288414,0.03811311673889129,0.05075161659552076,0.08920389567511712,0.08879953636704936,0.1818792016990918,0.1319142932804973,0.1701337439154454,0.10935997282902596,0.025197605408923584,0.768134832131154,0.02871282287494351,0.09437650885134662,0.11085277610108529,-0.1592141433978225,0.03582499590694759,0.05062357907336818,0.027275217114932606,-0.008672279915101137,0.005259048664916819,0.06459026266184699,0.034672751543079694,0.09997558496684582,0.055687915355325315,0.05464440325202796,0.03684819490862854,0.00366284563177847,0.06942092906819829,0.20460882973460873,0.05628024173259511,0.18762856670249944,0.03294633025484979,0.09014644546362348,0.080436344294479,0.04707315814868596,0.046827307940362724,0.14260501044994367,0.08634634736498024,-0.017961122909077153,0.02300862304876635,0.02994020577454171,0.11525897511034,0.1340826906411618,0.26282800033059694,-0.3050176831622408,0.007046731198076185,-0.11507327201029899,-0.016060773401481175,-0.12868929887914762,0.2376901722986813,-0.06003209853143033
0.12205523813273522,0.17100854484244815,0.5288198276866737,0.35727085253626073,-0.04257448224313236,0.3920929597437392,-0.08621773686378463,0.29107090149193565,0.2271076937461857,0.20058475723321226,0.22968146627368427,0.11566221910537783,0.07915014639529333,0.36914498534747764,0.31668580399082896,-0.005101256265438738,0.21094645366736303,-0.1593414605469441,0.02871282287494351,2.0018097296837807,0.35458020460876677,-0.4912969051598744,-0.5807774693963522,0.24661521968959768,0.09682274519078857,0.3727783494653928,0.3446959084323922,0.4665589045155196,0.185492459437365,0.7123037104867793,0.4789855419741559,0.012478122346082728,0.5900544248808324,0.3417774738320464,0.0005233114237254341,0.2798272597992749,1.2341241239036536,0.9489229910950161,0.26390388501233636,0.39627263343273295,0.6710700704067754,0.4446505715172343,0.8240185045639022,0.09292846255743334,0.47044007648459596,0.5548838323151739,0.2688405184701889,0.07378959601546513,1.12149044522672,-0.19768827035175984,-0.34646554273199115,-0.07245810313277547,0.4678762780751909,-0.0434836568146858,0.012035441943624854,0.026298257175718317,-0.2520036290079634,0.16480381431390276,0.14607663172027704
0.272316269244089,0.6769547205536254,0.39399380713060933,0.18265263820220448,0.12081244580303398,0.1308795758533396,0.19945698297548456,0.11869113698683993,0.16978951431180667,0.21265629798561617,0.23383613857100097,0.16264438787624796,0.08617430420605283,0.17826125019120448,0.21753055168709504,0.18796584258361165,0.2651400677266163,0.3097813662082848,0.09437650885134662,0.35458020460876677,0.8247688860864214,0.18479223666799927,0.11311309463714771,0.1987737384708933,0.15861232663315517,0.38855031207890234,0.25274263037147604,0.6732789743957509,0.16212007634374412,0.23859482612568592,0.25198347039566477,0.24944197033242768,0.22984567897370242,0.20533814582964596,0.17716327339558144,0.23372066876953893,0.3711948921093056,0.20928952441905702,0.1581477033790479,0.2283640371241854,0.44936595918214994,0.6728974358519171,0.09926117718302242,0.029418189006636297,0.13459471547851531,0.33970977407835096,0.3327906451085703,0.017594058383173815,0.27779696356225647,0.05492173621880237,-0.07237077875847008,0.011799326318198605,-0.020341919641467282,-0.041038721150799026,-0.11679178901184169,-0.019548377719552174,-0.12224278921248621,0.13937100461500052,0.060860804460086786
0.3377533843304755,-0.026466120904824836,0.5256126457070595,0.09977953563390918,0.14201951249930703,0.10501596931124711,0.25325214605257296,0.13579213400838724,0.08401526927486967,0.2666348723002868,0.19602672342945496,0.19785170041897052,0.20677658088150663,0.10206223318279653,-0.004034666598248251,0.25519519189962037,0.39198552738619313,0.39077218174604483,0.11085277610108529,-0.4912969051598744,0.18479223666799927,2.3748771148939865,0.7625649295755447,0.24523242006387289,0.27041375859014544,0.17994836444377707,0.2228497862369123,0.14956716913251603,-0.009539786485157945,0.032064643495252995,0.0746147795843241,0.422390964864809,0.12058322190133426,0.02908192559701637,0.1986112865549905,0.15939221455037492,0.05077469735083824,-0.24709591049436275,0.18526643745728077,-0.016597482091943297,0.17978531875844092,0.13162754913092944,-0.2236751632568928,0.09675299165799785,-0.45712466335130447,0.3202325793984279,0.2936792268121658,-0.01117660288098268,0.0928128030168166,-0.15976725066760747,-0.019293149756131004,-0.4289761042074798,0.07693875114369385,-0.11077932354150487,0.0855139461024767,0.042159504190944434,-0.08531330274115173,-0.11475999881668501,-0.05913257788867726
0.28872626871552687,-0.1526395515653514,0.5225167525963403,0.032016421912276646,0.023965483553918115,-0.020675155732757626,0.34536972465987753,0.09571702844073017,0.1883330517078689,0.3432752951466293,0.21457030995501572,0.2847662069267088,0.09855165193131181,0.008088704474631442,0.10381211732099378,0.25074789472864795,0.21054681332295888,0.8792809058438109,-0.1592141433978225,-0.5807774693963522,0.11311309463714771,0.7625649295755447,2.3294108694544984,0.5070298038956706,0.608043417599907,-0.12364927925719803,0.2372255367676522,0.20459628105735947,0.44649127562520213,0.4161934253444553,0.017008796143493862,0.14016784043317063,0.5567914781419154,0.12267901838170547,0.3301189086508445,0.13142836592089258,0.3675381430952672,-0.2585385530189111,0.535875521829329,0.1338572651259642,0.11995032705724878,0.07519259565996672,0.06549868361809201,0.0348467546369515,-0.5274096654913999,0.4046260122466372,0.7202038161732138,0.015861761012671893,0.3529112552840302,0.424431757617339,-0.23023438483249048,0.03647301267098969,0.06852751460845931,-0.21400921863161693,0.2510092065484018,0.072711265860087,-0.09146565165065285,-0.24394359697784118,0.042576001982710714
0.07987964603692009,0.042272391887724456,0.35875049659841424,0.19110565706787264,0.08536897548861053,0.14150255428513303,0.1491979004281462,0.12577026079782164,0.12646692487944436,0.2496219699780834,0.20920058389988164,0.17529658993337557,0.09581016785059215,0.12337190840584684,0.18810889352547389,0.13652858714922256,0.19551075641719157,0.2910439197342042,0.03582499590694759,0.24661521968959768,0.1987737384708933,0.24523242006387289,0.5070298038956706,0.6981734071486394,0.2702210531828428,0.21942103427854265,0.2859994616092617,0.43868949443653754,0.17124117047138604,0.5333982552507864,0.3283364871889448,0.22990433542960795,0.6149908669999504,-0.005806860279686206,0.02735218338343252,0.40365732373645796,0.5017273191896179,0.1372484725791663,0.17031230131210173,0.12232261544016612,0.5325249768061419,0.2063090183784346,0.10358287857591153,0.052348390779107405,-0.37674435940146966,0.5407549309251594,0.39375728913356517,-0.007318720081900518,0.4971413427719274,0.15903928083466218,-0.25046756720501057,0.027121938394629775,0.09053513382678259,-0.08348669323137146,0.13204100756309312,0.007064636357231234,-0.09220361895779372,-0.2908524538509516,0.33070932489029414
0.34231686361421937,0.050719885895752014,0.4364847964414001,0.13373422008633062,0.10339232524312389,0.18082723811240875,0.1903875514980101,0.18645177682444972,0.1507433438860586,0.1903650921434062,0.20574832974158316,0.2648352124369154,0.10077285441929444,0.1741752270084598,0.1997557809930214,0.17636134005163032,0.24302394612887027,0.33751868132918267,0.05062357907336818,0.09682274519078857,0.15861232663315517,0.27041375859014544,0.608043417599907,0.2702210531828428,1.2232151402072717,0.2123252601823224,0.2502119771489613,0.14239001638283744,0.40080320818845916,0.2769136470178417,0.09671928888984917,0.14168083899303038,0.24235111966069678,0.2576908736422215,0.33358843354770573,0.1194747822516242,0.268555918768647,0.07054723508740411,0.21319351088729377,0.10688742672913736,0.12230904897285914,0.1595205588764136,0.1751601633647465,0.0750080357585284,-0.15184932201015802,0.430344891267425,0.35703635859056415,-0.0036350681875447605,0.31254662506754566,-0.0571309791340637,-0.15651333999869296,-0.07008882362464129,0.12566701329057905,-0.053124624638642516,0.07928455964178523,0.062970667043633,-0.08322820159506125,0.07229961009568121,-0.1623674930894098
0.27446098347272,0.3400146315547034,0.3329620802683683,0.2520336870814585,0.1423391779685242,0.25630119860272255,0.22522683842011967,0.18139943656383908,0.2585169317618697,0.11418322617245694,0.26581701802190105,0.2702961973748042,0.07978269688676579,0.19906946249772034,0.18135431980764144,0.16343113653910343,0.19173802797730827,0.32199606420413746,0.027275217114932606,0.3727783494653928,0.38855031207890234,0.17994836444377707,-0.12364927925719803,0.21942103427854265,0.2123252601823224,1.534343401095949,0.358315834007509,0.6262541251126845,-0.12949547744215403,-0.06797256972182522,0.32777361579285536,0.3297772867324568,0.17374815660911924,0.2334427664216058,0.2093291554030572,0.35799107224802007,0.26065788209805724,0.2181133873786998,-0.5396347704339102,0.16235900718116406,0.6278924635717461,0.3850528506497677,0.21200058764319948,0.0336356443417572,-0.28159164049658014,0.5492211920662295,0.11624229308893429,0.029317199875490786,0.5016601094851273,0.049172018871524996,-0.1955189465928893,-0.1894031609413785,-0.05016499696076658,-0.016180257987934613,-0.04293676672864954,0.016227835430017802,-0.1642061383311914,0.16954398775600013,-0.036694885659279614
0.2674460365859297,0.7446495192054274,0.2283135614540365,0.06409134499747285,0.10704719986738724,0.101307772283452,0.2515871372390659,0.12172330569453108,0.19324275534456956,0.22873661051801553,0.24730822030447505,0.23554172283057712,0.09235050501207726,0.031471706656644165,0.2124808979867322,0.0611490942296774,0.21854123236757966,0.07587541537168192,-0.008672279915101137,0.3446959084323922,0.25274263037147604,0.2228497862369123,0.2372255367676522,0.2859994616092617,0.2502119771489613,0.358315834007509,1.30800752794555,0.6707027274656161,0.17942654246026127,0.2645039014143957,0.2842017263264889,0.22306348913202495,0.4022557608125596,0.24540484845402863,0.3395758752115033,0.30764128368812677,0.4353748905345411,0.17167906794025242,0.11234671871542358,0.19999560703181424,0.3790746198241278,0.24799882280821703,0.24012919782174097,0.002667790263809064,-0.23556508998544506,0.6109667383264247,0.22004671937097622,0.009180030956329525,0.7667443183190277,-0.0214733242596079,-0.3352321130131231,0.14457071986014033,0.22974239095297358,-0.0583784182118117,0.029861891449548365,0.15913027803876537,0.07314789800750919,0.05194243753996674,-0.17990836561984877
0.013403042615440165,1.0919517084199692,0.34972581141377956,0.15110710435378233,-0.060215648134942706,-0.0102690763229303,0.1597949874418612,0.016570767044716207,0.1977365754330556,0.30814926228084205,0.21983939427003413,-0.13460881602719565,0.0724875806124061,0.06800543729101487,0.3496345915923028,0.1990204339599004,0.3441477736232872,0.4493317257628081,0.005259048664916819,0.4665589045155196,0.6732789743957509,0.14956716913251603,0.20459628105735947,0.43868949443653754,0.14239001638283744,0.6262541251126845,0.6707027274656161,4.863236479519953,-0.2690645223028709,0.2936270796811767,0.5051317297788831,0.2915502764292548,0.6715538048767541,0.1891218233751489,-0.0835001123108653,0.545596157253453,0.8674183502849497,0.29738897846210915,-0.0628413627029527,0.16595812450355313,0.9620480208148512,0.5959268267830429,0.2963702344881618,0.004139445219680179,-0.1726546313896277,0.6324974054522973,0.3558076747436943,0.02500023698499072,-0.008249524706120547,0.032818724513156546,-0.2781712184356891,0.8664285385021349,-0.36013150841165514,-0.17063745030109542,-0.12391433729242401,-0.042774306578856884,-0.05967271819195326,-0.08233638703103083,0.5306137542479398
0.49371565288914726,0.4799399232981692,0.8144706644566562,0.09190619083226274,0.178919433819471,0.2720236234811477,0.19537234294351494,0.23538048549984017,0.1358740802973122,0.23767230125545913,0.25232317616395883,0.32931029473374307,0.15351663599105803,0.2689158644648433,0.3146544244797311,0.3533798548199815,0.2612181220465534,0.3916853789321914,0.06459026266184699,0.185492459437365,0.16212007634374412,-0.009539786485157945,0.44649127562520213,0.17124117047138604,0.40080320818845916,-0.12949547744215403,0.17942654246026127,-0.2690645223028709,3.187179454765452,0.4331062712916278,0.0117990252446311,0.18433409765635353,0.030924528788567194,0.2961611489985176,0.44631121368955196,0.2386152793386282,-0.4472024040727423,0.047780449856404804,0.6059674585806918,0.2553813580175128,-0.1294365688801197,0.12740929707807677,0.07094349804023739,-0.112107491457267,-0.2403518987370377,0.3231986526121831,0.5750649776075422,-0.05132822412626812,0.8986082153427568,0.6906051680246749,-0.456475729859996,-0.10346097896237219,-0.29763290724993346,0.09358147544654656,0.022816871816145,0.04117489595075021,-0.27111989390731933,0.41637912601524063,-0.2516579208100385
0.5690195662862109,0.33573845425166726,0.8402235349313133,-0.05561810131587526,0.023710520492459464,0.16159077342239173,0.08973260677287258,0.26698589682291124,0.1687488571929465,0.4772129193540888,0.07531356887686359,0.09463550405273148,0.11678697273672958,0.2955713128815425,0.2771534389072904,0.0989888187592043,0.16803476190453168,0.28308996141609055,0.034672751543079694,0.7123037104867793,0.23859482612568592,0.032064643495252995,0.4161934253444553,0.5333982552507864,0.2769136470178417,-0.06797256972182522,0.2645039014143957,0.2936270796811767,0.4331062712916278,3.3337747567644387,0.6054630049857731,-0.13775413655138483,0.364335967707268,-0.1712710396024073,1.0707460761093512,0.7858159364664429,1.3816392371865436,0.41879923037558087,0.8410479826697044,0.7395764615010445,1.3020314504298092,0.31887152611594144,1.4449619072452093,0.20409178525314803,0.39506534930513293,0.630465964730406,1.4399922885049568,-0.01776524106633882,1.2259589176041712,0.07912240116376969,-0.393604068116582,-0.24567902963470128,0.33519087558983124,-0.045251321757390106,0.23952182749168946,-0.12858323395240642,-0.3639374188863642,0.2784430727489523,0.09934088786499962
0.2857140550663721,0.3868242801323901,0.40435107949177185,0.1814732951888483,0.10108757518861203,0.17573061104045887,0.14636857737841433,0.16719398678117872,0.1697675466375051,0.26776713200963187,0.17480071362537006,0.1837016583867007,0.08493994061630146,0.1991441255829296,0.21587580436667225,0.0914958711329638,0.1877501976576895,0.34066224820042246,0.09997558496684582,0.4789855419741559,0.25198347039566477,0.0746147795843241,0.017008796143493862,0.3283364871889448,0.09671928888984917,0.32777361579285536,0.2842017263264889,0.5051317297788831,0.0117990252446311,0.6054630049857731,1.0551665802159857,0.15487717019496028,0.401179831768125,0.06839684551233478,0.15734740086283716,0.8196081753950994,0.9508621398317929,0.2882139625809909,0.21145564579712592,0.11444310937157513,0.9523502810190493,0.26647415057687884,0.09291777927355355,0.08641065613739232,-0.1622011018554294,0.8144996595805272,0.43407335098104344,-0.031559845014410275,0.3284099811441195,0.2360412542415833,-0.15080099097622074,-0.03630353702740333,-0.04218425373508288,-0.06325316710554389,0.06129416620680439,0.06548596642269981,-0.060165327862996554,0.0012828876962916321,-0.03678683189043901
0.0935391131422986,0.1600501415671455,0.13359158834020476,0.1762275942905639,0.15118302361937694,0.1035126711458075,0.18041476886118163,0.05714292518307547,0.07240115233103202,0.11813996164415831,0.1842872241090494,0.23746017641117964,0.1020038166450265,0.07409652482040152,0.06103738829906102,0.2652125354492172,0.15450917955268423,0.1973661656484593,0.055687915355325315,0.012478122346082728,0.24944197033242768,0.422390964864809,0.14016784043317063,0.22990433542960795,0.14168083899303038,0.3297772867324568,0.22306348913202495,0.2915502764292548,0.18433409765635353,-0.13775413655138483,0.15487717019496028,0.8557049406250878,-0.138875564682196,0.19392967754059665,0.09653556214551438,0.3023836672878824,-0.18324901686465642,0.010776737217818903,0.05562147902414048,0.008146416470362475,0.31108463182130436,0.21439943593540933,-0.27803818119557483,0.0363370385459424,-0.31216545428621545,0.40202722450063283,0.08671711347583834,-0.016846200125874275,0.331880015931216,-0.03176268162988067,-0.00040983355674329114,-0.11291841550391173,0.060386437974446414,-0.01804545636161355,-0.15563375603135943,-0.007620616671544359,0.22260109143652812,-0.11523096365288209,-0.11280030817385564
0.03457262175034558,0.08487064337553196,0.3050954914869266,0.23156629754531152,0.06774744037232137,0.11709297513828602,0.07016063933730751,0.11822557430497661,0.13545645403694898,0.23282792054033583,0.1306256320915527,0.12145579490164228,0.08496009785624277,0.1365314653178452,0.24255107851773705,-0.02550799730325089,0.243505264929077,0.23013813958744714,0.05464440325202796,0.5900544248808324,0.22984567897370242,0.12058322190133426,0.5567914781419154,0.6149908669999504,0.24235111966069678,0.17374815660911924,0.4022557608125596,0.6715538048767541,0.030924528788567194,0.364335967707268,0.401179831768125,-0.138875564682196,2.403881732752917,-0.08110989162420881,-0.694850177751344,0.2964564090020624,1.2952960175648682,0.33731947475757174,-0.006421209768591063,-0.01691673642657482,0.5417166563779029,0.2743081003717106,0.05446085579759524,0.022684303985080312,-1.0213801327097638,0.9524444213794534,0.3451585290642803,0.029482337056764885,1.2016062623601598,0.4946092245318526,-0.5862212733913191,0.179956541410783,0.03588250034740474,-0.1667276582153525,0.2834601589054998,0.05225104633711824,-0.28693925067968495,-0.27256570103612865,0.4836701308364102
-0.22987182799075562,0.16020028694225424,0.13838274908502834,0.2797258381477506,0.06811559130616078,0.23892417527583282,0.1550614473059425,0.19193707532812043,0.16040512114353314,0.1714703357154236,0.2227617245562507,0.24806322340205544,0.055654568270362394,0.11669562961102489,0.16169544036175132,0.22753555637510092,0.22142254757203056,0.1377201083660676,0.03684819490862854,0.3417774738320464,0.20533814582964596,0.02908192559701637,0.12267901838170547,-0.005806860279686206,0.2576908736422215,0.2334427664216058,0.24540484845402863,0.1891218233751489,0.2961611489985176,-0.1712710396024073,0.06839684551233478,0.19392967754059665,-0.08110989162420881,1.3198235189913243,0.4448227578916115,0.04742238513096993,0.30014764700382235,0.21440836221785292,0.22677419474099833,0.019919660657476586,-0.05511409551200962,0.1913968964136053,0.13591251437534188,0.14177997458465477,-0.27478992885980047,0.22405884637434748,0.14333022317459554,0.023155493062110583,0.7246249450396111,-0.0973857843949473,-0.18560258744168495,0.0575086851047342,0.1647451158330845,-0.0730554837014284,-0.18302196297860787,0.07569283424864019,-0.09868957197537116,0.13145788688685162,0.03139384738563957
