1.9764370695579525,0.5168978391835215,0.23902545515435641,0.2331916629644534,0.6505660859074593,0.32670136081326207,0.5483681543210192,0.43261109182569185,0.2876524850186484,0.3649117220827916,0.3231324324026094,0.39365443909918724,0.3710172520407341,0.4991952306711793,0.3010420015602948,0.42798283061116466,0.25546093284336574,0.3252588608727545,0.14947921023892888,0.24832029173446973,0.26008599245414554,0.3683778260531335,0.20390375704238337,0.15008641875193884,0.5880742847283249,0.15398030138307253,0.2686187047341863,0.0246820141497716,0.4513653081420977,0.07078725835510442,0.2801628591527676,0.24074724785983517,0.15186610955178964,0.053179990806025784,0.1381937840164935,0.2076894900485886,0.09596245975848142,0.14766365516408778,0.4397995739637863,0.17661359014642303,0.2759221502619196,0.22923127031711746,0.15060089167990853,0.20649467303856572,0.2672972837599248,0.24146347797867224,0.2759548881501286,-0.049465752650800214,0.16109879324111542,-0.19728011750524618,0.1051046018464687,-0.08780538332157968,0.1903824984267867,0.06357767047383225,0.22350169914036808,-0.02491921779988352,-0.036006834664702905,-0.16122396161901184,0.03857720438393034
0.5168978391835215,2.975154247434201,0.1411586185188445,0.059157551697455076,0.3063297837119857,0.318149187950618,0.17406747230064318,0.2712779646194939,0.12267189240035348,0.2193104431961559,0.17958737470802827,0.22515575517284592,0.23152148730412633,0.12080805928539708,0.10525670048093856,0.27444897389050593,0.1089749256489988,0.41008978937194845,-0.07351879596613153,0.17735900792781822,0.24979558563482612,0.17584124885937913,0.004928819645717786,0.042109677761214534,0.3520545238669874,-0.017109750126697607,0.28609427221986083,0.1708647176923245,0.40253170367517094,-0.10329498995642003,0.2405146451580542,0.14667013752239388,0.08380468641655787,0.15124877592905203,0.13145615131921579,0.15212279525909508,0.31100275431501867,0.09318202371394854,0.3326213710617173,0.19248570518999816,0.02069585176373005,0.23232841628712106,-0.030061788038573237,0.09843047935366485,0.3559568246857819,0.16859969441134268,0.19580198394545947,-0.0400808182111505,-0.15420835442077163,-0.5840062871828319,0.5760752812035667,0.02988707500998214,0.03530129653393877,0.011605874959173246,-0.34002654272901284,-0.043480051587003285,-0.049956167666369795,0.04376968180935732,0.28196858510190026
0.23902545515435641,0.1411586185188445,1.715437655085078,0.07057476783448706,-0.41901484069091094,0.20653473431682157,0.15666773647530394,0.18804317747431012,0.3303042148440244,0.22512412922004554,0.14500788938811443,0.09250935285069084,0.1860161346828555,0.10586149763575498,0.1771903520369989,0.056953738977506475,0.18705810661141048,0.16488119941430146,0.11380523199829376,0.11451549474970787,0.15235557292152815,0.1920224656177856,0.057135246891513884,0.10181394511954336,0.14756523359695933,0.14549952354744225,0.1168193646643466,0.1987120915629679,0.09514708981163249,-0.2278085287631278,0.13343885265287472,0.14528964698411242,0.1919176674632991,0.01589813921838264,-0.19476833226034165,0.28171922918220704,0.028070568009538558,0.05624307925399132,0.12797238470161984,-0.16861504912609182,0.2807666206908521,0.15247337478224995,-0.05243348151975466,0.14703568200329833,0.18067349113449427,0.3291352242531701,0.028425492900494637,-0.015164506569494751,-0.17826781877613476,-0.10208802144912155,0.07733131796602818,-0.004704060675734297,0.0816486860511864,-0.12082433265170027,0.00544078484599453,-0.08689648886312161,0.05449823265248511,-0.13891276379788284,-0.008171256358303724
0.2331916629644534,0.059157551697455076,0.07057476783448706,0.8888956109923228,0.5288338295168958,0.3681560218788193,0.3262034376064406,0.29530980170756577,0.17536051901708674,0.21168427031618414,0.26582867155188317,0.3021898233194026,0.28276295655201766,0.2804267605618706,0.17491734910211273,0.28504762932375727,0.22481591599753353,0.2013611204759777,0.0364479435525036,0.2437543142638492,0.1610118457953609,0.21649496367996893,0.1884989387095078,0.18049569316521172,0.19432338377072483,0.25342317688766547,0.17593673927755715,0.06504862329573025,0.2560474852537122,0.048748476449308735,0.14371972484400627,0.20636228437382764,0.10840943035043907,0.29856488219772004,0.13601669736078892,0.13892980657837692,0.1260053189550763,0.13531886612388305,0.23723569983734294,0.1044572145007085,0.13842685991460232,0.14696432990368297,0.1826014232859276,0.2077247282189353,0.10639172110809417,0.08790094673718035,0.1772871859205367,0.015106846179257925,0.15421527549750802,-0.04143777777932573,-0.0740634314789583,0.018931826736607798,0.06953443319215706,-0.0376648042969502,0.010170817149608229,-0.08636398298520011,-0.08242957417011021,0.0505121106654487,0.09992190802518167
0.6505660859074593,0.3063297837119857,-0.41901484069091094,0.5288338295168958,1.5225120067977604,0.2693819180661078,0.3474104910086188,0.4892959459361147,0.21155278833590963,0.2580394543924518,0.33404705111002025,0.3784786863356744,0.3964693766874662,0.33326522913857426,0.23090311763394095,0.32676337609242806,0.21714604871183973,0.24360571394083425,0.02890636667911357,0.24315877775414083,0.17845496052400994,0.25116278031570155,0.2530744163888162,0.177832504750347,0.17594060030253647,0.25573552506760616,0.20038553918737134,-0.0038733400232197333,0.35661384342326286,0.06939083077305994,0.16083340341551253,0.2197541245232002,0.06816377117796216,0.4124960708625863,0.2610538124206642,0.09621497826301519,0.06868021358011675,0.11849244977993738,0.3664029926773966,0.23897968291260466,0.0751609851496874,0.15958176307658883,0.16430757892497294,0.22747395615058394,0.15848877738314196,0.021150154246778376,0.23108222727819513,-0.0034301779376074257,0.2690862603172569,-0.1708726087619225,0.06521286397547033,-0.04570251222805617,0.07638886912024885,0.09432148622049083,-0.0569399036582044,-0.0868341342349554,-0.20016363020667324,-0.07661310957749214,0.4319112864431717
0.32670136081326207,0.318149187950618,0.20653473431682157,0.3681560218788193,0.2693819180661078,0.9939248790942536,0.20751669801425685,0.27823140951668474,0.20972451902953174,0.2412850740932021,0.28995196231094256,0.25551435252663174,0.2611623253816031,0.25452301486794077,0.1769414115308213,0.27672317539308455,0.2965959384272141,0.23837493825575665,0.11613919321867888,0.3749240543228242,0.22144757358177714,0.25745272670961855,0.17031120645782455,0.1944489033434786,0.3448896263643614,0.2762502114611146,0.21050991506849917,0.04336439118632946,0.3385038045505458,-0.038209880982270586,0.21353826994627945,0.27740241631719986,0.11351014438366978,0.2462492694133873,0.08793698747009358,0.1365089244452834,0.2288931392879594,0.2000107537876466,0.2378210595304024,0.12632804637463782,0.13992972209052815,0.2075160796071541,0.21938016827207665,0.1700914485848782,0.16859180842523683,0.16106864180503186,0.1792499449988455,-0.022873934022349482,0.04012648678013793,-0.0817526660489303,-0.16341945219275952,-0.08043773694253005,0.11475708598590616,0.014972784328539797,0.029576640980827084,-0.04388868601717094,0.04013805809556599,0.0689858902362743,-0.03569705875081321
0.5483681543210192,0.17406747230064318,0.15666773647530394,0.3262034376064406,0.3474104910086188,0.20751669801425685,0.5352507691654635,0.1939874331994181,0.25173766003273873,0.1927801457495673,0.24126795623055014,0.28052745270132273,0.24453187831576018,0.16635226360996433,0.15933576762837606,0.22820818817714916,0.18698432200611567,0.1850050587400089,0.02840963167037243,0.18636144117604767,0.14950189005037484,0.22875922596679266,0.11593351493111852,0.12209722036278663,0.22909764411537645,0.1585462415541259,0.17664298991148963,0.056341895677771654,0.17753004157614394,0.020341458805415154,0.16032451145798507,0.1775255814715688,0.100652993481673,0.16999227927068603,0.06043272144725679,0.1341202099239907,0.10751363820208172,0.10310100309746507,0.24413782656924216,0.07136832198006764,0.11760115672665326,0.1401661275786488,0.12119486762848779,0.14943589977980026,0.11326038211249774,0.10964489193656532,0.12996795204838746,-0.017370708841151834,0.13969574703105536,-0.18513164590104206,-0.00554606450021998,-0.04154395537462204,0.174694036210232,-0.050779521071402385,0.13387895689749119,0.04830668179341286,-0.02470288326793637,-0.08383639827737414,-0.0879156431103008
0.43261109182569185,0.2712779646194939,0.18804317747431012,0.29530980170756577,0.4892959459361147,0.27823140951668474,0.1939874331994181,0.937600009657088,0.12830377871466886,0.2515112558234435,0.37557228693316586,0.3515830861403361,0.41279783758645616,0.28149080442282,0.15204149640813747,0.2477011638346439,0.3041290559508404,0.2467710531160758,0.1299175801102899,0.30522394654596574,0.15315081104895578,0.1991431932488925,0.19508426146657584,0.1441364088745054,0.13051289067782126,0.2417088428303216,0.2249350890009967,0.07416509488752833,0.304639267447398,0.09668687045762238,0.10742963341544962,0.19511628304735906,0.08910532425534239,0.23283762770018515,0.09628275111587879,0.09755058722340133,0.09270503404910137,0.13412440638563322,0.4966272609601697,0.13529437010464476,0.15620003871460783,0.12751322660469305,0.16461233857656216,0.24194597558691636,0.1313928375163734,0.11012760550639468,0.2578945958484651,0.060932092271512577,0.2833659546062765,-0.08542772271718958,0.03969003387972184,0.0030871234807475284,0.0814592881671243,-0.03796614322704331,-0.02549803078571831,-0.12923991738570778,-0.09004053192112474,0.14216899318783016,0.1053478760154728
0.2876524850186484,0.12267189240035348,0.3303042148440244,0.17536051901708674,0.21155278833590963,0.20972451902953174,0.25173766003273873,0.12830377871466886,0.5544432585600958,0.14186568161872154,0.1340255728767276,0.07719125414421044,0.19396504034867582,0.1547388173686627,0.15571773797751168,0.05146617772839689,0.15471248698749207,0.15982783671493864,-0.032580881129062905,0.13952066913733832,0.11583132776173831,0.25971072761937974,0.09568919333111316,0.09187956643283218,0.043053099796048364,0.16018365160741277,0.1124182577999158,0.054579490997843705,0.05762178272098843,-0.0595935510523214,0.1527675475722782,0.146634341036796,0.10438091695196196,0.063646841284021,-0.010100310846292308,0.104434768127464,0.013737458282775544,0.07370661558378765,0.1474937733872404,0.03840462965645226,0.06524778657009872,0.11026812736857872,0.03891284578617905,0.10380552079442612,0.11712280587838246,0.1552963127005849,0.08683284580394707,-0.06323856819459205,0.1428725178182286,-0.2573881320043197,0.1662053510926974,-0.0416632326353916,0.11225841036403644,-0.04419123137486436,0.10853748283825027,0.06664543147592063,0.031833873441109495,-0.17412536760717842,-0.04777459088327002
0.3649117220827916,0.2193104431961559,0.22512412922004554,0.21168427031618414,0.2580394543924518,0.2412850740932021,0.1927801457495673,0.2515112558234435,0.14186568161872154,0.6149497081447739,0.229492957331221,0.22698325867294913,0.2410859841752572,0.19695119891391294,0.20540000944137018,0.1119584113320897,0.22359133981307666,0.25927606413133314,0.1358921870276561,0.20294037489787983,0.1272070630132195,0.14097092259607555,0.17291461498813218,0.16226570275691643,0.20942917835710106,0.14127743050918898,0.17356935514560928,0.08374373946554643,0.2991194716750682,0.1605733405235956,0.16790577019826264,0.19581095796957643,0.0815123223922107,0.33980606013370107,0.1975162541039502,0.18594099084686053,0.1632829544397575,0.1018312180491055,0.27709562609012206,0.12920367600701138,0.25927224403070065,0.11567338592377659,0.08517378287780145,0.20814876065930218,0.17168794758792125,0.16120401460304712,0.27149784358663615,0.023465618493158362,0.02875319158636314,-0.06819982926937218,0.10586627037103713,-0.1575855358815981,0.014002275199563376,0.06398013702142816,-0.0322138203193971,-0.040010515691784,0.16584872450639768,-0.06090390207520465,-0.04527355459673205
0.3231324324026094,0.17958737470802827,0.14500788938811443,0.26582867155188317,0.33404705111002025,0.28995196231094256,0.24126795623055014,0.37557228693316586,0.1340255728767276,0.229492957331221,0.5472794260968369,0.39398188545533885,0.2936976704343258,0.18357561238512726,0.2394351595022266,0.26004127449693726,0.2554735839512948,0.18020151749851485,0.1088228486749655,0.28027279438730823,0.1743406417347711,0.19527600247678553,0.11758178902617482,0.15197061590323935,0.11362476620469107,0.23361733508560092,0.22055578394764594,0.08679117951433848,0.24181469846494255,0.08062968306770846,0.20863433783447502,0.21897480725987845,0.0925967786847073,0.21964240373564228,0.17147299846668856,0.13873494335529582,0.06018260066840803,0.13254408346397126,0.3247799427405591,0.15191969438538025,0.113340254629783,0.1594639607300821,0.13748219311227342,0.15367711454505192,0.22273600665435422,0.12515609262923874,0.19547528734107897,0.016585640008223445,0.15381566341508576,-0.16378799971340538,0.053210124392054074,-0.03912797955509224,0.16138126573589812,0.0200131277343165,0.01027414228279906,-0.016254383480050146,-0.020345743250952855,0.004360845599479919,-0.013585876728299924
0.39365443909918724,0.22515575517284592,0.09250935285069084,0.3021898233194026,0.3784786863356744,0.25551435252663174,0.28052745270132273,0.3515830861403361,0.07719125414421044,0.22698325867294913,0.39398188545533885,0.8185853278339125,0.27676504810215297,0.21667806432816886,0.19957591381320666,0.30001329078596467,0.19852895193713868,0.14987896686426608,0.12145327047504524,0.23832461442825106,0.13294956991270437,0.18142118752145225,0.1312457201322806,0.14191986999773235,0.22331802823920816,0.2143067630228859,0.27413982565234263,0.0620384474780368,0.20873833277773543,0.08005504825294671,0.10881544605464656,0.23550839904268006,0.11214465653524307,0.21967475992819013,-0.0008664181069007158,0.12004640694940968,0.032352557637224486,0.12840660891719022,0.2930172272409986,0.10465244553019466,0.13766114956644748,0.11630650596900255,0.14338145173028652,0.14594115484260198,0.13155084220257304,0.11556079152828347,0.1838492742742679,0.02887476024840862,0.18581781936366912,-0.18958476297150526,0.005374691834940114,0.031363899649559955,0.23128864082805953,-0.018771613135314592,-0.00022799335530743404,-0.0039466329536309705,-0.09198839491891247,0.07770973958756915,-0.009917672739130906
0.3710172520407341,0.23152148730412633,0.1860161346828555,0.28276295655201766,0.3964693766874662,0.2611623253816031,0.24453187831576018,0.41279783758645616,0.19396504034867582,0.2410859841752572,0.2936976704343258,0.27676504810215297,0.5306897909867708,0.20820890888428786,0.15458602519683967,0.2601897739749261,0.24035681666984873,0.2177005240411421,0.0993973672636799,0.2204557994924923,0.16902836220691664,0.23708276938931946,0.18233201016468104,0.16510143519609982,0.13259668114359158,0.16304372731253744,0.21011456097006978,0.06664491789552478,0.28433656185940276,0.08320874120088322,0.1390384374552974,0.2077782796803206,0.12006032906775235,0.22748565961940237,0.1418654696743331,0.1366760660641056,0.10721711142253959,0.1010858756104299,0.4002915914835989,0.1138095524716844,0.15143041742667424,0.15220834465735597,0.12254432560424738,0.2407935681868176,0.10643978512149377,0.1395381134141206,0.21007993209162204,0.02318810765249269,0.22168711388149018,-0.1130288611362818,0.03195202942659551,-0.07003511895203848,0.1253144869673811,-0.04082063568396849,0.02751436044091231,-0.07559467318962264,-0.07579618709593614,-0.10822263847763479,0.2130231932853865
0.4991952306711793,0.12080805928539708,0.10586149763575498,0.2804267605618706,0.33326522913857426,0.25452301486794077,0.16635226360996433,0.28149080442282,0.1547388173686627,0.19695119891391294,0.18357561238512726,0.21667806432816886,0.20820890888428786,0.5234403785907759,0.2172886895287337,0.3411819336178331,0.19869250258724988,0.1477535399151928,0.12082253666331302,0.20181997477527922,0.15220377379525965,0.2398023566567299,0.16876725155060354,0.15608141590258928,0.22724394162051084,0.2187764398911917,0.1592764234017594,0.05061429334181314,0.28211345067484367,0.12283944626697742,0.1384864635431082,0.17702004813909383,0.09863100598976254,0.14178395609672165,0.17181996862693172,0.1637502469746928,0.08440637606953068,0.11214161751671368,0.15731231533982876,0.13403497957431315,0.21368557527043142,0.13757838210780166,0.17389465907285553,0.13618836039295268,0.19136266326985288,0.13390898857820246,0.19378432148901872,-0.02764066517037531,0.13634762195000008,0.06464139344992796,-0.0005090150948264758,-0.05580242740410691,0.004068723191676961,0.0830306364549081,-0.04761935123123993,-0.06415276797600236,-0.04639915442231517,0.10795404840052172,0.0631591034270098
0.3010420015602948,0.10525670048093856,0.1771903520369989,0.17491734910211273,0.23090311763394095,0.1769414115308213,0.15933576762837606,0.15204149640813747,0.15571773797751168,0.20540000944137018,0.2394351595022266,0.19957591381320666,0.15458602519683967,0.2172886895287337,0.5642030867879805,0.17884456715431146,0.17834111494096247,0.12153313928005728,0.12607005485320133,0.16213815213415728,0.16296607850601857,0.15828435086057022,0.10180473539206716,0.16189644847475573,0.09168501290654542,0.22908100530323874,0.15915665342313126,0.1009609829766532,0.1940829625364766,0.14012325403220713,0.17466131276796315,0.1630264060270499,0.14731058097418048,0.14901674363404036,0.15522894262577852,0.1593956793911837,0.09411360628432348,0.08037956907593455,0.1529029759835002,0.09305237055783681,0.21624531705649958,0.15221652565487628,0.10230171223674914,0.09750025415998209,0.2057291790934236,0.12780993228216064,0.1675898140888417,0.017411376418705438,0.10215182691340852,0.18047883312401716,-0.09153871189316842,0.02299475991232067,-0.0697635494188403,0.07423125703601303,0.021773192413569918,0.03109791265786959,-0.019063816146972935,-0.04085607756910496,-0.02856294110091637
0.42798283061116466,0.27444897389050593,0.056953738977506475,0.28504762932375727,0.32676337609242806,0.27672317539308455,0.22820818817714916,0.2477011638346439,0.05146617772839689,0.1119584113320897,0.26004127449693726,0.30001329078596467,0.2601897739749261,0.3411819336178331,0.17884456715431146,1.2129405789407581,0.2303156072454749,0.09714927312217149,0.1425991381303621,0.38633203363687624,0.17761864677223743,0.5220377028339463,0.04353918369636842,0.16214850302304287,0.1628560585767124,0.14869136694852805,0.30931515531616344,0.15099021831880963,0.3480418612702656,0.23024322366536584,0.12928832603087673,0.26057429076737426,0.01029039921264874,0.17960448359002062,0.3005768535141165,0.18865957887027543,0.14058674675989113,0.18884163643010393,0.33624713181694116,0.19688238450440368,0.12621522364789367,0.1714085550123329,0.32969588248494025,0.1418419361940621,0.21165547843681248,0.16544345968324176,0.22184587333181074,-0.16286598169773775,0.34547534937696894,-0.27634498741847824,-0.19830114426435688,0.06991196572162589,0.37321494915868314,-0.041891166490600415,0.07893863460247617,-0.06861270288187322,-0.22789324289174798,0.035081976460703504,0.2258766748982017
0.25546093284336574,0.1089749256489988,0.18705810661141048,0.22481591599753353,0.21714604871183973,0.2965959384272141,0.18698432200611567,0.3041290559508404,0.15471248698749207,0.22359133981307666,0.2554735839512948,0.19852895193713868,0.24035681666984873,0.19869250258724988,0.17834111494096247,0.2303156072454749,0.5486128408306238,0.15142296818507292,0.14138637775514934,0.29666585602569007,0.16794263868383838,0.21968029625214455,0.14290867245717576,0.1630249488184883,0.3309211849140834,0.1869133713992891,0.18082038314048202,0.10950383393826292,0.2626685808855327,0.1025164207863095,0.15174004188450552,0.1618775335163445,0.12973984707114042,0.19699393343238025,0.17629652848787492,0.18429385880613575,0.23832547324486342,0.15384789846191854,0.2160343165976342,0.11626577755547049,0.1850589668452277,0.1565443429067049,0.19209677895355387,0.17201609968527815,0.17234487466293064,0.18301016376370255,0.2076891097785905,0.0034573693053921582,0.055160327017573035,-0.05239984040274404,-0.01574877927445822,-0.20639602089340198,0.07449542817769715,-0.0462438681892451,0.02168340587215426,-0.06669153584206582,-0.03887417699800221,0.030551149862411052,0.04830890174465835
0.3252588608727545,0.41008978937194845,0.16488119941430146,0.2013611204759777,0.24360571394083425,0.23837493825575665,0.1850050587400089,0.2467710531160758,0.15982783671493864,0.25927606413133314,0.18020151749851485,0.14987896686426608,0.2177005240411421,0.1477535399151928,0.12153313928005728,0.09714927312217149,0.15142296818507292,0.739549114660352,0.10527920573284799,0.04994822749279952,0.19278936318346584,0.15083720952766827,0.3722598198531317,0.15708579563055175,0.1487463360378851,0.2503273917137392,0.05305169041267718,-0.045747575899656626,0.2760153569717919,-0.027116275755873203,0.3520036249205491,0.1944810747721517,0.15804266212363985,0.2706886064651208,0.10970995289095835,0.1328959056673392,0.11496544584620548,0.0327369688516281,0.1681367868081948,0.11634360216132858,0.11073348970505426,0.18725887259387053,0.17877755190532538,0.1675433467525036,0.24105807959885878,0.1872450661745398,0.3522441313321588,0.022023815632002335,-0.0004838913265455637,-0.24748007392461324,0.3836115083370244,-0.3265199742398537,-0.18283994371864307,-0.05679735209969541,0.020247860953943434,0.0050377254539099095,0.08933465483897685,0.06150782038101585,-0.18910994927902955
0.14947921023892888,-0.07351879596613153,0.11380523199829376,0.0364479435525036,0.02890636667911357,0.11613919321867888,0.02840963167037243,0.1299175801102899,-0.032580881129062905,0.1358921870276561,0.1088228486749655,0.12145327047504524,0.0993973672636799,0.12082253666331302,0.12607005485320133,0.1425991381303621,0.14138637775514934,0.10527920573284799,0.8058304501424666,0.0008627876043603799,0.10256104582518401,0.10125341459489895,0.05658299470136423,0.1200340057649448,0.0976495348754174,0.18139350805440108,0.05058393540685149,0.15850949685825289,0.11299846461683032,0.19673585203338878,0.10367500831764644,0.1305342594150159,0.15543289450400002,0.0775366341637435,-0.026399677537158488,0.18068890004418398,0.04262765853049351,0.025371679922193476,0.04861936740971253,-0.029477482030912053,0.2628972256065652,0.09119488769347209,0.08104216276131701,0.07758379287386039,0.016192929500927388,0.12780177317046743,0.12077860104389244,0.03119923842553983,0.005700080303692767,0.25901992981149,-0.16978633610773786,-0.13419783664744994,-0.11448128027684969,-0.0661840902034778,-0.03107516372387461,-0.03475183805828259,0.01333911754204163,0.091244880293531,-0.05654923835241963
0.24832029173446973,0.17735900792781822,0.11451549474970787,0.2437543142638492,0.24315877775414083,0.3749240543228242,0.18636144117604767,0.30522394654596574,0.13952066913733832,0.20294037489787983,0.28027279438730823,0.23832461442825106,0.2204557994924923,0.20181997477527922,0.16213815213415728,0.38633203363687624,0.29666585602569007,0.04994822749279952,0.0008627876043603799,1.1714842222777049,0.10684842900383068,0.25004796483701536,0.11531184848160142,0.22810544803597882,0.2840525775724787,0.11807112845187191,0.3058194171891711,-0.02158850497041504,0.41011946107460734,0.4097228647791281,0.13461411583113947,0.23055541366112048,-0.04560249900535431,0.32473060276140253,0.434948655662934,0.16013808361362128,0.5018581252145703,0.5006675109455327,0.3453592856539094,0.31391997942219274,-0.015055874549991508,0.11251548639516205,0.34443011012731506,0.10162831217490814,0.19117802032038433,0.23674117089855143,0.2676538712456779,-0.011518805194760702,0.18590753144646588,-0.19013819790273861,-0.19790804774663995,0.041862732470050186,0.4468757914232222,-0.04221462016549434,0.045447023066660486,-0.06494154927732096,0.04080939470780144,-0.0011126791722631132,0.020522738873488267
0.26008599245414554,0.24979558563482612,0.15235557292152815,0.1610118457953609,0.17845496052400994,0.22144757358177714,0.14950189005037484,0.15315081104895578,0.11583132776173831,0.1272070630132195,0.1743406417347711,0.13294956991270437,0.16902836220691664,0.15220377379525965,0.16296607850601857,0.17761864677223743,0.16794263868383838,0.19278936318346584,0.10256104582518401,0.10684842900383068,0.4260716412676004,0.1549716274477325,0.09548126517591807,0.18248051748270133,0.15989112483799386,0.22349325808261855,0.10660204247104378,0.14515013979464722,0.11355911677391978,0.019903377804103506,0.2899548759388435,0.15296939928966682,0.3123936378550618,0.09679710605881611,0.13347349709776024,0.2232358627674081,0.1062629478040858,0.09476977583572259,0.15120766412636494,0.13467165797225872,0.2343690671356322,0.39824243887196165,0.17265308655297648,0.11088783250318728,0.4669499680398889,0.12734081694016278,0.18046769318805286,0.09841060192773667,-0.01709962852747087,-0.06943020401834246,0.06764867592063482,-0.1342729395985671,0.039874226986636785,-0.007192559467501295,-0.0016721461825885992,-0.023705834676971575,-0.11775326619795977,0.008283800143317862,0.0727362536463152
0.3683778260531335,0.17584124885937913,0.1920224656177856,0.21649496367996893,0.25116278031570155,0.25745272670961855,0.22875922596679266,0.1991431932488925,0.25971072761937974,0.14097092259607555,0.19527600247678553,0.18142118752145225,0.23708276938931946,0.2398023566567299,0.15828435086057022,0.5220377028339463,0.21968029625214455,0.15083720952766827,0.10125341459489895,0.25004796483701536,0.1549716274477325,0.6071032482994948,0.13739993687971588,0.16249294256751046,0.143762476383604,0.1541325995838467,0.20111333865302214,0.06571263573767976,0.22565204603872865,0.11230462674017856,0.12779796613548036,0.22386192175423147,0.11577705425762551,0.12542158182234256,0.13724514471356206,0.1891111916725047,0.08436542587744214,0.14065660596840157,0.22663613751679804,0.11569868770492124,0.10674325813411029,0.14946475129105613,0.18930989959664032,0.14641939591293465,0.1492757147518735,0.22171151656428367,0.17661291797951448,-0.22893472079174004,0.2780451515345875,-0.2111440886949303,-0.037288466703658624,-0.08864582765768378,0.24222022976900295,-0.034326377867260095,0.07551751045584909,-0.0042538736644984285,-0.08839921718497408,-0.05568581792367247,0.06790828186288453
0.20390375704238337,0.004928819645717786,0.057135246891513884,0.1884989387095078,0.2530744163888162,0.17031120645782455,0.11593351493111852,0.19508426146657584,0.09568919333111316,0.17291461498813218,0.11758178902617482,0.1312457201322806,0.18233201016468104,0.16876725155060354,0.10180473539206716,0.04353918369636842,0.14290867245717576,0.3722598198531317,0.05658299470136423,0.11531184848160142,0.09548126517591807,0.13739993687971588,1.2991073043389039,0.2673638746501875,0.20558632796560777,-0.09106060546770761,0.0452435772575787,-0.47925497960756996,0.46833294011997,0.13520121633202678,-0.30897147934012065,0.0674003288558983,0.14468997471991898,0.3555399058577841,0.08464984922106465,0.3138125103437597,0.20441265566505906,0.04913262173920253,0.2605867326650236,0.16179484684859333,0.3175582096367978,0.07491852535779317,0.16546668881174445,0.38006922816865263,-0.15198196759912175,0.13840397391420448,0.26152214851869876,0.055028450145217477,0.0313964631489627,-0.0862249078238396,0.013223294951061485,-0.23086520385794723,0.12499999284754036,0.033023984541191174,-0.048298907969299004,-0.052365529501039725,-0.07946262918067047,0.03558296885292581,0.17087603499699747
0.15008641875193884,0.042109677761214534,0.10181394511954336,0.18049569316521172,0.177832504750347,0.1944489033434786,0.12209722036278663,0.1441364088745054,0.09187956643283218,0.16226570275691643,0.15197061590323935,0.14191986999773235,0.16510143519609982,0.15608141590258928,0.16189644847475573,0.16214850302304287,0.1630249488184883,0.15708579563055175,0.1200340057649448,0.22810544803597882,0.18248051748270133,0.16249294256751046,0.2673638746501875,0.6513179375715398,0.2531751021358045,0.15903521686823732,0.12241129077626493,0.14888731126082275,0.07536184151732837,0.44262389594233137,0.17645595590543037,0.30782749324509245,0.579145622533013,0.26150337784556243,0.25960149013868766,0.2997315218780442,0.4600966058894254,0.17351539345828026,0.1798121920333478,0.09716921751202696,0.1460937061553646,0.15921300000578475,0.12673796609555893,0.1850726836109862,0.24227087212825602,0.17242570516178654,0.2794111538971216,0.0793020196072074,-0.02198561555103288,-0.04899533589431095,-0.09137457112665232,-0.12166431136785463,0.18109308207627967,-0.0347029836225054,-0.006983305153976854,-0.10181268661366097,0.11379313185017827,-0.09742252805879849,0.08221537495500807
0.5880742847283249,0.3520545238669874,0.14756523359695933,0.19432338377072483,0.17594060030253647,0.3448896263643614,0.22909764411537645,0.13051289067782126,0.043053099796048364,0.20942917835710106,0.11362476620469107,0.22331802823920816,0.13259668114359158,0.22724394162051084,0.09168501290654542,0.1628560585767124,0.3309211849140834,0.1487463360378851,0.0976495348754174,0.2840525775724787,0.15989112483799386,0.143762476383604,0.20558632796560777,0.2531751021358045,2.6032441550197953,0.06810554787630037,0.2179483127517165,0.18243016567080847,0.27929214750155235,0.11621088908157887,-0.09385790916979685,0.14150168247384898,0.1144636178701767,0.19464360627798888,0.1636333989831613,0.29969093308110845,-0.0016670197070207371,0.1862297791945363,0.39764586675503244,0.18934302066549324,0.2776387930155531,0.12511276612042274,0.1866300920910462,0.2456433766383908,0.5625285830244566,0.31228218253193163,0.1693543424603223,-0.015081614688295249,-0.4971508381762501,-0.27859154352571674,0.6128683237892024,0.41562838020923315,0.18002256478843232,-0.03597551541839428,-0.003255357385073354,-0.07592421742146958,-0.0020347910842452265,0.026939846849080715,0.02725628784540319
0.15398030138307253,-0.017109750126697607,0.14549952354744225,0.25342317688766547,0.25573552506760616,0.2762502114611146,0.1585462415541259,0.2417088428303216,0.16018365160741277,0.14127743050918898,0.23361733508560092,0.2143067630228859,0.16304372731253744,0.2187764398911917,0.22908100530323874,0.14869136694852805,0.1869133713992891,0.2503273917137392,0.18139350805440108,0.11807112845187191,0.22349325808261855,0.1541325995838467,-0.09106060546770761,0.15903521686823732,0.06810554787630037,1.469086554072367,0.20615348000930997,0.20044181680555737,0.015516767227082638,-0.03181569995890065,0.5972398823755918,0.4051803091765304,0.04052110649774996,0.2426846485925492,0.09205119429615295,0.17080512291725153,-0.41811630068118133,0.035503225670537555,-0.41943740388463324,0.06715303044526469,0.1573428558936589,0.22388266943055882,0.21483473024326583,-0.12653297594689666,0.2974385845446203,0.18437076428035365,0.1558661151878167,-0.04731715245050969,0.04953410742093393,0.07391434810501367,-0.05108629975143718,-0.28805510867637396,-0.17487552218428773,-0.07737264035143877,-0.12946780759793186,-0.05807029083748613,-0.04059638355004024,0.23797912686653383,-0.17357967818072392
0.2686187047341863,0.28609427221986083,0.1168193646643466,0.17593673927755715,0.20038553918737134,0.21050991506849917,0.17664298991148963,0.2249350890009967,0.1124182577999158,0.17356935514560928,0.22055578394764594,0.27413982565234263,0.21011456097006978,0.1592764234017594,0.15915665342313126,0.30931515531616344,0.18082038314048202,0.05305169041267718,0.05058393540685149,0.3058194171891711,0.10660204247104378,0.20111333865302214,0.0452435772575787,0.12241129077626493,0.2179483127517165,0.20615348000930997,0.6837776265136077,0.10578525745816851,0.20257913289015775,0.13415087577756027,0.10222743545331262,0.25003904524995263,0.01092450426265335,0.15939087592378226,0.14746539607099962,0.1590806986549778,0.09128707394558822,0.15037859646435317,0.22233186521188344,0.14280992617213795,0.09814026820612974,0.10211134270519709,0.22675400664626646,0.08871210600461064,0.17380225499046847,0.1817723932661636,0.15173191214333237,0.0050122511603469195,0.25773094333017454,-0.08505249529121196,-0.07863656634583345,0.07301095107555339,0.21827535749691765,-0.01578376209793809,0.06326708000655594,-0.0016052127729445159,0.033644507414697905,-0.02304788366443627,-0.02588017832392619
0.0246820141497716,0.1708647176923245,0.1987120915629679,0.06504862329573025,-0.0038733400232197333,0.04336439118632946,0.056341895677771654,0.07416509488752833,0.054579490997843705,0.08374373946554643,0.08679117951433848,0.0620384474780368,0.06664491789552478,0.05061429334181314,0.1009609829766532,0.15099021831880963,0.10950383393826292,-0.045747575899656626,0.15850949685825289,-0.02158850497041504,0.14515013979464722,0.06571263573767976,-0.47925497960756996,0.14888731126082275,0.18243016567080847,0.20044181680555737,0.10578525745816851,2.9611399055792558,-0.22881840021805722,0.09134725636974012,0.2719836215725715,0.23295753219099205,0.3560509551996646,0.02815847724582852,-0.08579854493840051,0.7557858496127386,0.005007584298313125,0.02784313148987161,0.07343032688149102,-0.16511779333130971,0.6710699605505431,0.1827257389850771,-0.03403319972188346,0.6950038531463445,0.24760632293685392,-0.191832098273622,-0.0756822453411154,0.23692372597503833,-0.2449570876711786,-0.24905930174846105,0.0024971265447486547,0.7705256336408386,-0.5720085254507177,0.023228062974888133,-0.12409342663975982,0.04375262840004488,0.13433605164712473,-0.03632363936355748,-0.07775890731459485
0.4513653081420977,0.40253170367517094,0.09514708981163249,0.2560474852537122,0.35661384342326286,0.3385038045505458,0.17753004157614394,0.304639267447398,0.05762178272098843,0.2991194716750682,0.24181469846494255,0.20873833277773543,0.28433656185940276,0.28211345067484367,0.1940829625364766,0.3480418612702656,0.2626685808855327,0.2760153569717919,0.11299846461683032,0.41011946107460734,0.11355911677391978,0.22565204603872865,0.46833294011997,0.07536184151732837,0.27929214750155235,0.015516767227082638,0.20257913289015775,-0.22881840021805722,2.300699757601398,0.19820633253039258,-0.31086209659546526,0.21852802422304346,-0.6639317684006901,0.6514212923120998,0.7337288911353952,0.2840405017576638,-0.15025468418404408,0.08244490503334213,0.43167261203097185,0.3617884576856273,0.46937203243216924,0.09515185723055697,0.4297744649889877,0.12493035618868045,0.11259048857234503,0.18706322999499983,0.35555633000163045,-0.17614440628213104,0.24952401067164487,0.2881248534668556,-0.20614079623510068,-0.06325619174576884,-0.1054230273364014,0.1377698057892926,-0.1051907841121633,-0.13564399675933772,-0.12866611998233823,0.23748978167156667,0.12041854689916354
0.07078725835510442,-0.10329498995642003,-0.2278085287631278,0.048748476449308735,0.06939083077305994,-0.038209880982270586,0.020341458805415154,0.09668687045762238,-0.0595935510523214,0.1605733405235956,0.08062968306770846,0.08005504825294671,0.08320874120088322,0.12283944626697742,0.14012325403220713,0.23024322366536584,0.1025164207863095,-0.027116275755873203,0.19673585203338878,0.4097228647791281,0.019903377804103506,0.11230462674017856,0.13520121633202678,0.44262389594233137,0.11621088908157887,-0.03181569995890065,0.13415087577756027,0.09134725636974012,0.19820633253039258,2.812790364991559,0.20462702261798804,0.1008839754607073,0.11448135353708043,0.2544117242972703,0.5459000344439868,0.09474755406107958,0.3670911382368502,0.3020437397859813,0.48314036248364745,0.08247867295014381,0.34319065593439607,-0.010750911374961756,0.37659871116871213,0.32294298925710413,0.3696061866907626,0.29918945965263627,1.0608542840756037,0.15155651050127547,0.6137838730451046,-0.19994428968508557,-0.13263951267320773,-0.41870732200053135,0.4391864353345146,0.04141877882301389,-0.12055762029392247,-0.08097561765322929,0.046266970095040466,0.27135251167927193,-0.21562871142677023
0.2801628591527676,0.2405146451580542,0.13343885265287472,0.14371972484400627,0.16083340341551253,0.21353826994627945,0.16032451145798507,0.10742963341544962,0.1527675475722782,0.16790577019826264,0.20863433783447502,0.10881544605464656,0.1390384374552974,0.1384864635431082,0.17466131276796315,0.12928832603087673,0.15174004188450552,0.3520036249205491,0.10367500831764644,0.13461411583113947,0.2899548759388435,0.12779796613548036,-0.30897147934012065,0.17645595590543037,-0.09385790916979685,0.5972398823755918,0.10222743545331262,0.2719836215725715,-0.31086209659546526,0.20462702261798804,2.0505139442383036,0.3173243450841382,0.3843450875362629,0.17510351474877353,0.309652076337535,0.22295282385152726,0.14819481364658757,0.15805160296490475,-0.10967346957175507,0.05916022070725599,-0.2878176993101935,0.26808793841658013,0.017848254181249502,-0.056627375770108526,0.5921647824801317,0.22764895565301746,0.3248410977767825,-0.04529791178009244,-0.4410053661808425,-0.09504186950609235,0.20058238902811873,-0.25454965728067497,-0.14362074996158145,-0.07291751362333024,0.07869342901179306,0.05269190776973172,0.2144104929926933,-0.2003228806634116,-0.1670491550371267
0.24074724785983517,0.14667013752239388,0.14528964698411242,0.20636228437382764,0.2197541245232002,0.27740241631719986,0.1775255814715688,0.19511628304735906,0.146634341036796,0.19581095796957643,0.21897480725987845,0.23550839904268006,0.2077782796803206,0.17702004813909383,0.1630264060270499,0.26057429076737426,0.1618775335163445,0.1944810747721517,0.1305342594150159,0.23055541366112048,0.15296939928966682,0.22386192175423147,0.0674003288558983,0.30782749324509245,0.14150168247384898,0.4051803091765304,0.25003904524995263,0.23295753219099205,0.21852802422304346,0.1008839754607073,0.3173243450841382,0.8938691559034828,-0.03068622737614923,0.270426142545663,-0.033903585644211594,0.3098650212462202,-0.11473644410463976,0.12487563160598672,0.13399275699506014,0.0540187339625798,0.03063071864324861,0.13561918791741995,0.060656797786977815,0.09203783578735246,0.14305904408330813,0.1913163393045754,0.20725174879709216,-0.07587641890223308,0.05857856945018014,-0.1979447577890467,0.024762147063834554,-0.14651225016232658,0.14172578119765913,-0.03575853657544288,-0.06574729745711261,-0.0337136469259209,0.4274650969508199,-0.07128349511410821,-0.28260187024920763
0.15186610955178964,0.08380468641655787,0.1919176674632991,0.10840943035043907,0.06816377117796216,0.11351014438366978,0.100652993481673,0.08910532425534239,0.10438091695196196,0.0815123223922107,0.0925967786847073,0.11214465653524307,0.12006032906775235,0.09863100598976254,0.14731058097418048,0.01029039921264874,0.12973984707114042,0.15804266212363985,0.15543289450400002,-0.04560249900535431,0.3123936378550618,0.11577705425762551,0.14468997471991898,0.579145622533013,0.1144636178701767,0.04052110649774996,0.01092450426265335,0.3560509551996646,-0.6639317684006901,0.11448135353708043,0.3843450875362629,-0.03068622737614923,2.0579272749542628,-0.21998969410643737,-0.2954499453807632,0.01580246635299857,1.0042479931381165,0.08635783106972694,0.08285046260448614,-0.09392072509997873,0.2390035562946423,0.26960969011179803,-0.008715456881411903,0.2662809179710656,0.4784826040158474,0.10815741082045992,0.14359422473080408,0.30299891842787713,-0.19818834991492845,0.0240248966732875,-0.05499010818188669,-0.17911872656116387,0.07122112300255404,-0.07991009663460161,0.05536990371736586,-0.09684746813926255,-0.0829620927224134,-0.09049163278523312,0.17504292300277605
0.053179990806025784,0.15124877592905203,0.01589813921838264,0.29856488219772004,0.4124960708625863,0.2462492694133873,0.16999227927068603,0.23283762770018515,0.063646841284021,0.33980606013370107,0.21964240373564228,0.21967475992819013,0.22748565961940237,0.14178395609672165,0.14901674363404036,0.17960448359002062,0.19699393343238025,0.2706886064651208,0.0775366341637435,0.32473060276140253,0.09679710605881611,0.12542158182234256,0.3555399058577841,0.26150337784556243,0.19464360627798888,0.2426846485925492,0.15939087592378226,0.02815847724582852,0.6514212923120998,0.2544117242972703,0.17510351474877353,0.270426142545663,-0.21998969410643737,1.6605922784180862,0.6816627624965856,0.21656100653787422,0.350337037729499,0.15687919455181062,0.2122923367355673,0.16325547066988347,-0.020131876996848957,0.09161550359614477,0.3431718975441894,0.32587031743494693,0.2324470776469107,-0.03605812483573664,0.3217472702313937,-0.056155391497819576,-0.08497586042239315,-0.2244290796794909,0.026667394929217814,-0.23698823781534264,0.15683198161086181,0.04353470775769837,-0.08782585138142265,-0.06943112548085925,0.011418681847232793,0.02142582220009723,0.08515427171951478
