2.828558929170401,1.4899717268288495,0.3838212330229624,-0.014425633213692068,0.6469262289583299,0.4075477716567943,0.7046316648085503,0.4707446194718491,0.5014923277319976,0.4965051412818793,0.6743715429194961,0.5099274193573484,0.14420017974057758,0.3827274108427436,0.48497941212936807,0.3503713290151529,0.3635744545008096,0.4961147259036639,0.4045814975733207,0.3040817349025617,0.5075296346187073,0.3958919261912938,-0.11852397493857117,-0.1877016267512014,0.08302866259426281,0.3914056428498968,0.4463267442005485,0.2658072919260287,0.20332289578938184,0.09116160784939331,0.45441434597038244,0.214194885034413,0.16836664543927787,-0.6193609239188359,0.2834929049767435,0.27247259832405496,0.46417451087247064,0.5969274033606348,0.4250130580683765,0.2368956812757776,0.6037844279966461,0.30813355087549515,0.2082114304370738,-0.027955063225041116,0.7331569499385302,0.2335534702527957,0.18143024932782015,-0.09810044975499993,0.26674810748576816,-0.18311385458132284,-0.021440042590351236,0.29218907821721735,0.06957519139044674,0.11484064134279949,0.40215563487472855,0.1013830346949031,-0.06421450914715428,-0.34773576490348673,-0.03907524803914727
1.4899717268288495,6.291833437724826,0.8005094234867356,0.061727504718391786,0.4271040725108535,0.20464629565631903,0.6287323682387143,0.31795421759840564,0.713401809235258,0.456727829518162,0.34069960460927173,0.5767855656910469,0.1594145558433218,0.2342884483159011,0.7194885396867365,0.33920718334994315,0.42578949956859985,0.20581684876392903,0.32561701560789885,0.4754962836551912,0.6276432083803967,0.46497269604674635,-0.8859331593222346,-0.18125638873246427,0.2543767704516447,0.6217908990638417,0.35900608375813464,0.2173207963971237,0.7779592526953975,0.23420838402516397,0.6329131569552691,0.13441174947699544,-0.028860480929686794,0.08121576047394635,0.3462393496786608,0.39067293771190953,0.863851806710088,0.6533206218104517,0.3456511121530506,0.31329231818003567,0.36411015113476725,0.420573785466771,0.5540932104259675,0.08231224451332973,0.9770978828468051,0.22786219668696134,0.15226471868177846,-0.06313722869324671,0.3371948088059018,-0.31320065925457774,0.35774908973654096,-0.10049654076965217,-0.10860789482244604,-0.03466356474731452,-0.7222912969087436,0.291993066306538,-0.386059854707227,0.5432018548714431,-0.10129525766451995
0.3838212330229624,0.8005094234867356,4.63811706561472,0.1739165991830655,-0.29999388788459164,0.6632302131319994,0.34393616967641605,0.27008854489590417,0.9135482101024763,0.27557728190547254,0.531922629159599,0.2602766167311411,0.08705441069777635,0.25184642541912905,0.5695511647635808,0.19651957035718418,0.4764785640844563,0.23035026010398074,0.48675744611737887,0.7628863107151288,0.5348331373572676,0.5735652326532286,0.5134826641931044,0.578399432618732,0.3320724181924412,0.1631389038366875,0.09290609522163074,0.46870826363911283,0.7719293639475255,0.9124304241355438,0.233629693826042,0.2774448077959409,0.3964346848310393,0.5439058490176296,0.5776940788546941,0.24787628912364865,0.9339724142545419,0.838375103853004,0.5656093265388368,0.2468806997559972,0.3382118065574066,0.47014356435875465,0.7294285399634505,0.11185776684306453,0.6124779842716331,0.3541837771151666,0.5465653190458826,-0.044527983688747524,0.2914332065429986,0.42898487489548326,-0.17242853323916146,-0.12637409621599172,0.000418702793566608,-0.31546693304860846,0.3207083036133012,-0.4194678058082464,-0.7348182865592694,-0.3581975455495284,1.1917277349176438
-0.014425633213692068,0.061727504718391786,0.1739165991830655,1.7145848657016627,0.317550623602484,0.24171297702061195,0.40174222090074996,0.37999534871432433,0.1918707254702049,0.4601224881665763,0.42619206241530594,0.41408560818390716,0.11822786171456917,0.4147979006650483,0.38326538970513996,0.32886061715607323,0.3433526798874401,0.42764679814929646,0.10333298459527929,0.36125739876969953,0.2713734448714227,0.23241864402257906,0.6616557169764125,0.4268329735166477,0.3310965190110761,0.16832096342008207,0.2993943392367749,0.19466495933010763,0.29993827310288856,0.2149965916875404,0.18214658517587554,0.41720589175312345,0.479883449932347,0.42957429611256065,-0.10308730785258834,0.29061049945744954,0.5437055101973084,0.4326043866859132,0.1825063318504988,0.025427724803253022,0.21699233920074662,0.28224062730924865,0.42332482263802723,0.10393262135109478,0.020166209898872998,0.4139328153481171,0.3351604011833843,-0.051100118904200624,0.226643665435544,0.4892671292800228,-0.1307182299645051,0.5780550649273256,-0.20979000419925725,-0.42313416744543436,-0.3282131490310792,-0.01989967025292401,-0.20634066731462233,0.4014953218991151,-0.1314258473820015
0.6469262289583299,0.4271040725108535,-0.29999388788459164,0.317550623602484,1.0512093246541685,0.39657433520441876,0.37182739248784846,0.3552590725171156,0.22023427090546333,0.3912554331449963,0.42630111123983283,0.38363366427014123,0.123546521897362,0.2925847997227528,0.35172712733347755,0.3038387796500825,0.2182891884736131,0.32535981199789427,0.16783604490832493,0.297755265020645,0.248645859451877,0.23725772201583975,0.3303621650464855,0.15631831759406584,0.038628988062067694,0.26927486569578457,0.1067554389828912,0.04685608986156202,0.23261290148643632,-0.03340011924317787,0.14164731786477766,0.2973424993293263,0.08577168269378779,0.14746014930613055,-0.015510737996292944,0.13054796489189793,0.2403170566904857,0.2741216164259534,0.1779342101113858,0.11113226854594661,0.22584016009085855,0.2296119396018694,0.14715644758849614,0.023464988226415417,0.20465274802995997,0.0770308910207221,0.15022041913171152,-0.027737164976186047,0.28767584889562753,-0.19725340325614799,0.05423105662310221,0.146755039524104,0.08349225335946968,0.18149482561213867,-0.07744813761767617,-0.03912364905564835,-0.2269768769525591,0.08169758540027766,0.2008456194909699
0.4075477716567943,0.20464629565631903,0.6632302131319994,0.24171297702061195,0.39657433520441876,0.7661871334962401,0.2272234942793072,0.29360445517349304,0.369524769183924,0.26209818421440656,0.40951105399638293,0.2940190791297394,0.10628359158751051,0.2849293724703875,0.40037158825633334,0.2721785699001763,0.2731887893314748,0.26902857986881124,0.27123514219881056,0.43418341100404034,0.3301701788626246,0.33754275555700325,0.343019820041996,0.29127122540082323,0.1636671326344613,0.24013489563593496,0.19030581076611824,0.18755424424211148,0.4048843239444297,0.24915190934851766,0.17652507927822395,0.2973891524339288,0.18696421114235717,0.2808730035243374,0.12187713946763806,0.15191590137548397,0.45631778526893507,0.4587865638514895,0.2655954726127536,0.13350423226901606,0.2529107383913043,0.29080011348435847,0.42238788882205724,0.04411544176192757,0.32185014657672806,0.13766378878349927,0.30947642398976166,-0.04775877806131699,0.4315298100301859,0.03325426688731339,-0.3141433590709545,0.06317911281478367,-0.0496256112314531,0.09231445309664404,0.017436046677033194,-0.10025756851475082,-0.2641234049354798,0.07167435090349203,0.2797076023226315
0.7046316648085503,0.6287323682387143,0.34393616967641605,0.40174222090074996,0.37182739248784846,0.2272234942793072,0.7424459480999824,0.20585194494688036,0.3673950349470676,0.38608164899092945,0.49822936254717726,0.4511265617000999,0.09678676740682347,0.2343075086185171,0.25193467973876776,0.2691094008042704,0.32466418308734096,0.2983037074471777,0.19325965510742904,0.29100584234210974,0.3366350917352635,0.29972797397202494,0.2632509730567454,0.20600366011813948,0.2574405444184985,0.1907446384906994,0.28454479073684635,0.17079339344697844,0.31983714874752517,0.10151505032095476,0.25146294168705535,0.24931438735613376,0.30340517121999033,0.15092590080509713,0.06254948646267926,0.2950694994773844,0.372809577904289,0.4028425834952913,0.17967136531651492,0.04786060390961306,0.22994474239888021,0.27546223659349045,0.2866852292115584,0.026171560051955395,0.25473534194543657,0.2789968771941309,0.1385515058611338,-0.05391749648034937,0.17499603049763446,0.01609243541518355,-0.0385200839492481,0.2448358274553446,0.028881911513657564,-0.1660744020203153,0.008960547980180698,0.14802777224588823,-0.1521499160369566,0.0067896770424405685,-0.14340343128049857
0.4707446194718491,0.31795421759840564,0.27008854489590417,0.37999534871432433,0.3552590725171156,0.29360445517349304,0.20585194494688036,0.918140372599715,0.2294241428432995,0.40401036665326145,0.5066295435599759,0.2911968285961886,0.14466995216618653,0.287357373452574,0.32233637970302975,0.2670971211329855,0.319350884221865,0.40198161173088304,0.3358249314605109,0.38244175916091183,0.27465672434768656,0.2559040157225592,0.3792141231570653,0.2422309653572165,0.2086628515190702,0.2840555002472893,0.4032831700008108,0.21947590591686586,0.3001474927466038,0.32734945775061,0.24081163003037306,0.2464916152749346,0.19503562701474794,0.3044409292109081,0.29990087162624923,0.17219916360533333,0.4632915655654957,0.35734991072188754,0.3573514805255776,0.25115814161586675,0.2809252792709388,0.281073119782897,0.41346314994758243,0.04774034343026679,0.23480930276395756,0.23493428272925648,0.4018739528384744,-0.02286871652155867,0.45761787697383427,0.10615222402407483,-0.12596962424733324,0.254478403628072,0.07349970157417651,-0.1193610758549447,-0.0854482314860066,-0.07192336740255685,-0.14263288840451305,0.1430747523831567,0.11431321757298438
0.5014923277319976,0.713401809235258,0.9135482101024763,0.1918707254702049,0.22023427090546333,0.369524769183924,0.3673950349470676,0.2294241428432995,1.003993895379281,0.21838984113404789,0.27455705573372263,0.3106606493091253,0.08894657624019424,0.2514105103365022,0.33475929368132645,0.22713207264013496,0.3115146038225341,0.30122203432787326,0.3816981166283568,0.3030992450072419,0.37926305377469643,0.5641027533468517,0.23273983781673332,0.2208369932620733,0.17433913927362946,0.226145693416624,0.31268032139735785,0.2326779690145182,0.4117564855472281,0.22135498123240277,0.29571025719232297,0.24948475382647245,0.25203462506816093,0.2804426105422313,0.22693248487545958,0.24744914470864765,0.44724727076530146,0.48583195348739033,0.23122251095038998,0.08999474420347832,0.23360541358315556,0.3117600729372533,0.43748938898732287,0.04970744782903169,0.3664380550920105,0.2242738500539045,0.23737024533759257,-0.04236482873245672,0.12305615394981098,0.0421843869724792,-0.034959169056261986,-0.057528118304549195,0.07285372451049614,-0.10405151851487253,0.11907096232849636,0.08628179749857458,-0.35570016225256695,-0.14920054975443303,0.31334144833139976
0.4965051412818793,0.456727829518162,0.27557728190547254,0.4601224881665763,0.3912554331449963,0.26209818421440656,0.38608164899092945,0.40401036665326145,0.21838984113404789,0.902357875965088,0.4937984360702879,0.27654248013987714,0.12688094306442785,0.2518159504796116,0.2856597234277954,0.24414991983975304,0.2891526832216402,0.359330550444972,0.3781133404661568,0.22807371603464072,0.23602968816630956,0.2416056495831053,0.4029894943140086,0.2518594930706999,0.23874124043814543,0.16696467164570458,0.25702923859417914,0.18666209799634312,0.2873322425600784,0.2375965553002957,0.18356966545604178,0.22593174556827716,0.2804921996571928,0.22264512462228803,0.1638989330189422,0.17468143555865256,0.42917984035334245,0.3053238869867274,0.2495416894802513,0.11561367788889537,0.30185959032928583,0.2553430959890707,0.2544909898089537,0.05268407969411887,0.136037497536617,0.25679180581453753,0.2892449913359975,-0.03712761916960949,0.2608174845176321,0.1461563857492725,-0.04007705172343952,0.062340889007996836,0.16276979283976142,-0.09505577123985816,0.0700850695468743,-0.05917171107437535,-0.14782349869217912,-0.045887100452078174,0.16540519286298336
0.6743715429194961,0.34069960460927173,0.531922629159599,0.42619206241530594,0.42630111123983283,0.40951105399638293,0.49822936254717726,0.5066295435599759,0.27455705573372263,0.4937984360702879,1.2094954852418314,0.4216096239994821,0.1068155111504756,0.3261063630130071,0.38815327560539375,0.28937384674612737,0.363471392705675,0.37660151866069363,0.25072503951846664,0.5890833532845088,0.3902874041792042,0.2517363339358442,0.4116515809930573,0.2962477896928797,0.17059503006424093,0.200420981056451,0.2698449474770633,0.17646365081920662,0.3931265637788061,0.27512039730282045,0.27172420128908037,0.29617521136108266,0.25419801915360535,0.27381563646508594,0.22053383606504567,0.25137710582252704,0.49006152421064825,0.4822702483675943,0.3452896683117794,0.21704717406603374,0.25670096833836126,0.3438218605321701,0.3815238767732298,0.01848790952829579,0.4078590313188235,0.29207758177625537,0.31363669006431405,-0.04246731188861072,0.08513960648905622,-0.06731642310793072,-0.07406551080912126,0.1904140133317581,0.31487691501828485,-0.09080069195970725,-0.02635788934356939,-0.11176808347401737,-0.20066241584388186,0.11814735960573208,0.07435874325111648
0.5099274193573484,0.5767855656910469,0.2602766167311411,0.41408560818390716,0.38363366427014123,0.2940190791297394,0.4511265617000999,0.2911968285961886,0.3106606493091253,0.27654248013987714,0.4216096239994821,0.7321446188820933,0.10848288740580822,0.26367117882747726,0.35458128037392,0.335033241095886,0.3545069296746852,0.23056620938936262,0.2322856985034849,0.3435884754756746,0.28543061413241577,0.2984138360845217,0.21323338853388005,0.19057511288745493,0.22586554746113002,0.2735153142006441,0.31517972476306594,0.13246139185606534,0.33361121442161545,0.12304792262173203,0.21139033073347685,0.2661484001442925,0.17446223500079047,0.22964207104127377,0.13763960005033127,0.31127639824194825,0.293978216451082,0.3907912615000299,0.16627842099611967,0.11147254151541855,0.22115202940494186,0.2711078661234645,0.2934227776356212,0.027973103682805915,0.22362013464387703,0.2197610731572414,0.17552012696065386,-0.054929899049024775,0.4026176979722121,-0.10375055659797884,-0.05630770510888816,0.154197727112591,0.05887103872580995,-0.07016821862918188,-0.2119799939018854,0.1466845373901919,-0.16224931515592456,0.2187238215962024,-0.25929405667566885
0.14420017974057758,0.1594145558433218,0.08705441069777635,0.11822786171456917,0.123546521897362,0.10628359158751051,0.09678676740682347,0.14466995216618653,0.08894657624019424,0.12688094306442785,0.1068155111504756,0.10848288740580822,0.21043581569544878,0.09298942906590793,0.06726814135922723,0.11642936060175448,0.11930912283508502,0.09627470394201555,0.1341303487090177,0.1069460859202677,0.089691307713798,0.11183087433838368,0.11472603844853502,0.08229624645789912,0.08130785722660985,0.09950936211768029,0.08506860175494277,0.07439708961878494,0.14745221418315632,0.10638695039938639,0.05906459298441619,0.08365403486132666,0.056996519108230004,0.08447046456395921,0.09811985351503018,0.06946063292260711,0.11423438016965139,0.10302663364080421,0.1230307210986372,0.07392332712109832,0.09585743598883158,0.08896716516533443,0.09232999403879136,0.023827149805861817,0.06084549910386674,0.07414277158605981,0.1038112988620695,-0.017475338233194814,0.1712942629178925,0.04060150024258106,-0.04742404211280356,0.014493770226106985,0.013907537776122742,-0.0113926407607088,-0.043284177442361675,-0.01916647541456013,-0.027563296220210733,0.05363699116046022,-0.018222456163245655
0.3827274108427436,0.2342884483159011,0.25184642541912905,0.4147979006650483,0.2925847997227528,0.2849293724703875,0.2343075086185171,0.287357373452574,0.2514105103365022,0.2518159504796116,0.3261063630130071,0.26367117882747726,0.09298942906590793,0.6072019714001391,0.3692718303048377,0.32362726110243606,0.2252922156489198,0.24494932128717123,0.22618773456291452,0.3455743840964098,0.21403033953056272,0.2636244453149297,0.3503672824133095,0.2861322864841033,0.1763586442459687,0.22034165544013395,0.25119781173205774,0.20171836290556597,0.3129472298003783,0.3023879529746014,0.17248251804189238,0.48627180974066747,0.2732959172651995,0.16989292071921705,0.11576620148957262,0.18161650319835845,0.30458039326839753,0.3969969980622404,0.12276837462623331,0.09702802442492232,0.31554571243934193,0.2535729709494114,0.2907694011031867,0.044876611885703695,0.05019872858714112,0.24676171993511667,0.2867964178991445,-0.06807997452432427,0.47666386688813434,0.1399121046683427,-0.10855524011223888,0.21605524497439935,-0.0389051544480047,-0.053299056718712205,-0.12154320739321527,-0.043119270258720824,-0.19130204857200286,0.19445133889794974,0.10973429925625157
0.48497941212936807,0.7194885396867365,0.5695511647635808,0.38326538970513996,0.35172712733347755,0.40037158825633334,0.25193467973876776,0.32233637970302975,0.33475929368132645,0.2856597234277954,0.38815327560539375,0.35458128037392,0.06726814135922723,0.3692718303048377,1.049581794457947,0.30447398623156785,0.3515247064592233,0.48507266137794613,0.17472263999462062,0.5041930325282235,0.35390572072139326,0.3010417967921155,0.4718597787130201,0.278825076132052,0.22351993823269137,0.2762641359616971,0.3272550568303854,0.3544037583336893,0.4648235131602233,0.2792056633030583,0.2968817025354661,0.3285157842130952,0.2582918484310328,0.3061627230129343,0.31718424564458986,0.15560205857175832,0.6193512655640838,0.4533230714180863,0.3031094544229095,0.18982505902030428,0.2964448392206692,0.3351718157636243,0.5120794882245979,0.04239776347577318,0.35617704547807116,0.22789488903357372,0.37240863243058064,-0.04042132233286269,0.47811646111071315,0.27752676972108736,-0.1631940462791252,0.2574448599489052,-0.21103071620648065,-0.03805046385929388,-0.062481718684724456,0.05495496259692486,-0.3722852424312517,0.1633294996423136,0.12464321233320241
0.3503713290151529,0.33920718334994315,0.19651957035718418,0.32886061715607323,0.3038387796500825,0.2721785699001763,0.2691094008042704,0.2670971211329855,0.22713207264013496,0.24414991983975304,0.28937384674612737,0.335033241095886,0.11642936060175448,0.32362726110243606,0.30447398623156785,0.5390104849594831,0.31979577573027856,0.23207749649352624,0.24475152399061867,0.2931179441305117,0.23038100591388128,0.3537687161085473,0.2388942208398183,0.20272561617498633,0.14221339638562705,0.23199343522258406,0.2508576543676585,0.21306054917246744,0.3430146306328535,0.2017416457022021,0.20167180953275182,0.2722938696510222,0.163321552253578,0.21048674392155284,0.249231719925019,0.1951750786068294,0.29607450630089943,0.3545516210815306,0.1731887048704663,0.14483117037349605,0.2541919854764954,0.28015604456672893,0.3015303213723551,0.044853263590292396,0.17019099190766085,0.18905037379674172,0.23768609186489884,-0.05242680607333329,0.38122810656096207,0.012555111840005378,-0.09818239446088334,0.04249545665346136,-0.004369381263955224,-0.026310244155542357,-0.131731926040114,0.009052221540546773,-0.17769879553533796,0.18432446549429848,0.00461619056556894
0.3635744545008096,0.42578949956859985,0.4764785640844563,0.3433526798874401,0.2182891884736131,0.2731887893314748,0.32466418308734096,0.319350884221865,0.3115146038225341,0.2891526832216402,0.363471392705675,0.3545069296746852,0.11930912283508502,0.2252922156489198,0.3515247064592233,0.31979577573027856,0.93311831387377,0.2870125556477251,0.3045078647347956,0.48862140580133023,0.3460445804836783,0.29616737530599496,0.27794053402110225,0.30677453239356206,0.3362246263091358,0.1271235363927519,0.3995809495690154,0.4272385449669993,0.3848901145855097,0.2631067024018085,0.3174890241623554,0.21055231972279229,0.40951846298723643,0.26542636966783284,0.4133219788959175,0.22831366058012434,0.690044367920663,0.5414077548608232,0.20987384019762656,0.18674688969581774,0.29881493098083584,0.43187317101555167,0.5318310131835645,0.06190534672600124,0.4123672189527291,0.3211373097617766,0.3311014706017526,-0.03980568511328967,0.30769136747688897,0.18175979421617847,-0.19140487650800656,0.3388796486358637,0.07704611322902702,-0.13377422020007176,-0.32620475014903616,0.028303476918544665,-0.2513082350463619,0.34812326791367487,-0.22805753379952373
0.4961147259036639,0.20581684876392903,0.23035026010398074,0.42764679814929646,0.32535981199789427,0.26902857986881124,0.2983037074471777,0.40198161173088304,0.30122203432787326,0.359330550444972,0.37660151866069363,0.23056620938936262,0.09627470394201555,0.24494932128717123,0.48507266137794613,0.23207749649352624,0.2870125556477251,1.174665686172083,0.21057562238875835,0.1848757583972367,0.3534171961919262,0.3076950258242037,0.7402797202799472,0.14270694935171926,0.22681172998904864,0.2789587397153133,0.4183805400694733,0.38156915858910195,0.33021184109565815,-0.12254643082421712,0.49419832305880956,0.18176433964759184,0.3252506573146068,0.24875380963285784,0.33411526097500027,0.07356110077001297,0.6115586938465835,0.327271460696829,0.2861170653688296,0.180590542717809,0.22328963973947344,0.23496699619237152,0.5516906569300609,0.03668311319010822,0.4216063682030549,0.2621379176391222,0.4485492203920789,-0.04298401300968638,0.16544797254609264,0.27638360139854684,-0.060537754924993775,0.31005230153637947,-0.09280120731250993,-0.04292895163577811,0.13258179100891435,0.09836717875294788,-0.0756249771939443,-0.002587252464999592,-0.1360624061521259
0.4045814975733207,0.32561701560789885,0.48675744611737887,0.10333298459527929,0.16783604490832493,0.27123514219881056,0.19325965510742904,0.3358249314605109,0.3816981166283568,0.3781133404661568,0.25072503951846664,0.2322856985034849,0.1341303487090177,0.22618773456291452,0.17472263999462062,0.24475152399061867,0.3045078647347956,0.21057562238875835,1.5529276970246144,0.10663625085690052,0.3106204701083151,0.38900919502396475,-0.09139143046134224,0.16741507936107286,0.2976099862565995,-0.04244200204601054,0.33356690620860613,0.2242538744375607,0.34541571818639694,0.4014717934715827,0.3218257332691936,0.18517804659415776,0.3290206577146861,0.10473192797185246,0.1645253835829271,0.3052677510334177,0.4554448963434942,0.4250395151842592,0.19509416639917027,0.005004623459555217,0.3681716484923114,0.28313296231823826,0.31177272593609107,0.0824552304977387,0.216585617781577,0.3218700082822654,0.2169820505693781,-0.0834869967422322,0.040500637554117556,0.5116260312505334,-0.15725602978371064,-0.2637235984461524,0.03842000098475005,-0.16190740784993232,0.1299515364568695,-0.005885326679274316,-0.14918434498485278,-0.11984830230353959,0.17441103749854978
0.3040817349025617,0.4754962836551912,0.7628863107151288,0.36125739876969953,0.297755265020645,0.43418341100404034,0.29100584234210974,0.38244175916091183,0.3030992450072419,0.22807371603464072,0.5890833532845088,0.3435884754756746,0.1069460859202677,0.3455743840964098,0.5041930325282235,0.2931179441305117,0.48862140580133023,0.1848757583972367,0.10663625085690052,1.1585767074111657,0.25906313929882413,0.22571398747912924,0.5400685994194263,0.4216627849197634,0.23062522375256841,0.35151477141599885,0.27005126933234136,0.30445284520155896,0.618915947782068,0.6591644237499549,0.16259491430900097,0.37086819955067485,0.20884087266871368,0.45044407660814617,0.3680095793567278,0.23216339435251654,0.6580360020150711,0.618236712463409,0.4888081732056947,0.3643690815921208,0.23857503636508332,0.39924666403332065,0.519629885242276,0.006107159115015197,0.5048764978641563,0.23377575082244895,0.42387886839220257,-0.04284875205176095,0.7165724787771299,-0.018902179376310776,-0.203678205285074,0.2398416772927966,0.0632749351712297,-0.05300497446920045,-0.20008861319152021,-0.15712192510341894,-0.34506206796171335,0.2859561330796407,0.21191071986837337
0.5075296346187073,0.6276432083803967,0.5348331373572676,0.2713734448714227,0.248645859451877,0.3301701788626246,0.3366350917352635,0.27465672434768656,0.37926305377469643,0.23602968816630956,0.3902874041792042,0.28543061413241577,0.089691307713798,0.21403033953056272,0.35390572072139326,0.23038100591388128,0.3460445804836783,0.3534171961919262,0.3106204701083151,0.25906313929882413,0.6691923808618924,0.2824963644504405,0.27967415611234914,0.23823103620191144,0.23900845840543128,0.07978341420086099,0.3043583196885162,0.2853607787476469,0.2735038613790348,0.24225534910811997,0.3199059531065532,0.18459422178225765,0.3343473933231517,0.1250485443570066,0.23064672686403387,0.23257420471309415,0.6366715028008452,0.5591740614387483,0.2713670605937101,0.1457442656662778,0.3737597678112585,0.35316709595481094,0.5979873298855648,0.08031319976600146,0.5754935152908988,0.25250887580656967,0.28146220995271715,-0.02990820593206565,0.16317077356665588,0.1486965622170861,-0.15254759085191755,0.18776728758248598,0.00800190542304734,-0.09323731499488837,0.025861644092725386,-0.02304325131485537,-0.27200826244022736,0.06779908755690044,0.1332435966029976
0.3958919261912938,0.46497269604674635,0.5735652326532286,0.23241864402257906,0.23725772201583975,0.33754275555700325,0.29972797397202494,0.2559040157225592,0.5641027533468517,0.2416056495831053,0.2517363339358442,0.2984138360845217,0.11183087433838368,0.2636244453149297,0.3010417967921155,0.3537687161085473,0.29616737530599496,0.3076950258242037,0.38900919502396475,0.22571398747912924,0.2824963644504405,0.8544648991011479,0.18617018516798764,0.14830075753197489,0.05720272170659382,0.2791758714406607,0.3252582541004515,0.2009773355722783,0.4075893852286156,0.07110864929889782,0.2903744532302667,0.2604662077961888,0.12269080530285692,0.28404307409639057,0.24465063115742555,0.2208772357810297,0.3035703736868122,0.45010576003983904,0.2898040906373469,0.12440567473307235,0.1955955605892775,0.27541253108319197,0.3280167747346756,0.05933395044763124,0.3034449659296844,0.17007578210463872,0.20148970104265623,-0.047417299080146046,0.1941866572832611,0.0608313585138558,-0.0746595800039665,-0.14702513156009958,-0.044154845812819275,-0.05787051337392211,0.01032522027968977,0.044444567067149755,-0.24299866579727109,-0.0143173006893932,0.15128395237397735
-0.11852397493857117,-0.8859331593222346,0.5134826641931044,0.6616557169764125,0.3303621650464855,0.343019820041996,0.2632509730567454,0.3792141231570653,0.23273983781673332,0.4029894943140086,0.4116515809930573,0.21323338853388005,0.11472603844853502,0.3503672824133095,0.4718597787130201,0.2388942208398183,0.27794053402110225,0.7402797202799472,-0.09139143046134224,0.5400685994194263,0.27967415611234914,0.18617018516798764,2.313065715920646,0.8211897219867829,0.4952726764977759,0.13385552815101137,0.25425031226844874,0.3753524782005396,0.41766601115375096,0.6233715630812104,-0.2992486285482593,0.4096888004884523,0.6367470661162132,0.42696136393735434,0.1492669603391172,0.07576286532635354,0.6898623759095144,0.37394626254800345,0.41863554532410635,0.2588154901176392,0.47702956314053835,0.28546525179811905,0.4707909278547246,0.028184595621334817,-0.09159891386318428,0.3514589154814794,0.6477718885539013,-0.043496772903905044,0.9381203213821138,0.4068880989543488,-0.27849555941072796,0.4599150648483927,0.02234066953320749,-0.1204445798101396,0.043421731771691056,-0.28238893774962487,-0.35350796652752725,0.1617579052932933,0.41167078397655016
-0.1877016267512014,-0.18125638873246427,0.578399432618732,0.4268329735166477,0.15631831759406584,0.29127122540082323,0.20600366011813948,0.2422309653572165,0.2208369932620733,0.2518594930706999,0.2962477896928797,0.19057511288745493,0.08229624645789912,0.2861322864841033,0.278825076132052,0.20272561617498633,0.30677453239356206,0.14270694935171926,0.16741507936107286,0.4216627849197634,0.23823103620191144,0.14830075753197489,0.8211897219867829,0.9051823732055008,0.45011853539455376,-0.04156850900890202,0.3548158811994238,0.4301207091219234,0.22913752849068442,0.7788902781608903,0.09692565194383398,0.3774907072054895,0.7180267859415703,0.2183568619016027,0.2476668941121606,0.1371614372911465,0.6225235224759164,0.47779611995146826,0.2234735255398599,0.18473853286330544,0.41193852767080047,0.3342386438460605,0.4337520215327098,0.07764940272049106,-0.081989068500731,0.3727791791859374,0.4642741974579091,-0.04278903486803383,0.8001092805026123,0.31959548419618083,-0.22265273082771697,0.18548118067316383,0.036732276378212976,-0.20118189417291146,-0.04544456203697852,-0.23404043001856317,-0.1817174904058565,0.17134371335377685,0.27378385486758355
0.08302866259426281,0.2543767704516447,0.3320724181924412,0.3310965190110761,0.038628988062067694,0.1636671326344613,0.2574405444184985,0.2086628515190702,0.17433913927362946,0.23874124043814543,0.17059503006424093,0.22586554746113002,0.08130785722660985,0.1763586442459687,0.22351993823269137,0.14221339638562705,0.3362246263091358,0.22681172998904864,0.2976099862565995,0.23062522375256841,0.23900845840543128,0.05720272170659382,0.4952726764977759,0.45011853539455376,2.214706797444052,-0.2556712042453962,0.8531343413822756,0.30044285717668734,0.9400972620700173,0.7517788978446488,-0.007142656086973851,0.22429111533994528,0.4805777098388974,0.5476321441869857,0.20729640539707675,0.5129288847501556,0.8132097898556755,0.5512494320179323,0.44950633259704426,-0.004724726964673651,0.31788094884424456,0.3101615298240854,0.5588003531624575,0.14937669810140308,0.32688443759119595,0.7178932977736654,0.4789924519374059,-0.22702415900624082,-0.06622435134324697,0.04171131528447169,-0.21624910672545108,0.18934061808520053,0.10875846969456333,-0.24207817355812605,0.06562693931511604,0.21505041189142138,0.0211040616140687,-0.06630319609406647,-0.2668981334777418
0.3914056428498968,0.6217908990638417,0.1631389038366875,0.16832096342008207,0.26927486569578457,0.24013489563593496,0.1907446384906994,0.2840555002472893,0.226145693416624,0.16696467164570458,0.200420981056451,0.2735153142006441,0.09950936211768029,0.22034165544013395,0.2762641359616971,0.23199343522258406,0.1271235363927519,0.2789587397153133,-0.04244200204601054,0.35151477141599885,0.07978341420086099,0.2791758714406607,0.13385552815101137,-0.04156850900890202,-0.2556712042453962,3.0146201434690565,-0.667722908852625,0.15394538597198967,-0.3537836272271713,-0.27557315404830546,0.141071282467067,0.27348219944853747,-0.31879758508550315,0.36086648078516026,0.399277963806247,0.09157504322985326,-0.5315490431751195,0.00805309474235198,0.23786556993589852,0.3268450368267091,0.11586725861015837,0.22227149588181314,-0.13991460122082927,-0.023617610368372514,-0.1115952831732725,-0.17398383256489575,0.024479605967455388,0.04101840281339505,1.1370341711179952,0.41884587215594327,-0.3239589569662486,-0.09073216536510671,-0.3420498595947234,0.08448609662774664,-0.11239487026467235,0.0780659067871175,0.1151181047424478,0.06205440520230019,-0.15736211445633147
0.4463267442005485,0.35900608375813464,0.09290609522163074,0.2993943392367749,0.1067554389828912,0.19030581076611824,0.28454479073684635,0.4032831700008108,0.31268032139735785,0.25702923859417914,0.2698449474770633,0.31517972476306594,0.08506860175494277,0.25119781173205774,0.3272550568303854,0.2508576543676585,0.3995809495690154,0.4183805400694733,0.33356690620860613,0.27005126933234136,0.3043583196885162,0.3252582541004515,0.25425031226844874,0.3548158811994238,0.8531343413822756,-0.667722908852625,2.8766405156137322,0.6094153696784503,0.2976749532754305,0.4064554349090924,0.5281760790688351,0.2166579254636542,0.7258680467230414,0.2656396350297311,0.4912589065713729,0.6382237518341817,1.1588009212817447,0.9785374140920581,0.18102002137127995,0.2524427814507841,0.5816906267510236,0.4428526165569861,0.9380100187161104,-0.06507372262538552,0.5548853830127887,0.575281858904421,0.4296597996186982,-0.11350347443044993,0.7279125056450407,-0.07539461762485021,-0.2929187359195042,0.3841479428061026,0.15734076256736498,-0.20889507219444003,0.15387114427489268,0.08683174364612857,0.004091145134943586,-0.005519742658812494,-0.047755977653938166
0.2658072919260287,0.2173207963971237,0.46870826363911283,0.19466495933010763,0.04685608986156202,0.18755424424211148,0.17079339344697844,0.21947590591686586,0.2326779690145182,0.18666209799634312,0.17646365081920662,0.13246139185606534,0.07439708961878494,0.20171836290556597,0.3544037583336893,0.21306054917246744,0.4272385449669993,0.38156915858910195,0.2242538744375607,0.30445284520155896,0.2853607787476469,0.2009773355722783,0.3753524782005396,0.4301207091219234,0.30044285717668734,0.15394538597198967,0.6094153696784503,1.1534482755777553,0.11627179187204999,0.41143388532199976,0.42947697011757996,0.18321054248422045,0.7716757142423747,0.07297236506665879,0.9751165782460904,-0.1102657661658993,0.7449920116306896,0.36800398547911584,0.23298573393705868,0.3117685933720035,0.3380852735257597,0.3809803444114725,0.5426517091847926,0.07464712392713128,0.13068286394853743,0.2747119584595422,0.4297736556444712,0.033107783026992195,0.718206631984286,0.6005314518209434,-0.25040052583918715,0.5010070082621516,-0.5105806613922131,-0.15640572941266118,0.3160621473324808,-0.060990376591785835,-0.0982409501393481,-0.17254489814059693,0.3010531789616044
0.20332289578938184,0.7779592526953975,0.7719293639475255,0.29993827310288856,0.23261290148643632,0.4048843239444297,0.31983714874752517,0.3001474927466038,0.4117564855472281,0.2873322425600784,0.3931265637788061,0.33361121442161545,0.14745221418315632,0.3129472298003783,0.4648235131602233,0.3430146306328535,0.3848901145855097,0.33021184109565815,0.34541571818639694,0.618915947782068,0.2735038613790348,0.4075893852286156,0.41766601115375096,0.22913752849068442,0.9400972620700173,-0.3537836272271713,0.2976749532754305,0.11627179187204999,2.999208958859336,0.6178646721972154,0.10817482055560221,0.3322407911578001,0.07265668075508018,0.7294463807239181,0.26939777626409944,0.6056711595690135,-0.11469170117773225,-0.04119976916541841,0.1712909746795398,0.05953101128141586,-0.022819156305205344,0.23925629472778168,0.47513000020992063,-0.008572491776594826,-0.10792141465472606,0.531368722620441,0.45639246106789383,-0.3118168769668758,0.48783541732202695,0.0003583544673378674,-0.33538040447299533,-0.017892851773437142,0.027416684476198636,0.037294615547856284,-0.16026391714646998,0.22447601722164912,-0.38867391667764933,0.1440307429372894,0.058588890568642575
0.09116160784939331,0.23420838402516397,0.9124304241355438,0.2149965916875404,-0.03340011924317787,0.24915190934851766,0.10151505032095476,0.32734945775061,0.22135498123240277,0.2375965553002957,0.27512039730282045,0.12304792262173203,0.10638695039938639,0.3023879529746014,0.2792056633030583,0.2017416457022021,0.2631067024018085,-0.12254643082421712,0.4014717934715827,0.6591644237499549,0.24225534910811997,0.07110864929889782,0.6233715630812104,0.7788902781608903,0.7517788978446488,-0.27557315404830546,0.4064554349090924,0.41143388532199976,0.6178646721972154,3.299311453461013,-0.14373023560151746,0.26457901785125515,0.4131549934391587,0.23420668735261163,0.6273996814447645,0.33633358917987966,0.8937446802144524,0.6193979442537192,0.6846259588042016,0.5811310288400203,0.6715029221491987,0.4436471637174454,1.028937699871588,0.16604825588244027,0.20614790866222324,0.5136887147594651,1.273129434637187,-0.172599310670018,1.288046506934668,0.27042640067974916,-0.1311466632199782,-0.7829354590385557,0.347173142588429,-0.21658544421644121,0.03510430732364054,-0.5607458490296162,-0.320550895952987,0.37761371919301345,0.5950077637310246
0.45441434597038244,0.6329131569552691,0.233629693826042,0.18214658517587554,0.14164731786477766,0.17652507927822395,0.25146294168705535,0.24081163003037306,0.29571025719232297,0.18356966545604178,0.27172420128908037,0.21139033073347685,0.05906459298441619,0.17248251804189238,0.2968817025354661,0.20167180953275182,0.3174890241623554,0.49419832305880956,0.3218257332691936,0.16259491430900097,0.3199059531065532,0.2903744532302667,-0.2992486285482593,0.09692565194383398,-0.007142656086973851,0.141071282467067,0.5281760790688351,0.42947697011757996,0.10817482055560221,-0.14373023560151746,1.1603285998598227,0.12801253990487607,0.33344481885477495,0.06378914841050261,0.49000857077279286,0.12727396706957017,0.4270496496438284,0.4552466449293799,0.046206619530354244,0.12550927755649469,0.099919070600774,0.3032928200101026,0.5508582111681584,0.08103030337818662,0.46781141439849694,0.2598743941696321,0.16976729107070457,-0.024780254719197044,-0.07169181333767902,0.28023789404321264,-0.0072865788822780095,0.04779967037987661,-0.08785848332655237,-0.13441688947910096,0.11105459490160824,0.20666046278948694,0.11730279708949172,-0.05940136596322892,-0.3187001240004067
0.214194885034413,0.13441174947699544,0.2774448077959409,0.41720589175312345,0.2973424993293263,0.2973891524339288,0.24931438735613376,0.2464916152749346,0.24948475382647245,0.22593174556827716,0.29617521136108266,0.2661484001442925,0.08365403486132666,0.48627180974066747,0.3285157842130952,0.2722938696510222,0.21055231972279229,0.18176433964759184,0.18517804659415776,0.37086819955067485,0.18459422178225765,0.2604662077961888,0.4096888004884523,0.3774907072054895,0.22429111533994528,0.27348219944853747,0.2166579254636542,0.18321054248422045,0.3322407911578001,0.26457901785125515,0.12801253990487607,0.8435886805751264,0.26968555453012183,0.2327765702180598,-0.03632546469214966,0.2370297952546128,0.10740425155937774,0.40609182212266776,0.04858152959582463,0.008333543812329753,0.2535922087204806,0.23988960111844398,0.19618089816282833,0.04010176517316387,-0.03340040780271579,0.2789867534584269,0.21720079295391098,-0.09925983171273903,0.3637673728051813,0.17927690972734167,-0.07058317588909141,0.5639864817722792,-0.3875610982091419,-0.0430725974734449,-0.13773450434544082,-0.0017738792339758434,-0.1657942362049597,0.17247309352370876,0.030999217328181505
0.16836664543927787,-0.028860480929686794,0.3964346848310393,0.479883449932347,0.08577168269378779,0.18696421114235717,0.30340517121999033,0.19503562701474794,0.25203462506816093,0.2804921996571928,0.25419801915360535,0.17446223500079047,0.056996519108230004,0.2732959172651995,0.2582918484310328,0.163321552253578,0.40951846298723643,0.3252506573146068,0.3290206577146861,0.20884087266871368,0.3343473933231517,0.12269080530285692,0.6367470661162132,0.7180267859415703,0.4805777098388974,-0.31879758508550315,0.7258680467230414,0.7716757142423747,0.07265668075508018,0.4131549934391587,0.33344481885477495,0.26968555453012183,2.0041213026367357,-0.13398385487865644,-0.14156284890479529,0.034241369374282016,1.005559422184298,0.5777227736022942,-0.0886635212671,-0.14297524654334093,0.34223318430448046,0.4284985472727919,0.5247453448003057,0.058585958668123675,-0.42953764401431,0.5774456350963312,0.39995340427670073,0.0012666527808712718,0.8383955637065122,0.718947223277231,-0.35485365462027885,0.28882797040424,0.11084193707185519,-0.4870339410742992,0.14747943070438493,-0.06036761512802436,-0.11395736606317372,-0.0004601011094212471,0.14758032590461878
-0.6193609239188359,0.08121576047394635,0.5439058490176296,0.42957429611256065,0.14746014930613055,0.2808730035243374,0.15092590080509713,0.3044409292109081,0.2804426105422313,0.22264512462228803,0.27381563646508594,0.22964207104127377,0.08447046456395921,0.16989292071921705,0.3061627230129343,0.21048674392155284,0.26542636966783284,0.24875380963285784,0.10473192797185246,0.45044407660814617,0.1250485443570066,0.28404307409639057,0.42696136393735434,0.2183568619016027,0.5476321441869857,0.36086648078516026,0.2656396350297311,0.07297236506665879,0.7294463807239181,0.23420668735261163,0.06378914841050261,0.2327765702180598,-0.13398385487865644,1.4064669966957941,0.32360790705408726,0.2582816608838005,0.34500309915525007,0.19449403318213224,0.1645491827125467,0.03795460331983047,-0.08230032267412664,0.28612803121887226,0.6061719737529012,0.1400206454611438,0.104860459559705,0.19523947540668096,0.3439505987536837,-0.02134980696277297,0.10276915070836407,-0.046260070506515684,-0.10464122247336725,-0.14703389758880595,0.10281157577786088,-0.13597771737340048,-0.21699860284087222,0.07649811255573231,-0.3615638750212217,0.21271021469383294,0.1914161330353339
