2.6732253179101,1.3306813409024856,0.3817883221160617,-0.016297205889510374,0.6389984399279641,0.40461126211214854,0.68123567363709,0.4140394183436502,0.5127710592843009,0.42816304561964286,0.6505278037187003,0.4990233469209686,0.14998501124169908,0.38138823393184895,0.4400378348489467,0.3356315439526041,0.35266993860042195,0.42407252052342936,0.3459336951462624,0.34372515933427367,0.4478507945095042,0.39495738920090834,-0.04433553872905244,-0.08318519109398698,0.01816216872463039,0.4018340757100293,0.37648597449898913,0.23097527914666044,0.21195036802374925,0.07415351731271992,0.41551681761623266,0.2086412716586114,0.16634491590950784,-0.6028764896763241,0.25304474532780036,0.266418540227627,0.33368802343777987,0.5423576040740149,0.3750830922629943,0.2817966245783992,0.5496501890597905,0.2750501989690257,0.1500231145096261,-0.027995065523615973,0.5868441423082692,0.21397098665525452,0.15710076182654867,-0.09494713359037961,0.3946731313360771,-0.3687207556895931,-0.05218108887546204,0.24209976854247633,0.2813758856229348,0.1168761127323828,0.2732536970582432,0.08701663257170096,-0.08723581214485977,-0.19123478324116,-0.17272422834711518
1.3306813409024856,6.038854081627979,0.7388049886794147,0.10549938630875173,0.4193221057202138,0.18048228691615506,0.594779340837352,0.30327618905413034,0.7298909140967919,0.49368946795571333,0.3345639186944723,0.5569696557990949,0.165496517478925,0.22162093000946473,0.6347495519894002,0.2973864650892103,0.38680856207106773,0.17849291140974338,0.2692544045901118,0.46809791374194815,0.568445699384443,0.43079109812667243,-0.7251110300372116,-0.06149379859468134,0.2079630973339067,0.6379142800303624,0.32938689047497044,0.24644639517902497,0.7600319044232403,0.23568711955084604,0.5567035517001013,0.14200413312106921,0.028254441967392973,0.08911476594698202,0.3561620729033563,0.31899925777780325,0.7232236079006684,0.5285825673083662,0.3255645075815362,0.3338050948770722,0.3063700754483122,0.38384877550391405,0.426766171535906,0.0718120205204047,0.770269237053554,0.2353099997047669,0.16787976981154032,-0.0380514903870831,0.5694635112580252,-0.30656891756681487,0.34997738347529944,0.09005674068011117,-0.04571481401861379,-0.07674659759622085,-0.7289790303993389,0.1899361601665655,-0.215413289407435,0.6871575271678694,-0.22230006176233966
0.3817883221160617,0.7388049886794147,4.310211582357693,0.17249553743398374,-0.33028592440070037,0.6277998748729008,0.31812973811316575,0.17518649203718545,0.8244387022650042,0.24378685097125372,0.47308324572630256,0.290579267632369,0.08390293948163752,0.24037767812279984,0.5425281213705558,0.1930833520630764,0.45813273157784623,0.2474364367351529,0.4214504057632546,0.6769204508353799,0.4599696609680206,0.5211889442414347,0.42890207746779524,0.4984875495399289,0.4299261486612482,0.20598690183729898,0.12033414540745531,0.4298347902115145,0.7786061089874339,0.7192084512056951,0.2694886738211173,0.2859071006894388,0.33265787792862234,0.49871297874186016,0.543584725626176,0.25322054238637154,0.7112716072314087,0.757796223935243,0.47349469345899003,0.2457540181311131,0.27247608848814436,0.401302399242899,0.6503365990164838,0.09385046106219513,0.6033618317726008,0.3773286495008172,0.4884399974185518,-0.06563594877918634,0.27106287068565965,0.34637246224768964,-0.13794657477859174,-0.03672389098483418,-0.07911766996793933,-0.2543115881692334,0.1443064621310702,-0.24376838788988892,-0.42058259761401995,-0.038132934351963875,0.40932394083121193
-0.016297205889510374,0.10549938630875173,0.17249553743398374,1.7084695296883097,0.325389898589017,0.2220981942520093,0.38561881533289216,0.36258689396845184,0.15919330314952815,0.4325221132890891,0.41949182367834503,0.38903934157542813,0.12094278912982741,0.41923732667485003,0.3705164762759462,0.3281431528459059,0.31772323847069,0.40078113965167017,0.09092859131465326,0.34467724245868653,0.2642684232598213,0.20847262325390253,0.6559797307648073,0.39315193453378827,0.3438961376820296,0.14694697660775222,0.2913415358148149,0.1678093927513686,0.31396262253126517,0.21474686317404484,0.11342657369646131,0.41246876878348615,0.43132608031556263,0.4274359250839549,-0.0953855666374445,0.2595741054320463,0.4936825895888272,0.43705882617414515,0.18913275767049212,0.028482370148368543,0.217805502729628,0.27102751123104246,0.3870673401659051,0.10513948166192125,0.052123729003692415,0.37746798312189994,0.317117044290813,-0.052138279257156146,0.17459603000505844,0.4463442973955548,-0.11676996661251608,0.6233749104381228,-0.22657023574003618,-0.36417630371164256,-0.3233121183375774,-0.09944909924586404,-0.2706213016172196,0.37184642572284066,0.07795467495889838
0.6389984399279641,0.4193221057202138,-0.33028592440070037,0.325389898589017,1.023533032392542,0.3639244169377102,0.38570694927708465,0.3532275927149637,0.21059766018549694,0.367191805360668,0.4287649660091307,0.3779549123792015,0.13010400140417053,0.29158321689537997,0.3122097366486674,0.29456343137136004,0.22281080271403725,0.3016273751332698,0.16169290862066735,0.2912542270842952,0.24330601035151117,0.22815830033023085,0.31395139621304574,0.15862881160504164,0.03006029174638411,0.2391504705762683,0.09533187359724565,0.008306115740423645,0.20676499060448278,-0.0555033233418941,0.14079847011109523,0.2835485230114659,0.08063421276114262,0.12165296975206329,-0.038848224209862156,0.15195466912512837,0.21528040427392336,0.2755853357075853,0.18152321015775374,0.11230581942470183,0.21363292652582452,0.20493288577140834,0.11092693560361298,0.02136648161906636,0.211940395220571,0.09585805302406937,0.13633208554069254,-0.031117301459360546,0.26979320925963546,-0.23605925087879148,0.05197679129921632,0.1849391348091541,0.19929909176046612,0.12101903763558794,-0.16162847882509085,-0.014024337710297525,-0.2222575340321437,0.16311257554250727,0.04969777865855255
0.40461126211214854,0.18048228691615506,0.6277998748729008,0.2220981942520093,0.3639244169377102,0.7723312109116378,0.22370320790170992,0.26346333842600106,0.3576542254669098,0.23048111848283043,0.3854287358558877,0.28025648500233996,0.10689771057392862,0.282074472293764,0.3654196865626593,0.26896322122687594,0.2714029827757623,0.23755494382657624,0.26001769075313313,0.4252334845505525,0.31427712587362916,0.33928495787739743,0.3044227541491342,0.28078882217264084,0.15553848416602106,0.24075810811672663,0.15479792025835087,0.17838638874198248,0.39476306665406347,0.19787817173971517,0.1784749466018042,0.30283533682598524,0.15364124058862727,0.2491232589628214,0.0861507367088387,0.15333522473333205,0.43025444130815405,0.4524933583258187,0.27570909221467294,0.12546440909028928,0.24748377358059195,0.2624266296912558,0.35175729441312487,0.04031361357294236,0.36609567561991957,0.13424555407806116,0.2805554013459813,-0.03938415181293353,0.41202051434607057,0.07441112908796427,-0.29786287254910243,0.02047378136152867,-0.1184768464891142,0.08108823822968078,-0.056268547373293995,-0.06374085579538726,-0.2583641316192107,0.12786853446151306,0.15194924445121497
0.68123567363709,0.594779340837352,0.31812973811316575,0.38561881533289216,0.38570694927708465,0.22370320790170992,0.7208776509317002,0.17697232387709094,0.36202561141377376,0.32434004878953865,0.47308630245880895,0.44813582696048615,0.10339678692708536,0.253144262925086,0.25160272853225657,0.2687098296302938,0.3168592024438696,0.23966477516012066,0.15552367941907505,0.31553387113381265,0.3078208388675951,0.29345314525802185,0.2918286172631459,0.2185141707297223,0.187427592483834,0.1887426963445804,0.22763033193394572,0.11208042128978692,0.3112782343618415,0.07782520895360351,0.18115083807899243,0.2562827419668904,0.25175123772324,0.12433066632779576,0.03855700281669643,0.3003180434299846,0.29857629673386593,0.3857204874950515,0.18974320798917324,0.10814330249793097,0.2165705700479443,0.24345229573666685,0.19699031481762674,0.02450996837964143,0.24925025821219174,0.25336033073121317,0.1102183684886548,-0.05390193491649903,0.23716246265116955,-0.11097185812359404,-0.03759243192870881,0.25338521912153256,0.12817778327828788,-0.11719304862320339,-0.11628902289187096,0.13338552219199581,-0.16534590892152634,0.15108691445743397,-0.2801319699034806
0.4140394183436502,0.30327618905413034,0.17518649203718545,0.36258689396845184,0.3532275927149637,0.26346333842600106,0.17697232387709094,0.870618836030772,0.2039659218037595,0.37952412323328405,0.46027109662252846,0.28073168725900577,0.1468600665337265,0.2891440579804565,0.3048293594693317,0.2547085892268843,0.2885052523107083,0.358462074711294,0.30213797284038146,0.3541196228069966,0.23862779988275779,0.23310119993539377,0.35447254579813453,0.21794700748919793,0.2101168003625282,0.2726590423526107,0.3712738232640038,0.1788501683222856,0.30295542992434543,0.26766960227905484,0.19498436034776914,0.2504024949679698,0.14703849157103555,0.2918850903816862,0.2788127016855292,0.1413961586312678,0.3709522821151332,0.31609031201598226,0.3412002134662452,0.23147641406314187,0.2499630298654447,0.24519764834253277,0.3342952007777618,0.044033963026023915,0.2190255622623026,0.1975488429450424,0.36072625068814274,-0.017731886999269107,0.4328692346899237,0.01086120166277535,-0.11405251845383688,0.2906037558847239,0.08139070803367916,-0.09332248882105554,-0.12986418510017986,-0.05257866118832239,-0.15654364337761378,0.15982200699170185,0.09834687430844335
0.5127710592843009,0.7298909140967919,0.8244387022650042,0.15919330314952815,0.21059766018549694,0.3576542254669098,0.36202561141377376,0.2039659218037595,1.0400655778878176,0.2305442195154684,0.2136443050137825,0.31528823375921705,0.08154866058263875,0.24973618818162477,0.33058082695841234,0.22007739066884915,0.2920668771904015,0.27322065282896457,0.34597191659501,0.28643455340591967,0.33366477390590926,0.5745722450863409,0.24372914225423614,0.22493895695261462,0.13402761915056877,0.26674109080947006,0.2971031933051064,0.21435646012943343,0.3997783078990278,0.16918455800485757,0.2690717031651214,0.26008497253111384,0.22474716748886692,0.25240012792728117,0.20659727825483015,0.23403121098057772,0.36611522506720334,0.4474488101217438,0.22489704960365547,0.13551651999208414,0.22343074983350708,0.28597912003111686,0.3718124601461571,0.049296297573868324,0.353742641720055,0.210724473355573,0.21740163480574018,-0.03595267077880484,0.23320198388462418,-0.05270816715885553,-0.0424150859301072,0.015082672842027162,0.04925463124093452,-0.07744894251210059,0.041316150125575365,0.141445275271852,-0.21704427772097998,-0.01148290166574362,0.020861165594803707
0.42816304561964286,0.49368946795571333,0.24378685097125372,0.4325221132890891,0.367191805360668,0.23048111848283043,0.32434004878953865,0.37952412323328405,0.2305442195154684,0.8690533629987756,0.4186007750538309,0.24805334334620124,0.13211777720881923,0.23226203157819808,0.26717389620013926,0.21887256287836068,0.25442201113321466,0.3283552414301968,0.35923815070785153,0.19849063940852407,0.20984003871664006,0.2364439016334297,0.3705762178417563,0.22718373404840322,0.233276623754407,0.15746454206069974,0.23908003005803288,0.14445911198835118,0.272229671900731,0.23863854312360694,0.15513186457917869,0.20226331214359963,0.23178852887787768,0.21600902321263543,0.1555779715296056,0.14827247611472588,0.38369198728264153,0.29744669131558515,0.242625208844663,0.1228771901189252,0.2839430207679182,0.22888605327069594,0.24594259845707972,0.058941092913795144,0.15608542163935804,0.22359671285637903,0.28253465340946277,-0.03639774809278416,0.23607381736682548,0.04738326801443735,-0.022709136645287887,-0.015768302302278017,0.208169679575946,-0.06968475642898554,0.007203033077234672,-0.09560744672679557,-0.14251784539316495,0.015575018568378046,0.16976618587466957
0.6505278037187003,0.3345639186944723,0.47308324572630256,0.41949182367834503,0.4287649660091307,0.3854287358558877,0.47308630245880895,0.46027109662252846,0.2136443050137825,0.4186007750538309,1.222591501930781,0.4243356418142155,0.11853886112760682,0.3118357953627826,0.40461562979673676,0.279669001648136,0.3363782176763152,0.3532468399091255,0.1650405268638116,0.5938868323711809,0.36333150962978006,0.2166517671475829,0.39762496220527566,0.2676975297658742,0.15755994971387358,0.18277391963344441,0.2250463998434445,0.11547585879177158,0.40776275589896743,0.21337154586721513,0.22983672106947398,0.27854028937411224,0.17442455302241114,0.2613840633685456,0.2149980219181185,0.23020060265484427,0.4065778403112363,0.43817371702536084,0.3560781620457988,0.2384809884447683,0.2082707738169051,0.2939740218452063,0.28739453744979787,0.006893661370225262,0.40776642462678114,0.24546785788005868,0.2854233876057681,-0.04121084182710713,0.053315836955757596,-0.3062010723768139,-0.06285573799847118,0.20759960701518965,0.39467934089427226,-0.04763320194404395,-0.13651606207419653,-0.10831483215477719,-0.30082021688984445,0.17824277080161394,0.08782557637756272
0.4990233469209686,0.5569696557990949,0.290579267632369,0.38903934157542813,0.3779549123792015,0.28025648500233996,0.44813582696048615,0.28073168725900577,0.31528823375921705,0.24805334334620124,0.4243356418142155,0.7227395141836911,0.11624728414015484,0.24906832926197617,0.34425929034454433,0.3169179597701228,0.33019729526799685,0.2060916715808773,0.2028061003076827,0.3529615375322416,0.27559201002913475,0.2916600888924088,0.250226053509695,0.19875622944179105,0.1638099809350788,0.2708088241644698,0.26994942693900364,0.10616825732790071,0.3354944413279014,0.13132833214395773,0.15529647157397522,0.24490379401228105,0.14444855638516868,0.21276474866266834,0.1383405908385396,0.2955698522191965,0.2677882293857074,0.3562749159804542,0.18954153197170087,0.16330727687277286,0.21461755786472828,0.24558372535446288,0.2055995686693409,0.023052748298153115,0.20864345202973003,0.19878997907899396,0.17497030591755125,-0.04347310859870008,0.45595921737217393,-0.09369239341246634,-0.03633629118922185,0.05270324313678959,0.10291851824886465,-0.06195758023222991,-0.254282125193679,0.11115170930158548,-0.21577831053751256,0.2537894306628524,-0.2006060334541193
0.14998501124169908,0.165496517478925,0.08390293948163752,0.12094278912982741,0.13010400140417053,0.10689771057392862,0.10339678692708536,0.1468600665337265,0.08154866058263875,0.13211777720881923,0.11853886112760682,0.11624728414015484,0.20942304646903753,0.09058567700998928,0.07887996651155932,0.11934041885992733,0.12565041894793721,0.1044399789985571,0.12989529420292376,0.11314218982802582,0.0928488841888796,0.10982648124024762,0.12322916183580986,0.0812423062882926,0.08556215222011342,0.0995454260092853,0.08517416126455843,0.07279254883715316,0.1598578516334065,0.09675021887480509,0.05567851145544792,0.08195961562521892,0.04930868313000964,0.08717959126350253,0.10490078913573063,0.06602156562760775,0.11002258448899027,0.10201797535802057,0.1313310362910142,0.0838380422632248,0.09308062609815763,0.08672350905919828,0.08106879360858443,0.022681450831324137,0.06871192188102523,0.07166206214006017,0.10560687096166167,-0.015592368711923882,0.17568303909454192,0.026517027258870562,-0.042363327948075034,0.008742207879164236,0.023268205163211802,-0.008057636745885693,-0.07024364273357228,-0.017541452833402128,-0.04466354501254391,0.07285198127613986,-0.01864011715929445
0.38138823393184895,0.22162093000946473,0.24037767812279984,0.41923732667485003,0.29158321689537997,0.282074472293764,0.253144262925086,0.2891440579804565,0.24973618818162477,0.23226203157819808,0.3118357953627826,0.24906832926197617,0.09058567700998928,0.6169736962431094,0.3356117619433974,0.3340743239616456,0.22063329422355454,0.24171760363478897,0.2288809545411014,0.3362885609824155,0.2189671553777714,0.26894622844155386,0.3512842778231831,0.28007726007477224,0.19756464755017542,0.20989840908017307,0.25929101447469666,0.2010528304563457,0.3381738574102278,0.291049171164169,0.15534243965565286,0.4924307885595235,0.2774519800641825,0.177606792210952,0.1214481225614008,0.15225387645176325,0.2836817041240373,0.40264403648216707,0.11370069539213239,0.07714140295062615,0.3153135334185785,0.2556520903316519,0.29689160040652135,0.046080110615532056,0.05775704732692077,0.23040448804696145,0.27884657032808463,-0.060873203401431014,0.4515984832758567,0.12246203507805167,-0.1254380491860488,0.21884688326002563,-0.03317642519892452,-0.054752632280689384,-0.09821299977103543,-0.061360700452728616,-0.23156720057564179,0.14856032682992917,0.22495270171494597
0.4400378348489467,0.6347495519894002,0.5425281213705558,0.3705164762759462,0.3122097366486674,0.3654196865626593,0.25160272853225657,0.3048293594693317,0.33058082695841234,0.26717389620013926,0.40461562979673676,0.34425929034454433,0.07887996651155932,0.3356117619433974,0.9430115440840569,0.2758322261632589,0.3248964677368158,0.4670860733448956,0.1799259755404944,0.4736904998114627,0.3251191993868195,0.2876199999527763,0.47988951079742886,0.27429651040991765,0.2011504893999677,0.281620702764056,0.30167955175041394,0.33590835306523337,0.46040533052006044,0.25369188121709824,0.26073689739018324,0.29890829558385124,0.24130838380039224,0.29190780439529024,0.288865611076712,0.14598557472068457,0.5603327301096941,0.4147948935154382,0.2948236179338326,0.20792760064566326,0.2831899761535242,0.3025455980912542,0.42827177894534874,0.036230705983207274,0.3420219035215043,0.21922718620339696,0.3560808744211368,-0.031946159352013004,0.4798282667819114,0.4844621588865424,-0.10904056928326154,0.11054705897326866,-0.2526299247692805,-0.057212468848727466,-0.09369782355707312,0.06587317887872524,-0.32130884641945945,0.17600762220084162,0.06531986630557289
0.3356315439526041,0.2973864650892103,0.1930833520630764,0.3281431528459059,0.29456343137136004,0.26896322122687594,0.2687098296302938,0.2547085892268843,0.22007739066884915,0.21887256287836068,0.279669001648136,0.3169179597701228,0.11934041885992733,0.3340743239616456,0.2758322261632589,0.5509433710108482,0.3201924271429758,0.2139926006642797,0.23036803929873778,0.2923656916162095,0.22465358704327765,0.3537861839234878,0.24255109605973452,0.20680106657482847,0.13301507189161588,0.22444953187812575,0.23687984101963105,0.21161883155887093,0.3502419260509926,0.1881053891388535,0.17927359451115596,0.27740852123245546,0.1586995330133312,0.19964614113857052,0.2514544509811532,0.1758742591346959,0.27775580305414116,0.3508453262606752,0.17981799589145037,0.15033251804774034,0.2546120413460693,0.2740970541293339,0.26587513019903913,0.04429252990452669,0.16763871954351922,0.18047192827668204,0.22722767702906113,-0.042527176630015956,0.37659234038398687,0.01514484061222032,-0.10664604227652753,0.03266700585600038,-0.0032331280187283093,-0.03370677684857673,-0.15064458130378056,-0.02134115570212234,-0.21068796470966736,0.16913765267624137,0.08923925933628285
0.35266993860042195,0.38680856207106773,0.45813273157784623,0.31772323847069,0.22281080271403725,0.2714029827757623,0.3168592024438696,0.2885052523107083,0.2920668771904015,0.25442201113321466,0.3363782176763152,0.33019729526799685,0.12565041894793721,0.22063329422355454,0.3248964677368158,0.3201924271429758,0.914785446964599,0.2548855322062458,0.2754096421839541,0.4746015078360066,0.32309541161739125,0.2849218862505387,0.28522223535990887,0.29918816844901835,0.2987801110729427,0.13569100859071045,0.354324096084687,0.3981011550411548,0.38781518318637564,0.2591570073687579,0.2575952555097013,0.2002303063432311,0.34855137894348487,0.23934069951000672,0.40074341509029426,0.2096838101641812,0.6250763529819023,0.5141631786446436,0.22129814904032571,0.23251775238878586,0.28822340274047753,0.3979725422463769,0.43351955481746274,0.06126420655678423,0.42741685652658534,0.29096085744669475,0.3199678622770422,-0.04458473501217954,0.3475843259771523,0.2140240025564478,-0.16468030453999066,0.24977752550986115,0.027980795485989546,-0.091420204236806,-0.4447838532147637,-0.04460046267684647,-0.277826959977413,0.47528957220255197,-0.217665151978477
0.42407252052342936,0.17849291140974338,0.2474364367351529,0.40078113965167017,0.3016273751332698,0.23755494382657624,0.23966477516012066,0.358462074711294,0.27322065282896457,0.3283552414301968,0.3532468399091255,0.2060916715808773,0.1044399789985571,0.24171760363478897,0.4670860733448956,0.2139926006642797,0.2548855322062458,1.1258146037577497,0.18032616889496988,0.1849400813472323,0.3063589546599999,0.28407303777939147,0.7472399805935583,0.14721239469127056,0.17402017064529765,0.27134487500885446,0.36828216032762034,0.34477101598926446,0.31362060504983985,-0.10683283400608536,0.43328606943148795,0.16236703350408752,0.28282745742481663,0.23303344064218953,0.32304359629574514,0.04488089960001373,0.5735328995125513,0.3147662491602377,0.29388608903500674,0.20842377049140193,0.2234051851018343,0.2097050333162839,0.48910044285631793,0.03984083668560674,0.4288546072189891,0.21485402091582897,0.4374403646488808,-0.03647271217067461,0.1721819039580017,0.2838248311491159,-0.04475390786755238,0.22022247569244022,-0.03927193126094877,-0.010206329680986139,0.10616091149272147,0.04450319508230109,-0.11620793868473837,0.00044485202591912224,-0.04313988636585948
0.3459336951462624,0.2692544045901118,0.4214504057632546,0.09092859131465326,0.16169290862066735,0.26001769075313313,0.15552367941907505,0.30213797284038146,0.34597191659501,0.35923815070785153,0.1650405268638116,0.2028061003076827,0.12989529420292376,0.2288809545411014,0.1799259755404944,0.23036803929873778,0.2754096421839541,0.18032616889496988,1.4949106815623119,0.08829981531726405,0.26312646216962626,0.355469660345153,-0.0663969632195531,0.1803019355302174,0.3017021694332273,-0.012971607788565891,0.3120685261367816,0.22277043477548278,0.33412582796249246,0.39626302165516186,0.28017919719877876,0.2020628719743336,0.3222555720258146,0.09924789728243466,0.15170202311994457,0.2511658276902347,0.3860951561496433,0.3845222580202209,0.15021573300238378,0.0037382505614559974,0.34640686417020533,0.264702454241852,0.30347611654402273,0.08882551390313799,0.16599596304926884,0.29231812831270293,0.20641185260869738,-0.07515542580914453,0.1235208875362905,0.5485591798009594,-0.1615126299024887,-0.22966110611505652,-0.02174853217778369,-0.12327657885623108,0.09689471793562857,-0.04350295628787027,-0.09539223552293792,-0.045076311900657196,0.1336297449877998
0.34372515933427367,0.46809791374194815,0.6769204508353799,0.34467724245868653,0.2912542270842952,0.4252334845505525,0.31553387113381265,0.3541196228069966,0.28643455340591967,0.19849063940852407,0.5938868323711809,0.3529615375322416,0.11314218982802582,0.3362885609824155,0.4736904998114627,0.2923656916162095,0.4746015078360066,0.1849400813472323,0.08829981531726405,1.1228880795357512,0.24387067996215497,0.21357853268116878,0.48252420633339094,0.3724771605185743,0.24846865453830966,0.3538018491567875,0.2608219091669681,0.275335996431166,0.6372961726856599,0.5514330850211695,0.16694183401955534,0.356280802471473,0.1474295099223412,0.4246735274309486,0.36380950870601936,0.22246819088420106,0.5670479667900493,0.5788236253694866,0.4643944316421073,0.35741081865969526,0.22077936799335773,0.369627547951594,0.4733294515771206,-0.006754551041694316,0.5324168939543191,0.22062409825415208,0.3756531029589295,-0.04542337851848066,0.636291336668173,-0.09365267091361335,-0.17596512472790668,0.21217795776517906,0.06558146058831665,-0.038808710989652676,-0.2457911625564959,-0.0635130598554337,-0.32680184051714944,0.3159455388423229,0.058302608922844064
0.4478507945095042,0.568445699384443,0.4599696609680206,0.2642684232598213,0.24330601035151117,0.31427712587362916,0.3078208388675951,0.23862779988275779,0.33366477390590926,0.20984003871664006,0.36333150962978006,0.27559201002913475,0.0928488841888796,0.2189671553777714,0.3251191993868195,0.22465358704327765,0.32309541161739125,0.3063589546599999,0.26312646216962626,0.24387067996215497,0.5984263062550931,0.24906090765041902,0.27407213161437805,0.24194016936513577,0.21362992554731325,0.10351096192103117,0.25230716930151265,0.24959223871376207,0.2838521997022925,0.1966851028172881,0.26945691148162154,0.1873096725959409,0.29556036653519907,0.11161262756979563,0.20871136275611088,0.2119677083381846,0.5107024841321841,0.47711077733795804,0.26212647513845083,0.1617195280252899,0.3156078131610541,0.2890191362073371,0.40593773697750735,0.0675187101515669,0.4714835628713471,0.22021927169106364,0.25501334883372073,-0.019770788793661735,0.27602745714176735,0.09202248272410157,-0.13960617278032586,0.15055505891570156,0.043834884889260385,-0.062261855887831424,-0.1087472610961899,-0.03814259227916533,-0.26603680802118473,0.19241996349521934,0.0432273523034999
0.39495738920090834,0.43079109812667243,0.5211889442414347,0.20847262325390253,0.22815830033023085,0.33928495787739743,0.29345314525802185,0.23310119993539377,0.5745722450863409,0.2364439016334297,0.2166517671475829,0.2916600888924088,0.10982648124024762,0.26894622844155386,0.2876199999527763,0.3537861839234878,0.2849218862505387,0.28407303777939147,0.355469660345153,0.21357853268116878,0.24906090765041902,0.8528897357556995,0.1911880126149026,0.15158465643874958,0.030267686443383006,0.3004866882637545,0.303943433893702,0.19738550536028043,0.401301124332027,0.025412305821112334,0.2677922760985385,0.2696232834153859,0.10392340787842885,0.2613960139512274,0.2409073841999967,0.19719327006332957,0.24038850667128173,0.41506803878113324,0.28107932404747293,0.14790610017423483,0.18661522305317427,0.25840840848979957,0.27368834639459266,0.05821359333993872,0.28072884494975525,0.1587215567653791,0.18022555674881122,-0.03612745709454897,0.24039641614036672,0.004564922519458447,-0.08412912467374899,-0.11077787688757168,-0.05111896640602615,-0.04007962052201883,-0.018309290101010612,0.061149939217036674,-0.18177506604918178,0.024279632928681544,0.0553856672947734
-0.04433553872905244,-0.7251110300372116,0.42890207746779524,0.6559797307648073,0.31395139621304574,0.3044227541491342,0.2918286172631459,0.35447254579813453,0.24372914225423614,0.3705762178417563,0.39762496220527566,0.250226053509695,0.12322916183580986,0.3512842778231831,0.47988951079742886,0.24255109605973452,0.28522223535990887,0.7472399805935583,-0.0663969632195531,0.48252420633339094,0.27407213161437805,0.1911880126149026,2.2165157655507977,0.7083905082391571,0.5493141645857298,0.13340816769875657,0.2750766276281324,0.31799132934445906,0.46469746031973824,0.47309814072600087,-0.30570534452238407,0.39687159039437336,0.5366819647237369,0.4090188618533061,0.13232367546013257,0.10414439019383245,0.6131102205377122,0.3820638887946804,0.4078861758826296,0.24946664152522613,0.4591714301382768,0.24053388225787078,0.40873488966388416,0.01296267203448516,-0.009135964127177331,0.331106025294117,0.5832391652107423,-0.052521945459048563,0.7992253781576162,0.510931273160264,-0.23020314610978862,0.4110351357447706,-0.02984949938427914,-0.12029560536557342,-0.10803509352739317,-0.09712145277934724,-0.39732645994479043,0.22124757590798197,0.17524523043262627
-0.08318519109398698,-0.06149379859468134,0.4984875495399289,0.39315193453378827,0.15862881160504164,0.28078882217264084,0.2185141707297223,0.21794700748919793,0.22493895695261462,0.22718373404840322,0.2676975297658742,0.19875622944179105,0.0812423062882926,0.28007726007477224,0.27429651040991765,0.20680106657482847,0.29918816844901835,0.14721239469127056,0.1803019355302174,0.3724771605185743,0.24194016936513577,0.15158465643874958,0.7083905082391571,0.8129617492136092,0.4884285314444932,-0.044627208472316326,0.369334919374542,0.37638245587684943,0.19345070518359284,0.6604452275629333,0.12503830311348238,0.3562514267871534,0.5984519998625595,0.15623577212909218,0.22416582571437657,0.15655322792092788,0.6277001188100837,0.5452232002426838,0.25608515593141773,0.16965770944406103,0.4354197807969733,0.3165544315424127,0.42959833523644925,0.07512850980727834,0.12671514672097647,0.34732822998629276,0.40597421936608996,-0.0505897060642033,0.6233106404862089,0.282796201426082,-0.1942727908444846,0.14254707441532974,0.003388673234411989,-0.1531435397382892,-0.07553288948168321,-0.1337134365325743,-0.16747021039993412,0.18103744379348527,0.12260104313864097
0.01816216872463039,0.2079630973339067,0.4299261486612482,0.3438961376820296,0.03006029174638411,0.15553848416602106,0.187427592483834,0.2101168003625282,0.13402761915056877,0.233276623754407,0.15755994971387358,0.1638099809350788,0.08556215222011342,0.19756464755017542,0.2011504893999677,0.13301507189161588,0.2987801110729427,0.17402017064529765,0.3017021694332273,0.24846865453830966,0.21362992554731325,0.030267686443383006,0.5493141645857298,0.4884285314444932,2.199346968837213,-0.2863695778996851,0.824371760623169,0.30618730047335,0.909018806325867,0.8598843446387832,-0.09996496233199462,0.23887291479188635,0.4885753946532907,0.5285526859909487,0.2225287891028404,0.43697346208017707,0.8379293767075745,0.5861808447053043,0.5321384898303112,0.053875163293678766,0.33962455465391717,0.3113758040402989,0.5048944570636081,0.16270719855055443,0.34714950351723356,0.6900986028664433,0.5089587547118889,-0.20132859956850735,-0.04597212089469767,0.09917540031317695,-0.19005874107519605,0.1332526343718188,0.07686409528832285,-0.2431401895436672,0.1447604504334628,-0.0690533977211177,0.06751396819376336,-0.09773062290359162,0.039997483993894925
0.4018340757100293,0.6379142800303624,0.20598690183729898,0.14694697660775222,0.2391504705762683,0.24075810811672663,0.1887426963445804,0.2726590423526107,0.26674109080947006,0.15746454206069974,0.18277391963344441,0.2708088241644698,0.0995454260092853,0.20989840908017307,0.281620702764056,0.22444953187812575,0.13569100859071045,0.27134487500885446,-0.012971607788565891,0.3538018491567875,0.10351096192103117,0.3004866882637545,0.13340816769875657,-0.044627208472316326,-0.2863695778996851,3.0149130360551912,-0.6808520342653553,0.17447320378208478,-0.3662086119204981,-0.2961762310446837,0.1369861831376111,0.2643706369496319,-0.32559232831473206,0.34086181872595084,0.3896565632594931,0.07425625631929432,-0.5018032650447842,0.04698634477927329,0.2537129029364896,0.3329879620328087,0.14754552261513587,0.24273184504337122,-0.09853073861479095,-0.019314137293246544,-0.0459419169715032,-0.17519230602689223,0.017409342526862614,0.057054995288856894,1.1004945183822832,0.5711702826749919,-0.3225283336801537,-0.11538867183029872,-0.4272337406489197,0.05694215909757296,-0.0711137728521898,0.11351731410487233,0.11821458556036298,0.03179564154461634,-0.17413175287052426
0.37648597449898913,0.32938689047497044,0.12033414540745531,0.2913415358148149,0.09533187359724565,0.15479792025835087,0.22763033193394572,0.3712738232640038,0.2971031933051064,0.23908003005803288,0.2250463998434445,0.26994942693900364,0.08517416126455843,0.25929101447469666,0.30167955175041394,0.23687984101963105,0.354324096084687,0.36828216032762034,0.3120685261367816,0.2608219091669681,0.25230716930151265,0.303943433893702,0.2750766276281324,0.369334919374542,0.824371760623169,-0.6808520342653553,2.8103694744428274,0.5897999973950334,0.3010512721808126,0.3419390602744906,0.452435129756796,0.2243480448543219,0.6766025537921907,0.23860183186569564,0.4996287915740195,0.5257317838418247,1.0932135556023486,0.952462099168412,0.2240844619697891,0.26296977868367266,0.5745401011475494,0.41776630395602127,0.8256355553238003,-0.0599737879665036,0.5920385616736655,0.4971224480575336,0.3863114827913347,-0.0694277167270684,0.6647018897456844,-0.058402300819835815,-0.24604778014252293,0.34220536382815014,0.12623851324038204,-0.18959842101192767,0.22796357955936544,0.016342866177878026,-0.012028031297143894,-0.10298461301361583,0.12893851176799015
0.23097527914666044,0.24644639517902497,0.4298347902115145,0.1678093927513686,0.008306115740423645,0.17838638874198248,0.11208042128978692,0.1788501683222856,0.21435646012943343,0.14445911198835118,0.11547585879177158,0.10616825732790071,0.07279254883715316,0.2010528304563457,0.33590835306523337,0.21161883155887093,0.3981011550411548,0.34477101598926446,0.22277043477548278,0.275335996431166,0.24959223871376207,0.19738550536028043,0.31799132934445906,0.37638245587684943,0.30618730047335,0.17447320378208478,0.5897999973950334,1.143301227532272,0.1299797295461198,0.35464404263615634,0.38662750369052823,0.1869690172459475,0.7023686748993794,0.05982104880991947,0.936609732638308,-0.16265837964645175,0.7065726415268401,0.39572933695311163,0.23903244455527609,0.29879923788756496,0.3428786017025566,0.366910166536878,0.5371103429519029,0.07764204226272413,0.22572377054251652,0.20941035476434453,0.3865054636745954,0.04918761997756783,0.6445322800911791,0.7648761646661726,-0.20781262747408485,0.3782432656431983,-0.7144872450345916,-0.09850377357613502,0.33469034375861956,-0.03313956882490976,-0.07518741907134258,-0.21101933091151936,0.30814856670579654
0.21195036802374925,0.7600319044232403,0.7786061089874339,0.31396262253126517,0.20676499060448278,0.39476306665406347,0.3112782343618415,0.30295542992434543,0.3997783078990278,0.272229671900731,0.40776275589896743,0.3354944413279014,0.1598578516334065,0.3381738574102278,0.46040533052006044,0.3502419260509926,0.38781518318637564,0.31362060504983985,0.33412582796249246,0.6372961726856599,0.2838521997022925,0.401301124332027,0.46469746031973824,0.19345070518359284,0.909018806325867,-0.3662086119204981,0.3010512721808126,0.1299797295461198,3.0987671495409645,0.6302057188233675,-0.0038009099147012135,0.37145985201560777,0.11079818393386381,0.7289414175935214,0.305415134206433,0.5388265605298165,-0.16632183964337377,-0.0957298327559629,0.19724607312122328,0.13249327507630218,-0.038759033322448094,0.21923939466049017,0.36754430608699434,-0.024150118404808407,-0.19875748918545408,0.512970881724087,0.47203996020730227,-0.2722169214711692,0.6328714294350576,0.15077309340227193,-0.3154528421149895,-0.021797059284206364,-0.07363771738508385,-0.012532384970265204,-0.24413192736711806,0.15407298309168593,-0.3549888371040211,0.22728738985547334,0.04998221516465569
0.07415351731271992,0.23568711955084604,0.7192084512056951,0.21474686317404484,-0.0555033233418941,0.19787817173971517,0.07782520895360351,0.26766960227905484,0.16918455800485757,0.23863854312360694,0.21337154586721513,0.13132833214395773,0.09675021887480509,0.291049171164169,0.25369188121709824,0.1881053891388535,0.2591570073687579,-0.10683283400608536,0.39626302165516186,0.5514330850211695,0.1966851028172881,0.025412305821112334,0.47309814072600087,0.6604452275629333,0.8598843446387832,-0.2961762310446837,0.3419390602744906,0.35464404263615634,0.6302057188233675,3.085546206788645,-0.09058360549793666,0.2695732461029932,0.3680502169004281,0.22281397918834897,0.583107650573101,0.2565180444715635,0.7348218314256596,0.5095735483506265,0.5696186675781386,0.423892292017148,0.5736102960951711,0.38470683075077367,0.9942002361878172,0.1792924411084163,0.2832285800332282,0.4907319227911031,1.1883354111174629,-0.15392812173030762,0.9966847602347585,0.2333486617297591,-0.06653616064956054,-0.7973334167985098,0.33840289714337457,-0.19663348714450388,-0.06705493796326434,-0.37042086838947397,-0.3002420488379276,0.4574987227309969,0.26398326325761085
0.41551681761623266,0.5567035517001013,0.2694886738211173,0.11342657369646131,0.14079847011109523,0.1784749466018042,0.18115083807899243,0.19498436034776914,0.2690717031651214,0.15513186457917869,0.22983672106947398,0.15529647157397522,0.05567851145544792,0.15534243965565286,0.26073689739018324,0.17927359451115596,0.2575952555097013,0.43328606943148795,0.28017919719877876,0.16694183401955534,0.26945691148162154,0.2677922760985385,-0.30570534452238407,0.12503830311348238,-0.09996496233199462,0.1369861831376111,0.452435129756796,0.38662750369052823,-0.0038009099147012135,-0.09058360549793666,1.1261445224186466,0.09045097488791994,0.26657698047970385,-0.0003933526375709718,0.46772277570548143,0.08332328349395536,0.46505697541177293,0.49297715006735743,0.09783751200095372,0.1509389561096035,0.14253075298408632,0.30364644533506435,0.5332837319826462,0.10080861920506964,0.6058082612493207,0.19574787858235793,0.16342316391433764,-0.015831279633335634,-0.10278760808737672,0.14151243641671712,-0.015005187356557953,-0.07196918642307115,-0.00021073956153448389,-0.04052166141659989,0.24105538309905486,0.06407160933922842,0.14050331008117128,-0.13756654103167282,-0.12081860281145694
0.2086412716586114,0.14200413312106921,0.2859071006894388,0.41246876878348615,0.2835485230114659,0.30283533682598524,0.2562827419668904,0.2504024949679698,0.26008497253111384,0.20226331214359963,0.27854028937411224,0.24490379401228105,0.08195961562521892,0.4924307885595235,0.29890829558385124,0.27740852123245546,0.2002303063432311,0.16236703350408752,0.2020628719743336,0.356280802471473,0.1873096725959409,0.2696232834153859,0.39687159039437336,0.3562514267871534,0.23887291479188635,0.2643706369496319,0.2243480448543219,0.1869690172459475,0.37145985201560777,0.2695732461029932,0.09045097488791994,0.8509227311920605,0.26992496783662223,0.2572495755895398,-0.035280241072565686,0.21373157838741613,0.06200771263724555,0.4022897322479025,0.02924588250813522,-0.006146205029473191,0.24525341693478442,0.23947595892152293,0.19458234984832784,0.04123139273201463,-0.04642190187471367,0.2637871704773007,0.21012750178938616,-0.09411007411184567,0.3471604276555291,0.1794331538698139,-0.06735786626366838,0.5599899202011491,-0.4362553752856009,-0.045219661631232345,-0.11171379233627372,-0.02986327341595144,-0.1842431262065825,0.1438504344023837,0.12548307638717304
0.16634491590950784,0.028254441967392973,0.33265787792862234,0.43132608031556263,0.08063421276114262,0.15364124058862727,0.25175123772324,0.14703849157103555,0.22474716748886692,0.23178852887787768,0.17442455302241114,0.14444855638516868,0.04930868313000964,0.2774519800641825,0.24130838380039224,0.1586995330133312,0.34855137894348487,0.28282745742481663,0.3222555720258146,0.1474295099223412,0.29556036653519907,0.10392340787842885,0.5366819647237369,0.5984519998625595,0.4885753946532907,-0.32559232831473206,0.6766025537921907,0.7023686748993794,0.11079818393386381,0.3680502169004281,0.26657698047970385,0.26992496783662223,1.9533110267378877,-0.11885509858410685,-0.14910829649255983,-0.04616561677851972,0.8893326616251606,0.5349154761381798,-0.18013807326033052,-0.21319663752460974,0.27947726356985286,0.40803116576770126,0.5450324860645352,0.07952341511737934,-0.3514017851157123,0.492733271468935,0.3510333112173181,0.008968109281085788,0.6628913354194235,0.6211839766235844,-0.32787325318308264,0.1272370874574037,0.10766882234981534,-0.38039377321425527,0.2270099613715172,-0.04779826644753634,-0.09870438043200067,-0.061715283005654736,0.17964545920516986
-0.6028764896763241,0.08911476594698202,0.49871297874186016,0.4274359250839549,0.12165296975206329,0.2491232589628214,0.12433066632779576,0.2918850903816862,0.25240012792728117,0.21600902321263543,0.2613840633685456,0.21276474866266834,0.08717959126350253,0.177606792210952,0.29190780439529024,0.19964614113857052,0.23934069951000672,0.23303344064218953,0.09924789728243466,0.4246735274309486,0.11161262756979563,0.2613960139512274,0.4090188618533061,0.15623577212909218,0.5285526859909487,0.34086181872595084,0.23860183186569564,0.05982104880991947,0.7289414175935214,0.22281397918834897,-0.0003933526375709718,0.2572495755895398,-0.11885509858410685,1.379307308698171,0.3144822349406272,0.20879444601412464,0.3173160668262624,0.14469549470461435,0.19207061633244796,0.04567945464232842,-0.09077927552815085,0.2611296390292613,0.49858276818704406,0.14128674747024952,0.12013771992717272,0.1883654297239087,0.33995723000433326,0.0017087681046031573,0.07810797663996724,0.05091105561387525,-0.054898784539587325,-0.06374502307607573,-0.04448087235432191,-0.15552644578354563,-0.22381960529975353,0.03271827696854087,-0.30259068373235076,0.20079302360292647,0.2062221078053947
