1.6884997440409213,0.41531263377196187,0.40217789973010615,0.16710313201123606,0.41250945306985765,-0.09522185670527232,0.5568981112465646,0.16580975405703482,0.13040998889077626,0.3061245259176079,0.18921309835897213,0.25525245516174766,0.13383002205510405,0.20623334121750347,0.25880365861148724,0.24421768430294777,0.16063574467251185,0.30417332436073946,0.13315522762959892,0.10855165188789286,0.22809693913662327,0.20125053093716816,0.23186878516661868,-0.005339360923480502,0.3206007301582493,0.27755069722710796,0.257471947701333,0.19199898991052455,0.08903155084817839,0.022995239316316862,0.2495559923576255,0.17746881907492035,0.19487168940766483,-0.12000849968639367,0.14230149352920285,0.3029031488150996,0.1892016934478226,0.2487210214958877,0.07926303851636604,0.18045390901893327,0.24515812085487598,0.20429839267790834,-0.030467736637100017,0.16415260074458413,0.1578198571350904,0.19804565733762572,0.3501740029738698,-0.023777763193087102,-0.14325425453594612,-0.01592004267324236,0.017593457324196163,0.014583229142875376,-0.06617183522997909,0.029012840103747977,0.1750218544144103,0.11105890208457049,0.050124555952838906,0.03681355949343833,-0.4027634992425419
0.41531263377196187,3.5073178039919806,0.32901956531607063,-0.08581234825611192,-0.054635232916346796,0.33280762106555667,0.06424592350049428,0.26044586516333845,0.0231934700501349,0.152510285745449,0.07576506188969401,0.12469120366785176,0.07009415450976239,0.09020260231582329,0.11949792543361415,0.031169363781444512,-0.0331845439738774,0.4153182323852772,0.20036273314916483,0.1560161337577723,0.3670399255811474,0.01973993931843636,-0.1853935365572818,0.06814055991153428,0.32680555311303144,0.2265393534646029,0.7581365602277319,0.25900581270914713,0.4454692197023113,0.05268989758348727,0.2387046715589432,0.12400483692933957,0.21041601703983565,0.09339984470199444,0.1409547194807211,0.4246369286414182,0.5507214094727851,0.28429554379626487,-0.07347046281613442,0.19619476307290964,0.19021582653044244,0.3584296874814281,0.04723563569607623,-0.13185981383383302,0.4273332805652097,0.24911788830597847,0.13509267968038843,-0.02412430281454301,-0.3214740355117637,-0.14430466735143413,0.4887288231419559,-0.0365987195187554,-0.29025613321015775,-0.04435646676610755,-0.7645259079308871,-0.09949674574391801,-0.027349420041728044,0.6910151925493743,0.13132418936530577
0.40217789973010615,0.32901956531607063,2.6340018243146712,0.3483473230666953,0.48118090273636577,0.34660199840998984,0.02426904212964767,0.566737055112468,0.42290188285799296,0.5994783781643207,0.34685297400366705,0.35591105088246205,0.23122034606448513,0.37044332267010566,0.2913068210906427,0.26451644798821355,0.43034909987123754,0.3976477874043255,0.36987583150242664,0.17102803879060513,0.3486910222520385,0.36339010468742095,0.23586775850830674,0.2945399569140891,0.3044595737767379,0.39672293628148253,0.32024137392907637,0.27291887624049505,0.28284477442643063,-0.32499930779282366,0.3944365843174478,0.3256612124747047,0.42669797911562257,0.5038755159190555,0.18699127094450907,0.6214454360730454,0.5522261457894992,0.463807496631053,0.2121809744909476,-0.28855120773545556,0.22842632711125366,0.34379725873788386,-0.16650831179940243,0.3151578955143634,0.011898709153203964,0.5959402192226344,0.4270185475182247,-0.06655074345695465,-0.424926129663137,0.32398765493444515,-0.22196088681531842,0.07218223646385544,0.10100387175357226,-0.15503700492236244,0.0065915765681174516,0.05644158981262773,-0.19509979632305677,0.08840163838032673,-0.1738029536469628
0.16710313201123606,-0.08581234825611192,0.3483473230666953,1.0077542124874088,0.37053919851447925,0.21001391554961046,0.29366911729620054,0.24927542282195533,0.13995267389971383,0.2242548530660179,0.24266444582344576,0.27299673015470266,0.171325763006591,0.27882375655405034,0.19190050558758787,0.28532562172427695,0.25765297617822924,0.25990152841119485,0.22544311064053246,0.1565350755791228,0.2191019817222749,0.22644398934208027,0.1336250417172669,0.2614001300046791,0.2242673965469189,0.22485125891200652,-0.019911359105132684,0.08927778185462729,0.17102102145677642,0.22966900831675457,0.2211651526470487,0.2211538769577038,0.271950539882523,0.34190479420734476,-0.02665133990769056,0.2986652382541796,0.28664739663969613,0.28182653499250254,0.27139270028086804,-0.008981516543566886,0.1972626641423977,0.1856093822418928,0.0868378108792101,0.676603927303904,-0.2032016409148092,0.2654559299290041,0.277644019422475,-0.025348183225842275,0.18692826761387965,0.19367053627579878,-0.07028628365927475,-0.07708977753328587,0.08310479574708553,-0.17259136432138333,-0.1078617606455561,-0.022563112092370823,-0.21024161701089208,0.22182490536426036,0.0076998996105722235
0.41250945306985765,-0.054635232916346796,0.48118090273636577,0.37053919851447925,1.4798454682164508,-0.023328925810780037,0.21868031073560013,0.315570596426236,0.30884945723086515,0.16679159282503878,0.18680360643815033,0.20105865194579228,0.19616189888183377,0.18823606885875074,0.2800692316782253,0.2849073963285183,0.15810713729981474,0.23655487152511578,0.5329739693865199,0.11844284215638459,0.16113783565706577,0.2850980627492117,0.2515449873993356,0.227967883078658,0.017781368963705035,0.17344769080999167,-0.11105798597437906,0.07607789648079245,0.15601800248215694,-0.1495037065722023,0.18405173606567432,0.16507634957055475,0.42586748728936186,0.27024773033885796,-0.13637116268883695,0.13682576924931236,0.4485763390139385,0.2659730675161907,0.27414372882888344,-0.09638779563657433,0.07676561200213679,0.1425726963175405,-0.09139566152706767,0.18859557352094994,-0.13056837246105701,0.15428360912734557,0.4522263037289342,0.008588269417790095,0.13444176824229465,0.4515752880236364,-0.3158379246775025,-0.15751317770492804,0.1591398554387946,-0.18259508498489394,-0.07540870293404868,-0.11627824708731861,-0.19048099099179505,0.20141817062658654,0.03160219631663274
-0.09522185670527232,0.33280762106555667,0.34660199840998984,0.21001391554961046,-0.023328925810780037,1.1322791735403466,-0.30020306241635675,0.3627500090942201,0.1311796314023781,0.17124055448285208,0.24107782528766822,0.2696295614390607,0.1402202352740277,0.35220046362094104,0.14216131319574976,0.15077307616629046,0.30772387056405354,0.2245215191638585,0.4438366534866176,0.36144866705963463,0.3062439930151349,0.16456148711204005,0.08851771561600306,0.35063968233123205,0.2974463654408641,0.23415626265259745,0.08185947994472316,0.12556608309166012,0.306259836441348,0.14952793057336558,0.22874833117443544,0.24740347965085074,0.4167458845127557,0.2222152066538291,-0.08056287531774749,0.29790104363589703,0.5281118194075793,0.37056071514628547,0.21386750505110566,0.036202669507914294,0.20040079311300346,0.2718954609971267,0.12891878188861677,0.16455768054658831,0.11793545157803112,0.25973014605910705,0.16241206955911466,-0.017908004292775323,0.05951595821767044,0.35538662240698765,-0.2908513114576173,-0.1003203021418949,0.1110303402483932,-0.06749122916029283,-0.20038783556301462,-0.12008946200421487,-0.22433101519977594,0.2695125756356441,0.18224927933812815
0.5568981112465646,0.06424592350049428,0.02426904212964767,0.29366911729620054,0.21868031073560013,-0.30020306241635675,0.9573130930675291,0.03894647614678439,0.19386602118325788,0.14358154946931037,0.17304701686659263,0.23843552310269298,0.16331631561919435,0.07836154663777163,0.1577440476151085,0.24909967691722532,0.16401847529097976,0.17505827267050297,-0.0021256112776461577,0.11786093407569245,0.17597385965380397,0.23488978808411534,0.11189897632521865,0.09888695730186722,0.20841218698909333,0.1902139879775449,0.2202784613038579,0.17536332668642754,0.11444480280482629,0.12307467242920538,0.19834421023252932,0.14827544266628342,0.11387190605822521,0.21543472645666692,0.14166473891921424,0.2389165215610212,0.14118171595643375,0.1269566430673938,0.1815378208756846,0.1142625021305909,0.12676903703304035,0.15783933569835074,-0.004073434972729587,0.28376806537704047,-0.07028620355523754,0.14146301783418874,0.31162916535748814,-0.020784187738587954,0.19667656112622792,-0.021363280291608337,0.07857692865713185,0.06334913844639567,-0.1900667901522839,-0.10579617393241635,0.006006096613177626,0.16859817217640172,-0.019151201258052766,0.08447954630430235,-0.2919812100710366
0.16580975405703482,0.26044586516333845,0.566737055112468,0.24927542282195533,0.315570596426236,0.3627500090942201,0.03894647614678439,0.7820562867732018,0.06157931728768194,0.18256270213917028,0.2524923233172745,0.08383216234223544,0.16931737287608767,0.29166729227009364,0.07596937979023703,0.1762565704243845,0.27801668980387584,0.2589107559559794,0.2532027007021382,0.2512458466234129,0.17860809686752885,0.148728218493212,0.1343516117025708,0.24072072594788171,0.21646090390513636,0.23478205688027107,0.20179637030834868,0.03568657618092577,0.2798511758363569,0.1635067994892671,0.18327276119142757,0.19501096967017284,0.22779332087545828,0.28335203392483427,0.06227027812180862,0.26118639294564583,0.35499065490322307,0.25958526140751115,0.31073959676658713,0.007225234142652025,0.18546999244020865,0.18136149733367152,0.06534564170929442,0.21526873799753343,-0.00027714650654114,0.29859127099162913,0.2737703380505348,-0.021016933887696765,0.200244619157926,0.2674728869486665,-0.10027044585325463,-0.31847629926769194,0.3607340769704986,-0.1105269659009811,-0.18795926085323933,-0.16428285861620703,0.008701802852803071,0.3380366098910359,-0.0587971697697595
0.13040998889077626,0.0231934700501349,0.42290188285799296,0.13995267389971383,0.30884945723086515,0.1311796314023781,0.19386602118325788,0.06157931728768194,0.6978644039525076,0.11781298782359115,0.1418894953511642,0.16025275578913928,0.16671084561355373,0.1465134811680855,0.15899352589991203,0.0965053151450012,0.17997928543027558,0.12138615191602223,0.18135226125797785,0.07056610878236667,0.21047704813619228,0.359172807060809,0.1190439764039255,0.2052964190299981,0.05787473343581033,0.23001180603622212,0.18408126487767432,0.18352598879462936,0.031105618189255238,-0.017393641859695694,0.20084207557964262,0.15919084218558058,0.3452091019363797,0.15401607246962587,0.07659862610116613,0.2661533706839381,0.22034104583433772,0.17076379746649703,0.16785086352663933,-0.005274912629597222,0.14618795530507148,0.18295246161615675,-0.17521480227999225,0.1357528592483416,-0.10637446795830333,0.18953747174581925,0.12635775199441496,-0.018487315812428216,0.38573503276331017,0.12420495312458098,-0.07877652683063174,-0.06862351055689811,0.0818288323649311,-0.11178365747403773,-0.026051855228047368,0.11811322156882204,-0.12306266710270397,0.0738647946460816,-0.2066063663371261
0.3061245259176079,0.152510285745449,0.5994783781643207,0.2242548530660179,0.16679159282503878,0.17124055448285208,0.14358154946931037,0.18256270213917028,0.11781298782359115,0.7410454315364536,0.2210598329186681,0.2989613336858015,0.1380750158653101,0.2213199748094637,0.23136130247593759,0.23255861819544407,0.2318625700275233,0.24166057248644815,0.12153111056093288,0.06127592428955946,0.19127211000536914,0.1964451356644462,0.20370222352706768,0.1551854266758383,0.2187809581838994,0.19897501862147907,0.3180324043345295,0.1797396411723686,0.2452732215120201,0.01627393220324667,0.2194242006183284,0.19542251228075197,0.15248853595379017,0.35400133230318653,0.23113364525532992,0.29308886654887867,0.2593730467132408,0.22010687484599584,0.13231806492755938,-0.0033519687753424195,0.16267484474332175,0.19976513523325296,0.011509903617496974,0.1991595006126785,-0.025871635779660503,0.1880875020632167,0.43019016152505474,-0.028302728715505043,-0.1123395747350776,-0.057492459917302494,-0.23346238859328128,0.12128455384050761,0.07974064532621546,0.065607112584789,0.05808858486809879,0.08415080248906863,-0.13811055220922444,-0.013827953208631597,-0.01954940993481604
0.18921309835897213,0.07576506188969401,0.34685297400366705,0.24266444582344576,0.18680360643815033,0.24107782528766822,0.17304701686659263,0.2524923233172745,0.1418894953511642,0.2210598329186681,0.41225986990565633,0.24873170182593143,0.1857708812412138,0.22394897319221965,0.22302736790152605,0.20210199694731276,0.3225321073948012,0.2057172012965157,0.15602193230882985,0.2290504388108979,0.21026961519628748,0.18015446806485005,0.15311322773680475,0.2079557820505063,0.18155101152236508,0.23105613415545773,0.16453255774355466,0.15415652618868797,0.22030002983439273,0.06577108363626151,0.19412226628195595,0.17457867868362464,0.26247285039409357,0.22332366339987547,0.15276949700496972,0.22701262308994286,0.33313662570864466,0.20858168365144336,0.22102388111170373,0.048962131818410415,0.15350365554728929,0.20414582015480734,-0.017225081328644757,0.07550185221580012,0.022258606200592706,0.18669862725566538,0.32110067560093936,-0.014157832225322263,0.10340905204352116,0.14210147495095882,-0.19887952618497637,-0.05152003257437621,0.20054059764757684,-0.0632373761667483,-0.07918231763956919,0.0037180578986801965,-0.1527487827738112,0.16787818511852684,-0.04511723478467861
0.25525245516174766,0.12469120366785176,0.35591105088246205,0.27299673015470266,0.20105865194579228,0.2696295614390607,0.23843552310269298,0.08383216234223544,0.16025275578913928,0.2989613336858015,0.24873170182593143,0.7232877513782104,0.15271971510580404,0.24361465161018908,0.20751586797235844,0.2545970927075897,0.25279340928920807,0.13961546223106078,0.21882505949779407,0.17403947962483898,0.21748383571338756,0.19892548873193225,0.08752453882052601,0.12145070318990164,0.22164319603701074,0.2822180160386302,0.2881883226733449,0.13332679368023384,0.11067016648263564,-0.08301500714663791,0.2647844603991571,0.258925831977683,0.1470274400571404,0.24723385469950773,0.04651721512743092,0.3375082644449108,0.18917360977216088,0.2646538746411672,0.11071069041402455,0.06341453592457566,0.10514625875579384,0.19443972952933655,0.022437626671030095,0.1646970946494843,0.03857988830294251,0.15804591831028522,0.2459074491992279,-0.009201685116919527,-0.09444723627569802,-0.026225603057338637,-0.0532973008191734,0.1773660409819496,-0.17353361645354404,-0.06806389409279466,-0.044791080364101475,0.1713472852882871,-0.15496667850671145,0.11630000015094079,-0.21089964663844937
0.13383002205510405,0.07009415450976239,0.23122034606448513,0.171325763006591,0.19616189888183377,0.1402202352740277,0.16331631561919435,0.16931737287608767,0.16671084561355373,0.1380750158653101,0.1857708812412138,0.15271971510580404,0.32095496022077313,0.14100102690186941,0.09863890278060128,0.18855779164421352,0.17948761891182305,0.1327277040393349,0.13376817455013074,0.12660267559457808,0.14676007746557437,0.19377320313188248,0.08328672117047481,0.17520271404126495,0.12332785186334415,0.15652837587764362,0.08847089092757449,0.13819491130651812,0.20688348367377604,0.1125160118809519,0.11735432503331297,0.14475967691752092,0.15574800983292508,0.18577478727999827,0.13002084804296227,0.15572281494261375,0.18932242269562807,0.13217013718468412,0.18370764457686617,0.03207984384769557,0.12804532561799686,0.13831217618364247,-0.00028653707782529955,0.1609465298027565,-0.02343016439232416,0.12087339684332767,0.20445621698713107,-0.012051870338462256,0.13135583640351284,0.1639902405837,-0.06663617683345324,-0.09152777040764405,-0.01242481898370295,-0.03913087788587257,-0.006839843333836916,-0.01530028993687163,-0.16515156354652172,0.01704413241253407,0.10148484852013338
0.20623334121750347,0.09020260231582329,0.37044332267010566,0.27882375655405034,0.18823606885875074,0.35220046362094104,0.07836154663777163,0.29166729227009364,0.1465134811680855,0.2213199748094637,0.22394897319221965,0.24361465161018908,0.14100102690186941,0.5252529095749,0.19700537082295705,0.24881161841838687,0.2559954697812944,0.20104038529715473,0.21878632376895837,0.1841792948451875,0.23540540672619562,0.19771941695222378,0.09727812488788173,0.26222852493491783,0.2273473381976025,0.30792500431332426,0.13722632033372362,0.1580872007452758,0.12783763059505446,0.11570194571648974,0.2235991663491806,0.31553864277300425,0.3039095926315728,0.2022864738162954,0.1396421456668201,0.34341891137417774,0.28262850065742595,0.26831027429530485,0.14231401842794353,0.036092367423803264,0.25198416843997656,0.22839235340559333,-0.05437787989529514,0.2444176014163485,-0.07396983808046509,0.24250595933433317,0.19385920322354674,-0.0250418925551113,0.19242345390699545,0.0582192408497547,-0.12629306021133588,-0.0795814565219718,0.25035676466623846,-0.041390779038542644,-0.14003719158350875,0.031697354331454146,-0.16503456402235306,0.23726024780247257,-0.07400732712339424
0.25880365861148724,0.11949792543361415,0.2913068210906427,0.19190050558758787,0.2800692316782253,0.14216131319574976,0.1577440476151085,0.07596937979023703,0.15899352589991203,0.23136130247593759,0.22302736790152605,0.20751586797235844,0.09863890278060128,0.19700537082295705,0.7507451043717165,0.16068626129487112,0.26886702125330897,0.23222450756223206,0.20496599293207263,0.2020332100886154,0.21646500123884185,0.1172669092528934,0.03963434023433963,0.21102885482176556,0.18183851332225176,0.24827437048498846,0.09583193350119595,0.3037349899101555,0.16242106059630987,0.08480391738297097,0.18713781895351322,0.14731993211993613,0.3228163895269661,0.17944537497978016,0.22195118834673894,0.18536553823415436,0.3737320885970614,0.1523657238695327,0.08940416196911775,-0.004346511232214192,0.14900751468454393,0.21255079561824883,0.021590209449013523,0.04212174999896098,0.0020232845761984594,0.12431888306102665,0.2885437629714467,-0.01180466864171453,0.06060157688876217,0.03956528374469355,-0.36577167243880915,0.4060904780674703,-0.07070055447424212,-0.016391324024563184,-0.07343474471812514,0.13336435129403745,-0.2666726492152175,0.16337316941116145,-0.04301378903344274
0.24421768430294777,0.031169363781444512,0.26451644798821355,0.28532562172427695,0.2849073963285183,0.15077307616629046,0.24909967691722532,0.1762565704243845,0.0965053151450012,0.23255861819544407,0.20210199694731276,0.2545970927075897,0.18855779164421352,0.24881161841838687,0.16068626129487112,0.7485509657770546,0.23656053709799812,0.21657980755595535,0.21992032994491645,0.03429806332816544,0.1987181852144765,0.37392574427129405,0.13271849573272584,0.18682430719539728,0.16493705325083108,0.1672079429719673,0.0158619442013527,0.2172052241271737,0.22292923397335615,0.16583029469066332,0.16653123344149376,0.25503953009662433,0.11735259495547432,0.2678204667557637,0.28491211934926264,0.3026036719773491,0.13307317098901372,0.11046708821543746,0.22581863789263945,0.07757961179793837,0.1879482022509782,0.19003187735908167,-0.04310202672173805,0.3677722888245809,-0.08417692512257188,0.1564586737030696,0.26869380549787025,-0.020040454202989,-0.02785261271512245,-0.027210090488905294,0.019944439174524917,-0.04710452362559997,-0.08212604110705553,-0.04887488308145971,-0.0037647917786478224,0.06207566297967774,-0.24777660340779456,0.10164818662316985,0.0180915029290027
0.16063574467251185,-0.0331845439738774,0.43034909987123754,0.25765297617822924,0.15810713729981474,0.30772387056405354,0.16401847529097976,0.27801668980387584,0.17997928543027558,0.2318625700275233,0.3225321073948012,0.25279340928920807,0.17948761891182305,0.2559954697812944,0.26886702125330897,0.23656053709799812,0.8804963846076396,0.2250072038319318,0.18274559321893405,0.37331164213128215,0.3061385317053828,0.23366218429626562,0.19681965658780348,0.20116614524220058,0.3975523142834722,0.2310365180509784,0.11382361094590639,0.26243951933965487,0.2973685452768461,0.08755091704632056,0.31268865799864787,0.18207397813224088,0.3073352836564634,0.30357741010386013,0.2884142944375385,0.28606664139893073,0.5989431956580672,0.29992689662546373,0.33109345109541516,0.08570267081948335,0.246591662094911,0.3022820647198021,-0.01554031490924099,0.11883863594192573,0.13802410198043585,0.2763196010892931,0.6171553499765547,-0.023419860655253606,-0.14588529243887827,0.4363167338406326,-0.22775708212106294,-0.02676924293702597,0.15303401151079357,-0.13241073173088752,-0.026328065432418696,0.03263294831647542,-0.2027492402112732,0.1372803051537683,-0.06414644719878686
0.30417332436073946,0.4153182323852772,0.3976477874043255,0.25990152841119485,0.23655487152511578,0.2245215191638585,0.17505827267050297,0.2589107559559794,0.12138615191602223,0.24166057248644815,0.2057172012965157,0.13961546223106078,0.1327277040393349,0.20104038529715473,0.23222450756223206,0.21657980755595535,0.2250072038319318,0.8520714077337292,0.23044334008137246,0.06018606226843597,0.2675280958643572,0.1677913858081785,0.2117638971077527,0.30576073364132517,0.2522205951267276,0.39864714123131945,-0.2680983797448668,0.2421434805135909,0.2044437612849825,0.15399450395084793,0.1774257440345486,0.1809542404441488,0.3665297544166209,0.16712952305998377,0.11274792100937381,0.27987331610329,0.38397146133958965,0.22273225530461632,0.0705984485645124,0.06729577841355491,0.24906914024364407,0.2544248070410228,0.12953440729700927,0.2692802502522176,0.016228957502721755,0.2509980836443699,0.3335741973680268,-0.019959372950366653,-0.05444377739472878,0.14274311830336903,0.04065768164559628,-0.0001181362106004434,-0.001208217892587135,-0.06408862085463943,-0.17842858617143034,-0.015680958922143867,-0.13355801605218348,0.3177778606924567,-0.0720169727257713
0.13315522762959892,0.20036273314916483,0.36987583150242664,0.22544311064053246,0.5329739693865199,0.4438366534866176,-0.0021256112776461577,0.2532027007021382,0.18135226125797785,0.12153111056093288,0.15602193230882985,0.21882505949779407,0.13376817455013074,0.21878632376895837,0.20496599293207263,0.21992032994491645,0.18274559321893405,0.23044334008137246,0.7440330050955897,0.240474734795368,0.22491058686904716,0.1985572212145593,-0.004823968614844986,0.2300748981316029,0.18697646458572656,0.16987891759517232,-0.08051371987400067,0.1592821655344383,0.1272033071027254,0.0838631711018294,0.22506443518952626,0.21495580262976685,0.2797864260720631,0.19394868793972053,-0.09777832308601964,0.3157062197253758,0.2766099862373867,0.35345089894681947,0.16381002931677716,0.036887652932162195,0.18318188984761027,0.19083142747665305,0.20033905505716146,0.298267427110731,0.05991983384152257,0.22454925255676392,0.19144719462485452,0.017273735504435072,-0.16588652008581525,0.17033375593739866,0.20171054422115864,0.18371227380505212,-0.31280928293593024,-0.201359467957673,-0.16103087041040806,-0.0682507072752582,-0.14562319577436267,0.23952420366842722,0.0249976344435706
0.10855165188789286,0.1560161337577723,0.17102803879060513,0.1565350755791228,0.11844284215638459,0.36144866705963463,0.11786093407569245,0.2512458466234129,0.07056610878236667,0.06127592428955946,0.2290504388108979,0.17403947962483898,0.12660267559457808,0.1841792948451875,0.2020332100886154,0.03429806332816544,0.37331164213128215,0.06018606226843597,0.240474734795368,1.3256671018993098,0.1193621047621624,-0.0033267316042649327,0.05008950871846664,0.19337017471422402,0.2248665607895047,0.2620674690995239,0.21385686104597149,0.1599720084406208,0.5102246295477392,0.14640516534885836,0.15421637483451978,0.15390843091747738,0.13788903122136054,0.3185309463346185,0.12745267546996755,-0.15579055050408452,0.7142115238376632,0.3867073805831045,0.32694935621467713,0.24198457861185574,0.06548183013034775,0.18113290761769302,0.5002408457508493,-0.19254114695891453,0.42207223602033644,0.13902157267726137,0.5341230603868717,0.047149857227510375,0.46262882626505786,0.2585556118025538,-0.2120016253346851,0.16891931878809974,-0.11113769991720347,-0.14953690749182144,-0.13563835823078593,-0.08292878399464261,-0.07068214084828606,0.2174999009852174,-0.022256010483465347
0.22809693913662327,0.3670399255811474,0.3486910222520385,0.2191019817222749,0.16113783565706577,0.3062439930151349,0.17597385965380397,0.17860809686752885,0.21047704813619228,0.19127211000536914,0.21026961519628748,0.21748383571338756,0.14676007746557437,0.23540540672619562,0.21646500123884185,0.1987181852144765,0.3061385317053828,0.2675280958643572,0.22491058686904716,0.1193621047621624,0.5461294917080253,0.20823793083297124,0.1715580038057868,0.22701331695995866,0.3075058281818388,0.20410492203217087,0.12149833781173949,0.33992083314061144,0.14246113940627503,0.16160388427063752,0.3788241443660162,0.20172232870389895,0.4157799796976545,0.19366108098507703,0.269902575680572,0.6580299421213773,0.4508068117003738,0.31163939656665063,0.21170545656957326,0.17592930332108184,0.32478819380421353,0.46783038387174236,-0.1793209967391453,0.2689998757402515,0.1262278404921577,0.3151935134651018,0.36478659299179345,-0.03715548414743785,-0.33063185121624117,0.20288078613299215,-0.048075119083884725,-0.04337510375404608,0.007097398774124649,-0.08490991193120262,-0.11650922402776012,0.03896787806157379,-0.2127736338407443,0.18610253646289088,-0.008452449234519044
0.20125053093716816,0.01973993931843636,0.36339010468742095,0.22644398934208027,0.2850980627492117,0.16456148711204005,0.23488978808411534,0.148728218493212,0.359172807060809,0.1964451356644462,0.18015446806485005,0.19892548873193225,0.19377320313188248,0.19771941695222378,0.1172669092528934,0.37392574427129405,0.23366218429626562,0.1677913858081785,0.1985572212145593,-0.0033267316042649327,0.20823793083297124,0.5851830573817076,0.20227424426625112,0.19319441785412275,0.10560668897912653,0.17287723447199255,0.13189281413770088,0.18735321415395725,0.13188954571313102,0.0682381032189598,0.2046046653964907,0.2200240203163607,0.24535622321515485,0.23803948777557646,0.14842887224807022,0.29342314127748137,0.189181666518794,0.1634818119405552,0.2314536369959755,0.019814826388720532,0.17721462745772557,0.18587022024065283,-0.11618686792729246,0.2878301057068327,-0.118509574884379,0.18674419162186404,0.24520405913034685,-0.01886637525759182,0.154809767164216,0.09995067945131168,-0.024237002201237617,-0.10741290968377253,-0.0070687355702999995,-0.0996444246269488,-0.00588537099711489,0.07148059423658198,-0.1790201559593641,0.07285957499382195,-0.08182422959690293
0.23186878516661868,-0.1853935365572818,0.23586775850830674,0.1336250417172669,0.2515449873993356,0.08851771561600306,0.11189897632521865,0.1343516117025708,0.1190439764039255,0.20370222352706768,0.15311322773680475,0.08752453882052601,0.08328672117047481,0.09727812488788173,0.03963434023433963,0.13271849573272584,0.19681965658780348,0.2117638971077527,-0.004823968614844986,0.05008950871846664,0.1715580038057868,0.20227424426625112,1.7865819234238969,0.26749175262420793,0.3929155170010667,-0.15667172990906883,0.30035771992731997,0.22567964694844897,0.2708864975387411,-0.04248691509910061,0.25889332381829017,0.007770329928584592,0.6893853060531028,0.2523499332848409,0.017056634596975415,0.251148680088238,0.6710741729515496,-0.10309919117909791,0.468188280593649,0.14539881305591185,0.12233231477581595,0.2133757414893221,-0.4904175271415404,-0.1089432597318169,-0.15969188285815727,0.2616270238508561,0.765675606582573,0.02744678795041487,-0.009859894679041005,0.6518035021308993,-0.4481947547822222,-0.3000478980978691,0.4025157750021184,-0.14993958011674693,0.14227286807074743,-0.028545218717399252,-0.09460843422877277,-0.11322511794789546,0.1423935884103883
-0.005339360923480502,0.06814055991153428,0.2945399569140891,0.2614001300046791,0.227967883078658,0.35063968233123205,0.09888695730186722,0.24072072594788171,0.2052964190299981,0.1551854266758383,0.2079557820505063,0.12145070318990164,0.17520271404126495,0.26222852493491783,0.21102885482176556,0.18682430719539728,0.20116614524220058,0.30576073364132517,0.2300748981316029,0.19337017471422402,0.22701331695995866,0.19319441785412275,0.26749175262420793,0.8702907410990004,0.27214983482914556,0.09773617414634089,0.05064263291741047,0.37534243157300423,0.1799067973763146,0.5030043038067212,0.1732516127327989,0.23800817123383394,0.8535765653495223,0.18554077040085884,0.0674059189172056,0.3380002964734873,0.5494386217820424,0.2426902547189861,0.25644311497400946,-0.056757437965333564,0.21758307314058475,0.2497347481203738,-0.007080506847547072,0.3050036325046835,-0.21648760095685138,0.33546327054285957,0.2219892805543469,-0.04540781235074602,0.5725814928333723,0.23704849146423823,-0.2772639360501609,-0.062081315315309846,0.25987497815867006,-0.14851530172227828,-0.1409921179143257,-0.14381925669251222,-0.15574314953828802,0.17230045646326583,0.16285673735841735
0.3206007301582493,0.32680555311303144,0.3044595737767379,0.2242673965469189,0.017781368963705035,0.2974463654408641,0.20841218698909333,0.21646090390513636,0.05787473343581033,0.2187809581838994,0.18155101152236508,0.22164319603701074,0.12332785186334415,0.2273473381976025,0.18183851332225176,0.16493705325083108,0.3975523142834722,0.2522205951267276,0.18697646458572656,0.2248665607895047,0.3075058281818388,0.10560668897912653,0.3929155170010667,0.27214983482914556,1.9899597627263594,0.06562729388143591,0.2797120281048615,0.24787540714030576,0.6027902219531649,0.5426897481253344,0.4597080407400446,0.21739903553059126,0.19351728389141223,0.4231586467291553,0.27209199221371355,0.6395443299458322,0.3197962130951228,0.473579070615321,0.37949427402786734,0.16648698488995806,0.15604867530432504,0.3291857782982547,0.3987824876647907,0.5958726325836733,0.24051224540632068,0.5067760541513183,0.5287383179283928,-0.09039009985768258,-0.7798831514463982,-0.048784928206679186,0.15267283850099964,-0.0559520777377142,-0.03522127666562077,-0.09932366017115064,-0.08400010478795322,0.055583985278007904,-0.011685092221589212,0.14759275197618138,-0.18205472777395723
0.27755069722710796,0.2265393534646029,0.39672293628148253,0.22485125891200652,0.17344769080999167,0.23415626265259745,0.1902139879775449,0.23478205688027107,0.23001180603622212,0.19897501862147907,0.23105613415545773,0.2822180160386302,0.15652837587764362,0.30792500431332426,0.24827437048498846,0.1672079429719673,0.2310365180509784,0.39864714123131945,0.16987891759517232,0.2620674690995239,0.20410492203217087,0.17287723447199255,-0.15667172990906883,0.09773617414634089,0.06562729388143591,1.3584349762308408,0.2111760392321799,0.27736193370703177,-0.13038366896749326,-0.37317633490918733,0.1325489694082776,0.3435844651495875,0.11931791410401014,0.1396185928904914,0.20725990783453938,-0.01480066658909483,0.03352252029919671,0.3256401707378464,-0.33621672329026386,0.0772407069734395,0.17702952007553152,0.18880283122205294,0.1818150092968029,-0.0007386343870513173,-0.06053447074129423,0.0346033860420854,0.054607812268171435,0.008255091595880965,0.44399534607065366,0.0800950815981569,-0.29772117691075833,0.5068377297978314,-0.3964984144572098,0.04637598544043108,-0.15751789081804138,0.09340024500999194,-0.15355327597912616,0.27668355218188617,-0.20412872026912823
0.257471947701333,0.7581365602277319,0.32024137392907637,-0.019911359105132684,-0.11105798597437906,0.08185947994472316,0.2202784613038579,0.20179637030834868,0.18408126487767432,0.3180324043345295,0.16453255774355466,0.2881883226733449,0.08847089092757449,0.13722632033372362,0.09583193350119595,0.0158619442013527,0.11382361094590639,-0.2680983797448668,-0.08051371987400067,0.21385686104597149,0.12149833781173949,0.13189281413770088,0.30035771992731997,0.05064263291741047,0.2797120281048615,0.2111760392321799,2.5660975979626404,0.35015538892145087,0.1494751708629749,-0.4625542291100685,0.3445597016874252,0.20673891160774577,0.2585602773614704,0.27483920018827024,0.3658552027756284,0.23431037468883115,0.3920385292604669,0.19549522537100006,0.07132291537888583,0.15478881905897066,-0.07523086516534729,0.20586548265639723,-0.20101070026308504,-0.7443472435235359,0.19628334873681663,0.19679782013345556,0.26216046660206666,-0.02069740405874339,0.5928685823122665,0.06059632735589496,-0.4660380643219034,0.40570008492645165,-0.10643382302419938,-0.01871314803920905,-0.08411405126286313,0.189711517614684,0.31012992666052314,0.17353489154967927,-0.5764817122208835
0.19199898991052455,0.25900581270914713,0.27291887624049505,0.08927778185462729,0.07607789648079245,0.12556608309166012,0.17536332668642754,0.03568657618092577,0.18352598879462936,0.1797396411723686,0.15415652618868797,0.13332679368023384,0.13819491130651812,0.1580872007452758,0.3037349899101555,0.2172052241271737,0.26243951933965487,0.2421434805135909,0.1592821655344383,0.1599720084406208,0.33992083314061144,0.18735321415395725,0.22567964694844897,0.37534243157300423,0.24787540714030576,0.27736193370703177,0.35015538892145087,1.4690289247393997,-0.053681869184636404,-0.045639655037495154,0.28861334358656154,0.20831851476321178,1.012816258048951,0.04737459714194819,1.1976633565050272,0.15839799076692163,0.8015423879326927,0.11362340089920826,0.06043460515271368,0.13300398325512613,0.12195551686049542,0.45812800600881604,-0.4201453923090331,-0.18304131956442357,0.20584529218932013,0.18092888815370675,0.4592812203322815,-0.018527996243113305,-0.16147156559394057,0.4617735352520466,-0.5725070351106044,1.044180049944741,-0.9320273040116374,-0.03741237351525081,-0.050497628135460076,0.13565105435992825,-0.1445160613815045,0.07995754525845573,-0.03061172713555395
0.08903155084817839,0.4454692197023113,0.28284477442643063,0.17102102145677642,0.15601800248215694,0.306259836441348,0.11444480280482629,0.2798511758363569,0.031105618189255238,0.2452732215120201,0.22030002983439273,0.11067016648263564,0.20688348367377604,0.12783763059505446,0.16242106059630987,0.22292923397335615,0.2973685452768461,0.2044437612849825,0.1272033071027254,0.5102246295477392,0.14246113940627503,0.13188954571313102,0.2708864975387411,0.1799067973763146,0.6027902219531649,-0.13038366896749326,0.1494751708629749,-0.053681869184636404,2.191656610837948,0.3411426518251135,0.04287668628299585,0.131627618494651,-0.3122190225126014,0.6295399593314605,0.15826385695053524,0.23664654587425657,0.04107392212478665,-0.032606719144263496,0.5633135842501548,0.040900173385170796,-0.18288832223768803,0.09427480756862386,0.27319358437805513,-0.23867622328203902,0.20952698621151475,0.18601055613592954,0.74186021636791,-0.07067645085654593,0.137282058027721,0.45744727377393285,-0.4812477856298643,-0.07851800012942514,-0.09512945884707369,0.03880201154834402,-0.1930718220806825,-0.14763759898143924,-0.15741948015278473,0.28619894012232283,0.07348580460548396
0.022995239316316862,0.05268989758348727,-0.32499930779282366,0.22966900831675457,-0.1495037065722023,0.14952793057336558,0.12307467242920538,0.1635067994892671,-0.017393641859695694,0.01627393220324667,0.06577108363626151,-0.08301500714663791,0.1125160118809519,0.11570194571648974,0.08480391738297097,0.16583029469066332,0.08755091704632056,0.15399450395084793,0.0838631711018294,0.14640516534885836,0.16160388427063752,0.0682381032189598,-0.04248691509910061,0.5030043038067212,0.5426897481253344,-0.37317633490918733,-0.4625542291100685,-0.045639655037495154,0.3411426518251135,3.741960149253392,0.34739979833023477,0.028479859284547954,-0.1451219435319121,0.1359765302851592,0.23541921073587532,0.7748472018613839,-0.018248832871185727,0.6729251700889228,0.8200067899779899,0.05384930108165393,0.9754970952146159,0.1895787191342123,2.0934362188937508,2.0093188759390253,0.10630123904572034,0.5248080242747241,0.04861597247321931,-0.061494352109686456,0.7366099590337648,-0.4319708633490354,0.5600136672946386,-0.5790757125231059,0.424076999054164,-0.005391679681498458,-0.1368289290646709,-0.36863490958031503,-0.07269681973462254,0.24358196775695354,0.1397444934440841
0.2495559923576255,0.2387046715589432,0.3944365843174478,0.2211651526470487,0.18405173606567432,0.22874833117443544,0.19834421023252932,0.18327276119142757,0.20084207557964262,0.2194242006183284,0.19412226628195595,0.2647844603991571,0.11735432503331297,0.2235991663491806,0.18713781895351322,0.16653123344149376,0.31268865799864787,0.1774257440345486,0.22506443518952626,0.15421637483451978,0.3788241443660162,0.2046046653964907,0.25889332381829017,0.1732516127327989,0.4597080407400446,0.1325489694082776,0.3445597016874252,0.28861334358656154,0.04287668628299585,0.34739979833023477,1.1753418331428975,0.19367963796691218,0.3852031947847825,0.2876592295881223,0.16908485193372347,1.171024771497921,0.47502739439009534,0.5115199339702585,0.31931165180380083,0.09532702930103483,0.38169864815196963,0.4243785596509514,-0.1486805907728807,0.4823228022110841,0.13974449478385212,0.47263743856131374,0.4393168987951551,-0.04121589100621394,-0.7628884467820278,0.17024928559071326,-0.026904253044411897,0.07974324874156304,-0.040788464910529676,-0.12993268060846783,-0.09838075630056142,0.10278952524708306,-0.0451715463683621,0.14334802577696698,-0.2179149639682783
0.17746881907492035,0.12400483692933957,0.3256612124747047,0.2211538769577038,0.16507634957055475,0.24740347965085074,0.14827544266628342,0.19501096967017284,0.15919084218558058,0.19542251228075197,0.17457867868362464,0.258925831977683,0.14475967691752092,0.31553864277300425,0.14731993211993613,0.25503953009662433,0.18207397813224088,0.1809542404441488,0.21495580262976685,0.15390843091747738,0.20172232870389895,0.2200240203163607,0.007770329928584592,0.23800817123383394,0.21739903553059126,0.3435844651495875,0.20673891160774577,0.20831851476321178,0.131627618494651,0.028479859284547954,0.19367963796691218,0.5597933288911202,0.11404113782474722,0.22617399741027436,0.1473056154217465,0.34975326431360176,0.05820595759246687,0.2914535169315108,0.05566388765342446,0.05382291252944581,0.18321153324844172,0.1850061782938974,0.04180083568925266,0.21102648128712034,-0.027709529025466608,0.20502710345900652,0.20548718318334733,-0.023275485041853457,0.0560308995852597,0.07054496203899087,0.025345268409163634,0.2196293903049736,-0.30126267444239796,-0.017293800184370184,-0.13872668078520262,0.05600388942042642,0.042397126556773516,0.15847196391192805,-0.24023816861173478
0.19487168940766483,0.21041601703983565,0.42669797911562257,0.271950539882523,0.42586748728936186,0.4167458845127557,0.11387190605822521,0.22779332087545828,0.3452091019363797,0.15248853595379017,0.26247285039409357,0.1470274400571404,0.15574800983292508,0.3039095926315728,0.3228163895269661,0.11735259495547432,0.3073352836564634,0.3665297544166209,0.2797864260720631,0.13788903122136054,0.4157799796976545,0.24535622321515485,0.6893853060531028,0.8535765653495223,0.19351728389141223,0.11931791410401014,0.2585602773614704,1.012816258048951,-0.3122190225126014,-0.1451219435319121,0.3852031947847825,0.11404113782474722,2.65986195057991,-0.1664900487925616,-0.20433444704974899,0.2040535466407755,1.5800701902844037,0.24404735401207536,0.16871600718872817,-0.1312033363671509,0.1327823954707012,0.46154389011106733,-0.8523462277921021,-0.07424327881726943,-0.43414080334412714,0.4563643210707136,0.4526087942176518,-0.08924333352107897,0.76928098744174,0.7508609221382175,-0.9280684712775611,-0.01473296832122901,0.6033283231993255,-0.3439251116596857,-0.10516159235661685,-0.06503768694710997,-0.32365617769541005,0.1834034267433276,0.2835393651089858
-0.12000849968639367,0.09339984470199444,0.5038755159190555,0.34190479420734476,0.27024773033885796,0.2222152066538291,0.21543472645666692,0.28335203392483427,0.15401607246962587,0.35400133230318653,0.22332366339987547,0.24723385469950773,0.18577478727999827,0.2022864738162954,0.17944537497978016,0.2678204667557637,0.30357741010386013,0.16712952305998377,0.19394868793972053,0.3185309463346185,0.19366108098507703,0.23803948777557646,0.2523499332848409,0.18554077040085884,0.4231586467291553,0.1396185928904914,0.27483920018827024,0.04737459714194819,0.6295399593314605,0.1359765302851592,0.2876592295881223,0.22617399741027436,-0.1664900487925616,1.368847278187565,0.3372175290110056,0.28266211710546446,0.4204367601917724,0.19891237341641796,0.4615178189086992,-0.10395621964798409,0.07036161785675497,0.24675175913598002,0.21161255055885472,0.4637628095491257,-0.178562529602968,0.33761526858396024,0.6759542505492078,-0.018548615751427765,0.12032619197796485,0.0011352466918860718,-0.1496685438031971,-0.011083222711209892,0.14238744380360666,-0.11193419580960942,-0.14521086189970586,0.01891676486217187,-0.23507359899130065,0.1964784623367748,0.07426063595011811
