1.656954889278312,0.4353851220819689,0.41979756929825274,0.18087027253174714,0.433081996792553,-0.046131949557787086,0.5401156294412659,0.191486040111466,0.1368117880541889,0.3215858626046584,0.21065711925206937,0.27745237129457173,0.14768388344101532,0.2506585629298546,0.2685194469995287,0.2632452025367255,0.1732709786564299,0.3189612468315414,0.12199084703932248,0.10208701393812643,0.23253326115653222,0.21229383587881392,0.2621096232409139,0.028065892731840937,0.3152904843482673,0.3138466574437784,0.19491317156861512,0.15558873775860127,0.09862623782644725,0.06513254683460634,0.25919089198957185,0.18753359731395722,0.2537238312891965,-0.10771392326702603,0.16307048537213606,0.32522506708993787,0.22407572179071833,0.22808774177277938,0.1032496908256095,0.1454958595171935,0.2813622648767313,0.22055772199749057,-0.15473337719084138,0.17816074902645038,0.14193096064863112,0.21229530775679004,0.32974551665331026,-0.032733395925086686,-0.141873045246963,0.012401504320075486,-0.041247159535204476,-0.23976169304123549,0.22725987762504646,0.03353693371327033,-0.0714112167892846,0.11069326196829714,-0.04380859315581864,0.2500779845515491,-0.4650650639004952
0.4353851220819689,3.4064398098729782,0.2954939562331905,-0.13519313495148988,-0.12714682393094331,0.29852160366735747,0.001042822997880907,0.23222460211246646,-0.008199884000542886,0.13551476193640408,0.06431546481097315,0.12665828959193953,0.046931149671072724,0.09826961097185741,0.13810837527667186,0.03685513265192959,-0.04461264224394635,0.4325213055441645,0.19917452763992355,0.10174904746783525,0.3431285574287053,0.005158867099638969,-0.20351392988255865,0.043164674306379616,0.3204562211921997,0.2443558756887412,0.7140040149260626,0.29250809092422364,0.37274051264904284,0.04422780798559255,0.2058228304205475,0.12665582479804183,0.12259004600137492,0.029627315606772005,0.12890057982696182,0.38280791241939427,0.43307056913308845,0.24648941033620825,-0.13754078312907075,0.2107551910815093,0.2090611380199707,0.32012746967187616,0.03254299489602127,-0.11185546267311638,0.4205049987369955,0.17482847179240144,0.05551613404526299,-0.024188656737723798,-0.3887941932478346,-0.3142880243410506,0.5443444729215977,0.20182706477133583,-0.4515792578722873,0.06620436683605893,-0.6986956597218819,-0.06667648447613324,-0.07593092276191593,0.6393187432281082,0.20133029886320614
0.41979756929825274,0.2954939562331905,2.691642147904673,0.2790032688165752,0.4331288560287717,0.44792985274152447,-0.13331241908444882,0.6280332714621599,0.3673705364002747,0.6503140134425802,0.3482953717713408,0.38432796022689625,0.2117024879031008,0.429224112330061,0.28010683797812863,0.28766226611772,0.4002335285522902,0.42536174340318667,0.29495985373770656,0.1358274090417956,0.30901856832308927,0.34535599659803506,0.24065695645704477,0.3032002995380672,0.29893185479763495,0.4510858589284535,0.26408295544202376,0.12136765150762235,0.2746103107238279,-0.2290764030746253,0.386631552675641,0.2955803913034432,0.3404522010626536,0.48291182330258936,0.3801304624064274,0.6009841267466335,0.5375286958055687,0.4699710119384747,0.14761541451340257,-0.29752412023960456,0.2721100474470739,0.350622853311062,-0.060325268716117306,0.30132294820113664,0.12632236534327818,0.5562120558850545,0.3656662698462717,-0.08275130078448283,-0.5529193280563065,0.0025938374969858543,-0.5064962843193634,-0.2619610191023284,0.8334468344613735,-0.017632362494667785,-0.04210321926226244,0.052011892641661395,-0.25996080401139915,0.15586984359916786,-0.1900517109655188
0.18087027253174714,-0.13519313495148988,0.2790032688165752,0.9441354848099776,0.2997958724730018,0.18726501180957236,0.2984750941596715,0.22699381596033905,0.11051997407032875,0.23049799256912767,0.2297941412135475,0.27025162099354555,0.15747888676157534,0.273951447043575,0.18979833621494563,0.2721158538378203,0.24137401033249245,0.2586564593602472,0.1773112938987286,0.12530400914984544,0.19452288154620095,0.1990890351750317,0.11308469414887337,0.21605071541026355,0.20455581695512254,0.24921628790800318,-0.0010326674157609581,0.1154181963060519,0.1561132317026521,0.1826764927187954,0.2023274648358693,0.2249316286058839,0.20706746212089355,0.30784315112326677,0.05164534905236017,0.2661365241109764,0.2305841610167755,0.2316040230343943,0.20734962064860252,0.009647214979079693,0.1905847672237672,0.16927168722940786,0.04025324781169813,0.5928298780521553,-0.19012475016998873,0.21368010792530232,0.241679357092727,-0.026911537944196498,0.1546767484030616,0.1365014058048732,-0.13557096977318114,9.99716430951623e-5,0.05633433878821695,-0.05941388422744527,-0.08557122422869579,0.03784456391106727,-0.16760465749238498,0.1568237770903778,-0.007086234874195212
0.433081996792553,-0.12714682393094331,0.4331288560287717,0.2997958724730018,1.421777127233579,-0.016527017434758973,0.20913301629914055,0.32719867342466197,0.2995168337546513,0.16902623566997632,0.1794034304115919,0.21309381441591788,0.1829354496403003,0.21235742813224723,0.27360744526777314,0.2800522733574769,0.14801558758755157,0.27231729996961895,0.4671163044113037,0.08980527441145832,0.1473225297416349,0.27466925429278743,0.25344849917538287,0.20565530148934977,-0.005021960745410352,0.23497798914551685,-0.11214671634612197,0.044348878870351306,0.127606288854939,-0.14436841940183545,0.17290294803139777,0.15859036288439113,0.3746372392970521,0.2319151541062395,-0.02097004116588068,0.08618836023735364,0.43541903109022867,0.23725184837329888,0.2223587145616405,-0.07480469522505265,0.1162204545366178,0.144934472984498,-0.07769593898543956,0.12695321463192102,-0.08612126922192342,0.1088916766812021,0.4109756895673145,0.004438049658519899,0.13303166905010833,0.40358007486709085,-0.44649358415379276,-0.31111135776875565,0.4199719162048138,-0.07697755615386478,-0.12229406302613405,-0.0778096312445251,-0.18582703017131583,0.23101274920196077,-0.0017222831561912824
-0.046131949557787086,0.29852160366735747,0.44792985274152447,0.18726501180957236,-0.016527017434758973,1.209379612619758,-0.4006455756444649,0.41684083892625234,0.12383005587002817,0.2663204470284473,0.27590871335717065,0.3416603015534353,0.1380905362658238,0.43599224979762213,0.18243486806743028,0.18473479425290273,0.3281077225577497,0.2568740587432374,0.3619177003043281,0.31861033925858123,0.3101708577147998,0.1691722418573331,0.10396997734598769,0.3498505836823598,0.2671291612766381,0.2622057787495929,0.07535860700112508,-0.04310658831954527,0.2949854148186191,0.17351207934844498,0.23601618801623478,0.21625090233120808,0.41946157265937717,0.2227936160394779,0.07400917318484464,0.30420219041361735,0.571791692397335,0.33467743156880486,0.1794093801886142,0.014922915700986859,0.2506656546565036,0.30301824862022986,0.048737282019287176,0.13930734517361545,0.11757057092069122,0.2743805662978075,0.12998281283994406,-0.032971730500695566,0.057564851138735065,0.2252312575343115,-0.4927018837112932,-0.7183876874466959,0.9924204783952313,-0.024520676357903795,-0.18352441731246538,-0.10708103145301662,-0.30108724736190695,0.24490702395743533,0.23426191128539675
0.5401156294412659,0.001042822997880907,-0.13331241908444882,0.2984750941596715,0.20913301629914055,-0.4006455756444649,1.108743739003509,0.005082807592777432,0.19870805093535351,0.1000299198023701,0.17156603347075228,0.1831947687831718,0.17150050942566372,0.03405300951060917,0.13180807959027072,0.20793226810533524,0.16535759208886303,0.16497332429146774,-0.019763102228639463,0.13267084800807652,0.15438126302057825,0.20918894778423391,0.09739316065420185,0.09243454776294115,0.17646778850939543,0.2082874812203581,0.1627406152579283,0.21929193400867594,0.1032976952081025,0.1855904712239646,0.171898302470176,0.1498705510894655,0.07260742821169791,0.2106197585339238,0.0919412480684697,0.20918034876852834,0.07976964951325123,0.13080702056267887,0.2241475386655101,0.14051844840791564,0.13668295095858435,0.12972080165267202,0.10126491524652759,0.32925245061977915,-0.08142486907196234,0.11126396773157533,0.31169496641123845,-0.005210404325288066,0.24667424853917164,0.023075487018437726,0.1590702987517568,0.25681931041444206,-0.41109248427652106,-0.08149884479850093,-0.08706093674308754,0.14539083518966509,-0.010738776467723261,0.16320112212549784,-0.30540021926882394
0.191486040111466,0.23222460211246646,0.6280332714621599,0.22699381596033905,0.32719867342466197,0.41684083892625234,0.005082807592777432,0.7781000245513778,0.07748270756890178,0.23592207013223174,0.2727213990990846,0.15679102294840253,0.16868197307847965,0.32672940110313203,0.09517038428819904,0.18965114880321624,0.2817079874664346,0.28959204028899027,0.20768162180961738,0.24495745642301295,0.1846461082903989,0.15762981700767423,0.15269349754934242,0.25670850847746757,0.1956596994159054,0.31225744306156544,0.205711475527885,-0.03120792933686535,0.273032652747068,0.1415156951048989,0.1968620269683557,0.18620923342664483,0.23529016037104014,0.2797613387785069,0.18787328435926348,0.23772368214801826,0.38313984284627245,0.26104886349104944,0.2585564812465868,-0.015055496258340524,0.19156204828649612,0.20357970757021063,0.06015355315746537,0.1429163337374766,0.0279043975225175,0.2734129593525963,0.2658190409038115,-0.02613605159276824,0.18146959604487553,0.14173381433258297,-0.33229072124989145,-0.5083165883772018,0.8356504842518082,-0.08571412147326916,-0.24998085269076084,-0.13853085093482123,-0.05771360430008614,0.35706074684907346,-0.061560698261977694
0.1368117880541889,-0.008199884000542886,0.3673705364002747,0.11051997407032875,0.2995168337546513,0.12383005587002817,0.19870805093535351,0.07748270756890178,0.6706114910148376,0.11506825088300118,0.1426820379301303,0.1370779218500662,0.15785716056246257,0.15873920081250106,0.1702954923902108,0.09662903867055418,0.19092024268774416,0.13428281356017838,0.16236064320416985,0.09417898112502315,0.20159754271688587,0.34342168379559007,0.13064195845268578,0.21641595523473897,0.05343381372535916,0.25835865498643473,0.12645361231030375,0.18453273131342163,0.024316795554827558,0.07470020058595608,0.19994047343664467,0.1545223733017097,0.3218210193579521,0.15908838126916275,0.14936805052270705,0.24428901746308546,0.25636819845625225,0.19875449477074938,0.17661913770656484,0.005962231687442086,0.1778127212875088,0.19104905643946565,-0.027881330993160668,0.1490050005667197,-0.07262985031375659,0.17653816088473356,0.14335741066068022,-0.013362574160907874,0.35510506214316095,0.07759431106016564,-0.18809789488385367,-0.012088879114629225,0.21772022047076764,-0.1096963924284267,-0.08009109166910126,0.08241169500524816,-0.14975771337286134,0.14762302402783967,-0.16799681217908963
0.3215858626046584,0.13551476193640408,0.6503140134425802,0.23049799256912767,0.16902623566997632,0.2663204470284473,0.1000299198023701,0.23592207013223174,0.11506825088300118,0.7900532787167146,0.24606119905359877,0.34678894514624575,0.14076830101982818,0.2804156985364436,0.22150067116366445,0.252183095775832,0.256421345921417,0.25631063582466684,0.08929687248349186,0.0619639964390392,0.1914927081202852,0.2030479095043343,0.237438315147991,0.18156783469608606,0.23468736166071474,0.2214263097137681,0.27740161469375735,0.020404471177075188,0.22744216605584247,0.09452535048099447,0.24696643513016156,0.18610196181172747,0.15945747693579393,0.3613594530938368,0.3052857813730375,0.341466040955493,0.28981758840259014,0.23886956663476597,0.1515627832051973,-0.0014803607062818364,0.21393763872522653,0.2284085732265949,0.07125771982180701,0.24952527546769357,0.005247619070532586,0.23313070760755722,0.40630743531807917,-0.03878811850668507,-0.17314578164763483,-0.10575787695465007,-0.28293059119651043,-0.3779921706153723,0.7229452665498819,0.02735723970102412,0.001377992913369567,0.10273526508466581,-0.17046487788453085,0.07014491294638282,-0.09454238478740574
0.21065711925206937,0.06431546481097315,0.3482953717713408,0.2297941412135475,0.1794034304115919,0.27590871335717065,0.17156603347075228,0.2727213990990846,0.1426820379301303,0.24606119905359877,0.4236269005797178,0.2681866567527477,0.18654562666671365,0.24067452852770932,0.2274729607451169,0.20237696684188713,0.3284760989000923,0.2138632858406666,0.1298771606864738,0.23273154332585574,0.2068623052103672,0.1787929332835393,0.1674914109042134,0.2139591267188897,0.17814666285925454,0.24851029213091044,0.13275813757655172,0.09395101422916252,0.21061381567892432,0.11868208352476553,0.20100763280372344,0.15829181528386949,0.2383660312808546,0.2306031925372431,0.2150747385999513,0.2087371356004423,0.3597338034422855,0.2232110215012227,0.21760049572062026,0.05361093966169624,0.1846877274709759,0.21629073458733494,0.0851383666797068,0.09844731175521007,0.05909200415042106,0.18222737768132694,0.3208395449093689,-0.01368510191945299,0.08034552673422675,0.10130254361024292,-0.2677699386323727,-0.2275480927430214,0.49018037160328815,-0.07157211323341851,-0.09567915181046623,0.008767728901696558,-0.18585449427504114,0.17037763294799374,-0.0206289838622331
0.27745237129457173,0.12665828959193953,0.38432796022689625,0.27025162099354555,0.21309381441591788,0.3416603015534353,0.1831947687831718,0.15679102294840253,0.1370779218500662,0.34678894514624575,0.2681866567527477,0.697368582362076,0.15336184527342214,0.28518509097161393,0.20674912918421942,0.24564943131463876,0.27144176990450514,0.14973216130311445,0.18233013949625618,0.16035397983051072,0.2099303527123307,0.18202291692294986,0.12413902923187134,0.1373093646221504,0.20941441172582767,0.2711432632971832,0.22186425593974937,0.025789760028565593,0.12080722260462434,0.007061163530310284,0.25708566676453243,0.22974671189439103,0.16961601703540152,0.24950642651882213,0.08904597046753762,0.33472913817789357,0.24562330400304586,0.25269294484226945,0.1424570118470427,0.05117711950974092,0.1625858545582675,0.20903242934760416,0.0325659909934086,0.20678634445063016,0.035027769591281656,0.18764935509296957,0.23375910811693595,-0.014166610027165826,-0.11544813886140479,0.005417537461768035,-0.12900170329482932,-0.26638744947662013,0.35774244963788154,-0.044439563829239276,-0.08368182464737901,0.12943353362588567,-0.22425570797384506,0.15517902194516842,-0.12629908401750203
0.14768388344101532,0.046931149671072724,0.2117024879031008,0.15747888676157534,0.1829354496403003,0.1380905362658238,0.17150050942566372,0.16868197307847965,0.15785716056246257,0.14076830101982818,0.18654562666671365,0.15336184527342214,0.3159366685669294,0.1398960187443456,0.11267959253454606,0.1831947686173321,0.17713916980257266,0.13501996713161887,0.12713382520597802,0.12999429429602208,0.13343517118054465,0.18340437163255152,0.07597269198817397,0.16948405641937686,0.12340769049716734,0.1626054830765324,0.07037014879164717,0.14704221896683733,0.20211256909545908,0.1448231839906762,0.11724093342351764,0.13974914576831235,0.11880473240245804,0.186407018186582,0.1655299475921956,0.15692513896715604,0.18423386945889828,0.13215224143079732,0.18240610206374763,0.04075126623744804,0.1383216175960147,0.1355037061708495,0.044357687333033906,0.17143492917493197,-0.001001964799461543,0.11961467426787907,0.1943230573437302,-0.009845313789536868,0.1167620444808792,0.13868024169048732,-0.0793200232980084,-0.06033086106283985,-0.014382822740094028,-0.02939879461737614,0.021965327013966883,-0.008338370345110624,-0.15971811129063843,-0.015527914088072622,0.10818241916319912
0.2506585629298546,0.09826961097185741,0.429224112330061,0.273951447043575,0.21235742813224723,0.43599224979762213,0.03405300951060917,0.32672940110313203,0.15873920081250106,0.2804156985364436,0.24067452852770932,0.28518509097161393,0.1398960187443456,0.5789300383757287,0.2080354321255785,0.2788608585779682,0.26646721007115703,0.22915166563401135,0.17305225624466905,0.17254993961206344,0.2457263215528842,0.2171620397182803,0.1346744212621097,0.277915688886212,0.22964046127754847,0.33570729258928905,0.0900524489387555,0.023486758721034482,0.1254151119930433,0.18384732483360658,0.2414200190626877,0.29639698568313433,0.33023179604314834,0.2137565212940592,0.25211461052480505,0.34420897445359455,0.3465617540573513,0.2747151331024017,0.12267108043400395,0.01968418462690065,0.2914166487154503,0.2637676014391258,-0.0001487310417966091,0.26295089932804566,-0.0545628701578924,0.25139580265595063,0.18670309261073065,-0.03616126607444827,0.1469030229269239,-0.058735533553456815,-0.29675942017470247,-0.5441613967475485,0.9274463601845806,-0.042960052218887726,-0.17440874787161695,0.02952502584840543,-0.2394429939839624,0.2641252988488341,-0.025806106304940936
0.2685194469995287,0.13810837527667186,0.28010683797812863,0.18979833621494563,0.27360744526777314,0.18243486806743028,0.13180807959027072,0.09517038428819904,0.1702954923902108,0.22150067116366445,0.2274729607451169,0.20674912918421942,0.11267959253454606,0.2080354321255785,0.7065319154949555,0.16699791192566302,0.29211581970124006,0.24844654339377456,0.2173000125363185,0.1909614228839171,0.21937443725784578,0.1302100346383252,0.07842145486463567,0.2091652885106313,0.19016632564025113,0.2160447323552578,-0.0017931535000557943,0.2732544948706672,0.17005563009123803,0.17347661051871144,0.18767168001385684,0.13574804896820514,0.27758924223089954,0.18284827925654296,0.2231688988892294,0.21673707700700728,0.39933935630816064,0.15209452156035747,0.14463245305348485,0.019284511926751135,0.21987921057371446,0.22610532390160504,0.018985860664876446,0.14232940465985403,0.07169055695505716,0.14309946079872773,0.29079097198592974,-0.013450813911711726,-0.022130635829456412,0.1980869089227189,-0.2276952601476656,0.14691353522170378,-0.053540729153395965,-9.91691089539753e-5,-0.13162795239833072,0.0957084721458475,-0.30520104741734566,0.2090642063960977,-0.02061485188492217
0.2632452025367255,0.03685513265192959,0.28766226611772,0.2721158538378203,0.2800522733574769,0.18473479425290273,0.20793226810533524,0.18965114880321624,0.09662903867055418,0.252183095775832,0.20237696684188713,0.24564943131463876,0.1831947686173321,0.2788608585779682,0.16699791192566302,0.7456053595219606,0.21775179205306697,0.22333058464901534,0.19594885694069838,0.01411196127891925,0.18756308272998945,0.36799537006457245,0.1124849265398998,0.18705966106814167,0.1546262051388059,0.17500598366758605,-0.04116040724069484,0.152439835443546,0.2149505061515786,0.2320135813425021,0.16296742233096137,0.2458973779207547,0.07280826180445853,0.2611191715638448,0.3525776693373679,0.3131485635845452,0.10657129362261222,0.1190270523152878,0.17027268074596125,0.06435936176705166,0.21026739113320386,0.19525633534119105,0.03723415148041338,0.38518004061408234,-0.04624665635475124,0.1534360036069609,0.22840270526881343,-0.02146084806750478,-0.08337458682230386,-0.21195847198608456,-0.07711076229003495,-0.15262498246063325,0.20643866138309766,0.015525762503622727,-0.03988771301587389,0.04751318233698455,-0.2785673880345844,0.11614134443492559,0.035076160211723814
0.1732709786564299,-0.04461264224394635,0.4002335285522902,0.24137401033249245,0.14801558758755157,0.3281077225577497,0.16535759208886303,0.2817079874664346,0.19092024268774416,0.256421345921417,0.3284760989000923,0.27144176990450514,0.17713916980257266,0.26646721007115703,0.29211581970124006,0.21775179205306697,0.8823178094000808,0.23179668404642043,0.15024010165089294,0.3761457493629152,0.2984536706724618,0.22723017723070524,0.23959708655062445,0.22632586347650868,0.38878166776320844,0.1965755676049282,0.061285128077747615,0.16974920861306203,0.2797379990193672,0.17304804989661357,0.30861815878868476,0.13878042430120674,0.2974950718535341,0.3111800357643826,0.29433439205172296,0.2224966026742916,0.6406553276127659,0.3231613558770145,0.35764085486421326,0.09393735035556151,0.2961810501524252,0.30431969394156816,0.1461185788096512,0.1770697286019164,0.17761180816013736,0.2566937960559232,0.638663830859992,-0.020991436927967847,-0.11158569800158508,0.36782522839505155,-0.2862465345548052,-0.251908222144041,0.5416204886850081,-0.13735332759714294,-0.05393299915417036,0.02291380145177512,-0.2369424328065217,0.14923588074417093,-0.01988466152816382
0.3189612468315414,0.4325213055441645,0.42536174340318667,0.2586564593602472,0.27231729996961895,0.2568740587432374,0.16497332429146774,0.28959204028899027,0.13428281356017838,0.25631063582466684,0.2138632858406666,0.14973216130311445,0.13501996713161887,0.22915166563401135,0.24844654339377456,0.22333058464901534,0.23179668404642043,0.8616112074372559,0.20654326203937465,0.04854201883911535,0.28460100899909924,0.1773045516085084,0.2571752939791513,0.33223519098148757,0.23836019214602444,0.3799196505632687,-0.30158027041571145,0.16344688029011117,0.2105908878069939,0.1879506878647759,0.18219710045860163,0.14774122876860643,0.3975414877975092,0.19076283626187723,0.18377342177255543,0.31643917714008196,0.42463343363222533,0.19774403057041834,0.08674054222988281,0.057459917892802824,0.27778065825234316,0.2794584748358966,0.010816561065252138,0.28413454319522985,-0.009512508918319673,0.257172432144387,0.31613674970977584,-0.02626013704779623,-0.05625531584214485,0.046716593074414614,-0.06260650549461332,-0.26630028526578564,0.4655316075099697,-0.04350945030364687,-0.22969847185885203,-0.04987951556346305,-0.21765294076670286,0.31816739674693967,0.0602819714585985
0.12199084703932248,0.19917452763992355,0.29495985373770656,0.1773112938987286,0.4671163044113037,0.3619177003043281,-0.019763102228639463,0.20768162180961738,0.16236064320416985,0.08929687248349186,0.1298771606864738,0.18233013949625618,0.12713382520597802,0.17305225624466905,0.2173000125363185,0.19594885694069838,0.15024010165089294,0.20654326203937465,0.7591658465929535,0.1979056688323288,0.1910109765119076,0.174285467076909,-0.06241649683178319,0.17576283345004948,0.15410923783794733,0.14722072259556077,-0.0708097187157536,0.32083946218076415,0.12082616501747456,0.023271000951990674,0.17865840845952227,0.21793411873957713,0.1941495364185374,0.16214123968444577,-0.13250920098659144,0.2751296739267448,0.1759965756386999,0.3059601495632143,0.13170211937549353,0.04516086101505538,0.1613693755665662,0.1393415867997401,0.11429967346484274,0.25625009781338454,0.07098030219786851,0.15634566859271892,0.14678868666169456,0.025769036808178703,-0.1711332321174094,0.11724426889610468,0.2841748619699224,0.7076084284780099,-0.9471741006631679,-0.07779381500784892,-0.1753999314094016,-0.050802778129411114,-0.12594167157142266,0.2101049807553525,0.03822758950303395
0.10208701393812643,0.10174904746783525,0.1358274090417956,0.12530400914984544,0.08980527441145832,0.31861033925858123,0.13267084800807652,0.24495745642301295,0.09417898112502315,0.0619639964390392,0.23273154332585574,0.16035397983051072,0.12999429429602208,0.17254993961206344,0.1909614228839171,0.01411196127891925,0.3761457493629152,0.04854201883911535,0.1979056688323288,1.3069728030421441,0.12146361115609929,0.004549423836321807,0.09704842401449769,0.21187051206716137,0.21891420903251946,0.22362385050913633,0.22716516176013354,0.17202551040507716,0.5058521881713011,0.15863518585987468,0.15481260351507356,0.12379538774298827,0.1382671325204068,0.3194185581816769,0.124565140308228,-0.1528878926699234,0.7269860854208134,0.3640487877572481,0.3426187571692343,0.25069075855368994,0.08092521080425041,0.18072064946889993,0.4996162304191957,-0.2118447933718963,0.3892719885142709,0.13938386502000052,0.5443235604915944,0.047858013313870656,0.5082279865728406,0.23169286441144452,-0.25143482294864733,0.09671280733158613,-0.00607013293293857,-0.1240789331344547,-0.08725360242461201,-0.08355169931989713,-0.06353371302625752,0.14614789514426293,0.04510037460496821
0.23253326115653222,0.3431285574287053,0.30901856832308927,0.19452288154620095,0.1473225297416349,0.3101708577147998,0.15438126302057825,0.1846461082903989,0.20159754271688587,0.1914927081202852,0.2068623052103672,0.2099303527123307,0.13343517118054465,0.2457263215528842,0.21937443725784578,0.18756308272998945,0.2984536706724618,0.28460100899909924,0.1910109765119076,0.12146361115609929,0.5294626688655649,0.19997770338388018,0.19927995906087423,0.2448084844191912,0.3021969631462361,0.188952653355406,0.06963989458020639,0.24417155043472333,0.1287218356380551,0.24609804038721023,0.35628942332127217,0.16917324667402237,0.387513179895096,0.1808494024345339,0.2523710357627286,0.5590402055584265,0.4480661504355936,0.322392793241643,0.204146184587922,0.18951595231254748,0.37348288071170643,0.4532390410060793,-0.009110177419874693,0.33315650044938916,0.17537282799740558,0.2833309961391622,0.36643408539818223,-0.028337676354155787,-0.26050505687674913,0.08932520115648529,-0.07119101549006084,-0.25388949612334427,0.3372303851129446,-0.05083242364588481,-0.1835700387475662,0.02573600571111856,-0.24003971537243937,0.2552271263776702,0.002199416548881919
0.21229383587881392,0.005158867099638969,0.34535599659803506,0.1990890351750317,0.27466925429278743,0.1691722418573331,0.20918894778423391,0.15762981700767423,0.34342168379559007,0.2030479095043343,0.1787929332835393,0.18202291692294986,0.18340437163255152,0.2171620397182803,0.1302100346383252,0.36799537006457245,0.22723017723070524,0.1773045516085084,0.174285467076909,0.004549423836321807,0.19997770338388018,0.5694443889482288,0.20544287702029848,0.2021274657385576,0.10261117792496748,0.18890091760925817,0.0740231063306279,0.16201506895341558,0.11886439236483548,0.15134584173660795,0.2058131833427108,0.2139761786647406,0.21982438634890292,0.23267606826425194,0.21378839377348746,0.2902829604886502,0.20076364620017953,0.18251290323123723,0.2038713601859749,0.02346783088554023,0.20888895517680897,0.1948721700489064,-0.00010692064518891771,0.2998940838572817,-0.08314898234697625,0.18254452416141811,0.23611734072072013,-0.017075661718289444,0.11378917294946371,-0.02654643950880605,-0.1273171704678243,-0.1240001793124545,0.20446993906840397,-0.06380379484498713,-0.0453991120958938,0.054327800034166554,-0.19951926970131992,0.110922241404599,-0.05971756791089827
0.2621096232409139,-0.20351392988255865,0.24065695645704477,0.11308469414887337,0.25344849917538287,0.10396997734598769,0.09739316065420185,0.15269349754934242,0.13064195845268578,0.237438315147991,0.1674914109042134,0.12413902923187134,0.07597269198817397,0.1346744212621097,0.07842145486463567,0.1124849265398998,0.23959708655062445,0.2571752939791513,-0.06241649683178319,0.09704842401449769,0.19927995906087423,0.20544287702029848,1.8747449297335195,0.3226847286270813,0.4128682238937404,-0.14701671393211183,0.15942235062028712,0.09370429434844761,0.20679801256172467,0.16342528186208666,0.31373252351275727,-0.015721063182688937,0.6863848567040215,0.2539873439794732,0.07567126484162227,0.277827983256465,0.8219933371230963,-0.0065906259005620495,0.5059774716998454,0.1890130527538163,0.26897925684050833,0.27585133873093176,-0.20451658009243692,0.01872776796973418,-0.034399601420020964,0.2709518155870296,0.8417709226190514,0.011216154500766592,-0.0998625068136377,0.6770356076173217,-0.5453713470910256,-0.7182507552950816,0.9856997632681771,-0.1400620988785068,0.14741603261691064,-0.03121225439575603,-0.10322464968344058,-0.08875840271592873,0.12519784689164526
0.028065892731840937,0.043164674306379616,0.3032002995380672,0.21605071541026355,0.20565530148934977,0.3498505836823598,0.09243454776294115,0.25670850847746757,0.21641595523473897,0.18156783469608606,0.2139591267188897,0.1373093646221504,0.16948405641937686,0.277915688886212,0.2091652885106313,0.18705966106814167,0.22632586347650868,0.33223519098148757,0.17576283345004948,0.21187051206716137,0.2448084844191912,0.2021274657385576,0.3226847286270813,0.8556549864564452,0.29410774193438893,0.10346177823233062,0.007747648565422762,0.3141510669104044,0.15162490445408885,0.5948358652866853,0.21215720664951784,0.20110971756609147,0.7579634813342078,0.22305225757923738,0.26941345146875445,0.47900269130624923,0.6176003689008029,0.27474211915126684,0.285503447970635,0.01661351152528859,0.2917249335080376,0.3146437677941242,0.1153729094472067,0.34009186889886905,-0.12014972990249226,0.36709023642390515,0.23147854112367966,-0.04868548608060484,0.395513973443003,0.15254717372164336,-0.3300266813392686,-0.34856053264366477,0.6931997377755487,-0.15477261983871426,-0.07117162267062233,-0.14185158882000265,-0.1476118130224879,0.09886803051215155,0.2326489170961705
0.3152904843482673,0.3204562211921997,0.29893185479763495,0.20455581695512254,-0.005021960745410352,0.2671291612766381,0.17646778850939543,0.1956596994159054,0.05343381372535916,0.23468736166071474,0.17814666285925454,0.20941441172582767,0.12340769049716734,0.22964046127754847,0.19016632564025113,0.1546262051388059,0.38878166776320844,0.23836019214602444,0.15410923783794733,0.21891420903251946,0.3021969631462361,0.10261117792496748,0.4128682238937404,0.29410774193438893,1.9710546929419603,0.03937874510617962,0.18929563467626626,0.23186751082704743,0.5885306285085381,0.630156106234573,0.4651249189214588,0.20342442917823428,0.16344720467263357,0.4158840129204076,0.26453405694279924,0.7036937460211593,0.30857045729679555,0.4716340819403095,0.3642709748673976,0.17169318706644296,0.18755152091129842,0.3344422759097483,0.4870252511492121,0.651158306320205,0.24937131457001632,0.5105537625602595,0.5092304497657949,-0.09199621378164527,-0.842549062412289,-0.11670231309605524,0.1841156346068768,-0.16375523812817971,0.06067406469643079,-0.052711993221186415,-0.07354216632018155,0.050799126123723476,-0.04918238819463426,0.11912869379876521,-0.10782395114845172
0.3138466574437784,0.2443558756887412,0.4510858589284535,0.24921628790800318,0.23497798914551685,0.2622057787495929,0.2082874812203581,0.31225744306156544,0.25835865498643473,0.2214263097137681,0.24851029213091044,0.2711432632971832,0.1626054830765324,0.33570729258928905,0.2160447323552578,0.17500598366758605,0.1965755676049282,0.3799196505632687,0.14722072259556077,0.22362385050913633,0.188952653355406,0.18890091760925817,-0.14701671393211183,0.10346177823233062,0.03937874510617962,1.3714300262209924,0.17723153002461295,0.193644415279615,-0.11522198541753073,-0.3085479649788865,0.126260860034832,0.33007737782953134,0.1453505305847668,0.16541411210116258,0.26156220821843984,0.018944929250582627,0.04215255500572683,0.30940271500798205,-0.32193670554675996,0.01625508188285546,0.1497881145913076,0.18550845835990046,0.13252293638769008,0.015148885189310651,-0.11856036767921907,0.03958120128812066,0.005886214516240059,-0.007529107095050562,0.4783786641668343,-0.09703799386945852,-0.5025768753866613,0.38022796905061423,-0.008621925167353592,0.08656459629456048,-0.21799568242154668,0.050369928943121804,-0.21120038405461825,0.3365860703569476,-0.13840537419107202
0.19491317156861512,0.7140040149260626,0.26408295544202376,-0.0010326674157609581,-0.11214671634612197,0.07535860700112508,0.1627406152579283,0.205711475527885,0.12645361231030375,0.27740161469375735,0.13275813757655172,0.22186425593974937,0.07037014879164717,0.0900524489387555,-0.0017931535000557943,-0.04116040724069484,0.061285128077747615,-0.30158027041571145,-0.0708097187157536,0.22716516176013354,0.06963989458020639,0.0740231063306279,0.15942235062028712,0.007747648565422762,0.18929563467626626,0.17723153002461295,2.2775571849328777,0.1456324664675612,0.05330595891431869,-0.12080221910080068,0.27562298815232517,0.14848996928587505,0.07680444960526407,0.22787254266033544,0.12164527433478911,-0.0063425426492714435,0.37472823597967575,0.46517940302175964,0.11284012362235069,0.18099263181456252,0.030811696137934032,0.14732876920071994,0.9217884719368432,-0.35062115325710413,0.47549467161635245,0.09125345298956554,0.3205481932590012,0.027521187100151893,0.6213181661246734,-0.04337326389384365,-0.34410201887597264,0.364743096475354,-0.07047916283858838,-0.03228778252172579,-0.11922683862807622,0.0632268524545533,0.250930280388151,0.1371264148562779,-0.3683297866251344
0.15558873775860127,0.29250809092422364,0.12136765150762235,0.1154181963060519,0.044348878870351306,-0.04310658831954527,0.21929193400867594,-0.03120792933686535,0.18453273131342163,0.020404471177075188,0.09395101422916252,0.025789760028565593,0.14704221896683733,0.023486758721034482,0.2732544948706672,0.152439835443546,0.16974920861306203,0.16344688029011117,0.32083946218076415,0.17202551040507716,0.24417155043472333,0.16201506895341558,0.09370429434844761,0.3141510669104044,0.23186751082704743,0.193644415279615,0.1456324664675612,1.775234576744734,-0.08652556633070133,0.1780261927842023,0.24712735546710668,0.23337478191890218,0.7538970435530467,0.006370093774194477,0.8573229080279853,0.0919134420936688,0.7570115480242542,0.27681359128052646,0.19760045811661706,0.15023899191150322,0.1580523331374331,0.33808463613832634,0.056579479296339025,0.12084053961423964,0.4353989735400004,0.06874729391584487,0.47318636597522074,0.013599447507505726,-0.29683498099031125,0.6837701995234692,-0.20751541630147805,2.367174179707772,-2.9157660302829758,0.017015028377432174,-0.07407441069275911,0.07176468616118985,-0.0901941261403569,0.05610134569684036,0.00997698008942291
0.09862623782644725,0.37274051264904284,0.2746103107238279,0.1561132317026521,0.127606288854939,0.2949854148186191,0.1032976952081025,0.273032652747068,0.024316795554827558,0.22744216605584247,0.21061381567892432,0.12080722260462434,0.20211256909545908,0.1254151119930433,0.17005563009123803,0.2149505061515786,0.2797379990193672,0.2105908878069939,0.12082616501747456,0.5058521881713011,0.1287218356380551,0.11886439236483548,0.20679801256172467,0.15162490445408885,0.5885306285085381,-0.11522198541753073,0.05330595891431869,-0.08652556633070133,2.160009900403057,0.47368671148584734,0.025775975088401158,0.1217825466607909,-0.4543781353834479,0.6132478367142986,0.1542369137438355,0.20893653616548935,0.005128258177359896,0.027244486383425793,0.5489977231678028,0.044530112531255564,-0.16957703042759933,0.0817874594380657,0.6650013217327111,-0.10983094057672951,0.3386131128353646,0.13861324661612967,0.7108024513548512,-0.05871920629988553,0.094308539153575,0.4673288423323374,-0.4622949042785822,-0.06409765524069556,-0.2185127732400781,0.07616762751649746,-0.11559276068564055,-0.14794222111194827,-0.1574848817553687,0.18141150235880008,0.14944097498358538
0.06513254683460634,0.04422780798559255,-0.2290764030746253,0.1826764927187954,-0.14436841940183545,0.17351207934844498,0.1855904712239646,0.1415156951048989,0.07470020058595608,0.09452535048099447,0.11868208352476553,0.007061163530310284,0.1448231839906762,0.18384732483360658,0.17347661051871144,0.2320135813425021,0.17304804989661357,0.1879506878647759,0.023271000951990674,0.15863518585987468,0.24609804038721023,0.15134584173660795,0.16342528186208666,0.5948358652866853,0.630156106234573,-0.3085479649788865,-0.12080221910080068,0.1780261927842023,0.47368671148584734,3.233696109795221,0.44735044236686017,0.09296582746115672,0.1982267268189366,0.20597666158228098,0.5092677074160484,1.1324553391564178,0.06532246474794419,0.3202649760043584,0.7417752019067229,0.013284799063056605,0.8091577385122435,0.2882032331918678,0.6261532465359598,1.4657709233984522,-0.3590821821185502,0.7022044413690764,-0.021201837217788747,-0.10698693597453683,0.8228411457644917,-0.2808161408555467,0.3410307055961477,-0.8485174242243358,0.7658064034986638,-0.08327044838390311,-0.05439765095146835,-0.20303297705729006,-0.08776151953991183,0.1332224528256986,0.13161077372339738
0.25919089198957185,0.2058228304205475,0.386631552675641,0.2023274648358693,0.17290294803139777,0.23601618801623478,0.171898302470176,0.1968620269683557,0.19994047343664467,0.24696643513016156,0.20100763280372344,0.25708566676453243,0.11724093342351764,0.2414200190626877,0.18767168001385684,0.16296742233096137,0.30861815878868476,0.18219710045860163,0.17865840845952227,0.15481260351507356,0.35628942332127217,0.2058131833427108,0.31373252351275727,0.21215720664951784,0.4651249189214588,0.126260860034832,0.27562298815232517,0.24712735546710668,0.025775975088401158,0.44735044236686017,1.1784235371181218,0.16716589379117938,0.37895909430232133,0.2989896958471585,0.23504965687694812,1.1914231645867097,0.5068130352007464,0.516455800009883,0.34780644346115536,0.11107947075567162,0.44588262396690603,0.4318018036999248,-0.11239367008174353,0.525010182436811,0.1446900428861502,0.46829039529681654,0.4115759737689783,-0.047849971508248594,-0.8182491514884667,0.01589640642958551,-0.11840487060659087,-0.12213440449530803,0.3561582485281067,-0.09688318665272046,-0.10099946289395569,0.08080193535042424,-0.10293252975854904,0.1441021500698133,-0.13720710172141024
0.18753359731395722,0.12665582479804183,0.2955803913034432,0.2249316286058839,0.15859036288439113,0.21625090233120808,0.1498705510894655,0.18620923342664483,0.1545223733017097,0.18610196181172747,0.15829181528386949,0.22974671189439103,0.13974914576831235,0.29639698568313433,0.13574804896820514,0.2458973779207547,0.13878042430120674,0.14774122876860643,0.21793411873957713,0.12379538774298827,0.16917324667402237,0.2139761786647406,-0.015721063182688937,0.20110971756609147,0.20342442917823428,0.33007737782953134,0.14848996928587505,0.23337478191890218,0.1217825466607909,0.09296582746115672,0.16716589379117938,0.5575927582146278,0.09552500994254243,0.21620036619634694,0.10200679414649394,0.30814297486818787,0.015656314168703687,0.2931133269824939,0.05700295155574948,0.03190200209246102,0.16809028754279945,0.149710721928132,0.14059808596195478,0.2824871302038081,-0.026168450074140825,0.16150999993634146,0.16803882343870938,-0.021618662834112866,0.03651188375152115,-0.02133024205523073,0.023682550937504994,0.40094930907210363,-0.4983108001474822,0.03174710273106046,-0.1430796850298958,0.046100539061558914,0.0189193619073151,0.1493918067670052,-0.17915438709745396
0.2537238312891965,0.12259004600137492,0.3404522010626536,0.20706746212089355,0.3746372392970521,0.41946157265937717,0.07260742821169791,0.23529016037104014,0.3218210193579521,0.15945747693579393,0.2383660312808546,0.16961601703540152,0.11880473240245804,0.33023179604314834,0.27758924223089954,0.07280826180445853,0.2974950718535341,0.3975414877975092,0.1941495364185374,0.1382671325204068,0.387513179895096,0.21982438634890292,0.6863848567040215,0.7579634813342078,0.16344720467263357,0.1453505305847668,0.07680444960526407,0.7538970435530467,-0.4543781353834479,0.1982267268189366,0.37895909430232133,0.09552500994254243,2.55416049650846,-0.2327321511021027,-0.2374006582649865,-0.007452901808528373,1.629199656985623,0.43543531610074987,0.1631579688789179,-0.06430606111572114,0.28874440383740024,0.45499449132782527,0.14986937563885794,0.20302669463823594,-0.1946252054861735,0.3669607304874942,0.4916068418702347,-0.07748327729886485,0.7083669702750329,0.6978296046853424,-0.9440381328767045,-0.5199502454325022,1.2286147648910137,-0.32642981064980553,0.004961284312615961,-0.08091458250417642,-0.25316256624568073,0.09255529683402051,0.33979438656921274
-0.10771392326702603,0.029627315606772005,0.48291182330258936,0.30784315112326677,0.2319151541062395,0.2227936160394779,0.2106197585339238,0.2797613387785069,0.15908838126916275,0.3613594530938368,0.2306031925372431,0.24950642651882213,0.186407018186582,0.2137565212940592,0.18284827925654296,0.2611191715638448,0.3111800357643826,0.19076283626187723,0.16214123968444577,0.3194185581816769,0.1808494024345339,0.23267606826425194,0.2539873439794732,0.22305225757923738,0.4158840129204076,0.16541411210116258,0.22787254266033544,0.006370093774194477,0.6132478367142986,0.20597666158228098,0.2989896958471585,0.21620036619634694,-0.2327321511021027,1.343721832860925,0.4269201380561636,0.3042592156150725,0.40126887383622206,0.20989762450486116,0.43747898485145004,-0.08790115500795725,0.10483001005490834,0.2505846941865506,0.3140206094777775,0.4621592807424883,-0.13224271490332962,0.3368832454242266,0.649556078973626,-0.016233442212023712,0.03469075906421447,-0.06313287927288906,-0.21246676319405217,-0.020242713766083636,0.30722993847775176,-0.09603207593620477,-0.13381254206955434,0.028758713631918894,-0.25481380626410466,0.1665554560716351,0.09029269698691735
