0.9097373307272562,0.265408595160946,0.2543081312138364,0.07620987284438041,0.031398383100333785,0.06707411644520415,0.09943915159216614,0.042383131659147616,0.10845732410906231,0.09233556812216562,0.07040799658328926,0.0832766365819762,0.04693880937519402,0.07465200403590984,0.12025774247726864,0.07145231872922547,0.04407254031385829,0.1214274461770675,0.09380821769347808,0.06374025885726382,0.08943961305059585,0.09684457263525219,0.09885216879217287,0.046064065788856044,0.09469936466449191,0.06946224926540524,0.10457058665675874,0.025920392794170157,0.18828986322814678,-0.020865656411218295,0.07040344061110129,0.07325412254900711,0.04823407229249859,0.11443941973825648,0.07013201214717948,0.08835570187289493,0.06776176636854325,0.03895392401905476,0.04435143036317298,0.018065517135054533,0.10160665419310401,0.0786604167101662,0.09569661566689366,0.02895296778735304,0.07849635450037802,0.10748436411097266,0.04728752467447097,-0.019888022550901333,-0.0030940706611086908,-0.008213179453011107,0.0031537274549621264
0.265408595160946,2.9800758434896126,1.2205204092221102,0.2981993212840358,0.21836349002451452,0.1524790953140535,0.769406204795069,0.3477260127234945,0.5859878746131304,0.6411375000271592,0.435907550505653,0.44751723175040037,0.296815976499586,0.3811622385882528,0.6981953661078907,0.34199084320005574,0.4623614782963292,0.6890861768140923,0.45341889237499816,0.49452376436029455,0.5262148500683681,0.41170449139910303,0.1364727042069353,0.33799855337248214,0.3634488120542227,0.613887422698459,0.8062542559511603,0.6446359245391495,0.7076017998765077,-0.013249403831727884,0.44716295222433167,0.3703001030984417,0.542104337797106,0.39556206223731827,0.3920913190517076,0.4587415740028807,0.6668655861584846,0.28508289063392356,0.17122905280114226,0.10139194581229168,0.6115663318881732,0.4876259116531756,0.5733167207130373,0.14598920238159777,0.50006459607877,0.5990350924561417,0.281149894542234,-0.07132307804925937,-0.02931737283938028,0.016425563418604232,-0.04439226102359956
0.2543081312138364,1.2205204092221102,2.732753647710705,0.21109559244542822,-0.35153921231247093,0.6784443312830037,0.35453757323545176,0.6011798409636763,0.8323788268514791,0.6316083644222679,0.48550096801001286,0.4234388340192033,0.314246145924191,0.40246445791841656,0.5498948064387358,0.35118372995437513,0.5616233169634315,0.5551047482359784,0.5868415329966685,0.45329199721419927,0.4599426410558078,0.5600515061843532,0.3827762884387314,0.37899570610395067,0.40063623677843674,0.6516627170598178,0.8317115452478097,0.6678467177372002,0.737705260480405,-0.36106240944698653,0.3889514565529339,0.40194591235224486,0.4459718611705113,0.5619921426913534,0.5098441939703046,0.45053902239115773,0.3977530661551382,0.26513110214028107,0.20225504035913927,-0.044979326529191004,0.55781252867839,0.43798335476469147,0.7118582672120665,0.3152296347003623,0.6396002427463076,0.6319120651116986,0.08613958666174062,-0.09517261356126977,-0.33538439644793683,-0.035066442776186084,-0.03589477875070997
0.07620987284438041,0.2981993212840358,0.21109559244542822,1.3413763913799512,0.781402445832655,0.4346130155099717,0.3907848288587422,0.3985215569347257,0.24736179248386195,0.3257248914217695,0.31519302286149437,0.4081246903139338,0.2343569552000837,0.34524569670579747,0.3640510220552277,0.3539341703372414,0.3469365248083285,0.3868743562250271,0.15817025944890006,0.3609488928105911,0.2578435927276834,0.27700213837588095,0.4042070153580797,0.28247291995851015,0.35068778075085855,0.3350489591731567,0.15972986553428506,0.4047042404519878,0.5015913711452384,0.028456501995265535,0.22606537215110248,0.3243923296138478,0.25842302136267314,0.3708813478640626,-0.035945506899443376,0.34387460646194695,0.23384052215501494,0.209573213442084,0.2622909774143004,0.12127320122165197,0.22787157772465283,0.2491158132210486,0.15131938454622423,0.09270691837307668,0.08886694094187901,0.32153531965214727,0.2146027875179066,-0.05479607303608443,0.08718532642491959,-0.0027526582339393374,-0.056804830861979294
0.031398383100333785,0.21836349002451452,-0.35153921231247093,0.781402445832655,1.9233618407413222,0.26034717389564915,0.5612295908998916,0.37473370909385095,0.17886016522710638,0.4001475414688083,0.3461427969909105,0.46762526493730716,0.2862657773799331,0.4085458480014847,0.4291020218949597,0.45437359855742865,0.3554796727871881,0.442350909547697,0.18208115849947376,0.3944933457280097,0.2810220918078808,0.2903396557993268,0.5376195540564511,0.3215752197883802,0.3889031341210996,0.34106037715156606,0.003440297822509467,0.3487180721795608,0.5579186127801201,0.07920719802400177,0.234970474055319,0.39630080766987885,0.2615734106079618,0.43736302006591776,-0.06608117278579724,0.3125761081651695,0.2751349228063864,0.23107012019622925,0.2952865653794923,0.19788390978029854,0.26589921037442293,0.2764721325134923,0.010835563625636884,0.0355031550614799,-0.12006100720805732,0.3292217138521039,0.25973972301776177,-0.039495187714746395,0.5636977641753055,-0.026677271688783376,-0.019781888491722407
0.06707411644520415,0.1524790953140535,0.6784443312830037,0.4346130155099717,0.26034717389564915,1.548307310654922,-0.22104853268964883,0.7354511664607303,0.5710252673559787,0.08331854822284226,0.47269001738261524,0.37303307320732193,0.2968835661356801,0.40052608528875566,0.4930280202062594,0.34717392681969866,0.4942607770470715,0.33936306657348025,0.31070905104297125,0.5565491056632766,0.3778242120728929,0.43096458465779686,0.2322241794532936,0.27764743649982404,0.39818682741689754,0.5561539766942075,0.37438030039454834,0.6474948189505119,0.6069198981062691,-0.03934902806071951,0.26206389643427214,0.41115608055025893,-0.01905525735616936,0.5317186831776192,0.4397746307687852,0.21397134342650165,0.23054627499838573,0.29595439140892726,0.34175728890789925,0.20772094175046907,0.24268766615937493,0.35189298567089894,0.4308520874371426,0.23483560839036186,0.3758364363824686,0.278830733960897,0.1803850947223629,-0.013609984073766224,0.45271125125968614,0.047294585111943,0.004470414216996539
0.09943915159216614,0.769406204795069,0.35453757323545176,0.3907848288587422,0.5612295908998916,-0.22104853268964883,1.4757639236045712,0.07668913420222546,0.3943175899659182,0.5707896860867634,0.38420102607409967,0.5399163858721623,0.26425681871326817,0.39765343965273114,0.2394627429343737,0.41971427629809077,0.36721827674254964,0.4857236182536038,0.3081389919147025,0.3939729901556355,0.36831144015033324,0.4289501970781176,0.6725625316109934,0.4362355165342352,0.4014110322776511,0.433392869334163,0.38507513330422266,0.3253349913818104,0.5610704125156275,0.09032105217928968,0.30031428820381006,0.39842699942974813,0.5382873934132801,0.39406246234282394,0.25624519089214026,0.3216442937160187,0.4108260431286493,0.22246350540897414,0.2193575989607532,0.16196397845269642,0.4483373692561727,0.3626137809340106,0.41576549001868157,0.10012870197792209,0.20038350164981705,0.4387831367107406,0.23289011429737444,-0.03762570526461998,0.41157048273789243,-0.049195130295903305,-0.013896350666306822
0.042383131659147616,0.3477260127234945,0.6011798409636763,0.3985215569347257,0.37473370909385095,0.7354511664607303,0.07668913420222546,1.138082299708975,0.294237500905878,0.3616493947433224,0.40543587492435623,0.2544157436036838,0.2796542917231409,0.3324014284800168,0.42416250738644573,0.32868458320774513,0.49802240130128095,0.4276686949819893,0.2801896739047622,0.45486993121987374,0.33065943376373985,0.317996053428654,0.328322568357357,0.26378099262665794,0.4082695512591613,0.46837743600801635,0.38814814259024144,0.6265246232251466,0.4674696309601858,0.025432852633473564,0.27285523242006493,0.32360220252695326,0.16766728603162775,0.4180059821538569,0.4615394353613446,0.18864486673608363,0.32130668932876544,0.23554245058140524,0.4317445403243162,0.22456680101230195,0.3369833740586515,0.32233333959816446,0.40886957967645327,0.214620717556164,0.3540456476994442,0.31477806285328797,0.2002152254978603,-0.0023413968030145307,0.489080918937633,0.07957608656422795,-0.020459259504216586
0.10845732410906231,0.5859878746131304,0.8323788268514791,0.24736179248386195,0.17886016522710638,0.5710252673559787,0.3943175899659182,0.294237500905878,1.1254459730325823,0.25846419832940554,0.34173503822950707,0.3096256288209858,0.29095424082626825,0.45883615914541376,0.21695000440496975,0.3596716260840282,0.4518318620100419,0.43263666691464053,0.47740822202965405,0.4362909256113448,0.40997515374779936,0.6486019977526786,0.5061830129061932,0.3935468907906554,0.28332687415487734,0.6452666634287094,0.5352090541255519,0.5413740514738189,0.5443906116734276,-0.05001919969269762,0.29815775640114234,0.441032793525684,0.4105026996366557,0.4305967119191879,0.3535139140292304,0.3085374997009647,0.3108586704682364,0.2405916555011402,0.1572001323813343,0.13886275167564974,0.4193969089146512,0.3898441981023705,0.6108619344159014,0.1731600191744689,0.4051755417729319,0.41555813565127103,0.1922047241966545,-0.034068391599487186,0.0516684176174753,0.019191659802767255,-0.009751734617417787
0.09233556812216562,0.6411375000271592,0.6316083644222679,0.3257248914217695,0.4001475414688083,0.08331854822284226,0.5707896860867634,0.3616493947433224,0.25846419832940554,1.3030078105140235,0.22327210497332522,0.3579525387968104,0.20958877358270095,0.3007602568934162,0.5045575958859506,0.3751552548095881,0.509650563708804,0.5368536187474505,0.34745691607132356,0.28908509076868893,0.2734898756872297,0.33314209872506156,0.5649277370224857,0.3444733698217424,0.40457272987758935,0.3368352371252949,0.4663828396684221,0.5424763489042187,0.5164700050245976,0.10435098522389633,0.30683628967609217,0.2969242674874916,0.36879396544666243,0.39668567266640137,0.2786977053129038,0.3515170088295987,0.38048856911334206,0.16800119047268963,0.24135969942397068,0.101032373724433,0.48635639758206145,0.29176363428409724,0.3490052260583641,0.14149633663086186,0.16220621860108989,0.43592874844129165,0.25637569770113855,-0.05180937745235112,0.3310027110149722,0.02550203820474708,-0.013753503160916499
0.07040799658328926,0.435907550505653,0.48550096801001286,0.31519302286149437,0.3461427969909105,0.47269001738261524,0.38420102607409967,0.40543587492435623,0.34173503822950707,0.22327210497332522,0.7667713243025103,0.4518337435757346,0.26606709157981345,0.32188142578619316,0.39514152465927327,0.3366016808551232,0.4421469884231103,0.3679723381633845,0.28396889326220853,0.5207701160638083,0.3687493115993383,0.32599375416713894,0.34043264611119833,0.3015344085471795,0.32301584835996383,0.4660901812966434,0.36701561453929765,0.48134595378213363,0.5057558386218445,-0.002924826284970504,0.29378622218296496,0.3353235575109306,0.24891720771129333,0.39676688908306923,0.45041846780868144,0.21527906019556345,0.3348232088623354,0.26868621797995035,0.30105912950183245,0.21292084611335252,0.34215373403239296,0.35815268605741885,0.40673007549588375,0.16237863614828152,0.3573875016007124,0.34249390737552554,0.18683445955968075,-0.011862919516289575,0.27961428849283554,-0.0012755513730199643,0.0015652422892595962
0.0832766365819762,0.44751723175040037,0.4234388340192033,0.4081246903139338,0.46762526493730716,0.37303307320732193,0.5399163858721623,0.2544157436036838,0.3096256288209858,0.3579525387968104,0.4518337435757346,0.8008997279709944,0.25901608143356986,0.3828305070788471,0.36283007527947414,0.386936280915906,0.41056304446332925,0.307571343124236,0.2955724866891806,0.43203734778596764,0.312554847592011,0.3220768062504926,0.3684630072424408,0.3261873561034477,0.3905045530898153,0.4180922477285369,0.32715294599568107,0.3631739696482598,0.5312300157621603,0.029994260425524565,0.26463318607678155,0.3925876927320767,0.28694999945823035,0.4176871457426448,0.37896453136959984,0.23984458706418507,0.2816549279114386,0.24111832835784622,0.277037701806375,0.17871990261484239,0.3213824787759096,0.31628383464818505,0.32119131247659494,0.1346275314219166,0.2163722070981251,0.3363318957341424,0.13859618896059622,-0.022260950543728023,0.6084709507907207,-0.079516261798195,0.005773359431693064
0.04693880937519402,0.296815976499586,0.314246145924191,0.2343569552000837,0.2862657773799331,0.2968835661356801,0.26425681871326817,0.2796542917231409,0.29095424082626825,0.20958877358270095,0.26606709157981345,0.25901608143356986,0.46556456563494525,0.3218817238596083,0.13778452116749637,0.30075238954657973,0.2840169590798003,0.23769255435977338,0.24913617914555536,0.2470828924072828,0.22726355476384164,0.31922398662000445,0.24992737915051372,0.25331225265505164,0.22958011927316763,0.28832623756619524,0.2578665308269955,0.3096797286129318,0.38026251417239576,0.024290985225833343,0.18785901749247735,0.3054828953356567,0.22937046107567946,0.31051217258577596,0.27785081180044946,0.155679982728776,0.19255393776342872,0.13669941486061243,0.20414202843300808,0.1238994533171596,0.25575137095369815,0.22795073517202613,0.3115580491821107,0.12802568179336488,0.17224371211790268,0.2455007897292367,0.11971298990588676,-0.010053752890828455,0.33549864413866404,-0.0013319145975659627,-0.005026196371135303
0.07465200403590984,0.3811622385882528,0.40246445791841656,0.34524569670579747,0.4085458480014847,0.40052608528875566,0.39765343965273114,0.3324014284800168,0.45883615914541376,0.3007602568934162,0.32188142578619316,0.3828305070788471,0.3218817238596083,0.9216128653653599,0.2798692128937921,0.5357731890758174,0.3940971725632829,0.30687405850822447,0.3516086363124704,0.4863188179322823,0.39103849563477094,0.4690424754472297,0.38550578535775415,0.4110612091091257,0.3451920317808792,0.5798672009755137,0.30658401429127224,0.3834446857491282,0.6282978975049366,0.05058510989859739,0.2654280134882789,0.717714142015393,0.24609074514281515,0.5604133618055921,0.38582517333767274,0.2230506511495691,0.215839866504924,0.2873978581304564,0.10354908926734045,0.17830124257368382,0.4727516583609003,0.38520913344314084,0.5270710370117644,0.11469999212201161,0.24418244885273677,0.37934973046026466,0.1213484419780187,-0.02172047779500753,0.7097348153034003,0.04454548137498926,-0.014972725598607404
0.12025774247726864,0.6981953661078907,0.5498948064387358,0.3640510220552277,0.4291020218949597,0.4930280202062594,0.2394627429343737,0.42416250738644573,0.21695000440496975,0.5045575958859506,0.39514152465927327,0.36283007527947414,0.13778452116749637,0.2798692128937921,1.2750398263130474,0.2712049499770684,0.43544255738813586,0.5247481040037268,0.28176742911332336,0.5127072135892063,0.37701582986330695,0.1965598711847859,0.5510392354057362,0.36715053207086007,0.4819497845552891,0.3612951230818289,0.3408081379188042,0.575333824147791,0.5867763158247813,0.32253382147561954,0.32238248598763813,0.2746522921950648,0.2521310773573787,0.4490511877161973,0.3197380119795161,0.39360369346761315,0.4414623957364656,0.2615163266725757,0.3088925892881425,0.17010080855950435,0.47760436472075346,0.36539423671940163,0.3053342619310991,0.14704049867921246,0.23430044601190364,0.47208660568768934,0.3812006376472309,-0.06743126188243273,0.3698480505330393,0.06872352319547995,-0.013957110182903652
0.07145231872922547,0.34199084320005574,0.35118372995437513,0.3539341703372414,0.45437359855742865,0.34717392681969866,0.41971427629809077,0.32868458320774513,0.3596716260840282,0.3751552548095881,0.3366016808551232,0.386936280915906,0.30075238954657973,0.5357731890758174,0.2712049499770684,0.8358023986604969,0.4453920920352182,0.356029917173534,0.4382047345407081,0.36699006805973505,0.35912949540630135,0.5070682508826279,0.4287054151104084,0.3427428331850709,0.37607094029544635,0.38564152739050994,0.3168074096655031,0.49088291635202697,0.5724793435970202,0.07022447619089485,0.2528111841687919,0.4866657488348547,0.24816181584016833,0.46285438082822444,0.4871733175315575,0.1926362213546138,0.2772757287286492,0.21328540727148423,0.23784367163439782,0.2156509859729884,0.4487288133126582,0.36621376686985296,0.46141112459100414,0.15065157476729477,0.27604116658354944,0.3301845407188143,0.18575751277731406,-0.007516719419163063,0.5706088196506861,0.00963390406209547,0.007348909118172571
0.04407254031385829,0.4623614782963292,0.5616233169634315,0.3469365248083285,0.3554796727871881,0.4942607770470715,0.36721827674254964,0.49802240130128095,0.4518318620100419,0.509650563708804,0.4421469884231103,0.41056304446332925,0.2840169590798003,0.3940971725632829,0.43544255738813586,0.4453920920352182,1.1766713181260826,0.4166834511493422,0.3434496856890734,0.7200317958656693,0.3946174293060826,0.46214365518468503,0.4054050019041513,0.33607088160942683,0.52386116275413,0.4886931774271518,0.3831215434235681,1.309921020024826,0.5807260081615887,-0.04289281924442579,0.32646736251618313,0.36697694343953596,0.4898252077596613,0.34213158778592884,0.4415890648555467,0.09947937029784512,0.6227274580576491,0.3705507317789777,0.2899171141702144,0.2122444547655724,0.4835606676065784,0.42277906638742235,0.5318350115928202,0.17178548647016414,0.4302164318600628,0.4064723010174315,0.1811003631928098,0.023142151245337965,0.635510899170248,0.03381914050785976,-0.005932463086726082
0.1214274461770675,0.6890861768140923,0.5551047482359784,0.3868743562250271,0.442350909547697,0.33936306657348025,0.4857236182536038,0.4276686949819893,0.43263666691464053,0.5368536187474505,0.3679723381633845,0.307571343124236,0.23769255435977338,0.30687405850822447,0.5247481040037268,0.356029917173534,0.4166834511493422,1.1376334811140199,0.36770639272915334,0.24856036207183047,0.4304393459887683,0.4252943692858891,0.7237302610127748,0.3198250507221659,0.40538176699313866,0.5699632585966898,0.22849617834562658,0.6342653860194577,0.5865289192167936,0.048908670101044334,0.4047143332637744,0.2982458874389689,0.29986708163958464,0.4996864966635965,0.3501357277365213,0.34798550199058687,0.4902362514283823,0.15850887538546674,0.18147532967902738,0.1868491648423037,0.6094185122426744,0.3931459361604725,0.5435077701768836,0.08257471882573061,0.3568536164835056,0.47041684078236956,0.5386821941438179,-0.05044886346608391,0.008708111559215819,0.0744862316596444,-0.014784309827977427
0.09380821769347808,0.45341889237499816,0.5868415329966685,0.15817025944890006,0.18208115849947376,0.31070905104297125,0.3081389919147025,0.2801896739047622,0.47740822202965405,0.34745691607132356,0.28396889326220853,0.2955724866891806,0.24913617914555536,0.3516086363124704,0.28176742911332336,0.4382047345407081,0.3434496856890734,0.36770639272915334,1.7059421981374867,0.36430799297545574,0.3644863049232502,0.4952997643035789,0.25427635228575085,0.3194743136138595,0.3398352543765431,0.286164685395989,0.2330395635907998,0.4926830437478264,0.4254573448464408,0.5239868902105798,0.3525932670020976,0.32483983839591557,0.2837217328550304,0.39000066936926053,0.313007936049015,0.48993856959165066,0.34441362480551163,0.22216101195383856,0.2604498463956113,0.10838464852125744,0.6050527798998984,0.3275994088450395,0.3394277222215725,0.12015404428206564,0.26623084639690986,0.4374830791204154,0.4267279045893487,-0.08766073722974843,0.23657849220883173,-0.028719862423660848,0.02757164887114089
0.06374025885726382,0.49452376436029455,0.45329199721419927,0.3609488928105911,0.3944933457280097,0.5565491056632766,0.3939729901556355,0.45486993121987374,0.4362909256113448,0.28908509076868893,0.5207701160638083,0.43203734778596764,0.2470828924072828,0.4863188179322823,0.5127072135892063,0.36699006805973505,0.7200317958656693,0.24856036207183047,0.36430799297545574,1.5875005609005648,0.41032651137162385,0.40876796110847186,0.5528466872421197,0.4666733917851135,0.5185491989822973,0.5104723959311825,0.4021713526938894,1.0176755728915907,0.7775323837565915,0.25318422865813495,0.283225048277613,0.460245820321632,0.4123076078217323,0.3754220387325078,0.49981079409416534,0.015089765934086345,0.7091580456021348,0.7232765527631774,0.32422630000050134,0.3519626430223832,0.39570833893692214,0.4599152410426221,0.8666022727428362,0.1965753212958962,0.6386645349409333,0.4712674285591873,0.18688768329653643,0.012040506708937268,1.0481358643908136,0.05499530602938588,-0.020846019534949748
0.08943961305059585,0.5262148500683681,0.4599426410558078,0.2578435927276834,0.2810220918078808,0.3778242120728929,0.36831144015033324,0.33065943376373985,0.40997515374779936,0.2734898756872297,0.3687493115993383,0.312554847592011,0.22726355476384164,0.39103849563477094,0.37701582986330695,0.35912949540630135,0.3946174293060826,0.4304393459887683,0.3644863049232502,0.41032651137162385,0.7573589904704571,0.3791183045683504,0.3944067942274506,0.33054208191638407,0.35204926523544267,0.502635874391165,0.38355462097782467,0.3988597197372862,0.47430320864647985,0.13048909433308534,0.34491076696393247,0.3814509288219347,0.289680328115569,0.5347882443407115,0.6259811660140285,0.2473092720030515,0.4977837422402268,0.2553512835445842,0.17908480971437535,0.2590995797780078,0.5644029503774199,0.6082331455333124,0.5271207264361055,0.1357214464087122,0.48345086317199876,0.39576814058375437,0.2900230168251013,0.00811778691425535,0.4089558942681179,0.031686967728414416,-0.0026754314879958115
0.09684457263525219,0.41170449139910303,0.5600515061843532,0.27700213837588095,0.2903396557993268,0.43096458465779686,0.4289501970781176,0.317996053428654,0.6486019977526786,0.33314209872506156,0.32599375416713894,0.3220768062504926,0.31922398662000445,0.4690424754472297,0.1965598711847859,0.5070682508826279,0.46214365518468503,0.4252943692858891,0.4952997643035789,0.40876796110847186,0.3791183045683504,1.0495540829989547,0.5887308038997161,0.3608275493907602,0.3590812130449794,0.4626070894202384,0.40732549674634316,0.42768949779360843,0.5985990061539557,-0.03726282241704252,0.2419194198028814,0.46164465201619714,0.3142285069716772,0.4645216264312486,0.49195645383087305,0.12540151063289312,0.30454466150103543,0.22507144704979237,0.19057158568694255,0.19981416231317542,0.42003837887485057,0.37404783978816614,0.7151436983599302,0.15717012701816407,0.3812550999851923,0.3533680807633509,0.18115012193354973,0.001756123347309839,0.4090178856136017,0.006766567256296991,0.00408906674699285
0.09885216879217287,0.1364727042069353,0.3827762884387314,0.4042070153580797,0.5376195540564511,0.2322241794532936,0.6725625316109934,0.328322568357357,0.5061830129061932,0.5649277370224857,0.34043264611119833,0.3684630072424408,0.24992737915051372,0.38550578535775415,0.5510392354057362,0.4287054151104084,0.4054050019041513,0.7237302610127748,0.25427635228575085,0.5528466872421197,0.3944067942274506,0.5887308038997161,2.304985992469239,0.7498803098187117,0.7152045664366194,0.24941709583968008,0.3370708374022342,0.42493394805461226,1.007198673576891,0.32731781315676683,0.2061903131798736,0.38133176884941816,0.644944545752776,0.6469410932616878,0.4342221599284403,0.3117418503691146,0.4688482564357287,0.24319859812515066,0.43374776355017264,0.27962805225858345,0.4997106114754787,0.40750319910695704,0.6467247026091496,0.22811492257853713,0.17458013156336935,0.6272360392807161,0.47466834459202584,-0.05695219982994088,0.6407040587331512,0.037410414127871376,-0.0315293088994448
0.046064065788856044,0.33799855337248214,0.37899570610395067,0.28247291995851015,0.3215752197883802,0.27764743649982404,0.4362355165342352,0.26378099262665794,0.3935468907906554,0.3444733698217424,0.3015344085471795,0.3261873561034477,0.25331225265505164,0.4110612091091257,0.36715053207086007,0.3427428331850709,0.33607088160942683,0.3198250507221659,0.3194743136138595,0.4666733917851135,0.33054208191638407,0.3608275493907602,0.7498803098187117,1.1382483786507491,0.427327574588886,0.24938354114491484,0.41411071449456344,0.362293120518438,0.6940238484311952,0.6595687074993498,0.402620947621594,0.42516071304356157,0.8281948111724924,0.5095528740681559,0.31643735169119,0.584128474666809,0.5005595642792416,0.2653292199840421,0.4117819064105997,0.15015599855497913,0.41370702122219616,0.3621858940545035,0.362733981127855,0.1902585485879821,0.26303157024958085,0.4764973132950847,0.4689007788313576,-0.07616231526975907,0.5563433728643461,-0.019434293368724986,-0.01995276423512304
0.09469936466449191,0.3634488120542227,0.40063623677843674,0.35068778075085855,0.3889031341210996,0.39818682741689754,0.4014110322776511,0.4082695512591613,0.28332687415487734,0.40457272987758935,0.32301584835996383,0.3905045530898153,0.22958011927316763,0.3451920317808792,0.4819497845552891,0.37607094029544635,0.52386116275413,0.40538176699313866,0.3398352543765431,0.5185491989822973,0.35204926523544267,0.3590812130449794,0.7152045664366194,0.427327574588886,1.1870080887228838,0.2182324459814599,0.21405710173124362,0.5431715416052871,0.8093369013407591,0.3391050838137969,0.2477937938911818,0.3247963940545586,0.3793055921699151,0.5403675139755084,0.4514962787116644,0.2313717324010794,0.5172796966404312,0.284178561885641,0.4788438028123862,0.23568093013756014,0.4019126476712825,0.3569789123070099,0.3674244339815662,0.1728310863118222,0.3230260862089148,0.4755503926608922,0.34055227221870316,-0.04190991433681756,0.6983935946871656,-0.04231352923767519,-0.024158828664073595
0.06946224926540524,0.613887422698459,0.6516627170598178,0.3350489591731567,0.34106037715156606,0.5561539766942075,0.433392869334163,0.46837743600801635,0.6452666634287094,0.3368352371252949,0.4660901812966434,0.4180922477285369,0.28832623756619524,0.5798672009755137,0.3612951230818289,0.38564152739050994,0.4886931774271518,0.5699632585966898,0.286164685395989,0.5104723959311825,0.502635874391165,0.4626070894202384,0.24941709583968008,0.24938354114491484,0.2182324459814599,2.0884344410523763,0.6078778620910839,0.46767855455681795,-0.028569016871861707,-0.23291732313050242,0.29129527809095235,0.5786411788877976,0.19863202880238515,0.3560425264399135,0.5126469182932273,0.18287944366004935,0.11406280508027074,0.2562000102169297,-0.7846349701879296,0.04662484215872738,0.6643834448422541,0.502626186045862,0.8986640204500881,0.028068738996975488,0.28036827240852097,0.4066417133708016,0.029876652188716973,-0.008329870850609601,0.010915321046756027,0.0574032185474557,0.022471660045796708
0.10457058665675874,0.8062542559511603,0.8317115452478097,0.15972986553428506,0.003440297822509467,0.37438030039454834,0.38507513330422266,0.38814814259024144,0.5352090541255519,0.4663828396684221,0.36701561453929765,0.32715294599568107,0.2578665308269955,0.30658401429127224,0.3408081379188042,0.3168074096655031,0.3831215434235681,0.22849617834562658,0.2330395635907998,0.4021713526938894,0.38355462097782467,0.40732549674634316,0.3370708374022342,0.41411071449456344,0.21405710173124362,0.6078778620910839,2.901862850962164,-0.048264892794245375,0.24240051015492975,-0.24100562029242842,0.35136688385760323,0.3489125630889272,0.6881747077121702,0.14332304050993652,0.6982395523467099,0.5854705752697766,0.24090866101705952,0.13672205313236824,0.01196994353811745,0.09455362064649424,0.4194038612045791,0.4374542181768623,1.4343261586980285,0.42293390941446707,0.7495241623464496,0.4442483677034572,-0.11080324394404,-0.01781549867289242,-0.36343296018700705,0.0722401752426126,0.021610567275054938
0.025920392794170157,0.6446359245391495,0.6678467177372002,0.4047042404519878,0.3487180721795608,0.6474948189505119,0.3253349913818104,0.6265246232251466,0.5413740514738189,0.5424763489042187,0.48134595378213363,0.3631739696482598,0.3096797286129318,0.3834446857491282,0.575333824147791,0.49088291635202697,1.309921020024826,0.6342653860194577,0.4926830437478264,1.0176755728915907,0.3988597197372862,0.42768949779360843,0.42493394805461226,0.362293120518438,0.5431715416052871,0.46767855455681795,-0.048264892794245375,6.319205865607468,-0.03966413970379125,0.13027951702203064,0.44468479914722975,0.326569233759084,0.9925731315927967,-0.21968790477574088,0.09033308766705164,-0.09778203366181878,1.3816101916545669,0.4960897206540671,0.3234447328884212,0.07672452136783124,0.988808399638828,0.4249937864536141,0.15299332106279842,0.18680179708936465,0.1291823875414382,0.3645585996920865,0.30450127999652604,0.14704049555995682,1.2001374030702223,0.3195382399275109,-0.03611093671704813
0.18828986322814678,0.7076017998765077,0.737705260480405,0.5015913711452384,0.5579186127801201,0.6069198981062691,0.5610704125156275,0.4674696309601858,0.5443906116734276,0.5164700050245976,0.5057558386218445,0.5312300157621603,0.38026251417239576,0.6282978975049366,0.5867763158247813,0.5724793435970202,0.5807260081615887,0.5865289192167936,0.4254573448464408,0.7775323837565915,0.47430320864647985,0.5985990061539557,1.007198673576891,0.6940238484311952,0.8093369013407591,-0.028569016871861707,0.24240051015492975,-0.03966413970379125,4.022499195829615,-0.2406229843196635,0.27862649545010293,0.6597155791232054,0.33689693338947685,1.2830951204344547,0.4469348825837561,0.8135240627481711,-0.2425714729957907,0.3595412544187734,0.7631080735164599,0.4026299081873038,0.6118781181532001,0.4410181911641073,0.2791389268374764,0.030848828066572936,0.4137280987282976,0.8742055856788966,0.13180217319635673,-0.2576441015187732,0.8952695150885441,-0.09570772273495179,-0.026444537944443364
-0.020865656411218295,-0.013249403831727884,-0.36106240944698653,0.028456501995265535,0.07920719802400177,-0.03934902806071951,0.09032105217928968,0.025432852633473564,-0.05001919969269762,0.10435098522389633,-0.002924826284970504,0.029994260425524565,0.024290985225833343,0.05058510989859739,0.32253382147561954,0.07022447619089485,-0.04289281924442579,0.048908670101044334,0.5239868902105798,0.25318422865813495,0.13048909433308534,-0.03726282241704252,0.32731781315676683,0.6595687074993498,0.3391050838137969,-0.23291732313050242,-0.24100562029242842,0.13027951702203064,-0.2406229843196635,3.9335802278066443,0.47720744334104265,0.0028715776974171203,0.3594568886039357,-0.1517301448022186,-0.023940387834194655,1.3564699816703687,0.7770198436680565,0.2072571099497489,0.8515440204230657,0.0872508808485394,0.7282174860813077,0.15713855687733452,-0.28336002454782505,0.20585859561767117,-0.05082255599538048,0.3706867834631901,1.717600828410966,-0.2943589300536651,0.6668408500275781,-0.05867497870520497,0.0049520487733806335
0.07040344061110129,0.44716295222433167,0.3889514565529339,0.22606537215110248,0.234970474055319,0.26206389643427214,0.30031428820381006,0.27285523242006493,0.29815775640114234,0.30683628967609217,0.29378622218296496,0.26463318607678155,0.18785901749247735,0.2654280134882789,0.32238248598763813,0.2528111841687919,0.32646736251618313,0.4047143332637744,0.3525932670020976,0.283225048277613,0.34491076696393247,0.2419194198028814,0.2061903131798736,0.402620947621594,0.2477937938911818,0.29129527809095235,0.35136688385760323,0.44468479914722975,0.27862649545010293,0.47720744334104265,1.03307874341448,0.2574262998599371,0.40455388879789866,0.45461258238940166,0.20501441305662751,0.835073942049295,0.5593058206838378,0.2462386900843852,0.3736861437706686,0.10806723628810568,0.5932737836457492,0.35067446971069954,0.1454646588536123,0.17181476326411646,0.2639731348104753,0.4706442560883609,0.4413102885833364,-0.10858331070485643,0.10345187978424443,0.01833432846137496,-0.0012564491131234125
0.07325412254900711,0.3703001030984417,0.40194591235224486,0.3243923296138478,0.39630080766987885,0.41115608055025893,0.39842699942974813,0.32360220252695326,0.441032793525684,0.2969242674874916,0.3353235575109306,0.3925876927320767,0.3054828953356567,0.717714142015393,0.2746522921950648,0.4866657488348547,0.36697694343953596,0.2982458874389689,0.32483983839591557,0.460245820321632,0.3814509288219347,0.46164465201619714,0.38133176884941816,0.42516071304356157,0.3247963940545586,0.5786411788877976,0.3489125630889272,0.326569233759084,0.6597155791232054,0.0028715776974171203,0.2574262998599371,0.8422293109901865,0.22412359619087036,0.6270058597583169,0.36015713476393624,0.22936940016006296,0.1425569915407657,0.2799975434006086,0.10317201495578991,0.16818664782706702,0.4546565522357421,0.3730582963477164,0.48587602748472686,0.1069322936515177,0.21155487038592702,0.37121202879850707,0.09358752756973354,-0.02433493675992388,0.7399600566262029,0.027994979827285705,0.004122920409490893
0.04823407229249859,0.542104337797106,0.4459718611705113,0.25842302136267314,0.2615734106079618,-0.01905525735616936,0.5382873934132801,0.16766728603162775,0.4105026996366557,0.36879396544666243,0.24891720771129333,0.28694999945823035,0.22937046107567946,0.24609074514281515,0.2521310773573787,0.24816181584016833,0.4898252077596613,0.29986708163958464,0.2837217328550304,0.4123076078217323,0.289680328115569,0.3142285069716772,0.644944545752776,0.8281948111724924,0.3793055921699151,0.19863202880238515,0.6881747077121702,0.9925731315927967,0.33689693338947685,0.3594568886039357,0.40455388879789866,0.22412359619087036,2.3605542640746284,-0.33704649364168626,-0.11482296237257789,0.2996823140987514,0.8526090225783329,0.2257215071219388,0.22616620542924218,0.01207542286284837,0.014780302432347334,0.3406440823954254,0.3421945555926939,0.13379165419599562,0.22646427070670852,0.4322414821359175,0.38763713175272496,0.020889216929064734,0.46862200346597555,-0.03973741588003988,-0.06060196529375057
0.11443941973825648,0.39556206223731827,0.5619921426913534,0.3708813478640626,0.43736302006591776,0.5317186831776192,0.39406246234282394,0.4180059821538569,0.4305967119191879,0.39668567266640137,0.39676688908306923,0.4176871457426448,0.31051217258577596,0.5604133618055921,0.4490511877161973,0.46285438082822444,0.34213158778592884,0.4996864966635965,0.39000066936926053,0.3754220387325078,0.5347882443407115,0.4645216264312486,0.6469410932616878,0.5095528740681559,0.5403675139755084,0.3560425264399135,0.14332304050993652,-0.21968790477574088,1.2830951204344547,-0.1517301448022186,0.45461258238940166,0.6270058597583169,-0.33704649364168626,3.2627052347757752,0.5994673721577533,0.32470220682727086,0.5545339709317499,0.2287122158838705,0.5500834730834128,0.14240732408609247,0.9293460277450843,0.5125606364223271,0.45123644554048875,0.21232597424392863,0.42687063009062787,0.4752257704326614,0.3625919477986461,0.03283376770144182,1.4078198253418552,-0.0727143707214342,-0.01027633988409425
0.07013201214717948,0.3920913190517076,0.5098441939703046,-0.035945506899443376,-0.06608117278579724,0.4397746307687852,0.25624519089214026,0.4615394353613446,0.3535139140292304,0.2786977053129038,0.45041846780868144,0.37896453136959984,0.27785081180044946,0.38582517333767274,0.3197380119795161,0.4871733175315575,0.4415890648555467,0.3501357277365213,0.313007936049015,0.49981079409416534,0.6259811660140285,0.49195645383087305,0.4342221599284403,0.31643735169119,0.4514962787116644,0.5126469182932273,0.6982395523467099,0.09033308766705164,0.4469348825837561,-0.023940387834194655,0.20501441305662751,0.36015713476393624,-0.11482296237257789,0.5994673721577533,3.3025785040732867,-0.8573296343793934,0.26595580298549926,0.20811025743569153,0.39797414438622797,0.8043140339712085,0.5969296287357405,0.6414340735140845,1.4631076420432172,0.38816133980272655,1.3460067661077333,0.16804923166343927,0.061634442413809214,0.24910237790692402,1.4051947238957792,-0.033456641765975084,0.04129486363622452
0.08835570187289493,0.4587415740028807,0.45053902239115773,0.34387460646194695,0.3125761081651695,0.21397134342650165,0.3216442937160187,0.18864486673608363,0.3085374997009647,0.3515170088295987,0.21527906019556345,0.23984458706418507,0.155679982728776,0.2230506511495691,0.39360369346761315,0.1926362213546138,0.09947937029784512,0.34798550199058687,0.48993856959165066,0.015089765934086345,0.2473092720030515,0.12540151063289312,0.3117418503691146,0.584128474666809,0.2313717324010794,0.18287944366004935,0.5854705752697766,-0.09778203366181878,0.8135240627481711,1.3564699816703687,0.835073942049295,0.22936940016006296,0.2996823140987514,0.32470220682727086,-0.8573296343793934,3.7043186908685746,-0.41131704520745704,0.08415894888165165,0.47038956325203285,-0.07569698828765074,0.797876601729949,0.27311176334186094,-0.8805906109823001,0.08558948839907289,-0.46442011322297316,0.9280943178401471,0.8176056489767368,-0.7060264103859363,-2.3253488898140025,-0.08566950282393544,-0.019434200517530795
0.06776176636854325,0.6668655861584846,0.3977530661551382,0.23384052215501494,0.2751349228063864,0.23054627499838573,0.4108260431286493,0.32130668932876544,0.3108586704682364,0.38048856911334206,0.3348232088623354,0.2816549279114386,0.19255393776342872,0.215839866504924,0.4414623957364656,0.2772757287286492,0.6227274580576491,0.4902362514283823,0.34441362480551163,0.7091580456021348,0.4977837422402268,0.30454466150103543,0.4688482564357287,0.5005595642792416,0.5172796966404312,0.11406280508027074,0.24090866101705952,1.3816101916545669,-0.2425714729957907,0.7770198436680565,0.5593058206838378,0.1425569915407657,0.8526090225783329,0.5545339709317499,0.26595580298549926,-0.41131704520745704,3.3819473478327096,0.49702603246620775,0.48709890861105815,0.02893903001711165,0.684952070426396,0.5735007059902604,0.4058318050208839,0.2166244432693706,0.6751604685781761,0.6317985878637276,0.891539879182493,0.20303182923408064,1.324344918948607,0.06303169056612618,0.0021608960416575856
0.03895392401905476,0.28508289063392356,0.26513110214028107,0.209573213442084,0.23107012019622925,0.29595439140892726,0.22246350540897414,0.23554245058140524,0.2405916555011402,0.16800119047268963,0.26868621797995035,0.24111832835784622,0.13669941486061243,0.2873978581304564,0.2615163266725757,0.21328540727148423,0.3705507317789777,0.15850887538546674,0.22216101195383856,0.7232765527631774,0.2553512835445842,0.22507144704979237,0.24319859812515066,0.2653292199840421,0.284178561885641,0.2562000102169297,0.13672205313236824,0.4960897206540671,0.3595412544187734,0.2072571099497489,0.2462386900843852,0.2799975434006086,0.2257215071219388,0.2287122158838705,0.20811025743569153,0.08415894888165165,0.49702603246620775,0.6895442929270843,0.21593671714703527,0.1810863390886847,0.1933344555705789,0.2748868098255833,0.31779378376019646,0.15295917230765455,0.217631986093839,0.35274795138877046,0.1666712256721895,-0.0324066687691313,0.6108102393613689,0.015342617929237579,-0.01590866435831512
0.04435143036317298,0.17122905280114226,0.20225504035913927,0.2622909774143004,0.2952865653794923,0.34175728890789925,0.2193575989607532,0.4317445403243162,0.1572001323813343,0.24135969942397068,0.30105912950183245,0.277037701806375,0.20414202843300808,0.10354908926734045,0.3088925892881425,0.23784367163439782,0.2899171141702144,0.18147532967902738,0.2604498463956113,0.32422630000050134,0.17908480971437535,0.19057158568694255,0.43374776355017264,0.4117819064105997,0.4788438028123862,-0.7846349701879296,0.01196994353811745,0.3234447328884212,0.7631080735164599,0.8515440204230657,0.3736861437706686,0.10317201495578991,0.22616620542924218,0.5500834730834128,0.39797414438622797,0.47038956325203285,0.48709890861105815,0.21593671714703527,2.145515562563929,0.5537285071977358,0.1425770000093466,0.14945383633593254,-0.2128931440186486,0.4045336192883298,0.5173475289480743,0.21846168618993114,0.5510862465426107,-0.04075976830942951,1.2809282534805397,-0.06778013215541236,-0.04166153995334355
0.018065517135054533,0.10139194581229168,-0.044979326529191004,0.12127320122165197,0.19788390978029854,0.20772094175046907,0.16196397845269642,0.22456680101230195,0.13886275167564974,0.101032373724433,0.21292084611335252,0.17871990261484239,0.1238994533171596,0.17830124257368382,0.17010080855950435,0.2156509859729884,0.2122444547655724,0.1868491648423037,0.10838464852125744,0.3519626430223832,0.2590995797780078,0.19981416231317542,0.27962805225858345,0.15015599855497913,0.23568093013756014,0.04662484215872738,0.09455362064649424,0.07672452136783124,0.4026299081873038,0.0872508808485394,0.10806723628810568,0.16818664782706702,0.01207542286284837,0.14240732408609247,0.8043140339712085,-0.07569698828765074,0.02893903001711165,0.1810863390886847,0.5537285071977358,1.2832556355928078,-0.013137038559219659,0.27223395780240467,0.36341289679989464,-0.19510606100438424,0.6299059813877287,0.29811460115861965,0.13277546379061422,0.07456755999895588,0.8822735111981481,0.03996680585880428,-0.009735063606676985
