0.7505726368886576,0.12629208079850338,0.1679925653123964,0.079089292775933,0.2156111186637985,0.11445399263482009,0.22633410547001792,0.12457500596792101,0.1083286421094965,0.10041338466279176,0.1118514160685792,0.15048942750289124,0.14827070753048294,0.16943702011273337,0.12125053365707043,0.1385610336804091,0.10209509022403086,0.09813942350643483,0.12828155112203568,0.07581650344785512,0.11322233549555344,0.13466890000213236,0.011722622784126866,0.04810718620551558,0.07581680236050427,0.1232421404391078,0.10272525429860647,0.08235707114360506,0.11329347100621225,0.09421827343476832,0.0994076035757262,0.11489883517111893,0.1257020080696194,-0.011049337850552243,0.05132171491178502,0.09740156204201932,0.06955929562689664,0.10886368097253428,0.1103279895969537,0.04232256317603397,0.08161333399400673,0.07531605323808166,0.08304021722110505,0.07100500228614563,0.07166646940570102,0.07373104596802892,0.09999730035217914,-0.009806050239375749,0.14311883815010856,0.006235271832397092,-0.03393615445877447,-0.002218509330784311,0.03039784747196009,-0.0016524451341279186,0.0019556652055083296,-0.016739738378249273,0.007248280137264719,-0.01352616746984754,0.022724187364133074
0.12629208079850338,1.5501486663144532,0.8025380308058976,-0.15366653081905687,0.019518725623213818,0.3873802815730259,0.10633070046136496,0.25505689089064393,0.22979351094633416,0.21869805132890602,0.25460027081360515,0.2168306148208156,0.21871746322796656,0.03813928901006168,0.23035000140460912,0.12987117379925592,0.28039354069719724,0.43105514491883434,0.16191733746484127,0.32340054990123956,0.2046463130187915,0.1966342357461533,0.1384446928025591,0.10516269191376397,0.29040462757661145,0.17678372761350722,0.20473192611763547,0.18433131782994672,0.4247099461842724,0.04538961580460758,0.19090465448123015,0.2032358632873373,0.19781770822761585,0.2959020351962434,0.11278626791081993,0.21430020374060516,0.407647716060444,0.1177316255094586,0.2877397738172529,-0.00048588587976597706,0.08018804078011617,0.16091899893837178,0.19539540899405555,0.02962573612471388,0.5375877191819614,0.29649376094779367,0.2621842513623222,-0.07046617240070642,-0.24032799735695928,-0.019408310840640704,0.15900091037982764,0.18713247814584316,-0.0187511186263437,-0.1332336757328392,0.06979940988783394,-0.015854034321764937,0.031201184319737226,-0.05289723880848636,-0.13801493421936878
0.1679925653123964,0.8025380308058976,1.9353242262406674,0.2096739489660977,-0.19550296147662966,0.4953389227545222,0.24846544156255318,0.3543732355896851,0.4671543888514373,0.41949443805446046,0.36890774090109885,0.36479477831318846,0.3164322735467241,0.056188366139230304,0.3680858370938999,0.20180787484309623,0.3490357343707133,0.3746169854325352,0.23560028917087963,0.21654334419581409,0.2628099796342405,0.3528626225355764,0.21823032156066605,0.23792902687892206,0.3072140998886714,0.24356328923866533,0.25345783049957243,0.1503070093637111,0.3648886356036661,-0.19850439747462453,0.24169975787141554,0.2753442083361467,0.22458567728424833,0.3056348541884619,-0.007600529376522124,0.4568964345345806,0.30174668789097375,0.08161542756973279,0.3757153418882087,-0.15921372448955295,0.04130630845854513,0.15391353444371522,0.11898683102673925,0.09916127733966482,0.7507740737594126,0.6387692455465184,0.20162615866964662,-0.25388516621501145,-0.7773082276930452,0.18287073925031647,-0.02033653353592707,0.34383549809566477,-0.07535010584806855,-0.2708093519055576,0.06539181423007959,0.0916721217040762,0.06887764189618178,-0.13799076289048642,-0.3064023600818463
0.079089292775933,-0.15366653081905687,0.2096739489660977,2.2117782099295997,0.13254307605891655,0.2699390257800394,0.45514985965570676,0.35149882280077804,0.26120222634356133,0.23642472185361746,0.26801305270319337,0.3874216769014073,0.402178815801753,0.5129306371111172,0.29432312178333897,0.39283648485437445,0.24316007753068206,0.22010820119141597,0.1344811161735032,0.24196317581404697,0.24250456600962056,0.32468907825753196,0.281155944557785,0.3538117031067085,0.279160690878883,0.2995327533016304,0.26874356738874106,0.13447879753305958,0.2774520306933354,0.14356226763564492,0.22992905824692528,0.29866417050216293,0.2611288661465927,0.28437609284586435,-0.10684706685674154,0.2233137159980901,0.15691449520875123,0.15306956818706835,0.2866531961086375,0.13334622508774757,0.24388879402601193,0.17108521342850352,0.2895949202002762,0.24581074982182072,0.2274541496696992,0.10523156504512184,0.24396862520982254,0.0030919382051943336,0.27017941171874055,0.13483533890900093,-0.0788450011681422,0.2663995881083489,-0.15356287950293643,-0.06810014595400965,-0.015093131647646555,0.16021092353691818,-0.169469500404767,0.08010256760647985,-0.14206545319046326
0.2156111186637985,0.019518725623213818,-0.19550296147662966,0.13254307605891655,1.2677478373249649,0.31372008534782136,0.2113417164344413,0.2582978726949332,0.1571596459335564,0.08150475634214198,0.21932073007419603,0.2570337251486599,0.32104715215619806,0.28454005670440913,0.23968204133811039,0.2847839778317365,0.19067713555132135,0.14999422855884617,0.43245477740490224,0.1567963956031066,0.21726815056364907,0.23067414524115804,0.038792368332960236,0.17010501590151386,0.15123587680128392,0.29791134404426656,0.19195662238156727,0.14256302360442275,0.27155358230412274,0.1855406312995702,0.20993592599802108,0.31800163398767145,0.18260839899613787,0.3674408801007076,0.12277052824939752,0.1307291724344287,0.2638184429735137,0.17874122431328118,0.2552678206214621,0.1579330859644091,0.2668441897663433,0.22848305917494113,0.18604953180997377,0.14908518695220058,-0.03839006594280461,-0.044800421085907705,0.22304870091396917,0.10214063891856126,0.5668554648721826,0.23656908073937022,-0.15062651818226866,-0.17291992668435227,0.06501948214937821,0.011191193322948562,0.07114107566058715,-0.0713641165513623,-0.012314093499141995,-0.06303537870709153,0.1376079385403391
0.11445399263482009,0.3873802815730259,0.4953389227545222,0.2699390257800394,0.31372008534782136,1.0009190813672604,0.03580682985762639,0.4769792184569924,0.24580190449027303,0.09473127884850147,0.36979370294070396,0.3583017637184839,0.3961625497406969,0.2376575167328126,0.3347290762060568,0.23435802433935354,0.3156498257405587,0.23139754079365543,0.39757668741016094,0.30721274707035895,0.3169314088478589,0.27609867564639223,0.16027123735421608,0.25499627947491,0.32180068639176795,0.3549244575510952,0.27344018984502144,0.15397932877908982,0.5484068765589191,0.09496625857529223,0.20822281538472365,0.368873403865055,0.14162078799753988,0.3899856333090908,0.08888704139266501,0.19870830080193477,0.32154523246220446,0.2020732237556649,0.4361905171653244,0.10976694615342716,0.008562340152746014,0.21352935919507565,0.3056357873130314,0.17971681017470303,0.3513279365810175,0.212271376101109,0.2653991219817369,-0.0076167467505818326,0.14642380589712375,0.46743244461439226,-0.39448219410864693,0.09245326754391452,-0.1139927170327259,-0.12193757297011082,0.11776614964539388,-0.024906658392301332,-0.03176898905427057,-0.08117845942787406,-0.020020863502850633
0.22633410547001792,0.10633070046136496,0.24846544156255318,0.45514985965570676,0.2113417164344413,0.03580682985762639,0.9232074206047335,0.12234286353439289,0.26313458600812306,0.2050283568400924,0.2620457735158645,0.4013824934898,0.3317202023074339,0.19142807712535606,0.1781244524254422,0.2923450769710247,0.2367596635325557,0.21125999612724222,0.14939777158537426,0.22318861014617494,0.21499323351552999,0.2873486133872417,0.16624964884439603,0.25379718709434995,0.22558219119718365,0.21632688745096215,0.23624999556797635,0.12160795705322822,0.17416902305645862,0.1074927565166014,0.2065129717200311,0.26034380477708846,0.2402119746069982,0.26260229237915456,0.04405435627375663,0.22948585986790862,0.12156927129712104,0.11513862355397565,0.24549809832643493,0.1098082729472596,0.22677301489480461,0.16696971804458208,0.21102784922764845,0.1380178827543455,0.23623706323535373,0.09429660354334855,0.1759163422343095,-0.010644918997800484,0.2267125744415571,-0.11365294313576002,0.048430264080570704,0.16332316932305102,0.03827011395674308,-0.04198255031952275,0.034877264551425216,0.11684076130031135,-0.05932683921201236,-0.01634039239344497,-0.160768490655467
0.12457500596792101,0.25505689089064393,0.3543732355896851,0.35149882280077804,0.2582978726949332,0.4769792184569924,0.12234286353439289,0.8746482716306927,0.2510089046569676,0.254669630959702,0.32603432953903355,0.1120452266689055,0.4073743292544716,0.3069789776344185,0.30350660807509083,0.2467408873973333,0.3562039656599371,0.2517453602015386,0.27461260642800256,0.29342443286973585,0.29202066700875134,0.266248214708236,0.19628131487369427,0.2232488551028777,0.18699769640933744,0.34099646611874496,0.2378077158244255,0.1499173740662703,0.4252840159938734,0.19574728311510234,0.2218169619659789,0.23707191689612167,0.187809449521438,0.3558383046636461,0.19849235742433766,0.2195940500379247,0.29396719966110085,0.10215756945686283,0.4780478322813837,0.08881214300453011,0.18560058729539503,0.20453821866636707,0.27795899640293154,0.11836966256260623,0.31929708752801017,0.20284933362443122,0.29877670853726096,0.028329081038427698,0.3129368840140829,0.3295825215074705,-0.22197038368951133,0.2538989082209034,-0.011148746795159087,-0.21736215569474315,0.012098536244972685,-0.07100620057703522,-0.08656199547626814,0.012416745582843563,0.06629472920613771
0.1083286421094965,0.22979351094633416,0.4671543888514373,0.26120222634356133,0.1571596459335564,0.24580190449027303,0.26313458600812306,0.2510089046569676,0.9720464207341396,0.25433922684017773,0.23810113387778836,0.1625507927410541,0.20524465324622695,0.2671500864600536,0.3746704164604605,0.20607129710081243,0.26565800057036026,0.24961366590206505,0.15821518879845525,0.2721175900784109,0.20568942134059617,0.5508437425566906,0.24510480419346162,0.3513705763203171,0.3007996955636287,0.3773923586136912,0.20496037165979733,0.30161975805053026,0.1350155408785516,0.12902933362157482,0.2864915067297162,0.2581215536393972,0.3683970171633257,0.18348036691762298,0.15435864683535586,0.2778000261621721,0.3389017873063158,0.23901514403682714,0.26638657256403175,0.056159271768358984,0.15348185190701846,0.22927092020273038,0.24085944845596052,0.10345585285117263,0.18942003426164059,0.29696744224321736,0.25591545579112274,-0.12256720742555732,0.19398412307657276,0.0858466325290257,-0.09883579584620458,0.15684710214792993,-0.008271392929885437,-0.15181345914076363,0.21958057530729871,0.15592326113490576,-0.052791680404156875,-0.2818323014761736,-0.04639803189237936
0.10041338466279176,0.21869805132890602,0.41949443805446046,0.23642472185361746,0.08150475634214198,0.09473127884850147,0.2050283568400924,0.254669630959702,0.25433922684017773,0.8062096528921916,0.20640654791042742,0.19967957616718285,0.17455376979375128,0.15150982812594896,0.24997088690788286,0.22783704987449455,0.20888084117974048,0.3389345381188317,0.10417039955775433,0.12286248529532215,0.12602687236368507,0.24974786490572057,0.2607112101122781,0.19345124893197746,0.24427750956007505,0.2041863184636956,0.17403950054856315,0.17565680505511463,0.26390801725758745,0.14259368033025968,0.20932988257697902,0.1928030537448108,0.15776128939726222,0.33890136762646594,0.22603387313445886,0.244571958615021,0.24213419440286438,0.028189416299092624,0.2591244215544007,0.039012889741629884,0.318183460982862,0.159139571378143,0.10670139810888224,0.09265709557788754,0.2252949213127078,0.18439047336887876,0.2866541423306997,-0.057203075871967754,0.08159190143976305,0.031062327581862125,0.025573873691141908,0.025754273492667193,0.028157655558883696,-0.04823792429444512,0.018918899310659053,0.01300868866056329,0.10969032434192394,-0.12028121487864236,-0.06035523761791357
0.1118514160685792,0.25460027081360515,0.36890774090109885,0.26801305270319337,0.21932073007419603,0.36979370294070396,0.2620457735158645,0.32603432953903355,0.23810113387778836,0.20640654791042742,0.5389194991577511,0.28845303057398913,0.35843733728970767,0.1880038104858995,0.3764055533136198,0.2669873988984239,0.34153572022238454,0.22565576844316104,0.2009186549541797,0.34437374680793686,0.23227370223851931,0.2644743366182721,0.1847376512632731,0.2739272978225428,0.3005311092491094,0.2595314137814264,0.249054530501885,0.2224776357623724,0.3748735159604286,0.15545594437161936,0.24226576150069665,0.28362089975674054,0.19553116466112083,0.361989455525011,0.27437549494322555,0.24024528718822102,0.28564482865432006,0.1153322246994478,0.3825749230145939,0.113005622031262,0.1925550459273129,0.23082965533260744,0.22578400240508242,0.1099828088698315,0.350774245655952,0.17267423906180854,0.2512714438790348,-0.020752563530501703,0.10953820198100254,0.14018314618535624,-0.1301792780710393,0.08689040910549942,0.00995444621875226,-0.06422744188791682,0.08829589600043553,0.021888078477642993,0.005794888225365968,-0.0940662048375073,-0.0823741861534592
0.15048942750289124,0.2168306148208156,0.36479477831318846,0.3874216769014073,0.2570337251486599,0.3583017637184839,0.4013824934898,0.1120452266689055,0.1625507927410541,0.19967957616718285,0.28845303057398913,0.7646148862251096,0.30994824299957996,0.21294920486652288,0.19433417815493834,0.2701632831201753,0.15297759664242702,0.25221844456505244,0.2033783989089269,0.15803209289318737,0.221657111006845,0.22221819266212242,0.14451880954068422,0.1690703697856216,0.24631762513853078,0.34243711073212,0.28413907023656304,-0.002203363444940696,0.2504308817872539,-0.01234568389005794,0.1398844524792187,0.3789909195343305,0.15022556707724796,0.3041566346735161,-0.022206394703505713,0.20437797528388618,0.0011436448652881058,0.1266678540197856,0.20818935443110387,0.11860249151192045,0.13903787313592086,0.1430288824297285,0.20893303801278254,0.15692505775556242,0.1964073310538005,0.10129326777196572,0.17443226929132188,-0.00815662711563687,0.19056170672309886,-0.04144650307309431,-0.01977834923945986,-0.06216734887328278,0.061530749657314344,0.018945719140861315,0.07660920225340784,0.08041240052123208,-0.0233026553627719,-0.08102861763561404,-0.11326689359562905
0.14827070753048294,0.21871746322796656,0.3164322735467241,0.402178815801753,0.32104715215619806,0.3961625497406969,0.3317202023074339,0.4073743292544716,0.20524465324622695,0.17455376979375128,0.35843733728970767,0.30994824299957996,0.797519748046903,0.3422036384005201,0.22879975283198872,0.32603627073072244,0.30921080099430065,0.19772435894525373,0.28266974169052667,0.32664809323579463,0.29385378875082485,0.2872558142894605,0.19455687712151754,0.2910389258378274,0.2883384226685994,0.25336345112808845,0.32789814221872576,0.19747564207485432,0.4840787892960703,0.21077910902346428,0.23479190489903914,0.3661608722295593,0.2551366657415333,0.39692232431529506,0.25799928602656524,0.2729934347751931,0.22864168798389017,0.05115593624408583,0.4727152647543556,0.12535286504557439,0.2126420315423903,0.2274556006241019,0.292519939446047,0.1495484349377876,0.3074648784350546,0.1855693607852445,0.2707164637830505,0.017137720913470527,0.30873666545388073,0.17950271652812222,-0.16720613308511975,0.1960509893909478,0.04998415253263662,-0.15940084209902863,0.11518210645616862,-0.004912760752305373,-0.05233515579555986,-0.10383871562020644,-0.0027092235967263374
0.16943702011273337,0.03813928901006168,0.056188366139230304,0.5129306371111172,0.28454005670440913,0.2376575167328126,0.19142807712535606,0.3069789776344185,0.2671500864600536,0.15150982812594896,0.1880038104858995,0.21294920486652288,0.3422036384005201,0.9946847793938477,0.40756007970578834,0.4837249114307388,0.28663738569338,0.047906435502695355,0.19508246692747347,0.336277022015562,0.16434763075324363,0.36861102345770563,0.07625204688424952,0.2619006214701054,0.24876743159243175,0.3955750320849967,0.27586862294445724,0.3757178458416787,0.2796544708497148,0.35272724523493565,0.2340831618949339,0.3173261175829612,0.23799515072843766,0.29852128375847004,0.4318191109427053,0.18927527704704078,0.2835507072928089,0.2809049666509673,0.17197367066380845,0.13793462979843119,0.4325313729776633,0.2936172438355159,0.3030851736588868,0.1801496985128022,-0.039898852621363286,-0.024077501430736073,0.26252022018273413,0.0803434366120126,0.7825838518679351,-0.007394930258553593,-0.05656367978048412,-0.03233871257741875,-0.029691842958117002,0.07126460722887,-0.039293662744533796,-0.013689036722330421,-0.10737643185456637,0.03858639012808216,0.17142954204370572
0.12125053365707043,0.23035000140460912,0.3680858370938999,0.29432312178333897,0.23968204133811039,0.3347290762060568,0.1781244524254422,0.30350660807509083,0.3746704164604605,0.24997088690788286,0.3764055533136198,0.19433417815493834,0.22879975283198872,0.40756007970578834,1.017357511615457,0.37167491431739014,0.4150361689867823,0.210426480640843,0.22884963384489815,0.4034107806375234,0.23725551236801043,0.37049651187395627,0.2663450518753522,0.3661867627366263,0.373395165957979,0.28947598790608187,0.2523072176231182,0.4850212822357541,0.3580293874044997,0.28680807216369403,0.3234690534092015,0.2767504652837148,0.33872193531850414,0.3582665013528877,0.36410707485978405,0.26323931964613645,0.5283893974136807,0.21758868227975783,0.38143885381757037,0.1049344937844039,0.2971320741267165,0.316311809320561,0.2705986195740071,0.11021020376662448,0.2841082691524278,0.21923709665783786,0.3308190761507889,0.009455123868677593,0.2772614039412905,0.5689409661168876,-0.15607888945288137,0.10178461279666777,-0.2561265036054709,-0.13265309398504913,0.1634499116277132,0.07383616542360324,-0.08540892686886634,-0.1831861403195311,0.013699139784844779
0.1385610336804091,0.12987117379925592,0.20180787484309623,0.39283648485437445,0.2847839778317365,0.23435802433935354,0.2923450769710247,0.2467408873973333,0.20607129710081243,0.22783704987449455,0.2669873988984239,0.2701632831201753,0.32603627073072244,0.4837249114307388,0.37167491431739014,0.7987070745163336,0.32181439436646336,0.16360970281235118,0.2316650593814669,0.3069404427837689,0.1693455628611341,0.4682518246160248,0.2556539281489635,0.31735400576749073,0.3492613762902375,0.2403824689640922,0.3284537077587277,0.3143426879391472,0.29549480929782407,0.3195225608476111,0.24897644181971024,0.383448598549968,0.2520202396445949,0.371008091184359,0.4063844640174979,0.2856343699574427,0.3385535836711554,0.22271499422529104,0.3365445935566663,0.17645389057873198,0.3607741857271496,0.3229365277734658,0.3024297935045327,0.20521847087107017,0.1749505478678035,0.10253194597464287,0.30311716281995005,-0.006022785792258069,0.4720127989338829,-0.01625269080002635,-0.04524518438262679,-0.015582852307624509,0.028328136028158903,-0.019119903948929276,0.1346577419368896,-0.009456639222778913,-0.02240535033067884,-0.15600424225474221,0.06800818991522598
0.10209509022403086,0.28039354069719724,0.3490357343707133,0.24316007753068206,0.19067713555132135,0.3156498257405587,0.2367596635325557,0.3562039656599371,0.26565800057036026,0.20888084117974048,0.34153572022238454,0.15297759664242702,0.30921080099430065,0.28663738569338,0.4150361689867823,0.32181439436646336,0.9193516267505166,0.18466604897725303,0.2805455150931341,0.5111330101578802,0.21241462688962018,0.3245528201890083,0.14276582725410006,0.3166866914518613,0.41886534475933795,0.18953033205920647,0.2644120172993053,0.5051701720239339,0.3568792705228401,0.28684803503635053,0.31036767651608665,0.2693295792274366,0.3660745237758314,0.3777552336396224,0.4474247463144815,0.25472985013771365,0.5990727606956101,0.26486192547513643,0.4001400028813494,0.1246615780751735,0.27804008164278754,0.37129743759500233,0.2848635036920909,0.09215106041328738,0.52451178439628,0.1769764273683465,0.3592622371155097,0.03510881243724154,0.14242281930329218,0.2375458692984346,-0.07196158837835077,0.3170134911245059,-0.07907231125066673,-0.14045598012672192,0.03336084902359248,0.006471071187370533,-0.0037946871002041307,-0.04434065437748263,-0.1364909875653601
0.09813942350643483,0.43105514491883434,0.3746169854325352,0.22010820119141597,0.14999422855884617,0.23139754079365543,0.21125999612724222,0.2517453602015386,0.24961366590206505,0.3389345381188317,0.22565576844316104,0.25221844456505244,0.19772435894525373,0.047906435502695355,0.210426480640843,0.16360970281235118,0.18466604897725303,1.1298175146054559,0.1537499018735009,-0.017303763692792795,0.3273390310295329,0.20086802406364912,0.7341424800207038,0.26483067775297914,0.2876626480232065,0.2815621358262515,0.046385344438259375,0.2736353727209313,0.32980285257280895,0.004226809781612316,0.2668516706841837,0.11671559422683557,0.4489731455501212,0.27967028275985806,0.0029818149898425362,0.09932151856039081,0.33805733727709286,-0.016244190345561314,0.3479909192928437,0.1265491815732276,0.1535320633267878,0.1092828072254699,0.3126620734685695,0.07454414540143536,0.5707734857230081,0.24714759716993057,0.5204496272520346,0.017803088010732434,0.07730721927548709,0.15307016781707183,0.05087144675880888,0.21927781876580718,-0.02104798699104468,-0.14126691671442332,0.20332022377632192,0.08815633626454211,-0.14448053967777977,-0.18005262920224288,0.01104353393003336
0.12828155112203568,0.16191733746484127,0.23560028917087963,0.1344811161735032,0.43245477740490224,0.39757668741016094,0.14939777158537426,0.27461260642800256,0.15821518879845525,0.10417039955775433,0.2009186549541797,0.2033783989089269,0.28266974169052667,0.19508246692747347,0.22884963384489815,0.2316650593814669,0.2805455150931341,0.1537499018735009,0.7706171890670844,0.06842166696900087,0.2783305105496157,0.22857945605419072,-0.10054791098356634,0.13914358014416267,0.12472285881875281,0.18860724397723128,0.18006956894182052,0.23949604146455195,0.20062523196096357,0.17824111835645617,0.2332683629252948,0.3031824335379078,0.22677995530384873,0.23950344222413417,0.09133794080522344,0.2112776475944021,0.13527950237100672,0.19790082164922537,0.36135672812492997,0.09934421690839833,0.20043742784263816,0.17357488415362352,0.1914532717491837,0.15495537395087916,0.31551993231350695,0.08069413731294887,0.23076374205233552,0.07541370591640241,0.2741283604895154,0.1838813870096139,0.09192077263187395,0.36180037830300654,-0.2536987724175589,-0.12162416033510368,-0.03654216134890113,-0.024901427965532397,0.039764363220590355,0.062402607513766875,-0.08696787834399332
0.07581650344785512,0.32340054990123956,0.21654334419581409,0.24196317581404697,0.1567963956031066,0.30721274707035895,0.22318861014617494,0.29342443286973585,0.2721175900784109,0.12286248529532215,0.34437374680793686,0.15803209289318737,0.32664809323579463,0.336277022015562,0.4034107806375234,0.3069404427837689,0.5111330101578802,-0.017303763692792795,0.06842166696900087,1.2349996141040775,0.10063254005977798,0.31454175984709015,0.05375678200402515,0.4140280821503838,0.6401329406059263,0.11900138416200486,0.3679131989775071,0.3597931267785297,0.44442883780725023,0.5414437917396014,0.30491599414774817,0.2616783235502287,0.27109686124065613,0.4363877238774736,0.4654249343802547,0.1520442575354391,0.9337558677866851,0.3848123976532824,0.5088051492826119,0.18765256163476968,0.18822409959011394,0.4081114461508028,0.5315299871590291,0.08072586303888889,0.5791423496309543,0.1677619194750415,0.3675565439429722,0.09944171514846395,0.3684124119287226,0.09808721525860735,-0.19337946330523287,0.06377589120595631,0.10676366287992425,-0.11173451063565984,0.17667616877157724,0.03037814026845311,0.0002566794349431683,-0.12455552871154871,-0.06859123456794813
0.11322233549555344,0.2046463130187915,0.2628099796342405,0.24250456600962056,0.21726815056364907,0.3169314088478589,0.21499323351552999,0.29202066700875134,0.20568942134059617,0.12602687236368507,0.23227370223851931,0.221657111006845,0.29385378875082485,0.16434763075324363,0.23725551236801043,0.1693455628611341,0.21241462688962018,0.3273390310295329,0.2783305105496157,0.10063254005977798,0.7894613140996326,0.19557148401161314,0.36039097577999885,0.1867096652599011,0.1287495501367609,0.25258022048484435,0.15237176285522788,0.25253945870882544,0.29500544547069774,0.11533823095453653,0.19699973286608832,0.24911049560886958,0.4293960821065529,0.21419803828562003,0.01428092138851587,0.18451179391339984,0.08960829041768574,0.12694865674220412,0.34353547179897065,0.2052171433560487,0.1439023733652403,0.16646068669415787,0.32280058001772494,0.19706623176530075,0.5446009422452635,0.13495171808447523,0.3339824727471829,0.08467520391309782,0.2899112487134016,0.21069545612250062,-0.0769538154216059,0.23948661498591203,-0.0739462610594635,-0.1211637099343131,-0.00808690942770012,0.00841311855377989,-0.3107248488151449,0.056641176669478155,0.18834201847684792
0.13466890000213236,0.1966342357461533,0.3528626225355764,0.32468907825753196,0.23067414524115804,0.27609867564639223,0.2873486133872417,0.266248214708236,0.5508437425566906,0.24974786490572057,0.2644743366182721,0.22221819266212242,0.2872558142894605,0.36861102345770563,0.37049651187395627,0.4682518246160248,0.3245528201890083,0.20086802406364912,0.22857945605419072,0.31454175984709015,0.19557148401161314,0.8093624822916069,0.22924272005522495,0.3341640395631207,0.36039614243260076,0.3133983890232456,0.28412943214966946,0.3080174886776683,0.23478361403126718,0.2651265355594642,0.2724894536008584,0.36327259770000403,0.343795132285521,0.27719311984059053,0.26307915343402016,0.34954024927061395,0.3578880964044545,0.3083604331373532,0.32034805462857996,0.1333424562078043,0.2511711256661118,0.30925266119717343,0.3137364726440352,0.17530379893682346,0.17914631810340298,0.29353710697611135,0.3078993713994855,-0.1884802279492533,0.4210285880182313,0.004006444168317189,-0.08205563661805446,0.03770193900201926,0.023225920743067438,-0.08739732287000186,0.17584899261556428,0.06713602177921872,-0.04176499981830844,-0.2188033930075123,0.010661246593518307
0.011722622784126866,0.1384446928025591,0.21823032156066605,0.281155944557785,0.038792368332960236,0.16027123735421608,0.16624964884439603,0.19628131487369427,0.24510480419346162,0.2607112101122781,0.1847376512632731,0.14451880954068422,0.19455687712151754,0.07625204688424952,0.2663450518753522,0.2556539281489635,0.14276582725410006,0.7341424800207038,-0.10054791098356634,0.05375678200402515,0.36039097577999885,0.22924272005522495,2.1127758440839286,0.7090443411409578,0.9431813319827514,-0.18087990804101556,0.11405426623776402,0.29472885957526623,0.4658962282925384,0.19830524366511745,0.008358337948835351,-0.018733267028007414,0.7908115166929826,0.33502033337912485,-0.1676101019276365,-0.011544608250617892,0.782101666201106,-0.19611293762795198,0.6699031090571815,0.1473224897953933,-0.008596213465005324,0.14821223701103559,0.33415733157145605,0.14295302243635452,0.33092768109832665,0.26789305928991725,0.5846940377949152,0.1402329250009493,0.4282182721824262,0.6132677796678256,-0.3699246672161672,0.22449765099154695,0.008572945376863685,-0.24843660423161146,0.34759343251653874,0.10500991623239957,-0.3306669489785716,-0.40148213728758,0.3927082228629919
0.04810718620551558,0.10516269191376397,0.23792902687892206,0.3538117031067085,0.17010501590151386,0.25499627947491,0.25379718709434995,0.2232488551028777,0.3513705763203171,0.19345124893197746,0.2739272978225428,0.1690703697856216,0.2910389258378274,0.2619006214701054,0.3661867627366263,0.31735400576749073,0.3166866914518613,0.26483067775297914,0.13914358014416267,0.4140280821503838,0.1867096652599011,0.3341640395631207,0.7090443411409578,1.2239307856224186,0.6419628002423732,0.024600730762326,0.24491155980024787,0.3804381888088004,0.20809034952917604,0.3378822442927122,0.37944295789851484,0.16343027554270614,0.44191436541551715,0.1853646660548363,0.24220100738261374,0.21546257079847692,0.559920345342341,0.1973268064109008,0.3808681778073965,0.1206554674406625,0.1823926362227484,0.2713101421893815,0.27087386198805,0.12439101186571144,0.16907544527906843,0.19237240983640197,0.35697376802480824,0.027860484391892475,0.3405432819942584,0.21586400757675805,-0.16100707244971227,0.1977039960064674,-0.01000191409226959,-0.14849802034166887,0.31978267950553707,0.19670848040889136,-0.13827547966126638,-0.46264752520672064,0.20762247239207243
0.07581680236050427,0.29040462757661145,0.3072140998886714,0.279160690878883,0.15123587680128392,0.32180068639176795,0.22558219119718365,0.18699769640933744,0.3007996955636287,0.24427750956007505,0.3005311092491094,0.24631762513853078,0.2883384226685994,0.24876743159243175,0.373395165957979,0.3492613762902375,0.41886534475933795,0.2876626480232065,0.12472285881875281,0.6401329406059263,0.1287495501367609,0.36039614243260076,0.9431813319827514,0.6419628002423732,2.641833695165736,0.04787788416201537,0.3361154651454796,0.31817449179247154,0.6266329311717105,0.6378872018188423,-0.11101462127380858,0.30348968719200353,0.2991074925755375,0.7720185119667016,0.4873201694275278,0.2726760524188885,1.0456766546512837,0.16170297814224208,0.5195862724386717,0.14655293442053433,0.3558894004647885,0.45423538498866695,0.5100391335085112,0.26210962784442365,0.69108360802108,0.30063758088327186,0.5243851829649583,-0.0721871757869201,-0.24717346661882034,0.20247598796666363,-0.19213322172111655,-0.10701639507162614,0.06851954046403695,-0.11553478637253117,0.36189731873523545,0.32351519281372626,0.19443129414801802,-0.436506378182397,-0.3912740163882871
0.1232421404391078,0.17678372761350722,0.24356328923866533,0.2995327533016304,0.29791134404426656,0.3549244575510952,0.21632688745096215,0.34099646611874496,0.3773923586136912,0.2041863184636956,0.2595314137814264,0.34243711073212,0.25336345112808845,0.3955750320849967,0.28947598790608187,0.2403824689640922,0.18953033205920647,0.2815621358262515,0.18860724397723128,0.11900138416200486,0.25258022048484435,0.3133983890232456,-0.18087990804101556,0.024600730762326,0.04787788416201537,1.700548673105328,0.24887927749549354,0.39310616511416036,-0.026561372919123576,-0.1796423590219784,0.15418836385412357,0.5660151007947051,0.24720466190812457,0.3272650996257477,0.5308969084980133,0.2875332443529658,-0.3452990051094825,0.26570470553446507,-0.2707450286414082,0.13227805624146433,0.5650869055932416,0.2975711239226163,0.2563368484724283,0.13368775690468818,-0.31243957582209975,-0.09963762122790645,0.04661073897258311,0.1203590112461615,0.6499068101767274,0.0064383440365248295,-0.2492741518043592,-0.093754177231518,0.01958757268224616,0.06309712822661209,0.07020617472951807,0.005134833821101943,0.06575697719536402,-0.03330245409458604,-0.06289906589831594
0.10272525429860647,0.20473192611763547,0.25345783049957243,0.26874356738874106,0.19195662238156727,0.27344018984502144,0.23624999556797635,0.2378077158244255,0.20496037165979733,0.17403950054856315,0.249054530501885,0.28413907023656304,0.32789814221872576,0.27586862294445724,0.2523072176231182,0.3284537077587277,0.2644120172993053,0.046385344438259375,0.18006956894182052,0.3679131989775071,0.15237176285522788,0.28412943214966946,0.11405426623776402,0.24491155980024787,0.3361154651454796,0.24887927749549354,0.5809233399159586,0.24040632011215934,0.20514760567759796,0.23608477978991596,0.21102420466851285,0.4101025627093413,0.21853922182205712,0.3292044389683091,0.30431519743348245,0.29990991329493405,0.26980125459563087,0.2166165969621952,0.28216225539174844,0.13532553550904827,0.26877539245297266,0.2695913378447147,0.32715808222753284,0.1259129972317788,0.17443823039244308,0.10762122261558404,0.1936716686155013,0.038949182550158556,0.31919642959252786,0.04208909296618595,-0.08431339048063596,0.09334907352558806,0.050215812287911735,-0.06743378598093051,0.10605520505783615,-0.0007973258431688547,0.10265161039059627,-0.10042440381243999,-0.08904412026444894
0.08235707114360506,0.18433131782994672,0.1503070093637111,0.13447879753305958,0.14256302360442275,0.15397932877908982,0.12160795705322822,0.1499173740662703,0.30161975805053026,0.17565680505511463,0.2224776357623724,-0.002203363444940696,0.19747564207485432,0.3757178458416787,0.4850212822357541,0.3143426879391472,0.5051701720239339,0.2736353727209313,0.23949604146455195,0.3597931267785297,0.25253945870882544,0.3080174886776683,0.29472885957526623,0.3804381888088004,0.31817449179247154,0.39310616511416036,0.24040632011215934,1.4239170838595414,0.013558657966373372,0.2807767221190576,0.32014971265431436,0.264745855913537,0.8055593319426833,0.16295635863388427,0.9877441224843952,0.1366490124362161,0.5811872599909259,0.2812068861592074,0.2127943830081783,0.15399179987511852,0.3587724870847593,0.3977407574716099,0.3123608469208183,0.05692858243772946,0.1890896726001251,-0.052762328216471734,0.3368813980653527,0.19442382578754122,0.577198375278262,0.3654798616962594,-0.07499522051347714,0.4061055478116895,-0.42813840814916143,-0.08576365376398142,0.23086036061989584,-0.017843250217448526,-0.024656147608307605,-0.2067627565246247,0.16998391891526332
0.11329347100621225,0.4247099461842724,0.3648886356036661,0.2774520306933354,0.27155358230412274,0.5484068765589191,0.17416902305645862,0.4252840159938734,0.1350155408785516,0.26390801725758745,0.3748735159604286,0.2504308817872539,0.4840787892960703,0.2796544708497148,0.3580293874044997,0.29549480929782407,0.3568792705228401,0.32980285257280895,0.20062523196096357,0.44442883780725023,0.29500544547069774,0.23478361403126718,0.4658962282925384,0.20809034952917604,0.6266329311717105,-0.026561372919123576,0.20514760567759796,0.013558657966373372,2.606730595228775,0.40404172208166694,0.09181898187054309,0.23769727811550592,0.2376285327547631,0.8865444342045983,-0.10859928664960207,0.358062270243772,0.17268939966434793,-0.4603685231804041,0.7586426834273924,0.09745783902423162,0.37995131780023217,0.08733329227069082,0.20542658622691198,-0.06753903464635738,0.6199513522543646,0.30255796339421814,0.4254183043141102,-0.13254006443427285,0.3988498524940705,0.8176149448744445,-0.6431951961177732,-0.057308273529432366,-0.18737055326148644,-0.09223820216952583,-0.011102665567357197,-0.06778480038660649,-0.20370635752771518,-0.009786701867037232,0.12078905102607457
0.09421827343476832,0.04538961580460758,-0.19850439747462453,0.14356226763564492,0.1855406312995702,0.09496625857529223,0.1074927565166014,0.19574728311510234,0.12902933362157482,0.14259368033025968,0.15545594437161936,-0.01234568389005794,0.21077910902346428,0.35272724523493565,0.28680807216369403,0.3195225608476111,0.28684803503635053,0.004226809781612316,0.17824111835645617,0.5414437917396014,0.11533823095453653,0.2651265355594642,0.19830524366511745,0.3378822442927122,0.6378872018188423,-0.1796423590219784,0.23608477978991596,0.2807767221190576,0.40404172208166694,2.026493883217752,0.34357932159814414,0.09192036349663851,0.12623292971990183,0.2239797228555454,0.7683805631434154,0.3014991416065122,0.6575515746452806,0.3510870145349538,0.5462299382055317,0.10680156363110611,0.6656580307886812,0.37230795975906417,0.7152694196419999,0.31192519283559206,0.7437028799185635,0.11785192302678012,0.7581130690393619,0.08336022772475075,0.5910361898888228,-0.19398214774887146,-0.08152018196543695,-0.10865296507066037,0.2771753661961667,0.03210811056564649,-0.04217118253814444,-0.06719237790171026,-0.13657482395139608,0.22105376227787338,0.009461472872705047
0.0994076035757262,0.19090465448123015,0.24169975787141554,0.22992905824692528,0.20993592599802108,0.20822281538472365,0.2065129717200311,0.2218169619659789,0.2864915067297162,0.20932988257697902,0.24226576150069665,0.1398844524792187,0.23479190489903914,0.2340831618949339,0.3234690534092015,0.24897644181971024,0.31036767651608665,0.2668516706841837,0.2332683629252948,0.30491599414774817,0.19699973286608832,0.2724894536008584,0.008358337948835351,0.37944295789851484,-0.11101462127380858,0.15418836385412357,0.21102420466851285,0.32014971265431436,0.09181898187054309,0.34357932159814414,1.1403681607710487,0.2542307366841374,0.19585298761860218,0.24442055909430907,0.36953206481184425,0.3951761061993324,0.3366517660514525,0.43075357416426135,0.3735567792675603,0.11496250029802217,0.3504740093504833,0.26918301289927954,0.19162599949183526,0.2124460107899735,0.33376592358049595,0.10237866197022073,0.31036804560752007,0.028232217184571376,0.07558125497615048,0.03363856463822383,0.013079591391048325,0.2231898139315067,-0.0025469386706510984,-0.07834007169869156,0.15510531238359263,0.12551995618313544,0.20834650868260426,-0.22410211615974662,-0.28259034192097676
0.11489883517111893,0.2032358632873373,0.2753442083361467,0.29866417050216293,0.31800163398767145,0.368873403865055,0.26034380477708846,0.23707191689612167,0.2581215536393972,0.1928030537448108,0.28362089975674054,0.3789909195343305,0.3661608722295593,0.3173261175829612,0.2767504652837148,0.383448598549968,0.2693295792274366,0.11671559422683557,0.3031824335379078,0.2616783235502287,0.24911049560886958,0.36327259770000403,-0.018733267028007414,0.16343027554270614,0.30348968719200353,0.5660151007947051,0.4101025627093413,0.264745855913537,0.23769727811550592,0.09192036349663851,0.2542307366841374,1.198638845180068,0.23864078610355827,0.5426475775256591,0.37763281884888944,0.4409767302706174,0.0021925914988372023,0.33130802552988403,0.23215482204286325,0.1412004064358306,0.41422577540027217,0.32289051795709783,0.1517143982517953,0.1808465319108703,0.01892694476253088,0.03345272901627616,0.20207785578410123,0.04003372950180195,0.4171373322162943,0.0036436467824790954,-0.04596296490186331,0.09374420202940331,0.03902219194450844,-0.05469104017136067,0.05742244644180417,-0.08164991606642956,0.6653098709648034,-0.11485241445783126,-0.5207102607899219
0.1257020080696194,0.19781770822761585,0.22458567728424833,0.2611288661465927,0.18260839899613787,0.14162078799753988,0.2402119746069982,0.187809449521438,0.3683970171633257,0.15776128939726222,0.19553116466112083,0.15022556707724796,0.2551366657415333,0.23799515072843766,0.33872193531850414,0.2520202396445949,0.3660745237758314,0.4489731455501212,0.22677995530384873,0.27109686124065613,0.4293960821065529,0.343795132285521,0.7908115166929826,0.44191436541551715,0.2991074925755375,0.24720466190812457,0.21853922182205712,0.8055593319426833,0.2376285327547631,0.12623292971990183,0.19585298761860218,0.23864078610355827,2.2110335641491528,-0.1406769753096823,-0.3898782242636097,-0.13779084445077183,0.5197526672309011,0.13905793496964486,0.1816935908511754,0.1540734481399786,-0.36806629415583747,0.25398221344949984,0.4075227838878806,0.0829763553118505,0.4589788198983919,0.07210349017877137,0.5554432150013857,0.24133686911688554,0.6036544501095314,0.2883905368296517,-0.24267049647103478,0.35746297449202036,-0.0573551298563295,-0.25197940862405277,0.2675900958790022,-0.00405788052206601,-0.3098097954392605,-0.1948684879724037,0.3744926669074199
-0.011049337850552243,0.2959020351962434,0.3056348541884619,0.28437609284586435,0.3674408801007076,0.3899856333090908,0.26260229237915456,0.3558383046636461,0.18348036691762298,0.33890136762646594,0.361989455525011,0.3041566346735161,0.39692232431529506,0.29852128375847004,0.3582665013528877,0.371008091184359,0.3777552336396224,0.27967028275985806,0.23950344222413417,0.4363877238774736,0.21419803828562003,0.27719311984059053,0.33502033337912485,0.1853646660548363,0.7720185119667016,0.3272650996257477,0.3292044389683091,0.16295635863388427,0.8865444342045983,0.2239797228555454,0.24442055909430907,0.5426475775256591,-0.1406769753096823,1.8128222523370658,0.6199477348085504,0.3248502341603813,0.5684406601201732,0.05206247296387916,0.49555301442976657,0.08258704785742725,0.7789047207599686,0.38744738678008406,0.3516111451643944,0.263301118161078,0.3038529301090513,-0.06254845480005364,0.3987526994120298,0.09904345284559449,0.337296458247686,0.005074635394076935,-0.10834012200575416,-9.422375531762649e-5,0.11258828395962349,-0.050632168181497406,0.03312741031186982,-0.05324770580359683,0.2275911182498924,-0.09162213722853148,-0.20392176917299
