0.4575582330302922,0.13738246663205048,0.19411909036620575,0.06602295823942382,0.10955225607851467,0.08644311036948009,0.07794908885293629,0.05544884000828773,0.0389326962282818,0.10992411238363398,0.05576268847838537,0.07804442963598328,0.03306791462305855,0.05082620788734009,0.1277767320431993,0.05243043139005877,0.056065517050485965,0.086553940083646,0.07481924348869465,0.04065012531668465,0.06666483933091422,0.06603955910781442,0.03113757334074502,0.03901968178062207,0.19862233510757873,0.03658726690837819,0.0714387645550389,0.05374467998070047,0.05715439325441727,0.06111834518904147,0.08277945394862266,0.049581472975637246,0.06536724754693496,-0.040212394642972764,0.023179925503580046,0.07069853738297524,0.0739932958324051,0.09428590031529475,0.029769346979341027,0.00372635509931553,0.06504312728875235,0.05299692106007659,0.062363049573200914,0.0674268711112672,0.08266176739186863,0.040804002553884576,0.08277920170274218,-0.00420124473078747,-0.1115203080994764
0.13738246663205048,1.929567289265164,0.6435193947187041,0.07210882214171388,0.013118492095308175,0.25180321732636085,0.2306895166746403,0.216267761934803,0.22694075868521366,0.2948532776254297,0.17528428209265398,0.2016578008084199,0.09661950187958093,0.14099122179264456,0.3252331288600921,0.14400545942125623,0.240148112791454,0.3563645819778961,0.03330961766350313,0.33268228601801303,0.1562656139276316,0.18452460260989373,-0.1276184986814038,0.15193978666578728,0.18241049256911923,0.135561256589606,0.30860161976605677,0.22186853450812483,0.2249967898864741,0.1315530825606037,0.1467546373814259,0.14829745305023323,0.12518152294724216,0.21717112423993817,0.16419614426442986,0.14130089163435977,0.567404040095786,0.2411390675034385,-0.12569004080894058,0.04238399605665043,0.11200335942222797,0.24533654977376568,0.314684583694598,-0.02912466514582278,0.322648020617389,0.22371573752038054,0.24316817000143182,-0.009943530977704116,0.020375292137707814
0.19411909036620575,0.6435193947187041,1.6132536729701652,0.015157238647135345,-0.26216189990848526,0.24199426224536505,0.22288070160389617,0.2559938711023288,0.271316469478223,0.3342934792691926,0.13737873035075052,0.1567737190203344,0.07596365756418284,0.09515617292152993,0.2709699944242812,0.041441290172181414,0.2725250446609099,0.222820213293884,0.015307719080303813,0.21832873086830945,0.15696803176231985,0.19748279947333933,-0.008866757037580882,0.1613438526818942,0.28767994784658674,0.11651235141731885,0.24129908647978668,0.21355227214350478,0.16749832384634453,0.0778429006336449,0.16673972976851623,0.10373891156032868,0.12126467425485707,0.146020013462563,0.15154834409934864,0.2289119049852783,0.3665125468092525,0.24891727100458805,-0.15037878693251697,-0.07279703535751425,0.15513898526872832,0.28728162496473325,0.21527153780853198,0.06791441210468678,0.31217572355568085,0.28918162923399726,0.1944281461130324,-0.0260378846588952,-0.3170590689128941
0.06602295823942382,0.07210882214171388,0.015157238647135345,0.8195670480378991,0.46209085062797206,0.35139061075743616,0.23945528507963826,0.2277150064101195,0.12854678977195252,0.11685446978219026,0.1735427343991341,0.20873978709756427,0.10380502819561355,0.20290313818641834,0.1768103681504618,0.21965556022548488,0.17154759058831812,0.15071700625042606,0.2375377966169505,0.1983819714383981,0.16551975996033683,0.1793075627987464,0.07154443769647738,0.14975359349465844,0.10274804434631883,0.19628660986722613,0.0930434092913799,0.11150823903002624,0.18560670483908487,0.03231094021059475,0.1501659881547986,0.2053229034748098,0.04036107872482087,0.2957289556466865,-0.047916720728803326,0.10384142620554139,0.1801515696452962,0.14247688885816512,0.2876956627967125,0.0748912574578971,0.13080208538504706,0.1739355923231179,0.11237462420338183,0.15487710240511662,0.18875196467846322,0.01840695228763081,0.1538279255053378,0.011072079120252565,0.21685302099540185
0.10955225607851467,0.013118492095308175,-0.26216189990848526,0.46209085062797206,0.9615529140409131,0.30463204168641467,0.18960460120338307,0.21525481809009622,0.11548337157326351,0.09461517125415969,0.17240592268853505,0.21711082604567195,0.11809967355887832,0.2218156456132299,0.21846358448207592,0.25125176468398397,0.12012644356353516,0.13621904985357466,0.3494949541765734,0.1644137123759763,0.1576833461785467,0.17616315508149888,0.09662291368328327,0.13949165202361893,0.05409038627575649,0.22060772799667233,0.042990342105572774,0.0751720444473333,0.19304122293600795,-0.017736629510605628,0.15238339545597962,0.22168271718570387,0.045162244743787404,0.3756036560125289,-0.06144718744471529,0.08256449090643445,0.18065662935800123,0.1121060462072438,0.37073706354223074,0.1038374100408213,0.1258955449699024,0.15293236670893925,0.06846317797412751,0.16454808560789325,0.16119680235194228,-0.007411839279432133,0.12877219520843072,0.020278841312506807,0.32778257830459695
0.08644311036948009,0.25180321732636085,0.24199426224536505,0.35139061075743616,0.30463204168641467,0.7758117008363484,0.24822453295248714,0.2852361751791701,0.14218566572584693,0.17558498833440098,0.23743601810925133,0.20380137403209578,0.12970787372319356,0.23582674446132254,0.26890908338420927,0.23226121910840794,0.2895065652875407,0.21066195898791185,0.3712667621908396,0.35567727065473004,0.2573723702700839,0.23538668414157152,0.02368669978876608,0.23353827196698262,0.27598449297651595,0.2897131806943586,0.15585122550257968,0.24763559199368787,0.2958844600162824,0.06193104210042847,0.2202063317807073,0.2402355307060149,-0.001458560192497797,0.35946894780623384,0.05659235718360681,0.12563840820182004,0.2722188586773708,0.23521487084892964,0.4133772663674327,0.119670646177523,0.1693340007917691,0.2606616674536701,0.1961545728206692,0.24936300764386207,0.3844655966401682,0.00977850013101998,0.2443225249071067,0.016874451115725594,0.2291035069847565
0.07794908885293629,0.2306895166746403,0.22288070160389617,0.23945528507963826,0.18960460120338307,0.24822453295248714,0.5283890733509524,0.1760185646158322,0.2977591227379625,0.19857214181233557,0.20264514786076682,0.3055858227523078,0.1273580856667656,0.25928143797536074,0.13694540738807118,0.2507003843267495,0.2710912124244007,0.21754419372830872,0.10440062973206635,0.2087805036234859,0.21441198907346387,0.28136108990635605,0.12510621066043767,0.18406375598305522,0.145177315028549,0.17805155209208437,0.19777362855589295,0.18508677262553747,0.1748010559536165,0.17844010655630227,0.2011284267461579,0.2620208196714671,0.13865868181530625,0.2850424809766918,0.10486517722798823,0.22404493101223552,0.24654412538529344,0.22311572828332224,0.1884152093014906,0.08622436351725714,0.18907216726345524,0.2637761175714775,0.18132913311741972,0.19382494614288,0.21986117864719437,0.09555354411959506,0.21548619010995973,-0.006204436834046763,0.1240465658471355
0.05544884000828773,0.216267761934803,0.2559938711023288,0.2277150064101195,0.21525481809009622,0.2852361751791701,0.1760185646158322,1.1046885904412296,0.0825573728145743,0.21413727813406144,0.22611017480702156,0.14232853819127683,0.12646294076155665,0.1604669261362164,0.19416477817650943,0.13156138986607085,0.24340776161026573,0.3728927190749357,0.18711288821574634,0.3298035100974582,0.2075329634218759,0.13952815107645938,0.1577108435401825,0.1800481441843013,0.10183179286535343,0.2670140940060199,0.24989309268402146,-0.02440718804330256,0.21543628845983115,0.22282723619957318,0.16394262939097579,0.1643008965673404,0.12679573778193418,0.29773502861152634,0.2861796327923066,0.07944292747909508,0.39007855392496604,0.22030535475285917,0.2810538926628968,0.18613497762620992,0.16697764214276414,0.21996426104419603,0.3214387660213485,0.13512145426534308,0.22294011941634234,0.06208636135538776,0.3956297686910025,0.03989895502622725,0.39352517176674434
0.0389326962282818,0.22694075868521366,0.271316469478223,0.12854678977195252,0.11548337157326351,0.14218566572584693,0.2977591227379625,0.0825573728145743,0.6476461377897758,0.183262600841106,0.16001587033400155,0.209808096994596,0.12638804643876098,0.275582927236949,0.02019489952341454,0.22306776538050033,0.2238732099475067,0.2141798969778874,0.008591328309692479,0.16446297231458476,0.1547637246451767,0.3823292627308445,0.11062045145413205,0.15975182675780994,-0.014252622503282063,0.14595861180478215,0.17740919678729006,0.18992355380591455,0.04964301334366519,0.2000980040806313,0.15945382187746793,0.2691284564321062,0.2327964628620384,0.10817935916074577,0.09006460537968532,0.19314240775186206,0.286607888601333,0.24630175277685537,0.08012544184324163,0.061661562036931336,0.13961083343304473,0.18262857961668166,0.17423506193376806,0.18466552484942206,0.13328643704171494,0.12486707485435017,0.21482991435379908,-0.023765054506655614,0.14827840508770598
0.10992411238363398,0.2948532776254297,0.3342934792691926,0.11685446978219026,0.09461517125415969,0.17558498833440098,0.19857214181233557,0.21413727813406144,0.183262600841106,0.9654797977640193,0.17423423436475702,0.3056917263162732,0.11217608477146522,0.21110368650046063,0.3049618266850016,0.14300571625693956,0.2748336498372738,0.27544210834390354,0.0798432881494348,0.20364222568565093,0.1407402263569459,0.16951897791177734,0.12527029307158324,0.18462900749121983,0.25804426158082133,0.14030115874449436,0.33414694521227245,0.16709156278378767,0.2557937775968348,0.21904260853263866,0.22693543213986747,0.212104155595265,0.0894465751389244,0.47221761238496424,0.23634210347520912,0.3016508255957585,0.3312085940766667,0.20906196252152706,0.0253876715233736,0.08455641236494349,0.2378605970565696,0.20429772514866723,0.2961254478859368,0.09167127631772698,0.1054541649868652,0.24775759741370895,0.3321425159155474,0.00042964205273899225,0.03598391962413424
0.05576268847838537,0.17528428209265398,0.13737873035075052,0.1735427343991341,0.17240592268853505,0.23743601810925133,0.20264514786076682,0.22611017480702156,0.16001587033400155,0.17423423436475702,0.5010978500932426,0.2710941022606393,0.18739864554195615,0.1609755241508897,0.23737014264161263,0.21529429899496005,0.28007490741820357,0.21846108043789692,0.14881753769706293,0.2366851065683461,0.17143045535829043,0.19637622526894502,0.07270739867874386,0.19374086341223162,0.16929488076416033,0.20182559689782315,0.18354231310127486,0.18051888617337833,0.19110234243462035,0.11235068322847323,0.18037037668601347,0.1700628753619595,0.14689293356257818,0.2348449729013015,0.2031891962748437,0.1790925151520521,0.2074140869282421,0.1621150378381996,0.18042236198038847,0.12815702478502297,0.142715854883921,0.19259062828228732,0.16095774008524136,0.13438211863786179,0.10423559783163777,0.0866463691976834,0.21089008806065962,0.007111970034104818,0.23581528437277824
0.07804442963598328,0.2016578008084199,0.1567737190203344,0.20873978709756427,0.21711082604567195,0.20380137403209578,0.3055858227523078,0.14232853819127683,0.209808096994596,0.3056917263162732,0.2710941022606393,0.650351114761937,0.11461518595954913,0.3177943201116257,0.22875961760140062,0.30051555978260214,0.28101879668148383,0.20519045773681308,0.14981670911015865,0.20676775026160873,0.19054216091660184,0.24028782305658777,0.12857588605361905,0.17558615374476597,0.17067999829249678,0.19701237495162074,0.26706541305123965,0.1350099233041696,0.19859729004492485,0.11976349053262408,0.2348910918284861,0.30977127913386815,0.16815786564644664,0.3103461790947049,0.19193286493031822,0.27062261142200966,0.18887776329020958,0.1953864213618133,0.16694358599144896,0.1428087150105312,0.1412168340461621,0.22919900858758496,0.1895609910671261,0.11271670340984767,0.15454601735320317,0.11464477402409447,0.22063104087783608,-0.0056143150775136265,0.12060903065657082
0.03306791462305855,0.09661950187958093,0.07596365756418284,0.10380502819561355,0.11809967355887832,0.12970787372319356,0.1273580856667656,0.12646294076155665,0.12638804643876098,0.11217608477146522,0.18739864554195615,0.11461518595954913,0.33007120569348236,0.12619078182781945,0.0016046125914668536,0.16850745984320945,0.11971603529984881,0.1603853598781147,0.07680202931263086,0.11546165142394596,0.09778057014100412,0.14775228036559465,0.08385770373959323,0.11164684468505792,0.08606196000985733,0.10221699540408836,0.06750269472892191,0.0884747294898605,0.14055065868631464,0.10266538919573344,0.08901882105056759,0.13081382122839427,0.08815709463858493,0.15209535435569835,0.13707152683457932,0.09086736625723094,0.10359477493015633,0.09288421476038018,0.12212468380532511,0.06121941711126862,0.10903767881660077,0.07198736570783283,0.09058419154459835,0.13734955166762006,-0.04564017870939792,0.08302809818695105,0.15146515918067563,0.0015065510680468683,0.188221437794901
0.05082620788734009,0.14099122179264456,0.09515617292152993,0.20290313818641834,0.2218156456132299,0.23582674446132254,0.25928143797536074,0.1604669261362164,0.275582927236949,0.21110368650046063,0.1609755241508897,0.3177943201116257,0.12619078182781945,0.7792649975044353,0.17044860031948383,0.5567806208530028,0.2993462903506023,0.07612481856427641,0.2142504400341056,0.28761080242600445,0.2131913150999835,0.4403811496292627,0.07026864661567613,0.19099962172040136,0.1300155069345873,0.2989724864472097,0.29028666013823184,0.37848601564330614,0.19890661800450957,0.3145691048811098,0.2732533703331302,0.6719600743197947,0.21938346424573493,0.3232284138616687,0.18788953052723234,0.3299883623345437,0.2213456953618678,0.3506490281007093,0.2550195625188232,0.13291456201010815,0.3182530778398795,0.20128001534525228,0.2461795170931131,0.2862584361152854,0.23551433198478966,0.09831734165540439,0.2909578812906664,-0.015138467972752371,0.25082476608410276
0.1277767320431993,0.3252331288600921,0.2709699944242812,0.1768103681504618,0.21846358448207592,0.26890908338420927,0.13694540738807118,0.19416477817650943,0.02019489952341454,0.3049618266850016,0.23737014264161263,0.22875961760140062,0.0016046125914668536,0.17044860031948383,1.1953888171473954,0.1087501229336122,0.2750975701194956,0.1062930788849263,0.23069247337539503,0.252632420471652,0.18315293314693842,0.11728410193042008,0.013217805522479758,0.20918132254975608,0.2418171943471994,0.24629926776247463,0.2849665391134138,0.2901791112846586,0.2079330895998737,0.21521941122819202,0.21465685464962925,0.16246717150858647,0.14488584118282624,0.32107939900764865,0.19380660435321329,0.25110106749857297,0.279138897697184,0.1532309208742162,0.14505496467027773,0.11490787865865966,0.18723160777691641,0.27509850110333206,0.23173585977181066,0.09218552484910396,0.3227112907626497,0.06838029810194104,0.21601902667422565,0.021336610933695353,0.1654462105695501
0.05243043139005877,0.14400545942125623,0.041441290172181414,0.21965556022548488,0.25125176468398397,0.23226121910840794,0.2507003843267495,0.13156138986607085,0.22306776538050033,0.14300571625693956,0.21529429899496005,0.30051555978260214,0.16850745984320945,0.5567806208530028,0.1087501229336122,1.0408895067028927,0.23953068571596822,0.1812221569927114,0.23856454427983792,0.28877067968673376,0.16533540352097953,0.5146958321580977,0.02990345484289532,0.20906396582392195,-0.019502734234978922,0.22666115748686738,0.16707789904552856,0.3160664997680317,0.21351719347411988,0.26248872467794454,0.19384223333241526,0.5084731044204321,0.1643379488597232,0.29357347629082997,0.3279123341540684,0.20080698616893156,0.248730885112247,0.27267982317454653,0.29860471802280475,0.16518910819339602,0.24987299262700188,0.14889205779590914,0.18184509628390227,0.293257629502585,0.15800177286088082,0.04276044661431317,0.2607917428141643,-0.022201028158451708,0.4791686605802181
0.056065517050485965,0.240148112791454,0.2725250446609099,0.17154759058831812,0.12012644356353516,0.2895065652875407,0.2710912124244007,0.24340776161026573,0.2238732099475067,0.2748336498372738,0.28007490741820357,0.28101879668148383,0.11971603529984881,0.2993462903506023,0.2750975701194956,0.23953068571596822,0.7891739217809595,0.08384744346615408,0.1869056375779367,0.35128028611694434,0.24306020793184738,0.3045727018887954,0.021065959544713794,0.214962116444116,0.5035626426325546,0.17057436423793948,0.3904574477979084,0.5067901925520184,0.16572400556085198,0.30431340575699517,0.32751367930196773,0.2796741471563768,0.2604120942600247,0.30372645837420703,0.24378775713645634,0.3810882693761662,0.4171810592271957,0.37048326926471986,0.10705549371752653,0.10176524577736254,0.3135757346235101,0.46836210606713247,0.310055692928274,0.2468245492588426,0.4239126649647604,0.14228548770455454,0.35558849343199467,-0.010179025017061081,-0.22085386543832736
0.086553940083646,0.3563645819778961,0.222820213293884,0.15071700625042606,0.13621904985357466,0.21066195898791185,0.21754419372830872,0.3728927190749357,0.2141798969778874,0.27544210834390354,0.21846108043789692,0.20519045773681308,0.1603853598781147,0.07612481856427641,0.1062930788849263,0.1812221569927114,0.08384744346615408,1.0003357522861531,0.04803157783726538,0.14835804962286864,0.19428616910629373,0.11883280483258485,0.28081845028515606,0.241399806634414,0.1547517385275123,0.12662015052176948,0.03481172341481124,-0.0767862984847062,0.29034198125162985,0.07532515879600027,0.15175815693321218,0.08483510878839003,0.038603380027338506,0.2803026614687687,0.17593405629447453,0.09311142626225948,0.3676763891090491,0.14499289291703255,0.23045614815594584,0.11470199563287325,0.1776102296148141,0.16428001846991241,0.1853864508356717,0.1268768373905582,0.08893247998276756,0.12111089415523597,0.4703592346217288,0.01110346122501493,0.11743945439760843
0.07481924348869465,0.03330961766350313,0.015307719080303813,0.2375377966169505,0.3494949541765734,0.3712667621908396,0.10440062973206635,0.18711288821574634,0.008591328309692479,0.0798432881494348,0.14881753769706293,0.14981670911015865,0.07680202931263086,0.2142504400341056,0.23069247337539503,0.23856454427983792,0.1869056375779367,0.04803157783726538,0.8392310663583641,0.13444711039136759,0.20639567859345942,0.18425951102458485,-0.059729580488226026,0.12365989994286217,0.1856888432157652,0.17909840314935546,0.13416810804428406,0.2638331982170253,0.12254717671426012,0.12364922901076456,0.1860565793203228,0.19214154921065754,0.1294857235802819,0.20939627973243297,0.060811898575711475,0.09498009717826737,0.21266294480138848,0.17993971948136264,0.4641162798018604,0.10111217576778907,0.20508019195016344,0.19469659356276456,0.10818350764139198,0.24477396768863607,0.34088113339987447,-0.07010737931770317,0.12139790899395334,0.039912750796997236,0.2731245026579058
0.04065012531668465,0.33268228601801303,0.21832873086830945,0.1983819714383981,0.1644137123759763,0.35567727065473004,0.2087805036234859,0.3298035100974582,0.16446297231458476,0.20364222568565093,0.2366851065683461,0.20676775026160873,0.11546165142394596,0.28761080242600445,0.252632420471652,0.28877067968673376,0.35128028611694434,0.14835804962286864,0.13444711039136759,1.1966014871758202,0.09609918228183587,0.16939981518569475,-0.060973808068897566,0.2741402548204996,0.30328536367532594,0.3501842780105922,0.16511054567061326,0.18560028146455038,0.346671927017973,0.20742967813530078,0.19460153830558302,0.26773424356168696,0.03158767654129328,0.3661045275276232,0.20514285907436677,0.10371942067010118,0.6039586471398346,0.2380987141840622,0.4298564115545892,0.2515914031655049,0.16979244244850514,0.3476335489013186,0.2646680426731734,0.027313903228100983,0.45997760041123076,0.18494597330274293,0.19011275789462823,0.0402279807017899,0.37712920367728114
0.06666483933091422,0.1562656139276316,0.15696803176231985,0.16551975996033683,0.1576833461785467,0.2573723702700839,0.21441198907346387,0.2075329634218759,0.1547637246451767,0.1407402263569459,0.17143045535829043,0.19054216091660184,0.09778057014100412,0.2131913150999835,0.18315293314693842,0.16533540352097953,0.24306020793184738,0.19428616910629373,0.20639567859345942,0.09609918228183587,0.7315648379272401,0.15394589929647287,0.2912568401601684,0.10756981471982789,0.04865642607837183,0.15856401394049136,0.1615322441144176,0.26644413236009523,0.17234429694746195,0.3423849920713938,0.3229703054937347,0.21436742246147517,0.18689940045748102,0.25947556484864087,0.321550609961981,0.34228873702797924,0.2598641494573173,0.2860956583418944,0.6615804491887309,0.2473158095968771,0.44220545134058886,0.3898128804850576,0.18930534050833436,0.439379712232885,0.6836486032932865,-0.035451645670959514,0.38778978487249083,0.026898834272933127,-0.05905146099015209
0.06603955910781442,0.18452460260989373,0.19748279947333933,0.1793075627987464,0.17616315508149888,0.23538668414157152,0.28136108990635605,0.13952815107645938,0.3823292627308445,0.16951897791177734,0.19637622526894502,0.24028782305658777,0.14775228036559465,0.4403811496292627,0.11728410193042008,0.5146958321580977,0.3045727018887954,0.11883280483258485,0.18425951102458485,0.16939981518569475,0.15394589929647287,1.1228590931206182,0.06288971956734629,0.17669756641592418,-0.06557697179607126,0.21189456510574486,0.3328763858814997,0.345173227510336,0.027607424910070955,0.23745569329111957,0.19804890959675642,0.42686878339304646,0.31333321078213383,0.19088423166663804,0.22748901943841238,0.26197911874248503,0.29614384309931474,0.3715798832826842,0.13884220297247327,0.10023459050993073,0.18867598727306492,0.2288541043615743,0.24731032281806703,0.32430326063662007,0.1366148229047265,0.11926214935917902,0.22341385691946739,-0.10360906502493691,0.43774544004553384
0.03113757334074502,-0.1276184986814038,-0.008866757037580882,0.07154443769647738,0.09662291368328327,0.02368669978876608,0.12510621066043767,0.1577108435401825,0.11062045145413205,0.12527029307158324,0.07270739867874386,0.12857588605361905,0.08385770373959323,0.07026864661567613,0.013217805522479758,0.02990345484289532,0.021065959544713794,0.28081845028515606,-0.059729580488226026,-0.060973808068897566,0.2912568401601684,0.06288971956734629,1.609515424989236,0.10048498175250298,0.09545792785401572,-0.09949399197690573,0.08031690330763637,-0.442052613606788,0.330035319350651,0.3957632634896681,0.3502580667281823,0.05673415376687547,0.12038125531764167,0.29760924710868464,0.20468917331452655,0.5185518158736769,0.021139660391297124,0.04091710115571674,1.1717662074942203,0.2721361951614162,0.44153903855629023,0.02058700455835943,0.06268771392877481,0.7813883206991953,-0.12285643359981449,0.10501654725741069,0.4552504666714274,0.0633598682988779,0.24694829214888128
0.03901968178062207,0.15193978666578728,0.1613438526818942,0.14975359349465844,0.13949165202361893,0.23353827196698262,0.18406375598305522,0.1800481441843013,0.15975182675780994,0.18462900749121983,0.19374086341223162,0.17558615374476597,0.11164684468505792,0.19099962172040136,0.20918132254975608,0.20906396582392195,0.214962116444116,0.241399806634414,0.12365989994286217,0.2741402548204996,0.10756981471982789,0.17669756641592418,0.10048498175250298,0.7425079027714183,0.4405945720110251,0.14918852044476114,0.12043603663220147,0.15600856832133245,0.19904910103107093,0.2457566269920821,0.17238785407166138,0.1825585083907389,0.15384512694975908,0.22927861022556734,0.2578082574567633,0.191374223318679,0.2286598434644708,0.17903937833417144,0.029234945871936723,0.09565524696390398,0.13601433739161362,0.15725441107042448,0.15533537697190108,0.11407853075627954,0.059100731490850184,0.08008533087762656,0.2472340487314517,0.004494057536872788,0.36639951093801104
0.19862233510757873,0.18241049256911923,0.28767994784658674,0.10274804434631883,0.05409038627575649,0.27598449297651595,0.145177315028549,0.10183179286535343,-0.014252622503282063,0.25804426158082133,0.16929488076416033,0.17067999829249678,0.08606196000985733,0.1300155069345873,0.2418171943471994,-0.019502734234978922,0.5035626426325546,0.1547517385275123,0.1856888432157652,0.30328536367532594,0.04865642607837183,-0.06557697179607126,0.09545792785401572,0.4405945720110251,3.6291022815883216,0.44387110137152214,0.5694447041862363,0.40363394455596424,0.48934972427911594,0.2666222777826777,0.5179592628542382,0.11085223050335848,0.11988657417078966,0.33464244832327916,0.2646084936197021,0.5669380125397654,-0.06765980541331412,0.4412855073351993,-0.5995295701774969,-0.13351556689692848,0.36298000728092444,0.43951182573583153,0.40599822392644747,0.16053059066357342,0.3643247241709887,0.3780287855306352,0.34196770030078577,-0.07894867308594805,-2.1850427771528476
0.03658726690837819,0.135561256589606,0.11651235141731885,0.19628660986722613,0.22060772799667233,0.2897131806943586,0.17805155209208437,0.2670140940060199,0.14595861180478215,0.14030115874449436,0.20182559689782315,0.19701237495162074,0.10221699540408836,0.2989724864472097,0.24629926776247463,0.22666115748686738,0.17057436423793948,0.12662015052176948,0.17909840314935546,0.3501842780105922,0.15856401394049136,0.21189456510574486,-0.09949399197690573,0.14918852044476114,0.44387110137152214,1.4782619309890084,0.12736535655580872,0.2860200604321924,0.2072028201729046,-0.3762869720625022,0.22079012320940838,0.30889575958351234,0.09806295438336393,0.2931682725582222,0.2406491821200601,0.20725167341804862,-0.29297528091149866,0.052172510588239546,0.35639728608208454,0.3099802670436691,0.11734526415253914,0.31558828446964077,0.06280000538965297,-0.019700670830794426,0.4107858968334596,-0.15525499720998065,-0.11689341426375904,0.017043694113478818,0.7893763141891333
0.0714387645550389,0.30860161976605677,0.24129908647978668,0.0930434092913799,0.042990342105572774,0.15585122550257968,0.19777362855589295,0.24989309268402146,0.17740919678729006,0.33414694521227245,0.18354231310127486,0.26706541305123965,0.06750269472892191,0.29028666013823184,0.2849665391134138,0.16707789904552856,0.3904574477979084,0.03481172341481124,0.13416810804428406,0.16511054567061326,0.1615322441144176,0.3328763858814997,0.08031690330763637,0.12043603663220147,0.5694447041862363,0.12736535655580872,2.1074814777341926,0.5679805452957326,-0.0003678952078977886,0.3055917199133418,0.5677865671455944,0.29118862474362106,0.46630015721255297,0.3326889474124513,0.5227479703873623,0.9406854780005304,0.3541264607698483,0.3970828712634648,-0.1684723100911157,0.3642339564664199,0.23930680773548338,0.17161563788206216,1.1942667425007496,-0.1380559468102602,0.05711295662789525,0.3371813038824375,0.138488288925435,-0.015823956454933872,0.5276718029142997
0.05374467998070047,0.22186853450812483,0.21355227214350478,0.11150823903002624,0.0751720444473333,0.24763559199368787,0.18508677262553747,-0.02440718804330256,0.18992355380591455,0.16709156278378767,0.18051888617337833,0.1350099233041696,0.0884747294898605,0.37848601564330614,0.2901791112846586,0.3160664997680317,0.5067901925520184,-0.0767862984847062,0.2638331982170253,0.18560028146455038,0.26644413236009523,0.345173227510336,-0.442052613606788,0.15600856832133245,0.40363394455596424,0.2860200604321924,0.5679805452957326,1.8856929330944874,-0.24663449183504382,0.44676121479671066,0.4123664258023086,0.37220756496223306,0.40924672616169144,0.14940991054550823,0.2650762955174687,0.744547196166684,0.11501395707478045,0.41056329086816457,0.018410909098833174,0.005350270285592544,0.5445496522042733,0.11840475199464301,0.3812462720693048,0.62262777922997,0.5090782240677225,-0.04706042498529196,0.10269966809860506,-0.01290573111186808,-0.15128792208767364
0.05715439325441727,0.2249967898864741,0.16749832384634453,0.18560670483908487,0.19304122293600795,0.2958844600162824,0.1748010559536165,0.21543628845983115,0.04964301334366519,0.2557937775968348,0.19110234243462035,0.19859729004492485,0.14055065868631464,0.19890661800450957,0.2079330895998737,0.21351719347411988,0.16572400556085198,0.29034198125162985,0.12254717671426012,0.346671927017973,0.17234429694746195,0.027607424910070955,0.330035319350651,0.19904910103107093,0.48934972427911594,0.2072028201729046,-0.0003678952078977886,-0.24663449183504382,1.955378456993054,0.0974940569404869,0.0559009357313421,0.2036472446990537,-0.3244474205506881,0.7199089924035385,0.2052962556650029,0.37826761263486325,-0.33285528134066866,-0.26804244388863174,0.44474920322541256,0.24254352775225962,0.34848929619412217,0.051038031879452564,-0.0096437063841774,-0.28981682017828964,-0.16663520116732117,0.4632813915749604,0.25148753117896033,-0.028992028563394102,0.6083822142388606
0.06111834518904147,0.1315530825606037,0.0778429006336449,0.03231094021059475,-0.017736629510605628,0.06193104210042847,0.17844010655630227,0.22282723619957318,0.2000980040806313,0.21904260853263866,0.11235068322847323,0.11976349053262408,0.10266538919573344,0.3145691048811098,0.21521941122819202,0.26248872467794454,0.30431340575699517,0.07532515879600027,0.12364922901076456,0.20742967813530078,0.3423849920713938,0.23745569329111957,0.3957632634896681,0.2457566269920821,0.2666222777826777,-0.3762869720625022,0.3055917199133418,0.44676121479671066,0.0974940569404869,2.9887597281482368,0.28285392125115033,0.30747810190887404,0.3844061154335648,0.13526031460481613,0.7343831275534117,0.3078125624017773,0.859367238885533,0.8779368566965038,0.014979797081247189,-0.04404683063920883,0.9239780274320342,0.33831241857910177,0.8818541834546627,0.9318073217444917,0.4499878323211026,0.12693168091958965,1.3367130769826345,0.09591311272315675,-0.055670312483317635
0.08277945394862266,0.1467546373814259,0.16673972976851623,0.1501659881547986,0.15238339545597962,0.2202063317807073,0.2011284267461579,0.16394262939097579,0.15945382187746793,0.22693543213986747,0.18037037668601347,0.2348910918284861,0.08901882105056759,0.2732533703331302,0.21465685464962925,0.19384223333241526,0.32751367930196773,0.15175815693321218,0.1860565793203228,0.19460153830558302,0.3229703054937347,0.19804890959675642,0.3502580667281823,0.17238785407166138,0.5179592628542382,0.22079012320940838,0.5677865671455944,0.4123664258023086,0.0559009357313421,0.28285392125115033,0.9744634939432207,0.26282417454801366,0.19748943963673737,0.30627028637659504,0.25139148457711274,0.8234895839067062,0.24920556259887772,0.4178832201352635,0.572880600142457,0.2322872852928767,0.4813100897485827,0.29181094515516687,0.3128093911857446,0.36762747527655465,0.39359412185043646,0.18783956431945553,0.32631781637132035,-0.005786206208060278,-0.3607220667513938
0.049581472975637246,0.14829745305023323,0.10373891156032868,0.2053229034748098,0.22168271718570387,0.2402355307060149,0.2620208196714671,0.1643008965673404,0.2691284564321062,0.212104155595265,0.1700628753619595,0.30977127913386815,0.13081382122839427,0.6719600743197947,0.16246717150858647,0.5084731044204321,0.2796741471563768,0.08483510878839003,0.19214154921065754,0.26773424356168696,0.21436742246147517,0.42686878339304646,0.05673415376687547,0.1825585083907389,0.11085223050335848,0.30889575958351234,0.29118862474362106,0.37220756496223306,0.2036472446990537,0.30747810190887404,0.26282417454801366,0.7521460611568707,0.22282428841265273,0.3343308948561271,0.15268981627140474,0.3315537527588162,0.18213025431822955,0.35795857933123093,0.22184757970726124,0.12167693025645185,0.29818667627072015,0.1943063720822606,0.24321215128425866,0.2655703819096685,0.21439990681429205,0.10269749415249892,0.28785609618831853,-0.017370426924048426,0.22545142527047266
0.06536724754693496,0.12518152294724216,0.12126467425485707,0.04036107872482087,0.045162244743787404,-0.001458560192497797,0.13865868181530625,0.12679573778193418,0.2327964628620384,0.0894465751389244,0.14689293356257818,0.16815786564644664,0.08815709463858493,0.21938346424573493,0.14488584118282624,0.1643379488597232,0.2604120942600247,0.038603380027338506,0.1294857235802819,0.03158767654129328,0.18689940045748102,0.31333321078213383,0.12038125531764167,0.15384512694975908,0.11988657417078966,0.09806295438336393,0.46630015721255297,0.40924672616169144,-0.3244474205506881,0.3844061154335648,0.19748943963673737,0.22282428841265273,1.7488016427763244,-0.20733111671457016,0.3099910568626844,0.1344450465109738,0.8227536345757821,0.44114222716044393,-0.37276026307540067,0.14958848781556938,-0.23532900382645153,0.17214791421258205,0.37310305462248855,0.34950360938121783,0.2607328796990992,-0.054466238866336905,0.3496333170612528,0.0006499733161290219,0.21213799975057634
-0.040212394642972764,0.21717112423993817,0.146020013462563,0.2957289556466865,0.3756036560125289,0.35946894780623384,0.2850424809766918,0.29773502861152634,0.10817935916074577,0.47221761238496424,0.2348449729013015,0.3103461790947049,0.15209535435569835,0.3232284138616687,0.32107939900764865,0.29357347629082997,0.30372645837420703,0.2803026614687687,0.20939627973243297,0.3661045275276232,0.25947556484864087,0.19088423166663804,0.29760924710868464,0.22927861022556734,0.33464244832327916,0.2931682725582222,0.3326889474124513,0.14940991054550823,0.7199089924035385,0.13526031460481613,0.30627028637659504,0.3343308948561271,-0.20733111671457016,1.6977591086787216,0.35925247769412944,0.3630318631516683,0.4175364316765531,0.17153160884846183,0.3175035015205349,0.1462715957490121,0.43074267298745855,0.33746126889861083,0.33946765269508594,0.22197033760577717,0.2475863444692496,0.36202996101932355,0.3663299022762531,0.017192488458636142,0.3550815585914975
0.023179925503580046,0.16419614426442986,0.15154834409934864,-0.047916720728803326,-0.06144718744471529,0.05659235718360681,0.10486517722798823,0.2861796327923066,0.09006460537968532,0.23634210347520912,0.2031891962748437,0.19193286493031822,0.13707152683457932,0.18788953052723234,0.19380660435321329,0.3279123341540684,0.24378775713645634,0.17593405629447453,0.060811898575711475,0.20514285907436677,0.321550609961981,0.22748901943841238,0.20468917331452655,0.2578082574567633,0.2646084936197021,0.2406491821200601,0.5227479703873623,0.2650762955174687,0.2052962556650029,0.7343831275534117,0.25139148457711274,0.15268981627140474,0.3099910568626844,0.35925247769412944,2.991028452559703,0.2782580064645669,0.22983362986150407,0.18410045178135995,0.11784045782923638,0.8311331900673585,0.07208995102447006,0.19548103270948722,0.5490715249933157,0.32127574691303257,0.3996773583455176,-0.02804412318514255,0.42258365820067223,0.03310684098694974,0.7670633882144472
0.07069853738297524,0.14130089163435977,0.2289119049852783,0.10384142620554139,0.08256449090643445,0.12563840820182004,0.22404493101223552,0.07944292747909508,0.19314240775186206,0.3016508255957585,0.1790925151520521,0.27062261142200966,0.09086736625723094,0.3299883623345437,0.25110106749857297,0.20080698616893156,0.3810882693761662,0.09311142626225948,0.09498009717826737,0.10371942067010118,0.34228873702797924,0.26197911874248503,0.5185518158736769,0.191374223318679,0.5669380125397654,0.20725167341804862,0.9406854780005304,0.744547196166684,0.37826761263486325,0.3078125624017773,0.8234895839067062,0.3315537527588162,0.1344450465109738,0.3630318631516683,0.2782580064645669,2.6554947617521885,-0.49759997744415924,0.00506686889516952,0.27666509934036454,0.5102121982377167,0.5447943937411571,0.1872111279311225,0.06014818863637953,-0.3823923232831246,-0.1597372458345522,0.8578837938656487,0.07528662054191482,-0.19044441739175827,-1.3330291142446216
0.0739932958324051,0.567404040095786,0.3665125468092525,0.1801515696452962,0.18065662935800123,0.2722188586773708,0.24654412538529344,0.39007855392496604,0.286607888601333,0.3312085940766667,0.2074140869282421,0.18887776329020958,0.10359477493015633,0.2213456953618678,0.279138897697184,0.248730885112247,0.4171810592271957,0.3676763891090491,0.21266294480138848,0.6039586471398346,0.2598641494573173,0.29614384309931474,0.021139660391297124,0.2286598434644708,-0.06765980541331412,-0.29297528091149866,0.3541264607698483,0.11501395707478045,-0.33285528134066866,0.859367238885533,0.24920556259887772,0.18213025431822955,0.8227536345757821,0.4175364316765531,0.22983362986150407,-0.49759997744415924,4.532179079201943,1.2002379418014828,-0.837055548575031,-0.1565019140274323,0.017742428265157227,0.5380667529786624,1.1309592768074312,0.4122921394734615,1.7021072062646403,0.6643262249088052,0.8614725984726305,0.0999257193018748,0.1000745527389202
0.09428590031529475,0.2411390675034385,0.24891727100458805,0.14247688885816512,0.1121060462072438,0.23521487084892964,0.22311572828332224,0.22030535475285917,0.24630175277685537,0.20906196252152706,0.1621150378381996,0.1953864213618133,0.09288421476038018,0.3506490281007093,0.1532309208742162,0.27267982317454653,0.37048326926471986,0.14499289291703255,0.17993971948136264,0.2380987141840622,0.2860956583418944,0.3715798832826842,0.04091710115571674,0.17903937833417144,0.4412855073351993,0.052172510588239546,0.3970828712634648,0.41056329086816457,-0.26804244388863174,0.8779368566965038,0.4178832201352635,0.35795857933123093,0.44114222716044393,0.17153160884846183,0.18410045178135995,0.00506686889516952,1.2002379418014828,2.076497490703041,-0.658191874808155,-0.07590868773538237,0.42356755458915235,0.6483643412895185,1.1618019206704684,0.7413544211913846,0.8837121809531476,0.2398672917790785,0.7464045464985749,0.08447233356687837,-0.7185177744555414
0.029769346979341027,-0.12569004080894058,-0.15037878693251697,0.2876956627967125,0.37073706354223074,0.4133772663674327,0.1884152093014906,0.2810538926628968,0.08012544184324163,0.0253876715233736,0.18042236198038847,0.16694358599144896,0.12212468380532511,0.2550195625188232,0.14505496467027773,0.29860471802280475,0.10705549371752653,0.23045614815594584,0.4641162798018604,0.4298564115545892,0.6615804491887309,0.13884220297247327,1.1717662074942203,0.029234945871936723,-0.5995295701774969,0.35639728608208454,-0.1684723100911157,0.018410909098833174,0.44474920322541256,0.014979797081247189,0.572880600142457,0.22184757970726124,-0.37276026307540067,0.3175035015205349,0.11784045782923638,0.27666509934036454,-0.837055548575031,-0.658191874808155,6.096611748875494,1.1543400174936949,0.8527694003877124,-0.05850159866652448,-0.47927402491680887,1.5390372122136826,0.7802308212923789,-0.8646005337109688,0.17792292482847394,0.13118214798168334,2.413121860609625
0.00372635509931553,0.04238399605665043,-0.07279703535751425,0.0748912574578971,0.1038374100408213,0.119670646177523,0.08622436351725714,0.18613497762620992,0.061661562036931336,0.08455641236494349,0.12815702478502297,0.1428087150105312,0.06121941711126862,0.13291456201010815,0.11490787865865966,0.16518910819339602,0.10176524577736254,0.11470199563287325,0.10111217576778907,0.2515914031655049,0.2473158095968771,0.10023459050993073,0.2721361951614162,0.09565524696390398,-0.13351556689692848,0.3099802670436691,0.3642339564664199,0.005350270285592544,0.24254352775225962,-0.04404683063920883,0.2322872852928767,0.12167693025645185,0.14958848781556938,0.1462715957490121,0.8311331900673585,0.5102121982377167,-0.1565019140274323,-0.07590868773538237,1.1543400174936949,1.5983486754816727,-0.21065413003833938,0.05015447870646647,0.27052415890232917,-0.22356419106902417,0.34603093510043004,0.1459610036781811,0.04381480547003893,-0.03168685717811563,0.4347556177526349
0.06504312728875235,0.11200335942222797,0.15513898526872832,0.13080208538504706,0.1258955449699024,0.1693340007917691,0.18907216726345524,0.16697764214276414,0.13961083343304473,0.2378605970565696,0.142715854883921,0.1412168340461621,0.10903767881660077,0.3182530778398795,0.18723160777691641,0.24987299262700188,0.3135757346235101,0.1776102296148141,0.20508019195016344,0.16979244244850514,0.44220545134058886,0.18867598727306492,0.44153903855629023,0.13601433739161362,0.36298000728092444,0.11734526415253914,0.23930680773548338,0.5445496522042733,0.34848929619412217,0.9239780274320342,0.4813100897485827,0.29818667627072015,-0.23532900382645153,0.43074267298745855,0.07208995102447006,0.5447943937411571,0.017742428265157227,0.42356755458915235,0.8527694003877124,-0.21065413003833938,2.276346363580888,0.3602935244021348,0.11903521115840004,0.9950017393824151,0.09852300054686414,0.25377331348689386,0.7387512625397231,0.14740227991923088,0.3502821966323861
