3.8294262787580533,0.632950260717219,0.5057614881632455,0.3888034896919838,1.501032536550205,0.7636761779800446,0.734304131650011,0.7897023042989735,0.12133506418620502,0.7132914356698236,0.6204445007215407,0.6141734827447168,0.6520918215190805,0.4762715439679102,0.5333462410337487,0.5150777688112977,0.5051897901897358,0.8229979665759707,0.2987883546999441,0.44189169338778705,0.4709938033899943,0.791455342357179,0.7915745260318078,0.3533201804237181,0.5837399790025283,0.39732714093421684,0.4889343825382256,0.21780558025146202,0.19433609925870854,0.7076658770646548,0.40433550050849887,0.48140735418290187,0.42090113153848047,-0.5166238545020502,0.27357466895453797,0.5434018058551148,0.7451600748240219,0.8839808018704046,0.7537750737343567,0.3196666062099104,0.48684307525238213,0.38617272559004306,0.49257618495210714,0.5668932816044348,0.04852732217458899,0.6300472204506732,0.8102037263445792,0.026676553763073166,0.43492258027604136,0.44753418913672915,0.11986679808488182,0.14489680922404358,-0.2046817906179786,-0.10115782830369534,-0.23677252049776099,-0.03781478509302163,-0.15997983840513014,0.44320599520462484,-0.37233876211930195
0.632950260717219,2.358394072668113,0.814793853738972,0.12502679107447587,0.3730230483309069,0.427274705340991,0.21058245623345026,0.42193750992016726,0.1478319003168059,0.3053194366486781,0.27932787406519083,0.28048496395229316,0.30312467242249624,0.1490930977935712,0.23980486241231683,0.20573213371317145,0.27489297975669325,0.5161816422029338,0.03145818389918708,0.3135067484678189,0.299875062899048,0.32517552632788543,0.3539618140796402,0.1764314750999904,0.34780199553007457,0.29577909947321457,0.3252394857195811,0.24591423405570362,0.39569056724548923,0.22296957668914122,0.25814232798080977,0.1713974524490187,0.2250798730115291,0.22755360175868608,0.2183620953359795,0.2681968439365248,0.7098297500650634,0.34609539047012977,0.2773815114162901,0.097403534247228,0.3360589707363655,0.24320345270168084,0.3482225095901237,0.1459376860895802,0.28474350311164204,0.4916555408441377,0.40563250876012197,0.025834565579548045,-0.04909715105987155,-0.07429197975279306,0.2660767424304789,0.21003252282818044,-0.13806351852242976,-0.1817521257872101,-0.0010927681423633265,-0.1734001874530941,-0.3129555264474207,0.0028180227955632575,0.37488071195858264
0.5057614881632455,0.814793853738972,2.0036484842232576,0.2694852245718093,-0.14234125906348485,0.2356918383686589,0.22800717932483666,0.3745634996414903,0.2490327628726886,0.3597397593676678,0.18776110535264207,0.22705240731988727,0.2517913798923496,0.104116703857036,0.239244166705105,0.13081321928165723,0.2575492134444917,0.3468105115684627,0.10492041800510837,0.10542005711108784,0.1902101191562007,0.34840148735280224,0.25276726974603775,0.16957292614288455,0.24706832460037065,0.131923531463062,0.146295546711283,0.22324778980291976,0.15534406969113587,0.038773721169619496,0.24992873016099834,0.154410698548809,0.250341071729469,0.019262841138483793,0.16443541358955086,0.3300183653930162,0.3686100799535393,0.35656587917682836,0.2779256118447752,-0.14178441441369516,0.22548514892948152,0.1343452096410123,-0.008905929345686969,0.25600098472120103,0.2095790705126608,0.5328382561310612,0.23550589639833408,-0.04863734855146025,-0.33713891307822813,0.12009666028435655,0.1410892182864798,0.23875914043733576,-0.183675484086621,-0.21343883001603986,0.11253631803000139,-0.12385931481795398,-0.03233381385664733,-0.1811571976015617,0.13622699398954305
0.3888034896919838,0.12502679107447587,0.2694852245718093,2.0265337153313925,0.3789870878591858,0.43917384571324025,0.11826203493122327,0.5337529880557628,0.03275646926007626,0.2715608725468172,0.3903560711618568,0.35431034231225295,0.3493777453258914,0.24293640580122253,0.2254311589940943,0.30649441008802275,0.2579338067301867,0.2580394462910359,0.21687422357629313,0.20905626272314082,0.20787654421506654,0.40232952706871183,0.2590835801281852,0.20722989878822032,0.33859088663874093,0.1499745668828319,0.23598211377085967,0.03592490234652363,0.19131046115776937,0.28711091342207795,0.1728249606314283,0.25022974236781725,0.10947974139885608,0.30854219117289555,-0.08363784839274213,0.25606786587900693,0.3110397606663047,0.43764770490971205,0.4927459068851154,0.036713954730856,0.32234259784693253,0.15076306526351224,0.14504811464568718,0.8073470657859021,0.08054040811637006,0.1007163331200709,0.3169774276241667,0.023151125214503302,0.20030393498205865,-0.20461388012207918,0.0318746296734749,0.05673615342426515,-0.022710205768579697,-0.0439847242809174,-0.23546473083924585,-0.04272292923904786,-0.1430839222165793,0.09416115024595678,0.1046624475818283
1.501032536550205,0.3730230483309069,-0.14234125906348485,0.3789870878591858,1.8969536900770634,0.8863339476737254,0.28393001790015104,0.4964373973631764,0.2702195584750159,0.43165814116255746,0.49123991903160913,0.468558512745978,0.5116332422430262,0.41591161806343996,0.42932829919078586,0.4481767682869545,0.37901110479168876,0.5323290992505725,0.14606593709900287,0.5185295373495983,0.3830704736274301,0.5038040810463598,0.5529595723999432,0.3159264150686487,0.4547170536042998,0.42541316504879667,0.406968498689436,0.24087325360082246,0.454469702895166,0.3467046643465177,0.2711533416038907,0.3914458102789601,0.1771899661790468,0.5437831269223632,0.04124167530599349,0.37715627504668864,0.5318816068089253,0.48085760566085745,0.4808477138306902,0.28221596835818297,0.40986141331539916,0.3534275545677311,0.4874944495042008,0.35803862431680883,0.05008742988025871,0.3668370792825853,0.5099642090978591,0.05485211512018568,0.5107280743685116,0.0897886536991568,0.03676573974175755,0.01796178347021395,0.09172643971386739,-0.11164839447255892,-0.15618823658648134,0.005998486583207106,-0.2447855082820105,0.14755986012572975,0.12099827000309478
0.7636761779800446,0.427274705340991,0.2356918383686589,0.43917384571324025,0.8863339476737254,1.1870601992618235,0.09715940543030643,0.43068872203794345,0.16767056426561028,0.444184140174653,0.42337378302205736,0.3750973575241945,0.4271250755720389,0.33860481440806167,0.3558346993349019,0.33697713490844056,0.3824449197970587,0.3730433824006376,0.25539317386870347,0.5310968212132055,0.38118571195495127,0.5375431227588646,0.36120419110881286,0.3059894100848198,0.44452487920480327,0.4274487430808487,0.4172903986137089,0.3453239982221539,0.5390707616236808,0.3679441638170775,0.27575431951344836,0.357686280081443,0.14703141077619739,0.48893327850498847,0.1689945265386719,0.27881978590648404,0.6603767371192981,0.5567760349466426,0.4205770436861299,0.24166030248572373,0.33059044339240967,0.3445260881576751,0.561259159891655,0.3759878754247598,0.15307574091293633,0.40039289892323776,0.45037182332445375,0.04897919531318167,0.4414855866904035,0.10477863799386616,-0.37705871184141154,0.14392270431740278,-0.12942717578195276,0.009546075233910187,-0.08560713098750698,-0.03116950092153025,-0.2007241181139624,0.07759663331926914,0.19631859742450622
0.734304131650011,0.21058245623345026,0.22800717932483666,0.11826203493122327,0.28393001790015104,0.09715940543030643,1.2303734303469422,0.25181740344559334,0.31218186262831443,0.2650985311638846,0.3755561987556401,0.4559327001459301,0.46004548661836464,0.3950883812444599,0.2542659116380404,0.36740086183165965,0.3507235238367109,0.3209986521730428,0.0038095164869054216,0.2847883580419419,0.35858224965255464,0.5634209491875678,0.2906882438324018,0.2959755169800082,0.3634888345676964,0.37980429265076066,0.3469276271054413,0.18799179834675375,0.32535819224080326,0.3161380710132074,0.29487029516234264,0.36369413118842153,0.34532898798514094,0.47966385652660504,0.28080803489168893,0.4634508904663076,0.33834574020645575,0.20955564370889102,0.3610111960003848,0.17796886094268066,0.38230119479587366,0.3196519438665684,0.32463092397225823,0.27833994436378884,0.24717390784282658,0.3891671982236751,0.3295641827092268,-0.04371180169256402,0.2642493835259808,-0.08405326855112812,0.023390699092234787,-0.30073289256360985,0.20720974626613722,-0.08495681381105206,0.04516497757089672,0.12559706837668574,-0.15225899770271603,0.022834053522238492,-0.22137174674109913
0.7897023042989735,0.42193750992016726,0.3745634996414903,0.5337529880557628,0.4964373973631764,0.43068872203794345,0.25181740344559334,1.4205130040176852,-0.02967490722320639,0.4113772917871657,0.6095856265200754,0.35109420547199227,0.5619680617705713,0.30148746560703005,0.34214708379732367,0.3252167622139441,0.3583610672541201,0.4922607243256801,0.356505789309516,0.33925690917880946,0.30869106685134967,0.522658335483835,0.38692916714632786,0.24488218463645547,0.4853191744068509,0.43894793588331693,0.42524175474761544,-0.01009401269676849,0.38146540116426464,0.3843407686652126,0.28128913022000024,0.2953724375345169,0.18041511107026945,0.38961815468386096,0.45373809994567454,0.33738489230614166,0.5246136518336894,0.4230859244716092,0.5455739205659813,0.23539543855149395,0.29572199375714175,0.29129162302531453,0.5105793165865165,0.35489738154723954,0.19858973059915905,0.40439943215917046,0.5041060788812981,0.004415388498901038,0.2919957110403643,0.25142105212045673,-0.10340112955720678,-0.021613478420178054,-0.02194655507023402,-0.09349095507545767,-0.2582886670887302,-0.03754404699261273,-0.28215851015504345,0.38450547494002124,-0.052251170096029365
0.12133506418620502,0.1478319003168059,0.2490327628726886,0.03275646926007626,0.2702195584750159,0.16767056426561028,0.31218186262831443,-0.02967490722320639,0.777984783208672,0.25176859798158835,0.1483229866176795,0.23897484854839612,0.20443000797427902,0.21662805111591324,0.23610125814177366,0.1649256215569645,0.1551078365301103,0.15860495492397275,-0.2103972872173704,0.21116356788492305,0.1750502160457131,0.2254891780041994,0.1804112419042252,0.19350409452857972,0.18632960842046284,0.2371289464733941,0.2088068772528492,0.2468949503578474,0.16598728072048852,0.14867928788829718,0.1648870196372989,0.20361845372065765,0.24049903348494783,0.16692462332025956,0.11177005458789842,0.22732902821785955,0.1149392900319942,0.08301271884144225,0.1993774378393896,0.06906266188860756,0.2034805587028011,0.15309898724251172,0.12211657327689335,0.11898480278924839,0.04032827506033571,0.19515585212837755,0.17585550846611803,0.007672907263378256,0.30463656850994597,-0.21307734216256558,-0.004297101574962822,-0.06353393708032949,0.17664870657223983,-0.04076708148690515,0.13344807814905144,0.10717304387097874,-0.013768782488234809,-0.19085286165093301,0.0011794504218616284
0.7132914356698236,0.3053194366486781,0.3597397593676678,0.2715608725468172,0.43165814116255746,0.444184140174653,0.2650985311638846,0.4113772917871657,0.25176859798158835,0.9293281827143541,0.4040872435493473,0.3432990902573304,0.42542058664123306,0.29224616086067756,0.3502725685318509,0.3279623816751709,0.3342309820139306,0.4176379576041511,0.11714661796582727,0.34685607952805464,0.3039451805061091,0.44098035425264703,0.4346185882916619,0.30334129755490163,0.43530012194382844,0.2586852770745728,0.4299804748269413,0.32844429375482687,0.516461566806739,0.4650165978396131,0.2469795339059728,0.300475660308489,0.24369890251490792,0.5245578415814972,0.3558634614332321,0.4325079830831772,0.4535934138467834,0.21177753109249534,0.508593757043978,0.18573481255834745,0.5047384866160168,0.28216937839324424,0.3605832981570349,0.34171464322021217,0.2235969904291027,0.42263615588251296,0.5162681856018071,0.027246456659221575,0.3011779397575916,0.017151794947318097,-0.08103978878290154,-0.09844623574573501,0.029456840570459723,-0.003717475816817591,0.05969788246091284,0.020735832461788894,-0.04693540564898476,-0.1576856325420666,0.12011774664832388
0.6204445007215407,0.27932787406519083,0.18776110535264207,0.3903560711618568,0.49123991903160913,0.42337378302205736,0.3755561987556401,0.6095856265200754,0.1483229866176795,0.4040872435493473,0.7414721228595792,0.45028453801330304,0.5590829858189479,0.364456403259102,0.45274851441507513,0.37055359013403344,0.4113603781856006,0.3957576325875836,0.185710243741699,0.4051504473694865,0.32621727563884373,0.451181996849912,0.373352064808993,0.3022773742918985,0.4505339769501679,0.40950570728365765,0.43602239946051374,0.26377303225933063,0.45335072803833537,0.33738306805478085,0.25893744579796835,0.34331688374102015,0.24388070593365668,0.4804142044240467,0.3781874559721677,0.3759641647647744,0.47786705855082595,0.26841090077607377,0.4358557424116787,0.24668187605270941,0.3628536857962595,0.3213459736741766,0.4281493799776126,0.21746724425381453,0.12558999782686175,0.42202258960056016,0.42648240691391814,0.028012846304483082,0.40744478628384967,0.11265701298793306,-0.15542114680918895,-0.07790200917666693,0.09499438871023864,-0.01200527428595527,-0.11298924150226736,0.034857160781235574,-0.21163918112463187,0.12558094890178287,0.007492614185169072
0.6141734827447168,0.28048496395229316,0.22705240731988727,0.35431034231225295,0.468558512745978,0.3750973575241945,0.4559327001459301,0.35109420547199227,0.23897484854839612,0.3432990902573304,0.45028453801330304,0.8136782241898456,0.4102115110503397,0.38197943639080617,0.3215178461809829,0.3502529342144865,0.3876941436986883,0.45282939899298313,0.1203156710429065,0.2738230055547497,0.34122999976575885,0.4362929433551855,0.40632206097886336,0.27727369635777566,0.4464209752902429,0.4045052178508223,0.3095278593692377,0.08411280567993147,0.31556003578487596,0.2942535768124989,0.2711181879632524,0.37388928672143124,0.24819201473787317,0.38300130751790606,0.3544315624463471,0.4094927305697172,0.4007585923924626,0.2958158330050624,0.4316886297765163,0.22574982000907415,0.29760906851123414,0.29491044532900257,0.35514562970728236,0.2854043081649957,0.31104987195020584,0.4233481788539358,0.42904912940119627,-0.009443308997539262,0.05784021199106261,-0.07265624055642027,-0.01069886253751745,-0.020709967230687045,-0.029176279407040248,-0.028265960211257646,-0.0499567470876281,0.04208849857161922,-0.21852772981394197,0.036617430585204634,-0.22229801382055558
0.6520918215190805,0.30312467242249624,0.2517913798923496,0.3493777453258914,0.5116332422430262,0.4271250755720389,0.46004548661836464,0.5619680617705713,0.20443000797427902,0.42542058664123306,0.5590829858189479,0.4102115110503397,0.8143605880487801,0.41128180535831516,0.2863293210262749,0.3449746432609185,0.36171620321311143,0.38142642105295066,0.18242876156362986,0.37399218833818604,0.31564208838031216,0.6007269755476153,0.38073397283561616,0.32798673013894947,0.42484199083877217,0.3623486139445303,0.39891899990775465,0.22896272410024807,0.4921870039619833,0.3684678804082271,0.2572989160353467,0.3850065735112896,0.2676782836260277,0.4903781220707515,0.34407747399371663,0.41173080663349537,0.4498359120789862,0.3262054616588233,0.4529774292120976,0.197577749611635,0.35530495018607416,0.30478787724664924,0.395161592673556,0.3047366873722792,0.02684801856306204,0.45679701832026665,0.42992530882006047,-0.01725511977706318,0.4176763357915758,0.11453406081495729,-0.12969237542889628,-0.1112219733220249,0.14804956970454183,-0.08304511571933702,-0.014079683083132434,-0.011450513331973923,-0.20412187436253826,-0.07336392763964718,0.1834365647234545
0.4762715439679102,0.1490930977935712,0.104116703857036,0.24293640580122253,0.41591161806343996,0.33860481440806167,0.3950883812444599,0.30148746560703005,0.21662805111591324,0.29224616086067756,0.364456403259102,0.38197943639080617,0.41128180535831516,0.6021239897522737,0.24597233034666627,0.36827517706925544,0.29290118376750746,0.26290706061966335,0.11942775040089625,0.32992338169301944,0.30801841499196375,0.47585327315395787,0.23217170745330892,0.2900342514830011,0.34317790829590317,0.43169163908668123,0.29192787000074183,0.20984749755451423,0.3309919692910686,0.31326757077901385,0.2689366555006293,0.4677047494792692,0.20428784674312456,0.38964384611615044,0.26890941549121855,0.3656950491987962,0.31183233206217625,0.33597172326922287,0.2429894000061821,0.2168859257383841,0.32697459096092824,0.29979781381356935,0.3657406319069838,0.21867421796593592,0.17562758043220156,0.3583334412126959,0.34553331694839695,-0.007331458348684812,0.2501364647958725,0.03367336050932541,-0.09577052373758696,-0.2501659450775948,0.23940848997623104,0.030179537691594097,-0.08253516950154233,0.013678572350633269,-0.023553083614322644,0.02337408077617082,-0.00400548829190848
0.5333462410337487,0.23980486241231683,0.239244166705105,0.2254311589940943,0.42932829919078586,0.3558346993349019,0.2542659116380404,0.34214708379732367,0.23610125814177366,0.3502725685318509,0.45274851441507513,0.3215178461809829,0.2863293210262749,0.24597233034666627,0.9327015654200111,0.33078509599896266,0.35127432726100255,0.3395981286778209,0.08338361686620731,0.36354551224532217,0.2704315745257025,0.18640687315596663,0.2658299130759944,0.2512966809918107,0.37550709513183367,0.38240811773692573,0.33751965936253264,0.4755851784955205,0.33163582916616485,0.22444589488890931,0.2827088148118008,0.2525923829382523,0.2724361820937412,0.3566061583801616,0.31477182431509976,0.23631945698401727,0.4805014867878324,0.10571038882203587,0.23917196526065562,0.17272667722040305,0.30978452801423007,0.2826191828124178,0.3283486875155381,0.06255944800780883,0.14698918340972328,0.29792480173976565,0.33024150660055573,0.06085317742287978,0.2694630761996132,0.319781582110909,-0.20867129281096164,0.19989446485237697,-0.22459106010365693,-0.0529896838939377,0.024084852964854058,0.11658829434363865,-0.1635208839932254,0.0352778242927959,0.045760691869870904
0.5150777688112977,0.20573213371317145,0.13081321928165723,0.30649441008802275,0.4481767682869545,0.33697713490844056,0.36740086183165965,0.3252167622139441,0.1649256215569645,0.3279623816751709,0.37055359013403344,0.3502529342144865,0.3449746432609185,0.36827517706925544,0.33078509599896266,0.7771281823967613,0.33691640699511655,0.3585579369327563,0.16248385498701487,0.2441426510645591,0.29895649171262223,0.3936531656226962,0.32983756309528806,0.28627217549478656,0.4068600149945967,0.30117438111734013,0.330260243899001,0.26627685208315893,0.37428321916748947,0.3397173960765055,0.2622278287439708,0.33446089683456115,0.23566144163437835,0.4383395509192977,0.3772772903726685,0.3258622847372117,0.42888079892240344,0.23448525733001868,0.30101519167624097,0.23451308205536617,0.32178763601353344,0.31637806237400723,0.42033828980735743,0.23605068131947915,0.20766090252912578,0.3072615172197281,0.4006906171678594,0.007881766352712694,0.17428283881250756,0.023060939562240642,-0.0927953487379196,-0.13320864492320755,0.04072891666047169,-0.018511174072005587,-0.04977029945002016,0.0835210506122838,-0.211470247471735,0.05483106648381469,0.05549164345360331
0.5051897901897358,0.27489297975669325,0.2575492134444917,0.2579338067301867,0.37901110479168876,0.3824449197970587,0.3507235238367109,0.3583610672541201,0.1551078365301103,0.3342309820139306,0.4113603781856006,0.3876941436986883,0.36171620321311143,0.29290118376750746,0.35127432726100255,0.33691640699511655,0.7503008597916779,0.3896424388174723,0.18226233931170277,0.34000358577717704,0.320591879567944,0.3859147624754544,0.3694906500110875,0.27981268537590387,0.36338585632172377,0.29419156502262866,0.3924251712466787,0.6471361100222865,0.29383115848762165,0.2727511150850221,0.27748759411192175,0.27675367639705944,0.3363707365129217,0.3884589420958275,0.2971051280797958,0.34151477371718764,0.6556751973615569,0.21867990450599803,0.3905672436099198,0.21756580919768528,0.41199518801730073,0.32692495724668214,0.3553818352127006,0.19083784607207321,0.23730985782013098,0.36768935000362324,0.40889224270927227,0.03980447465912808,0.28086829588814965,0.32574051594003794,-0.02883480670769126,-0.016250387807079013,-0.10208886605652356,-0.09095751608800264,-0.18049739619028046,0.04995059882078688,-0.17510125617366656,0.12035213412407517,0.035650538749692554
0.8229979665759707,0.5161816422029338,0.3468105115684627,0.2580394462910359,0.5323290992505725,0.3730433824006376,0.3209986521730428,0.4922607243256801,0.15860495492397275,0.4176379576041511,0.3957576325875836,0.45282939899298313,0.38142642105295066,0.26290706061966335,0.3395981286778209,0.3585579369327563,0.3896424388174723,1.3128933944032564,0.18390652973071636,-0.10827099442752736,0.35931283536719716,0.5262605229622495,1.015939019614324,0.2746904294113732,0.4434951661365601,0.40582418779050744,0.05824966300499955,0.3828030818890149,0.3189985239355227,0.22726052553625348,0.4418723117712954,0.28926037317619346,0.3966587938805066,0.3279812609611229,0.29356050706939685,0.28631349421784785,0.7046896409164002,0.2407983937066461,0.3418593774952479,0.16966080961598137,0.3163765374802212,0.2725430010010276,0.47262876636204165,0.1893011191050713,0.3382046997053249,0.48585034731944154,0.7962995996118016,-0.04377343826662199,-0.37469437105380005,0.5820383151301778,0.23854401778474713,-0.02585490908028136,-0.41149223254331774,-0.22980575741470338,0.038809798181973124,-0.018918216285707876,-0.24033738964852766,0.11088024641805391,-0.06260852656260128
0.2987883546999441,0.03145818389918708,0.10492041800510837,0.21687422357629313,0.14606593709900287,0.25539317386870347,0.0038095164869054216,0.356505789309516,-0.2103972872173704,0.11714661796582727,0.185710243741699,0.1203156710429065,0.18242876156362986,0.11942775040089625,0.08338361686620731,0.16248385498701487,0.18226233931170277,0.18390652973071636,1.2644395940293958,-0.1529987732927425,0.14943435587332118,0.3630006703293363,0.010531704346898929,0.09656977420108055,0.09316251338857118,-0.03735115431624186,0.11327092831182244,0.028732763559069202,0.017334642481722798,0.16846871129021368,0.1914403377448578,0.10612499889689904,0.07529417842826916,0.08485108390038,0.0739899528338074,0.1716421655972717,0.35936674105403105,0.3680354995139458,0.2669664239406374,0.06585772914190269,0.10875606878181293,0.12245231024664442,0.11767940366701046,0.1981462396155452,-0.0008450144234467368,0.191703814409987,0.18599199207364953,-0.01424227891853753,0.011043720106479775,0.4684116387572744,-0.10107031646617165,0.032843982228956514,-0.19948598067810377,-0.0759319934779787,-0.18559610606635815,-0.04402449732596429,-0.11230639622386014,0.17375253312898867,0.05498640962960901
0.44189169338778705,0.3135067484678189,0.10542005711108784,0.20905626272314082,0.5185295373495983,0.5310968212132055,0.2847883580419419,0.33925690917880946,0.21116356788492305,0.34685607952805464,0.4051504473694865,0.2738230055547497,0.37399218833818604,0.32992338169301944,0.36354551224532217,0.2441426510645591,0.34000358577717704,-0.10827099442752736,-0.1529987732927425,1.5555586917852038,0.3035432276188524,0.025172136346005895,-0.17920385449892356,0.2748966348460002,0.3733451812104307,0.5405856481441852,0.6056642127111272,0.5169785626896017,0.49167635275549415,0.5405963010674786,0.3391366490289874,0.2850679237314386,0.2641814704138411,0.5458376832967422,0.4156395941724173,0.18068860198124448,0.7117824850734197,0.3375585785751562,0.3420158316822366,0.33264659468677465,0.5843455622462281,0.3700201969441743,0.8346116874597657,0.16457767005409243,0.7225904018529661,0.31068146239010963,0.26836789522365395,0.254398360836802,0.6852663193426679,-0.2640430336070856,-0.27319497923563446,0.016128092105500903,0.2651333892166152,0.07069765067342229,0.10814314363069698,0.07251008197027431,-0.11580825816590136,0.006865720903868401,0.06764719287698819
0.4709938033899943,0.299875062899048,0.1902101191562007,0.20787654421506654,0.3830704736274301,0.38118571195495127,0.35858224965255464,0.30869106685134967,0.1750502160457131,0.3039451805061091,0.32621727563884373,0.34122999976575885,0.31564208838031216,0.30801841499196375,0.2704315745257025,0.29895649171262223,0.320591879567944,0.35931283536719716,0.14943435587332118,0.3035432276188524,0.603576126614666,0.3474477786412912,0.22343475716205077,0.27077856944533046,0.3354742695317644,0.406069702801913,0.2790816125682868,0.2911010645942389,0.26562150697111775,0.41842163701064566,0.40927275986012895,0.2989109794137373,0.2918158098455052,0.40231313542886127,0.41465589624186944,0.40516202967635345,0.50901559783578,0.32063787251154596,0.33252197515278153,0.253072844297925,0.4994005671631321,0.41607189127798744,0.4452771628729085,0.26715406814779724,0.5340408094983011,0.34431863537905866,0.4448823740370483,0.03428333821454449,-0.0488152723702634,0.1548397449798801,-0.08590592294310538,-0.1621456298619119,-0.026689118867076124,-0.008126131579210437,0.07187889594034928,0.01553071191757534,-0.2159031115016803,-0.03100011319722009,0.13664071258305238
0.791455342357179,0.32517552632788543,0.34840148735280224,0.40232952706871183,0.5038040810463598,0.5375431227588646,0.5634209491875678,0.522658335483835,0.2254891780041994,0.44098035425264703,0.451181996849912,0.4362929433551855,0.6007269755476153,0.47585327315395787,0.18640687315596663,0.3936531656226962,0.3859147624754544,0.5262605229622495,0.3630006703293363,0.025172136346005895,0.3474477786412912,1.8155746131145187,0.6434321259021213,0.368014163892814,0.3905028962350391,0.27525164575821404,0.46195588781846453,0.03522800023917618,0.5331738163603222,0.43261039914186894,0.22872677180626771,0.4882477187711754,0.3014775968262441,0.4277681672830807,0.24005596597662465,0.6475738561485685,0.4982302483820115,0.6530481741289287,0.6198141412236953,0.15782429965286515,0.32541490860786954,0.34263651369949333,0.26709830407986423,0.5871655759325047,-0.3506051851310932,0.616258708213795,0.5304525410397178,-0.33324880991011846,0.7311738580553976,0.09879173909305075,-0.14420358249671308,-0.31193258359762027,0.005978615562796907,-0.08238107852885145,-0.160543051397198,0.017291525408684862,-0.2819782657351538,0.01764731442225583,0.15255809660634068
0.7915745260318078,0.3539618140796402,0.25276726974603775,0.2590835801281852,0.5529595723999432,0.36120419110881286,0.2906882438324018,0.38692916714632786,0.1804112419042252,0.4346185882916619,0.373352064808993,0.40632206097886336,0.38073397283561616,0.23217170745330892,0.2658299130759944,0.32983756309528806,0.3694906500110875,1.015939019614324,0.010531704346898929,-0.17920385449892356,0.22343475716205077,0.6434321259021213,2.371286553085668,0.4673253789575962,0.6427346852492946,-0.008284465197149976,0.1460694264399636,0.29743493319329667,0.6104271755179487,0.45140563217937113,-0.4629134119432644,0.19864275187753083,0.47401746530319616,0.3450601570756513,0.2507754898123394,0.27927176134135245,0.6405623494607481,-0.25078718129541744,0.819221938057217,0.07187992545551997,0.26362469050268533,0.14685294974577814,0.22917568946375216,0.3408473134247044,-0.33889096825725334,0.4336767009719809,0.7737674989789417,-0.023842150551993412,0.53214770655017,0.4387509133542998,0.07206644655991103,-0.24587332229422376,-0.0026550113553182007,-0.17230736977513367,0.12434387144075468,-0.07879587141429699,-0.26440663353005234,-0.3699370663997275,0.4274070021043307
0.3533201804237181,0.1764314750999904,0.16957292614288455,0.20722989878822032,0.3159264150686487,0.3059894100848198,0.2959755169800082,0.24488218463645547,0.19350409452857972,0.30334129755490163,0.3022773742918985,0.27727369635777566,0.32798673013894947,0.2900342514830011,0.2512966809918107,0.28627217549478656,0.27981268537590387,0.2746904294113732,0.09656977420108055,0.2748966348460002,0.27077856944533046,0.368014163892814,0.4673253789575962,0.5304434631165492,0.3583724858336573,0.21129785380491425,0.29063925478383507,0.36179450853329376,0.2936004597554833,0.45775867681988586,0.2530168459655652,0.27896847139459036,0.490820419194401,0.3538143610694802,0.3679286926882839,0.2711021022010689,0.490664515192462,0.15053526533817105,0.3230372903911149,0.11444896179898068,0.3476154677768984,0.2713533962209787,0.2541153923930664,0.2471377191936321,0.11017090301126198,0.29896574521642016,0.40737724030609157,0.04302798014288909,0.31875437271698603,0.08899932454097761,-0.16554132969100244,-0.09697136808242673,0.08735303628625098,-0.0466945160313689,0.24070649078507658,-0.03996796830981648,-0.09366782905107637,-0.49406195563728,0.4651333227291191
0.5837399790025283,0.34780199553007457,0.24706832460037065,0.33859088663874093,0.4547170536042998,0.44452487920480327,0.3634888345676964,0.4853191744068509,0.18632960842046284,0.43530012194382844,0.4505339769501679,0.4464209752902429,0.42484199083877217,0.34317790829590317,0.37550709513183367,0.4068600149945967,0.36338585632172377,0.4434951661365601,0.09316251338857118,0.3733451812104307,0.3354742695317644,0.3905028962350391,0.6427346852492946,0.3583724858336573,1.4852352404297584,0.32083480183239355,0.47861966084457896,0.1854039123247168,0.7322952210910026,0.6065305897885792,0.17481233864461232,0.3158414228418967,0.2935674584644591,0.5932641657746465,0.4960058002275327,0.49002947041043515,0.44690967483753363,0.3015071303738761,0.49158206166092216,0.16796864496393366,0.3882831840339823,0.3236057763543634,0.514144532430622,0.4478021511082185,0.3577706306148,0.5331959098365161,0.5765045153128756,-0.01254454642493807,-0.24533600815388704,-0.41174078527837554,-0.24167207290123613,-0.16475283995680973,0.2481153951846783,0.0630121385296128,0.015494563255714012,0.08551659899322514,-0.17070480345844535,-0.05877221674458908,-0.0004830478750953813
0.39732714093421684,0.29577909947321457,0.131923531463062,0.1499745668828319,0.42541316504879667,0.4274487430808487,0.37980429265076066,0.43894793588331693,0.2371289464733941,0.2586852770745728,0.40950570728365765,0.4045052178508223,0.3623486139445303,0.43169163908668123,0.38240811773692573,0.30117438111734013,0.29419156502262866,0.40582418779050744,-0.03735115431624186,0.5405856481441852,0.406069702801913,0.27525164575821404,-0.008284465197149976,0.21129785380491425,0.32083480183239355,1.6583580724480336,0.2406728526687986,0.3168363087871227,-0.06904838495565346,-0.036010885862744736,0.5591960587216143,0.4523259622539713,0.268775801480316,0.5139155101098721,0.5443549848979364,0.12674090007471292,0.37953396419646823,0.4135304931768986,-0.42099557802535115,0.3904051963333806,0.15510300025088433,0.46429933673281165,0.9034746093675811,-0.09541768349286724,0.4853489198398984,0.29901944974992267,0.24430839956972575,0.05854262442734658,0.022714457895198183,0.543499304265177,-0.35129101197369283,-0.18262992314828774,-0.28867313002935785,-0.011526597687163846,-0.01051727434433603,0.12253436280017659,-0.29739754771028026,0.2654811947174127,-0.08536027040591047
0.4889343825382256,0.3252394857195811,0.146295546711283,0.23598211377085967,0.406968498689436,0.4172903986137089,0.3469276271054413,0.42524175474761544,0.2088068772528492,0.4299804748269413,0.43602239946051374,0.3095278593692377,0.39891899990775465,0.29192787000074183,0.33751965936253264,0.330260243899001,0.3924251712466787,0.05824966300499955,0.11327092831182244,0.6056642127111272,0.2790816125682868,0.46195588781846453,0.1460694264399636,0.29063925478383507,0.47861966084457896,0.2406728526687986,1.9430169368324302,0.5186180466669384,0.28843930120983174,0.533669459985811,0.25744503982932043,0.2730804269106368,0.38546487682087904,0.5008261036585161,0.42424527767608805,0.471486117200751,0.6189943631207293,0.23991857844744457,0.4961526348653978,0.3322529826368861,0.5492132185881332,0.3530218072073243,0.8019547369219345,0.2308425260626282,-0.10134376881340729,0.42406706533793886,0.3108756183909623,0.13735772320692471,1.4765889415419995,-0.23072248692132685,-0.30714284654799073,0.044504132535360355,0.2738675682075487,0.05922332855335167,-0.061106570327429555,0.19348895944046265,-0.128214061101915,0.2707422024810454,-0.1929043060790781
0.21780558025146202,0.24591423405570362,0.22324778980291976,0.03592490234652363,0.24087325360082246,0.3453239982221539,0.18799179834675375,-0.01009401269676849,0.2468949503578474,0.32844429375482687,0.26377303225933063,0.08411280567993147,0.22896272410024807,0.20984749755451423,0.4755851784955205,0.26627685208315893,0.6471361100222865,0.3828030818890149,0.028732763559069202,0.5169785626896017,0.2911010645942389,0.03522800023917618,0.29743493319329667,0.36179450853329376,0.1854039123247168,0.3168363087871227,0.5186180466669384,2.912119224047872,-0.041775583655849345,0.09922005486469604,0.47704400062416175,0.21223838894417837,0.6707340790294781,0.3455365373381,0.2739947511521818,0.05377393545100239,0.9750624667674337,-0.10393764176282072,0.12431284205877002,0.08503599799255165,0.7091080365353366,0.30226187267005616,0.3330947878155554,-0.11029710543666832,0.011664557415457988,0.20369911958655423,0.29976686967549393,0.22687309804857164,0.6179551488504014,0.4547490732175212,-0.2879820315035695,0.6600397905177774,-0.30688497048338687,-0.17935532509060062,0.6999986208343542,0.016691720475888884,-0.0681391637853883,-0.5354531428449173,0.7707845324474082
0.19433609925870854,0.39569056724548923,0.15534406969113587,0.19131046115776937,0.454469702895166,0.5390707616236808,0.32535819224080326,0.38146540116426464,0.16598728072048852,0.516461566806739,0.45335072803833537,0.31556003578487596,0.4921870039619833,0.3309919692910686,0.33163582916616485,0.37428321916748947,0.29383115848762165,0.3189985239355227,0.017334642481722798,0.49167635275549415,0.26562150697111775,0.5331738163603222,0.6104271755179487,0.2936004597554833,0.7322952210910026,-0.06904838495565346,0.28843930120983174,-0.041775583655849345,2.709635327994298,0.4555065322133561,-0.16409301568986834,0.3078331126460373,0.044791601626548105,1.085435050351282,0.24561847508619908,0.8495005742619909,-0.3720447953977352,-0.4920143472910658,0.6903907483419639,0.22253874022417056,0.5471832162437058,0.18241867736169354,0.17363874720885442,-0.12929935244993931,0.2370392987617342,0.6131210700207834,0.43617672313479505,-0.14800951367859427,0.5643926495917003,0.0671337926245302,-0.4265296647958188,-0.6524275666105616,0.19475265101492767,0.22294934066706482,-0.03257844749599313,0.05248427605510132,-0.09752686641550881,-0.1186149114097902,0.08490842575136752
0.7076658770646548,0.22296957668914122,0.038773721169619496,0.28711091342207795,0.3467046643465177,0.3679441638170775,0.3161380710132074,0.3843407686652126,0.14867928788829718,0.4650165978396131,0.33738306805478085,0.2942535768124989,0.3684678804082271,0.31326757077901385,0.22444589488890931,0.3397173960765055,0.2727511150850221,0.22726052553625348,0.16846871129021368,0.5405963010674786,0.41842163701064566,0.43261039914186894,0.45140563217937113,0.45775867681988586,0.6065305897885792,-0.036010885862744736,0.533669459985811,0.09922005486469604,0.4555065322133561,2.3137892242295446,0.32394078921619796,0.24951926598306737,0.2527302100897627,0.1854722258126489,0.8573153562403492,0.4085694611669264,0.8969846791580376,0.7253666818215712,0.8481746998504235,0.2513329972632762,0.9295204989215142,0.4078659195227754,1.1760908013307287,0.8774212939198774,0.6851476033505629,0.38869317572734635,1.1982810947743179,0.18520915284674802,0.45704519339230537,-0.20229856199070506,-0.2925136471429279,-0.5182803278677279,0.3635611704537708,0.1790548272893099,0.25287539631143224,-0.026245285047437974,-0.17674782843567954,-0.10874386148158123,0.09417394757374753
0.40433550050849887,0.25814232798080977,0.24992873016099834,0.1728249606314283,0.2711533416038907,0.27575431951344836,0.29487029516234264,0.28128913022000024,0.1648870196372989,0.2469795339059728,0.25893744579796835,0.2711181879632524,0.2572989160353467,0.2689366555006293,0.2827088148118008,0.2622278287439708,0.27748759411192175,0.4418723117712954,0.1914403377448578,0.3391366490289874,0.40927275986012895,0.22872677180626771,-0.4629134119432644,0.2530168459655652,0.17481233864461232,0.5591960587216143,0.25744503982932043,0.47704400062416175,-0.16409301568986834,0.32394078921619796,1.6334544902003691,0.3145750504581304,0.4647153977056833,0.27016972335925205,0.45264038252650923,0.38604618043319555,0.5561473421634496,0.6219517933787747,-0.115440822355674,0.1400165419036015,0.48216567292431417,0.38827775667151426,0.4267202753392425,0.22917076350875698,0.7766084181213584,0.37121538777290375,0.4463027060853062,0.03305299256864745,-0.8477856783920728,0.31281163338723256,-0.012752991539958633,0.19665395398823557,-0.31671663176810444,-0.1195789537263288,0.19927182607978064,0.07016178200836336,-0.05350217436923977,-0.010967802041532991,-0.1019400304794859
0.48140735418290187,0.1713974524490187,0.154410698548809,0.25022974236781725,0.3914458102789601,0.357686280081443,0.36369413118842153,0.2953724375345169,0.20361845372065765,0.300475660308489,0.34331688374102015,0.37388928672143124,0.3850065735112896,0.4677047494792692,0.2525923829382523,0.33446089683456115,0.27675367639705944,0.28926037317619346,0.10612499889689904,0.2850679237314386,0.2989109794137373,0.4882477187711754,0.19864275187753083,0.27896847139459036,0.3158414228418967,0.4523259622539713,0.2730804269106368,0.21223838894417837,0.3078331126460373,0.24951926598306737,0.3145750504581304,0.5367172151779499,0.1696781082435561,0.348778911913814,0.24014839809592295,0.3708732722419989,0.23837277670571996,0.3544217476493186,0.2087266432888911,0.206500087958563,0.2896231937290838,0.28278781447877177,0.3321305282780313,0.2109602372721175,0.2061422462507476,0.37801993120778205,0.3273227066139153,-0.027644336941657743,0.13313548427321653,0.03810466484930566,-0.03983650104051596,-0.005648051128158284,-0.1255363318193051,0.03206168104143938,-0.04110067600759739,-0.008355008687616211,0.1099912064540384,-0.029959023104378032,-0.10908694120645296
0.42090113153848047,0.2250798730115291,0.250341071729469,0.10947974139885608,0.1771899661790468,0.14703141077619739,0.34532898798514094,0.18041511107026945,0.24049903348494783,0.24369890251490792,0.24388070593365668,0.24819201473787317,0.2676782836260277,0.20428784674312456,0.2724361820937412,0.23566144163437835,0.3363707365129217,0.3966587938805066,0.07529417842826916,0.2641814704138411,0.2918158098455052,0.3014775968262441,0.47401746530319616,0.490820419194401,0.2935674584644591,0.268775801480316,0.38546487682087904,0.6707340790294781,0.044791601626548105,0.2527302100897627,0.4647153977056833,0.1696781082435561,1.6136553651675254,0.10206091518154327,0.2970154227851482,0.09514753441532915,0.8286258549050651,-0.050270834575836684,0.07038457695536715,0.011884657611190825,0.23482031458477387,0.3220243437781724,0.09898578566670613,0.14563780414340963,0.1461830344122326,0.2304747406317777,0.39338326092957054,0.11036654759610601,0.30360873030882235,0.4721216708218534,-0.24236645850813823,-0.13725684787720097,0.06012049493573233,-0.2471029882339628,0.3005210791772442,0.1457685870171316,-0.20758380988507621,-0.47716377670427906,0.368351984017908
-0.5166238545020502,0.22755360175868608,0.019262841138483793,0.30854219117289555,0.5437831269223632,0.48893327850498847,0.47966385652660504,0.38961815468386096,0.16692462332025956,0.5245578415814972,0.4804142044240467,0.38300130751790606,0.4903781220707515,0.38964384611615044,0.3566061583801616,0.4383395509192977,0.3884589420958275,0.3279812609611229,0.08485108390038,0.5458376832967422,0.40231313542886127,0.4277681672830807,0.3450601570756513,0.3538143610694802,0.5932641657746465,0.5139155101098721,0.5008261036585161,0.3455365373381,1.085435050351282,0.1854722258126489,0.27016972335925205,0.348778911913814,0.10206091518154327,2.2310155920379375,0.4004246456885653,0.4780430115667642,0.4522671955820011,-0.219734906623314,0.31056462424873604,0.20349601954803495,0.6395268445795679,0.4184584845079512,0.5864999727226492,0.24271913796129926,0.5897466592031574,0.4018505047294263,0.3487071104961917,0.009545017021054425,0.18717669071205179,-0.36942255794831597,-0.15730773637237733,-0.4825232214010801,0.39858295253134546,-0.03251124059302123,0.02880106364836502,0.1401733858923798,-0.2977409236115028,-0.18517445111246938,0.3807048198966665
