0.7625424603324362,0.15442241063678563,0.20221287617290534,0.058117030162449776,0.01096638511762342,0.07434660187829925,0.07533670531630182,0.04975099332118074,0.0955231795867786,0.07716141466488177,0.061089699441578764,0.06688268200643774,0.034357830590334246,0.06650181267752361,0.09183219239865466,0.057229706482910196,0.0327005063890214,0.0940663371477843,0.07122872323694948,0.0618254868555895,0.06964773515073965,0.07856173579115536,0.09272251280175921,0.041942918554943365,0.09399360145247344,0.04686173269036535,0.09509075167000175,0.03233645245464868,0.13219504137785648,-0.0006888146827164362,0.05995794345553817,0.0667183814971473,0.026944799658440127,0.10046272592294987,0.08417435732571973,0.05865906091270185,0.033019504532995875,0.033595350323517945,0.0583251345254478,0.024920949422665574,0.07374830768409843,0.06255057061489991,0.11303857035334837,0.020061196292226902,0.09417654416031963,0.10377449420960784,0.05403088517915768,-0.017489481926249904,0.032292702571121594,-0.07593684691728679,0.0028452810582510206,0.009578153845313334,0.06489449485485185,-0.0007101835830644056,0.17061925063924033,-0.024059167332123543,0.0985074796187764,-0.07424648987366084,-0.12642608863202337
0.15442241063678563,2.7893336020927966,0.974456936111213,0.3535928053073571,0.3232837598356496,0.05923221996286092,0.7020148067081162,0.28797633960245905,0.4305932493299498,0.5569779657480117,0.36335201273239764,0.3589370167367181,0.25095071228750804,0.305730974976632,0.6253898252548932,0.28549535679256044,0.4419509174397478,0.5934999169601578,0.35199441694128697,0.4305820145189454,0.46183634383188493,0.3219594110809623,0.10422351309005594,0.29302082733674323,0.2703973515837979,0.5810700028066291,0.5913272185466423,0.5014757245669141,0.6542894724569494,0.06674822851379048,0.3386897306571533,0.2694851811427742,0.5538301041193455,0.31934088288369583,0.17485272381775616,0.47523170774199547,0.6558076969609086,0.2650230994112455,0.06853446435350265,0.03656763077632667,0.5496543266065261,0.4283389548118357,0.37477655173131214,0.12979096413280694,0.3276318962664207,0.4620733650219795,0.2534599602763307,-0.05244290573310043,-0.19231965492312503,0.004892599209882566,-0.04491572316254767,0.11744446760591426,0.04308363410400864,-0.08583513628742741,-0.7516189739942548,-0.133716272787073,-0.49217224937345916,0.8714841908284147,0.24187963484743283
0.20221287617290534,0.974456936111213,2.2635660353423166,0.15720588567244795,-0.2931448400231521,0.5596723610372499,0.2972161455507619,0.501152503022145,0.6988756368761964,0.5139809477397244,0.3907389856779944,0.3461720655340717,0.26132110140640974,0.3357915220860576,0.4321235722956262,0.2860660228142307,0.4606681940729512,0.42219917335036955,0.50725503242651,0.3728021896677897,0.37496967763169775,0.47158632810191853,0.32156090959021943,0.32155663965174736,0.303578768060249,0.5304971239661674,0.6812958719059682,0.5357909960515488,0.5536147861477366,-0.30535189327402684,0.32299046238634305,0.33389243042481426,0.41058188371882914,0.41246990085559687,0.4163879149256823,0.36443995498480336,0.3837870674857612,0.21590048914750543,0.15749413839089924,-0.07002777628896172,0.44676133590970735,0.36081238262024024,0.6103415057992135,0.25027455989643976,0.5212951301894254,0.5126629677255244,0.0656933974787578,-0.05953808087849573,-0.22623275134675055,0.18610902700639917,-0.007570013700214384,0.03189557750378595,-0.04757148095159128,-0.1298216973498638,0.026432668286066895,0.029522002869978914,0.00016949012513807374,-0.348110196429681,0.20872497637241985
0.058117030162449776,0.3535928053073571,0.15720588567244795,1.1379996172529039,0.6953490601743562,0.35563524803408214,0.37944049319339873,0.35282855634210575,0.21457012675134476,0.30122802515769403,0.2760695355452583,0.327055519093707,0.188076747510353,0.2568982739897596,0.30730102660283265,0.28204613898686653,0.33371260109715295,0.31139589916903687,0.15826897775525012,0.33397222874258387,0.22910119901769657,0.2317270330335453,0.34685330662722524,0.2578158590846227,0.2748310727148425,0.31049900937364544,0.1302028137139926,0.37190647363908563,0.41509009654940593,0.15032821146788333,0.18378733706297679,0.23268814236011948,0.29251262889977847,0.25289192206112177,-0.08457964895934994,0.31638540071358134,0.32643325104465065,0.20941321938372892,0.19732135342968335,0.0548428802729287,0.21379805846933855,0.22547219078734246,0.11647795610193369,0.0674324803904656,0.04213296484887822,0.25417509809726185,0.24662697809478315,-0.03525768567107855,0.053178318597522735,0.09056725458279359,-0.15290928745738047,0.09790001792074508,0.04289603547165813,-0.09663432945036003,-0.14325000088280976,-0.11573133514563291,-0.2175926646655772,0.42652410426505405,-0.018779127957896543
0.01096638511762342,0.3232837598356496,-0.2931448400231521,0.6953490601743562,1.6766740810127838,0.1973375832309295,0.5259992302791173,0.32529288523204763,0.14850749751912243,0.38999398037367744,0.29619937419077436,0.35619053023212754,0.22841458481130383,0.3135056554221278,0.3559221979621598,0.34781698794726085,0.34306536028958856,0.3448317113612588,0.14207461090482051,0.3675288681304384,0.24827902057253448,0.21983573907326956,0.4381316031585164,0.27524197399723305,0.3033440811817331,0.29512166387921884,-0.03856441956666713,0.3567438926221308,0.4745696154590214,0.1441838464996979,0.1760751850468959,0.3086680201189476,0.2587981673724069,0.2962457062456074,-0.12153043999113705,0.27378681166362423,0.3248737634293891,0.23163112162412655,0.20088847963681444,0.14762961453302437,0.261430747415724,0.24604444301129258,-0.017611184541595666,0.028139180500697938,-0.10935957447676756,0.24625291119445164,0.24608650223181353,-0.024921024385443982,0.3704448800683169,0.03650127416235756,-0.15545153759189015,0.08792780766228674,0.012850776635987523,0.017364417847530823,-0.2218198081161876,-0.1334982071073613,-0.08015008256921966,0.2036145084948827,0.18480548885142067
0.07434660187829925,0.05923221996286092,0.5596723610372499,0.35563524803408214,0.1973375832309295,1.3018461455657442,-0.10532440298397107,0.6440568316136841,0.5320662078925104,0.11859609399226272,0.412140314562205,0.33070350427693684,0.23350761549033502,0.335884414205199,0.37394158743437794,0.27797739879057404,0.4240106604387413,0.26335614297092474,0.27740104478335875,0.5097627655087696,0.3106894315533031,0.3817274838939446,0.2474253094383063,0.2734861183430835,0.37379645589853827,0.45885468452537903,0.36409211807279174,0.5761623708106165,0.4991987000388185,0.024007335222396547,0.2392178443437662,0.3573751538300463,0.06284182537431401,0.4152271173081501,0.36508703376631385,0.15686804030376436,0.24396313135770278,0.2770375399993626,0.3268086372681396,0.17366892074705031,0.17171390945053863,0.2954112797956981,0.43785419791243496,0.18760142503146185,0.3172896665105613,0.25101095220569025,0.1893878651891885,-0.009026981399717766,0.5752395455555197,0.0719348647727688,-0.1601909774443371,0.17619245911542258,-0.05113127663647656,-0.06520496626518732,0.11038562756722937,0.030197297276412186,0.21314635890153485,0.02515343102842877,-0.29327139659302887
0.07533670531630182,0.7020148067081162,0.2972161455507619,0.37944049319339873,0.5259992302791173,-0.10532440298397107,1.2807733745123717,0.11517823919925191,0.4165028595345067,0.5305019591481445,0.33519452548743994,0.4851026221501992,0.20276923632801416,0.32790900358589925,0.2121383468192705,0.34926829574427226,0.36114932012796586,0.41016201164264854,0.29677912444195076,0.3852263462303827,0.3158452795869171,0.3958678598431717,0.5615233785369799,0.3540144131444651,0.3515258836741907,0.3998124512285372,0.3463407461774017,0.366450713439008,0.50853572378189,0.09865284797849817,0.266058308964644,0.33760370381426047,0.49945820224417153,0.2652270441167333,0.13811591431323364,0.28343338243440247,0.42879125392736556,0.22675597518906102,0.13075128839257488,0.09974470020019037,0.3691080482727041,0.31218318612534485,0.33335066429165994,0.07159671170564517,0.13905846141642486,0.35367187803274197,0.21558029260955092,-0.03253726849714967,0.3648747012793743,0.09908960840020682,-0.17401835027875484,0.26708090860345035,-0.23262245180924074,-0.047607237486407224,-0.18964064089071467,0.11612430399036418,-0.08869135592937878,0.31198181231946964,-0.23707721777285112
0.04975099332118074,0.28797633960245905,0.501152503022145,0.35282855634210575,0.32529288523204763,0.6440568316136841,0.11517823919925191,1.0091716690808088,0.2916528771758778,0.38491988666260024,0.37494908077649725,0.2232101303360116,0.22719958453485736,0.2996616615688243,0.34522748511495605,0.2651117283046656,0.4674196925112768,0.35222873525072146,0.26167707441828075,0.4296537561982809,0.2863211173185635,0.27680200254454435,0.3206248844465302,0.2772297737259263,0.3617973007366005,0.40440836893182747,0.36844060007429247,0.5652500611686616,0.3929629547519334,0.11203336979580837,0.24884884665748394,0.2899667196915437,0.2351875713273878,0.3131897161582438,0.3607870826093331,0.17287893650495104,0.35727083865912307,0.2348218790474279,0.39945468358717584,0.19123400105067845,0.2751857736579909,0.28608774847503593,0.3823003720179816,0.16656017232813305,0.28722284151435445,0.29270430340713266,0.23432847747893207,-0.002615704637300801,0.5216865744393486,0.18898203865001179,-0.12691513777852964,0.05538680581906925,0.032233502569257104,-0.08048877433080513,0.005951063832468204,-0.10778917219313087,0.18451672124593752,0.18078037743151554,-0.18472224972321963
0.0955231795867786,0.4305932493299498,0.6988756368761964,0.21457012675134476,0.14850749751912243,0.5320662078925104,0.4165028595345067,0.2916528771758778,1.0224024624563663,0.23760022606691,0.3246151491722557,0.31539368489842434,0.22829071745564097,0.39752793124543534,0.1544221495166175,0.29318000780948517,0.3884101732640905,0.35198194751657097,0.41521226469103106,0.3976335844749282,0.3328982415990339,0.5761918833767157,0.46493260989464236,0.3326313774369597,0.2725705830610809,0.5421345240130575,0.4991598395203909,0.44543017418568986,0.4487451264973913,-0.06751931054554669,0.2659930219613043,0.37452921477014517,0.4089180757147634,0.3712974222750681,0.2591990243507186,0.2647301090289694,0.27038265300997244,0.21761950684485643,0.14659197590646447,0.09963147707828379,0.29738149297345695,0.3204129725311848,0.5392268921825636,0.13214108961035248,0.3275870285263013,0.35898673394820096,0.1625890181409411,-0.01948896316575417,0.189003041771948,0.043582910143814844,-0.00353797233230051,0.06887883755072037,0.04138783062973422,-0.13920504315475096,0.01015104748161484,0.18296707400410192,0.07996514377488387,-0.02024255804196449,-0.26730980479630434
0.07716141466488177,0.5569779657480117,0.5139809477397244,0.30122802515769403,0.38999398037367744,0.11859609399226272,0.5305019591481445,0.38491988666260024,0.23760022606691,1.1186118034693282,0.18325705378592194,0.29061087305195593,0.16053928115510274,0.24559680397625627,0.4070356390720259,0.30072918042253743,0.45482764533814934,0.4546589400487596,0.284534277360858,0.26555985049175157,0.236659246859368,0.2813139262407238,0.46766368665576125,0.2784119046134892,0.3368611776380997,0.31761066778052505,0.38186663674765103,0.4745858324258184,0.45699361910984315,0.10063227874205603,0.2585585897435263,0.26933179553581243,0.27632382317397297,0.2699737692528669,0.2202975671972323,0.29330388954170195,0.34934560308973245,0.1561283803765502,0.17894784038956535,0.09890692711153395,0.42438451205774635,0.2515640767744747,0.2903025435886142,0.11106406737289823,0.17219718167349707,0.3473344791345356,0.23308561279578605,-0.051097176205307675,0.2558956267415141,0.15169292786965136,-0.11458698316547233,0.0772367484849442,-0.14386572916266324,0.0803125283843864,-0.09970209329877201,-0.007984167170683086,0.10188363074525199,0.09343120268050091,-0.09968533381051056
0.061089699441578764,0.36335201273239764,0.3907389856779944,0.2760695355452583,0.29619937419077436,0.412140314562205,0.33519452548743994,0.37494908077649725,0.3246151491722557,0.18325705378592194,0.6059954480592292,0.36595155344061375,0.21917296854481083,0.2722608405823819,0.3293729396497182,0.2661765650693757,0.37329758863033213,0.31434400347805,0.22746464564535346,0.4369604803186004,0.30205653005103406,0.2820967150535907,0.31772218037631356,0.2628350814513552,0.2861360155232545,0.391826372587545,0.29902326697391757,0.3867726428429011,0.4212887395109263,0.03739145189821793,0.23994153350809702,0.2689036630907634,0.23514565027950404,0.336541073765717,0.3396657718355698,0.20115912553443732,0.27909792269137923,0.2301810944181563,0.2603233748605049,0.1686103921997541,0.27771646532445105,0.2941058768481825,0.33844130155359126,0.12690145927393612,0.2920560939147759,0.2953592307771503,0.18386730143034075,-0.009478047130675099,0.27186743582807726,-0.027980368333419867,-0.052498893860744224,0.029278573190752798,0.12234954113053396,-0.03476295340110286,-0.0418296507708306,0.024382286190072225,-0.0026491253576231073,0.14439729642903276,-0.16901763940454992
0.06688268200643774,0.3589370167367181,0.3461720655340717,0.327055519093707,0.35619053023212754,0.33070350427693684,0.4851026221501992,0.2232101303360116,0.31539368489842434,0.29061087305195593,0.36595155344061375,0.692054752116284,0.20717636115664714,0.32484459779060665,0.30311294903133895,0.32521626517567254,0.3409359512343419,0.2717299791395613,0.24557787179752455,0.37488908917345354,0.2592747459206713,0.3023805842212258,0.3382877781192837,0.26218606334447686,0.3479552931468034,0.3705488399668974,0.2843452893198141,0.282536225508208,0.44829641906470036,0.018093623498170845,0.22060913460600126,0.32782793430500157,0.24942350307435013,0.35453657614972306,0.3027212176363749,0.21401823841634662,0.20079587416437114,0.21155265596709902,0.20697256557785426,0.1350500383809673,0.2567974188774758,0.2610555533835813,0.29494627665030265,0.10706490483377296,0.2324871741093362,0.28766651262639753,0.12015457664174356,-0.014165090572832807,0.49789963732479353,-0.11062092635805171,-0.027719022058518453,0.12639734398730182,0.005843940985509805,-0.051370217519669484,-0.07039722404764245,0.14241184657665273,-0.05628549083249028,0.15446759293925494,-0.315175125082098
0.034357830590334246,0.25095071228750804,0.26132110140640974,0.188076747510353,0.22841458481130383,0.23350761549033502,0.20276923632801416,0.22719958453485736,0.22829071745564097,0.16053928115510274,0.21917296854481083,0.20717636115664714,0.382670234690732,0.2669701348771716,0.10455994877623015,0.24201650585390563,0.23418163860367022,0.1883906950212883,0.22611446002611407,0.199743974138559,0.19288621235745584,0.26103532726778106,0.20134119900366512,0.21011350567333278,0.16597650860727825,0.2353346622772586,0.19599320968914621,0.21245303878106253,0.3088073707757165,0.051946770018664504,0.1520516811260798,0.24507195922426928,0.2101378586057999,0.24436205130873725,0.22557585006529352,0.1378429040668669,0.19158946962146753,0.11353881696091815,0.17652762368344774,0.09649110227375542,0.22176450728598088,0.19372847952422323,0.26686814454022767,0.106142853286296,0.16024062581614038,0.20852287237518372,0.11854515919160609,-0.004511418431857516,0.2704507157781946,0.1621420521694582,-0.02100454411488182,-0.13220597373870258,0.02619725497785626,-0.026096372682427163,-0.034554830825179614,-0.032060545117203625,-0.009409001276428554,-0.002038628303393753,0.03544515048538791
0.06650181267752361,0.305730974976632,0.3357915220860576,0.2568982739897596,0.3135056554221278,0.335884414205199,0.32790900358589925,0.2996616615688243,0.39752793124543534,0.24559680397625627,0.2722608405823819,0.32484459779060665,0.2669701348771716,0.8189419392019521,0.22425779521889896,0.4629939208619819,0.34288957779565077,0.2647992674169719,0.311805899397579,0.41760210249833507,0.33956148484561205,0.40352514065225425,0.3441474091228033,0.34703796716566354,0.30524595204576216,0.5063609010958566,0.27050322378069874,0.2768676733831219,0.5275692142235305,0.06671107723501452,0.2211816010789722,0.6284904392059136,0.244376408698955,0.5374999209946173,0.3249340301044036,0.22180844187949314,0.15862346356331647,0.24980062733084354,0.10402717084057328,0.16123379403359964,0.3976805634332584,0.3354947141510625,0.47297686393467464,0.09488514192860265,0.2154972926243778,0.3477980341511084,0.1312932339494278,-0.01813775326232278,0.6571340060708613,-0.021745974122124673,-0.006660326729560724,-0.1551889734354137,0.31424607404858,-0.06929529896937527,-0.09118795476119976,-0.018564108778496013,0.18998757968143165,0.020335854084202753,-0.10904015780757373
0.09183219239865466,0.6253898252548932,0.4321235722956262,0.30730102660283265,0.3559221979621598,0.37394158743437794,0.2121383468192705,0.34522748511495605,0.1544221495166175,0.4070356390720259,0.3293729396497182,0.30311294903133895,0.10455994877623015,0.22425779521889896,1.0514381503080907,0.23075249070044285,0.3696253313923211,0.44229568214106746,0.19775851337669242,0.4394707800637058,0.3123873680229518,0.1491591817083839,0.48160588398894294,0.3204478552218583,0.4243132390432203,0.3215259946034004,0.27230565182076705,0.49232076355700366,0.4804456583651801,0.3139778117205391,0.2562268201408279,0.20665064549721507,0.2551313875449443,0.3881234882948043,0.2531779253727938,0.31299852752248997,0.40256115789008134,0.23954969987776012,0.2693616339534219,0.13025220567973858,0.40076797205191483,0.3062512387922674,0.29273278443417694,0.1173598743417806,0.15949731202039627,0.36414449658942755,0.33937205311001334,-0.039143004380522914,0.4147794152002637,-0.14743208299077434,-0.1511225390727493,0.23651175176848085,0.20301737576240558,-0.0656165392744627,-0.11421669199151947,-0.03602468804934851,-0.06302684188566715,0.23907021975847062,-0.0019672471468315097
0.057229706482910196,0.28549535679256044,0.2860660228142307,0.28204613898686653,0.34781698794726085,0.27797739879057404,0.34926829574427226,0.2651117283046656,0.29318000780948517,0.30072918042253743,0.2661765650693757,0.32521626517567254,0.24201650585390563,0.4629939208619819,0.23075249070044285,0.7117122640066659,0.3680018632583895,0.29785860674735304,0.37592346236779983,0.31693234270833587,0.30478318555830236,0.43059384955042546,0.3615530383833207,0.28355673198285836,0.3233744951602125,0.339517490624326,0.2627759408341701,0.3777389147780329,0.4824684104409615,0.08040433913266685,0.20759005682796539,0.4111686365322098,0.23585578706833069,0.41589083839360463,0.40651458670286833,0.1592451987528865,0.2365349763565804,0.18481067814389943,0.20749689739280816,0.17582717732521874,0.37360306919039243,0.3118223457249012,0.4370878696861057,0.13150426625214653,0.2501577457176845,0.2837258302529879,0.17132037126510993,-0.0029522928760012447,0.520096640822026,0.0042743911007865655,-0.044218225603865915,-0.010514785411916937,0.053698704156941904,-0.04453165285504734,-0.04997816346988554,0.028087778075106807,0.0027845126478854908,0.11354180630214884,-0.1164125756173488
0.0327005063890214,0.4419509174397478,0.4606681940729512,0.33371260109715295,0.34306536028958856,0.4240106604387413,0.36114932012796586,0.4674196925112768,0.3884101732640905,0.45482764533814934,0.37329758863033213,0.3409359512343419,0.23418163860367022,0.34288957779565077,0.3696253313923211,0.3680018632583895,1.0157224636334932,0.37075136546317194,0.29971162038810684,0.6306968236881205,0.34216512020646994,0.38406448253085257,0.3755678011402265,0.31119366402326937,0.43865048226323716,0.467628884067372,0.3159542715691299,1.1276657149523148,0.5084489658559909,0.03486779906065545,0.28313151461595604,0.30937678658337603,0.5053094857480556,0.2577457021333555,0.30132506068417514,0.11067655516331538,0.6253447190857895,0.3442371494625651,0.25627251701229004,0.14805071413164114,0.4021076199851987,0.3669745660498146,0.40243789459664553,0.12057896981029735,0.2649109224455968,0.3430883470247447,0.20649251495178322,0.023934930922720567,0.6471635296114543,0.2327015922684116,-0.2859804282719539,0.12182973592001747,0.10790977074141139,-0.05343348736512139,-0.13704781380905287,-0.030672892129772297,-0.022486281113529225,0.24910218493179911,-0.07727974879927338
0.0940663371477843,0.5934999169601578,0.42219917335036955,0.31139589916903687,0.3448317113612588,0.26335614297092474,0.41016201164264854,0.35222873525072146,0.35198194751657097,0.4546589400487596,0.31434400347805,0.2717299791395613,0.1883906950212883,0.2647992674169719,0.44229568214106746,0.29785860674735304,0.37075136546317194,0.9418945552905359,0.30230979588403967,0.22520756826694668,0.35448187635156475,0.3430805503442324,0.6058687734639622,0.27393646356065515,0.34329192200864217,0.4951874314770554,0.20340711833320158,0.5130823575328816,0.4820978536575425,0.0890510152244669,0.3405347058926525,0.24616768679439488,0.2878803009851267,0.4098287802345938,0.28046691689224823,0.2923624501689129,0.44129207307024315,0.14256121057250504,0.16096399810083462,0.1571557736368415,0.5101059246843449,0.33056732903261726,0.49527568675843775,0.0637435823815287,0.30797567144207927,0.3927691444425324,0.4744798064666358,-0.03311271066255384,0.09802827875550392,0.048806479248491554,-0.015819093242376486,0.10000761138847772,0.054059994705176126,-0.06213361411002199,-0.12036780302928035,0.009880675549585525,-0.046042713919460555,0.3522504660910666,-0.19837722393758067
0.07122872323694948,0.35199441694128697,0.50725503242651,0.15826897775525012,0.14207461090482051,0.27740104478335875,0.29677912444195076,0.26167707441828075,0.41521226469103106,0.284534277360858,0.22746464564535346,0.24557787179752455,0.22611446002611407,0.311805899397579,0.19775851337669242,0.37592346236779983,0.29971162038810684,0.30230979588403967,1.4871808170907255,0.3036280754424213,0.3089750812700405,0.42902339210183404,0.22539697501115147,0.3069901720570068,0.22355107102779442,0.27267346658275377,0.2012254508114357,0.3642560726188159,0.38843903324595513,0.4868888674377991,0.3258438190637872,0.27993955192539954,0.3515621389733498,0.26191146915079255,0.20959203792620845,0.4426780771544294,0.41333335932843057,0.20407775546879764,0.2686945619089826,0.0644055572301285,0.48242360734338635,0.28524242841232644,0.25579893735294007,0.09579354909253769,0.20607969917571423,0.39989341812656104,0.39597743704119565,-0.07039657100809259,0.2433382255420016,0.7542345112145351,-0.125434865504429,-0.33939855419203296,-0.16426938184390724,-0.09756171271235288,-0.004487548250465214,0.028310318460376533,-0.004233911363381993,0.04268423219815094,-0.11866909706374133
0.0618254868555895,0.4305820145189454,0.3728021896677897,0.33397222874258387,0.3675288681304384,0.5097627655087696,0.3852263462303827,0.4296537561982809,0.3976335844749282,0.26555985049175157,0.4369604803186004,0.37488908917345354,0.199743974138559,0.41760210249833507,0.4394707800637058,0.31693234270833587,0.6306968236881205,0.22520756826694668,0.3036280754424213,1.34130651030031,0.3401044547455119,0.3499527599110469,0.4875441646610208,0.42160716847722374,0.47869465749308454,0.4774256208715325,0.36368705901052756,0.9384234481355777,0.6484070700681521,0.24904901085541983,0.2507019990749066,0.3944487054257183,0.4169390787679875,0.3131750326475796,0.3675725734866763,0.034980563287723136,0.6445150766362648,0.6282429019309057,0.29094852819160416,0.2633710037917607,0.29714015912049874,0.3855468695055639,0.6872588025194385,0.1462076018989452,0.3837450584961103,0.39769938702939506,0.19031549086061564,0.005770768074225969,1.0508027241632425,-0.08959434444494248,-0.2498410511180426,0.3276327115509641,0.10908616350631234,-0.09931384458902948,-0.05951684775712428,-0.02208833913215427,0.07855960841583415,0.15813765534921734,-0.10295115177446496
0.06964773515073965,0.46183634383188493,0.37496967763169775,0.22910119901769657,0.24827902057253448,0.3106894315533031,0.3158452795869171,0.2863211173185635,0.3328982415990339,0.236659246859368,0.30205653005103406,0.2592747459206713,0.19288621235745584,0.33956148484561205,0.3123873680229518,0.30478318555830236,0.34216512020646994,0.35448187635156475,0.3089750812700405,0.3401044547455119,0.6225596668379693,0.3086577647661429,0.3234070795016242,0.28515782387147454,0.28628321048884897,0.4356330366882396,0.31305028887888364,0.318512915964427,0.39745080582980147,0.13710514002360055,0.2856026994431326,0.32049773471670967,0.28221988034269674,0.4405963480426879,0.4932021337076039,0.2209938017959355,0.43974250905068873,0.21451259723696084,0.16542210303812183,0.203842958248495,0.4635426842326428,0.5041781202069804,0.4303268199533152,0.11278788486378055,0.36098905164299633,0.33840593394953444,0.25889543771256207,0.005206488955115205,0.3749633957776269,0.10876136178754627,-0.07761643344534754,-0.013264570477991832,0.05466992004585748,-0.03547662412323844,-0.08541586199532272,-0.04213283293626791,-0.0017538664911320538,0.12757306670077667,-0.017967530511785106
0.07856173579115536,0.3219594110809623,0.47158632810191853,0.2317270330335453,0.21983573907326956,0.3817274838939446,0.3958678598431717,0.27680200254454435,0.5761918833767157,0.2813139262407238,0.2820967150535907,0.3023805842212258,0.26103532726778106,0.40352514065225425,0.1491591817083839,0.43059384955042546,0.38406448253085257,0.3430805503442324,0.42902339210183404,0.3499527599110469,0.3086577647661429,0.886571918911235,0.49147143807213195,0.29655915219124906,0.30999313542130974,0.39865923150782484,0.3696360079747508,0.32641018127987304,0.4937390344720018,-0.0397264335594478,0.20757546664063964,0.38533626372946506,0.31398967485276363,0.40691186334655305,0.38873782754607183,0.10959536926042007,0.2645533528499489,0.18801849224430095,0.1757101141325199,0.14838389824291057,0.3142855834898068,0.30875471282377787,0.6333291735429502,0.1365923664537253,0.30389455679540184,0.3100428094557753,0.15189997909214373,0.0037108313829110648,0.4300058821326601,0.07182452447270908,-0.011452486699605594,-0.029286803984837066,-0.001207771965156004,-0.09897536604628848,-0.03235177133740672,0.10069338325877716,0.0019957136118880785,0.07917987184716965,-0.1807409253472129
0.09272251280175921,0.10422351309005594,0.32156090959021943,0.34685330662722524,0.4381316031585164,0.2474253094383063,0.5615233785369799,0.3206248844465302,0.46493260989464236,0.46766368665576125,0.31772218037631356,0.3382877781192837,0.20134119900366512,0.3441474091228033,0.48160588398894294,0.3615530383833207,0.3755678011402265,0.6058687734639622,0.22539697501115147,0.4875441646610208,0.3234070795016242,0.49147143807213195,1.929102097574674,0.6261796679034635,0.619038928959993,0.22619187438886476,0.3113698630395879,0.4083039757210845,0.8046991362954197,0.3351167812928788,0.1796686806209427,0.2882713143720188,0.5901681139354451,0.5505946137275083,0.3239419725810541,0.2985565946378965,0.4597047572072314,0.23547202402269068,0.3990644178217757,0.2054338318936664,0.408327115982131,0.34354663605022306,0.5371374812090224,0.17039602452069577,0.06198717961357488,0.5346892973004224,0.44666647852322106,-0.03640970727545715,0.6400648435951205,-0.00014317627750941997,-0.11117554343652088,0.017948403059107564,0.38743277341174825,-0.18882102933706885,0.020888319796028905,0.03495153916573196,-0.031488207368974924,0.11559021617203022,-0.09775217207394983
0.041942918554943365,0.29302082733674323,0.32155663965174736,0.2578158590846227,0.27524197399723305,0.2734861183430835,0.3540144131444651,0.2772297737259263,0.3326313774369597,0.2784119046134892,0.2628350814513552,0.26218606334447686,0.21011350567333278,0.34703796716566354,0.3204478552218583,0.28355673198285836,0.31119366402326937,0.27393646356065515,0.3069901720570068,0.42160716847722374,0.28515782387147454,0.29655915219124906,0.6261796679034635,0.9362742605556845,0.35031832893540926,0.20783648218161238,0.3286905008043932,0.3243751727686316,0.5505540234294063,0.6827862762577052,0.34194108790348104,0.3213920417168218,0.6971531880259294,0.3567065954410719,0.2378806614013357,0.5437161889961574,0.5407091859239239,0.2779668694141431,0.41418617749190584,0.11887165838172588,0.37131899659346435,0.31618140288137747,0.30236138448135724,0.15247198200794204,0.19788254281389542,0.41634886778609065,0.47718097690477396,-0.05845331862961077,0.46451276588595986,0.20942127713699632,-0.19300723033345543,-0.022867833181077626,0.18312801900539474,-0.1641143292971292,-0.025017479122679306,-0.0887833322650956,0.03808041504308508,0.020702010834759317,0.023718968124003093
0.09399360145247344,0.2703973515837979,0.303578768060249,0.2748310727148425,0.3033440811817331,0.37379645589853827,0.3515258836741907,0.3617973007366005,0.2725705830610809,0.3368611776380997,0.2861360155232545,0.3479552931468034,0.16597650860727825,0.30524595204576216,0.4243132390432203,0.3233744951602125,0.43865048226323716,0.34329192200864217,0.22355107102779442,0.47869465749308454,0.28628321048884897,0.30999313542130974,0.619038928959993,0.35031832893540926,1.0510672760988464,0.21606617430869168,0.221687677863963,0.5373350875162051,0.6331773093095958,0.27417869113044613,0.19456522847204677,0.2832235820204044,0.3030879474816561,0.5076587833024383,0.3920431321397963,0.14951132266666817,0.3743398986553088,0.26885283621130907,0.3737729747876757,0.1939722700946077,0.3166423848488098,0.29517576304813004,0.3936652098367442,0.14085174621671948,0.2490985606073141,0.37339303042370603,0.27871787841358625,-0.017115558802986118,0.7623402027819772,-0.5845116448987643,-0.12142851694337875,0.4278623787697594,0.26093417355718573,-0.09042381945365743,0.00592721686751576,0.043269703737130266,0.10134375862361374,0.068875719251395,-0.19116077526745714
0.04686173269036535,0.5810700028066291,0.5304971239661674,0.31049900937364544,0.29512166387921884,0.45885468452537903,0.3998124512285372,0.40440836893182747,0.5421345240130575,0.31761066778052505,0.391826372587545,0.3705488399668974,0.2353346622772586,0.5063609010958566,0.3215259946034004,0.339517490624326,0.467628884067372,0.4951874314770554,0.27267346658275377,0.4774256208715325,0.4356330366882396,0.39865923150782484,0.22619187438886476,0.20783648218161238,0.21606617430869168,1.7400044582540661,0.5033706630821024,0.44006644516582744,0.041117415900960075,-0.12471128331893619,0.25828434855167337,0.4925710926701868,0.2668833101374988,0.2976326352292978,0.395201392528134,0.18100521222584115,0.18186251245490848,0.23187017530955983,-0.6287924730457675,0.02699189285618954,0.5603368673220404,0.4379368944187748,0.7908639627554385,0.02037859261527979,0.22305477267524507,0.36105932091296944,0.07692460991262044,-0.01894813090173957,0.1080934085890343,0.12810588527676875,-0.17828183106200388,0.14486080815553953,-0.04886939195263542,0.0034891446722679327,-0.1933696820334996,0.05145077181258611,-0.06648225431771804,0.3857274500815152,-0.23763306311818225
0.09509075167000175,0.5913272185466423,0.6812958719059682,0.1302028137139926,-0.03856441956666713,0.36409211807279174,0.3463407461774017,0.36844060007429247,0.4991598395203909,0.38186663674765103,0.29902326697391757,0.2843452893198141,0.19599320968914621,0.27050322378069874,0.27230565182076705,0.2627759408341701,0.3159542715691299,0.20340711833320158,0.2012254508114357,0.36368705901052756,0.31305028887888364,0.3696360079747508,0.3113698630395879,0.3286905008043932,0.221687677863963,0.5033706630821024,2.4706877272392846,-0.006427751483979371,0.1400022100202459,-0.2471627110024123,0.30209306550308795,0.29527853277934224,0.6396297394489869,0.1204294136329289,0.5803284473342472,0.37152457962948526,0.25080152093947705,0.09847755827228859,0.059239594254883905,0.09044776657346051,0.29901519683706346,0.3612471620129923,1.4350586319787502,0.3600612361656974,0.6368569659596047,0.3767976497951185,-0.07873845798572948,0.007339573775640114,0.03350157068181787,0.10585172357086858,-0.07218680252704818,0.15451420845273695,-0.0767370611810227,-0.10277594191092282,0.0789838097234803,0.11671166661745334,0.1798654655150505,0.05986970027448569,-0.2808890396575664
0.03233645245464868,0.5014757245669141,0.5357909960515488,0.37190647363908563,0.3567438926221308,0.5761623708106165,0.366450713439008,0.5652500611686616,0.44543017418568986,0.4745858324258184,0.3867726428429011,0.282536225508208,0.21245303878106253,0.2768676733831219,0.49232076355700366,0.3777389147780329,1.1276657149523148,0.5130823575328816,0.3642560726188159,0.9384234481355777,0.318512915964427,0.32641018127987304,0.4083039757210845,0.3243751727686316,0.5373350875162051,0.44006644516582744,-0.006427751483979371,5.57296971244195,-0.05465582649579556,0.12332019456821353,0.36353787789230296,0.2763741018485165,1.0236956332978273,-0.3344242048404868,0.008756256414185107,-0.3760247733079128,1.4631039180778764,0.502762278892239,0.24016238613801988,-0.005858556895913895,0.7346439332813348,0.35347808287358745,0.2680963141699634,0.07487959275161322,-0.16628666325718425,0.08833969309333252,0.2829407591684551,0.1912953959122169,1.621218714626125,0.13226634122523337,-0.8228970381549366,1.2605916993676793,-0.3313659151988941,-0.12224749360439234,0.343900324924743,-0.03368652403502132,0.18684354435627454,-0.29873270171943944,0.53785818098967
0.13219504137785648,0.6542894724569494,0.5536147861477366,0.41509009654940593,0.4745696154590214,0.4991987000388185,0.50853572378189,0.3929629547519334,0.4487451264973913,0.45699361910984315,0.4212887395109263,0.44829641906470036,0.3088073707757165,0.5275692142235305,0.4804456583651801,0.4824684104409615,0.5084489658559909,0.4820978536575425,0.38843903324595513,0.6484070700681521,0.39745080582980147,0.4937390344720018,0.8046991362954197,0.5505540234294063,0.6331773093095958,0.041117415900960075,0.1400022100202459,-0.05465582649579556,3.3925982445280622,-0.048046722202050154,0.23043959729282593,0.5359328678369202,0.2774375255217366,1.0590380370378396,0.3000508634105332,0.7856052964443802,-0.144351362298666,0.33895305932669356,0.584856241801641,0.2982514279502153,0.5531084588341689,0.3733773086382132,0.03354201067698103,0.01186171373337937,0.29137371944335894,0.707644438838117,0.1679148725027445,-0.21779492392489655,0.7430965275071697,0.1643952903430052,-0.1921815618024224,-0.21164422137567407,0.13501701020932652,0.00998472092077724,-0.3312180261318383,0.05693460683370095,-0.17546425826037312,0.44695455303514403,-0.212103928998847
-0.0006888146827164362,0.06674822851379048,-0.30535189327402684,0.15032821146788333,0.1441838464996979,0.024007335222396547,0.09865284797849817,0.11203336979580837,-0.06751931054554669,0.10063227874205603,0.03739145189821793,0.018093623498170845,0.051946770018664504,0.06671107723501452,0.3139778117205391,0.08040433913266685,0.03486779906065545,0.0890510152244669,0.4868888674377991,0.24904901085541983,0.13710514002360055,-0.0397264335594478,0.3351167812928788,0.6827862762577052,0.27417869113044613,-0.12471128331893619,-0.2471627110024123,0.12332019456821353,-0.048046722202050154,3.5009495988785613,0.42992479276323026,-0.02621570085916013,0.4380811521146213,-0.13049875737821717,-0.10508850094226259,1.3039914560342638,0.7926020839389654,0.270067605527935,0.7952225229065336,0.013388908647998483,0.6118697203242397,0.1629908684534919,-0.4702491463960187,0.14596858055990017,-0.1646982432932595,0.3707421078421595,1.5748347016166695,-0.2663086487408952,0.41565571646763955,0.38724737644639934,-0.4367909822360764,-0.2364726375665597,0.32166704760754194,-0.08772212775799243,-0.026789661007205597,-0.2891044254098844,-0.21797912533192532,0.6287101429312429,-0.22361902124240388
0.05995794345553817,0.3386897306571533,0.32299046238634305,0.18378733706297679,0.1760751850468959,0.2392178443437662,0.266058308964644,0.24884884665748394,0.2659930219613043,0.2585585897435263,0.23994153350809702,0.22060913460600126,0.1520516811260798,0.2211816010789722,0.2562268201408279,0.20759005682796539,0.28313151461595604,0.3405347058926525,0.3258438190637872,0.2507019990749066,0.2856026994431326,0.20757546664063964,0.1796686806209427,0.34194108790348104,0.19456522847204677,0.25828434855167337,0.30209306550308795,0.36353787789230296,0.23043959729282593,0.42992479276323026,0.8639594628706926,0.218804018576108,0.36189908444328917,0.30871795120637935,0.17071114885866223,0.6600351881501265,0.5355978496019299,0.23439848860003415,0.33069750299148104,0.08559891581002921,0.4883196425347676,0.2939010490229709,0.18145938938918785,0.13471380548028206,0.260108100085153,0.374999812332799,0.3970805583798347,-0.07494748964782187,0.14854122383885054,0.29363443074852696,-0.1509418816866524,0.10265111364704846,-0.12711825032665575,-0.059690899851380506,0.022000274792181213,0.022246701650486023,0.06990550962884212,0.018662939573801957,-0.11548857179728098
0.0667183814971473,0.2694851811427742,0.33389243042481426,0.23268814236011948,0.3086680201189476,0.3573751538300463,0.33760370381426047,0.2899667196915437,0.37452921477014517,0.26933179553581243,0.2689036630907634,0.32782793430500157,0.24507195922426928,0.6284904392059136,0.20665064549721507,0.4111686365322098,0.30937678658337603,0.24616768679439488,0.27993955192539954,0.3944487054257183,0.32049773471670967,0.38533626372946506,0.2882713143720188,0.3213920417168218,0.2832235820204044,0.4925710926701868,0.29527853277934224,0.2763741018485165,0.5359328678369202,-0.02621570085916013,0.218804018576108,0.7733103845566335,0.16822361882437456,0.47813566765605725,0.3404923717863475,0.15511514942165103,0.07789295410111959,0.23988841199218292,0.07332724306820022,0.18057744808828732,0.36635124716586587,0.3119344128861666,0.45656091589082065,0.0837500953547963,0.25789811771277593,0.31240568400744484,0.07089775204509677,-0.022371528953777035,0.6830580294528276,0.031154730356388594,-0.014747734606351473,0.20611307993379804,-0.22191326174274537,0.029478403548842378,-0.044848849489292616,-0.02407217545099169,0.37627596479438363,-0.1590547045025979,-0.14285070511865572
0.026944799658440127,0.5538301041193455,0.41058188371882914,0.29251262889977847,0.2587981673724069,0.06284182537431401,0.49945820224417153,0.2351875713273878,0.4089180757147634,0.27632382317397297,0.23514565027950404,0.24942350307435013,0.2101378586057999,0.244376408698955,0.2551313875449443,0.23585578706833069,0.5053094857480556,0.2878803009851267,0.3515621389733498,0.4169390787679875,0.28221988034269674,0.31398967485276363,0.5901681139354451,0.6971531880259294,0.3030879474816561,0.2668833101374988,0.6396297394489869,1.0236956332978273,0.2774375255217366,0.4380811521146213,0.36189908444328917,0.16822361882437456,2.268535442101393,-0.32870140902317857,-0.24638606947193764,0.24234959442443596,1.06799855185101,0.2905444452803346,0.2124112700511691,-0.11529926641652584,-0.00913951980175344,0.3300693200089969,0.29435019606023033,0.06945782712247531,-0.04623039562836061,0.3354081505772784,0.43318267132426247,0.07185746464128868,0.6971124561944757,0.6320425500620556,-0.49188180647684243,0.15445783209731745,0.16673169179254096,-0.4449776539260971,-0.10500525080652177,-0.042275582446971716,-0.2486660629439863,0.2439480943321014,0.17612752410414687
0.10046272592294987,0.31934088288369583,0.41246990085559687,0.25289192206112177,0.2962457062456074,0.4152271173081501,0.2652270441167333,0.3131897161582438,0.3712974222750681,0.2699737692528669,0.336541073765717,0.35453657614972306,0.24436205130873725,0.5374999209946173,0.3881234882948043,0.41589083839360463,0.2577457021333555,0.4098287802345938,0.26191146915079255,0.3131750326475796,0.4405963480426879,0.40691186334655305,0.5505946137275083,0.3567065954410719,0.5076587833024383,0.2976326352292978,0.1204294136329289,-0.3344242048404868,1.0590380370378396,-0.13049875737821717,0.30871795120637935,0.47813566765605725,-0.32870140902317857,3.0213175122508544,0.5252605816410523,0.3095621868856452,0.22261810464980564,0.18596247012306868,0.44316551881514027,0.13771060859848863,0.7947705262692496,0.42882552049286426,0.4851967449355612,0.2294378006197755,0.4060186344685528,0.4117980796448483,0.27427682260346514,0.043159096915858446,1.1887528447257212,-0.93275681716859,0.2636413761713151,-0.6520173855602079,1.191797759616497,-0.08473523781939685,-0.1713578634170713,0.12810301576548216,-0.08806394837261806,0.21903312476969491,-0.17424396671536055
