0.4433720095273566,0.12012800608114682,0.28369334898930515,0.027959057923404786,0.1546387619776687,0.08992067815185836,0.10209857052969945,0.08261438865087539,0.09211020634697198,0.09238242691920082,0.07576492253896772,0.0936242625580699,0.04653334924921159,0.10469005627171715,0.12838031919723966,0.08602378859562591,0.0521665580596263,0.09677767065282052,0.07471692403817161,0.05978206353650324,0.08790028797262762,0.08425092509163604,0.06866743507161084,-0.01987326807979558,0.10170913351154709,0.1509618199141302,0.06735247982000704,0.05359125885459438,0.10722079196521042,0.030701092073290262,0.08142699690323107,0.11089379566737843,0.0684192595540811,0.02711076650091264,0.04630669041046631,0.10479135559364873,0.09832825849004424,0.04433469123725922,0.06127690491918344,0.0118406228700991,0.05892079190652551,0.08074434748457604,0.0648391702051878,0.0030756142938864303,0.04313071809465944,0.15594426791496058,0.12302718690287294,0.015180432912029354,0.06528696167959888,-0.012409472859429272,0.004725886091519015,-0.013391470030276137,8.22894916643276e-5,-0.010016188497068245,0.06891814725939487,0.0012858093915165418,0.12580073953998408,-0.025021033336103976,-0.13847905568579882
0.12012800608114682,1.831765993773064,0.7055827291306355,0.31011390067624606,0.14838614089568977,0.39234435484502145,0.19794588353287668,0.3743257550374424,0.15949816001890696,0.25924621368452366,0.2495285854736641,0.22307418683811353,0.1183074773742188,0.14058046084805825,0.20588927732954415,0.20702299788342102,0.30005584758634185,0.4606176603036645,-0.02663944110916263,0.441863320253549,0.2847431595769391,0.19632513824118678,0.13591421352369998,0.3603918301945884,0.23710028162905725,0.1514675133143766,0.22372051560038841,0.10096382542740984,0.2447522559900379,0.19651036339940864,0.228435835431451,0.1332909639416707,0.21753844916175621,0.39477921427498114,-0.016575144663505348,0.14779049234605657,0.003921008288587552,0.2338479635063354,0.32049468534194364,0.16494780861837596,0.29207919565972196,0.24166119593180269,0.4667823793433466,0.027797773531541194,0.487942856450008,0.5152947326522016,0.4551369759275668,0.10180204177176644,0.18430436761700533,-0.11924250964179799,0.1605746801457547,0.014666173521088907,-0.04769465441976757,-0.09347266341145913,-0.37210830702775205,-0.24276565739036554,-0.6283043764600816,0.8282347707494065,0.09554630106154406
0.28369334898930515,0.7055827291306355,1.7858722805445522,-0.013831735739713961,-0.42549088224800236,0.31969637506378246,0.10092300543193568,0.33942644002691286,0.29287554070529875,0.3541648025079192,0.19955176102499897,0.1830257681474365,0.11878050822750644,0.16399633640806793,0.21166609999394434,0.15311137885855666,0.2970913292361089,0.24275674097123945,0.31141309107911447,0.20789696166569033,0.22475632849084382,0.2378607432238985,0.1636301751400937,0.17067934632446907,0.22489613485121862,0.23524461636156163,0.16402362925140918,0.28799212404173896,0.35262500862282553,-0.012518743704219005,0.14587483269678636,0.19039310785163718,0.20133705388445913,0.39368174285988555,0.29240802948333955,0.32549937855012945,0.2952631107572959,0.1094240955087284,0.12581571200699204,-0.1514496650776008,0.12037111717236061,0.18753182278751676,0.20067399732219207,-0.007381515672413548,0.2736128171892842,0.6826487009965706,0.3666622417803194,0.024957326050216867,-0.12506502185815363,0.028370928919048882,0.021494870097585,-0.045831243561926534,-0.10801411762981773,-0.01791979983477697,0.22891115699854192,0.041783032555307464,0.06830667597522891,-0.3232057575392088,-0.07834725869166768
0.027959057923404786,0.31011390067624606,-0.013831735739713961,1.323926432588678,0.7124583719452401,0.41193284324231155,0.4059482962722963,0.457484060533773,0.213745023312884,0.14907529191070107,0.31745026140514554,0.33629513578508496,0.212674822927029,0.29970852585653185,0.22611672060092375,0.3419754583160306,0.3299108671805981,0.353832733638782,0.06955282342709555,0.32340429229366935,0.3080504015286691,0.2751004807287023,0.26589231614941355,0.508620059268545,0.30939679334243886,0.19075483672409604,0.24783464069175,0.08095867146294494,0.23851437206718576,0.2693267027897077,0.27929150440494716,0.26087276217690014,0.27609228878808323,0.3863996179471808,-0.07562968319008719,0.1570830778461083,0.12409292924612267,0.18077215237134614,0.37196165628365246,0.129748138202386,0.3272043841575913,0.30232826506983035,0.4340296941164622,0.05374879140339326,0.2296817253480781,0.25260253266076116,0.5583879385914999,0.04025102487073749,0.19475663650172842,-0.029066901347452708,-0.018997253639941612,0.08687157133616688,0.028297736562078537,-0.10932302010355129,-0.11460059030157299,-0.16223601438966545,-0.4609957888756463,0.6165259442563639,-0.08602802493612642
0.1546387619776687,0.14838614089568977,-0.42549088224800236,0.7124583719452401,1.9341566646642039,0.21273899919213962,0.32529243702755956,0.33852173053552453,0.06993770950071723,0.14854087216691625,0.21918927988704043,0.29295449204082724,0.13805656850548528,0.22872448638543186,0.17665709932922824,0.2453113231652778,0.13492142851074704,0.306719659173071,-0.10608256396338661,0.23304994378749078,0.16174973457790198,0.15646004700757954,0.35425169710752147,0.43392923706070996,0.2277132413863956,0.1313895956721193,0.17905277486520388,-0.10767851071092555,0.11808947897493399,0.16986973219989807,0.30308920614302487,0.2269211584490604,0.15742591402310924,0.14090776185235926,-0.31843653611628353,0.12870965142187488,0.07001797411662132,0.1346727742782045,0.22938206049672136,0.18039943917691476,0.26733599098871974,0.21158505550705065,0.17832685495654094,0.04415636152402534,-0.03587562288217892,0.10625355050277144,0.4205048720389538,0.057656066768198046,0.3295957134465122,-0.017947633970725387,0.03230311898763989,0.1662049357905848,0.01281910583181156,-0.10803383113512723,-0.2692746994723824,-0.23168157849866883,-0.05684165549662184,0.6034616764766778,-0.1987503361956352
0.08992067815185836,0.39234435484502145,0.31969637506378246,0.41193284324231155,0.21273899919213962,1.065476262947416,0.19783358304217863,0.4308188748580532,0.38074661688030437,0.13197592661790866,0.34544310163885494,0.32333307347143175,0.20018387227469864,0.2825968091399584,0.2543270777952145,0.2837833285448436,0.34775094792599087,0.3695370131438355,0.428125479462757,0.4934056078006974,0.32797923435708776,0.3341164827157142,0.29561657611675435,0.49285620479513587,0.32195060661414265,0.28832013167567194,0.2658308762793903,0.22766710008426919,0.39169801471566407,0.14680617804578547,0.2758234825386312,0.3029555755272386,0.2508067224944752,0.4987100294352186,0.08407592180603744,0.0898579281269052,0.2411840264688744,0.2504018466131548,0.4535771318799741,0.1638000962236721,0.25309077619582093,0.3160105457817783,0.41222687601761826,0.0436154823580469,0.2679126806311639,0.3497840419719031,0.6138729511975525,0.08994672164609152,0.591940220036686,0.20656735766952838,-0.25175965853140125,0.07579123459249569,-0.1534433210993923,0.002101823213844147,0.021058550009459814,-0.07653815087195492,-0.029354591544072113,0.18005163098409754,-0.1685051080452138
0.10209857052969945,0.19794588353287668,0.10092300543193568,0.4059482962722963,0.32529243702755956,0.19783358304217863,0.6684966403952184,0.2594616190712713,0.27911935121218906,0.11881540029680773,0.23651402764612067,0.29178668145541314,0.15748302621097307,0.1669145295625877,0.20919215639177915,0.2335996907524864,0.2334347156428697,0.3546442580891773,0.02003209507753238,0.15587947667672467,0.22354053679306476,0.23561843367608196,0.13701114352973282,0.4733607034392863,0.21543343869216142,0.11782936034277575,0.1869986349254728,0.12855460043205563,0.14309770907523137,0.2482892253130122,0.18431222966774524,0.17927893237837794,0.20381211016609452,0.2514394894431551,0.0833170410277501,0.2091044193750143,0.11116710838824023,0.07607542250028876,0.21737428183161864,0.08918251282165833,0.22104766112105784,0.20228850101299334,0.2928119934495282,0.03170821024096788,0.13344866944665304,0.2253305891721357,0.1692025790962171,0.04208137152156116,0.3578199959631597,-0.10051234188557169,-0.020248161362959566,-0.011806426445196121,0.032558654839337633,-0.03862512378180338,-0.036544240674486986,0.038021130722982154,-0.10586671443489461,0.22985535461589107,-0.1778147970103001
0.08261438865087539,0.3743257550374424,0.33942644002691286,0.457484060533773,0.33852173053552453,0.4308188748580532,0.2594616190712713,1.0989830231169282,0.10140024515498093,0.24891412737776003,0.3423049355718356,0.16089943707108414,0.1790502034828357,0.2030429028062421,0.11208616270143257,0.1937150673124713,0.30143831357565143,0.4324118770817113,0.13563707353114726,0.36825520038182247,0.2100226822861122,0.2061890234615214,0.26332825699230844,0.4037486838986213,0.28947686319165583,0.21607387779744064,0.19765525086501043,0.2540141423211438,0.2981106868652286,0.12935757559003316,0.1660089787725886,0.23317110659125764,0.21112744588869356,0.42351587649000594,0.17103928870012622,0.013117530323825708,0.2159312766442419,0.1969594039468276,0.3985891388919945,0.2117080341931814,0.1632427987909185,0.22145296667959447,0.33780068785700373,0.03619226111004659,0.34929914073901025,0.36864005894051227,0.7031119994386795,0.0778455396431802,0.26935997425435754,0.2995229655859957,-0.03303898234322848,0.16597764185460087,-0.17694076300809328,-0.029112461731767944,-0.006517529578857303,-0.13037691804063126,0.06470345920990972,0.2918299881556375,-0.2797674718937134
0.09211020634697198,0.15949816001890696,0.29287554070529875,0.213745023312884,0.06993770950071723,0.38074661688030437,0.27911935121218906,0.10140024515498093,1.122983271771752,0.0522261549531061,0.22195378548662772,0.2523494677677022,0.20895668837344084,0.27562742910616295,0.19273174710241772,0.254213507221073,0.3636245403043137,0.2105323080524097,0.38343528984874653,0.34791194266766146,0.3735056226521969,0.48164812389276346,0.3447974406122498,0.4061485307360687,0.20905414020981547,0.37333853854100313,0.26047453373473095,0.34114845778302477,0.285040528307526,0.33104081174818734,0.3323898152559319,0.3014618380042931,0.46378911024529096,0.38141505625435074,0.25308988427956475,0.32886450199204126,0.5662848099914896,0.20473545582918426,0.2796330745191171,0.03903490174875063,0.3732072186427442,0.3382807905800351,0.36859015803536077,0.010832396920098835,0.16717099725706072,0.4091189818486974,0.42245330594548236,-0.00560424563615724,0.39687307067381655,0.019570425941342014,-0.00699552876150768,0.3965073283951345,-0.028722661333283706,-0.19977800825884412,0.25089342962740513,0.039363329965429406,0.058660118245218856,-0.19465902736319596,-0.15707870553327777
0.09238242691920082,0.25924621368452366,0.3541648025079192,0.14907529191070107,0.14854087216691625,0.13197592661790866,0.11881540029680773,0.24891412737776003,0.0522261549531061,0.9898081283401544,0.2220278920185116,0.2636434027170996,0.11034947969621077,0.2526384802040607,0.3010259968984415,0.2221883678033333,0.249275656643634,0.289299871930983,0.007457633721047207,0.028278066793898726,0.1253760905796272,0.1671541848210864,0.3994305263887408,0.3453908872639829,0.25202357840770084,0.13728512245640723,0.168118527527405,0.21964677461332657,0.2774195433411519,0.1924896397871908,0.1440245200002721,0.24043981977270812,0.1746541350118081,0.2981415884026407,0.26662066126596995,0.21088953829963963,0.2792152292526075,0.022343720913283373,0.0817356973370361,0.043158902821053065,0.19006544321853278,0.14154371214809897,0.14376865271753939,0.016102261216800327,0.07142029513074052,0.3542974678713305,0.6231548603477237,0.029606401127716803,0.02423980717809831,-0.006109805931022752,0.07561168256820143,0.07075854556897568,-0.014248960285393112,-0.02222779593208739,0.0950127374934556,-0.04409982409757904,0.14833009371065806,-0.12128692893688346,-0.1373809863957169
0.07576492253896772,0.2495285854736641,0.19955176102499897,0.31745026140514554,0.21918927988704043,0.34544310163885494,0.23651402764612067,0.3423049355718356,0.22195378548662772,0.2220278920185116,0.43886834262361785,0.2887951003281462,0.20457891804368508,0.24440084676142215,0.2932503795496756,0.28060016951597944,0.3743238795165065,0.2755703527265345,0.14789897310263228,0.3288855930189505,0.25500121414646565,0.2253636161072287,0.17189714488613367,0.36290360029483715,0.25248284724123704,0.1732390612550001,0.24520351445952904,0.2788692418921758,0.24078037497145252,0.25285217266736487,0.24941989038611265,0.2498047179553621,0.2560779484785835,0.2897605116892051,0.23438351564691326,0.17939233644022226,0.26535302207114164,0.17693856980880235,0.2854659612392881,0.1544692228152763,0.2345760932263558,0.2615387247785652,0.2875638731800173,0.009319280387766074,0.24898819443227316,0.3304301078524116,0.4976681027500854,0.06184217415628508,0.18944536515165467,0.1354855796996385,-0.04720854766949923,0.16979608765042406,-0.05871341379730459,-0.04558490547384266,0.028530273820372733,-0.06694731915282325,-0.03368943961934723,0.14720495087216373,-0.16085099879386722
0.0936242625580699,0.22307418683811353,0.1830257681474365,0.33629513578508496,0.29295449204082724,0.32333307347143175,0.29178668145541314,0.16089943707108414,0.2523494677677022,0.2636434027170996,0.2887951003281462,0.5825774535449346,0.16235418388162495,0.26210102897226256,0.29765989699667544,0.33103691615093683,0.331513752555715,0.2306531241176092,0.13928899134060171,0.22097656236890706,0.2349929718022289,0.23504417707639322,0.17140161696777792,0.35349678109510047,0.2925188558989252,0.17723880552868335,0.26744674244649635,0.18232714838546657,0.2311304727093197,0.20463485139501197,0.22950145783150017,0.27108224167176725,0.20008978904702668,0.27735906796962956,0.14874027823975097,0.2353119641387331,0.11902972797159184,0.12360478613565883,0.20876026015924445,0.12714099213560084,0.2027302043272681,0.2418995111352782,0.24509970349489454,0.010880067118820315,0.17433559577518035,0.2778859851479762,0.39492562324767705,0.052567225076656725,0.3747335452861886,-0.10382413701350861,-0.004923809049796565,0.1939915431261439,-0.008792316811620293,-0.06413669049203032,-0.10071162242091836,0.015468173928714904,-0.047842571808632633,0.21812121820835131,-0.2102030099883345
0.04653334924921159,0.1183074773742188,0.11878050822750644,0.212674822927029,0.13805656850548528,0.20018387227469864,0.15748302621097307,0.1790502034828357,0.20895668837344084,0.11034947969621077,0.20457891804368508,0.16235418388162495,0.38214114685493067,0.1971084580632187,0.13915543901995195,0.2149127065884541,0.19200275321862942,0.15455318984999364,0.16637148496167062,0.1552527932721125,0.16290764241531827,0.2315420960941336,0.06345376891740423,0.27811756230588586,0.15083426375733539,0.16897660698759706,0.18192757093059173,0.16540167085878993,0.1879286671506422,0.16322116843132853,0.118421157080605,0.2035253028689555,0.14380844387531433,0.1955892578892933,0.18435275334034198,0.13016582180634353,0.13071736057384567,0.08052556069425108,0.25266744615659964,0.10396682977390918,0.12443744997692754,0.16769071698483665,0.19299991875459108,0.025230552975751275,0.11962027259252354,0.23866360294679884,0.261965998548462,0.012214516417922096,0.2659845905774589,0.06891699734182138,-0.051343676263446256,0.08061737389408295,-0.01053804888458872,-0.035397536500172515,0.05323558257305195,-0.030109081296292847,-0.040106462888416634,0.038465513295887904,-0.06175100437347792
0.10469005627171715,0.14058046084805825,0.16399633640806793,0.29970852585653185,0.22872448638543186,0.2825968091399584,0.1669145295625877,0.2030429028062421,0.27562742910616295,0.2526384802040607,0.24440084676142215,0.26210102897226256,0.1971084580632187,0.5663670474032946,0.23618393898699064,0.38733133976105744,0.2764561635573978,0.15323220603643758,0.23321098922583613,0.20592863926304666,0.26997859520319334,0.30786782824984205,0.24901961711651796,0.2872176131163078,0.25857232972366095,0.39443872181881023,0.2245790293295589,0.17693024160310206,0.2780666056462975,0.18656276071489375,0.21806393720495001,0.4637706379414373,0.2348728427034304,0.22974523267958374,0.2029404336106514,0.21818378744718211,0.22531686736298956,0.13558637024521153,0.2792716535455459,0.19806205696026008,0.223390464256858,0.2916286750734431,0.19972190832797726,0.018927764813205156,0.15033105566015076,0.311793323982679,0.5962713847386906,0.03370584307625393,0.4313804027856133,0.043051936763940514,-0.01950235303306085,-0.019767383573545808,0.13221427514879813,-0.09656889635146981,-0.007562766612903859,-0.13244274967169561,0.1594141494918171,-0.0019054157562245556,-0.071885201948761
0.12838031919723966,0.20588927732954415,0.21166609999394434,0.22611672060092375,0.17665709932922824,0.2543270777952145,0.20919215639177915,0.11208616270143257,0.19273174710241772,0.3010259968984415,0.2932503795496756,0.29765989699667544,0.13915543901995195,0.23618393898699064,1.3294569251601713,0.24821568108335754,0.21198107574763883,0.4594076349171892,0.20774533196224046,0.28993623054138085,0.2721687505661448,0.03478182894555817,-0.17060715564694123,0.3963833408974159,0.2926266924909418,0.3385072611464312,0.2071921507242249,0.2730977898990801,0.21444618872985133,0.13271584043337362,0.23668081788727804,0.2235194607762336,0.2130469048179307,0.22595772871063183,0.24087813960104368,0.1658158848298532,0.4396771627362749,0.11179633893073362,0.2621890098606093,0.07157425076590017,0.22824467042523536,0.24048488525896408,0.22861256484218978,-0.043456189532233715,0.21488991513551137,0.12408237459140464,0.22367352620960507,0.10995139139001045,0.298682666327071,0.29632194948190854,-0.003868653655369295,0.16228190991875843,-0.16053222147910037,-0.1478748882611231,0.27743649059839504,0.04094169840502152,-0.019469679699853894,-0.14616111302996954,-0.09695140542687257
0.08602378859562591,0.20702299788342102,0.15311137885855666,0.3419754583160306,0.2453113231652778,0.2837833285448436,0.2335996907524864,0.1937150673124713,0.254213507221073,0.2221883678033333,0.28060016951597944,0.33103691615093683,0.2149127065884541,0.38733133976105744,0.24821568108335754,0.5763244436893943,0.400845485710089,0.1982587623838293,0.2030950218438368,0.22648097217191782,0.29498155718774327,0.33864755285762044,0.1595648026910385,0.29737766423423717,0.28291920192532344,0.2856981246916709,0.27964740631320295,0.2728688084459301,0.2868246377482128,0.31069879501689457,0.22443581995220918,0.34538454927807294,0.2592963491431146,0.27905820690583233,0.2704355913860402,0.2166409391714773,0.2640802477886683,0.13900153482684624,0.29874139566273766,0.18577569842960648,0.2586281888300136,0.32917533469358823,0.3538750964993096,0.012662182968382275,0.2450230196939242,0.3108093035375564,0.5765711015138664,0.027721351318189192,0.4014726170732006,0.03171214982474671,-0.04939893812339322,0.06304637563038802,0.014166739711965871,-0.08749705544454214,-0.04481595744354405,-0.008504725748597144,-0.15570152694883882,0.35897374936587123,-0.22418186469342202
0.0521665580596263,0.30005584758634185,0.2970913292361089,0.3299108671805981,0.13492142851074704,0.34775094792599087,0.2334347156428697,0.30143831357565143,0.3636245403043137,0.249275656643634,0.3743238795165065,0.331513752555715,0.19200275321862942,0.2764561635573978,0.21198107574763883,0.400845485710089,1.0317403522017918,0.22440033971056642,0.25693582547531546,0.44336996428939657,0.4161694135708818,0.3467299492901304,0.3269412462827037,0.28859608981007806,0.3416893603750917,0.14971022867833497,0.3326715834177414,0.7124293752349861,0.30622336922284865,0.5519950757995785,0.3967859944876661,0.30434502807429326,0.6038805180802801,0.3590873753020341,0.4869548891005425,0.321587275558838,0.6312267213030295,0.24928912811296547,0.31204412422493283,0.1041091455861619,0.3997370308392265,0.4565855905698694,0.4530648483731515,0.02190331352461555,0.2820205750380056,0.5172980242787001,0.9173023142272319,0.09784044136132973,0.051762989272358235,0.33966419378380114,-0.1981380693060842,0.052237274929069856,-0.2867079682923125,-0.07569018601257728,0.10751522847708293,-0.07890353794859499,-0.1531771141129912,0.06732406765062078,-0.12586711723359714
0.09677767065282052,0.4606176603036645,0.24275674097123945,0.353832733638782,0.306719659173071,0.3695370131438355,0.3546442580891773,0.4324118770817113,0.2105323080524097,0.289299871930983,0.2755703527265345,0.2306531241176092,0.15455318984999364,0.15323220603643758,0.4594076349171892,0.1982587623838293,0.22440033971056642,1.2371338576359099,0.15504771541071724,0.1348062997296491,0.2766661751479017,0.20563336104697488,0.12357167521475294,0.652918483294988,0.2501503298597242,0.36167163119695006,0.190440080309253,0.28044660591538106,0.17392682164036083,0.09220645920431911,0.21820190656277075,0.199689915295607,0.2589710823840438,0.32343397113849165,0.08656096473785664,0.11243116142116696,0.1841781775292712,0.048668286498044014,0.37576995901720883,0.13170506763477108,0.1706670918021152,0.20030062805998539,0.46888569275489494,0.013573101447009253,0.37951551457133265,0.27480912189306206,0.3665905778191624,0.05776406885811622,0.44106145930620416,0.27066948016074854,0.18488033239074325,-0.10182225637708055,-0.4628259392647231,-0.1949250194622298,0.0818443968541191,0.021209999945353913,-0.13846663908301182,0.24021416675386703,-0.19116077814557073
0.07471692403817161,-0.02663944110916263,0.31141309107911447,0.06955282342709555,-0.10608256396338661,0.428125479462757,0.02003209507753238,0.13563707353114726,0.38343528984874653,0.007457633721047207,0.14789897310263228,0.13928899134060171,0.16637148496167062,0.23321098922583613,0.20774533196224046,0.2030950218438368,0.25693582547531546,0.15504771541071724,2.037245149823559,0.2989262595151505,0.3013341904231004,0.29098822255638673,-0.06605794350392115,-0.04744654283494132,0.11532353247086939,0.31755423257189047,0.17301672625921272,0.31158327764557103,0.15330750735632545,0.27503466546644995,0.19688370689444226,0.20080565068112288,0.34731876891705205,0.1262952581617297,0.12277994239454128,0.466812063828224,0.2918387223962723,0.1637477035614585,0.29214800058992,-0.053475984345377786,0.2860964296967053,0.2633345333519664,0.31319502124794857,0.0609335203252418,-0.006901189482453684,0.2219706886337692,-0.21223402240134298,0.02459259874887299,0.1460752289260949,0.4204842159429464,-0.3020818783924735,-0.6100855637526662,-0.21380467031739114,-0.0874345664763416,0.20303235589362825,0.0670864329715815,0.021105590195768353,-0.18718533497796883,-0.020586074935083055
0.05978206353650324,0.441863320253549,0.20789696166569033,0.32340429229366935,0.23304994378749078,0.4934056078006974,0.15587947667672467,0.36825520038182247,0.34791194266766146,0.028278066793898726,0.3288855930189505,0.22097656236890706,0.1552527932721125,0.20592863926304666,0.28993623054138085,0.22648097217191782,0.44336996428939657,0.1348062997296491,0.2989262595151505,1.2070471118675978,0.25606583935535066,0.21184023352042958,0.3501601261582119,0.3966529009195165,0.27948742902257867,0.057988871453491,0.33369424654126506,0.3344469919884277,0.342579499024891,0.5716364808753636,0.4619507126875304,0.19313380828903917,0.3377431882288553,0.4545835928650565,0.30186235923613713,0.19125957991955322,0.6216605759100831,0.5515153681756308,0.5004305451258605,0.2317610635618009,0.48697700102703073,0.3493242026883857,0.5491350340964679,0.034921651998124095,0.517252496153826,0.5696136884920759,0.5163517452375125,0.21285778065598118,0.4441057649538294,0.27203234828485057,-0.2188821035848725,0.3323034885294935,0.060716850687935406,-0.09411338288340203,0.06524707756868627,-0.11961422750752464,-0.07084427629410775,0.18548325884901212,-0.16385655401350604
0.08790028797262762,0.2847431595769391,0.22475632849084382,0.3080504015286691,0.16174973457790198,0.32797923435708776,0.22354053679306476,0.2100226822861122,0.3735056226521969,0.1253760905796272,0.25500121414646565,0.2349929718022289,0.16290764241531827,0.26997859520319334,0.2721687505661448,0.29498155718774327,0.4161694135708818,0.2766661751479017,0.3013341904231004,0.25606583935535066,0.5817839616424748,0.31766865231721236,0.2511518211942485,0.20705830695741398,0.25164764057367356,0.30559219900087986,0.24216935343469811,0.3595467404946748,0.23011034611012599,0.38712984991047694,0.3325592041742166,0.27359262805757645,0.4987139107755177,0.25399562194983455,0.20721480692611846,0.325170173237876,0.4297675584372361,0.16184693809840756,0.3962373449355344,0.11526143857596947,0.43272288464684067,0.42198299742960005,0.42477551672454145,0.007157225463921172,0.20853070445427735,0.34579313568383463,0.6011418631904273,0.07819413181861527,0.27692956793379075,0.13559327319532194,-0.07278399830889085,0.06446997661238514,-0.09907227336070203,-0.13085365418415468,0.1427044073577753,-0.0352730409327736,-0.22436167339406568,0.06684715103556294,0.021430046099785795
0.08425092509163604,0.19632513824118678,0.2378607432238985,0.2751004807287023,0.15646004700757954,0.3341164827157142,0.23561843367608196,0.2061890234615214,0.48164812389276346,0.1671541848210864,0.2253636161072287,0.23504417707639322,0.2315420960941336,0.30786782824984205,0.03478182894555817,0.33864755285762044,0.3467299492901304,0.20563336104697488,0.29098822255638673,0.21184023352042958,0.31766865231721236,0.6990325528438496,0.48567264498556295,0.32040989998743996,0.22586866004284906,0.2752517502741866,0.25834324285189125,0.24931910528925294,0.3577712957859299,0.33500562526257294,0.25410762828664596,0.314830294453919,0.3542897184320839,0.3552456876097207,0.19278394473819083,0.3450330243239056,0.24285152660644152,0.14901365979344555,0.410217298616556,0.12020235772954924,0.29124110797282343,0.3073852810438117,0.3774281702963882,0.0531892918710033,0.1216997396649251,0.49063804497145364,0.5580818461160377,-0.10142400659751638,0.5080570706078575,0.04108764735262422,-0.06726870247790716,0.022383763189017983,0.015726103342866955,-0.10002530264390395,0.04478536945922467,-0.008836102940341057,-0.09485678997488202,0.10494558150603071,-0.10883417491449197
0.06866743507161084,0.13591421352369998,0.1636301751400937,0.26589231614941355,0.35425169710752147,0.29561657611675435,0.13701114352973282,0.26332825699230844,0.3447974406122498,0.3994305263887408,0.17189714488613367,0.17140161696777792,0.06345376891740423,0.24901961711651796,-0.17060715564694123,0.1595648026910385,0.3269412462827037,0.12357167521475294,-0.06605794350392115,0.3501601261582119,0.2511518211942485,0.48567264498556295,2.823346014907752,0.61077662130235,0.5390958966340166,-0.18036195403301009,0.19852330833216011,0.24159727893874555,0.7276264625149638,0.837235337394286,0.3606812208213912,0.17519524074896956,0.5450184351216482,0.5836251994237415,0.2988045274846359,0.32064032764615175,0.6501036324313287,0.10131115413442601,0.3225412807017271,-0.018953268389168804,0.5712948729697739,0.2422807605783941,0.4698745334086675,0.12942242830440914,-0.20112699109605714,1.0372514131330273,1.3273191399832522,0.06575194015947378,0.2432754191038928,-0.19587262793195662,-0.026733737524777885,0.20865774286025887,0.5095684485334663,-0.18453981346178094,0.17779954475568915,-0.07694979308414228,0.010139942495487582,-0.03840651022411866,-0.13731750226245992
-0.01987326807979558,0.3603918301945884,0.17067934632446907,0.508620059268545,0.43392923706070996,0.49285620479513587,0.4733607034392863,0.4037486838986213,0.4061485307360687,0.3453908872639829,0.36290360029483715,0.35349678109510047,0.27811756230588586,0.2872176131163078,0.3963833408974159,0.29737766423423717,0.28859608981007806,0.652918483294988,-0.04744654283494132,0.3966529009195165,0.20705830695741398,0.32040989998743996,0.61077662130235,2.3911933600189057,0.41679282582223426,-0.7280287859857264,0.2826541553429219,0.26507842021762906,0.01915567421098017,0.8435025539637687,0.4920624588959621,0.2282067676583828,0.41316913354813717,0.24741975337098393,0.31259835867804214,0.1852524190037862,0.5065841434613266,0.20556514236990803,0.3394054149778157,0.14156089012294615,0.5494309503059742,0.1703497100570737,0.39229078068692425,0.04252259684079578,0.1590564359028505,0.5544706456289038,0.6506798717495095,0.16320744224544273,0.7843594289062547,-0.1754916871888327,-0.03672711620857801,0.4268443939416196,0.2681681943300341,-0.11565246225573855,0.030763657030324517,-0.0965955106644194,0.05986693436726915,0.1653780668034782,-0.2786704631733029
0.10170913351154709,0.23710028162905725,0.22489613485121862,0.30939679334243886,0.2277132413863956,0.32195060661414265,0.21543343869216142,0.28947686319165583,0.20905414020981547,0.25202357840770084,0.25248284724123704,0.2925188558989252,0.15083426375733539,0.25857232972366095,0.2926266924909418,0.28291920192532344,0.3416893603750917,0.2501503298597242,0.11532353247086939,0.27948742902257867,0.25164764057367356,0.22586866004284906,0.5390958966340166,0.41679282582223426,0.9026781776034597,0.20806061621084512,0.25250858381537705,0.21723367926698534,0.5011374774022059,0.333590141052137,0.3216470461675815,0.24021768956868503,0.26259717155182394,0.42962051356238457,0.26049133542567043,0.2912924358170875,0.32571509580020624,0.15694867759562683,0.3064141558814972,0.10634391405696854,0.26891365418729435,0.2514838910770107,0.33187841739079027,0.04019731464034514,0.24587454726848182,0.374309633238686,0.6398462935973026,0.03976118648669742,0.05065884946619148,-0.4009713768148262,0.025027518059128184,0.37230783100754056,0.1987722771576754,-0.11648404855831644,0.0567122437748453,-0.04054461980436836,-0.0462912516551988,0.10516284973851052,-0.16176078738978933
0.1509618199141302,0.1514675133143766,0.23524461636156163,0.19075483672409604,0.1313895956721193,0.28832013167567194,0.11782936034277575,0.21607387779744064,0.37333853854100313,0.13728512245640723,0.1732390612550001,0.17723880552868335,0.16897660698759706,0.39443872181881023,0.3385072611464312,0.2856981246916709,0.14971022867833497,0.36167163119695006,0.31755423257189047,0.057988871453491,0.30559219900087986,0.2752517502741866,-0.18036195403301009,-0.7280287859857264,0.20806061621084512,2.377391408255267,0.12387575421406091,0.12578478221989509,0.5786473700209261,-0.8851947509910927,-0.059177139536492535,0.4699619297953724,-0.0930488661639458,0.4363893933772079,0.11839588981635431,0.03941191500361252,-0.3641321835862052,-0.0016585773185308884,0.46660233413970853,0.380589528268246,-0.2262890380496556,0.37874953876057205,0.2317628111511325,-0.04324814270582178,0.40377648305445935,0.054731678406714834,0.2485133485363537,-0.023396693548270987,0.8853119103719306,0.24886536935981543,0.14600173950175685,-0.2938225500389998,-0.4187488259654618,-0.16356282055241034,-0.007504909610819668,0.0712826105792867,-0.06277012709005754,0.09738031727532721,-0.013871076136054688
0.06735247982000704,0.22372051560038841,0.16402362925140918,0.24783464069175,0.17905277486520388,0.2658308762793903,0.1869986349254728,0.19765525086501043,0.26047453373473095,0.168118527527405,0.24520351445952904,0.26744674244649635,0.18192757093059173,0.2245790293295589,0.2071921507242249,0.27964740631320295,0.3326715834177414,0.190440080309253,0.17301672625921272,0.33369424654126506,0.24216935343469811,0.25834324285189125,0.19852330833216011,0.2826541553429219,0.25250858381537705,0.12387575421406091,0.6774037771411372,0.27573368860423153,0.17522127516637265,0.3279939712050257,0.3382556179803833,0.2403197513793463,0.2985424270773975,0.31219533683577516,0.2454562123776694,0.3157468346195738,0.26851183387291905,0.17875116163253135,0.2765217181304319,0.20514915665879224,0.32285261109922014,0.25260287311999186,0.4008420578876699,-0.003516503798710582,0.20952629268564715,0.4740506864819865,0.412098655431931,0.09139206549158503,0.32483765600252046,0.017788287383856446,-0.06332804144750592,0.2153764968049696,0.006294925133885097,-0.06347366951902116,-0.012630901990513291,-0.046299006493863766,-0.05594483491761907,0.1843568943822536,-0.12709732805821045
0.05359125885459438,0.10096382542740984,0.28799212404173896,0.08095867146294494,-0.10767851071092555,0.22766710008426919,0.12855460043205563,0.2540141423211438,0.34114845778302477,0.21964677461332657,0.2788692418921758,0.18232714838546657,0.16540167085878993,0.17693024160310206,0.2730977898990801,0.2728688084459301,0.7124293752349861,0.28044660591538106,0.31158327764557103,0.3344469919884277,0.3595467404946748,0.24931910528925294,0.24159727893874555,0.26507842021762906,0.21723367926698534,0.12578478221989509,0.27573368860423153,1.9071405201282143,0.10843939167029047,0.727864345118533,0.33808029968527553,0.26503523554376573,1.1847103301460167,0.16944040209692307,1.20771873455128,0.22731391855079522,1.1386240651749677,0.18924341843843712,0.06388602772474063,0.09459998716653255,0.38411335923788015,0.3476783776754118,0.41767455621726807,-0.016021641200553594,0.06809815814018418,0.39935119603107194,0.6668437089252354,0.1988983570647026,0.12666066526327863,1.0563476034305725,-0.38038167641031534,0.7847604106099803,-0.9944979067031299,-0.027495285196287755,0.6329847023974724,0.04443518475270985,0.0408914500528739,-0.48696112925208046,0.07137902447553962
0.10722079196521042,0.2447522559900379,0.35262500862282553,0.23851437206718576,0.11808947897493399,0.39169801471566407,0.14309770907523137,0.2981106868652286,0.285040528307526,0.2774195433411519,0.24078037497145252,0.2311304727093197,0.1879286671506422,0.2780666056462975,0.21444618872985133,0.2868246377482128,0.30622336922284865,0.17392682164036083,0.15330750735632545,0.342579499024891,0.23011034611012599,0.3577712957859299,0.7276264625149638,0.01915567421098017,0.5011374774022059,0.5786473700209261,0.17522127516637265,0.10843939167029047,2.4071033457194315,0.24198511280547466,-0.38831997194190904,0.2866922014668953,0.008193245873116636,0.9315439352092498,0.18867960316531354,0.208600321815311,0.6700940359892921,0.05212895926568567,0.0844408213750929,0.14126711641404363,-0.165143271238329,0.2600923899662207,0.15459311762269154,-0.07973999366973954,0.3740218067145828,0.496208618221139,0.8381618038158118,-0.04349445840495061,0.6157064251504415,-0.029240025033633876,-0.007344365956310523,0.20543419837042884,0.02785010715816008,-0.070982506443314,0.016978943915064895,-0.004444445709251389,0.030136484099765562,0.013859158667748466,-0.14114765390171616
0.030701092073290262,0.19651036339940864,-0.012518743704219005,0.2693267027897077,0.16986973219989807,0.14680617804578547,0.2482892253130122,0.12935757559003316,0.33104081174818734,0.1924896397871908,0.25285217266736487,0.20463485139501197,0.16322116843132853,0.18656276071489375,0.13271584043337362,0.31069879501689457,0.5519950757995785,0.09220645920431911,0.27503466546644995,0.5716364808753636,0.38712984991047694,0.33500562526257294,0.837235337394286,0.8435025539637687,0.333590141052137,-0.8851947509910927,0.3279939712050257,0.727864345118533,0.24198511280547466,3.0696681632647107,0.4834186549767024,0.11887379548091162,0.8918169878869846,-0.06037477474805868,0.9146722411322409,0.6217338918556108,1.5640403584454257,0.35743028636186913,0.08391538721368791,-0.14035442882663762,1.5750650958076589,0.36963040333823793,1.2145915157609326,0.22922692359846722,0.2936789553999639,0.9821409183989709,1.0563644384642286,0.3497469168948,0.18073614050240608,-0.35670400999248436,-0.154758169317869,0.2036111505751739,0.37414112749090367,-0.032460076340892666,0.34725333807772646,-0.07288846297611146,-0.2830488977228693,0.24331750640253214,-0.2634420979014654
0.08142699690323107,0.228435835431451,0.14587483269678636,0.27929150440494716,0.30308920614302487,0.2758234825386312,0.18431222966774524,0.1660089787725886,0.3323898152559319,0.1440245200002721,0.24941989038611265,0.22950145783150017,0.118421157080605,0.21806393720495001,0.23668081788727804,0.22443581995220918,0.3967859944876661,0.21820190656277075,0.19688370689444226,0.4619507126875304,0.3325592041742166,0.25410762828664596,0.3606812208213912,0.4920624588959621,0.3216470461675815,-0.059177139536492535,0.3382556179803833,0.33808029968527553,-0.38831997194190904,0.4834186549767024,1.6979865650866628,0.22615032899731322,0.45071693616100145,0.10689792282703775,0.16782640068570134,0.820454270150912,0.3582912454435609,0.2819839936638966,0.2859629868057574,-0.018590963003699154,0.7815541373790671,0.27711712949464773,0.34895237299229054,0.08562973261480354,0.021040986292301205,0.3305978690096365,0.5256474503678119,0.056446438947218215,-0.4110134223515435,0.10156921232037032,-0.13636818967501524,0.4225086478639876,-0.0882052945120994,-0.14346603912851288,0.13771239433168317,-0.09251511013692995,-0.004492760938936927,-0.01350595736882765,-0.13913401679265078
0.11089379566737843,0.1332909639416707,0.19039310785163718,0.26087276217690014,0.2269211584490604,0.3029555755272386,0.17927893237837794,0.23317110659125764,0.3014618380042931,0.24043981977270812,0.2498047179553621,0.27108224167176725,0.2035253028689555,0.4637706379414373,0.2235194607762336,0.34538454927807294,0.30434502807429326,0.199689915295607,0.20080565068112288,0.19313380828903917,0.27359262805757645,0.314830294453919,0.17519524074896956,0.2282067676583828,0.24021768956868503,0.4699619297953724,0.2403197513793463,0.26503523554376573,0.2866922014668953,0.11887379548091162,0.22615032899731322,0.5867831094849179,0.2234504438258575,0.24756901787527805,0.17780093021864263,0.26385656163842053,0.14033845362386393,0.11988251182305272,0.2567758480083045,0.20767715832406727,0.185575487847763,0.299206071298303,0.17495842875637985,0.022684557383616567,0.15386656001347027,0.29692074066047924,0.5499795864025332,0.02346184508911137,0.37077022506928986,0.13859433122063575,-0.005185907594643052,0.19442743258532955,-0.2449326208425078,-0.05849782727640523,0.007638294170149883,-0.1677871454778339,0.34080013767869455,-0.06448945094135787,-0.16998145706115972
0.0684192595540811,0.21753844916175621,0.20133705388445913,0.27609228878808323,0.15742591402310924,0.2508067224944752,0.20381211016609452,0.21112744588869356,0.46378911024529096,0.1746541350118081,0.2560779484785835,0.20008978904702668,0.14380844387531433,0.2348728427034304,0.2130469048179307,0.2592963491431146,0.6038805180802801,0.2589710823840438,0.34731876891705205,0.3377431882288553,0.4987139107755177,0.3542897184320839,0.5450184351216482,0.41316913354813717,0.26259717155182394,-0.0930488661639458,0.2985424270773975,1.1847103301460167,0.008193245873116636,0.8918169878869846,0.45071693616100145,0.2234504438258575,2.435839520510357,0.014712530998636687,0.1693931415670287,0.2743863163150172,1.7832237478731268,0.2743975262451716,-0.15819156415045474,-0.2781794234116185,0.7148503477884112,0.508521464861765,0.5692063862479456,-0.06552572632995116,-0.39727220185568424,0.2941815044123334,0.848049161026972,0.2739472462422045,0.2274941805148701,0.5482584881856614,-0.40663775634878047,0.6126538486662015,-0.18292294223770983,-0.35051008540747297,0.5288131573172548,-0.07995226406666192,-0.2239749168379887,-0.2384937348537758,0.198933186354784
0.02711076650091264,0.39477921427498114,0.39368174285988555,0.3863996179471808,0.14090776185235926,0.4987100294352186,0.2514394894431551,0.42351587649000594,0.38141505625435074,0.2981415884026407,0.2897605116892051,0.27735906796962956,0.1955892578892933,0.22974523267958374,0.22595772871063183,0.27905820690583233,0.3590873753020341,0.32343397113849165,0.1262952581617297,0.4545835928650565,0.25399562194983455,0.3552456876097207,0.5836251994237415,0.24741975337098393,0.42962051356238457,0.4363893933772079,0.31219533683577516,0.16944040209692307,0.9315439352092498,-0.06037477474805868,0.10689792282703775,0.24756901787527805,0.014712530998636687,1.9675671843916134,0.30563896593710815,0.14642373493248642,0.43366431812027045,0.12345274098471465,0.21528712035497585,0.08238643178353475,0.3971282074612628,0.28499892405992633,0.5822369336731249,0.13340480827630147,0.33762930049626017,0.2319380172047165,0.6376758264357851,-0.009128597579923145,0.3192907260993538,-0.1322792088007758,-0.02942589102029804,0.1851401320086904,0.03862253333414523,0.003634507389750406,-0.042810295848619714,-0.001852380003706536,-0.16591068286699534,0.27576106997516153,-0.1886808919495324
