1.1508070297278385,0.2553081505604027,0.2836086641293942,0.2937603804589085,0.2967949559898549,0.19596003949506494,0.23061604039972197,0.2714500028394315,0.22146672414454652,0.22722719012230114,0.2448203161181657,0.19384121801219542,0.2925494870791245,0.2485267310374667,0.22779342990020016,0.30924011867244655,0.2589552542894185,0.30111197667630557,0.2609317772132606,0.19045814159261967,0.20746795565021078,0.17034726831761982,0.13075368641697244,0.2063137508243104,0.2688284592303056,0.23948455033275326,0.071292729031102,0.334049243334449,0.29311296677132886,0.20535428564676478,0.14654459184726348,0.2312246984818808,0.28229625016805787,0.1708579065983261,0.15671696382524067,0.10532019256788404,0.11858019984534916,0.13054152324178267,0.20334930470972762,0.14211476622931263,0.1650197758243897,0.1624127277851565,0.16402872317216835,0.14529468421105343,0.11567783590825138,0.10640676346930475,0.14150120342641967,0.2052474983243136,0.059858274630702576,-0.060861189020519436,0.011492759372786987,0.13399592261032528,0.08321325224706257,-0.07401833235723299,0.07943067329779693,0.07759541668098335,-0.1745984244972604,0.07687407116404993,0.04416033622673418
0.2553081505604027,1.038783149939565,0.2842348594961152,0.18808718934823615,0.3198268607817332,0.21840522134949925,0.14489575913743363,0.2729144711750071,0.17041413272034303,0.13678484369584107,0.18765834594844508,0.17202151603547955,0.15365767747290002,0.1887743942363954,0.14621965377037083,0.1725195357547762,0.1295608526220704,0.20480064363083678,0.2271032114809732,0.15406089017042573,0.17467606916021497,0.1564166024990739,0.17283962231285796,0.13205732768595,0.1754029179500662,0.17789592414811303,-0.01458901553531404,0.15458046463859465,0.1553800144728285,0.13910191690404122,0.14142887789197392,0.2134948026922363,0.2902165524770094,0.04572730466319283,0.2630264839549064,0.04490428537783534,0.06993536269126238,0.15385353263866589,0.17991788687284044,0.12928555999993274,0.13396877076476335,0.11967150082340867,0.12813956095895007,0.12805616666689987,0.11012874499291188,0.08322900207576116,0.10263506706162623,0.20300012077342997,0.0495955492932728,0.04160945095521709,0.06924315617297121,0.07820596226775456,0.035013489702446776,-0.09603428590581711,0.07406863032193264,0.03590932088652732,0.0729513967304164,0.04426237467473885,-0.02870969051984378
0.2836086641293942,0.2842348594961152,0.9624343915127762,0.17620585767588973,0.40812822813695776,0.0376738417455273,0.24188229743755885,0.37238530566278405,0.20035996308564613,0.17835350319392984,0.2292479328547546,0.1496703770583068,0.2035216954293151,0.20931600813744386,0.21070053137684663,0.21389130319502705,0.16973555679473493,0.167098288218507,0.16960815338040336,0.2030681108693509,0.166270993462899,0.15978915780938588,0.15971236652305099,0.20746780582630858,0.20561477329575445,0.15384028707002176,0.05805960716040817,0.14428364991689685,0.14625228945676053,0.1404557995361576,0.1148428524740162,0.18054325087915912,0.21760984564463026,0.08606552435032508,0.1475609548719474,0.08825022393292938,0.0870146069562947,0.11148115309062781,0.1274230640070217,0.10959681870337218,0.1281837552173342,0.12040239122913685,0.12341331756790934,0.09870677315005982,0.0898952480297025,0.08926824720648519,0.10875304510827369,0.15491094657903592,0.017689042296354134,-0.0017747388773250027,-0.04904142108850788,0.004575904727678753,0.12580285537234445,-0.018664725773730902,-0.011342541996401594,0.14666853608237398,0.017250828777402215,0.016471524478963377,0.019411958778136864
0.2937603804589085,0.18808718934823615,0.17620585767588973,0.9950329823709558,0.3167021339823035,0.40741872013490915,0.27689368958241484,0.21080227543442784,0.24329768390006462,0.2649670271361145,0.2551915764118185,0.18426563167698687,0.28675164517683477,0.12824538385891396,0.2485551829753958,0.20239359017446296,0.21089253131779032,0.20362207650102698,0.18618120594453927,0.21221743543339652,0.1766665854505986,0.1482849100269593,0.17714158519085457,0.232868743784588,0.36182002666289526,0.24940455272370604,0.05174673957472797,0.19569615397903264,0.15315628687858604,0.183940575088792,0.16620839849084845,0.2184015854518204,0.19848138759339118,0.211459670406486,0.149988677845343,0.10654984704317626,0.14582872520430587,0.12253867496748264,0.1712796386224347,0.12349942594096462,0.20799831506528935,0.18014632329751015,0.2339157677963681,0.23562333060547141,0.20228703718423963,0.12118767727664523,0.19165257996575363,0.2642409425174858,0.07957891816020414,0.028409792031550453,0.10656612136823955,0.06389880248668522,0.028924239050815485,-0.09898283695984664,-0.2208446556624735,-0.08053604916433213,0.43681688843030025,0.43720601373484713,0.13800280143670782
0.2967949559898549,0.3198268607817332,0.40812822813695776,0.3167021339823035,1.5998316155116519,0.189240711819011,0.20666868346874298,0.5491052761970936,0.23514152905261576,0.2720573343779777,0.47673791307539093,0.25596386895085554,0.2466215203225322,0.23241178349289568,0.24135400301531226,0.24333323394646453,0.26443719495858486,0.2667513783886905,0.2308267077307359,0.2213773052317674,0.2374428973722378,0.23974535362649826,0.1308304207684437,0.10232008656658101,0.3168259042037421,0.1842650549406356,0.01627144848462664,0.14739792194624007,0.14627449082377103,0.16041935673321306,0.1842546125298419,0.26840704784076164,0.39427352629092016,0.053890980788019655,0.11868527884940556,0.09613433196866834,0.09466450426128015,0.15053285345134532,0.14378087051379568,0.16983004917934172,0.12365658521772614,0.1450638685678619,0.13377198530156836,0.14613892649793558,0.12181920729426858,0.10980743586899244,0.13231767849869275,0.20982041408309837,-0.008547642899405445,0.07716588732157227,0.07546317614251642,0.03633844254544103,0.13081827910893684,-0.048259852891391744,0.468097360388781,0.04854991400317116,0.19859573246541767,0.3379873404461344,-0.03601895267691919
0.19596003949506494,0.21840522134949925,0.0376738417455273,0.40741872013490915,0.189240711819011,1.4179987934209355,0.1902765952450058,0.24434597364061292,0.2544286125562932,0.21407850175569557,0.18876373979676853,0.20272724643651815,0.2742393373343835,0.316460781221263,0.19283387882604844,0.21213247591661685,0.18501366348075265,0.16577890869098885,0.2033601040793573,0.20236012113367965,0.15949684112355583,0.209668442100476,0.24260123546319307,0.20106365855272532,0.24301408713898542,0.23348881004011426,0.13397425335293217,0.24011377319231117,0.1721413115704796,0.20163640434467447,0.1471930102943207,0.33446249236530334,0.14236778415631646,0.09629015382717618,0.10699173738601288,0.08339333571109968,0.03842141267068649,0.06233102233489311,0.15310853784254835,0.09425294497532705,0.1562815411336046,0.12263770497681938,0.1290914288222523,0.17859339545355069,0.13305671189526894,0.09970441695121472,0.11956477587378636,0.2184879098872878,-0.012649374870792863,-0.04861712695600996,0.11387647202029402,0.15549754742602717,-0.15802666065813784,0.003925724902316098,0.22192851766365723,-0.1257236600742542,0.4580081310684862,0.5568615793929553,0.03124116965234715
0.23061604039972197,0.14489575913743363,0.24188229743755885,0.27689368958241484,0.20666868346874298,0.1902765952450058,0.7020550429979151,0.22538342627529337,0.24771523967650735,0.18347143199992172,0.256750379184561,0.19876783348391552,0.2704463731624206,0.20018364037807457,0.24042054193733223,0.2266953147078917,0.2021677086721064,0.1723690676646839,0.19393826286342955,0.21904645535518197,0.2016354094336348,0.14407559262840544,0.17178859435446686,0.20998913932901897,0.2410928505020885,0.1888102192436494,0.07347171170577103,0.1303556342150026,0.13109693660600688,0.12506141189757766,0.1192395802790643,0.15936112466425179,0.1651322844160535,0.14484382210302552,0.10863121407611391,0.07585038637908771,0.09390614035737803,0.08139668480226284,0.12618117717637028,0.09132006967368327,0.12962380305041915,0.1283374503394776,0.1329983827416058,0.17698822279670934,0.13804245354537167,0.09448948303598458,0.13634527638938762,0.187720661478791,0.0626463807862883,-0.06938828744936668,-0.00472933940950486,0.021421935153582997,0.07190325398465523,0.06935677151347912,-0.006629014645959145,-0.013889044673778458,0.2876403072944054,0.2899194932239876,0.024040326967453444
0.2714500028394315,0.2729144711750071,0.37238530566278405,0.21080227543442784,0.5491052761970936,0.24434597364061292,0.22538342627529337,0.8611508207557135,0.3074190775377767,0.2660867905648411,0.36684801205852235,0.25536479061782874,0.3040447467654244,0.3243303097435999,0.24481889035634435,0.2771084601413612,0.2703678379376246,0.21489053071253333,0.24899962830631706,0.22635422032665586,0.2586366505497313,0.20955373748533407,0.19608191867902872,0.20123096088795653,0.2944964425177767,0.2189238606602477,0.0991944862182594,0.16912799879637938,0.17037218437347518,0.15317121050746915,0.12726064418261732,0.2194453378558941,0.2302781560693981,0.07211833915448067,0.14151613885482078,0.08710582475021536,0.07586421502843724,0.11699720966656887,0.14981581256316165,0.1256813724214061,0.11573676552867816,0.13243591175027916,0.11458678532509109,0.11878952119582331,0.10513409263168798,0.0919307829751487,0.11419797047111721,0.1813627852190924,9.522990726301864e-5,-0.01675084646401319,-0.02579957685169976,0.07599092203208392,0.0815081739275735,0.02403651514413338,0.19161577368612,-0.040284289855878105,0.14067475373250407,0.049247394886814025,0.0382274208698226
0.22146672414454652,0.17041413272034303,0.20035996308564613,0.24329768390006462,0.23514152905261576,0.2544286125562932,0.24771523967650735,0.3074190775377767,0.5359436147556567,0.27468801071795595,0.24885999309527124,0.2288367302587437,0.23131801175057676,0.3202611229924569,0.27969829031924204,0.2607954673096836,0.24162519243976258,0.19548350443932302,0.25602849413278816,0.25146091487144584,0.22303158435862755,0.2428334396434309,0.20727729072619175,0.21895754791795846,0.26426701494907423,0.2225520772162445,0.13371706659452962,0.20095336703262193,0.1833372706996162,0.18074401502894324,0.11100152230949303,0.20157389793013322,0.18982511894289422,0.1054627097839734,0.17772916667756417,0.11156126992689874,0.07343486845728799,0.10459378863333683,0.1679980421903136,0.11177088225589282,0.14212559253151671,0.13693868649723248,0.12329829495414413,0.12838833643303602,0.12378778108743096,0.08719168310529286,0.12145000364458339,0.19610737988677238,-0.004862184274777943,-0.0664513741145024,-0.005405462159373619,0.12949399263256306,0.18091916529811047,0.03160321553578635,0.035882020888179544,-0.0715813079131547,0.17968127768908526,0.14368393492600617,0.03068869855194503
0.22722719012230114,0.13678484369584107,0.17835350319392984,0.2649670271361145,0.2720573343779777,0.21407850175569557,0.18347143199992172,0.2660867905648411,0.27468801071795595,0.6636212917620858,0.23921022808771758,0.24368763564390913,0.1919959913950414,0.3060389208431837,0.32774296168555256,0.2821802939108357,0.2391502178508077,0.24236234765810108,0.2380160919820006,0.2690107403143712,0.23205957736746438,0.24866985580712841,0.2399346067691969,0.2662892177624069,0.40949782187694916,0.20995753814789195,0.1226834706315952,0.22410489087332752,0.21189326242879666,0.1704892382527704,0.1334051645311495,0.21008226424313203,0.19482734504851812,0.12571729780187224,0.15534214386004477,0.08914957712327255,0.09353244045232227,0.10922121133177885,0.1660238579905328,0.11993454947079871,0.14359249531179355,0.1346506081994362,0.11361651243701433,0.12355383583810112,0.10533824240512697,0.08862607470097489,0.11563880464666741,0.17367503795909855,-0.04579321741968937,-0.05102080179256446,-0.05374013446398906,0.07009469900731743,0.10039740670878732,0.046161526996965796,0.08224268288142875,-0.014987282998023595,0.010575438401237286,0.36953215479699053,0.06228497445083442
0.2448203161181657,0.18765834594844508,0.2292479328547546,0.2551915764118185,0.47673791307539093,0.18876373979676853,0.256750379184561,0.36684801205852235,0.24885999309527124,0.23921022808771758,0.7045353776360735,0.25702143919618836,0.2555091529858858,0.12128313486906281,0.23450463331525268,0.21631560755657092,0.241781771962679,0.22066609696267406,0.22431202198302327,0.20269323786575427,0.2328846497560353,0.2258140162074869,0.18749008260339672,0.20864412331630056,0.256599709454864,0.165003519818802,0.1510294927854975,0.1638685117140614,0.13641501810804146,0.15464015150431332,0.12790442996342713,0.2020033518397004,0.1977952562833775,0.09116911848416383,0.1286448422538948,0.1145575559446581,0.1025194439680295,0.11247338021864912,0.14669214518313176,0.12827375824098589,0.12658877896354687,0.13091066951333896,0.1331472619795214,0.13697008852366557,0.0916825424202792,0.1140302100584986,0.11796296835172264,0.18138410599049468,0.003078497846770317,-0.043971893775861665,0.022987861397290178,0.06940636707382078,0.05834483381423581,-0.018949902880254724,0.0751405050810012,0.026729041140202085,0.11593945215174546,0.16372940377751036,-0.004583651727925466
0.19384121801219542,0.17202151603547955,0.1496703770583068,0.18426563167698687,0.25596386895085554,0.20272724643651815,0.19876783348391552,0.25536479061782874,0.2288367302587437,0.24368763564390913,0.25702143919618836,0.5282453677311415,0.25692027817449364,0.2904914795194423,0.21904817257878098,0.2615168140038379,0.23996601798409548,0.2859205371621244,0.3628707324787565,0.22585270615218417,0.39501852134848775,0.19051854047378636,0.24654039351801588,0.26730861608592527,0.21808398269992174,0.23366150636207,0.11911740805696719,0.20280578698695112,0.2386200718681505,0.185632838607081,0.13251765268502966,0.2131384385493298,0.15506389945421056,0.08670434195029617,0.125739241186838,0.09360763364461323,0.07643067449969632,0.10114857364936695,0.14894005259702126,0.12080523734386221,0.1383608303052262,0.13304092722041236,0.13516643779762522,0.14032311891788252,0.09540100325230409,0.12917198880044303,0.1182910574549595,0.2056993966098923,-0.009592513407875683,0.05094406141842774,-0.0038376090932227924,0.07031995200370919,-0.09346320895367694,-0.01018175072097768,0.015408901385529921,0.011089761329412222,0.15456933087432165,0.14946673835479346,-0.012892290789686421
0.2925494870791245,0.15365767747290002,0.2035216954293151,0.28675164517683477,0.2466215203225322,0.2742393373343835,0.2704463731624206,0.3040447467654244,0.23131801175057676,0.1919959913950414,0.2555091529858858,0.25692027817449364,0.7449388889062759,0.39350664999194007,0.23795556170410723,0.30712224839048935,0.29623274423585244,0.1800693459286281,0.26065389230337843,0.20655920710360262,0.2476554134738077,0.16530802375883266,0.18595125619015557,0.21980980393845168,0.298349008381646,0.29765227108419934,0.1337907619571315,0.23195984654870547,0.03482384269998293,0.16514099102175325,0.11213085327376855,0.182948660142425,0.19628617984424962,0.10898788331161302,0.1545141349142147,0.09118942953171655,0.09075079758816625,0.1352031335937555,0.19236838116367289,0.1187414408663893,0.14303470033168716,0.16280886217794985,0.18270356478065963,0.1588593430971262,0.14118643726895327,0.10284946214768047,0.14889576697527993,0.21358279650465467,0.03629801757139423,0.017372965896044222,0.0600950017639501,0.12242180324820337,0.004991447367172642,-0.09317189032523711,-0.006436967309889175,-0.039517691387989815,0.12591434080775146,0.15635465682866878,0.12606879236828192
0.2485267310374667,0.1887743942363954,0.20931600813744386,0.12824538385891396,0.23241178349289568,0.316460781221263,0.20018364037807457,0.3243303097435999,0.3202611229924569,0.3060389208431837,0.12128313486906281,0.2904914795194423,0.39350664999194007,1.0071810204432354,0.26534189702708866,0.4061627996469131,0.24929220888142425,0.2360211098899395,0.3204521412062699,0.24552128509615911,0.31145999404960156,0.36702567356804444,0.30610961726892794,0.2894250187308072,0.28491449356425624,0.3137555528991811,0.06207997510752584,0.26066409295220516,0.23651308400884793,0.18149355847423165,0.08791372236103602,0.2308512088059961,0.21145305684312526,0.08237880255700722,0.1681565721605365,0.059865833481707806,0.03845643721403512,0.10669958152757601,0.1770320929727789,0.11470832005317692,0.1377825658593907,0.13816860821968446,0.12547735556947903,0.12007817111507622,0.14390445694554696,0.08956506444977408,0.11897398776317165,0.2142534553418052,-0.06265666452841702,-0.012453007792510518,-0.08373832646590978,0.14983738150696857,0.12271695221380817,0.042069241395234096,0.05912379893384965,-0.08891314952164282,0.12869724567686255,0.11674525688888945,0.018947478855953784
0.22779342990020016,0.14621965377037083,0.21070053137684663,0.2485551829753958,0.24135400301531226,0.19283387882604844,0.24042054193733223,0.24481889035634435,0.27969829031924204,0.32774296168555256,0.23450463331525268,0.21904817257878098,0.23795556170410723,0.26534189702708866,0.5525695679997626,0.2978061660065106,0.2558667420602456,0.168937561764768,0.20893507487180074,0.4147047797431374,0.2111979320331379,0.191786403486043,0.29459365867177867,0.2882288983619653,0.32011223598395566,0.22039520155637535,0.16510831903544637,0.24470298269834778,0.19162468233351343,0.20191835379877981,0.1389449957880951,0.2059621471088486,0.2138728017711075,0.14300501653798875,0.17205300556540015,0.11789683971188836,0.0890550964385447,0.1118619570488685,0.15567688080402697,0.10777353684463321,0.16007810493080357,0.14765089605374823,0.08646569405485632,0.1292363651397162,0.11842099388191929,0.09514225885631014,0.13939012457285438,0.17083831237109753,0.012820099490900372,-0.013449946574881053,0.013253156405788464,0.1332232286172642,0.24181438684467177,0.007148564891973806,-0.002021543589272576,-0.00800065748471033,0.049189780371975196,0.2944665515745253,0.03202258681471536
0.30924011867244655,0.1725195357547762,0.21389130319502705,0.20239359017446296,0.24333323394646453,0.21213247591661685,0.2266953147078917,0.2771084601413612,0.2607954673096836,0.2821802939108357,0.21631560755657092,0.2615168140038379,0.30712224839048935,0.4061627996469131,0.2978061660065106,0.5579536191721467,0.3230167745960989,0.3110635598549218,0.2708581092158675,0.2718982449323693,0.2701767892262252,0.28625837463910686,0.24566990453477672,0.28299506258707885,0.3080521904689377,0.25962121870810767,0.11945729662462992,0.25530208376900543,0.2509032050280428,0.19814530975067174,0.10969612521369039,0.21859241214958236,0.20517226899170157,0.12382374096770342,0.15842371868648783,0.10028544732467921,0.07759694098522117,0.1101712780269692,0.16887113799030445,0.12113067389772514,0.15421685255769926,0.1463544527529118,0.12907433922038053,0.10877822130368284,0.1265876495254766,0.10959065246576045,0.1295091953236491,0.19094942183038305,-0.044822843463133824,-0.007480032629834327,-0.020839167208360064,0.11642823860375015,0.07475034629024797,0.018776073491731982,0.034595734026164546,0.023816170929926984,0.0736883553028567,0.14419546972632358,0.059525703802021046
0.2589552542894185,0.1295608526220704,0.16973555679473493,0.21089253131779032,0.26443719495858486,0.18501366348075265,0.2021677086721064,0.2703678379376246,0.24162519243976258,0.2391502178508077,0.241781771962679,0.23996601798409548,0.29623274423585244,0.24929220888142425,0.2558667420602456,0.3230167745960989,0.6589791371451605,0.32062984119232124,0.20738194719390476,0.22656749015201036,0.20863898807322373,0.21752207917550315,0.10472664993732048,0.19097584999611786,0.274931630744105,0.18843480565879542,0.11464008876285123,0.2572242497261695,0.13881723244949656,0.16513254825753526,0.1159411188270577,0.09954598349366496,0.18747217121408397,0.12221458751682293,0.1366129631056998,0.1021755161016309,0.07755014965651418,0.11775808065879818,0.1701205075629591,0.11245055865758818,0.11802540937209825,0.1220379895817033,0.10789835058518042,0.10956271887724595,0.10628145473069624,0.07619642023492168,0.11293883411508306,0.160873238311949,-0.024676430729219493,0.08914018068951389,0.05384832353954795,0.08344500227578412,0.07639060348259726,-0.06282803146916278,0.1309724092414767,-0.02929518327694917,-0.018668381136948402,0.13529809845647278,0.0795564211219131
0.30111197667630557,0.20480064363083678,0.167098288218507,0.20362207650102698,0.2667513783886905,0.16577890869098885,0.1723690676646839,0.21489053071253333,0.19548350443932302,0.24236234765810108,0.22066609696267406,0.2859205371621244,0.1800693459286281,0.2360211098899395,0.168937561764768,0.3110635598549218,0.32062984119232124,1.1204970766440112,0.3460232375545479,0.17782121979583693,0.3307571997370308,0.24742893278765357,0.20140635988144118,0.23394901493416623,0.22949777491620393,0.2008017459496165,0.08257573099262246,0.36220028356024264,0.21844221852252294,0.2433197881674068,0.11307673794662153,0.21581284703334463,0.17072782609873177,0.12546262183134102,0.1899803865039369,0.07075856410529731,0.08264140652996592,0.12568255261597247,0.23114140654481702,0.13660341011117463,0.18439453146585685,0.1278100748378917,0.12472976626394504,0.08416318722903257,0.11402195850554894,0.11001343415580446,0.1190166261521188,0.21384892789678148,-0.024482444665402878,-0.008152341386534102,-0.1075533188005291,0.18514080391134363,-0.24230080278902125,0.0336650358803304,0.0710132348035344,0.06588566353479852,0.050902545740150455,0.11240305484051659,0.022012835251941615
0.2609317772132606,0.2271032114809732,0.16960815338040336,0.18618120594453927,0.2308267077307359,0.2033601040793573,0.19393826286342955,0.24899962830631706,0.25602849413278816,0.2380160919820006,0.22431202198302327,0.3628707324787565,0.26065389230337843,0.3204521412062699,0.20893507487180074,0.2708581092158675,0.20738194719390476,0.3460232375545479,0.6167484207117503,0.23361214679349968,0.4099341756428285,0.20136182156970073,0.27471132202941356,0.2849414523642506,0.2093541695789336,0.2853251970413493,0.12212659589230475,0.22032033949912394,0.24964415367791787,0.19496264604295493,0.11236009669779398,0.2332735687170461,0.17564019941898798,0.08132331118108557,0.14363974757374087,0.08915386074802362,0.06383408387491718,0.10695004836437912,0.17807586236512724,0.11262768575638003,0.13996761830356172,0.14293947954457684,0.12819836567076245,0.1408106647569206,0.10872675777601469,0.11404501519364706,0.11902476199020982,0.22856478785898554,0.0016969771345125304,-0.04486430340915687,-0.039024707391932256,0.11457190015151826,0.026338308700820795,0.009714402240588463,0.01247737874522099,0.016047031188131135,0.13132196013806327,0.13313293012005006,0.017182520232872082
0.19045814159261967,0.15406089017042573,0.2030681108693509,0.21221743543339652,0.2213773052317674,0.20236012113367965,0.21904645535518197,0.22635422032665586,0.25146091487144584,0.2690107403143712,0.20269323786575427,0.22585270615218417,0.20655920710360262,0.24552128509615911,0.4147047797431374,0.2718982449323693,0.22656749015201036,0.17782121979583693,0.23361214679349968,0.7090949394006597,0.22827736972413448,0.17412796533237773,0.3064165617308284,0.2587767693783206,0.2687502121680732,0.2722218970822074,0.16959321899995583,0.2266181999502606,0.2747828059857825,0.22092600395665596,0.1541164711822463,0.2226528214089398,0.18508515882944973,0.12723718192829261,0.1721248937612296,0.14326759740499148,0.06627649039453135,0.1035287152801132,0.14562856331146684,0.11661969199151664,0.16534478235020958,0.1410630035717925,0.09751833372333278,0.13282987436198834,0.10514860536526913,0.09700598837436315,0.1659796813581927,0.15108050287062785,0.03933604484723801,-0.035150961792831566,-0.004951459546490101,0.11820098136728434,0.1322637403183749,0.06846269955975195,0.005915346450604791,0.01955248769430463,0.11880259593276976,0.24548772661380383,-0.010302709889702723
0.20746795565021078,0.17467606916021497,0.166270993462899,0.1766665854505986,0.2374428973722378,0.15949684112355583,0.2016354094336348,0.2586366505497313,0.22303158435862755,0.23205957736746438,0.2328846497560353,0.39501852134848775,0.2476554134738077,0.31145999404960156,0.2111979320331379,0.2701767892262252,0.20863898807322373,0.3307571997370308,0.4099341756428285,0.22827736972413448,0.7609364030194844,0.21317014901859105,0.2529124038075549,0.2695228408172267,0.2256942527121058,0.2501132994414916,0.10708427646747087,0.16090299205323177,0.26796108294424364,0.18485981011376815,0.12494844701225478,0.21324612999405712,0.15606976108255077,0.08313613983333165,0.14019019518641193,0.12011678377685886,0.08672281290812273,0.10712991760994882,0.1422832792226896,0.13477225751716043,0.1545219928563001,0.14328932024068775,0.13972198316257992,0.12703584448516292,0.08941904656935405,0.12115487720020826,0.11672169265645872,0.20681935457189823,-0.03647732683759036,0.016920081398424915,-0.034883241403525105,0.05241307098577487,0.001205561261601915,0.03163145802692847,-0.009502081142529026,-0.0032622347922630322,0.1436808445495052,0.1042850942638835,0.04320124998012911
0.17034726831761982,0.1564166024990739,0.15978915780938588,0.1482849100269593,0.23974535362649826,0.209668442100476,0.14407559262840544,0.20955373748533407,0.2428334396434309,0.24866985580712841,0.2258140162074869,0.19051854047378636,0.16530802375883266,0.36702567356804444,0.191786403486043,0.28625837463910686,0.21752207917550315,0.24742893278765357,0.20136182156970073,0.17412796533237773,0.21317014901859105,0.892389447560573,0.1557531846160603,0.25206140558028145,0.2360870758689618,0.18424622839958707,0.20803258256858892,0.2009941944282539,0.16861839943991197,0.1894026657258371,0.11641179139419291,0.23439525901927635,0.23114598056337873,0.12014470955924197,0.14940209851510375,0.1658929490806967,0.04419821055384949,0.1835442473602092,0.24832393350667073,0.21257129614690226,0.13927352739670668,0.09224592887932076,0.15357427037158217,0.10150615292297499,0.14332124482595643,0.10910495815904264,0.08580317439326057,0.2440477448736359,-0.3892894654132388,0.043388973608663985,-0.03619612104158583,0.0024899039607510624,0.0835038232739979,0.007772452481632596,0.034159568644587274,0.05018768078826158,0.13395232925483228,0.11914298704007147,0.14060668562258907
0.13075368641697244,0.17283962231285796,0.15971236652305099,0.17714158519085457,0.1308304207684437,0.24260123546319307,0.17178859435446686,0.19608191867902872,0.20727729072619175,0.2399346067691969,0.18749008260339672,0.24654039351801588,0.18595125619015557,0.30610961726892794,0.29459365867177867,0.24566990453477672,0.10472664993732048,0.20140635988144118,0.27471132202941356,0.3064165617308284,0.2529124038075549,0.1557531846160603,0.8373877954811835,0.3532482510153016,0.14696433791963703,0.28077955005054783,0.18679517581594388,0.2741263959729915,0.28151243461583775,0.21544867196866715,0.06898894287388774,0.341184061184474,0.09083837774821474,0.08343295138602434,0.19738600471976422,0.0756114522610882,0.10706252666209484,0.13732976152175194,0.1788819375838364,0.06674232153866037,0.21661448681044956,0.18652260723393926,0.11603771680569941,0.15030656744150575,0.13845021346155137,0.12211776716833603,0.145460341417527,0.20414637651397555,0.05142404816582516,-0.09527691914337012,-0.028054284716882136,0.17455787637062123,0.06079748069251496,0.10150499800576686,-0.04268196739872785,0.07254380965018083,0.17054521407571685,0.26153553164789406,-0.022941349358192368
0.2063137508243104,0.13205732768595,0.20746780582630858,0.232868743784588,0.10232008656658101,0.20106365855272532,0.20998913932901897,0.20123096088795653,0.21895754791795846,0.2662892177624069,0.20864412331630056,0.26730861608592527,0.21980980393845168,0.2894250187308072,0.2882288983619653,0.28299506258707885,0.19097584999611786,0.23394901493416623,0.2849414523642506,0.2587767693783206,0.2695228408172267,0.25206140558028145,0.3532482510153016,1.3678777819267114,0.16175878873626645,0.29562426019065263,0.17437117786245124,0.26735544288785135,0.3381024071742115,0.19849943841103268,0.13698130912957487,0.23770528638707733,0.1913541486495238,0.12513382882807267,0.14174282573786445,-0.008891056296451809,0.0851533543359944,0.025894086158718663,0.25431486955886123,0.0388545418781866,0.16387587889789312,0.18411874217416804,0.11858143892217755,0.1549021293550702,0.06806066953199116,0.1483948256170512,0.11643523905370273,0.20258213416578424,-0.04839531317357571,-0.12149798690363342,-0.09991056868769628,0.22594287768044155,0.0036021843133747684,0.05373871315829722,-0.07269514790545314,0.12531624763784027,0.02791989842884791,0.1825812113811239,0.018017787870296335
0.2688284592303056,0.1754029179500662,0.20561477329575445,0.36182002666289526,0.3168259042037421,0.24301408713898542,0.2410928505020885,0.2944964425177767,0.26426701494907423,0.40949782187694916,0.256599709454864,0.21808398269992174,0.298349008381646,0.28491449356425624,0.32011223598395566,0.3080521904689377,0.274931630744105,0.22949777491620393,0.2093541695789336,0.2687502121680732,0.2256942527121058,0.2360870758689618,0.14696433791963703,0.16175878873626645,1.38639504990237,0.3176041770119689,0.11200948839302688,0.34938002832587406,0.20983064593686077,0.22920204432265873,0.17936500952779813,0.2458612783997887,0.23393933432425681,0.025985863305529586,0.1885433834691017,0.02729646969576625,0.10236040715409582,0.16541390755269386,0.03697281307035632,0.12783607677996212,0.12338337332956288,0.13401326785620252,0.15615367436480118,0.07344286515073635,0.04426371954802747,0.11048780026782361,0.09751574151239122,0.1139372759792265,-0.116332955001229,0.034112928428440686,-0.016807094340451093,0.108360663404251,-0.02920582597002512,-0.043503589073395244,0.09332723400883795,-0.005202295033492333,-0.07403768710850049,0.07089763109389315,0.10940747782265917
0.23948455033275326,0.17789592414811303,0.15384028707002176,0.24940455272370604,0.1842650549406356,0.23348881004011426,0.1888102192436494,0.2189238606602477,0.2225520772162445,0.20995753814789195,0.165003519818802,0.23366150636207,0.29765227108419934,0.3137555528991811,0.22039520155637535,0.25962121870810767,0.18843480565879542,0.2008017459496165,0.2853251970413493,0.2722218970822074,0.2501132994414916,0.18424622839958707,0.28077955005054783,0.29562426019065263,0.3176041770119689,0.5617306771592212,0.13532591280208658,0.28034101866356415,0.46663196546244345,0.20853152947101267,0.13653483297575528,0.27299844512227306,0.1761870731332989,0.10703709591425463,0.13654145218629085,0.08701500585386973,0.030746573875740955,0.12770594956989678,0.16803160284106283,0.11163527115934235,0.16874144915812134,0.19428754521960542,0.14135543048962618,0.1496911769826628,0.08484821728105102,0.10681651474925159,0.13142459760848788,0.20026710765639155,-0.028737113575064664,-0.004794717184640688,0.00824312947566072,0.16582058016540663,0.05524477233781485,0.03088845982483652,-0.022695927205925906,0.004152711038013773,0.19245149466223346,0.15723361283711365,0.04336098031380356
0.071292729031102,-0.01458901553531404,0.05805960716040817,0.05174673957472797,0.01627144848462664,0.13397425335293217,0.07347171170577103,0.0991944862182594,0.13371706659452962,0.1226834706315952,0.1510294927854975,0.11911740805696719,0.1337907619571315,0.06207997510752584,0.16510831903544637,0.11945729662462992,0.11464008876285123,0.08257573099262246,0.12212659589230475,0.16959321899995583,0.10708427646747087,0.20803258256858892,0.18679517581594388,0.17437117786245124,0.11200948839302688,0.13532591280208658,1.9405955305240123,0.15484166503367966,-0.11924937248804429,0.14661257252141124,0.1495383879989073,0.10959077230309577,-0.15067503099972926,0.13551131070830902,0.23584375440607613,0.3858759474508986,0.06994797556957533,0.15940571676032037,0.13952181999880314,0.1460364474123564,0.1634854028871465,0.08817348125977319,0.07602224716603959,0.09844046307514115,-0.03071991185168501,0.21620045558642095,0.055513740765827296,0.13050930163293414,-0.10494862582399782,-0.08057288577285453,0.011476545963622738,-0.008092363603441581,-0.08167574813653761,0.017502270738104515,-0.05851624027752245,-0.028066440137536244,0.19260482635250942,0.2594679582434648,-0.030177848257788405
0.334049243334449,0.15458046463859465,0.14428364991689685,0.19569615397903264,0.14739792194624007,0.24011377319231117,0.1303556342150026,0.16912799879637938,0.20095336703262193,0.22410489087332752,0.1638685117140614,0.20280578698695112,0.23195984654870547,0.26066409295220516,0.24470298269834778,0.25530208376900543,0.2572242497261695,0.36220028356024264,0.22032033949912394,0.2266181999502606,0.16090299205323177,0.2009941944282539,0.2741263959729915,0.26735544288785135,0.34938002832587406,0.28034101866356415,0.15484166503367966,1.8741683230615112,0.20048291104816746,0.5124442155367073,0.20212482157105385,0.27139354641350366,0.17510547693125716,0.09926524780086651,0.2429711490679811,-0.0333928642180127,-0.029043252323641598,0.1964914025537657,0.42390632397971684,0.039957860726348625,0.14934862057454945,0.1683558998488229,0.07758717402292292,0.1090261334645648,0.2104425615171892,0.1224724308883325,0.13433503971209426,0.2685539931373464,0.10464584170355473,-0.033660607933521505,-0.05416053918794378,0.9210652004671114,0.11041409621493088,-0.0685087436055092,0.1612034746473005,0.1479407511351333,0.08929793560221794,0.10783803088999751,0.10941628875410363
0.29311296677132886,0.1553800144728285,0.14625228945676053,0.15315628687858604,0.14627449082377103,0.1721413115704796,0.13109693660600688,0.17037218437347518,0.1833372706996162,0.21189326242879666,0.13641501810804146,0.2386200718681505,0.03482384269998293,0.23651308400884793,0.19162468233351343,0.2509032050280428,0.13881723244949656,0.21844221852252294,0.24964415367791787,0.2747828059857825,0.26796108294424364,0.16861839943991197,0.28151243461583775,0.3381024071742115,0.20983064593686077,0.46663196546244345,-0.11924937248804429,0.20048291104816746,1.775391322959136,0.19079599902951705,0.07305854978189742,0.33717479357096664,0.14755038132719941,0.14429416137653983,-0.0007712746867501513,0.03943299938809917,0.03333364082765421,0.06578944272607055,0.11710469897632984,0.06539867269327723,0.18542153837753958,0.16166642743769188,0.0019514597724047877,0.10436818927822016,-0.09669898006011707,0.06608474666701818,0.03020021061569936,0.0838383794572532,-0.23014921079052686,0.06306539354755537,-0.06648227536835656,0.1400780304333031,0.10665514278419218,0.16073758397248744,-0.055098871869928547,0.06726546314103361,0.34556682671760225,0.12931386661306987,0.003876205999008099
0.20535428564676478,0.13910191690404122,0.1404557995361576,0.183940575088792,0.16041935673321306,0.20163640434467447,0.12506141189757766,0.15317121050746915,0.18074401502894324,0.1704892382527704,0.15464015150431332,0.185632838607081,0.16514099102175325,0.18149355847423165,0.20191835379877981,0.19814530975067174,0.16513254825753526,0.2433197881674068,0.19496264604295493,0.22092600395665596,0.18485981011376815,0.1894026657258371,0.21544867196866715,0.19849943841103268,0.22920204432265873,0.20853152947101267,0.14661257252141124,0.5124442155367073,0.19079599902951705,0.911037327751044,0.23221227064980082,0.3503802786373058,0.209639737230614,0.12821760087482167,0.19808068930866665,0.37067903746278963,0.01899425703342949,0.19638345298888227,0.1502640507499699,0.19100055490240053,0.2197224690351252,0.13554560287303558,0.24408463013379897,0.054913624624503644,0.1700322348379098,0.16997435279749443,0.11859026417752479,0.4417360599690774,-0.045949324785710934,0.26311273012256886,0.020286456576896605,0.2834053969600389,0.1195208904598631,-0.013563778672601662,0.04645010417921625,0.05131106741450229,0.1722972600605072,0.05938874201427891,0.08909473157102316
0.14654459184726348,0.14142887789197392,0.1148428524740162,0.16620839849084845,0.1842546125298419,0.1471930102943207,0.1192395802790643,0.12726064418261732,0.11100152230949303,0.1334051645311495,0.12790442996342713,0.13251765268502966,0.11213085327376855,0.08791372236103602,0.1389449957880951,0.10969612521369039,0.1159411188270577,0.11307673794662153,0.11236009669779398,0.1541164711822463,0.12494844701225478,0.11641179139419291,0.06898894287388774,0.13698130912957487,0.17936500952779813,0.13653483297575528,0.1495383879989073,0.20212482157105385,0.07305854978189742,0.23221227064980082,1.1395658504907444,0.3219630971182463,0.212967408099838,0.11496996604295603,0.2267098580477774,0.2370974453992659,0.16917426469484537,0.16714896173971514,0.21619934609758537,0.28813157014356866,0.15813323823576383,0.19541724036312788,0.21760624606186812,0.12995036131637783,0.2003453179106269,0.2413747032147595,0.1764431915091106,0.3777397446317734,0.035317789702778324,0.1323194010098859,0.01772594626355108,-0.19224304191051272,-0.09031891754352199,-0.039507589784193636,0.010204898897417517,-0.0018419271664635208,0.22686540730914673,0.11006644990430586,0.04921407771216621
0.2312246984818808,0.2134948026922363,0.18054325087915912,0.2184015854518204,0.26840704784076164,0.33446249236530334,0.15936112466425179,0.2194453378558941,0.20157389793013322,0.21008226424313203,0.2020033518397004,0.2131384385493298,0.182948660142425,0.2308512088059961,0.2059621471088486,0.21859241214958236,0.09954598349366496,0.21581284703334463,0.2332735687170461,0.2226528214089398,0.21324612999405712,0.23439525901927635,0.341184061184474,0.23770528638707733,0.2458612783997887,0.27299844512227306,0.10959077230309577,0.27139354641350366,0.33717479357096664,0.3503802786373058,0.3219630971182463,2.43154545695431,0.3347351018880908,-0.2947944245258417,0.15616270764885443,0.20309054887723316,-0.10750425964817022,0.028969434200381918,0.1478077462929458,0.18908224607600957,0.468961039347471,0.13711643859023198,0.2104114741687029,0.2517337122886058,0.19855651048675654,0.21723910096381768,0.15091134332751177,0.40781737439437654,0.045158870307830924,-0.8115395222686362,0.003561359352424353,-0.03799827245756781,-0.16407073870334588,0.03665930129225693,0.13401547618977772,0.022869396985469744,0.2661133050429999,0.14634646425028672,0.0759261773008951
0.28229625016805787,0.2902165524770094,0.21760984564463026,0.19848138759339118,0.39427352629092016,0.14236778415631646,0.1651322844160535,0.2302781560693981,0.18982511894289422,0.19482734504851812,0.1977952562833775,0.15506389945421056,0.19628617984424962,0.21145305684312526,0.2138728017711075,0.20517226899170157,0.18747217121408397,0.17072782609873177,0.17564019941898798,0.18508515882944973,0.15606976108255077,0.23114598056337873,0.09083837774821474,0.1913541486495238,0.23393933432425681,0.1761870731332989,-0.15067503099972926,0.17510547693125716,0.14755038132719941,0.209639737230614,0.212967408099838,0.3347351018880908,0.9155398359497366,0.10078816507389508,0.2385343569616028,0.06276910540426024,0.09030922874225579,0.21389636560912417,0.21884033224443253,0.25058163127406696,0.12899679705476247,0.11212371211233732,0.17224812281548413,0.16951795411994958,0.17938680348369285,0.12984624567786854,0.14488740001898298,0.30246997734864983,0.02176732316311841,0.1334741800475736,0.01526309589596827,0.038188577841271505,0.34322110243687265,-0.07763319370223704,0.10617081494763785,0.03519207325922691,0.07758929434057957,0.08294043075722438,0.07582674287966
0.1708579065983261,0.04572730466319283,0.08606552435032508,0.211459670406486,0.053890980788019655,0.09629015382717618,0.14484382210302552,0.07211833915448067,0.1054627097839734,0.12571729780187224,0.09116911848416383,0.08670434195029617,0.10898788331161302,0.08237880255700722,0.14300501653798875,0.12382374096770342,0.12221458751682293,0.12546262183134102,0.08132331118108557,0.12723718192829261,0.08313613983333165,0.12014470955924197,0.08343295138602434,0.12513382882807267,0.025985863305529586,0.10703709591425463,0.13551131070830902,0.09926524780086651,0.14429416137653983,0.12821760087482167,0.11496996604295603,-0.2947944245258417,0.10078816507389508,1.4937850953804912,-0.002252356671867673,0.24294737252261536,0.35797803985288695,0.08414179115823779,0.34063607928190487,0.11592440850455935,0.22401159209450647,0.19002173995593907,0.02064848690976083,0.26163436410947605,0.2389786600058841,-0.00393476862876218,0.13391347279373977,0.2049298635538596,-0.1557453314590546,0.15802344938047802,0.021948889780047307,0.05906758201984993,0.22647755049615348,0.0636234529866819,-0.008075175071663476,0.02740971641200663,-0.050442417106652766,-0.0030791660995192374,0.12395542272268956
