1.9698890863130798,0.23050092704510325,0.7857497590905165,-0.07336550345257262,0.37532338504221546,0.29811824106856494,0.36292159989335315,0.1856143157062051,0.3481355837508552,0.27053270441094684,0.259837593774607,0.32650299188561993,0.16756519580082868,0.28757324138102186,0.30236678701846625,0.18016879279207546,0.256937241416126,0.20903781128281124,0.3114749707685628,0.27639943062827443,0.22761075864062064,0.22812935104634888,0.13262687822163793,0.018133720210851075,0.2198154461663023,0.18094786573726146,0.21086111350139952,0.2704832986240931,0.12974934768898594,0.5127411480623218,0.19244179551599558,0.21146598516169632,0.17699732157964032,-0.6299727346104602,0.08384334698568482,0.2005230214111525,-0.049007864419162994,0.17978628297415808,0.4489229981310376,0.3186231134190877,0.40681286277467243,0.18294736822078642,0.22407171403534032,0.36367965138744496,0.20340432195448382,0.09150919618344747,0.31609901495807885,-0.0017288684453708014,-0.12039407416682295
0.23050092704510325,4.517535865989662,0.1663866384484101,-0.23918848651610516,0.08011317147407743,0.30258069565203,0.08195573188716138,0.2001952798034351,0.07092142692153554,0.15429921343298697,0.1029918999026805,0.1324519315420586,0.08431533133147745,0.018592536352173467,0.05667278508708668,0.0633422351780163,0.03326575099216718,0.4901289964745526,0.10976879527183805,0.11879604644582854,0.16637276439894502,0.058513992554983414,-0.11650557561485574,-0.10802800361841108,0.025865564327256715,-0.2529200138203893,0.21529882419744473,0.12619884756668676,0.14476771360532212,0.03905365656260777,0.19222812271019513,0.03876801624081956,-0.05378685049997262,0.09987589810585536,0.1457031365114853,0.16763086876060232,0.06945235745164788,0.08147304551551562,0.2822646887718929,0.1561672987711864,0.015757700138382954,0.08647780361573223,0.17042550841506357,-0.16462593580317286,0.16581989027512092,0.0823226624860473,0.22860515094610606,-0.0037636218906770347,-0.4894354933478363
0.7857497590905165,0.1663866384484101,2.2154378697445245,0.2951076191543007,-0.07313354552618309,0.40914744369232064,0.2977001936939459,0.3955914507573007,0.5103906489278489,0.44891879315329414,0.37757396335608945,0.35484222458757536,0.24445255121262863,0.29403988852011664,0.5087016489923375,0.12930313830210272,0.39626047649707435,0.35767738198753635,0.22211319446110872,0.3845787492470772,0.3116513294089489,0.26951351613414753,0.35740254154379847,0.34831817244093116,0.3639237770859772,0.1426094393224405,0.264724333991538,0.37535390976654687,0.2519605442642078,0.5654446018208603,0.2856994906656038,0.2556019669886736,0.3872098798215989,0.12210722122557607,0.2722267778304537,0.4029424906329301,0.42331302959312483,0.20705648931664955,0.32900397329949266,0.21058678059759503,0.3765574741462178,0.3052417433902041,0.24627599325926602,0.648058711266547,0.0174202847055427,0.2614099346819741,0.5202464751985477,-0.010658316381238465,0.42769528947284197
-0.07336550345257262,-0.23918848651610516,0.2951076191543007,1.6756912357237517,0.18976934028769174,0.24990625341022663,0.3169183477178542,0.3001997917113213,0.22029621170241417,0.19791783566872512,0.24482222741428655,0.3051109003214009,0.17980808008987367,0.30614032899314475,0.22791695540636578,0.27991891351096293,0.2638160592318672,0.2077027693250841,0.19947525581183925,0.21921729469458084,0.2018817692385913,0.24344673523090252,0.3174105603007171,0.40027243631730386,0.2864485407943438,0.1316695439582771,0.1959361920676038,0.3319904509630495,0.08580727736588964,0.21272027365351323,0.2009829267462003,0.282380622888977,0.36127009265110366,0.38911415581951536,-0.03711296328745647,0.2688869186440454,0.3511109747273648,0.13069199597315523,0.11110155337545066,-0.009246068655985325,0.2182152710361326,0.19349293082684965,0.10159669631289232,0.7550814554830229,-0.21124030643103844,0.19152931706539697,0.26030681253588833,-0.005412062690991464,0.6700397308251441
0.37532338504221546,0.08011317147407743,-0.07313354552618309,0.18976934028769174,0.9443797863398672,0.3542377497108847,0.28721375554338646,0.210484115776147,0.29922908888721916,0.18776863838948504,0.20963438727363795,0.26688849810566917,0.16562993008224533,0.1952203720086389,0.23066299487473976,0.24287303838885083,0.2171102057827892,0.1499348902061791,0.5497472452058763,0.1231780141004587,0.21044875281304015,0.24301049757777832,0.10223250160049577,0.1738131261759342,0.1920915703599963,0.21175095112494047,0.18329699684136255,0.21894100704947328,0.21929948305127323,0.12725215798827774,0.22300917862619354,0.20350220601174615,0.19711142759274677,0.2643013256672403,0.052316253845679526,0.3649938907258777,0.2937136873665714,0.09977560895871067,0.21760363714167827,0.14413107192548247,0.11491226635876046,0.22863578396406095,0.10398392528298339,0.15287035464569218,0.04712138550496788,0.24594597639358207,0.15719316694323573,-0.006440868252150099,0.12299339914557689
0.29811824106856494,0.30258069565203,0.40914744369232064,0.24990625341022663,0.3542377497108847,0.7383495773192167,0.20486096083427818,0.3601462606574388,0.27608026348609843,0.23141076332210722,0.27093550342068484,0.2935691859344175,0.1763793150324594,0.23125921264622792,0.2444605039840175,0.23578820897956232,0.29428196138673307,0.2135262551133974,0.49244070065412365,0.28481044721253984,0.23830219225447846,0.255438243393729,0.13257769755228305,0.20683017521183295,0.256857980843296,0.2384957186064454,0.22611320432087317,0.2856910715015705,0.2977381614197894,0.143106312547084,0.22230367208262433,0.23823538839849276,0.13115147388800952,0.31910625530888437,0.18790255414170962,0.3248214017079741,0.2923145732097894,0.17619897253614972,0.31529371921629346,0.20468713195639932,0.08397512396539847,0.23163873562249795,0.23244062355806983,0.2885938771496478,0.15878888265330882,0.20711870950016523,0.2753095637416314,0.015866448957076788,0.0959097807998455
0.36292159989335315,0.08195573188716138,0.2977001936939459,0.3169183477178542,0.28721375554338646,0.20486096083427818,0.5173908693776438,0.19549697513012865,0.3209409165728747,0.18360464886719813,0.24749746874112521,0.3481890571055751,0.1620543776297984,0.23403138470581783,0.230595774354408,0.18556430604635285,0.2551125083488934,0.18264944971816272,0.2272995303311435,0.18495078291484873,0.19650911308297647,0.21518016544819946,0.17673034917560457,0.22240157927868326,0.2260319382284706,0.12554579727893417,0.19397159960564234,0.2357544258944614,0.11389298875572615,0.20821117996645233,0.19873450408171542,0.2174617774144136,0.2381733824171014,0.2004557253285155,0.0933298236841724,0.301827901030294,0.2474578811348635,0.1163061892974822,0.18033562292053165,0.12820979889056922,0.1645769864054447,0.20748230242331583,0.1106933102015357,0.3256450130652931,-0.016205901841717534,0.1963171266201347,0.17175587963429959,-0.01174217598239774,0.29589817011852837
0.1856143157062051,0.2001952798034351,0.3955914507573007,0.3001997917113213,0.210484115776147,0.3601462606574388,0.19549697513012865,0.8085684058119113,0.08798748295229213,0.2536673715807485,0.29223642607235395,0.11845857665417442,0.1991495691466563,0.1849636960267926,0.21086519296091577,0.20476435941447002,0.24730172608885773,0.24835390449358155,0.2786345314527603,0.2775149538733167,0.1673081438615765,0.18479952011101364,0.16080466524409734,0.21220906613890875,0.28939992381085416,0.12226304487478229,0.17378264783934216,0.21890124269610872,0.26200658544918615,0.22467207006331635,0.18687973994131113,0.16558870021609326,0.16947717961462064,0.3591060676479679,0.2863321026463648,0.2557844348164034,0.39869079971452426,0.15894354603964592,0.16616608241938727,0.09219541497754814,0.16075916285732753,0.1513015842526591,0.178732917857316,0.29224029342625346,0.006598134716075041,0.22753798823802418,0.3325544954901494,-0.005623357552429188,0.22531693972981157
0.3481355837508552,0.07092142692153554,0.5103906489278489,0.22029621170241417,0.29922908888721916,0.27608026348609843,0.3209409165728747,0.08798748295229213,0.8181219056486264,0.20467592508480842,0.2239805896203195,0.2489746226100882,0.19206848667333498,0.26421711228512995,0.30996439417693017,0.07334294806960821,0.25016536229261405,0.23072166223049906,0.27531790132897876,0.1945102303865619,0.226019022332845,0.3179470974481094,0.2452406665388965,0.28513597402664975,0.2036535071745673,0.17638364137046783,0.17933639421378908,0.24542699738838564,0.15981977791050728,0.30448758696954714,0.2368633350008295,0.24011380694780407,0.32785998164490554,0.17441602504348258,0.07627542754894316,0.3009310564988045,0.3360054369818886,0.12355896358895883,0.14286619282576007,0.04138391645381406,0.18717289375462973,0.22155075512764516,0.12775413458301246,0.4362908677746473,-0.024181464434584635,0.17134743018103582,0.25423153883491567,0.0009071946586610302,0.6095190329617747
0.27053270441094684,0.15429921343298697,0.44891879315329414,0.19791783566872512,0.18776863838948504,0.23141076332210722,0.18360464886719813,0.2536673715807485,0.20467592508480842,0.584958354585223,0.22290834238881288,0.18975365867097344,0.1604722925990464,0.18040290423285743,0.2866191667985198,0.14694323379819185,0.26100958701248655,0.29186141340100197,0.20784790205728879,0.2121732626517374,0.21667602424441876,0.17880744520702577,0.2733686705755936,0.24892226339066575,0.25260253138161765,0.0590991619588795,0.1758463780565114,0.2210166893600923,0.2404377700689569,0.45315576996001905,0.24047729024695982,0.16656310585081524,0.2505414635896478,0.27201411100696643,0.274455915488808,0.3018002247313552,0.3941455144536978,0.1361102489257582,0.3105060499962592,0.21791988459722803,0.33590021776798434,0.2158716005792972,0.13194427358795302,0.43296238304073953,-0.0694849718319778,0.25941557150742334,0.45815641235590593,-0.02104118133893909,0.31799080245506817
0.259837593774607,0.1029918999026805,0.37757396335608945,0.24482222741428655,0.20963438727363795,0.27093550342068484,0.24749746874112521,0.29223642607235395,0.2239805896203195,0.22290834238881288,0.4885219486064202,0.2837024158544819,0.1679119525367001,0.2245590263856955,0.3541706478502999,0.1739925429962735,0.29009328006496093,0.21820940269925096,0.23278471359287106,0.31126146902152674,0.22563158954297838,0.1793448898108361,0.1996313820729111,0.26925052683288786,0.2638824741672124,0.1389229006450631,0.21228004816104665,0.25342986564692294,0.2202593860407385,0.2832497206729588,0.246682619230639,0.21445310430627504,0.2501218123032094,0.23671147993060346,0.21231100122753768,0.3582917353140199,0.34555292187846864,0.1745753361504864,0.18725444115117756,0.12534693675853745,0.2072598569464031,0.22201858317361625,0.15285376750627178,0.3028185948114855,0.01435724063039788,0.2483438343402374,0.2835708862767142,-0.013840681555893214,0.25398290545181335
0.32650299188561993,0.1324519315420586,0.35484222458757536,0.3051109003214009,0.26688849810566917,0.2935691859344175,0.3481890571055751,0.11845857665417442,0.2489746226100882,0.18975365867097344,0.2837024158544819,0.6941449157328977,0.14823426012070834,0.24677500998422544,0.2883490116517626,0.21717140582415015,0.2963344404669064,0.15539573978022506,0.26050121307020724,0.24723449321120772,0.2239340395632262,0.19619626898590262,0.1584116371850196,0.22515939061978724,0.2688675698850815,0.13215372416814578,0.26590785657620297,0.28452293284978275,0.05182973903696064,0.19085075387512163,0.2112036505843099,0.2535172439532355,0.23393162180988478,0.18171719071062226,0.07004913961718609,0.3204487954934508,0.18410735961343494,0.14958358324295754,0.285942317266665,0.22629364090474535,0.17916020980560818,0.2421512159597721,0.18397062155343277,0.33348979313038474,0.014145779765680227,0.20820151972539253,0.20894590091314152,-0.009028024315481647,0.1335591185622053
0.16756519580082868,0.08431533133147745,0.24445255121262863,0.17980808008987367,0.16562993008224533,0.1763793150324594,0.1620543776297984,0.1991495691466563,0.19206848667333498,0.1604722925990464,0.1679119525367001,0.14823426012070834,0.29567654482612,0.14775978820031677,0.1298116669983498,0.16520994503721417,0.1274169121401569,0.16058002418078562,0.16641742881351476,0.12361180654502262,0.11978417160387636,0.19074528670702628,0.12515313914451065,0.15416089512195155,0.16611171463682614,0.10591211334405196,0.14649584219989922,0.10002202479334626,0.19643837497295566,0.15911618876415146,0.12341459291018267,0.14810697032802378,0.13287933167019053,0.16791241212304972,0.16549227686740306,0.17391897645630483,0.19042747517655753,0.07390398878342042,0.10603835866397104,0.07052704913417332,0.12046087427966695,0.10904588554063804,0.1114099862786946,0.15868739696080444,-0.053767674131740974,0.1519449039230256,0.17970175624190307,-0.010002808063985255,0.26004105521076515
0.28757324138102186,0.018592536352173467,0.29403988852011664,0.30614032899314475,0.1952203720086389,0.23125921264622792,0.23403138470581783,0.1849636960267926,0.26421711228512995,0.18040290423285743,0.2245590263856955,0.24677500998422544,0.14775978820031677,0.6254775790235932,0.15096834796562317,0.31901887253499656,0.22916534973644417,0.16917663503962177,0.20709210995051242,0.286409248967802,0.2366360198641918,0.2959435146743505,0.20231250205690038,0.27780981629530166,0.19704266159760117,0.28516471769918195,0.21548935224950516,0.20527612005541326,0.19080892417399212,0.20609161825022715,0.22844180156143176,0.45406653024890153,0.19340936548273607,0.11751752167409653,0.12197240454564234,0.3697670189732571,0.16011041037613294,0.17218471395205828,0.2512170203521031,0.14230470937777534,0.22710564219174756,0.21015213074087633,0.2479374741032791,0.22922989041611735,0.04644208881663226,0.19218343045767566,0.2539345103457323,-0.012536883334036365,0.40327278530594934
0.30236678701846625,0.05667278508708668,0.5087016489923375,0.22791695540636578,0.23066299487473976,0.2444605039840175,0.230595774354408,0.21086519296091577,0.30996439417693017,0.2866191667985198,0.3541706478502999,0.2883490116517626,0.1298116669983498,0.15096834796562317,1.0545123871517168,0.11877739446000012,0.30677799995595567,0.3100630846141219,0.2295010145901026,0.3198309098933912,0.29732620384092345,0.11511288063138465,0.3960413238034457,0.3645715182928925,0.43262714453722534,0.17517403337927623,0.21611673656352406,0.26034787757765987,0.25450808645332895,0.45410197892757054,0.29064202268282635,0.17784621478226523,0.4055990893885271,0.28226383210090633,0.2022672392059751,0.47514892361114763,0.5448575816611256,0.17650086563027767,0.1798179690660366,0.09889644082098577,0.2907615463768372,0.3068110649759608,0.08792249362487052,0.5043983526727123,0.028982237146666957,0.3414613767795528,0.3855884754282427,-0.027102285930611914,0.3135694282972556
0.18016879279207546,0.0633422351780163,0.12930313830210272,0.27991891351096293,0.24287303838885083,0.23578820897956232,0.18556430604635285,0.20476435941447002,0.07334294806960821,0.14694323379819185,0.1739925429962735,0.21717140582415015,0.16520994503721417,0.31901887253499656,0.11877739446000012,0.9229601461833302,0.17170281120907696,0.1990677236159993,0.23191828845207987,0.24080765997752962,0.18924472795617495,0.4014866964094942,0.13898840037769852,0.20006153895355414,0.2692971718782453,0.32348637932666435,0.27949668675115863,0.10097641542917547,0.24417305489045482,0.0846056036117819,0.16032240435424638,0.2927797878537017,0.0957682884029662,0.1992616763221153,0.3087798962638247,0.29965489370976445,0.2692450727394553,0.13333312796877247,0.20398655620687556,0.19878487751541246,0.13127668456996117,0.1757849596454735,0.3564606515821541,0.012270746370841402,0.1650909734445388,0.23207647588891595,0.17649353307303992,-0.021216678515002987,0.15296042875368035
0.256937241416126,0.03326575099216718,0.39626047649707435,0.2638160592318672,0.2171102057827892,0.29428196138673307,0.2551125083488934,0.24730172608885773,0.25016536229261405,0.26100958701248655,0.29009328006496093,0.2963344404669064,0.1274169121401569,0.22916534973644417,0.30677799995595567,0.17170281120907696,0.7525976165735447,0.1375207716268768,0.28035727640226354,0.4040897658088462,0.3076435566996677,0.20893198758174833,0.19225215952206104,0.3651434535305603,0.2884924569864946,-0.013860641722443405,0.24840316077749575,0.6854059926696577,0.04742211657741211,0.4384555206710545,0.33279569040822987,0.22083249110389047,0.42710704736999233,0.2257417975618953,0.10752898410610581,0.4921243260894632,0.5045521548248862,0.23420523870333645,0.255881150467458,0.15748910417282003,0.3654205480019837,0.3681376797463185,0.20248829394422752,0.741237451917252,0.043190708264206214,0.27579171975808014,0.3844959583457775,-0.017753799418460583,0.19273196845609739
0.20903781128281124,0.4901289964745526,0.35767738198753635,0.2077027693250841,0.1499348902061791,0.2135262551133974,0.18264944971816272,0.24835390449358155,0.23072166223049906,0.29186141340100197,0.21820940269925096,0.15539573978022506,0.16058002418078562,0.16917663503962177,0.3100630846141219,0.1990677236159993,0.1375207716268768,0.8640302962631987,0.14903207918980063,0.1256878446077408,0.22573011415794214,0.22928764175375652,0.6265786737892022,0.2665705811475914,0.3448452897498159,0.15043245198213545,0.11895160986168324,0.0290956872668617,0.22520676360952735,0.26883106205813906,0.28980329417956446,0.16431305166232432,0.27886483348648455,0.2605491429431431,0.2142946356556231,0.38558166820348283,0.39454146432035353,0.09607800784481335,0.16840887360492074,-0.01583659389997106,0.21091350420745927,0.16844074379878163,0.1504318861172103,0.5319866483563884,-0.0326797113797297,0.2195656719059519,0.4836664107755877,-1.3943045311724465e-5,0.1479417958602434
0.3114749707685628,0.10976879527183805,0.22211319446110872,0.19947525581183925,0.5497472452058763,0.49244070065412365,0.2272995303311435,0.2786345314527603,0.27531790132897876,0.20784790205728879,0.23278471359287106,0.26050121307020724,0.16641742881351476,0.20709210995051242,0.2295010145901026,0.23191828845207987,0.28035727640226354,0.14903207918980063,0.7087381015359109,0.15325725045976166,0.24595081518203318,0.2589439259723046,0.06620364568358034,0.20348419594270914,0.2000668519491992,0.18910420304965367,0.19329211475622693,0.3087139528093413,0.26009419372677456,0.19464285532290435,0.24862876380356969,0.21340149267950448,0.19291824538698962,0.2503241805219162,0.12393303581156133,0.40481770187776084,0.2965344712983635,0.11878987123245624,0.3000090929467514,0.19074799112670862,0.13115099895124693,0.25292802810218046,0.1619491821238758,0.18188541356499643,0.10019267651479032,0.26311506212081487,0.20807125581214717,0.001248873861061577,0.00812499420893534
0.27639943062827443,0.11879604644582854,0.3845787492470772,0.21921729469458084,0.1231780141004587,0.28481044721253984,0.18495078291484873,0.2775149538733167,0.1945102303865619,0.2121732626517374,0.31126146902152674,0.24723449321120772,0.12361180654502262,0.286409248967802,0.3198309098933912,0.24080765997752962,0.4040897658088462,0.1256878446077408,0.15325725045976166,1.3699915013552695,0.23739082370979925,0.22567984428880677,0.19196838091257665,0.4189423829486296,0.34181754849806667,0.2805990806701829,0.3648002573169521,0.4035855771174284,0.045934035122765594,0.7261887371282049,0.2633995847908716,0.25647204893354,0.34222528071403246,0.17512388038536783,0.354777706970873,0.12306884796949369,0.7800997876615526,0.656867412742125,0.3599518132097262,0.24070033990176423,0.392617431383494,0.21334236898900358,0.7106193240399759,0.6425339728114932,0.5090096087466914,0.18451267969623128,0.3381533495340717,0.04354839640040031,0.87955622450618
0.22761075864062064,0.16637276439894502,0.3116513294089489,0.2018817692385913,0.21044875281304015,0.23830219225447846,0.19650911308297647,0.1673081438615765,0.226019022332845,0.21667602424441876,0.22563158954297838,0.2239340395632262,0.11978417160387636,0.2366360198641918,0.29732620384092345,0.18924472795617495,0.3076435566996677,0.22573011415794214,0.24595081518203318,0.23739082370979925,0.5580125574135804,0.1956009295444617,0.2541068440882004,0.3221258248807813,0.2635849869236352,0.23215576269872057,0.19681082797526545,0.22233649028290345,0.30545410125362815,0.3485895473223148,0.3656746524762901,0.2419384200380198,0.37017371580909486,0.12993428100484336,0.1587257575414415,0.6010237169373939,0.42172648251459127,0.1790433486687817,0.47953974414821954,0.36501870524790797,0.2538750555591594,0.5127088000558989,0.2074384939889695,0.1361397708337394,0.40044440479866494,0.3187721104406588,0.37468507254809885,-0.04876954988433977,-0.16022219584539515
0.22812935104634888,0.058513992554983414,0.26951351613414753,0.24344673523090252,0.24301049757777832,0.255438243393729,0.21518016544819946,0.18479952011101364,0.3179470974481094,0.17880744520702577,0.1793448898108361,0.19619626898590262,0.19074528670702628,0.2959435146743505,0.11511288063138465,0.4014866964094942,0.20893198758174833,0.22928764175375652,0.2589439259723046,0.22567984428880677,0.1956009295444617,0.8480282606369621,0.3229830960604387,0.2573853452519298,0.2828615311190855,0.20795732797423253,0.209056318962081,0.11431860956770057,0.11504329431827877,0.23819425695717053,0.15359176903611332,0.2778948539226892,0.21894825616978672,0.1858977900985199,0.1604316185857644,0.13621939510688869,0.24641460448985672,0.13019652639310114,0.23315723655751205,0.0727781005809272,0.18449148193533185,0.19652714867278212,0.4035951884773772,0.4440597578068056,-0.055517043152339914,0.16947503703396702,0.2629312500899897,0.0038913001654970435,0.44535002254870015
0.13262687822163793,-0.11650557561485574,0.35740254154379847,0.3174105603007171,0.10223250160049577,0.13257769755228305,0.17673034917560457,0.16080466524409734,0.2452406665388965,0.2733686705755936,0.1996313820729111,0.1584116371850196,0.12515313914451065,0.20231250205690038,0.3960413238034457,0.13898840037769852,0.19225215952206104,0.6265786737892022,0.06620364568358034,0.19196838091257665,0.2541068440882004,0.3229830960604387,1.795233508456926,0.5895029103126513,0.6295981927444557,-0.019656253652218035,0.12168313888699031,-0.13892312200578844,0.21336723176250366,0.7979469982701057,0.1526145667154834,0.1883865271300286,0.6670183196132593,0.23117169627401482,0.10712485299019203,0.5540043392449697,0.5609443600795302,0.10432373390544027,0.14110000020357294,-0.2816137042712969,0.39840942213439395,0.1889725525816983,0.014437412389830788,1.7330498647193224,-0.4828289019997164,0.2512211990622261,0.667939816354283,0.028035697276818032,0.7800229451773469
0.018133720210851075,-0.10802800361841108,0.34831817244093116,0.40027243631730386,0.1738131261759342,0.20683017521183295,0.22240157927868326,0.21220906613890875,0.28513597402664975,0.24892226339066575,0.26925052683288786,0.22515939061978724,0.15416089512195155,0.27780981629530166,0.3645715182928925,0.20006153895355414,0.3651434535305603,0.2665705811475914,0.20348419594270914,0.4189423829486296,0.3221258248807813,0.2573853452519298,0.5895029103126513,1.128920794351354,0.4023943515751709,-0.058721053791511005,0.2418391504862615,0.46935387790723415,0.07825101520003562,1.085064997442709,0.40152108795816077,0.2961611834008866,0.7872310235814752,0.07309051303507359,0.22165978079324408,0.4003788884234344,0.620273626518778,0.24561639545345137,0.030531256851041244,-0.02615146126188502,0.5388505189240542,0.284131420182009,0.12656542897384346,1.2080726715027674,-0.27940899495172195,0.2458496908558385,0.647690269820961,-0.0062521149765797845,1.1054471134491317
0.2198154461663023,0.025865564327256715,0.3639237770859772,0.2864485407943438,0.1920915703599963,0.256857980843296,0.2260319382284706,0.28939992381085416,0.2036535071745673,0.25260253138161765,0.2638824741672124,0.2688675698850815,0.16611171463682614,0.19704266159760117,0.43262714453722534,0.2692971718782453,0.2884924569864946,0.3448452897498159,0.2000668519491992,0.34181754849806667,0.2635849869236352,0.2828615311190855,0.6295981927444557,0.4023943515751709,1.1055316736921716,0.16369356171274746,0.21804991283169498,0.19396371835663534,0.31703446706729405,0.4879916066709804,0.196631624359208,0.19957431758515817,0.43950130742554294,0.3232604975905078,0.2706242306323078,0.49751695889331093,0.626244660259494,0.196019136779909,0.12145436488069045,-0.005767806526949966,0.23583064139253296,0.25299601236394725,0.16415915845863716,0.7049524526738018,0.010908247034671133,0.3875435398434878,0.4194181054344268,-0.05016004042793923,0.16273069793452807
0.18094786573726146,-0.2529200138203893,0.1426094393224405,0.1316695439582771,0.21175095112494047,0.2384957186064454,0.12554579727893417,0.12226304487478229,0.17638364137046783,0.0590991619588795,0.1389229006450631,0.13215372416814578,0.10591211334405196,0.28516471769918195,0.17517403337927623,0.32348637932666435,-0.013860641722443405,0.15043245198213545,0.18910420304965367,0.2805990806701829,0.23215576269872057,0.20795732797423253,-0.019656253652218035,-0.058721053791511005,0.16369356171274746,2.1090129442577488,0.20100665842464097,-0.31377552554354476,0.4047142581738935,-0.6966638697394684,-0.011877104858478272,0.321316326273684,-0.024011159150152166,0.2658292650576405,0.19307358787232545,0.282275806546617,0.2953604505529169,0.15834066523207235,-0.037009114703820845,0.38050110290994016,-0.17697640079872845,0.2983373652586449,0.3819312972262292,-0.8636833271474834,1.0040645850610916,0.12656827205004556,-0.25233353647729806,0.0006210148678878529,0.6335056531214942
0.21086111350139952,0.21529882419744473,0.264724333991538,0.1959361920676038,0.18329699684136255,0.22611320432087317,0.19397159960564234,0.17378264783934216,0.17933639421378908,0.1758463780565114,0.21228004816104665,0.26590785657620297,0.14649584219989922,0.21548935224950516,0.21611673656352406,0.27949668675115863,0.24840316077749575,0.11895160986168324,0.19329211475622693,0.3648002573169521,0.19681082797526545,0.209056318962081,0.12168313888699031,0.2418391504862615,0.21804991283169498,0.20100665842464097,0.5631098159217554,0.2210152503579257,0.09024904420657973,0.246322491370531,0.19583574405066956,0.23942549164191854,0.23428310102476055,0.1690161964381169,0.17311945028491604,0.3196652921904102,0.32488612848375503,0.19338289223629163,0.17457468329706585,0.18977456227706066,0.1910364981362867,0.20520065215830216,0.36573296130842325,0.14567008772846246,0.12710661373017657,0.19549916896315356,0.18807721288751766,-0.007420389074900021,0.36676863263901754
0.2704832986240931,0.12619884756668676,0.37535390976654687,0.3319904509630495,0.21894100704947328,0.2856910715015705,0.2357544258944614,0.21890124269610872,0.24542699738838564,0.2210166893600923,0.25342986564692294,0.28452293284978275,0.10002202479334626,0.20527612005541326,0.26034787757765987,0.10097641542917547,0.6854059926696577,0.0290956872668617,0.3087139528093413,0.4035855771174284,0.22233649028290345,0.11431860956770057,-0.13892312200578844,0.46935387790723415,0.19396371835663534,-0.31377552554354476,0.2210152503579257,2.4556383504588806,-0.5233783529713817,0.5929527908736072,0.519708327788288,0.21118389427268638,0.7339142145407903,0.1073799039689801,-0.24221659178479543,0.8142394051787479,0.5682348090420154,0.24966323572530097,-0.0025567374872716773,-0.21588327277943625,0.8102753152867092,0.055654822791374174,-0.09778457281746472,2.294280215382316,-0.6373309651862359,0.2680469570728727,0.20803383534514122,-0.0037174735872685855,0.6424484323232773
0.12974934768898594,0.14476771360532212,0.2519605442642078,0.08580727736588964,0.21929948305127323,0.2977381614197894,0.11389298875572615,0.26200658544918615,0.15981977791050728,0.2404377700689569,0.2202593860407385,0.05182973903696064,0.19643837497295566,0.19080892417399212,0.25450808645332895,0.24417305489045482,0.04742211657741211,0.22520676360952735,0.26009419372677456,0.045934035122765594,0.30545410125362815,0.11504329431827877,0.21336723176250366,0.07825101520003562,0.31703446706729405,0.4047142581738935,0.09024904420657973,-0.5233783529713817,2.8588872653202273,0.2767835573074993,-0.003735311367720224,0.19809407527496345,0.039320630796356795,0.3372581125666935,0.5420367261458093,0.8858703185256493,0.5033652676145969,0.024188434329279165,-0.020609232051694366,0.3498959557275545,0.09890528881040302,0.2515285793377146,-0.37303595993827865,-1.2808344552323419,0.4536440329880227,0.5843393155805274,0.4023210529148205,-0.15603874084584743,0.38939595680000605
0.5127411480623218,0.03905365656260777,0.5654446018208603,0.21272027365351323,0.12725215798827774,0.143106312547084,0.20821117996645233,0.22467207006331635,0.30448758696954714,0.45315576996001905,0.2832497206729588,0.19085075387512163,0.15911618876415146,0.20609161825022715,0.45410197892757054,0.0846056036117819,0.4384555206710545,0.26883106205813906,0.19464285532290435,0.7261887371282049,0.3485895473223148,0.23819425695717053,0.7979469982701057,1.085064997442709,0.4879916066709804,-0.6966638697394684,0.246322491370531,0.5929527908736072,0.2767835573074993,4.173895122027912,0.5593933447079533,0.10852846161740404,0.9004330423271962,-0.26593871293881893,1.0952624240739186,0.1474841184984053,1.2757077706821662,0.4431904156434093,0.4729971074795657,0.2967601000414567,1.4665863749796197,0.3139498631743634,1.0012446940933895,1.9873418007677848,-0.44884006737028476,0.31030725050826,1.79695851007396,-1.9847053239656737e-5,2.2595793778943603
0.19244179551599558,0.19222812271019513,0.2856994906656038,0.2009829267462003,0.22300917862619354,0.22230367208262433,0.19873450408171542,0.18687973994131113,0.2368633350008295,0.24047729024695982,0.246682619230639,0.2112036505843099,0.12341459291018267,0.22844180156143176,0.29064202268282635,0.16032240435424638,0.33279569040822987,0.28980329417956446,0.24862876380356969,0.2633995847908716,0.3656746524762901,0.15359176903611332,0.1526145667154834,0.40152108795816077,0.196631624359208,-0.011877104858478272,0.19583574405066956,0.519708327788288,-0.003735311367720224,0.5593933447079533,1.215451883811565,0.21092107842714844,0.3683829936170817,0.187108582003082,0.32673551139436535,0.7352164568258166,0.5159951681913107,0.22093609841374554,0.3054681106762795,0.11410723432980034,0.4699171565640996,0.31628103293235654,0.008167992653424836,0.4350196433726813,0.0715485147816357,0.3986878308992527,0.4815306296428672,-0.02893437349547497,-0.22714073449381106
0.21146598516169632,0.03876801624081956,0.2556019669886736,0.282380622888977,0.20350220601174615,0.23823538839849276,0.2174617774144136,0.16558870021609326,0.24011380694780407,0.16656310585081524,0.21445310430627504,0.2535172439532355,0.14810697032802378,0.45406653024890153,0.17784621478226523,0.2927797878537017,0.22083249110389047,0.16431305166232432,0.21340149267950448,0.25647204893354,0.2419384200380198,0.2778948539226892,0.1883865271300286,0.2961611834008866,0.19957431758515817,0.321316326273684,0.23942549164191854,0.21118389427268638,0.19809407527496345,0.10852846161740404,0.21092107842714844,0.6254966633694853,0.16730574616387062,0.1562868918042864,0.047221757821252514,0.40118630613837697,0.041095834601649076,0.16175814113154469,0.2747398654910826,0.13545980718588727,0.20002138407629858,0.21630134147626992,0.19381330026860388,0.19396753818116202,-0.0023066127146296003,0.19965101548032835,0.20599011516536037,-0.018334205644166247,0.3582194571302278
0.17699732157964032,-0.05378685049997262,0.3872098798215989,0.36127009265110366,0.19711142759274677,0.13115147388800952,0.2381733824171014,0.16947717961462064,0.32785998164490554,0.2505414635896478,0.2501218123032094,0.23393162180988478,0.13287933167019053,0.19340936548273607,0.4055990893885271,0.0957682884029662,0.42710704736999233,0.27886483348648455,0.19291824538698962,0.34222528071403246,0.37017371580909486,0.21894825616978672,0.6670183196132593,0.7872310235814752,0.43950130742554294,-0.024011159150152166,0.23428310102476055,0.7339142145407903,0.039320630796356795,0.9004330423271962,0.3683829936170817,0.16730574616387062,1.997788757000675,0.03284243650704895,-0.3202241880995131,0.4861484318286836,1.153178471458674,0.2042382573762335,-0.4953766667652206,-0.31173588260800783,0.1926606305762337,0.3517325176984749,-0.12534946439482342,1.7041904795919336,-0.4952779132341401,0.31541322484934314,0.6353313549330878,-0.03543336089451222,1.5775365883891725
-0.6299727346104602,0.09987589810585536,0.12210722122557607,0.38911415581951536,0.2643013256672403,0.31910625530888437,0.2004557253285155,0.3591060676479679,0.17441602504348258,0.27201411100696643,0.23671147993060346,0.18171719071062226,0.16791241212304972,0.11751752167409653,0.28226383210090633,0.1992616763221153,0.2257417975618953,0.2605491429431431,0.2503241805219162,0.17512388038536783,0.12993428100484336,0.1858977900985199,0.23117169627401482,0.07309051303507359,0.3232604975905078,0.2658292650576405,0.1690161964381169,0.1073799039689801,0.3372581125666935,-0.26593871293881893,0.187108582003082,0.1562868918042864,0.03284243650704895,1.7922369842263104,0.5549283858416327,0.3198490368012926,0.9909405431324784,0.09506930932012442,0.008509980375520117,-0.10689201639932992,-0.046032862577008116,0.20567016946341365,0.12004302012900422,0.25431218725355387,-0.17232733902676953,0.4512144845040178,0.13449278521636307,-0.018093693879953156,0.8567271847449764
0.08384334698568482,0.1457031365114853,0.2722267778304537,-0.03711296328745647,0.052316253845679526,0.18790255414170962,0.0933298236841724,0.2863321026463648,0.07627542754894316,0.274455915488808,0.21231100122753768,0.07004913961718609,0.16549227686740306,0.12197240454564234,0.2022672392059751,0.3087798962638247,0.10752898410610581,0.2142946356556231,0.12393303581156133,0.354777706970873,0.1587257575414415,0.1604316185857644,0.10712485299019203,0.22165978079324408,0.2706242306323078,0.19307358787232545,0.17311945028491604,-0.24221659178479543,0.5420367261458093,1.0952624240739186,0.32673551139436535,0.047221757821252514,-0.3202241880995131,0.5549283858416327,3.131270947646479,-0.04224431048506885,0.9624797605287947,0.1955677245842789,0.4597897242376968,0.42382874334155485,0.39875351389090447,0.14596690746906402,0.33502071517126697,-0.1765478560776316,0.6033672578686937,0.3650421633940869,0.5929370628252842,0.01636376061823242,0.4365977510664252
0.2005230214111525,0.16763086876060232,0.4029424906329301,0.2688869186440454,0.3649938907258777,0.3248214017079741,0.301827901030294,0.2557844348164034,0.3009310564988045,0.3018002247313552,0.3582917353140199,0.3204487954934508,0.17391897645630483,0.3697670189732571,0.47514892361114763,0.29965489370976445,0.4921243260894632,0.38558166820348283,0.40481770187776084,0.12306884796949369,0.6010237169373939,0.13621939510688869,0.5540043392449697,0.4003788884234344,0.49751695889331093,0.282275806546617,0.3196652921904102,0.8142394051787479,0.8858703185256493,0.1474841184984053,0.7352164568258166,0.40118630613837697,0.4861484318286836,0.3198490368012926,-0.04224431048506885,3.6943530172183445,0.5434136893602475,0.14195649663660276,-0.21890212985972535,0.4483999961075508,-0.029557017370556035,0.49918748888847814,-0.6755214548973888,-1.1601713260236117,0.4828441651972501,1.1143666176013303,0.16758972004266334,-0.19975982782306068,-2.460284315201571
-0.049007864419162994,0.06945235745164788,0.42331302959312483,0.3511109747273648,0.2937136873665714,0.2923145732097894,0.2474578811348635,0.39869079971452426,0.3360054369818886,0.3941455144536978,0.34555292187846864,0.18410735961343494,0.19042747517655753,0.16011041037613294,0.5448575816611256,0.2692450727394553,0.5045521548248862,0.39454146432035353,0.2965344712983635,0.7800997876615526,0.42172648251459127,0.24641460448985672,0.5609443600795302,0.620273626518778,0.626244660259494,0.2953604505529169,0.32488612848375503,0.5682348090420154,0.5033652676145969,1.2757077706821662,0.5159951681913107,0.041095834601649076,1.153178471458674,0.9909405431324784,0.9624797605287947,0.5434136893602475,5.081661664209847,0.4752666915485638,-0.705058224290825,-0.6949650798516495,0.9039231111507685,0.3635207297076705,0.13521220502502032,1.2168698604136938,1.6613119408433135,0.789117998637339,0.9120290491021829,-0.0426594439868977,2.2559621066642253
0.17978628297415808,0.08147304551551562,0.20705648931664955,0.13069199597315523,0.09977560895871067,0.17619897253614972,0.1163061892974822,0.15894354603964592,0.12355896358895883,0.1361102489257582,0.1745753361504864,0.14958358324295754,0.07390398878342042,0.17218471395205828,0.17650086563027767,0.13333312796877247,0.23420523870333645,0.09607800784481335,0.11878987123245624,0.656867412742125,0.1790433486687817,0.13019652639310114,0.10432373390544027,0.24561639545345137,0.196019136779909,0.15834066523207235,0.19338289223629163,0.24966323572530097,0.024188434329279165,0.4431904156434093,0.22093609841374554,0.16175814113154469,0.2042382573762335,0.09506930932012442,0.1955677245842789,0.14195649663660276,0.4752666915485638,0.7294846744539111,0.19956174967436496,0.2439674022621046,0.2855785415014007,0.15960648096106772,0.3132202422107937,0.3735450131535894,0.477433644458344,0.13858442897257275,0.26671552889663497,0.0038610957110701526,0.2197314328670644
0.4489229981310376,0.2822646887718929,0.32900397329949266,0.11110155337545066,0.21760363714167827,0.31529371921629346,0.18033562292053165,0.16616608241938727,0.14286619282576007,0.3105060499962592,0.18725444115117756,0.285942317266665,0.10603835866397104,0.2512170203521031,0.1798179690660366,0.20398655620687556,0.255881150467458,0.16840887360492074,0.3000090929467514,0.3599518132097262,0.47953974414821954,0.23315723655751205,0.14110000020357294,0.030531256851041244,0.12145436488069045,-0.037009114703820845,0.17457468329706585,-0.0025567374872716773,-0.020609232051694366,0.4729971074795657,0.3054681106762795,0.2747398654910826,-0.4953766667652206,0.008509980375520117,0.4597897242376968,-0.21890212985972535,-0.705058224290825,0.19956174967436496,4.1734395943505405,1.0084524182302177,0.35193029480943067,0.43505091263546714,0.6564756436253064,0.26744471914105106,0.30533851504251003,0.11179697294756623,0.33515627097390716,-0.04243152384912081,-0.5339226840512539
0.3186231134190877,0.1561672987711864,0.21058678059759503,-0.009246068655985325,0.14413107192548247,0.20468713195639932,0.12820979889056922,0.09219541497754814,0.04138391645381406,0.21791988459722803,0.12534693675853745,0.22629364090474535,0.07052704913417332,0.14230470937777534,0.09889644082098577,0.19878487751541246,0.15748910417282003,-0.01583659389997106,0.19074799112670862,0.24070033990176423,0.36501870524790797,0.0727781005809272,-0.2816137042712969,-0.02615146126188502,-0.005767806526949966,0.38050110290994016,0.18977456227706066,-0.21588327277943625,0.3498959557275545,0.2967601000414567,0.11410723432980034,0.13545980718588727,-0.31173588260800783,-0.10689201639932992,0.42382874334155485,0.4483999961075508,-0.6949650798516495,0.2439674022621046,1.0084524182302177,3.943954343651852,-0.1531152222706939,0.535276928568602,0.3747846076810675,-1.2908087399333144,0.9159643440737087,0.4932042834559788,0.15264539158773138,-0.03225386902082655,-0.7827584134588929
0.40681286277467243,0.015757700138382954,0.3765574741462178,0.2182152710361326,0.11491226635876046,0.08397512396539847,0.1645769864054447,0.16075916285732753,0.18717289375462973,0.33590021776798434,0.2072598569464031,0.17916020980560818,0.12046087427966695,0.22710564219174756,0.2907615463768372,0.13127668456996117,0.3654205480019837,0.21091350420745927,0.13115099895124693,0.392617431383494,0.2538750555591594,0.18449148193533185,0.39840942213439395,0.5388505189240542,0.23583064139253296,-0.17697640079872845,0.1910364981362867,0.8102753152867092,0.09890528881040302,1.4665863749796197,0.4699171565640996,0.20002138407629858,0.1926606305762337,-0.046032862577008116,0.39875351389090447,-0.029557017370556035,0.9039231111507685,0.2855785415014007,0.35193029480943067,-0.1531152222706939,2.7226174378757864,0.15862795168842883,-0.008886808268045155,1.8698778744339086,-1.012067765230209,0.6461170652245607,0.9751865349293002,-0.14955353635322982,1.2981132964764721
