0.9260309608924818,0.24574209984861015,0.3115263867292826,0.057574886520349165,0.05094397492933628,0.11639184900249762,0.07373842917863419,0.0554410687927573,0.08923613152653792,0.08980421212740691,0.07504096178471652,0.08749093832426173,0.06607705366244652,0.07661265862854928,0.12952468431696673,0.0670385668757842,0.037738691510096574,0.09734456681333861,0.03585103381671246,0.07297889512777427,0.06944349371518105,0.07749636364524495,0.08204891607190667,0.06772353964964938,0.10431737425209428,0.03446548724065858,0.061403234303792575,0.07896155557354947,0.16126246284254514,0.04068692271154895,0.06657378508290732,0.0717700711158016,0.042638449928293326,0.10323026896301216,0.014031875189300708,0.07001417555542093,0.10403518761776334,0.05534472795620011,0.06078545016013938,0.017279565193530116,0.07876627640584191,0.044694986084279166,0.06082820270151465,0.01990655522433568,0.056543834964819926,0.16364152720927813,0.10536116280299317,0.04269374692893487,0.0814373247936221
0.24574209984861015,1.5065610601252943,0.4202645910882145,-0.0831893659714355,-0.0741679247260205,0.24552326572081815,0.18653161516898972,0.13197956489979285,0.22415631935238842,0.1507152787909338,0.16333122923236565,0.14756098728174866,0.15607271795933808,0.1564973116967884,0.3400946377350336,0.10444240679374328,0.08946821114938883,-0.007784843844790022,-0.047449783029162945,0.2131916759502002,0.15766999590071262,0.1174862375922509,-0.16467517402075824,0.07843721613701192,0.059206584364973405,0.21520133966218244,0.14197159918976682,0.17728843883297135,0.3042487519956244,0.08885914753212176,0.11045166571572804,0.1522260177255765,0.015213945221693965,0.12489774456564531,0.013405899389187752,0.18478496033593936,0.2287638621710724,0.1204426220882322,-0.030488896485924614,0.012084230263241529,0.1846164039183313,0.12884544269021653,0.0913992420518232,-0.000614328016968842,0.03216889795944814,0.20655046410027383,0.1103599992876538,0.09690510147951724,0.3091815521639475
0.3115263867292826,0.4202645910882145,1.9423130093991263,0.042249630606303025,-0.3426934685717327,0.43454178268566923,0.23416915737203176,0.4982442233962012,0.3792166746976901,0.42807318032891206,0.4055109385881088,0.2923083621946642,0.28341259983628814,0.31587193380437195,0.3137929213930569,0.24202088361121524,0.36247941617953794,0.37262266644766834,0.10769911491647047,0.4294890753574942,0.3234780094386405,0.29877092581705356,0.3101802356710933,0.28285779019096274,0.288530574164783,0.26219524639631936,0.2766357798417132,0.5584793184103141,0.606176019494648,0.09066740577206114,0.28275596142315607,0.2894384476728851,0.1682882314256841,0.4648940191833289,0.2605202644833925,0.6969060826280725,0.2745856499275195,0.22566714156738002,0.2816010611471906,0.12765270260863293,0.4599129601926078,0.3312274339346287,0.3522648255701506,0.057652064866634815,0.40247898516868563,0.8595395945153341,0.4120169097772924,0.367255897640328,0.3262851325859899
0.057574886520349165,-0.0831893659714355,0.042249630606303025,0.7478956928591178,0.5281627383454232,0.24959811756948375,0.2233013791832242,0.13118758355932358,0.0839746856760662,0.19296944042283048,0.12126036410652724,0.22438397359967407,0.11471709212659895,0.182740499771994,0.1308182308857727,0.19062161716234,0.14096902538587922,0.2417557128105635,0.15802637472236947,0.14087176414969596,0.16555291554842402,0.14042169326486711,0.22626047579103173,0.14773495980438864,0.19000331899154257,0.2014168743820631,0.1168596008240644,0.05246844667465541,0.15348924508483916,0.11162727985019982,0.15408077305042392,0.1831788628699069,0.10411312131697113,0.18471910130369193,0.046274338241234225,0.22099870220969955,0.11846529763036868,0.0765777811862612,0.20782222268851266,0.16167797082959282,0.08398649827291481,0.15709594152252376,0.15396688796994357,0.03345562008435365,0.16221088819886237,0.27050286314127175,0.21112392002168986,0.1591572490418305,0.19281556557079985
0.05094397492933628,-0.0741679247260205,-0.3426934685717327,0.5281627383454232,1.2328218803682218,0.22586163580188898,0.16903362588092083,0.06267541227455808,0.022984197917080347,0.1332628698478427,0.08009805389274402,0.22703974946514757,0.09714904558720228,0.16969850019429314,0.16728822768187604,0.19919739339241394,0.10018973035511797,0.21399676566911446,0.31297553952727075,0.044171433418295734,0.14558000444189131,0.11260806791614965,0.17742279225418017,0.11612359663668695,0.17301224504090545,0.21510402822969893,0.0503917906037817,-0.045220331788094204,0.038503511169243214,0.04820520547870844,0.1555037363718909,0.1762604759295263,0.13066817563786962,0.06358934618586061,-0.016894286191758423,0.16543648044466344,0.14850550224929857,0.032856439000413885,0.19295426880882738,0.16708640842829586,-0.015779448204584663,0.1395926474904681,0.08263190176004491,0.024821773282297687,0.10044979333397808,0.15111029016552496,0.1430970676890205,0.1574017518330603,0.2045874909974241
0.11639184900249762,0.24552326572081815,0.43454178268566923,0.24959811756948375,0.22586163580188898,0.6356446032426566,0.11177725265566178,0.2725974070370181,0.24712198474440106,0.22264220098925483,0.23108463646781477,0.24883383799415595,0.191577218309463,0.28066426006880585,0.26369167390444775,0.2522746348471135,0.23529001303560565,0.2061159529385463,0.23622363638205607,0.38732293130338386,0.24949524131574566,0.22923992791697884,0.10306055794095101,0.19716500083234503,0.23156292107023552,0.24935180613042998,0.27163755806614864,0.21992735819573161,0.37334702849910373,0.12081244049793265,0.2419066806066924,0.26952395063892454,0.06596078299588762,0.31630613725666573,0.04127214446682459,0.27963359050206305,0.2496655659020848,0.20349268819674105,0.3315165061772805,0.19910747632217635,0.14052558888409036,0.2220966018228388,0.2571241055365169,0.0717312624529903,0.3029974860502145,0.3654801644030298,0.2961749193861955,0.2197314909727395,0.446959097823901
0.07373842917863419,0.18653161516898972,0.23416915737203176,0.2233013791832242,0.16903362588092083,0.11177725265566178,0.7687061962645472,0.17544153678148383,0.17112730220346728,0.24034007157289117,0.2528828396809103,0.3364860687455856,0.1895717459433606,0.26076593362443473,0.12066916874352873,0.2628058620316819,0.21196912164310838,0.34156485320491453,0.026821780059963416,0.13893794071487556,0.23303926127029764,0.23244310837644486,0.45668240456239617,0.2258515587591353,0.26418727705596473,0.25870296932180603,0.17919460119814826,0.15902045285018018,0.24935702832576104,0.2653079924086287,0.1576439829203591,0.25137806758504405,0.2076393665739888,0.21616773643456938,0.05406215117822564,0.4199833833020604,0.10697668369629769,0.08367941759256209,0.2074122489627579,0.1926216832878408,0.2301924381306006,0.22334211229851836,0.16466634155049711,0.031006461487520096,0.04245836215903823,0.47179251705839614,0.2788353843159049,0.25552669302419584,0.48312536370866727
0.0554410687927573,0.13197956489979285,0.4982442233962012,0.13118758355932358,0.06267541227455808,0.2725974070370181,0.17544153678148383,0.7633776449202055,0.08109322061184919,0.26939432310765876,0.30700119781995583,0.17820903867596205,0.25683568436979537,0.28458426623562294,0.1943852317598295,0.24058146071230452,0.25622072731736356,0.30815517448486085,0.1297543767350588,0.35289617447335286,0.18963864467399283,0.1768870278543644,0.25408481853729536,0.21072180245939637,0.2816495554785096,0.23291943237413643,0.2890688339879763,0.2653987429018796,0.36056646284157096,0.24971654374615376,0.20676439639345334,0.2407175028318235,0.16108110314586094,0.29093918070540975,0.2264397734362948,0.2819197197653589,0.2370595156395044,0.18119378640993458,0.2911760490287616,0.2001532409042608,0.27836168372723397,0.19516601342616285,0.2624636581278855,0.04138785002453955,0.2224777859039981,0.5310671416675391,0.4067527218214085,0.28093245541164535,0.4204913823265603
0.08923613152653792,0.22415631935238842,0.3792166746976901,0.0839746856760662,0.022984197917080347,0.24712198474440106,0.17112730220346728,0.08109322061184919,0.6474783901031335,0.08764136062128429,0.12156190762177609,0.13989208717014215,0.12285873784452922,0.18009427490920013,0.08835076863617618,0.13055562344314184,0.1852232119257645,0.28274743968449756,0.0031753419018738425,0.14612105167266712,0.2052114567613583,0.3185183013404086,0.3166971548103365,0.18172997088273518,0.11226917766719392,0.39322970221932074,0.15866333002671917,0.23361105169790283,0.18148935991125983,0.1024770828427501,0.16036521831714692,0.20117890174754285,0.1862926767599576,0.2625833780367017,0.15058060683018545,0.1995520381690922,0.05176439027425826,0.09409076229233782,0.22308094809929568,0.13741939799463032,0.20871213240303377,0.17272733199222484,0.20394987867328035,0.037993301724528396,0.10540699260599251,0.3366600675558543,0.2758656938131262,0.07916704575943939,0.43349724668906753
0.08980421212740691,0.1507152787909338,0.42807318032891206,0.19296944042283048,0.1332628698478427,0.22264220098925483,0.24034007157289117,0.26939432310765876,0.08764136062128429,0.5716697306421576,0.17218384548106014,0.213590692063922,0.1992791514856823,0.2115974925355756,0.18417588683696778,0.19737622593466697,0.2527832406057584,0.2796579070057655,0.08814712615530017,0.2516534617291177,0.18466818702005736,0.15363967979551918,0.23107964021692473,0.20237908088586928,0.2304129537868288,0.19228512219120156,0.2257702770473125,0.26779696168498096,0.32726910252799873,0.26415130646694573,0.19910995578510368,0.19572515375681498,0.13133710640558297,0.27866577534839193,0.2253972614631701,0.34540059454923333,0.21227817775046376,0.12643978250405946,0.20947219358559593,0.16507225145642399,0.28086120714411117,0.19843733678406142,0.2088048252592491,0.022596509623691693,0.1669716574098956,0.48907863710481064,0.3585911386409123,0.267351443103341,0.37718241883885467
0.07504096178471652,0.16333122923236565,0.4055109385881088,0.12126036410652724,0.08009805389274402,0.23108463646781477,0.2528828396809103,0.30700119781995583,0.12156190762177609,0.17218384548106014,0.5013557956299103,0.21963896852421597,0.20307373788951186,0.24898345040501352,0.2307047614602011,0.22666965825747137,0.29491683873784386,0.24468412200192138,0.09420776219806162,0.30103136046234424,0.2192233932015149,0.1743283450519424,0.2725333763060155,0.21809574165191,0.22385521144474588,0.10886339594136667,0.2765012267749665,0.32967763377825043,0.3168519024427801,0.22216335566742967,0.20800847321080904,0.21399263596361706,0.19813037337458284,0.2000117963414711,0.16721168403565048,0.3413339893206436,0.26226534669240315,0.15974496390434617,0.23217706745274405,0.1898406937919658,0.23675462858119325,0.22212098030731156,0.22830936227713813,0.033261225709559354,0.22109116019806163,0.5047414721958932,0.32066284188097993,0.26613688876360536,0.24466148797535334
0.08749093832426173,0.14756098728174866,0.2923083621946642,0.22438397359967407,0.22703974946514757,0.24883383799415595,0.3364860687455856,0.17820903867596205,0.13989208717014215,0.213590692063922,0.21963896852421597,0.6454286569917461,0.14497405103207747,0.24024578827394188,0.2260691776131124,0.2847154888960525,0.23994298418773277,0.2549866559342723,0.11966499060759511,0.20277140460734236,0.19950767283608686,0.18606487724334933,0.2901758238239748,0.19884293765077588,0.25679770880609665,0.1537579684843698,0.28398020814387437,0.21638891107771777,0.191041037441681,0.16676831261738595,0.16734516353368648,0.25531489941447266,0.2094454438746516,0.15582523071703916,-0.07719942846704929,0.30403810523135466,0.15379500038857355,0.11707295576636856,0.19225404118765713,0.16718502603530883,0.15132828689036976,0.1882508771238186,0.1447910442123217,0.03867944406320192,0.05049644496542617,0.3948521515737904,0.27092570560303414,0.28292042743096624,0.5940122837005536
0.06607705366244652,0.15607271795933808,0.28341259983628814,0.11471709212659895,0.09714904558720228,0.191577218309463,0.1895717459433606,0.25683568436979537,0.12285873784452922,0.1992791514856823,0.20307373788951186,0.14497405103207747,0.35540302984338645,0.19089881343688572,0.1229513831155278,0.1963833950422716,0.1824550733035996,0.20059578778146667,0.0704901330749823,0.20317036036616237,0.13571962818332436,0.18988443377655256,0.21664471046160474,0.19491777762281845,0.1929447044463235,0.13815930716728497,0.207911918247727,0.22390099263939323,0.3240490443320635,0.2075610645224848,0.15466658268018074,0.1858557393823767,0.14024081422239634,0.2363648217435243,0.25559882772118203,0.22829856050499941,0.1341692824833472,0.10412672267613986,0.19326072288470095,0.14370649539266064,0.224206550494374,0.14710882809014297,0.18976123942829284,0.0359044392887952,0.09322311963679214,0.3955472438758276,0.27836564559786087,0.1512714747626731,0.28876409837622835
0.07661265862854928,0.1564973116967884,0.31587193380437195,0.182740499771994,0.16969850019429314,0.28066426006880585,0.26076593362443473,0.28458426623562294,0.18009427490920013,0.2115974925355756,0.24898345040501352,0.24024578827394188,0.19089881343688572,0.5472235989736518,0.236622721217519,0.34054353795247194,0.19594638651024257,0.243546515647288,0.12724012651306832,0.31185420672762004,0.2424483351604073,0.24189375408697522,0.28323004721304934,0.2612942350832591,0.2348382696699783,0.3758021662485351,0.14475210216885007,0.11501098205665344,0.29373477464130976,0.2536098608386222,0.2099195362844333,0.38977767370073196,0.15714509609762886,0.2562604056340568,0.15271937653581508,0.3558950092873005,0.15233909926377387,0.16979634242923095,0.2810065513783193,0.22440199040614228,0.2279156340247021,0.2253828709428798,0.25368846959240793,0.03841416335217873,0.19397684155206915,0.46019347723976045,0.3592760300319387,0.2841445972352152,0.6416640976625693
0.12952468431696673,0.3400946377350336,0.3137929213930569,0.1308182308857727,0.16728822768187604,0.26369167390444775,0.12066916874352873,0.1943852317598295,0.08835076863617618,0.18417588683696778,0.2307047614602011,0.2260691776131124,0.1229513831155278,0.236622721217519,0.7905902781541779,0.18995531369098342,0.17415957043865335,0.1515571996449515,0.12265962432399756,0.22995791260526158,0.1892032760933996,0.09730120489327442,0.44583873536764757,0.2653257549496339,0.3036624086972651,0.13969845239819823,0.2674045583176552,0.10125696089021649,0.21874444875038337,0.29366584522868944,0.15375835503601074,0.2031333437361523,0.23475221454336107,0.2227614442125196,0.07054827676448581,0.2685580401470142,0.30611000624385293,0.13096450007968943,0.21411673622325297,0.1764508046247583,0.12126785447199215,0.19979096957071973,0.20120894588228602,0.0497283106955099,0.17617015923915702,0.4578239380744812,0.3230603584177929,0.36762893304959876,0.3829652161338563
0.0670385668757842,0.10444240679374328,0.24202088361121524,0.19062161716234,0.19919739339241394,0.2522746348471135,0.2628058620316819,0.24058146071230452,0.13055562344314184,0.19737622593466697,0.22666965825747137,0.2847154888960525,0.1963833950422716,0.34054353795247194,0.18995531369098342,0.5452178673222718,0.22948654946599897,0.18533031190236776,0.14580659597178658,0.24745800861745193,0.20227328949053575,0.29664035512880654,0.25265884950040535,0.2554429089175066,0.23688695392979683,0.12331520988585912,0.2424755384437611,0.2508109200558618,0.3190092868230247,0.24952326793569474,0.18743322713934918,0.2958949116994553,0.16470183575079553,0.24385012837781675,0.19551311753198525,0.28341815860181063,0.20359761594563308,0.13481577669240544,0.2849328776881331,0.20253392185519029,0.22223196897881858,0.19359814301687078,0.2642031471842775,0.04840611677901096,0.2104062356113879,0.39329435399828944,0.3215341461173084,0.14839318373990265,0.466921351052728
0.037738691510096574,0.08946821114938883,0.36247941617953794,0.14096902538587922,0.10018973035511797,0.23529001303560565,0.21196912164310838,0.25622072731736356,0.1852232119257645,0.2527832406057584,0.29491683873784386,0.23994298418773277,0.1824550733035996,0.19594638651024257,0.17415957043865335,0.22948654946599897,0.8449778207753753,0.18539532398595526,0.12556596225264233,0.33303477371033796,0.250480098205758,0.22056858547771788,0.2505267206846358,0.23183218699426686,0.24288697917562194,-0.09906855828384212,0.44184602778719645,1.0681642672104361,0.3218716281587986,0.18400243696756144,0.2558194842199294,0.17178574088987464,0.3532269449301459,0.1662832763391028,0.1708649137916631,0.39271370570708053,0.5043827386017472,0.1814075841139998,0.2059218130186306,0.1864043189272308,0.42378984010620113,0.2780229951937122,0.2756533232427987,0.02489379168990356,0.21321033666782382,0.5555244801877204,0.3950106661356818,0.3217405781502384,0.3581876914342515
0.09734456681333861,-0.007784843844790022,0.37262266644766834,0.2417557128105635,0.21399676566911446,0.2061159529385463,0.34156485320491453,0.30815517448486085,0.28274743968449756,0.2796579070057655,0.24468412200192138,0.2549866559342723,0.20059578778146667,0.243546515647288,0.1515571996449515,0.18533031190236776,0.18539532398595526,1.5494878498527014,0.11627369489081464,0.03563232079240352,0.32837407892235965,0.2870851350255727,0.8175346828257908,0.2039039390572805,0.35512144695376563,0.8159182678703941,0.20737638499880662,0.017611241442581825,0.3875491456043145,-0.015156671663950114,0.34759911626225626,0.2701793872686809,0.312381858042173,0.3841694335553039,0.2554819957803568,0.40656779084342554,0.008944167461974904,0.039811479996681144,0.39161408914842766,0.34135151502836225,0.41644735597004584,0.30777688273037,0.24188234875421574,-0.030891256276911746,0.050323898377363376,0.7962802919591164,0.6501657825383476,0.33887075238536035,0.5738080047929699
0.03585103381671246,-0.047449783029162945,0.10769911491647047,0.15802637472236947,0.31297553952727075,0.23622363638205607,0.026821780059963416,0.1297543767350588,0.0031753419018738425,0.08814712615530017,0.09420776219806162,0.11966499060759511,0.0704901330749823,0.12724012651306832,0.12265962432399756,0.14580659597178658,0.12556596225264233,0.11627369489081464,0.566827848328916,0.06358774105856704,0.13043335598031647,0.09047831179995912,0.00031221001327806283,0.08590222873661091,0.1412699431760903,-0.036490536441058645,0.14093537301940195,0.04789066489317784,0.12377453454978442,0.053589164542770684,0.1314532700299434,0.10703003987563388,0.09984340081153203,0.05598549926907369,0.001950710247607529,0.20724845594225136,0.17811356300464865,0.04839853936957969,0.23270854633727675,0.10775100576980946,0.0034302915005111068,0.12255374991043629,0.10702435609679983,0.03482726833538452,0.2354494238363845,0.17544596676058685,0.08719128965133,0.14454104760297007,0.025556514290603315
0.07297889512777427,0.2131916759502002,0.4294890753574942,0.14087176414969596,0.044171433418295734,0.38732293130338386,0.13893794071487556,0.35289617447335286,0.14612105167266712,0.2516534617291177,0.30103136046234424,0.20277140460734236,0.20317036036616237,0.31185420672762004,0.22995791260526158,0.24745800861745193,0.33303477371033796,0.03563232079240352,0.06358774105856704,1.4967646208130745,0.3070977129906721,0.11878828135852937,-0.011072120466075218,0.27223779609218424,0.17832706203526782,0.11408025478012218,0.508206530247803,0.3175792524999956,0.48248726649302887,0.633736560788242,0.4107332890170111,0.28522374185738036,0.10374497724070401,0.36551978734783197,0.15778147148228305,0.5073171366070841,0.9060305947428501,0.7009513533614662,0.7446563557051842,0.4510529206187847,0.2961193131415516,0.369815832693279,0.4218809512138516,0.12036753218765615,0.5966242796799116,0.578301212527535,0.4308926953999378,0.7575312753997548,1.0921026479913654
0.06944349371518105,0.15766999590071262,0.3234780094386405,0.16555291554842402,0.14558000444189131,0.24949524131574566,0.23303926127029764,0.18963864467399283,0.2052114567613583,0.18466818702005736,0.2192233932015149,0.19950767283608686,0.13571962818332436,0.2424483351604073,0.1892032760933996,0.20227328949053575,0.250480098205758,0.32837407892235965,0.13043335598031647,0.3070977129906721,0.6899151128685679,0.20101446320051272,0.2540349872762333,0.18974073520168686,0.18449860375631857,0.26947187584749027,0.220088639671372,-0.026884598548207864,0.26411303014177967,0.2772885348843461,0.28535983590093533,0.23346257916868174,0.16574983982897445,0.17991137218500167,0.3295026301836813,0.6493197646927752,0.16828175020899536,0.19401682745736856,0.3875979738110285,0.42091313223761384,0.2801664277739016,0.5567625929975604,0.4036121595869829,0.04414178495186594,0.5812809560397476,0.6001831151635738,0.41081697612089796,0.4876958563117186,0.4793706947976168
0.07749636364524495,0.1174862375922509,0.29877092581705356,0.14042169326486711,0.11260806791614965,0.22923992791697884,0.23244310837644486,0.1768870278543644,0.3185183013404086,0.15363967979551918,0.1743283450519424,0.18606487724334933,0.18988443377655256,0.24189375408697522,0.09730120489327442,0.29664035512880654,0.22056858547771788,0.2870851350255727,0.09047831179995912,0.11878828135852937,0.20101446320051272,0.5791271847471771,0.3337550127445138,0.2177855919848919,0.17146187578687472,0.2287363972262029,0.2296849079823258,0.27065209935138,0.33805199315418083,0.1597536967579509,0.17418486381819998,0.25545949184139377,0.19380283308032065,0.3007628802766765,0.16723202704325096,0.24352699475255754,0.04388170925893985,0.08165837253214546,0.3380060856280356,0.15707721765881102,0.272356504000549,0.17013715166735038,0.25773250313490886,0.06240485165049059,0.1477463474929128,0.3697928205542287,0.3270303739721272,-0.12707778615155146,0.4719125754839458
0.08204891607190667,-0.16467517402075824,0.3101802356710933,0.22626047579103173,0.17742279225418017,0.10306055794095101,0.45668240456239617,0.25408481853729536,0.3166971548103365,0.23107964021692473,0.2725333763060155,0.2901758238239748,0.21664471046160474,0.28323004721304934,0.44583873536764757,0.25265884950040535,0.2505267206846358,0.8175346828257908,0.00031221001327806283,-0.011072120466075218,0.2540349872762333,0.3337550127445138,2.0468525307481467,0.5606220797353093,0.6380516126440786,0.39055702823779653,0.14519608510431956,0.15081646051457134,0.3062095208887262,0.5053086652721438,0.051221591367281924,0.28041352892662286,0.6510392072511829,0.4980951825578498,0.17698503640574806,0.4086995312390342,0.1896354331261345,0.005991976901825826,0.6333256892526011,0.42480479019238443,0.2660814091031211,0.2793509431678651,0.3350005908303072,0.1093503040939629,0.11051536963309684,0.9662173736179435,0.7750174781984206,0.5766496062045567,0.7710660077079194
0.06772353964964938,0.07843721613701192,0.28285779019096274,0.14773495980438864,0.11612359663668695,0.19716500083234503,0.2258515587591353,0.21072180245939637,0.18172997088273518,0.20237908088586928,0.21809574165191,0.19884293765077588,0.19491777762281845,0.2612942350832591,0.2653257549496339,0.2554429089175066,0.23183218699426686,0.2039039390572805,0.08590222873661091,0.27223779609218424,0.18974073520168686,0.2177855919848919,0.5606220797353093,0.78270325695437,0.3152946030363558,0.09539205929458004,0.303087867530377,0.3936340733632912,0.20035479851196158,0.5346725640680866,0.22579415799478622,0.3102104641812978,0.5073050497268174,0.36716225913907696,0.3393416339089764,0.2599086265557785,0.29109308917022053,0.15950558632943165,0.19198410462200444,0.2060827479500475,0.18911913799920319,0.2122106245679709,0.2764689422808729,0.04390562422214146,0.08879624563264468,0.5832109360713772,0.47704519865870604,0.3740510184626929,0.5581730666227769
0.10431737425209428,0.059206584364973405,0.288530574164783,0.19000331899154257,0.17301224504090545,0.23156292107023552,0.26418727705596473,0.2816495554785096,0.11226917766719392,0.2304129537868288,0.22385521144474588,0.25679770880609665,0.1929447044463235,0.2348382696699783,0.3036624086972651,0.23688695392979683,0.24288697917562194,0.35512144695376563,0.1412699431760903,0.17832706203526782,0.18449860375631857,0.17146187578687472,0.6380516126440786,0.3152946030363558,1.266575331924822,0.2673824710792858,0.3200119463786288,0.18308645966753714,0.4091929648916879,0.41029991671597305,0.11215440824728176,0.23691509465160984,0.21459663570750687,0.47596998018926945,0.2383239444945498,0.30993548855337344,0.1620971251539285,0.10472649689923282,0.33585189926439807,0.19900053576103094,0.30254130365906773,0.20274729141308087,0.29076394890432405,0.0810598061494103,0.21196866419966712,0.6864981092083347,0.4460951359287557,0.23722874036249236,0.06883099622697442
0.03446548724065858,0.21520133966218244,0.26219524639631936,0.2014168743820631,0.21510402822969893,0.24935180613042998,0.25870296932180603,0.23291943237413643,0.39322970221932074,0.19228512219120156,0.10886339594136667,0.1537579684843698,0.13815930716728497,0.3758021662485351,0.13969845239819823,0.12331520988585912,-0.09906855828384212,0.8159182678703941,-0.036490536441058645,0.11408025478012218,0.26947187584749027,0.2287363972262029,0.39055702823779653,0.09539205929458004,0.2673824710792858,4.403350667728727,-0.6986424837622581,-0.81450471743147,-0.72233095084663,-0.539442411227301,-0.010514769814519334,0.5746836757154354,0.10695955416541571,0.6103785233516592,0.7433164327880258,0.27584396302266523,-2.1610639000640517,0.056665471995289964,0.45561474305854655,0.5725309564623966,0.3442875228299922,0.14811069441040042,0.26992243286929324,-0.12274039884058344,-0.29755506405609855,0.20362160686881214,0.12531273304915594,0.32709637457366547,1.4772949921933292
0.061403234303792575,0.14197159918976682,0.2766357798417132,0.1168596008240644,0.0503917906037817,0.27163755806614864,0.17919460119814826,0.2890688339879763,0.15866333002671917,0.2257702770473125,0.2765012267749665,0.28398020814387437,0.207911918247727,0.14475210216885007,0.2674045583176552,0.2424755384437611,0.44184602778719645,0.20737638499880662,0.14093537301940195,0.508206530247803,0.220088639671372,0.2296849079823258,0.14519608510431956,0.303087867530377,0.3200119463786288,-0.6986424837622581,3.2038085834804026,0.5593373820550769,0.18584209171753838,0.6729076122900662,0.542733309567683,0.16663208471134924,0.5464745749580456,0.2390751890763601,0.4734839854831837,0.27078157139928183,0.9412493660875276,0.28539236674701784,0.13370679491557844,0.18988398079822505,0.6450503978046213,0.3607122784003602,0.15814836069175453,0.029258740528827376,-0.4110395629818085,0.9549163985067438,0.5186719410230379,0.6160214378620278,1.080045365336662
0.07896155557354947,0.17728843883297135,0.5584793184103141,0.05246844667465541,-0.045220331788094204,0.21992735819573161,0.15902045285018018,0.2653987429018796,0.23361105169790283,0.26779696168498096,0.32967763377825043,0.21638891107771777,0.22390099263939323,0.11501098205665344,0.10125696089021649,0.2508109200558618,1.0681642672104361,0.017611241442581825,0.04789066489317784,0.3175792524999956,-0.026884598548207864,0.27065209935138,0.15081646051457134,0.3936340733632912,0.18308645966753714,-0.81450471743147,0.5593373820550769,6.271488555066624,0.4931808270835475,-0.4756751196708896,0.41663457073442994,0.10870579854698846,1.284399426635936,0.07952664306359021,-0.2074892059332499,0.3132758689809937,0.8014695276916775,0.191342878475541,-0.42025521053624526,-0.2352522805113822,1.2690987044840965,-0.25781786589339994,0.07205770033485447,-0.05220034569809217,-0.7684387837172522,0.5254712810372372,0.11426563184038027,0.2582376892463315,0.2267577071657444
0.16126246284254514,0.3042487519956244,0.606176019494648,0.15348924508483916,0.038503511169243214,0.37334702849910373,0.24935702832576104,0.36056646284157096,0.18148935991125983,0.32726910252799873,0.3168519024427801,0.191041037441681,0.3240490443320635,0.29373477464130976,0.21874444875038337,0.3190092868230247,0.3218716281587986,0.3875491456043145,0.12377453454978442,0.48248726649302887,0.26411303014177967,0.33805199315418083,0.3062095208887262,0.20035479851196158,0.4091929648916879,-0.72233095084663,0.18584209171753838,0.4931808270835475,2.500995761679737,0.41824823994104443,0.2903800872771767,0.1732013258034354,-0.32380450505807956,0.915390491505803,-0.35089507958570243,1.0506899321430283,0.4231889903252232,0.13578926131010574,0.4078147077104736,0.1525898873794399,0.9984357569805145,0.2382927285057446,0.26460177661803447,-0.0171788193506713,0.17919970934664717,0.7884152597374449,0.5087714255895689,0.04325821423402863,0.31947313694663143
0.04068692271154895,0.08885914753212176,0.09066740577206114,0.11162727985019982,0.04820520547870844,0.12081244049793265,0.2653079924086287,0.24971654374615376,0.1024770828427501,0.26415130646694573,0.22216335566742967,0.16676831261738595,0.2075610645224848,0.2536098608386222,0.29366584522868944,0.24952326793569474,0.18400243696756144,-0.015156671663950114,0.053589164542770684,0.633736560788242,0.2772885348843461,0.1597536967579509,0.5053086652721438,0.5346725640680866,0.41029991671597305,-0.539442411227301,0.6729076122900662,-0.4756751196708896,0.41824823994104443,3.3438585444707014,0.3320099013906952,0.29347480093634754,0.24276789768326903,0.2380988867849409,0.5967632787122874,0.29235937881327617,0.8317532162461156,0.37688430944191426,0.6265661406166146,0.4813636252657776,0.08138500595343066,0.3866119546256838,1.0226280796058547,0.10984431480729057,1.5332502131526533,1.2238023581182669,1.241227438173782,0.5858400035842304,0.4822578296515479
0.06657378508290732,0.11045166571572804,0.28275596142315607,0.15408077305042392,0.1555037363718909,0.2419066806066924,0.1576439829203591,0.20676439639345334,0.16036521831714692,0.19910995578510368,0.20800847321080904,0.16734516353368648,0.15466658268018074,0.2099195362844333,0.15375835503601074,0.18743322713934918,0.2558194842199294,0.34759911626225626,0.1314532700299434,0.4107332890170111,0.28535983590093533,0.17418486381819998,0.051221591367281924,0.22579415799478622,0.11215440824728176,-0.010514769814519334,0.542733309567683,0.41663457073442994,0.2903800872771767,0.3320099013906952,1.0409177675972165,0.21355610777397685,0.2117488919172862,0.15419018700648268,0.30267340079462485,0.7083112711541277,0.29316985105900717,0.26418006154345974,0.28836491791502694,0.3076705584153972,0.3167084128807673,0.2940743888528644,0.20906742022630626,0.04630948001752586,0.32431981922985703,0.7584944210816789,0.37587858415221187,0.430331242361284,0.15947149999596102
0.0717700711158016,0.1522260177255765,0.2894384476728851,0.1831788628699069,0.1762604759295263,0.26952395063892454,0.25137806758504405,0.2407175028318235,0.20117890174754285,0.19572515375681498,0.21399263596361706,0.25531489941447266,0.1858557393823767,0.38977767370073196,0.2031333437361523,0.2958949116994553,0.17178574088987464,0.2701793872686809,0.10703003987563388,0.28522374185738036,0.23346257916868174,0.25545949184139377,0.28041352892662286,0.3102104641812978,0.23691509465160984,0.5746836757154354,0.16663208471134924,0.10870579854698846,0.1732013258034354,0.29347480093634754,0.21355610777397685,0.7311011210154486,0.1758560380294442,0.2637395187266774,0.015295780071954713,0.3747141378562979,0.01582156119056952,0.16237160028480996,0.17362556972234733,0.20227388232658577,0.2292751196691767,0.19635605491947375,0.17232984757110278,0.008990593991534717,0.07856401311002033,0.5519869981838883,0.3747445178906862,0.2692294825882544,0.5944044901343943
0.042638449928293326,0.015213945221693965,0.1682882314256841,0.10411312131697113,0.13066817563786962,0.06596078299588762,0.2076393665739888,0.16108110314586094,0.1862926767599576,0.13133710640558297,0.19813037337458284,0.2094454438746516,0.14024081422239634,0.15714509609762886,0.23475221454336107,0.16470183575079553,0.3532269449301459,0.312381858042173,0.09984340081153203,0.10374497724070401,0.16574983982897445,0.19380283308032065,0.6510392072511829,0.5073050497268174,0.21459663570750687,0.10695955416541571,0.5464745749580456,1.284399426635936,-0.32380450505807956,0.24276789768326903,0.2117488919172862,0.1758560380294442,2.066261236776279,-0.49713593137247275,0.418133826732268,-0.23010523253600382,0.4228799134474664,0.11733389341237914,-0.03810093531875881,0.17961841999386233,-0.33321553446160435,0.14205002270022565,0.29492067502226377,-0.010471527721319025,-0.15987300387178072,0.5672815640860033,0.5101160256230666,0.574649755114931,0.6231549657009405
0.10323026896301216,0.12489774456564531,0.4648940191833289,0.18471910130369193,0.06358934618586061,0.31630613725666573,0.21616773643456938,0.29093918070540975,0.2625833780367017,0.27866577534839193,0.2000117963414711,0.15582523071703916,0.2363648217435243,0.2562604056340568,0.2227614442125196,0.24385012837781675,0.1662832763391028,0.3841694335553039,0.05598549926907369,0.36551978734783197,0.17991137218500167,0.3007628802766765,0.4980951825578498,0.36716225913907696,0.47596998018926945,0.6103785233516592,0.2390751890763601,0.07952664306359021,0.915390491505803,0.2380988867849409,0.15419018700648268,0.2637395187266774,-0.49713593137247275,2.978857528689855,0.18681384165995438,0.3714417368862434,0.17984348570750708,0.07967084802075189,0.4465722142322438,-0.006330280407530478,0.9662521939848522,0.20851039389546616,0.6548098559091594,0.19545475089346737,0.10953294710124961,0.12698172474324032,0.49322103516579807,-0.05307448984181932,0.1612031067726207
0.014031875189300708,0.013405899389187752,0.2605202644833925,0.046274338241234225,-0.016894286191758423,0.04127214446682459,0.05406215117822564,0.2264397734362948,0.15058060683018545,0.2253972614631701,0.16721168403565048,-0.07719942846704929,0.25559882772118203,0.15271937653581508,0.07054827676448581,0.19551311753198525,0.1708649137916631,0.2554819957803568,0.001950710247607529,0.15778147148228305,0.3295026301836813,0.16723202704325096,0.17698503640574806,0.3393416339089764,0.2383239444945498,0.7433164327880258,0.4734839854831837,-0.2074892059332499,-0.35089507958570243,0.5967632787122874,0.30267340079462485,0.015295780071954713,0.418133826732268,0.18681384165995438,5.397791964391118,-0.4867008179920045,-0.528291978568623,0.09819919092194523,0.6834344524843559,0.6637029458180114,0.12190029530047974,0.5367338230038681,0.9265347401334713,-0.014263508833932256,0.9420657182837975,0.6148537744105104,0.6836332420370734,0.2657626369142228,-0.2722943781518489
0.07001417555542093,0.18478496033593936,0.6969060826280725,0.22099870220969955,0.16543648044466344,0.27963359050206305,0.4199833833020604,0.2819197197653589,0.1995520381690922,0.34540059454923333,0.3413339893206436,0.30403810523135466,0.22829856050499941,0.3558950092873005,0.2685580401470142,0.28341815860181063,0.39271370570708053,0.40656779084342554,0.20724845594225136,0.5073171366070841,0.6493197646927752,0.24352699475255754,0.4086995312390342,0.2599086265557785,0.30993548855337344,0.27584396302266523,0.27078157139928183,0.3132758689809937,1.0506899321430283,0.29235937881327617,0.7083112711541277,0.3747141378562979,-0.23010523253600382,0.3714417368862434,-0.4867008179920045,4.610054118387461,-0.203155405491609,0.38954641571654497,0.22223335544086134,0.8421678098199732,0.8090493728122999,0.7304710126296896,0.4105212530436521,0.008143559267309178,0.6323067741228157,1.66444494628148,-0.2670060417510785,1.532108271764139,0.2969715553232532
0.10403518761776334,0.2287638621710724,0.2745856499275195,0.11846529763036868,0.14850550224929857,0.2496655659020848,0.10697668369629769,0.2370595156395044,0.05176439027425826,0.21227817775046376,0.26226534669240315,0.15379500038857355,0.1341692824833472,0.15233909926377387,0.30611000624385293,0.20359761594563308,0.5043827386017472,0.008944167461974904,0.17811356300464865,0.9060305947428501,0.16828175020899536,0.04388170925893985,0.1896354331261345,0.29109308917022053,0.1620971251539285,-2.1610639000640517,0.9412493660875276,0.8014695276916775,0.4231889903252232,0.8317532162461156,0.29316985105900717,0.01582156119056952,0.4228799134474664,0.17984348570750708,-0.528291978568623,-0.203155405491609,3.998334958953815,0.5063509941816629,-0.03505219863210658,-0.26033495038774557,0.07583378640266937,0.3939984385975034,0.16740610215139518,0.18225667118989944,0.5016112465295319,0.4622261328410504,0.6180417379183637,0.6112180492465917,0.18519249877251787
0.05534472795620011,0.1204426220882322,0.22566714156738002,0.0765777811862612,0.032856439000413885,0.20349268819674105,0.08367941759256209,0.18119378640993458,0.09409076229233782,0.12643978250405946,0.15974496390434617,0.11707295576636856,0.10412672267613986,0.16979634242923095,0.13096450007968943,0.13481577669240544,0.1814075841139998,0.039811479996681144,0.04839853936957969,0.7009513533614662,0.19401682745736856,0.08165837253214546,0.005991976901825826,0.15950558632943165,0.10472649689923282,0.056665471995289964,0.28539236674701784,0.191342878475541,0.13578926131010574,0.37688430944191426,0.26418006154345974,0.16237160028480996,0.11733389341237914,0.07967084802075189,0.09819919092194523,0.38954641571654497,0.5063509941816629,0.7094017043994995,0.227457645660439,0.28423685593393494,0.15683440916553051,0.24499368430335527,0.2161884904211393,0.10108799284068429,0.20857399082473035,0.4766652430701144,0.26855458190805337,0.538007658070237,0.5351764554407749
0.06078545016013938,-0.030488896485924614,0.2816010611471906,0.20782222268851266,0.19295426880882738,0.3315165061772805,0.2074122489627579,0.2911760490287616,0.22308094809929568,0.20947219358559593,0.23217706745274405,0.19225404118765713,0.19326072288470095,0.2810065513783193,0.21411673622325297,0.2849328776881331,0.2059218130186306,0.39161408914842766,0.23270854633727675,0.7446563557051842,0.3875979738110285,0.3380060856280356,0.6333256892526011,0.19198410462200444,0.33585189926439807,0.45561474305854655,0.13370679491557844,-0.42025521053624526,0.4078147077104736,0.6265661406166146,0.28836491791502694,0.17362556972234733,-0.03810093531875881,0.4465722142322438,0.6834344524843559,0.22223335544086134,-0.03505219863210658,0.227457645660439,3.6538823497443564,0.8773746397780765,0.03144974179328191,0.2822779421948404,0.3074141698103627,0.22766668731156786,1.8844594607899037,0.24171001687065966,0.6016923728955552,0.1052474484640905,1.0627951829499118
0.017279565193530116,0.012084230263241529,0.12765270260863293,0.16167797082959282,0.16708640842829586,0.19910747632217635,0.1926216832878408,0.2001532409042608,0.13741939799463032,0.16507225145642399,0.1898406937919658,0.16718502603530883,0.14370649539266064,0.22440199040614228,0.1764508046247583,0.20253392185519029,0.1864043189272308,0.34135151502836225,0.10775100576980946,0.4510529206187847,0.42091313223761384,0.15707721765881102,0.42480479019238443,0.2060827479500475,0.19900053576103094,0.5725309564623966,0.18988398079822505,-0.2352522805113822,0.1525898873794399,0.4813636252657776,0.3076705584153972,0.20227388232658577,0.17961841999386233,-0.006330280407530478,0.6637029458180114,0.8421678098199732,-0.26033495038774557,0.28423685593393494,0.8773746397780765,1.7486012967910836,0.034972719004429255,0.4314697657583467,0.62381900748516,0.04802336826171888,1.2944512779543562,1.063836685869293,0.4593995002579571,0.8507365737607158,0.6393498538226626
0.07876627640584191,0.1846164039183313,0.4599129601926078,0.08398649827291481,-0.015779448204584663,0.14052558888409036,0.2301924381306006,0.27836168372723397,0.20871213240303377,0.28086120714411117,0.23675462858119325,0.15132828689036976,0.224206550494374,0.2279156340247021,0.12126785447199215,0.22223196897881858,0.42378984010620113,0.41644735597004584,0.0034302915005111068,0.2961193131415516,0.2801664277739016,0.272356504000549,0.2660814091031211,0.18911913799920319,0.30254130365906773,0.3442875228299922,0.6450503978046213,1.2690987044840965,0.9984357569805145,0.08138500595343066,0.3167084128807673,0.2292751196691767,-0.33321553446160435,0.9662521939848522,0.12190029530047974,0.8090493728122999,0.07583378640266937,0.15683440916553051,0.03144974179328191,0.034972719004429255,3.1616502450663573,0.26844288694602786,-0.11548218026210699,0.23281333234968943,-1.2315541454431405,1.0505598352482128,0.47355277882250185,0.274935599125791,0.9163414854459329
