1.6065631889327494,-0.015964311522509204,-0.023052763369079556,-0.03136858164313206,-0.042147309794522594,-0.03910977546433251,0.03933513065940402,0.007420706038803239,0.002985067035884343,0.006842018824332139,0.003213413400816968,0.0021269122223688073,0.006660165880975102,0.013063736605219207,0.01488557003195405,0.011141046516597896,0.008983731704292338,0.006444178388558816,0.006113255179191374,0.004396102712348897,0.00451120301807872,0.0030544256931258522,0.0020154064517585724,0.0014623919772016763,0.001384225696950972,0.0016905179816375346,0.0020472590126784838,0.0022153668251753455,0.00230871803246122,0.0021407980420796845,0.001919934026820652,0.001914730971978577,0.0020714732410558683,0.0033541015724548955,0.0038648810715268974,0.0034266631956274434,0.0024554477267827056,0.0013003765309279965,-7.119641148517887e-5,-0.0018000149101026494,-0.0030673357045654204,-0.0013077355964444223,0.01844114954819571,0.005903050129294556,0.000440177137166495,-0.0013149857957034095,-0.0016948884201555558,-0.0016153665164312418,-0.0014325809354435828,-0.0016433458164110176,0.015158716158342245,0.021649101155660367,0.023923408221169822,0.00017189600340828214,-0.005904691299911925,0.0004544394095343963,0.003320918599285479,0.0017249684186391495,0.0009505116898592065
-0.015964311522509204,1.594697866574593,-0.03483754241595283,-0.05062440502938777,-0.06478716471185107,-0.06384353382252866,0.0601342485924468,0.008661228149665943,0.005919199199537298,0.012661332038208272,0.005570573177953053,0.006287354250995025,0.010913094031280879,0.02250844904182871,0.02320378470846716,0.018481258925019953,0.012951956745507719,0.010156535775837174,0.009764363321136123,0.006619516776408873,0.0065791494550040104,0.004546265396300116,0.003204563319713075,0.0025031011765699095,0.0021675049645534976,0.002332408402243275,0.0026070817072879906,0.0027023666279257126,0.002807931978108235,0.0026364316181092676,0.0024473520421169626,0.0022229185596181283,0.0023394454267551866,0.004177459156598841,0.004917652994225671,0.004326470287883024,0.003093796224355928,0.0015913833187354363,-9.120102520729914e-5,-0.002240674892253862,-0.003657942780195116,-0.0012599691130501993,0.023072971503130413,0.007749615454047374,0.0008836237008635509,-0.0013690444622927239,-0.0019041134801674401,-0.0018522066224567462,-0.0016571515540448262,-0.002574001227609351,0.020917662473864566,0.03009138997350586,0.03479505175588026,0.000536618330448152,-0.005972653533420706,0.0013741492585319856,0.0051344556539826705,0.002168478232939619,0.002683249763763845
-0.023052763369079556,-0.03483754241595283,1.5636561977632792,-0.07550346610891566,-0.10205778877373092,-0.10228842532699477,0.08443057094800631,0.005764551908576783,0.006231710065365568,0.019501554844705844,0.008242487186528757,0.009494012752490717,0.017916936049558595,0.0365186659153973,0.037976204592106544,0.031407415117757374,0.02263373192916502,0.018352307439786088,0.015946590797536072,0.01262850483269967,0.012634709216307494,0.008821344065303233,0.006275737874101685,0.004929289742699265,0.004152183919654583,0.004151291008741268,0.0043726002489035765,0.00434806488893687,0.004350794585627629,0.003974251848794292,0.00359571442368028,0.0032564328749840796,0.0032897140390264227,0.005754157242226053,0.00659729276126814,0.005790890443543531,0.0039951268495649755,0.00199472480113887,-0.00039331306450667475,-0.003289822696016813,-0.005347033785590468,-0.0021248462599965457,0.031161488807850937,0.010087995923954027,0.0010670604494067886,-0.001848169749521682,-0.0025161453271983865,-0.00242668962826007,-0.002157773147434176,-0.004272258561515217,0.03173887258232337,0.04590196259340053,0.05021823528971167,0.00010991850581019053,-0.006679548579937241,0.0009599928210903619,0.005327510238883884,0.007350336281610817,0.007364163808005639
-0.03136858164313206,-0.05062440502938777,-0.07550346610891566,1.5059562797663195,-0.15749609843015128,-0.17695430021577355,0.11327019137354678,0.0018290906383180573,0.01380571699149554,0.032647168939136884,0.014277589366300998,0.019005929394918724,0.027773542713502863,0.061240185135935765,0.059465273422959396,0.05214610917806159,0.035673613042862255,0.031102746058032385,0.02494830928308931,0.021171700276526317,0.020691077758780683,0.014479818505145039,0.010541768896625059,0.008499280934836434,0.006971347919218107,0.006470562254029957,0.0063248951670962904,0.0059309553581620095,0.005721536945475986,0.004990569523115795,0.004516353014410778,0.0037117593854353297,0.0033999362236955396,0.006792517180518181,0.007813177405434283,0.006872230552331343,0.004569193007728562,0.002143597764891451,-0.0008412047344657866,-0.004332862557005183,-0.006658520029909134,-0.002220707558422168,0.03849786198214601,0.012970898028477213,0.0018998995544059268,-0.0016938777706876503,-0.0025685111148610633,-0.0025273131995134515,-0.0022559516399671864,-0.0065279473797317895,0.04512188353517773,0.06541668090205831,0.07324999759473383,0.0014049643328960853,-0.011003940229355483,0.0019398747199935507,0.015757061583792042,0.00794340311415597,0.004888082563897969
-0.042147309794522594,-0.06478716471185107,-0.10205778877373092,-0.15749609843015128,1.3782590031544573,-0.30959375065328437,0.10003812463247344,-0.0009926731364486398,0.03235577515100494,0.05658831642379225,0.02283445147724526,0.03596642302749372,0.041673517816602654,0.09881086567972201,0.09056724455013385,0.08663526290565966,0.06197083692307072,0.05665078139388723,0.037331491268652275,0.03838944294748134,0.037586750330163676,0.02606450997177061,0.018548663646875598,0.014727764978285691,0.01214105274358178,0.011014163826246601,0.010354395900976185,0.009395379375924771,0.00860026323097784,0.006821157789461277,0.0059828435477322995,0.0045018743636581066,0.0032270368739868494,0.007551312219335465,0.008555934225498675,0.007683914969417928,0.004745989580921387,0.001993966904388299,-0.00195928814347413,-0.006276065205298783,-0.009599607239514621,-0.0043112473636594244,0.047060177058927434,0.015604127195711097,0.002898675778056482,-0.0010872977912307388,-0.0020253151196647254,-0.0020099919755083807,-0.0017605434204558256,-0.009318946907893163,0.06489189482332612,0.09383324009312638,0.10023942123864779,0.002603892063345388,-0.018235306675012917,0.0017180038149428067,0.027708645440300626,0.012216524604635945,0.0032194220082266663
-0.03910977546433251,-0.06384353382252866,-0.10228842532699477,-0.17695430021577355,-0.30959375065328437,1.1019341874837045,-0.12026341008469878,0.02737804658436253,0.10706237454716659,0.09522629836838709,0.0482151970291251,0.07641736698086278,0.05914271262138644,0.14491264517595706,0.11734090921107548,0.12523408081848966,0.09648088118152583,0.09409061090434616,0.0448405545518716,0.06330861938164477,0.058489350267466725,0.03883430386158066,0.02641931320878984,0.020746969683334907,0.017686207051717834,0.016331711613026302,0.01522179753054694,0.013717995459020436,0.011945835036371711,0.007867401826497505,0.006221876853927809,0.003205953079715916,-0.0006867038037798197,0.00444192752708631,0.005747318607823332,0.0056931308362114024,0.0029311269268588506,0.0004805096680551962,-0.003957736610769135,-0.00867471833233365,-0.012937590730419755,-0.007905393497010757,0.04841807364135242,0.01626053907322803,0.004795613450379181,0.0015183975902878595,0.0008009248691578562,0.0006876785655556858,0.0007142935302933565,-0.009749531908197917,0.08022796460201459,0.11428800706418923,0.1163796039964041,0.008058863998390724,-0.01426480768178576,0.004431261510764635,0.043671644598451714,0.013925987907345297,-0.007194461016496134
0.03933513065940402,0.0601342485924468,0.08443057094800631,0.11327019137354678,0.10003812463247344,-0.12026341008469878,0.3887983362527357,0.012697175555502975,0.1633536513968956,0.07554140034598174,0.06964876327259703,0.12539451439136007,0.01810694598397466,0.1432038245919239,0.07768215031922708,0.07264689563338635,0.05306307171591148,0.04767339228062327,0.007541942254374774,0.03286072533517613,0.027090247707002097,0.016645396630679935,0.012566556191423587,0.011546108297471058,0.007970524883543663,0.004714351424970594,0.0022202749875738837,0.0001453606321580538,-0.0014907896346629762,-0.0028214394339129765,-0.0042739623469928555,-0.0055855001363772925,-0.009718763755501006,-0.011105271258965677,-0.011346046885897422,-0.00973410315866389,-0.008036235515253327,-0.00586091343916007,-0.0036562737111608128,-0.0007380634828395138,0.002057991580634911,0.001613012019346998,-0.030827035017636516,-0.015558484241525892,-0.004098756559719261,0.0007641191467150947,0.0024164639831398328,0.002803009221890013,0.002761335175712227,0.00998502627811616,-0.03100168306294782,-0.04558033772736044,-0.06724774298246548,0.0038187231193093237,0.004703539174605717,0.003067506658619536,0.009056596744454696,-0.004918055150034686,-0.008456919734867768
0.007420706038803239,0.008661228149665943,0.005764551908576783,0.0018290906383180573,-0.0009926731364486398,0.02737804658436253,0.012697175555502975,0.8558854440481691,-0.35911431888606804,0.11190964041303761,0.17977097650442084,0.15691287576617702,0.10330045628846152,0.13808705123479112,0.10524680510589937,0.06710039466365395,0.06404964394708576,0.04827022496165487,0.007421144652865048,0.03207589097870487,0.024936003455050194,0.014990498503257885,0.010094826864425976,0.00812340498386438,0.005869218376760262,0.0042012884110945855,0.0031721060891665696,0.0025718935061541976,0.002266166136498605,-0.0001934687858156207,-0.001780381957519915,-0.003756264172682363,-0.009184721484466866,-0.008894823641048032,-0.007293814412376362,-0.0060039292443956555,-0.004495561384478608,-0.004139878180967201,-0.0032314575017030125,-0.00288357770191675,-0.002570778550724379,-0.00327590624689173,-0.010588689857439944,-0.006810093003428794,-0.0007004320540940059,0.002162691211158472,0.0031280814434121447,0.00329117557297144,0.00311798528221205,0.007618566135984818,-0.04573491161773554,-0.0668302942952373,-0.04451817241886216,0.005090448016083658,0.008507051315898278,0.008500720225042427,0.00016411345278589156,-0.014251628475860274,-0.006905233987682198
0.002985067035884343,0.005919199199537298,0.006231710065365568,0.01380571699149554,0.03235577515100494,0.10706237454716659,0.1633536513968956,-0.35911431888606804,0.8137165865600708,-0.11879368320592806,0.0704590074946852,0.24176742152205422,0.004698425686703605,0.16129123313475086,0.061041789939399106,0.09181009746904135,0.08811205920688837,0.07458317322071899,0.023564109301828246,0.049063116911221526,0.04474253538332545,0.03352389411209519,0.024342774579020055,0.01815394559138357,0.013419688481863472,0.009286070596049145,0.00545603462981234,0.0023173769758129655,-0.0007309039037147728,-0.0017472175949407357,-0.0020111606661591614,-0.003942809484735265,-0.007351520861249504,-0.008875560288722807,-0.009173087390287013,-0.007501686988354263,-0.006205061511360694,-0.004060269355893652,-0.003043407756449069,-0.001553083196165143,-0.0014000602795837605,-0.003574249028219252,-0.018157310240633048,-0.008667111229510445,-0.001686034415494373,0.001226477054081631,0.0023127132787426723,0.00245298695776316,0.002359027747006467,-0.0008164904324485445,-0.04034127056960543,-0.05733545272693501,-0.023390116570620224,0.005462308658387971,0.0063458048851350955,0.00042572094048939105,-0.003851339319082022,-0.005798159497219653,-0.009957644499799745
0.006842018824332139,0.012661332038208272,0.019501554844705844,0.032647168939136884,0.05658831642379225,0.09522629836838709,0.07554140034598174,0.11190964041303761,-0.11879368320592806,0.7426767708763974,-0.010032006845308887,-0.037760166552332275,0.1905347388429482,0.044207475649340466,0.049650168610411965,0.056409092247148504,0.07321706395899183,0.0605695416235035,0.026369813117380812,0.042415707531918395,0.03233752683185975,0.021733811646279855,0.014960428977641852,0.01114692932661062,0.008893325670913079,0.007771423398329285,0.007156175502094207,0.006787593049183746,0.005586695621376552,0.003550282162355355,-0.00016324394692181354,4.8729536189012577e-5,-0.003353148146788353,-0.0053253740205812935,-0.005231097068731604,-0.004187221102492187,-0.0036178507881894487,-0.002962405081147775,-0.0031859532107699744,-0.003231412980548494,-0.00416331531471475,-0.004575746808388644,-0.0021810262172258553,-0.004540250342029248,-0.0018370300219190403,-0.00022733947496020887,0.0005429466666303199,0.0008338296839466642,0.0009067880547776444,0.007094942498583112,-0.040738789979783925,-0.06251742842007206,-0.06209755772919621,0.00235938810153036,0.004868526311614691,-0.003954472616491325,0.0027216843000790456,0.0064400836058514915,-0.004951937283550485
0.003213413400816968,0.005570573177953053,0.008242487186528757,0.014277589366300998,0.02283445147724526,0.0482151970291251,0.06964876327259703,0.17977097650442084,0.0704590074946852,-0.010032006845308887,0.5285424666251067,-0.10812395745425361,0.2776131063569336,0.03561171638291455,0.001874454514150725,0.1201923460498473,0.0635079387559022,0.06576445628317015,0.02877643385991252,0.05522720720035289,0.05309171487274575,0.0429442710302093,0.032059788366766456,0.02402209878986134,0.017821213616687478,0.012362252424306509,0.007110253106501551,0.0027264444506413074,-0.00050467915225153,-0.003693971286547475,0.00211004191759228,-0.005827469140317502,-0.006830424108796684,-0.008870721487687397,-0.00786217239149128,-0.007211249760464846,-0.005275790904168489,-0.003767789264465696,-0.0022002619833609025,-0.0010268542226743393,-0.000994035039277837,-0.00476030268609787,-0.022415813779238312,-0.006917934371289922,0.0005753424477458812,0.003165483234383215,0.003844514066812779,0.003724205835304332,0.003389149654713992,0.0055258681465679815,-0.032416918572263455,-0.04969693553190436,-0.06480941851263586,-5.5574452920236e-5,-0.006377831868808535,0.0037477772790026668,0.002550543690860047,0.006403651046455333,0.0051451365271839985
0.0021269122223688073,0.006287354250995025,0.009494012752490717,0.019005929394918724,0.03596642302749372,0.07641736698086278,0.12539451439136007,0.15691287576617702,0.24176742152205422,-0.037760166552332275,-0.10812395745425361,0.8997156886717478,-0.21167500949288665,0.1559496845911909,-0.014003685663764602,-0.08048800805021689,0.08879215617949317,0.06615291480581355,0.04817158533790622,0.050727811732792664,0.03475830858239159,0.023733472806538272,0.016995907154307776,0.012117929128106202,0.008954001764909458,0.007021930688632378,0.0060840343794393865,0.006047760145606388,0.006028795676484258,0.006349255948121638,-0.0026672748841948335,0.001596742858974359,-0.0072381455766617805,-0.00605985767218488,-0.005863275600022488,-0.0038020342524352096,-0.0034845490812192297,-0.002540890471754283,-0.0019333600451508141,-0.0008839242420733262,-0.0007792088730146699,-0.002484714481391004,-0.012734100522287592,-0.007081697680663035,-0.0008750018433415125,0.0014309814163105561,0.0021070216312004913,0.00207823397923311,0.0018937355185492854,0.008373569962458333,-0.04681368207867665,-0.0687445216265125,-0.047699736651014006,-0.00029155942354089435,-0.02056063131432121,0.0037275296540480985,0.007386266879098734,0.012615142626165898,0.016823995135949822
0.006660165880975102,0.010913094031280879,0.017916936049558595,0.027773542713502863,0.041673517816602654,0.05914271262138644,0.01810694598397466,0.10330045628846152,0.004698425686703605,0.1905347388429482,0.2776131063569336,-0.21167500949288665,0.6621840521858592,-0.14800669576342135,0.08044965260028636,0.18086889631231257,0.05711743314515538,0.058254000085286396,0.026343881383196203,0.04580260045990803,0.042136159106236026,0.03617617203508829,0.02703989680849972,0.01941460571944221,0.014479861620262421,0.010229510116628954,0.005787755921708662,0.0021116330696866986,-0.0022098915434066797,-0.005664044728139809,0.0014922371844326603,-0.007249265547793481,-0.004680236700571737,-0.009486047278987329,-0.009294206294791774,-0.009133040272970728,-0.006335399745188051,-0.00394871904053635,-0.0019473309982857654,6.274755307692297e-6,0.0002437577496511982,-0.004156693328297118,-0.026294273010671325,-0.004920118080158065,0.0025851543379077488,0.004841082924958786,0.005248640764018382,0.004874292571800502,0.004353337931396797,-0.0014285560965543,-0.017473554528551805,-0.02219240300003066,0.003181001073566101,0.009431230121079234,0.0011853580164144185,-0.0027723828530531857,-0.02392928677532426,0.01479277278989058,0.00958146996328474
0.013063736605219207,0.02250844904182871,0.0365186659153973,0.061240185135935765,0.09881086567972201,0.14491264517595706,0.1432038245919239,0.13808705123479112,0.16129123313475086,0.044207475649340466,0.03561171638291455,0.1559496845911909,-0.14800669576342135,0.6018035897404084,0.13352997744754988,0.09621941143998726,0.009773526984248602,-0.041356807725601206,-0.053064146974530414,-0.003649453956181447,-0.0012083690416941624,-0.0006015636107789946,0.0011083965048874912,0.0019816089059270492,0.002085216370433924,0.00206843244163167,0.0023272150216142582,0.003050210568704679,0.002362517308308116,0.0026457925388468904,-0.003498866182984228,-0.0007309401542546594,-0.007561969470972738,-0.007652935311429492,-0.007715430268404209,-0.006243450721742282,-0.005166349339830325,-0.003937912231612082,-0.003050472513790589,-0.0019243769670998913,-0.002113879424092409,-0.004342235596292802,-0.012858313893595288,-0.010388178123069695,-0.0033720258200585183,-1.0250745210983721e-5,0.00142042250011005,0.0018419863974264625,0.001931163998061274,-0.0090207429104945,0.018049141370192878,0.027622761405941262,0.005476681417674762,0.004583298108833181,0.0017954560111346496,0.0015935800580811176,-0.01549013279279565,0.0004422452797288097,0.002825203593979865
0.01488557003195405,0.02320378470846716,0.037976204592106544,0.059465273422959396,0.09056724455013385,0.11734090921107548,0.07768215031922708,0.10524680510589937,0.061041789939399106,0.049650168610411965,0.001874454514150725,-0.014003685663764602,0.08044965260028636,0.13352997744754988,0.9653397099378453,-0.36306149860925324,-0.0472495480943183,0.09549401313856097,-0.0021867624463731204,0.04053294915871835,0.037144822372432496,0.029446323003165933,0.02163492058472587,0.017097371977596223,0.01465915627055984,0.012765161854655215,0.010149255955878634,0.007726106809890735,0.002526360658023773,-0.00129859697565173,0.000818028774681363,-0.006467173218450843,-0.00570541488771896,-0.010030298485863828,-0.009313009302505731,-0.01054834204243306,-0.008253976252543411,-0.006673011265880306,-0.0048798128663852325,-0.0035947470472188917,-0.00437521568957967,-0.009308873621214143,-0.02140472478472016,-0.011233398558663094,-0.0016593556371932677,0.0023509573156716545,0.0038712220911639303,0.004036607862801692,0.0038505797452863073,0.0037708128595686646,0.033891146493199756,0.04559224945473395,0.04799049886678623,0.0009314242493544258,0.0102425181435415,-0.0042608022476665645,-0.030602896451055673,0.004076160373542962,0.0037780014598218126
0.011141046516597896,0.018481258925019953,0.031407415117757374,0.05214610917806159,0.08663526290565966,0.12523408081848966,0.07264689563338635,0.06710039466365395,0.09181009746904135,0.056409092247148504,0.1201923460498473,-0.08048800805021689,0.18086889631231257,0.09621941143998726,-0.36306149860925324,1.1279172997535158,-0.07677345562909335,-0.03595769771240961,0.046533619414499634,0.01082030201759774,-0.01719855202035395,-0.0196830980507289,-0.017554626806621072,-0.016450789322616673,-0.015986907821651783,-0.015878071853088004,-0.014398104262736511,-0.010949214661717539,-0.005713855692141899,0.000592067871487307,-0.00017882236836059992,0.004437106947125991,0.0017452069754319295,0.003982646617685549,0.0030044673608903413,0.004492067598348764,0.0049935294303099665,0.004686452214568438,0.004211628561954392,0.0037584810218310527,0.0026915933661832195,-0.00040088005434679464,-0.004423016303639614,0.008185949058113455,0.010425426605157715,0.009489044761597976,0.007981954408470018,0.006529969213234473,0.005340355750564644,0.0035662550282983163,0.02671726885953726,0.03436213813030497,0.037145267002733295,0.0011880719741730378,0.013189169153707348,0.0024313680020820938,-0.02856850607896008,-0.004927051618470606,-0.001000914496115012
0.008983731704292338,0.012951956745507719,0.02263373192916502,0.035673613042862255,0.06197083692307072,0.09648088118152583,0.05306307171591148,0.06404964394708576,0.08811205920688837,0.07321706395899183,0.0635079387559022,0.08879215617949317,0.05711743314515538,0.009773526984248602,-0.0472495480943183,-0.07677345562909335,1.3298444404660998,-0.11741095376922397,-0.08732091922263388,-0.06292151228333996,-0.02724195847745044,-0.00827665846640122,0.00018769510519247426,0.0028274494880806598,0.001963292588259486,0.0004897606352903728,-0.0009677138450909962,-0.001292736080283216,-0.002556280328997221,9.362787500079661e-5,0.0013679223739293664,-0.001370972075000254,-0.0011753416843923318,-0.004144432519968945,-0.0038519536145985764,-0.004535690524543835,-0.0033372537332471506,-0.0027713317983036954,-0.0019540840808195403,-0.0013451202824567277,-0.0017218548732345247,-0.004664066763940937,-0.012732207593706952,-0.0032914259331551965,0.0006782713538629574,0.0016940002864206246,0.0018196728003906683,0.0015535280884483374,0.00128731067212262,-0.003915379874853917,0.004745392019025418,0.00835038209662051,-0.014398354801325257,-0.0060572703574471535,0.020988403791957665,-0.004758839336733749,-0.013732810259114896,-0.015892910327851287,-0.008088050938014148
0.006444178388558816,0.010156535775837174,0.018352307439786088,0.031102746058032385,0.05665078139388723,0.09409061090434616,0.04767339228062327,0.04827022496165487,0.07458317322071899,0.0605695416235035,0.06576445628317015,0.06615291480581355,0.058254000085286396,-0.041356807725601206,0.09549401313856097,-0.03595769771240961,-0.11741095376922397,1.3734202021989264,-0.019565390990197894,-0.1116689836303628,-0.08167063209486977,-0.05162711785855905,-0.03300987239756839,-0.024343851498761546,-0.021476519195190828,-0.02084608377740525,-0.01934466909820574,-0.016674883457057775,-0.006927009926934282,-0.0008872331225017351,0.0009356679158311049,0.00668401438678922,0.009483998266563019,0.013578233232720513,0.011188842411919126,0.011663328988937472,0.008649502835474335,0.006412700843159958,0.003564352760908357,0.0012324730755927606,-1.8786463254040744e-6,0.0012571855591934202,0.014960911575031979,0.015398965923118988,0.007602472422921378,0.0026776242345382248,0.0001711777358199869,-0.0009187944851670102,-0.0013960713314243758,0.0005121081997441342,-0.01313921873484805,-0.016907307480669195,-0.03185530764632921,-0.013531378929263817,0.0059895383456198496,-0.004740148668488564,0.010026747408369459,-0.014677537143367041,-0.007601131743032859
0.006113255179191374,0.009764363321136123,0.015946590797536072,0.02494830928308931,0.037331491268652275,0.0448405545518716,0.007541942254374774,0.007421144652865048,0.023564109301828246,0.026369813117380812,0.02877643385991252,0.04817158533790622,0.026343881383196203,-0.053064146974530414,-0.0021867624463731204,0.046533619414499634,-0.08732091922263388,-0.019565390990197894,1.455222042764891,-0.04862119747385367,-0.011736178339135466,-0.00726893442463504,-0.006595099011961839,-0.003739891453039228,0.0011478916063897772,0.006101258732620645,0.009321733410170487,0.010693060272958263,0.005601117539315457,0.0008135118480209345,0.00392245452801341,-0.001469777905604736,0.002043987122051667,-0.0009018968321877884,0.001342889830043214,0.0003225547994637785,0.0012845879510432893,0.00032658617895155623,-0.0011245015870740666,-0.004030040808908931,-0.007627760084670287,-0.008450825717293475,0.014634592067815597,-0.002390573302946797,-0.002181225415938201,-0.00035492472876507,0.0009129238531965564,0.001521049014054326,0.0017304715127193864,0.0030218163236827556,-0.025130163607556603,-0.03875108319524987,-0.04963988358620963,6.409295286333553e-5,-0.0002976038064343664,-0.0028654631584859166,0.003984151637087683,0.003048587443785512,0.003096466879617375
0.004396102712348897,0.006619516776408873,0.01262850483269967,0.021171700276526317,0.03838944294748134,0.06330861938164477,0.03286072533517613,0.03207589097870487,0.049063116911221526,0.042415707531918395,0.05522720720035289,0.050727811732792664,0.04580260045990803,-0.003649453956181447,0.04053294915871835,0.01082030201759774,-0.06292151228333996,-0.1116689836303628,-0.04862119747385367,1.4809118094180025,-0.09919406312914175,-0.07038868739245369,-0.05038449813539752,-0.03418884065698559,-0.020209734632445915,-0.009926457429552829,-0.0030808131216558776,0.0008564543436058158,-0.0023008575329792457,-0.0037436642350441346,0.0030608807892840745,0.0030486066406719505,0.012209410820467332,0.010467491755664741,0.010102075452775033,0.009726215114241618,0.010223852262627882,0.009404977488071405,0.006844318871995276,0.003711926626894141,-0.0007163431134743339,-0.002972948465517595,0.014497248150337792,0.0073598507523289745,0.006724366686690605,0.006672707410038811,0.006313944427628514,0.0057389131208029015,0.0050679280901788784,0.004242032655242224,-0.020036808748574112,-0.027485683990724156,-0.03580405216075539,-0.005201195970401405,-0.003683917594747059,-0.007246783498131783,0.009604469609717586,0.010045595026369718,0.004729954368241816
0.00451120301807872,0.0065791494550040104,0.012634709216307494,0.020691077758780683,0.037586750330163676,0.058489350267466725,0.027090247707002097,0.024936003455050194,0.04474253538332545,0.03233752683185975,0.05309171487274575,0.03475830858239159,0.042136159106236026,-0.0012083690416941624,0.037144822372432496,-0.01719855202035395,-0.02724195847745044,-0.08167063209486977,-0.011736178339135466,-0.09919406312914175,1.5020747679290591,-0.10287215404847867,-0.08382959511156723,-0.06524480472297736,-0.047391379934392026,-0.033649871707152605,-0.02254259427820474,-0.012792475291049545,-0.003483757991269995,0.0034209735117775326,0.0015159604876627062,0.010434547117982924,0.015736531099394723,0.018056460317004492,0.016875700631094247,0.017258570855083782,0.015630047435687192,0.013601587598479657,0.00989468968082049,0.006478153547099505,0.003419221371895319,0.0020060601248695856,0.013777975494245396,0.028386270269429872,0.024594065823119775,0.01943369725906979,0.015122563044596925,0.01178141752299461,0.009248710279115982,0.0029310921726710864,-0.013620587716531001,-0.018260341655248438,-0.02190935591676734,-0.0064877011457257034,0.0015771548623094093,-0.004872484293028186,-0.001689971769002574,0.008113721090189567,0.004096007767603742
0.0030544256931258522,0.004546265396300116,0.008821344065303233,0.014479818505145039,0.02606450997177061,0.03883430386158066,0.016645396630679935,0.014990498503257885,0.03352389411209519,0.021733811646279855,0.0429442710302093,0.023733472806538272,0.03617617203508829,-0.0006015636107789946,0.029446323003165933,-0.0196830980507289,-0.00827665846640122,-0.05162711785855905,-0.00726893442463504,-0.07038868739245369,-0.10287215404847867,1.5213903439590033,-0.08441126739618063,-0.06870694908872325,-0.05250044938447435,-0.03974619366124432,-0.02875528621153311,-0.017914792714362044,-0.004017372011602449,0.006411307346119269,0.0018347313296111878,0.013013110202352712,0.014776912612068142,0.019111057745764524,0.017820470941789488,0.018671163140914628,0.015861492637173992,0.013182828262023867,0.008332178132262065,0.004197561529783053,0.0008505248407004609,0.00031660405091312366,0.016366597148290134,0.03840980916147408,0.03377489215587581,0.026696150737547938,0.020693286102337876,0.016026317213586962,0.012507547725437681,0.002242692715572928,-0.009438765804043367,-0.012928575962820122,-0.014010239096626383,-0.004792949813698249,0.0010226269227617175,-0.0036075662217676424,-0.0012125830265568268,0.009855530783040294,0.0039038758309595085
0.0020154064517585724,0.003204563319713075,0.006275737874101685,0.010541768896625059,0.018548663646875598,0.02641931320878984,0.012566556191423587,0.010094826864425976,0.024342774579020055,0.014960428977641852,0.032059788366766456,0.016995907154307776,0.02703989680849972,0.0011083965048874912,0.02163492058472587,-0.017554626806621072,0.00018769510519247426,-0.03300987239756839,-0.006595099011961839,-0.05038449813539752,-0.08382959511156723,-0.08441126739618063,1.5429956100615196,-0.0665975725501159,-0.055214808967440285,-0.04627698907760177,-0.03788327909254414,-0.027922855175544714,-0.009489010701063111,0.005575239746157823,0.001789913450644466,0.014915407702891752,0.013537121519481074,0.019993150615874946,0.01773654292209256,0.019052588603679782,0.014663885004034047,0.011558602135568852,0.005703678141128412,0.0013245224893515142,-0.0019041533684220166,-0.0009840826239681435,0.017948927999839416,0.04868680138326063,0.04233412864144898,0.032857781447393306,0.02500498075300353,0.019080042033236752,0.014678263428318336,0.0017283660711632201,-0.005585915653954103,-0.007636553073812659,-0.008195440313848978,-0.0030496907423539963,0.0020853367249908075,-0.003391225043851648,-0.0005784999152136287,0.007594067694755995,0.002232720708017803
0.0014623919772016763,0.0025031011765699095,0.004929289742699265,0.008499280934836434,0.014727764978285691,0.020746969683334907,0.011546108297471058,0.00812340498386438,0.01815394559138357,0.01114692932661062,0.02402209878986134,0.012117929128106202,0.01941460571944221,0.0019816089059270492,0.017097371977596223,-0.016450789322616673,0.0028274494880806598,-0.024343851498761546,-0.003739891453039228,-0.03418884065698559,-0.06524480472297736,-0.06870694908872325,-0.0665975725501159,1.555619924185443,-0.05988603083211496,-0.05728353895270079,-0.053498415323349806,-0.045646652785685964,-0.021391125661613147,0.0015341768291411162,0.001818919097656773,0.017392895023826422,0.012731141548780099,0.021603081972770603,0.01723419524472091,0.019122094563587915,0.012855847115351421,0.00957454443484506,0.003009825659839199,-0.0009460102790432095,-0.0032898338798403857,-6.762001029590364e-5,0.01943095433249567,0.06182156864072956,0.05292178511111013,0.0400944225575984,0.02973273835525639,0.022189074971044536,0.016691894699551905,0.0013987913394641314,-0.0029945635704035152,-0.003963298265839545,-0.005187345661215316,-0.001804643138967626,0.0028282084612373045,-0.003554959028299113,0.00264512706706395,0.00368761736512243,0.0006326637752060239
0.001384225696950972,0.0021675049645534976,0.004152183919654583,0.006971347919218107,0.01214105274358178,0.017686207051717834,0.007970524883543663,0.005869218376760262,0.013419688481863472,0.008893325670913079,0.017821213616687478,0.008954001764909458,0.014479861620262421,0.002085216370433924,0.01465915627055984,-0.015986907821651783,0.001963292588259486,-0.021476519195190828,0.0011478916063897772,-0.020209734632445915,-0.047391379934392026,-0.05250044938447435,-0.055214808967440285,-0.05988603083211496,1.5549659703951257,-0.07040191047410062,-0.07334937550271955,-0.06918412365730643,-0.039184250918238135,-0.0057210985125086865,0.002451305120999335,0.02016129713740101,0.0118226313550868,0.022274103498528718,0.014222039762234564,0.017106109167576856,0.009579878448011774,0.007210076332072983,0.0008140595571048296,-0.0013617310875870378,-0.002046925443502031,0.003783576216170804,0.020105053819964615,0.07677612721275937,0.06598850781805284,0.049597201974180063,0.03629597305404591,0.026711635219287544,0.019776415715831018,0.0007004512755497494,-0.0018045934238103303,-0.0017654683551093736,-0.0048810555100752264,-0.0012032262295739856,0.0011706239915235167,-0.004256990662318936,0.00760442880913118,0.002265542557875601,0.0012936262265166511
0.0016905179816375346,0.002332408402243275,0.004151291008741268,0.006470562254029957,0.011014163826246601,0.016331711613026302,0.004714351424970594,0.0042012884110945855,0.009286070596049145,0.007771423398329285,0.012362252424306509,0.007021930688632378,0.010229510116628954,0.00206843244163167,0.012765161854655215,-0.015878071853088004,0.0004897606352903728,-0.02084608377740525,0.006101258732620645,-0.009926457429552829,-0.033649871707152605,-0.03974619366124432,-0.04627698907760177,-0.05728353895270079,-0.07040191047410062,1.534341800045883,-0.0965061819628375,-0.09763042607502065,-0.06302557355565204,-0.016717672759551598,0.0033744483774025623,0.023436565872612686,0.01178751576084623,0.02159697058977816,0.00728928457155578,0.012050019318244986,0.005226737057571099,0.006093668968730069,0.0018840637401641939,0.00396324366723462,0.00599178077984799,0.014454221062803169,0.026241104046489515,0.09263756292703056,0.07994753424335956,0.05999833688257901,0.04368644082985599,0.03184730528971261,0.023295058402193473,0.0001200406514692364,-0.00103304052909191,-0.000289235779467485,-0.0053954793374153065,-0.0006919109104911449,-0.0008649311928187977,-0.005250309805280359,0.012948686301280226,0.003605306659348101,0.0036484406464396884
0.0020472590126784838,0.0026070817072879906,0.0043726002489035765,0.0063248951670962904,0.010354395900976185,0.01522179753054694,0.0022202749875738837,0.0031721060891665696,0.00545603462981234,0.007156175502094207,0.007110253106501551,0.0060840343794393865,0.005787755921708662,0.0023272150216142582,0.010149255955878634,-0.014398104262736511,-0.0009677138450909962,-0.01934466909820574,0.009321733410170487,-0.0030808131216558776,-0.02254259427820474,-0.02875528621153311,-0.03788327909254414,-0.053498415323349806,-0.07334937550271955,-0.0965061819628375,1.5028459158721152,-0.12514470221829005,-0.0906822497487847,-0.032455698644906376,0.0038773286900413997,0.023876086650072684,0.010856111544442645,0.016702839583798437,-0.005231858705033636,0.0021066178844517942,-0.0010450569578769645,0.006042803108979651,0.006694378173054493,0.015612990778719495,0.021493743885781822,0.032626464695911184,0.04021238953525318,0.10666647276520472,0.09141959583014833,0.0683843487805042,0.04958271337759173,0.03583095272161484,0.025919019705278004,-0.0004519833243805392,-4.445332211870037e-5,0.0014400494768855845,-0.006095429732430557,-0.0002581372415330064,-0.002589330332174181,-0.005927624050791633,0.016084266094264745,0.006348275463595572,0.006743764284453591
0.0022153668251753455,0.0027023666279257126,0.00434806488893687,0.0059309553581620095,0.009395379375924771,0.013717995459020436,0.0001453606321580538,0.0025718935061541976,0.0023173769758129655,0.006787593049183746,0.0027264444506413074,0.006047760145606388,0.0021116330696866986,0.003050210568704679,0.007726106809890735,-0.010949214661717539,-0.001292736080283216,-0.016674883457057775,0.010693060272958263,0.0008564543436058158,-0.012792475291049545,-0.017914792714362044,-0.027922855175544714,-0.045646652785685964,-0.06918412365730643,-0.09763042607502065,-0.12514470221829005,1.4771034720464593,-0.1169159234287289,-0.05380298972034754,0.002729080754215834,0.014255851137344656,0.003257231458539665,0.0027955228601237257,-0.02397495111415349,-0.013740491380831665,-0.009793789281720245,0.006328056767874575,0.014662460049174616,0.03199732884529185,0.042616809436687095,0.05613779615628295,0.05900889620644001,0.1169053998201024,0.09816540428991573,0.07263871476624245,0.0521874492030492,0.03735576414721016,0.02676224577419838,-0.0011640227473412841,0.0006172252829745018,0.0024329467516551436,-0.00753502682671406,-0.000293778995813795,-0.0035904585459434805,-0.005999329883987777,0.017068945298619236,0.007941214797686984,0.008993496835567986
0.00230871803246122,0.002807931978108235,0.004350794585627629,0.005721536945475986,0.00860026323097784,0.011945835036371711,-0.0014907896346629762,0.002266166136498605,-0.0007309039037147728,0.005586695621376552,-0.00050467915225153,0.006028795676484258,-0.0022098915434066797,0.002362517308308116,0.002526360658023773,-0.005713855692141899,-0.002556280328997221,-0.006927009926934282,0.005601117539315457,-0.0023008575329792457,-0.003483757991269995,-0.004017372011602449,-0.009489010701063111,-0.021391125661613147,-0.039184250918238135,-0.06302557355565204,-0.0906822497487847,-0.1169159234287289,1.4949100962266864,-0.08131028547885824,0.001092441190766061,-0.024287271517144382,-0.029210194538623755,-0.03147634987696281,-0.04383946394184982,-0.031239192448495323,-0.015079234510872218,0.009495271467578397,0.0278544121120952,0.05140448916568799,0.06461706785576804,0.07377658753644868,0.05976152841773339,0.09501506658449037,0.08095996016511267,0.0612078684334762,0.044908990624546244,0.03291980565568468,0.024247315496618786,-0.0017855881449315106,0.0010507955081898175,0.002396758851347384,-0.00922354308007126,-0.001753721569493391,-0.0021641217074793015,-0.003526904020764346,0.0102609020948238,0.0071002610979414935,0.007843726632299548
0.0021407980420796845,0.0026364316181092676,0.003974251848794292,0.004990569523115795,0.006821157789461277,0.007867401826497505,-0.0028214394339129765,-0.0001934687858156207,-0.0017472175949407357,0.003550282162355355,-0.003693971286547475,0.006349255948121638,-0.005664044728139809,0.0026457925388468904,-0.00129859697565173,0.000592067871487307,9.362787500079661e-5,-0.0008872331225017351,0.0008135118480209345,-0.0037436642350441346,0.0034209735117775326,0.006411307346119269,0.005575239746157823,0.0015341768291411162,-0.0057210985125086865,-0.016717672759551598,-0.032455698644906376,-0.05380298972034754,-0.08131028547885824,1.530877877819438,-0.004175948120776626,-0.09446705281404766,-0.11742806266322237,-0.06553619165891829,-0.01752543898346649,0.004598023385557343,0.015543531081933085,0.029083299838102313,0.04080160789832354,0.057004170130410925,0.06671113883158654,0.07279966081527398,0.042729522208200976,0.0549152099335094,0.041150449296322826,0.02950902450600931,0.02117591692513743,0.01556485259221382,0.011648994594653636,-0.0022067328735521467,-0.00029466668968858225,6.722552489893774e-5,-0.0069596302750243475,-0.0033788703650261564,0.0009953034308399365,-0.003661569061835318,0.0032695165542400624,0.0015362078009913324,0.0024065049210455335
0.001919934026820652,0.0024473520421169626,0.00359571442368028,0.004516353014410778,0.0059828435477322995,0.006221876853927809,-0.0042739623469928555,-0.001780381957519915,-0.0020111606661591614,-0.00016324394692181354,0.00211004191759228,-0.0026672748841948335,0.0014922371844326603,-0.003498866182984228,0.000818028774681363,-0.00017882236836059992,0.0013679223739293664,0.0009356679158311049,0.00392245452801341,0.0030608807892840745,0.0015159604876627062,0.0018347313296111878,0.001789913450644466,0.001818919097656773,0.002451305120999335,0.0033744483774025623,0.0038773286900413997,0.002729080754215834,0.001092441190766061,-0.004175948120776626,1.5744717586638755,-0.0018634930413610907,0.012654455824270085,-0.00857612035921419,-0.020210343806647768,-0.012745720265989179,5.729223872110622e-5,0.010674737548717377,0.016924844009725777,0.020755295592123312,0.024591985756702857,0.02669079409777899,0.016305983990895775,0.003835367688744028,-0.007472572080821914,-0.011396180711790965,-0.011921097947189256,-0.011215279375123144,-0.010052297207855406,-0.002529600252147763,-0.003336083884890647,-0.0018462553717305608,0.006434286277630723,-0.005009795145546579,0.0014342514650491336,-0.00041720403201033857,-0.0018025374622246376,-0.005451724503738095,-0.004033218297291765
