0.7473222495459352,0.20093201295457194,0.29572681250400257,0.02044666252107537,0.029409597759038678,0.04161751268544831,0.17670619123021256,0.008122717111506427,0.10181773831874848,0.09121865871471145,0.04230284158938486,0.08672585721704093,0.046110661922317234,0.08602143904574397,0.056524279301890724,0.06795939533033783,0.06912658731427561,0.07398128284571395,0.043812882811457586,0.024907396804760576,0.07182869876351086,0.07879992680330562,0.02549398856557646,0.0727905335385454,0.10049713733404687,0.024514947766339577,0.05865327543133793,0.03976310873943501,0.07582855473411518,0.05501533834482334,0.11496878077967798,0.05338720648136756,0.1224928259014877,-0.022089675733532266,-0.029374149874340613,0.12210198627361936,0.10003557294942068,0.12014683200791058,-0.0049655419274558694,-0.08050628987794345,0.027543366728152274,0.06029496293060551,0.015046429653587901,0.015950232159682907,0.1084176536804306,0.17493890843291748,0.07961766888659315,-0.13307028299413004,0.04765333104122456,-0.04743181785311722,0.00411089172251515,-0.038784802842682174,0.08394637203388972,-0.04596062371625006,0.16707039283087127,-0.014533984787773332,0.03995949183451917,0.2451389979395305,-0.42138847800081014
0.20093201295457194,2.5843566902478803,1.0581984035841323,0.03899141510152794,-0.09615142161678372,0.07995141554623811,0.07601177908141829,0.38763568137144283,0.09907284330686013,0.3859205306972066,0.20099923955536417,0.18754655182578847,0.15797357545807503,0.17033710660389653,0.24724339356998207,0.1863118078305556,0.26511805655457615,0.49653063039918477,0.16269202027156257,0.4360338283400998,0.2534616991688256,0.15446163492629397,0.22515616335681332,0.2550838788389996,0.4433300624011213,0.11952294494683158,0.25374549549689185,0.10402220708023578,0.415430866221793,-0.07730785477638877,0.2579782382303534,0.3144847688167061,0.1271617741249076,0.44314561822168164,0.30901253388700606,0.532563958772317,0.6208818321657721,0.1718757155228491,0.32966798492364935,-0.2877974683447493,0.21609755838870423,0.24775789391371122,-0.2409236108869904,0.021852442607935542,0.08422103917915821,0.4790188598237923,0.17155562881788206,-0.2785862402452232,-0.21774965541570362,0.28348408579701545,-0.07900713115270121,0.09924564182732447,-0.16360677244107322,-0.18872182599131776,-0.7310934945375275,-0.18372064073345568,0.07286762928323895,-0.2989081706556271,0.853376299766185
0.29572681250400257,1.0581984035841323,2.066179543030582,0.04114639302663478,-0.2954918511212678,0.09676762414569653,0.11156643522068714,0.5926066605659309,0.2682265554740212,0.3907527676984867,0.18281232182669208,0.22400505340594615,0.1871287875309556,0.16845583967678823,0.2662675830852363,0.19725216538733287,0.3036349501044548,0.3956629133579641,0.181493896701865,0.2327192403413107,0.24369719994221276,0.26073696792035067,0.2946854570393724,0.20039545624810115,0.4604971744531833,0.27842369898414426,0.18951061286356366,0.004797812065378193,0.4673073609970637,-0.33082619274846947,0.23408839634864428,0.21857272342269643,0.2594800885197839,0.40025398297492304,0.13995525252248386,0.5501695483141786,0.6908136404014125,0.2725559981825749,0.21849244283591077,-0.7278092367505512,0.2609665683683252,0.20631191465045187,-0.29331113636594025,0.02357160489543641,0.14810803117272242,0.7158374632961431,0.27295743147666646,-0.38751973209581553,-0.4086555258187284,0.28229163102748295,-0.12437971588366636,0.23283256202647734,-0.08434580636804967,-0.3532662326748848,-0.21623837866103512,-0.041846126023856685,0.015207583953364991,-0.36775583105040116,0.41535223429237317
0.02044666252107537,0.03899141510152794,0.04114639302663478,1.1146939582634126,0.38660436465225945,0.32940672007687805,0.2929011839481181,0.08750205906570521,0.17830006010290314,0.137776782466948,0.21013958941953584,0.2274491789614499,0.1391237959844168,0.24078059068579602,0.1435231175045154,0.1986309456152167,0.1668673971978623,0.08490038327043177,0.055828861582721975,0.14860736030485094,0.13298719124062672,0.15810729677871907,0.05994813133663125,0.10401199878797021,0.1297756145969093,0.19245356460602675,0.15100942161167527,0.11068710073650447,0.1683225985921955,0.02785549561602506,0.13316635959003725,0.17054346517563188,0.07012360368570608,0.21049787357197225,0.14348541355868802,0.14041523377863452,0.16141383432886033,0.1302234544669999,0.07186576815252822,0.1497833812869903,0.031936395321855084,0.14669739061345022,0.04797223610268999,0.09417881237403074,0.10976090990213357,0.09237167701929093,0.1403135234819467,-0.1034258343070032,0.08151419737719638,-0.13165994306313344,0.011363094113695432,-0.000531529836652814,0.03707968669536173,0.06660781895492299,-0.029131576914525736,0.05486655551219786,-0.11896563549839112,0.083747918529585,-0.014842764596700272
0.029409597759038678,-0.09615142161678372,-0.2954918511212678,0.38660436465225945,1.1613902391404203,0.5360230982281572,0.1542450156952909,0.010042427124319901,0.2522525047772914,0.15796432977931635,0.22029980482625258,0.20601068503891432,0.15087784376268254,0.19776204808313208,0.17594980434298954,0.19652615786017635,0.15181759410766096,0.07433501361314294,0.06443190794214433,0.1746500440559554,0.1393705649487381,0.16403527483068459,0.07700142287652774,0.14834099486513613,0.14337142089598642,0.22507135232872572,0.16022705924600963,0.06587891794932459,0.19276700754019702,0.09885302213768649,0.15375877869094642,0.23565297117980324,0.06586068254142803,0.28497254349322815,0.1752255382723724,0.1304248364542067,0.24859200916692767,0.13996455870889907,0.0450813604202021,0.3335820357239894,-0.005000733526396564,0.17370411403966987,0.09130904521179237,0.0640844691660249,0.16376131874652655,0.07103011887978061,0.23934469035224845,-0.058346164079004,0.24451664041754437,-0.3190198112054099,0.2632259048485445,-0.05536469803517594,0.21582533719858607,0.05282690422617941,-0.035807506343708044,0.028593703554757762,-0.07306465959461313,-0.06357197933590727,0.11443586983251086
0.04161751268544831,0.07995141554623811,0.09676762414569653,0.32940672007687805,0.5360230982281572,0.8430970293030635,0.1181737458277651,0.11841781234350789,0.245226833146128,0.17812802408874048,0.26636031862913884,0.21398961665723937,0.15070245897761086,0.2177729557126282,0.17110263821057392,0.2002682339841887,0.21895536543032,0.1253709446482993,0.1104588288127072,0.2208728654614722,0.15064680743974576,0.1874842004132723,0.054580964804066906,0.09010932630183265,0.1562511155289703,0.29252043114628684,0.1681988961745522,0.11811986236337949,0.2731705374574445,-0.07804054444669076,0.15254557335078417,0.22516579029621403,-0.007306260922296559,0.29578858204709696,0.2123127189455841,0.09796526935963619,0.22622446541805058,0.15746342714923459,0.16142329468594505,0.16385702812586025,0.02671880651735882,0.16528505464188734,0.1064198866709089,0.048167965231812944,0.13290898589273709,0.06961525588728153,0.27570325608628166,-0.06652260184906883,0.21794117000095173,0.10216882963370225,-0.23398560858422698,0.20227960434796766,-0.21853212408610476,0.07187886565598611,-0.04753768203995962,0.037249638671350956,-0.10274855807442557,-0.023990048260514197,0.09143778932446317
0.17670619123021256,0.07601177908141829,0.11156643522068714,0.2929011839481181,0.1542450156952909,0.1181737458277651,0.6527993446149405,0.04459188447577468,0.2490081877569639,0.15742516746120178,0.16996488802709048,0.26834538922570506,0.1390805282258825,0.18195897390787777,0.10032724225951294,0.1900462728344741,0.1774081691536069,0.10681383777115516,0.013318895495519482,0.08279599358196554,0.1221682924319062,0.18732308182611138,0.07472140302628227,0.08954002129340403,0.13223108106349604,0.17677193176792644,0.14458728807711635,0.08694233596116908,0.1346186469232574,0.0597385624031218,0.13412387688959457,0.11911521972923231,0.1364902778523269,0.13685167108687704,0.07938252197030926,0.20754775995699995,0.09926214418889687,0.09894213253625604,0.05370467720013497,0.0692535754679629,0.010381455469353736,0.13104118807617746,0.0002503102373635533,0.046406322525206475,0.05861178181993115,0.15364447216433177,0.012410601593428015,-0.169013550819076,0.22233170384251164,-0.16393268057650653,-0.021160572209440898,-0.02254689059599075,0.08361057469438095,-0.017634979774247606,0.06467235256414543,0.12634199372495383,-0.09834492050744433,0.222005608135313,-0.42749043551996424
0.008122717111506427,0.38763568137144283,0.5926066605659309,0.08750205906570521,0.010042427124319901,0.11841781234350789,0.04459188447577468,1.0223141106027633,-0.002582419972015478,0.2768085797433073,0.302640076722707,0.2601300368177355,0.23738062085886427,0.23153047594935575,0.24788479475656772,0.24078408926081424,0.274171748582855,0.33957157973540886,0.20256946859728403,0.2840494994025409,0.22955585298970085,0.14571964894956738,0.2733231916657222,0.12507438393748585,0.26532439372612876,0.28899220184731583,0.18123269969750322,-0.16059945643587376,0.43965920614602194,-0.06017772591978755,0.10867688314497272,0.04413133511074149,0.17956738103448752,0.3324777619190943,0.1967012709572929,0.19893706010330886,0.4312786334274787,0.15313539216346073,0.3694160806742336,-0.0753139512593433,0.18622846950453353,0.1969320027948772,0.009563198083080619,0.010631612373124655,0.05039404016171659,0.3301885108388755,0.4693402802730718,-0.09146802781812008,0.27720367332085544,0.2539693617056948,-0.12000607939953833,0.2247856133615633,-0.14254970652314491,-0.17183561874290743,-0.10645753664995737,-0.07841025650719366,-0.17643592361183097,0.543002591898604,-0.2193885801218043
0.10181773831874848,0.09907284330686013,0.2682265554740212,0.17830006010290314,0.2522525047772914,0.245226833146128,0.2490081877569639,-0.002582419972015478,0.724443171132732,0.07548306655598122,0.10571509922109316,0.11819323919387903,0.09519457476285711,0.17784062322696845,0.11912004361697427,0.10089203298419586,0.14816473334492491,0.10755679317328107,0.008926640572270163,0.09414717897962095,0.13911084503864019,0.2809555137613814,0.07343109015932456,0.13536313999164357,0.11037975432169858,0.32013668368622544,0.1124871684520535,0.11784873705891435,0.12801619911178716,-0.018930649101188458,0.2119658606997725,0.2173939573113709,0.17969428882201044,0.1275551154802164,0.08374361500102119,0.20707779239863627,0.24424386051619115,0.13730364285327482,-0.02624931152197784,0.019824803800909823,-0.02715503543398143,0.14993060468305716,-0.01098505466670032,0.04972449806362002,0.1508677733309701,0.17299761422543292,0.09398024909678979,-0.17618526399556217,0.12062039397348166,-0.1417945971319739,0.054312117329002776,-0.03477296020979927,0.06845162022754567,-0.03353474030496505,-0.00948456159105909,0.09682978127405853,-0.012159192062552018,-0.198468086244318,0.04366296051727809
0.09121865871471145,0.3859205306972066,0.3907527676984867,0.137776782466948,0.15796432977931635,0.17812802408874048,0.15742516746120178,0.2768085797433073,0.07548306655598122,0.7323659616477199,0.24426642167077792,0.24917205680169652,0.1594817104687584,0.13368046757101598,0.26633275991183786,0.2040520881662459,0.26337663957706836,0.32298246715211054,0.11216044296747267,0.1418167393185804,0.154484794698894,0.17846917148476985,0.28029316861176745,0.14354704501882118,0.35081186322066066,0.20501983976650937,0.16878249618140037,-0.015676971053347654,0.4262934411115436,-0.006201338808369526,0.1472619422776565,0.16370466446538692,0.0684337863700962,0.4275264881105061,0.3199554705639587,0.34731192667037813,0.33837694576949934,0.025985179533943345,0.2350052671421921,0.001317524147419089,0.17992615499835957,0.1733926707243645,-0.1519659606074398,0.0502281111155499,-0.03303253103103915,0.30590263951744256,0.33892149449429837,-0.2234818763648889,0.08831485465868001,0.12574814727353897,0.012374884653083791,-0.05449292355449798,-0.08236507895661316,0.003919543788042569,-0.1873207094588556,0.016193839993383512,0.10870448664557915,-0.41522803330464986,0.3867914578726378
0.04230284158938486,0.20099923955536417,0.18281232182669208,0.21013958941953584,0.22029980482625258,0.26636031862913884,0.16996488802709048,0.302640076722707,0.10571509922109316,0.24426642167077792,0.4618986089345651,0.2686487358728124,0.21756512269474293,0.17772903707265555,0.23711061260018015,0.2119595116811907,0.2614065823792346,0.20202915397496668,0.10527176257496736,0.2509364714749266,0.18787554546204444,0.1655416350776703,0.16614015161698897,0.15349178878640238,0.2599616952729902,0.1979527706705083,0.18742125012700844,-0.01580837351550795,0.3502369388537214,0.03835279022583808,0.12860920905055215,0.16175997841779494,0.13279743518907283,0.3108667592018077,0.20406916210021459,0.23787624366114196,0.2731666513427907,0.1362341833145456,0.23315845433393667,0.11607852992093107,0.09679312589742148,0.1939198244740259,-0.00528621460763636,0.035234680080552375,0.040463172459270974,0.24291312149034797,0.2889030788446926,-0.17619840076328722,0.14501073913413817,0.053189503402299596,-0.10331550075039918,-0.07187846345996617,0.08563251549458577,0.020407659416421364,-0.08396958535756607,-0.004238718557193137,-0.06369905494549341,0.07509774017013453,0.024766394342135963
0.08672585721704093,0.18754655182578847,0.22400505340594615,0.2274491789614499,0.20601068503891432,0.21398961665723937,0.26834538922570506,0.2601300368177355,0.11819323919387903,0.24917205680169652,0.2686487358728124,0.546615834801086,0.19553858859773146,0.20192787194720282,0.2024424773311508,0.24258345031668044,0.2236388266518425,0.1484593846269749,0.06678201440965167,0.17487570350621492,0.15794677631980653,0.1600358928082639,0.14391396570916185,0.13150323253914503,0.21620939573331033,0.20576395300980302,0.2232669166938018,0.02193195170843674,0.23692626197543865,-0.015016278182729393,0.10132329942752072,0.1694297882695757,0.15850429303458796,0.2523487632529794,0.12168817356815068,0.23870409082293392,0.21067199011056184,0.14029123929128537,0.12016035015785699,0.09772973708340527,0.06716035000006074,0.17157728660126773,-0.024638676961857446,0.03282805540378921,0.008630515033471627,0.21890326972118604,0.2580788248808753,-0.17336285411453023,0.29822660875482604,-0.20758574738331642,-0.04271966537059435,0.07013780902596808,0.06956031487695351,-0.006630719976074055,-0.06201540380471128,0.042623782076530746,-0.09599808679332177,0.13913761775112501,-0.13716123079046583
0.046110661922317234,0.15797357545807503,0.1871287875309556,0.1391237959844168,0.15087784376268254,0.15070245897761086,0.1390805282258825,0.23738062085886427,0.09519457476285711,0.1594817104687584,0.21756512269474293,0.19553858859773146,0.34724922695897925,0.14482638813141502,0.12965312688910605,0.16645697130856474,0.1599156068688202,0.16321094469463132,0.09164115891387005,0.16373005677773447,0.14335910917010428,0.1577283968686316,0.15044587796214845,0.14944215127007304,0.24166056913417874,0.21514810454683805,0.1601982795931196,-0.02442174505397568,0.3249424575116739,0.04317119623370652,0.09040795422649964,0.13324149954720105,0.1436712214407497,0.24531893360086712,0.187615918128294,0.20418057018818067,0.24243757384986128,0.0741652028917553,0.18353795454820862,0.043144090048473006,0.08506367540300099,0.15162319764693064,-0.016679706336604854,0.03405610080569884,-0.026481853574999492,0.22564735413212617,0.2256846579697712,-0.14950520319563135,0.22563092548136357,0.06633317125303567,-0.07731398742330503,-0.014440307984498921,0.0568918939850677,-0.05268451690371452,-0.04082366803085138,-0.00975454404257802,-0.020133898817698552,-0.04693107466145649,0.0696716279108072
0.08602143904574397,0.17033710660389653,0.16845583967678823,0.24078059068579602,0.19776204808313208,0.2177729557126282,0.18195897390787777,0.23153047594935575,0.17784062322696845,0.13368046757101598,0.17772903707265555,0.20192787194720282,0.14482638813141502,0.5106291838295559,0.2088922858751036,0.24165378327680406,0.17450325239114792,0.13342049346760854,0.07552846455606288,0.22069315759816036,0.1782553237635049,0.16276023575106568,0.08363196304899145,0.1485963947133542,0.12938551484158958,0.25044908511032815,0.17036923975095095,0.11199137715100713,0.2424689643699821,0.05020288570790729,0.17506655512347916,0.1859964138750232,0.11787441266908835,0.20860871764903227,0.1630279986459711,0.18033418947063024,0.2991200536934825,0.13988498225088747,0.08477912921245523,0.07339852719640216,0.12979820704136885,0.18641770290939474,0.07999757010169524,0.04856196824525892,0.10174174683763942,0.12656481899363756,0.2785083501826237,-0.07823047730095171,0.39559669470573655,0.05640234503111814,-0.030037587914822382,0.07578606472537108,-0.12163242634545252,0.0012044797097752447,-0.1089825370259201,-0.0012945414340328584,-0.16548505288041904,0.3013433818012515,-0.019231988115637477
0.056524279301890724,0.24724339356998207,0.2662675830852363,0.1435231175045154,0.17594980434298954,0.17110263821057392,0.10032724225951294,0.24788479475656772,0.11912004361697427,0.26633275991183786,0.23711061260018015,0.2024424773311508,0.12965312688910605,0.2088922858751036,0.5972097853094377,0.15289629714894476,0.17795400762161248,0.24545054764603028,0.12631006434731917,0.2504604762756392,0.20563331355261857,0.11763516930463908,0.21122668368974268,0.19310572295535677,0.27901928152542904,0.17451023108922126,0.16383921364207135,0.06359165653673796,0.3066040255598726,0.13651979599849273,0.1542156063537897,0.19791516968949252,0.16415820955824156,0.28945000893710293,0.1619391124624953,0.32069747716122243,0.3666617320764307,0.14650375106869287,0.2335885904612594,0.010731830841120182,0.19993371564230844,0.20051985414659843,0.06326063942478664,0.04666818979806095,0.056974613543470005,0.2806045632020114,0.2551091942272368,-0.1427673755285328,0.15449495139377312,0.14408705577325462,-0.12460663627657997,0.16905528972564735,-0.10556064439083448,-0.10187854572488524,-0.09911022821636745,0.015838719675194957,-0.09575076169920185,0.009466313929438827,0.12359452172946953
0.06795939533033783,0.1863118078305556,0.19725216538733287,0.1986309456152167,0.19652615786017635,0.2002682339841887,0.1900462728344741,0.24078408926081424,0.10089203298419586,0.2040520881662459,0.2119595116811907,0.24258345031668044,0.16645697130856474,0.24165378327680406,0.15289629714894476,0.5366332139975778,0.2320795866353156,0.1765757243592778,0.15141263602100444,0.16377501188683422,0.18382929117410543,0.2735961056459564,0.126792742698319,0.13204938036713773,0.18162775795862474,0.24996706374362446,0.20693653160746778,0.05855015135462129,0.31932883933942574,0.044338705721181655,0.1526531515249934,0.1529559567186801,0.11470320316325605,0.26370774790981194,0.2280750146586061,0.21892594177017116,0.2757334615614511,0.1414449211004752,0.1828763885903591,0.14833375339427723,0.10000408043266291,0.20896070292374333,0.07772322183133554,0.04573451560676935,0.11289577669117759,0.17753991801658117,0.28470144711913264,-0.13143270247560243,0.22434128519803698,-0.07710616912106505,-0.042112096427755236,0.016428169385351757,0.033034947995589585,-0.002073602984162908,-0.04574762575229397,0.017101318886428903,-0.10131698020238471,0.048484546361979027,0.06582559768030537
0.06912658731427561,0.26511805655457615,0.3036349501044548,0.1668673971978623,0.15181759410766096,0.21895536543032,0.1774081691536069,0.274171748582855,0.14816473334492491,0.26337663957706836,0.2614065823792346,0.2236388266518425,0.1599156068688202,0.17450325239114792,0.17795400762161248,0.2320795866353156,0.5050721845718953,0.17267286988755554,0.17982167032092466,0.25495134661233215,0.203320518944167,0.23741341654289996,0.15430938928835197,0.2014273320441524,0.27125642406245026,0.09542857336875549,0.18655637794191227,0.0460252093972231,0.2796792945068723,0.0769690639512049,0.18808812806594263,0.18941869447218776,0.2357749623108392,0.26400187327792846,0.13673873939724268,0.2675606559278359,0.39378976739822846,0.23545976083509224,0.19398177335135708,0.06581211049789987,0.14982715823744897,0.20526467199331921,0.0424577336610454,0.052793687785961954,0.11490314797313889,0.28679766370743787,0.3172861910185204,-0.17857584145252953,0.1017224135552324,0.13923650068343021,-0.041931492297058975,-0.04859230068360271,-0.00917812886003947,-0.03938444551549607,-0.07394617600284432,-0.020829891715014745,-0.02515980814582336,-0.0026817743058523166,0.07797011584878188
0.07398128284571395,0.49653063039918477,0.3956629133579641,0.08490038327043177,0.07433501361314294,0.1253709446482993,0.10681383777115516,0.33957157973540886,0.10755679317328107,0.32298246715211054,0.20202915397496668,0.1484593846269749,0.16321094469463132,0.13342049346760854,0.24545054764603028,0.1765757243592778,0.17267286988755554,0.6639259607833643,0.13726591789789003,0.17343078804790976,0.24704290441152554,0.18163222042214527,0.4044692408367079,0.17836118528341077,0.37157755483283056,0.34191769164003694,0.11803064767100224,-0.02744978390892824,0.41914147321724754,0.036392601102733006,0.2439008131004372,0.11001321423483525,0.1879128554032715,0.3350681970573418,0.22470577906770403,0.3505597456666043,0.41607804943368476,0.13468916018451127,0.2933957577128156,0.0440192734611194,0.12770158521903271,0.23123003476246679,0.1372842574078726,0.06203420756185833,0.20336391687306266,0.31917289629834095,0.32633593647377507,-0.17060465122933113,0.14387526066443515,0.32643007208139235,0.07617037532699655,0.10868557651282285,-0.3971067259602635,-0.1411502745167926,-0.11287929462922182,-0.047368751201247186,0.02364500989463629,0.1702946900668711,-0.10675533581351919
0.043812882811457586,0.16269202027156257,0.181493896701865,0.055828861582721975,0.06443190794214433,0.1104588288127072,0.013318895495519482,0.20256946859728403,0.008926640572270163,0.11216044296747267,0.10527176257496736,0.06678201440965167,0.09164115891387005,0.07552846455606288,0.12631006434731917,0.15141263602100444,0.17982167032092466,0.13726591789789003,1.1182257868619276,0.09589615218571497,0.23708475116196992,0.1853331348218149,-0.15908294839396916,0.18678966114137524,0.04163559306691569,-0.01768300643443781,0.07512648089825544,0.3050307934981452,-0.06387066235217179,0.32171362149356586,0.23747766795879585,0.0761414103047414,0.3815595005885017,-0.0687995318275498,-0.06065237870735517,0.22620748037064703,0.35534934362303117,0.4025080423916199,0.4339164795750072,0.035882347915552754,0.3110325466893257,0.18017786639528308,0.2760645345348229,0.04390206041508474,0.29809844439508915,0.22747480457207964,-0.0015478729548357064,0.08874729015087188,-0.2694801651434948,0.4462390430980086,-0.1109737770416681,0.09597400213836729,-0.1779513906528174,-0.17195092627798556,-0.10597025959498724,-0.03796558402360002,0.006070616061720943,0.2210333174908642,-0.09286414825968929
0.024907396804760576,0.4360338283400998,0.2327192403413107,0.14860736030485094,0.1746500440559554,0.2208728654614722,0.08279599358196554,0.2840494994025409,0.09414717897962095,0.1418167393185804,0.2509364714749266,0.17487570350621492,0.16373005677773447,0.22069315759816036,0.2504604762756392,0.16377501188683422,0.25495134661233215,0.17343078804790976,0.09589615218571497,0.8891248969181276,0.18942874184988154,0.0802264808794807,0.17221209955332903,0.26136736824470796,0.4132136300966234,0.19843755486931375,0.2859367008230071,0.019515692397562793,0.43600935478511677,0.2091709743890571,0.12536836853519648,0.33262087698299236,0.04948561181097741,0.4629430420862691,0.24021997366406828,0.31077363052281487,0.5727245222561094,0.3299798324689912,0.5485501134432189,0.11849286560515786,0.11747755357453599,0.25477607091516585,0.17274464483423485,0.039498811399271874,0.27881897204042383,0.2753693444900116,0.2863619110672238,-0.06340739033831123,0.4022270762399204,0.11236494498060716,-0.2248048503261327,0.09876907687805918,0.1265913093009154,-0.1065564007192426,-0.16881981061727966,-0.05093505631716944,-0.048914693859733044,0.12045201942297121,0.08814972233020031
0.07182869876351086,0.2534616991688256,0.24369719994221276,0.13298719124062672,0.1393705649487381,0.15064680743974576,0.1221682924319062,0.22955585298970085,0.13911084503864019,0.154484794698894,0.18787554546204444,0.15794677631980653,0.14335910917010428,0.1782553237635049,0.20563331355261857,0.18382929117410543,0.203320518944167,0.24704290441152554,0.23708475116196992,0.18942874184988154,0.45230173298727866,0.1761199932280269,0.20018854390231688,0.23535422652603016,0.24447433293091125,0.1494204679540181,0.13517379823013131,0.10085074874812897,0.2442772892828328,0.21778838137222217,0.24228806211841017,0.14135906573620285,0.37924030167119865,0.16206433501584647,0.08129352001845942,0.38540383609141093,0.45402024887384235,0.38487950124085757,0.20261820644637407,0.16591966088892712,0.1882378356676312,0.35465952726669453,0.2514113419808064,0.06576764311619444,0.38733836171510133,0.31843250753903607,0.27676864831482106,-0.21862190156207,-0.007028501944229766,0.1289345738941418,-0.031150662776341147,0.04422204306379682,-0.034674751096267324,-0.08579571056704767,-0.08303053364269473,-0.03336429304799491,-0.08423824874016082,0.15464624764477425,-0.01736110059332699
0.07879992680330562,0.15446163492629397,0.26073696792035067,0.15810729677871907,0.16403527483068459,0.1874842004132723,0.18732308182611138,0.14571964894956738,0.2809555137613814,0.17846917148476985,0.1655416350776703,0.1600358928082639,0.1577283968686316,0.16276023575106568,0.11763516930463908,0.2735961056459564,0.23741341654289996,0.18163222042214527,0.1853331348218149,0.0802264808794807,0.1761199932280269,0.6812943786628806,0.14507642040923086,0.15156805615857824,0.15710981476244565,0.2401498259756847,0.1588908725173927,0.03431328384304669,0.19740685638921213,-0.019619228495723087,0.2112342008033723,0.27355604373922593,0.1390504459632056,0.24554901415529362,0.10721341666153159,0.2167358484843811,0.174167423523253,0.20900825204108897,0.24072383318675203,0.09034095351297773,0.09077505056317027,0.1747984554330257,0.012421371825141372,0.07072752248681716,0.06142070177223355,0.2136368772173933,0.21505141303817682,-0.147246865788617,0.06336017774677043,0.028322279481710105,-0.04361725017645404,-0.11937464833457281,0.062378315119406884,-0.04314570830096456,-0.017201311903474917,0.05210102774843827,-0.028801678354837598,-0.07364502661890804,0.029784054594016923
0.02549398856557646,0.22515616335681332,0.2946854570393724,0.05994813133663125,0.07700142287652774,0.054580964804066906,0.07472140302628227,0.2733231916657222,0.07343109015932456,0.28029316861176745,0.16614015161698897,0.14391396570916185,0.15044587796214845,0.08363196304899145,0.21122668368974268,0.126792742698319,0.15430938928835197,0.4044692408367079,-0.15908294839396916,0.17221209955332903,0.20018854390231688,0.14507642040923086,1.1839232656670815,0.30884944626154476,0.7077059833297064,0.02919271931994176,0.08658760782509563,-0.6996020886401784,0.6572452434139484,0.3336104904524222,-0.14706915436081242,-0.01639313180771428,0.36165397064659516,0.45234537647574774,0.16419538051373547,0.5998948488648094,0.430832044446511,0.07530343944114358,0.4748536452812918,-0.06345411599064414,0.3583881857299143,0.17539334798901496,-0.02408426786291405,0.12270269771860325,-0.3301392611819511,0.5114529780675896,0.3784495961946223,-0.26567996969555935,0.27883204422019836,0.16322586215495932,-0.16482277370692283,-0.08000354848469221,0.23448602711984312,-0.15626245928153348,-0.1110649670426519,-0.08135509060905946,0.008481226431894287,-0.34582120501595986,0.4221545476918255
0.0727905335385454,0.2550838788389996,0.20039545624810115,0.10401199878797021,0.14834099486513613,0.09010932630183265,0.08954002129340403,0.12507438393748585,0.13536313999164357,0.14354704501882118,0.15349178878640238,0.13150323253914503,0.14944215127007304,0.1485963947133542,0.19310572295535677,0.13204938036713773,0.2014273320441524,0.17836118528341077,0.18678966114137524,0.26136736824470796,0.23535422652603016,0.15156805615857824,0.30884944626154476,0.923728021293534,0.3507758518670962,-0.24317081968497167,0.22491617333421324,0.011548692167755312,0.020165756021060802,0.5916799774286573,0.3175979167867413,0.7228210631338742,0.7814198457611953,0.12764796523785268,-0.08312580462884554,0.4969647095029778,0.5751545208853986,0.4044989212239508,-0.09309268652729183,-0.05839215241631856,0.281148253534885,0.2611884160127242,0.04479246492958054,0.09458504363774009,-0.10264333695552923,0.5316479846444936,0.31448804524602936,-0.35940702894130544,0.3321560874015525,-0.05734132696753309,-0.06566667789048104,-0.04340081483602798,0.3664159595521389,-0.13283884870081314,-0.19999396746844142,-0.1895096435919892,0.17247896400855262,-0.01812522507065313,0.07504793436116164
0.10049713733404687,0.4433300624011213,0.4604971744531833,0.1297756145969093,0.14337142089598642,0.1562511155289703,0.13223108106349604,0.26532439372612876,0.11037975432169858,0.35081186322066066,0.2599616952729902,0.21620939573331033,0.24166056913417874,0.12938551484158958,0.27901928152542904,0.18162775795862474,0.27125642406245026,0.37157755483283056,0.04163559306691569,0.4132136300966234,0.24447433293091125,0.15710981476244565,0.7077059833297064,0.3507758518670962,2.5068428527369715,0.3173964346685254,0.26043739576260627,-0.25317811970132265,1.2765957415866016,0.593998491329058,-0.2514153328727921,0.2497122434865404,0.13003814540727593,0.9188132844161802,0.3824666361216494,0.8694792792479615,0.6393790479222435,0.4855418769834737,0.5691258092161351,0.021374013492668716,0.3957111937125182,0.3116869954771645,0.2529507699197018,0.09001491327691852,0.10402284848163455,0.8776199730613565,0.4725561122862736,-0.7716444630133027,-0.3163568680154706,-0.10095585128233123,-0.23184745659019732,-0.15107716399656204,0.5193211017885345,-0.13099444882342223,-0.20326243744515743,0.0799532943066312,0.016845690397143395,-0.39676714588068224,0.34978508203074715
0.024514947766339577,0.11952294494683158,0.27842369898414426,0.19245356460602675,0.22507135232872572,0.29252043114628684,0.17677193176792644,0.28899220184731583,0.32013668368622544,0.20501983976650937,0.1979527706705083,0.20576395300980302,0.21514810454683805,0.25044908511032815,0.17451023108922126,0.24996706374362446,0.09542857336875549,0.34191769164003694,-0.01768300643443781,0.19843755486931375,0.1494204679540181,0.2401498259756847,0.02919271931994176,-0.24317081968497167,0.3173964346685254,1.798154500915893,0.15484485438539675,0.2462124570394104,0.813416931714561,-0.5866665501040039,0.11528644462359755,-0.019481759270124598,-0.2521500547910127,0.5041096337714243,0.4505650847679085,0.10591815598986765,0.2436171825060859,-0.12295945880060034,0.13935078570407686,0.28637434642009385,-0.3337038961335124,0.2390151224736695,0.08957401951310161,0.002525049674406649,0.5403267578358684,-0.06872871979613009,0.2739433416383454,-0.07634478678432607,0.7088075085875294,0.1536827779046702,0.12487559152311302,0.14531902973419514,-0.6217065754099672,0.025283511185551596,0.03880661317830261,0.11338170246215597,-0.0853157757863996,0.022044368569645714,-0.06235990078367259
0.05865327543133793,0.25374549549689185,0.18951061286356366,0.15100942161167527,0.16022705924600963,0.1681988961745522,0.14458728807711635,0.18123269969750322,0.1124871684520535,0.16878249618140037,0.18742125012700844,0.2232669166938018,0.1601982795931196,0.17036923975095095,0.16383921364207135,0.20693653160746778,0.18655637794191227,0.11803064767100224,0.07512648089825544,0.2859367008230071,0.13517379823013131,0.1588908725173927,0.08658760782509563,0.22491617333421324,0.26043739576260627,0.15484485438539675,0.4300023351059245,0.09624372558789836,0.20599603653959528,0.07300255104152298,0.1658307318320428,0.47601809459277583,0.05995400160887777,0.26848118299607787,0.12377153864927841,0.2654297180500464,0.2811030860886729,0.18212801766665151,0.14290462358951384,0.09250664738854947,0.1406864075026917,0.17684504214671792,0.0364230250997661,0.03911134108996218,0.05715997848275267,0.24582750113513196,0.2460728340810732,-0.1441193527152964,0.29599459434979225,-0.04285270109921246,-0.09012083562509189,0.07107758783868537,0.10031968090143234,-0.03347178833808227,-0.10365112733571709,0.038638024077832935,-0.028954502166384666,0.13891094237216417,-0.11218965282322174
0.03976310873943501,0.10402220708023578,0.004797812065378193,0.11068710073650447,0.06587891794932459,0.11811986236337949,0.08694233596116908,-0.16059945643587376,0.11784873705891435,-0.015676971053347654,-0.01580837351550795,0.02193195170843674,-0.02442174505397568,0.11199137715100713,0.06359165653673796,0.05855015135462129,0.0460252093972231,-0.02744978390892824,0.3050307934981452,0.019515692397562793,0.10085074874812897,0.03431328384304669,-0.6996020886401784,0.011548692167755312,-0.25317811970132265,0.2462124570394104,0.09624372558789836,1.9084075850673505,-0.3988193530311703,0.06624104508724006,0.3484683139596058,0.29209438111919456,-0.08097058094078007,-0.15624236026661018,-0.18790228532851191,0.5161971247478594,0.06937917326561999,0.33546536791153597,-0.28536510002996623,0.22119845626526552,-0.1046722337465214,0.1455238273056689,0.44811923470233855,0.24641610382933968,0.8031908879658312,-0.26804206405159825,-0.29566149939107234,-0.06436437421510248,-0.18433508079971642,-0.24422518141394528,0.2947266796612709,0.5890468277507783,-0.8431029532566604,0.11821075096103302,-0.14811990944461856,0.0934434557998027,0.01712222663053002,0.03443286725043414,-0.07755055011169856
0.07582855473411518,0.415430866221793,0.4673073609970637,0.1683225985921955,0.19276700754019702,0.2731705374574445,0.1346186469232574,0.43965920614602194,0.12801619911178716,0.4262934411115436,0.3502369388537214,0.23692626197543865,0.3249424575116739,0.2424689643699821,0.3066040255598726,0.31932883933942574,0.2796792945068723,0.41914147321724754,-0.06387066235217179,0.43600935478511677,0.2442772892828328,0.19740685638921213,0.6572452434139484,0.020165756021060802,1.2765957415866016,0.813416931714561,0.20599603653959528,-0.3988193530311703,2.7554373801092322,0.10269319471436317,-0.4013798346486289,-0.09641732554559339,-0.1356415557817072,1.0643608131105795,0.5139326018812866,0.5817060261706245,0.6861870608040054,-0.26909469467059166,0.4646551581105859,-0.021290857273653947,0.06114367653776686,0.2759593770080154,-0.04959914813778491,-0.0914589103290698,0.08063048276990477,0.5385833801599638,0.7763543399901532,-0.5411397210586579,0.9668674933463163,0.16114649958333482,-0.13499673145527655,-0.008850824981894953,-0.08214716790418736,-0.021831672577300506,-0.005170499402630772,0.022012183257084327,-0.16937076118790487,-0.19300671466306674,0.415517045638196
0.05501533834482334,-0.07730785477638877,-0.33082619274846947,0.02785549561602506,0.09885302213768649,-0.07804054444669076,0.0597385624031218,-0.06017772591978755,-0.018930649101188458,-0.006201338808369526,0.03835279022583808,-0.015016278182729393,0.04317119623370652,0.05020288570790729,0.13651979599849273,0.044338705721181655,0.0769690639512049,0.036392601102733006,0.32171362149356586,0.2091709743890571,0.21778838137222217,-0.019619228495723087,0.3336104904524222,0.5916799774286573,0.593998491329058,-0.5866665501040039,0.07300255104152298,0.06624104508724006,0.10269319471436317,2.8219274763819677,-0.09216967295185395,0.0008426725952890301,0.5163264382033385,-0.3720478625501377,0.2282610942876109,0.7535403261697109,0.8509830219465394,0.8626439403869661,0.1461495723591048,-0.4136135406356126,0.8700477595638109,0.20528107803943968,1.5929601669156244,0.17773008109466862,0.8349728229240411,0.5459276835178237,0.20870454746901934,-0.3012028768975248,-0.07869415573380477,-0.13362887333460668,-0.22621375085314366,-0.42091859107941293,0.8377803674137321,-0.13233996312858481,0.019917592803279913,-0.14378232214571834,0.07718201577960684,0.40133266581144883,-0.39259457006121473
0.11496878077967798,0.2579782382303534,0.23408839634864428,0.13316635959003725,0.15375877869094642,0.15254557335078417,0.13412387688959457,0.10867688314497272,0.2119658606997725,0.1472619422776565,0.12860920905055215,0.10132329942752072,0.09040795422649964,0.17506655512347916,0.1542156063537897,0.1526531515249934,0.18808812806594263,0.2439008131004372,0.23747766795879585,0.12536836853519648,0.24228806211841017,0.2112342008033723,-0.14706915436081242,0.3175979167867413,-0.2514153328727921,0.11528644462359755,0.1658307318320428,0.3484683139596058,-0.4013798346486289,-0.09216967295185395,1.5311140502892993,0.5635121006444532,0.32684198341062914,-0.00918801419008296,0.34682950162297577,0.15099939652675834,0.35822600553350864,0.04073450724376743,-0.16803427629463602,0.0740540599543953,-0.24769307448443326,0.24654899484333392,-0.3137866094375633,0.06502638099856346,0.3110195291139641,0.1699928090748345,0.23744976282375543,-0.1311851027336822,-0.1468829826043176,0.06174310213404846,0.21883666477843558,0.07045256708051553,-0.26733972020825003,-0.05082822144738679,-0.021420442784818895,0.03370982829976125,0.1316723381208128,0.35588022792650004,-0.5097329869513825
0.05338720648136756,0.3144847688167061,0.21857272342269643,0.17054346517563188,0.23565297117980324,0.22516579029621403,0.11911521972923231,0.04413133511074149,0.2173939573113709,0.16370466446538692,0.16175997841779494,0.1694297882695757,0.13324149954720105,0.1859964138750232,0.19791516968949252,0.1529559567186801,0.18941869447218776,0.11001321423483525,0.0761414103047414,0.33262087698299236,0.14135906573620285,0.27355604373922593,-0.01639313180771428,0.7228210631338742,0.2497122434865404,-0.019481759270124598,0.47601809459277583,0.29209438111919456,-0.09641732554559339,0.0008426725952890301,0.5635121006444532,2.20382927586867,-0.13010897617965328,0.3975960236700759,-0.1361447968364201,0.42194023101820893,0.23968238404100164,0.13240777459280773,-0.15136488113603874,0.0004968328118286763,0.39217127053682554,0.219389566530005,-0.28952126934703404,0.050341145901050405,-0.2163351791175874,0.322499637099643,0.3468218261205772,-0.12612835629686123,0.37881381835503664,-0.09951242327578556,-0.005931542381352219,0.14158359423278996,0.1810411923689996,-0.04889895516467951,-0.448958243519909,0.14970005077111667,0.09218456884863835,-0.00524010739620737,-0.08223025934459605
0.1224928259014877,0.1271617741249076,0.2594800885197839,0.07012360368570608,0.06586068254142803,-0.007306260922296559,0.1364902778523269,0.17956738103448752,0.17969428882201044,0.0684337863700962,0.13279743518907283,0.15850429303458796,0.1436712214407497,0.11787441266908835,0.16415820955824156,0.11470320316325605,0.2357749623108392,0.1879128554032715,0.3815595005885017,0.04948561181097741,0.37924030167119865,0.1390504459632056,0.36165397064659516,0.7814198457611953,0.13003814540727593,-0.2521500547910127,0.05995400160887777,-0.08097058094078007,-0.1356415557817072,0.5163264382033385,0.32684198341062914,-0.13010897617965328,2.3510133533565654,-0.42624197644622214,-0.6633842013567086,0.3486663699551154,0.8868645325971806,0.7550195092842311,-0.4592931371988152,0.09148436183988815,-0.183825780260927,0.3512096771807193,0.13703100253536285,0.10436493098985089,-0.11436535105222326,0.7275243767828523,0.25645103372020644,-0.6472300216366587,0.27734644209278103,0.014677771854481513,-0.0037767911009132706,-0.045838825864919136,0.2587736267173836,-0.2292599930822362,0.03157681748165139,-0.1576551589518926,0.09676250877040417,0.1875564517781732,-0.2383336727319529
-0.022089675733532266,0.44314561822168164,0.40025398297492304,0.21049787357197225,0.28497254349322815,0.29578858204709696,0.13685167108687704,0.3324777619190943,0.1275551154802164,0.4275264881105061,0.3108667592018077,0.2523487632529794,0.24531893360086712,0.20860871764903227,0.28945000893710293,0.26370774790981194,0.26400187327792846,0.3350681970573418,-0.0687995318275498,0.4629430420862691,0.16206433501584647,0.24554901415529362,0.45234537647574774,0.12764796523785268,0.9188132844161802,0.5041096337714243,0.26848118299607787,-0.15624236026661018,1.0643608131105795,-0.3720478625501377,-0.00918801419008296,0.3975960236700759,-0.42624197644622214,2.002180550488397,0.7403862166345149,0.45522885634513055,0.501526393054135,-0.23889555247606328,0.5394009339302186,0.06211116973329047,0.05644306894775262,0.29418368160609215,-0.39905836891116964,0.06623131802158294,-0.22726131257618942,0.254674924491915,0.6167021121343256,-0.245865839368375,0.49889244218938406,-0.05888481225755084,-0.10881022209169733,-0.09723657393985485,0.14722877919699734,0.0009313424626957103,-0.2365763503624117,0.09072212369426946,-0.15748435102907182,-0.5425960762280565,0.7685279875918839
