0.7287381879679529,0.20494627279818006,0.27507057026823384,0.013801748570961508,0.033037604299143805,0.0343731504977733,0.16050365976796863,-0.004845799386333545,0.09089552984292444,0.10371197675295514,0.04714882666670802,0.09326656043431943,0.04824780060799497,0.0928818834893733,0.06355794784820275,0.07688366042266485,0.06543907219135299,0.06834830927760027,0.030033042396109554,0.026517767795334535,0.06993362583469391,0.07915667425775455,0.026914370854253362,0.06678941281288182,0.11451433429445879,0.03338073669861986,0.06179160235303419,0.04258635199218563,0.09457368755059334,0.04046029330391341,0.10242930654911961,0.06636234584937627,0.10040683133920451,0.005593390636757523,0.018525938091992416,0.13959575414106115,0.0992592543068515,0.10239330712190103,-0.019717595902214557,-0.0561694986803471,0.031839178047413555,0.0665833157489902,-0.006062877623749603,0.017131440417618157,0.10010326200198041,0.1571321487963119,0.0679697261600012,-0.1443524416591353,0.009700147261952717,-0.055571098844671006,0.005747179093481355,-0.09759647114855592,0.11053014108623228,0.005570528899955441,0.07732159577302797,0.009842651217762247,0.01579582350769926,0.08537731080260309,-0.22305981468437064
0.20494627279818006,2.3244006965941555,0.8697032060442362,0.0394110976873105,-0.06855333837043148,0.08644291538722405,0.0868839041805575,0.3243828716842116,0.10269168570409068,0.3603940324189956,0.20450285874486793,0.1908929423100404,0.12911854853165017,0.1611253266705663,0.20439624139730034,0.18327346943065545,0.23685703497471125,0.4552193927504128,0.11740559718999218,0.3854031766089942,0.2198211997843569,0.15055862382350194,0.14846155124323304,0.17122856458675542,0.4119017090968993,0.13418015232299824,0.2563594944243881,0.13658497573537906,0.3976136260717068,-0.12004079650221533,0.266433749824185,0.3188660377120481,0.015951528390076474,0.4185540879416349,0.28573345076999096,0.41499899490981546,0.46017362776016957,0.1331933517707631,0.25582122615020125,-0.16055502661756166,0.12362515160639583,0.218336642970125,-0.21537294276838284,0.026714749701614124,0.20015464886003068,0.36383657776514,0.1752756385024842,-0.26564776789841726,-0.2207317428527338,0.1218988022694902,0.060676521182810646,0.02064163250617405,-0.16664687697554334,-0.00679121394483655,-0.5163137043884881,-0.02039847297379653,0.05172696856835212,-0.022255800755559437,0.37353189853254776
0.27507057026823384,0.8697032060442362,1.8995271986851345,0.00843510590740544,-0.33827546159665695,0.07347668826495664,0.09620965635658131,0.5785814598798235,0.2569228859589974,0.38950378046610984,0.20218007520969988,0.23759086888217712,0.1749834863356978,0.16156269596666448,0.22563702786245338,0.19235117439230745,0.295510624032675,0.35815803673071794,0.14770550652555786,0.192847375937209,0.21721934927452097,0.24420873602099777,0.23687409208014704,0.17373467252442512,0.41607877788976083,0.27271793428633073,0.19244511984250168,0.007000888887872435,0.4542142027666056,-0.35562166101689374,0.22901370036115024,0.22079354745673768,0.18557898761952193,0.36812445614123,0.15720377115674838,0.4620580903316979,0.565636333361241,0.23399122561790303,0.1288938362118079,-0.6189387527734956,0.1853571561502244,0.18932344275323895,-0.2533708249018691,0.027076618242468882,0.22697772773325445,0.6286483465229254,0.30003564836896834,-0.3725800634817865,-0.35431025739984967,0.2014770234340482,-0.00745333474921624,0.09367499180439161,-0.0019376884689321007,-0.15953453443510393,-0.15322399316489344,-0.017763564940610734,0.03480951619350429,-0.03846398271686168,0.03703015828217887
0.013801748570961508,0.0394110976873105,0.00843510590740544,1.1362965337238369,0.4165559790800443,0.3244365375911304,0.2822324453632732,0.06391358810949352,0.14885323765440042,0.12649784933836267,0.2033916039959319,0.2241490167827907,0.14683654920803182,0.2458488146141088,0.1672477963130618,0.21792876922240362,0.15360197788925922,0.11193520427717428,0.056197592451382554,0.15957487286428346,0.14415211912860437,0.16491762010665678,0.0663206426456833,0.07687302415975861,0.15952305913738166,0.22456320760624296,0.1581315654985626,0.12219321434756433,0.19820073062022214,0.032898825570473134,0.1312439608130454,0.17903874699811706,0.039818038146025574,0.23857196503477962,0.16228124390568138,0.15604757671544076,0.16319135556339073,0.13449603303783486,0.10131070002459351,0.1804578146741627,0.045507968987737124,0.1600624767149927,0.0681124294488683,0.10058938532216474,0.13060092070375506,0.07119808059955197,0.13363539757636195,-0.10315569583907047,0.038371521942157705,-0.10401931339211003,-0.009011602159664523,-0.01915075711782263,0.00207796962989255,0.07398988061057694,-0.0582867117188,0.12456330066850371,-0.19118981991915113,0.03967477916120028,0.06501395622279067
0.033037604299143805,-0.06855333837043148,-0.33827546159665695,0.4165559790800443,1.199807854623756,0.5178457031258377,0.1458674143909768,-0.04697631780856839,0.2061431111139219,0.14036703802197206,0.2049826998636629,0.2001991272500141,0.15040167209432231,0.2047135575200964,0.19642392726508523,0.21992920858417853,0.12100390908135256,0.09110549814318294,0.04093167594419082,0.17906062429609215,0.14600114033266598,0.16740110522096577,0.0656631729279666,0.11490900367971918,0.1724143397675389,0.24476074522378174,0.1655585215463759,0.08739046794764571,0.2268412779980577,0.10825845523153882,0.14902324026863892,0.23312800771420775,0.006454222618138667,0.32376058478785413,0.2169556218720923,0.15048777239394204,0.205546809573732,0.14694507364479978,0.051315291779876024,0.3844785359589665,-0.00793349963339359,0.18762411801117856,0.0884302592312875,0.07431239217926769,0.22852908938584804,0.02773791309407528,0.22994387620850815,-0.11095387870586566,0.18368190728118866,-0.3667148710227031,0.2372179741546105,-0.20812455029429153,0.24607988093692756,0.13790851002371213,-0.07216595547241238,0.06914924769941024,-0.11117000480338063,-0.10729248043609364,0.19864763306598457
0.0343731504977733,0.08644291538722405,0.07347668826495664,0.3244365375911304,0.5178457031258377,0.8282573163934519,0.09187832227769753,0.10772260134659856,0.21770004722775724,0.17522817026610946,0.26595833249010503,0.19924768830704728,0.15747968394272915,0.21840046671346267,0.18868808333399306,0.2189399167428378,0.21167872387372383,0.17383894760044508,0.11324546869424267,0.23042609598231054,0.15646437085743145,0.19345358267197005,0.07123651098146741,0.06785865511527903,0.1677226612975308,0.3405775793842745,0.1680806758949255,0.15044929684403763,0.3021829666144603,-0.10074668483986236,0.15432896835546162,0.21467806529649594,-0.03391782270621775,0.31156296605484135,0.23930040771266062,0.09230572080851857,0.23889652983528645,0.12381925808273248,0.20132230499183243,0.1824792699040311,0.012681344959650643,0.17260480882686455,0.09717086208754738,0.05158195322219879,0.1380722964088144,0.04206223814566344,0.27031134382406025,-0.046522493949240754,0.20636009748132778,0.08552705537474793,-0.23952925643867526,0.28060163872718813,-0.38416131413084154,0.07767245804787762,-0.08062678985605191,0.06186075053844749,-0.1280246021537079,-0.08035100886925634,0.19687265734317508
0.16050365976796863,0.0868839041805575,0.09620965635658131,0.2822324453632732,0.1458674143909768,0.09187832227769753,0.6597659390951299,0.051530430982889466,0.23303763885522213,0.17017898657625807,0.16560921059674721,0.2511117980463423,0.145294130803515,0.1631753596853091,0.10310582962247987,0.19341584150724486,0.17565008887348638,0.1194354183854944,0.015755411476777243,0.08640247593543378,0.13212737203369207,0.18427308061397,0.08988237227656225,0.09434443235876244,0.14438641918145817,0.18879025414239897,0.14194360460116737,0.07075297253155399,0.15642753157365624,0.07325721298421563,0.1202141220023498,0.11977221825092915,0.13006792550708168,0.1471462778318294,0.10795392302694512,0.22654456455554683,0.1208410667972099,0.12256228844143491,0.05186929401055537,0.09973767325077061,0.026000362027800546,0.1453943894609661,0.03524335530848834,0.05349679789753827,0.1064479905533552,0.1442395269874252,0.0022635012322265533,-0.16308488414677122,0.1823103311124032,-0.09450857543567452,0.0003095211846764793,-0.05222327277654552,0.11112970498219318,0.012208755431325657,0.022724134347145455,0.09501586434618721,-0.10133571357965272,0.11495445164629822,-0.2456765674325998
-0.004845799386333545,0.3243828716842116,0.5785814598798235,0.06391358810949352,-0.04697631780856839,0.10772260134659856,0.051530430982889466,1.0263789615745287,0.011381221644704427,0.28305403418487923,0.30062228991226153,0.25099714193171563,0.2347679871206782,0.2015517281486479,0.22712711361221266,0.22183750531630578,0.2824599406151145,0.31982899412169785,0.21779628025863884,0.25992746285600393,0.22549444094958848,0.13925779319389262,0.2598611813141473,0.12839661842828737,0.24456440489190817,0.2699596988280594,0.1721563488149541,-0.1732953806284037,0.41666664122928765,-0.056845748828929,0.100556935595588,0.03613509079087294,0.169044668090575,0.300631959322013,0.18625970020629357,0.18575037728819058,0.40601688485848625,0.13167614622935492,0.3551627940382966,-0.08603889427113517,0.1983369966349134,0.18756237335594997,0.046450303136118296,0.01064456336945526,0.04012844652479938,0.32002716936544534,0.4458339780871549,-0.05998124446861604,0.24494366176981194,0.319220386158911,-0.10189294902478487,0.20547899454178464,-0.0941930131634593,-0.16014506863925165,-0.10591481308720578,-0.05802796831228066,-0.1599769510342819,0.5121977136881783,-0.21498318214321835
0.09089552984292444,0.10269168570409068,0.2569228859589974,0.14885323765440042,0.2061431111139219,0.21770004722775724,0.23303763885522213,0.011381221644704427,0.7101145280398347,0.08319257485538105,0.10310680158203898,0.10614687363247019,0.09899468272973272,0.16233962273814004,0.12576019817926198,0.10799747968250335,0.15054392502931438,0.13786336226053264,0.024427898915631373,0.10222827531986499,0.1506670244520013,0.28044786196197385,0.08473073631085436,0.14508961120540387,0.12030812437690473,0.33943544578373575,0.11613832194679244,0.13280001082379264,0.1449427730994714,-0.00840929750880969,0.2122403623263307,0.23317653818467968,0.18284677357420467,0.1244078848422198,0.09668679330940529,0.21064664744436096,0.2719790271059507,0.16258747369381701,-0.02468970492417159,0.03811445820469376,-0.020920720342222487,0.16340548320685083,0.06645965656340362,0.053934244783232624,0.19750232845656737,0.16323921806021374,0.10773394335494886,-0.14880845453232436,0.12462759461910135,-0.10447254665946923,0.046537960606631415,0.0675631880914468,0.0015032269198502089,-0.03673207952848984,-0.04755150686053188,0.06814317767661131,0.0025367121475592547,-0.19819292244796957,0.09163386362311977
0.10371197675295514,0.3603940324189956,0.38950378046610984,0.12649784933836267,0.14036703802197206,0.17522817026610946,0.17017898657625807,0.28305403418487923,0.08319257485538105,0.7763370229122258,0.2785799227908619,0.2735753427003464,0.14795695494215694,0.14802248898003514,0.263993805785373,0.2180414816938469,0.28500187958425444,0.327740707691338,0.11635906376696457,0.1529230095689518,0.15571251358950566,0.1846356121035565,0.2767386114780322,0.15141317622986905,0.3636848032541607,0.2066002344965443,0.1844226059383756,-0.02068703614771461,0.4343288677107301,-0.007026349426533029,0.15514990558681363,0.17745090544278613,0.05855985499919102,0.438416152493285,0.32045460862192193,0.360258498461937,0.338476924461954,0.04446998406769475,0.24569989431901254,0.01690257159819434,0.1925378450586295,0.17815162373742274,-0.1479611107217982,0.05367292166269448,-0.007488922004620787,0.31112087180282133,0.35475659541187715,-0.2241301333849186,0.08179898118172564,0.09970869886211106,0.022317981749273196,-0.0721074229434055,-0.04117877568589914,0.0022115397773166926,-0.18770522827369554,0.040245273710831274,0.10059306690441601,-0.37032660970240433,0.32125328199814035
0.04714882666670802,0.20450285874486793,0.20218007520969988,0.2033916039959319,0.2049826998636629,0.26595833249010503,0.16560921059674721,0.30062228991226153,0.10310680158203898,0.2785799227908619,0.48100833879839483,0.2802469103399274,0.20936447470243688,0.18835809338411216,0.24502491311979782,0.222722883923276,0.2764278038437644,0.21009148973818814,0.11368607605495122,0.25799654597677907,0.1918068413438764,0.16695682234234863,0.1595859578582569,0.15302748966311908,0.26243566624459486,0.20694416029769977,0.1942977495596593,0.006653956122915864,0.3591629480188894,0.01924938129264321,0.13982202077598543,0.16948389142840492,0.12526240477969028,0.3196331378122591,0.20969608745261706,0.23119140681387526,0.2912573126952129,0.14422260172829104,0.22517068848375765,0.11527577842079867,0.1019515862126204,0.19836891413225188,0.013824186925835855,0.0356018584233942,0.06866473735447798,0.23331520409432588,0.292368992809244,-0.1563406005641925,0.12708079324797977,0.050979469537656356,-0.08410846225538954,0.011114925715920813,0.0033270181258365965,0.003376638554677378,-0.08675245541402063,0.02035889269675982,-0.07838738349380404,0.05163688621702531,0.04582136120886683
0.09326656043431943,0.1908929423100404,0.23759086888217712,0.2241490167827907,0.2001991272500141,0.19924768830704728,0.2511117980463423,0.25099714193171563,0.10614687363247019,0.2735753427003464,0.2802469103399274,0.5415450423733458,0.19483025287461447,0.20854241700337922,0.20382088431259368,0.24610816273325467,0.23778560047057035,0.1337704893557746,0.08473300094322389,0.18683527520293883,0.16527228712678466,0.16240020377652784,0.14288808647740325,0.14552680181360875,0.2355754535601615,0.1783671377703329,0.23062195411629044,-0.03372923152413917,0.2427644837272445,0.0167539278126683,0.10066369675997686,0.18816206969766897,0.1632911612503358,0.25959902644537025,0.11486689395149184,0.283497191007764,0.21743898461336608,0.16226767499083142,0.13631036830818252,0.09015294941147921,0.1259888368340011,0.1792093683672191,-0.03203765632592421,0.03530391676509652,-0.019805494297651646,0.2514003637052887,0.2523367033305884,-0.18178386755932613,0.25121948100747676,-0.016887727953938808,-0.10609070322355528,-0.12161419621767976,0.24167279479868456,-0.014668861921906398,-0.062321944042780644,0.06448645622173366,-0.11811588264811101,0.07628487815378925,-0.06656207419714853
0.04824780060799497,0.12911854853165017,0.1749834863356978,0.14683654920803182,0.15040167209432231,0.15747968394272915,0.145294130803515,0.2347679871206782,0.09899468272973272,0.14795695494215694,0.20936447470243688,0.19483025287461447,0.34798984911339287,0.1434745853990128,0.11709603040968669,0.16321012392702164,0.15762820755270157,0.1462365503931139,0.08847695577762213,0.15495455016171844,0.13396443034950864,0.1516190411569906,0.12603727234990786,0.14445745222861214,0.22261044421934334,0.215135154677821,0.1597924284104972,-0.018312480471169443,0.31222750992128895,0.026877326605302586,0.09188814277123623,0.13624102064484242,0.1311451984675994,0.23217072334265376,0.1888831486952649,0.18264930928299275,0.2262692556855183,0.06542168651974006,0.15216654668119375,0.04516877349726163,0.07275779733145882,0.14461097377051413,-0.003470377913301934,0.033731642278651705,-0.01352895193716787,0.204387103159499,0.20898856456133824,-0.12765179535758894,0.21968539773687581,0.05670471476079817,-0.057294113146360875,-0.004757851135102925,0.06322159056844551,-0.0461483881290349,-0.027488910176680904,0.003547973268381748,-0.032469201660917074,-0.04647364013121775,0.05338067566899605
0.0928818834893733,0.1611253266705663,0.16156269596666448,0.2458488146141088,0.2047135575200964,0.21840046671346267,0.1631753596853091,0.2015517281486479,0.16233962273814004,0.14802248898003514,0.18835809338411216,0.20854241700337922,0.1434745853990128,0.5201507754475699,0.22363121596153573,0.24970343826571562,0.17958023050785077,0.11335469714278193,0.06549665161271331,0.2263670408578145,0.17475386078990054,0.1598314763673681,0.0735252547588409,0.1406269487542242,0.1463310332364905,0.23908753613243497,0.17561095288826228,0.11341443467170964,0.2469747482033504,0.0561615244371577,0.1642779000068011,0.19130823753995957,0.10081106220576201,0.22402860166172534,0.17651703371075253,0.19203766238622322,0.2834950297564727,0.13599772131808371,0.07837017938670211,0.08375108299072911,0.1321239863467352,0.18843437289323534,0.0583503937920913,0.052449827875954695,0.10741192243787388,0.12602451783882623,0.27386790606826295,-0.10070366766783814,0.3648831873771415,-0.019904971759037,-0.0337762141668086,-0.01864546869934478,-0.03876520432552518,0.04085703107648266,-0.12023012975183713,0.04479821102987247,-0.19192366085969453,0.28374341128796665,-0.03488103178775884
0.06355794784820275,0.20439624139730034,0.22563702786245338,0.1672477963130618,0.19642392726508523,0.18868808333399306,0.10310582962247987,0.22712711361221266,0.12576019817926198,0.263993805785373,0.24502491311979782,0.20382088431259368,0.11709603040968669,0.22363121596153573,0.5784938354400133,0.14438182998532487,0.1843631589179375,0.20676642085760877,0.11643389666975884,0.2386672564203979,0.19253980349917663,0.10838831956505866,0.1787119316471256,0.17632948482732708,0.25555771281894785,0.15366020873984457,0.160952651038503,0.06115290585100805,0.2808376269248391,0.12940495517279038,0.14565795903013748,0.19802361746967156,0.13823767589184083,0.2727630630202296,0.16261856043462722,0.29702251530669393,0.33022922535988863,0.14194727823365938,0.20116846531780017,0.04163129396516049,0.18629946212633414,0.19245750742052323,0.05798358285000931,0.0508773983774302,0.1009213074290253,0.25317261193180307,0.23927429531007155,-0.1419109604454576,0.12090166009418415,0.12695721291036022,-0.052721258348997296,0.05467068592843502,-0.03229106582385894,-0.034024570943775305,-0.09170858878395137,0.051379816265699006,-0.12440621373525414,0.06421322783268811,0.035636674564364965
0.07688366042266485,0.18327346943065545,0.19235117439230745,0.21792876922240362,0.21992920858417853,0.2189399167428378,0.19341584150724486,0.22183750531630578,0.10799747968250335,0.2180414816938469,0.222722883923276,0.24610816273325467,0.16321012392702164,0.24970343826571562,0.14438182998532487,0.5322482491035468,0.2318746875909618,0.15690959852419345,0.1322209903729867,0.1608421509190099,0.1736611681586495,0.2692933596698774,0.11104486174463654,0.12389360587781134,0.18017328420490045,0.2411523271706458,0.20883840842737356,0.0597907023693621,0.31401545823414007,0.027171147378074963,0.14935345048070317,0.15819899683818597,0.0921675025532059,0.2731540687190217,0.24444217020056674,0.21386036404448758,0.25869787225305246,0.1348562023391631,0.1549789694415419,0.1554162820268228,0.09366750692422898,0.2044526326455812,0.05677474074281737,0.0476581968803127,0.11809085714392314,0.1609463906920853,0.27261210551270143,-0.13835078095954098,0.19320759542446847,-0.11240343059713612,-0.047896443746298444,-0.033483743880400534,0.06864339450341927,0.03542043114197158,-0.054701499877279854,0.04553240209727006,-0.12124767021849417,-0.004404557506956473,0.1017821297690824
0.06543907219135299,0.23685703497471125,0.295510624032675,0.15360197788925922,0.12100390908135256,0.21167872387372383,0.17565008887348638,0.2824599406151145,0.15054392502931438,0.28500187958425444,0.2764278038437644,0.23778560047057035,0.15762820755270157,0.17958023050785077,0.1843631589179375,0.2318746875909618,0.5204693175708175,0.169173461134457,0.19368675777283,0.25273349869978906,0.20231857977695447,0.23720616236876851,0.15088802895805542,0.1950050469063711,0.2688514679139773,0.08865064345928611,0.19012362249690412,0.04469824658724438,0.27571190629621095,0.0747379700260241,0.18772648639777914,0.19162847102074146,0.23232820880886274,0.257391231937197,0.12631506868835987,0.2543373573322179,0.39572689579941756,0.2380561340680197,0.20072568252840614,0.06722640515699176,0.16940644816605838,0.2028804518543213,0.07962005206752759,0.05384669047638127,0.1184432142454404,0.2778591639473754,0.31983727866295664,-0.1489351122476837,0.0845396528538446,0.19213864433524946,-0.03924479731618691,-0.010078057116367084,-0.05055794577776975,-0.05246812370971246,-0.06280798606894168,0.020940863039741527,-0.051278109166181314,0.007834118275662392,0.05832089873339765
0.06834830927760027,0.4552193927504128,0.35815803673071794,0.11193520427717428,0.09110549814318294,0.17383894760044508,0.1194354183854944,0.31982899412169785,0.13786336226053264,0.327740707691338,0.21009148973818814,0.1337704893557746,0.1462365503931139,0.11335469714278193,0.20676642085760877,0.15690959852419345,0.169173461134457,0.6394702837280074,0.10112988996745757,0.14135370708401476,0.21441752927511132,0.16949268642062276,0.38715534881707997,0.14948135170380483,0.33009945454098194,0.3526842572264177,0.10000960790779996,-0.0011806750963455036,0.3995525301071471,-0.04115694662101599,0.22081958533545218,0.08639770605401176,0.12430944480627466,0.3285202468059188,0.2671615902501141,0.3097703256399351,0.37072208864549133,0.057790939202445074,0.26741352753370484,0.06394401132582662,0.07029135355218978,0.20446044463739088,0.0649159401865513,0.06162626899946447,0.19962960362247506,0.2537156518792128,0.2694631963501428,-0.150405889303115,0.07847076916952384,0.23018789735415862,0.15350476380900943,0.16193294838869413,-0.4763231010282066,-0.049512383202127155,-0.13948562450912216,-0.04381149813946109,0.03437651078638707,-0.04113206850292245,0.10872828766755864
0.030033042396109554,0.11740559718999218,0.14770550652555786,0.056197592451382554,0.04093167594419082,0.11324546869424267,0.015755411476777243,0.21779628025863884,0.024427898915631373,0.11635906376696457,0.11368607605495122,0.08473300094322389,0.08847695577762213,0.06549665161271331,0.11643389666975884,0.1322209903729867,0.19368675777283,0.10112988996745757,1.126265674803526,0.07171397923742516,0.2275799948524959,0.17642185222038087,-0.1603343131136318,0.1851019368399507,0.015347351591562515,-0.07170315974440683,0.06701891706472432,0.2759252594903199,-0.10155379360173138,0.3358572752242348,0.21272151915442003,0.06686755213665335,0.3921570345743698,-0.10632912630457828,-0.08547366395772558,0.2029054746066503,0.32740329924942424,0.37802260421114486,0.43019467974346554,0.025577902844227392,0.334968509575117,0.16130251310618315,0.28477691284873247,0.04235979636352036,0.24571316015834818,0.22061721803653322,-0.019358643285848638,0.11624910131379032,-0.2941093810605151,0.499742824401163,-0.07813877351982773,0.08378650393449864,-0.13976550880979502,-0.1556712618658467,-0.11185716743260685,-0.03337311669705507,0.005538358269779056,0.17512296168165692,-0.04693275331376768
0.026517767795334535,0.3854031766089942,0.192847375937209,0.15957487286428346,0.17906062429609215,0.23042609598231054,0.08640247593543378,0.25992746285600393,0.10222827531986499,0.1529230095689518,0.25799654597677907,0.18683527520293883,0.15495455016171844,0.2263670408578145,0.2386672564203979,0.1608421509190099,0.25273349869978906,0.14135370708401476,0.07171397923742516,0.8678748712781986,0.17402015254413639,0.07579416159787256,0.14141544079526,0.2447945684621212,0.4056656711624017,0.18812184100184529,0.28526236495718144,0.02614521012126123,0.4362023482996498,0.19260247166905603,0.12576761001422793,0.3348928699181213,0.01828485165436044,0.4690653281993554,0.2568377672817629,0.27595358753796445,0.5219232253465528,0.297493752846469,0.481578041063602,0.13367091414593013,0.09310492488607848,0.2436053181307042,0.17099554524503652,0.042035045518581705,0.2943275699707596,0.23167498708691814,0.28245153332730644,-0.0659342831217185,0.3802358939446682,0.0557507627617888,-0.19697594999528498,0.005433593511345905,0.15881636587596776,-0.03028451409098714,-0.12676249530785108,-0.003941025557368279,-0.06519241457406587,0.12545434305480974,0.042009862904166195
0.06993362583469391,0.2198211997843569,0.21721934927452097,0.14415211912860437,0.14600114033266598,0.15646437085743145,0.13212737203369207,0.22549444094958848,0.1506670244520013,0.15571251358950566,0.1918068413438764,0.16527228712678466,0.13396443034950864,0.17475386078990054,0.19253980349917663,0.1736611681586495,0.20231857977695447,0.21441752927511132,0.2275799948524959,0.17402015254413639,0.4507139328914204,0.16877136863382264,0.18682816112266623,0.22777586874339617,0.22327923176342268,0.11089314589860523,0.12894696579098505,0.08735182699184582,0.20445286537671373,0.2362117691020836,0.2248044158628921,0.1334375965082991,0.3660305986120448,0.1421429672504638,0.07132744974186352,0.36652353312211233,0.4393813217810377,0.4013153790668317,0.17096942623261627,0.1810006432171168,0.2063240998777852,0.35117475313594754,0.31251153863017345,0.07115069692886385,0.41847289762614576,0.3003904499919875,0.2699907088132204,-0.20263542551115923,-0.03426510812693877,0.07514559075875404,-0.00893055096197393,-0.023625779231213666,0.06580536172085041,-0.04996048331735232,-0.12964789160727822,-0.0046199378532022885,-0.10544292622966654,0.1842838677794162,-0.03458648118789903
0.07915667425775455,0.15055862382350194,0.24420873602099777,0.16491762010665678,0.16740110522096577,0.19345358267197005,0.18427308061397,0.13925779319389262,0.28044786196197385,0.1846356121035565,0.16695682234234863,0.16240020377652784,0.1516190411569906,0.1598314763673681,0.10838831956505866,0.2692933596698774,0.23720616236876851,0.16949268642062276,0.17642185222038087,0.07579416159787256,0.16877136863382264,0.6748990810498657,0.1343926331964488,0.1506727118200491,0.14833035153720026,0.2317644331934743,0.15977219911760934,0.03462487190767862,0.1857486611762186,-0.0278726831081536,0.20632484573573898,0.2863242066665245,0.1285323562388985,0.2387651588377342,0.11451933380579897,0.20036106028024525,0.16951378348881668,0.2165839124634433,0.20894010662838833,0.10401129318506205,0.08848643789976962,0.17225359012482125,0.03570433150958196,0.07377721025374111,0.08329801225673307,0.19271874605222997,0.21221096833397632,-0.13001473456119728,0.045604185211336176,0.02449748185762448,-0.0388123638375089,-0.10874917609717318,0.06456178666385133,-0.012971132236626702,-0.033951969955816994,0.047058248809581864,-0.03179487277770111,-0.1029778708924605,0.07354948923663022
0.026914370854253362,0.14846155124323304,0.23687409208014704,0.0663206426456833,0.0656631729279666,0.07123651098146741,0.08988237227656225,0.2598611813141473,0.08473073631085436,0.2767386114780322,0.1595859578582569,0.14288808647740325,0.12603727234990786,0.0735252547588409,0.1787119316471256,0.11104486174463654,0.15088802895805542,0.38715534881707997,-0.1603343131136318,0.14141544079526,0.18682816112266623,0.1343926331964488,1.1448165369748016,0.284874888200933,0.6658917360727662,0.027256720614282987,0.07496670362059206,-0.6689550080584463,0.6179392903441826,0.3019379876933843,-0.1437803728500461,-0.045160249506860366,0.31429419328861197,0.4165592722892358,0.16540878027240408,0.5238123173130781,0.3872474804481557,0.08966644641014233,0.42021030770463447,-0.010366610542113472,0.33639847272271706,0.1650017730629635,0.09328929650634941,0.12876644539768142,-0.2141892188591737,0.43579027706063733,0.3680440297471511,-0.21631869651425112,0.2432520303183161,0.19575834392512997,-0.10875875927347188,-0.021065722807173056,0.11665270539688546,-0.0875347261244199,-0.0668367323738445,-0.044507974840114345,0.008002723334547959,-0.2598411945571186,0.2869174072844676
0.06678941281288182,0.17122856458675542,0.17373467252442512,0.07687302415975861,0.11490900367971918,0.06785865511527903,0.09434443235876244,0.12839661842828737,0.14508961120540387,0.15141317622986905,0.15302748966311908,0.14552680181360875,0.14445745222861214,0.1406269487542242,0.17632948482732708,0.12389360587781134,0.1950050469063711,0.14948135170380483,0.1851019368399507,0.2447945684621212,0.22777586874339617,0.1506727118200491,0.284874888200933,0.8932886020313385,0.364641694351472,-0.25348673969638263,0.22302675795188545,-0.021235176873256684,0.029186616311937082,0.5919889196621181,0.28816751036724275,0.6871654543900999,0.7631308409472868,0.14611813776005425,-0.07005184477081362,0.47378789971394325,0.5502167185559725,0.424779108084608,-0.13216833493272578,-0.03490249065943288,0.29673812015675993,0.25786485372224766,0.15189975372821435,0.09710504549091964,-0.06125773316748201,0.5146572903973388,0.325369217347777,-0.3397582880748572,0.29886115902780347,-0.08689628830121218,-0.08166092578925915,-0.17704066438404703,0.5252782214857283,-0.12231905342225476,-0.13464500761589143,-0.1651213234843777,0.19961686225926953,-0.011400064559389965,0.018112006972219204
0.11451433429445879,0.4119017090968993,0.41607877788976083,0.15952305913738166,0.1724143397675389,0.1677226612975308,0.14438641918145817,0.24456440489190817,0.12030812437690473,0.3636848032541607,0.26243566624459486,0.2355754535601615,0.22261044421934334,0.1463310332364905,0.25555771281894785,0.18017328420490045,0.2688514679139773,0.33009945454098194,0.015347351591562515,0.4056656711624017,0.22327923176342268,0.14833035153720026,0.6658917360727662,0.364641694351472,2.5051504814345438,0.2907394957039321,0.27175920669445947,-0.25591278768794135,1.2618227509929498,0.5877332888308798,-0.233051771965394,0.2893978537911813,0.09771970661086896,0.92309689320306,0.40290813256496893,0.8396657728152381,0.606111339103728,0.5150534511552733,0.4624121203624616,0.06710229425533606,0.3872436884726388,0.30679530826650353,0.3065138348300259,0.09942648224279053,0.1909277255762661,0.8267721694110026,0.4863920070466016,-0.7641252587874322,-0.34445700450486644,-0.15221466061480268,-0.18846779036107833,-0.2532168946539058,0.6220455991852449,-0.04845216038404709,-0.1809222497243527,0.11516039684304932,-0.022571613851528453,-0.3330824483750603,0.27348431947964497
0.03338073669861986,0.13418015232299824,0.27271793428633073,0.22456320760624296,0.24476074522378174,0.3405775793842745,0.18879025414239897,0.2699596988280594,0.33943544578373575,0.2066002344965443,0.20694416029769977,0.1783671377703329,0.215135154677821,0.23908753613243497,0.15366020873984457,0.2411523271706458,0.08865064345928611,0.3526842572264177,-0.07170315974440683,0.18812184100184529,0.11089314589860523,0.2317644331934743,0.027256720614282987,-0.25348673969638263,0.2907394957039321,1.8776313155626565,0.14789828068241165,0.3029953625322873,0.8300326494053283,-0.6733231803555718,0.12376118629980216,-0.008890462324814422,-0.3040958176162813,0.5013136225875179,0.4824708502406285,0.07405949704671809,0.2135875843142905,-0.2048191064329192,0.13593706987109838,0.29657541517350744,-0.44000995388256436,0.2157790301816766,-0.03244784268836281,0.003083567649794974,0.5518221932087359,-0.11664382739816605,0.24644837077004897,-0.08328315806193977,0.7355079135611818,0.03423302743429591,0.18682462101998581,0.2853460524543948,-0.8294838258337139,0.09942812964426126,0.04128704429863226,0.10520223964429251,-0.08564873804335073,0.030543081670928698,-0.08129534378376363
0.06179160235303419,0.2563594944243881,0.19244511984250168,0.1581315654985626,0.1655585215463759,0.1680806758949255,0.14194360460116737,0.1721563488149541,0.11613832194679244,0.1844226059383756,0.1942977495596593,0.23062195411629044,0.1597924284104972,0.17561095288826228,0.160952651038503,0.20883840842737356,0.19012362249690412,0.10000960790779996,0.06701891706472432,0.28526236495718144,0.12894696579098505,0.15977219911760934,0.07496670362059206,0.22302675795188545,0.27175920669445947,0.14789828068241165,0.437150417230318,0.08264837210182172,0.2198063678839275,0.06959500655638466,0.16140741391578645,0.5015251440343584,0.05095830360008179,0.2860195948977986,0.13845835979762236,0.27875270018291476,0.27188805903142477,0.17408002674912557,0.11826774959583418,0.08660040854881963,0.1475821603855764,0.17565684213671875,0.008242760181638342,0.04041232643750362,0.04530436553615593,0.24118976525605273,0.23945909414457237,-0.15478748786380525,0.2646455802505653,-0.04548616982437624,-0.09542858401771877,-0.020653306660808234,0.1897030050523249,-0.015008397962312417,-0.10940875120487326,0.05321057972553257,-0.045417680790878656,0.04553585538803223,-0.01554508412772826
0.04258635199218563,0.13658497573537906,0.007000888887872435,0.12219321434756433,0.08739046794764571,0.15044929684403763,0.07075297253155399,-0.1732953806284037,0.13280001082379264,-0.02068703614771461,0.006653956122915864,-0.03372923152413917,-0.018312480471169443,0.11341443467170964,0.06115290585100805,0.0597907023693621,0.04469824658724438,-0.0011806750963455036,0.2759252594903199,0.02614521012126123,0.08735182699184582,0.03462487190767862,-0.6689550080584463,-0.021235176873256684,-0.25591278768794135,0.3029953625322873,0.08264837210182172,1.9869167726141224,-0.37853910216754627,0.016922624358549163,0.32011231038189,0.2762982275640996,-0.11226957984335294,-0.15041465120808326,-0.171801450656286,0.5169460279453639,0.08853245465085112,0.2909609618385089,-0.22488168277534276,0.24417067740536194,-0.17102450507480974,0.13741468785536376,0.37353552346522145,0.24964580355258845,0.8526051576852961,-0.2938626610950316,-0.33242751283178074,-0.07551097036722194,-0.22425460036768205,-0.4685556025873635,0.40550604566159587,0.7951837910064549,-1.063647372012761,0.15741749410374306,-0.19578606720148387,0.07650153973204786,0.016963918037035966,-0.07101524582834345,0.06881214912761004
0.09457368755059334,0.3976136260717068,0.4542142027666056,0.19820073062022214,0.2268412779980577,0.3021829666144603,0.15642753157365624,0.41666664122928765,0.1449427730994714,0.4343288677107301,0.3591629480188894,0.2427644837272445,0.31222750992128895,0.2469747482033504,0.2808376269248391,0.31401545823414007,0.27571190629621095,0.3995525301071471,-0.10155379360173138,0.4362023482996498,0.20445286537671373,0.1857486611762186,0.6179392903441826,0.029186616311937082,1.2618227509929498,0.8300326494053283,0.2198063678839275,-0.37853910216754627,2.7734153511008035,0.03411802603693027,-0.374651743709613,-0.040458250032121126,-0.2022339856245899,1.080333285628156,0.5549418381328598,0.5499795664164726,0.6462988540194433,-0.3081953416136131,0.4136976620889331,0.000948245557227149,-0.01502891799322693,0.25249313943702273,-0.16647441132514043,-0.09087442914600147,0.1452255963356714,0.4850025204942221,0.7752347100447263,-0.5446782106275214,0.9723890411225163,0.060026743357745785,-0.04462008883568538,0.012678390485587401,-0.1147283269133783,0.045252159298559275,0.009584216000682306,0.04837930301829203,-0.18232232809191515,-0.13558176979160605,0.3070790799881868
0.04046029330391341,-0.12004079650221533,-0.35562166101689374,0.032898825570473134,0.10825845523153882,-0.10074668483986236,0.07325721298421563,-0.056845748828929,-0.00840929750880969,-0.007026349426533029,0.01924938129264321,0.0167539278126683,0.026877326605302586,0.0561615244371577,0.12940495517279038,0.027171147378074963,0.0747379700260241,-0.04115694662101599,0.3358572752242348,0.19260247166905603,0.2362117691020836,-0.0278726831081536,0.3019379876933843,0.5919889196621181,0.5877332888308798,-0.6733231803555718,0.06959500655638466,0.016922624358549163,0.03411802603693027,2.9581314444087328,-0.11841995596377884,0.012930585323580945,0.5696830746288114,-0.4293012147914838,0.129550903174411,0.7055957206396348,0.8404338131943954,1.0028029930740896,0.021290302786407513,-0.3982428275700461,0.9778499792338007,0.21525246288333338,1.9741136062745415,0.19086134939386884,0.9138615281031863,0.5452180184350509,0.23821802952219137,-0.23717467175014886,-0.10750841971663695,-0.10204352981245002,-0.26371350840120084,-0.6109246212068854,1.1403113061613788,-0.15500069231771804,0.07904361300711454,-0.08940371532823613,0.0431006604733237,0.48312197008937985,-0.49810490706047755
0.10242930654911961,0.266433749824185,0.22901370036115024,0.1312439608130454,0.14902324026863892,0.15432896835546162,0.1202141220023498,0.100556935595588,0.2122403623263307,0.15514990558681363,0.13982202077598543,0.10066369675997686,0.09188814277123623,0.1642779000068011,0.14565795903013748,0.14935345048070317,0.18772648639777914,0.22081958533545218,0.21272151915442003,0.12576761001422793,0.2248044158628921,0.20632484573573898,-0.1437803728500461,0.28816751036724275,-0.233051771965394,0.12376118629980216,0.16140741391578645,0.32011231038189,-0.374651743709613,-0.11841995596377884,1.474972376912199,0.5437270459938259,0.30099789492057155,0.018588325305038064,0.3698899094619748,0.1582653577195824,0.3414875730063056,0.03496606988980698,-0.14452150701045616,0.08090069531433228,-0.2508532588563023,0.23709204292380304,-0.33201786350881124,0.07000588453410389,0.30209899524096945,0.16011674912989152,0.21941183039675624,-0.13121204705121883,-0.2060887559093094,-0.0404952779558172,0.2104380493486143,-0.017158933002274224,-0.14005635059622284,-0.02751747668132513,-0.024274693900216564,-0.0020653480051975744,0.14689544800258167,0.18174121464732118,-0.30457565578769924
0.06636234584937627,0.3188660377120481,0.22079354745673768,0.17903874699811706,0.23312800771420775,0.21467806529649594,0.11977221825092915,0.03613509079087294,0.23317653818467968,0.17745090544278613,0.16948389142840492,0.18816206969766897,0.13624102064484242,0.19130823753995957,0.19802361746967156,0.15819899683818597,0.19162847102074146,0.08639770605401176,0.06686755213665335,0.3348928699181213,0.1334375965082991,0.2863242066665245,-0.045160249506860366,0.6871654543900999,0.2893978537911813,-0.008890462324814422,0.5015251440343584,0.2762982275640996,-0.040458250032121126,0.012930585323580945,0.5437270459938259,2.311747285967201,-0.13296804365710582,0.4389107793808068,-0.13142252903146182,0.44998630610032064,0.22998726472096123,0.12873674541521365,-0.18854591544204874,-0.024660186846448787,0.3955561660227639,0.22003226857251543,-0.3251532531784454,0.05279879837248983,-0.23210194401772108,0.3218076042281455,0.35437170566765774,-0.14760473407726113,0.3452096721583028,-0.1850254693077943,-0.023176210646964283,-0.016907932224222773,0.37400472664882617,-0.05825062537792607,-0.4783817116965796,0.17228411689566706,0.06290592952033891,-0.07774012684722711,0.003620241490571053
0.10040683133920451,0.015951528390076474,0.18557898761952193,0.039818038146025574,0.006454222618138667,-0.03391782270621775,0.13006792550708168,0.169044668090575,0.18284677357420467,0.05855985499919102,0.12526240477969028,0.1632911612503358,0.1311451984675994,0.10081106220576201,0.13823767589184083,0.0921675025532059,0.23232820880886274,0.12430944480627466,0.3921570345743698,0.01828485165436044,0.3660305986120448,0.1285323562388985,0.31429419328861197,0.7631308409472868,0.09771970661086896,-0.3040958176162813,0.05095830360008179,-0.11226957984335294,-0.2022339856245899,0.5696830746288114,0.30099789492057155,-0.13296804365710582,2.3398244652164326,-0.5021616061887723,-0.7519402417194465,0.28140951736640746,0.8017383139861045,0.821393142597848,-0.5138390299931279,0.12967357292532133,-0.12370226034313325,0.3376481081246663,0.39577738062310674,0.1155708089603273,-0.06780642865620867,0.6903617659917403,0.24804458124615258,-0.5730801500749625,0.21725450368416968,0.032698180056617974,-0.03859853029915137,-0.1902222599768837,0.4466176610646494,-0.20553848556204532,0.14120687047960118,-0.10560862003016036,0.09225738906678156,0.2696612927370292,-0.3810790440568758
0.005593390636757523,0.4185540879416349,0.36812445614123,0.23857196503477962,0.32376058478785413,0.31156296605484135,0.1471462778318294,0.300631959322013,0.1244078848422198,0.438416152493285,0.3196331378122591,0.25959902644537025,0.23217072334265376,0.22402860166172534,0.2727630630202296,0.2731540687190217,0.257391231937197,0.3285202468059188,-0.10632912630457828,0.4690653281993554,0.1421429672504638,0.2387651588377342,0.4165592722892358,0.14611813776005425,0.92309689320306,0.5013136225875179,0.2860195948977986,-0.15041465120808326,1.080333285628156,-0.4293012147914838,0.018588325305038064,0.4389107793808068,-0.5021616061887723,2.036846132632439,0.8012268979214905,0.4442894971508261,0.46527393863583394,-0.2606214722286137,0.4753714788067658,0.09957872112950641,0.010244850764180703,0.2860857166843039,-0.5036377155467197,0.07235197374330442,-0.15949546361510883,0.2028536746729203,0.6205205549761346,-0.255880226876561,0.48106990758307894,-0.15271616529266374,-0.059519167367244184,-0.1654878216214336,0.18053268393844696,0.07804694337834905,-0.2522775783556046,0.11519014790452686,-0.17779254624988092,-0.5085286822029917,0.7152287913248542
