0.9873859672863607,0.2159417781047958,0.18223747364992648,0.0946426651429979,0.09983107715962666,0.06323254976515323,0.2351812775855811,0.16485207799640644,0.08335006598049004,0.16696165568459576,0.11157060473097684,0.11984067986754206,0.05813508850161374,0.1340296167286175,0.11634191789667982,0.08338019492437072,0.1272106658737487,0.15501553166189588,0.05043633191251272,0.07796429774433607,0.10672227032716483,0.0817233963361804,0.08119334376822732,-0.04839544757275069,0.11318511956467248,0.16508622696957684,0.09595192931037978,-0.019096503411057973,0.02309738382602357,0.009183963579523079,0.09444228553504554,-0.00885162257784788,0.04414345531829794,-0.09769946872998996,0.16107997323675458,0.06195963452963536,0.13906138630012632,0.0537707295844135,0.07737199677383912,0.02100637647577815,0.11954368689770126,0.09192681207072226,0.03151374346927637,0.020318241259417964,0.08538623044399656,0.08850125255195697,0.0751126268529124,-0.008981998221709107,-0.09163488625688058,0.01744613936647541,-0.03872008975436937,-0.06875353835787672,0.11225674808422946,0.022410836661426844,0.05556407582456909,0.056081428678715385,-0.1367370617397136,0.026574270479871313,-0.1420752070693874
0.2159417781047958,1.7678192264797692,0.8762634816295352,0.31734536296453086,0.02221711406548692,0.23979433981850165,0.18805035418424532,0.34513797847930355,0.18591368952363452,0.2919775124321212,0.2728086469413087,0.20339384240521485,0.1404966072591743,0.2791974794584306,0.4984724795853278,0.22913504159508655,0.31272100534016556,0.6254412587288221,0.17719928555607392,0.3376514544018322,0.4155716733617294,0.18355453915243486,-0.19534259888163258,0.2639232564654252,0.10408117122242033,0.7141101054979531,0.1560452309462892,0.5015838261820934,0.25117445029562363,-0.023252424979111817,0.20437884525495853,0.17048543649218773,0.20337017203678898,0.17975037420988813,0.261034993988605,0.3253789071683181,0.47323197929877175,0.23375995077458783,0.023571008825748172,0.06421862680669028,0.37852542264077693,0.3644308091116914,0.1480138839604352,0.10755826858957339,0.0836434714402449,0.29269274042924825,0.26401031452841806,-0.0034933989451197108,-0.4379260021865848,0.1119947452719126,0.01705986332855829,0.17466583357935464,-0.2366609135601697,-0.08535423368486682,-0.5965765533254227,-0.09882839515578348,-0.5884882859953285,0.43343367988810644,0.36730212867459466
0.18223747364992648,0.8762634816295352,1.789184612980753,0.0796819309391809,-0.4650134197155882,0.20655187740237424,0.2511852919435358,0.31007525668199515,0.28927395456600574,0.45575954989038814,0.19570622214247937,0.2212303487448287,0.1162034532536156,0.12810573289251334,0.27640392112533424,0.0697375766486582,0.23883134646047224,0.29286405251236164,0.04030082559950172,0.12990740896836434,0.18887687208183537,0.18017731129468925,0.01490488033101785,0.16820628963860434,0.1044105112819574,0.40850481841578024,0.2523180222903291,0.3900024258803538,0.24501019063189775,-0.29438897095183775,0.2028773199109975,0.08888412006080254,0.1772205900410956,0.16568900463359815,0.2270029777712349,0.29808087979204695,0.35264676554728164,0.14875837099545647,0.01462624513720656,-0.19431476867306993,0.21875070706651192,0.16796598015540234,-0.03912790561705673,0.06525333206276702,0.08014532125411904,0.3580989592209994,-0.0190236763159207,-0.041887978684151395,-0.6537813996282065,0.2728089615127883,0.03200420563294815,0.4659833911619617,-0.7193171294646512,-0.14919810220733537,-0.0685740723698397,0.17300946183651542,-0.38558808348959983,-0.41960282761189777,0.40706185493365493
0.0946426651429979,0.31734536296453086,0.0796819309391809,0.9958016483032208,0.42166550035279304,0.2189182239389849,0.25754898850111674,0.2075393235967608,0.09326897795900024,0.18888064180935477,0.16909942864409022,0.27118206039657333,0.09722336673602239,0.25014402626568516,0.19248643964618814,0.23070727089945206,0.17280616809615182,0.131513666105988,0.21775814499349924,0.1666206708716363,0.19829034470597584,0.15230271796831454,0.11649392340832745,0.1562489620945055,0.18520063689472246,0.24904206352589459,-0.039476057932330964,0.04252506749684387,0.18892114744836713,0.15229529368272118,0.1328097542967269,0.08798452037229952,0.013108001108253652,0.20920361601786902,0.07181767998295757,0.23155358938952456,0.14803860852314174,0.11590250231228195,0.19120738880926955,0.08475453587875417,0.13361665418321522,0.18034535573349136,0.10520938218286059,0.17028315352211185,0.0005357177189506594,0.08429699115330301,0.14254966427881047,0.007715407352592738,-0.1542933015736204,-0.09645695225031271,-0.06266608794375012,-0.208117340909368,0.3289649157366883,0.03434669928475723,-0.20337555588332668,-0.12761932856387034,-0.493415732888472,0.5246433928370644,0.1471599615857968
0.09983107715962666,0.02221711406548692,-0.4650134197155882,0.42166550035279304,0.9990453107386758,0.2464291604938182,0.12974268101478134,0.1275217702743112,0.07991514657758754,0.07746940148041456,0.1498726198660362,0.2209056087595691,0.11257837055170926,0.18380155056123076,0.1692134845678549,0.22791908197086583,0.12656078765430112,0.12826268991843168,0.3658071770227037,0.14405402255871544,0.1656844522344369,0.15895452451831857,0.09110244870723472,0.14817886773371505,0.15578774773898976,0.11226521470539101,-0.034670605533428885,-0.1471482856490361,0.19258456979627628,0.1671014128761653,0.08673147887749702,0.18519816637450515,-0.030218331381183357,0.2536795428331588,-0.0017966175217508887,0.17748182383793956,0.036499193243037825,0.09327087429268713,0.26247682760718977,0.17591401301603535,0.04274884578865845,0.1468841138716568,0.08732571885109251,0.09169085469506072,-0.05366964780468567,0.017589289886738985,0.17289490424270723,0.0334948783611545,0.36180058432926726,-0.2085088257890933,-0.09836191592463144,-0.5074420682070965,0.8836351161554783,0.03631974655073935,-0.2290129607705755,-0.10117468098755393,-0.09095519800889132,0.3115818337773429,0.01672156570099429
0.06323254976515323,0.23979433981850165,0.20655187740237424,0.2189182239389849,0.2464291604938182,0.5837025329638695,0.04264373539375122,0.32383154711857054,0.22262680332480772,0.09110459848203346,0.20890574540057333,0.21302349797484355,0.11918261247253646,0.18706978437746719,0.1740032146905208,0.21021097804738478,0.21410822449801573,0.22774218954851036,0.35506332787122746,0.21053494319969845,0.18119780333452873,0.2305127993969401,-0.03160260680377861,0.20257565472759567,0.12493224065402445,0.3425202842477025,0.08388657540474818,0.2897995397073404,0.2552532149270583,0.027806043767354495,0.13958141701518698,0.22273429161300923,0.06121554278677016,0.21440268630485457,0.01860631684413244,0.13108184975899062,0.24983526001458847,0.1259604583564648,0.21900100007720893,0.11453966387526036,0.08194311660315666,0.17733124204971282,0.19379606588487638,0.09688337735086444,0.05431192309789597,0.15460286593462036,0.18879487626715402,0.0134814027199605,0.3807022390957017,0.313012684682185,-0.07269525110982569,0.13381567608437653,-0.5455792090991325,-0.012119387438628695,-0.2423043449726666,0.018765605986231167,-0.08536874886766867,0.4094770226731473,-0.19325423788654578
0.2351812775855811,0.18805035418424532,0.2511852919435358,0.25754898850111674,0.12974268101478134,0.04264373539375122,0.7119033920190148,0.15626197221005408,0.233539433848101,0.19902035657364317,0.18042927628493927,0.33201340512144245,0.099752376772012,0.1926266968001256,0.07296131115994305,0.19954405827679272,0.20431725799710052,0.10892689071477607,0.04100957026724032,0.13551707188183823,0.17497908849932334,0.2082799559039322,0.3046946843996905,0.1523840347715466,0.1841280539133381,0.17165510506842802,0.12609038500616856,-0.11175856077612235,0.20216828774128323,0.04577541774509967,0.16175446721549855,0.1228179730282363,0.09115318735463979,0.19988100824524416,0.12082791805233636,0.22937709806549683,0.10702801446696161,0.08740332009284174,0.23738885067646603,0.041353833190558895,0.07987767594699037,0.1670250683510363,0.05203581064753638,0.055850971417154845,0.05196596704332043,0.1730304284937895,0.01450703320084358,0.014149259820969304,0.26932796804495934,-0.09208475808526687,-0.0645612246889189,-0.1614690402047155,0.34687268227663975,-0.019485019581838875,-0.0003434473474937956,0.14335319781644934,-0.13263063298265737,0.15585409030275094,-0.38693257232469114
0.16485207799640644,0.34513797847930355,0.31007525668199515,0.2075393235967608,0.1275217702743112,0.32383154711857054,0.15626197221005408,0.8026194922810513,0.1339298009069338,0.27688240647792617,0.3058299133084966,0.0660395347933149,0.14552979438009003,0.23018120383947419,0.16905897610611695,0.20288087411395211,0.26242327796626497,0.2972043196779853,0.2375229078984375,0.24287543429329653,0.15657562042484968,0.18189804938583568,0.03611706178535768,0.21154833531079323,0.14258157945840433,0.32953604869537284,0.15877863456616115,0.262666360842688,0.24028225923277133,0.11755380516103535,0.16648199439052347,0.12965375084618969,0.10514380045936081,0.18735060418610658,0.11297154756572517,0.2217517381761895,0.3236994789596479,0.1505910986422131,0.15754204138137232,0.0959304721033007,0.18945975993046682,0.16626349455786427,0.21390651020557744,0.07980176955668629,0.09244863291977368,0.2106264803667751,0.2605775215460364,0.005110508786910812,0.009200537896044254,0.2005946728099942,-0.01347722643891477,0.15756332611576662,-0.397058515916533,-0.008796165430619583,-0.20826861056423404,0.03224090292180666,-0.19109492453879104,0.351874047930124,-0.12954694258824115
0.08335006598049004,0.18591368952363452,0.28927395456600574,0.09326897795900024,0.07991514657758754,0.22262680332480772,0.233539433848101,0.1339298009069338,0.7289566191400079,0.02813464428732319,0.14285059912811976,0.14885857765466956,0.0768329100964307,0.1705065891017296,0.004483701703589217,0.0996019221943147,0.12867495352615071,0.11593905540623314,0.13295678540441222,0.1268965073877365,0.15720925673583172,0.35187379783638767,0.18448011894046845,0.1793345390964606,0.05634291324627271,0.21844876926724038,0.20341498289910193,0.11830402118608611,0.14761033183664515,0.045075478300924024,0.15735091238990817,0.1490933274495883,0.17877562832040808,0.14711090250068054,0.031412872941814184,0.24047015470357871,0.1689670124268537,0.10496028762001282,0.17923006068074696,0.061451190215330166,0.07020842196499243,0.14710037224013034,0.1486997922506984,0.049079099851279805,0.05007150860311797,0.24589088112140953,0.09060005200336771,-0.03324256115171593,-0.0423841732782504,0.07160308572846961,-0.009839683536979704,0.0645825325139063,-0.12386377925227009,-0.05525080707930297,-0.1217736009130518,0.14519302830018455,-0.05856508617579583,0.1238562949401567,-0.2513088244954711
0.16696165568459576,0.2919775124321212,0.45575954989038814,0.18888064180935477,0.07746940148041456,0.09110459848203346,0.19902035657364317,0.27688240647792617,0.02813464428732319,0.7560290568901147,0.14864599446610308,0.23249192089554457,0.11712599287732406,0.11410397973539037,0.22969927769557053,0.10938224960414925,0.2171058911382901,0.21156642042124754,0.08370481404125923,0.0873183965153562,0.08736148039058936,0.08646489567994393,0.20115430946617374,0.09512379470957533,0.20029330843369247,0.1273452776046561,0.17907609357502255,-0.03436451934164985,0.2519501915574599,-0.02789769209856703,0.16308468201404688,0.028506190783867267,-0.01280610328566939,0.2493631246277599,0.23040569644147288,0.17909691373609415,0.22683708580239245,0.05873911303006901,0.1533786899068999,-0.026069581125203512,0.18465127377544846,0.08086124890067146,0.002327580373308812,0.05253659475846459,-0.09312783640584288,0.1454148557749432,0.08315592673057681,-0.00627340990642423,-0.11290202617419341,-0.006373300086224287,-0.03461304015936138,-0.021831035502536986,0.06622284766086085,0.002440486423113361,0.15445639611610754,0.16400891503667897,-0.30281633605150005,-0.47560530911420984,0.4900617147817064
0.11157060473097684,0.2728086469413087,0.19570622214247937,0.16909942864409022,0.1498726198660362,0.20890574540057333,0.18042927628493927,0.3058299133084966,0.14285059912811976,0.14864599446610308,0.4891908034810534,0.14872105429688723,0.13893415635167808,0.13739131810930827,0.24668296722048302,0.17536615510489206,0.25273913441079027,0.2896151467574028,0.15205319426775984,0.23776349349625153,0.22781887009583351,0.1495387985791565,0.05008173442648909,0.19209734811202833,0.11571346902851402,0.31151714682948933,0.2054157122910988,0.1812384924146242,0.20559922123326668,0.09528031955093703,0.16866997796876634,0.15307688692816032,0.09833506497633544,0.1734913344590089,0.19032988155944833,0.23809239513980107,0.2150852598361364,0.14293354710003356,0.11317127486412525,0.11956499326981151,0.1800894903018157,0.2137273006133691,0.13952238716391827,0.0386919894833426,0.10386541486746807,0.22878352336251268,0.20519019458103796,0.007219928625220308,-0.14450405755274992,-0.023966571982153084,-0.01688235465683894,-0.0555842918507768,0.036130791817884506,0.05962038136421324,-0.20892380953427656,0.041674146330831795,-0.09942991314811786,0.2659671158986749,-0.18512549302762557
0.11984067986754206,0.20339384240521485,0.2212303487448287,0.27118206039657333,0.2209056087595691,0.21302349797484355,0.33201340512144245,0.0660395347933149,0.14885857765466956,0.23249192089554457,0.14872105429688723,0.723549148043815,0.10917301249153909,0.13977617692867017,0.1306158895804638,0.20478684119094406,0.1236393989780001,0.06282283832762586,0.1594542569616637,0.11025168187725026,0.12144098927443774,0.18103576285209697,0.17142315314110654,0.11359309657648704,0.16507193003646392,0.10441958908659828,0.10768521283478459,-0.04658657384538351,0.1853917930047399,-0.011584104968929206,0.1552318562146359,0.16343932770373953,0.04684184856527166,0.2212682020068898,0.03200800005304335,0.13660537872312215,0.14650823055887094,0.07082428089797377,0.1855168950566639,0.05324912143710094,0.010432264440085227,0.11954210941936023,0.06978805870813827,0.07348408262248943,-0.06489904462822149,0.0766468694916551,0.008461737564850129,0.029173252169251568,0.5141299767817348,-0.06964342537297882,-0.058676146372957254,-0.13593844454250323,0.2088631703132092,0.01775814862490544,-0.06600994874341676,0.09410961322293632,-0.17631735270912371,0.09057852505092048,0.023417263093842594
0.05813508850161374,0.1404966072591743,0.1162034532536156,0.09722336673602239,0.11257837055170926,0.11918261247253646,0.099752376772012,0.14552979438009003,0.0768329100964307,0.11712599287732406,0.13893415635167808,0.10917301249153909,0.2932929664291861,0.08833059436091421,0.018853397064341006,0.10683660788045843,0.10595391523125541,0.12525328785359618,0.10788557806768719,0.10364619234994005,0.08261776830236536,0.10695209860009106,0.08723489903603977,0.12788166507238774,0.11733035913671784,0.13234470815573515,0.13835127303984224,0.07837816900021924,0.16699844945338801,0.06784759661822946,0.09736414890731075,0.11686088695325612,0.10845490120227581,0.12484793468450138,0.12872372709039429,0.12866802327666987,0.12481340529750048,0.07347424187528459,0.1108962783919189,0.07020187251304616,0.08117706930163841,0.09256292811157944,0.08733441123120106,0.0522101404255117,-0.009804125458873754,0.1543611551815431,0.10288090679285049,0.012342489795853418,0.10564785645505889,0.08905611946616669,-0.010520731359007015,0.02619471365437841,-0.07426121585157537,-0.03463810126408589,-0.08803265444349222,-0.020207201770845278,-0.013491797296089686,0.08141817561391063,-0.03595242360862069
0.1340296167286175,0.2791974794584306,0.12810573289251334,0.25014402626568516,0.18380155056123076,0.18706978437746719,0.1926266968001256,0.23018120383947419,0.1705065891017296,0.11410397973539037,0.13739131810930827,0.13977617692867017,0.08833059436091421,0.5233521611730726,0.2626010177491168,0.27619736773852266,0.22776025906072755,0.2618201959603004,0.15784899993482157,0.1983050318983354,0.2307778121806035,0.21952239396937415,0.14933350638442,0.17919863557029755,0.16267652981246464,0.31603476452068024,-0.004525748958906872,0.07292334062402193,0.215342183027103,0.10917077519090711,0.13195253211446925,0.11443163453663907,0.037232049549906145,0.19047399195654632,0.05560252854692903,0.14655369667992418,0.2600255263575559,0.10536835750262656,0.16756400671762395,0.12960088272361323,0.20743158224235284,0.2105606315417222,0.23865583125627074,0.10595034284644367,0.014992702108650509,0.11200595179696797,0.20358684785006553,0.007848495707608977,0.2966124350406078,0.05402707487370706,-0.012113097448516604,-0.05882619004290733,-0.030016795397156546,0.030495914200641513,-0.2807671434177362,0.05320933429211034,-0.25829690796122834,0.44356488767072366,-0.0287403723993128
0.11634191789667982,0.4984724795853278,0.27640392112533424,0.19248643964618814,0.1692134845678549,0.1740032146905208,0.07296131115994305,0.16905897610611695,0.004483701703589217,0.22969927769557053,0.24668296722048302,0.1306158895804638,0.018853397064341006,0.2626010177491168,1.064057801743147,0.2198012225972535,0.38849650158481724,0.5731253269196978,0.14701510683497507,0.2962339800524961,0.3098656266564202,0.11097515238800931,0.09942092173141463,0.259927201717889,0.20331517925442927,0.5401829142631374,0.17323515079929877,0.18516629785478506,0.26131906868097987,0.06837273732072884,0.21659762751124056,0.09262699926085995,0.15098709185141515,0.24329692387657317,0.20355036379373265,0.232447548026904,0.4194074475012696,0.13672123864146987,0.21375549580183353,0.10027694233237693,0.32937455775153995,0.2832749202338024,0.183604847667762,0.049000113264566506,0.011919449604073606,0.2395107996039403,0.31011903763455695,0.025269403770036475,0.1119067036129186,0.2524488080574151,-0.048587761441648954,0.08573262209891802,-0.16792295806099952,-0.14781924331831034,-0.29648775851556486,0.18217854401297992,-0.3473799543379297,0.3688095468773993,-0.09098113232576839
0.08338019492437072,0.22913504159508655,0.0697375766486582,0.23070727089945206,0.22791908197086583,0.21021097804738478,0.19954405827679272,0.20288087411395211,0.0996019221943147,0.10938224960414925,0.17536615510489206,0.20478684119094406,0.10683660788045843,0.27619736773852266,0.2198012225972535,0.7470802877340059,0.1846228750439539,0.29599879706562277,0.2607482443777005,0.1589546457112557,0.22024373912516856,0.38307520568281944,0.06657090540172883,0.21332882375721748,0.10707468832587143,0.2958578641439336,0.0495784474676106,0.3067580531704471,0.26465946041517924,0.10051680460522072,0.1277474421573994,0.23121676151486595,0.09247062571139583,0.2369126715170138,0.07776595310964765,0.14740789025980766,0.16377854399275565,0.0962474968046148,0.2510533025191167,0.13987846394736808,0.20894114397557947,0.2627191875926709,0.20313197891011212,0.13556964224015394,-0.06919727203937188,0.11612387020602588,0.18740855978035062,-0.011119184894572615,0.48802582547113,0.1167962232708298,0.0021550930493253566,0.09872706022061241,-0.22759613024886194,-0.06645100966657448,-0.27096843395924575,0.0912665193415933,-0.2186067387519286,0.43538829329027046,-0.09773836406820413
0.1272106658737487,0.31272100534016556,0.23883134646047224,0.17280616809615182,0.12656078765430112,0.21410822449801573,0.20431725799710052,0.26242327796626497,0.12867495352615071,0.2171058911382901,0.25273913441079027,0.1236393989780001,0.10595391523125541,0.22776025906072755,0.38849650158481724,0.1846228750439539,0.8965940217661125,0.5796762409552879,0.1835561303290243,0.2829925687992106,0.3472730919982126,0.16166231088363553,0.07495557320376918,0.2020645438244737,0.19305985494828679,0.4814558105324979,0.22483024924978456,0.1997459288305704,0.28183496797573626,-0.03388316122599237,0.20018548975426478,0.1390917475764935,0.21466439854325825,0.20873876031801933,0.1961481498271183,0.15875129323400283,0.41368932876051023,0.1530192629611421,0.2046108884856376,0.13136466613959114,0.2523611592790159,0.2918868336403609,0.18059322988582552,0.03483580665312666,0.06961879966784926,0.26278762966218555,0.29228031813911326,0.02227166102514764,0.15448214534382054,0.24588465165430226,-0.015974385059871452,0.024026677945019653,-0.26820724484210046,-0.0533361759205253,-0.18856671981870146,0.09097927110349288,-0.16436997081774435,0.23051785386142962,-0.1506490495270214
0.15501553166189588,0.6254412587288221,0.29286405251236164,0.131513666105988,0.12826268991843168,0.22774218954851036,0.10892689071477607,0.2972043196779853,0.11593905540623314,0.21156642042124754,0.2896151467574028,0.06282283832762586,0.12525328785359618,0.2618201959603004,0.5731253269196978,0.29599879706562277,0.5796762409552879,1.8017869824739918,0.2221387673451038,0.057500895913321255,0.4683085084207097,0.16687132777088048,0.06606282752134385,0.3065379392144938,0.1420106058943852,0.941219071754651,0.3775472491627466,0.26312705585582846,0.32838187603075003,-0.17793120799512557,0.24913462084892046,0.17740967025194143,0.2303330324775634,0.24707237538748567,0.3658354431596575,0.3101982636430571,0.4570618858246788,0.06143693334477206,0.1692545257737535,0.17672984346735623,0.44122358598337386,0.3839408927112967,0.15540231182505235,-0.02322903988114964,-0.0704279487869212,0.35383056898790977,0.7566958102677466,-0.02475873548923015,-0.18036307897010112,0.31192473379336383,0.02173339781838641,0.13395297821146962,-0.31671406631377463,-0.175674691956483,-0.33062646771411497,0.11953493158250823,-0.17525661172299478,0.361211126271672,-0.2858285700827959
0.05043633191251272,0.17719928555607392,0.04030082559950172,0.21775814499349924,0.3658071770227037,0.35506332787122746,0.04100957026724032,0.2375229078984375,0.13295678540441222,0.08370481404125923,0.15205319426775984,0.1594542569616637,0.10788557806768719,0.15784899993482157,0.14701510683497507,0.2607482443777005,0.1835561303290243,0.2221387673451038,0.7079564572414316,0.06556708366938047,0.17943800881476102,0.22557263890266707,-0.15569384721521398,0.18062696725095437,0.14777062090176393,0.1321018425804967,0.03936323042731174,0.420477345736202,0.18211269104605088,0.10575677660947044,0.12011086255704416,0.20380097359065957,0.16151262318012957,0.1628026777220822,-0.011609325026528816,0.15162363283808844,0.18833548753387305,0.08718266502357515,0.19468946849967234,0.0565938241580651,0.06970051045666156,0.16231084018734263,0.08493070168918103,0.08226073429372213,-0.004884932056432682,0.12589947486430972,0.14869416287014672,0.017326747267107232,0.25089615533928217,0.14417986167727687,0.12936442163024273,0.4043351713447647,-0.6270050162913966,-0.12148389968430413,-0.20004514258829378,-0.015025145763734607,-0.09264076892139861,0.3016990201080875,-0.07364784482943065
0.07796429774433607,0.3376514544018322,0.12990740896836434,0.1666206708716363,0.14405402255871544,0.21053494319969845,0.13551707188183823,0.24287543429329653,0.1268965073877365,0.0873183965153562,0.23776349349625153,0.11025168187725026,0.10364619234994005,0.1983050318983354,0.2962339800524961,0.1589546457112557,0.2829925687992106,0.057500895913321255,0.06556708366938047,0.9477380720854651,0.23124441174433374,0.13870731700055228,0.10293285752371138,0.2738007164997136,0.2230769520098459,0.5131210729291389,0.17536043098213136,0.24474451755245763,0.28414254716172005,0.2610393187500444,0.2830110255548502,0.25186827955641994,0.1694520307531447,0.2857909298640453,0.16328830751320553,0.2549280214890325,0.45108232770364265,0.427778155947652,0.447806864412904,0.27490050400216864,0.337319605305101,0.32265034071025067,0.29129183190402347,0.06297277528870551,0.22547973526214754,0.3624792221211053,0.13677244152068144,0.09509847127846699,0.5085486120090444,0.17135548903570175,-0.1300020140830847,-0.022674408610368197,0.07212048794582,-0.0652465869105378,-0.20269455808737083,-0.011077838403634828,-0.08322132725629401,0.3460116635597647,-0.19259933744035954
0.10672227032716483,0.4155716733617294,0.18887687208183537,0.19829034470597584,0.1656844522344369,0.18119780333452873,0.17497908849932334,0.15657562042484968,0.15720925673583172,0.08736148039058936,0.22781887009583351,0.12144098927443774,0.08261776830236536,0.2307778121806035,0.3098656266564202,0.22024373912516856,0.3472730919982126,0.4683085084207097,0.17943800881476102,0.23124441174433374,0.689989154863174,0.16672480458037825,0.11826979446922228,0.2043686437973336,0.12603050086805573,0.5604801413819698,0.1386768819704585,0.18910601522447,0.220478133730303,0.07545618969735526,0.19281652546877998,0.23017336628041568,0.14606377304115675,0.23043219546520963,0.28179881464831363,0.19196290229396168,0.2190670801498214,0.13771655401382255,0.23402798285846904,0.16113499763378714,0.37383813839093133,0.496396557950764,0.11295511364666974,0.0907217823355014,0.03787461906190493,0.2376438023895892,0.2707512942139014,0.034185550932856426,0.16223459390607614,0.11928726823946909,-0.007405570136760504,-0.021635215275534834,-0.09925375555157422,-0.03923773459464737,-0.25940773685509877,-0.0008838460629016491,-0.1765612482750638,0.28979158012865325,-0.08747931093593093
0.0817233963361804,0.18355453915243486,0.18017731129468925,0.15230271796831454,0.15895452451831857,0.2305127993969401,0.2082799559039322,0.18189804938583568,0.35187379783638767,0.08646489567994393,0.1495387985791565,0.18103576285209697,0.10695209860009106,0.21952239396937415,0.11097515238800931,0.38307520568281944,0.16166231088363553,0.16687132777088048,0.22557263890266707,0.13870731700055228,0.16672480458037825,0.7254412675807839,0.13745227641042998,0.19006792590863433,0.10562544901297093,0.23294115024682827,0.15658089909543096,0.17585917285004368,0.22209212306814857,0.04766945553353715,0.15340924376394324,0.23909828196719699,0.15268842028838234,0.22877911396555553,0.03519680972651251,0.14855173241004302,0.20195562195481911,0.11865496969464996,0.28923512608938795,0.11742579593233583,0.1255766164381808,0.1893606674259472,0.2846985872582118,0.10483255070453444,-0.025840707303048844,0.19430340953766934,0.10448194599323217,-0.08445226741873813,0.5536376529093101,0.15442640885079692,-0.005928102482287147,0.10142154292430253,-0.24975033181601078,-0.07770547613871841,-0.18198205256494288,0.11293544980993328,-0.10886971037041805,0.25254226919577716,-0.16877174115415636
0.08119334376822732,-0.19534259888163258,0.01490488033101785,0.11649392340832745,0.09110244870723472,-0.03160260680377861,0.3046946843996905,0.03611706178535768,0.18448011894046845,0.20115430946617374,0.05008173442648909,0.17142315314110654,0.08723489903603977,0.14933350638442,0.09942092173141463,0.06657090540172883,0.07495557320376918,0.06606282752134385,-0.15569384721521398,0.10293285752371138,0.11826979446922228,0.13745227641042998,2.0306613726714136,0.17779572453822068,0.44983182510150505,-0.13981620954049243,0.15523638342713678,-0.9885712818252649,0.4316917917824544,0.25548820305056746,0.3211583727349046,-0.09693192632605671,0.1340082455198416,0.41800658069390695,0.10174925457287505,0.5276658200887323,0.35313248652774004,-0.007266614894903433,0.8197246269284268,0.2641599628928798,0.022138976189303276,0.0981222259604792,0.25749685569579617,0.16465648833794178,-0.04898715490653325,0.34662413244013585,0.17783920139002904,0.10825240488252494,0.4462329687513328,0.24370528996522642,-0.08112323293963962,-0.28798826460394955,0.2557157429458499,-0.14417661304270188,0.08840703989646759,0.16085237707354808,-0.10694237079337862,-0.0604746658545062,-0.15394046328539732
-0.04839544757275069,0.2639232564654252,0.16820628963860434,0.1562489620945055,0.14817886773371505,0.20257565472759567,0.1523840347715466,0.21154833531079323,0.1793345390964606,0.09512379470957533,0.19209734811202833,0.11359309657648704,0.12788166507238774,0.17919863557029755,0.259927201717889,0.21332882375721748,0.2020645438244737,0.3065379392144938,0.18062696725095437,0.2738007164997136,0.2043686437973336,0.19006792590863433,0.17779572453822068,0.9812987819092798,0.12773418509729073,0.4598264183173853,0.21031824514070468,0.24821366877590278,0.25655641736295565,0.4403106397608143,0.1974911822605754,0.309484303919713,0.5277752721185045,0.15388423135996684,0.18682976224691647,0.4355234170592546,0.3851995784231783,0.20631050596945183,0.09709436446997746,0.10215051419240555,0.18001426807671014,0.2482207456875924,0.2557378002648306,0.08915670180735186,0.02441419641809924,0.3677891317955262,0.38010346959950075,0.03956901465891909,0.027019735082273864,0.23761531729624757,-0.036159397744050685,0.08420825333919241,-0.23480669918884567,-0.13693929033101543,-0.2652538021309032,0.015777831405292462,-0.045993166556052914,0.3452680119168887,-0.3113636432108115
0.11318511956467248,0.10408117122242033,0.1044105112819574,0.18520063689472246,0.15578774773898976,0.12493224065402445,0.1841280539133381,0.14258157945840433,0.05634291324627271,0.20029330843369247,0.11571346902851402,0.16507193003646392,0.11733035913671784,0.16267652981246464,0.20331517925442927,0.10707468832587143,0.19305985494828679,0.1420106058943852,0.14777062090176393,0.2230769520098459,0.12603050086805573,0.10562544901297093,0.44983182510150505,0.12773418509729073,1.853572051106819,-0.16572864594360223,0.1449732905296528,-0.13006268745606095,0.7940379432865987,0.38557757158661815,0.31999367079435354,0.02297922206566951,0.11408374166959143,0.4830451486705738,0.30062450249426653,0.42848119499143733,0.31233123501176374,0.16950553613493746,0.31226138340884557,0.08387607453403702,0.18806245506007643,0.10964833955079409,0.040243943514747756,0.08439866935900049,-0.10432285534768823,0.53089266902519,0.25167623303354875,0.004918596239901136,0.07267791968332091,-0.08590907945324626,0.04049962433380705,0.04051239983342139,0.18348987618536058,-0.12281030664278143,0.05155851732935309,0.05163953896845923,-0.2219601312910646,0.10907156774776233,-0.031515122336375156
0.16508622696957684,0.7141101054979531,0.40850481841578024,0.24904206352589459,0.11226521470539101,0.3425202842477025,0.17165510506842802,0.32953604869537284,0.21844876926724038,0.1273452776046561,0.31151714682948933,0.10441958908659828,0.13234470815573515,0.31603476452068024,0.5401829142631374,0.2958578641439336,0.4814558105324979,0.941219071754651,0.1321018425804967,0.5131210729291389,0.5604801413819698,0.23294115024682827,-0.13981620954049243,0.4598264183173853,-0.16572864594360223,3.2512695015172035,0.20820851107368907,0.4173930706825522,-0.14253021516008266,-0.71535943653613,0.2510984014110646,0.5316330063785645,0.17433340625841542,0.1686782732771415,0.5648189053227005,0.010760399301433889,-0.025816159375520016,0.23805395105104196,0.47565825935990397,0.3180803680884419,0.7299047292897173,0.6471747384801029,0.14038205537439627,0.08207748776402538,-0.20618851981419753,0.2920284601901893,0.07185689743060047,0.038688906659893885,0.6200836415572073,0.9713211965300642,-0.30416431250988246,0.23694674956018194,-0.8337648846321624,-0.19055627708013986,-0.45354983588923475,0.012983645986585511,-0.3491560240060209,0.6881282829972142,-0.3252374434174086
0.09595192931037978,0.1560452309462892,0.2523180222903291,-0.039476057932330964,-0.034670605533428885,0.08388657540474818,0.12609038500616856,0.15877863456616115,0.20341498289910193,0.17907609357502255,0.2054157122910988,0.10768521283478459,0.13835127303984224,-0.004525748958906872,0.17323515079929877,0.0495784474676106,0.22483024924978456,0.3775472491627466,0.03936323042731174,0.17536043098213136,0.1386768819704585,0.15658089909543096,0.15523638342713678,0.21031824514070468,0.1449732905296528,0.20820851107368907,2.2837556040018225,0.0015387566735475787,0.10827970275152776,-0.021494940981707816,0.47001149062950603,0.1858389141567847,0.6492554917409918,0.17801007738638255,0.4834109313700555,0.5539461097713604,0.5383832488316698,0.24293301698912514,-0.022509759190130475,0.16412372702062883,0.31662094811344244,0.162463402996466,0.21081993345307498,-0.16112674469532046,-0.15344021113629258,0.7590294939793129,0.18545147659972994,0.03091478027581076,-0.3243579599629741,0.06584189391758898,-0.14032858014188168,0.07176047450789244,0.1800217768729967,-0.1319365252625945,0.14653572129286382,0.12468627833136213,0.13705355960797613,-0.25046959953064224,-0.027087181863333788
-0.019096503411057973,0.5015838261820934,0.3900024258803538,0.04252506749684387,-0.1471482856490361,0.2897995397073404,-0.11175856077612235,0.262666360842688,0.11830402118608611,-0.03436451934164985,0.1812384924146242,-0.04658657384538351,0.07837816900021924,0.07292334062402193,0.18516629785478506,0.3067580531704471,0.1997459288305704,0.26312705585582846,0.420477345736202,0.24474451755245763,0.18910601522447,0.17585917285004368,-0.9885712818252649,0.24821366877590278,-0.13006268745606095,0.4173930706825522,0.0015387566735475787,3.947339668251662,-0.5079501943048581,0.3100127080823639,0.3103663461136078,0.2734426145397789,0.6290682576397008,-0.1942837603585505,-0.05458982657572929,0.6090474266601507,0.39897004478826603,0.21137494482451347,-0.1298501760393966,-0.09102980565442521,0.5662426888027177,0.2937616701712107,0.22530733241074033,0.2712738438295303,0.13709965507235464,0.3445618799471832,0.2007052976723747,-0.016262674400208173,-0.7811618192304809,0.30879344630532524,0.26930090013716973,1.554531544108351,-2.361018448111807,-0.17896807184688512,-0.3544710658032948,-0.05705653844990538,-0.0869544367473771,0.42461179431794316,-0.10460522017852966
0.02309738382602357,0.25117445029562363,0.24501019063189775,0.18892114744836713,0.19258456979627628,0.2552532149270583,0.20216828774128323,0.24028225923277133,0.14761033183664515,0.2519501915574599,0.20559922123326668,0.1853917930047399,0.16699844945338801,0.215342183027103,0.26131906868097987,0.26465946041517924,0.28183496797573626,0.32838187603075003,0.18211269104605088,0.28414254716172005,0.220478133730303,0.22209212306814857,0.4316917917824544,0.25655641736295565,0.7940379432865987,-0.14253021516008266,0.10827970275152776,-0.5079501943048581,2.276676341461362,0.09161844848615422,0.06639178413829185,0.2379460313347785,0.047405436915475586,0.738651098832451,0.006969472571805033,0.3413489596943521,-0.20583732797712712,0.03418888827862677,0.3350391833730755,0.05337050887244201,0.11629325360187438,0.18170345107198985,-0.2778612279864788,-0.08235245382322313,-0.3104029638139714,0.4527329353485354,0.209902193570859,0.016847546436954578,0.7466833640332229,0.19506595810725136,-0.09785871320684106,-0.06187922272743573,-0.022401353263752144,-0.07670152128900713,-0.041792354862804464,0.12204080363048228,-0.18195307346149023,0.12857776593912812,0.01593464388556753
0.009183963579523079,-0.023252424979111817,-0.29438897095183775,0.15229529368272118,0.1671014128761653,0.027806043767354495,0.04577541774509967,0.11755380516103535,0.045075478300924024,-0.02789769209856703,0.09528031955093703,-0.011584104968929206,0.06784759661822946,0.10917077519090711,0.06837273732072884,0.10051680460522072,-0.03388316122599237,-0.17793120799512557,0.10575677660947044,0.2610393187500444,0.07545618969735526,0.04766945553353715,0.25548820305056746,0.4403106397608143,0.38557757158661815,-0.71535943653613,-0.021494940981707816,0.3100127080823639,0.09161844848615422,2.4783165399961513,0.29945755778517047,-0.015078134731490772,0.37676558003052024,0.03666546037896201,0.2648629275648439,0.8914220730604336,0.7436567694223949,0.269698264763203,-0.18123711012430282,-0.0014956499835555605,0.46994587538906957,0.08930449367747761,0.5193798264431134,0.22905530479771405,0.28545643489551686,0.463325107271701,1.1303196760561482,0.01581703898122895,-0.765826227255684,-0.4364795997870855,-0.00932439647938627,-0.2536682015769844,0.5634909080895114,0.05704348276332586,0.008453240108361489,-0.21202316126534285,0.006147302597603178,0.5740987265820486,-0.47325556902442667
0.09444228553504554,0.20437884525495853,0.2028773199109975,0.1328097542967269,0.08673147887749702,0.13958141701518698,0.16175446721549855,0.16648199439052347,0.15735091238990817,0.16308468201404688,0.16866997796876634,0.1552318562146359,0.09736414890731075,0.13195253211446925,0.21659762751124056,0.1277474421573994,0.20018548975426478,0.24913462084892046,0.12011086255704416,0.2830110255548502,0.19281652546877998,0.15340924376394324,0.3211583727349046,0.1974911822605754,0.31999367079435354,0.2510984014110646,0.47001149062950603,0.3103663461136078,0.06639178413829185,0.29945755778517047,0.84147304744255,0.1011188426572167,0.2676141337354391,0.25410245725484226,0.252385937392715,0.8562608156246112,0.6553733779919175,0.2620809630421181,0.435496105143193,0.15295423508834807,0.39293127798251337,0.20584518526320322,0.15891507067181432,0.09954212235799947,0.11004285355126352,0.5393465044219385,0.27686674927804705,0.03306234823938972,-0.23004575814415154,0.2614076941268012,-0.07243751290953125,0.11143259324080587,-0.13377304874218376,-0.13784032983324918,-0.04754236894167,0.07278656644503775,-0.13379824376931893,0.09089717806810667,-0.1132299267992328
-0.00885162257784788,0.17048543649218773,0.08888412006080254,0.08798452037229952,0.18519816637450515,0.22273429161300923,0.1228179730282363,0.12965375084618969,0.1490933274495883,0.028506190783867267,0.15307688692816032,0.16343932770373953,0.11686088695325612,0.11443163453663907,0.09262699926085995,0.23121676151486595,0.1390917475764935,0.17740967025194143,0.20380097359065957,0.25186827955641994,0.23017336628041568,0.23909828196719699,-0.09693192632605671,0.309484303919713,0.02297922206566951,0.5316330063785645,0.1858389141567847,0.2734426145397789,0.2379460313347785,-0.015078134731490772,0.1011188426572167,0.9792768633830901,0.16661329681450088,0.3067942220798271,-0.08505589242149282,0.12135118554955567,-0.1251897359414039,0.18554289869731574,0.16217496897290493,0.09391481770835886,0.1408462806709393,0.27611002398954737,0.03336214832796253,0.024623936081212595,-0.1430319388238966,0.26353532036247934,0.06829224328204735,0.02742037169669592,0.5989900160366636,0.13063914790704906,0.005805977274722988,0.06617930975475712,-0.21699781158085016,-0.0469639096046508,-0.20059563963440094,-0.05872283315277729,0.23878754169089753,0.12722512588312843,-0.24227679557415538
0.04414345531829794,0.20337017203678898,0.1772205900410956,0.013108001108253652,-0.030218331381183357,0.06121554278677016,0.09115318735463979,0.10514380045936081,0.17877562832040808,-0.01280610328566939,0.09833506497633544,0.04684184856527166,0.10845490120227581,0.037232049549906145,0.15098709185141515,0.09247062571139583,0.21466439854325825,0.2303330324775634,0.16151262318012957,0.1694520307531447,0.14606377304115675,0.15268842028838234,0.1340082455198416,0.5277752721185045,0.11408374166959143,0.17433340625841542,0.6492554917409918,0.6290682576397008,0.047405436915475586,0.37676558003052024,0.2676141337354391,0.16661329681450088,1.7817781774612775,-0.2409261438567319,-0.003946584690894937,0.24119096536078666,0.7729775684743666,0.2004002584617188,-0.12261620912202904,0.0010049966705475235,-0.07966969950886513,0.21119861844982782,0.2510872662051552,0.04245459368847354,-0.1815183156853655,0.5477496516516176,0.35076840977010876,0.10593353204877065,-0.08942830520099844,0.738167155493678,0.04091956253695035,0.5682574900659918,-1.0445701018777482,-0.38888176206100067,-0.1791380144343538,-0.025928637637966993,0.03623892241242432,0.15502737782979845,-0.2902845701259435
-0.09769946872998996,0.17975037420988813,0.16568900463359815,0.20920361601786902,0.2536795428331588,0.21440268630485457,0.19988100824524416,0.18735060418610658,0.14711090250068054,0.2493631246277599,0.1734913344590089,0.2212682020068898,0.12484793468450138,0.19047399195654632,0.24329692387657317,0.2369126715170138,0.20873876031801933,0.24707237538748567,0.1628026777220822,0.2857909298640453,0.23043219546520963,0.22877911396555553,0.41800658069390695,0.15388423135996684,0.4830451486705738,0.1686782732771415,0.17801007738638255,-0.1942837603585505,0.738651098832451,0.03666546037896201,0.25410245725484226,0.3067942220798271,-0.2409261438567319,1.3113766586718383,0.2396037689818856,0.39020721578792084,0.073557772512573,0.1208773240540366,0.5936474683471901,0.1296333324411229,0.21745433936773723,0.20785157057109677,0.0378873085303085,0.11812125933298961,-0.29074433221231033,0.3141929257408117,0.15169858744353676,0.05685357970041721,0.9643365266199702,-0.2345010782189316,-0.049104352394287364,-0.11156743444392617,0.3876062889755479,-0.09702020994894328,-0.05497650526261131,0.12565618919070465,-0.15491471913728327,0.0392755726513322,0.09963853540675964
