0.9971013493151483,0.23248291369067486,0.18048871846092313,0.09995850311095067,0.10439222507189577,0.06306771690578052,0.22759517680015232,0.1595719274645395,0.07383884029606683,0.16376256467233483,0.10715199842562496,0.11947517609274527,0.0629879302980289,0.13102022927701432,0.1376823926002647,0.09036306753139978,0.12796000181194656,0.1691751771307,0.05430937457139532,0.0706777885120508,0.11144957540377451,0.07894564576174236,0.06837481607207738,-0.04451971786163325,0.11835811069774967,0.18326904939043612,0.09201238397499001,0.0016508587678192425,0.027255928332161335,0.007209873293493213,0.09282059038363495,-0.007905513719764065,0.047715483669138435,-0.1015563020262002,0.16182525702593947,0.067572969613937,0.1271817248981835,0.04662205982633357,0.062150817303196354,0.010450818757087811,0.12532610565170896,0.09486195814376756,0.005115766401223612,0.020232315708419733,0.04581425170455967,0.08395039755899228,0.07894065135445144,-0.008989423160262218,-0.10523686042187164,0.02342813407944109,-0.03912418864834211,-0.05510518318649199,0.09765915477013079,0.013455434653238762,0.021028599771193576,0.05355017131853775,-0.14139780886008843,0.05124643666461166,-0.14194631161553764
0.23248291369067486,1.794789630266294,0.9087005728634855,0.3404941469828601,0.016914237885923618,0.241915369953849,0.24274351630281862,0.37734714874005104,0.21476630688494536,0.3130104366381446,0.281738183952895,0.21934069883285326,0.1431185184994848,0.27440180409250486,0.48950764136840974,0.22334007757944407,0.29840624859726295,0.6343416479000273,0.16603580833535247,0.3569456827358196,0.40677238521016684,0.19100474172810275,-0.17459772314034938,0.26684233229790727,0.1367231914778152,0.7000728767844621,0.16362890017885856,0.450924211627997,0.26988585848511215,-0.05040475224434151,0.2165735037988701,0.16716319536426535,0.2098352107002437,0.19637231469136066,0.23882502190582428,0.32792800047211623,0.46634295887913196,0.2477107804936251,0.04652385257721824,0.06869215913809976,0.36428952585930274,0.36178863288979446,0.1445840525560291,0.10353121618655649,0.14573486696469068,0.29890448583449913,0.25497376133438,-0.02165156874848655,-0.4597206556647745,0.11115375070538686,0.018749908813661297,0.17081333044880498,-0.22850881872451717,-0.09761122792364849,-0.5579080890392261,-0.05021049152115439,-0.591807141410981,0.40625629585457623,0.31876680276023445
0.18048871846092313,0.9087005728634855,1.807892525884556,0.0657006712118353,-0.48759249523513554,0.18255957032936965,0.26405805510905855,0.30732771285399074,0.28498302274825027,0.4964844732746785,0.20520808037958885,0.22502652811194748,0.11118838862094403,0.1194293247924674,0.28700085741944314,0.0742980830495669,0.23274872394782128,0.35095433309949137,0.012849826813374583,0.13851005354716586,0.19093530458978644,0.1699603821924146,0.025796020067098545,0.16819635762423515,0.10714287277651706,0.41919187637575833,0.2425186706334224,0.34403937274102797,0.2531896224905544,-0.3054675362504302,0.19766033523674817,0.0715891437690607,0.16840412473039118,0.17487137157260677,0.25497607258508187,0.29953041546270553,0.35996776097136746,0.15898097543099485,-0.0011341450754286883,-0.17175787558927932,0.2212426752753149,0.1746001536439895,-0.032882396675142075,0.06576104243004378,0.15990608465702258,0.3442688751294925,-0.0028930824141744547,-0.061552767120048334,-0.6862520360905375,0.2226591644841782,0.04630868279707192,0.4293463048984848,-0.6623407425202525,-0.12381566083571191,-0.14360907521509136,0.1701795819668146,-0.3535044691118912,-0.3415546641451402,0.3244865362626334
0.09995850311095067,0.3404941469828601,0.0657006712118353,1.0484744933717312,0.4470747094013023,0.23988018207950107,0.28777222773958355,0.22309556129552438,0.08942248459349736,0.15234802462591093,0.1694315293982176,0.2890270612326199,0.11188592148154462,0.2603288408057967,0.21921100916172637,0.25628691464745634,0.1702271124703869,0.14903572242150526,0.23052183285417732,0.177549108431931,0.21258134071418275,0.16595072483655698,0.11552230440427042,0.1576927172110095,0.21048823435997052,0.27774769740297695,-0.05209826777192691,0.04428718453295985,0.19714680314327207,0.13889598006772472,0.14119420698127533,0.09970979236904742,0.008905633699640777,0.21699705071318362,0.02954446149707786,0.22572547960143652,0.13782423289572482,0.12181468074894175,0.21999873440545778,0.09525095272270794,0.13605264235501902,0.19605707398052982,0.14165309056736458,0.18019973554795238,0.005023291383015845,0.08269203191981621,0.14558106084922318,0.008460553361921136,-0.1124084248540327,-0.06074776558383041,-0.06671036236252187,-0.2007449064170739,0.3045171549595338,0.00573287905524066,-0.21616491376017968,-0.09726481353396059,-0.5215882534984461,0.599393251343767,0.08850732826573114
0.10439222507189577,0.016914237885923618,-0.48759249523513554,0.4470747094013023,1.0311002794484705,0.2627453888981335,0.14895271590450174,0.13238635794197914,0.07732636479427235,0.04151048793619892,0.14458771921836036,0.22481671886506996,0.1233901060048021,0.18244161540128997,0.17775481723144607,0.23502743069806478,0.11841163326078236,0.13522468285487155,0.3766301854110651,0.1466359321148198,0.1698677059353579,0.16555820348705627,0.09041565801074983,0.1485860545344843,0.1630297574573597,0.11428312587490483,-0.030917577425036175,-0.15678201618799315,0.19229184329883692,0.17152246894702358,0.09049712099656027,0.19912327534351887,-0.02591258311856763,0.2546196548343745,-0.030932811586955482,0.17057723313919404,0.031646944416846595,0.09802937524450508,0.27654372832156,0.1809490700927346,0.03905899434605409,0.15117610678367718,0.11882472778090139,0.09651051508668669,-0.039971237156196944,0.020664704770171603,0.18230076294921943,0.03522783384960698,0.39040202185198336,-0.18121938885723693,-0.10528767139576142,-0.5196286078339505,0.8886423113641828,0.009044238213419025,-0.20491023424458726,-0.10135899965318648,-0.0862999825590937,0.3262147642653855,-0.0015590951438304646
0.06306771690578052,0.241915369953849,0.18255957032936965,0.23988018207950107,0.2627453888981335,0.5921679668819408,0.03672592263229841,0.3110543887415162,0.19774825190843429,0.04936071731209399,0.2045901755343,0.21049536303015837,0.12773110509884866,0.1897369410517369,0.2045316206698208,0.22467729631361932,0.21860437260482224,0.2517126931001576,0.35998512953294204,0.21004717892961017,0.191094444552312,0.228434324881419,-0.037487450561303835,0.19764234543418194,0.1291476867232853,0.35355843913129076,0.07994628793053811,0.28999790557185456,0.2504478214858507,0.02921681188167685,0.13868623713779057,0.22163973734410064,0.05190775608011283,0.20761276469497508,0.015744352068994605,0.11567541452094422,0.2588096747986636,0.12298586262871035,0.22101311705037646,0.128422646439665,0.09022644068462433,0.18570201022822855,0.2293003529078065,0.10076375339673548,0.07157896429609405,0.15026445425121962,0.20500514543868195,0.015027079892780067,0.38809107093659656,0.3248788886850984,-0.07359389258735628,0.10874266805034877,-0.554158830925576,0.005142314497039647,-0.20885682624355179,-0.009021956847254828,-0.09944991693670469,0.39561124799217234,-0.1342236792762363
0.22759517680015232,0.24274351630281862,0.26405805510905855,0.28777222773958355,0.14895271590450174,0.03672592263229841,0.71832103308153,0.1441434552104144,0.2197328185357874,0.19400395531185657,0.17710643848725033,0.3221743350951853,0.11188899541876471,0.16151799563130692,0.09182109249433625,0.21240063683525862,0.19558248597667421,0.17165562798888806,0.04347566041720148,0.137563177743762,0.190142896921415,0.20279018396025134,0.30545318689458933,0.15709201288920124,0.19644269989505478,0.1963491446205676,0.1384606984665426,-0.1158402592325084,0.21865523171254636,0.044015270945225976,0.16945943635501434,0.11820100756100811,0.11737760179908839,0.21845667247649164,0.14497829601120088,0.2534318593846811,0.12484927331577761,0.0963247670498832,0.24451297921511528,0.0453451203949895,0.09628316351233247,0.1816490465583955,0.024782872968310492,0.06481454004610428,0.04483600038827415,0.17045576123339423,0.0341312563741807,0.0021519708221199004,0.19629466338872936,-0.06275374437210227,-0.06433659361414483,-0.1502418669513572,0.35791698653871,-0.070315208267224,-0.047186969166622975,0.09332640578622312,-0.16138185559631932,0.13646623768680222,-0.25878644688728397
0.1595719274645395,0.37734714874005104,0.30732771285399074,0.22309556129552438,0.13238635794197914,0.3110543887415162,0.1441434552104144,0.7809974456322679,0.10191500853145943,0.23917928709733358,0.28510097589297534,0.04107190325161875,0.15731025253220224,0.20334049847822266,0.21388034596567795,0.20672610808228922,0.2601713594155494,0.34528764073189644,0.2295665681761274,0.23521786306221987,0.16876464422696646,0.16997198833137928,0.03268681602162578,0.2044894471979141,0.14810437460851988,0.3473445450813075,0.16292456467115332,0.25951587932992526,0.23484774385756083,0.10870846003656819,0.16382513997732334,0.11780548046240225,0.10324924387469903,0.18105063037331495,0.11463315044694752,0.21204742207022212,0.3314519314183992,0.14676768191148837,0.14998302460094026,0.10490488406843758,0.20644298540875186,0.17557630560837792,0.2410361237051864,0.08440565411563217,0.0961669320768627,0.20264370345545205,0.27791237228096843,0.0021477562770850136,-0.033994366553245524,0.2014524780059155,-0.015329814139432804,0.1503642844572491,-0.38823930691494396,-0.012116614165155448,-0.20234155701057344,0.008514904482455544,-0.2136983897090371,0.3035244234506962,-0.014552431179858142
0.07383884029606683,0.21476630688494536,0.28498302274825027,0.08942248459349736,0.07732636479427235,0.19774825190843429,0.2197328185357874,0.10191500853145943,0.710791574448594,0.010297024991971595,0.13015298647358306,0.12408035887604787,0.08446326777879777,0.14546340956489398,0.046723519571777256,0.1120754936211985,0.1296257809803217,0.19394360096582555,0.11963295561805741,0.12838373057424138,0.171953074836961,0.34512766220460034,0.19687946407566667,0.18340236851157732,0.062234761121554995,0.23297694560017515,0.2209387657279752,0.10144455539589209,0.15151667682063985,0.05942226708107967,0.16288122196624402,0.13802769727243966,0.20493462185488673,0.1526224372053643,0.06936581482631725,0.2530521476812395,0.1990555833874993,0.10889080478469378,0.17822300777232783,0.07433324452530918,0.0913759880453326,0.1614592312435622,0.1582780983612705,0.04956820610011521,0.0802979649204683,0.2518315528705827,0.13144582028436902,-0.045098320472999186,-0.09658848651400906,0.0780763276096306,-0.00560356103223939,0.05470937182124523,-0.09218767091313097,-0.07576684580530241,-0.12676199255389778,0.09815791719991274,-0.06515654354301324,0.09482513893960239,-0.17312375016072856
0.16376256467233483,0.3130104366381446,0.4964844732746785,0.15234802462591093,0.04151048793619892,0.04936071731209399,0.19400395531185657,0.23917928709733358,0.010297024991971595,0.8759294711228831,0.14922787635446783,0.2601160645934107,0.10547444057548576,0.1027584625062998,0.24754099137680888,0.10259264753830517,0.21008995531612365,0.2159411878513683,0.053776577336375836,0.07327370087137053,0.07753116492874376,0.06955199517092173,0.22489313775139871,0.09173736763253777,0.20201350712650729,0.1244041015543926,0.17551251315186475,-0.07284958063639053,0.24564900254920513,-0.051397284782025036,0.1612992796323146,0.007760092855818344,-0.02816213256126849,0.2538829115176467,0.25055634959474127,0.1879800940649122,0.21616261261641295,0.060501171609346004,0.13886044228555522,-0.025918576849955247,0.1845920878759047,0.07351755241026872,0.013016435880118119,0.055311488349288326,-0.07154914629553798,0.13760303724718098,0.06613869471166614,-0.00842958802897127,-0.12727031748073014,-0.037840319954036875,-0.021835793314993777,-0.009421486269760027,0.11385749588584639,-0.02371494978112131,0.0842989296909893,0.18465736666722712,-0.2713098050452612,-0.4736922744238687,0.46076365460035956
0.10715199842562496,0.281738183952895,0.20520808037958885,0.1694315293982176,0.14458771921836036,0.2045901755343,0.17710643848725033,0.28510097589297534,0.13015298647358306,0.14922787635446783,0.5045231947423547,0.16609436768921876,0.14609180554726903,0.14295529713334176,0.27604433521384,0.1963839368034239,0.2565249783337003,0.31061296971170993,0.16097332060606653,0.25482675106119734,0.23336903048499646,0.1541275750229647,0.06910581042293787,0.20974345181323642,0.1346575735555449,0.325743880951646,0.2236118697946127,0.18602404259278432,0.2143626136255546,0.09019837150058431,0.18716486397375467,0.15722696326878227,0.136764950665584,0.18865639268374382,0.193799866987197,0.24806343224584662,0.24077749558360653,0.1587082069167742,0.15950807127328656,0.1279160391101519,0.1875940933777497,0.22431048280567462,0.15386725575948576,0.04212990551862533,0.12128005836012472,0.249749193045483,0.21100092358299696,0.007723246155009487,-0.11100664729649116,0.062356822156201315,-0.012476843716936548,0.024076128581621607,-0.04892215592542622,-0.026954450688821432,-0.19472257028160406,0.03126066725025108,-0.09598198014621445,0.254440654133096,-0.15896640782533758
0.11947517609274527,0.21934069883285326,0.22502652811194748,0.2890270612326199,0.22481671886506996,0.21049536303015837,0.3221743350951853,0.04107190325161875,0.12408035887604787,0.2601160645934107,0.16609436768921876,0.7566629682991274,0.10674251143714061,0.15935738673498182,0.13606709857985402,0.235776263110558,0.1219597310976733,0.06307717196427155,0.16523288012020695,0.11470544073566506,0.12868044965188585,0.18245335377967953,0.17047550952326393,0.1086259518510363,0.17250669828324627,0.1127671480680628,0.09932047750225359,-0.045897442060606704,0.1839334999510465,-0.020841819322962047,0.1600269316074193,0.16266440982458077,0.042755055080475335,0.2259449328317047,0.028643581765242145,0.12824489387759952,0.14866647594569657,0.07870025937375415,0.19871097882165709,0.06350273124308055,0.015417264820287144,0.12968754444668187,0.10246315161531981,0.08405848456419898,-0.047160832708643616,0.06925194279342886,-0.0016012590931210734,0.029820109390937773,0.5353386965040983,-0.055386068669991136,-0.04854575402869518,-0.11183847162168689,0.19393083256666388,-0.012290248087672352,-0.06907546398196399,0.07482435468789661,-0.19394172370153676,0.10162976270376538,0.07689407798056941
0.0629879302980289,0.1431185184994848,0.11118838862094403,0.11188592148154462,0.1233901060048021,0.12773110509884866,0.11188899541876471,0.15731025253220224,0.08446326777879777,0.10547444057548576,0.14609180554726903,0.10674251143714061,0.2972348225434436,0.09736294501332975,0.00313265499590747,0.117582496757503,0.10153654621516316,0.12209909791542341,0.11172736466111785,0.11331176425661264,0.08347413808764531,0.11327121865589258,0.08544458900724074,0.12815361261449465,0.11570934625213135,0.12997689004458388,0.12934672396057567,0.06799585270031844,0.16902030564010082,0.07544257747915367,0.09510754175961243,0.12295622254387273,0.10833775448505478,0.12707521642289868,0.12753861706865985,0.12430571535368302,0.12643803346779775,0.08293282307271171,0.12088517045586256,0.07943480522078233,0.07656099423034676,0.0969346973686824,0.10504509921793757,0.057158608292049745,0.029246833888166235,0.1508131470300972,0.1058068762695873,0.007854538487593203,0.10239555834960734,0.0834506047809583,-0.008919392927469622,0.01321397707409708,-0.062404907287184085,-0.0299693001267528,-0.08294515662381612,-0.038078142934366524,-0.01189139583957596,0.10662392965388294,-0.05628726289572607
0.13102022927701432,0.27440180409250486,0.1194293247924674,0.2603288408057967,0.18244161540128997,0.1897369410517369,0.16151799563130692,0.20334049847822266,0.14546340956489398,0.1027584625062998,0.14295529713334176,0.15935738673498182,0.09736294501332975,0.5555080752124107,0.3102236030361658,0.29507114270368684,0.24413366032500922,0.2685569539992659,0.16673396895936096,0.2097150632346309,0.23328032266797202,0.22027219592776903,0.15046313486705487,0.19255085453583867,0.18533077561672961,0.3256908969652757,0.0016020089266298825,0.08665218820824198,0.2108761643983931,0.0958889971318414,0.1451183458443968,0.1067716806815114,0.04685239119583387,0.1881524439015882,0.05154156805967753,0.1333891575217917,0.27955242248105144,0.10490447896875399,0.1849158530271035,0.13708087112370662,0.21401674543311475,0.2159913171151785,0.2774570370814239,0.10488607591804106,0.024592403368403442,0.12239363132445835,0.2028754239806137,0.010979205941267115,0.3490367944908473,0.10779550598058779,-0.006064803514386382,-0.012760256215847495,-0.10996321536412597,-3.445259726737476e-5,-0.22899577406352353,0.06078470401934447,-0.2803069859078747,0.4216566783121858,0.010832608977349561
0.1376823926002647,0.48950764136840974,0.28700085741944314,0.21921100916172637,0.17775481723144607,0.2045316206698208,0.09182109249433625,0.21388034596567795,0.046723519571777256,0.24754099137680888,0.27604433521384,0.13606709857985402,0.00313265499590747,0.3102236030361658,1.0524717252590297,0.21204190873283485,0.40335061846886183,0.5487812528007457,0.15258800978005538,0.3237451421781962,0.29519320874921573,0.12221435952173867,0.09798747955335195,0.2804442497549344,0.21533664532469218,0.5221028314986176,0.17028628868650916,0.1602659524966264,0.26057722377451215,0.060191274257048594,0.2217600975571567,0.07436144987388962,0.1303902018980141,0.2431109100148164,0.2098095305033246,0.21665761014017218,0.44419582879011554,0.1456643163474648,0.19274255201967785,0.11545778181436855,0.31989192794132676,0.2747371085805927,0.22995964785890838,0.04721955385646794,0.1116325663471376,0.23486129974884237,0.29984133341941854,0.010702842296595348,0.10798925773540034,0.22136320175873633,-0.04341970840578173,0.043574685048253924,-0.16905184064210926,-0.08122312990623355,-0.2630976118649239,0.19794908009229986,-0.3382497527967738,0.3820004520979789,-0.12201815489944645
0.09036306753139978,0.22334007757944407,0.0742980830495669,0.25628691464745634,0.23502743069806478,0.22467729631361932,0.21240063683525862,0.20672610808228922,0.1120754936211985,0.10259264753830517,0.1963839368034239,0.235776263110558,0.117582496757503,0.29507114270368684,0.21204190873283485,0.7522731847680787,0.175010335414475,0.28172682380772485,0.2637908596250965,0.17457405926841982,0.20714183970854183,0.39142177423483576,0.08018912457546261,0.22058043770705477,0.12501975984990285,0.2710731332142807,0.05969611308172777,0.28330483198626416,0.26600432930464385,0.09811078207894676,0.1399997941707287,0.21959612304950243,0.10392025608527905,0.24275172035214745,0.07432074547918953,0.13799380810211487,0.18923182909221842,0.10169008415794242,0.2608606902096236,0.15210057058665652,0.1960624899790951,0.2569497998055122,0.2466962861752181,0.13767354359803113,-0.008700332901368237,0.11990525688985251,0.18167808548143446,-0.019489629089376754,0.5185299824744307,0.1365991461354327,0.0049441231163432344,0.09994740671274406,-0.25092439487575974,-0.06995679263775641,-0.2268135224698489,0.09796183689503976,-0.23218550521814937,0.4230211232912835,-0.07298926930005362
0.12796000181194656,0.29840624859726295,0.23274872394782128,0.1702271124703869,0.11841163326078236,0.21860437260482224,0.19558248597667421,0.2601713594155494,0.1296257809803217,0.21008995531612365,0.2565249783337003,0.1219597310976733,0.10153654621516316,0.24413366032500922,0.40335061846886183,0.175010335414475,0.9127827109951469,0.5580737033884371,0.17938095946606605,0.2927155777934022,0.33765683909365485,0.15690148278215757,0.07034727675585617,0.20990076421173684,0.1930306556910464,0.46707815988636253,0.21824043190802647,0.1935483867884792,0.2686070041751012,-0.040106251130739,0.19736382018986148,0.12657324029458938,0.2008795190213726,0.19784786152018444,0.19274269983263304,0.1327827582064864,0.43640567869746744,0.1539403224664586,0.1855489339553821,0.14155494033486973,0.25302943753843227,0.28456887511084467,0.22128647368855323,0.03509858925676319,0.11428510724029543,0.2525550776886921,0.28467447019798664,0.022250051162171682,0.1680909129807584,0.24187923937874103,-0.014444855247864853,0.0025279648273469875,-0.29441229423403475,-0.011291899724284129,-0.17173537347877008,0.09375827345948116,-0.14519687233766881,0.20939785226549135,-0.12302306906074016
0.1691751771307,0.6343416479000273,0.35095433309949137,0.14903572242150526,0.13522468285487155,0.2517126931001576,0.17165562798888806,0.34528764073189644,0.19394360096582555,0.2159411878513683,0.31061296971170993,0.06307717196427155,0.12209909791542341,0.2685569539992659,0.5487812528007457,0.28172682380772485,0.5580737033884371,1.804017464520251,0.22420057962560935,0.10578555461171026,0.4368431205013265,0.18822795969811934,0.11209008527318771,0.3524807667777894,0.17023701848509065,0.8943408675246083,0.41327906345337806,0.1989027983250378,0.35894176603268935,-0.1936568874439089,0.2729273269307827,0.16888312941033948,0.30162310539115667,0.2825097191304749,0.3767515387453342,0.332220368559246,0.5203612802371731,0.09394215127498451,0.20825929882573696,0.18842941118451798,0.41126111883021593,0.36757894270012054,0.14110223142392014,-0.028009774718832006,0.06281166408017132,0.37881533529533234,0.7526469091115795,-0.06121563092243625,-0.20287794721881683,0.4051407583712014,0.019357374062009818,0.17146218683735606,-0.40020085842720143,-0.23484297652435934,-0.3164124044962882,0.1428530000562647,-0.11835018272211091,0.2855535874427968,-0.2938567678694995
0.05430937457139532,0.16603580833535247,0.012849826813374583,0.23052183285417732,0.3766301854110651,0.35998512953294204,0.04347566041720148,0.2295665681761274,0.11963295561805741,0.053776577336375836,0.16097332060606653,0.16523288012020695,0.11172736466111785,0.16673396895936096,0.15258800978005538,0.2637908596250965,0.17938095946606605,0.22420057962560935,0.7053834064567607,0.07121372718464682,0.17850010189187016,0.2215219612965728,-0.16688855984421283,0.1624620494028151,0.14616775931727374,0.1106152668452676,0.02589859626184224,0.38845914099628837,0.181009516279697,0.11106199173465313,0.11062751035391945,0.20291459412940063,0.13482188544509446,0.155741191282595,-0.010244298167755565,0.12043450503527998,0.1918610090913684,0.08710685453430891,0.1764063148751042,0.07550214292958357,0.06859901794323313,0.16087955243912108,0.11063407957555309,0.08208622837866297,0.05249936039849369,0.10663357843933469,0.15674520729911776,0.010503647681536093,0.2517480541426096,0.09589009583125448,0.1309701093845242,0.322034381388764,-0.5738501227652906,-0.04061545867348431,-0.17423162238408013,-0.02244489489642079,-0.08383406712008455,0.2965232253754631,-0.06606640849172545
0.0706777885120508,0.3569456827358196,0.13851005354716586,0.177549108431931,0.1466359321148198,0.21004717892961017,0.137563177743762,0.23521786306221987,0.12838373057424138,0.07327370087137053,0.25482675106119734,0.11470544073566506,0.11331176425661264,0.2097150632346309,0.3237451421781962,0.17457405926841982,0.2927155777934022,0.10578555461171026,0.07121372718464682,0.9921165578786109,0.239180216624545,0.14499752914697858,0.12099175839981025,0.3136414262148292,0.2564586478326686,0.51391620604311,0.2049467035348558,0.23056853243423403,0.3167826443737652,0.2778663787138188,0.3067884528304353,0.26339191884335283,0.23399088407053922,0.3129445928432302,0.1689007685122624,0.27247894251772076,0.492779087142689,0.45264944007968255,0.4723138968537376,0.28210943604533356,0.34599539782573785,0.3369382793918289,0.2837169973394359,0.060175323626671426,0.27579549909276857,0.39074604456240325,0.1674849109864619,0.08082175677205913,0.5063539092409233,0.22627704906817533,-0.1241794564999152,0.01112385427431942,0.02487103200373142,-0.12004059358306667,-0.16278306941925838,-0.02462607288799518,-0.08412005152158379,0.33146043547920406,-0.17615619461444484
0.11144957540377451,0.40677238521016684,0.19093530458978644,0.21258134071418275,0.1698677059353579,0.191094444552312,0.190142896921415,0.16876464422696646,0.171953074836961,0.07753116492874376,0.23336903048499646,0.12868044965188585,0.08347413808764531,0.23328032266797202,0.29519320874921573,0.20714183970854183,0.33765683909365485,0.4368431205013265,0.17850010189187016,0.239180216624545,0.6861660996677043,0.16926559845789194,0.12601312751876956,0.21049285063888054,0.13389977502449954,0.5390377306127728,0.13802596111709925,0.17086653399050478,0.2146842062929328,0.07233610766443353,0.19583668034575266,0.226193218640275,0.1366455636170125,0.22957306488254076,0.26264969379313086,0.18600507748184034,0.22375064320481589,0.13947671258945155,0.23076513052498324,0.16313754733207958,0.3688932170268282,0.4911127113981872,0.12309005242795956,0.09162192100496845,0.06174168130643615,0.23463028405449432,0.25835416343309003,0.03182693949532706,0.16443482724112396,0.09841053822081666,-0.01217370959880949,-0.04701655776822519,-0.0860724548063046,-0.01322722589318836,-0.22767049742371814,0.007048222267734744,-0.1690744915246265,0.2597350376946895,-0.06559391342389528
0.07894564576174236,0.19100474172810275,0.1699603821924146,0.16595072483655698,0.16555820348705627,0.228434324881419,0.20279018396025134,0.16997198833137928,0.34512766220460034,0.06955199517092173,0.1541275750229647,0.18245335377967953,0.11327121865589258,0.22027219592776903,0.12221435952173867,0.39142177423483576,0.15690148278215757,0.18822795969811934,0.2215219612965728,0.14499752914697858,0.16926559845789194,0.7331530784603947,0.14736083229902086,0.19353321674731183,0.1113166298628274,0.2221561909277073,0.16270313108869988,0.1586610815017949,0.21611945524591164,0.05879141033296042,0.15645826671078866,0.2282152344352239,0.1568778042432812,0.22782321288787913,0.03706349099557649,0.13743120059849012,0.22823168305983604,0.11860317299654226,0.27856420271328886,0.13458783620850365,0.13027509317489544,0.1937432422203531,0.3416818448991288,0.10892178337906713,0.020189011398143625,0.19024153980117425,0.11984721772087813,-0.09306929842882583,0.5551318284567357,0.14114093629897942,-0.0019337702044914878,0.07227825663088677,-0.22602837248690558,-0.05755219518689296,-0.16499832708357803,0.08797621407318863,-0.11899290722766966,0.23939111350249123,-0.09928065811612306
0.06837481607207738,-0.17459772314034938,0.025796020067098545,0.11552230440427042,0.09041565801074983,-0.037487450561303835,0.30545318689458933,0.03268681602162578,0.19687946407566667,0.22489313775139871,0.06910581042293787,0.17047550952326393,0.08544458900724074,0.15046313486705487,0.09798747955335195,0.08018912457546261,0.07034727675585617,0.11209008527318771,-0.16688855984421283,0.12099175839981025,0.12601312751876956,0.14736083229902086,2.0807908016054775,0.2177368974918308,0.45367116608694125,-0.15504570359918596,0.1776668336567985,-1.0254108843699299,0.4339495975766622,0.2544470806874747,0.3283585154605026,-0.11317177380429297,0.15279503837609956,0.43347639906459406,0.10499769647490172,0.521518089177019,0.4119478302087479,0.002609278899973934,0.80220654174563,0.29233406774264253,0.03282125685289486,0.10941792220712455,0.3341891733314078,0.1741100032583588,0.03196315441680245,0.33972316437293754,0.1905237025906495,0.08818398278180746,0.4393597719311007,0.25329285656786676,-0.06735399386980957,-0.2996589964052668,0.25484344357300753,-0.13665715167341322,0.037271482568072584,0.15500011437087222,-0.08572325323081478,-0.06199262443850146,-0.0923890207356613
-0.04451971786163325,0.26684233229790727,0.16819635762423515,0.1576927172110095,0.1485860545344843,0.19764234543418194,0.15709201288920124,0.2044894471979141,0.18340236851157732,0.09173736763253777,0.20974345181323642,0.1086259518510363,0.12815361261449465,0.19255085453583867,0.2804442497549344,0.22058043770705477,0.20990076421173684,0.3524807667777894,0.1624620494028151,0.3136414262148292,0.21049285063888054,0.19353321674731183,0.2177368974918308,0.9789128510458619,0.1272727455463418,0.46432851765044575,0.2117285123730053,0.17496632478370855,0.23630491326398112,0.4133191472191252,0.20721285369200143,0.2785126945379914,0.49793352416351644,0.17535075138474285,0.2538136274823859,0.4116985853242392,0.4826077808578788,0.2368676797715363,0.16764699622667223,0.16334284218440775,0.20665155659948453,0.2615657299535479,0.3714962724032664,0.09613433976972377,0.1896944658839725,0.3557088780213979,0.39114733442679894,0.023429967359844282,0.04264911497423496,0.2523058541878175,-0.03974141320725095,0.03108037776107355,-0.2016740735003085,-0.12274582835558848,-0.2517066211618303,0.023296421514604034,-0.04019213023740673,0.2915495987811704,-0.2758257876262127
0.11835811069774967,0.1367231914778152,0.10714287277651706,0.21048823435997052,0.1630297574573597,0.1291476867232853,0.19644269989505478,0.14810437460851988,0.062234761121554995,0.20201350712650729,0.1346575735555449,0.17250669828324627,0.11570934625213135,0.18533077561672961,0.21533664532469218,0.12501975984990285,0.1930306556910464,0.17023701848509065,0.14616775931727374,0.2564586478326686,0.13389977502449954,0.1113166298628274,0.45367116608694125,0.1272727455463418,1.8836718492256814,-0.15143680064194015,0.11782030873065588,-0.17578838899935767,0.8232496463179494,0.3826235916124836,0.3170005304465518,0.018600615078346813,0.11353608141528194,0.4981609391054556,0.2903471301828837,0.4007661523574259,0.33656845676745467,0.19680976838121594,0.3164708779754037,0.10589334654441143,0.19754637443035772,0.12423975323484147,0.10363558042058851,0.09457347479606742,0.005417903446275828,0.5016832832725435,0.2620329252492856,-0.012316963030024757,0.039517621246663207,-0.09615164561501423,0.0514736582220784,0.005271086769325256,0.1887191856462502,-0.10440763470163728,0.019556947005860074,0.05875260085780431,-0.24307759548462557,0.17680133288543415,-0.04762728673664127
0.18326904939043612,0.7000728767844621,0.41919187637575833,0.27774769740297695,0.11428312587490483,0.35355843913129076,0.1963491446205676,0.3473445450813075,0.23297694560017515,0.1244041015543926,0.325743880951646,0.1127671480680628,0.12997689004458388,0.3256908969652757,0.5221028314986176,0.2710731332142807,0.46707815988636253,0.8943408675246083,0.1106152668452676,0.51391620604311,0.5390377306127728,0.2221561909277073,-0.15504570359918596,0.46432851765044575,-0.15143680064194015,3.2512206158044132,0.20769762242979115,0.38388014959293143,-0.1330640697749412,-0.7408757930984537,0.24697181375223895,0.5158274858648833,0.1137840054954575,0.16504379875690328,0.580351750695096,0.020444065972177027,-0.05925945218214768,0.21965571177369078,0.4012443212816411,0.3020271137980606,0.7232448023639567,0.6251929702392186,0.04613461040310033,0.06426425352137802,-0.2091779824258183,0.2705022521592501,0.04641294951918938,0.026470064035677948,0.5450388285636204,0.8405502824756482,-0.31425770863683444,0.10615907760580887,-0.7306818592314096,-0.031240445194176583,-0.371158844053079,0.036654125996257975,-0.3562607899805983,0.577379557775228,-0.24546751026992125
0.09201238397499001,0.16362890017885856,0.2425186706334224,-0.05209826777192691,-0.030917577425036175,0.07994628793053811,0.1384606984665426,0.16292456467115332,0.2209387657279752,0.17551251315186475,0.2236118697946127,0.09932047750225359,0.12934672396057567,0.0016020089266298825,0.17028628868650916,0.05969611308172777,0.21824043190802647,0.41327906345337806,0.02589859626184224,0.2049467035348558,0.13802596111709925,0.16270313108869988,0.1776668336567985,0.2117285123730053,0.11782030873065588,0.20769762242979115,2.306036643733516,-0.07723446338671762,0.11239115900622956,-0.02056869785415557,0.46436799504265147,0.18294708870593454,0.6608980553669733,0.18970758777000374,0.47858668137633326,0.5298976265854818,0.5886458106504158,0.27720561907489805,-0.019448983551847043,0.21454824233352587,0.3235167612120352,0.1712060160680828,0.29000442309558616,-0.14980479463563584,-0.013126472248680927,0.7403107837932995,0.20378511235784968,0.019028137552195498,-0.3085292386130593,0.04850694546344728,-0.13184115212489772,0.011195938472999526,0.23284629050166375,-0.1173479031758369,0.07818940910255291,0.11184235998498682,0.19335107613323527,-0.2037213054893372,-0.012707081792558363
0.0016508587678192425,0.450924211627997,0.34403937274102797,0.04428718453295985,-0.15678201618799315,0.28999790557185456,-0.1158402592325084,0.25951587932992526,0.10144455539589209,-0.07284958063639053,0.18602404259278432,-0.045897442060606704,0.06799585270031844,0.08665218820824198,0.1602659524966264,0.28330483198626416,0.1935483867884792,0.1989027983250378,0.38845914099628837,0.23056853243423403,0.17086653399050478,0.1586610815017949,-1.0254108843699299,0.17496632478370855,-0.17578838899935767,0.38388014959293143,-0.07723446338671762,3.9335893873826233,-0.5647327570935118,0.30386238555207556,0.26097088895464216,0.25115069429275527,0.5185915637703059,-0.24749686894786177,-0.07669536614168994,0.5049799118858452,0.3776912281621737,0.19030866142048644,-0.19160935166663154,-0.06926173894781447,0.5518820776787638,0.278006294828101,0.3851821353372446,0.275026954848808,0.26608150448925477,0.26274416321527627,0.17718999133492438,-0.011385697769490725,-0.7898245988046867,0.12011316299155075,0.2684958069916109,1.3816276281586457,-2.234155964660732,0.03987067339369827,-0.2839238696256227,-0.0467577919138196,-0.07938601797539568,0.38117992154660696,-0.09623018899851596
0.027255928332161335,0.26988585848511215,0.2531896224905544,0.19714680314327207,0.19229184329883692,0.2504478214858507,0.21865523171254636,0.23484774385756083,0.15151667682063985,0.24564900254920513,0.2143626136255546,0.1839334999510465,0.16902030564010082,0.2108761643983931,0.26057722377451215,0.26600432930464385,0.2686070041751012,0.35894176603268935,0.181009516279697,0.3167826443737652,0.2146842062929328,0.21611945524591164,0.4339495975766622,0.23630491326398112,0.8232496463179494,-0.1330640697749412,0.11239115900622956,-0.5647327570935118,2.3705819798718784,0.0947921584419288,0.06991271023565604,0.25745332111526814,0.09276029938784561,0.7726648196984237,0.013648340788907217,0.347818238968606,-0.2175977538444401,0.06991567291693554,0.3590239825869699,0.0600886390158055,0.11108124188872034,0.18547905001696183,-0.3391756631654613,-0.08606310548925147,-0.23238667614689001,0.45408906002368166,0.22602856565980772,0.001594806722572844,0.7051982248235603,0.2538502912013705,-0.08330548169596332,-0.060559252092850735,-0.0760962565686125,-0.11433648749376345,-0.025015306407500028,0.0990463367162382,-0.1566115540986665,0.13938592302412675,0.004514278879717514
0.007209873293493213,-0.05040475224434151,-0.3054675362504302,0.13889598006772472,0.17152246894702358,0.02921681188167685,0.044015270945225976,0.10870846003656819,0.05942226708107967,-0.051397284782025036,0.09019837150058431,-0.020841819322962047,0.07544257747915367,0.0958889971318414,0.060191274257048594,0.09811078207894676,-0.040106251130739,-0.1936568874439089,0.11106199173465313,0.2778663787138188,0.07233610766443353,0.05879141033296042,0.2544470806874747,0.4133191472191252,0.3826235916124836,-0.7408757930984537,-0.02056869785415557,0.30386238555207556,0.0947921584419288,2.5133366924872256,0.2936848145176954,0.018805765323792113,0.4039458988002672,0.04447678397759412,0.2174194378853473,0.8363199433810153,0.7397216823180489,0.2874767497036912,-0.13549854600379208,-0.006671087828216134,0.47802234668836396,0.09460843311384896,0.637260131956183,0.2332182446097734,0.320395679262749,0.4562228769644231,1.1361887423582235,0.014205366359711081,-0.7400798965967648,-0.4130687955128964,-0.013459084155479651,-0.23153484217708978,0.5643984691579722,-0.003585905576136253,0.08108452292463024,-0.1876099546718332,0.05076763640057016,0.5039219999192823,-0.4902837109123919
0.09282059038363495,0.2165735037988701,0.19766033523674817,0.14119420698127533,0.09049712099656027,0.13868623713779057,0.16945943635501434,0.16382513997732334,0.16288122196624402,0.1612992796323146,0.18716486397375467,0.1600269316074193,0.09510754175961243,0.1451183458443968,0.2217600975571567,0.1399997941707287,0.19736382018986148,0.2729273269307827,0.11062751035391945,0.3067884528304353,0.19583668034575266,0.15645826671078866,0.3283585154605026,0.20721285369200143,0.3170005304465518,0.24697181375223895,0.46436799504265147,0.26097088895464216,0.06991271023565604,0.2936848145176954,0.8430206603720307,0.09429101091712479,0.26468015697481917,0.26067219887031906,0.24599303770070355,0.8238608374363887,0.6853325641937421,0.2833573006273142,0.4311367768145286,0.18025659644578335,0.40581816929410863,0.21562644063370182,0.229008521801165,0.11014743200741378,0.22300779441159546,0.5135313836704091,0.28290121672333446,0.014766561905020202,-0.2495766735172984,0.24628021927206611,-0.06364518166362926,0.06337777676636543,-0.10570804087075857,-0.10944395427664953,-0.07373138931382602,0.07281234577306056,-0.12011874690082408,0.11944121399931883,-0.1075989501314979
-0.007905513719764065,0.16716319536426535,0.0715891437690607,0.09970979236904742,0.19912327534351887,0.22163973734410064,0.11820100756100811,0.11780548046240225,0.13802769727243966,0.007760092855818344,0.15722696326878227,0.16266440982458077,0.12295622254387273,0.1067716806815114,0.07436144987388962,0.21959612304950243,0.12657324029458938,0.16888312941033948,0.20291459412940063,0.26339191884335283,0.226193218640275,0.2282152344352239,-0.11317177380429297,0.2785126945379914,0.018600615078346813,0.5158274858648833,0.18294708870593454,0.25115069429275527,0.25745332111526814,0.018805765323792113,0.09429101091712479,1.0089633730986842,0.18136158670906039,0.31372177169350385,-0.0898618894414056,0.11626337047895405,-0.13230952167488852,0.20131285071391503,0.1552124055480471,0.09474603172858304,0.1334315311551187,0.27490327950506926,0.019224217294826384,0.02532128288243889,-0.1125749884494045,0.25899383307530255,0.08443520993711849,0.02612758144163579,0.5506586620430314,0.08551613583664412,0.00714699126051795,0.009842458583766108,-0.16145935460209432,-0.02266028253228444,-0.156465212403276,-0.11502533172587628,0.2426801303221823,0.10523635701180367,-0.18432180404933435
0.047715483669138435,0.2098352107002437,0.16840412473039118,0.008905633699640777,-0.02591258311856763,0.05190775608011283,0.11737760179908839,0.10324924387469903,0.20493462185488673,-0.02816213256126849,0.136764950665584,0.042755055080475335,0.10833775448505478,0.04685239119583387,0.1303902018980141,0.10392025608527905,0.2008795190213726,0.30162310539115667,0.13482188544509446,0.23399088407053922,0.1366455636170125,0.1568778042432812,0.15279503837609956,0.49793352416351644,0.11353608141528194,0.1137840054954575,0.6608980553669733,0.5185915637703059,0.09276029938784561,0.4039458988002672,0.26468015697481917,0.18136158670906039,1.8578469867981011,-0.20332576557933865,0.022774300206201442,0.19187241725981086,0.852469820474467,0.24536916758056232,-0.10832790577481195,0.05137120525336792,-0.09360186255530292,0.22219294562142552,0.30582117494768013,0.04130855021396815,0.03578512271442982,0.5270100459435211,0.3936421522952192,0.05662016619779511,-0.128903800475811,0.7069617340411054,0.06288048380906534,0.45724089468028606,-0.9789486463450924,-0.3422934041073378,-0.18716691149703532,-0.028386724540123354,0.09567858120222161,0.12682035181929593,-0.3025044855759737
-0.1015563020262002,0.19637231469136066,0.17487137157260677,0.21699705071318362,0.2546196548343745,0.20761276469497508,0.21845667247649164,0.18105063037331495,0.1526224372053643,0.2538829115176467,0.18865639268374382,0.2259449328317047,0.12707521642289868,0.1881524439015882,0.2431109100148164,0.24275172035214745,0.19784786152018444,0.2825097191304749,0.155741191282595,0.3129445928432302,0.22957306488254076,0.22782321288787913,0.43347639906459406,0.17535075138474285,0.4981609391054556,0.16504379875690328,0.18970758777000374,-0.24749686894786177,0.7726648196984237,0.04447678397759412,0.26067219887031906,0.31372177169350385,-0.20332576557933865,1.3405581517106022,0.24819482345414723,0.3899955521479051,0.08436838446333209,0.15040539587800175,0.6008988287282688,0.14318045272230523,0.2131279557722927,0.215830308706232,0.05394094890980848,0.12288128723970163,-0.1854889209761527,0.31758379809443005,0.17027416457756664,0.03908378395560655,0.9319043930116838,-0.21861200845227047,-0.03648317598940359,-0.11146444399021135,0.38620093638707803,-0.133508224111773,-0.04709645051771768,0.102188497086143,-0.12939936660149765,0.061906350346107364,0.07435298293399557
