1.6796882537640994,0.4525440330910422,0.3959966845022284,0.17592902723996653,0.43540897260601663,-0.0914823849668632,0.5987194386777742,0.18892703603768488,0.15535493613884999,0.3027339675152366,0.1996990723295222,0.24874997993335432,0.1397737437585261,0.21135185345189383,0.2494259981335166,0.2274493151831653,0.1623298859569541,0.300350221640479,0.1313112885716002,0.12318735189761758,0.2247156326398707,0.2054518102373022,0.2542702424606324,0.02200426431893038,0.31851769933706003,0.2767719450427713,0.2570298780363572,0.18170020596702346,0.10457585490476194,0.03574526662192318,0.2583553887882838,0.18047967763612102,0.2432392805627237,-0.10480889747006741,0.11100147425836056,0.3163209697061527,0.21712181164751201,0.23750603435196124,0.1024870158479462,0.16241742258053443,0.24786293871155135,0.20406177742446627,-0.09063669685073018,0.15898275177208956,0.12671324789961408,0.21297939658956735,0.34231577710702354,-0.02822554392402791,-0.0779094737608265,0.011622570735082471,-0.00665288099086591,-0.07684275242633018,0.04356302761540189,0.0214133793100384,0.03258659804610152,0.10377553769337204,0.06233573423136807,0.1721453371188873,-0.462159732804538
0.4525440330910422,3.4814991783679776,0.29734329867589754,-0.08391906361207112,-0.051423327412052064,0.30345768478329993,0.0803126923878747,0.2694365055919473,0.012111526841578011,0.13431918347420915,0.06726868911031485,0.11934052506849761,0.06145024154742425,0.080117521700132,0.12340517623117928,0.02733134669993261,-0.03726068611658493,0.4332680818808268,0.22350066062819632,0.1340530375136776,0.35570061957815025,0.014253027106952183,-0.1996765077317302,0.06927173033694065,0.315355240614988,0.2385217338477466,0.7285399338875536,0.2817747388795539,0.4200657614135147,0.07743792843269182,0.21737126930014208,0.12423110194026878,0.17883745847370883,0.06976386280493474,0.08806549519239915,0.4000256923839039,0.48590823273524936,0.27207128355677374,-0.09165960797096863,0.1999062150618224,0.19902707548403847,0.3334808106046394,0.06749214908987876,-0.08393491551575398,0.4032737924600641,0.23334044685259003,0.09364982592638882,-0.017896330488563178,-0.33208526130128047,-0.16223649850400954,0.5885777176013333,0.09009359582010008,-0.4390333905861186,-0.037164477412329776,-0.7568512905069821,-0.13222934822957244,-0.07139336386031722,0.6809651218293746,0.2088540580745676
0.3959966845022284,0.29734329867589754,2.702829403140376,0.28943358770903577,0.4408540425468843,0.3605025178305715,-0.09979037396507551,0.597164141789184,0.38632584067005293,0.633139948904899,0.34569297234955493,0.36486441008697673,0.22091233333551938,0.39657944247906324,0.30053088598962474,0.2690555236056781,0.3987318057485574,0.39317236884968965,0.3150517592350404,0.13661432043785532,0.306057570657802,0.3434208152358581,0.2160254387024104,0.28745535434357206,0.29059839730562564,0.4241114921083628,0.30163392583179127,0.2268909186058098,0.27593503191610125,-0.31502372402036477,0.3844724496849584,0.3074704020309597,0.35962718370680796,0.49423191594027716,0.3159073213562477,0.6238549724145339,0.5217940528712144,0.4405491418812155,0.1825358669690387,-0.31070388184778885,0.23596845659358778,0.3326326574585911,-0.22952258894136796,0.273424987403058,0.0570256753641769,0.5660473562511995,0.37294972852838115,-0.08064029810626354,-0.5108992577898842,0.10726905774163144,-0.4107376684283312,0.032636278363545726,0.38984550949417074,-0.051538038588476505,-0.0030599089361803425,0.0901683015029489,-0.23360955219891547,0.09899634023532798,-0.2135971036089666
0.17592902723996653,-0.08391906361207112,0.28943358770903577,0.9864294329745447,0.34723307490995786,0.19888659693428323,0.32023603630486275,0.24536776730329443,0.12310718004469863,0.20814687342626173,0.2353554613117221,0.26337635427895467,0.1674613781032647,0.26631141587574214,0.1882466762999408,0.2741629150420998,0.2526916739102339,0.26438768109901645,0.21648478110781413,0.15540317275972104,0.213562240565748,0.2117500844734785,0.12467125617414813,0.2494347964760122,0.2151161943208725,0.22921259639800426,-0.014640031882019658,0.10985203805401626,0.17170141089607907,0.21915789471176683,0.20787438097344774,0.2201731596035606,0.2564251655522627,0.3285873568764219,-0.013595477144121194,0.2763290646772245,0.27408807729310974,0.26575334364688546,0.2534412812449643,0.004793358406225085,0.1938811899037029,0.17873709508929103,0.07396005978727092,0.6449391031490533,-0.20973173369025533,0.2507500838134037,0.26766642329123197,-0.024403229919709987,0.19426205301267946,0.19271715934082015,-0.0743395533322596,-0.006510082698308049,0.0165705445152876,-0.13602282502272298,-0.10806778186322728,-0.022935357365202327,-0.18367145062076118,0.2025092369939692,0.03081327390321584
0.43540897260601663,-0.051423327412052064,0.4408540425468843,0.34723307490995786,1.4556332269349903,-0.03420891006852077,0.23423661598494355,0.3200156261672569,0.30021734307388354,0.16221676702352736,0.17354446757140693,0.2023114742265619,0.18555688809404017,0.18802331634116118,0.27408779927921795,0.2764687993606976,0.14961328164061896,0.25366771702922397,0.5144711776599783,0.10753774327236822,0.15350600104272893,0.275070360945249,0.24523938145749036,0.21458087223869185,0.011315044522319925,0.19568186675795401,-0.107227808300576,0.0865002167165338,0.14311554230304838,-0.14660249682102874,0.1756312335439087,0.16492164297711082,0.40946544679464386,0.2491285052303469,-0.10943636915349517,0.10651705287318987,0.4489150305819734,0.2633955859253661,0.2615242872727278,-0.08377200310688937,0.09807267995247054,0.13855523252971444,-0.10139935364038684,0.17367870738367555,-0.11696728258134713,0.13832026698250371,0.4396738809449899,0.006131737203382818,0.12987608973647607,0.44870208745205853,-0.34603959073271423,-0.1393635222048045,0.15484623182237248,-0.13460967995907006,-0.12361307533802428,-0.1048011056619331,-0.16222086763896473,0.2421226894986612,0.002068406206196164
-0.0914823849668632,0.30345768478329993,0.3605025178305715,0.19888659693428323,-0.03420891006852077,1.1429173372183037,-0.36270917147431486,0.365660065035331,0.10275516788344503,0.1954896849213131,0.25122452232507836,0.29011876400215464,0.1385715081627742,0.3780073325369983,0.16296857992154604,0.16194486885553536,0.30815505887474015,0.23232842177037386,0.40835064791640613,0.34741042263254185,0.2993812399163046,0.1538889401694835,0.09124466635856204,0.34162542719504274,0.28306883269896155,0.23954757440664157,0.06278514297462492,0.09721522388875155,0.311891987845739,0.16189241205604737,0.2168182636464188,0.230146504602138,0.4229788951068995,0.215352505173117,-0.021626748443147336,0.2887207602603164,0.5402303390317681,0.34851175466761763,0.22633129909592067,0.02061273813431868,0.21213145189491633,0.27384570489135734,0.03735288226392859,0.14764143289333975,0.11946347203764238,0.2565599021605889,0.1546617692603883,-0.02213722778763312,0.05638300230612218,0.3121654502601138,-0.37347017821358275,-0.25993585889413573,0.3596686304602157,-0.03856861115121619,-0.21610309493166993,-0.11806779349348825,-0.2689728853313783,0.2657278579815173,0.19771145592945033
0.5987194386777742,0.0803126923878747,-0.09979037396507551,0.32023603630486275,0.23423661598494355,-0.36270917147431486,1.1516824547669593,0.02708489055768929,0.23502931423775977,0.10677560073640881,0.17314328360007084,0.20227210340703497,0.16783813441020676,0.03973835765586478,0.14051460829305976,0.2114559445686119,0.17273666740477403,0.16932235820502806,-0.0026369853058128678,0.14414653708754244,0.18221387575052947,0.2368248795387094,0.13496904460754547,0.11543758990930386,0.2051942054078349,0.164955913276738,0.1969688621231726,0.16935066690270154,0.09975107912383857,0.19907602181115527,0.20488653418978747,0.14106470553331726,0.10775756137869358,0.22801381347234606,0.07455541640027105,0.2517099881505498,0.14246084766277664,0.14725788420249405,0.21784972818564488,0.15664090112070647,0.16109134039933176,0.15842773571260224,0.11117762872875306,0.36215775249943477,-0.08414170177264586,0.1568206018901034,0.32272306181366456,-0.012914843508954504,0.2567996261614246,0.016825604013641336,0.18993314545552603,0.0857217521461385,-0.26252260965173807,-0.11929328507806386,-0.046862929812554056,0.14241091508029108,0.02362157002994445,0.14502540669084252,-0.2993364361902814
0.18892703603768488,0.2694365055919473,0.597164141789184,0.24536776730329443,0.3200156261672569,0.365660065035331,0.02708489055768929,0.7714063164881639,0.07368333265734099,0.21772321941578524,0.26614869490022525,0.12865072742350261,0.1676671892807276,0.2999565781197054,0.08628610515588447,0.16630618682743267,0.2622855330179038,0.25214365256729604,0.2314182985959051,0.24676365463133018,0.17518634517011478,0.147242839994851,0.12747401490436175,0.23781697940349134,0.20410785610221488,0.25965381088854256,0.22279873297181815,0.024613288183896517,0.2780734010227374,0.14313847702449767,0.18436654415161957,0.19356226304959542,0.22816349841768718,0.28724266292331696,0.10081599756057268,0.2453646628846502,0.35675080971607687,0.27154050484284215,0.29486597425453787,-0.018806831870744757,0.17594506558767423,0.1816730969842352,0.03741796155194117,0.17583938536626806,0.01342329359098136,0.2800860339493338,0.2733188378661656,-0.02548997117924515,0.18397861552139622,0.18110966641932977,-0.20972976737563148,-0.29668565019593884,0.47074420015022056,-0.09095663387032807,-0.2625894736999666,-0.15107709504864897,-0.007982631058224698,0.3810396799028986,-0.10022732889647737
0.15535493613884999,0.012111526841578011,0.38632584067005293,0.12310718004469863,0.30021734307388354,0.10275516788344503,0.23502931423775977,0.07368333265734099,0.6905711185100277,0.10485259409818505,0.13277654696522925,0.1333043402416606,0.15494944714298362,0.1458454303370636,0.17662661849781205,0.097713578158038,0.17648906355536667,0.12283651078935948,0.16605384347750685,0.07710089006447736,0.1992797748401859,0.35431548917856587,0.12360264727725656,0.20712752567786524,0.05528064240778889,0.24034868153250516,0.16137905565124713,0.19545502833500103,0.019787453564170415,0.025540440682812904,0.20298938654953083,0.1552092276924354,0.3268974229431272,0.15102174988185801,0.12058755742634397,0.2666848304072932,0.23400478072334502,0.172356112540094,0.17402092976108294,0.003525970623323958,0.16436308696538665,0.18277492952237945,-0.1364053706195962,0.14226534458831827,-0.09874480641084218,0.1836526868869643,0.11842498112406405,-0.018715814387616412,0.3770282506840992,0.09804303774083062,-0.1312650034710919,0.003341381316109562,0.09382402731491374,-0.09971229914825103,-0.05352530317784981,0.1168194479720938,-0.12459966970718486,0.11785155302265425,-0.21409206455721488
0.3027339675152366,0.13431918347420915,0.633139948904899,0.20814687342626173,0.16221676702352736,0.1954896849213131,0.10677560073640881,0.21772321941578524,0.10485259409818505,0.7470330848809934,0.22322778095219148,0.30200924159498327,0.14003363046415992,0.24238382316742266,0.22168660412437288,0.2396826247938481,0.234526212955499,0.2519734187333956,0.10708308295365723,0.06570683237771505,0.18154457087673928,0.1947705059652071,0.21448305228367232,0.1641235066852671,0.2314471669556449,0.20806564944728753,0.2843643686342335,0.13566644959305174,0.24958609462911155,0.045890595837692415,0.22857979026571007,0.19240288651006904,0.13245061955885937,0.3563086272179106,0.2654122138376434,0.32427880723024743,0.2706694127824748,0.2131587091865477,0.1538636513394684,-0.00486741581115779,0.18580008084749122,0.20622102929850944,-0.008096977503227774,0.2152966218554169,0.0008060977381656812,0.20494176896526198,0.4152031266192035,-0.03514834937277839,-0.15624297010048566,-0.027674235989891452,-0.23938327120527186,-0.06719332868513281,0.2384497436327081,0.06653205538793958,0.038952624515427366,0.09863716831485642,-0.14290093221666436,0.017347313497576938,-0.06983702071936668
0.1996990723295222,0.06726868911031485,0.34569297234955493,0.2353554613117221,0.17354446757140693,0.25122452232507836,0.17314328360007084,0.26614869490022525,0.13277654696522925,0.22322778095219148,0.4162647396960572,0.25120796168470655,0.18667675277253495,0.2317312261904252,0.22503097326227214,0.2008037369666887,0.3182701020945969,0.20966945681877144,0.13789097805892475,0.23248253394077967,0.2033948069056979,0.17470084938035849,0.1583099109293642,0.20837532968522524,0.1826358123475363,0.23763496074950527,0.13944827722901623,0.13129406364769738,0.21800341761846223,0.09229147191534322,0.1950629312811607,0.1646294835007708,0.24582929729672898,0.22364737104381918,0.18573532921638958,0.22252287293373765,0.3434991204891286,0.2120816503750287,0.2284135780034135,0.04951914026845382,0.17023587940839083,0.20608984454525978,-0.0024442919640404724,0.0876612461948602,0.04322166626079585,0.17963073328623724,0.31369873502866596,-0.01655044799766952,0.08458163933364464,0.11279051554327918,-0.2423590644065804,-0.10986730975803545,0.310763053946836,-0.049156222603667026,-0.0930516380826697,0.013878108070334304,-0.170398979153195,0.17140465612174405,-0.04478779210222754
0.24874997993335432,0.11934052506849761,0.36486441008697673,0.26337635427895467,0.2023114742265619,0.29011876400215464,0.20227210340703497,0.12865072742350261,0.1333043402416606,0.30200924159498327,0.25120796168470655,0.6970462335427444,0.15615568803814897,0.25429827820491635,0.21472235347616073,0.252690009676631,0.2628064474574879,0.15185451877922423,0.2131418841658728,0.1750422563661628,0.20872242115538547,0.1862257083830702,0.10180316971953066,0.12993204709829517,0.2147202244137355,0.28022162507838555,0.2453653036024992,0.12088906559458688,0.12285628572880972,-0.05153415986019146,0.25792916666516524,0.24834591905464276,0.14493105135269616,0.25040387213266696,0.059672640322972696,0.3370176379055109,0.22003259486301813,0.24675732049368437,0.13716112346584408,0.06340882547891491,0.1355811700991658,0.196373492965183,0.007627001536252728,0.18027371142716142,0.042744112400352634,0.1720460329272749,0.23821202814063588,-0.00938101297644024,-0.10543726373765364,0.04462660979416066,-0.06379854455351629,0.059637472609399236,-0.08471646520933998,-0.04759666143534372,-0.05504644560381673,0.16093012091041678,-0.19063790891634477,0.11695978282473263,-0.1670040309592255
0.1397737437585261,0.06145024154742425,0.22091233333551938,0.1674613781032647,0.18555688809404017,0.1385715081627742,0.16783813441020676,0.1676671892807276,0.15494944714298362,0.14003363046415992,0.18667675277253495,0.15615568803814897,0.3180543797158591,0.14078031267791818,0.11228012603456587,0.19039095762587468,0.17939737133962955,0.13868066464234943,0.127664317646694,0.12883997047187076,0.14089343603309565,0.1873503333833493,0.08161353913331096,0.1734305770668313,0.12615374491391682,0.1617253825264953,0.06778986051711434,0.14261683549106233,0.20672489748364806,0.1362389443680583,0.11778520486495973,0.1418139719779513,0.137159233438091,0.18660511727459053,0.1533468217135217,0.16365005596350676,0.18696586726534498,0.1320455349619239,0.18586620737387186,0.03694422621054595,0.1362494301595267,0.13903376788170754,0.009256421473603366,0.17395018199112033,-0.010127043407156689,0.12127313966774689,0.2016894812816759,-0.012229101388063102,0.11153396241440044,0.13817875437940658,-0.07674923249303131,-0.07541750439219995,-0.008432492573191511,-0.024058361635568095,0.007406719097519957,-0.009903112562484929,-0.1678592088430161,0.0016008671035770362,0.10092351241759709
0.21135185345189383,0.080117521700132,0.39657944247906324,0.26631141587574214,0.18802331634116118,0.3780073325369983,0.03973835765586478,0.2999565781197054,0.1458454303370636,0.24238382316742266,0.2317312261904252,0.25429827820491635,0.14078031267791818,0.5457976412052457,0.19609844275148555,0.2605710761780222,0.2505744908658423,0.20624472086120482,0.19493739642054322,0.1826550993984299,0.22931997910206656,0.20190888043585176,0.10901766868969769,0.2640046335241086,0.22857537323335617,0.3210225173523823,0.11433074685697786,0.12890277797720465,0.13750809059413957,0.13508956005815997,0.22320871047038257,0.308396686637886,0.31162541241688874,0.20710166957647191,0.1950680153985959,0.33353988851224153,0.3074866176718389,0.2674753831396198,0.14240134345491062,0.019071876557919365,0.2566993859006045,0.2340264051125041,-0.06755493350658122,0.23417435782570142,-0.06570022840594272,0.22947096694486727,0.18897292594978762,-0.03151621743834926,0.17345156020895486,-0.010181068756184467,-0.24063211259459377,-0.179627185319127,0.4514053696231253,-0.018079824882725533,-0.15543917365152526,0.029699513778192112,-0.19688388269524013,0.24030884167164265,-0.04470501110427317
0.2494259981335166,0.12340517623117928,0.30053088598962474,0.1882466762999408,0.27408779927921795,0.16296857992154604,0.14051460829305976,0.08628610515588447,0.17662661849781205,0.22168660412437288,0.22503097326227214,0.21472235347616073,0.11228012603456587,0.19609844275148555,0.6908218831582149,0.1610545850240479,0.28343504952154713,0.24802013969341327,0.21135321339692711,0.19449074416326229,0.21321683156071233,0.13036216054247196,0.068275956396704,0.2079775260050813,0.17890735915425945,0.2518605729839387,0.05702128980648524,0.2989221464559084,0.16957296866282728,0.09984397258518998,0.19420387306882192,0.14814758463119013,0.29493856536017193,0.17724770595231612,0.22405977886711434,0.2125322016794319,0.3909230854883449,0.14596363810443178,0.12201479619094463,0.01071903392420252,0.1787947926478248,0.21744102601392032,-0.01716888466629707,0.07429773630565399,0.042471324373678544,0.13434467558108018,0.28571652125742847,-0.013201593068550638,0.015536184571169842,0.19420386541453755,-0.2976832936984413,0.2866614932112984,-0.1251341541518034,-0.0076413481543398795,-0.10499938098576932,0.12528437498391445,-0.27065827748587923,0.18502757470753345,-0.05763523095699401
0.2274493151831653,0.02733134669993261,0.2690555236056781,0.2741629150420998,0.2764687993606976,0.16194486885553536,0.2114559445686119,0.16630618682743267,0.097713578158038,0.2396826247938481,0.2008037369666887,0.252690009676631,0.19039095762587468,0.2605710761780222,0.1610545850240479,0.750910874515511,0.2235655736312082,0.21647029699703413,0.214373667607859,0.02722705101467306,0.18922734168382138,0.37281383239536986,0.11502206234466347,0.18853845512134967,0.1581583010338048,0.17833949983835137,-0.015991947042500475,0.21618793651864224,0.2235990926619054,0.1996305876452865,0.16358958132049578,0.25948052400958516,0.08674505286096042,0.266544403990618,0.316632466768049,0.30936353558361734,0.1133144567749817,0.119068573729132,0.20300912745379915,0.070743524126272,0.1957875407283312,0.18942004560945663,0.0031479441740767783,0.37623911145413624,-0.06062157432365409,0.15436170923718986,0.25096482323852215,-0.017946029363932334,-0.05604602573698415,-0.11019172112833442,-0.018122994038261547,-0.012746990394983964,-0.05885529482072212,-0.014719867958511247,-0.030287994368900558,0.054705666102375976,-0.2561695528978734,0.10939718299511064,0.017587747680244015
0.1623298859569541,-0.03726068611658493,0.3987318057485574,0.2526916739102339,0.14961328164061896,0.30815505887474015,0.17273666740477403,0.2622855330179038,0.17648906355536667,0.234526212955499,0.3182701020945969,0.2628064474574879,0.17939737133962955,0.2505744908658423,0.28343504952154713,0.2235655736312082,0.867731631556559,0.22517869788831835,0.16809688383925975,0.3701210824854722,0.29075173605153165,0.22248841906995961,0.21273190253502217,0.20862347988065524,0.3857424435908153,0.21429978187165163,0.07938417742565478,0.22811334044097517,0.29231242980690336,0.11610319795762558,0.3015820233441089,0.15797283955028446,0.29466129419898723,0.2990454213475616,0.2774686663317528,0.24661171187983982,0.6100300609467602,0.301095591855711,0.3574300263337802,0.09118683991594909,0.2685587664888821,0.29097813819525403,0.005539142069530953,0.1496999493994669,0.15828992133684447,0.24897582540836113,0.617042711780414,-0.02439877754148893,-0.12555756233698043,0.425628847758543,-0.25272153860314645,-0.086320717221773,0.2481459322571102,-0.1066145509896444,-0.04733504000614133,0.0329906137174286,-0.21923627419870492,0.14506088935268585,-0.0473423538166208
0.300350221640479,0.4332680818808268,0.39317236884968965,0.26438768109901645,0.25366771702922397,0.23232842177037386,0.16932235820502806,0.25214365256729604,0.12283651078935948,0.2519734187333956,0.20966945681877144,0.15185451877922423,0.13868066464234943,0.20624472086120482,0.24802013969341327,0.21647029699703413,0.22517869788831835,0.8514441134224446,0.22974244121355056,0.050161543021040075,0.27219222622388056,0.16695079644158695,0.22310921798323755,0.315202330672925,0.23909972307428307,0.38571851392363155,-0.28850624293476523,0.231427545894907,0.21691846157213812,0.15972136375396553,0.17198071058503617,0.16712840666709403,0.38575542438773486,0.18011440043067686,0.12789369899577507,0.2995442170766087,0.3949622046081754,0.2040376253968479,0.08634347101549547,0.05791619523688708,0.25140744370048024,0.25945660997174347,0.038629185303227835,0.273918666574301,-0.008291975105502203,0.24444175246489194,0.3212047197332607,-0.021990487047477473,-0.06327005496866339,0.12462893160508713,0.01729651974904512,-0.05351062407694801,0.09572180307744013,-0.049295080129797185,-0.2187809001095735,-0.03512352332786803,-0.1875708575822544,0.31819123700791435,0.01577393984995374
0.1313112885716002,0.22350066062819632,0.3150517592350404,0.21648478110781413,0.5144711776599783,0.40835064791640613,-0.0026369853058128678,0.2314182985959051,0.16605384347750685,0.10708308295365723,0.13789097805892475,0.2131418841658728,0.127664317646694,0.19493739642054322,0.21135321339692711,0.214373667607859,0.16809688383925975,0.22974244121355056,0.7559347762719071,0.21091431315821008,0.2123096377070546,0.18713294769703198,-0.04117643549803799,0.20869747928359317,0.15887897668404813,0.17445345953693786,-0.06650136002666007,0.21422889874437173,0.11300686056502626,0.0539622156607535,0.20241981471393766,0.21670156961517834,0.2523066769849528,0.17819332472100888,-0.11306183156642133,0.2999705783169642,0.21886556354051176,0.33020236631740313,0.13704893828935713,0.05332055700707586,0.1747417144159363,0.170665323568039,0.16598975652285042,0.2867135271801205,0.047803036844865636,0.20618802948630696,0.15669105591832239,0.022707032313316226,-0.15807449054336442,0.12395619215985264,0.2749140388890665,0.38730703454922705,-0.533924490994628,-0.1665028710096444,-0.18734012568823513,-0.06393771731184063,-0.13992396401007653,0.2411866046478688,0.035125795610855104
0.12318735189761758,0.1340530375136776,0.13661432043785532,0.15540317275972104,0.10753774327236822,0.34741042263254185,0.14414653708754244,0.24676365463133018,0.07710089006447736,0.06570683237771505,0.23248253394077967,0.1750422563661628,0.12883997047187076,0.1826550993984299,0.19449074416326229,0.02722705101467306,0.3701210824854722,0.050161543021040075,0.21091431315821008,1.2983139671254056,0.11430739631831358,-0.0036842924093242026,0.06266555804752935,0.19628012094221958,0.21346620099408647,0.24375391145361588,0.22347152533812265,0.1460633778395837,0.5039116801390587,0.1445408885590209,0.14823577933411847,0.1328215005733894,0.14391489027282608,0.31455006175690936,0.1307149727467649,-0.15021863729537824,0.7071699665106412,0.366208465115717,0.3378518124192658,0.24386146475856105,0.0756324487613906,0.1754806701841505,0.4312492103120871,-0.1952277708404336,0.38431800726859416,0.140752834060167,0.5169309823369675,0.04376030536264408,0.48307457307734186,0.19603811773020915,-0.24864238334512695,0.07653715900550863,0.036012306857034014,-0.11775764059742211,-0.1264136499135991,-0.08335421856250871,-0.0728706171182708,0.1965854116403621,0.009786597655953775
0.2247156326398707,0.35570061957815025,0.306057570657802,0.213562240565748,0.15350600104272893,0.2993812399163046,0.18221387575052947,0.17518634517011478,0.1992797748401859,0.18154457087673928,0.2033948069056979,0.20872242115538547,0.14089343603309565,0.22931997910206656,0.21321683156071233,0.18922734168382138,0.29075173605153165,0.27219222622388056,0.2123096377070546,0.11430739631831358,0.5222388617378173,0.19691372913654207,0.16968119980297156,0.23467705965637128,0.2944289992970961,0.19031604777833547,0.08031206606715814,0.2944955292621095,0.14015827276475776,0.21507762677267128,0.3539587655094025,0.1806297418053787,0.38883301558611166,0.18458773855105673,0.23508064482628352,0.5889022565035124,0.4293004475170303,0.3132639174492789,0.21908872175290225,0.17863394213947542,0.3425488898870813,0.44262989921080015,-0.08796955484069768,0.3231683689933389,0.14228018023891206,0.28938357272744725,0.3529970271489161,-0.030135899576803127,-0.2676452956212693,0.14852830981120144,-0.03710060384368814,-0.10387337133363604,0.09848483408550508,-0.06145696833541292,-0.15485774545041656,0.02001528690906369,-0.22367644710432982,0.22541246647599505,0.006702473491401037
0.2054518102373022,0.014253027106952183,0.3434208152358581,0.2117500844734785,0.275070360945249,0.1538889401694835,0.2368248795387094,0.147242839994851,0.35431548917856587,0.1947705059652071,0.17470084938035849,0.1862257083830702,0.1873503333833493,0.20190888043585176,0.13036216054247196,0.37281383239536986,0.22248841906995961,0.16695079644158695,0.18713294769703198,-0.0036842924093242026,0.19691372913654207,0.5784941990672359,0.1989269905428725,0.19577948939879483,0.10336762575425534,0.18163734853442534,0.10421317784570687,0.1937390279625978,0.12384050744049986,0.10860996200087056,0.203531602739614,0.2201446944400641,0.226059567472071,0.2353154863621365,0.1837039023369478,0.2965424937063009,0.1854268005775958,0.16671548821672327,0.2220702152436623,0.021597100619190533,0.1905293699160076,0.1847191127533555,-0.07782863087480418,0.2962679838605594,-0.10925352068965989,0.18506722116005875,0.23067516208330147,-0.01807183854801865,0.1399095143344167,0.03120079519204928,-0.06865039648158977,-0.05200899912300696,0.017627517693540932,-0.07451169283935108,-0.029912259593069233,0.07005803237964085,-0.17941955589851144,0.09680259195799547,-0.08716338085543818
0.2542702424606324,-0.1996765077317302,0.2160254387024104,0.12467125617414813,0.24523938145749036,0.09124466635856204,0.13496904460754547,0.12747401490436175,0.12360264727725656,0.21448305228367232,0.1583099109293642,0.10180316971953066,0.08161353913331096,0.10901766868969769,0.068275956396704,0.11502206234466347,0.21273190253502217,0.22310921798323755,-0.04117643549803799,0.06266555804752935,0.16968119980297156,0.1989269905428725,1.8686581736937615,0.29100825290885163,0.41873693470922363,-0.16128194424162315,0.21326018544008243,0.189062809332293,0.251728741345061,0.031194239402807106,0.28407992503694574,-0.006103764616539785,0.7105136623871444,0.25078288890032785,0.05535051905766519,0.2870919267721595,0.7542225174629542,-0.09145717367350366,0.5336969829296253,0.1598500637712224,0.1852363429324228,0.23395890438029554,-0.5376073130811732,-0.056850103796739014,-0.13497714347621467,0.2590637455755801,0.7938542108760245,0.011519304396170799,-0.08104462749078493,0.7351306648831717,-0.5272554354187985,-0.474593839507672,0.6124172307831479,-0.11642824070254475,0.14088130643388008,-0.01564369281184835,-0.08902881222951217,-0.0951809173408636,0.11844237371131906
0.02200426431893038,0.06927173033694065,0.28745535434357206,0.2494347964760122,0.21458087223869185,0.34162542719504274,0.11543758990930386,0.23781697940349134,0.20712752567786524,0.1641235066852671,0.20837532968522524,0.12993204709829517,0.1734305770668313,0.2640046335241086,0.2079775260050813,0.18853845512134967,0.20862347988065524,0.315202330672925,0.20869747928359317,0.19628012094221958,0.23467705965637128,0.19577948939879483,0.29100825290885163,0.8436860320153771,0.292316672998784,0.09994420181065461,0.01214123973653986,0.36770391523337564,0.16355512598110117,0.5441664735553645,0.1954024024987538,0.22035020990168247,0.7992621565529481,0.20586789020021615,0.18376291954739113,0.44507831558497857,0.582688748544231,0.2611753734414382,0.2945251756078129,-0.016042875729318028,0.25529748265852287,0.28458632109741067,-0.020299294621282216,0.33954707928374583,-0.1673777227093358,0.3525917448960745,0.2191240762572526,-0.05034823179985156,0.4182889619153823,0.20257033818246944,-0.28690467078512166,-0.14969301855409878,0.37635909647826127,-0.13938414477089442,-0.12150319929941426,-0.135247399975979,-0.15694798630786433,0.1470769555801583,0.19132836109686757
0.31851769933706003,0.315355240614988,0.29059839730562564,0.2151161943208725,0.011315044522319925,0.28306883269896155,0.2051942054078349,0.20410785610221488,0.05528064240778889,0.2314471669556449,0.1826358123475363,0.2147202244137355,0.12615374491391682,0.22857537323335617,0.17890735915425945,0.1581583010338048,0.3857424435908153,0.23909972307428307,0.15887897668404813,0.21346620099408647,0.2944289992970961,0.10336762575425534,0.41873693470922363,0.292316672998784,1.9763935650951678,0.05123361379644528,0.22295920525575116,0.22600005626702158,0.5978823071466851,0.5909342586330318,0.460404519705318,0.20232957822101838,0.1886124869574668,0.42197830293986555,0.2797984632995043,0.6938973343010697,0.3056732566761489,0.45753798804034007,0.3844499674167866,0.16744537200072834,0.16861668940972874,0.32742529537178305,0.38666438903207623,0.6260951007188098,0.21320636276562757,0.5120471840868795,0.49706030657455763,-0.09369835334039385,-0.8033889693694827,-0.12371909381462028,0.14124082941170293,-0.15490354770719783,0.10661674108308546,-0.062380178610293685,-0.06422698536715508,0.03998480365457231,-0.04062454402498811,0.11906352993904554,-0.10465870176012466
0.2767719450427713,0.2385217338477466,0.4241114921083628,0.22921259639800426,0.19568186675795401,0.23954757440664157,0.164955913276738,0.25965381088854256,0.24034868153250516,0.20806564944728753,0.23763496074950527,0.28022162507838555,0.1617253825264953,0.3210225173523823,0.2518605729839387,0.17833949983835137,0.21429978187165163,0.38571851392363155,0.17445345953693786,0.24375391145361588,0.19031604777833547,0.18163734853442534,-0.16128194424162315,0.09994420181065461,0.05123361379644528,1.3793880562817729,0.19025145626944162,0.2956733405620308,-0.1109565599783441,-0.35598643852596407,0.12857857620718674,0.35107094260429383,0.12405458716856446,0.15217588029727505,0.23529610476002003,0.0008057415628636356,0.03403348850304013,0.31071810898612995,-0.35175907238656257,0.040809224002820665,0.14780899304318446,0.1823284354643589,0.16558598930901466,-0.015414339540541062,-0.08427330475239377,0.02365515517731755,0.03160934629042264,0.003338643101782958,0.44145787185944363,0.019209125531337166,-0.4153206960479027,0.6236050727498376,-0.4174301828313898,0.07679708261120434,-0.17933447054507856,0.07994730322711528,-0.1956084273675441,0.28837515510095363,-0.1527425761106605
0.2570298780363572,0.7285399338875536,0.30163392583179127,-0.014640031882019658,-0.107227808300576,0.06278514297462492,0.1969688621231726,0.22279873297181815,0.16137905565124713,0.2843643686342335,0.13944827722901623,0.2453653036024992,0.06778986051711434,0.11433074685697786,0.05702128980648524,-0.015991947042500475,0.07938417742565478,-0.28850624293476523,-0.06650136002666007,0.22347152533812265,0.08031206606715814,0.10421317784570687,0.21326018544008243,0.01214123973653986,0.22295920525575116,0.19025145626944162,2.339921379765406,0.23053466683187465,0.053734747048187245,-0.22404003687163965,0.33253238994769774,0.1775668700776404,0.09213293916407066,0.24581192154043388,0.25086105751364934,0.13832408925602227,0.39849043321289684,0.368806781115776,0.10743541036296765,0.1917122475359454,0.04415509154111107,0.17781835055215728,0.4758750131946902,-0.4537972095190492,0.4217089858516543,0.1417109580085523,0.2805800078721566,0.004428011154354097,0.5277337080630456,0.005051254287616129,-0.37317458131709036,0.4047035883818172,-0.14646202587905727,-0.015346352856990798,-0.12220065302549443,0.1571071578996483,0.29113882846408723,0.1738203784555988,-0.5348505958922796
0.18170020596702346,0.2817747388795539,0.2268909186058098,0.10985203805401626,0.0865002167165338,0.09721522388875155,0.16935066690270154,0.024613288183896517,0.19545502833500103,0.13566644959305174,0.13129406364769738,0.12088906559458688,0.14261683549106233,0.12890277797720465,0.2989221464559084,0.21618793651864224,0.22811334044097517,0.231427545894907,0.21422889874437173,0.1460633778395837,0.2944955292621095,0.1937390279625978,0.189062809332293,0.36770391523337564,0.22600005626702158,0.2956733405620308,0.23053466683187465,1.5166792158766713,-0.0755556362860984,0.09236002356702204,0.29490414531638454,0.22722112282342155,0.8870696009989018,0.029312886175369247,1.121625412476707,0.16687537056510432,0.8114405392335626,0.19146151024543687,0.08900303709570971,0.15717139507984298,0.16822798549731952,0.4271955574660432,-0.18775279372491685,-0.03639194940734007,0.3288086534455354,0.1335888306637164,0.4499586300732193,-0.010451777049764506,-0.2728323012105052,0.5225221211714077,-0.5189314152494363,1.4118003191481914,-1.4789113086796495,0.009810728031351058,-0.06738810674588197,0.11211291417824584,-0.15207078668197474,0.08263403234209132,-0.0012733620232091719
0.10457585490476194,0.4200657614135147,0.27593503191610125,0.17170141089607907,0.14311554230304838,0.311891987845739,0.09975107912383857,0.2780734010227374,0.019787453564170415,0.24958609462911155,0.21800341761846223,0.12285628572880972,0.20672489748364806,0.13750809059413957,0.16957296866282728,0.2235990926619054,0.29231242980690336,0.21691846157213812,0.11300686056502626,0.5039116801390587,0.14015827276475776,0.12384050744049986,0.251728741345061,0.16355512598110117,0.5978823071466851,-0.1109565599783441,0.053734747048187245,-0.0755556362860984,2.1739001772789517,0.4527687017725446,0.039246025684561835,0.1241355137892477,-0.39549265421675533,0.6227225502568009,0.19632949373003947,0.24913151967872332,0.04559468746951984,0.005709949859492799,0.5749780964725447,0.0434397147542305,-0.1405239511828675,0.102671062979458,0.40911497535881686,-0.1352576813456941,0.2998202369975372,0.1665979521277805,0.7378090539716688,-0.06943379764430853,0.048215015818318996,0.45010079460438407,-0.5135149878995042,-0.1291490069153555,-0.07507210930412983,0.08415888669069854,-0.18176218233153207,-0.1670349248426969,-0.18986697286612841,0.2603256104740351,0.12252253472291363
0.03574526662192318,0.07743792843269182,-0.31502372402036477,0.21915789471176683,-0.14660249682102874,0.16189241205604737,0.19907602181115527,0.14313847702449767,0.025540440682812904,0.045890595837692415,0.09229147191534322,-0.05153415986019146,0.1362389443680583,0.13508956005815997,0.09984397258518998,0.1996305876452865,0.11610319795762558,0.15972136375396553,0.0539622156607535,0.1445408885590209,0.21507762677267128,0.10860996200087056,0.031194239402807106,0.5441664735553645,0.5909342586330318,-0.35598643852596407,-0.22404003687163965,0.09236002356702204,0.4527687017725446,3.456098844339567,0.3626121760640437,0.05746305877649736,0.07180071088076616,0.17607969641870133,0.3332320077445296,0.9065197929857902,-0.02331755900405652,0.48225685005934366,0.7584731552775807,-0.00810088256363597,0.816271618028016,0.22317651665154756,1.3331533192071863,1.6830926573759264,-0.1880685801573622,0.6047297516199439,0.012373118605451674,-0.08385610850006235,0.8683818343148694,-0.4182508975683304,0.44821622148652046,-0.6657925634024486,0.5511367940469565,-0.039712041322719493,-0.12287068191291743,-0.34477022159141557,-0.08001591031724936,0.2170389299918048,0.1783338807526382
0.2583553887882838,0.21737126930014208,0.3844724496849584,0.20787438097344774,0.1756312335439087,0.2168182636464188,0.20488653418978747,0.18436654415161957,0.20298938654953083,0.22857979026571007,0.1950629312811607,0.25792916666516524,0.11778520486495973,0.22320871047038257,0.19420387306882192,0.16358958132049578,0.3015820233441089,0.17198071058503617,0.20241981471393766,0.14823577933411847,0.3539587655094025,0.203531602739614,0.28407992503694574,0.1954024024987538,0.460404519705318,0.12857857620718674,0.33253238994769774,0.29490414531638454,0.039246025684561835,0.3626121760640437,1.174133513794202,0.17914618263240242,0.37766746280480035,0.2951933912746235,0.21060442268368398,1.1876984708452765,0.4738943155630578,0.4909459250965985,0.3329267989985359,0.10367876914205229,0.39695429344650107,0.4161362860841095,-0.20350898292581526,0.4690231647769398,0.1129436829503544,0.46256566306734115,0.40042999634102927,-0.047359650853723574,-0.7807454728666885,0.07115077290505166,-0.08683691277163955,0.07416384166464694,0.07708637565995473,-0.09341340607342458,-0.08741619093820713,0.10805899748277704,-0.0677209937735576,0.12779675403201665,-0.18071193888677492
0.18047967763612102,0.12423110194026878,0.3074704020309597,0.2201731596035606,0.16492164297711082,0.230146504602138,0.14106470553331726,0.19356226304959542,0.1552092276924354,0.19240288651006904,0.1646294835007708,0.24834591905464276,0.1418139719779513,0.308396686637886,0.14814758463119013,0.25948052400958516,0.15797283955028446,0.16712840666709403,0.21670156961517834,0.1328215005733894,0.1806297418053787,0.2201446944400641,-0.006103764616539785,0.22035020990168247,0.20232957822101838,0.35107094260429383,0.1775668700776404,0.22722112282342155,0.1241355137892477,0.05746305877649736,0.17914618263240242,0.5636617356066272,0.10173710056715186,0.22367574741208288,0.14270784232400513,0.32559868575564893,0.033771244295168826,0.28146285322898257,0.04120011361418896,0.04596673131516324,0.1754203309685773,0.16685477803786977,0.08892564445507042,0.24061548344104672,-0.036496973869986356,0.17773605447958296,0.17510868808622443,-0.02257398454524577,0.04624383071956791,0.007668163255026661,0.0054177576609279405,0.3399412269892046,-0.4050343453032021,0.011938685450088238,-0.12278817234419442,0.04982882859024692,0.019463601772055965,0.13226043303755816,-0.17632533174526635
0.2432392805627237,0.17883745847370883,0.35962718370680796,0.2564251655522627,0.40946544679464386,0.4229788951068995,0.10775756137869358,0.22816349841768718,0.3268974229431272,0.13245061955885937,0.24582929729672898,0.14493105135269616,0.137159233438091,0.31162541241688874,0.29493856536017193,0.08674505286096042,0.29466129419898723,0.38575542438773486,0.2523066769849528,0.14391489027282608,0.38883301558611166,0.226059567472071,0.7105136623871444,0.7992621565529481,0.1886124869574668,0.12405458716856446,0.09213293916407066,0.8870696009989018,-0.39549265421675533,0.07180071088076616,0.37766746280480035,0.10173710056715186,2.624974717562842,-0.21422069599105156,-0.23482642818371152,0.10175414484051523,1.6406121730940857,0.354168195992066,0.2363419224262943,-0.08601015987491462,0.25525951757000387,0.45218616939165546,-0.47321022745144586,0.13705231238107188,-0.319076576156111,0.41503044984824067,0.46852901903210664,-0.09156202623873198,0.6903920990110212,0.7786147174125819,-0.9219317278731297,-0.25211882327124596,0.8344927884832637,-0.3207437113796931,-0.07015295414101345,-0.10294481340607181,-0.28408769869169503,0.16685371846145938,0.33399824001401085
-0.10480889747006741,0.06976386280493474,0.49423191594027716,0.3285873568764219,0.2491285052303469,0.215352505173117,0.22801381347234606,0.28724266292331696,0.15102174988185801,0.3563086272179106,0.22364737104381918,0.25040387213266696,0.18660511727459053,0.20710166957647191,0.17724770595231612,0.266544403990618,0.2990454213475616,0.18011440043067686,0.17819332472100888,0.31455006175690936,0.18458773855105673,0.2353154863621365,0.25078288890032785,0.20586789020021615,0.42197830293986555,0.15217588029727505,0.24581192154043388,0.029312886175369247,0.6227225502568009,0.17607969641870133,0.2951933912746235,0.22367574741208288,-0.21422069599105156,1.3603357054925813,0.395017416383434,0.31022022874534466,0.40853016094068995,0.1999618859354761,0.45989101257276466,-0.0981052246308807,0.09097544951505426,0.2485220601933413,0.2205437520123271,0.471226733835456,-0.15542133413302217,0.3462750098220345,0.6556864837252535,-0.01988693043053398,0.047051811231794145,-0.012555575593121485,-0.16605011671826037,0.008264794296445159,0.1627090839491701,-0.10079617773525482,-0.1499863550640086,0.0245230469336707,-0.24227521517879266,0.18877341956106256,0.06780764153591441
