1.8079876257723206,0.419526003748875,0.8272877966931784,0.18400831814923801,0.5058861279493304,0.3277390347651129,0.6453229884925118,0.38071480559678156,0.4078887737169575,0.2475344076638553,0.39021371484580586,0.4540348144435827,0.2317864946396914,0.4342349719160959,0.4008438246772978,0.3450686059801941,0.26311385572422813,0.3496836922913279,0.2772127639751348,0.3538322006207918,0.25751850443697827,0.14697517526322296,0.05711252769395277,0.09769739909807536,0.2674404878805354,0.4043155873284253,0.30477395376540733,0.2809400460888731,0.23343778584723573,0.23827567905528607,0.363706801316303,0.3244326245202816,0.3874334620801401,-0.1891160140446091,-0.0866296420538304,0.35704638329075117,0.26508052943821336,0.2312554794462317,0.3917118744378915,0.07365030855727586,0.22550505168326712,0.25415996173914707,0.28909722191734655,0.1022556389801733,0.3017404373023614,0.2972039353084654,0.3081755385171,-0.033180345159142165,0.622207606509074,-0.0011400078173881558,-0.023222942327232095,0.16005818550332981,0.06203095820528306,-0.22465161415619334,0.424075981489884,-0.07560535967566615,0.3662888567624461,0.685816763851833,-1.3527783188900528,-0.19015063889816206
0.419526003748875,4.332921158153207,0.36221306041521917,-0.23619815389972748,0.0835716483980662,0.4669609618913974,0.11660173469852764,0.3714718033472776,0.042406733040362896,0.15417259547640627,0.1496134688658796,0.15208129662774275,0.05169711340742528,-0.01706082413817377,0.32936545056879357,0.05607651919011393,-0.032220908103388166,0.27667753902865216,-0.2000974733303907,0.3405257264525776,0.4182039755246689,0.047416885230823255,0.20697436678680392,0.04625658473055392,0.3300944833285632,0.2488277937753229,0.14014022385381736,0.00040780803687838203,0.49173477425587464,0.10265819481948747,0.16640252420337617,0.20055759553073518,0.025673337612171068,0.22607312517586836,0.01674989450086819,0.17073104203184514,0.4388495717526821,0.18397984902847192,0.06097741785036949,0.23942964906334877,0.14343947190662498,0.17629542189055572,0.205404727892989,0.041309809159478995,0.37840783184663196,0.1628564523309805,0.2186112845867018,-0.01917413635504985,0.6722456567115334,-0.9739897466631324,0.1880431047319544,0.6464762629295975,0.12506336302451013,0.04670311039829614,-0.5279439736448743,0.09598615902788363,-0.13757563613140553,0.46872355225967904,0.13771431672953124,0.4814411776563391
0.8272877966931784,0.36221306041521917,2.5404631202782144,0.2567105633806931,0.002610954548567799,0.49836195005645606,0.4071850104839541,0.6817396977281456,0.7409568087214186,0.5325002276364398,0.5643941282901661,0.5228598005179487,0.388826711602127,0.35285837739861275,0.548419970993543,0.3857228833496047,0.5475862443833527,0.582716928176351,0.7942164647715572,0.5322103282527957,0.39813586644186433,0.23048196236631713,-0.011800507279586937,0.45394411041581395,0.35833777438563813,0.47473240865022887,0.4032872660757486,0.5137886947270542,0.459415359293559,-0.1503526880566704,0.43882214494915567,0.3580901124141641,0.4491668473774207,0.24091204844486813,-0.1451562464266671,0.6681056400074636,0.6876104106511673,0.30264784258315075,0.4956290216104004,-0.10114593712304634,0.20309499592401342,0.41353422857324007,0.14911723234542773,0.07055739459635345,0.513735569891745,0.6696201289976864,0.2510177814009741,-0.07241027052552983,-0.22328710034347,0.23085112734811833,-0.09564390129485718,0.49065773004461605,-0.12474876296089091,-0.4478939697824092,0.2529980506780738,-0.028528863308590956,0.31230065970343407,-0.29789062224474266,-0.3105329136032227,-0.004273320966885726
0.18400831814923801,-0.23619815389972748,0.2567105633806931,1.5822536958105984,0.5456656447584124,0.3559080479542581,0.42304118393086704,0.3417558368169132,0.30509887958174803,0.2671984109401033,0.3225267104712281,0.3659719942981753,0.2001062249359025,0.5220442568178878,0.35044026056427874,0.3603205990347777,0.30467034109800006,0.34483617278389245,-0.020322840545521012,0.35768129440408747,0.23509794494544456,0.2500293304145469,0.34365212846349447,0.2251542704019109,0.3204342783692402,0.348782959982525,0.27714796390904417,0.11490607393286091,0.3442999858591274,0.14169064011821894,0.2528502222730091,0.4833032327130457,0.18853858215647992,0.49127583571591954,0.14101321208075718,0.3477546975952027,0.3395847380042546,0.21268832150299033,0.29207590709725867,0.12804723018985567,0.21132567439397001,0.33456383984355076,0.20841137198485166,0.22044231279857823,0.16635153936132027,0.13594909586027962,0.27229110763362574,-0.010660495379171152,0.4334816356600457,-0.0851597406706682,-0.06894906785391744,0.30069637549359496,0.0010289482912938313,-0.15659309672049998,-0.06227954092082229,-0.05022476719389921,-0.026840277908765118,0.34449638361799156,-0.2946884209892169,-0.13253883153345872
0.5058861279493304,0.0835716483980662,0.002610954548567799,0.5456656447584124,1.3260870625350325,0.40303635631845175,0.30760912768524556,0.19617362512074965,0.21602044917046279,0.1582151493127075,0.23581572880409235,0.28751729338688364,0.17505353730460388,0.34535866097292445,0.3282874918826757,0.30499806708434374,0.1404608360404483,0.2671808839018857,-0.0662262847573485,0.2923533632243257,0.10722054236510034,0.14213194050840786,0.26100215827033874,0.13916821034876836,0.264550347231538,0.34039016294351926,0.21721020929978094,0.06474113872903771,0.3362765611832855,0.20084433389022652,0.22288471940530827,0.25038403844267054,0.13856479438133923,0.3928908967715106,0.09458581588650446,0.296014660227779,0.31568959763313653,0.16475754169039758,0.17701248684482151,0.09704997286061331,0.21083212804076165,0.26863038781464565,0.1748384967371278,0.16293799898630631,0.050610624617862816,0.007198414952600194,0.24244780140141672,-0.0016921575361542728,0.5694199737307599,0.005610015906252333,0.020229551173606634,-0.06940796190027933,0.11254612947440712,-0.09623605900246916,0.1514079826603095,-0.08729218173352127,-0.04705614500217917,0.38448827052676987,-0.3635750923483967,-0.41305232761227834
0.3277390347651129,0.4669609618913974,0.49836195005645606,0.3559080479542581,0.40303635631845175,1.0533783602232565,0.2101614949552876,0.27412765635158864,0.28758197180996686,0.2606736005146009,0.25633905337698193,0.24029193120925538,0.19484918725617661,0.25757333146771544,0.33781689193588954,0.22194729437476007,0.2532986968964413,0.3580904165803683,0.20696817152230795,0.3025855290955723,0.31346788827436506,0.2438997319166605,0.20728508602404339,0.2755386621731173,0.31270416812660795,0.33920156229012705,0.23993392435614833,0.24382561423270513,0.49971045354868465,0.07170559182162549,0.2045967102508394,0.4089435308731435,0.0025783567296980936,0.39745140007240687,-0.01128080025371946,0.3228579311039091,0.37283740688656575,0.16337615454225368,0.20887206486974655,0.04768913909004339,0.008983406047361505,0.23711200673574362,0.1783110350397186,0.18404450264498157,0.3489295909426707,0.053022420532242515,0.2999238323604641,-0.027147962626453116,0.960938521018078,0.09760690034469345,-0.27035357683120975,0.1935355614674826,-0.21107255155699697,0.15878214144463795,-0.10502534195132873,0.0013375719353156787,0.06368462698537038,0.12939128136721123,-0.08373098672699945,0.309079418737774
0.6453229884925118,0.11660173469852764,0.4071850104839541,0.42304118393086704,0.30760912768524556,0.2101614949552876,0.7395174389350624,0.18959018765148894,0.365399755045873,0.19256254276713736,0.2949978540826034,0.35803693730902897,0.1815350093444979,0.2048974053447841,0.22799685079695614,0.259974080308791,0.21417458912372442,0.2955752871500393,0.19580217204983902,0.2494374293125176,0.2155858725038981,0.20142544540086096,0.13360683439856041,0.1703177018160285,0.2242754377865773,0.26879864922597946,0.2202442071600635,0.1460986963340618,0.20079901278435724,0.08536658801815096,0.2500715136525829,0.23430866616802742,0.21722665773923364,0.1533586447267267,-0.007790670638771231,0.2588433963407361,0.24640054954901136,0.15436836519312316,0.30637235946787156,0.06944032166436857,0.135890817606697,0.21056495861947894,0.19514589059653625,0.08473155199572817,0.21794566383921835,0.20628921029293662,0.1987898678749703,-0.01878824566563492,0.3637741675480645,-0.028540862144041158,-0.03927151939744289,0.23400243872610943,-0.012882412441138394,-0.16455286463252258,0.17888150705302977,0.05625515369064784,0.14125245025524977,0.2862291554949147,-0.6899288657073082,-0.0434511833660019
0.38071480559678156,0.3714718033472776,0.6817396977281456,0.3417558368169132,0.19617362512074965,0.27412765635158864,0.18959018765148894,1.244384995415694,0.09785791757753502,0.18872656480768132,0.41511052667168596,0.297811422007181,0.2257412645449977,0.29476673101023454,0.4404138421704811,0.30758921300247494,0.3796199776398437,0.4453618782340662,0.180714348243082,0.45388006533379005,0.21251424462309185,0.13554080040025132,0.17184155422445083,0.09924649292639451,0.37273345808435954,0.3773332378609945,0.28159426311201785,0.07213378719995232,0.3464875495308354,0.0962136713871814,0.21479903844144113,0.2776552066763133,0.2516067108529631,0.3647523299532028,0.11320525626839324,0.24473549581529214,0.45129564731334393,0.24818811646299216,0.35712347591302657,0.12933162874805532,0.13135397497823198,0.32790287609307095,0.2083841022339635,0.05475123349845471,0.23666575492336997,0.36473012901464186,0.30122179040625,-0.016131392897760118,0.5367336140784679,-0.19119925726358117,-0.02503765881349211,0.531864424994387,0.0425425442483546,-0.37198797305003567,-0.09030916865005252,-0.06909358828472036,0.03533623307336561,0.8768763260463236,-0.862496928708946,-0.057101654201041484
0.4078887737169575,0.042406733040362896,0.7409568087214186,0.30509887958174803,0.21602044917046279,0.28758197180996686,0.365399755045873,0.09785791757753502,0.9439918930327722,0.2471804909115714,0.30988338477607563,0.3024735343684111,0.22243519622027882,0.25969948393104886,0.26935921931040513,0.2526231458319241,0.2997634658026815,0.3053811672023958,0.39105079029706646,0.2807689691671781,0.261202835159951,0.16828021719718014,0.02154192008279364,0.3450197155857192,0.16428793352635887,0.3811356362511812,0.23872417649996547,0.35563380351720736,0.17205373549731484,-0.0030108863117911866,0.32792181981100393,0.2793379547649084,0.26287732703623606,0.07539441217691938,-0.07071852261891051,0.37625608875227173,0.28824692083511233,0.17397301973139784,0.2899022470367605,0.03446545146054308,0.1649940322942171,0.23970068492404611,0.15363233484023775,0.06112239589106763,0.30520621369413414,0.2566919238479318,0.14981923095888391,-0.031772384455860496,-0.1771227415522852,0.109086594286774,-0.045968355327049036,0.21555508184548122,-0.06920181100215901,-0.14333187156907162,0.1465139033800362,0.12128946873233674,0.24995098156804554,-0.24574144657430472,-0.2662012307826725,0.012888246777666153
0.2475344076638553,0.15417259547640627,0.5325002276364398,0.2671984109401033,0.1582151493127075,0.2606736005146009,0.19256254276713736,0.18872656480768132,0.2471804909115714,0.5194440108512366,0.2003630359045847,0.1603684640353265,0.2023355010242929,0.2057926476087736,0.2520726142815754,0.20703195750274495,0.24307705446567482,0.30341955677955973,0.17276116965267782,0.22673315532636046,0.18178804238032067,0.17256802571727584,0.14620199087865907,0.2596563654605367,0.22961375622747224,0.20889375329102314,0.18643475479312901,0.18915994433501157,0.2815889996164484,0.11139578833521167,0.23720580824095927,0.22283787261065768,0.1502513405878245,0.2794290249409647,0.16347651803383106,0.2824194974589316,0.33190963039406224,0.13509912390105566,0.22354408994100036,0.06243517288238588,0.2156711412937839,0.22758123618325576,0.1059303950138764,0.0949117306737979,0.12190621297421181,0.15385063016724632,0.24441528395142736,-0.02116148066454302,0.327350797502913,0.04848576830354693,-0.04128494831431216,0.08352757236723625,-0.034151258179376226,-0.06524132254371162,0.1240859434260987,0.023059542380921776,0.1228892911593553,-0.42961105267419863,0.17108830545681014,0.003089558910337698
0.39021371484580586,0.1496134688658796,0.5643941282901661,0.3225267104712281,0.23581572880409235,0.25633905337698193,0.2949978540826034,0.41511052667168596,0.30988338477607563,0.2003630359045847,0.47900985589953154,0.37103153775332304,0.2038350322064793,0.2674330893220393,0.3814716401247265,0.2555565153604979,0.29664102378930823,0.2918581528806956,0.12163388672233696,0.3720822284003253,0.22579051352207574,0.12414697628994042,0.1275339768381096,0.1973609027598111,0.2625868658297977,0.31702449820833484,0.26107431681777876,0.17785591490940234,0.26974233974103196,0.07438340986491455,0.2539937350665935,0.28089227240656944,0.21698698177348252,0.23694617427988887,0.13838925852458533,0.2953721334966057,0.2793402419081361,0.2086549298537216,0.2744233641627725,0.11684488125116564,0.15919750652283668,0.2775457476747361,0.16237799565057134,0.07043996597102928,0.22307676804989002,0.23071899666273504,0.198490507491932,-0.0239901223124422,0.27536603200833726,-0.14776855699907446,-0.036808830438766954,0.2882587676710619,0.05558902299722352,-0.15537498452696247,0.010987115713790782,-0.01348058826248727,0.10379765078924855,0.23215887774962246,-0.38908222736179054,-0.018965917785123045
0.4540348144435827,0.15208129662774275,0.5228598005179487,0.3659719942981753,0.28751729338688364,0.24029193120925538,0.35803693730902897,0.297811422007181,0.3024735343684111,0.1603684640353265,0.37103153775332304,0.7623827865379965,0.18357781498002085,0.2963614836462288,0.3688463576624422,0.28734672803423417,0.24471348631932824,0.22751823923066344,0.07506156387480675,0.3036469371767166,0.20419889703077465,0.11078526093524836,0.164663562223256,0.14802721853589276,0.28379720119528323,0.32702849685733937,0.31732476987709146,0.1030205278648016,0.2350283071435191,0.051956203595667175,0.1686840423450932,0.33181083293458213,0.2405292199159796,0.21899678934003322,0.06657539395916265,0.3035398356368945,0.12691944027010435,0.17180942483333564,0.2585444264713919,0.09332945500193153,0.1452605472741091,0.25988417919245144,0.13435339925143683,0.08443316820203609,0.0832683160621765,0.1332453428734103,0.180585324782456,-0.01902458033183758,0.6921924028943562,-0.21897208347270852,-0.013016238146160585,0.23808824237576845,0.06262718312562067,-0.08597781682576502,0.09500961277574967,-0.03661102103852504,0.06577891603701418,0.3353706662623366,-0.5010221510926607,-0.044809888990386765
0.2317864946396914,0.05169711340742528,0.388826711602127,0.2001062249359025,0.17505353730460388,0.19484918725617661,0.1815350093444979,0.2257412645449977,0.22243519622027882,0.2023355010242929,0.2038350322064793,0.18357781498002085,0.39838848909991237,0.17463685142163904,0.14920482136358124,0.23238844181410473,0.19621397450466477,0.23774771507127834,0.2602240410141813,0.12340305459294332,0.13455873273418495,0.2617681331731084,0.03070331760368534,0.18809805228345602,0.150819560902227,0.1955430879658422,0.19490078518084367,0.14750646271178292,0.2274524308835538,0.04351277127020519,0.13923310073119122,0.18987058280523667,0.1647918881595236,0.1716337511209319,0.15662421437415097,0.19622444682203283,0.19265585540378966,0.08410425883075942,0.16993304089300607,0.05285938081974556,0.10275845225273385,0.1742854041554803,0.08821195213604806,0.05990895362902549,0.049393237799638695,0.14147157024119617,0.13690485965472657,-0.015264462086606957,0.21794152639537642,0.13936552989662707,-0.024186131813405086,0.04652623831452296,-0.07988120418376488,-0.0908365978718531,0.017167035076786907,-0.067136110302535,0.14059056771872108,-0.22227531446830856,0.10581467714664244,-0.018515514262494703
0.4342349719160959,-0.01706082413817377,0.35285837739861275,0.5220442568178878,0.34535866097292445,0.25757333146771544,0.2048974053447841,0.29476673101023454,0.25969948393104886,0.2057926476087736,0.2674330893220393,0.2963614836462288,0.17463685142163904,0.6636947092337258,0.31820285089943884,0.3322662752327288,0.2746373456452829,0.19068774831085517,0.06203556736937453,0.32315901029088373,0.2101789004519161,0.17063481847451484,0.19337027599082912,0.15142296457898324,0.2437963346570426,0.3105420712779885,0.2533371897237847,0.18105283326657165,0.27995256002037827,0.19894620581654468,0.24467892562759325,0.5306290588260119,0.20817760191744733,0.25560264270952787,0.09016374283062623,0.3311967493848977,0.24791992688384762,0.19795421783555528,0.2241354318876951,0.09790435033447366,0.2571591160949948,0.29704940966335963,0.17879749454363228,0.1414097541046674,0.09538674513806623,0.06834795121802964,0.2181287243472821,-0.006668278733882457,0.6730058278628696,-0.06910793163076637,-0.032961070558253695,0.08779786254257817,0.07136698250329235,-0.07120601565530732,-0.01579853331168267,-0.07740268932627944,0.011424784298756126,0.29151805593148766,-0.23150439140294346,-0.1170009570262426
0.4008438246772978,0.32936545056879357,0.548419970993543,0.35044026056427874,0.3282874918826757,0.33781689193588954,0.22799685079695614,0.4404138421704811,0.26935921931040513,0.2520726142815754,0.3814716401247265,0.3688463576624422,0.14920482136358124,0.31820285089943884,1.1857659408440946,0.1979802420309905,0.2276001822301531,0.3273829234794173,0.07024379206416853,0.5397032741790752,0.24988155567839992,-0.14250171437113257,0.18197899538689455,0.2476169691026313,0.4003609181968523,0.36908350009010654,0.2788093594785355,0.2993185035368081,0.3656896213357367,0.22006489876989302,0.2992941540750862,0.3060616342559336,0.24798923840401912,0.3541089592135049,0.0798291113988359,0.38200487699585295,0.3761788297017884,0.2880948193601514,0.2310069724458614,0.09870072468134339,0.27582476560683006,0.30881300317128774,0.206658390325696,0.10666769682978335,0.17967929386134235,0.24331806991656993,0.274129364272858,-0.032735640108138744,0.5493523628538771,-0.28757502607123053,-0.06779525819211563,0.4154712117272688,0.055896221681206365,-0.10441846000515553,0.1273962194852362,0.043292459039532334,-0.00021706355100428853,0.33373707147939075,-0.4563005585857619,-0.059913428931512636
0.3450686059801941,0.05607651919011393,0.3857228833496047,0.3603205990347777,0.30499806708434374,0.22194729437476007,0.259974080308791,0.30758921300247494,0.2526231458319241,0.20703195750274495,0.2555565153604979,0.28734672803423417,0.23238844181410473,0.3322662752327288,0.1979802420309905,0.8166842869143883,0.2711793186816363,0.29713582245072245,0.174658835723231,0.2226993526807774,0.17384333113793976,0.21719909509684368,0.16774378876838364,0.20681714752030533,0.26421655700973024,0.2588785571184712,0.3109819316456268,0.16862684416904966,0.25206167359902554,0.19438306842309103,0.21911448873933084,0.3047296641598126,0.1791682205295607,0.24915207190325903,0.24718892432502615,0.2942847705840656,0.2694883485199002,0.14425530993536217,0.21721668254285695,0.12934594722810783,0.23025196613679902,0.3314554196004503,0.20928361085573952,0.12939979458325657,0.11426809697306264,0.11580253608655378,0.2381066088644442,-0.012709506910137362,0.42923830075093244,-0.24192624963300588,-0.04273847388901484,0.171347198098112,0.10594353105717463,-0.09983077034115663,0.053900643597548044,-0.0656062762816916,0.060094540175224906,0.09047299864432573,-0.146505890735978,-0.09863984930516337
0.26311385572422813,-0.032220908103388166,0.5475862443833527,0.30467034109800006,0.1404608360404483,0.2532986968964413,0.21417458912372442,0.3796199776398437,0.2997634658026815,0.24307705446567482,0.29664102378930823,0.24471348631932824,0.19621397450466477,0.2746373456452829,0.2276001822301531,0.2711793186816363,0.8230034030509543,0.17410183180438668,0.3232800984379902,0.4626857497842323,0.3128886530253258,0.23255400279116725,0.07983898890328721,0.19495382455486165,0.27025446537388065,0.18383667159628242,0.2734592956334956,0.47133495573510437,0.3088768558297413,0.18947071844032287,0.3495516589166163,0.31060812863233833,0.3474312852979771,0.2630067298378508,0.1828886216044237,0.3903480320090441,0.5839681664127393,0.27251214687490344,0.43745756308306993,0.13241422780778228,0.2226413325638083,0.4020187268325807,0.19671993841102905,0.11888608773230423,0.43579094766919535,0.2040631088839912,0.22799284212808182,-0.017373531688401302,0.4168208424823774,0.3153865953841269,-0.10181317439236087,0.22373902075590474,-0.1884568424842106,-0.17444946012761367,-0.08925236512424095,-0.035546958893352396,0.006667429731621433,0.0924552198874595,-0.18934755428687045,-0.019445701332467147
0.3496836922913279,0.27667753902865216,0.582716928176351,0.34483617278389245,0.2671808839018857,0.3580904165803683,0.2955752871500393,0.4453618782340662,0.3053811672023958,0.30341955677955973,0.2918581528806956,0.22751823923066344,0.23774771507127834,0.19068774831085517,0.3273829234794173,0.29713582245072245,0.17410183180438668,1.1395446031016196,0.24378625188268438,0.14633455653217456,0.23601746663026654,0.26721211940413886,0.28285526011208095,0.27421566362093114,0.30550779989847904,0.3575291821473681,0.21014561439404578,0.11070814734958472,0.439686626861489,-0.01877081293439753,0.2061215058936376,0.19873603997728698,0.20271900410965712,0.31157527178548305,0.03179409880091528,0.33086042082352685,0.4320973155893722,0.09908645563784346,0.2045422925378834,0.07026137186155425,0.1609793406278858,0.2280630270002684,0.16871789273221066,0.029858508619641393,0.15067781834578972,0.2866301729526392,0.4559765138352507,-0.0344622110955103,0.2439451378572792,0.23538254097435696,0.05966333816924155,0.1269421468721534,-0.22936392513489892,-0.1774933197348408,0.10401723424949619,-0.05522704428736949,0.11674287475019832,0.056835739756721376,-0.23303802751468458,-0.03723009093283838
0.2772127639751348,-0.2000974733303907,0.7942164647715572,-0.020322840545521012,-0.0662262847573485,0.20696817152230795,0.19580217204983902,0.180714348243082,0.39105079029706646,0.17276116965267782,0.12163388672233696,0.07506156387480675,0.2602240410141813,0.06203556736937453,0.07024379206416853,0.174658835723231,0.3232800984379902,0.24378625188268438,1.7944280355000393,0.18128733181359058,0.2477140249839737,0.17705038652316482,-0.537556626188486,0.23059080306944169,0.04271013500098273,0.008064608893955863,0.1499801942117587,0.5447315519598122,0.1659710283209522,0.09750730314264384,0.2413753226291189,0.060518210415551395,0.37091429211719446,-0.044249688179943715,-0.13946455642818126,0.26637125306950815,0.5592984321434299,0.12337731537648364,0.498652722450674,-0.06832365423521011,0.09521101528159132,0.11927759454938686,0.0710621425203532,-0.03148190162212029,0.3485123105199125,0.34362823197826736,0.16905279326155598,0.002722128979010638,-0.16366752503309226,1.092609943748529,-0.09648860856544295,-0.0320085636086553,-0.5479503194850309,-0.25041612370084443,0.15174523068678225,0.010379262386411674,0.16331565447933855,-0.24429165766914793,-0.06795188515710264,0.09138154390048513
0.3538322006207918,0.3405257264525776,0.5322103282527957,0.35768129440408747,0.2923533632243257,0.3025855290955723,0.2494374293125176,0.45388006533379005,0.2807689691671781,0.22673315532636046,0.3720822284003253,0.3036469371767166,0.12340305459294332,0.32315901029088373,0.5397032741790752,0.2226993526807774,0.4626857497842323,0.14633455653217456,0.18128733181359058,1.6761387284276512,0.310296475814431,-0.1561887257731503,-0.10961314985802292,0.18934448960655637,0.4007147402112537,0.3427252644268814,0.44015092575889336,0.40254120761178813,0.4996166271837682,0.5184671623744928,0.5970589673813502,0.3275569547586451,0.39626455293497825,0.49571492056918764,0.3831544843021995,0.3161625141264753,1.1071744627465743,0.8166563032804663,0.5482137856402682,0.3435462217729581,0.4868646186057916,0.6299594699675815,0.4352534781642581,0.13320218479914048,0.6271697290956944,0.30868397560886707,0.4100558961877505,0.004103737768519453,1.144315106903453,-0.23364610402025812,-0.12940414377867476,0.40871012865408335,0.11299757758343146,-0.24539439648090816,0.13713977624655177,-0.04273439189381263,0.058392558948102115,0.32045463553751363,-0.4032568250096623,-0.12489454728074555
0.25751850443697827,0.4182039755246689,0.39813586644186433,0.23509794494544456,0.10722054236510034,0.31346788827436506,0.2155858725038981,0.21251424462309185,0.261202835159951,0.18178804238032067,0.22579051352207574,0.20419889703077465,0.13455873273418495,0.2101789004519161,0.24988155567839992,0.17384333113793976,0.3128886530253258,0.23601746663026654,0.2477140249839737,0.310296475814431,0.5275849090978852,0.2470400889039559,0.2107193080594877,0.1566339945290258,0.24563375757044378,0.16530108106486732,0.19760629158387732,0.20506587682004762,0.3294461675379689,0.2069985478739697,0.33326715820980823,0.32200615481785166,0.25463858536129,0.21815371665023484,0.11479948927558961,0.34416948316256174,0.3713696605408899,0.2020039552236077,0.3985710034388252,0.21718242841224927,0.19043117352803915,0.28232764734519183,0.28494392452996287,0.1257020646610919,0.45846261168134106,0.14530597645814353,0.24898515646006347,-0.014069486171785058,0.5285307055579836,-0.0586920180218438,-0.08327633341722235,0.25372277138910987,-0.040481112353114974,0.00016772805671122167,-0.15295326241875334,0.03867680292855962,-0.10672136552797326,0.1865355373378326,-0.026912873511932715,0.30027539505259937
0.14697517526322296,0.047416885230823255,0.23048196236631713,0.2500293304145469,0.14213194050840786,0.2438997319166605,0.20142544540086096,0.13554080040025132,0.16828021719718014,0.17256802571727584,0.12414697628994042,0.11078526093524836,0.2617681331731084,0.17063481847451484,-0.14250171437113257,0.21719909509684368,0.23255400279116725,0.26721211940413886,0.17705038652316482,-0.1561887257731503,0.2470400889039559,1.0981616587828407,0.6469384191625163,0.10955372059879169,0.22519977458345863,-6.0903108982401624e-5,0.10954180071184187,-0.13884918469129343,0.383144907708124,0.09473379564359374,0.1930040333546075,0.27372648377677017,0.14148449831803298,0.29317163134795426,0.19097298424535483,0.2249683530396625,0.17091279445008994,-0.01374553245914792,0.40710886813603825,0.1506753653489902,-0.005730939818541651,0.15521123887089083,0.17427141173539204,0.1464725689192398,0.12036783291911529,0.11207934894630037,0.1923699931737488,-0.004334102744533521,0.33751547256679204,0.16246332807221384,-0.0767619923030114,0.07445426761660491,-0.14662436967524445,-0.07576092060601759,-0.15620802550589166,-0.013764944719250858,0.023631786006504684,-0.10345777294775674,0.0947559404587369,0.09247220370858353
0.05711252769395277,0.20697436678680392,-0.011800507279586937,0.34365212846349447,0.26100215827033874,0.20728508602404339,0.13360683439856041,0.17184155422445083,0.02154192008279364,0.14620199087865907,0.1275339768381096,0.164663562223256,0.03070331760368534,0.19337027599082912,0.18197899538689455,0.16774378876838364,0.07983898890328721,0.28285526011208095,-0.537556626188486,-0.10961314985802292,0.2107193080594877,0.6469384191625163,1.992289384942082,0.1038294006098112,0.5976000929738295,-0.0739378663366834,0.04873763789059957,-0.6673130724199312,0.5235346475423459,0.27108648776369915,0.20863536999888527,0.22143270982691632,0.1465391810907447,0.4811461790982374,0.15035664735798313,0.41579869460449465,0.21396087185595683,-0.007540476929739642,0.481255892338906,0.3073998291831116,-0.047733392063544135,0.22044439042561564,0.11286980093894447,0.3055726121625274,-0.023059568563644734,0.12195595637890466,0.2712718685983678,-0.01202943747324345,0.4904994777283597,-0.1648659875579401,-0.12978151218608452,0.3767619133024549,-0.015116617851765098,-0.04320074236554165,-0.2106944137853713,0.017951106891782167,-0.10465043156023512,0.16668515254597183,-0.033762701989256405,-0.04653664602837481
0.09769739909807536,0.04625658473055392,0.45394411041581395,0.2251542704019109,0.13916821034876836,0.2755386621731173,0.1703177018160285,0.09924649292639451,0.3450197155857192,0.2596563654605367,0.1973609027598111,0.14802721853589276,0.18809805228345602,0.15142296457898324,0.2476169691026313,0.20681714752030533,0.19495382455486165,0.27421566362093114,0.23059080306944169,0.18934448960655637,0.1566339945290258,0.10955372059879169,0.1038294006098112,0.9030137828956443,0.2104212648227263,0.24516092963365874,0.15780588311767077,0.23214492523013952,0.2175017175607836,0.07798348322419041,0.15509599773230062,0.16380975691898872,0.1653184293204518,0.07962993381123769,0.11667462762324297,0.329643449176107,0.16878649999077458,0.11335536348536077,0.0870068565176974,0.02646983126543881,0.12113012921373993,0.19279681423241848,0.04732585564538585,0.06336480505957405,0.06327190008753741,0.1494389300892294,0.1308395964708785,-0.03315333825160924,-0.06987585801870988,-0.013013536216925782,-0.07863409204850962,0.17301761442799185,-0.02468425775677103,-0.061050091790022736,0.0956986960239077,0.05054627732856917,0.33279313275573497,-0.9617978477097928,0.5298869714208052,0.045356930169924876
0.2674404878805354,0.3300944833285632,0.35833777438563813,0.3204342783692402,0.264550347231538,0.31270416812660795,0.2242754377865773,0.37273345808435954,0.16428793352635887,0.22961375622747224,0.2625868658297977,0.28379720119528323,0.150819560902227,0.2437963346570426,0.4003609181968523,0.26421655700973024,0.27025446537388065,0.30550779989847904,0.04271013500098273,0.4007147402112537,0.24563375757044378,0.22519977458345863,0.5976000929738295,0.2104212648227263,1.3290497784724882,0.15114729417543632,0.23680604286846638,-0.03313053190280043,0.5525168342882151,0.3921272844449428,0.2540059162197616,0.32388596107915396,0.21036142119931886,0.5376490629752636,0.3459529983043227,0.3499719987166846,0.5082658367593973,0.25078798123814383,0.4083953689250519,0.2177849566559554,0.19333014233498505,0.35415116710587735,0.2407424941425184,0.17303726095437416,0.24140431394951958,0.2181074070897357,0.3710648626588586,-0.04286466896592809,0.8611064950763011,-0.4311469483381502,-0.053012056227459865,0.38094533771482836,0.11043940263212726,-0.08537998440203251,-0.05441212529696582,0.09172285553002105,0.061009331651269434,0.13925006914980936,-0.308880783731668,0.03737920739881716
0.4043155873284253,0.2488277937753229,0.47473240865022887,0.348782959982525,0.34039016294351926,0.33920156229012705,0.26879864922597946,0.3773332378609945,0.3811356362511812,0.20889375329102314,0.31702449820833484,0.32702849685733937,0.1955430879658422,0.3105420712779885,0.36908350009010654,0.2588785571184712,0.18383667159628242,0.3575291821473681,0.008064608893955863,0.3427252644268814,0.16530108106486732,-6.0903108982401624e-5,-0.0739378663366834,0.24516092963365874,0.15114729417543632,1.4807161849041857,0.25372748959264985,0.2440658772641058,0.0495696632937628,-0.2135160840270939,0.14234307990333067,0.3172268775270213,0.20429887811307093,0.2003074954100397,0.24639039503593063,0.17013488284324108,-0.0965846638386996,0.19726801288114815,-0.335236667712111,0.07675947567627857,0.2623573687352198,0.3639871590006321,0.26447927675891003,0.010378025241137508,0.07376419607556033,0.041699788643171476,0.0631122154660599,0.0001823352115746651,0.49085023943575384,-0.019209724082225977,-0.02475236227474319,0.09929023030642814,-0.09475045048025335,-0.03945383140758667,0.12916460288980738,-0.0328113639884288,0.18096020444192326,0.18813802600714394,-0.39748787378325007,-0.08610692165483191
0.30477395376540733,0.14014022385381736,0.4032872660757486,0.27714796390904417,0.21721020929978094,0.23993392435614833,0.2202442071600635,0.28159426311201785,0.23872417649996547,0.18643475479312901,0.26107431681777876,0.31732476987709146,0.19490078518084367,0.2533371897237847,0.2788093594785355,0.3109819316456268,0.2734592956334956,0.21014561439404578,0.1499801942117587,0.44015092575889336,0.19760629158387732,0.10954180071184187,0.04873763789059957,0.15780588311767077,0.23680604286846638,0.25372748959264985,0.586080345066443,0.2426216598008835,0.20793992670711345,0.1821760111267221,0.24845337994570393,0.36015188921716323,0.2878631983372026,0.242714692482443,0.18307992411204835,0.3106937727028911,0.32760069456248625,0.2399387690859611,0.21582985193722085,0.1045133238821516,0.2235675061408953,0.31196779211342096,0.24324609128624597,0.09455137911265993,0.16303380150392355,0.10759950638176369,0.20578347739649577,-0.012141217946173528,0.6456068589659244,-0.14557913022162725,-0.0493210488003197,0.2165345282965094,0.01830518548475444,-0.05482863226567677,0.051446507432534566,-0.03614550686267117,0.07591600174462214,0.09428179858496535,-0.16962910682854312,0.006973215977407318
0.2809400460888731,0.00040780803687838203,0.5137886947270542,0.11490607393286091,0.06474113872903771,0.24382561423270513,0.1460986963340618,0.07213378719995232,0.35563380351720736,0.18915994433501157,0.17785591490940234,0.1030205278648016,0.14750646271178292,0.18105283326657165,0.2993185035368081,0.16862684416904966,0.47133495573510437,0.11070814734958472,0.5447315519598122,0.40254120761178813,0.20506587682004762,-0.13884918469129343,-0.6673130724199312,0.23214492523013952,-0.03313053190280043,0.2440658772641058,0.2426216598008835,2.017556005586966,-0.07135659391736936,0.005907761854899241,0.32984517205312414,0.20528417082973693,0.41567408341607703,-0.12677256653730523,-0.43797880687068863,0.46615919006298767,0.3685327871582505,0.23731255864296216,0.09513626637666887,-0.15416438797094123,0.430007258928432,0.08149598536855535,0.2387982836101593,0.19785234719667166,0.21327817445953667,-0.04593554675699094,0.0019390650488971895,0.009119731133339692,0.21780744225442758,0.13079321066446895,-0.03447829108512103,0.1861232887020717,-0.277420933709579,-0.017899706282134262,0.2446862953180284,-0.0038424794832665012,0.1444420390899768,-0.23242450305785964,0.18313820903351405,0.03448009282268045
0.23343778584723573,0.49173477425587464,0.459415359293559,0.3442999858591274,0.3362765611832855,0.49971045354868465,0.20079901278435724,0.3464875495308354,0.17205373549731484,0.2815889996164484,0.26974233974103196,0.2350283071435191,0.2274524308835538,0.27995256002037827,0.3656896213357367,0.25206167359902554,0.3088768558297413,0.439686626861489,0.1659710283209522,0.4996166271837682,0.3294461675379689,0.383144907708124,0.5235346475423459,0.2175017175607836,0.5525168342882151,0.0495696632937628,0.20793992670711345,-0.07135659391736936,2.089809521363011,0.3174567885747595,0.18199698640525855,0.28458759166999675,0.14925606584380374,0.6562216126508139,0.21368841606694147,0.5624560158212237,0.6153615010332436,0.21510155808769288,0.44930499476828606,0.20015375215517103,0.24868757380375406,0.3536728631342861,0.05027845877666742,0.012826239536634918,0.2668254798505047,0.3448368216022518,0.36585737578136124,-0.106443144891094,0.9635815519420154,0.5606205698471501,-0.2755704548987154,0.01634766152867802,-0.283145919655218,-0.03082395884989695,-0.04989590487849183,-0.11082957545418771,-0.2996483761502457,0.27136784785423534,0.1446533018069446,-0.10175470331414412
0.23827567905528607,0.10265819481948747,-0.1503526880566704,0.14169064011821894,0.20084433389022652,0.07170559182162549,0.08536658801815096,0.0962136713871814,-0.0030108863117911866,0.11139578833521167,0.07438340986491455,0.051956203595667175,0.04351277127020519,0.19894620581654468,0.22006489876989302,0.19438306842309103,0.18947071844032287,-0.01877081293439753,0.09750730314264384,0.5184671623744928,0.2069985478739697,0.09473379564359374,0.27108648776369915,0.07798348322419041,0.3921272844449428,-0.2135160840270939,0.1821760111267221,0.005907761854899241,0.3174567885747595,2.405498362839647,0.3817337244317676,0.1322477653633481,0.4289097927305212,0.13490700348658052,0.8198680100096026,0.3601211258651791,0.7521755034213374,0.3217800919324751,0.590848183176592,0.21931954178606533,0.6215606338624996,0.3771631490930634,0.6779816669190099,0.27923727437214774,0.18007167351371214,-0.049125555426552815,0.9950238142103884,0.00968940663955074,1.8451780467158767,-0.2685232550741806,-0.08868778199376477,-0.31570030180062075,0.4092414246867972,0.04952763988824566,0.37700278302966933,-0.11974536335023012,-0.19421663165429603,0.5099158253063862,-0.48627395889243785,-0.050575345107495645
0.363706801316303,0.16640252420337617,0.43882214494915567,0.2528502222730091,0.22288471940530827,0.2045967102508394,0.2500715136525829,0.21479903844144113,0.32792181981100393,0.23720580824095927,0.2539937350665935,0.1686840423450932,0.13923310073119122,0.24467892562759325,0.2992941540750862,0.21911448873933084,0.3495516589166163,0.2061215058936376,0.2413753226291189,0.5970589673813502,0.33326715820980823,0.1930040333546075,0.20863536999888527,0.15509599773230062,0.2540059162197616,0.14234307990333067,0.24845337994570393,0.32984517205312414,0.18199698640525855,0.3817337244317676,1.4031321057598791,0.2492846671154128,0.27206663829615585,0.2522937888513015,0.37241465321500095,0.7027315955313732,0.7227685788515238,0.3724885494717809,0.5015210450520448,0.21729961277276444,0.42474053264798983,0.38757945203218513,0.05347819780636346,0.14809833899449604,0.3899973013464234,0.2869332694252863,0.32524362684803065,-0.02090490885185258,0.6858944464468134,0.03493859346740173,-0.11283684685645114,0.22291303989193276,0.05087944810892571,-0.22326031855715667,0.14197180240469004,0.15713904222685615,0.38095865285381014,-0.12432132493621782,-0.5296106757446827,-0.05727149376355809
0.3244326245202816,0.20055759553073518,0.3580901124141641,0.4833032327130457,0.25038403844267054,0.4089435308731435,0.23430866616802742,0.2776552066763133,0.2793379547649084,0.22283787261065768,0.28089227240656944,0.33181083293458213,0.18987058280523667,0.5306290588260119,0.3060616342559336,0.3047296641598126,0.31060812863233833,0.19873603997728698,0.060518210415551395,0.3275569547586451,0.32200615481785166,0.27372648377677017,0.22143270982691632,0.16380975691898872,0.32388596107915396,0.3172268775270213,0.36015188921716323,0.20528417082973693,0.28458759166999675,0.1322477653633481,0.2492846671154128,1.1641714936358722,0.1393880272384677,0.4152095440001974,0.006717861918918222,0.34860830420437555,0.15644253752019807,0.20948252905361317,0.20192288004506742,0.07745312088382822,0.26711867640936826,0.339190145075257,0.15379496899584114,0.1308678858956675,0.09765504964456341,-0.007173898565198225,0.23135138945051767,-0.0016743142851386385,1.24046554875225,-0.29869358321854345,-0.027729747298922934,0.476799453369037,-0.16984730520027716,0.09063675612623182,-0.25039127333866307,-0.0029973025090160935,0.05398137273424599,0.13216807820935383,-0.009685955093669674,0.29178688403592457
0.3874334620801401,0.025673337612171068,0.4491668473774207,0.18853858215647992,0.13856479438133923,0.0025783567296980936,0.21722665773923364,0.2516067108529631,0.26287732703623606,0.1502513405878245,0.21698698177348252,0.2405292199159796,0.1647918881595236,0.20817760191744733,0.24798923840401912,0.1791682205295607,0.3474312852979771,0.20271900410965712,0.37091429211719446,0.39626455293497825,0.25463858536129,0.14148449831803298,0.1465391810907447,0.1653184293204518,0.21036142119931886,0.20429887811307093,0.2878631983372026,0.41567408341607703,0.14925606584380374,0.4289097927305212,0.27206663829615585,0.1393880272384677,1.6587975322061042,-0.07946025534458231,0.020521897888065146,0.20911570176269972,0.603307956190953,0.29423898850144875,0.26004673365286235,0.046048957858169204,-0.17194397944702344,0.40375361226580175,0.26168025253335947,0.13980107233737246,-0.03654225425440421,0.11932203906100122,0.3625056235835821,-0.023779219857898087,0.7991316771458157,0.4504484023029105,-0.15046026296377385,0.36345267936480935,-0.32283922969541723,-0.3004526842690515,0.35581617779122376,-0.2649390168748575,0.08661617104282021,0.10758143808036008,-0.2284002511459943,-0.253494933587127
