1.7498458651356963,0.43538396337842855,0.8164325415468915,0.1325544919143354,0.4608650342682009,0.30798058203655027,0.6158761274962689,0.3015546796935962,0.3937326579809223,0.2948941436219826,0.34353632108577625,0.41769525696016,0.2285290996846395,0.39794605258102206,0.33607730621739784,0.31147056404681966,0.2346680334404419,0.3594430507676816,0.2938541091560166,0.2986591828527622,0.25899064834654084,0.15853888617633455,0.041912052545031935,0.0803957400915095,0.22020482219920584,0.3770551491923989,0.2766772559436315,0.26779695474828225,0.1914236591369845,0.20268813177859707,0.3459589022679199,0.27610488383856896,0.38801316045046297,-0.2162546725397085,-0.11026727659644026,0.3318686588921675,0.2540853580168417,0.2071027584119729,0.33457329838552025,0.07399631177951958,0.19683989034422333,0.2264465442577515,0.27138517529475265,0.10175773499802565,0.34894972444615874,0.28479461323182803,0.3078650394950765,-0.03624906676967473,0.6032240910045555,0.1561089667947973,0.024827530841414338,0.04356891889913436,-0.035179782442958836,-0.226631290513916,0.47968490333378344,-0.11414387450535002,0.47107525820677243,0.6306756624202131,-1.4120290707628413,-0.20306927054982057
0.43538396337842855,4.498900891036436,0.48323969173989906,-0.15699164850868214,0.09955932065140788,0.5689798000730998,0.17227662639746671,0.4335350033787139,0.11386630144664119,0.2343657901062128,0.16992429706990594,0.16978365890973027,0.06856655902787202,-0.013125848979410859,0.3086088533883161,0.03715441299284907,0.022006118906308974,0.3121944827687554,-0.08858658713475581,0.40356118070357927,0.4461309724943129,0.07714299204215358,0.20603767299604134,0.10057765668955788,0.41489152058971834,0.2761964368394696,0.15832735666227327,0.0030702289605091856,0.5353546064963697,0.17843093681223549,0.23407451220896294,0.23729193184551994,0.07521543532519576,0.283921778448773,0.02197722270416266,0.20199909546114864,0.5857313326175261,0.21540537849750252,0.17730655040246224,0.21794901734539135,0.116425405435931,0.21927642121953095,0.2792160959929161,0.05214412418584565,0.5552222630842556,0.262189246854938,0.29587447629959834,-0.03146410723989529,0.8146400800542776,-0.8173453769289741,0.191195083005321,0.7254759749685954,-0.03337696088840164,-0.08965710913026692,-0.6197902852595012,0.1214912567403884,0.054633459128087994,0.6659086143576732,-0.22257574019782303,0.5835125664065642
0.8164325415468915,0.48323969173989906,2.529741758060183,0.30187444537243635,0.05187180083450093,0.5077200306765252,0.3984080653787289,0.6571933539095723,0.7098377988492909,0.5432303865602407,0.5578235870365595,0.5228096979531051,0.3854413494314266,0.38569609801606874,0.5954161790434875,0.402113650650845,0.538784148116994,0.5887434051144261,0.7564857557697272,0.5432119200082687,0.44558676171402406,0.20597806458976717,-0.0025528936443787098,0.4678869372727578,0.3310790494091349,0.4811132238004477,0.41088861195950455,0.505390195854213,0.4581516399857933,-0.17922780702131358,0.41649033397845536,0.37031308648848094,0.5108950807063949,0.26830167065059446,-0.1333371664519143,0.6638163301740961,0.6700178001145762,0.3042416229540169,0.4188860133904902,-0.08736539742011915,0.19350018483134643,0.4317193246851977,0.14225684554371576,0.11179565172254724,0.5255512549027324,0.5948859324933826,0.23254191327560086,-0.07176102350351456,-0.24430583116747667,0.39846730229685606,-0.047918893652897455,0.39504782360295876,-0.17850546908701706,-0.4374596119251521,0.17948471991579884,-0.07731614152429099,0.23381819060581058,-0.4236829428336647,0.027062080504463282,0.024427839020073533
0.1325544919143354,-0.15699164850868214,0.30187444537243635,1.566973426532029,0.508609327926541,0.3837535497659988,0.4117795400308822,0.3050155365538217,0.34457182246338525,0.3028349673394591,0.3169059797934965,0.3502418364753886,0.19870316926775672,0.503138244472084,0.31583383394601255,0.3340273220553392,0.3223757672674997,0.32147885221038275,0.016472231328192515,0.36100954921175066,0.2652084290578594,0.25921351846842544,0.32641485524843367,0.27764222254795956,0.3269816040331705,0.32903045031727285,0.2729016469221365,0.12797030989449404,0.3365033884634019,0.13528694627373877,0.2570631866990767,0.4858769167803097,0.19805817742693635,0.5031093862909624,0.1571509231003375,0.36669673125801056,0.35307451595244,0.20948103422469258,0.2831211397768503,0.12042259424546256,0.1930054805331912,0.33589829204740373,0.18039695935962133,0.22556830878991715,0.17726695635977147,0.1474050639046214,0.2553596620086861,-0.014990187927710718,0.387571487498082,-0.11761606211500157,-0.06193618215698553,0.2491614368359829,0.033115112767609506,-0.15239615548111224,-0.1540850361557539,-0.044204368101202214,0.015736611773934588,0.11311931981042023,-0.04169940294210844,-0.03791014572548473
0.4608650342682009,0.09955932065140788,0.05187180083450093,0.508609327926541,1.2768034861431607,0.451120869342066,0.3111795002172585,0.1795437455839178,0.28174043493238377,0.1978252715795475,0.2347666938652963,0.26086035271807134,0.18334929094647123,0.31200371323565984,0.278552297106212,0.2690094612366291,0.18316535471601308,0.2517551589303348,0.021669570272148195,0.2881035887461591,0.14753051011983093,0.17407710036845225,0.232931173124545,0.19263977274315372,0.23601096976827335,0.3228891620871698,0.2091561202513919,0.10640128304583245,0.3392322744520447,0.13687345632575307,0.2271711927207244,0.24513657222586865,0.15772516130297157,0.39461697235319637,0.09710810430795802,0.30182991230524064,0.35924183970265017,0.15959640913362616,0.16821026321636934,0.07816909021837275,0.17300525997232497,0.2648842506946032,0.12173037841951574,0.14560337783663488,0.04582396813632379,0.0279023902891364,0.20841115028765816,-0.0004325509802138367,0.4836122451665239,0.14479201594480062,0.003910015940918685,-0.06359689808465163,-0.028483790750152765,-0.09665049915586062,0.1690862705302168,-0.08531547076259985,-0.05647177366848616,0.06236871191454949,-0.07258334393680803,-0.35121062500781963
0.30798058203655027,0.5689798000730998,0.5077200306765252,0.3837535497659988,0.451120869342066,1.1196159364332783,0.23225447473816124,0.2730093757772282,0.3488673997019335,0.29850555660172634,0.2654096672791612,0.2399043869217787,0.19388441735852444,0.2535324099132255,0.29595327656470805,0.20822118282658222,0.28501191831686606,0.3236033018179991,0.21645988870364696,0.3420306361444006,0.34118709941731606,0.2730918378291038,0.24222859169091543,0.3314026164833045,0.3702181859561377,0.3197542514648354,0.24821033881283097,0.24100727219288956,0.5303576267105687,0.12632577239716178,0.23912932865018405,0.41798905833604166,-0.004844869763250235,0.442500940018324,0.017229683334785476,0.35016977343699074,0.4268933922662362,0.18290315241527264,0.2630058229563818,0.06149993007816235,0.004105020526043443,0.2609688201116526,0.22529850893941528,0.1993342809595427,0.4284154172605962,0.07992256089734144,0.314155162143852,-0.033510058489881804,0.9821173849276154,-0.026539168330282435,-0.3650352296382708,0.35418641855338484,-0.10928386828438434,0.1281963358956516,-0.14239336583795972,0.01861550021894784,0.11387441124148275,0.09200369979045687,-0.0879569484464113,0.3535267411380982
0.6158761274962689,0.17227662639746671,0.3984080653787289,0.4117795400308822,0.3111795002172585,0.23225447473816124,0.7110412216003046,0.13949314109496716,0.37654362084094833,0.2267820890693046,0.2719104726754519,0.349989575626277,0.1831098941246974,0.19993715027392756,0.19249024704485007,0.24645198217101505,0.20671718741653983,0.296211773583413,0.2047183635912922,0.22572291832156494,0.23444563152375772,0.22121864482534925,0.13711462673666408,0.17644784476221181,0.2179133699218248,0.2584597043839238,0.2154675151394367,0.1429828342889053,0.2015307589728391,0.09050012446619296,0.24807783592677352,0.2239238517357035,0.22969508263808894,0.15489026826288008,-0.005821462597131023,0.2599517524307019,0.24332526522729256,0.14338611001276869,0.2722121614939238,0.07723868892413129,0.11235202589757098,0.20359280163588547,0.1761561659794169,0.09678192164187092,0.24335741996350974,0.1904288258431857,0.2100799363127356,-0.026812292608363503,0.4232158465001708,0.03885901317077179,-0.03314675947393374,0.13694174252564592,-0.06735280803028933,-0.15729758230131788,0.21113240300412767,0.03758668534569865,0.18467944809472275,0.2321134507830019,-0.6900730147647308,-0.018980738951718167
0.3015546796935962,0.4335350033787139,0.6571933539095723,0.3050155365538217,0.1795437455839178,0.2730093757772282,0.13949314109496716,1.1440365649318718,0.07337965820232817,0.24668675406946514,0.3606168287554239,0.25543372720032237,0.20957813283812457,0.2776654126805203,0.39381128660514925,0.27575398342190083,0.3450401025179041,0.4331381356508258,0.1720490035867486,0.4196291525620415,0.20390182747844135,0.11539726008874754,0.14826178051718336,0.11062724203193627,0.34567687916331746,0.34519175017451803,0.2537909405418589,0.05144704149619627,0.32410677732215865,0.12345948145086763,0.18345637227515998,0.2573950542844814,0.25710939232582464,0.3794137732577307,0.12713992780144384,0.23130968372869712,0.43596321784146225,0.22594619934540638,0.29321365327516724,0.1013146016128536,0.11693240615626066,0.315566152131181,0.20517979707904851,0.07051458700623565,0.2682183793883225,0.3007403199592053,0.3133925796771158,-0.020357293815088107,0.6053866027051511,-0.10935541609132006,0.02683045988178135,0.33139193935324557,0.03785619276394482,-0.2947538763511941,-0.16398997482613076,-0.12239790264062253,0.10109685877604363,0.7755037881415584,-0.6981594003711747,0.0013410614166170826
0.3937326579809223,0.11386630144664119,0.7098377988492909,0.34457182246338525,0.28174043493238377,0.3488673997019335,0.37654362084094833,0.07337965820232817,0.950849448179972,0.2504093635406311,0.2971769451051979,0.2880284788253053,0.22710414861870612,0.2588219274108304,0.25393770389749953,0.2449260824430302,0.28576901158588275,0.3071412789779584,0.37552325755764476,0.2562370091985025,0.2916398208148664,0.18618546554623075,0.03506439338570258,0.3639496145284686,0.1484196703799043,0.381239552823161,0.2358225711256084,0.34795090987239036,0.19465587390036226,-0.028899357340040566,0.3014498378321448,0.2728438587434685,0.2594305007405662,0.09226243029395395,-0.07203676367342496,0.37161404845325857,0.27523096120996404,0.16080360660831147,0.23809086651674446,0.03969629311881373,0.14247526774174726,0.2325340961530346,0.12664428930075503,0.08649498472105595,0.2846348017021389,0.207887094765606,0.13043529828772682,-0.03247504797428228,-0.21384895272034485,0.21291071265545067,-0.05419207966942298,0.11835370144505408,-0.11180318733354395,-0.10894981624294509,0.1464646266144479,0.10762552638526791,0.17836691545032243,-0.41816256975179783,0.00694330044123369,0.02982166336669273
0.2948941436219826,0.2343657901062128,0.5432303865602407,0.3028349673394591,0.1978252715795475,0.29850555660172634,0.2267820890693046,0.24668675406946514,0.2504093635406311,0.5146617580111679,0.2141431000718232,0.1617619107971859,0.19755355965573554,0.21586450495120346,0.27148706735646067,0.21368127491036015,0.25478751797062693,0.32134140117119936,0.17056870716112202,0.24853442256230565,0.21633604717562066,0.18277429554914,0.17082765198897162,0.2621878714822168,0.25058557665643805,0.21900578915412117,0.19245285705192813,0.18001299711706711,0.2980778739541498,0.10055415744395588,0.24890607904840548,0.23317324505109685,0.16711522253506053,0.3020163737814599,0.1500519264449528,0.2848398752738096,0.35432452459290187,0.14432930181062537,0.22952842009956562,0.07924972009420041,0.19786136693998238,0.2374050657079626,0.11457654509109359,0.10661486495537957,0.14794444353905492,0.16787695702154593,0.25393274012688255,-0.02271966688883375,0.35806788100243325,0.06824364169002416,-0.055865251651845686,0.1450092401904589,-0.05475489110753188,-0.09978458863618729,0.09990281039242119,0.029863566729571304,0.12247203689603554,-0.3853161569969413,0.13384260709364018,0.014566781893971412
0.34353632108577625,0.16992429706990594,0.5578235870365595,0.3169059797934965,0.2347666938652963,0.2654096672791612,0.2719104726754519,0.3606168287554239,0.2971769451051979,0.2141431000718232,0.4535111495301943,0.3496215938891273,0.19906812637422802,0.256521671036739,0.3677028636020555,0.23879243199953654,0.28349916563561955,0.28870366797478025,0.11954473915392967,0.35197562357502904,0.23347285308243204,0.1202683580086103,0.12288059174622393,0.21335620590111776,0.2535937181437831,0.29708331054698317,0.2493047900366879,0.17468691298687802,0.26823246615626617,0.06787558171419472,0.23112656473032528,0.27042066461910563,0.2193373423824867,0.24252964970530747,0.13681334582488017,0.29152297794332493,0.2716100742315324,0.19453454629732841,0.2414464014999267,0.10414649017146602,0.14861857258848077,0.26918988196577304,0.1405685121945907,0.08004301690417764,0.20248898805248305,0.20224305448670865,0.18939503612206424,-0.02437013430411726,0.24947195688749402,-0.07502065506423111,-0.022636535152196584,0.2101381141325252,0.034069091230389585,-0.12478701719460575,-0.006797665974835214,-0.0314663993406511,0.08625509322841171,0.08945192042392659,-0.18827902840315244,-0.0016741855933846076
0.41769525696016,0.16978365890973027,0.5228096979531051,0.3502418364753886,0.26086035271807134,0.2399043869217787,0.349989575626277,0.25543372720032237,0.2880284788253053,0.1617619107971859,0.3496215938891273,0.7509895001741786,0.18045292246274325,0.2724291533413283,0.3460185443035093,0.26434166530538317,0.22520679444494843,0.23844387214829302,0.0761380803915479,0.27411325557541727,0.21081776099491073,0.11978606877143376,0.1657333436121801,0.14741280483642283,0.2848534347916667,0.3064144849624185,0.3036607570278233,0.09365656282459249,0.21885649559388679,0.02840497193832023,0.15228757755820538,0.32330866425399113,0.23480171629293867,0.21511398964499814,0.045265082850703124,0.2846932847344165,0.10711467929795686,0.15459930827454854,0.23160231355836766,0.0899473980212309,0.12632129630649377,0.2424593159059894,0.12161876592775851,0.08290622766975089,0.07571391369353345,0.12837962384503954,0.1800454719308507,-0.01905122278177343,0.6944585008627431,-0.2059103546512575,0.03231039435163798,0.24938481868607712,-0.017426965369783935,-0.08106131192628242,0.07300865475855609,-0.03727076402650222,0.09865763804845155,0.30755906680329986,-0.48741161921733706,-0.02252094493142616
0.2285290996846395,0.06856655902787202,0.3854413494314266,0.19870316926775672,0.18334929094647123,0.19388441735852444,0.1831098941246974,0.20957813283812457,0.22710414861870612,0.19755355965573554,0.19906812637422802,0.18045292246274325,0.3924592573689264,0.17166837631195647,0.14640627579687004,0.2311250509563872,0.18511477259722042,0.23379553727269298,0.24874501734386809,0.11174304095556728,0.1483710219221602,0.26112739288512093,0.03155725444253159,0.19253806574202106,0.1319013572592323,0.19679692302247112,0.19243289834072788,0.14931355405668476,0.2253132933908773,0.028749574823834965,0.13297793718791331,0.18320538792461738,0.16718777342542282,0.16819063672016626,0.15066599691423455,0.18461619338920415,0.17214145097579203,0.0745827462179898,0.15064387977143373,0.04039863976242696,0.10078992413565778,0.17035600603809387,0.08648091755859715,0.06213486491745457,0.03236463654194147,0.10493984041539108,0.12474838001091058,-0.016277711596426134,0.20492073346802384,0.21093036914913474,-0.032063510935563776,-0.002544920571616989,-0.10979672656247573,-0.06846826604245845,0.03228973829559837,-0.055752332010478224,0.08785400489074055,-0.26397727886061556,0.19324496892512008,-0.010924101521025145
0.39794605258102206,-0.013125848979410859,0.38569609801606874,0.503138244472084,0.31200371323565984,0.2535324099132255,0.19993715027392756,0.2776654126805203,0.2588219274108304,0.21586450495120346,0.256521671036739,0.2724291533413283,0.17166837631195647,0.6343859415870079,0.2904963184469857,0.3103166684836431,0.27128889885680607,0.1920334731425297,0.08409559193669762,0.30601474977691845,0.21570658963876127,0.1744718781032943,0.180381675167726,0.16972029264463412,0.2286312981739339,0.2953969634963395,0.2394464368889221,0.1801747492926158,0.264061987526309,0.16547937476412206,0.23351266329517095,0.5159992949999026,0.21269760630351908,0.2467753549547666,0.08394675710815838,0.32567150640943066,0.2506490344458015,0.18492661953588566,0.21641467332693273,0.08049026509641025,0.2377013809854777,0.2863562377010812,0.15788208325207542,0.13135583737215437,0.08130130539395743,0.0787405067095228,0.2011651431023035,-0.00541522414681127,0.6024457556402716,-0.01487202356161382,-0.02009379701665912,0.08972312093670948,0.03370323418380707,-0.07807919764479263,-0.05307631618308344,-0.08985368919088783,0.04828376880691493,0.1475908215236829,-0.0847844359223744,-0.0972755050363455
0.33607730621739784,0.3086088533883161,0.5954161790434875,0.31583383394601255,0.278552297106212,0.29595327656470805,0.19249024704485007,0.39381128660514925,0.25393770389749953,0.27148706735646067,0.3677028636020555,0.3460185443035093,0.14640627579687004,0.2904963184469857,1.173883499949408,0.17598940053257736,0.2299908854109749,0.32738104470962504,0.0811946035578546,0.5257370120129583,0.26568267822478,-0.14768102512351006,0.17548798272304375,0.2827377630926415,0.39368478189341083,0.33446295436851964,0.264046833008844,0.2902184526687442,0.3557727862544766,0.17449343573458445,0.26661491582124885,0.2860190170751908,0.274239493846838,0.3547512831042957,0.09441795416928832,0.37973753855741765,0.36836696790394424,0.2759733152413067,0.20974506603224613,0.09400540021890713,0.2640487151310167,0.3022592275581757,0.15540917174147592,0.10296368038894516,0.10653278275595782,0.2594683029811176,0.24183562202708073,-0.027001940280672678,0.38289646217247225,-0.23532442448592933,-0.03600811100175147,0.4171688786528783,0.06309756631990932,-0.1308216982791526,0.13398751973671813,0.01410952663971148,-0.06168834096569839,-0.004582741257752104,-0.04781381184846994,-0.059375133586512835
0.31147056404681966,0.03715441299284907,0.402113650650845,0.3340273220553392,0.2690094612366291,0.20822118282658222,0.24645198217101505,0.27575398342190083,0.2449260824430302,0.21368127491036015,0.23879243199953654,0.26434166530538317,0.2311250509563872,0.3103166684836431,0.17598940053257736,0.8020447146233423,0.271837672573246,0.3077851432946252,0.21056100889117718,0.1971151007122618,0.1865860269508353,0.229117491172888,0.157979382306929,0.22078024732850368,0.24837671586002166,0.2501756307006981,0.29845054151191736,0.17702722828610473,0.25510022669991395,0.160281661766235,0.2095947597775274,0.29586435488224533,0.19030219484897704,0.2374130012520868,0.23770229018250372,0.28523272495438257,0.2766774127028557,0.12872743353420407,0.21308934853142575,0.11227733087924559,0.21719895580021994,0.3213072960986253,0.17697522790147768,0.12258466219852404,0.09723421331470598,0.09423729601021845,0.22134927788165307,-0.013419807063346483,0.3996620458834844,-0.015893540276496327,-0.03856827088549061,0.10514036915001171,-0.0361900452362362,-0.09476365441667595,0.050597922262865164,-0.06278410907049077,0.055463848307583254,-0.06577561335793403,0.013243068331164688,-0.0934829187750909
0.2346680334404419,0.022006118906308974,0.538784148116994,0.3223757672674997,0.18316535471601308,0.28501191831686606,0.20671718741653983,0.3450401025179041,0.28576901158588275,0.25478751797062693,0.28349916563561955,0.22520679444494843,0.18511477259722042,0.27128889885680607,0.2299908854109749,0.271837672573246,0.8038259179152292,0.16593212091595577,0.27792769198307793,0.460618567770489,0.32281286573176254,0.2154660354371257,0.08215315305547542,0.2350160680295244,0.2650122929984573,0.19179712240518335,0.2722585429955495,0.4675038934089519,0.3185309161674917,0.18083205010048742,0.33452931953917575,0.3142963060121883,0.3485615586446198,0.28678710641799215,0.2094066169130073,0.40559890039411556,0.5435557292300305,0.26519670452821015,0.3797910899665783,0.12328422246559713,0.2108754851806919,0.40176675578994614,0.16273245360960986,0.13682496014915105,0.38942269218563136,0.1587384026289363,0.2113230730860102,-0.02163969671457294,0.4146325548694163,0.22320757035960598,-0.12408659609124596,0.16647688362851565,-0.07955512444820423,-0.11298665144516938,-0.1284084664080093,-0.03713574083100559,-0.028580516338269166,-0.1059587601228969,0.08711759730499034,0.02216833283733279
0.3594430507676816,0.3121944827687554,0.5887434051144261,0.32147885221038275,0.2517551589303348,0.3236033018179991,0.296211773583413,0.4331381356508258,0.3071412789779584,0.32134140117119936,0.28870366797478025,0.23844387214829302,0.23379553727269298,0.1920334731425297,0.32738104470962504,0.3077851432946252,0.16593212091595577,1.1511104950094095,0.23603684012188889,0.1472800511415317,0.2566404992308272,0.2634308918092008,0.277938608820935,0.2597603957471659,0.28437668515753073,0.3685595752158475,0.21411782027485549,0.09548993166316633,0.4079040317301258,-0.02381395340849387,0.21704327277135466,0.18889755746941128,0.23595083018239424,0.2995949802186454,0.04602283244181101,0.3071030765641909,0.39377596699891054,0.09844682381309314,0.17981322141545242,0.07565715648800585,0.15712344271429043,0.23165257668041642,0.20127531161096096,0.02787971617134267,0.1850071529729402,0.2730983119789274,0.47340960518291064,-0.03676571865237058,0.33190751955461995,0.23889178096019043,0.09240716166547118,0.11178700111013228,-0.23412727840511882,-0.2003381436376487,0.14777138627009007,-0.04876955407186103,0.1393943947123255,0.16220984572535427,-0.42077839454891264,-0.025209390331222742
0.2938541091560166,-0.08858658713475581,0.7564857557697272,0.016472231328192515,0.021669570272148195,0.21645988870364696,0.2047183635912922,0.1720490035867486,0.37552325755764476,0.17056870716112202,0.11954473915392967,0.0761380803915479,0.24874501734386809,0.08409559193669762,0.0811946035578546,0.21056100889117718,0.27792769198307793,0.23603684012188889,1.685210698687957,0.17244338817316557,0.263982135372953,0.16032470699300927,-0.5102639279340717,0.22790530352246421,0.0032655337005817646,0.035066975420467314,0.15770599446138744,0.5058830807387907,0.15195579346611876,0.10279051243237765,0.23423786151177195,0.0570349071142659,0.3754299827774869,-0.02060585540663234,-0.09675680646714914,0.2724572968356592,0.46214955741822483,0.1158177516718745,0.41677777663288207,-0.05508607601236607,0.09187382002942962,0.12216206711254933,0.08488283706633004,-0.0039929407930856696,0.3332017287377682,0.27317380516555223,0.16133826975985005,-0.0030942254978844385,-0.13177738180145282,0.8770992379842203,-0.09799315019223265,-0.13155494824972588,-0.2816255914158645,-0.2145164138853181,0.10058985427601852,-0.00391396401110978,0.11488724988366913,-0.2035431985291411,0.02224408422775424,0.12771388614605103
0.2986591828527622,0.40356118070357927,0.5432119200082687,0.36100954921175066,0.2881035887461591,0.3420306361444006,0.22572291832156494,0.4196291525620415,0.2562370091985025,0.24853442256230565,0.35197562357502904,0.27411325557541727,0.11174304095556728,0.30601474977691845,0.5257370120129583,0.1971151007122618,0.460618567770489,0.1472800511415317,0.17244338817316557,1.652264758006897,0.3280662484347663,-0.16845312788956704,-0.11702849510866253,0.1962600929677216,0.3964824880272254,0.3303915733444883,0.4250758674626151,0.38017522183332125,0.5021517660995202,0.4879331857561763,0.5434117780878811,0.34386921440438684,0.3929405746047481,0.5227297473489623,0.4084391452029908,0.29174023629081536,1.1057073832938342,0.7994781784379827,0.5054173127787394,0.3266340103364279,0.4401534004390423,0.6204658251646177,0.428007623298717,0.14267005940329242,0.6565703445485632,0.2685537878508947,0.3964369122899791,0.008052890339117906,1.1486390397639046,-0.16006192835570834,-0.13988278510127686,0.4533095848219123,0.04895584948741348,-0.20491436496835938,0.028612531645425827,-0.0763661945134307,0.0021902615691363997,0.1666244854696642,-0.10669312520816418,-0.054781977644946675
0.25899064834654084,0.4461309724943129,0.44558676171402406,0.2652084290578594,0.14753051011983093,0.34118709941731606,0.23444563152375772,0.20390182747844135,0.2916398208148664,0.21633604717562066,0.23347285308243204,0.21081776099491073,0.1483710219221602,0.21570658963876127,0.26568267822478,0.1865860269508353,0.32281286573176254,0.2566404992308272,0.263982135372953,0.3280662484347663,0.5292586317780852,0.247905834087494,0.21780353414275683,0.21652939394594595,0.27710939190283235,0.19392801557140438,0.2137423374629773,0.2267148761116824,0.3611847560568049,0.2119805495187893,0.3627295622386176,0.3292894231390605,0.29251940209508087,0.24005242994458106,0.14517793029662654,0.3868109872298614,0.39277405283236755,0.20873595391098865,0.412934997762884,0.20613947134241806,0.18704541131754568,0.30223541313582347,0.24848506992012226,0.12838076278618551,0.42732504678155175,0.16085535041389964,0.2545734274691818,-0.025238544743334167,0.5156457629030664,0.01140493324568497,-0.11861534990526987,0.29211822017504696,-0.07204515824380414,-0.03826124767852296,-0.09364687576913942,0.04825642345227234,-0.05829279929135654,0.013860087999693163,0.04666720629697159,0.2863508625428917
0.15853888617633455,0.07714299204215358,0.20597806458976717,0.25921351846842544,0.17407710036845225,0.2730918378291038,0.22121864482534925,0.11539726008874754,0.18618546554623075,0.18277429554914,0.1202683580086103,0.11978606877143376,0.26112739288512093,0.1744718781032943,-0.14768102512351006,0.229117491172888,0.2154660354371257,0.2634308918092008,0.16032470699300927,-0.16845312788956704,0.247905834087494,1.090606456683538,0.644270566216417,0.11788092684882771,0.22852103750018574,0.026946505095935058,0.11692373665854985,-0.1302844973858337,0.3924413674580837,0.11657989063025821,0.20657397778454692,0.2747099362598552,0.13684903671220472,0.29629985996874547,0.2064293392757539,0.22504791710234606,0.13233579035675266,-0.02434633235565313,0.3951487601246627,0.1432848286697181,-0.009719910628649546,0.15446478569749295,0.1759490853483001,0.1542764996415405,0.11271870110780714,0.06218709498049035,0.2032343000714842,-0.015288579209844128,0.45921833799483697,0.2056232622354326,-0.11118982617757073,-0.005364217109239207,-0.15816735206853993,-0.029527644222983717,-0.12772449338817232,0.02024261809858159,0.05443736804508862,-0.06248846909876449,-0.0033778238355757734,0.1138087280910755
0.041912052545031935,0.20603767299604134,-0.0025528936443787098,0.32641485524843367,0.232931173124545,0.24222859169091543,0.13711462673666408,0.14826178051718336,0.03506439338570258,0.17082765198897162,0.12288059174622393,0.1657333436121801,0.03155725444253159,0.180381675167726,0.17548798272304375,0.157979382306929,0.08215315305547542,0.277938608820935,-0.5102639279340717,-0.11702849510866253,0.21780353414275683,0.644270566216417,1.968393121605072,0.11998879092418129,0.6254847351998719,-0.06622596390837153,0.047449730499629625,-0.663280414837869,0.5302203734440483,0.28899114740337084,0.22002627045232212,0.22559366587644247,0.14142160061009118,0.48741327980923893,0.1848219194589451,0.41340027743806473,0.21009035286534355,-0.019568355059927694,0.48595582179911634,0.29614157554828785,-0.06757596169524911,0.2142137156621136,0.09594461816117171,0.3051397325859821,-0.0371925580394561,0.13541445949900163,0.2902696807779058,-0.0186235708846739,0.6123267802768474,-0.16849421960285166,-0.1664697724655812,0.31540077915243153,-0.01944950229949175,-0.014410030515036643,-0.20738456958804313,0.06815311148321393,-0.05489988081785938,0.11477332149478832,-0.09815384407004349,0.014482950853070865
0.0803957400915095,0.10057765668955788,0.4678869372727578,0.27764222254795956,0.19263977274315372,0.3314026164833045,0.17644784476221181,0.11062724203193627,0.3639496145284686,0.2621878714822168,0.21335620590111776,0.14741280483642283,0.19253806574202106,0.16972029264463412,0.2827377630926415,0.22078024732850368,0.2350160680295244,0.2597603957471659,0.22790530352246421,0.1962600929677216,0.21652939394594595,0.11788092684882771,0.11998879092418129,0.9801379043977145,0.22979556153858086,0.23987379846095058,0.17064553043157019,0.2496020268436674,0.2711651189161843,0.02155151742510249,0.12551182477823275,0.20344645677250575,0.16874104994633227,0.13404151800299036,0.17656903181746272,0.34641927803550226,0.16277727540779222,0.11087161987085575,0.0643619957984251,0.03156062436502615,0.11408697228277223,0.20694548281939232,-0.02381770386530987,0.08360338769235902,-0.026308811414902992,0.10087616744701894,0.06942734173612687,-0.02827711037317033,-0.22377378545357254,0.04059516098620836,-0.11635070981574969,0.2308981334688447,-0.06612325893447209,-0.03929543392671026,0.027518048666749874,0.07946180540043618,0.11338273897872655,-1.4801620409791736,1.2647690612235558,0.09434406764816743
0.22020482219920584,0.41489152058971834,0.3310790494091349,0.3269816040331705,0.23601096976827335,0.3702181859561377,0.2179133699218248,0.34567687916331746,0.1484196703799043,0.25058557665643805,0.2535937181437831,0.2848534347916667,0.1319013572592323,0.2286312981739339,0.39368478189341083,0.24837671586002166,0.2650122929984573,0.28437668515753073,0.0032655337005817646,0.3964824880272254,0.27710939190283235,0.22852103750018574,0.6254847351998719,0.22979556153858086,1.4164713139535392,0.1216697695439403,0.2355479927749418,-0.050407862021847084,0.5612373716275831,0.44528488645993003,0.22925276426645788,0.36094061546187256,0.1698881364781015,0.5900833242301199,0.38759717348541084,0.33309157139744217,0.45422162002292865,0.24043031738906842,0.4063344042830707,0.2415365809977608,0.16507164437469382,0.3490556920471361,0.24178856688421937,0.19600545073111342,0.21268316227690687,0.2167987745222052,0.39333918541457824,-0.048612005138268334,1.0166100924612613,-0.8475057818472433,-0.09231476554040112,0.5471611738247917,0.23675461240109869,-0.03190234757752093,-0.1484810579667775,0.11549625925016198,0.08098063873798321,0.10423632889599484,-0.2402942151309274,0.16832675842945746
0.3770551491923989,0.2761964368394696,0.4811132238004477,0.32903045031727285,0.3228891620871698,0.3197542514648354,0.2584597043839238,0.34519175017451803,0.381239552823161,0.21900578915412117,0.29708331054698317,0.3064144849624185,0.19679692302247112,0.2953969634963395,0.33446295436851964,0.2501756307006981,0.19179712240518335,0.3685595752158475,0.035066975420467314,0.3303915733444883,0.19392801557140438,0.026946505095935058,-0.06622596390837153,0.23987379846095058,0.1216697695439403,1.4476089215306618,0.24074049718004717,0.22629841593010686,0.037499345450029926,-0.2502494108690178,0.14051557522308597,0.29627118804738534,0.21392447463882072,0.18759365805144274,0.24583984402296147,0.1412821990055371,-0.06457284037081888,0.19852165012163275,-0.3333917004728829,0.08352967179813264,0.2528001740573384,0.3609609889877462,0.2882833311272583,0.0042279342127667895,0.13557248333513772,0.03803281901287826,0.05601373513638193,0.006076614264798534,0.4263969721246056,0.1872775346352121,-0.01832263614131464,0.13886002422212224,-0.22980913784298113,-0.08274445292037713,0.10072081862825376,-0.053756258749361775,0.2034259830147637,0.15939013094703136,-0.3737821247198217,-0.10344254249257144
0.2766772559436315,0.15832735666227327,0.41088861195950455,0.2729016469221365,0.2091561202513919,0.24821033881283097,0.2154675151394367,0.2537909405418589,0.2358225711256084,0.19245285705192813,0.2493047900366879,0.3036607570278233,0.19243289834072788,0.2394464368889221,0.264046833008844,0.29845054151191736,0.2722585429955495,0.21411782027485549,0.15770599446138744,0.4250758674626151,0.2137423374629773,0.11692373665854985,0.047449730499629625,0.17064553043157019,0.2355479927749418,0.24074049718004717,0.5763916096905115,0.2411323301861622,0.2137009655659024,0.1635202886118213,0.2334396792678541,0.35935824341697437,0.29107460523161405,0.24972962415434588,0.18404634464061137,0.29700831293167534,0.32821943862765884,0.22822691205644216,0.20353358711070813,0.09258148570334503,0.20496493540421132,0.3055818679680454,0.23309541855850419,0.09457976740375248,0.14854743481004795,0.09771581244562806,0.1979156227105312,-0.011258690501790071,0.6356367897893873,-0.07849501200524361,-0.055230602099538034,0.22825858043860237,-0.042256889770115755,-0.052494757156143136,0.02799475553839346,-0.03991754418222805,0.05646922416962451,0.0014204215195634453,-0.03922722222281405,0.02652805073307372
0.26779695474828225,0.0030702289605091856,0.505390195854213,0.12797030989449404,0.10640128304583245,0.24100727219288956,0.1429828342889053,0.05144704149619627,0.34795090987239036,0.18001299711706711,0.17468691298687802,0.09365656282459249,0.14931355405668476,0.1801747492926158,0.2902184526687442,0.17702722828610473,0.4675038934089519,0.09548993166316633,0.5058830807387907,0.38017522183332125,0.2267148761116824,-0.1302844973858337,-0.663280414837869,0.2496020268436674,-0.050407862021847084,0.22629841593010686,0.2411323301861622,1.9871352587968654,-0.05173288643907821,-0.022495496837079857,0.29811014754378695,0.19987282503771198,0.4020520133110919,-0.10629824842998155,-0.3769808296877512,0.4594788288429138,0.31600510330315834,0.2260359967450069,0.06347774120483012,-0.16994318797216446,0.42344083527770876,0.07371740977444911,0.19362433289670616,0.1928851226924135,0.1283079442220272,-0.08451294662749342,-0.030954979943034793,0.010815671381897282,0.1461578165187299,0.12715792549752433,-0.052884852977067826,0.12958048534951794,-0.1764961192858464,0.007999438819105859,0.25385892864719,-0.032583731407967366,0.0370396374205591,-0.4621583161440001,0.5074737650717452,0.020800570679487002
0.1914236591369845,0.5353546064963697,0.4581516399857933,0.3365033884634019,0.3392322744520447,0.5303576267105687,0.2015307589728391,0.32410677732215865,0.19465587390036226,0.2980778739541498,0.26823246615626617,0.21885649559388679,0.2253132933908773,0.264061987526309,0.3557727862544766,0.25510022669991395,0.3185309161674917,0.4079040317301258,0.15195579346611876,0.5021517660995202,0.3611847560568049,0.3924413674580837,0.5302203734440483,0.2711651189161843,0.5612373716275831,0.037499345450029926,0.2137009655659024,-0.05173288643907821,2.08880191712151,0.2921399418122247,0.20099060301402485,0.2996812507546287,0.145696529063105,0.6820989898796266,0.2588670666770837,0.5591880042917707,0.5793948670320513,0.20194765093953446,0.4349204801136019,0.19048615688876236,0.23344815361689333,0.3536472553856008,0.03884687026148493,0.008844415667418818,0.20282526613417734,0.32286594372080085,0.34555173833861813,-0.11098473523943032,1.0048198744068386,0.41903722898678325,-0.3670116009245592,0.14376225834583786,-0.23903372111030124,0.01962368661366134,-0.10545538013786208,-0.05015048863053358,-0.31634371165982983,0.04363415912109656,0.37599455477063276,-0.01650992806308298
0.20268813177859707,0.17843093681223549,-0.17922780702131358,0.13528694627373877,0.13687345632575307,0.12632577239716178,0.09050012446619296,0.12345948145086763,-0.028899357340040566,0.10055415744395588,0.06787558171419472,0.02840497193832023,0.028749574823834965,0.16547937476412206,0.17449343573458445,0.160281661766235,0.18083205010048742,-0.02381395340849387,0.10279051243237765,0.4879331857561763,0.2119805495187893,0.11657989063025821,0.28899114740337084,0.02155151742510249,0.44528488645993003,-0.2502494108690178,0.1635202886118213,-0.022495496837079857,0.2921399418122247,2.4285822610012113,0.36951286065669087,0.1696716387100947,0.3398636274024087,0.1616155510451053,0.7903795033813475,0.3432634890272945,0.7480771332235642,0.30073934198468505,0.639635477658141,0.265079770553172,0.5744907391525959,0.34953219896749615,0.6975576322338439,0.28113134983314053,0.25246700860489235,-0.0008441377691310862,1.0253861685406807,0.0006471042662780958,1.9878769622417605,-0.5787749683963362,-0.10994367785973007,-0.15998656765103336,0.47741609964759574,0.08305514287112992,0.11277291287943161,-0.08824498583729705,-0.06859594760924706,0.828024584097497,-0.7515706796538786,0.10918417696033872
0.3459589022679199,0.23407451220896294,0.41649033397845536,0.2570631866990767,0.2271711927207244,0.23912932865018405,0.24807783592677352,0.18345637227515998,0.3014498378321448,0.24890607904840548,0.23112656473032528,0.15228757755820538,0.13297793718791331,0.23351266329517095,0.26661491582124885,0.2095947597775274,0.33452931953917575,0.21704327277135466,0.23423786151177195,0.5434117780878811,0.3627295622386176,0.20657397778454692,0.22002627045232212,0.12551182477823275,0.22925276426645788,0.14051557522308597,0.2334396792678541,0.29811014754378695,0.20099060301402485,0.36951286065669087,1.3513278714259862,0.2500393708623443,0.30259122551886536,0.2618645941687369,0.36283571366836603,0.6776513701608563,0.6977980210227523,0.3355463336749956,0.4469306264453389,0.2072234654967586,0.35272234002548897,0.36848262041155805,0.029153703053372226,0.16413884941058335,0.40095850768787117,0.24512872940047836,0.3333800812945572,-0.02457189614597873,0.8061801451114261,0.20418789610538424,-0.1390033056638401,0.17171909733138682,-0.04827344145856131,-0.18323082947393435,0.0664896638106042,0.10887996304040487,0.36372268749196285,-0.03662670701366614,-0.5068425551902518,-0.018737639673806074
0.27610488383856896,0.23729193184551994,0.37031308648848094,0.4858769167803097,0.24513657222586865,0.41798905833604166,0.2239238517357035,0.2573950542844814,0.2728438587434685,0.23317324505109685,0.27042066461910563,0.32330866425399113,0.18320538792461738,0.5159992949999026,0.2860190170751908,0.29586435488224533,0.3142963060121883,0.18889755746941128,0.0570349071142659,0.34386921440438684,0.3292894231390605,0.2747099362598552,0.22559366587644247,0.20344645677250575,0.36094061546187256,0.29627118804738534,0.35935824341697437,0.19987282503771198,0.2996812507546287,0.1696716387100947,0.2500393708623443,1.1623879348889472,0.13815448894543694,0.43787936011492967,0.037939308560647166,0.34862931389021373,0.17264986664273108,0.20942735355056596,0.21696301440968338,0.06681173823375201,0.26759003198534215,0.3495353287190428,0.1784818464500527,0.13672701007910487,0.08498510579373977,0.004239686146866092,0.240733724652714,-0.0026484382880387148,1.2613693985578263,-0.3831031723170174,-0.05790404717665068,0.5282399939181399,-0.10899157826763882,0.08450127569429375,-0.29937369071589137,-0.000538988744425657,0.07098442479525961,0.04092461491201059,0.11584829310024349,0.32783998477892273
0.38801316045046297,0.07521543532519576,0.5108950807063949,0.19805817742693635,0.15772516130297157,-0.004844869763250235,0.22969508263808894,0.25710939232582464,0.2594305007405662,0.16711522253506053,0.2193373423824867,0.23480171629293867,0.16718777342542282,0.21269760630351908,0.274239493846838,0.19030219484897704,0.3485615586446198,0.23595083018239424,0.3754299827774869,0.3929405746047481,0.29251940209508087,0.13684903671220472,0.14142160061009118,0.16874104994633227,0.1698881364781015,0.21392447463882072,0.29107460523161405,0.4020520133110919,0.145696529063105,0.3398636274024087,0.30259122551886536,0.13815448894543694,1.7291969995560281,-0.06068604549308832,0.04403201680948198,0.22578892707488957,0.6122466806224498,0.2768021261290034,0.20897356159005023,0.012623129283351152,-0.2200978750202719,0.39721650300648875,0.1684150221141151,0.1268514980733067,-0.08462882179236504,0.1344310161145936,0.35165233255553924,-0.026711178729977695,0.8048791553795764,0.6763473644258015,-0.1531491665054146,0.3711923056307962,-0.39071106624776103,-0.3635922269308576,0.28285642035031777,-0.23881175294150503,0.04210574015394191,0.05232613478421413,-0.15217015434944955,-0.23864736207209974
