0.9872861677000286,0.3471297738890572,0.23797444433043277,0.07074002245801365,0.15868896737949667,0.10364491998848772,0.19301021867289872,0.14726277081759995,0.10322190913547975,0.14354458291266015,0.11435687527623611,0.13062218578414825,0.09185204974798074,0.13519969176250354,0.12741230689997027,0.12110663014884894,0.1388720429989644,0.12608437014384222,0.056550334674197865,0.09346988752973474,0.13273363037957228,0.17287083067737485,0.05935887022857614,0.035998468082773905,0.11044148857674761,0.08389554243984523,0.10920665539542314,0.13219513077507883,-0.05241130525156915,0.18297233503559213,0.12293284480386801,0.11925128483000401,0.12588274039392808,-0.12835232620817677,0.15312438363425332,0.09822960982849771,0.12649034839569873,0.147124905108727,0.08596470240746089,0.04420294427142187,0.15056578766937442,0.09463795103274802,0.051162124590796026,0.14039725364770078,0.118798979949846,0.1404264240878591,0.16469721265020318,0.0032878013188230265,-0.0158570470813308,0.03524604035967703,-0.0060333547726124145,-0.05139997421783267,0.01795962462776536,-5.7645064564865743e-5,0.13609661727193959,-0.010201075222547498,0.07324361160424234,-0.06692633500747103,-0.14631028273358457
0.3471297738890572,2.9619575192141863,0.2563465052086495,-0.06284358547445659,0.09147299513323393,0.15602053839048682,0.1330635479314717,0.15756777915934445,0.08033263063693778,0.15220072035075521,0.1361384908560595,0.16046811541809528,0.09015440547907938,0.06736095524601195,0.2213993529136646,0.09040364649554335,0.1754649529037474,0.17481410807261955,0.03281924765724478,0.06883695592858315,0.2754061941137269,0.012957949297496253,-0.28420918682065455,-0.1230812874401412,0.10041306393863796,-0.11072938257003836,0.1980310167566601,0.06959544693242768,0.06752049355984754,0.19730916171943746,0.10407646705094428,0.10263933837168142,-0.03841668745917288,0.125156662900393,0.0708915430073637,0.09795489589261022,0.05637574197294422,0.1585745486642454,-0.07432142436577482,0.018249044596490953,0.14007429103049876,0.07489266971125347,0.12487525995556584,0.2061158572780469,0.27397985912753486,-0.09774712928284619,0.13458940777346284,0.0128954587804818,-0.1822445736171766,-0.024959937069761472,0.19092146149896574,0.011535112368921562,-0.1381659087810205,0.0133688961422824,-0.6627928204448434,-0.09460440065793574,-0.08938744877997187,0.48680049904250655,0.18625336451150565
0.23797444433043277,0.2563465052086495,1.8014418038423963,0.3050671049836224,-0.09109352278909923,0.34599764871287514,0.12186201864973831,0.3919445693971823,0.2517289223068997,0.39451933053182014,0.2545223674215384,0.25601582638304216,0.21833492514389666,0.22426504630744298,0.35984623883708056,0.1217225492254545,0.3533456667707097,0.3026476431403227,0.15112418741110398,0.279116262687653,0.1523669275784299,0.475324826130945,0.36809499102780396,0.3633686234833382,0.33177123138509373,0.30567527008200523,0.22124940278776078,0.27449520448421905,0.4027195453298534,0.17187160633300508,0.24672717883754472,0.22497025078878716,0.2966049574201956,0.3055929960545979,0.2635194300230222,0.31289790307885496,0.38401045511021875,0.2009626347158423,0.25586530059185625,-0.23550818912247887,0.2503780953534668,0.19608789217008976,0.1714360951098083,0.23555536291512677,0.18747710443035295,0.48235156128449613,0.2936809576141783,-0.007154587618704423,0.22987120290727292,0.13369465447685708,-0.033111386648268896,0.11372564128349187,-0.022723079255270968,-0.20463164989938376,0.019049510540327608,-0.15401661954580947,-0.004987468385040747,0.033450577406659666,-0.0851288783032294
0.07074002245801365,-0.06284358547445659,0.3050671049836224,0.9438192603494537,0.259678419941718,0.2755700122033539,0.2086181967472495,0.28339803731843694,0.13442048331059528,0.26262710420894264,0.22334281007744541,0.2487670908431084,0.20642588041405138,0.23806664839500027,0.21609934826166274,0.2598445089010839,0.23693238733231853,0.2652854071475872,0.09249306839784886,0.14418463384456015,0.14674465649973414,0.3404574703457839,0.33336160110855356,0.2905891938027524,0.26622390561391124,0.21378325199963505,0.16020195383052124,0.1433812133911167,0.32314787378398874,0.2110292901157966,0.19850439979393183,0.22811289809100255,0.2455329970378057,0.3214945909969254,-0.0025839694343530416,0.1841392580378219,0.20718723061684846,0.21559462077812525,0.2337155505280236,-0.06344848411555631,0.1730963815769348,0.15629635858361024,0.21280454936227342,0.33679638293034686,0.08484832181266812,0.024607896843757363,0.2746689894865606,0.0028076969538610563,0.3531253261281639,0.24615709927812465,-0.2541063877035937,0.09898259191149393,-0.0541485875215064,-0.06430855981974698,-0.09671197303989544,-0.14257847463212484,-0.1050278622197456,0.13337490813242442,0.08791192615352134
0.15868896737949667,0.09147299513323393,-0.09109352278909923,0.259678419941718,0.7889905005963259,0.20276624783052746,0.18664107610569303,0.17234026669668176,0.08171277284087734,0.1446319871192859,0.16567934467896037,0.2183498968062604,0.17770292871345506,0.19449807775474265,0.15459578550938818,0.27592489912200363,0.14923134667763874,0.18311097207883817,0.2043311404223447,0.09826315669638414,0.10356543403173887,0.22121787968954837,0.1987066800410423,0.17152273649740715,0.18675784568566298,0.17233329127208738,0.11377124723308711,0.04310239450474041,0.20161319042088624,0.11519243887583848,0.1604272773686717,0.19161061786459094,0.07769692660000421,0.3018233535519069,-0.008276197745995702,0.16387646751186807,0.1476071656557912,0.17379807620995472,0.16838389116565483,0.06984310894404618,0.19867299904759478,0.15466293486675395,0.12654969856759038,0.20597645395369296,0.017228211672136298,0.060129883374578766,0.18444342927207477,0.016678251252866153,0.21378383537390178,0.21361269832664703,-0.1452661867821833,-0.1632860513370195,0.004167893924163684,0.07566358388801922,-0.08679005680690893,-0.07012744657534348,-0.05464975592217797,0.014964362619598319,0.14366795854937514
0.10364491998848772,0.15602053839048682,0.34599764871287514,0.2755700122033539,0.20276624783052746,0.6298430707482543,0.046168007373501865,0.3788562195766343,0.16126557920818238,0.19265248126333545,0.25148747087973744,0.25154047698963167,0.1870883011287583,0.22715323670531987,0.252116090536488,0.19629034636732087,0.26421436730738856,0.19543287081968488,0.1649513575347791,0.2365666988688845,0.21624201337225746,0.3064267708555023,0.2110326908127142,0.2620640118057409,0.2788339603357293,0.1417506452256629,0.1999360363020736,0.20674736667549948,0.3579509079041096,0.29742832233977967,0.1915366240573222,0.22383704395468382,0.11460738307801256,0.3047602243040876,0.2023390658753417,0.13853715548800563,0.2267917234781536,0.22338672328066625,0.22589159611539966,-0.08935008944888538,0.07990282315104658,0.16773147953794484,0.2823112383155898,0.272560950870114,0.08607105687496168,0.017472759065483828,0.2808181935583676,0.011158667479497132,0.38248422448468417,0.3194242603910136,-0.5466562840731398,0.15196695038670446,-0.07840106613557035,0.0369368552063137,-0.09538464757228078,-0.1389042597601592,-0.02612610925231001,0.11640755297242521,0.045358521638447884
0.19301021867289872,0.1330635479314717,0.12186201864973831,0.2086181967472495,0.18664107610569303,0.046168007373501865,0.5432020703615943,0.11300959974560248,0.20457775706516776,0.16948980265129499,0.18088644203902368,0.22810741724246436,0.14474038459663027,0.20242870297304003,0.15174076719681442,0.2415338777836758,0.19612652668895397,0.15824907336291913,0.044123592249993064,0.1400739924130775,0.15232373415901698,0.2858925918111531,0.22959189811177522,0.22080790714845389,0.1837509369259352,0.1347219008682229,0.1515221921023223,0.1410491448330064,0.10681903802110759,0.18805240251104824,0.1652634604510175,0.18951895893311219,0.16386154098584607,0.20504492326644172,0.14619312064710668,0.18312870417331337,0.14315970088728966,0.12352452896669644,0.15939061241808683,0.0527065503880947,0.21552991467220126,0.14913349868963877,0.15918420354824173,0.19481966667869485,0.09340649786225584,0.11221067473977803,0.18030578809881345,0.007287710046437258,0.2692134697771167,-0.029883072642500175,-0.05292019814898337,0.013741391262618908,0.05491656884480264,-0.006753503379656893,0.016214228430229117,0.0636072128397483,0.032124711011537486,0.05223115038464852,-0.20048939685510772
0.14726277081759995,0.15756777915934445,0.3919445693971823,0.28339803731843694,0.17234026669668176,0.3788562195766343,0.11300959974560248,0.6334096827458986,0.061902434672203,0.2592567491026816,0.27788250087209093,0.16196066048306695,0.2262975181740848,0.2671567875052823,0.24468284218575986,0.22126206216042693,0.30050776628917214,0.26757561829228993,0.1503428176779352,0.22082592972581833,0.22503035450264028,0.34064142574067535,0.254460822721728,0.23007021473307643,0.3040482823172657,0.22810331731022707,0.19332478725787136,0.2412933888527096,0.2780067779437305,0.3455918490761015,0.21220636867739515,0.24142508099709373,0.19107925718259072,0.2909368522861777,0.2790467330433573,0.21503752682057342,0.25877464943376444,0.21829392003210213,0.28351845322016384,-0.027512790510591113,0.23868127079922774,0.19423704458021818,0.26353157213503764,0.3071659308225766,0.19567837092934157,0.1351328563126086,0.3318939564099493,0.006798805050970167,0.3074280734127832,0.21516912234028834,-0.2532482395387557,0.07292073965899551,-0.03224711127793804,-0.04035313237591516,-0.14877048259393205,-0.2075896069468126,0.04391684668755128,0.24095518576367053,-0.07255597124377722
0.10322190913547975,0.08033263063693778,0.2517289223068997,0.13442048331059528,0.08171277284087734,0.16126557920818238,0.20457775706516776,0.061902434672203,0.5029137352911428,0.10340996587210982,0.12817013352480158,0.15533975263987584,0.10480521958620882,0.235380498360096,0.19420351999606697,0.1534918339622951,0.15050510153380622,0.13373685690019577,-0.03823489818650976,0.13346696568012983,0.10698281680596788,0.22658090712830184,0.23951435515213468,0.27474083262563753,0.1798538859031872,0.2312179009237441,0.1563758219439229,0.1347368767473819,0.16590349153255224,0.18306717298455322,0.1666868523751359,0.18529160866467498,0.11992068459896468,0.13889988621969873,0.17655824712629678,0.15260331430773932,0.19998639588540282,0.08569830854876824,0.18229220382974853,0.014488380746817428,0.1685490325151202,0.1344921997289931,0.17241039669159244,0.0975903837677451,0.0760122490980054,0.13787722687338944,0.17274152731631404,0.00254061651264267,0.3350061517187571,-0.03800198602018222,-0.16308937426831957,0.008470135078168203,0.12701988613388696,-0.017687536156365386,0.08912682462769157,0.07077095286276228,0.04848799790887626,-0.07057983360208882,-0.12072353842418848
0.14354458291266015,0.15220072035075521,0.39451933053182014,0.26262710420894264,0.1446319871192859,0.19265248126333545,0.16948980265129499,0.2592567491026816,0.10340996587210982,0.7476832474720456,0.13601452987661217,0.2677284266695828,0.14526423945105799,0.24936107606989896,0.22542844226735176,0.20831408624468983,0.23866930211988394,0.28954346285576055,0.08289113844183742,0.23416769297627285,0.12866198593332664,0.2800898326988804,0.26063271402634297,0.21687099863164733,0.25056465694596586,0.3798950426153144,0.22439530080071723,0.18066557809068157,0.27031910990755087,0.18088587681416446,0.2185738009542497,0.2893294115839192,0.10713541942310773,0.41229341830887734,0.2581768744268054,0.23255538465037676,0.19328353574375529,0.1375352783602739,0.40820970903931975,0.15602435973517992,0.3832630374911935,0.17980891127821422,0.18899787995471942,0.24047816491047902,0.3656788956774008,0.11219740465754673,0.31634454833859554,0.023719344132319943,0.33723133120573145,0.06833557357196506,0.03465436420521025,-0.1564479699481029,0.028448887674649592,-0.021230909415148432,-0.0635001939881603,-0.07137651301792014,0.11979528449922791,0.00926912569539426,-0.055889890886887464
0.11435687527623611,0.1361384908560595,0.2545223674215384,0.22334281007744541,0.16567934467896037,0.25148747087973744,0.18088644203902368,0.27788250087209093,0.12817013352480158,0.13601452987661217,0.49497235832156594,0.21940353542343252,0.23315705368131695,0.1955139636749157,0.26946223760939864,0.18449143220802994,0.25382766973869914,0.22101374585663294,0.0717798076451201,0.23385450088518267,0.1851387726735002,0.26473606365876534,0.26021811891294533,0.23143555858029272,0.2526533889016924,0.2406829967825822,0.18306026826490962,0.1763932319630345,0.30711852116657584,0.21791178136219105,0.17014873392835034,0.21729001618462576,0.11404844584594977,0.2917253223360912,0.2261496655492353,0.171238370539575,0.12316912323298815,0.12178794171359722,0.23778264799902987,0.03453925562462481,0.22634720464689692,0.16304019042380505,0.1624382202373286,0.18677513110409066,0.15831169791008262,0.09784921300673348,0.23803430829495914,0.023484944601246414,0.23974121055182418,0.050533772872842726,-0.15793374718906825,-0.04707665900156202,0.04147724946003528,0.046584452620197385,-0.06600419403037454,-0.0703967940013293,-0.027539638466222947,0.06325151287108118,0.000711883494132063
0.13062218578414825,0.16046811541809528,0.25601582638304216,0.2487670908431084,0.2183498968062604,0.25154047698963167,0.22810741724246436,0.16196066048306695,0.15533975263987584,0.2677284266695828,0.21940353542343252,0.5566317471147404,0.12569965551549026,0.2421205465191235,0.23190995584245613,0.21272586779948838,0.1927271027779912,0.1131015268990205,0.08479861834991456,0.2380650158048429,0.11833675166810322,0.27254119230409796,0.18397154187135487,0.21279396901830253,0.2556243406097327,0.15766225900230774,0.23721503417442813,0.15128440187860923,0.2568250462541949,0.21413443349397052,0.15227733971990334,0.27374702441920834,0.0767279975151754,0.33799266652101945,0.212589161601334,0.16334889114841242,0.046366487640513945,0.11726390407481904,0.2205621144516218,0.03602702391548677,0.1902506557229036,0.14553372826124092,0.16248035355169438,0.23506406570128088,0.14286555910574772,-0.0274699118507211,0.20805866754995173,0.028375873632691045,0.3616201021099519,0.05556899672950346,-0.2344197993184061,-0.019629887843409292,0.0302349896213964,0.07565193448657834,-0.04434006895465721,0.01940703614263936,-0.02848670524849419,0.001374389137438196,0.016564942123189017
0.09185204974798074,0.09015440547907938,0.21833492514389666,0.20642588041405138,0.17770292871345506,0.1870883011287583,0.14474038459663027,0.2262975181740848,0.10480521958620882,0.14526423945105799,0.23315705368131695,0.12569965551549026,0.4026902107902748,0.16342969614291142,0.15844234901715498,0.16448270602195905,0.1803138491439638,0.19271894454223615,0.1088222354170735,0.10663323555673904,0.18672234652839378,0.22402201727389662,0.24843192500059505,0.16812110185708015,0.19286563855406702,0.1817674059619897,0.12327902083579327,0.14555292058783953,0.22410400656296386,0.2008281309382763,0.1363323938075364,0.16458747190361883,0.16468260889253206,0.19475503533786087,0.13048316744087537,0.1465962402936461,0.13766288124803805,0.11041429738786798,0.22397334859915244,0.02652420280091177,0.21873818317432742,0.11977509614187552,0.09752142405236107,0.21904031124296608,0.10575255599470137,0.12113059200398442,0.20320795992938426,0.007523768315324231,0.2256863054213807,0.13709926263756161,-0.026515530381755522,-0.10870981849035115,-0.0043858285265439894,-0.02531903296276831,-0.02144831567474658,-0.07658025904140697,-0.1067890613743253,-0.06250709285770155,0.17785826797539891
0.13519969176250354,0.06736095524601195,0.22426504630744298,0.23806664839500027,0.19449807775474265,0.22715323670531987,0.20242870297304003,0.2671567875052823,0.235380498360096,0.24936107606989896,0.1955139636749157,0.2421205465191235,0.16342969614291142,0.5929302608073928,0.2504524321784053,0.2955670146975474,0.2466132792756493,0.17456606239740471,0.06194035906570986,0.20031730769934175,0.11776958780641747,0.41349078315170534,0.2595780466417757,0.2962344407956541,0.27996846668504854,0.3348375264278162,0.25488210164788244,0.25223970868556006,0.11125065643703412,0.3709027340783998,0.21958189044619758,0.43911033283695156,0.16974754758778196,0.2769733208655949,0.3102671005608971,0.30806132160265776,0.14397654939131382,0.18463669108875405,0.28881861019417676,0.050419023228361254,0.4106489382334861,0.2218745793101385,0.18043912040874968,0.38365269270001007,0.1784159127393904,0.037793076016803345,0.3114084468093135,-0.011985886253821085,0.5188711427959097,0.18022612955574996,-0.18381152048395527,-0.1939523191222719,0.042168331575251586,0.06359800658138481,-0.09457811311104683,-0.07243253404771073,0.13642620505281083,0.031138532410337143,-0.01735102666041219
0.12741230689997027,0.2213993529136646,0.35984623883708056,0.21609934826166274,0.15459578550938818,0.252116090536488,0.15174076719681442,0.24468284218575986,0.19420351999606697,0.22542844226735176,0.26946223760939864,0.23190995584245613,0.15844234901715498,0.2504524321784053,0.5933904411056085,0.1408650208209787,0.24068346152894166,0.27416758916621875,0.08440837208895259,0.23771227525453584,0.1025406991276854,0.30727453040427377,0.2976692785590904,0.30962780311276267,0.2909110505043762,0.29205222272314385,0.2540378104560688,0.2606257248414785,0.3599700290347693,0.28006423528320007,0.22102698431921133,0.23004657702379616,0.18386069939296487,0.2792700309673601,0.2132945178844299,0.19027511087790863,0.23519080603690348,0.11767003808426524,0.3765360136800559,-0.0018044475338211705,0.29992375064004395,0.16025160722551793,0.25224153552325335,0.19747349917482626,0.10120472033343192,0.058883635536768744,0.30342148568745325,0.006124236496112306,0.396274891675383,0.4531269258785355,-0.3034785818326973,0.05258318653073473,-0.186885975579364,-0.022054730832256484,-0.0121822968025494,-0.03436908013609909,0.0033452986290129984,0.03555889150455907,-0.031339826951953996
0.12110663014884894,0.09040364649554335,0.1217225492254545,0.2598445089010839,0.27592489912200363,0.19629034636732087,0.2415338777836758,0.22126206216042693,0.1534918339622951,0.20831408624468983,0.18449143220802994,0.21272586779948838,0.16448270602195905,0.2955670146975474,0.1408650208209787,0.8097972648383139,0.2612068168695488,0.15247662240252063,0.121980732863168,0.20757146175392496,0.2121830956031644,0.34509364726963304,0.10339201387341933,0.1884160650975646,0.2784286591124139,0.10076599190816682,0.16634002275907306,0.27233610834873284,0.29879072004581575,0.31071343825122494,0.1764504340712686,0.2772305806163294,0.13210887272804758,0.3343871258878022,0.45476240392601724,0.23298566116541966,0.3076462875764567,0.198848498211534,0.12465089519869561,0.05060488023290964,0.26694797350825716,0.25241496822947873,0.23323280553125456,0.1897137998913473,0.17263611633322065,0.0861435267172625,0.26298178195643185,-0.010330905103213038,0.3600153013251731,-0.0370190326078383,-0.27081550280885414,0.10576644991950564,0.028953779869518387,0.04792759024971275,-0.027956271665293478,-0.07170916941094564,-0.050308769306741864,-0.01968631475719852,0.14416901314781458
0.1388720429989644,0.1754649529037474,0.3533456667707097,0.23693238733231853,0.14923134667763874,0.26421436730738856,0.19612652668895397,0.30050776628917214,0.15050510153380622,0.23866930211988394,0.25382766973869914,0.1927271027779912,0.1803138491439638,0.2466132792756493,0.24068346152894166,0.2612068168695488,0.6280297394313485,0.25897561736656277,0.11110481609111358,0.18964850379800777,0.16020342457508133,0.588424123121932,0.31545566084960464,0.25982402594055115,0.2889831436008661,0.20908241162497915,0.18595563201390922,0.43937215224052356,0.21489116732751404,0.33092882915918437,0.20351261109813645,0.24798479027134798,0.3927910537565608,0.2472499809698432,0.3339309024417776,0.2676673169933768,0.2967151954416556,0.2252377938952214,0.1850163088143322,-0.035486010033796145,0.31002295319293194,0.27655202908068716,0.14737104460762526,0.3422668115430227,0.15085270415713942,0.17477750425700145,0.34209767197698837,-0.008669241265174642,0.4204421269051857,0.3029849222757741,-0.12598936636647587,-0.12348610658956594,-0.11252946211568346,-0.015096356673059072,-0.1676234450770206,-0.1408281358632959,-0.04590739363420175,0.13108098473183302,-0.019274263393290126
0.12608437014384222,0.17481410807261955,0.3026476431403227,0.2652854071475872,0.18311097207883817,0.19543287081968488,0.15824907336291913,0.26757561829228993,0.13373685690019577,0.28954346285576055,0.22101374585663294,0.1131015268990205,0.19271894454223615,0.17456606239740471,0.27416758916621875,0.15247662240252063,0.25897561736656277,0.887076901098564,0.11187429266168737,-0.10355070489550719,0.2549867624486556,0.3559586929391217,0.6504722230488826,0.31212841345348635,0.30073226415671644,0.4157522437441473,0.07961774354234927,0.2285356075190037,0.3863789797247099,0.17879635870950442,0.26822494248980167,0.1987663080580195,0.2692535542280889,0.32402813837649413,0.15541269518603565,0.25888982029380125,0.17005968188706827,0.0930502347906106,0.36381414611786367,0.14801732938696674,0.4417991948206179,0.1374771542518773,0.20206026370274313,0.23575388415551984,0.44301374385692455,0.1846715555763289,0.4980798496958433,-0.006792929283128525,0.17378489430928923,0.40303892519733514,0.289158104717168,-0.45518202005962505,-0.17027208300752786,-0.04757629963029125,-0.05547089011867796,-0.08832955364157838,0.027054083153164998,0.1629704575674326,-0.18419027370451432
0.056550334674197865,0.03281924765724478,0.15112418741110398,0.09249306839784886,0.2043311404223447,0.1649513575347791,0.044123592249993064,0.1503428176779352,-0.03823489818650976,0.08289113844183742,0.0717798076451201,0.08479861834991456,0.1088222354170735,0.06194035906570986,0.08440837208895259,0.121980732863168,0.11110481609111358,0.11187429266168737,0.6385235286111933,0.04183684775071744,0.10209783057080073,0.1905517528067179,0.0028990451381930397,0.054609353355069834,0.08225323333148903,0.02697897819632845,0.048937285736427145,0.11216377043134751,0.09375595526196379,0.06976560203280685,0.1044901835928813,0.10787006463864303,0.12454129472976738,0.12274217124716232,-0.005472383454064295,0.171099493528904,0.10145384922667174,0.14355533586221222,0.15292973092865084,0.04779208825401363,0.16234262162702337,0.0748516070398913,-0.005846613261645289,0.149468072686258,0.10516029557958967,0.17694775981641472,0.10510207031660308,-0.00011327160646894513,-0.10334506443876297,-0.030174508543862964,0.2695297766985488,0.1733230505459518,-0.18967217654636445,-0.08259183040166518,-0.0669488650267243,-0.06753489444834587,0.018227150741709337,0.03997817963711163,0.022136988419510933
0.09346988752973474,0.06883695592858315,0.279116262687653,0.14418463384456015,0.09826315669638414,0.2365666988688845,0.1400739924130775,0.22082592972581833,0.13346696568012983,0.23416769297627285,0.23385450088518267,0.2380650158048429,0.10663323555673904,0.20031730769934175,0.23771227525453584,0.20757146175392496,0.18964850379800777,-0.10355070489550719,0.04183684775071744,1.8895910513835616,0.01975727775057642,0.05380200962446162,-0.10583765994848834,0.12415849269537871,0.22335820878641272,0.4021673852677089,0.48931615958371877,0.4365324979558786,0.06992920904406764,0.19669743195635175,0.22035891548872422,0.19223145601775046,0.40008048123948137,0.30779752173932734,0.3652290955475991,-0.12220570124937336,0.5299184940507083,0.17727259469423223,0.6956996393744646,0.1249792295638511,0.13481165006888912,0.1638831486049828,0.6900581650017099,0.1837583913132668,0.6561971513479369,-0.3550480607523869,0.14357872342340772,0.09794912568277982,0.9170688919420779,0.019607323231282583,-0.6589581056799051,0.4699322431719325,0.010019201996678375,0.014094198936544951,0.10772367578838295,-0.026803389392890422,-0.03329270779062548,0.04900894012586287,0.011550176222468898
0.13273363037957228,0.2754061941137269,0.1523669275784299,0.14674465649973414,0.10356543403173887,0.21624201337225746,0.15232373415901698,0.22503035450264028,0.10698281680596788,0.12866198593332664,0.1851387726735002,0.11833675166810322,0.18672234652839378,0.11776958780641747,0.1025406991276854,0.2121830956031644,0.16020342457508133,0.2549867624486556,0.10209783057080073,0.01975727775057642,1.8184259768135924,-0.33760957336366204,0.01936823615800398,-0.19815643999065435,0.2270755657019329,-0.9422642241693745,0.00021031061335201855,0.09118254718026768,0.4617887839681019,1.0177546773938426,0.11982016245573164,0.06865693827258174,-0.016156418075829158,0.2605588076645861,0.38318929827045123,-0.012279368801245517,0.37518888489416635,0.25457050549937893,-0.274479227214001,-0.29123395438093397,0.07487944137728615,0.14240242261401223,0.4120543807268129,0.3609452194167377,1.169138354990524,-0.3248282870657642,0.6765410761902794,0.04043929607265637,-0.9087020741790696,-0.25422048815487897,0.02196865496910821,-0.006409114629404635,0.20497910729945606,0.07478448213678034,-0.10062556549639769,-0.08026640393528811,-0.15442139178396547,0.2851170713660688,-0.12063480515324528
0.17287083067737485,0.012957949297496253,0.475324826130945,0.3404574703457839,0.22121787968954837,0.3064267708555023,0.2858925918111531,0.34064142574067535,0.22658090712830184,0.2800898326988804,0.26473606365876534,0.27254119230409796,0.22402201727389662,0.41349078315170534,0.30727453040427377,0.34509364726963304,0.588424123121932,0.3559586929391217,0.1905517528067179,0.05380200962446162,-0.33760957336366204,2.300853835334574,0.661776861430306,0.5330066923172229,0.4441573351430271,0.5970231274237128,0.3400741026838023,0.43727335655036625,0.21059651415228922,0.21926065688858154,0.2700879995409826,0.4772501061879231,0.6752903582711229,0.2734019857126262,0.21610449652348046,0.48197678142458467,0.31343504611195416,0.3689322303764493,0.438576542983525,-0.09237887543278384,0.42131008885996224,0.3493252046428541,-0.0750463926531795,0.8630713163977497,-0.5968161704596334,0.4895957791575521,0.27421305060352136,-0.19911228756172086,2.1682145670884414,0.3452789036340659,-0.19100662265125742,-0.28456222450648505,-0.12155272955587125,-0.06826343396027011,-0.13053608375617623,-0.11991631962226572,-0.024015426949960155,0.036350926148831654,-0.0008000960588886723
0.05935887022857614,-0.28420918682065455,0.36809499102780396,0.33336160110855356,0.1987066800410423,0.2110326908127142,0.22959189811177522,0.254460822721728,0.23951435515213468,0.26063271402634297,0.26021811891294533,0.18397154187135487,0.24843192500059505,0.2595780466417757,0.2976692785590904,0.10339201387341933,0.31545566084960464,0.6504722230488826,0.0028990451381930397,-0.10583765994848834,0.01936823615800398,0.661776861430306,2.1443967192129696,0.8329124757523418,0.5500619153301024,0.30495981792047716,0.08898298240857279,0.33014444598560316,0.9448291559749188,0.4231382479081172,0.09946030358172515,0.18729601118815722,0.5371561148980165,0.4479931228827355,0.19779673844685947,0.22430903968667024,0.42240969280706037,-0.0938513345082596,0.6906843724378843,-0.050407180257673906,0.34695250831769947,0.12745974996985915,0.1417099937460048,0.3044883928668328,-0.2989874648863524,0.4483329216733555,0.5459209367440493,-0.0002797946381506773,0.9362674943944228,0.44784211799663104,-0.18765901075274358,-0.20479970000584158,0.03704460765726422,-0.08375553832437536,0.0904425550099617,-0.04363004613989689,-0.14105505602165144,-0.12723673852153053,0.11087781569102466
0.035998468082773905,-0.1230812874401412,0.3633686234833382,0.2905891938027524,0.17152273649740715,0.2620640118057409,0.22080790714845389,0.23007021473307643,0.27474083262563753,0.21687099863164733,0.23143555858029272,0.21279396901830253,0.16812110185708015,0.2962344407956541,0.30962780311276267,0.1884160650975646,0.25982402594055115,0.31212841345348635,0.054609353355069834,0.12415849269537871,-0.19815643999065435,0.5330066923172229,0.8329124757523418,1.451241725065219,0.4050154585404706,0.18507293668067581,0.14345230793969893,0.3229405536428205,0.9320600147784658,0.49641224158149067,0.38712907033947164,0.24052552477196137,0.5511018377958644,0.15243871485370744,0.06972031492659471,0.4883378485863789,0.3501611259047337,0.05445707384354932,0.3517523627664255,-0.15964446417608688,0.14270684888693771,0.16362592786078162,0.09761647540390786,0.10267259315916726,-0.37528864199593737,0.28144448717791165,0.3943247280922987,-0.0034795242619344536,1.005274755469549,0.31296410334475133,-0.5487983749586283,0.18253139436227944,0.014702995622543773,-0.059631946969168945,0.11138302257728575,0.020574309783229043,0.15664590439537066,-0.3987874779901192,0.14363206503012718
0.11044148857674761,0.10041306393863796,0.33177123138509373,0.26622390561391124,0.18675784568566298,0.2788339603357293,0.1837509369259352,0.3040482823172657,0.1798538859031872,0.25056465694596586,0.2526533889016924,0.2556243406097327,0.19286563855406702,0.27996846668504854,0.2909110505043762,0.2784286591124139,0.2889831436008661,0.30073226415671644,0.08225323333148903,0.22335820878641272,0.2270755657019329,0.4441573351430271,0.5500619153301024,0.4050154585404706,0.8393417167221867,0.12258841449387076,0.23180305851849858,0.2339083548573796,0.8792804023961838,0.5307889271967015,0.2538047379381665,0.25112801064991064,0.21510893041166998,0.45474520530778817,0.28199216623945156,0.2617902138939792,0.40189054063184204,0.22354104141753556,0.3423142181569521,-0.014982280051123219,0.3249393730855881,0.21366593019278057,0.3363790469803797,0.2513858657390239,0.17453805269752137,0.2854600594391945,0.4514131078631827,-0.005005009050187242,0.35049855956735454,0.07969618937925585,-0.27830187361672226,0.04303154301031083,0.04609067096332544,0.008116563394144906,-0.04197235553521466,-0.09427944003016253,-0.05052353780579061,0.09118492959026896,-0.004495084527145928
0.08389554243984523,-0.11072938257003836,0.30567527008200523,0.21378325199963505,0.17233329127208738,0.1417506452256629,0.1347219008682229,0.22810331731022707,0.2312179009237441,0.3798950426153144,0.2406829967825822,0.15766225900230774,0.1817674059619897,0.3348375264278162,0.29205222272314385,0.10076599190816682,0.20908241162497915,0.4157522437441473,0.02697897819632845,0.4021673852677089,-0.9422642241693745,0.5970231274237128,0.30495981792047716,0.18507293668067581,0.12258841449387076,2.8577682507163287,0.3445739217995829,0.14465843326095215,-0.5309181059924059,-1.0768492903368572,0.2720434611120673,0.45009561260960246,-0.00751709149273425,0.4140811588741053,0.22991540863819385,0.25933873318292483,-0.4557397468468824,-0.07241847719581708,1.0275507103957815,0.964759318485762,1.073822647132343,0.25728381159473357,0.118887378055169,0.12084054010097012,0.6450238781513473,0.12981642127248794,-0.29977783934264324,0.02603884046083369,1.4791766466757488,0.46238334092417693,0.5962777565182351,-0.752433486687328,-0.26655362612326755,-0.06497107917735521,-0.0318381073034493,-0.10161199351075338,0.09884191087547951,0.1821845247872734,-0.20011683379254458
0.10920665539542314,0.1980310167566601,0.22124940278776078,0.16020195383052124,0.11377124723308711,0.1999360363020736,0.1515221921023223,0.19332478725787136,0.1563758219439229,0.22439530080071723,0.18306026826490962,0.23721503417442813,0.12327902083579327,0.25488210164788244,0.2540378104560688,0.16634002275907306,0.18595563201390922,0.07961774354234927,0.048937285736427145,0.48931615958371877,0.00021031061335201855,0.3400741026838023,0.08898298240857279,0.14345230793969893,0.23180305851849858,0.3445739217995829,0.8984289744424124,0.2578437789166428,0.05956478622598428,0.18769824650687128,0.23666476414964804,0.297295917427348,0.2496850528662441,0.28488524069636095,0.22611544517163276,0.26789339092556747,0.16381638841966017,0.16144351810616672,0.34454952316989607,0.09813139997129111,0.21648410869219145,0.18649889219442142,0.45446108941280317,0.2081757255042576,0.19673204072921663,-0.0797090412938766,0.15219766402251372,0.017251683693734695,0.7055651215690937,0.15356961677112244,-0.39773600197821946,0.19765968775093148,-0.04794927706618685,0.01242356753171757,-0.006762032714193086,-0.00799613815769478,0.12092769275846066,0.07103995590279985,-0.11001916882409883
0.13219513077507883,0.06959544693242768,0.27449520448421905,0.1433812133911167,0.04310239450474041,0.20674736667549948,0.1410491448330064,0.2412933888527096,0.1347368767473819,0.18066557809068157,0.1763932319630345,0.15128440187860923,0.14555292058783953,0.25223970868556006,0.2606257248414785,0.27233610834873284,0.43937215224052356,0.2285356075190037,0.11216377043134751,0.4365324979558786,0.09118254718026768,0.43727335655036625,0.33014444598560316,0.3229405536428205,0.2339083548573796,0.14465843326095215,0.2578437789166428,1.68699742831435,-0.20319743570182847,0.3825083200003915,0.2501295952073324,0.2584291125923991,1.0913892481343266,0.011579825447858868,0.8472581851409546,0.10345671646694796,0.31958791866789377,0.09231719570881686,0.5112573978699453,-0.04631279068127821,0.36661916256877897,0.18086702558245013,0.15787190239749432,0.4122584762919852,0.013082696328819601,-0.17282081558761503,0.35229581575646596,0.04266371165397115,0.547431916270418,0.5328140958605376,-0.6908697154454262,0.5571170443900058,-0.5112898701671943,0.02290950445701476,0.27972253441325695,-0.03481201080927796,0.09431129272055477,-0.22539764519894956,0.14271591473388479
-0.05241130525156915,0.06752049355984754,0.4027195453298534,0.32314787378398874,0.20161319042088624,0.3579509079041096,0.10681903802110759,0.2780067779437305,0.16590349153255224,0.27031910990755087,0.30711852116657584,0.2568250462541949,0.22410400656296386,0.11125065643703412,0.3599700290347693,0.29879072004581575,0.21489116732751404,0.3863789797247099,0.09375595526196379,0.06992920904406764,0.4617887839681019,0.21059651415228922,0.9448291559749188,0.9320600147784658,0.8792804023961838,-0.5309181059924059,0.05956478622598428,-0.20319743570182847,4.043327696833205,0.8351567418588476,0.023944788377787688,0.05270036078378499,-0.17677879313745845,0.8679861588504109,-0.24500763540251816,0.12974080375060407,0.7771889314314593,-0.11884336079753531,0.2331288881584945,-0.0466765389780688,0.10764794592930953,0.06565662605166447,0.34022990764810124,-0.8945860589441718,0.08837417397470786,0.906952016631956,0.6807438040037612,0.002299149388468209,1.0686951210758544,0.11405267103392755,-0.44178614109780445,0.379775491860164,-0.010540691594204133,0.05587609251220437,-0.15635440968053582,-0.14293391718349566,-0.4872783179585761,0.3526263603957963,0.12406547513080367
0.18297233503559213,0.19730916171943746,0.17187160633300508,0.2110292901157966,0.11519243887583848,0.29742832233977967,0.18805240251104824,0.3455918490761015,0.18306717298455322,0.18088587681416446,0.21791178136219105,0.21413443349397052,0.2008281309382763,0.3709027340783998,0.28006423528320007,0.31071343825122494,0.33092882915918437,0.17879635870950442,0.06976560203280685,0.19669743195635175,1.0177546773938426,0.21926065688858154,0.4231382479081172,0.49641224158149067,0.5307889271967015,-1.0768492903368572,0.18769824650687128,0.3825083200003915,0.8351567418588476,3.088101466954764,0.26884245077903857,0.2394725200148934,0.29458068811438226,-0.04011103632610353,0.7805895154921182,0.24762734668115718,0.9091081428433844,0.5975723049102293,-0.26903792211993216,-0.4056575307067469,0.6076090774724621,0.3673019077083502,0.8247107681988036,1.050767544890366,0.6439155264016571,0.02137748236685386,1.4372260179102283,0.03134012828035747,-0.27450372191037936,-0.004416633198067696,-0.4960852904758951,-0.08983119749326136,0.3103622173549737,0.13618399292383784,-0.09473532522406997,-0.17722909773895676,-0.06891199736480444,0.3964835578507317,-0.20467499933421435
0.12293284480386801,0.10407646705094428,0.24672717883754472,0.19850439979393183,0.1604272773686717,0.1915366240573222,0.1652634604510175,0.21220636867739515,0.1666868523751359,0.2185738009542497,0.17014873392835034,0.15227733971990334,0.1363323938075364,0.21958189044619758,0.22102698431921133,0.1764504340712686,0.20351261109813645,0.26822494248980167,0.1044901835928813,0.22035891548872422,0.11982016245573164,0.2700879995409826,0.09946030358172515,0.38712907033947164,0.2538047379381665,0.2720434611120673,0.23666476414964804,0.2501295952073324,0.023944788377787688,0.26884245077903857,1.0145651842810117,0.26424673852401354,0.33481765184304674,0.13760682647162598,0.1278590184760058,0.613964349819626,0.11950645327615353,0.33602941948241194,0.4148156018268229,0.08355624239634515,0.35891797122970076,0.20477458434296086,0.15757402216021174,0.3762145846263141,0.2932464185827638,0.051409842106531926,0.3068738798308387,-0.0011959524279479647,-0.16813111347317095,0.24691121268181598,-0.18490864104408342,0.004177728787096598,-0.07038772464584706,-0.04872770124487169,0.043998768172069484,-0.024601878761950916,0.2810182932483914,-0.20051043288096457,-0.0786125220201306
0.11925128483000401,0.10263933837168142,0.22497025078878716,0.22811289809100255,0.19161061786459094,0.22383704395468382,0.18951895893311219,0.24142508099709373,0.18529160866467498,0.2893294115839192,0.21729001618462576,0.27374702441920834,0.16458747190361883,0.43911033283695156,0.23004657702379616,0.2772305806163294,0.24798479027134798,0.1987663080580195,0.10787006463864303,0.19223145601775046,0.06865693827258174,0.4772501061879231,0.18729601118815722,0.24052552477196137,0.25112801064991064,0.45009561260960246,0.297295917427348,0.2584291125923991,0.05270036078378499,0.2394725200148934,0.26424673852401354,0.7038378998586267,0.09595575762430723,0.3670019193948459,0.30361225502644107,0.3749917833193205,0.025326990133968125,0.20423182438915044,0.39572626201872707,0.16760118856728573,0.49166033898411166,0.22771928101784858,0.1263901462897065,0.39787281716793477,0.2522033543712897,0.06930497814077428,0.27080702365022213,-0.01158280904847785,0.5228790179016152,0.09647358517835337,-0.05295203521137949,-0.024507278266611598,-0.15582926747999684,0.059992375903387594,-0.0898981641993223,-0.09225422524883109,0.32810350365358054,-0.02390870703938173,-0.13076719968559128
0.12588274039392808,-0.03841668745917288,0.2966049574201956,0.2455329970378057,0.07769692660000421,0.11460738307801256,0.16386154098584607,0.19107925718259072,0.11992068459896468,0.10713541942310773,0.11404844584594977,0.0767279975151754,0.16468260889253206,0.16974754758778196,0.18386069939296487,0.13210887272804758,0.3927910537565608,0.2692535542280889,0.12454129472976738,0.40008048123948137,-0.016156418075829158,0.6752903582711229,0.5371561148980165,0.5511018377958644,0.21510893041166998,-0.00751709149273425,0.2496850528662441,1.0913892481343266,-0.17677879313745845,0.29458068811438226,0.33481765184304674,0.09595575762430723,2.6400217952439924,-0.33856579553755767,-0.2170858177294338,0.07261402680126865,0.4030120538155179,0.33564617258858187,0.4811046449383554,-0.2748753647095863,0.1220626972085661,0.16957704053822423,0.19830647357237008,0.5858288777423252,-0.22016273871922537,-0.15460581144522997,0.4312293686540647,0.07090880973941528,0.5084648647189929,0.48912813184835047,-0.6211231560252952,0.25701626655959264,-0.045750482593623236,-0.21485198678176726,0.15682235621776616,-0.09664959052826098,-0.18431528816940498,0.09387558976091961,0.05347375089801608
-0.12835232620817677,0.125156662900393,0.3055929960545979,0.3214945909969254,0.3018233535519069,0.3047602243040876,0.20504492326644172,0.2909368522861777,0.13889988621969873,0.41229341830887734,0.2917253223360912,0.33799266652101945,0.19475503533786087,0.2769733208655949,0.2792700309673601,0.3343871258878022,0.2472499809698432,0.32402813837649413,0.12274217124716232,0.30779752173932734,0.2605588076645861,0.2734019857126262,0.4479931228827355,0.15243871485370744,0.45474520530778817,0.4140811588741053,0.28488524069636095,0.011579825447858868,0.8679861588504109,-0.04011103632610353,0.13760682647162598,0.3670019193948459,-0.33856579553755767,2.2461173904107947,0.30427769831394397,0.13780731724419082,0.18811688807635382,0.1180392340772112,0.5052334721424832,-0.05506587486452541,0.5316473820441868,0.2367510308270805,0.6936240606795301,0.4586288783855736,0.48249922231167547,-0.1119011535710756,0.29722845904727296,0.0448999132232862,0.7176939586054073,0.06970662239128284,-0.15720348532027786,-0.036450416342713725,-0.03452527412208844,0.0713638658781639,-0.2356692656393832,-0.06160163035171783,-0.16149112450724348,0.15308574280167894,0.1836791408542715
