1.7293698553878627,0.3418038221987436,0.8107659123870654,0.04668426349345009,0.3402358132884643,0.2825659734060159,0.5915716068205212,0.2669724708344833,0.3879672372805078,0.28866271760594214,0.3535507722134447,0.409499887329852,0.21331266314082778,0.37981813544372495,0.3829053510854416,0.3075575530806051,0.25050332515960466,0.3172564545713343,0.2840893572193388,0.2922012001021152,0.28543804703109815,0.13052314077397234,0.025126643428603712,0.04604256772204957,0.25728890751616024,0.41096772679894544,0.2933579497526459,0.3066336849651094,0.18362516471319534,0.22967865818463098,0.34714447909429264,0.34752218769503906,0.38516884367231546,-0.23720767733706088,-0.08035991503680265,0.29789571609849996,0.11633334032710395,0.1975377746870915,0.34647090695553984,0.08562920751747705,0.18877722579754388,0.2211724151330255,0.2984768988894871,0.09518048422386115,0.26875777250169514,0.29732980093243966,0.3226467992854007,-0.03695144398737261,0.8844738221396148,-0.12943621266400732,-0.004572983944980718,0.15646161164459002,0.12560308919896143,-0.11880526061003661,0.34336782114928766,-0.030134914950100417,0.5115050979388142,0.8749586010871674,-1.6545074475220454
0.3418038221987436,3.86933052980665,0.31642559614638155,-0.29797582916033033,0.05668037573285025,0.2539731217451521,0.02088415072997219,0.31275227856353593,-0.013145831347147151,0.1608888935209653,0.11712797084139628,0.14656390763922666,0.07492763599329014,0.023305228507668946,0.3481597362112551,0.11857862492009281,-0.026194132608761623,0.3333231943829015,-0.19077401732974836,0.3069331159518227,0.30478605096109573,0.04333874201870933,0.23728388428530517,0.013647571715504401,0.3145433874391317,0.282396770581032,0.13095752606485148,-0.01685533131156333,0.5395782115809978,0.13200922174675778,0.16172487923062318,0.11233124209294974,0.1044297069994624,0.19207442930082527,0.10860291146863402,0.17959869011858323,0.4603707672294757,0.16560198697498546,0.09801873510639328,0.19322065658463097,0.2333163189160295,0.19524423669874433,0.167142521083835,0.02884125316354586,0.24509039615131065,0.08742980886376256,0.21728702391039664,-0.017703374861099384,0.5228352920503235,-0.3141253712227492,0.18157008559668547,0.3026056597786,-0.16764362811195782,0.013006228112099543,-0.3953673485472637,0.03193956950312728,-0.11104622241711821,0.47450566104641356,0.0024038080315302167
0.8107659123870654,0.31642559614638155,2.474919434637825,0.22582463564928865,0.028903922096691393,0.5431746307333957,0.39353843992763676,0.6267726903038664,0.7238187046942243,0.5487429059566535,0.5560125882150031,0.4935978708052854,0.356125111874659,0.345590453698464,0.5590602921655027,0.3640611825330452,0.5516677487200584,0.5546332329731519,0.764287306357962,0.5428345638858559,0.41836736586826445,0.2088081356122205,-0.0014673119465386747,0.44785831260448017,0.37666329129280207,0.5021381554803444,0.41575688127732857,0.5520310557539546,0.48991883189132396,-0.14178218342927004,0.43072625026297046,0.37573889480671563,0.47562508380139346,0.25543458030698135,-0.1256356637323614,0.6521143993975711,0.612314811481055,0.30496628983223745,0.45517908883512376,-0.0741604001904593,0.19785164416770398,0.4177847528049595,0.16696665468329494,0.10721484828995252,0.4338174961977287,0.6398532016364086,0.25109994084728626,-0.07038567533626133,-0.0707916222993193,0.17408265454949354,-0.0939732206271261,0.47626026407346167,-0.0727689360706045,-0.3925648508766311,0.23482620259308853,-0.03397579736340434,0.3370570106416873,-0.25778667027099733,-0.3241453197875313
0.04668426349345009,-0.29797582916033033,0.22582463564928865,1.537628016819187,0.4398244978685511,0.3259578990762608,0.3565622935927874,0.23744707907413876,0.243108565858066,0.2525309204621142,0.2820677208980651,0.3297288842117577,0.20339950629016015,0.4920342318270875,0.33643961797077526,0.3478687790905055,0.2872762258893515,0.3071493495792809,-0.042656041487432884,0.29851748025929237,0.2427572565920135,0.24035622277911806,0.3205915013905966,0.26334418945168087,0.2981219906339212,0.3225743706271647,0.26519305293537937,0.128914527527474,0.3377613617403826,0.08868183144920132,0.1973828233187188,0.502308007262386,0.15953820317117157,0.49026322656112475,0.2081790108988524,0.3144968779363879,0.22521949634669455,0.17724606608799132,0.22502399095087236,0.11714917442356147,0.19885484695160782,0.31088237472914576,0.15056115725450886,0.22246664231778238,0.04230433933382947,0.06276870273339545,0.208820494353978,-0.006546448021549305,0.3833581953023348,-0.1351026527713006,-0.06415339469689195,0.26034805832658436,0.013859138878754071,-0.042434282763586684,-0.17106855863829573,-0.022318395026125884,-0.10030280557174627,-0.043745945420854054,0.25824604723685585
0.3402358132884643,0.05668037573285025,0.028903922096691393,0.4398244978685511,1.0704596765539227,0.3717060978111534,0.23126376937084825,0.10985134982907593,0.1725209640792129,0.14558299805317873,0.2026752614514845,0.2530244164158717,0.18425998128741722,0.2827789652129435,0.309558661275065,0.2861288863464297,0.12923471708844153,0.2422727299362682,-0.034023630534674894,0.20033435814204942,0.17374550042482195,0.1525824023556866,0.21502527865245605,0.1732343791464822,0.24342889543790555,0.3053811803941118,0.20486276872459205,0.08392527588023213,0.280310139854912,0.11987896637044432,0.16582109649413335,0.31836245918609235,0.08264075252276307,0.36372485519234865,0.15848409391485926,0.2319902246370007,0.14199841316727568,0.11393823432587996,0.11326446072311908,0.09523190672961637,0.15859562288760182,0.22733637139214102,0.11565080565415178,0.13706997767567494,-0.016764850223628478,-0.02912839956220766,0.19519727064073758,-0.0010471948930888433,0.6360813452154253,-0.20983187150063623,0.03267791919010788,0.008728219176708156,0.14786333173999805,0.07286784772178306,-0.0020492351928974016,0.0009753285524760129,-0.09230025514705524,0.013023953380991694,0.1169648347532815
0.2825659734060159,0.2539731217451521,0.5431746307333957,0.3259578990762608,0.3717060978111534,0.8769777849742002,0.1633338688292745,0.24914821359247785,0.24842121676757206,0.25098524435818764,0.2546784492279884,0.24623990188351802,0.20865478026040427,0.26587222881120676,0.35740743130164837,0.261192409226249,0.2579510176984938,0.3427415311540665,0.17559105112795284,0.3008406869386265,0.23852036689639203,0.20391477864980123,0.1880007334007591,0.28187351227294494,0.28876603379203153,0.36020155620634675,0.23970116039546419,0.24917459870931255,0.4925430655559029,0.03673945963297573,0.19241761584557557,0.34411896100860756,0.07077679739137015,0.36129406562323213,0.03183496806018876,0.3248121592563894,0.33470585694877536,0.15941419525523162,0.22278212287572924,0.03050004927561395,0.05622706817304183,0.24591813200400034,0.14181058699397195,0.1673129928683001,0.1881687222725531,0.06716136395510745,0.23826116579638443,-0.018218261298388255,0.6940741015282286,0.1856174733642944,-0.24733795718119483,0.19152583978416696,-0.19546205204685432,0.0007446254821063597,0.01670450355968052,-0.03288784831756269,0.038370316903705626,-0.03730863791750832,0.025408221332670004
0.5915716068205212,0.02088415072997219,0.39353843992763676,0.3565622935927874,0.23126376937084825,0.1633338688292745,0.7001248223996113,0.087161644076271,0.32623677768733395,0.19986654847855184,0.28109144295616556,0.34430320204468196,0.1708341178237683,0.17824338115621327,0.22842847773630293,0.25305764254714086,0.2106615300965866,0.2538994699845788,0.1744914886752501,0.21128223784012765,0.21416885578872535,0.1661793135731099,0.09325836106242723,0.16099835581639105,0.19703949758522596,0.29028598736380085,0.2212224965419493,0.17453889024746316,0.17529490062475847,0.060785854313364245,0.2161793145010334,0.2532597575324544,0.23408339550630491,0.11977248165967867,0.0034026380079194576,0.22867815466213934,0.11463361866056095,0.13183603260602753,0.24569985564520194,0.06820638142691872,0.12109854174232455,0.19534271834271386,0.1722821363128861,0.0902794688221374,0.12095575009411046,0.16289116528973727,0.17151110261750174,-0.018790299761294225,0.5291303550718006,-0.0792057573158822,-0.03014479628208437,0.1874526230873003,0.0314628473107261,-0.0818042143973953,0.19230386620120715,0.0633853087776,0.1615341843682925,0.2591101802839886,-0.6984738392507279
0.2669724708344833,0.31275227856353593,0.6267726903038664,0.23744707907413876,0.10985134982907593,0.24914821359247785,0.087161644076271,1.1024969470075208,0.05946146687980092,0.21200462882369348,0.38129724089864214,0.2531817513719445,0.20566374115570768,0.2649219992982458,0.4171465228096483,0.25716057581680163,0.3845311291695878,0.370400553394061,0.18783092039503632,0.4412158667186061,0.20796267095194046,0.10390770268138082,0.135922606859081,0.10624741893941433,0.3508703692331583,0.33841536147887163,0.2687577362757933,0.10732692423058125,0.3402519674516799,0.1300494847627687,0.19139443944817286,0.277969218712278,0.2771054087805315,0.3543084629140765,0.1752001931948489,0.21973655909566614,0.39922272458315605,0.23800155044402502,0.30122919479845534,0.11068874724451606,0.12151667995315171,0.3204912723085744,0.2169185061828785,0.06062657392474479,0.17961169686628178,0.3215454611838756,0.28697822462757183,-0.013564780758259334,0.674329066992338,-0.19043536339881068,-0.024874192670748464,0.46037749760771796,0.06987893023501233,-0.2872612281567777,-0.1384882917610333,-0.1076732995051062,0.0785709170183899,0.7556014916331967,-0.6935655515100339
0.3879672372805078,-0.013145831347147151,0.7238187046942243,0.243108565858066,0.1725209640792129,0.24842121676757206,0.32623677768733395,0.05946146687980092,0.9701413639617487,0.2994959233488487,0.33220601127677846,0.31341693795726555,0.2173464308498351,0.2744842657708522,0.29686169185632116,0.24864418847633088,0.34472146255000624,0.2568615880702527,0.4017220300699836,0.3147244063464342,0.27619576781398153,0.13821752866763123,4.860684274029588e-6,0.3585179084827485,0.16809780263618146,0.3859893110054029,0.2618770654172654,0.4045700207489114,0.16509756061463599,0.026656377123913992,0.34059871815858284,0.29553701225536483,0.3190656636028492,0.07212581407211245,-0.025108217979657364,0.39143662836148096,0.27277919907743575,0.19403579716381725,0.2754748452408836,0.0689843968221972,0.18441075603462412,0.2628364663217059,0.16240946085517358,0.07222980486486792,0.2721916955066522,0.2724645303345349,0.1444903529191992,-0.030534603794025707,-0.12224160633262846,0.03542991964497051,-0.032388827812563,0.23940002411414327,0.00546474558195755,-0.16260280552400044,0.14787701341837553,0.09221132518552203,0.29739940299066164,-0.3110849887110701,-0.2226719268970386
0.28866271760594214,0.1608888935209653,0.5487429059566535,0.2525309204621142,0.14558299805317873,0.25098524435818764,0.19986654847855184,0.21200462882369348,0.2994959233488487,0.5548743481478094,0.23341876659298474,0.18097673903207342,0.1939581015310574,0.22682707355353426,0.29262587167970794,0.20394552936159788,0.2699248982657899,0.2829359518722178,0.17256146133794412,0.2607619530251074,0.1967752347774749,0.14663335931252763,0.13519693254346585,0.25481299395296236,0.24656093383804123,0.22976655385396938,0.200240432566804,0.21528168746397577,0.2625082897064928,0.11815169170669845,0.2761804814936262,0.23960339553524213,0.16622193292013024,0.27334069754251333,0.15039305536809672,0.2934553984157169,0.3269877087871002,0.1535846380185701,0.2334125937448884,0.08842863211848276,0.23464302696367312,0.2371832034714576,0.13177759975989672,0.1005301132758039,0.13867764054404202,0.19705326402063011,0.2517163154816819,-0.022259505517950445,0.3444584211327071,-0.050605965760854056,-0.026884778253955112,0.1448946661070165,0.03439806432954768,-0.10455255194242191,0.09729131250586576,0.07631334449393531,0.17783593242944187,-0.28703278229676,-0.06779689053272082
0.3535507722134447,0.11712797084139628,0.5560125882150031,0.2820677208980651,0.2026752614514845,0.2546784492279884,0.28109144295616556,0.38129724089864214,0.33220601127677846,0.23341876659298474,0.47790608933818474,0.34779455756459643,0.19816495910557344,0.2491105668657129,0.37265466541342973,0.22712569633249136,0.31586420039448737,0.26419543459930406,0.13594124411571742,0.3789692345946467,0.2330393786597834,0.10937924162141845,0.10574048353341295,0.21666704225466346,0.2593930861873225,0.31381208249127734,0.26212680221660073,0.20676080498089358,0.2678235229277167,0.07613662942679558,0.2539574585582366,0.276532057077265,0.24536807678205436,0.23859914781104724,0.16365788506949575,0.28939715351309864,0.26336696866532694,0.2107353888935096,0.25828906507463517,0.11636991865798657,0.14775246679155848,0.27960223771643317,0.16659106543956775,0.0754161206001233,0.1911773840763868,0.24390876887979754,0.19010136669642924,-0.022784422127643138,0.28606838110453797,-0.17914375052144774,-0.03514883032393544,0.3089184505842773,0.09463665806869206,-0.16210584232518965,0.01210714490270609,-0.01848863005904543,0.1322555724573261,0.14422555890557334,-0.3239618634305606
0.409499887329852,0.14656390763922666,0.4935978708052854,0.3297288842117577,0.2530244164158717,0.24623990188351802,0.34430320204468196,0.2531817513719445,0.31341693795726555,0.18097673903207342,0.34779455756459643,0.7271745852972085,0.18329230380337438,0.27268797581666815,0.35857718052290155,0.2611403709488739,0.25754775838447236,0.21200377071628382,0.10655366959815067,0.29934360084586725,0.2180113824326247,0.10576116653937215,0.14226559294375682,0.15686310251933563,0.2794709714008098,0.31342389659755254,0.310617108513703,0.12953336311878372,0.2395207287538972,0.049919373515985854,0.16727774160785805,0.3236062389967091,0.25273001838314796,0.2184663171370153,0.07563885115324878,0.2882910821744601,0.11778244155044514,0.1682976021711045,0.24349330496608437,0.09543587525414109,0.12882515520311166,0.2529772552379573,0.1351490394230901,0.08662659095099991,0.07025073960712365,0.1396094284901555,0.17914816118829133,-0.018340385447261274,0.7113974835613699,-0.18505597366390275,-0.013434991273545152,0.23931488411249535,0.05178542348437437,-0.07191438178233492,0.08918156108062042,-0.016823495341793022,0.07282999638346063,0.29026037225839735,-0.4774948383775104
0.21331266314082778,0.07492763599329014,0.356125111874659,0.20339950629016015,0.18425998128741722,0.20865478026040427,0.1708341178237683,0.20566374115570768,0.2173464308498351,0.1939581015310574,0.19816495910557344,0.18329230380337438,0.3988078930169552,0.18012129579198446,0.15831533499559924,0.2256296465174968,0.19625662078266126,0.21396251596692056,0.2472723517507108,0.12514260798047355,0.14201228208215136,0.2549080476636937,0.025152787449551156,0.19922679645305053,0.1514320295528469,0.1844273244024986,0.1994208614874859,0.15857520763290564,0.2376220772778489,0.044929530228217496,0.12940151270619812,0.19564944639969745,0.16220534570892994,0.18178605749832133,0.17340065120055256,0.18977911911890138,0.17483798199505055,0.08382849454510284,0.15459694416244307,0.04999480921121871,0.10414638416351596,0.17301782565972043,0.08353228722759364,0.06375355266528061,0.018784442757754156,0.12182188545653432,0.1241969934170704,-0.013387987289246754,0.20777029931453278,0.11404954921493664,-0.02299474712250814,0.05240283471046826,-0.07311050334734484,-0.07142082305936566,0.02665116867602537,-0.06030935395276023,0.08835875919331741,-0.30482769918319247,0.23797921245947234
0.37981813544372495,0.023305228507668946,0.345590453698464,0.4920342318270875,0.2827789652129435,0.26587222881120676,0.17824338115621327,0.2649219992982458,0.2744842657708522,0.22682707355353426,0.2491105668657129,0.27268797581666815,0.18012129579198446,0.657844438270092,0.32347299764555254,0.30830450474285503,0.28478233722329677,0.17191812074044752,0.0826947648010374,0.3212204884007427,0.233490216228251,0.17081125928009702,0.17838082052518722,0.16735898903981916,0.2497085546056916,0.2729582035345526,0.2484541328219503,0.20255464744487364,0.2708511396270077,0.19666150025850695,0.2516695103896994,0.5380609288710928,0.19848713745632113,0.26154237978822875,0.11140285627803914,0.32296338290852195,0.25208880942415934,0.1962244733614579,0.2202582684546634,0.09865031835396357,0.24847053499025104,0.290076914553142,0.1830293260866324,0.135969568064359,0.10478991971574161,0.09032104793025716,0.2130328650937122,-0.006412678001022477,0.6132000745190963,-0.13647644834730124,-0.027133276082846797,0.1415245041455632,0.09045875861888387,-0.062834719597062,-0.10642423144297992,-0.043724012960576264,0.029742539367744746,0.19006970994346659,-0.09390416251558636
0.3829053510854416,0.3481597362112551,0.5590602921655027,0.33643961797077526,0.309558661275065,0.35740743130164837,0.22842847773630293,0.4171465228096483,0.29686169185632116,0.29262587167970794,0.37265466541342973,0.35857718052290155,0.15831533499559924,0.32347299764555254,1.2165139266752434,0.16855988774038613,0.24173111525550925,0.3084043840496653,0.06889823369894608,0.5521262054877968,0.2702315811324605,-0.15221908732947598,0.17525122638005344,0.2640665326312628,0.419066427714043,0.3446057303770204,0.28038269489913115,0.3193507895772934,0.3603633467273968,0.22540593918777643,0.3090280180791242,0.30251108925480363,0.26903614433417977,0.36790055533995936,0.09698566523787262,0.3837962930408714,0.3757939066395595,0.2938886638328709,0.22055442184299964,0.10822379404714177,0.25318924644184493,0.30883408000478973,0.23049015765978015,0.11491170470416373,0.17290494574458057,0.3078842312750711,0.27966464191930956,-0.03287480837289788,0.4927354379218002,-0.4384339933426503,-0.058514497527672814,0.507198059491481,0.16040285607617413,-0.16093378375631098,0.13972410910014826,0.05498644341555323,0.005179059122563659,0.2735462152750525,-0.43425096113498063
0.3075575530806051,0.11857862492009281,0.3640611825330452,0.3478687790905055,0.2861288863464297,0.261192409226249,0.25305764254714086,0.25716057581680163,0.24864418847633088,0.20394552936159788,0.22712569633249136,0.2611403709488739,0.2256296465174968,0.30830450474285503,0.16855988774038613,0.783768559061278,0.2518986378849589,0.270445138751263,0.16919437870984605,0.18193509530576407,0.1842753190663945,0.21265509446488665,0.14668152194835318,0.21419071589135497,0.2461399187204315,0.2335970205013198,0.29294016509260423,0.173342473715719,0.253269013946947,0.16850103431875324,0.18877136520954055,0.30047339668704626,0.1422901355003151,0.24205696598702464,0.23821839337536319,0.27203245357834926,0.23088801145773438,0.12064759064706904,0.17866061396029248,0.1102669461196403,0.20466678510455935,0.30439445489355654,0.1813047549515319,0.13299843346654508,0.10541182345024619,0.06911347493202269,0.2142856890206827,-0.01561527640524973,0.3997966594155931,-0.1796535490189039,-0.05100299975939744,0.09835559334342965,0.053304265282870814,0.003242201028699072,0.006577135908971004,-0.04108969234785844,0.024600865461708674,-0.039519749211228146,0.05006517105340798
0.25050332515960466,-0.026194132608761623,0.5516677487200584,0.2872762258893515,0.12923471708844153,0.2579510176984938,0.2106615300965866,0.3845311291695878,0.34472146255000624,0.2699248982657899,0.31586420039448737,0.25754775838447236,0.19625662078266126,0.28478233722329677,0.24173111525550925,0.2518986378849589,0.8387785836008672,0.137275512540508,0.32324607965123303,0.4862155996636958,0.3143936753923596,0.20895560658453943,0.056183631142553384,0.21451521860354866,0.27080691393080203,0.1695595450216026,0.28391583204239884,0.49705678242926815,0.29048752392503663,0.1929139066486836,0.36992979293628814,0.30750829389096596,0.357589372217399,0.26314524859352917,0.17703475476000316,0.41038432460026947,0.5853643144490923,0.2847639882165373,0.43339734077530995,0.14342531082887686,0.23291900355995737,0.40543728239027305,0.19987464828677765,0.12371214317337033,0.4331876363208813,0.2305529451274213,0.21427019096852618,-0.01995334230867355,0.3337549930516592,0.22706913633469628,-0.09451661785538626,0.23600695033181543,-0.10575769851821151,-0.19294372331199525,-0.14016872784853637,-0.017352103619471024,0.05217422455757101,0.04070448536312233,-0.1455691086396608
0.3172564545713343,0.3333231943829015,0.5546332329731519,0.3071493495792809,0.2422727299362682,0.3427415311540665,0.2538994699845788,0.370400553394061,0.2568615880702527,0.2829359518722178,0.26419543459930406,0.21200377071628382,0.21396251596692056,0.17191812074044752,0.3084043840496653,0.270445138751263,0.137275512540508,1.0778339480454662,0.18657132423930156,0.10877263446109323,0.23193939610691308,0.24229675977642504,0.27258285772753826,0.2569406707053129,0.2832355763056197,0.33881768193085865,0.1959055003480041,0.10235823011556183,0.4249688891075453,-0.027459874225799572,0.16871990554887986,0.19397385938927492,0.17971447011637312,0.2851573290290761,0.03155410792877233,0.3007958073036422,0.34227536326581964,0.07772356882548997,0.1520932814586923,0.059789862859888354,0.15300615393555334,0.20128175416167976,0.1577811752259338,0.03246106578337897,0.1068691911426755,0.23462815746744464,0.4236322189462967,-0.033968499067658274,0.26325553106592126,0.17293521367943332,0.06828355547129758,0.08366870818148744,-0.19960262076874122,-0.10131450533276837,0.09448557076006428,-0.0551091661979376,0.07581359341711388,0.024594312817740577,-0.14187184810808603
0.2840893572193388,-0.19077401732974836,0.764287306357962,-0.042656041487432884,-0.034023630534674894,0.17559105112795284,0.1744914886752501,0.18783092039503632,0.4017220300699836,0.17256146133794412,0.13594124411571742,0.10655366959815067,0.2472723517507108,0.0826947648010374,0.06889823369894608,0.16919437870984605,0.32324607965123303,0.18657132423930156,1.745906485973144,0.2081188568517905,0.2282500638573632,0.1514898786531436,-0.5419643707223567,0.20088897367803218,0.03329611544415237,-0.0005931663110471993,0.16455384855087543,0.5441793836083195,0.15390506773146095,0.12152021178328244,0.2387614019732109,0.03477152987648854,0.4035394976625559,-0.0643234859590006,-0.1571967639254335,0.27402664066914445,0.5205509014109976,0.13704607339459382,0.4975414394551891,-0.05021202955132363,0.11498365795026333,0.12414481837527366,0.07999407041119515,-0.0238102932071466,0.30792254243582934,0.3416849360747577,0.15115262831886533,0.002224011815623194,-0.2281095108105713,0.9924301718299096,-0.0760374010731015,-0.06120259129244328,-0.4446681552568381,-0.2748885353045584,0.1387863275287577,-0.02869738876224608,0.1817399214837898,-0.11271388436339254,-0.1511416019712627
0.2922012001021152,0.3069331159518227,0.5428345638858559,0.29851748025929237,0.20033435814204942,0.3008406869386265,0.21128223784012765,0.4412158667186061,0.3147244063464342,0.2607619530251074,0.3789692345946467,0.29934360084586725,0.12514260798047355,0.3212204884007427,0.5521262054877968,0.18193509530576407,0.4862155996636958,0.10877263446109323,0.2081188568517905,1.6960009142986026,0.32865916652374727,-0.16898006513406405,-0.13048383646242415,0.1977170949171771,0.4109908607794881,0.3045691874771281,0.4443671616525124,0.42620585009919815,0.47272702636139785,0.5536014403728614,0.6142212136215471,0.33493168318873695,0.418340695779213,0.4956042516179985,0.40372688983625116,0.31963097426379283,1.1235392007377507,0.8258316428266407,0.5484769918009843,0.34640464718894937,0.47961084517693,0.6355464355967707,0.48069954917040825,0.1370423531943101,0.6695059497567751,0.35293666101151533,0.42309357336624837,0.0028008732280783897,1.1429537308991047,-0.3291716443318382,-0.1305017652573004,0.4364260095651452,0.18613941787145305,-0.2449123131672978,0.06569868122634401,-0.033980625893101996,0.103290108860629,0.27668260917986565,-0.35798926576524887
0.28543804703109815,0.30478605096109573,0.41836736586826445,0.2427572565920135,0.17374550042482195,0.23852036689639203,0.21416885578872535,0.20796267095194046,0.27619576781398153,0.1967752347774749,0.2330393786597834,0.2180113824326247,0.14201228208215136,0.233490216228251,0.2702315811324605,0.1842753190663945,0.3143936753923596,0.23193939610691308,0.2282500638573632,0.32865916652374727,0.4578335205224912,0.2163672940889524,0.20803821913042392,0.16672335953305104,0.23131871058505762,0.17686248634725044,0.19775129093095392,0.20881653412953774,0.3363921487722675,0.19814597754905294,0.3504931953824251,0.2516043288015032,0.3058831766736976,0.19359674116631395,0.09157571775775601,0.3811251885776587,0.4053591446820273,0.21030712303420493,0.41911773397582436,0.19743531053203142,0.22914862863966412,0.2914961748297501,0.2548953125845361,0.12458015474142743,0.3850197236157057,0.16264810007864827,0.22076712149570613,-0.016636575090007693,0.29571465954627746,0.141730581400857,-0.07468681072643624,0.16421212681189581,-0.079139980967447,-0.11025751462118202,-0.01538112653750802,0.006849295914957454,-0.08113947769310356,0.13892266541800924,-0.10095763441700685
0.13052314077397234,0.04333874201870933,0.2088081356122205,0.24035622277911806,0.1525824023556866,0.20391477864980123,0.1661793135731099,0.10390770268138082,0.13821752866763123,0.14663335931252763,0.10937924162141845,0.10576116653937215,0.2549080476636937,0.17081125928009702,-0.15221908732947598,0.21265509446488665,0.20895560658453943,0.24229675977642504,0.1514898786531436,-0.16898006513406405,0.2163672940889524,1.0858259589138657,0.6440301515534614,0.11648935885931772,0.19867107632905423,-0.02670294863436601,0.10144508083181857,-0.14385648351663696,0.37951409529274155,0.09987426195385828,0.18064975439317382,0.24431501262278724,0.1284004328847281,0.2731494496784549,0.1628927004870785,0.234621920701055,0.1817372905198501,-0.019592163009424485,0.39027636532966364,0.13300668718699146,0.026708774432081982,0.14492790708495792,0.1481372119821799,0.1464526215381453,0.09739316258958228,0.05713256439022916,0.16452156336145488,-0.0054477040595134335,0.2511108765658943,0.3181723552066246,-0.07400849778043937,-0.05714161084367222,-0.21387086520847573,-0.04120248667050627,-0.1185811387422687,-0.030154621438442858,-0.021421820671887977,-0.20110247933448155,0.2427450088735741
0.025126643428603712,0.23728388428530517,-0.0014673119465386747,0.3205915013905966,0.21502527865245605,0.1880007334007591,0.09325836106242723,0.135922606859081,4.860684274029588e-6,0.13519693254346585,0.10574048353341295,0.14226559294375682,0.025152787449551156,0.17838082052518722,0.17525122638005344,0.14668152194835318,0.056183631142553384,0.27258285772753826,-0.5419643707223567,-0.13048383646242415,0.20803821913042392,0.6440301515534614,1.986348668667621,0.1296208292948824,0.5768343626771073,-0.12496484929541843,0.03149886776006982,-0.6730261092424423,0.4959734429344596,0.2879203201631856,0.20882722226003989,0.2091721229013241,0.09794302097536026,0.46852175673833973,0.12140519756223568,0.42739031618687345,0.26089017827336386,-0.01564197599088425,0.45302926100335167,0.2846670294313699,-0.02020580889576167,0.20405548768390866,0.1145133484629039,0.30340835263562616,0.042746034184259506,0.08240040587514928,0.2666257773447468,-0.015159572270139279,0.4456394260889532,-0.05848145508563042,-0.13438585334403724,0.24223802744344936,-0.054964962876571044,0.026113384059732774,-0.20015971556537782,0.03919605008998442,-0.15158667180580845,0.003218188031912127,0.14855217323341816
0.04604256772204957,0.013647571715504401,0.44785831260448017,0.26334418945168087,0.1732343791464822,0.28187351227294494,0.16099835581639105,0.10624741893941433,0.3585179084827485,0.25481299395296236,0.21666704225466346,0.15686310251933563,0.19922679645305053,0.16735898903981916,0.2640665326312628,0.21419071589135497,0.21451521860354866,0.2569406707053129,0.20088897367803218,0.1977170949171771,0.16672335953305104,0.11648935885931772,0.1296208292948824,0.9907643665120941,0.2140381617684713,0.22920556345733392,0.16722456884430464,0.2366810069345702,0.2491058541803657,0.041677719914536705,0.1233365777112688,0.16955096425028884,0.16642512827701003,0.13091560465610153,0.1742947615671353,0.35796180916109765,0.18264462733708592,0.11860314577836577,0.061432949190008225,0.03578830040332192,0.14335540292782628,0.20972155816743274,-0.012101046111662248,0.08230677193320948,-0.032648218682111624,0.10781217836886615,0.06634734455711873,-0.026001750242450092,-0.3228551722700444,-0.016091818568146177,-0.08357735020191298,0.19543155395987843,-0.01842528314677364,-0.08175346520871908,0.13609743342668074,0.04529900550959894,0.10197616102845149,-1.493563722614265,1.2585410363841787
0.25728890751616024,0.3145433874391317,0.37666329129280207,0.2981219906339212,0.24342889543790555,0.28876603379203153,0.19703949758522596,0.3508703692331583,0.16809780263618146,0.24656093383804123,0.2593930861873225,0.2794709714008098,0.1514320295528469,0.2497085546056916,0.419066427714043,0.2461399187204315,0.27080691393080203,0.2832355763056197,0.03329611544415237,0.4109908607794881,0.23131871058505762,0.19867107632905423,0.5768343626771073,0.2140381617684713,1.3178516159075528,0.125736846809477,0.231079461187548,-0.020004017459377344,0.5348063160932656,0.4139983790700638,0.2561079231562689,0.3053371273332043,0.21093215296289977,0.5337943123076042,0.34275453576205606,0.36419764347490396,0.5507154801985936,0.25739252230382664,0.38827339777788883,0.21184651223411305,0.21272613487405279,0.3544492391430352,0.24634867398595064,0.17987333550340442,0.2610221687055386,0.22249572970887763,0.3654965681165335,-0.04448267496821392,0.7859517689105521,-0.41397786933250325,-0.0602529961079782,0.33451662130115184,0.1330327337913096,-0.09642800763276989,-0.04657525921470367,0.06883999785315434,0.051825133389674496,0.08740662247900989,-0.2327844184410129
0.41096772679894544,0.282396770581032,0.5021381554803444,0.3225743706271647,0.3053811803941118,0.36020155620634675,0.29028598736380085,0.33841536147887163,0.3859893110054029,0.22976655385396938,0.31381208249127734,0.31342389659755254,0.1844273244024986,0.2729582035345526,0.3446057303770204,0.2335970205013198,0.1695595450216026,0.33881768193085865,-0.0005931663110471993,0.3045691874771281,0.17686248634725044,-0.02670294863436601,-0.12496484929541843,0.22920556345733392,0.125736846809477,1.5182446657365316,0.24756944654402485,0.2605414999960261,0.02518783229904877,-0.24977041779938214,0.11236887042169087,0.3377210199258571,0.1701950317311388,0.18465837388594822,0.2585563182006025,0.1251914389740927,-0.17735796059219433,0.1754318702275896,-0.3777784136970958,0.0638561535904032,0.2358798225131985,0.33967458981698545,0.26645308116750954,0.0008887038236305698,0.07545875771342546,0.022026062404387106,0.05054406017454191,0.0025551130849017652,0.601539678097904,-0.1092239902624738,-0.023164356062997115,0.16682123569530563,-0.07587371894752558,0.004425576579465327,0.10767614437611445,-0.016026277170341538,0.2123833264036611,0.22913234945573516,-0.46947244824059225
0.2933579497526459,0.13095752606485148,0.41575688127732857,0.26519305293537937,0.20486276872459205,0.23970116039546419,0.2212224965419493,0.2687577362757933,0.2618770654172654,0.200240432566804,0.26212680221660073,0.310617108513703,0.1994208614874859,0.2484541328219503,0.28038269489913115,0.29294016509260423,0.28391583204239884,0.1959055003480041,0.16455384855087543,0.4443671616525124,0.19775129093095392,0.10144508083181857,0.03149886776006982,0.16722456884430464,0.231079461187548,0.24756944654402485,0.5859825272508078,0.2581227426835938,0.20637320271547602,0.17479692369324557,0.2518296969317178,0.3510479403423714,0.30480673360027766,0.24190385652746116,0.18869751044201388,0.3104076992181571,0.3418313371928314,0.2416154302213053,0.21576509840254818,0.0979079918769633,0.2159553526252942,0.31151860806243836,0.24547940983640154,0.0932108941328887,0.15928518975895758,0.12854285841294666,0.19681753335210947,-0.011098335820623148,0.5869136457233839,-0.11635517006020059,-0.05135210771969665,0.23999338376536625,0.008728733461205776,-0.08866388505409453,0.058767455586315014,-0.03718179159085597,0.08182900513611993,0.03593854400559273,-0.12476517743767851
0.3066336849651094,-0.01685533131156333,0.5520310557539546,0.128914527527474,0.08392527588023213,0.24917459870931255,0.17453889024746316,0.10732692423058125,0.4045700207489114,0.21528168746397577,0.20676080498089358,0.12953336311878372,0.15857520763290564,0.20255464744487364,0.3193507895772934,0.173342473715719,0.49705678242926815,0.10235823011556183,0.5441793836083195,0.42620585009919815,0.20881653412953774,-0.14385648351663696,-0.6730261092424423,0.2366810069345702,-0.020004017459377344,0.2605414999960261,0.2581227426835938,2.0203105339727,-0.07370623506884141,5.694957074838402e-5,0.3399343286638835,0.20326097153054562,0.4327555445099902,-0.11158693354015717,-0.3994751074905262,0.47803433009070356,0.37131601770646644,0.2504507484283696,0.11713261988833366,-0.15175672163217568,0.4270609623823877,0.09585258185672416,0.2542830034857524,0.192204172305392,0.22115407496670814,0.0032502090596238874,-0.0037310949861191762,0.010975220165699158,0.10597443753797431,0.019829613787625353,-0.030512924081023702,0.26967671750372385,-0.1851323917554667,-0.10602792522852815,0.2659052835367546,-0.004589206635995662,0.14712029339287927,-0.25042973522289536,0.15173714294341265
0.18362516471319534,0.5395782115809978,0.48991883189132396,0.3377613617403826,0.280310139854912,0.4925430655559029,0.17529490062475847,0.3402519674516799,0.16509756061463599,0.2625082897064928,0.2678235229277167,0.2395207287538972,0.2376220772778489,0.2708511396270077,0.3603633467273968,0.253269013946947,0.29048752392503663,0.4249688891075453,0.15390506773146095,0.47272702636139785,0.3363921487722675,0.37951409529274155,0.4959734429344596,0.2491058541803657,0.5348063160932656,0.02518783229904877,0.20637320271547602,-0.07370623506884141,2.0790790565315045,0.2763697524941902,0.16730536880356703,0.2984922713112851,0.10050949348248414,0.6538410220215091,0.22709028762270173,0.5612768527469459,0.5730044502393095,0.20190594116097554,0.42462403442471147,0.18575527186743232,0.25979624243475113,0.33579751685496045,0.00479906933815888,-0.00349717719520136,0.25031723329889577,0.31506543485141636,0.3254701598461529,-0.10697132287068048,0.8536339401691163,0.4742381057262572,-0.27206153114068315,0.018811809528989767,-0.2604494292475009,0.020959868050034913,-0.11268655515207557,-0.07230953959256171,-0.3351486829191456,0.013723220985494241,0.4681434753506002
0.22967865818463098,0.13200922174675778,-0.14178218342927004,0.08868183144920132,0.11987896637044432,0.03673945963297573,0.060785854313364245,0.1300494847627687,0.026656377123913992,0.11815169170669845,0.07613662942679558,0.049919373515985854,0.044929530228217496,0.19666150025850695,0.22540593918777643,0.16850103431875324,0.1929139066486836,-0.027459874225799572,0.12152021178328244,0.5536014403728614,0.19814597754905294,0.09987426195385828,0.2879203201631856,0.041677719914536705,0.4139983790700638,-0.24977041779938214,0.17479692369324557,5.694957074838402e-5,0.2763697524941902,2.4595722088669323,0.4358904121537537,0.11026986363068964,0.4179880407513364,0.1140788418714293,0.7667051964692659,0.37677550959001455,0.8514611527836481,0.34490752766981486,0.637637128279054,0.25661118252667403,0.6476684909934995,0.38006177666558194,0.764840821969984,0.2809213459759014,0.341078699764911,0.010301983600186249,1.0323919925493656,0.003502062897330207,1.810357750269162,-0.27472044478594904,-0.08616988772469909,-0.340199564717929,0.40576361565000413,0.034883725041582284,0.24995226084342703,-0.09217965134070609,-0.03809930598218966,0.7364975193974727,-0.7775742146595765
0.34714447909429264,0.16172487923062318,0.43072625026297046,0.1973828233187188,0.16582109649413335,0.19241761584557557,0.2161793145010334,0.19139443944817286,0.34059871815858284,0.2761804814936262,0.2539574585582366,0.16727774160785805,0.12940151270619812,0.2516695103896994,0.3090280180791242,0.18877136520954055,0.36992979293628814,0.16871990554887986,0.2387614019732109,0.6142212136215471,0.3504931953824251,0.18064975439317382,0.20882722226003989,0.1233365777112688,0.2561079231562689,0.11236887042169087,0.2518296969317178,0.3399343286638835,0.16730536880356703,0.4358904121537537,1.4168137667876883,0.2551448820279914,0.3055989296126214,0.24975699100688198,0.36929227339999005,0.7110680126541856,0.7469203761527471,0.3866643685362789,0.49943708162826,0.23587922070189657,0.42434362388786395,0.3941785072829613,0.08510344936657081,0.16237889694825383,0.4385076054520783,0.30992180675186953,0.350653688207171,-0.0235499633070687,0.7664327643443908,-0.00522711683920812,-0.10773743317771589,0.21762638283211888,0.08530355065102091,-0.21200887779893138,0.07786155561979452,0.12021971289886677,0.4260935485760867,0.031917049933002,-0.6485077951663841
0.34752218769503906,0.11233124209294974,0.37573889480671563,0.502308007262386,0.31836245918609235,0.34411896100860756,0.2532597575324544,0.277969218712278,0.29553701225536483,0.23960339553524213,0.276532057077265,0.3236062389967091,0.19564944639969745,0.5380609288710928,0.30251108925480363,0.30047339668704626,0.30750829389096596,0.19397385938927492,0.03477152987648854,0.33493168318873695,0.2516043288015032,0.24431501262278724,0.2091721229013241,0.16955096425028884,0.3053371273332043,0.3377210199258571,0.3510479403423714,0.20326097153054562,0.2984922713112851,0.11026986363068964,0.2551448820279914,1.0915228881462549,0.18765461832422303,0.4044862019742002,0.00017196424779768185,0.35680243215019786,0.19343016866288673,0.21201637531322204,0.21443629607172762,0.045139191976606347,0.28975462772715194,0.34084158439397005,0.14624379700454224,0.126761363420777,0.025008596510932422,0.015342430577797909,0.19803906391109782,0.003405960169425956,0.9968420670605449,-0.11146227219530423,-0.02409850886188313,0.44350064946407464,-0.20965152413036267,-0.05549532766278159,-0.15255363672642347,-0.031162533536521653,0.07143069996936682,0.08889229252874005,-0.048977853940382905
0.38516884367231546,0.1044297069994624,0.47562508380139346,0.15953820317117157,0.08264075252276307,0.07077679739137015,0.23408339550630491,0.2771054087805315,0.3190656636028492,0.16622193292013024,0.24536807678205436,0.25273001838314796,0.16220534570892994,0.19848713745632113,0.26903614433417977,0.1422901355003151,0.357589372217399,0.17971447011637312,0.4035394976625559,0.418340695779213,0.3058831766736976,0.1284004328847281,0.09794302097536026,0.16642512827701003,0.21093215296289977,0.1701950317311388,0.30480673360027766,0.4327555445099902,0.10050949348248414,0.4179880407513364,0.3055989296126214,0.18765461832422303,1.6325529521023636,-0.06795058741228138,0.01723117004380186,0.20507381674273717,0.5797930086504194,0.3065430055498015,0.25631627887976244,0.059342104164708066,-0.19981642424433643,0.39062688070222473,0.27697141046521867,0.12591381787043385,0.025586626864442606,0.1781459930216904,0.38464346071058236,-0.027842048713680546,0.9105444331122228,0.17927864522284134,-0.14089747562650318,0.4985265336225074,-0.16987269365494703,-0.2703527103464108,0.26022519940978467,-0.19585758149965582,0.15880402734539337,0.1501733433652186,-0.33166825648805154
-0.23720767733706088,0.19207442930082527,0.25543458030698135,0.49026322656112475,0.36372485519234865,0.36129406562323213,0.11977248165967867,0.3543084629140765,0.07212581407211245,0.27334069754251333,0.23859914781104724,0.2184663171370153,0.18178605749832133,0.26154237978822875,0.36790055533995936,0.24205696598702464,0.26314524859352917,0.2851573290290761,-0.0643234859590006,0.4956042516179985,0.19359674116631395,0.2731494496784549,0.46852175673833973,0.13091560465610153,0.5337943123076042,0.18465837388594822,0.24190385652746116,-0.11158693354015717,0.6538410220215091,0.1140788418714293,0.24975699100688198,0.4044862019742002,-0.06795058741228138,1.5773120125922084,0.5848927659344277,0.27533159798829043,0.7569127968617713,0.2576030081860505,0.18939262742620208,0.09838893354599275,0.28612987689181374,0.422434540918033,0.11260116331222951,0.19396188322596708,0.05899176797203968,0.08175508968008921,0.33033540581612353,0.004106004404328661,1.2078720343896967,-0.32484721395369826,-0.07598055378283528,0.2696922719158728,0.066666967978513,-0.052789526657012996,-0.25891043917080964,0.02087775216747243,-0.38165570579815894,-0.08765455284318134,0.6334432111639733
