1.0075974710263018,0.19770314145767523,0.17806527652180681,0.07021213759386154,0.10464917255691782,0.06852663350269715,0.23489019660003818,0.15868598627685818,0.08611751942763385,0.16761887819037335,0.12220786858583306,0.14400976075497385,0.06750046997613984,0.11749304163996305,0.1117540432473157,0.09028062257244057,0.1248491264370558,0.15659881527429004,0.04720641932647304,0.07563882526116311,0.10471470515240118,0.09314683939294151,0.10901299133747723,-0.06541781970670164,0.09744096201814094,0.16506631433468943,0.12341011818348427,-0.04470243184022201,0.025918244709434924,-0.01681707312720661,0.0924920482109918,-0.015880792014202665,0.050753184835701334,-0.09934566739313055,0.14091761978028136,0.04126184118131409,0.16116954032261233,0.05965574219165055,0.09263393681527375,0.058825596050621765,0.09309917382980099,0.0902542927233922,0.09251604332843379,0.026050750369777272,0.12248553777869252,0.10363196439473055,0.0632935187077389,-0.007477361267814269,-0.03630461845088999,0.07073460860372337,-0.029882501118291615,-0.07584219543198488,0.07790669576733897,0.015258679456298389,0.172471109026578,0.056529681882345265,-0.1297718698610576,-0.05580224485574405,-0.10042903229246201
0.19770314145767523,1.6830056449064537,0.7177711044685573,0.20346520004291233,0.06842314465811122,0.2367589101979156,0.17111881267384532,0.30286892020948764,0.14052237799265196,0.20523699438803852,0.24169228525889766,0.21827519593206637,0.14576323302076402,0.24005854694564033,0.5041503856291993,0.254199243324617,0.2905581502711688,0.6709395077589168,0.20319661841462774,0.3222182395028628,0.4329607662704501,0.17649166510648437,-0.27757705532711735,0.24368489499004412,0.04640413684581998,0.672552811730954,0.2332050253952338,0.5425791346702872,0.1958110362497377,0.12775660307474174,0.18989587969553645,0.20165053193669477,0.24572042005272193,0.1517371976417591,0.3309539043329717,0.25189657339548055,0.5279569928427954,0.2610456607821504,0.010430208880053861,0.029568304485213987,0.411724280391884,0.38212192193709804,0.11851004763998406,0.08986385074907648,0.07239716056737164,0.3115699746663006,0.35709871406475063,-0.027797075437370148,-0.4408894075067924,-0.023273827681040984,-0.04050828826696003,0.12907899301365364,-0.04108482912087023,-0.06343944118723757,-0.5299554549031883,-0.2428908285582701,-0.4656416161907529,0.5143498178435437,0.32955920926085785
0.17806527652180681,0.7177711044685573,1.6117855559347236,0.030817283927301157,-0.4181533735473395,0.23373324285689842,0.26699004002576565,0.270215245049872,0.2692745830850144,0.3163101134575072,0.20321510450563252,0.2781460776616238,0.11400034324203202,0.1731118514764363,0.2616289982123033,0.1750928454625205,0.17284532083024046,0.24915168212548613,0.04978031299260478,0.14070163646585135,0.1565339656554633,0.2348231384772503,0.05486205954427787,0.18538435565641398,0.06858992889556308,0.36779976542343706,0.2967274197285509,0.32909118431396067,0.2403707849379826,-0.24615657409444092,0.1932200744245747,0.13868536989986804,0.13453270210807464,0.16990923463777724,0.05282047789874838,0.23728361570865206,0.2923111886821811,0.1551865797204283,0.04767568199300329,-0.12609319948871045,0.15944460722444215,0.1637802828931393,0.08850489565428446,0.053530347472792804,0.14064528312383684,0.34931210248490385,-0.006123096506758435,-0.0301678893305527,-0.24674269449534045,0.14848028593816168,0.02942536991634029,0.3964691298332817,-0.5640992895277676,-0.12946308473987528,0.16453109642753147,0.17065010750136259,-0.17884066042950547,-0.22072389063140174,0.048252211481502154
0.07021213759386154,0.20346520004291233,0.030817283927301157,0.8546987966290952,0.3965679139620199,0.21207418494686914,0.21817016841124368,0.16828590468226826,0.08717968205681041,0.16425950666281786,0.14596480112145818,0.23521170077341677,0.10476720047351984,0.15303446669396123,0.14018464437550796,0.18324628646303376,0.1645607791292356,0.11805778576215455,0.199591382736699,0.13814469560084347,0.1780369345265396,0.12563469818862744,0.08790879550511378,0.16225685871200252,0.11091817107189078,0.1749467014762207,0.02335657005566359,0.08062267579696339,0.14777553102903468,0.1585707634495626,0.10664097405684517,0.13723704753288468,0.040561448000758345,0.18688408196768122,0.1166449186166688,0.1604175625351423,0.13456205874773028,0.09342879772203952,0.17826846610789648,0.0677272453971586,0.10278598687833272,0.16049395044857676,0.09269811537404382,0.1387903582768053,-0.02938213117745925,0.11673400566684307,0.1336362819709064,0.015050553564032959,-0.05250627643764672,-0.021957318194702192,-0.06073081847235193,-0.17847063709484215,0.23904177542975086,0.029954420303329808,-0.11585046571203803,-0.16816034180522557,-0.2131629901698467,0.18821341866991642,0.22449897965803994
0.10464917255691782,0.06842314465811122,-0.4181533735473395,0.3965679139620199,0.987571975391396,0.2646188675282063,0.11517918849123043,0.15037707550459314,0.09501881115974307,0.12318807948785981,0.1275002376309977,0.18476904067560335,0.1250291425232965,0.14470458389238275,0.21435099123444873,0.20183458176318006,0.18847479105378898,0.17334783448969127,0.3791932920989806,0.13962786320024362,0.20267857060904484,0.144898401413023,0.057940224656056256,0.16458256879414795,0.14224402333243819,0.14961822831493127,-0.016356740115105125,-0.03558337529532476,0.18084942712647606,0.1938773228860287,0.09616435863184232,0.17498476067767615,0.026566131324687724,0.24773241650329908,0.09002032368939496,0.15416917868180302,0.12072844443180808,0.08533075124135234,0.2697935615411299,0.13206491558534927,0.08983799014142724,0.17164629040321416,0.06502093962214468,0.09930175929115682,-0.15241908508283164,0.06209797416037839,0.1953761607982015,0.024229830625826523,0.21190406469549997,-0.039726005214381334,-0.11457691919790308,-0.4264737444172352,0.6942403630424112,0.016283357345752005,-0.22781986472788335,-0.15536679776597642,-0.1883891733741428,0.2128890619113021,0.23832285292434124
0.06852663350269715,0.2367589101979156,0.23373324285689842,0.21207418494686914,0.2646188675282063,0.5747050424375122,0.036541486743501314,0.28958282620490483,0.20335337377352117,0.14667093847640406,0.20206048620117104,0.2549592715937157,0.1269322774746748,0.14297458111871525,0.15654808637948864,0.18692402028441343,0.19420458362979046,0.17722452531044144,0.3347400482312689,0.18540190019820157,0.17150907252658515,0.2123449508455028,-0.007644817232325467,0.19752742455585953,0.11146872515171423,0.28942263413661623,0.11646615006023192,0.2551989543347077,0.2549062353840172,0.018135689432778063,0.13992246644634837,0.20019271620163787,0.022983338598572586,0.2401375149697732,0.07797635966577482,0.12490373381481752,0.2600668571785945,0.11282555525966326,0.22838129517135428,0.0833915371467489,0.07160915715329587,0.15487153779679144,0.14816318298595443,0.08346000571822489,0.014686715021949893,0.12147841174900181,0.15043547903406448,0.0100252331147129,0.2919987686670763,0.2685547130707106,-0.08191514057248166,0.05965784872111822,-0.4193812951104659,0.0023646154424873424,-0.19875712807616427,-0.01702430749246278,-0.16289016735828765,0.23000615733851903,0.0586393510634087
0.23489019660003818,0.17111881267384532,0.26699004002576565,0.21817016841124368,0.11517918849123043,0.036541486743501314,0.6999076236776673,0.1380512864521044,0.22041094407219067,0.199053348768368,0.1514854777047872,0.3188036288983615,0.10683211620262091,0.168020605396127,0.1034257276512043,0.21637244071081882,0.2317253156947233,0.11395523391124707,0.014414357064479341,0.1049724686484752,0.17967361577271374,0.21436716459529107,0.3403039855320608,0.15729338621617409,0.14162845161987267,0.16067681119349045,0.1307092482110165,-0.08205512370749844,0.17347288682007894,-0.017508339274481314,0.14274093316668807,0.12133564026788254,0.08749135866241732,0.18409970285481955,0.03743203611476434,0.16845334575053722,0.12513690830679858,0.06166930118847588,0.19439556695017732,0.0810724167091077,0.05692158843859899,0.16395669410045471,0.19948292886159755,0.07282645578590473,0.04493039991501575,0.17443363446686586,-0.03013786165830589,0.019324845718630548,0.3467728533009887,0.005284795679177757,-0.04145465437964365,-0.1467677762290907,0.2666988806276593,-0.011060426317336955,0.03905654875278015,0.14402136098576448,-0.09614382534221144,0.06779190509718089,-0.28976332075666006
0.15868598627685818,0.30286892020948764,0.270215245049872,0.16828590468226826,0.15037707550459314,0.28958282620490483,0.1380512864521044,0.7184335230180896,0.06812832325872292,0.28550492436579633,0.28767280526520006,0.10351044690603381,0.1527815100949572,0.21785739031585966,0.19565908825630035,0.2197967772895004,0.2608081048027358,0.2695998307764498,0.21883493849452662,0.21094691884375485,0.16210466468190746,0.1693647944126876,0.07811510663582404,0.19044345278207667,0.13128171916539896,0.273749849300044,0.198663394590085,0.2660065636364473,0.20165005582998807,0.1543478701434787,0.1699510485716114,0.10060451925032206,0.10854890426917042,0.18641622330393906,0.15503650244002679,0.22849331783553142,0.37031701309753706,0.13799598055613677,0.1394648513601747,0.08244723709702671,0.17382745982573805,0.15616604883241517,0.27280469848912087,0.07230964633718706,0.043227254573963536,0.19435708730755508,0.250515508724697,-0.007246331851073153,0.05207321367279156,0.0743578661204806,-0.047901529154343224,0.11844035467756094,-0.15776630712978978,-0.020276067455880533,-0.20189202120045396,0.010313541809667141,-0.20747763901595165,0.2680801685676781,-0.020049345943676807
0.08611751942763385,0.14052237799265196,0.2692745830850144,0.08717968205681041,0.09501881115974307,0.20335337377352117,0.22041094407219067,0.06812832325872292,0.6635505585184086,0.06238280709316054,0.1438952999060648,0.20004772463156112,0.07454069586489122,0.19447587156428014,0.008363562653604812,0.13632177580553148,0.11908263631491334,0.07828296443324398,0.1143851913207539,0.09950077219723143,0.14097900814799444,0.35058784903715307,0.24949899543253604,0.16587320326611696,0.04939846493610716,0.17446610202476817,0.195701213619687,0.09921631876521522,0.1268068919172398,0.017749443545176043,0.15360384109280623,0.11460620101426905,0.1561141202102228,0.14903970630024185,-0.0071990851137902065,0.2335581285184194,0.18444785657189522,0.06992618390530084,0.18293391006036305,0.08505594454463929,0.02047695908054154,0.12602760152017764,0.239880181807257,0.0495865561174147,0.008491894187427719,0.21266021711462205,0.04791230552179856,-0.020273828521055668,0.1592859074175627,0.06000081181810964,-0.0031507332296180253,0.06869266517614196,-0.04743689166113164,-0.075125664767257,-0.047703881291441735,0.15598337151888234,-0.08457426465775514,0.04725713251441201,-0.14746135181963207
0.16761887819037335,0.20523699438803852,0.3163101134575072,0.16425950666281786,0.12318807948785981,0.14667093847640406,0.199053348768368,0.28550492436579633,0.06238280709316054,0.6269991776865218,0.15156767600977517,0.20336133062492784,0.10653835951465254,0.18618464696471426,0.21997869320707716,0.17418540310168332,0.2292961889699801,0.23590649256328577,0.13017794128268417,0.13604361878038768,0.09304557214030419,0.14627257409025127,0.225360554526102,0.13235466763359202,0.1883744580567705,0.16898334358373163,0.21041570927599845,-0.020862129322729076,0.27444413692944636,0.020550851023907742,0.1779016559121753,0.08614666028338723,0.03286477438016558,0.2581114449494967,0.11925255276111948,0.2017066197157934,0.22886383551639983,0.08955770219225583,0.22400527075190355,0.046771248020617454,0.12988519298518605,0.097083799247674,0.1295144031905258,0.04930008964569842,-0.020700588488168824,0.1950164178090894,0.1409797852094556,-0.0009708310346243561,0.1722639165179601,0.06450111717158591,-0.022965380075838603,0.025835406554140176,-0.045969855579504566,-0.05893115479680496,0.2363699396791098,0.14316255326934582,-0.11776958617692704,-0.23601411204317665,0.07706875098275194
0.12220786858583306,0.24169228525889766,0.20321510450563252,0.14596480112145818,0.1275002376309977,0.20206048620117104,0.1514854777047872,0.28767280526520006,0.1438952999060648,0.15156767600977517,0.5170890564044135,0.17231582554175712,0.14643988869719,0.16937257589180385,0.20314217843558227,0.12840189535609448,0.2067116882411803,0.23398007695667766,0.13197901999455833,0.23840389886774607,0.20291380272980886,0.1366238560458636,0.06302431545557781,0.17999179390276507,0.11613005833907979,0.26832683220711134,0.21094457840340525,0.12939083526984085,0.22593420954555893,0.059076151319690816,0.16533896958102304,0.1438710276411169,0.07925567505206735,0.19078989627663032,0.19915940207741106,0.2392286571254652,0.1857379602926587,0.13382172353132193,0.11906917457121334,0.10850382127613158,0.12294510705781153,0.18327953906136166,0.1220774363573061,0.023846753451148627,0.09219193361834316,0.21092985128457936,0.1747509818259614,0.0016108234370194848,-0.2047589989874295,-0.059501970368639294,-0.013966504634181635,-0.03435047708052407,0.020561990294139285,0.05088224401739893,-0.1061256072463955,0.037405630426547855,-0.15099180174555038,0.09487152982634307,-0.01388448323930772
0.14400976075497385,0.21827519593206637,0.2781460776616238,0.23521170077341677,0.18476904067560335,0.2549592715937157,0.3188036288983615,0.10351044690603381,0.20004772463156112,0.20336133062492784,0.17231582554175712,0.6925469744241334,0.09428024585909146,0.15151100400471215,0.16191735298179846,0.22298293053259566,0.1497357102431769,0.09862477973424728,0.1535736905020548,0.14754739229856434,0.12289033122578101,0.20849757706767216,0.19020667544376238,0.1909768201246367,0.14151766214816783,0.1675601491256405,0.09641931218367979,-0.05099171129548794,0.2635540336437814,-0.07465155967748728,0.14815029063011023,0.20763484070151908,0.03942745317110106,0.2716433532197219,-0.006007545746698425,0.11997138394705177,0.09375016602389337,0.05982889754895381,0.2541131672602927,0.06426560862099277,-0.014643234013590876,0.13171587847116503,0.02038739160277159,0.05814764648860621,-0.059573734498382686,0.08964174785026052,0.01073736605209449,0.05108591962215915,0.5442459176008534,0.08826806211475635,-0.02609418399497268,-0.07641548796988624,-0.05468008900488689,-0.012922536233520401,0.0755147615947175,0.10300669333535276,-0.17661951768804746,0.008884065833637338,0.021875309160297056
0.06750046997613984,0.14576323302076402,0.11400034324203202,0.10476720047351984,0.1250291425232965,0.1269322774746748,0.10683211620262091,0.1527815100949572,0.07454069586489122,0.10653835951465254,0.14643988869719,0.09428024585909146,0.2897652409628784,0.09667019691019044,0.03290689294275103,0.1259697576271014,0.1340855096954147,0.13467560305885615,0.10978788436234274,0.1124282555458761,0.09457813499158813,0.12184491931641464,0.09193784745208115,0.13386752697702695,0.11477200741403834,0.13135797196660376,0.12703170993226978,0.0732377060870557,0.18665899098889818,0.048980417876390354,0.08834638567816636,0.12350535615185874,0.1012327203069799,0.14162006474043345,0.13959795951752177,0.11072813130719694,0.11688822055375674,0.0561385272227488,0.12056207694388597,0.07217995707779093,0.08503481836753966,0.09472572169031453,0.06092138094236665,0.04966722885021197,-0.016828589044862462,0.1382547809752429,0.09664271998508894,0.027067657350114387,0.17249053130827374,0.08513463173472557,-0.007197607059333834,0.016048553191705676,-0.08625098664434801,-0.025972175633766723,-0.0763147280415911,-0.01969928471774111,-0.05319787468251205,0.0408965833258844,0.04504973479229368
0.11749304163996305,0.24005854694564033,0.1731118514764363,0.15303446669396123,0.14470458389238275,0.14297458111871525,0.168020605396127,0.21785739031585966,0.19447587156428014,0.18618464696471426,0.16937257589180385,0.15151100400471215,0.09667019691019044,0.46263621001131744,0.22450266713369083,0.22412123925771518,0.19713809007365812,0.20237046977640447,0.13934944688214349,0.18021406999535236,0.19557726194627723,0.19410017874000798,0.12451562150748484,0.11443695726560846,0.12351160938765493,0.23657211915227522,0.03988215276392667,0.07747227504697085,0.1663521999130272,0.16023981646881044,0.12993433826638184,0.10649644979670501,0.07961061742935145,0.14592139631251771,0.14241995305305466,0.16754953567337053,0.27672865793646956,0.09957288479756402,0.12148272702256384,0.08392715320484632,0.214215342535063,0.1888349224269999,0.1339700887309108,0.08620835235433164,-0.06064172601958087,0.13650606671358814,0.2024235034198048,-0.011813202437063549,0.21357204724526388,-0.04950366873300293,-0.033106263563584745,-0.08440938652944635,0.10059672505500333,0.05098828881222493,-0.17856986888816156,0.0358472123110235,-0.26529845540146924,0.20842343054552148,0.1562869462287405
0.1117540432473157,0.5041503856291993,0.2616289982123033,0.14018464437550796,0.21435099123444873,0.15654808637948864,0.1034257276512043,0.19565908825630035,0.008363562653604812,0.21997869320707716,0.20314217843558227,0.16191735298179846,0.03290689294275103,0.22450266713369083,1.0388590608550576,0.16443408008518634,0.3696684674415491,0.5454984420405138,0.1895453161853196,0.29967571621993533,0.31624237446741665,0.08417436100056144,0.0005638688610877983,0.18936980029113534,0.18312760936323183,0.5350925183276252,0.27225202892673606,0.1908171840869633,0.20118060516984973,0.1803540923432593,0.24656897026192923,0.12657043652608954,0.22540282806501913,0.1870875846096382,0.21587772169142525,0.28046863412580586,0.49839646714493796,0.2424318116001698,0.14266547304788624,0.03875246302985235,0.3794353340636656,0.3245430012973759,0.015848521259175952,0.04870261550809877,-0.07471927684590825,0.3190775134146056,0.3595291557580512,-0.04268087311691903,-0.4175475531693156,0.12120551367379319,-0.12324962080277599,-0.02394632244623836,0.11110343757392954,-0.10066174192279342,-0.32696036396351486,0.034299629667838415,-0.3743630488650144,0.30894704270095796,0.09381014124561018
0.09028062257244057,0.254199243324617,0.1750928454625205,0.18324628646303376,0.20183458176318006,0.18692402028441343,0.21637244071081882,0.2197967772895004,0.13632177580553148,0.17418540310168332,0.12840189535609448,0.22298293053259566,0.1259697576271014,0.22412123925771518,0.16443408008518634,0.6643448131888995,0.17155801442160154,0.26458217366781267,0.23741278226369103,0.13945900782722198,0.20772588040412032,0.32493435770493817,0.0697411063407675,0.18802817483029477,0.09103235529601528,0.23097354836766557,0.09043732150753196,0.28420568662565465,0.2633454300702119,0.1922903553571955,0.13223995742031242,0.2112109776191019,0.09857895408327466,0.23804884120472838,0.12900040853469402,0.1458501439312312,0.1688429855479736,0.11567606424063774,0.2585404585484881,0.0903724642470283,0.3016165091938296,0.23803696304216648,0.17740477433013693,0.13555762822397788,-0.08857510075989772,0.08038038159603814,0.21162140055607165,-0.02414719644230744,0.12732689665059177,0.08488268859543771,-0.021028599901198836,0.05128606690364785,-0.125057612062925,-0.03555664865428401,-0.22321486537728985,-0.0014104002309655093,-0.2408842112838804,0.19333455850537962,0.1522668137560729
0.1248491264370558,0.2905581502711688,0.17284532083024046,0.1645607791292356,0.18847479105378898,0.19420458362979046,0.2317253156947233,0.2608081048027358,0.11908263631491334,0.2292961889699801,0.2067116882411803,0.1497357102431769,0.1340855096954147,0.19713809007365812,0.3696684674415491,0.17155801442160154,0.879462169342714,0.5821279308904397,0.19661217515023088,0.23730245020476712,0.3773436586534889,0.18610377063044783,0.0880821210449563,0.13856028704176782,0.18786079469656417,0.4153909162635436,0.31226208437189795,0.1397723093700223,0.3171340731988898,-0.07696249595869911,0.2175826439690094,0.13872032834034118,0.23517522574910044,0.24661651963162204,0.22608571753836204,0.17464027415657574,0.4820007132043674,0.1966808759398751,0.1248206605618326,0.08361443092957029,0.2662443112528108,0.2562036547463928,0.13036064833036587,0.05211840412419091,0.11700323461327837,0.27905004818108115,0.25462116671818574,-0.045508505892565554,-0.19810831570665247,0.18709535274626554,-0.05027760079005773,-0.05529774522873903,-0.08763745480471963,-0.03494030365270559,-0.19533749089722818,0.010856057732135672,-0.19345554968407702,0.12970024957242868,0.036090898646969204
0.15659881527429004,0.6709395077589168,0.24915168212548613,0.11805778576215455,0.17334783448969127,0.17722452531044144,0.11395523391124707,0.2695998307764498,0.07828296443324398,0.23590649256328577,0.23398007695667766,0.09862477973424728,0.13467560305885615,0.20237046977640447,0.5454984420405138,0.26458217366781267,0.5821279308904397,1.889936487040806,0.23283079589311628,-0.012899627798077604,0.54332805288679,0.1712544950951446,-0.0611885773470724,0.2053912519494704,0.16504284587321089,0.8852936902781972,0.48992538083357107,0.2537853132238571,0.29658459167883644,-0.16918861091753953,0.26369091390726807,0.1518009214678833,0.31170379298797557,0.22391893278659958,0.481179204180346,0.2802244428360628,0.6403218990486692,0.1265052879028395,0.03845131432558607,0.12470801250749919,0.4931385729566717,0.36350510038783335,0.07534531971867069,-0.0041012369312589175,0.009056566570155892,0.3513919181490836,0.7856320283583231,-0.10082227643326051,-0.756762479587844,0.1527496119817781,-0.03632439404260694,0.03847225644442405,-0.026733546591211323,-0.11849343608880658,-0.3979546538861526,-0.04155109868277188,-0.27962458261625217,0.2850962744758477,-0.003469327367264703
0.04720641932647304,0.20319661841462774,0.04978031299260478,0.199591382736699,0.3791932920989806,0.3347400482312689,0.014414357064479341,0.21883493849452662,0.1143851913207539,0.13017794128268417,0.13197901999455833,0.1535736905020548,0.10978788436234274,0.13934944688214349,0.1895453161853196,0.23741278226369103,0.19661217515023088,0.23283079589311628,0.6939913743774321,0.0423102981403251,0.19501543213788466,0.19978963488744161,-0.17192015856651938,0.1700044287000273,0.13069746416453426,0.10649212628264777,0.0847426883077561,0.41519017858209795,0.16682228272298083,0.14876640834925098,0.12128170418755824,0.17028742494117188,0.13030263383499993,0.16872834459769454,0.06774031968967209,0.1345092555965213,0.24882097640892098,0.09128222433395505,0.17172213367633857,0.024513566538371074,0.12695662404360233,0.1569347215347037,0.06633452442723689,0.07433227225572618,-0.017444019558136074,0.09589301226405474,0.1671826186115088,0.0028538462023720693,0.06715786858201989,0.09528667539465406,0.1031034974492204,0.3305819439312598,-0.48320647462826943,-0.07762222670244916,-0.21636630096290452,-0.07677728069801758,-0.16281676106320578,0.22709958278478257,0.1400266648441039
0.07563882526116311,0.3222182395028628,0.14070163646585135,0.13814469560084347,0.13962786320024362,0.18540190019820157,0.1049724686484752,0.21094691884375485,0.09950077219723143,0.13604361878038768,0.23840389886774607,0.14754739229856434,0.1124282555458761,0.18021406999535236,0.29967571621993533,0.13945900782722198,0.23730245020476712,-0.012899627798077604,0.0423102981403251,0.9522196545184995,0.20547434796368969,0.11177712117632138,0.10630363065506405,0.21100979993078245,0.1915505482838856,0.4778581055336572,0.17064139295802028,0.19418231953912676,0.27263659171704374,0.2554023619617324,0.2760869926102041,0.23614962108594134,0.12479859487583898,0.2908629965299804,0.20349004379912605,0.22840647457464694,0.457996479183166,0.4406668942232618,0.4748963585135179,0.25986149929265834,0.3413468228485642,0.3143407006200992,0.26772816880460526,0.0628625998056117,0.19965835173019714,0.33792479766691275,0.10095495704809249,0.0826722166158036,0.40756065725193985,0.15463753941544628,-0.13898766831130493,-0.0986069289582649,0.15557204960831397,-0.03972517105176412,-0.1585490072344598,-0.024050572934524422,-0.14663649132406684,0.17450447139706823,0.049500332808582855
0.10471470515240118,0.4329607662704501,0.1565339656554633,0.1780369345265396,0.20267857060904484,0.17150907252658515,0.17967361577271374,0.16210466468190746,0.14097900814799444,0.09304557214030419,0.20291380272980886,0.12289033122578101,0.09457813499158813,0.19557726194627723,0.31624237446741665,0.20772588040412032,0.3773436586534889,0.54332805288679,0.19501543213788466,0.20547434796368969,0.737164886533622,0.15739490513341076,0.06648258032849721,0.17192992994467382,0.11629387861203055,0.5572431155606828,0.20024323039353112,0.20790839183855336,0.21913489506291725,0.1145134456999786,0.1961263800682692,0.2320164342960112,0.18447754247470666,0.23104886210051404,0.349330615491722,0.18744381820888073,0.27083132163913465,0.1667264535056304,0.17185975747656998,0.12474264833670631,0.421105821074716,0.5077703151830656,0.07103015437925896,0.09701324154099233,0.021972618994305713,0.2541919363468862,0.3154551533053196,-0.002081094816366365,-0.10566792454616811,-0.0010838160741600974,-0.04431351397675446,-0.08203222731871507,0.08696226836671138,-0.015568228016599515,-0.28028794023525594,-0.09772643713742687,-0.21676817700756226,0.25930207735712485,0.07455323793194295
0.09314683939294151,0.17649166510648437,0.2348231384772503,0.12563469818862744,0.144898401413023,0.2123449508455028,0.21436716459529107,0.1693647944126876,0.35058784903715307,0.14627257409025127,0.1366238560458636,0.20849757706767216,0.12184491931641464,0.19410017874000798,0.08417436100056144,0.32493435770493817,0.18610377063044783,0.1712544950951446,0.19978963488744161,0.11177712117632138,0.15739490513341076,0.6987834178602932,0.18313298410679987,0.17245886211697917,0.10416462715174991,0.19731991391009573,0.2037095052527687,0.1404009949576805,0.2284867070272486,0.04175640629937002,0.16486605298223508,0.2072589727765163,0.15344692631925885,0.23879601470067827,0.061802183744606234,0.16422508056820914,0.22735133092987392,0.10961314753585623,0.29434903913831906,0.1035027635369409,0.13257049645667526,0.16175950374590312,0.2721034721373578,0.09122565312984711,-0.05181398559644956,0.18635490900369828,0.0966018802698628,-0.08507374570171745,0.4612708773755433,0.17140446955836983,-0.008563499001986732,0.08557476307863411,-0.1976294641893993,-0.08204191912133409,-0.09656363870205982,0.08915586263220655,-0.13367347825244583,0.07198153907421181,-0.020540670023857312
0.10901299133747723,-0.27757705532711735,0.05486205954427787,0.08790879550511378,0.057940224656056256,-0.007644817232325467,0.3403039855320608,0.07811510663582404,0.24949899543253604,0.225360554526102,0.06302431545557781,0.19020667544376238,0.09193784745208115,0.12451562150748484,0.0005638688610877983,0.0697411063407675,0.0880821210449563,-0.0611885773470724,-0.17192015856651938,0.10630363065506405,0.06648258032849721,0.18313298410679987,2.1398984424753356,0.12897481202610112,0.42870180345913944,-0.17412419414780536,0.17004757864898223,-1.0207202283859205,0.47362284469499266,0.18834101891206648,0.3299795812739546,-0.07971827931981612,0.15664756855319886,0.42276188012366667,0.00102085844313904,0.5397755819878449,0.33982816604438054,-0.031365267143152714,0.8909988935408639,0.3079189601603844,-0.09241037074356681,0.06499051387989219,0.267158538428706,0.1519132119384135,-0.0539107085187059,0.3752757393468887,0.08938290708019826,0.13443924750704542,0.6885200677582156,0.5306553263878931,-0.03057352744410717,-0.2514465039176562,-0.031091410539704555,-0.16443582717805166,0.29402389220316955,0.21833995973329576,-0.06656186256782799,-0.26933645499331477,-0.14655912097442672
-0.06541781970670164,0.24368489499004412,0.18538435565641398,0.16225685871200252,0.16458256879414795,0.19752742455585953,0.15729338621617409,0.19044345278207667,0.16587320326611696,0.13235466763359202,0.17999179390276507,0.1909768201246367,0.13386752697702695,0.11443695726560846,0.18936980029113534,0.18802817483029477,0.13856028704176782,0.2053912519494704,0.1700044287000273,0.21100979993078245,0.17192992994467382,0.17245886211697917,0.12897481202610112,1.0227065725800923,0.10632830140106402,0.34262304615322864,0.24812414614784797,0.3027082563945216,0.21461830065138549,0.46362494575480645,0.19434282198695715,0.36118359939273487,0.5340178615089913,0.12706958508514427,0.059349558200495284,0.4392533425399986,0.259152181533888,0.15958096991468101,-0.05436021790369056,0.010489429373314155,0.13095941552107845,0.21202228057231184,0.1772204126395178,0.0760470075090489,-0.1626228099329455,0.34742327052580746,0.32685322164150477,0.03364983908052458,-0.08106260356884235,-0.04670817811879393,-0.05737466533672088,0.058570464010711594,0.01826070592717965,-0.08534188370751593,-0.25884324222081545,-0.04257499110653962,-0.04074989605617897,0.21258374471249217,-0.07804012072863696
0.09744096201814094,0.04640413684581998,0.06858992889556308,0.11091817107189078,0.14224402333243819,0.11146872515171423,0.14162845161987267,0.13128171916539896,0.04939846493610716,0.1883744580567705,0.11613005833907979,0.14151766214816783,0.11477200741403834,0.12351160938765493,0.18312760936323183,0.09103235529601528,0.18786079469656417,0.16504284587321089,0.13069746416453426,0.1915505482838856,0.11629387861203055,0.10416462715174991,0.42870180345913944,0.10632830140106402,1.8346538077659922,-0.24358870175117406,0.20314988475354193,-0.1153590953909679,0.7466387467907631,0.36664745506291324,0.31227712306842714,0.04694473702206102,0.11393792522703927,0.4668389208376583,0.281041839549223,0.40926215088142137,0.31511318970285046,0.14748217845507172,0.24743373080942946,0.09549817158166637,0.15863431588222224,0.09369133432065231,0.06935395326936189,0.07060342410096979,-0.14852731678219508,0.573596607957279,0.25511235567601986,0.0032212118150718046,0.12165427293734421,-0.1591272213418547,0.03737120152755341,0.03475208275774418,0.2750495427601061,-0.09403029192229606,0.11675566652950109,0.03927126037247849,-0.04608243753449631,-0.07267637652061762,-0.003921422270682371
0.16506631433468943,0.672552811730954,0.36779976542343706,0.1749467014762207,0.14961822831493127,0.28942263413661623,0.16067681119349045,0.273749849300044,0.17446610202476817,0.16898334358373163,0.26832683220711134,0.1675601491256405,0.13135797196660376,0.23657211915227522,0.5350925183276252,0.23097354836766557,0.4153909162635436,0.8852936902781972,0.10649212628264777,0.4778581055336572,0.5572431155606828,0.19731991391009573,-0.17412419414780536,0.34262304615322864,-0.24358870175117406,3.2182956666980838,0.26476219379038185,0.25083257760387245,-0.20516255517606496,-0.7396388050410833,0.228909046739255,0.5008002722423596,0.11824967673478101,0.14593155825807577,0.6277231301954481,-0.1340225535241715,0.05320065600612868,0.3005432460188437,0.5097061970308362,0.29762424688731776,0.7586747078939658,0.62620968771253,0.10627920930888343,0.07733382107420923,-0.08444963913508628,0.20850765382811703,0.018866298077130746,-0.005847088394785868,0.3328055946751887,0.8778936045500786,-0.3264444047228162,0.018946618189206427,-0.5629656448149108,-0.12392861050177306,-0.3252208761971496,-0.0888678266648385,-0.4142412161906863,0.43789340229558144,0.046660847823626735
0.12341011818348427,0.2332050253952338,0.2967274197285509,0.02335657005566359,-0.016356740115105125,0.11646615006023192,0.1307092482110165,0.198663394590085,0.195701213619687,0.21041570927599845,0.21094457840340525,0.09641931218367979,0.12703170993226978,0.03988215276392667,0.27225202892673606,0.09043732150753196,0.31226208437189795,0.48992538083357107,0.0847426883077561,0.17064139295802028,0.20024323039353112,0.2037095052527687,0.17004757864898223,0.24812414614784797,0.20314988475354193,0.26476219379038185,2.3869885301297815,0.12534544007031512,0.14146266903498525,-0.06598227191270907,0.5287095759035197,0.16411653470928375,0.7096902818597325,0.19771340944818167,0.5033183506964373,0.6205515894348034,0.6776957850551143,0.2476552221886367,-0.035933016125148584,0.161728840543953,0.33097984934274444,0.1891801897547708,0.2949798901283942,-0.16117549569729056,-0.1688949859893706,0.8323150220065157,0.2084577131831055,0.007793888044046047,-0.5014287428751619,0.2398030135328553,-0.12134494581810061,0.22257636867236721,-0.09662199602249685,-0.18859276528787366,0.16133223853114698,0.1341095103629201,0.015700455780239295,-0.33537916435986653,0.04662925160647849
-0.04470243184022201,0.5425791346702872,0.32909118431396067,0.08062267579696339,-0.03558337529532476,0.2551989543347077,-0.08205512370749844,0.2660065636364473,0.09921631876521522,-0.020862129322729076,0.12939083526984085,-0.05099171129548794,0.0732377060870557,0.07747227504697085,0.1908171840869633,0.28420568662565465,0.1397723093700223,0.2537853132238571,0.41519017858209795,0.19418231953912676,0.20790839183855336,0.1404009949576805,-1.0207202283859205,0.3027082563945216,-0.1153590953909679,0.25083257760387245,0.12534544007031512,3.995299622556403,-0.5924322414638193,0.5521835829075685,0.3353816557769646,0.234227744975412,0.5610581643164017,-0.16955930317795978,0.06843399158317091,0.7465490716387632,0.3999058025871872,0.23170069443076002,-0.28709619409477666,-0.16111449621650242,0.6807518723243348,0.27551284374829743,0.12214589434575647,0.26305188748895253,0.0006074246533369331,0.33816549967543313,0.30131113262163284,-0.04809146646746553,-1.0998409961421844,-0.41764562122613763,0.1602132888079849,1.3161837350333119,-1.4438460242641706,-0.06746497420178045,-0.6516272461497995,-0.20523840663026913,-0.1123488079838695,0.6852134613498653,-0.05470372138533108
0.025918244709434924,0.1958110362497377,0.2403707849379826,0.14777553102903468,0.18084942712647606,0.2549062353840172,0.17347288682007894,0.20165005582998807,0.1268068919172398,0.27444413692944636,0.22593420954555893,0.2635540336437814,0.18665899098889818,0.1663521999130272,0.20118060516984973,0.2633454300702119,0.3171340731988898,0.29658459167883644,0.16682228272298083,0.27263659171704374,0.21913489506291725,0.2284867070272486,0.47362284469499266,0.21461830065138549,0.7466387467907631,-0.20516255517606496,0.14146266903498525,-0.5924322414638193,2.2206430750010244,-0.02924855396638948,0.05955325569728854,0.20453844331175727,-0.025299455666771248,0.7321455698812545,0.021419092525947998,0.20313454450706686,-0.10100214063454206,0.026794544001470303,0.4291986232691605,0.10401025341041997,0.11688952137702847,0.16680077196871496,-0.12474379924257964,-0.08289718086983974,-0.17570199171670858,0.40387865586899635,0.1369447359296717,0.011793676076147109,0.7889897379154392,0.3992878789330357,-0.07961349799890455,-0.0994448360083462,-0.180082697522507,-0.0326587893591102,0.16598109469848385,0.10520726512108533,-0.18077253461192785,-0.14931222732439636,0.20783433028837464
-0.01681707312720661,0.12775660307474174,-0.24615657409444092,0.1585707634495626,0.1938773228860287,0.018135689432778063,-0.017508339274481314,0.1543478701434787,0.017749443545176043,0.020550851023907742,0.059076151319690816,-0.07465155967748728,0.048980417876390354,0.16023981646881044,0.1803540923432593,0.1922903553571955,-0.07696249595869911,-0.16918861091753953,0.14876640834925098,0.2554023619617324,0.1145134456999786,0.04175640629937002,0.18834101891206648,0.46362494575480645,0.36664745506291324,-0.7396388050410833,-0.06598227191270907,0.5521835829075685,-0.02924855396638948,2.736624214646105,0.3086865627244248,-0.055861532534498125,0.4483893727966574,-0.008042949183723513,0.38172279634195155,1.001524564812329,0.8631428960023079,0.26211157907078286,-0.2806157862160758,-0.045208979367994034,0.5803154532174744,0.14852071274251266,0.5391175173506942,0.2805990289785754,0.08404802283550146,0.5111824067509029,1.2554096759172209,0.0074693384990028545,-0.8809868655708061,-0.5788320703779326,-0.05749129722739005,-0.13722210161250975,0.659187240041334,0.05913912314778316,-0.33957934338752593,-0.3228356920812469,-0.19647821605975102,0.8593036907564585,-0.25726593892612476
0.0924920482109918,0.18989587969553645,0.1932200744245747,0.10664097405684517,0.09616435863184232,0.13992246644634837,0.14274093316668807,0.1699510485716114,0.15360384109280623,0.1779016559121753,0.16533896958102304,0.14815029063011023,0.08834638567816636,0.12993433826638184,0.24656897026192923,0.13223995742031242,0.2175826439690094,0.26369091390726807,0.12128170418755824,0.2760869926102041,0.1961263800682692,0.16486605298223508,0.3299795812739546,0.19434282198695715,0.31227712306842714,0.228909046739255,0.5287095759035197,0.3353816557769646,0.05955325569728854,0.3086865627244248,0.863206213986201,0.09733880721292028,0.2695793725621665,0.26005778683332015,0.24730681468233814,0.8844997344848059,0.7104159796007928,0.2597979142680257,0.4097390700195189,0.15813484168809966,0.3799089256072344,0.20172730734955505,0.18814163794767003,0.08724466688981544,0.07851191347532847,0.5686048995389563,0.2889667540700072,0.025856184023175476,-0.25513542987129556,0.2584759898765992,-0.07332180791462835,0.09222957437437257,-0.10616618834985124,-0.12021054819747687,0.006325639456764553,0.055935035419138635,-0.10970970126745724,-0.028663750613946912,-0.004393581328491886
-0.015880792014202665,0.20165053193669477,0.13868536989986804,0.13723704753288468,0.17498476067767615,0.20019271620163787,0.12133564026788254,0.10060451925032206,0.11460620101426905,0.08614666028338723,0.1438710276411169,0.20763484070151908,0.12350535615185874,0.10649644979670501,0.12657043652608954,0.2112109776191019,0.13872032834034118,0.1518009214678833,0.17028742494117188,0.23614962108594134,0.2320164342960112,0.2072589727765163,-0.07971827931981612,0.36118359939273487,0.04694473702206102,0.5008002722423596,0.16411653470928375,0.234227744975412,0.20453844331175727,-0.055861532534498125,0.09733880721292028,0.921480719650252,0.07258193967141477,0.3222090004642847,-0.049027170883217994,0.10709932123621557,-0.13911694548224454,0.16774131595886344,0.15528140496897647,0.0751906109011836,0.17947181362798026,0.26458895850279424,0.04755672339520959,0.030971832876498327,-0.16907442504892348,0.21776901464476164,0.029682398879344814,0.023777014915795997,0.47739390517304275,-0.037064147599664504,-0.0188565532125613,0.024132419532290526,-0.04390062349021949,-0.004843691342728482,-0.23358505298304494,-0.049227988270515485,0.13457981323596543,0.0667792386415041,-0.06709672974452102
0.050753184835701334,0.24572042005272193,0.13453270210807464,0.040561448000758345,0.026566131324687724,0.022983338598572586,0.08749135866241732,0.10854890426917042,0.1561141202102228,0.03286477438016558,0.07925567505206735,0.03942745317110106,0.1012327203069799,0.07961061742935145,0.22540282806501913,0.09857895408327466,0.23517522574910044,0.31170379298797557,0.13030263383499993,0.12479859487583898,0.18447754247470666,0.15344692631925885,0.15664756855319886,0.5340178615089913,0.11393792522703927,0.11824967673478101,0.7096902818597325,0.5610581643164017,-0.025299455666771248,0.4483893727966574,0.2695793725621665,0.07258193967141477,1.710857062813148,-0.24220749885231796,0.043060276850758986,0.29932957504900704,0.8504306224462087,0.19364356151635786,-0.2582933056911317,-0.012739979529122909,-0.02193581164403403,0.21171861472290665,0.311509465163229,0.04513816729597434,-0.21799143397381282,0.5362788781699664,0.42458177114725687,0.08680093355461464,-0.29329359123444465,0.21713000666434382,-0.039190274758247656,0.34004364622367866,-0.33031070887157715,-0.2582222099481941,-0.2413361704424525,-0.07911965686945913,-0.1141304540900208,0.20398143198167631,-0.09515827133987585
-0.09934566739313055,0.1517371976417591,0.16990923463777724,0.18688408196768122,0.24773241650329908,0.2401375149697732,0.18409970285481955,0.18641622330393906,0.14903970630024185,0.2581114449494967,0.19078989627663032,0.2716433532197219,0.14162006474043345,0.14592139631251771,0.1870875846096382,0.23804884120472838,0.24661651963162204,0.22391893278659958,0.16872834459769454,0.2908629965299804,0.23104886210051404,0.23879601470067827,0.42276188012366667,0.12706958508514427,0.4668389208376583,0.14593155825807577,0.19771340944818167,-0.16955930317795978,0.7321455698812545,-0.008042949183723513,0.26005778683332015,0.3222090004642847,-0.24220749885231796,1.3393116548646915,0.23410172235444413,0.35821645859350687,0.11701885521168513,0.1116297441708355,0.6334267738731101,0.140803252281068,0.19063425585647997,0.20113413987170375,0.10688978748221187,0.11689198722287565,-0.3155917398388217,0.3187356634846165,0.11769518263446924,0.06398379635888447,0.9982314399338712,-0.1187451439708943,-0.05147416747971467,-0.0762546680644015,0.27508480979993283,-0.0958825869501159,0.047050384619794335,0.0967704468377745,-0.1266051128374773,-0.12483160764964404,0.22149677490120906
