0.4145113571906632,0.11993801509203139,0.17839250072550358,0.06003307729192169,0.09807451149902897,0.07806863146311811,0.07536126156996553,0.05311855108773725,0.043008770973765896,0.1046949860517856,0.05260748389957519,0.07309053465220736,0.028585537997215617,0.05267560242203138,0.1086023770172979,0.048058623850768714,0.04935397572175661,0.06742897612598231,0.0625202461708161,0.04367737675906076,0.055960025949445553,0.06492075742814139,0.029791373002469364,0.027171857985990314,0.18098956178342926,0.03191176255147929,0.07458889790041197,0.039607129475898784,0.043147687472437704,0.06301333432329778,0.07757328006475583,0.04614060905541105,0.05796362914391351,-0.041159809496820216,0.012326856126803433,0.07475318327981498,0.05406733755294198,0.09092360688673805,0.029470808166987984,-0.0018275672355453324,0.0554766265060899,0.04658713444500691,0.06467709863875344,0.05775725142273438,0.08012880976067122,0.0646960390763221,0.07855972158159968,-0.0052466387615522905,-0.09997670518417151,-0.05268419812954562,-0.0008745814898202674,-0.024252714701504936,0.06259930116288231,-0.004147718414762999,0.011978762453488464,-0.007312416643864102,0.04072431399486086,0.060211995111843775,-0.1120746399873404
0.11993801509203139,1.77681557924239,0.5894379244953285,0.06512362228396584,0.011599868169445422,0.22775397501326455,0.21243294664847742,0.2195137179975526,0.19416975555383448,0.27052116750034855,0.16121644113218753,0.1732042997703191,0.08294818528485425,0.1314497004473546,0.2668137657750627,0.12562329685814622,0.24368631936712726,0.34884000960214906,0.06658133464712519,0.27778205324452526,0.15271645424135719,0.16796939623565996,-0.12442316274655608,0.11099739376224767,0.1997988102351,0.1382523267457056,0.28508145953469194,0.24230905245957973,0.21253000866801824,0.10506456523733766,0.1388826771487455,0.1499013955984946,0.1443691992921313,0.23295630273113563,0.11809874232079975,0.15775550037643424,0.486630321262705,0.2382894722052857,-0.14106826270464506,0.02538118133285882,0.10073879913509609,0.20600626134319533,0.27761583630243364,-0.02059825576139922,0.2660441699385507,0.20198881406534133,0.21731056577534555,-0.008254519019170065,-0.0586965352866546,-0.0036307126255159835,0.14951979733777737,0.0696337643513697,-0.08590827062736764,-0.0940473535530627,-0.16941205866864698,-0.06500470973912653,-0.048172792356143704,0.13918914710480884,0.09504158515969088
0.17839250072550358,0.5894379244953285,1.4996366895888966,0.01747262398325363,-0.2556548868085204,0.23732865379425552,0.2453742236389045,0.23127830529124224,0.3025960012826279,0.3309540788507401,0.131077064224477,0.1495699210972071,0.06674236378043352,0.08470492110338046,0.2334833896809819,0.023588462594781263,0.2663940323379822,0.2243963944118655,0.035862165545476,0.20499135066609467,0.13834441016522894,0.21151512978252884,-0.0010049946620838302,0.17325814524253796,0.31139638893875377,0.1248918823720006,0.2378987657473173,0.2341728925704256,0.1343251121216159,0.047957603226106406,0.1891318193955735,0.10146523988641595,0.12126006623277732,0.16335698147448657,0.0915314578020693,0.2707301751944185,0.3268768853721612,0.26099959666594824,-0.09022977325528064,-0.1276351620973991,0.1403946135247741,0.25578031232950765,0.207544662906734,0.05626472703468067,0.2653484945304115,0.3406387178445415,0.1784620894432683,-0.024427586290654384,-0.3207827576417755,0.009179680555980459,0.028771129421958058,0.1735340327917914,-0.03834924384440701,-0.1805415256149565,0.1021447184714758,0.017634594812970708,0.0800592558465147,-0.1266367339764093,-0.06907632364153601
0.06003307729192169,0.06512362228396584,0.01747262398325363,0.7201948915970116,0.3978935787018258,0.2999509619900935,0.19609161240120035,0.1752194802859335,0.1178664749726399,0.1156409674524119,0.1611073849538844,0.18759292574013092,0.09037305578808306,0.19494633494518998,0.1686287156304642,0.22349428193333143,0.1560501697973306,0.11915101090945707,0.19512361568063216,0.18766368047230259,0.14244180237773457,0.1730293822131877,0.06672904395692197,0.14165630062867826,0.08910200227764282,0.17430821011286257,0.07429668407237461,0.0903872175969922,0.17014578375978864,0.05778764725524904,0.128290968861938,0.18303236560634067,0.05182094099003754,0.2605660727030484,-0.021693194402081267,0.09514016939379585,0.16592732365318819,0.12396942120883625,0.23834240552803218,0.06010053967897329,0.12167568024183835,0.17834686439789801,0.0968342780641157,0.1399494347834143,0.15468898469113196,0.018531705835750662,0.15138102289298808,0.00860266668532209,0.1741404679900719,-0.039898849397959395,-0.029691323645002328,-0.08578084891924614,0.07450121356431098,0.01934456106034647,0.06886168543234497,-0.04010153234950477,-0.04151558924726824,-0.04133046138899544,0.08408968406837901
0.09807451149902897,0.011599868169445422,-0.2556548868085204,0.3978935787018258,0.8624983676493555,0.24318678337098856,0.12834194476530214,0.1503863810282721,0.07281030786333115,0.08762844065111723,0.1602468510171386,0.19807738002196795,0.11175846685278486,0.23108527357547387,0.2088698933194578,0.27271429893385074,0.1125792672860047,0.09841173748636059,0.2910742706024237,0.1606095830786218,0.13682394859351438,0.16050347949311544,0.0961255587154935,0.12080385524597363,0.030302331524066868,0.18278955668853594,0.012379659691140956,0.024403465771499572,0.18046548521069924,0.029759402585165358,0.12351747777221642,0.19827899047062167,0.06225742891926793,0.327577789024005,-0.014651655548706708,0.08056267729301105,0.17155399570813903,0.08527569537006043,0.310106448383333,0.11417838477662781,0.12251063107222374,0.16442607429987002,0.009904903665250764,0.16853952179579057,0.1272300699402803,-0.021084474680203264,0.13809928509263736,0.016254872927114434,0.25791106599200425,-0.02472263555706859,-0.006570818073832626,-0.24600614918987693,0.18549774304292266,0.053228838622457225,-0.032815870680813604,-0.07341602727395284,-0.04175523484346877,-0.02163645372701316,0.1552363418013078
0.07806863146311811,0.22775397501326455,0.23732865379425552,0.2999509619900935,0.24318678337098856,0.7095849972912364,0.23020305596667687,0.23013538902933153,0.14940872577954498,0.18656360376581113,0.2213676229452837,0.17862146907084475,0.1093369787459527,0.21896659943226843,0.2369536731408875,0.22191631539649517,0.27590333549946433,0.18652012123963735,0.32047419952976725,0.3221112348741031,0.22747849151155844,0.2378190953969139,0.01894866873269768,0.20679298476908345,0.21632035434279046,0.29436571468193706,0.13898243071226432,0.2579416945643942,0.28873022342671345,0.07165963415878139,0.19437124648525683,0.24235688553807996,0.02254290213659039,0.3278901990849275,0.06536573078362021,0.11248011206606617,0.2754956672352067,0.21703359272303113,0.3606012780077319,0.0999682466068185,0.1492386866515137,0.24070435301289522,0.1860445792328063,0.22810709975253823,0.3135546719874569,0.03180716953378817,0.230434253813084,0.01598081488071925,0.2929153863045449,0.07352442869422354,-0.1410753169545556,0.06724181015544879,-0.11403350687162056,-0.0017614616587572312,-0.010121731157383658,-0.03556182220261102,0.03654976298465739,0.005821796392585706,0.003231953020237569
0.07536126156996553,0.21243294664847742,0.2453742236389045,0.19609161240120035,0.12834194476530214,0.23020305596667687,0.549017911424638,0.15330974624255794,0.37039055682463184,0.213562747100286,0.19471704331120585,0.28998029427784977,0.09277317766713751,0.2471770739669642,0.11464586186995286,0.2173323542207945,0.2534225826167834,0.19258303156972348,0.05625000024000319,0.21985075861891487,0.18540962313306988,0.296937559630884,0.13698993799718745,0.1934194490284663,0.12458219722864323,0.16590584354882537,0.1646697346159711,0.1276105396985755,0.13615637773009354,0.156796750289571,0.1893389863240661,0.22654725510433169,0.13084436274450206,0.26730330771391225,0.08328433781178259,0.2143393030359622,0.2685221570902825,0.20390546975651574,0.1777656039024502,0.0705987750423922,0.16537092936283673,0.2608979512745657,0.14029839935416685,0.1917353258520778,0.21952816670244082,0.11338752758293943,0.205753006007614,-0.01281715069374467,0.1202716637555394,-0.038122715552636216,-0.0004191036408126986,-0.15727335797919187,0.12404743462935337,-0.007038178378101225,-0.008451457180387895,0.08230431379351477,0.027773703164649843,-0.026157051340270833,-0.12034497532047785
0.05311855108773725,0.2195137179975526,0.23127830529124224,0.1752194802859335,0.1503863810282721,0.23013538902933153,0.15330974624255794,0.9308288674030344,0.0853181676066851,0.21256576240318997,0.23288035182926367,0.15606165587895532,0.10769116459131686,0.21224381533313477,0.1772548637032639,0.17152887561165187,0.26337553344365794,0.2937818296109629,0.17479800244743604,0.28788016479125705,0.1959916612067676,0.15838352965640923,0.12855909994902626,0.10302515587161076,0.08458377197192665,0.2592636123527569,0.26701297001621266,0.0042442140509593804,0.2167697619538806,0.24620775420940474,0.1629612109566752,0.19391521157941374,0.16205905228712847,0.2847312985337581,0.2727398335973402,0.1300173525180596,0.3493462952350744,0.259740092302009,0.20365061004112442,0.16741103358271495,0.16854425664094191,0.15999260550148747,0.34496338860740355,0.1208163442300282,0.21656595430703487,0.1127444183659679,0.37744777403624796,0.034432741643462834,0.35030771287221385,0.18002113272160405,-0.013528954714776805,0.01574594233693559,-0.0128126488121354,-0.08233895246633964,-0.162245672706269,-0.07599533783679747,-0.049525623328893036,0.3635632402593266,-0.19632558662911084
0.043008770973765896,0.19416975555383448,0.3025960012826279,0.1178664749726399,0.07281030786333115,0.14940872577954498,0.37039055682463184,0.0853181676066851,0.71218047281061,0.21556036572544304,0.1601407209513055,0.213506805140288,0.09060035570175919,0.2623892204100862,0.007006309751365686,0.1782389342269402,0.21462979155787204,0.20826508029079827,-0.030694382142674705,0.1907594277276195,0.12787075910218126,0.3944808163344599,0.12685970500783883,0.1990113764402224,-0.004481583907924193,0.14440124609519267,0.14721403717743808,0.13015404656985993,0.011190529746476257,0.15238475904277102,0.16812940742019214,0.23576324583947902,0.19300753980718605,0.10812599071432763,0.056462925180784065,0.20257365808682545,0.3020810048657502,0.21936375949358838,0.12069016421507556,0.04253522351002407,0.12225763613176589,0.20499737950555966,0.11479905215399439,0.1725022032373088,0.17186308884896642,0.1672361826188089,0.20347853515448494,-0.03280847822394214,0.13411898496248953,-0.03291577837065711,0.030453056619175075,-0.16243740814600396,0.12865215587906867,-0.021963696902954383,0.1031087527318329,0.14518527126187433,0.10440690097363008,-0.14785426176706162,-0.22476910165090272
0.1046949860517856,0.27052116750034855,0.3309540788507401,0.1156409674524119,0.08762844065111723,0.18656360376581113,0.213562747100286,0.21256576240318997,0.21556036572544304,0.9137854708317312,0.17433033429691194,0.28294780827405014,0.08829273556662369,0.21044221911690106,0.2660571185317907,0.1195425451368649,0.2794717758538149,0.27914302033416794,0.09053250062078436,0.22563172786018545,0.12230361764902155,0.1748358779579669,0.1140959919161605,0.18674593665548386,0.24478454051374068,0.15646379363747773,0.2938913815371416,0.1666253628068006,0.22603352362355777,0.17558433902498274,0.2361824271813999,0.2173399839722013,0.06477834209436878,0.44327376563029125,0.1984814831860869,0.30539600113245924,0.33085918578740386,0.19968254884135384,0.10917294258774242,0.0893902700926277,0.227807258258155,0.21575617845565198,0.21615777582778722,0.09517384399601841,0.17379012438740302,0.2702282675629884,0.3184281031920819,-0.004035811599832127,0.05472552903699079,0.04662286747586676,0.04816046753775533,-0.03948103768788913,-0.023364119896645618,-0.03629512639249958,-0.00022459936691988626,0.04655809461394197,0.21055374165488322,-0.09721433999800198,-0.17147832331755403
0.05260748389957519,0.16121644113218753,0.131077064224477,0.1611073849538844,0.1602468510171386,0.2213676229452837,0.19471704331120585,0.23288035182926367,0.1601407209513055,0.17433033429691194,0.45387931984127716,0.25006586509898254,0.1546610881646831,0.1673389797105767,0.22001777066356676,0.2085328224443975,0.265209887623707,0.19708047316175384,0.12895371322534338,0.23214965565534473,0.15807380129422643,0.1922613406767951,0.0794212430508145,0.17368642773547904,0.13649563166278733,0.19721246507804974,0.15484452613480387,0.14640952578722044,0.1813590096964364,0.10730185962294166,0.16419312283161108,0.16890379146490286,0.12942066016598971,0.21507239096572098,0.20597845508030552,0.16365426382318216,0.2022079014815102,0.1413603834678614,0.19479629722194952,0.14293572757634487,0.13144499630376616,0.17318741398854182,0.12378798181163278,0.13383914029039704,0.14000532916127711,0.08184191448026021,0.20365510530067296,0.0033948418721071825,0.23703913053367343,-0.02718622768129656,0.0029607142378725677,-0.05777992530565049,0.017854209601085375,0.03636245578762696,-0.037089882848962336,0.012353270881732673,-0.005380506585130048,0.03019615622499454,-0.07539249757471272
0.07309053465220736,0.1732042997703191,0.1495699210972071,0.18759292574013092,0.19807738002196795,0.17862146907084475,0.28998029427784977,0.15606165587895532,0.213506805140288,0.28294780827405014,0.25006586509898254,0.6077643296476799,0.10127758773350233,0.2770677316294766,0.22302150636954074,0.2750147341963776,0.2493849731001057,0.1891206709832984,0.10721839527903936,0.21026223017605286,0.1634506984890362,0.22614589018539144,0.14971178499737753,0.17393669093277772,0.137476482277549,0.1727736714761532,0.20196708055608126,0.051010587347103405,0.1727344423967891,0.08069608235307846,0.20343905666439907,0.25369068311212145,0.1328106518809365,0.27033124413030457,0.20703108006917115,0.23889196013962022,0.18170469161614392,0.13614618727834402,0.19464260191567592,0.15956643709079615,0.10147858612576131,0.18325425998949024,0.11488303639433649,0.10697209828281343,0.1702107212191773,0.11051076273000043,0.19568366779719834,-0.013436653412185131,0.12221640019582292,-0.11336230356813917,0.021667232502615926,-0.12736451373728316,0.11578000470663434,0.04626635275013467,-0.022080511960222173,0.08486140788423126,-0.039622149470131075,-0.02631835508884112,-0.13613202352348103
0.028585537997215617,0.08294818528485425,0.06674236378043352,0.09037305578808306,0.11175846685278486,0.1093369787459527,0.09277317766713751,0.10769116459131686,0.09060035570175919,0.08829273556662369,0.1546610881646831,0.10127758773350233,0.31504971146644495,0.10537535846970143,0.010261007522120119,0.1463537887251729,0.10312169455086506,0.14905112373391652,0.07063742853689717,0.09705459979878031,0.0820997906949632,0.12483279876776557,0.07824724867169884,0.09664548491400876,0.07295977533446339,0.09835787603988665,0.03135872272260019,0.05903455587446783,0.13171895377476717,0.08603887604231754,0.07655228419632379,0.10723114441606678,0.07901553116039521,0.13457691929993282,0.1273528416034411,0.08693935919940207,0.08859376181485484,0.0676640057961707,0.12577120120407187,0.046938910004301816,0.09271711366018781,0.06669322253573177,0.04274736632451486,0.11944066415575272,-0.05385360322778805,0.09227980661613634,0.1390964614117876,0.0019065338641937684,0.15662080825682784,0.0653205370090181,0.0044268118964382345,-0.04432494080403742,0.0012164450370566748,-0.039860216636704755,0.018780572237836624,-0.021037150937519684,0.008395667869891748,-0.0599889817635338,0.026997241894720973
0.05267560242203138,0.1314497004473546,0.08470492110338046,0.19494633494518998,0.23108527357547387,0.21896659943226843,0.2471770739669642,0.21224381533313477,0.2623892204100862,0.21044221911690106,0.1673389797105767,0.2770677316294766,0.10537535846970143,0.718273917702265,0.12361437642504118,0.5021886159925809,0.274690120463139,0.056780602920702625,0.15085886085583602,0.29541737400465684,0.19334800609974395,0.4015553686037911,0.09386991556968223,0.14966455440534432,0.09563634142007048,0.26386043239243223,0.24967018624849593,0.2628430903424738,0.1806413099925572,0.31779428008537375,0.2332095944632989,0.5969029647405389,0.2051275486297539,0.2883767429607355,0.19574812840473252,0.30129254349261086,0.21394236966376984,0.2984267672072595,0.23218235202413887,0.1693568528801637,0.27988284030083016,0.20859530556102862,0.1481668227096274,0.2927830909854717,0.23862226196891206,0.10044551392871796,0.2946849306141677,-0.01904882994246328,0.24336611673618744,-0.151043212668773,0.019468766093461147,-0.30654240471982513,0.24933678677997598,0.10024422265649109,-0.15715210292821147,-0.05865689943734586,0.11073166894333084,0.12246457241514512,-0.08945064313459254
0.1086023770172979,0.2668137657750627,0.2334833896809819,0.1686287156304642,0.2088698933194578,0.2369536731408875,0.11464586186995286,0.1772548637032639,0.007006309751365686,0.2660571185317907,0.22001777066356676,0.22302150636954074,0.010261007522120119,0.12361437642504118,1.0757328570699256,0.0879419476765928,0.21265470406968442,0.10677213680330946,0.20635040188438541,0.21591163050561626,0.14473661397701673,0.09372548410920756,0.02599436327646473,0.21941941385022087,0.2434408704114544,0.22058973040694627,0.2597781346824195,0.2715323759209747,0.17429290317151339,0.13509717494087597,0.19530257677903476,0.13680159971263894,0.10955333328026465,0.28519818336153324,0.16164850005591005,0.21631973074252772,0.2203098806282197,0.1213310095070705,0.16181768648256664,0.0802590638464713,0.14572667667752473,0.20448466757482725,0.2173238579952883,0.07658184035322958,0.2296199811108688,0.03082110491617342,0.15268429565691746,0.01894969563280161,0.18710776820540428,-0.13475670567895096,-0.06353998595306556,0.23219257791070408,-0.04015165058030891,-0.021109687777651015,0.08235746366737626,0.10098160799102031,-0.035229288420534015,-0.10905796064697748,0.009069343217403325
0.048058623850768714,0.12562329685814622,0.023588462594781263,0.22349428193333143,0.27271429893385074,0.22191631539649517,0.2173323542207945,0.17152887561165187,0.1782389342269402,0.1195425451368649,0.2085328224443975,0.2750147341963776,0.1463537887251729,0.5021886159925809,0.0879419476765928,0.9734322789134208,0.2135832523790076,0.16332750386581857,0.1905358665438467,0.29083974920740113,0.15623029538975847,0.4717720935158122,0.0694216800999952,0.1910452328168969,-0.024368942567811067,0.1985471328199006,0.1209227023466559,0.22894283353939893,0.20758658723604098,0.25215856733950975,0.1534857663735233,0.44605215332166515,0.15740522693993908,0.26700332074440825,0.34270988526857826,0.16139417012581922,0.22343897972296003,0.21147781689186185,0.29411688359889787,0.17857940475973003,0.20658669153674833,0.14461175303891144,0.12049709505410794,0.3061143773134635,0.12363706555103236,0.012992962520521416,0.24932766159498254,-0.02227316646621988,0.4437746802033727,-0.3003263810920707,-0.04600074545335548,-0.1327997425535423,0.18668757469290015,0.09595543489165978,-0.05391882104378304,-0.046399523190955874,-0.07164318153735907,-0.0027926227515816956,0.09104315921991206
0.04935397572175661,0.24368631936712726,0.2663940323379822,0.1560501697973306,0.1125792672860047,0.27590333549946433,0.2534225826167834,0.26337553344365794,0.21462979155787204,0.2794717758538149,0.265209887623707,0.2493849731001057,0.10312169455086506,0.274690120463139,0.21265470406968442,0.2135832523790076,0.7577768991044666,0.1516856514800233,0.18354651610406844,0.31556459373900986,0.23926651910716137,0.29287838700415075,0.027399229645373856,0.16574713168384125,0.41888032753379334,0.19939806625356646,0.3068413786328223,0.44852294272255494,0.17833591634328474,0.2826825377991238,0.2995993175240144,0.2721928047358392,0.252030949940476,0.285698595940677,0.2160521501175214,0.3442758578466489,0.4147767162724564,0.335764400915403,0.12650606029127415,0.11739324696501921,0.2999871954616502,0.46446348755946076,0.24380973833520925,0.23802569798732115,0.44227949384892257,0.1745214629727184,0.3704559953970508,-0.0071945806562296885,-0.20372213326809216,0.20753103212983084,0.08446615463360915,-0.1451886466319876,-0.13011976397496386,-0.02618293821959981,-0.12738504295470188,-0.04584529583998231,0.03886637221896291,0.09901872776311928,-0.0761638647901164
0.06742897612598231,0.34884000960214906,0.2243963944118655,0.11915101090945707,0.09841173748636059,0.18652012123963735,0.19258303156972348,0.2937818296109629,0.20826508029079827,0.27914302033416794,0.19708047316175384,0.1891206709832984,0.14905112373391652,0.056780602920702625,0.10677213680330946,0.16332750386581857,0.1516856514800233,1.0654238683149306,0.08964752468120508,0.10596090746005982,0.18241696353033196,0.13276687682480828,0.21659144543037412,0.240933813633519,0.12450177773887103,0.19519888531373536,-0.07151452851811037,-0.021738628037852266,0.2971865896922001,0.010178523265196979,0.14717506754532333,0.098384832575172,0.04795682871660615,0.27605496992899736,0.1360352791114793,0.08591264974038994,0.3946465472641425,0.08817105462308124,0.21561292405859608,0.09827793883501945,0.17691378687843046,0.24307064939541081,0.08009505657882653,0.07543231696005388,0.127259491665339,0.15954561206811144,0.4602544328152063,0.005893358733433806,0.03958240552851894,0.4848830205080046,0.24051480981859027,-0.252451030108492,-0.34765861808756293,-0.09944220817375393,0.04787369512475755,0.07633018087846259,-0.009128289212775966,-0.12946066450965515,-0.00019795526044866934
0.0625202461708161,0.06658133464712519,0.035862165545476,0.19512361568063216,0.2910742706024237,0.32047419952976725,0.05625000024000319,0.17479800244743604,-0.030694382142674705,0.09053250062078436,0.12895371322534338,0.10721839527903936,0.07063742853689717,0.15085886085583602,0.20635040188438541,0.1905358665438467,0.18354651610406844,0.08964752468120508,0.791670509832889,0.06837614317186584,0.1863299484818407,0.139876692967663,-0.08503593131517301,0.08531898217696081,0.17284082589142694,0.17143379962628016,0.15933271669340499,0.3424626902546477,0.12447580472587391,0.08839298736693417,0.17382782410454914,0.19492554544308957,0.1294035034364582,0.1938051390450812,0.03326466083324375,0.10531475930703423,0.14921909143290582,0.18459133824748153,0.39114209404170197,0.07393427834259994,0.18057211256567607,0.1193159519378158,0.14578662851145027,0.18152241619756437,0.26947018569254694,-0.04521502084126227,0.08980470582633907,0.04245749592957687,0.2457727335700121,0.11736062108317125,0.06312500897451516,0.38514072951967915,-0.31608181998890456,-0.09414346204408297,-0.04330120504872988,-0.04793719017460498,0.013803004501131819,0.08135458633780245,0.027159422619631668
0.04367737675906076,0.27778205324452526,0.20499135066609467,0.18766368047230259,0.1606095830786218,0.3221112348741031,0.21985075861891487,0.28788016479125705,0.1907594277276195,0.22563172786018545,0.23214965565534473,0.21026223017605286,0.09705459979878031,0.29541737400465684,0.21591163050561626,0.29083974920740113,0.31556459373900986,0.10596090746005982,0.06837614317186584,1.116039424906112,0.06517048646591338,0.1853828000918965,-0.02716620157751627,0.286599149833034,0.2696534796907376,0.3138241735319076,0.1493099424360175,0.12010752093038779,0.2995268734581937,0.19104169494718862,0.1761602101908486,0.2452252946246654,0.043307498067399676,0.33746684484762357,0.21146252940940793,0.1331820215867226,0.5540131763365936,0.18993377367517666,0.4018482517551574,0.23538978988810574,0.13165967220111816,0.34341277975909873,0.1718321143562973,0.040339368086692654,0.35628682254412825,0.1888121247200072,0.17307699366812623,0.023567738990129202,0.34408941342704263,-0.2285173775548807,-0.06524029505047658,-0.2135854272129324,0.2796634277347391,0.04733192862863822,0.04756297623600117,0.005286982266048678,0.05930250571891669,-0.15286468563549713,0.046892724038138246
0.055960025949445553,0.15271645424135719,0.13834441016522894,0.14244180237773457,0.13682394859351438,0.22747849151155844,0.18540962313306988,0.1959916612067676,0.12787075910218126,0.12230361764902155,0.15807380129422643,0.1634506984890362,0.0820997906949632,0.19334800609974395,0.14473661397701673,0.15623029538975847,0.23926651910716137,0.18241696353033196,0.1863299484818407,0.06517048646591338,0.6511704890000135,0.1373347510567884,0.24389205320041504,0.07402729514312179,0.03767444032989104,0.14983304408970896,0.14034560263721826,0.23874360972687383,0.18404202482615395,0.32089020851625966,0.27385527124503234,0.1952622819768133,0.1965357766852632,0.22457597470461804,0.2871781937239813,0.2913553933205746,0.21169133251329286,0.24418788852672715,0.5072557896568058,0.21627034116395127,0.3817797681832664,0.319930642386985,0.16656236531844457,0.3799358358303975,0.5864359691427707,-0.021342999557490954,0.35232677944340174,0.028931021839281697,-0.023279813197272882,0.14405869943836128,0.019185335887698666,-0.030888738193225223,-0.06350655555943242,0.0037694580721690713,-0.09124087130679151,-0.05248283059981757,-0.06354516777814527,0.12383599485342407,0.013879727050107147
0.06492075742814139,0.16796939623565996,0.21151512978252884,0.1730293822131877,0.16050347949311544,0.2378190953969139,0.296937559630884,0.15838352965640923,0.3944808163344599,0.1748358779579669,0.1922613406767951,0.22614589018539144,0.12483279876776557,0.4015553686037911,0.09372548410920756,0.4717720935158122,0.29287838700415075,0.13276687682480828,0.139876692967663,0.1853828000918965,0.1373347510567884,1.047452555051678,0.08197775074458384,0.17546837888168795,-0.05195264629538872,0.2176605869937418,0.26586798072758305,0.27851980494493533,0.014086825166785428,0.21354018930976087,0.17858857637569264,0.3776735772713398,0.29156183506934497,0.18272293725822392,0.1876690847757481,0.22980294143673377,0.28951842373886794,0.3252417146209469,0.15207113452058252,0.06659079302360209,0.16326016845976923,0.26605060460219715,0.20244576570513265,0.3288747580548555,0.11937064162540074,0.1453427331996969,0.22724212916076522,-0.09617215982891096,0.3866009240608397,-0.1651123114766028,-0.019216662541477556,-0.16314070710302903,0.12601060436392378,-0.015361116504033679,0.001576307394299444,0.02932807823424241,0.015404945603970427,-0.0008964754792023078,-0.10191570225042922
0.029791373002469364,-0.12442316274655608,-0.0010049946620838302,0.06672904395692197,0.0961255587154935,0.01894866873269768,0.13698993799718745,0.12855909994902626,0.12685970500783883,0.1140959919161605,0.0794212430508145,0.14971178499737753,0.07824724867169884,0.09386991556968223,0.02599436327646473,0.0694216800999952,0.027399229645373856,0.21659144543037412,-0.08503593131517301,-0.02716620157751627,0.24389205320041504,0.08197775074458384,1.4935325357202176,0.13139013078188674,0.12246397533750963,-0.1151954225710182,0.06567386544510292,-0.4658381848664965,0.2819923984886133,0.3306270955400267,0.3253311082566371,0.03323782665958453,0.12037698115741403,0.2667667255647117,0.21427465571667936,0.517211364301616,0.008502030729127369,0.00703846951204571,1.0847671458490786,0.2679770729662794,0.37952525568549744,-0.009287094782737993,-0.05230164494801212,0.73509485215153,-0.17243560066676403,0.10633405473696,0.3931213085803593,0.04615346829950035,0.17998523624800583,-0.11017335735148542,-0.03749275501788167,-0.13058062486167094,0.27070525801847245,0.003809165416190558,-0.07912164421512707,0.023142242684588248,-0.047462158392564194,-0.17167168395587185,0.11866185649949743
0.027171857985990314,0.11099739376224767,0.17325814524253796,0.14165630062867826,0.12080385524597363,0.20679298476908345,0.1934194490284663,0.10302515587161076,0.1990113764402224,0.18674593665548386,0.17368642773547904,0.17393669093277772,0.09664548491400876,0.14966455440534432,0.21941941385022087,0.1910452328168969,0.16574713168384125,0.240933813633519,0.08531898217696081,0.286599149833034,0.07402729514312179,0.17546837888168795,0.13139013078188674,0.807819510236456,0.4413310762729801,0.1104459584904361,0.04511800221656484,0.1205769520816681,0.1391715424132626,0.1628887570818313,0.17542069846737257,0.12932753650422435,0.10975220885046279,0.22013183045113952,0.23121928529557598,0.1819039085314871,0.24688441459504118,0.11153860899871734,0.1350838508324939,0.05386146876523598,0.13096179291106608,0.20756028110788083,0.01879486856221539,0.13408367237044547,0.009129995500313902,0.0004209653986882198,0.19678031780365915,-0.0025662571245286367,0.25385067640787784,-0.18119197584090452,-0.004596303587914292,-0.03975494340405037,0.13512388822514415,-0.01547905775661719,0.3201324068278053,0.12378627218009663,-0.025237859954820262,-0.8004243402500952,0.5317076312746353
0.18098956178342926,0.1997988102351,0.31139638893875377,0.08910200227764282,0.030302331524066868,0.21632035434279046,0.12458219722864323,0.08458377197192665,-0.004481583907924193,0.24478454051374068,0.13649563166278733,0.137476482277549,0.07295977533446339,0.09563634142007048,0.2434408704114544,-0.024368942567811067,0.41888032753379334,0.12450177773887103,0.17284082589142694,0.2696534796907376,0.03767444032989104,-0.05195264629538872,0.12246397533750963,0.4413310762729801,3.3518754090825706,0.3506107805737017,0.5568775530798799,0.42634175860165985,0.3534681542079213,0.26474815387046885,0.5127083155475279,0.08699928238583363,0.10329733170744637,0.31135433363200926,0.1414462744443616,0.5665177555756834,-0.11221881604822544,0.47163129215406807,-0.44753624740064746,-0.21536379873372283,0.3725829936273201,0.4021625036588327,0.4468324295961161,0.191211155838023,0.3072421226679468,0.31816670038183703,0.3018902840771798,-0.06492842937448902,-2.1288493102008266,-0.4277942875459168,0.11572317145370745,0.35981404231647823,0.12345649880913041,-0.17224415682652933,0.20078857417340842,-0.026220117424796508,-0.01292447667849715,-0.28666564716543885,0.30487693532028487
0.03191176255147929,0.1382523267457056,0.1248918823720006,0.17430821011286257,0.18278955668853594,0.29436571468193706,0.16590584354882537,0.2592636123527569,0.14440124609519267,0.15646379363747773,0.19721246507804974,0.1727736714761532,0.09835787603988665,0.26386043239243223,0.22058973040694627,0.1985471328199006,0.19939806625356646,0.19519888531373536,0.17143379962628016,0.3138241735319076,0.14983304408970896,0.2176605869937418,-0.1151954225710182,0.1104459584904361,0.3506107805737017,1.4382914306763406,0.08439949819228006,0.30541691906686685,0.2479796867957661,-0.3521946933361535,0.19781512394652845,0.31315534615933666,0.10357085374142426,0.28458635366255075,0.24858558787556703,0.18586361306579388,-0.17041795723578382,0.03704005905511801,0.3228674413926882,0.3032995235953166,0.09936230749039324,0.33450956631620804,0.06286149983386775,-0.070738437520086,0.3803987958337566,-0.08601702701324877,-0.06765710032903781,0.008538315847839213,0.7893255924398117,0.37164364090605856,-0.10311114201022853,-0.054772792405181035,-0.34574345312729554,-0.011675598367510073,-0.010350608054714104,-0.0174180526174972,0.02688996460710509,0.1472593329881177,-0.14573084551731114
0.07458889790041197,0.28508145953469194,0.2378987657473173,0.07429668407237461,0.012379659691140956,0.13898243071226432,0.1646697346159711,0.26701297001621266,0.14721403717743808,0.2938913815371416,0.15484452613480387,0.20196708055608126,0.03135872272260019,0.24967018624849593,0.2597781346824195,0.1209227023466559,0.3068413786328223,-0.07151452851811037,0.15933271669340499,0.1493099424360175,0.14034560263721826,0.26586798072758305,0.06567386544510292,0.04511800221656484,0.5568775530798799,0.08439949819228006,2.046655964394886,0.5665689159624547,-0.03070536753040868,0.32420543695615806,0.5554462646297811,0.2675854655482586,0.3977575503916791,0.2913949730240214,0.42759872069036164,0.8874835614346286,0.28150711323766714,0.5167231466863015,-0.07021567648475668,0.28195923929032846,0.2637902514441446,0.04499341160329878,1.2945506329010446,-0.0926426332125396,0.13337644639354343,0.2909066063468024,0.10612364296008729,0.005137150625531681,0.5753599943606402,-0.10441306538817191,-0.203034505597724,0.6928133326779374,-0.022894626155819813,-0.1321232771415654,-0.01501482060001991,-0.04859946020780758,0.09351450917863798,0.34241703663704676,-0.2892043017075677
0.039607129475898784,0.24230905245957973,0.2341728925704256,0.0903872175969922,0.024403465771499572,0.2579416945643942,0.1276105396985755,0.0042442140509593804,0.13015404656985993,0.1666253628068006,0.14640952578722044,0.051010587347103405,0.05903455587446783,0.2628430903424738,0.2715323759209747,0.22894283353939893,0.44852294272255494,-0.021738628037852266,0.3424626902546477,0.12010752093038779,0.23874360972687383,0.27851980494493533,-0.4658381848664965,0.1205769520816681,0.42634175860165985,0.30541691906686685,0.5665689159624547,1.9866905810777122,-0.21233080524774595,0.3431123731225125,0.38641721072230883,0.4087380239102689,0.3452929440006377,0.14896681244638574,0.15759808196431352,0.6251719349985079,-0.0006730050972495072,0.4034938793738983,0.07993045536784486,-0.055789221958602295,0.5059255261269955,0.06788920329590448,0.43170737432343603,0.5475551628972658,0.4647902608990616,-0.07240568279849832,0.03387197055924768,0.007285021012066831,-0.04135805675370783,-0.26194004760018613,0.006655951592513107,0.9907020016085434,-0.735351075565708,-0.07626193176169889,0.06858828124126007,-0.04915994441581312,0.18662367386084505,-0.011726207839936565,0.03037066769020208
0.043147687472437704,0.21253000866801824,0.1343251121216159,0.17014578375978864,0.18046548521069924,0.28873022342671345,0.13615637773009354,0.2167697619538806,0.011190529746476257,0.22603352362355777,0.1813590096964364,0.1727344423967891,0.13171895377476717,0.1806413099925572,0.17429290317151339,0.20758658723604098,0.17833591634328474,0.2971865896922001,0.12447580472587391,0.2995268734581937,0.18404202482615395,0.014086825166785428,0.2819923984886133,0.1391715424132626,0.3534681542079213,0.2479796867957661,-0.03070536753040868,-0.21233080524774595,1.8534000037086065,0.11145408987624435,0.030277546655672984,0.2155739915429215,-0.282627490055476,0.6628037863654258,0.3132544790847682,0.3155437801042257,-0.20889553324911758,-0.2517565273050796,0.40580353378165307,0.3005942995900739,0.31257432165565036,0.034121787875689036,-0.027864571223340528,-0.288564420437619,-0.06895841946624716,0.3819993534879079,0.2604020955512417,-0.025702103638515342,0.6624523597470221,0.45375063809588495,-0.1316868176953133,-0.003201858613098906,-0.32208273655427044,0.07357648372802794,-0.05539369439606484,-0.10488863319293433,-0.05602200768560802,0.03512116407055225,0.10697205628075412
0.06301333432329778,0.10506456523733766,0.047957603226106406,0.05778764725524904,0.029759402585165358,0.07165963415878139,0.156796750289571,0.24620775420940474,0.15238475904277102,0.17558433902498274,0.10730185962294166,0.08069608235307846,0.08603887604231754,0.31779428008537375,0.13509717494087597,0.25215856733950975,0.2826825377991238,0.010178523265196979,0.08839298736693417,0.19104169494718862,0.32089020851625966,0.21354018930976087,0.3306270955400267,0.1628887570818313,0.26474815387046885,-0.3521946933361535,0.32420543695615806,0.3431123731225125,0.11145408987624435,2.782121229483024,0.23046567596395076,0.26877103210296327,0.39341480544921154,0.11977312834887388,0.6412858217786774,0.26078316327786766,0.7211664825814811,0.8271048683454252,-0.14505893227698388,-0.08882006397809468,0.8439749908883716,0.3651422863439999,0.861564737598626,0.8475879749220524,0.38716877152104534,0.15232290594163944,1.2483289560705502,0.09563586382454355,-0.07268673979672444,0.004098522930267575,-0.08385698721418523,-0.24802070713503216,0.27354055866526267,0.028141788161558733,-0.003389239918915462,-0.18992889527749307,0.04566127651436244,0.2982557193563848,-0.089700220065102
0.07757328006475583,0.1388826771487455,0.1891318193955735,0.128290968861938,0.12351747777221642,0.19437124648525683,0.1893389863240661,0.1629612109566752,0.16812940742019214,0.2361824271813999,0.16419312283161108,0.20343905666439907,0.07655228419632379,0.2332095944632989,0.19530257677903476,0.1534857663735233,0.2995993175240144,0.14717506754532333,0.17382782410454914,0.1761602101908486,0.27385527124503234,0.17858857637569264,0.3253311082566371,0.17542069846737257,0.5127083155475279,0.19781512394652845,0.5554462646297811,0.38641721072230883,0.030277546655672984,0.23046567596395076,0.9050597365216444,0.23135772428729798,0.17761060185806768,0.27438870668077264,0.20457495224518027,0.7960339711786079,0.21248141175295435,0.4084836238611261,0.555557733515275,0.19506516134190274,0.4374873303408502,0.23959133786498737,0.30155739141054094,0.31803512247139015,0.3457499004119687,0.21228252775475553,0.2853513187786439,-0.004969720964524353,-0.3347949182763157,0.0804667797794082,-0.0054612321139455135,0.1809850992865516,-0.010403934560896395,-0.10026411989918073,0.047307671183471164,0.010400967286016848,0.10783082377733733,-0.11152550372528262,-0.03250831829934648
0.04614060905541105,0.1499013955984946,0.10146523988641595,0.18303236560634067,0.19827899047062167,0.24235688553807996,0.22654725510433169,0.19391521157941374,0.23576324583947902,0.2173399839722013,0.16890379146490286,0.25369068311212145,0.10723114441606678,0.5969029647405389,0.13680159971263894,0.44605215332166515,0.2721928047358392,0.098384832575172,0.19492554544308957,0.2452252946246654,0.1952622819768133,0.3776735772713398,0.03323782665958453,0.12932753650422435,0.08699928238583363,0.31315534615933666,0.2675854655482586,0.4087380239102689,0.2155739915429215,0.26877103210296327,0.23135772428729798,0.72092115009373,0.1940227986572931,0.3005075511772314,0.16367177394616955,0.2867182297294489,0.14555272226254218,0.3040114546971936,0.22874176361908974,0.16211821376788058,0.2615982461976376,0.15934098264594782,0.18085383349775297,0.23676337809649134,0.2416668233232344,0.10823038244610123,0.26052013124362766,-0.01763190003516189,0.2991510722654074,-0.06602294454507635,0.008377709799673656,0.13884174926291928,-0.23863533168968853,0.08766847311528032,-0.13042455241256093,-0.06097156747692595,0.19842461738163594,0.11099112495719668,-0.15453339593218826
0.05796362914391351,0.1443691992921313,0.12126006623277732,0.05182094099003754,0.06225742891926793,0.02254290213659039,0.13084436274450206,0.16205905228712847,0.19300753980718605,0.06477834209436878,0.12942066016598971,0.1328106518809365,0.07901553116039521,0.2051275486297539,0.10955333328026465,0.15740522693993908,0.252030949940476,0.04795682871660615,0.1294035034364582,0.043307498067399676,0.1965357766852632,0.29156183506934497,0.12037698115741403,0.10975220885046279,0.10329733170744637,0.10357085374142426,0.3977575503916791,0.3452929440006377,-0.282627490055476,0.39341480544921154,0.17761060185806768,0.1940227986572931,1.5920703832473435,-0.15107038821300595,0.25575976569441006,0.10218340937587803,0.7922721979227649,0.4506775211815901,-0.3148236310963255,0.10092711752349283,-0.17770062711160664,0.21405702169897015,0.38000745254576496,0.3910885145644038,0.2521313322386161,-0.07726963864513547,0.36034576833993887,0.0133506843735884,0.1592043750358904,-0.014238529921169491,-0.03894133474136356,-0.06494653352795712,0.08415062766836656,-0.09162606687843605,-0.13881436080307963,-0.08048373608694868,-0.07354955121205443,0.10241559218409087,0.144974997111674
-0.041159809496820216,0.23295630273113563,0.16335698147448657,0.2605660727030484,0.327577789024005,0.3278901990849275,0.26730330771391225,0.2847312985337581,0.10812599071432763,0.44327376563029125,0.21507239096572098,0.27033124413030457,0.13457691929993282,0.2883767429607355,0.28519818336153324,0.26700332074440825,0.285698595940677,0.27605496992899736,0.1938051390450812,0.33746684484762357,0.22457597470461804,0.18272293725822392,0.2667667255647117,0.22013183045113952,0.31135433363200926,0.28458635366255075,0.2913949730240214,0.14896681244638574,0.6628037863654258,0.11977312834887388,0.27438870668077264,0.3005075511772314,-0.15107038821300595,1.5678098397164426,0.33630987614524777,0.34025489688700583,0.4178008221747897,0.1653510765056224,0.2757438102236672,0.10739271812526476,0.37382597869050527,0.30813786973672724,0.2945504901848354,0.21980552833476705,0.17081052951394896,0.30074288009085903,0.3352415415385928,0.017944574488982255,0.32696713409803885,-0.012781200464308213,-0.0027666715521898447,0.020741688386234414,0.007367067296905752,-0.09240180538978068,-0.07120452974683891,-0.026961737607772727,-0.03502420952909739,-0.1000925820827904,0.2396923177680471
