1.295322793147178,0.6610608491160924,0.564789094086553,0.1090521639048305,0.16043335965666874,0.09046614107485,0.31973093505077577,0.019207594974380814,0.1733995372827364,0.20870658075768164,0.20902881796978973,0.25282389913382475,0.13914306279687813,0.28647764386974306,0.2951650986464356,0.20833455430547776,0.19782518071627103,0.22587044297400474,0.027906658286905514,0.20078153221400746,0.17765993076173048,0.2126969953811414,0.21736470945309452,-0.04961984863765481,0.18676037491010922,0.07929557026484363,0.18001280909223658,0.1366819387928147,0.18271862918274576,-0.10044375455779177,0.15227667738509842,0.18953557979447871,0.28864940948433465,-0.032707487248481375,0.0415864140094853,0.14049114197916293,0.16144593293381482,0.20142322462961804,0.10414727241215414,-0.015764812851053696,0.24794334761870884,0.13750393822207374,0.1726267123129817,0.025720855193720416,0.09974989868786187,0.2784912262760202,0.06007148544283919,-0.12555145688833919,0.09505368562982057,0.06731760639854015,-0.079928095855027
0.6610608491160924,3.180338196161722,0.4778035971028134,-0.28620971321262056,0.008921683840899093,0.08960863648156168,0.2856503725690988,0.09300270116755427,0.2160169262795569,0.26031355065681383,0.2566310495216815,0.2453408405541629,0.12083817144683488,0.08072243918604306,0.4207032722086574,0.10103989892961585,0.24171190327396455,0.34758705029403714,-0.07714102208488069,0.14591100750956962,0.11503811149065012,-0.031678698460697714,-0.3391913627734231,-0.029917124999676303,0.09501395815362389,-0.15884972403180053,0.15450064640811675,0.06793929259112406,0.14573683309363508,-0.01137764317827437,0.13315480768878052,0.0729143410369136,0.10919614907566519,-0.03919707249521334,-0.018133514967299414,0.1700316750733126,0.12920076161881558,0.1304066381107132,-0.1085655702114352,-0.051336211392164946,0.30129591062863154,0.01491528093732366,0.10737065318629596,0.020366061032167156,0.015321543479568983,0.2978072728193563,0.03732050885579474,-0.25545885863861933,0.010491298019199504,0.14354072925610029,-0.0027215132562570404
0.564789094086553,0.4778035971028134,1.7884096539083256,0.16564607454842717,-0.14708103690045543,0.429951853242181,0.2676711628292831,0.4840789868290861,0.30363452330049157,0.40259717054419897,0.38992625901013267,0.33921489386716513,0.24509926901304976,0.25153623941183345,0.42557145494243187,0.21104207538060024,0.4455568931485012,0.3908912982931308,0.12035605806035334,0.3576113838962471,0.2993815095027415,0.3095075596546686,0.30790562481548217,0.3989378860539121,0.39037584820251103,0.2583562269687798,0.2719142206042312,0.2597056034369936,0.5939461363141274,-0.42293558541454385,0.2631221524732411,0.24482127170804133,0.3312270588003231,0.31365239097079256,0.22429425848405782,0.3025592141096535,0.3782759535032795,0.2695966377226987,0.28747745744160536,-0.22134042732827286,0.2092685351548049,0.20166945177905063,0.19785098575920426,0.04667005704344284,0.3657054820669851,0.6301634803366069,0.4596923129545086,-0.41369102717288697,0.07837679875885555,-0.007866310243534326,-0.08209612381048707
0.1090521639048305,-0.28620971321262056,0.16564607454842717,1.3563148929861133,0.4344140378794283,0.1710440489018679,0.3279886209926277,0.05898734121822925,0.1327967595583883,0.1711327142869419,0.1556280732447843,0.28511346136024457,0.13748639260188553,0.3530333272395857,0.17018543090359514,0.29357705205001117,0.1565740286655232,0.12790509016296123,0.1470986706951319,0.20261857698094002,0.1731429015000766,0.21936315533026154,0.4069616005721845,0.4500107001511085,0.26728272920764057,0.23856012573036076,0.15087198290230297,0.16808948703033075,0.2487748609611574,0.11408936489217625,0.042351400615329805,0.2585624353592508,0.2542150490186284,0.284626713750778,0.1359524541947808,0.28380027928516427,0.22185770148990738,0.15370138723045834,0.29504281000923216,0.05999489712496703,0.03354291664058305,0.20151471509254817,0.11410322029268516,0.008075804055834804,0.13592034916715878,0.1737073180907248,0.14581695775617584,0.060136695407293425,0.11760487709949838,-0.00367255648044741,-0.12425650591288286
0.16043335965666874,0.008921683840899093,-0.14708103690045543,0.4344140378794283,1.231251347069494,0.021682584080749006,0.21869908196826657,-0.01493845297907084,0.12165772879545629,0.0969102827587356,0.0909135082204273,0.18193606771330773,0.1184410842103979,0.17150989313843232,0.18415143449840876,0.22309577497673014,0.03570662218905745,0.16713289526594652,0.27686784585583296,0.022089308971681827,0.08273912004315903,0.11165896451399797,0.3094493759467807,0.23502950300186118,0.15195803200078878,0.20525391487658073,0.0577206061430041,0.09555224271788683,0.1642002086614638,0.020724854147353325,0.2038565427412759,0.1583430735055385,0.13708839763020042,0.1913685383532459,0.05795011521156498,0.225042441655379,0.06154244531084816,0.024877000131979354,0.21171888336748598,0.07056740994664543,-0.07515177531613867,0.18400460664132604,-0.08159301151799053,-0.003283946898734254,-0.06936641881728635,-0.055520662215072965,-0.09007149213741181,0.1893375880158949,0.12391937361420864,-0.04278976380267456,-0.022186749285497326
0.09046614107485,0.08960863648156168,0.429951853242181,0.1710440489018679,0.021682584080749006,0.783864059136006,0.044549506544843596,0.3311969705560454,0.11549561525071607,0.19410179090719468,0.2764609181839806,0.23113637085351318,0.14628436820580792,0.16818505030563027,0.2444693709099614,0.1773504522241723,0.28850621166407164,0.20669653575840816,0.2568184156992299,0.3575018644540464,0.25309909517706597,0.2802315920276345,0.17557037961952338,0.5129483787738107,0.29611807458820893,0.26176972298589984,0.18139849486763504,0.16821052113479734,0.3229153004078935,-0.019173443251152448,0.10418943450409239,0.20258107738216843,0.19516069137652722,0.2226962285254823,0.12709244630796915,0.0949381139578626,0.26425482571315445,0.22981903821502705,0.2940261166538913,0.08913440897184274,0.09908642853254236,0.18799066906615852,0.2712664214495707,0.017939809968033425,0.39397475142114086,0.24288228502311143,0.5811174411058144,-0.08114889293247533,0.6593371782617429,-0.00569472371899017,-0.017242914365132533
0.31973093505077577,0.2856503725690988,0.2676711628292831,0.3279886209926277,0.21869908196826657,0.044549506544843596,0.5830713735351146,0.04514057910541086,0.2130630778146636,0.14718387912353684,0.21805984417635943,0.34035167166567565,0.14206102168386228,0.13009086141821877,0.13123790905017402,0.19291936251264882,0.20580433047721297,0.16532814787527866,0.027992675019508192,0.17320113732496695,0.1474797082358841,0.21881484241461605,0.2822191162356982,0.32374054166546085,0.22092864153564015,0.09553525300070337,0.1672384170587726,0.09543391351781803,0.19473541269851624,0.04416262176418972,0.06546160516945977,0.1463258550964136,0.20115423175280311,0.13249714333632048,-0.012646510657990082,0.28202674245150106,0.1641192844195989,0.12413739435701028,0.10424227303414543,-0.0027618516327969195,0.08568489204022875,0.12573159553404337,0.09341026558114635,0.021607463660951908,0.03916139825680312,0.08651447902990281,-0.14046755108593934,0.03454994700771724,0.04770943754035094,-0.01762388209403104,-0.030116305263722644
0.019207594974380814,0.09300270116755427,0.4840789868290861,0.05898734121822925,-0.01493845297907084,0.3311969705560454,0.04514057910541086,0.974147899331635,0.04415201834501483,0.28018715517084525,0.23555710879300473,0.06489931968186184,0.2017272418749183,0.12867144836677255,0.14829558496828896,0.10676765778866802,0.2882394854483784,0.34326853489236037,0.15923740328332614,0.23833335591883878,0.1773399658737494,0.16533917004723364,0.00730254641162737,0.19508894714680886,0.23834371528406884,0.2406852271429987,0.185752661149747,0.12035323338557502,0.28877075860280993,-0.08755842330996935,0.15755342057262237,0.1555537133615228,0.01777659971467717,0.276710266911059,0.23801150394387907,-0.008825998913797683,0.17915805281010638,0.16354096694564738,0.2692061552205255,0.06347142811864126,0.06150627135782332,0.08981840924055975,0.2589259888099841,0.014296960386849846,0.3974780258251974,0.249243385121388,0.6004449845770525,-0.12853556419145065,0.4256293878690624,0.05995060143606368,0.013109548503291659
0.1733995372827364,0.2160169262795569,0.30363452330049157,0.1327967595583883,0.12165772879545629,0.11549561525071607,0.2130630778146636,0.04415201834501483,0.6171959152309722,0.06350232465490412,0.10316090304043611,0.1370740782463862,0.12168897862141788,0.15896244917312893,0.0980989623973056,0.10054280706571106,0.17530324029764208,0.16548257472317043,-0.035460257512189036,0.16274514998015877,0.1374857769017337,0.14315682429985777,0.19323139217192067,0.23213811699000678,0.10493237731385466,0.1155583785641903,0.11098734378649053,0.13701719993746903,0.12647919336253283,0.020115297100368888,0.1423811330793791,0.12966227023755705,0.21396403416619683,0.08625876027827167,0.03324898060971557,0.116923774724247,0.1689652041480448,0.12230983766877417,0.047282725968516154,-0.01280013662871229,0.058923878902515686,0.10303675350939992,0.13670271403971032,0.014828721676179848,0.14115522892714263,0.15261762531888676,0.08844622193942908,-0.07312138259412106,-0.05140949102906419,-0.0016465226674157955,0.0006861400708019492
0.20870658075768164,0.26031355065681383,0.40259717054419897,0.1711327142869419,0.0969102827587356,0.19410179090719468,0.14718387912353684,0.28018715517084525,0.06350232465490412,0.5817551018764443,0.17959742445783794,0.13911486026598152,0.19201178701341787,0.2045086683662923,0.23462328489098774,0.16591705617366587,0.2359777810526948,0.27872758990495994,0.07690451862834567,0.20714248829755832,0.16039577759905035,0.1582485088533277,0.15004822712098345,0.19180512557143622,0.19216221520315077,0.1941638237682868,0.16440663977335798,0.1854007987728301,0.31968151591957694,-0.02214803083976014,0.1814776993708922,0.1792908676365105,0.11359731783961184,0.2760220302868183,0.26645013464356715,0.09662977515054692,0.22660716202417006,0.152473966591328,0.24038272708852598,0.035970503139408,0.13740764939958672,0.12701809097670103,0.17878932061922587,0.016362871055269703,0.22573735731165934,0.22787803924529676,0.35119245490788387,-0.0881074020097838,0.36549111666666206,0.03739431936449234,-0.031124049196387525
0.20902881796978973,0.2566310495216815,0.38992625901013267,0.1556280732447843,0.0909135082204273,0.2764609181839806,0.21805984417635943,0.23555710879300473,0.10316090304043611,0.17959742445783794,0.4985207104780406,0.32595592446241684,0.16224416698921826,0.1415871758141456,0.3070428601595303,0.19649959804759412,0.2969801101355474,0.2105904799282834,0.10992319117199513,0.2837315349169324,0.17679379155238006,0.15336017972767935,0.18310413953688653,0.2746099619129779,0.24537050892537593,0.1877929197624535,0.2125408671264038,0.17628872156114642,0.28857896895727125,-0.06593247196820722,0.19351032335232307,0.1655101244441553,0.14899925265382916,0.1859357089977272,0.2007076167583496,0.1619017310918755,0.1845961077960757,0.17022479130781618,0.19761507644558024,0.033347003311808655,0.11679066528196047,0.16240342572402097,0.14644872927567698,0.020583097277453343,0.1738102175729155,0.1784002115636037,0.19117477067327315,-0.015080100754261845,0.16409478500962363,0.015473861977720738,-0.023147849296704288
0.25282389913382475,0.2453408405541629,0.33921489386716513,0.28511346136024457,0.18193606771330773,0.23113637085351318,0.34035167166567565,0.06489931968186184,0.1370740782463862,0.13911486026598152,0.32595592446241684,0.6485657035708539,0.12266804575592598,0.15942317056427516,0.24711363423601926,0.23718102392648074,0.23474596004367176,0.03462610437818639,0.09673418131076579,0.2567412143813172,0.14313822029545628,0.15230478249995408,0.21503855052841564,0.31340720898622565,0.29309284447832545,0.12724652085874322,0.25056321539328796,0.06853448482139968,0.24733569033138686,0.03277003440357227,0.00707153025045092,0.1965335150237618,0.1587087869065541,0.16512159705740168,-0.009045667095788598,0.3550065922794918,0.16137959929867293,0.16951935607615895,0.14479177954741615,0.02721467970500781,0.14856944180678242,0.16264683764564086,0.060986290407501066,0.022350625853700602,0.04580813773912762,0.14556106043870945,0.0546131253467987,0.01215036913691643,0.399690819380932,-0.029622272147546574,-0.03384966324144954
0.13914306279687813,0.12083817144683488,0.24509926901304976,0.13748639260188553,0.1184410842103979,0.14628436820580792,0.14206102168386228,0.2017272418749183,0.12168897862141788,0.19201178701341787,0.16224416698921826,0.12266804575592598,0.4011477958820573,0.1544346189169039,0.06000396103655724,0.1949253867909593,0.18691589223212143,0.17297682998853284,0.07983864096177494,0.1373896701370846,0.10913036206997657,0.2680990536150536,0.09705346121720315,0.13519654154817598,0.1559704438601453,0.1740845045459387,0.1630085012463289,0.1310958710797899,0.2822519042999804,-0.08331385580105617,0.06822294662378724,0.16471253624834079,0.043081680366864245,0.18479497641775688,0.21657550530466282,0.013478779905147502,0.08639095663714783,0.08844387267201152,0.17273766288544473,0.04300730678835768,0.07488952263949535,0.11509299889834607,0.15659635121340118,0.01989816145289283,0.09573708323866877,0.11030533913889644,0.17952502049502986,-0.046919359940570844,0.16308409309967242,0.0014912221562790044,-0.0018733281894962091
0.28647764386974306,0.08072243918604306,0.25153623941183345,0.3530333272395857,0.17150989313843232,0.16818505030563027,0.13009086141821877,0.12867144836677255,0.15896244917312893,0.2045086683662923,0.1415871758141456,0.15942317056427516,0.1544346189169039,0.642202844144549,0.2621895685013006,0.29894679480652436,0.2080357079661464,0.1575387757551934,0.1003880985106201,0.20207948423368804,0.1628339740384881,0.1857905045594916,0.25825687208736825,0.18251983288386975,0.1862936204467168,0.23347489004419392,0.1553673521598096,0.22700229568360583,0.24608449507769262,0.08466666006312489,0.1558159649184756,0.3537704611154615,0.22599796255781746,0.20203153177731598,0.25218687300684356,0.10583423157892638,0.1065663616126578,0.18146660438074635,0.24845989760913564,0.07957261182160659,0.1259042866376145,0.20519071837118535,0.21754112273920453,0.015617119350283308,0.17491792099501055,0.29344197651228593,0.41745201247420977,-0.13012511453906556,0.5215447167518305,0.06013028513046904,-0.07637157354704742
0.2951650986464356,0.4207032722086574,0.42557145494243187,0.17018543090359514,0.18415143449840876,0.2444693709099614,0.13123790905017402,0.14829558496828896,0.0980989623973056,0.23462328489098774,0.3070428601595303,0.24711363423601926,0.06000396103655724,0.2621895685013006,1.0351870233195994,0.1406821871025012,0.18798443990776315,0.38215016924164225,0.14738574286808012,0.21405716798956773,0.20315798889980347,-0.07422853833953384,0.2881051860869035,0.4111737240403072,0.2982512507143072,0.18965156423191878,0.15009412581385548,0.3071114035274399,0.36439615652763896,0.19626955727566756,0.2523857175536922,0.17998667361456955,0.32431881560489384,0.20746112271114373,0.2798525994732299,0.30743062608879546,0.3081018792696651,0.14751235642834257,0.26232104394770833,-0.037312861546653336,0.1784732201599767,0.17816855988753397,0.0632511173415222,0.006503608810006495,0.13148326850017505,0.3706564807368251,0.3190355913392721,-0.17006458592541937,0.38096050014334365,0.0018969491307540133,-0.056258641391944975
0.20833455430547776,0.10103989892961585,0.21104207538060024,0.29357705205001117,0.22309577497673014,0.1773504522241723,0.19291936251264882,0.10676765778866802,0.10054280706571106,0.16591705617366587,0.19649959804759412,0.23718102392648074,0.1949253867909593,0.29894679480652436,0.1406821871025012,1.0609469196930457,0.14357160952418338,0.13979480139067613,0.16850000505433607,0.30593944915195526,0.14804455853734888,0.23610799767003643,-0.0691663729020808,0.24670370272355713,0.24831593559316084,0.2856627893578103,0.289927156108483,0.28280830071841184,0.3120443582729306,0.2079294389381789,-0.07283355138526644,0.2844207556478881,0.06001507078788433,0.18990755457487024,0.48075617893910055,0.06535463186044421,0.1517273166070205,0.19705492890630164,0.318259314582859,0.18222495774870018,0.1873229852347847,0.3685172234118772,0.3757597501578422,0.037790450394336206,0.3682656942352021,0.19488365782573094,0.3261581325796333,-0.09708694197308802,0.4304705870977215,0.004884632808611941,-0.060392355960287546
0.19782518071627103,0.24171190327396455,0.4455568931485012,0.1565740286655232,0.03570662218905745,0.28850621166407164,0.20580433047721297,0.2882394854483784,0.17530324029764208,0.2359777810526948,0.2969801101355474,0.23474596004367176,0.18691589223212143,0.2080357079661464,0.18798443990776315,0.14357160952418338,0.9706803571502663,0.23349213734503382,0.1268321445765023,0.345742832350661,0.1695697697986386,0.38551689903193864,0.2799584075314676,0.18358557646108606,0.2707820014988961,0.21205019721407345,0.2174510840076204,0.2365687818135506,0.29285757103738874,-0.2624993437740307,0.16440746145031335,0.18672337380078965,0.18392685025873737,0.2475454583622019,0.2684901723266794,-0.05950751313184284,0.3283330208502268,0.21415910324106055,0.16070756837390412,0.052811631169377836,0.15906544469469214,0.16126093317164886,0.30100140266915093,0.01566403972328058,0.25969622466632614,0.1427608735003028,0.3636304714404333,-0.00562279833308405,0.24921342909191663,-0.007062642956842878,-0.016146958351964523
0.22587044297400474,0.34758705029403714,0.3908912982931308,0.12790509016296123,0.16713289526594652,0.20669653575840816,0.16532814787527866,0.34326853489236037,0.16548257472317043,0.27872758990495994,0.2105904799282834,0.03462610437818639,0.17297682998853284,0.1575387757551934,0.38215016924164225,0.13979480139067613,0.23349213734503382,0.9095840587577472,0.1355534205346321,-0.006337075226744865,0.18742841935902171,0.17157105504613177,0.21877645810472532,0.3116119343831347,0.1981624996857596,0.19031695796518563,0.10019147721256652,0.25797212868749153,0.260795983761472,-0.07802605041673003,0.2851714733875853,0.129564399639917,0.21180452853278361,0.18288274687617848,0.28049323977045154,0.10107761752530166,0.08498503922912767,0.044481586426273534,0.25138576826374903,0.015223558596103965,-0.07825993252937687,0.035881843009522185,0.26443100938990843,-0.006887928089679536,0.3010919899763777,0.24628305947650894,0.3065725916337765,-0.1541609921873147,0.058847427564677625,0.029149430964709223,-0.02020115204719816
0.027906658286905514,-0.07714102208488069,0.12035605806035334,0.1470986706951319,0.27686784585583296,0.2568184156992299,0.027992675019508192,0.15923740328332614,-0.035460257512189036,0.07690451862834567,0.10992319117199513,0.09673418131076579,0.07983864096177494,0.1003880985106201,0.14738574286808012,0.16850000505433607,0.1268321445765023,0.1355534205346321,0.6406215551675669,-0.035118716659562364,0.12349723742269937,0.1914708333164231,0.1252511596314509,0.23060588469567045,0.16413307670662738,0.12928235227361048,0.05699945763745061,0.08639448514149761,0.23358425395437285,0.0587460054763898,0.11217420113548353,0.11263544618946117,0.10290007266660718,0.13244850729344157,0.07125437044514488,0.18496982143191115,0.062306234068639096,0.029359591041370498,0.24775921967177905,0.03471204017989372,-0.04489288897090634,0.1146254842173174,0.015339522647598858,0.012958205231140095,0.07764033792961655,0.06931198869527502,0.08993568701769929,0.05200773373279561,0.21782305040127392,-0.009801173485439817,-0.017051703265863274
0.20078153221400746,0.14591100750956962,0.3576113838962471,0.20261857698094002,0.022089308971681827,0.3575018644540464,0.17320113732496695,0.23833335591883878,0.16274514998015877,0.20714248829755832,0.2837315349169324,0.2567412143813172,0.1373896701370846,0.20207948423368804,0.21405716798956773,0.30593944915195526,0.345742832350661,-0.006337075226744865,-0.035118716659562364,1.3111756508090753,0.16680348221600846,0.11139806045376097,-0.05595878855810186,0.3049030055717682,0.23154552859484628,0.3316406605638177,0.4054026964706199,0.4343677926098044,-0.023518898550775005,0.5375116877621002,-0.014378057880718798,0.21929641201183428,0.3524213076080764,0.1405647826055871,0.49272185794848394,-0.00046769399333209305,0.7754731438372889,0.6061127003090014,0.264845195486074,0.10877684415915806,0.42282472002287164,0.3221414770212101,0.643681298669992,0.04060266689759903,0.776392934110674,0.22913667487502462,0.4117625452624797,-0.013102484287298287,0.7987624595589008,-0.010715971303320294,-0.050431213556230245
0.17765993076173048,0.11503811149065012,0.2993815095027415,0.1731429015000766,0.08273912004315903,0.25309909517706597,0.1474797082358841,0.1773399658737494,0.1374857769017337,0.16039577759905035,0.17679379155238006,0.14313822029545628,0.10913036206997657,0.1628339740384881,0.20315798889980347,0.14804455853734888,0.1695697697986386,0.18742841935902171,0.12349723742269937,0.16680348221600846,0.5001506343716339,0.1019227575949888,0.23409283798535216,0.1747401897112643,0.17947305527745416,0.20096486236995834,0.1379297896345382,0.2628742419619443,0.2780181040772372,-0.008407253027126317,0.4236163361133442,0.17763112417571525,0.2708057315034666,0.12595619724421864,0.2955721308468952,0.1558143136686905,0.1457970922159113,0.20891506397452533,0.36974676951660057,0.16315724693700281,0.25053734819652235,0.2556446578961075,0.28564997422032057,0.027339342540964248,0.5126825428634487,0.24169084412156203,0.3509619048934512,-0.07938803599962108,0.36785808346437865,0.029887960800516297,-0.04099080993230254
0.2126969953811414,-0.031678698460697714,0.3095075596546686,0.21936315533026154,0.11165896451399797,0.2802315920276345,0.21881484241461605,0.16533917004723364,0.14315682429985777,0.1582485088533277,0.15336017972767935,0.15230478249995408,0.2680990536150536,0.1857905045594916,-0.07422853833953384,0.23610799767003643,0.38551689903193864,0.17157105504613177,0.1914708333164231,0.11139806045376097,0.1019227575949888,1.4195788683191721,0.628895066507884,0.09822248144886256,0.28059300949120675,0.26946564324398986,0.2015288647380902,0.10001481498125864,0.41428599296888313,-0.49010289143013047,-0.10655926472477024,0.2510288286010709,0.05888462502661831,0.3128871955258281,0.22032589062399588,-0.28651418490811353,0.12737171463381763,0.05610969006542061,0.21862726505385446,0.09128973130354898,-0.030325948879774394,0.22133188862459893,0.39412166513567504,0.04414243212210998,0.0481839443630783,-0.09768129699418866,0.156051341634338,0.23159347586571652,0.042945657773912224,-0.04407212174015663,-0.019091130041511136
0.21736470945309452,-0.3391913627734231,0.30790562481548217,0.4069616005721845,0.3094493759467807,0.17557037961952338,0.2822191162356982,0.00730254641162737,0.19323139217192067,0.15004822712098345,0.18310413953688653,0.21503855052841564,0.09705346121720315,0.25825687208736825,0.2881051860869035,-0.0691663729020808,0.2799584075314676,0.21877645810472532,0.1252511596314509,-0.05595878855810186,0.23409283798535216,0.628895066507884,3.1173304251128213,0.8147355859802109,0.5666461765354998,0.27609505811484814,0.10391643749967815,0.3963225990439467,0.7702295366508259,-0.17797895936713184,0.203451160956344,0.17143961957428044,0.6423649050771928,0.6231703721427518,0.28957182540815424,0.1911132124878875,0.6689226160573868,-0.01909168658236356,0.6346459178696635,-0.13489674234370785,-0.043730926449934586,0.14164627868120033,-0.12194365822400619,0.012228788107467274,-0.41888378617810634,0.04879380687784335,0.1922973437172571,0.4721184558112719,0.5844812212098937,-0.03739245968311546,-0.12476335424718085
-0.04961984863765481,-0.029917124999676303,0.3989378860539121,0.4500107001511085,0.23502950300186118,0.5129483787738107,0.32374054166546085,0.19508894714680886,0.23213811699000678,0.19180512557143622,0.2746099619129779,0.31340720898622565,0.13519654154817598,0.18251983288386975,0.4111737240403072,0.24670370272355713,0.18358557646108606,0.3116119343831347,0.23060588469567045,0.3049030055717682,0.1747401897112643,0.09822248144886256,0.8147355859802109,2.3261820272159457,0.5903805606781103,0.4223169041656777,0.10789116016569093,0.5725888860613616,0.24228602997291918,0.7432622029977807,-0.02010855741682229,0.15023430556793207,0.6072408024894649,0.16595908155810982,0.5111973320809295,0.4884790486580429,0.3387198454092379,0.12503567692443918,0.42548671454797515,-0.16013664412611453,-0.38442567025965196,0.2013039523984737,0.03401668874308304,0.004850030150803755,0.18634694118080872,0.4115494724095926,0.47864152559601614,-0.15117458095592137,1.020783013705803,-0.16720533217779882,-0.0499952328954935
0.18676037491010922,0.09501395815362389,0.39037584820251103,0.26728272920764057,0.15195803200078878,0.29611807458820893,0.22092864153564015,0.23834371528406884,0.10493237731385466,0.19216221520315077,0.24537050892537593,0.29309284447832545,0.1559704438601453,0.1862936204467168,0.2982512507143072,0.24831593559316084,0.2707820014988961,0.1981624996857596,0.16413307670662738,0.23154552859484628,0.17947305527745416,0.28059300949120675,0.5666461765354998,0.5903805606781103,0.9698026563741525,0.2052460850217354,0.22603707511977428,0.21757096830394826,0.5375307075913306,0.1264064456322028,0.05724762492146475,0.18497157295700006,0.20551930971148083,0.3347999211938618,0.2729079515679491,0.31043891621966047,0.3049360803702537,0.1582453123932979,0.30207825772359514,0.0053278403666110466,0.13535331000252168,0.16774909903958374,0.14958096375221444,0.028246983254180028,0.1145522939939564,0.3381481018526011,0.30824380536576956,-0.1379928305894235,0.29924704793444107,-0.049444886212338474,-0.053963041108733234
0.07929557026484363,-0.15884972403180053,0.2583562269687798,0.23856012573036076,0.20525391487658073,0.26176972298589984,0.09553525300070337,0.2406852271429987,0.1155583785641903,0.1941638237682868,0.1877929197624535,0.12724652085874322,0.1740845045459387,0.23347489004419392,0.18965156423191878,0.2856627893578103,0.21205019721407345,0.19031695796518563,0.12928235227361048,0.3316406605638177,0.20096486236995834,0.26946564324398986,0.27609505811484814,0.4223169041656777,0.2052460850217354,2.349603599122908,0.15673074277131915,0.3901681742716631,-0.11848818568619542,-0.48999394646812033,0.25350337589282074,0.3732480570186951,-0.0432966832323956,0.2521563114471814,0.738551957221001,-0.3244321824026784,-0.4475181444161115,0.16248080887875108,0.6767583888015248,0.4257109867049039,-1.0030492124517247,0.5629653308600058,0.5246385897747922,-0.06806551046717761,1.5128900126815186,-0.27754965804547505,0.4828183673026165,0.45839067529660954,0.6133834732107539,-0.04116412197676802,-0.011526963843133326
0.18001280909223658,0.15450064640811675,0.2719142206042312,0.15087198290230297,0.0577206061430041,0.18139849486763504,0.1672384170587726,0.185752661149747,0.11098734378649053,0.16440663977335798,0.2125408671264038,0.25056321539328796,0.1630085012463289,0.1553673521598096,0.15009412581385548,0.289927156108483,0.2174510840076204,0.10019147721256652,0.05699945763745061,0.4054026964706199,0.1379297896345382,0.2015288647380902,0.10391643749967815,0.10789116016569093,0.22603707511977428,0.15673074277131915,0.89486101489219,0.24618982165933836,0.1876483000257661,0.12769604703175613,-0.005819638430961142,0.22421648913278594,0.15037392245535056,0.1625288533587636,0.31525903398477206,0.2814756192559105,0.3056542700164123,0.23799696159080116,0.17923622158938488,0.10579158807596613,0.2129088342077972,0.19263715115897195,0.3504518859241281,0.023945254470315046,0.3153076575110639,0.12283056992697554,0.17269259898280212,0.029260023338944424,0.4333358249375891,0.02042308808168513,-0.025403808604216406
0.1366819387928147,0.06793929259112406,0.2597056034369936,0.16808948703033075,0.09555224271788683,0.16821052113479734,0.09543391351781803,0.12035323338557502,0.13701719993746903,0.1854007987728301,0.17628872156114642,0.06853448482139968,0.1310958710797899,0.22700229568360583,0.3071114035274399,0.28280830071841184,0.2365687818135506,0.25797212868749153,0.08639448514149761,0.4343677926098044,0.2628742419619443,0.10001481498125864,0.3963225990439467,0.5725888860613616,0.21757096830394826,0.3901681742716631,0.24618982165933836,1.5809847945204916,-0.0445428902021056,0.5942082908096475,0.5539891607019158,0.18966346197038517,1.1081655770058931,0.061927433385053667,1.4168926892263138,-0.2451415203749551,0.6045017374803424,0.20097246350683448,0.45169794675742325,-0.09690767175938028,0.05551513865445774,0.45721014581891345,0.32758902303185744,0.036880995463182124,0.30123774397251746,0.4126916812713133,0.7245183845157575,-0.11813693224578675,1.115633830153995,-0.062297230928644934,-0.040155168651284524
0.18271862918274576,0.14573683309363508,0.5939461363141274,0.2487748609611574,0.1642002086614638,0.3229153004078935,0.19473541269851624,0.28877075860280993,0.12647919336253283,0.31968151591957694,0.28857896895727125,0.24733569033138686,0.2822519042999804,0.24608449507769262,0.36439615652763896,0.3120443582729306,0.29285757103738874,0.260795983761472,0.23358425395437285,-0.023518898550775005,0.2780181040772372,0.41428599296888313,0.7702295366508259,0.24228602997291918,0.5375307075913306,-0.11848818568619542,0.1876483000257661,-0.0445428902021056,3.5135496600546,-0.5260492253304772,-0.15309552466474838,0.23029004521901242,-0.18949455026398548,0.9342746603588438,0.12417010141524362,0.42207897328163513,0.8239203526476663,-0.032709928891997864,0.43519293929613617,0.013676525982766261,0.7273677692347073,0.08933390999376076,-0.20944506503396243,-0.04255042680696777,-0.3285392137421289,0.4221149470704666,0.3727864445336201,-0.5020805263771806,0.3935442803659899,-0.04249717698440433,-0.008729638709334568
-0.10044375455779177,-0.01137764317827437,-0.42293558541454385,0.11408936489217625,0.020724854147353325,-0.019173443251152448,0.04416262176418972,-0.08755842330996935,0.020115297100368888,-0.02214803083976014,-0.06593247196820722,0.03277003440357227,-0.08331385580105617,0.08466666006312489,0.19626955727566756,0.2079294389381789,-0.2624993437740307,-0.07802605041673003,0.0587460054763898,0.5375116877621002,-0.008407253027126317,-0.49010289143013047,-0.17797895936713184,0.7432622029977807,0.1264064456322028,-0.48999394646812033,0.12769604703175613,0.5942082908096475,-0.5260492253304772,4.500937649737745,-0.3431789675267807,0.0268574459750611,0.6847566539818981,-0.20457653852638483,0.4783049468544518,1.3898499924291352,0.8920015242782416,0.4061503718703619,0.08080318386538286,-0.35229106844699254,0.6853847644618467,-0.027038388822705994,0.15710366588785102,0.19063053658586995,-0.06716928537435155,1.708201929466364,0.9682726710026636,-1.3629212036837772,1.5661392907470437,-0.0024809328571963525,-0.05541545768649204
0.15227667738509842,0.13315480768878052,0.2631221524732411,0.042351400615329805,0.2038565427412759,0.10418943450409239,0.06546160516945977,0.15755342057262237,0.1423811330793791,0.1814776993708922,0.19351032335232307,0.00707153025045092,0.06822294662378724,0.1558159649184756,0.2523857175536922,-0.07283355138526644,0.16440746145031335,0.2851714733875853,0.11217420113548353,-0.014378057880718798,0.4236163361133442,-0.10655926472477024,0.203451160956344,-0.02010855741682229,0.05724762492146475,0.25350337589282074,-0.005819638430961142,0.5539891607019158,-0.15309552466474838,-0.3431789675267807,3.504386219663725,0.14601797012581477,0.4029767360046116,0.2003750240171534,0.7475824419931957,0.743361732407167,-0.7937817634290728,0.1921130886847452,0.4759714294063428,0.08279829158631032,-0.4993030315685651,0.15447147573752273,-0.2918654705765221,0.06444119357339714,0.29856037504379834,0.4131410737266433,0.17946377710237724,-0.26942977441774296,0.09646907146349978,0.07915633743668414,0.026185362913163406
0.18953557979447871,0.0729143410369136,0.24482127170804133,0.2585624353592508,0.1583430735055385,0.20258107738216843,0.1463258550964136,0.1555537133615228,0.12966227023755705,0.1792908676365105,0.1655101244441553,0.1965335150237618,0.16471253624834079,0.3537704611154615,0.17998667361456955,0.2844207556478881,0.18672337380078965,0.129564399639917,0.11263544618946117,0.21929641201183428,0.17763112417571525,0.2510288286010709,0.17143961957428044,0.15023430556793207,0.18497157295700006,0.3732480570186951,0.22421648913278594,0.18966346197038517,0.23029004521901242,0.0268574459750611,0.14601797012581477,0.6469505973962382,0.16515352711040232,0.29887656563158976,0.21082689035811686,0.08809013200914269,-0.09507187422620776,0.20971906660373443,0.3166370800063227,0.1279296475501486,0.051938038851730456,0.2625660544052274,0.23726309756535177,0.024128107985842112,0.2598608414583511,0.2459941516198345,0.3800716049227738,-0.13083348773485493,0.4820049072495546,0.0254958956715513,-0.04152361368667259
0.28864940948433465,0.10919614907566519,0.3312270588003231,0.2542150490186284,0.13708839763020042,0.19516069137652722,0.20115423175280311,0.01777659971467717,0.21396403416619683,0.11359731783961184,0.14899925265382916,0.1587087869065541,0.043081680366864245,0.22599796255781746,0.32431881560489384,0.06001507078788433,0.18392685025873737,0.21180452853278361,0.10290007266660718,0.3524213076080764,0.2708057315034666,0.05888462502661831,0.6423649050771928,0.6072408024894649,0.20551930971148083,-0.0432966832323956,0.15037392245535056,1.1081655770058931,-0.18949455026398548,0.6847566539818981,0.4029767360046116,0.16515352711040232,2.5675626044946576,-0.36496444438315767,-0.14466799717552498,-0.02819656977379251,1.2424887977606793,0.2758659373258104,-0.016727274175894286,-0.3506206113219925,0.2413629990417759,0.3965325578847044,0.09126694323969514,-0.02413401587611258,-0.41230145448112565,0.6628106085585187,0.5824297474841821,-0.2580030578352957,1.1992804165669804,-0.04809106237856694,-0.15272526946146464
-0.032707487248481375,-0.03919707249521334,0.31365239097079256,0.284626713750778,0.1913685383532459,0.2226962285254823,0.13249714333632048,0.276710266911059,0.08625876027827167,0.2760220302868183,0.1859357089977272,0.16512159705740168,0.18479497641775688,0.20203153177731598,0.20746112271114373,0.18990755457487024,0.2475454583622019,0.18288274687617848,0.13244850729344157,0.1405647826055871,0.12595619724421864,0.3128871955258281,0.6231703721427518,0.16595908155810982,0.3347999211938618,0.2521563114471814,0.1625288533587636,0.061927433385053667,0.9342746603588438,-0.20457653852638483,0.2003750240171534,0.29887656563158976,-0.36496444438315767,1.5571173436861476,0.46813985581395345,0.21633019554896127,0.6319205686327225,0.076311772298438,0.4573220891591172,0.021085870051175345,0.18224919589035954,0.10379137049861135,0.03755191286279437,0.06850272631786768,0.04352202730819246,0.02822737629332384,0.43371038456401734,0.14815411015780064,0.19753394769627533,0.001673033048939585,-0.03256605479969071
0.0415864140094853,-0.018133514967299414,0.22429425848405782,0.1359524541947808,0.05795011521156498,0.12709244630796915,-0.012646510657990082,0.23801150394387907,0.03324898060971557,0.26645013464356715,0.2007076167583496,-0.009045667095788598,0.21657550530466282,0.25218687300684356,0.2798525994732299,0.48075617893910055,0.2684901723266794,0.28049323977045154,0.07125437044514488,0.49272185794848394,0.2955721308468952,0.22032589062399588,0.28957182540815424,0.5111973320809295,0.2729079515679491,0.738551957221001,0.31525903398477206,1.4168926892263138,0.12417010141524362,0.4783049468544518,0.7475824419931957,0.21082689035811686,-0.14466799717552498,0.46813985581395345,3.2221368810629216,-0.6473138314703099,0.05493323631927675,0.14188650133482708,0.9421626544495216,0.12326853891870083,-0.0748234027643745,0.4727481817265561,0.6617891650182509,0.09679196429016634,0.9936321651569519,0.24553126667185277,0.9663154636688244,0.00251644404263846,1.0921966384500454,-0.04045376829751959,-0.007049402223065132
0.14049114197916293,0.1700316750733126,0.3025592141096535,0.28380027928516427,0.225042441655379,0.0949381139578626,0.28202674245150106,-0.008825998913797683,0.116923774724247,0.09662977515054692,0.1619017310918755,0.3550065922794918,0.013478779905147502,0.10583423157892638,0.30743062608879546,0.06535463186044421,-0.05950751313184284,0.10107761752530166,0.18496982143191115,-0.00046769399333209305,0.1558143136686905,-0.28651418490811353,0.1911132124878875,0.4884790486580429,0.31043891621966047,-0.3244321824026784,0.2814756192559105,-0.2451415203749551,0.42207897328163513,1.3898499924291352,0.743361732407167,0.08809013200914269,-0.02819656977379251,0.21633019554896127,-0.6473138314703099,3.652434406933495,-0.3463722080356145,0.20591683583175602,0.13751320922535729,0.040582126564924395,0.22836665327655392,-0.24283148639224933,-0.8507129119814787,0.06228152754816713,-0.4410203655521036,1.1477910987751416,-0.5377546172484272,-0.7988146926953635,-0.26887839750835574,0.006404478175229106,-0.09446995109563575
0.16144593293381482,0.12920076161881558,0.3782759535032795,0.22185770148990738,0.06154244531084816,0.26425482571315445,0.1641192844195989,0.17915805281010638,0.1689652041480448,0.22660716202417006,0.1845961077960757,0.16137959929867293,0.08639095663714783,0.1065663616126578,0.3081018792696651,0.1517273166070205,0.3283330208502268,0.08498503922912767,0.062306234068639096,0.7754731438372889,0.1457970922159113,0.12737171463381763,0.6689226160573868,0.3387198454092379,0.3049360803702537,-0.4475181444161115,0.3056542700164123,0.6045017374803424,0.8239203526476663,0.8920015242782416,-0.7937817634290728,-0.09507187422620776,1.2424887977606793,0.6319205686327225,0.05493323631927675,-0.3463722080356145,5.288559093475617,0.586174613783326,-0.5977166016725896,-0.5730405729202929,1.7821773931903564,0.14102831354288514,0.22374493532872547,-0.05278544315510185,0.03858230997195695,0.12150850653808927,0.6506474688586507,0.4716580184873708,0.8036706782555171,-0.0016452069881747575,-0.12598258776840987
0.20142322462961804,0.1304066381107132,0.2695966377226987,0.15370138723045834,0.024877000131979354,0.22981903821502705,0.12413739435701028,0.16354096694564738,0.12230983766877417,0.152473966591328,0.17022479130781618,0.16951935607615895,0.08844387267201152,0.18146660438074635,0.14751235642834257,0.19705492890630164,0.21415910324106055,0.044481586426273534,0.029359591041370498,0.6061127003090014,0.20891506397452533,0.05610969006542061,-0.01909168658236356,0.12503567692443918,0.1582453123932979,0.16248080887875108,0.23799696159080116,0.20097246350683448,-0.032709928891997864,0.4061503718703619,0.1921130886847452,0.20971906660373443,0.2758659373258104,0.076311772298438,0.14188650133482708,0.20591683583175602,0.586174613783326,0.9742523368084175,0.153554064895494,0.20916930579699208,0.461129473517348,0.23816566988918556,0.40988311658065474,0.044568055649087876,0.5855144641646359,0.3944848751871024,0.4214618896691528,-0.22818435901067285,0.49043997486640467,0.03321248343288453,-0.058766993734659406
0.10414727241215414,-0.1085655702114352,0.28747745744160536,0.29504281000923216,0.21171888336748598,0.2940261166538913,0.10424227303414543,0.2692061552205255,0.047282725968516154,0.24038272708852598,0.19761507644558024,0.14479177954741615,0.17273766288544473,0.24845989760913564,0.26232104394770833,0.318259314582859,0.16070756837390412,0.25138576826374903,0.24775921967177905,0.264845195486074,0.36974676951660057,0.21862726505385446,0.6346459178696635,0.42548671454797515,0.30207825772359514,0.6767583888015248,0.17923622158938488,0.45169794675742325,0.43519293929613617,0.08080318386538286,0.4759714294063428,0.3166370800063227,-0.016727274175894286,0.4573220891591172,0.9421626544495216,0.13751320922535729,-0.5977166016725896,0.153554064895494,3.3547382017899348,0.3771505742350686,-1.0192124038736154,0.32200200420558917,-0.16307928890549894,0.1170105692402465,1.2227917074325916,0.011181297173002834,0.7209179764826948,0.018984769084047486,1.4346908613613563,-0.057059733956168375,-0.10044856766035856
