1.1970602112993605,0.14657167419934555,0.004225390839786379,0.11850093285710837,0.22921096168510874,0.08701196971357007,0.1474154186385016,0.10544441099582662,0.024003430743394415,0.10921412701968373,0.11501755227672147,0.1508025451118357,0.08268773206378056,0.07857076679516936,0.13211572642632438,0.09766276438361765,0.08300873068159148,0.14396397448910703,0.03640645852796653,0.1124258715960133,0.09440222766122126,0.15145141326312897,0.16260296858084083,-0.15087742087050185,0.09089919357321402,0.14859621185269767,0.10978577168565917,0.04273096387965532,0.05141229581153461,0.14449495233849366,0.06870168428944377,0.07200079044202401,0.04518702245733866,-0.22455232244943382,0.02771854937908191,0.12343613524488768,-0.015912227039417765,0.08283149012659284,0.015967465886643425,0.10669324767348408,0.10481749589190827,0.075069869247165,0.04471218741182653,0.14776169165878758,0.013203614481889463,0.05831649818406333,0.03183253523565898,-0.00817031827817071,0.11056899759385638,0.0033438499036024137,0.07157949377854174,-0.07338973318481669,-0.033336613719768655,0.039198712196512595,0.10404628158514563,-0.035255634722576694,0.024037321158105092,-0.03159500628767029,-0.08937895039256687
0.14657167419934555,1.9382374794894002,0.7466490918892836,0.1963142902233316,0.18756665122186728,0.29250906642971725,0.23869066768790403,0.3099092487886148,0.2911675883971428,0.3317106687902332,0.2754506967916507,0.31842817678627977,0.2180853764214347,0.18140272953045838,0.4471736813982316,0.2685807486698065,0.3235754816763859,0.45333829976861034,0.016790904835368294,0.3053437062501242,0.3681929594014493,0.12558996403258002,-0.3040681233734265,0.264123166137857,0.295990877075378,0.4234905907751373,0.20629413211827768,0.37392663572577983,0.3958972403924694,0.05366006564228131,0.05629007884370206,0.21585175473593382,0.17292095320127202,0.3835599671104921,0.34602010512217274,0.2016585566278284,0.6894387626538293,0.22090766129360073,0.21248128797781657,-0.12376481675541595,0.24433679592010074,0.14874452672665864,0.22020759101505408,-0.10311178927536228,0.3376335683301005,0.2645202169745045,0.3101659449619993,0.0424513717362586,0.24785180958509226,0.18523586252589713,0.15882222003535287,0.3112163181310455,-0.4425179979521291,-0.14398588349586822,-0.45289731435721126,-0.12733452803867584,-0.2553378293626681,0.4621764680203933,-0.040041122954201196
0.004225390839786379,0.7466490918892836,2.0317784180341687,0.21608704797568185,0.10808575617624971,0.37504447549649966,0.0060843437628816275,0.4249295315039659,0.4342115802008205,0.3304293417432269,0.1602483506790049,0.23991528305536455,0.17386137484572645,0.2132231758346194,0.47789621361879586,0.29607017324260926,0.3453577470869501,0.3203808572978669,0.4272942874460425,0.4060351833274286,0.28285173592065455,0.20314638185544043,-0.056697294478706875,0.3532391837990634,0.3438695547666817,0.345454401815629,0.17118567193080372,0.2839869103417499,0.3782919094038826,-0.2429318844340236,0.30848263218326377,0.1408761227412352,0.12587242641667054,0.4645490221625022,0.40187623499604924,0.40506604614909414,0.756043045489677,0.2840810863766805,0.3443708948469714,-0.5081812385826201,0.16809684581828302,0.14732710287683537,-0.004467785237312525,-0.21799265755398073,0.2413399330056227,0.7772540758584605,0.32294776568757105,-0.06352228291560949,-0.16562000931218604,0.42072787674211215,-0.17134709538211793,0.44512230016980575,-0.25990478130167766,-0.3456654192609952,-0.1808680343470647,-0.09259883043743945,0.5163450228336991,0.09784545034454879,-0.5481390771077391
0.11850093285710837,0.1963142902233316,0.21608704797568185,1.1780760783507764,0.3542352173769963,0.33677132221498474,0.28434856442621786,0.2181265150250282,0.15174860293623008,0.24457577576440037,0.25451583054774396,0.38875137355246414,0.20766676492475822,0.32839238284737304,0.2170575445637337,0.3102426804768472,0.22834943103336472,0.22811912616116795,-0.023078422397031086,0.22469507399259994,0.22132039337137158,0.202953225352223,0.1974082485640675,0.34929623802414544,0.2646327129605198,0.25063765099230695,0.20633260571589682,0.09918341457132761,0.33884791131336783,0.15287837042393368,0.12697516223564856,0.3364425616788541,0.15933140719740804,0.3191227093839617,-0.07667543740599643,0.24617263625030486,0.09497185398275407,0.150265966716479,0.12433800034565132,0.04872954183190511,0.1852992334719576,0.212256738181329,0.17274434442559772,0.17317491696049767,0.07075896694884147,0.047949354175769524,0.3449805637817967,0.07060434714198384,0.45482457312419444,-0.00784025176801257,0.005034290644998835,0.11285305238187258,-0.07587216797823255,0.005070575284615977,0.010741321081362852,-0.21768326046193254,0.046434964167548214,0.005371521912310115,0.14179127090381008
0.22921096168510874,0.18756665122186728,0.10808575617624971,0.3542352173769963,1.2065606087555585,0.2982538441160641,0.23779689712730503,0.2027890334218167,0.2671679086567773,0.3027551123673699,0.24247081680386864,0.3586266695240108,0.21018441652620717,0.3616690680033628,0.3069125571359163,0.36354458214983426,0.2114893165381817,0.1605146220231195,0.05044464688561932,0.2395217846245423,0.20263837498256393,0.19456151477499106,0.33788211998304457,0.30701512516950463,0.26117461657411795,0.18801700657370382,0.2540021967241452,0.05222559398093716,0.3612373647904588,0.2645228965900531,0.16557528403748387,0.321648255789274,0.13759850741733734,0.3513597531815437,-0.045593180234165455,0.3303768314616907,0.08446160256613985,0.1588685104132689,0.09485501644330553,0.12057189714494145,0.2445859053023266,0.17818833347546478,0.23995116933429045,0.2714731406724202,-0.0070008470237464615,0.012924886168657503,0.34147529460726694,0.07217417322745315,0.5033937055727855,-0.13019537285818386,-0.0489026368515277,-0.09281569789532862,0.18224710121727872,0.12783707392225738,-0.12940587287962885,0.031224174490834998,-0.11519184144152167,0.1143358629330062,-0.014040217496984473
0.08701196971357007,0.29250906642971725,0.37504447549649966,0.33677132221498474,0.2982538441160641,0.9351963491750709,0.04470574424156721,0.46614844338704176,0.3517522612067132,0.2980090764718567,0.34000614673948043,0.379318483380362,0.23679546340673535,0.3010541981551367,0.3857231287355204,0.3189092799304258,0.3411316550718572,0.2814474440002652,0.22293580930206422,0.43042508446576566,0.29327372163639415,0.25877244149196327,0.052890228869340764,0.41808928562587805,0.3347998740070062,0.48344629686618945,0.277316865922986,0.22938862746628733,0.46702465293677675,0.011301676787271057,0.25947163969355524,0.31100944461502233,0.09294405217928565,0.44680525606082877,0.24636048016838397,0.24320921918155344,0.39835520584492007,0.2365699585461115,0.32745803857384326,0.09223359123766897,0.1579968989839453,0.24914224264970425,0.22280385137637973,0.07001858451008466,0.0813094452658337,0.19643947424452926,0.5617612942286535,0.049634444363171965,0.5955918693064479,0.265533542980751,-0.3331133339008009,0.2702785815156333,-0.17159579040727718,-0.03333834594295112,-0.0385834560403151,-0.049342344720855885,0.19554565678608668,0.04804507674628706,-0.2137782656581735
0.1474154186385016,0.23869066768790403,0.0060843437628816275,0.28434856442621786,0.23779689712730503,0.04470574424156721,0.9646403287181641,0.17362215706719203,0.27914632576077747,0.2625791696684479,0.2895705215073743,0.36616530516594126,0.2236147812756185,0.42853184526016663,0.10602453361400263,0.37778962764427226,0.3124531365490897,0.27386419948961077,-0.10001534003606925,0.12907165857680378,0.2983559958291664,0.404320320932869,0.4775883282355335,0.42697160747947693,0.3023087645920854,0.1334804731931072,0.25297006950457473,0.16098723509625115,0.28574675062346705,0.464327342127889,0.23800108821027527,0.37742621333252485,0.25849760948057116,0.33066337841416976,0.2210982585862149,0.5195999211791528,0.09527474747576908,0.1119298529758709,0.10335914974524833,0.08920543412102445,0.3074522691457265,0.18588747082533302,0.3043158483258376,0.283139440615031,-0.11437264517994403,0.22270115967641965,0.2003316450160803,0.05139062140990771,0.6832288852794076,-0.35273042064321863,0.1255032630431474,-0.029381884570857643,0.31451165348003296,-0.02425113838759727,-0.22333369979408635,0.04678252431176586,-0.022138635259880173,0.2806588988853862,-0.35474937064942663
0.10544441099582662,0.3099092487886148,0.4249295315039659,0.2181265150250282,0.2027890334218167,0.46614844338704176,0.17362215706719203,0.7958385996479723,0.1314876205968307,0.3018789190902347,0.3042453083914509,0.21843962480207074,0.2208923715871151,0.30219380689071357,0.352394734398746,0.3375477984086891,0.41060434796830086,0.3146295526279932,0.29558243813597485,0.38394389748198027,0.2633207326279875,0.25607321141456063,0.12375643993555212,0.3367773458310132,0.3635960738484211,0.338701473308413,0.2354130861748264,0.22327170741361302,0.37756606716060737,0.15053375160004884,0.2707599915734487,0.21035674331492374,0.17211968004057399,0.40075145973525766,0.3761420217157481,0.30703661688420625,0.5449111274877946,0.22544188039078414,0.41037312181780394,0.04794251357151605,0.23396565028542082,0.23527906468374382,0.24407200767564144,0.03841419565871755,0.07047920059428242,0.3852158178990979,0.499754570842872,0.009642661403276602,0.34304681857476227,0.23789386270627938,-0.21690274485748293,0.16146432143659886,0.036101947531725694,-0.14099507310635123,-0.2826416810460373,-0.009996214024888563,0.23911839453432596,0.3110135563720852,-0.48124207751122383
0.024003430743394415,0.2911675883971428,0.4342115802008205,0.15174860293623008,0.2671679086567773,0.3517522612067132,0.27914632576077747,0.1314876205968307,0.6928420334561289,0.2101786753300331,0.26100660493446703,0.31466191837860047,0.2043006763396153,0.34859845564816627,0.2356271159650559,0.30802747706262196,0.24371792058210373,0.21081477999193063,-0.01227331857519655,0.20118367349208996,0.2902735049052997,0.29898932261620376,0.26453213107856427,0.4072479663913949,0.27846403868335246,0.2846971594963152,0.2389814668238914,0.1997358922056293,0.3026249538519121,0.19000161184294392,0.286885885117719,0.3127219166895963,0.17155649033789983,0.341741203363237,0.2774676717441499,0.4132488739297258,0.1965144652754591,0.12791798353835068,0.16904524107454452,-0.01614341217886549,0.2170854456802362,0.1485661878315407,0.20982245436900246,0.15121250707606937,-0.029263771232287974,0.2138839158894278,0.33031283728057453,0.02531957977125528,0.5658405020389741,-0.1494898712316695,-0.12665173120735201,0.0777912354169964,0.17684088377933455,-0.00868805122394369,0.01590675344458366,0.08808527293279092,0.11412814073314137,-0.003562463645828205,-0.27983736526585856
0.10921412701968373,0.3317106687902332,0.3304293417432269,0.24457577576440037,0.3027551123673699,0.2980090764718567,0.2625791696684479,0.3018789190902347,0.2101786753300331,0.614934288024257,0.19556562844003084,0.24633098020243044,0.18877527283522436,0.31335083221418736,0.2811754166577319,0.29186090671759213,0.27214681233255755,0.28845788673361383,0.18509135755324127,0.307055454631126,0.21759315762908088,0.24033070218144945,0.1844930801154754,0.3017074598395371,0.2807266938841646,0.23679657363691564,0.22223522575718507,0.15063861257484815,0.34682310854029486,0.2107289605721068,0.17752052772569327,0.26275432831328016,0.1403917292825842,0.3892700553837741,0.22281135439875369,0.3505456331601774,0.3164961984081145,0.18051582896847795,0.2521469066819166,0.02664800073740896,0.2294179650650608,0.18160845810739737,0.22907918328320329,0.11995825315130638,0.07983538285664392,0.22707597072995947,0.3774722131183464,0.019621934182008475,0.40124880892643167,-0.012053738180428297,-0.04868423232182767,0.0059415879019228315,0.11440644855197558,-0.062371551025369655,-0.11734110367952451,-0.05740053296160251,0.06363726336742581,0.11848287362931736,-0.162320750752397
0.11501755227672147,0.2754506967916507,0.1602483506790049,0.25451583054774396,0.24247081680386864,0.34000614673948043,0.2895705215073743,0.3042453083914509,0.26100660493446703,0.19556562844003084,0.5405765842013224,0.32358570895516947,0.24035553045373736,0.3139259242090693,0.30666711989298573,0.3069729650458528,0.32015334298044124,0.22642751721988746,0.011497880755083668,0.30066153887597913,0.28386917274197054,0.2512749643934309,0.2204675881169077,0.35123354398692447,0.293540966597236,0.28723029451093096,0.2579279382453403,0.15863700343971893,0.3697983589998133,0.2347364740491894,0.21866168993984222,0.2910293611193816,0.1715809842661432,0.35171179391061463,0.25053056574452764,0.3559208872683491,0.22899984619277955,0.1609353640222262,0.2716855108025334,0.07659897036905829,0.2329238499737422,0.18566430021390093,0.2077252566945485,0.1959713640193043,0.12513991665867535,0.1015092333326195,0.39557081088968604,0.05498368327775973,0.4813699655825873,-0.039329891713802044,-0.13795353135982646,-0.05328544731751287,0.21443800881982192,-0.009337308989022394,-0.17582915629378504,-0.02654495956579748,-0.03952566452902714,0.15738915645467588,-0.15491637301432676
0.1508025451118357,0.31842817678627977,0.23991528305536455,0.38875137355246414,0.3586266695240108,0.379318483380362,0.36616530516594126,0.21843962480207074,0.31466191837860047,0.24633098020243044,0.32358570895516947,0.7327730715172031,0.1944946535208309,0.325466390505963,0.2422451584705672,0.30978712217235393,0.2681758510765454,0.3516625398650931,0.01927301179931676,0.26318266998807416,0.2677737356479093,0.2674200234838962,0.22355628440959013,0.3990308525955006,0.30739915278623076,0.34888568273385945,0.28975560145814916,0.14074646489462667,0.40648229721949647,0.12254237740241597,0.18494774763263178,0.3686219152671333,0.08601854878273686,0.4171727222526121,0.2036505616867012,0.4078861348118587,0.10183990181940326,0.1341490920395624,0.11474147458767726,0.0697162289610218,0.2069612630704062,0.1785388120685074,0.17320626287076973,0.1557010416763652,0.208705051207995,0.04672367954982519,0.3481400196624444,0.09211352256381491,0.7115907392754606,-0.13015370498962098,0.008971672300948091,0.006569938803394128,0.03263561298580736,0.04774041132634884,-0.19812397753878752,-0.054253844394798176,0.0780075595939357,0.20243351512545335,-0.2680625372858503
0.08268773206378056,0.2180853764214347,0.17386137484572645,0.20766676492475822,0.21018441652620717,0.23679546340673535,0.2236147812756185,0.2208923715871151,0.2043006763396153,0.18877527283522436,0.24035553045373736,0.1944946535208309,0.35126810513694373,0.1971732640512424,0.13804056380431837,0.2096202173937704,0.23435503338594882,0.1590857362340258,0.07176625644459043,0.18323105595624287,0.20106355634991566,0.29321825021650183,0.20828387181072136,0.24680377151669441,0.19421234042134544,0.2011023903219481,0.19101361101905934,0.1319216802679266,0.2848169865489195,0.1802937318040865,0.14306337659262985,0.21669047762531893,0.13291881468541594,0.3084901909024721,0.16636635355082602,0.263312993498168,0.16535600673190237,0.1038490892923423,0.23521482522332762,0.03603900315927245,0.19470284750092748,0.1421189294763873,0.16928011476565527,0.20920375921810044,0.06785727816977437,0.07689819672216537,0.2487853480032054,0.03172835868690046,0.41041061135101004,0.038073047790163364,-0.0606762938733171,-0.04261650486666522,0.05336710089777817,-0.006888270338263707,-0.04746398671505728,-0.033986898313368395,-0.12471483159407534,-0.03316725408148695,0.10094229575198607
0.07857076679516936,0.18140272953045838,0.2132231758346194,0.32839238284737304,0.3616690680033628,0.3010541981551367,0.42853184526016663,0.30219380689071357,0.34859845564816627,0.31335083221418736,0.3139259242090693,0.325466390505963,0.1971732640512424,0.7952471857286024,0.2328925111084446,0.5022598456106672,0.30241484791361567,0.147801955522017,0.10530555734851017,0.29278011248818303,0.31134909741926015,0.28286149510054703,0.3035993073939208,0.412018068295219,0.41117984080193515,0.23620204754371765,0.2966666832781619,0.2847466994038298,0.3463218782803777,0.5028913996862373,0.2678055492792542,0.607111631427455,0.3128650908892697,0.3159942201301166,0.2939844360548397,0.47318670408844726,0.2111632704665734,0.19206883608226266,0.20312232023810575,0.04996953009473264,0.4009930466269663,0.25184749223972536,0.28046474685150974,0.31372743353838617,0.09301684217194287,0.10749076378927426,0.4868317457052651,0.07058576494012284,0.6970997162031991,-0.17284324486807295,-0.02507212128570339,-0.03939776352552737,0.2261018059118479,0.017405588490974795,-0.16144208568114676,-0.10175941646697788,0.20398553133363212,0.16235292047726615,-0.08815819180105615
0.13211572642632438,0.4471736813982316,0.47789621361879586,0.2170575445637337,0.3069125571359163,0.3857231287355204,0.10602453361400263,0.352394734398746,0.2356271159650559,0.2811754166577319,0.30666711989298573,0.2422451584705672,0.13804056380431837,0.2328925111084446,0.8226275278211157,0.28715747000732494,0.3378402625284943,0.3093118705911574,0.18150700919814808,0.33189844910046,0.2859749545934466,0.054067478103274814,0.11967798531507987,0.3061882255732556,0.35251737311929005,0.3105756848528871,0.2059109322233316,0.31981249087994507,0.3589607340600113,0.16356789292935453,0.22547635713617656,0.1878062585776853,0.1838497762650681,0.3063335828729194,0.23549850917005857,0.3273969020484874,0.49933937522219296,0.21459428677280526,0.32119879084666475,-0.0005100791498166674,0.2767215835946127,0.17054580181660298,0.1689680123266348,0.0916364938951426,0.26158617121787336,0.22704408116889874,0.3736347967954512,0.017352527523213906,0.04282111509035306,0.37122599910367815,-0.1265185482091576,0.18829231939311716,-0.33863017031310916,-0.06378025735122307,-0.12138825604838395,0.050883369420073876,0.04552973740678675,0.12628800402090617,-0.2386696861733288
0.09766276438361765,0.2685807486698065,0.29607017324260926,0.3102426804768472,0.36354458214983426,0.3189092799304258,0.37778962764427226,0.3375477984086891,0.30802747706262196,0.29186090671759213,0.3069729650458528,0.30978712217235393,0.2096202173937704,0.5022598456106672,0.28715747000732494,0.6613220065889234,0.42636066775087045,0.20597306532139714,0.1199231312260741,0.30557026152205613,0.3191789157373988,0.2766457450992495,0.17665735387745146,0.3646603853714197,0.4085953982844429,0.24361988839281137,0.3061271589400327,0.33116812625101705,0.37384161902096635,0.42983122313123695,0.24733334292209544,0.39821970948267077,0.25714568189571707,0.37756609171704686,0.4020294681074912,0.4014935504185619,0.3958347100492469,0.22409064320156696,0.29885254934716515,0.07212590150845019,0.39059148290307727,0.266573016922355,0.3008777205610684,0.23637818425692392,0.10222568685046605,0.1559890156910546,0.46798875100848664,0.05022595299875977,0.4559598186456945,0.013255257255835963,-0.1125541085659001,0.049532895261167935,0.057184821396754175,-0.009266237516448863,-0.21152949647179106,-0.010511359683589957,0.030211693426503688,0.2173609441248279,-0.18312814252914153
0.08300873068159148,0.3235754816763859,0.3453577470869501,0.22834943103336472,0.2114893165381817,0.3411316550718572,0.3124531365490897,0.41060434796830086,0.24371792058210373,0.27214681233255755,0.32015334298044124,0.2681758510765454,0.23435503338594882,0.30241484791361567,0.3378402625284943,0.42636066775087045,0.8584962610361303,0.28882418964984624,0.09191600881443383,0.33379873589615355,0.35505032595659525,0.3493969567364218,0.1771538190487106,0.25442903330550226,0.371677015223031,0.24772025719679916,0.22657654895414228,0.3916712342299747,0.4218582899656599,0.2556125349832282,0.26972212671229506,0.3032677985508471,0.2536492066449543,0.4574814708701296,0.4263799969797535,0.4103820003439155,0.6378643967052275,0.27100918186670314,0.26520049625348235,0.008805056292339235,0.36521114119328757,0.2846999797867822,0.23753669850491554,0.17690498357821408,0.25067040606010477,0.2748603984681259,0.5245415652531749,0.010022780875308708,0.376142140889797,0.21032553112174876,-0.0077264862876136224,0.0622222809805964,-0.2641522466754383,-0.046110428675140966,-0.5188299828609284,0.027893289905634888,-0.14700989164057743,0.48653557102302714,-0.4848302556837167
0.14396397448910703,0.45333829976861034,0.3203808572978669,0.22811912616116795,0.1605146220231195,0.2814474440002652,0.27386419948961077,0.3146295526279932,0.21081477999193063,0.28845788673361383,0.22642751721988746,0.3516625398650931,0.1590857362340258,0.147801955522017,0.3093118705911574,0.20597306532139714,0.28882418964984624,1.2870390545091128,0.16170009978825386,0.1176568394103565,0.30062645531084264,0.2765264856093763,0.2445131197585691,0.47959021688623477,0.284277675150504,0.5264568737574911,0.06607665306912067,0.3313253674564849,0.3442905238814352,-0.07800670412393113,0.24824942350689821,0.21553248913932668,0.13895884482458382,0.2940937163554622,0.2419053853701144,0.4379752960271637,0.35119511615888555,0.11557857128090807,0.11853298445891074,0.18055164108018162,0.2423537266272446,0.17941545625303168,0.14498542692704647,-0.0040030672580700566,0.20919090667366785,0.2960372084032564,0.21090214959132147,0.016339112645240805,0.4220676325501194,0.07213247583618713,0.5139476858116794,0.12340437250331587,-0.7160616482314063,-0.10124992458577052,-0.18688819647891614,0.06177970159146175,0.18582011282798344,0.21917499530001183,-0.48699138128748065
0.03640645852796653,0.016790904835368294,0.4272942874460425,-0.023078422397031086,0.05044464688561932,0.22293580930206422,-0.10001534003606925,0.29558243813597485,-0.01227331857519655,0.18509135755324127,0.011497880755083668,0.01927301179931676,0.07176625644459043,0.10530555734851017,0.18150700919814808,0.1199231312260741,0.09191600881443383,0.16170009978825386,1.6653635201122474,0.2985570519346189,0.08091819406263821,0.06593777170491115,-0.08379898063667507,0.03261809904685481,0.09825575110139326,0.04840421335729251,0.07170071837441777,0.1327612566516599,0.16623721123747198,0.03170228258626227,0.14716883164250932,0.08413131823389663,0.13575320322192047,0.12309603853663244,0.09495789851001404,0.13755942534025462,0.2855941593066816,0.19930157498570694,0.22777680507492207,-0.009799501506875353,0.17356776954025996,0.1635545895689556,0.0980668813356581,-0.07012814673961448,0.2618509320518124,0.26665363983645696,-0.082769351297527,-0.03629773300940376,-0.5455248170265112,0.31380199741116577,0.033013226444894635,0.16843257297837322,-0.26460798337625124,-0.14077404406920677,0.044306546565674315,0.050531664911094065,0.14340786477704243,-0.02451221823796808,-0.011578315615793968
0.1124258715960133,0.3053437062501242,0.4060351833274286,0.22469507399259994,0.2395217846245423,0.43042508446576566,0.12907165857680378,0.38394389748198027,0.20118367349208996,0.307055454631126,0.30066153887597913,0.26318266998807416,0.18323105595624287,0.29278011248818303,0.33189844910046,0.30557026152205613,0.33379873589615355,0.1176568394103565,0.2985570519346189,1.2752482185201597,0.12545530237496344,0.04352714705634307,0.2728588195893384,0.3506023735242226,0.29333717340326987,0.4157841548037266,0.3675346750923626,0.06055862601939223,0.48998144297994345,0.20766095412704905,0.28142815560229867,0.24209207317706946,-0.0023954928412631615,0.43112710599916554,0.2195630181825425,0.36167658019517074,0.5932266654608666,0.504615600502239,0.3381698967481888,0.16497665981964968,0.32579495330660785,0.43080377894521377,0.299551114658979,0.12030503792667267,0.3613092686392446,0.23905241125630644,0.34988539250534967,0.14508812787546257,0.6345968985642081,0.09159896982427647,-0.1275395097659779,0.08112668987393537,0.16035730645394145,-0.09256431403951239,0.01302878292010638,-0.04036566526839127,0.1604647060004501,-0.03630176646834864,-0.10060747789685849
0.09440222766122126,0.3681929594014493,0.28285173592065455,0.22132039337137158,0.20263837498256393,0.29327372163639415,0.2983559958291664,0.2633207326279875,0.2902735049052997,0.21759315762908088,0.28386917274197054,0.2677737356479093,0.20106355634991566,0.31134909741926015,0.2859749545934466,0.3191789157373988,0.35505032595659525,0.30062645531084264,0.08091819406263821,0.12545530237496344,0.64148433300367,0.28580308553297296,0.18197131961206595,0.32292636867515045,0.31327204008285564,0.3183308429068473,0.2033373121422684,0.3617888370941908,0.3228116431417329,0.31481092580299175,0.3663734173721325,0.31855120430603406,0.32827043172890846,0.3290070242179654,0.3609250256977193,0.42921431590689624,0.2964713430350055,0.15770519336413596,0.25641725070598587,0.014943033943543519,0.39797955685147385,0.16092980909730548,0.21446338207259016,0.2204733166603644,0.060311039147974255,0.19248277636968775,0.41262087280099624,0.030759015589320392,0.33958800461852,0.03845697151664041,-0.07083099772970604,0.09122145960732513,-0.08126583496555315,-0.03334739180206233,-0.21228304919390342,-0.008245783383571594,-0.06547617368463814,0.21111300630883265,-0.15840659279632124
0.15145141326312897,0.12558996403258002,0.20314638185544043,0.202953225352223,0.19456151477499106,0.25877244149196327,0.404320320932869,0.25607321141456063,0.29898932261620376,0.24033070218144945,0.2512749643934309,0.2674200234838962,0.29321825021650183,0.28286149510054703,0.054067478103274814,0.2766457450992495,0.3493969567364218,0.2765264856093763,0.06593777170491115,0.04352714705634307,0.28580308553297296,1.4754427844155513,0.41595695721340337,0.298570014755267,0.18556618285003512,0.33353622643961134,0.27451093365439366,0.19944685006905308,0.27525758026212266,0.2724917719902315,0.2494359075728033,0.34946662115990096,0.2889736734318512,0.37999592720468467,0.2472184717648184,0.4301350893285349,0.15616084490712717,0.15564969087035108,0.3569847054188217,0.04225150000048032,0.27606644025429394,0.15088240276078851,0.27873411164046497,0.4767128502271322,-0.2483677568647113,0.2519999284394734,0.3164888894940443,-0.23826146364367015,1.1568302877626722,0.06802873289621898,-0.09026109312303042,-0.16848280803131357,0.1223997061812044,-0.037280589293064284,-0.15478474723722885,0.01622261464253174,-0.05982707277821816,0.13200673531889648,-0.27364649131252106
0.16260296858084083,-0.3040681233734265,-0.056697294478706875,0.1974082485640675,0.33788211998304457,0.052890228869340764,0.4775883282355335,0.12375643993555212,0.26453213107856427,0.1844930801154754,0.2204675881169077,0.22355628440959013,0.20828387181072136,0.3035993073939208,0.11967798531507987,0.17665735387745146,0.1771538190487106,0.2445131197585691,-0.08379898063667507,0.2728588195893384,0.18197131961206595,0.41595695721340337,2.0188635758903746,0.3882146102421007,0.3451630681752541,-0.15047164885881023,0.26068382814136,-0.21820422205582363,0.43096353939932136,0.6662631824601288,0.46762016946085205,0.24935831966162605,0.11143136757607747,0.4156475548259218,-0.08373543682988012,0.9832060834617818,-0.2413086181835279,0.11055631933516899,0.031188657348534023,0.18525863177510699,0.41352300939797576,0.08581397736878506,0.25326100869550133,0.9397492037594797,-0.2875166714053672,0.24141926494867594,0.22125479051940977,0.05025993903811449,0.4903642899907573,-0.7759724515808953,0.35530888990294196,-0.3277646146759811,0.687199870381222,0.024875701543226464,-0.07439040256123565,0.11599311410116225,-0.09115815963596594,-0.016190766910433106,-0.1622358691404334
-0.15087742087050185,0.264123166137857,0.3532391837990634,0.34929623802414544,0.30701512516950463,0.41808928562587805,0.42697160747947693,0.3367773458310132,0.4072479663913949,0.3017074598395371,0.35123354398692447,0.3990308525955006,0.24680377151669441,0.412018068295219,0.3061882255732556,0.3646603853714197,0.25442903330550226,0.47959021688623477,0.03261809904685481,0.3506023735242226,0.32292636867515045,0.298570014755267,0.3882146102421007,1.4435801499987813,0.4566514165892963,0.21523443303200382,0.2711187041366849,0.26602458910901966,0.44159130779837164,0.43661398334224466,0.3704332177723624,0.3757707364740402,0.3003585134459349,0.20155748757126843,0.315711174716312,0.7161001161484133,0.32391612667147934,0.19151042906612634,0.1432856021469625,0.03220087958449967,0.2984575751382133,0.23287383622154617,0.19156350037892125,0.14180166340551228,-0.11706622223146541,0.2493764813526072,0.3678504824485393,0.12411176278781216,1.0730828772016392,-0.17218480042864573,-0.11415197302009641,0.1401974094568791,0.1894780790209158,-0.051100403732720324,0.00822082764274837,-0.009508147831723185,0.38089726317348094,-0.0887756118614936,-0.21598268188806402
0.09089919357321402,0.295990877075378,0.3438695547666817,0.2646327129605198,0.26117461657411795,0.3347998740070062,0.3023087645920854,0.3635960738484211,0.27846403868335246,0.2807266938841646,0.293540966597236,0.30739915278623076,0.19421234042134544,0.41117984080193515,0.35251737311929005,0.4085953982844429,0.371677015223031,0.284277675150504,0.09825575110139326,0.29333717340326987,0.31327204008285564,0.18556618285003512,0.3451630681752541,0.4566514165892963,1.188700628339431,0.14358658967507174,0.30272928822579614,0.2613895547198816,0.633786622928108,0.5874797667506966,0.19808027474395704,0.31792285484502963,0.26655173173139446,0.5706269390417434,0.4325419159921098,0.5111330785753913,0.5337526711760822,0.21636921042977994,0.49101685881801765,0.017059818424912585,0.37301824993757504,0.22106416287310782,0.3953365761397211,0.2996348511191831,0.3764318354690437,0.33654251775824107,0.5115955082359291,0.031751690583798106,-0.000414944781048486,0.04321429604809221,-0.22664445098324879,-0.0833218234503683,0.2690597597994828,-0.04299210148211165,-0.15295956018805998,-0.04116363841778348,0.13310981498392294,0.15262181531619284,-0.19926475749419978
0.14859621185269767,0.4234905907751373,0.345454401815629,0.25063765099230695,0.18801700657370382,0.48344629686618945,0.1334804731931072,0.338701473308413,0.2846971594963152,0.23679657363691564,0.28723029451093096,0.34888568273385945,0.2011023903219481,0.23620204754371765,0.3105756848528871,0.24361988839281137,0.24772025719679916,0.5264568737574911,0.04840421335729251,0.4157841548037266,0.3183308429068473,0.33353622643961134,-0.15047164885881023,0.21523443303200382,0.14358658967507174,1.8087664169992979,0.19672285698791686,0.39298726418732577,0.17886399157640762,-0.6534176770737903,0.3943947512227671,0.2910026441282423,0.15584189999055933,0.3633517918383617,0.2493559635955575,-0.060652321143795256,0.06277750026595366,0.18330167065680958,0.5036156806719856,0.30310197265961697,0.0897777830939733,0.403617729089198,0.16973321001981556,-0.03887886142592176,0.041912063953432895,-0.07353018254764833,0.29057713840968197,0.0933866711545175,1.2750051317252484,0.7202377218547824,-0.3966495585043228,0.2954256511549983,-0.7604866877243708,-0.0453176379708507,0.14070262467299663,-0.07434536451163848,0.243874236939325,-0.09685630807215456,-0.141064921642501
0.10978577168565917,0.20629413211827768,0.17118567193080372,0.20633260571589682,0.2540021967241452,0.277316865922986,0.25297006950457473,0.2354130861748264,0.2389814668238914,0.22223522575718507,0.2579279382453403,0.28975560145814916,0.19101361101905934,0.2966666832781619,0.2059109322233316,0.3061271589400327,0.22657654895414228,0.06607665306912067,0.07170071837441777,0.3675346750923626,0.2033373121422684,0.27451093365439366,0.26068382814136,0.2711187041366849,0.30272928822579614,0.19672285698791686,0.6985259376309827,0.20622541987515036,0.27125378179521253,0.31867917031335447,0.232112542563441,0.32638723835582384,0.24398344273946973,0.3372539260346835,0.24178135265694262,0.4038994235835769,0.26561809372045403,0.1965133150414164,0.25565058943239966,0.08921055934719684,0.24786371993158296,0.18391429170116402,0.3353327417843543,0.25232272715085813,0.11644464968391707,0.06752739369866557,0.29541821040142924,0.08275417038756365,0.6681147330732099,-0.05005358470155881,-0.18422421012490456,0.08856443043950253,0.1793902314544807,-0.004930210093950326,-0.027485048786553522,0.012357761158641537,0.05299465645542077,0.03386782448147282,-0.10653429886936377
0.04273096387965532,0.37392663572577983,0.2839869103417499,0.09918341457132761,0.05222559398093716,0.22938862746628733,0.16098723509625115,0.22327170741361302,0.1997358922056293,0.15063861257484815,0.15863700343971893,0.14074646489462667,0.1319216802679266,0.2847466994038298,0.31981249087994507,0.33116812625101705,0.3916712342299747,0.3313253674564849,0.1327612566516599,0.06055862601939223,0.3617888370941908,0.19944685006905308,-0.21820422205582363,0.26602458910901966,0.2613895547198816,0.39298726418732577,0.20622541987515036,1.4777697147725977,-0.06415991886623937,0.3396238179627103,0.28958152957353206,0.4462393470909946,0.7466300069697304,0.17664718119340353,0.8591703848938618,0.1765564863050145,0.5310334116589034,0.17789498110243662,0.22888413917474607,-0.03517604609413535,0.3416788014953262,0.05881786295545082,0.39637431198257506,0.3483524782050227,0.38695986995255355,-0.04837597930601228,0.2452364340443846,0.08800696607360395,0.12361351569542109,0.33404472531707713,0.049088925672542784,1.103011157982667,-1.637078970299409,0.013665985792632533,0.1050292533449844,-0.0216367359158225,0.11069583997729135,-0.016855477975072468,0.11771378246275079
0.05141229581153461,0.3958972403924694,0.3782919094038826,0.33884791131336783,0.3612373647904588,0.46702465293677675,0.28574675062346705,0.37756606716060737,0.3026249538519121,0.34682310854029486,0.3697983589998133,0.40648229721949647,0.2848169865489195,0.3463218782803777,0.3589607340600113,0.37384161902096635,0.4218582899656599,0.3442905238814352,0.16623721123747198,0.48998144297994345,0.3228116431417329,0.27525758026212266,0.43096353939932136,0.44159130779837164,0.633786622928108,0.17886399157640762,0.27125378179521253,-0.06415991886623937,1.7240952017123023,0.3627698505544555,-0.15274486791263608,0.3659888757180016,-0.23465643923565516,0.7571116119055777,0.1728950578617533,0.8182828562815475,0.08110567670786868,0.15438217651774389,0.3099121463764462,0.033043081823489126,0.4697756697723862,0.26114947378343045,0.06347642455966004,-0.16811872396027464,-0.005850970040121824,0.4822870643900887,0.5168056270830463,-0.04765404816469674,0.7357854835346362,0.1939162953744379,-0.27897284561469443,-0.07207111000958863,0.0768350308719398,0.033839537833681835,-0.46261470506972097,0.009637473990739841,-0.2075880183928305,0.3694821457187705,-0.27749684396469554
0.14449495233849366,0.05366006564228131,-0.2429318844340236,0.15287837042393368,0.2645228965900531,0.011301676787271057,0.464327342127889,0.15053375160004884,0.19000161184294392,0.2107289605721068,0.2347364740491894,0.12254237740241597,0.1802937318040865,0.5028913996862373,0.16356789292935453,0.42983122313123695,0.2556125349832282,-0.07800670412393113,0.03170228258626227,0.20766095412704905,0.31481092580299175,0.2724917719902315,0.6662631824601288,0.43661398334224466,0.5874797667506966,-0.6534176770737903,0.31867917031335447,0.3396238179627103,0.3627698505544555,2.6752440574842806,0.19499180183520903,0.4008752904983995,0.4962545934973773,0.17306953534255198,0.594266825313424,0.7799716005054071,0.447614805587968,0.27686305513477977,0.19639637180447642,-0.09971007964347155,0.8218382119289237,0.15777740338821283,0.9448022762134655,1.0834363704466898,0.704120034769396,0.16131602446563442,0.39487758727335903,0.03487998123333667,-0.3788064729610465,-0.7549519507665352,0.0757560967605877,-0.5144994875638312,0.9023790069360942,0.13376603060668482,-0.23913571018002386,-0.07437245894295991,-0.43666219612444457,0.5412894843371533,0.07458390318460417
0.06870168428944377,0.05629007884370206,0.30848263218326377,0.12697516223564856,0.16557528403748387,0.25947163969355524,0.23800108821027527,0.2707599915734487,0.286885885117719,0.17752052772569327,0.21866168993984222,0.18494774763263178,0.14306337659262985,0.2678055492792542,0.22547635713617656,0.24733334292209544,0.26972212671229506,0.24824942350689821,0.14716883164250932,0.28142815560229867,0.3663734173721325,0.2494359075728033,0.46762016946085205,0.3704332177723624,0.19808027474395704,0.3943947512227671,0.232112542563441,0.28958152957353206,-0.15274486791263608,0.19499180183520903,1.8447102245727773,0.23470221055957347,0.2441752004942553,0.24663846259979816,0.33626698614023964,0.48645427292627574,0.37613091030170176,0.2637284555250019,0.3347984724788244,0.10684590847028265,0.19399317755988738,0.2738773685192686,0.23689978701800965,0.40462987995562383,0.28190234402498277,0.23218043091605994,0.4199065166768242,0.08481749846968244,-0.16986429705619985,-0.011293696828375603,-0.1168678095719322,0.26294881073180976,-0.03410534327201658,-0.09571936914881,0.3861525487914226,-0.009792980858313339,0.7478436117561829,-0.47727894880527505,-0.25815767521493194
0.07200079044202401,0.21585175473593382,0.1408761227412352,0.3364425616788541,0.321648255789274,0.31100944461502233,0.37742621333252485,0.21035674331492374,0.3127219166895963,0.26275432831328016,0.2910293611193816,0.3686219152671333,0.21669047762531893,0.607111631427455,0.1878062585776853,0.39821970948267077,0.3032677985508471,0.21553248913932668,0.08413131823389663,0.24209207317706946,0.31855120430603406,0.34946662115990096,0.24935831966162605,0.3757707364740402,0.31792285484502963,0.2910026441282423,0.32638723835582384,0.4462393470909946,0.3659888757180016,0.4008752904983995,0.23470221055957347,1.0878408243679183,0.31197030940082643,0.35930606890755107,0.18385033560437467,0.5027518946888399,-0.06585461449090076,0.1879995481832152,0.10385390905650681,0.09066588147305862,0.38987180728013465,0.26245735707943213,0.27609488349992095,0.25778053113232724,0.15691567586648586,0.0484039719546564,0.38732257591906766,0.046866255735358464,0.49241546640920375,-0.22516877572967867,0.22804188183743368,0.448937447099817,-0.5188473734647281,0.03779966468060561,-0.06803633844184737,-0.08957547693849656,0.14181659367625518,0.08769975120318524,-0.023664698149018226
0.04518702245733866,0.17292095320127202,0.12587242641667054,0.15933140719740804,0.13759850741733734,0.09294405217928565,0.25849760948057116,0.17211968004057399,0.17155649033789983,0.1403917292825842,0.1715809842661432,0.08601854878273686,0.13291881468541594,0.3128650908892697,0.1838497762650681,0.25714568189571707,0.2536492066449543,0.13895884482458382,0.13575320322192047,-0.0023954928412631615,0.32827043172890846,0.2889736734318512,0.11143136757607747,0.3003585134459349,0.26655173173139446,0.15584189999055933,0.24398344273946973,0.7466300069697304,-0.23465643923565516,0.4962545934973773,0.2441752004942553,0.31197030940082643,1.6328040028366788,0.07993280882983152,0.09503300638577813,0.0019235173431588477,0.6177507852648583,0.18956160494591606,0.34198729249051263,-0.0832614970750888,0.10873003656931643,0.055481187627316464,0.5195067577661654,0.6229173567080529,-0.04884250206514792,-0.13760450774962574,0.46302002690768695,0.17977733418128164,0.4068231915380529,0.11177893767551798,-0.29978671276529534,0.1429423491826152,0.09752140165809851,-0.13054181048440658,-0.0031653513834133864,-0.05947214288422303,-0.14164838137596256,0.12768840969049888,0.16832250434362625
-0.22455232244943382,0.3835599671104921,0.4645490221625022,0.3191227093839617,0.3513597531815437,0.44680525606082877,0.33066337841416976,0.40075145973525766,0.341741203363237,0.3892700553837741,0.35171179391061463,0.4171727222526121,0.3084901909024721,0.3159942201301166,0.3063335828729194,0.37756609171704686,0.4574814708701296,0.2940937163554622,0.12309603853663244,0.43112710599916554,0.3290070242179654,0.37999592720468467,0.4156475548259218,0.20155748757126843,0.5706269390417434,0.3633517918383617,0.3372539260346835,0.17664718119340353,0.7571116119055777,0.17306953534255198,0.24663846259979816,0.35930606890755107,0.07993280882983152,1.8215506262983132,0.4058729395615918,0.3456634709987199,0.5382128921289439,0.22069574592864358,0.6214966233731587,-0.013916393168112069,0.43307609301798883,0.22020348144410368,0.6198141610611149,0.4383534211981403,0.5148268304170028,0.23836057727096924,0.7316452824789846,0.04159992039338253,0.29507446956881916,-0.1276798166893266,-0.10563268772822723,0.007745162114114577,0.21114970327483376,-0.06458660448531982,-0.4660015884058991,0.05936706319737548,-0.36326516903158035,0.431570192180041,-0.1731043018117249
