0.7771116850430912,0.27451319213680025,0.5595000372793225,0.002045242521412433,0.22793076599288578,0.22925630193413835,0.2434165694550582,0.23084957279021584,0.21005238571119958,0.18182872769397662,0.1950396998367486,0.20735252396108025,0.19569029090259266,0.20643101886459148,0.18031602914620573,0.18272805855515886,0.16115792600654472,0.17830004077747152,0.180574629007622,0.12841143313510858,0.15983751414839745,0.20645087890341296,0.17849113849561127,0.14531799323573832,0.20191307241969927,0.1943413184963541,0.17915918243292073,0.08862487504227759,0.15257908774109685,0.15905891554361487,0.1502123652824407,0.18680436954848897,0.1606708452555084,0.09053851951678664,0.14157591872909825,0.170469185277242,0.1886293079056431,0.16720606175288322,0.21904422892435546,0.13559655988902836,0.09792388896869852,0.15373940231086844,0.21261109984281992,0.054183997026548046,0.08496398275820916,0.2726885391291261,0.18608007691126321,0.05709105895607309,0.2926377091352608,0.04636931975025197,-0.025731466802636535,-0.0946387250149279,0.07969987990717131,-0.004188268091293173,0.04421162463907336,0.019986863604561703,0.007409011953351857,0.007373942446701665,-0.1348190049551877
0.27451319213680025,1.8564003219892837,1.2874415161905493,-0.020887136767557653,0.09512361052975309,0.3857496965862985,0.17866395143316857,0.29952372417610396,0.3129608424676288,0.24896458340701139,0.29969166514127704,0.22854669572198658,0.2503933229965949,0.14801641830442683,0.3663936200774442,0.15603428786423348,0.27110908777247533,0.21317267533072926,0.21285747206715594,0.45889301331780225,0.24209976018470022,0.21222949431712104,0.027095800616067676,0.18738407753965866,0.22103601290487535,0.2840422375183657,0.27007152618596825,0.2915723342569865,0.30952188772634964,0.15192599623667793,0.2982093371933406,0.1986276591922087,0.1683050809093604,0.31370390593429565,0.15192010371043346,0.3094304412174925,0.5147614031837477,0.1530174851226242,0.24879583630814237,0.21213477030410158,0.2060401984904266,0.2390214983793365,0.2705736085065586,-0.020987813892802912,0.1738035474011724,0.4166021016110582,0.20009073838487845,0.09450468843647564,0.2940431985527159,-0.19769501723691163,0.22590033167535983,0.12880836928941594,-0.03593857663484714,-0.056083051725112264,-0.06402245912630329,0.03434409578337265,0.08556647625291132,0.05003219424446878,-0.13470580670294274
0.5595000372793225,1.2874415161905493,4.291497266921923,0.14302253161029976,0.20757982341304396,0.638308741022156,0.29623160251216574,0.5590650378194576,0.518617456989481,0.5997994003536764,0.61503494780266,0.5245427284301408,0.4969921916784988,0.35695944415170233,0.5353414295205224,0.3786982919223431,0.4891695185500967,0.3722649137177278,0.4599704872755023,0.3978465031268001,0.43343319860104923,0.4511537707614345,0.38021254048852393,0.4503759891211036,0.47287959643215055,0.4174534443839453,0.46494711485658036,0.48535289352309574,0.5332297320849665,0.21632700977964286,0.39832579486092906,0.39454315968195175,0.2643425053229732,0.5590269132819174,0.2835498944402766,0.8098492822863465,0.5271707197957327,-0.08311099097499931,0.5499708377139761,0.3753458788122135,0.24385312349252755,0.431227051847747,0.35608505786338035,-0.09562609288748704,-0.086221880803079,0.6778116098771572,0.32689687507147686,0.09167083168481469,0.45288322519543006,-0.05000265323985493,0.12381688351487918,-0.005639896294994472,0.06024472190424148,-0.11341106739456344,0.13460182311661179,0.13317318803795525,0.17063273797194004,-0.23126263613447853,-0.2750259212005201
0.002045242521412433,-0.020887136767557653,0.14302253161029976,1.8717527879599072,0.5568934690845224,0.5911395563422605,0.4806500275403716,0.5387679584995845,0.3517601492224341,0.47607724178726984,0.45272004529970045,0.5152029607323197,0.5162262116923206,0.5631022403330892,0.3851684129775217,0.5204248772844738,0.4135178217131635,0.49929447748902106,0.38586007370402653,0.2206085944573436,0.3902043384204985,0.4673142420586456,0.5350847026578556,0.4893515229110469,0.46678843070184095,0.42291789368116633,0.40752153238167593,0.3688620234272471,0.35694533565132375,0.29849325431330775,0.42922767224430153,0.5166471172451857,0.3748715525420768,0.5724825516707271,0.291780996517301,0.544141693978572,0.5368623341384283,0.4764685215085773,0.48060255221558146,0.1385687196557764,0.20883462679363898,0.3819525807536308,0.416763815551343,0.5015275392264275,0.08688392118268845,0.49180760894528547,0.43809900101350474,0.1202020550988847,0.05695345600784132,0.21218712252889943,-0.19966637201654794,-0.05487333353178294,0.033573420660429024,-0.0009369664237270893,-0.0438617507515803,0.013305038391560345,0.01752665931061849,-0.1799267905704512,0.19044911956529162
0.22793076599288578,0.09512361052975309,0.20757982341304396,0.5568934690845224,1.289316706147139,0.2737463260373394,0.3584653813994879,0.4053859263596621,0.20663463870170296,0.3146399692114099,0.26587764765325533,0.32578995067695193,0.34401932708881305,0.27052020427560647,0.3566791053649071,0.3342868483938701,0.2509679568171394,0.3390000572326701,0.5500602070884063,0.1716079640426889,0.2711497376563279,0.26862656668013374,0.30757201228971215,0.2619637659861768,0.2662301639528574,0.23897855766416787,0.23963656379931605,0.17240834548680156,0.24862477139257488,-0.0074793028578665766,0.24880912700009464,0.2653102247880295,0.3121146338599145,0.3695837237570696,0.07781880192351058,0.34931129156319085,0.50179477994908,0.12216431811579356,0.3358824862661409,0.1257666614157703,0.09039976164404996,0.2628117872227083,0.15194884573911885,0.10559166019664441,-0.05670174978693402,0.33793690216302746,0.20035059351853957,0.08670009997771322,0.15283381870638726,0.30839608115047606,-0.138981198090427,-0.1749331569670285,0.0034933435072356093,-0.01763163801337068,-0.01478158373284571,-0.05299340632776855,-0.06203742747558507,-0.0981033868798487,0.2107600851001878
0.22925630193413835,0.3857496965862985,0.638308741022156,0.5911395563422605,0.2737463260373394,1.1357706811457013,0.31243279182234296,0.7458702469613392,0.42286618994972414,0.34647567396407153,0.4802454992808879,0.4153092726352975,0.42257979792000316,0.37659499450992456,0.5068890256437226,0.3927097307808439,0.4702405955247329,0.43934003993629933,0.574996427661989,0.33394011288675335,0.37416802514481795,0.4194343316396003,0.40204057905778673,0.3945187071122461,0.4664001706412226,0.43468102383194984,0.40260016350665295,0.36382240823863243,0.46753025745746285,0.1710026787307411,0.3690446518368273,0.3926992280251311,0.272055861588665,0.5875251940257202,0.27414437048169776,0.3982307257485522,0.5899982441006186,0.3746987941045266,0.522293836513081,0.22328548065528464,0.03631537235086449,0.36152212439817494,0.4207225735518448,0.30945202702946883,0.22257165914631713,0.40348028795583885,0.3353859077033682,0.10592737230601618,0.19916174891543895,0.28018113608932943,-0.2526762483879566,0.02131512198201057,0.02321483200058092,-0.07123791055212413,-0.10123057344504098,0.029579943797826427,0.023992484610162446,0.06350906180118181,-0.13444868136736476
0.2434165694550582,0.17866395143316857,0.29623160251216574,0.4806500275403716,0.3584653813994879,0.31243279182234296,0.5888476357497127,0.2596417392075276,0.36174025804777665,0.24052225743381045,0.29164002782181175,0.3874475147918099,0.2513034074204429,0.15111862966081194,0.21609623466258052,0.2416601428477505,0.2863338781740358,0.3136347027983024,0.26617852026811145,0.19831004545631364,0.2254026747740445,0.2932375372545594,0.33520897502479186,0.26941394395441737,0.2643178155015408,0.2647545998621045,0.24880043697589171,0.17667656031484247,0.2196946580173836,0.11740386301243558,0.23844933402265805,0.1932137173952105,0.23112975941504776,0.3009769387615243,0.18018710024798507,0.3252917336469998,0.3415597720973235,0.22057306531535714,0.3212095790881256,0.15256377830844103,0.09124253126762553,0.21941735518196404,0.2673019918554135,0.14264718514195318,0.07351322484043162,0.3296880532257931,0.22959116964539808,0.0708302085018481,0.1886501566757138,0.1263050526854682,-0.07995172817030406,0.006941215106077141,-0.028130974287537015,-0.020605381401958736,0.03370931173406146,0.06921554538758996,-0.1439742552988682,-0.042596620361419986,-0.04616994046927529
0.23084957279021584,0.29952372417610396,0.5590650378194576,0.5387679584995845,0.4053859263596621,0.7458702469613392,0.2596417392075276,1.2424989072582717,0.21477805495119906,0.5033015705161307,0.3513708556632174,0.14901687132072455,0.380298016588394,0.3413147912093886,0.47286788137859703,0.3774001812253314,0.41945425718618873,0.4348575569494601,0.501717372602073,0.24209603284188116,0.3560152912059408,0.3505820828048008,0.38871990629934294,0.33978346941254184,0.45129203361851133,0.3834338539462347,0.3245160185516665,0.24318225476410965,0.3462097020348487,0.237791668314258,0.3512291242646515,0.32689845199827966,0.27721463313953293,0.49535985253352466,0.26856067871292855,0.3270115790184119,0.5351791445007688,0.3086575458750907,0.5378681639902668,0.21640260621241836,0.07603278989502991,0.3400622457756362,0.4068590518443302,0.3030805547270549,0.17783829116495964,0.31955220177579613,0.3773030817157017,0.09746994308197544,0.21987974642749525,0.2319238085686104,-0.1816745131379989,0.05502865133299057,0.0643399330533486,-0.14241578720942671,-0.12291843013669553,0.06488097565745848,0.041370328954377464,0.08159814720796071,-0.20108809138611244
0.21005238571119958,0.3129608424676288,0.518617456989481,0.3517601492224341,0.20663463870170296,0.42286618994972414,0.36174025804777665,0.21477805495119906,1.1208628382422905,0.16434873081470974,0.2931646006971544,0.31257111019741307,0.2668387555790642,0.21502393737445227,0.19482445938384976,0.22813155807565802,0.33252728665260467,0.36614355750545474,0.2576221209145427,0.29680396792362956,0.3541162736829999,0.5429946307043023,0.41283308065328633,0.4296930223512144,0.305409585785504,0.44956762111187315,0.290977044427453,0.3410675205656752,0.24092005139743006,0.27579365494316666,0.45249504022930026,0.2837981836874742,0.32690687605436236,0.3769259528912904,0.38435197847041946,0.3792318556718571,0.4125111011049726,0.4100576039012506,0.3938964899535815,0.20168877851884023,0.17795680233804742,0.33723901147859836,0.4456670907151892,0.1847560386092383,0.17288012877280082,0.5241446175199158,0.3450493424961178,0.0725200546026802,0.4409750093904432,0.17116657726519924,-0.12270041276944434,0.01784623726958841,-0.004211068488133834,-0.06257269304386874,0.20246500497796943,0.09249576289439769,0.04634536981057873,-0.26720048879384695,-0.07472251198064668
0.18182872769397662,0.24896458340701139,0.5997994003536764,0.47607724178726984,0.3146399692114099,0.34647567396407153,0.24052225743381045,0.5033015705161307,0.16434873081470974,0.8902422106243844,0.3339634024075898,0.2949801239523331,0.3721306597371392,0.31204401161880985,0.36984784359308254,0.347421243685682,0.3259601994732281,0.38293620785641014,0.27577169356130693,0.09814742078156488,0.24183058831336426,0.298192645899291,0.4352101259264965,0.3682644074010411,0.38686020224824574,0.27167622388064966,0.29205307991331403,0.31951927971465827,0.2765894390780384,0.2954619607056429,0.3078550884164109,0.30725704497387735,0.2570591184894829,0.3354815233792994,0.2320288205082826,0.44964389802201027,0.32502955697472036,0.16033726318553831,0.3822192061845999,0.16644691254229332,0.23214878281427156,0.24666280471536664,0.2507145423575324,0.18504351622054155,-0.07518255449925357,0.4570864433120742,0.38673541790302934,0.08530939037411478,0.18837058000565451,0.03641439025177568,-0.025763038290309525,-0.11832316543525813,0.09124287589170395,-0.008042902840358227,0.09787861930113546,0.13363132637864497,0.12396958531251326,-0.2599877824575993,-0.11790675819502902
0.1950396998367486,0.29969166514127704,0.61503494780266,0.45272004529970045,0.26587764765325533,0.4802454992808879,0.29164002782181175,0.3513708556632174,0.2931646006971544,0.3339634024075898,0.7363850055001027,0.42137306914188793,0.5043509839877673,0.29749234725302665,0.3221923638983306,0.33962403239977407,0.40173530333279983,0.3543148407012414,0.27538803036208387,0.3546546734016232,0.2945210601193451,0.35435423511317615,0.33803273762641284,0.3576769356442889,0.30954141880054514,0.35388503863148935,0.38305917780739696,0.3498078228756252,0.3402352419259829,0.1832000663942656,0.3225036691973025,0.3157825147195163,0.3119044296802543,0.3742078040265488,0.24335184194591747,0.4164477446787984,0.46604209218593357,0.22425447866198275,0.4109088350435251,0.22248325382109002,0.14417326001996644,0.2974195856251938,0.33404847016196176,0.10684964754406291,0.075067519538566,0.5039314710548755,0.3015192442476212,0.08804945890030526,0.1935150573802072,0.17985868306816638,-0.09676965430465302,-0.08387978709562281,0.04346558054385136,-0.04247549674920679,0.015160899243835176,-0.0013832898274606078,-0.024711204517896716,-0.07841917591002608,0.006126362145140088
0.20735252396108025,0.22854669572198658,0.5245427284301408,0.5152029607323197,0.32578995067695193,0.4153092726352975,0.3874475147918099,0.14901687132072455,0.31257111019741307,0.2949801239523331,0.42137306914188793,0.7948207799965709,0.33915552004110416,0.27876498932046373,0.27788646152458407,0.3434408349901134,0.2845631265822682,0.3417633201661616,0.27978655607378666,0.23788521152094105,0.2467335412419765,0.3335742284942507,0.37537735645135734,0.3253114052769198,0.342003640963211,0.28895568547202233,0.3776149882318511,0.1588772968391667,0.33296335009195827,0.19152001227546453,0.2465829581011525,0.3022738114684261,0.26153455691299565,0.33100602174692456,0.1972962494174495,0.49853363506227316,0.3188136120153621,0.2364302848168902,0.3762423841352107,0.21179470282771873,0.14267930611133922,0.2500601874430877,0.3130119228225753,0.11418551254589952,0.028365857828823893,0.4882737544258047,0.285402343114763,0.10562698959121242,0.33702991989969966,0.08387978231615552,-0.0717600938203668,-0.11998101096227066,0.06786253613126526,0.02706041136145461,0.025992324767872967,0.05365460883839968,-0.16440958972971711,-0.10246255261101211,0.09492736374737394
0.19569029090259266,0.2503933229965949,0.4969921916784988,0.5162262116923206,0.34401932708881305,0.42257979792000316,0.2513034074204429,0.380298016588394,0.2668387555790642,0.3721306597371392,0.5043509839877673,0.33915552004110416,0.9219109725215465,0.4016080786389228,0.19327164312475958,0.41610495634077865,0.3646070290684554,0.3142972297149961,0.244771002018299,0.2527765551927135,0.28948087448928134,0.4541711797464878,0.31310749928410275,0.359836606408576,0.27218057028917425,0.3809464949868925,0.4176527293703793,0.32416760513438514,0.3151423760694073,0.24467419380325334,0.2929375125186002,0.39172012450423366,0.3491187504438969,0.3704644114036346,0.2675954881849348,0.3849307708635256,0.4087210723270005,0.20091744798206335,0.40936219796448636,0.20087383611401852,0.18340782333315697,0.2956877165664324,0.38187236444698425,0.1891738333843233,-0.06817149941684829,0.5312624357679313,0.31164687090000437,0.07299672268407613,0.41370362469801847,0.32094286490882773,-0.05655903702711317,-0.24598507600275663,0.06392687265394696,-0.09583702110042426,0.05384126297289646,-0.0869108116094734,-0.05197075850036801,-0.14110625435539528,0.19721179109754744
0.20643101886459148,0.14801641830442683,0.35695944415170233,0.5631022403330892,0.27052020427560647,0.37659499450992456,0.15111862966081194,0.3413147912093886,0.21502393737445227,0.31204401161880985,0.29749234725302665,0.27876498932046373,0.4016080786389228,0.6174097535307423,0.24895251890629275,0.40842096931876354,0.2574799237309271,0.25756653977844973,0.2327749015195374,0.1521158265332101,0.27479546403732835,0.35424991452898963,0.3045338363869976,0.32249740816863415,0.32117414514611026,0.30752110420746587,0.28989906510711105,0.2947511806656813,0.2668842228087966,0.26299608261119334,0.26978292781325947,0.4847506653263136,0.2511791919349962,0.32477386661469676,0.18807597796407244,0.3394431224747257,0.3059533757773396,0.29203920394370547,0.29894414349887216,0.15121201924762018,0.19996296136853034,0.27163525282573475,0.34624655719517206,0.1889999153927654,0.019027864124757737,0.43164545349937733,0.295356104507072,0.09051157831165052,0.45000606734082216,0.058082227536108956,-0.07462114892396307,-0.22965904178728452,0.20499797948634554,0.019010381602298978,-0.003787335155564762,-0.012147536471246521,0.13421621800245015,-0.14290760554302825,0.11304671371037028
0.18031602914620573,0.3663936200774442,0.5353414295205224,0.3851684129775217,0.3566791053649071,0.5068890256437226,0.21609623466258052,0.47286788137859703,0.19482445938384976,0.36984784359308254,0.3221923638983306,0.27788646152458407,0.19327164312475958,0.24895251890629275,1.1536455359711295,0.2272186721857444,0.4201410068538053,0.3007793777752839,0.36887878735241536,0.3488384661769547,0.3010537987868187,0.15414215817969482,0.4482405429303298,0.3744577919573672,0.44515858220051874,0.21077911877344252,0.3009260197437584,0.4374123096381277,0.35065103272701226,0.2102556156275233,0.2587787157979611,0.22552043776158115,0.2659885598138627,0.43387860502500214,0.21051772767275198,0.3880933127649185,0.5398020548200644,0.18614744493484853,0.37067491570684513,0.19114946212832823,0.1495047737876521,0.29684008291910374,0.255419755670173,0.0825301294258076,0.050716319758054365,0.3581290191032501,0.2877414326723008,0.14390998918544756,0.16923665872995636,-0.08542309874121821,-0.22513260673689217,0.25895244620816554,0.10001327052025792,-0.02185244260809521,0.04656864954210194,0.14844161382189822,-0.08050393814116676,-0.14474936949053258,-0.04074468583338122
0.18272805855515886,0.15603428786423348,0.3786982919223431,0.5204248772844738,0.3342868483938701,0.3927097307808439,0.2416601428477505,0.3774001812253314,0.22813155807565802,0.347421243685682,0.33962403239977407,0.3434408349901134,0.41610495634077865,0.40842096931876354,0.2272186721857444,0.6529228078008108,0.34093080813761745,0.378765543697881,0.2982864211654089,0.1404438653051127,0.2727226766396059,0.4379917996123146,0.43261652070043355,0.3511319959700656,0.3510543664165442,0.2364228112339706,0.35030071281248604,0.2995323126675833,0.2564430533437185,0.23494130991437895,0.27726402057815563,0.3756781097784365,0.2978912939474325,0.37239439804422647,0.18596866968257222,0.4136178454805699,0.4409265721243998,0.30076366400618815,0.39626881948813575,0.170311892062842,0.15046239768877784,0.27627483641702677,0.4013350037216575,0.2289531293474444,0.06688128510113932,0.4434562471902887,0.3385473391885039,0.06829948218962158,0.3024193331391595,0.06254403208359907,-0.0992552799303179,-0.06733479145004816,0.10536473448518827,-0.005850342966534755,0.012434331839272665,-0.008757966158911088,-0.06904434754534933,-0.14961656925689876,0.19773515010597864
0.16115792600654472,0.27110908777247533,0.4891695185500967,0.4135178217131635,0.2509679568171394,0.4702405955247329,0.2863338781740358,0.41945425718618873,0.33252728665260467,0.3259601994732281,0.40173530333279983,0.2845631265822682,0.3646070290684554,0.2574799237309271,0.4201410068538053,0.34093080813761745,0.8584961473907589,0.4556986268763625,0.3490865744575458,0.32881526201354766,0.3669349746276021,0.3965660273402155,0.4569945227891042,0.3421606847431407,0.35886405926274795,0.2808613226744096,0.36985623958344505,0.787842442227778,0.26335823723324686,0.14587260789757023,0.3297080054313858,0.2821167401387484,0.37887547957725987,0.4775294180443109,0.17547181926020528,0.5104914627417344,0.738625906941994,0.2758830802913714,0.4221067732310875,0.2595719107005981,0.20609076990191635,0.3669810112094471,0.42354608052936765,0.09386626156539744,0.12924636198037648,0.5374098348509533,0.34415323951522486,0.11237853340806306,0.23514818805524523,0.18266890508097264,-0.0008336187192725677,0.02750450672920858,-0.1147258768597655,-0.08365758516616935,-0.19644949940613304,0.0558305232478731,-0.14511147112342865,0.08842788593642077,-0.08625487308360721
0.17830004077747152,0.21317267533072926,0.3722649137177278,0.49929447748902106,0.3390000572326701,0.43934003993629933,0.3136347027983024,0.4348575569494601,0.36614355750545474,0.38293620785641014,0.3543148407012414,0.3417633201661616,0.3142972297149961,0.25756653977844973,0.3007793777752839,0.378765543697881,0.4556986268763625,1.244273408890294,0.3897300977065114,0.06778822013888987,0.4260395513038475,0.41998624556365716,0.8148976671675333,0.40268998361336966,0.36334731847467433,0.4134447029328253,0.3106221841038553,0.5607672844858185,0.27194577494539485,0.22346612715468436,0.5822068166175662,0.2833725428323047,0.5486584187896436,0.420104681203914,0.2676214451866764,0.49798501406464807,0.680515502548479,0.3668717248421765,0.3541024066002991,0.22003535816830896,0.19230733585557683,0.3977894922329281,0.5015580061995188,0.12430485007426066,0.22143059558391584,0.6676754252959803,0.7385536900286687,0.13462296154097053,-0.11800595413935244,0.24789814794168646,0.13459464779375968,-0.1069685466084705,-0.1703643590159217,-0.11150724429418882,0.08845651161437129,0.01554522884125471,-0.1710606566061989,-0.19163262589816699,0.2909539304730263
0.180574629007622,0.21285747206715594,0.4599704872755023,0.38586007370402653,0.5500602070884063,0.574996427661989,0.26617852026811145,0.501717372602073,0.2576221209145427,0.27577169356130693,0.27538803036208387,0.27978655607378666,0.244771002018299,0.2327749015195374,0.36887878735241536,0.2982864211654089,0.3490865744575458,0.3897300977065114,1.0288138186713196,0.20925024560032895,0.31853282663766797,0.27988731977143044,0.14227659206712412,0.23092207991507288,0.2793097687847187,0.17691145130542082,0.2557426971635188,0.31827951534535676,0.17670038500869437,-0.017112597924459697,0.37117967983450506,0.2847724634264145,0.29433441721974307,0.377437919623952,-0.012016358071605145,0.4536913489626071,0.5019268525719066,0.26542073266317395,0.4141121739200669,0.14598046250766042,-0.01626443830076688,0.28543711224363993,0.3055146801502789,0.1319160973228811,0.24626462372388236,0.37146445577885434,0.21430742788515206,0.11325913150687744,-0.1257212724641941,0.18331654533601888,0.20099763519256975,0.28382827079249917,-0.43030798308326523,-0.14462603593174245,-0.08415083398232373,0.025288093630879496,0.09738757514559902,0.024535390000058648,-0.12347687909763128
0.12841143313510858,0.45889301331780225,0.3978465031268001,0.2206085944573436,0.1716079640426889,0.33394011288675335,0.19831004545631364,0.24209603284188116,0.29680396792362956,0.09814742078156488,0.3546546734016232,0.23788521152094105,0.2527765551927135,0.1521158265332101,0.3488384661769547,0.1404438653051127,0.32881526201354766,0.06778822013888987,0.20925024560032895,1.6430201640781796,0.15178732926635544,0.19127039470966736,-0.012192558207698892,0.29433230529819693,0.18935682385990485,0.2084532475308179,0.407654001486181,0.4020191983803238,0.3359026704776838,0.2594054223906948,0.4112368351909947,0.17539786101323834,0.3385400008056816,0.4501097102493802,0.13427230103124585,0.22706699960131013,1.0841832456407556,0.4812217604616891,0.5187266845830191,0.30637340587032624,0.3059689455735046,0.1874457282840991,0.6170178230876113,-0.04047841726152293,0.47720210412858277,0.5677284200135012,0.20281748360373328,0.2585482458370578,0.9146077203343403,0.010534260801100405,-0.0978191450873279,0.1896636555952735,0.01591592560473741,-0.024381314308944517,0.06453533021059503,-0.03184851860756754,-0.1275586755622783,-0.04788352660775976,0.151152413271375
0.15983751414839745,0.24209976018470022,0.43343319860104923,0.3902043384204985,0.2711497376563279,0.37416802514481795,0.2254026747740445,0.3560152912059408,0.3541162736829999,0.24183058831336426,0.2945210601193451,0.2467335412419765,0.28948087448928134,0.27479546403732835,0.3010537987868187,0.2727226766396059,0.3669349746276021,0.4260395513038475,0.31853282663766797,0.15178732926635544,0.7072958233528183,0.37517182584467484,0.3469379796415685,0.27920923520355484,0.3218334802515863,0.23005751170545533,0.264693675124654,0.3142578059414334,0.21212309141519847,0.3638239350228139,0.38484205868199683,0.2943796901226421,0.31082205286232784,0.3917074269835987,0.39418766854481185,0.42114953924872117,0.508231360916891,0.3971698064268432,0.33452940806089065,0.2951014377533166,0.18776568673306787,0.6103198878171487,0.41175925523070717,0.11445823413578524,0.41493708039846755,0.4624183789798196,0.43685490854676307,0.115494332181169,0.1344984975078254,0.10758456275932404,0.012955118677581262,-0.12144947496911017,0.034118414099007836,-0.04510879723416424,0.07599953641433686,-0.014994945742998863,0.02130624622658763,-0.12094802037839371,0.11062588871108772
0.20645087890341296,0.21222949431712104,0.4511537707614345,0.4673142420586456,0.26862656668013374,0.4194343316396003,0.2932375372545594,0.3505820828048008,0.5429946307043023,0.298192645899291,0.35435423511317615,0.3335742284942507,0.4541711797464878,0.35424991452898963,0.15414215817969482,0.4379917996123146,0.3965660273402155,0.41998624556365716,0.27988731977143044,0.19127039470966736,0.37517182584467484,0.9132393231036424,0.5121711338886636,0.41295092121364635,0.3450560983050439,0.3198522781774815,0.3447885510995738,0.32886766527994427,0.3130530866295199,0.38487503220867036,0.3570659655407569,0.3854731080656545,0.37124456541317324,0.4198473292556699,0.295782007566318,0.46620357941660795,0.43484586111818874,0.4526249819009659,0.48600119352337223,0.23741338463768488,0.21949333755857842,0.3656211180049586,0.5871509322027756,0.24501703366003078,0.09656692498514356,0.6145807151941403,0.4344273084836544,-0.014526805924988605,0.7044785248311016,0.1944328227399553,-0.06464639073661442,-0.11611468734528395,0.03428397633753526,-0.05958159013835624,0.0732426095723803,0.006849358431418243,-0.1276172093988088,-0.15148116793765998,0.16823812874819688
0.17849113849561127,0.027095800616067676,0.38021254048852393,0.5350847026578556,0.30757201228971215,0.40204057905778673,0.33520897502479186,0.38871990629934294,0.41283308065328633,0.4352101259264965,0.33803273762641284,0.37537735645135734,0.31310749928410275,0.3045338363869976,0.4482405429303298,0.43261652070043355,0.4569945227891042,0.8148976671675333,0.14227659206712412,-0.012192558207698892,0.3469379796415685,0.5121711338886636,2.003852780386626,0.728036952477476,0.7013219597590431,0.18742942303217006,0.2892550369137635,0.49520516959023286,0.613728005268915,0.4318368085534976,-0.10804046990202092,0.23014095425294165,0.517400418142687,0.5682354889097613,0.33804313646878575,0.43437082935426574,0.5890501724997603,0.03849856967668861,0.5948268885666874,0.3503278704582495,0.1731053692581423,0.34346128150695304,0.4796030056631124,0.048396851434246504,-0.28258833050550175,0.6420795701132868,0.6630174798184465,0.1412622634759285,0.7613904528331311,0.24378228981995687,-0.258578985722864,-0.2637515626389939,0.28721633542905983,-0.030980501256682287,0.17132865991040996,0.05335168947182575,-0.4991201975157294,-0.3965090620105979,0.6901114784767993
0.14531799323573832,0.18738407753965866,0.4503759891211036,0.4893515229110469,0.2619637659861768,0.3945187071122461,0.26941394395441737,0.33978346941254184,0.4296930223512144,0.3682644074010411,0.3576769356442889,0.3253114052769198,0.359836606408576,0.32249740816863415,0.3744577919573672,0.3511319959700656,0.3421606847431407,0.40268998361336966,0.23092207991507288,0.29433230529819693,0.27920923520355484,0.41295092121364635,0.728036952477476,0.9542359350197823,0.4174477580310246,0.258984182366233,0.27378535053589836,0.46654202416541596,0.36361661945282786,0.4851003380652576,0.5020754624896773,0.29480474512261173,0.46173389368003004,0.26257209700657147,0.37254822426603246,0.6968136072292561,0.37918888475233015,0.3830651507152648,0.46923865790098146,0.15087806088010494,0.20579171831556003,0.2984944945385087,0.37144247645577516,0.23236818332506454,0.06537329227059256,0.602390356829944,0.4679100545491214,0.13526645347076313,0.10925461821111129,0.09147888371336496,-0.17790488435298987,-0.01667505478331733,0.17272712208914917,-0.06913597042277589,0.4088462899439222,0.11612304811574985,-0.18677940533738996,-0.8897525984248615,0.7561334730299032
0.20191307241969927,0.22103601290487535,0.47287959643215055,0.46678843070184095,0.2662301639528574,0.4664001706412226,0.2643178155015408,0.45129203361851133,0.305409585785504,0.38686020224824574,0.30954141880054514,0.342003640963211,0.27218057028917425,0.32117414514611026,0.44515858220051874,0.3510543664165442,0.35886405926274795,0.36334731847467433,0.2793097687847187,0.18935682385990485,0.3218334802515863,0.3450560983050439,0.7013219597590431,0.4174477580310246,1.4319655300416623,0.07861558756985641,0.3035803810773782,0.2042629694355148,0.6854017747915025,0.5222519458368703,0.06982534220678147,0.2958000848039275,0.194014967097528,0.7074317791117309,0.5023381322545154,0.2715236548242219,0.675007053657252,0.2967449458097539,0.5784733107766994,0.2634604852115755,0.1808619937591285,0.32423892483932815,0.35433040904462376,0.27274158623587846,0.12114238324397215,0.4670467565762764,0.4791346590272537,0.07779987504550089,0.4569182391332185,0.15942095399201225,-0.26569678121142065,-0.10347118930011716,0.17265241300759704,0.025253851809849067,0.037545946888860204,0.12773815915169837,0.02879110648548914,-0.17791578167722338,-0.08201756907782282
0.1943413184963541,0.2840422375183657,0.4174534443839453,0.42291789368116633,0.23897855766416787,0.43468102383194984,0.2647545998621045,0.3834338539462347,0.44956762111187315,0.27167622388064966,0.35388503863148935,0.28895568547202233,0.3809464949868925,0.30752110420746587,0.21077911877344252,0.2364228112339706,0.2808613226744096,0.4134447029328253,0.17691145130542082,0.2084532475308179,0.23005751170545533,0.3198522781774815,0.18742942303217006,0.258984182366233,0.07861558756985641,1.3277489155293598,0.3117316569069088,0.3820513210487097,0.05971749948031802,-0.22075230612791336,0.4145107464287339,0.3489162109515821,0.26675677087596283,0.279676346520397,0.3447235650185209,0.11560448494549734,0.04946130472513578,0.2784463587667236,-0.13233994574156854,0.12846532215096185,0.24264431065529485,0.2399319841892432,0.37544236243549645,0.1039129548913589,-0.13839782754133392,0.42428057321754264,0.12374391537183382,0.07471559932358465,0.20406366516553393,0.30840079902784745,-0.22794327517689694,-0.00617186818709892,-0.14205009046315173,-0.028265637150535372,0.0711984750992824,0.054350084441395635,-0.01494018718209623,0.03948774136831687,-0.144891825951672
0.17915918243292073,0.27007152618596825,0.46494711485658036,0.40752153238167593,0.23963656379931605,0.40260016350665295,0.24880043697589171,0.3245160185516665,0.290977044427453,0.29205307991331403,0.38305917780739696,0.3776149882318511,0.4176527293703793,0.28989906510711105,0.3009260197437584,0.35030071281248604,0.36985623958344505,0.3106221841038553,0.2557426971635188,0.407654001486181,0.264693675124654,0.3447885510995738,0.2892550369137635,0.27378535053589836,0.3035803810773782,0.3117316569069088,0.872058165647202,0.47648034916070436,0.26993359657108323,0.20409488106197338,0.2734960256285268,0.34082014232988866,0.40012470442838743,0.34312402355174265,0.19907918251768691,0.49467167170180393,0.5281068492754497,0.2684957502107001,0.3586757549854155,0.2077870758296919,0.25439241683690605,0.2739588978868341,0.35208840365686017,0.060639495933676235,0.00678310859014484,0.7160201985943521,0.2775151373227054,0.1382587679441227,0.36361209008880735,0.08113031984550403,-0.09815991990225782,-0.03448650745287893,-0.02091930104733345,0.06740958478492676,0.09675964383543029,-0.05303635878625868,-0.009110423418645592,-0.19084415242981234,0.19370583028460386
0.08862487504227759,0.2915723342569865,0.48535289352309574,0.3688620234272471,0.17240834548680156,0.36382240823863243,0.17667656031484247,0.24318225476410965,0.3410675205656752,0.31951927971465827,0.3498078228756252,0.1588772968391667,0.32416760513438514,0.2947511806656813,0.4374123096381277,0.2995323126675833,0.787842442227778,0.5607672844858185,0.31827951534535676,0.4020191983803238,0.3142578059414334,0.32886766527994427,0.49520516959023286,0.46654202416541596,0.2042629694355148,0.3820513210487097,0.47648034916070436,2.8253790574724014,-0.004496746133271352,-0.07993008762523779,0.4657898842130603,0.37940936554594135,0.7250252681768573,0.5145327236381495,-0.09473298885446417,0.5111400498646412,0.9311919361443232,0.14748809186078904,0.2687830749438862,0.08850536972904106,0.5386202179848647,0.2911313172640003,0.45048050201707923,-0.15856607097018574,-0.45559150726989606,0.7041525840609677,0.2724919896111505,0.20399668918070354,0.4939875112654458,0.034885600685942375,-0.13034497432417072,0.7257998402925284,-0.4661615207748224,-0.14771072543572195,0.7387202463746373,-0.05208181319297918,0.2045855566246386,-0.8519286652821353,0.7716042835945484
0.15257908774109685,0.30952188772634964,0.5332297320849665,0.35694533565132375,0.24862477139257488,0.46753025745746285,0.2196946580173836,0.3462097020348487,0.24092005139743006,0.2765894390780384,0.3402352419259829,0.33296335009195827,0.3151423760694073,0.2668842228087966,0.35065103272701226,0.2564430533437185,0.26335823723324686,0.27194577494539485,0.17670038500869437,0.3359026704776838,0.21212309141519847,0.3130530866295199,0.613728005268915,0.36361661945282786,0.6854017747915025,0.05971749948031802,0.26993359657108323,-0.004496746133271352,1.99979726593797,0.41003128583621,-0.10257718878032725,0.26289105320969264,-0.19405845434745694,0.7869856145236295,0.40147038242750327,0.3433263171366598,0.2045698374489554,-0.2001801265724319,0.44950512169414114,0.36363184372974067,0.3514922993449545,0.19776240619257723,-0.059384775000433945,-0.20043344288207568,-0.3930117155274726,0.4205731518499017,0.3556813184356711,-0.032229772306120064,0.866935999567354,0.517576143112229,-0.5277482780746864,-0.1899971255355876,0.02909224372547244,0.10046764898889185,-0.03815003793536497,-0.03134843149799773,-0.18163572421087956,0.0023162338034753423,0.1273921084034263
0.15905891554361487,0.15192599623667793,0.21632700977964286,0.29849325431330775,-0.0074793028578665766,0.1710026787307411,0.11740386301243558,0.237791668314258,0.27579365494316666,0.2954619607056429,0.1832000663942656,0.19152001227546453,0.24467419380325334,0.26299608261119334,0.2102556156275233,0.23494130991437895,0.14587260789757023,0.22346612715468436,-0.017112597924459697,0.2594054223906948,0.3638239350228139,0.38487503220867036,0.4318368085534976,0.4851003380652576,0.5222519458368703,-0.22075230612791336,0.20409488106197338,-0.07993008762523779,0.41003128583621,2.4005270203082607,0.39914379470525035,0.18940968844731226,0.3122013461945033,-0.08427164126116486,1.1418989544460487,0.40523676684211435,0.3759908809722616,0.8244311337105455,0.7252429907394072,0.48710544020743324,0.6583695615273177,0.37438970878243516,1.20566651270747,0.6568810246986403,0.7303923945267573,0.4619153333521803,1.2875012677374722,0.23696245984177633,0.621081700142096,-0.027936451806921704,-0.08400232557571288,-0.44753202553184684,0.47144337708752004,0.048430158914267905,0.12604102850454674,-0.1068411702749057,-0.27546440009045464,0.1296768750187628,0.26652980285208977
0.1502123652824407,0.2982093371933406,0.39832579486092906,0.42922767224430153,0.24880912700009464,0.3690446518368273,0.23844933402265805,0.3512291242646515,0.45249504022930026,0.3078550884164109,0.3225036691973025,0.2465829581011525,0.2929375125186002,0.26978292781325947,0.2587787157979611,0.27726402057815563,0.3297080054313858,0.5822068166175662,0.37117967983450506,0.4112368351909947,0.38484205868199683,0.3570659655407569,-0.10804046990202092,0.5020754624896773,0.06982534220678147,0.4145107464287339,0.2734960256285268,0.4657898842130603,-0.10257718878032725,0.39914379470525035,1.5966303022925727,0.3424445302344503,0.5430111052375047,0.15719995311045853,0.403108905926836,0.891840206493366,0.526306548235541,0.8261546832372381,0.3265358109810282,0.03816959501279027,0.21916184743889022,0.3868589860708739,0.4363538266616216,0.43879150285583773,0.616309520806591,0.6848934930956785,0.5127437698470448,0.17655555022021105,-0.819345969502166,0.05565480324646939,0.09225336264799586,0.15407427181840647,-0.16493687280944702,-0.12017426762251646,0.3135308042869528,0.12131001486716647,0.26329710611172397,-0.6465255041049143,0.1409275575463068
0.18680436954848897,0.1986276591922087,0.39454315968195175,0.5166471172451857,0.2653102247880295,0.3926992280251311,0.1932137173952105,0.32689845199827966,0.2837981836874742,0.30725704497387735,0.3157825147195163,0.3022738114684261,0.39172012450423366,0.4847506653263136,0.22552043776158115,0.3756781097784365,0.2821167401387484,0.2833725428323047,0.2847724634264145,0.17539786101323834,0.2943796901226421,0.3854731080656545,0.23014095425294165,0.29480474512261173,0.2958000848039275,0.3489162109515821,0.34082014232988866,0.37940936554594135,0.26289105320969264,0.18940968844731226,0.3424445302344503,0.670551517821697,0.25548626882885,0.3688146218598661,0.10480636645224002,0.43804076791685476,0.2755553563622866,0.3384087245643647,0.3047824848186466,0.12647193627828637,0.20801503104272778,0.28400071990490666,0.323256743088057,0.17559861138791227,0.016871794408809822,0.5279605880649072,0.2725096927344966,0.08978993145823659,0.34411075053922313,0.0756319013271374,-0.010560452106695022,0.07926675178948994,-0.2034999714475235,0.02435337728739384,0.021494612502939277,-0.019156384306479694,0.3496651734568296,-0.1963775455287291,-0.05261650355551649
0.1606708452555084,0.1683050809093604,0.2643425053229732,0.3748715525420768,0.3121146338599145,0.272055861588665,0.23112975941504776,0.27721463313953293,0.32690687605436236,0.2570591184894829,0.3119044296802543,0.26153455691299565,0.3491187504438969,0.2511791919349962,0.2659885598138627,0.2978912939474325,0.37887547957725987,0.5486584187896436,0.29433441721974307,0.3385400008056816,0.31082205286232784,0.37124456541317324,0.517400418142687,0.46173389368003004,0.194014967097528,0.26675677087596283,0.40012470442838743,0.7250252681768573,-0.19405845434745694,0.3122013461945033,0.5430111052375047,0.25548626882885,1.9165349265049367,-0.023723478865289936,0.18288984674604378,0.08912622824554405,1.04631967836212,0.4397075520219291,0.36407799922863693,0.1471488132065839,-0.12365238758175327,0.33183540558863184,0.5153184017662791,0.19765416416278855,-0.032583286915687286,0.5315237575126073,0.5235580789122756,0.20608075842915796,0.43951707859156725,0.4158294254263274,-0.20057461871598667,1.3315911219781767e-5,-0.10853561467233222,-0.11994603804450375,0.18020353884848506,-0.09410486481945428,-0.2954340213652533,-0.33204239813266767,0.7583813413825425
0.09053851951678664,0.31370390593429565,0.5590269132819174,0.5724825516707271,0.3695837237570696,0.5875251940257202,0.3009769387615243,0.49535985253352466,0.3769259528912904,0.3354815233792994,0.3742078040265488,0.33100602174692456,0.3704644114036346,0.32477386661469676,0.43387860502500214,0.37239439804422647,0.4775294180443109,0.420104681203914,0.377437919623952,0.4501097102493802,0.3917074269835987,0.4198473292556699,0.5682354889097613,0.26257209700657147,0.7074317791117309,0.279676346520397,0.34312402355174265,0.5145327236381495,0.7869856145236295,-0.08427164126116486,0.15719995311045853,0.3688146218598661,-0.023723478865289936,1.903922250718075,0.33148716814540147,0.2023340722543745,1.1264682868837934,0.14703752667131817,0.3612009772524826,0.12723292605023195,0.2650904553820206,0.3858246168768533,0.3453883964694531,0.2571282443220421,-0.36225466306255727,0.24256147884299442,0.21495299859543612,0.04992678075272276,0.6305712861502913,0.20072668744379477,-0.28683915799563076,0.15076592538461117,-0.06083799446021853,-0.052393300779736744,-0.04765012187759383,-0.012192042317314616,-0.018678577304192017,-0.022245602416885234,0.029572118246125805
