0.3576598209787772,0.1469814110072356,0.06610806722999352,0.038167584233835865,0.07336363512178647,0.05482946909016607,0.11192977490256331,0.08663507220650256,0.04293412651529936,0.043326564110675855,0.06203560279120514,0.055349628006258283,0.061965730937845305,0.06573571627652516,0.05267894173034245,0.053219192779487244,0.057961560153728324,0.06543046549270605,0.019100802841426272,0.052752737836960745,0.05611155638847402,0.08136889026996848,0.04846180486257142,0.029994612196347605,0.0592248564202599,0.059812157347767174,0.052138071663067886,0.022827695953552895,0.047993566451061065,0.04362861753233994,0.050882197883564316,0.051886573168317955,0.04363432838981501,-0.0012397863024745759,0.03126771763950779,0.053946155540504644,0.060255555850782655,0.07221534185722592,0.038422413110046016,0.041261960012220496,0.06644626348418983,0.05065818774341936,0.04916447280059669,0.06198530511903048,0.022924057805041646,0.07769183768493877,0.06898443363405278,-0.002171341712955399,0.03980078252363665,-0.008084644338305075,0.009744635550525928,-0.0316868548449338,0.025047534029952623,-0.002154867420152429,0.007201730776949165,-0.004864730441158008,-0.01214114952345353,0.00673073973837847,0.0036571556046251837
0.1469814110072356,6.981689960607101,0.3735631092248202,0.17578229381440436,0.21381117918287557,-0.059154307776540134,0.506335472528147,0.39727957969781125,0.18970886981850144,0.3271577338532349,0.2920420545530244,0.1307600785377037,0.4185658330294599,-0.03431279073707632,0.5841914429836517,0.3639819482857499,0.25180216673828687,0.5282499098240936,0.41402863963891645,0.2240073037499252,0.5013595245311337,0.43579254849482346,-0.24998575192285324,0.2062379158896612,0.20825226235882105,-0.05852225434520771,0.5083217700544723,0.561573201983941,0.7752396358925527,0.4287697498640402,0.45577826711677,0.07998238642112654,0.543249975241722,0.2621054781819952,0.514087607384075,0.6365365393477269,0.9655944669882217,0.200033520409355,0.039539472974814784,0.05654347360896582,0.46635573647255235,0.34852983821883976,0.09047071596019861,-0.09554255417883394,0.24962963299727745,0.6507081122866297,0.3546634104626996,-0.24527330798040092,-0.2575669867764851,-0.3471573067958787,0.44358356146686745,-0.012525355695337746,-0.0025107703130338266,-0.1612854197256964,-0.10291442386242307,0.0077515908353023265,-0.5343234185552286,-0.03977260379500618,0.24428529761921056
0.06610806722999352,0.3735631092248202,1.9375407523187937,0.4466496852168189,-0.295632194849065,0.36173135942108764,0.2460358313524158,0.433387556336843,0.41874436333645143,0.3987698625725977,0.3660808589180254,0.2711937454266983,0.34106803138393554,0.20812743378002752,0.2673113247031392,0.2163870484674816,0.38885047751342666,0.36923332799224073,0.3158632247706185,0.4011499999276262,0.35247212957999574,0.5638458744810131,0.1819595287451001,0.3093792349248052,0.2921765245408858,0.40183351997787453,0.27571355580649226,0.33687549656196913,0.5263785876442607,0.032043124349163135,0.39518848942685936,0.27495022679160924,0.3532155606212648,0.5034338152288056,0.3236428944404287,0.446381390481595,0.5803188103014002,0.6870623685460525,0.3784971028179932,-0.15261266807422486,0.32445063022685966,0.33083554760525075,0.2719924648475452,0.4042845785057854,0.3538352274699497,0.6404910532634932,0.5571315891100165,-0.16667719958194563,-0.2380360432001415,0.2990978082272627,-0.2671101480824523,0.12728659196715303,-0.10295306551456487,-0.14722148200779206,-0.19602415108316135,-0.058396136472121496,-0.1479846893342888,0.13041966608941172,-0.19048238168445264
0.038167584233835865,0.17578229381440436,0.4466496852168189,2.096440518243336,0.2642965317795338,0.285179375454789,0.571675767222239,0.396353254588182,0.2862199996071179,0.3632281994042548,0.35195826148721343,0.41304820416190385,0.38306808243279755,0.4020996330791738,0.1822657362191792,0.36235506194598543,0.37028126845332676,0.43371456588762075,0.04985526075618621,0.36602912515432007,0.3592658039500297,0.41358705975068016,0.3546099433695652,0.34159220125667583,0.32068062101726974,0.42926820368314283,0.2791189142746216,0.227504043498843,0.2999088230012328,0.23409929875788466,0.35306636770063077,0.33375121452879924,0.3214109266294363,0.46501731910900407,0.2444375024630306,0.3759618212601883,0.40831203485060996,0.5293403953870665,0.36926300911882015,0.15525008842535107,0.3614475660378274,0.34791281740892027,0.28187364857637104,0.5854017011962498,0.19124539017802622,0.5654952926815344,0.5393924809582387,-0.05662081118454935,-0.2924716716787509,0.1661471878639492,-0.1501727270032978,0.06636450434958159,0.06625185275582506,-0.21455013945163265,-0.12093846908295634,0.0024080842133536017,-0.15422372504830142,0.19693434758676748,-0.3158484585756078
0.07336363512178647,0.21381117918287557,-0.295632194849065,0.2642965317795338,1.5445163280969634,0.753613154513682,0.18042275820546913,0.2135456939226187,0.1902580726767538,0.173942772517793,0.1965364440025152,0.18760287370723153,0.32883258026832873,0.1743999148962909,0.1486872264889474,0.2277083292855263,0.2385000718043765,0.23512914987973063,-0.019501129793839313,0.2236075344464063,0.20096190694346575,0.2076703620196193,0.24847087645842195,0.2075650305520697,0.15638405795138569,0.31810026873153163,0.17389253421096915,0.11623466679272096,0.22901092462419523,0.0024452859675538423,0.13249818271064645,0.19964672673175962,0.12684571563775182,0.38423026894426016,0.11917441102492667,0.05557006974797245,0.07741579299429986,0.27157509643112143,0.21483074100561614,0.223507269081129,0.03861659389685353,0.19944920504241725,0.1437800569469482,0.3152353736156683,-0.12207934467412893,0.08987447413949558,0.276052627754577,0.052680622761921064,0.3909399267087526,-0.13305086448311568,0.17982448815161076,-0.012110752441907568,0.017112189976375057,-0.006300728744253624,0.04616611880822597,-0.12772873916051938,-0.22003481820024368,-0.09277392801394684,0.47303432458776395
0.05482946909016607,-0.059154307776540134,0.36173135942108764,0.285179375454789,0.753613154513682,1.025351370351157,0.04618666272016543,0.3514280057106176,0.3020328362862616,0.2060370507347658,0.25523415609268807,0.21691184311608164,0.3284350229612175,0.22999051754387723,0.175197796105208,0.22030968927973307,0.3349249115271051,0.27168989533393867,0.11344518071641474,0.3121451086249849,0.2606862202739296,0.36667689690370786,0.22248797369444007,0.24451410998325634,0.2284900451789215,0.4956903200448776,0.23327042153476885,0.2302693386762938,0.35555235967205795,-0.10190596730050772,0.2161333674600572,0.30321846627973886,0.14144069005353918,0.4624522942234364,0.1921649376741468,0.08126253903783177,0.2447478293045188,0.4575740075378823,0.31024824324302164,0.13068069400569246,0.03561933856814601,0.25869886786306434,0.242685754768273,0.3889421306498308,0.11165515673571154,0.19446970942855443,0.4271338376014949,0.0038124479702882257,0.473593875271272,0.15771876915492303,-0.22674326237109496,0.23184197707388737,-0.23825688563778238,0.00044871652561789485,-0.051697724560483146,-0.07620550716932781,-0.08827712476783174,0.08204975965887781,0.06103295325027091
0.11192977490256331,0.506335472528147,0.2460358313524158,0.571675767222239,0.18042275820546913,0.04618666272016543,0.8563616844952504,0.20620969057627528,0.12294541038595255,0.22561868121531367,0.22935197945983612,0.22631002814699805,0.24307852710307895,0.05965972318762541,0.10786895436015577,0.19297126690234975,0.2656059296991863,0.2842266040036145,0.12176143694733683,0.14539255511584306,0.21560147130235205,0.33000951824307323,0.18919752384783078,0.18335910493386026,0.1922236983644584,0.14641937571108313,0.17794652630551822,0.11905401705587837,0.1935843614753799,0.1950600132815324,0.2086100569271923,0.1230136752386266,0.22860262574163945,0.27410470386840924,0.1274811480829259,0.2740637202017083,0.2599061490666284,0.24364568404709616,0.2213699028213147,0.07558627630758437,0.21200409496055697,0.18161267945745538,0.16561854727754555,0.2570078473555196,0.005821360529939869,0.3290154157724344,0.22837244946177787,-0.08517915841365122,-0.06883554168092122,0.05013231088351556,-0.007958002526341238,-0.0992905109564787,0.09035727112096587,-0.11219072546221366,-0.02092891814786714,0.03703818762771037,-0.14887715239063265,0.05551705548695564,-0.054494085407465205
0.08663507220650256,0.39727957969781125,0.433387556336843,0.396353254588182,0.2135456939226187,0.3514280057106176,0.20620969057627528,1.1327644677474253,0.03380443746402992,0.16436333931161606,0.36021181037672756,0.19563015513912718,0.2993919126302126,0.22845630926148902,0.2280483101952749,0.20106309609248582,0.34115305812052354,0.3769792370136391,0.1535257288701132,0.33847559038340086,0.2628635235007992,0.28458373013288935,0.21138810850509085,0.210209341879764,0.3058976031369153,0.5349762479096818,0.29247005871267573,-0.010088442113008134,0.33394083887985315,0.016166625248140415,0.2377029809030451,0.2592733322087226,0.14290298836984233,0.4136919122041129,0.17059857754593852,0.1781627780878571,0.26589791806134533,0.3426962335758736,0.3756298205318903,0.08877702738966745,0.2222060156724771,0.2618587418220861,0.22047600350606758,0.20184877392079648,-0.003979361152299215,0.33135903897179836,0.4742073875592592,0.029496291221072276,0.386379402098965,0.17326805436417742,-0.10239020449872406,-0.06167078535645398,0.060371597989837704,-0.07779429782800058,-0.12637944321315697,-0.10562934863026145,-0.015837747754846258,0.20890747049925823,-0.05015633697713385
0.04293412651529936,0.18970886981850144,0.41874436333645143,0.2862199996071179,0.1902580726767538,0.3020328362862616,0.12294541038595255,0.03380443746402992,0.801507667904173,0.1680628232979149,0.1256869453327385,0.1978728695616173,0.23410420809762103,0.2573506193116526,-0.01089234403422617,0.2603768776555739,0.20651762220308967,0.23210691534542502,-0.0021018209599052307,0.2176066244031003,0.2194706590298446,0.35144549206402786,0.173027786710221,0.20207271235628402,0.1525991955632034,0.21813662206116846,0.17395928749350784,0.20713607182491078,0.16962368344072262,0.1298535781429216,0.2420969210830426,0.22563783953386457,0.19527642552909594,0.29229797883431896,0.1996669907642584,0.2611125004700131,0.26429989530199477,0.33288091018851607,0.15734758567321858,0.1022727268535835,0.14302966232424538,0.22202840964034656,0.21814722185819868,0.2631948177258869,0.17847207546249486,0.33956934696574825,0.2883646164367333,-0.14132020861826147,-0.26278504633890226,-0.13176431326351717,0.0472457597652741,0.019713423888525386,0.05421751930218186,-0.05997370141141039,0.11414559148638088,0.16136571371383457,-0.08959941584623905,-0.15505868967890704,-0.15731889285411746
0.043326564110675855,0.3271577338532349,0.3987698625725977,0.3632281994042548,0.173942772517793,0.2060370507347658,0.22561868121531367,0.16436333931161606,0.1680628232979149,0.6190671527540049,0.1889410477598279,0.19241850887511114,0.22829131519020265,0.12232798775134886,0.19713234021189818,0.1653128384781158,0.23132213780469438,0.28060475758506986,0.04094175439588359,0.30032089696722913,0.20638509203898023,0.2383484260242414,0.14808263823697804,0.19551086042277338,0.17507859518978883,0.17422773117993945,0.23014374507640756,0.22733957483001016,0.3011195456491407,0.18040565989754773,0.24356177348461455,0.1746223877779828,0.19006001617798235,0.31712804647868076,0.25865809035762993,0.25040295312948996,0.29768816224164496,0.2828071839162082,0.2391889815435801,0.09302009737489825,0.28672033259831303,0.21047579659471377,0.13642727113149472,0.2316272880166166,0.04555608511547275,0.35026739037530313,0.4234013779216235,-0.01565577382685655,0.17440615218864863,0.010817869035687119,0.020166059344702163,-0.004923876284672356,-0.04351753377239908,-0.01479139589723352,0.023852575118403208,0.011043459518514835,-0.014273065334725549,-0.0441287456716815,-0.1066375815112587
0.06203560279120514,0.2920420545530244,0.3660808589180254,0.35195826148721343,0.1965364440025152,0.25523415609268807,0.22935197945983612,0.36021181037672756,0.1256869453327385,0.1889410477598279,0.4849393764817049,0.2586903424892089,0.3342172415638237,0.19960025846699933,0.24265386302836953,0.2059293191629624,0.2780455636525827,0.25963067808470197,0.08957145980322731,0.2946203928458037,0.23380264260760214,0.245745005536279,0.16821097131449936,0.21307634080066787,0.20928672042676547,0.29819373461329446,0.2430450163003528,0.1544970139654731,0.3185724305997261,0.08954235927824873,0.22452279940073996,0.21644708193023882,0.18548278310907418,0.30066330141078834,0.20450542997818527,0.2459550315215988,0.25807385901799723,0.28578451654335013,0.24540856566253852,0.09265364772804262,0.20135542363396536,0.23441608586232826,0.17077917176196425,0.1808905696036576,0.0869132662318129,0.34715137220798886,0.3378068104586574,-0.044187367633403044,-0.03474218397703814,0.047354606454880474,-0.042785403156480634,0.01798161591425062,0.017991582372303735,-0.05372685280500148,-0.10912850980077748,-0.04450556690511757,-0.07762344319812847,0.14789950021960008,-0.0857309762394034
0.055349628006258283,0.1307600785377037,0.2711937454266983,0.41304820416190385,0.18760287370723153,0.21691184311608164,0.22631002814699805,0.19563015513912718,0.1978728695616173,0.19241850887511114,0.2586903424892089,0.670657711226111,0.2080381394574277,0.27468142333060835,0.10258766752153665,0.23827488052462065,0.2180094839980528,0.20764989648524532,0.0837591386339195,0.22128698565107122,0.18761576383939813,0.16486034997609286,0.1474139911382295,0.16452310161292594,0.24005884857211476,0.32005966690312543,0.25046748271835323,-0.025930571238595608,0.10783680576472691,0.006559513269261723,0.2085298184628736,0.26603278033060246,0.12141033537944422,0.2654534606736102,0.11032851394759192,0.08809746266118103,0.22609406849845545,0.2920422808804018,0.1627871350999997,0.08404605802807501,0.12738873088799507,0.2039614472503144,0.1581127588773671,0.16967583696879776,0.0645321705024992,0.21790299892311144,0.3621265866529188,0.06023081313623811,0.46083993270788953,-0.08006169189488242,-0.06437499427735761,-0.04147758393800163,0.1603678351353328,-0.06537783225410716,-0.053766605635494194,0.03560715078876611,-0.008074736970579262,0.1252622391927433,-0.23568739889479332
0.061965730937845305,0.4185658330294599,0.34106803138393554,0.38306808243279755,0.32883258026832873,0.3284350229612175,0.24307852710307895,0.2993919126302126,0.23410420809762103,0.22829131519020265,0.3342172415638237,0.2080381394574277,0.654084525121691,0.18310153504004986,0.15118397922648869,0.25138579334797895,0.27829879797361406,0.31224077419204266,0.16685545287105932,0.26122234763042373,0.2608838018922909,0.38766096839944825,0.19471125932186273,0.24961064429828667,0.2017158002887397,0.261869210456446,0.25909639699699655,0.22558791812995183,0.46341068833499577,0.14679955289420024,0.24622174261523444,0.243446123414113,0.22381826401517346,0.35928918907701146,0.28046996697669,0.3100792193383367,0.2877361748509449,0.28564562715971764,0.3157068379674312,0.10239956722656614,0.22047083496189093,0.25057319450883553,0.1954102697702919,0.2589627433537471,0.04754305702392526,0.3921488036668126,0.360520987229689,-0.09625696020336884,0.03429415838817036,0.10374524483464004,-0.02689747592374753,-0.009835974061034126,-0.017323457890139327,-0.0717017204355423,-0.045404670764211376,-0.07697226479193141,-0.13872247781161245,0.07760652406638174,0.023225404025518065
0.06573571627652516,-0.03431279073707632,0.20812743378002752,0.4020996330791738,0.1743999148962909,0.22999051754387723,0.05965972318762541,0.22845630926148902,0.2573506193116526,0.12232798775134886,0.19960025846699933,0.27468142333060835,0.18310153504004986,0.5935855149190071,0.13268432445381734,0.3017554421576961,0.19120221145611502,0.11900712012301728,0.11555711770044401,0.193039771585798,0.18580964650213713,0.24574613331184006,0.13038301156040122,0.19611927705874885,0.18954391290669195,0.259244239616598,0.15552791509620478,0.10063932365087072,0.1437915001516867,0.10516649825703882,0.18769800313104365,0.3337845539417323,0.11180963495569476,0.2248237598411774,0.1838451415419715,0.13913365500991035,0.22478299686174044,0.27912878460425017,0.15637510751579017,0.09608993961534452,0.15501796326852088,0.21108412783641595,0.2102634876431293,0.2167154559159947,0.11806032967253026,0.22078940424908136,0.35082303035232376,0.0078069754378284695,0.35564304423258086,-0.0030783973837282034,-0.01973791358129301,-0.12508340768752474,0.15121322711681354,-0.0005445084582957676,-0.1237247770493474,0.020035620198476857,0.060397085104492695,0.16461777336069555,-0.23834812788133194
0.05267894173034245,0.5841914429836517,0.2673113247031392,0.1822657362191792,0.1486872264889474,0.175197796105208,0.10786895436015577,0.2280483101952749,-0.01089234403422617,0.19713234021189818,0.24265386302836953,0.10258766752153665,0.15118397922648869,0.13268432445381734,0.8006654230855378,0.07330842831343114,0.18919871155929255,0.12439082357133101,0.19201237314349237,0.14845135285884062,0.1745543519983998,0.12195737637518074,0.09111311799636172,0.16351825790311308,0.20580065432723166,0.19096275116793165,0.17861205033256147,0.2843007221379219,0.2767254920646791,0.11681106409948003,0.15106576349175138,0.11073507043837272,0.21072286747891797,0.2060183144394768,0.16456706505066176,0.18686284856776308,0.2252650708520734,0.1426172097651476,0.16199351713426868,0.008771998071322973,0.18027234436113948,0.1454427242346534,0.11439265506316043,0.1342240291342552,-0.01417626179285707,0.23897789847253573,0.2202536632391162,-0.0039365756801039,0.032235221041807205,0.10495414316554197,-0.13386140694593612,0.2442826329467632,-0.21435139824335744,-0.04066503678469501,-0.10466232913940639,0.04328830068577686,-0.14101828416664677,0.09260780943925455,0.00015959856596901932
0.053219192779487244,0.3639819482857499,0.2163870484674816,0.36235506194598543,0.2277083292855263,0.22030968927973307,0.19297126690234975,0.20106309609248582,0.2603768776555739,0.1653128384781158,0.2059293191629624,0.23827488052462065,0.25138579334797895,0.3017554421576961,0.07330842831343114,0.7992787785040917,0.2405403069331375,0.203174131778324,0.23650313211542365,0.2515512115394631,0.23730700963921456,0.3745901661987338,0.10236260399907314,0.21998092553024864,0.26494101604002224,0.1634795572032205,0.2365062945707152,0.18857394829100507,0.2843429464529594,0.2570636384183167,0.25499832084315266,0.26468802529223706,0.13577807069001296,0.3534121037821851,0.4133630995204786,0.21464781296020444,0.4023909465490889,0.3220824749304318,0.2764301093437409,0.1580628143279048,0.21162638258851804,0.3229206310035685,0.2784116484683377,0.26266906893637004,0.21599960490941955,0.3060389960709288,0.38722812655333905,-0.05690650063844323,0.1792300456936921,-0.2096813908234671,-0.05016406125718177,-0.11613250725164921,0.22792335896589092,-0.01846306652991513,-0.03646079137720011,0.014418285966444748,-0.15272150044727978,0.1068254045845227,-0.08215924754814381
0.057961560153728324,0.25180216673828687,0.38885047751342666,0.37028126845332676,0.2385000718043765,0.3349249115271051,0.2656059296991863,0.34115305812052354,0.20651762220308967,0.23132213780469438,0.2780455636525827,0.2180094839980528,0.27829879797361406,0.19120221145611502,0.18919871155929255,0.2405403069331375,0.6311081411993642,0.26931287383709746,0.19242084757575534,0.25015440955641677,0.26644714904943184,0.5284706606302407,0.21892509312596148,0.2346087604292946,0.24250370707299446,0.22936743840560173,0.25724958450262275,0.24799403092589253,0.30646310307422514,0.11637935272358313,0.26690285626326254,0.22408278933030085,0.2715852653139935,0.3175347201350184,0.196718465961739,0.27943674390509904,0.41803216015913297,0.3859918484866443,0.27072579748665765,0.11889825906361827,0.19536221746709678,0.24342290073475592,0.26554849382951967,0.30211389860534393,0.1729255509042153,0.37518181922007043,0.45810942541133554,-0.11576748110060633,0.14726839344558024,0.2348712856337465,-0.033601472743992306,-0.040476720628184665,-0.10660759539421313,-0.07427073103710892,-0.03776280813830914,-0.02820585344720116,-0.11199354233592364,0.09093793129100049,-0.07580958213069695
0.06543046549270605,0.5282499098240936,0.36923332799224073,0.43371456588762075,0.23512914987973063,0.27168989533393867,0.2842266040036145,0.3769792370136391,0.23210691534542502,0.28060475758506986,0.25963067808470197,0.20764989648524532,0.31224077419204266,0.11900712012301728,0.12439082357133101,0.203174131778324,0.26931287383709746,0.8934251470373495,0.04086222182877997,0.2122325745268556,0.2775219342171928,0.36790580000108397,0.38693136716653487,0.22602343693141902,0.21261850789971312,0.3665332751870362,0.19710316694821342,0.30296458149011773,0.31879329932305706,0.05781262986553833,0.30508491928393244,0.22331689240786362,0.2438134194213021,0.3902221027735293,0.15785026325746027,0.38760891308251455,0.22735896752415197,0.31425952787840705,0.29619536479461606,0.13245565007172358,0.28891538626845265,0.2432048821059479,0.21924802238692373,0.2912369879895021,-0.018035990362827603,0.44291642391785063,0.3782336860232665,-0.08953988466376461,-0.004347356313114361,0.14205947182385484,0.3127140821916547,0.10977776293512467,-0.42074731013759026,-0.14364672401758202,-0.05658011109708916,-0.004699334079869794,-0.04725244040485906,0.13679988615290545,-0.17753198731345426
0.019100802841426272,0.41402863963891645,0.3158632247706185,0.04985526075618621,-0.019501129793839313,0.11344518071641474,0.12176143694733683,0.1535257288701132,-0.0021018209599052307,0.04094175439588359,0.08957145980322731,0.0837591386339195,0.16685545287105932,0.11555711770044401,0.19201237314349237,0.23650313211542365,0.19242084757575534,0.04086222182877997,1.3521515224872875,-0.2820859737148295,0.167259676145491,0.4760170215755188,-0.1334317811423946,0.12748497395320219,0.19066118341443625,-0.03475936516596259,0.11051544728373787,0.1888683074234764,0.15998633765935336,0.23235176409877026,0.17882534120646787,0.09338126096688601,0.29222973709830946,0.0845332740287789,0.12164699707612657,0.10931927326788046,0.39028416532932103,0.2839453589026897,0.40641351782702156,-0.13106458469408824,0.0834719046453338,0.06117932512052895,0.23694269484311595,0.18504470449394722,0.06479348447974302,0.16131414248343445,0.13633292175678732,-0.025537481098115742,0.25355367995537603,0.4928066200096492,-0.3128355327474168,-0.11485665045583639,0.015734349450340558,-0.15287283522882142,-0.1767071939002852,0.044135327880110986,-0.1177776115664156,0.20470273171237577,-0.06230268295319614
0.052752737836960745,0.2240073037499252,0.4011499999276262,0.36602912515432007,0.2236075344464063,0.3121451086249849,0.14539255511584306,0.33847559038340086,0.2176066244031003,0.30032089696722913,0.2946203928458037,0.22128698565107122,0.26122234763042373,0.193039771585798,0.14845135285884062,0.2515512115394631,0.25015440955641677,0.2122325745268556,-0.2820859737148295,1.5405750182430542,0.32854772956130485,-0.059157129533334324,-0.05690507938355821,0.23161424588674354,0.16223591401766618,0.49973142216096683,0.3756828882105451,0.24359296720488105,0.3330904495459528,0.28734230883300493,0.42756016324323387,0.22347485887550944,0.18405876306505314,0.47639058135482,0.48379588545047814,0.24382606675058624,0.7069818538615317,0.44258686533076175,0.5420290802168327,0.33264258187740303,0.635996110551478,0.5430537134710811,0.18400533476099637,0.06369357445151896,0.21397556880725438,0.5338206152080651,0.548414035527862,0.27287641747708996,0.5021070713302511,-0.16464234356089663,-0.08963375167931856,-0.05286220802676401,0.23245410646798847,-0.0764353424751931,0.06393797906972624,-0.07652673496516137,-0.07163739572845637,-0.08039004859776237,0.039042291123232147
0.05611155638847402,0.5013595245311337,0.35247212957999574,0.3592658039500297,0.20096190694346575,0.2606862202739296,0.21560147130235205,0.2628635235007992,0.2194706590298446,0.20638509203898023,0.23380264260760214,0.18761576383939813,0.2608838018922909,0.18580964650213713,0.1745543519983998,0.23730700963921456,0.26644714904943184,0.2775219342171928,0.167259676145491,0.32854772956130485,0.5645989159734783,0.3059524654086738,0.132781792367997,0.22913490095013653,0.17092340435730405,0.40383325609605786,0.22245932106887334,0.3262361835315178,0.28324532838149846,0.18005425886758197,0.34453144433658267,0.23537456253955114,0.31515437988592354,0.2926056496684288,0.23948444658795093,0.38416017308207434,0.3842715511342254,0.4326595151603382,0.3295448279283607,0.1979490306406699,0.4600945955768781,0.3609294571911594,0.24307332760811318,0.3006535902648635,0.09704445547290183,0.46270296297934466,0.42912235182419817,-0.012468801895015015,0.03971216232035276,0.16684563502866046,-0.08838217091254673,0.06319347894814871,-0.07057062576451732,-0.10278082277854908,0.002127217463706492,-0.009329735519375253,-0.19314314616610928,0.025823430739457396,0.02207861013919021
0.08136889026996848,0.43579254849482346,0.5638458744810131,0.41358705975068016,0.2076703620196193,0.36667689690370786,0.33000951824307323,0.28458373013288935,0.35144549206402786,0.2383484260242414,0.245745005536279,0.16486034997609286,0.38766096839944825,0.24574613331184006,0.12195737637518074,0.3745901661987338,0.5284706606302407,0.36790580000108397,0.4760170215755188,-0.059157129533334324,0.3059524654086738,2.122830157878034,0.26613646866769164,0.29255042554758587,0.20900773746994952,0.10193020990820167,0.3235848982433015,0.300013857622754,0.4886944070371217,0.19988552456980863,0.3558131562579114,0.40420512901869665,0.43565969487661627,0.36543507660966107,0.14000533842119803,0.5757691433281655,0.387253623697128,0.5626714234623046,0.442620051988181,0.10795227091313579,-0.01687989785046603,0.2424976814023186,0.579119921520691,0.424869367752653,0.2208277121429819,0.5179177833139618,0.44874605679986335,-0.754142466036963,0.36330466031880027,0.20055767616818365,-0.09684833303460925,-0.4046648510871394,0.030943984941106315,-0.054420614166396965,-0.09085109368137669,0.07516567022846575,-0.17976736768347074,0.15540682510935674,-0.24576373032021767
0.04846180486257142,-0.24998575192285324,0.1819595287451001,0.3546099433695652,0.24847087645842195,0.22248797369444007,0.18919752384783078,0.21138810850509085,0.173027786710221,0.14808263823697804,0.16821097131449936,0.1474139911382295,0.19471125932186273,0.13038301156040122,0.09111311799636172,0.10236260399907314,0.21892509312596148,0.38693136716653487,-0.1334317811423946,-0.05690507938355821,0.132781792367997,0.26613646866769164,1.1390312418921438,0.24657810793416962,0.3098314397696728,0.10147762458655042,0.009776973792803546,-0.05282007279797657,0.18595264766069372,0.11283328808076318,0.05872098299650841,0.11184806149211243,0.18647775681283907,0.3225047510199667,-0.10113768928838344,0.25445814943892753,-0.037291927539707434,0.21732774045528136,0.33023886991785156,0.14307799535085478,0.149175281456073,0.07441325227129118,0.2183770031306202,0.6663765337042266,-0.18097973700014908,0.27021768633012816,0.3304054495697592,0.006163526261847509,-0.10244206274061399,0.09281173250217192,0.06344009296151547,0.1410015774608001,-0.11224239675542433,-0.08484728919466464,-0.0042800552924616,-0.04535479709802792,-0.09050724395868422,0.03806378472436708,0.09751706557654696
0.029994612196347605,0.2062379158896612,0.3093792349248052,0.34159220125667583,0.2075650305520697,0.24451410998325634,0.18335910493386026,0.210209341879764,0.20207271235628402,0.19551086042277338,0.21307634080066787,0.16452310161292594,0.24961064429828667,0.19611927705874885,0.16351825790311308,0.21998092553024864,0.2346087604292946,0.22602343693141902,0.12748497395320219,0.23161424588674354,0.22913490095013653,0.29255042554758587,0.24657810793416962,0.5494434098632593,0.23062214465987957,0.19366142309023915,0.2080335207716157,0.25390302122096914,0.19753554339581353,0.3531663178921791,0.22627639169097474,0.26211347572633803,0.4189637966572252,0.2135598934970276,0.147377603680349,0.277581607499257,0.362181316386882,0.35519156856492284,0.10862880044809793,0.06922807437064128,0.20834335801402054,0.2394128719969606,0.19443640648201987,0.3312848954404845,0.05078611780217268,0.3753924411295018,0.35242158539020985,-0.05663551979890331,0.04203063620152977,0.03517679712606416,-0.04481272712354738,0.07927935804447497,-0.011988736751254453,-0.06349781441901134,0.00035757242606676744,-0.06637370199195645,-0.017842307670372284,-0.05187331658979158,0.05042686131645141
0.0592248564202599,0.20825226235882105,0.2921765245408858,0.32068062101726974,0.15638405795138569,0.2284900451789215,0.1922236983644584,0.3058976031369153,0.1525991955632034,0.17507859518978883,0.20928672042676547,0.24005884857211476,0.2017158002887397,0.18954391290669195,0.20580065432723166,0.26494101604002224,0.24250370707299446,0.21261850789971312,0.19066118341443625,0.16223591401766618,0.17092340435730405,0.20900773746994952,0.3098314397696728,0.23062214465987957,1.0561503757176003,0.1309494146547,0.1998230253583727,0.06326883068470471,0.26170105605221816,0.24920298460158222,0.18725763985266347,0.18333958431805433,0.14537980950439347,0.4471636158865731,0.28821598061071635,0.11378299845356092,0.3053797604068934,0.3853082144709094,0.2649312409620168,0.07687673208152876,0.10476957594225375,0.18550718451402937,0.26656058147848305,0.36064508263807304,0.09053558870478307,0.37273421031958465,0.41418578330243144,-0.03503053331190746,0.0563906382651798,-0.2989770097958514,-0.16001568594318463,0.08186719275943505,0.2104974689400805,-0.0278613600812796,-0.022925578763600237,0.04406565757317894,-0.010643203048762649,0.06057904036957714,-0.14914178716498894
0.059812157347767174,-0.05852225434520771,0.40183351997787453,0.42926820368314283,0.31810026873153163,0.4956903200448776,0.14641937571108313,0.5349762479096818,0.21813662206116846,0.17422773117993945,0.29819373461329446,0.32005966690312543,0.261869210456446,0.259244239616598,0.19096275116793165,0.1634795572032205,0.22936743840560173,0.3665332751870362,-0.03475936516596259,0.49973142216096683,0.40383325609605786,0.10193020990820167,0.10147762458655042,0.19366142309023915,0.1309494146547,2.445372495019119,0.2824894209624615,0.4268545883460648,-0.012358957173094508,-0.4737654478927393,0.251398423505323,0.45697676585694574,0.08970844387032306,0.4745873040928547,0.15947082975859192,0.10988868145604713,-0.11199141816883942,0.48422554835487885,0.2793620102849138,0.2024713259548605,0.41017537895779843,0.5008892194920236,0.2013429644437266,0.25356338702561615,-0.20062166015764243,0.24669292554515337,0.33864641449740956,0.24960256954797155,0.4737457184989562,0.5171259700761919,-0.13995708776478824,0.3477147166826792,-0.7482955353491242,-0.06127606597523068,-0.19263037663313667,-0.012180777083068663,-0.18891982196610105,0.26031311635899673,-0.04592753104614661
0.052138071663067886,0.5083217700544723,0.27571355580649226,0.2791189142746216,0.17389253421096915,0.23327042153476885,0.17794652630551822,0.29247005871267573,0.17395928749350784,0.23014374507640756,0.2430450163003528,0.25046748271835323,0.25909639699699655,0.15552791509620478,0.17861205033256147,0.2365062945707152,0.25724958450262275,0.19710316694821342,0.11051544728373787,0.3756828882105451,0.22245932106887334,0.3235848982433015,0.009776973792803546,0.2080335207716157,0.1998230253583727,0.2824894209624615,0.8251779877843897,0.2902005759125931,0.2420959000576341,0.1353421948318419,0.3225746849389504,0.24925261147866368,0.2809534436185249,0.2913468934786364,0.3044897251028214,0.2560400025167458,0.4291103624417325,0.37305175215315295,0.17736521014950524,0.14495215314682683,0.27234179992386737,0.2758921636650453,0.2176595908913174,0.11369328658124801,0.06872279559512313,0.4218236116700204,0.3601762787360628,-0.049932958615964564,0.16465821655955115,-0.07213552088291714,-0.08549459058262582,0.037848744616436954,0.02624917716729332,-0.0008525010525545603,0.022927547949519667,0.007123185324080917,-0.0056403953211903125,0.008503345000413191,-0.08950415579626238
0.022827695953552895,0.561573201983941,0.33687549656196913,0.227504043498843,0.11623466679272096,0.2302693386762938,0.11905401705587837,-0.010088442113008134,0.20713607182491078,0.22733957483001016,0.1544970139654731,-0.025930571238595608,0.22558791812995183,0.10063932365087072,0.2843007221379219,0.18857394829100507,0.24799403092589253,0.30296458149011773,0.1888683074234764,0.24359296720488105,0.3262361835315178,0.300013857622754,-0.05282007279797657,0.25390302122096914,0.06326883068470471,0.4268545883460648,0.2902005759125931,1.3755034006517608,0.24515563842160815,0.25845202268331524,0.3530826324996259,0.20006412859668143,0.5162196142577533,0.2227483340553105,0.4580364426305243,0.4404161975633307,0.4331518263356467,0.4300083260319816,0.04670132244137266,0.1231134981369726,0.44136719657585,0.3059446230256796,0.2189526061196882,0.4397235747338637,0.09009831090120475,0.4463766303119343,0.22724325729890474,-0.05611730187003728,-0.21378542750595836,0.1854719276244938,0.10195463364091845,0.8065179133239471,-1.0853019579596062,0.004273312454505716,-0.035228654916311705,0.03245959025711855,-0.1562822683970146,-0.012376568562983126,0.027288482889944038
0.047993566451061065,0.7752396358925527,0.5263785876442607,0.2999088230012328,0.22901092462419523,0.35555235967205795,0.1935843614753799,0.33394083887985315,0.16962368344072262,0.3011195456491407,0.3185724305997261,0.10783680576472691,0.46341068833499577,0.1437915001516867,0.2767254920646791,0.2843429464529594,0.30646310307422514,0.31879329932305706,0.15998633765935336,0.3330904495459528,0.28324532838149846,0.4886944070371217,0.18595264766069372,0.19753554339581353,0.26170105605221816,-0.012358957173094508,0.2420959000576341,0.24515563842160815,2.078002966558313,0.029785657398589405,0.20299473890984543,0.17330220957316403,0.09769338495418091,0.5779832737899319,0.4346612037150128,0.7288189279621412,0.2508693857285939,-0.30062556990984973,0.4483474782515682,0.010123770223906965,0.27562678547104597,0.22822013609257555,-0.09997717413312118,-0.20502843948923072,-0.08662184531352951,0.5811887778262471,0.40349127333744333,-0.45186802031613477,0.15964487743999697,0.27086064542212607,-0.36544692815304325,-0.003734064439059936,-0.030313399990996033,-0.03407725662332134,-0.10428492834731387,-0.13296732338579062,-0.2757258132522576,0.0669311375630853,0.17225167953771
0.04362861753233994,0.4287697498640402,0.032043124349163135,0.23409929875788466,0.0024452859675538423,-0.10190596730050772,0.1950600132815324,0.016166625248140415,0.1298535781429216,0.18040565989754773,0.08954235927824873,0.006559513269261723,0.14679955289420024,0.10516649825703882,0.11681106409948003,0.2570636384183167,0.11637935272358313,0.05781262986553833,0.23235176409877026,0.28734230883300493,0.18005425886758197,0.19988552456980863,0.11283328808076318,0.3531663178921791,0.24920298460158222,-0.4737654478927393,0.1353421948318419,0.25845202268331524,0.029785657398589405,2.3903824088514876,0.32448452637963016,-0.03751437668599552,0.45534361346113883,-0.02017157355329399,0.5981736559196346,0.5024869800242833,0.5634538951727346,0.5321087819123342,0.3043047978369171,0.019656829323088994,0.6587755591218005,0.19302653201646497,0.5927471253939127,0.5668808903426682,0.18483852886389932,0.5551901936327791,0.3310696878230469,0.03806743112210834,-0.04612645166664663,-0.33551878626686327,0.04421944290182583,-0.6087883404498219,0.7230047443358883,-0.019281519020878456,-0.04366870788241785,-0.029826358207200893,-0.2286082425212675,0.13646907834943725,0.01642157268019609
0.050882197883564316,0.45577826711677,0.39518848942685936,0.35306636770063077,0.13249818271064645,0.2161333674600572,0.2086100569271923,0.2377029809030451,0.2420969210830426,0.24356177348461455,0.22452279940073996,0.2085298184628736,0.24622174261523444,0.18769800313104365,0.15106576349175138,0.25499832084315266,0.26690285626326254,0.30508491928393244,0.17882534120646787,0.42756016324323387,0.34453144433658267,0.3558131562579114,0.05872098299650841,0.22627639169097474,0.18725763985266347,0.251398423505323,0.3225746849389504,0.3530826324996259,0.20299473890984543,0.32448452637963016,0.8311235288472616,0.2386278065534923,0.3547891308394474,0.3189617278694532,0.377307580228619,0.5198105611521093,0.6638757967586115,0.5265756308860956,0.4000436901880491,0.12240607934801788,0.5198447753258576,0.3287698833355459,0.23134011156297093,0.2858538686006048,0.1564494854895752,0.5950634625796479,0.48645281011236735,-0.05815184442473459,0.1370341655339785,0.14049193817073405,-0.09240020595859105,-0.05487720449260048,0.06567598122418057,-0.14202087178313577,0.003718436130855743,0.045061730103827864,-0.03242579708484889,-0.018338253932171412,-0.17294132176753085
0.051886573168317955,0.07998238642112654,0.27495022679160924,0.33375121452879924,0.19964672673175962,0.30321846627973886,0.1230136752386266,0.2592733322087226,0.22563783953386457,0.1746223877779828,0.21644708193023882,0.26603278033060246,0.243446123414113,0.3337845539417323,0.11073507043837272,0.26468802529223706,0.22408278933030085,0.22331689240786362,0.09338126096688601,0.22347485887550944,0.23537456253955114,0.40420512901869665,0.11184806149211243,0.26211347572633803,0.18333958431805433,0.45697676585694574,0.24925261147866368,0.20006412859668143,0.17330220957316403,-0.03751437668599552,0.2386278065534923,0.6842523402762062,0.09712080468381633,0.24104332404923864,0.1276401225614645,0.19442154848750648,0.1756219001808267,0.3230702783799524,0.12935685032851268,0.13152599274255888,0.1561881912652153,0.2676455130833596,0.15995028989572663,0.14791288931804855,0.1074129868360696,0.3249005283174436,0.42181072350110355,-0.06479251996561425,0.4537251423893622,0.05132327667675651,-0.017668824766819243,0.17167720095205358,-0.22896941112661895,-0.0008684729104676843,-0.025061132003594198,-0.002793372791403811,0.3465259302510332,-0.033141629791664524,-0.37159397617240386
0.04363432838981501,0.543249975241722,0.3532155606212648,0.3214109266294363,0.12684571563775182,0.14144069005353918,0.22860262574163945,0.14290298836984233,0.19527642552909594,0.19006001617798235,0.18548278310907418,0.12141033537944422,0.22381826401517346,0.11180963495569476,0.21072286747891797,0.13577807069001296,0.2715852653139935,0.2438134194213021,0.29222973709830946,0.18405876306505314,0.31515437988592354,0.43565969487661627,0.18647775681283907,0.4189637966572252,0.14537980950439347,0.08970844387032306,0.2809534436185249,0.5162196142577533,0.09769338495418091,0.45534361346113883,0.3547891308394474,0.09712080468381633,1.2926078450193172,0.004293014673400451,-0.1565715504052118,0.33831012740136246,0.8815927325550899,0.5658701852939391,-0.06381707106283484,0.03213074698614231,0.19905310739993837,0.29750689383884155,0.26286810869367666,0.44063947358627203,0.07279247203559365,0.5239198221691146,0.40437448853199526,-0.12172226183835613,-0.18382269139411594,0.3395970089945882,-0.0973964348392582,0.17225973964693092,-0.1127432805779133,-0.22729126300357183,0.028080558510045844,-0.04247861142789128,-0.253303933314261,-0.030807313849765504,0.18952314365362835
-0.0012397863024745759,0.2621054781819952,0.5034338152288056,0.46501731910900407,0.38423026894426016,0.4624522942234364,0.27410470386840924,0.4136919122041129,0.29229797883431896,0.31712804647868076,0.30066330141078834,0.2654534606736102,0.35928918907701146,0.2248237598411774,0.2060183144394768,0.3534121037821851,0.3175347201350184,0.3902221027735293,0.0845332740287789,0.47639058135482,0.2926056496684288,0.36543507660966107,0.3225047510199667,0.2135598934970276,0.4471636158865731,0.4745873040928547,0.2913468934786364,0.2227483340553105,0.5779832737899319,-0.02017157355329399,0.3189617278694532,0.24104332404923864,0.004293014673400451,1.7148720898559695,0.6591227040015966,0.1925236884778947,0.31007277077741,0.39801922979279125,0.7298698395949765,-0.014946137751736371,0.2044071426650049,0.3424071691612341,0.33866997234707624,0.460841688007031,-0.34124252713716313,0.2875214162102331,0.6356883917364002,-0.005866155028608474,0.6944304685330637,-0.18091984708232856,-0.020052619741500986,-0.11466974274885001,0.11499531641751641,0.006673255581289036,-0.12869259163446797,-0.010138323340870468,-0.24629662218755502,0.11706359600902651,0.14351702387663154
