0.6554798360712836,0.2003375485325747,0.46414781892263396,0.0067024324015598664,0.09296785963992778,0.03017209095002256,0.1582405770158726,0.04600900093957356,0.08290511890918577,0.04896820826672499,0.0676070844974385,0.09352571947617622,0.042168816957727784,0.10083079701405874,0.05436559757303301,0.07890048138318316,0.06414805647242666,0.08107670003562298,0.051128671862539686,0.022799325891646505,0.08386724728851587,0.08056743673475351,0.044834588561409386,0.0645246587653109,0.09721269763032378,0.008014893863527363,0.09734528113151385,0.0239092433464465,0.0866626588951997,0.011484656198914554,0.09458521875144028,0.0833117547369987,0.07880852283821396,0.10465292654341846,0.017702487724201174,0.15286842193198721,0.10957555833686004,0.1069930698221634,0.0003626980489132707,-0.15665729381648583,-0.003330440541706012,0.06846998454248537,0.027534839228650486,0.006608185500678891,0.10747226395194916,0.1291286752214059,0.07249173498469488,-0.0021882720794148347,-0.04921332569343868,-0.10086395780996131,-0.02255640932666337,0.028654826814647257,0.07786901606370988,-0.05861649141909167,0.12585079818936543,0.022224127831880977,0.043783494963069776,0.09728442364923226,-0.2551396387640234
0.2003375485325747,1.9681094910242949,1.3314094339513716,-0.01298606907092551,-0.16239402749636797,0.30062776034071587,-0.022495292543631647,0.20775844669231505,0.06097701938961017,0.06991894290975596,0.09407646769800893,0.10623395544514211,0.11014744595037274,0.05972840047287006,0.028968338999199796,0.08927964399103168,0.06907315015658307,0.4461441783819115,0.11633683798622119,0.32080567492787704,0.23881872285155442,0.08318760441521289,0.19381344791059107,0.03484385544371841,0.19314566314291517,0.19911414692124568,0.10685005965186607,0.08500579638622714,0.23045350778965273,-0.11210807888320493,0.2367314285522116,0.039997784374258764,0.04002403934228893,0.34359465880472445,0.15688778554129088,0.37512128045895965,0.5593737371317359,0.19876919634953266,0.06825479449239241,-0.3615351178174305,0.06370110254799496,0.18591599189187763,-0.024518556460308868,0.0038441226234699295,0.3438541654548556,0.3827576227791208,0.10287055023689501,-0.004244993374194627,-0.5642417472125628,-0.29050929411463444,0.25596403409798024,0.09874076988055519,0.018563500862694756,-0.30963214010224055,-0.4028200565110989,-0.21762041885382782,-0.4076181577541541,0.37647415335172746,0.4227210327430473
0.46414781892263396,1.3314094339513716,3.1510736756352764,-0.1255374704897895,-0.3767844121207391,0.19370768757697238,-0.025932317162041908,0.11271684909034628,0.11398136252260671,0.013997256546345859,0.06139092027373765,0.10336926277912704,0.06472537218233294,0.052018374174229304,-0.024268488916501695,0.043176036213398404,0.0715673759324173,0.21066277435233868,0.01985005091776216,-0.011641094333130497,0.14431461920514677,0.08658170571998175,0.08208440956852191,0.07400614658027098,0.1684739059343507,-0.01454458530265639,0.13736466248898282,0.06116819326937344,0.04060796428028198,-0.49735096549052554,0.1966370198371985,0.08805229737345291,0.16514812284844757,0.4479580287169858,0.027289838257222317,0.4308400114505102,0.5400541234202425,0.3237183954259833,-0.2800079117555968,-1.2007117824187428,-0.18900705783024588,0.07249572611581899,-0.21607221436492238,-0.019069513271802233,0.35749337680699506,0.5854538051949006,0.02484353484838081,-0.07495326593222854,-1.0080815485135686,-0.3379982949036039,0.09373340848046871,0.44575072687527917,0.011096482296227563,-0.44695629576032686,0.015136225685401508,-0.009470643478201536,0.02665918396465553,-0.24995838969476325,0.10143014024212879
0.0067024324015598664,-0.01298606907092551,-0.1255374704897895,0.9158960256470055,0.509252856442729,0.2371093287357983,0.34385506865597903,0.26440215853121196,0.15583242766503683,0.24173691586471086,0.24378061012695235,0.2880181844126985,0.18559764472183962,0.21539928986579568,0.2432692509545399,0.25193892569234533,0.22948368295388283,0.16650779715408787,0.2824307110763732,0.15996055488552982,0.18284145728821155,0.20260495542790322,0.12812584168099916,0.13309996790937728,0.2113131437988366,0.20352193431825283,0.19612770744224584,0.02939970821426716,0.16010583259220407,0.11903630176546823,0.17755595001540148,0.1744127549238187,0.1889795282182069,0.09520389696549125,-0.13924835347395983,0.2011782867620222,0.13984201059568444,0.2079738036796431,0.20130904794775786,0.21609340771822513,0.14770590469171596,0.1888950003632995,0.22398421252287193,0.0509173483315758,0.12021908096052097,0.030560321059034064,0.1990535432914106,0.0454218918774668,0.2242338413965569,0.2537855629825436,-0.12275437795893886,0.020452789424011485,0.028997736862253654,0.021173144359903806,0.10044830664209384,-0.023697928569963212,-0.22252730766980983,0.35828688680977755,-0.16655105178986535
0.09296785963992778,-0.16239402749636797,-0.3767844121207391,0.509252856442729,1.4297767226967584,0.09078156167530287,0.2686249382504881,0.23061871625557356,0.03908884285731617,0.22200093718267272,0.2416348149058538,0.3091356911640683,0.20347999293595145,0.20785395418651745,0.357598541278142,0.31533322509405326,0.1403837550545183,0.04457398814470031,0.5628020113003128,0.09502154778710616,0.12062341036922948,0.16229549311733027,0.030866030045351826,0.13007192091485884,0.20240356734635664,0.12029846939088192,0.18280263731817128,-0.01782641912231558,0.07510286748645557,0.10062418202288229,0.17155239820833704,0.18302470833035211,0.24826694471688707,0.001800589577488326,-0.2328216700939422,0.20166563781894986,0.08578703341078356,0.23288085098596883,0.2395622233357029,0.3038819217861328,0.12981473252067952,0.14734477457251374,0.18814693748365433,0.038643846906720375,0.09147026007605744,-0.056845910180766554,0.0926620080675817,0.07225490455075027,0.16325202513309678,0.4972726176838517,-0.22976689402822506,-0.019224886419001507,0.17614855248578012,0.1123677990059659,-0.009180117734996236,-0.04473883182836237,-0.06723802240892664,0.21766784508814443,-0.060210807569834594
0.03017209095002256,0.30062776034071587,0.19370768757697238,0.2371093287357983,0.09078156167530287,1.0652500838651384,-0.13654994875326631,0.37744429889908804,0.24698658533367923,0.24005218416653135,0.24661022556205603,0.24985853892788812,0.17470147293632127,0.2646717216047169,0.22433699621368405,0.1589770444656276,0.27913944124902956,0.2153275446344529,0.4802262349056574,0.5158127591943591,0.2954887796665866,0.21663701912870428,0.12707922335603308,0.20939523200846252,0.27903123108369676,0.36025739763082615,0.21680255181957286,0.11695714768786093,0.30732999236406644,0.05679672743807419,0.2712512123775986,0.2680898407755147,0.07472638436027941,0.34378533630602304,0.10670331336643675,0.1675713454485992,0.45020287189563135,0.44203383021878034,0.43668890935933186,0.14878932402984305,0.1845757052485773,0.28500569121314556,0.24687651857577364,0.04959129639821401,0.3896864418796418,0.11444014924669901,0.4726257471910088,0.0542972661940285,0.17634418568234625,0.4093546383180289,-0.37578341037080265,0.16959822983152179,-0.11584786497534223,0.007298440150154036,-0.0383855462402,-0.05071864693683652,0.004024766454358401,0.1577960223779194,-0.10903110250146372
0.1582405770158726,-0.022495292543631647,-0.025932317162041908,0.34385506865597903,0.2686249382504881,-0.13654994875326631,0.8968370991183913,0.0489801665190095,0.19875905536965668,0.15955672574234842,0.21482047240252797,0.2227971009813015,0.1517329473683655,-0.030705606954239083,0.20341713802698383,0.10126144019633296,0.23281901139274155,0.14621416573895227,0.019845981423568967,0.03321723102996296,0.16845761600336134,0.1553136213514131,0.10286885914066564,0.10541906119674922,0.12784771065520648,0.05688089301204865,0.17734805807959533,0.11627702821659719,0.08126733532329142,0.18708434325473916,0.14713311123183062,0.07231903230848767,0.2125722766362747,-0.00213845840444979,-0.061915300157351555,0.2506525589912609,0.11864829101081022,0.08575565757514203,0.061117403524737136,0.05290497389755101,0.1314020360255467,0.14537514039840038,0.11138218502794167,0.025498278099762402,0.02417785334228276,0.040595314779847715,-0.026034823751102776,0.02242401987086199,0.13449938927066157,0.07748666623408879,-0.12208702197479639,0.09224758400262001,-0.10530359164985753,-0.016502301382565834,0.06595463950749991,0.10489298711455478,-0.11345804410790178,0.19252816442027562,-0.20754712606589815
0.04600900093957356,0.20775844669231505,0.11271684909034628,0.26440215853121196,0.23061871625557356,0.37744429889908804,0.0489801665190095,0.7630469889204784,0.1065265187298158,0.2619542435677954,0.29050905986944436,0.16327817711599585,0.20947203714619742,0.22702470327735905,0.23543095233580086,0.1442032803631194,0.2728887285734485,0.23029716606428827,0.2698850745013525,0.34941156543337804,0.15112460025289437,0.13066966559042298,0.11131069372141654,0.13214685649179708,0.26586710888196025,0.26137287615468885,0.24845085503093345,0.023752630275750256,0.2276256944183952,0.1290433032567574,0.22350363245891902,0.17707868377000122,0.07980486779735217,0.2357078447030096,0.16465767873404566,0.17533466414390184,0.3203442463359803,0.2656354839147769,0.3034859888361631,0.15261703032097887,0.15120011451985613,0.1687067069141507,0.2066051053944196,0.03328179032142923,0.2416948067421335,0.18753267473671908,0.4015037193899406,0.04962671296856013,0.1731466943160008,0.1914144227316671,-0.03985625562809996,-0.02382196344366376,0.1783433730288341,-0.10045534196940932,0.011744106372174788,-0.07573560159547654,0.047163244684575334,0.3013923938315757,-0.20805534213452875
0.08290511890918577,0.06097701938961017,0.11398136252260671,0.15583242766503683,0.03908884285731617,0.24698658533367923,0.19875905536965668,0.1065265187298158,0.8074106578178607,0.12828847516479408,0.22666392058496326,0.17593066486805475,0.14096575073318507,0.10351629056185967,0.1802110068033599,0.028720736287627075,0.27058542846782785,0.2397417646604296,0.15204042653547808,0.1668509708824623,0.225876879938306,0.38062855894032016,0.18110507655329205,0.17295145252000246,0.09220889681537489,0.2570376200092978,0.27163819433821584,0.18629183006918087,0.06557329881591824,0.17161140542227427,0.23195211964545967,0.1694380450650884,0.25309254798847375,0.11116659315386801,0.042274972942341935,0.26694626779132663,0.29998994220607417,0.2615241266418362,0.16743221080118662,0.08400900712313741,0.15088656266617662,0.20226607566025928,0.31537383467450925,0.04265699552263581,0.25255865849113396,0.13685361026972429,0.22024235465891917,0.02021259831064189,0.430605878192324,0.25801414187187344,-0.0647418361421551,0.21262180832048858,-0.14989277072357907,-0.09764479230407913,0.1137171521002001,0.16921144444697314,-0.02773941124362283,0.19015835869572076,-0.49691030783059736
0.04896820826672499,0.06991894290975596,0.013997256546345859,0.24173691586471086,0.22200093718267272,0.24005218416653135,0.15955672574234842,0.2619542435677954,0.12828847516479408,0.7026392817600484,0.2131106839447618,0.22009480500822864,0.2120835528887043,0.17201001120713455,0.2761129565859881,0.16124088678201048,0.2711191779067652,0.29612496343223454,0.17802523651008464,0.29260706552178467,0.17361691212537314,0.15302627163445595,0.16206759483700844,0.16892408461016364,0.21737056080866538,0.2170732369929621,0.2541927757023036,0.1441623567505152,0.30799223188355307,0.17532405384759547,0.2620592774011918,0.17095317044225547,0.14459714551496064,0.2693466793385533,0.1767874170705125,0.27679420638350616,0.3528548240869871,0.1963063633622763,0.33359994570236384,0.20890774135988002,0.22870791715317762,0.1879650554520049,0.12062640245249666,0.044628317503976375,0.1271367382371141,0.1624477462803148,0.4377954605575694,0.05131382869837632,0.26875935957434394,0.23379738940494343,-0.09456249552570546,-0.047068899137590936,-0.03260694446813705,-0.0552745470483146,0.10276555020143653,0.08988722345768489,-0.03610923141578898,-0.03991837989731647,-0.11323065269729561
0.0676070844974385,0.09407646769800893,0.06139092027373765,0.24378061012695235,0.2416348149058538,0.24661022556205603,0.21482047240252797,0.29050905986944436,0.22666392058496326,0.2131106839447618,0.4796021851932421,0.27638085353622105,0.20414548093823823,0.1450595076808041,0.35406818481706576,0.13871091492565799,0.2866176225781143,0.17533876375580354,0.19540059903392623,0.23265302937213841,0.20360904553739873,0.17901872992071866,0.12710292165010995,0.16279753827969068,0.20665528653341564,0.19507689937195236,0.245893377612981,0.09751500327629435,0.17620554211176795,0.15593430923252544,0.21815870524838182,0.16825801326826637,0.1521912094017475,0.1571201495747649,0.13134725855534454,0.2622872885198229,0.2531454689946881,0.2184997534695104,0.2079070890493843,0.1277511604300581,0.14731714954878394,0.19242793790558088,0.17515633571746916,0.03087868223712939,0.20388118403181646,0.13114721875959642,0.26079583516262056,0.05088301791792871,0.18381795800306144,0.26293266691401185,-0.1010675227223563,0.043497833730426615,0.08537197025059996,-0.021463040470188585,0.009042630468725738,0.03350666165202171,-0.03755596537375344,0.18731870568824163,-0.23794239322764632
0.09352571947617622,0.10623395544514211,0.10336926277912704,0.2880181844126985,0.3091356911640683,0.24985853892788812,0.2227971009813015,0.16327817711599585,0.17593066486805475,0.22009480500822864,0.27638085353622105,0.5797572747344796,0.15431065758744303,0.1897150688510772,0.24795042170922948,0.21302037306425028,0.20732545918911552,0.23988867000932043,0.254604715314082,0.16999447570322226,0.20539971678842567,0.18657239167281064,0.15923049855910656,0.13244155955768291,0.2653158972178696,0.2562842026618415,0.22292889961388132,0.10986853089262351,0.14155749637159984,0.041342005269026996,0.2170543971499893,0.23485530896471352,0.08113006150390104,0.16629334025246895,0.0680261576709329,0.31375809355064027,0.08924143225367376,0.19424772368198392,0.18993570322125974,0.17324435347791417,0.07231914766577582,0.19899344079988251,0.16498818589920441,0.034138243174171336,0.22516261302170953,0.0958567498275062,0.19939591697908823,0.042866282172287225,0.07520090205302951,-0.006630908991313662,-0.04043541765638474,0.17198821714439425,-0.11715610121661552,0.01836864900086336,0.06552701663192959,0.04848845210614043,-0.08537428978160774,0.21746507434096,-0.3054570647558022
0.042168816957727784,0.11014744595037274,0.06472537218233294,0.18559764472183962,0.20347999293595145,0.17470147293632127,0.1517329473683655,0.20947203714619742,0.14096575073318507,0.2120835528887043,0.20414548093823823,0.15431065758744303,0.34690525571771635,0.116800878858622,0.13578018340835363,0.16629212768816704,0.18438413954188004,0.11490515281755487,0.15723724323430502,0.164267590372103,0.1244654406990467,0.16548197302802437,0.08057115406325571,0.12805856559436404,0.14280389827026144,0.16887514451794244,0.15693647240704922,0.07540351470511014,0.2224655610845312,0.0779364977689212,0.14525931407467318,0.14826065786957784,0.09211367174140278,0.162886588491289,0.11237548668177744,0.18707879998448892,0.17405309540768732,0.11714679775051146,0.1881794483398836,0.08241418670433129,0.09161821324223553,0.12998645168127318,0.08289683744109398,0.029772365555872322,0.06693861996182499,0.06103034618825161,0.19473735064983083,0.026618302083674304,0.22870948654219098,0.25347727445109225,-0.12128335753177419,0.048286664185238026,0.003710435761582929,-0.03468963320043595,0.00026537557438162217,-0.03307780665112204,-0.07824138207139311,-0.08064240018921658,0.15530211055558443
0.10083079701405874,0.05972840047287006,0.052018374174229304,0.21539928986579568,0.20785395418651745,0.2646717216047169,-0.030705606954239083,0.22702470327735905,0.10351629056185967,0.17201001120713455,0.1450595076808041,0.1897150688510772,0.116800878858622,0.567860716920473,0.08527089034190248,0.3149230406118629,0.135011171620326,0.14689938515934675,0.18391125614043066,0.20721622927615577,0.17150486473328785,0.20524276452644857,0.14081157194006835,0.15152741997733576,0.2040404297005083,0.28319299696989714,0.1298964904631709,0.046161585052566,0.25328419561393933,0.05183298043627658,0.1567206039084442,0.3256458735172215,0.010278232482137,0.24091090887350322,0.15458111018853077,0.17981377362708784,0.1306023378708288,0.19310366380811184,0.23096729872461053,0.14757383706990967,0.05634631442305618,0.18738541027143502,0.1843481076602758,0.0419933711174845,0.2533233957879857,0.03015994770816674,0.33527097326889693,0.034568728931196537,0.3551864755481472,0.20684690577155304,-0.0711636684151303,-0.11110052475386432,0.09299280184491403,0.04113744197244084,-0.01647341054217695,-0.0221398830428533,0.09951760818186352,0.06976615484631209,-0.16127157133120024
0.05436559757303301,0.028968338999199796,-0.024268488916501695,0.2432692509545399,0.357598541278142,0.22433699621368405,0.20341713802698383,0.23543095233580086,0.1802110068033599,0.2761129565859881,0.35406818481706576,0.24795042170922948,0.13578018340835363,0.08527089034190248,1.2138866754342048,0.019212632387074387,0.3026631005285827,0.07728807292993219,0.2468401774571881,0.2423974692867852,0.2068324554918176,0.07469761836628738,0.08480798190248069,0.17306280326690876,0.29325883495184096,0.11083626636971669,0.28936583605222926,0.21610043085232952,0.13604552533858758,0.31439088600626386,0.22890850881815825,0.09123089726813073,0.25284272347655623,0.10048414614102681,0.12305037839650437,0.2663157374042643,0.3960197346042421,0.22460821343500847,0.1490251354053099,0.10235051028539674,0.2961740652144859,0.19114861557506252,0.22220498773629166,0.027470623955635303,0.19272956182360135,0.16886874690731246,0.2549910928759209,0.07130373117084758,0.060612121766399185,0.35193634728473067,-0.1838792451459821,0.22204271707553677,-0.05678235719102589,-0.008130237185293538,0.03577770686895831,0.09150427698668034,-0.14528559700205412,0.22417765694662695,-0.2251541112356187
0.07890048138318316,0.08927964399103168,0.043176036213398404,0.25193892569234533,0.31533322509405326,0.1589770444656276,0.10126144019633296,0.1442032803631194,0.028720736287627075,0.16124088678201048,0.13871091492565799,0.21302037306425028,0.16629212768816704,0.3149230406118629,0.019212632387074387,0.7041270917024467,0.12943622542017874,0.15653998115624995,0.18134789564815898,0.13083273793298106,0.14505043287858468,0.33596540035206174,0.13161812065380465,0.14106923531998702,0.22511794764146956,0.21292751782267907,0.15596777928630776,0.07378203982590731,0.29978439735351947,0.11060312051037896,0.15737336427158,0.26708452002287225,-0.020517884797002662,0.2497009581710797,0.2221291954188751,0.19041116295299298,0.12427882930328192,0.17511259557179262,0.26842197947247903,0.17708551626750843,0.03962508258267462,0.18826363841457516,0.21666378657423077,0.05764787864002768,0.22315124904664146,0.00458428137468932,0.27611157261272884,-0.005356938031911302,0.33219986757119635,0.1646225690319364,-0.1566197189436334,0.03247853614908218,0.028168301618854218,0.042854502817105004,0.052789109472031165,-0.018646176390073127,-0.13302881836270436,0.11535058823759954,-0.0517138254309868
0.06414805647242666,0.06907315015658307,0.0715673759324173,0.22948368295388283,0.1403837550545183,0.27913944124902956,0.23281901139274155,0.2728887285734485,0.27058542846782785,0.2711191779067652,0.2866176225781143,0.20732545918911552,0.18438413954188004,0.135011171620326,0.3026631005285827,0.12943622542017874,0.6837536850382878,0.12720734871887254,0.15253716025834316,0.24326452574681764,0.24571000907950433,0.2174759028637184,0.1028019793673051,0.172066202629016,0.2034947704441833,0.13146113259342002,0.2662764743208331,0.15745153262588713,0.23534206236122068,0.22903062962091744,0.2163939179525551,0.1530761470234892,0.1728249742741131,0.19797695662643458,0.14471410075158492,0.22371466420436092,0.4005470335096609,0.237424178998466,0.20069700945073424,0.10613512426998024,0.19187897364181705,0.21770128602109975,0.22288595846049475,0.04273961766192209,0.26282511203505254,0.15431350958194073,0.4138228789142139,0.03519585527973442,0.2423874607237333,0.2276402168061936,-0.07707349418895129,-0.13716073818763497,-0.04914983741167543,-0.03767780843197293,0.11038420858880274,0.008940345769970355,-0.09136718093516395,0.20100545199426315,-0.24452233206952864
0.08107670003562298,0.4461441783819115,0.21066277435233868,0.16650779715408787,0.04457398814470031,0.2153275446344529,0.14621416573895227,0.23029716606428827,0.2397417646604296,0.29612496343223454,0.17533876375580354,0.23988867000932043,0.11490515281755487,0.14689938515934675,0.07728807292993219,0.15653998115624995,0.12720734871887254,1.1374758018420625,0.14534842043927668,0.13760984176043528,0.24024411941104512,0.2135230159426784,0.6415337052557167,0.06983692924990616,0.24072175289280984,0.5588323633720108,-0.010364325149812196,0.11233792952108015,0.2556398790491815,-0.033972085736788435,0.345068567560357,0.17096617097806394,-0.04703770588250037,0.22686690974574156,0.11910160519298758,0.4185510195418888,0.22843560435933474,-0.0023541453100229892,0.38509839649027433,0.2588581148852833,0.09270522157719414,0.22824632255713637,0.19967257395563612,0.06513801675002016,0.32676645112278624,0.24026601473087325,0.28125612965495594,0.020331715968821523,0.10518264654291441,-0.11031381059087603,0.5229289099854568,-0.35402226884680893,-0.3396668819243559,-0.1825613676985822,0.11627544033378925,0.06116962211344105,-0.17324192403200336,0.43973417796224473,-0.4660982836744055
0.051128671862539686,0.11633683798622119,0.01985005091776216,0.2824307110763732,0.5628020113003128,0.4802262349056574,0.019845981423568967,0.2698850745013525,0.15204042653547808,0.17802523651008464,0.19540059903392623,0.254604715314082,0.15723724323430502,0.18391125614043066,0.2468401774571881,0.18134789564815898,0.15253716025834316,0.14534842043927668,0.8539442235762416,0.23861865299816434,0.18388943779388175,0.1609194531847737,0.019349353575306788,0.14230833300910867,0.22319494512260235,0.17484031179705448,0.1746394877317192,0.18470696811018059,0.007199588219211658,0.03907601358925928,0.24233037482429945,0.20469170235531112,0.19557186751140382,0.07026495365370884,-0.09821064013379349,0.20071480923571572,0.2240604937228599,0.34515388146937925,0.2785463781829254,0.20477264533082293,0.14144118737447645,0.17612672888763473,0.22957083950438611,0.028981171190702155,0.2970943725437961,0.09279943985751178,0.0924821465956611,0.06491205342112277,-0.11366958691489697,0.22490669764086654,-0.013937491031491585,0.6483834406807053,-0.3564156369275203,-0.07829076301604783,-0.054106377290381244,-0.03267930427250965,0.019746616631861093,0.16502363328884387,-0.09067528087419494
0.022799325891646505,0.32080567492787704,-0.011641094333130497,0.15996055488552982,0.09502154778710616,0.5158127591943591,0.03321723102996296,0.34941156543337804,0.1668509708824623,0.29260706552178467,0.23265302937213841,0.16999447570322226,0.164267590372103,0.20721622927615577,0.2423974692867852,0.13083273793298106,0.24326452574681764,0.13760984176043528,0.23861865299816434,1.5395653924515065,0.2597583186329303,0.12072044132454282,0.025486659117339522,0.22772871809308237,0.27228501617875545,0.3451362472093519,0.15925757827816284,0.0923973050504715,0.5480890078486933,0.29330892421612714,0.3711171110538531,0.19508954309970478,-0.056431869301939906,0.529530888565787,0.43221218237687253,0.24091779708263242,0.7892007022986104,0.6239192920559744,0.8423543782809645,0.3700813901254015,0.3461226163393496,0.34357915798374783,0.14330472575817663,0.010812628771741136,0.5558394374257221,0.3475459301740099,0.4380788218853533,0.10018898046102194,0.14929905872089755,0.19967445206977066,-0.26911869198484517,-0.0259390889232506,0.3476444971520923,-0.10757757004502735,-0.05054572374188554,-0.03871397160344093,0.08213046465902418,0.030585491926699928,-0.05001982328783805
0.08386724728851587,0.23881872285155442,0.14431461920514677,0.18284145728821155,0.12062341036922948,0.2954887796665866,0.16845761600336134,0.15112460025289437,0.225876879938306,0.17361691212537314,0.20360904553739873,0.20539971678842567,0.1244654406990467,0.17150486473328785,0.2068324554918176,0.14505043287858468,0.24571000907950433,0.24024411941104512,0.18388943779388175,0.2597583186329303,0.6230150902159739,0.18782358112724815,0.12538376934768133,0.11817911247146622,0.16214369170825532,0.2349314744591051,0.15498659972805728,0.19120826161580967,0.0795198245026307,0.20378379041344985,0.22343807243746094,0.20403971349483402,0.07838470892551853,0.1929359494126898,0.18973555962495717,0.21451059869450995,0.3588745853827828,0.2662036893211149,0.2292869380091704,0.0809003157589086,0.21684044488970794,0.46275417646292655,0.22600613196350947,0.037637651080666246,0.4928354554875475,0.0884656607711323,0.3353670961645848,0.04349892966851405,-0.03797053173485207,0.22215361656581703,-0.08095284259197609,0.07388840162009545,-0.12949160519167424,-0.015785311681707756,0.01867259750861782,0.00513621954352813,-0.09633374149865949,0.2210004840564229,-0.22010831316392912
0.08056743673475351,0.08318760441521289,0.08658170571998175,0.20260495542790322,0.16229549311733027,0.21663701912870428,0.1553136213514131,0.13066966559042298,0.38062855894032016,0.15302627163445595,0.17901872992071866,0.18657239167281064,0.16548197302802437,0.20524276452644857,0.07469761836628738,0.33596540035206174,0.2174759028637184,0.2135230159426784,0.1609194531847737,0.12072044132454282,0.18782358112724815,0.5044394464680922,0.19066004617225235,0.1611556485308666,0.15564716612864532,0.23711439846299473,0.22085237286130377,0.1268835764788246,0.2042216182272469,0.157293024265007,0.18916994395054124,0.22852103450584596,0.1229926468653143,0.1854976475813783,0.12230478462493789,0.23175501593667197,0.21436203196102266,0.2389448513314318,0.22967493193597524,0.12116382325917827,0.09175726129862484,0.1943674897081932,0.30988882952599434,0.059920662362560856,0.24538671373452978,0.08000828349960627,0.26892938278269807,-0.02807740472806733,0.43686283303981827,0.23918663371107993,-0.125952409853375,0.09206911236155048,-0.0795812370466135,-0.023002908789483894,0.09066656729421721,0.06595243682295741,-0.09159874778175035,0.146721777775102,-0.25736876336649717
0.044834588561409386,0.19381344791059107,0.08208440956852191,0.12812584168099916,0.030866030045351826,0.12707922335603308,0.10286885914066564,0.11131069372141654,0.18110507655329205,0.16206759483700844,0.12710292165010995,0.15923049855910656,0.08057115406325571,0.14081157194006835,0.08480798190248069,0.13161812065380465,0.1028019793673051,0.6415337052557167,0.019349353575306788,0.025486659117339522,0.12538376934768133,0.19066004617225235,1.2380449797285766,0.2425122058170135,0.28880397986800627,0.12813597060986498,-0.04440752697533176,-0.16372931166943555,0.42610283083355294,0.11726263936607588,-0.044872523473219614,0.1125512145832557,0.09519872166794743,0.27517674314561075,-0.009378361637557092,0.41493917882967457,0.06852321424442807,-0.15953009072934116,0.1623896296724643,0.09744277859525399,0.04375579800090766,0.11692420039613645,0.06705108766395508,0.08198204764911952,-0.17715044557763407,0.2554222367766665,0.26076595945725545,0.03844864918391784,0.17985523562012695,-0.397184669867821,0.3012461704776695,-0.38984563287015367,0.18901489973641625,-0.1126238125733667,0.018297221497263507,0.04601865632723413,-0.1285941383876152,0.10478702705310437,-0.0944423506179252
0.0645246587653109,0.03484385544371841,0.07400614658027098,0.13309996790937728,0.13007192091485884,0.20939523200846252,0.10541906119674922,0.13214685649179708,0.17295145252000246,0.16892408461016364,0.16279753827969068,0.13244155955768291,0.12805856559436404,0.15152741997733576,0.17306280326690876,0.14106923531998702,0.172066202629016,0.06983692924990616,0.14230833300910867,0.22772871809308237,0.11817911247146622,0.1611556485308666,0.2425122058170135,0.5237617366564841,0.1799337096136884,-0.012386746341821422,0.18817647787036557,0.15309626994823297,0.15223112469494227,0.3093354010211908,0.2631365899100818,0.18898073531916476,0.33164474558790114,0.1568495030585021,0.1567799878425453,0.4513067456078038,0.37411311366111794,0.27039284161743976,0.16895429326003952,0.030129830180677834,0.19138626431625272,0.1372867477823017,0.14620379325571328,0.04444774631212344,0.12309767425981138,0.12147793303463664,0.2132097055772363,0.07754220593959203,0.223569827235866,0.17010777096791355,-0.24051123647411723,0.20400618072943247,0.1079320278340206,-0.05492750113231127,-0.03686386626550288,0.016015332536639868,0.16637291334367607,-0.32095874355479664,0.1188976903298666
0.09721269763032378,0.19314566314291517,0.1684739059343507,0.2113131437988366,0.20240356734635664,0.27903123108369676,0.12784771065520648,0.26586710888196025,0.09220889681537489,0.21737056080866538,0.20665528653341564,0.2653158972178696,0.14280389827026144,0.2040404297005083,0.29325883495184096,0.22511794764146956,0.2034947704441833,0.24072175289280984,0.22319494512260235,0.27228501617875545,0.16214369170825532,0.15564716612864532,0.28880397986800627,0.1799337096136884,0.9686270022224097,0.2742516596346035,0.2164206329262105,0.09499130616466184,0.439806573614637,0.1254188536279374,0.22398216439507337,0.21183412291466208,0.0670955104361238,0.3120259016857159,0.19150996300429832,0.2929213746872612,0.10417912350154629,0.27373970908116574,0.19942871584218316,0.07256466225666422,0.06626482451617782,0.1742054346374965,0.16337145673303594,0.046780211070196885,0.131020765779563,0.19311722046556562,0.3086525059097462,0.015566373080863562,-0.10512847910541197,-0.5537283253135175,-0.21979872681402007,0.3716898782239626,0.10394646780880604,-0.029681377244827438,0.030022285368675405,0.007940929782626782,-0.04576642925476055,0.14674107147997117,-0.13049114301750872
0.008014893863527363,0.19911414692124568,-0.01454458530265639,0.20352193431825283,0.12029846939088192,0.36025739763082615,0.05688089301204865,0.26137287615468885,0.2570376200092978,0.2170732369929621,0.19507689937195236,0.2562842026618415,0.16887514451794244,0.28319299696989714,0.11083626636971669,0.21292751782267907,0.13146113259342002,0.5588323633720108,0.17484031179705448,0.3451362472093519,0.2349314744591051,0.23711439846299473,0.12813597060986498,-0.012386746341821422,0.2742516596346035,2.1843886067074814,0.2589089283685258,0.33802266598177,0.1679453026516987,-0.8241978586279424,0.3113808193461177,0.44559051481073164,-0.3136366580264669,0.2698219983650668,0.2907809268154952,0.13174390307019027,-0.38604507902870766,0.13382771703282223,0.6611163017448051,0.7057202622172125,-0.1503962343465368,0.3442982404255952,0.30916795999435154,0.029875015657925122,0.5237436087301861,-0.2866868550789304,0.20829590393220376,0.08658889432688334,1.0778004084325679,0.6420202778893691,-0.16711148598123676,0.07747121894438469,-0.8726990238678612,0.044636631703447956,0.044485064238043014,-0.0019466295557655086,-0.13468475757300946,0.35404058472264005,-0.3295220158362375
0.09734528113151385,0.10685005965186607,0.13736466248898282,0.19612770744224584,0.18280263731817128,0.21680255181957286,0.17734805807959533,0.24845085503093345,0.27163819433821584,0.2541927757023036,0.245893377612981,0.22292889961388132,0.15693647240704922,0.1298964904631709,0.28936583605222926,0.15596777928630776,0.2662764743208331,-0.010364325149812196,0.1746394877317192,0.15925757827816284,0.15498659972805728,0.22085237286130377,-0.04440752697533176,0.18817647787036557,0.2164206329262105,0.2589089283685258,1.4858938201212069,0.32118121702855623,-0.11001246078428728,0.22800154041546428,0.35846383458195114,0.19912885704959699,0.3236793445169641,0.18541124199811893,0.17883849737482416,0.513449846515934,0.39641480359104886,0.5487126844264243,0.07951519069200604,0.32436658265819207,0.15389390327753044,0.189818052052995,0.6705839133238503,0.010680892679968218,0.47405004847318744,0.19576722314370654,0.2992181659512684,0.1441552609871462,0.5128645693942363,0.32543783263811327,-0.4360589181670628,0.5122016108524089,-0.016571993442797896,0.008023538541832019,0.18010221992286604,0.08890025286485397,0.06902466580989895,0.217418322035191,-0.495519950455968
0.0239092433464465,0.08500579638622714,0.06116819326937344,0.02939970821426716,-0.01782641912231558,0.11695714768786093,0.11627702821659719,0.023752630275750256,0.18629183006918087,0.1441623567505152,0.09751500327629435,0.10986853089262351,0.07540351470511014,0.046161585052566,0.21610043085232952,0.07378203982590731,0.15745153262588713,0.11233792952108015,0.18470696811018059,0.0923973050504715,0.19120826161580967,0.1268835764788246,-0.16372931166943555,0.15309626994823297,0.09499130616466184,0.33802266598177,0.32118121702855623,1.542349489163992,-0.26010874093818925,0.24260681212033972,0.3884489935068867,0.18866104566846253,0.3866587628981238,-0.19745512502822074,0.6572098430338924,0.4818715191991734,0.5568285657575794,0.3203832640296452,0.1321246666034382,0.08441855295143712,0.15801690392928222,0.17597293530903185,0.3464774210577481,0.05661638202218645,0.6663481292556512,-0.20107154694988766,0.020972904849346562,0.11040939807716842,0.18757914324064354,0.8256386530435549,-0.5355945605458804,1.5287149199605508,-1.6300277259169156,0.12148792555570737,-0.05076063150983392,0.05001865561772789,0.06161510687417531,-0.04265375681084749,-0.08924113884068684
0.0866626588951997,0.23045350778965273,0.04060796428028198,0.16010583259220407,0.07510286748645557,0.30732999236406644,0.08126733532329142,0.2276256944183952,0.06557329881591824,0.30799223188355307,0.17620554211176795,0.14155749637159984,0.2224655610845312,0.25328419561393933,0.13604552533858758,0.29978439735351947,0.23534206236122068,0.2556398790491815,0.007199588219211658,0.5480890078486933,0.0795198245026307,0.2042216182272469,0.42610283083355294,0.15223112469494227,0.439806573614637,0.1679453026516987,-0.11001246078428728,-0.26010874093818925,3.034841247014007,0.029521544366601354,-0.057827318612843806,0.32836945758761144,-0.37198710102618443,1.1140663207510166,0.2826971116711369,0.2770330787785677,-0.2418921749418237,-0.3548229305182793,0.4983804129018809,-0.031460093727625885,-0.13906842452643006,0.08454905846748334,-0.9054584966627339,-0.06024361081598552,-0.6715025570762255,0.11363130854387551,0.8622433567662586,-0.02370556138757585,1.5302767809837903,0.2536740439734923,-0.44557990967883243,-0.3819129742118683,-0.005241658530801939,0.12550782154561047,-0.00046400215187505044,0.01020329045657804,-0.10312837055285637,0.0768054986187668,0.044349917836293905
0.011484656198914554,-0.11210807888320493,-0.49735096549052554,0.11903630176546823,0.10062418202288229,0.05679672743807419,0.18708434325473916,0.1290433032567574,0.17161140542227427,0.17532405384759547,0.15593430923252544,0.041342005269026996,0.0779364977689212,0.05183298043627658,0.31439088600626386,0.11060312051037896,0.22903062962091744,-0.033972085736788435,0.03907601358925928,0.29330892421612714,0.20378379041344985,0.157293024265007,0.11726263936607588,0.3093354010211908,0.1254188536279374,-0.8241978586279424,0.22800154041546428,0.24260681212033972,0.029521544366601354,2.5711123050912117,0.23959501352654072,-0.12685205402403993,0.30351453664214195,-0.4899221607635137,0.6833575642090245,0.39375695944211625,1.0190552790185918,0.45184708384085986,0.0052022527436867095,-0.029918294245556705,1.0808400992011888,0.1793439153380407,1.081842961241885,0.14495296911925448,0.5882574959609475,0.6258937611148934,0.2816187282624723,-0.03263014054566702,-0.1589712255066131,-0.38818610390203334,-0.15935238850430958,-0.23209293760359212,0.7061805487148549,0.06412183281906625,0.15436598887572628,-0.023719360321585826,-0.1612537486089695,0.3378998975583579,-0.291925563080149
0.09458521875144028,0.2367314285522116,0.1966370198371985,0.17755595001540148,0.17155239820833704,0.2712512123775986,0.14713311123183062,0.22350363245891902,0.23195211964545967,0.2620592774011918,0.21815870524838182,0.2170543971499893,0.14525931407467318,0.1567206039084442,0.22890850881815825,0.15737336427158,0.2163939179525551,0.345068567560357,0.24233037482429945,0.3711171110538531,0.22343807243746094,0.18916994395054124,-0.044872523473219614,0.2631365899100818,0.22398216439507337,0.3113808193461177,0.35846383458195114,0.3884489935068867,-0.057827318612843806,0.23959501352654072,0.9309807186531324,0.20812957823414732,0.24828552800177411,0.05666973653351094,0.2664557995480654,0.7986362009340265,0.5484584606709023,0.5091456339807956,0.4460551965267459,0.18976726141902292,0.3007010182197664,0.2406574867808812,0.23237594161328784,0.04790765567671045,0.6375494069780634,0.1250315034430106,0.16919564284662217,0.08712125932408292,-0.15170577264121538,0.5695734048942432,-0.18177578171191694,0.3741469353475864,-0.26001121176184233,-0.10313440437002538,0.039533700575586535,0.032164074211512426,0.05421823425646223,0.05116768401806865,-0.2022439235305194
0.0833117547369987,0.039997784374258764,0.08805229737345291,0.1744127549238187,0.18302470833035211,0.2680898407755147,0.07231903230848767,0.17707868377000122,0.1694380450650884,0.17095317044225547,0.16825801326826637,0.23485530896471352,0.14826065786957784,0.3256458735172215,0.09123089726813073,0.26708452002287225,0.1530761470234892,0.17096617097806394,0.20469170235531112,0.19508954309970478,0.20403971349483402,0.22852103450584596,0.1125512145832557,0.18898073531916476,0.21183412291466208,0.44559051481073164,0.19912885704959699,0.18866104566846253,0.32836945758761144,-0.12685205402403993,0.20812957823414732,0.632196189887651,-0.0032195898137817374,0.2938291119256774,0.1114399206253908,0.28723193282126386,-0.07260483685755167,0.2165155314808507,0.2416954642876702,0.1369134066064983,-0.03314762637998278,0.2191933529489969,0.060055963233165456,0.025369251217060556,0.22160626677754602,-0.06817186950602054,0.29183931019459325,0.04857307222197352,0.5269909253435787,0.34527861188601233,-0.20337310159691951,0.3646574147157327,-0.42871425543853203,0.052030149404019316,-0.08273570111216973,-0.02229529546815003,0.42432657250029643,-0.25270436041926847,-0.12487673871283202
0.07880852283821396,0.04002403934228893,0.16514812284844757,0.1889795282182069,0.24826694471688707,0.07472638436027941,0.2125722766362747,0.07980486779735217,0.25309254798847375,0.14459714551496064,0.1521912094017475,0.08113006150390104,0.09211367174140278,0.010278232482137,0.25284272347655623,-0.020517884797002662,0.1728249742741131,-0.04703770588250037,0.19557186751140382,-0.056431869301939906,0.07838470892551853,0.1229926468653143,0.09519872166794743,0.33164474558790114,0.0670955104361238,-0.3136366580264669,0.3236793445169641,0.3866587628981238,-0.37198710102618443,0.30351453664214195,0.24828552800177411,-0.0032195898137817374,2.0911904478694696,-0.46483484311415196,-0.6412702860616268,0.44334991568657767,0.4383613813696887,0.3471012081083261,-0.3791911944503815,-0.12857994248513738,0.28620576421667077,0.11079857891553634,0.3012841433432834,0.02464382651337206,-0.5608265786516393,0.26255913009656967,0.028597008162842653,0.2286021058117294,0.12586148158753824,-0.026672438001862427,-0.2334250998797523,0.430102770180596,0.3792448507938533,-0.35894343265824674,-0.05074449028636691,0.10485610101911737,-0.08097025940527162,-0.005051716649704431,-0.05368526213981543
0.10465292654341846,0.34359465880472445,0.4479580287169858,0.09520389696549125,0.001800589577488326,0.34378533630602304,-0.00213845840444979,0.2357078447030096,0.11116659315386801,0.2693466793385533,0.1571201495747649,0.16629334025246895,0.162886588491289,0.24091090887350322,0.10048414614102681,0.2497009581710797,0.19797695662643458,0.22686690974574156,0.07026495365370884,0.529530888565787,0.1929359494126898,0.1854976475813783,0.27517674314561075,0.1568495030585021,0.3120259016857159,0.2698219983650668,0.18541124199811893,-0.19745512502822074,1.1140663207510166,-0.4899221607635137,0.05666973653351094,0.2938291119256774,-0.46483484311415196,2.4190449714583897,0.4798505408194803,-0.11829891874959493,0.8378970165096635,0.10440663742012302,0.1255826693711433,-0.2890046656653537,-0.11512781061407458,0.23463431540476884,-0.11287271272811714,0.09940825202844383,-0.17547909885913587,0.02773572623156705,1.078146829347121,0.11034163334265186,1.1645857421137344,-0.43524657121310667,-0.2652453798528947,-0.11363481524714726,0.2684611369956285,-0.10334224086023278,-0.026021743645328582,0.05318163392153316,0.03205419763193659,-0.13741972013412734,0.11543547131254292
