0.735934571458109,0.3246568480413132,0.5194472592084557,0.1259311481984211,0.18701903563904107,0.18382515490713053,0.19914363229999962,0.12946244734517456,0.1826476967425794,0.17524248240282,0.15457987674780332,0.20331782268377258,0.12884200050485292,0.1604623236060683,0.14989908903013838,0.15509340535181668,0.1315210872561769,0.18643371993812985,0.1783246062914524,0.09806263898421647,0.16378191919041105,0.18105813306042584,0.07297941630660601,0.039585397629528785,0.18703127018750335,0.18360879817283407,0.13995387139232904,0.0852129021785073,0.18970083482402408,0.06662649351951454,0.15062255184377954,0.19894713969619307,0.05274103091684609,-0.06555783685973567,0.12971647149131457,0.20070973441697226,0.0762543047243729,0.06949011061875322,0.046731906519729166,-0.058905497605542124,0.12302817762990757,0.09157952451593289,0.04987284261921524,-0.018178042887797258,0.15039780825030702,0.17918371949172623,0.1311800644281807,-0.06870988815789417,0.06190711490416703,-0.01650437965653535,0.0018513338368658374,-0.07304394086306258,0.04027924676089976,-0.006362405851936523,-0.013905365118580003,-0.0035858646919945582,0.13503084157193782,0.17042495831227963,-0.3918108908616198
0.3246568480413132,1.3860581752847898,1.2813818442705782,0.39438044237575676,0.4127550282727347,0.576896844520793,0.515054653968222,0.5665531137508962,0.5696809719331385,0.4903161486170368,0.5476241455749604,0.5350317781745318,0.551072488106453,0.5750099926572566,0.5570156607301849,0.48742815864655414,0.5059506160165557,0.63375807574914,0.517010651236162,0.7509834958868364,0.47623604470157915,0.5249699550532765,0.43206930820691924,0.4975275932060252,0.4575809412005141,0.6601536967154039,0.4933755499438234,0.4865328599765951,0.5986889251670658,0.13767850938054607,0.45318030358595046,0.4934479141823222,0.33609909897103507,0.651417649052828,0.5579453411944254,0.4684841868525389,0.5011090156590002,0.37683825365504875,0.46259551485960027,-0.00747236527017309,0.5992794414425051,0.36793691866218947,0.3947530500989141,0.0019172256028567572,0.4448712934251759,0.2679122955648346,0.5434844693178605,0.01084828048617703,0.5944635890373229,0.07862629296553456,-0.06922727230019765,0.03802966001654525,-0.036000445263283457,-0.1064663622355106,-0.31392002004389813,-0.0563218743813515,-0.21560612858724132,0.2673999346854556,0.09850194207388006
0.5194472592084557,1.2813818442705782,2.2649873272624736,0.4226481613897533,0.31488349585062336,0.6285201732689372,0.5591372573851703,0.6285601690612058,0.6191669040162786,0.6473358583491674,0.6089502750849703,0.6219957322052703,0.578746803011142,0.5816917218426366,0.52310420916421,0.4229673494116668,0.5346325549748101,0.5777136697321369,0.5716311472635985,0.41764672265481007,0.5186479111823117,0.5618827969610657,0.39511148601292656,0.4582563795673507,0.4972140168603377,0.6216853753741816,0.4650599166359669,0.39789596183504866,0.574660905526531,-0.12818395169744123,0.43835574265797744,0.5331590121679656,0.18109019166331464,0.5970316546144282,0.5174961346577414,0.6018617500614922,0.43881109469300056,0.20994023970575193,0.2862438002985378,-0.2423225184360197,0.515392043327845,0.3706979062429785,0.24551178956720268,0.006300578743684524,0.3598202183130187,0.5309038510051617,0.504555171491567,-0.16039505983156988,0.10421136802666302,0.02810484580206005,0.02509983579479201,0.10793340502778208,-0.0600724802535257,-0.10410512656622742,-0.2258917213518483,0.14055037721442187,-0.03607081566607644,-0.028935853805100862,-0.12763942074667495
0.1259311481984211,0.39438044237575676,0.4226481613897533,2.7153761784500734,0.24649686583737862,0.3604644610908656,0.29137532177491665,0.45244499605963867,0.2275458450072402,0.4569605936698851,0.319427985066826,0.45225405760719944,0.34195594531780116,0.41406779508845204,0.33527351568688757,0.6321589369476849,0.3407184978724749,0.4185529157887159,0.2496374438881359,0.2957059561483859,0.2036111413251087,0.39893187854467804,0.41492638988812536,0.3944461050477324,0.25111736449668143,0.35394486707981393,0.3574828257374274,0.1208563120976315,0.4065868654020984,-0.02419541075395249,0.28372512829526036,0.36157593214598366,0.2016217391634896,0.3909700748478791,-0.2739537000392592,0.38951821945102344,0.1313133232917885,0.17182673516506308,0.2991167529831157,0.21190398649605838,0.29227527048005975,0.1670457754047256,0.2792845492433195,0.006761458962079055,0.30278608363362886,0.14133047075991403,0.3404213223034442,-0.10874838768846125,0.1613849021220478,0.1699288780695447,-0.10870751484682933,0.18746917114328165,-0.322190631121238,-0.03355468003041727,-0.3714400414974496,-0.035266544470165744,-0.1271219261661557,0.30815618021689206,0.09085446247640873
0.18701903563904107,0.4127550282727347,0.31488349585062336,0.24649686583737862,1.1177915535433283,0.5832867511635009,0.44224358455522955,0.3999174349940151,0.44772480990757507,0.27512220276586374,0.4134918146579353,0.48068346318749383,0.44628489685505185,0.47951075074202815,0.3984896283877178,0.5710287088701779,0.4012434680056758,0.3520549015075965,0.6300030024524522,0.5258563708856077,0.37216138549202643,0.49849078526645835,0.49641298414351426,0.46170321464729114,0.3509639642306687,0.5436975937444757,0.3803084029009443,0.2169746595574217,0.5856730399507035,0.1505122083833574,0.31970850627776937,0.53225146607806,0.24855501831524868,0.6915807899635084,0.30650402067992444,0.3341590519509767,0.4523316132351788,0.27910429788678165,0.3909839382829714,0.1826894960205731,0.4703790761899089,0.3475565352698875,0.2978110532507039,0.03086779476652586,0.34998652437932753,0.09585126760635196,0.5825193797715027,0.05218938481831675,1.0189251809849396,0.07339921152217706,-0.15493951722891208,-0.19198198973262554,0.25188265215906747,-0.046067457618008185,-0.12810062299262245,-0.17019567356174703,0.05920733452673848,0.11336926935062333,0.023683035864050118
0.18382515490713053,0.576896844520793,0.6285201732689372,0.3604644610908656,0.5832867511635009,0.9570401845629837,0.44782889604348214,0.5515520060441711,0.5722043612977856,0.35035284116990595,0.5395193331888717,0.518813613539702,0.5149751310321251,0.6308548595385611,0.4928476387455614,0.5802802498029883,0.5245863881331329,0.41972720711706274,0.6559866940994934,0.7216373178979345,0.4565706652082332,0.5734282045313432,0.49385296474014967,0.6243183721899589,0.46195613094795124,0.6756830824777772,0.46877717771627225,0.4469329670501381,0.7052629001781306,0.1672423486140593,0.42659640711856034,0.6116755108628972,0.251850090657404,0.6687550129999914,0.4968461919028151,0.35909857334510603,0.53140057888887,0.39368116323215674,0.5260922822461487,0.17332392966871904,0.5040980461989523,0.38128022953670876,0.3743093123262995,0.023507604802955485,0.48125911297982904,0.14144979174307137,0.7172913034201313,0.060606006828713206,1.1857525201348318,0.2064458489164863,-0.3101003664807065,0.10997967317242899,-0.10432650869123151,-0.09095307988021833,-0.1900562007884798,-0.12145556151211521,0.1076819646967835,0.1279794805740201,-0.052649156690956045
0.19914363229999962,0.515054653968222,0.5591372573851703,0.29137532177491665,0.44224358455522955,0.44782889604348214,0.7931780771885076,0.3635374325725225,0.5636050733398712,0.3762199979585061,0.453637027045006,0.5124607964230125,0.4521667425861611,0.4591785479953806,0.34489170991581347,0.5341829339504532,0.4662331121811694,0.4518559585687521,0.3492080807229956,0.47438986555197243,0.3803744229250001,0.5468549671714513,0.6904110976345131,0.641645332505413,0.38184526037250643,0.3931722625471245,0.402582605042082,0.31539555243673845,0.5188278566083042,0.2911470134037601,0.35919403176802916,0.4649802838654916,0.2640570431599333,0.5082994497741343,0.46568797803656925,0.4055671173691947,0.4142022187772805,0.2690282193025244,0.3753974439679886,0.06729855238043546,0.46533877809692087,0.3249268064562035,0.31831616240376265,0.012263657601256034,0.3912853144526806,0.16998831399731973,0.49558135868996217,-0.019159163226322416,0.814594676454141,0.02271437225383522,-0.16201721142192468,-0.067693001796668,0.20294616106002794,-0.08278353503444622,-0.17176463535946906,0.06173328136314276,-0.03038865191077564,0.17937093107989702,-0.2767294911769898
0.12946244734517456,0.5665531137508962,0.6285601690612058,0.45244499605963867,0.3999174349940151,0.5515520060441711,0.3635374325725225,0.9349443446642559,0.32364810225782115,0.4514472312801969,0.497152637736934,0.40142421571425074,0.5011030070627546,0.5749342355282491,0.4127523652353452,0.4879075160102927,0.5013223040001373,0.456650903219878,0.46203718984385617,0.6227906812151435,0.35942477741670853,0.42420377674246196,0.4975529586715883,0.5010025044396588,0.3470932448161249,0.5791269711029096,0.4595121355721293,0.46808433437443586,0.5048700739195806,0.21082216055762149,0.36264408642276463,0.5009011112127473,0.30307650901309235,0.6510053140997796,0.597847430639233,0.2692528666896418,0.4927108533626815,0.3188859326060969,0.5860229635699041,0.11308165609037395,0.5567078643583883,0.31407545965882405,0.41248810086049964,0.014991973492565425,0.4681824264235595,0.06940041566338112,0.7111415181907912,0.14137215340597195,1.1212306042324016,0.20140286876813737,-0.18806090711378462,0.14010293212664016,-0.04645152659518451,-0.10343259383278622,-0.318132964508964,-0.057727371534645945,0.07452104086566226,0.34656763074405667,-0.18852458876678854
0.1826476967425794,0.5696809719331385,0.6191669040162786,0.2275458450072402,0.44772480990757507,0.5722043612977856,0.5636050733398712,0.32364810225782115,1.25068555544877,0.27796453039371954,0.40616682646215113,0.40959550749849777,0.49278129264119747,0.48551669414125287,0.32293857294945866,0.3393284588889623,0.45306810937797276,0.4892533809267981,0.495225586803464,0.5855269145977586,0.4072641226056434,0.7338619241224669,0.8444951360712962,0.815263145669539,0.3804489896153339,0.5721469379448914,0.38421266704181883,0.394018018449552,0.6359931936373207,0.4016990339453512,0.41648470397100795,0.549871262625338,0.39973787212938217,0.37660530349233684,0.40165828965746997,0.44159226089373016,0.6371351838730113,0.35238643107425544,0.4146171816981363,0.024229309035681403,0.4674508098087145,0.3395998942844001,0.34829174668049817,0.019655981274261415,0.27915667330085103,0.39878452336179226,0.6031647594078136,-0.0530690586897401,0.9675151993826479,0.11168274318480842,-0.09880219565578166,0.0652478420260231,0.1772976430114758,-0.22372411704369333,-0.12267450168369233,-0.014154657121979929,0.13704060955082223,0.13662379001871167,-0.28632592260923284
0.17524248240282,0.4903161486170368,0.6473358583491674,0.4569605936698851,0.27512220276586374,0.35035284116990595,0.3762199979585061,0.4514472312801969,0.27796453039371954,0.8131095630721661,0.4094146326255748,0.4047868737328017,0.3991804408075606,0.4123414637525695,0.37445154572966083,0.42046252377209836,0.38869718574971374,0.44872670958688965,0.25362005632816675,0.3570182652328992,0.28844818086297047,0.36950001020598217,0.44985863324508846,0.37644985860777325,0.3451113394091357,0.40993990293268334,0.36700097143460814,0.2818837619079289,0.3846535262199635,0.07180038876998403,0.3127960532898821,0.36744939759338147,0.1910419786750825,0.5845383854698288,0.3934433501007345,0.3080527805759311,0.39452115409446487,0.17681817856642665,0.35476837997288024,0.07986743760986385,0.4556809026981712,0.26672519038791703,0.30886506154926374,0.019934849595571232,0.3419840691500408,0.12793957059827538,0.5238930738997849,0.020517352650965073,0.59256147157555,0.07685256012568348,-0.06182802296980971,-0.11889321358008739,0.061046925181170934,-0.027187358178572974,-0.07867803843751207,0.1496406759570423,-0.02793778771693393,-0.03252306846979191,-0.08905134218039613
0.15457987674780332,0.5476241455749604,0.6089502750849703,0.319427985066826,0.4134918146579353,0.5395193331888717,0.453637027045006,0.497152637736934,0.40616682646215113,0.4094146326255748,0.6932840244280423,0.4763279751516164,0.5082880708965685,0.5109909728403231,0.4477440605468614,0.5448994602063977,0.5319480410075846,0.41007882185791134,0.3993627679599981,0.572822471149648,0.4076691134923143,0.4790900937317188,0.5411434954611412,0.5305892094535586,0.38629076299765025,0.4743155585751196,0.42979104898058396,0.4065379782134784,0.5420972127954159,0.2110517953906414,0.3543675590884434,0.4891110096005301,0.2844895967905533,0.6274712196173313,0.5708794372164734,0.3286669738029368,0.49579895415408337,0.30430576560648775,0.47053892231050887,0.11140526486365866,0.519652478207057,0.3610703912708781,0.34147061435500026,0.013379754355905339,0.4329583243643753,0.13898360661994824,0.6385988277021831,0.06107302739733587,0.8793811244538102,0.09462907608224001,-0.17084907823091477,-0.03896416701933798,0.12155819148897476,-0.07792011631242839,-0.16751144207107635,-0.0528256150148624,0.017030825125150875,0.045509265969765775,0.001850289785099632
0.20331782268377258,0.5350317781745318,0.6219957322052703,0.45225405760719944,0.48068346318749383,0.518813613539702,0.5124607964230125,0.40142421571425074,0.40959550749849777,0.4047868737328017,0.4763279751516164,0.7776112542289008,0.4552978287199599,0.4955524798341946,0.4586963084252107,0.5171663895486945,0.4789514063636407,0.37477094451133175,0.4153160791369114,0.5110761060753733,0.3629609583710403,0.46481319293553397,0.5419665208337073,0.5101245806623401,0.415829323705271,0.4406063809078691,0.4447846581443249,0.2709760786984233,0.5200309605516811,0.14038093782706085,0.34721915774571405,0.4915036771930298,0.21432648274819208,0.5768186008903765,0.4805042227196583,0.3911958951327483,0.32329055730456957,0.2768293406057672,0.3522354924133748,0.06749881432334297,0.4533096430515913,0.31150420548206637,0.28224697243982977,-0.014858978599489207,0.45051378458905383,0.13495991693289275,0.5492199608773335,0.011813513077763288,0.7899194431569628,-0.008950380369365503,-0.13675435797604338,-0.13197494922083933,0.22607011648164071,-0.0728507543783737,-0.20489375263978335,0.012141670079515663,-0.06626223124144281,0.15545380640717235,-0.2112963710850767
0.12884200050485292,0.551072488106453,0.578746803011142,0.34195594531780116,0.44628489685505185,0.5149751310321251,0.4521667425861611,0.5011030070627546,0.49278129264119747,0.3991804408075606,0.5082880708965685,0.4552978287199599,0.7448681602276519,0.47998589373782297,0.35317252444001174,0.5435882660766302,0.4719313399964865,0.4422662134539166,0.43474830261218106,0.5471241800651309,0.381254972872558,0.538832845742207,0.6053161571293746,0.5809547883877926,0.3680621397858464,0.509500048332111,0.4519818433049899,0.41250711209339247,0.5379735616024192,0.25058419651284547,0.3596093717497744,0.5066524419775115,0.33774204364145216,0.6017519544431794,0.5408803104802664,0.3612376441281385,0.48010169125142405,0.2829888070983914,0.5687708907463966,0.12588499594043479,0.5195019122435828,0.33697475737615507,0.3701080436476824,0.03829659905144123,0.38101803905648207,0.14393243888458906,0.5995423774532376,0.044585142153849185,0.9531947236341608,0.14191538301829557,-0.1768866450458313,-0.031047263488372234,0.12618230862584445,-0.12016780009734512,-0.026578398319009565,-0.07166418577767748,-0.060701767447732695,-0.215186097248553,0.26744914861447383
0.1604623236060683,0.5750099926572566,0.5816917218426366,0.41406779508845204,0.47951075074202815,0.6308548595385611,0.4591785479953806,0.5749342355282491,0.48551669414125287,0.4123414637525695,0.5109909728403231,0.4955524798341946,0.47998589373782297,0.8912727882692568,0.6312573183701099,0.6135645693306853,0.5217921815944733,0.4369105918845842,0.4905641092945863,0.6817066941194361,0.4257319267542385,0.5343335262804588,0.6968800952040419,0.662415322404558,0.4655312732160125,0.600631637724675,0.4764104120342436,0.49780579681658044,0.6393587435171776,0.2901709447408054,0.39039022713431876,0.5344298179856797,0.34422709007700086,0.6581527312468846,0.598023835473474,0.3337582309671807,0.6150424342996264,0.36728764714380874,0.5054209257767257,0.1285657801040216,0.600401479501977,0.38282469844743905,0.4429072196901745,0.011321627611417615,0.44355692440008454,0.11321416643440216,0.7535617428002516,0.11585891232394652,1.2324853697234688,0.15080824481083335,-0.19820267478821782,0.027162376232994157,0.0032682759252678183,-0.09679768348872922,-0.24563556755126134,-0.05886949304099911,0.012680818270493355,0.22218696285366443,-0.026680666095964194
0.14989908903013838,0.5570156607301849,0.52310420916421,0.33527351568688757,0.3984896283877178,0.4928476387455614,0.34489170991581347,0.4127523652353452,0.32293857294945866,0.37445154572966083,0.4477440605468614,0.4586963084252107,0.35317252444001174,0.6312573183701099,1.071820217155213,0.4940846409381266,0.44401189226456345,0.457731680265058,0.36658200832446125,0.6003843594195174,0.377545787490148,0.3892138137798751,0.8642982780167603,0.6494415951391733,0.3727284757904688,0.42155518094698985,0.3926781481314849,0.48439635483140614,0.588993053386385,0.3203213696874545,0.3451379992947791,0.3872006273236484,0.345213864320073,0.578713251418013,0.5603828413454789,0.25086001287443616,0.6458286459039352,0.30249254922172975,0.5224871659776047,0.08200271922801335,0.5409985243497776,0.3406721785881192,0.38893652675797763,-0.008025546179788061,0.38573020727936175,0.14498783210377578,0.6986581184440234,0.15838020818808635,1.0423609485266518,0.3206913919078923,-0.22602168139024753,0.02730078952802754,-0.009175789627185809,-0.12694645437570534,-0.1397158702581027,0.01639162762385199,-0.07716539172250068,0.17838713385151495,-0.07605334707786983
0.15509340535181668,0.48742815864655414,0.4229673494116668,0.6321589369476849,0.5710287088701779,0.5802802498029883,0.5341829339504532,0.4879075160102927,0.3393284588889623,0.42046252377209836,0.5448994602063977,0.5171663895486945,0.5435882660766302,0.6135645693306853,0.4940846409381266,1.7845359357832686,0.590126211050844,0.44087253006703164,0.38462761955555885,0.5744152110642581,0.487605243972015,0.8961250170865929,0.570608558022539,0.45692856227407314,0.1376201623037754,0.5785062262295417,0.6355333295168315,0.5970341203258583,0.5408235180426417,0.4702662590461722,0.3062142993859241,0.7640976611901722,0.4060807983705544,0.7688525725941553,0.9405081386785705,0.38422855093703506,0.59092246947879,0.3368211833022791,0.620760966602146,0.23843093588889058,0.6963154285072243,0.48534524926193484,0.5939285755921736,0.05989967655945323,0.4752368099605187,0.040993294458244,0.841442735493444,-0.007672874079712941,1.6719140850030976,-0.13781651598690192,-0.37730815262472267,-0.30226916059426273,0.22840841775341914,-0.02502283315018137,-0.05526129386426548,-0.16582132997539384,-0.06245462211474279,0.004959622420728345,0.18869256342264942
0.1315210872561769,0.5059506160165557,0.5346325549748101,0.3407184978724749,0.4012434680056758,0.5245863881331329,0.4662331121811694,0.5013223040001373,0.45306810937797276,0.38869718574971374,0.5319480410075846,0.4789514063636407,0.4719313399964865,0.5217921815944733,0.44401189226456345,0.590126211050844,0.8759446562015631,0.3781393334409523,0.43469580999729635,0.5586323728732744,0.44662133814459326,0.5298336173410902,0.5669697372708545,0.572143576204287,0.4770962370067831,0.36295721209399034,0.44091439206405425,0.5916667005175569,0.5608006441228037,0.33717903658003034,0.3507004764652521,0.46616143674930083,0.38541223410212966,0.6214967395996475,0.6753015794634136,0.30310668578421285,0.705395744104615,0.3388607125759479,0.4327081921559315,0.07947752386449437,0.5687527118797865,0.4387284464383601,0.3728315893642189,0.010270461998599014,0.48146414986251307,0.15824632173212638,0.7774547149938682,0.09750830321400682,1.0088456138623885,0.1943664616164886,-0.1333074143412724,0.0723228648110604,-0.020005304940812704,-0.11476803898916689,-0.25164512693939417,-0.06693794660996161,-0.012475368877023576,0.16638226141669196,-0.04562818941368704
0.18643371993812985,0.63375807574914,0.5777136697321369,0.4185529157887159,0.3520549015075965,0.41972720711706274,0.4518559585687521,0.456650903219878,0.4892533809267981,0.44872670958688965,0.41007882185791134,0.37477094451133175,0.4422662134539166,0.4369105918845842,0.457731680265058,0.44087253006703164,0.3781393334409523,1.1784085903313641,0.36939402283893674,0.3536320983498522,0.3675330462051455,0.48585682849084383,0.8358058089708229,0.622341094330354,0.4771837365519446,0.5697072580113096,0.3437223122079081,0.4816436613080782,0.5288347449706727,0.17315194591607885,0.48793213527840695,0.44926699555888916,0.3500060933980527,0.5204319639021472,0.40007018411923323,0.4063175651428358,0.4361095764223043,0.19296748834497107,0.6049871657451558,0.12527242568763225,0.5195771614189096,0.26173576446897073,0.39624992702135425,0.016805794662615534,0.482142256236552,0.21840551433000704,0.5753016660605131,0.02416798880293377,0.7511977734066045,0.351490998121683,0.03305703377198694,0.059899100427590064,-0.24015262002100898,-0.17408178681122558,-0.07081099237934523,0.05132218686604439,0.05900309501120462,0.08254400205004463,-0.22498875185193376
0.1783246062914524,0.517010651236162,0.5716311472635985,0.2496374438881359,0.6300030024524522,0.6559866940994934,0.3492080807229956,0.46203718984385617,0.495225586803464,0.25362005632816675,0.3993627679599981,0.4153160791369114,0.43474830261218106,0.4905641092945863,0.36658200832446125,0.38462761955555885,0.43469580999729635,0.36939402283893674,1.4125841630431377,0.4961490846990889,0.40375255878750904,0.4633886789737894,0.30904445410624987,0.42781845275216535,0.4170084944575856,0.5684120399826361,0.3283369916753462,0.50911333717244,0.6064900605388701,0.1499644144504816,0.34006533585737453,0.47231632273845625,0.24450058356003807,0.5103591217790263,0.28491251443175697,0.441094148026323,0.3318540513644812,0.2786379445671337,0.3750397156580964,0.07452974967974534,0.46597961509994007,0.302505476635838,0.21698242199567794,0.03590200700706956,0.22488483913982485,0.22260523072984556,0.3092831843762882,0.001880992074378963,0.5821581248352152,0.0991687417997582,0.2747938418803766,0.6099686839443142,-0.5592572388153452,-0.14324826673197463,-0.23856919226811765,-0.1167836095126496,0.04811571092481537,0.16442715813982312,0.04696260202732256
0.09806263898421647,0.7509834958868364,0.41764672265481007,0.2957059561483859,0.5258563708856077,0.7216373178979345,0.47438986555197243,0.6227906812151435,0.5855269145977586,0.3570182652328992,0.572822471149648,0.5110761060753733,0.5471241800651309,0.6817066941194361,0.6003843594195174,0.5744152110642581,0.5586323728732744,0.3536320983498522,0.4961490846990889,1.9297433933223913,0.29787937271735276,0.5221971155218239,0.6804443285467328,0.8402920803242806,0.4358412979782842,0.743490833766967,0.6525461200217861,0.592359870368843,0.7315441116955693,0.512804528343034,0.6204451235529234,0.6590994849538196,0.48469667659008675,0.7965614066607779,0.8338198632659927,0.3229472948705205,0.7750084430623425,0.9030404515998808,0.8703486383751825,0.3427447215197523,0.8141278535431674,0.36480940878586976,0.6493154142093996,-0.022962444465710777,0.7559941647883709,0.0769849203864241,0.7984985607520972,0.26709066639668305,1.419833401961622,0.1306026570108795,-0.5080854118327737,-0.11839081368641242,0.3485894140337737,-0.14260483467087656,-0.24806012939042957,-0.14989997523438556,0.11600648081140184,0.2003562988746427,-0.05255517771359648
0.16378191919041105,0.47623604470157915,0.5186479111823117,0.2036111413251087,0.37216138549202643,0.4565706652082332,0.3803744229250001,0.35942477741670853,0.4072641226056434,0.28844818086297047,0.4076691134923143,0.3629609583710403,0.381254972872558,0.4257319267542385,0.377545787490148,0.487605243972015,0.44662133814459326,0.3675330462051455,0.40375255878750904,0.29787937271735276,0.9494748081576965,0.44717191689866764,0.3862893549372069,0.21136081321946293,0.3333408885991136,0.46285681553394,0.33217554179951464,0.44369979444920726,0.519058940437076,0.3154360689578314,0.19296721116565102,0.44392550344326437,0.3185570386253088,0.6232719930830966,0.5979214261532053,0.24311938879840017,0.6966739202197417,0.23463125097344525,0.13737548757627624,0.04181298645167519,0.5751569785237876,0.6124359523473875,0.30061783509261275,0.020203468340522935,0.361229475000174,0.09642248420544383,0.7295804449678297,0.14845029713773708,0.9998088215732898,-0.07194156269406704,0.018794106433721838,-0.046215685528109944,0.0632933920211865,-0.03595573707810662,-0.07855756216701373,-0.06780118577551413,-0.016354654355886226,0.07284050920961818,0.03889091010588443
0.18105813306042584,0.5249699550532765,0.5618827969610657,0.39893187854467804,0.49849078526645835,0.5734282045313432,0.5468549671714513,0.42420377674246196,0.7338619241224669,0.36950001020598217,0.4790900937317188,0.46481319293553397,0.538832845742207,0.5343335262804588,0.3892138137798751,0.8961250170865929,0.5298336173410902,0.48585682849084383,0.4633886789737894,0.5221971155218239,0.44717191689866764,1.0696839388951844,0.7458302265452805,0.6308926237181695,0.317497306712933,0.5892805419511005,0.5019816311798369,0.44600852555877746,0.6475335164002262,0.4244168412356451,0.3625518245832421,0.6935088785505361,0.39930984962789556,0.5851417424374588,0.5943551881632091,0.5094534914479006,0.5686140113469546,0.3329883488749941,0.5267743082092035,0.1345096302814422,0.5597723974673825,0.4180425230719854,0.48145157893523444,0.07179356177608309,0.32381386164603565,0.34797212420312573,0.7165496627609769,-0.19520499007161554,1.281777289072769,0.0037646836162198386,-0.21176339963350493,-0.16535604893198694,0.21046699367576943,-0.13155073936005174,-0.07660359383298784,-0.07237785758397744,0.05355231654432112,0.033641937809638416,-0.0720115488076774
0.07297941630660601,0.43206930820691924,0.39511148601292656,0.41492638988812536,0.49641298414351426,0.49385296474014967,0.6904110976345131,0.4975529586715883,0.8444951360712962,0.44985863324508846,0.5411434954611412,0.5419665208337073,0.6053161571293746,0.6968800952040419,0.8642982780167603,0.570608558022539,0.5669697372708545,0.8358058089708229,0.30904445410624987,0.6804443285467328,0.3862893549372069,0.7458302265452805,2.7272828098086097,1.5590712237397342,0.48830612965759124,0.16974735146745135,0.44801437659199134,0.5045467817443482,1.0160452188922344,0.8104328966915992,0.361107515505611,0.4452612057023725,0.5744034127578501,0.5765558925091617,0.7155441594489954,0.34887013409367573,1.0473579902256038,0.3481727935297986,0.7661881248958223,0.059526057237125445,0.6662745567798877,0.3755071961199155,0.5484898980457759,-0.02101484460501712,0.49300640711562294,0.34020299253638864,1.133942953435913,0.13441857087311648,1.769649991425644,0.48703545632335027,-0.3863109677221883,-0.08761558385337925,0.5362197465804297,-0.29454572958733993,-0.0973207586843257,0.06745549198969507,-0.0503820925233161,0.15269003470095954,-0.27545339147977993
0.039585397629528785,0.4975275932060252,0.4582563795673507,0.3944461050477324,0.46170321464729114,0.6243183721899589,0.641645332505413,0.5010025044396588,0.815263145669539,0.37644985860777325,0.5305892094535586,0.5101245806623401,0.5809547883877926,0.662415322404558,0.6494415951391733,0.45692856227407314,0.572143576204287,0.622341094330354,0.42781845275216535,0.8402920803242806,0.21136081321946293,0.6308926237181695,1.5590712237397342,2.565196517838476,0.7636667981805954,-0.002025365263212218,0.4683670833402687,0.5990404359595267,0.7072622257576123,0.8151350113659336,0.9022989513267382,0.4993366002704467,0.47080695482170215,0.0820775250019434,0.7474045449913708,0.49389542591650154,0.8539057793823538,0.4536942789377566,0.8875670921243066,0.0512268826306692,0.6029299238126216,0.2469980875755012,0.3894183833752898,-0.013402024135052122,0.4374909339908976,0.3273342608764869,0.8340612991301378,0.15581428880063838,1.6539885622188566,0.49137937328549414,-0.47345958761371726,0.196939393030764,0.3016404246495498,-0.3747400977639505,-0.1287389623111082,-0.02945283217404087,0.1579548887271115,0.04198110329592003,-0.24218183579051827
0.18703127018750335,0.4575809412005141,0.4972140168603377,0.25111736449668143,0.3509639642306687,0.46195613094795124,0.38184526037250643,0.3470932448161249,0.3804489896153339,0.3451113394091357,0.38629076299765025,0.415829323705271,0.3680621397858464,0.4655312732160125,0.3727284757904688,0.1376201623037754,0.4770962370067831,0.4771837365519446,0.4170084944575856,0.4358412979782842,0.3333408885991136,0.317497306712933,0.48830612965759124,0.7636667981805954,2.4037428613746648,0.5586309319160231,0.3971983545979397,0.37153716771670503,1.0426210775787714,0.24005421500572943,0.6323524338379819,0.4280348046616984,0.19702235857052863,0.7151274246905325,0.4430196670581545,0.6236094778885283,0.3479054138354118,0.21860173293787297,0.6805999488672038,0.23067451382438248,0.573390217411682,0.29776195496852914,0.36441979885545756,0.01859831604358272,0.7500105032590111,0.3769002884223454,0.4786571732541653,-0.10702676947497748,-0.4533474141115413,-0.015083352627063713,0.23099826640288135,0.017705253311993747,-0.06218375926822864,-0.10677936812326382,-0.20113463896626946,-0.014639221194984304,0.06092987346587189,0.09181128272366337,-0.08971930757408755
0.18360879817283407,0.6601536967154039,0.6216853753741816,0.35394486707981393,0.5436975937444757,0.6756830824777772,0.3931722625471245,0.5791269711029096,0.5721469379448914,0.40993990293268334,0.4743155585751196,0.4406063809078691,0.509500048332111,0.600631637724675,0.42155518094698985,0.5785062262295417,0.36295721209399034,0.5697072580113096,0.5684120399826361,0.743490833766967,0.46285681553394,0.5892805419511005,0.16974735146745135,-0.002025365263212218,0.5586309319160231,2.5624257888174258,0.5354100171183239,0.5693505966443272,0.8096952147887735,-0.36271287399538127,0.36715507392155755,0.9085677873766258,0.4621244314686948,0.9581369291885109,0.530987356016231,0.46161897075090985,0.12431616660595686,0.3599233525503605,0.6737799901616026,0.36258636307644443,0.8036645817268686,0.3888598937346217,0.4882967590473084,-0.06429236051960005,0.5577614369020452,-0.20526052737329642,0.5332011380724916,0.1741496559286384,1.8885620169629154,0.09284385392071445,-0.0016541327264537804,-0.10412038044725015,-0.2816863392381576,-0.009643700035455548,-0.11337435781097074,-0.11935000884802277,0.13659901592902857,0.07262389681440652,0.029499978503728406
0.13995387139232904,0.4933755499438234,0.4650599166359669,0.3574828257374274,0.3803084029009443,0.46877717771627225,0.402582605042082,0.4595121355721293,0.38421266704181883,0.36700097143460814,0.42979104898058396,0.4447846581443249,0.4519818433049899,0.4764104120342436,0.3926781481314849,0.6355333295168315,0.44091439206405425,0.3437223122079081,0.3283369916753462,0.6525461200217861,0.33217554179951464,0.5019816311798369,0.44801437659199134,0.4683670833402687,0.3971983545979397,0.5354100171183239,1.085103072351048,0.4839848110493401,0.3490849405086647,0.22468945845159216,0.4633465213079984,0.6438452771216263,0.48153173725961673,0.6207350138125719,0.5904638088158358,0.4367938050060704,0.41357155892069647,0.3559944019038372,0.558491453738623,0.238032523606431,0.6405239457850742,0.3389947411359874,0.6340092308105487,-0.04486649296992094,0.5950084422848565,-0.07330790648728562,0.6004414818464949,0.14346079438892728,1.2710862875875155,0.00756728391542385,-0.2191784454884724,-0.0873142537806907,0.1770094167326999,-0.05247552651872967,-0.05101895133948342,-0.08902164495373814,0.09799329443014045,0.0582362107543106,-0.060753710455148956
0.0852129021785073,0.4865328599765951,0.39789596183504866,0.1208563120976315,0.2169746595574217,0.4469329670501381,0.31539555243673845,0.46808433437443586,0.394018018449552,0.2818837619079289,0.4065379782134784,0.2709760786984233,0.41250711209339247,0.49780579681658044,0.48439635483140614,0.5970341203258583,0.5916667005175569,0.4816436613080782,0.50911333717244,0.592359870368843,0.44369979444920726,0.44600852555877746,0.5045467817443482,0.5990404359595267,0.37153716771670503,0.5693505966443272,0.4839848110493401,1.8924819469775112,0.2575190323479164,0.5741233976922581,0.38538122062753155,0.46122726123169916,1.0102192650299557,0.41933483365762203,1.3516528503028233,0.057146692258815406,1.0361390739789675,0.3841647982732031,0.7883276239151134,0.02616574768242052,0.722774452482351,0.41291690828434263,0.507449595841409,0.04268017451760271,0.3295002014780348,-0.10979996912443549,0.7286615214688644,0.42679896606829465,1.8076608124123288,0.5291191924744996,-0.17936156863744857,0.9765062349286657,-1.1779600686953193,-0.20540915095596507,0.10269887903901494,-0.1443143638634428,0.13580217901608202,-0.11234915429103116,0.20710382835504296
0.18970083482402408,0.5986889251670658,0.574660905526531,0.4065868654020984,0.5856730399507035,0.7052629001781306,0.5188278566083042,0.5048700739195806,0.6359931936373207,0.3846535262199635,0.5420972127954159,0.5200309605516811,0.5379735616024192,0.6393587435171776,0.588993053386385,0.5408235180426417,0.5608006441228037,0.5288347449706727,0.6064900605388701,0.7315441116955693,0.519058940437076,0.6475335164002262,1.0160452188922344,0.7072622257576123,1.0426210775787714,0.8096952147887735,0.3490849405086647,0.2575190323479164,2.8362014472565247,0.659841310019159,0.13860141462840447,0.6605671922890869,0.16534955756999795,0.9439679490712486,0.4111012710647905,0.6016607159795219,0.9998507794404731,0.25614219668570554,0.5411822982804674,0.16531794260187904,0.8004580822696964,0.45350375711744,0.4104446134335754,-0.20907197917409445,1.0047254336738398,0.38099748077773715,1.036953004425503,-0.02411243358269548,1.4390236907203355,0.17627118796154279,0.024272626397050325,-0.13348684884260992,0.10609418104785685,-0.11172245336171926,-0.30000989285081864,-0.14112674902923472,-0.028140124176407523,0.2439752632774464,-0.012411329621554322
0.06662649351951454,0.13767850938054607,-0.12818395169744123,-0.02419541075395249,0.1505122083833574,0.1672423486140593,0.2911470134037601,0.21082216055762149,0.4016990339453512,0.07180038876998403,0.2110517953906414,0.14038093782706085,0.25058419651284547,0.2901709447408054,0.3203213696874545,0.4702662590461722,0.33717903658003034,0.17315194591607885,0.1499644144504816,0.512804528343034,0.3154360689578314,0.4244168412356451,0.8104328966915992,0.8151350113659336,0.24005421500572943,-0.36271287399538127,0.22468945845159216,0.5741233976922581,0.659841310019159,2.6292047603356283,0.1414977268701276,0.29875357173856615,0.6070127356293216,-0.09783548220492284,1.0131181270336422,0.12893940418115177,1.2382268378822554,0.3327801670122566,0.38758254928543856,-0.29120611725976003,0.7522389578846838,0.36885105735239937,0.7213916730296955,0.25275901845502924,0.19588738412016823,0.30056572652131575,0.9044040511361707,0.36018100500234757,1.6252555407807057,-0.12945923983939833,-0.12690135705416902,-0.3500217724530142,0.6839023860769149,-0.15759484249581523,0.07172493781849225,-0.22563367786956465,0.09906236821428518,0.1501131544426652,-0.11681849926491122
0.15062255184377954,0.45318030358595046,0.43835574265797744,0.28372512829526036,0.31970850627776937,0.42659640711856034,0.35919403176802916,0.36264408642276463,0.41648470397100795,0.3127960532898821,0.3543675590884434,0.34721915774571405,0.3596093717497744,0.39039022713431876,0.3451379992947791,0.3062142993859241,0.3507004764652521,0.48793213527840695,0.34006533585737453,0.6204451235529234,0.19296721116565102,0.3625518245832421,0.361107515505611,0.9022989513267382,0.6323524338379819,0.36715507392155755,0.4633465213079984,0.38538122062753155,0.13860141462840447,0.1414977268701276,1.4169435927267864,0.4989170227937901,0.214704514392079,0.23033836722373233,0.3934094164185699,0.6817781717843061,0.21205741996112537,0.3665702148664239,0.7385943985454794,0.21751145255591997,0.5801184585003812,0.1797489315528232,0.23717279198223484,0.05067405653044054,0.5166811087733502,0.20669037067406848,0.343792340182233,-0.004075539018436383,0.2252879826146247,0.2668657482263315,-0.1777798418527223,0.13224183807353557,-0.07847127727957169,-0.17364366626465624,-0.09262889156128822,-0.0071443603357745685,0.24650753442538823,-0.04015969103254654,-0.21148397596960736
0.19894713969619307,0.4934479141823222,0.5331590121679656,0.36157593214598366,0.53225146607806,0.6116755108628972,0.4649802838654916,0.5009011112127473,0.549871262625338,0.36744939759338147,0.4891110096005301,0.4915036771930298,0.5066524419775115,0.5344298179856797,0.3872006273236484,0.7640976611901722,0.46616143674930083,0.44926699555888916,0.47231632273845625,0.6590994849538196,0.44392550344326437,0.6935088785505361,0.4452612057023725,0.4993366002704467,0.4280348046616984,0.9085677873766258,0.6438452771216263,0.46122726123169916,0.6605671922890869,0.29875357173856615,0.4989170227937901,1.604356392758193,0.3529777378591904,0.720521065582099,0.7027212271649126,0.558889786971258,0.4136694655112766,0.357612993959229,0.6607990949126294,0.1837020093080835,0.7688348947918006,0.38355936399549906,0.3608771465023693,0.029564751405946738,0.5385865362219955,0.10633824026043275,0.8033818335913389,0.04671976418864533,1.556204131864859,0.10683438706657525,-0.14996158496922343,-0.14692286344512795,0.15860107261627476,-0.09088674350396479,-0.0961209808005584,-0.19089151036056912,0.6930753119054903,-0.2726597755234699,-0.23261062387718248
0.05274103091684609,0.33609909897103507,0.18109019166331464,0.2016217391634896,0.24855501831524868,0.251850090657404,0.2640570431599333,0.30307650901309235,0.39973787212938217,0.1910419786750825,0.2844895967905533,0.21432648274819208,0.33774204364145216,0.34422709007700086,0.345213864320073,0.4060807983705544,0.38541223410212966,0.3500060933980527,0.24450058356003807,0.48469667659008675,0.3185570386253088,0.39930984962789556,0.5744034127578501,0.47080695482170215,0.19702235857052863,0.4621244314686948,0.48153173725961673,1.0102192650299557,0.16534955756999795,0.6070127356293216,0.214704514392079,0.3529777378591904,1.8434005370427364,0.3213436231666428,0.4169836085228374,-0.12681445225576138,1.0791998402518581,0.32818605893873,0.5404513839534404,0.05882836094311829,0.3583121419962726,0.3612217405407536,0.7711936894821233,0.11766798006458153,0.3110699796516892,-0.06999094868792756,0.8298217623707569,0.530708883318401,1.5795958552472376,0.3024644413107852,-0.28232490658200876,0.11581685044648618,0.15465121547616484,-0.27557687156060034,0.21681023889099424,-0.18120530688806133,0.018695217853634368,0.03246410465467712,0.13205723643025977
-0.06555783685973567,0.651417649052828,0.5970316546144282,0.3909700748478791,0.6915807899635084,0.6687550129999914,0.5082994497741343,0.6510053140997796,0.37660530349233684,0.5845383854698288,0.6274712196173313,0.5768186008903765,0.6017519544431794,0.6581527312468846,0.578713251418013,0.7688525725941553,0.6214967395996475,0.5204319639021472,0.5103591217790263,0.7965614066607779,0.6232719930830966,0.5851417424374588,0.5765558925091617,0.0820775250019434,0.7151274246905325,0.9581369291885109,0.6207350138125719,0.41933483365762203,0.9439679490712486,-0.09783548220492284,0.23033836722373233,0.720521065582099,0.3213436231666428,2.578210084894356,0.7793959171522861,0.263734764781376,0.8302255992892676,0.3876952354630318,0.682208637190476,0.3498840903951689,1.013162241293884,0.6446259900278007,0.6987926569485863,0.17211764813265346,0.7333067160036293,-0.0791725365673851,1.173689709237911,0.22349892251703943,1.385930633579104,-0.19664857130839825,-0.11415461923772814,-0.20776505720516966,0.2799125242328002,0.009102928740779564,-0.2422777621444476,-0.046906802542960355,-0.11124907213519938,0.019412730780578986,0.2847322492603075
