0.7395138467621332,0.22185678771451137,0.24418413016735588,0.041247068570892616,0.08652221738856075,0.09204770927119153,0.14767010378067544,0.13447842124634063,0.10300619166619977,0.0925764964458341,0.09802926365436022,0.09344978144439402,0.054365732223291184,0.15154236439272042,0.12576478767751925,0.10608679978749089,0.026984471385743863,0.1137189331387809,0.03843075480003763,0.07966622779939064,0.07197899400382919,0.08315129144221951,0.09593932558147959,0.05869303670236523,0.10999706969902288,0.017550746954405005,0.06454451233129545,-0.01876845553921307,0.20415203920846234,0.1055324235579846,0.07608697481103344,0.03822243686146597,0.05136142631476665,0.08328541538755496,0.141402514779515,0.050260480790209824,0.07356234533522894,0.06012789137169784,0.16573822024013318,0.07324168069982137,0.04665652765480268,0.04544786352323725,0.07418748173427271,0.07818039251747144,0.0557583651864536,0.05729135097078271,0.10741464534077452,-0.03114419433307545,0.15728544169526454,-0.13322402755057414,-0.01038443195638999,-0.04350634571541966,0.08406080238976518,0.03190467074251301,0.08603592960385376,0.00401290430903678,-0.10919984823833509,0.013234752670859745,0.0008995451121660992
0.22185678771451137,4.556766829824297,0.07223846459664035,-0.15753801716458388,0.04522978839574401,0.25092033331501334,-0.043987343505952965,0.10870311858575357,0.05829042528409438,0.08657745673373007,0.1198819166962426,0.13129921860348817,0.05543008344208265,0.13460637617955926,0.23569113158443572,0.13329155376284907,0.15048565782579265,0.4592659214274203,-0.1611514547107805,0.4007599701521787,0.19522626839501522,-0.05245138451943314,-0.13351108834125497,-0.15646367020177498,-0.013285962520482182,-0.18452628418778602,0.28002453369361313,0.3730555694607178,0.18163017537869214,-0.02849607216461974,0.19751240549882484,0.08174905494112286,0.16530681772993938,0.031414460805232004,0.0035486935366504284,0.09604288391317047,0.04211458812886842,0.20352751010705158,0.1758408204212105,0.16693259830620044,-0.03555751778944097,-0.025554740679890667,0.16712212805931373,0.06032785975470196,0.21461345902941173,0.05563164548695762,0.1858797350135328,-0.14082097795362677,0.16729477482911384,-0.4142726960150749,0.17208240878761558,0.4304523076779332,-0.25275081801601296,0.1358070974426904,-0.6301201160102455,-0.00808425252602411,-0.037740422358657086,0.2725118622445998,0.34763258783309786
0.24418413016735588,0.07223846459664035,1.9347894625984128,0.01254043907939106,-0.3412116418856511,0.3670993134879578,-0.03991328194083265,0.38808854293584866,0.481632343459916,0.40262828813383567,0.2622886068504534,0.17096881540532627,0.11060263449974589,0.2151977246698387,0.29670800117335594,0.14224895180777128,0.2338820408814493,0.125510840056835,0.26309706133937777,0.39270345284864294,0.09914340928491648,0.3559700947374353,0.13589988575390755,0.301594018134248,0.26462302930172965,0.1082932080928349,0.17877639640121135,0.1334283842977765,0.5711842823731497,0.5180700403628948,0.25299175942769053,0.09119388181244989,0.24072631960201174,0.20579149671024374,0.5295663597340603,0.21989473072276267,0.42304813737685276,0.2262302558268613,0.49357525155686266,0.2439258869657292,0.1750445140937136,0.26004424486329014,0.30401361259161536,0.20586419960000782,0.3049707410549083,0.24513465455163558,0.3338771661805733,-0.07035952014330404,0.4614888296980841,-0.13847084629396236,-0.057841778356529046,-0.16444812234391623,0.12477195238712574,-0.04852420085878739,0.18173397513600398,0.03241343499414302,-0.1908933132558535,-0.021598858722554327,-0.0443105254673754
0.041247068570892616,-0.15753801716458388,0.01254043907939106,1.1027032667648649,0.519743148002241,0.2829179480419571,0.24198589075232768,0.2732209798130252,0.09358335177599073,0.13950200145358901,0.1709650292032594,0.22715169513828112,0.12246146046032738,0.33496621950344185,0.2472975235309443,0.26409399507666254,0.13218928153777937,0.22726762573410106,-0.039035565530068206,0.14940613636764966,0.09919764034031392,0.019669993979055295,0.1945918488152284,0.1395149538931409,0.11456295687537692,0.13534637900168187,0.10786925012860593,0.04374792686164976,0.09751796895892106,0.044791329308628024,0.1515035566804988,0.054190621280364025,-0.007294391388115472,0.16192869624464146,0.20966070898538505,0.10202303482652342,0.10548142460699822,0.09938781839039752,0.24656531346830415,0.11545733194946055,0.11182213079230893,0.11246068175107898,0.1394120696454111,0.20302936590642928,0.09654163209904028,0.05473983289540848,0.13453989567050983,-0.030470975562966393,0.19015280301507057,-0.08593916186788417,-0.04884593755184252,0.10667240793393422,0.009625940945970088,0.06601810561256467,-0.0035119738855159013,0.025103014005548287,-0.2997207527260049,0.2944082486595511,-0.050322532533252085
0.08652221738856075,0.04522978839574401,-0.3412116418856511,0.519743148002241,1.0643482221685345,0.25470579515405883,0.1856781815589516,0.289461112853806,0.02145757097721549,0.0669175680196979,0.1644042300721021,0.18320778236040172,0.12282560319513376,0.2684510818220682,0.20675556159996977,0.23267586574168683,0.08184989746988101,0.22760548256557206,-0.08305904074873638,0.0731330086925018,0.12733389977369705,-0.06960945314488032,0.15057776876338277,0.021978774078975742,0.04342151449873413,0.18258724051557745,0.07624642122725239,-0.035425268968318636,0.03138930431567273,-0.04237310542156529,0.10781630139685446,0.07177895258523613,-0.08175230167844479,0.152588205264487,0.12762048200354217,0.08909171956047571,0.057456173086003176,0.05233889151685965,0.16983577466474678,0.10942079233197295,0.09722197411942962,0.11237200183261149,0.030686667772210467,0.11170830224935016,0.08332307350489115,0.03398437290791311,0.08780581514764259,-0.029451869224069154,0.13352850289225854,-0.2279320838944668,0.1147400317368527,0.007183325474578111,0.22625540338290978,0.08945914134525097,-0.05180375327831125,-0.07676310989395443,-0.20805034367249736,0.26782405202500487,0.04911725985079714
0.09204770927119153,0.25092033331501334,0.3670993134879578,0.2829179480419571,0.25470579515405883,0.831079918994067,-0.1556264008290536,0.4382310475491973,0.22657047176607634,0.11304913582173991,0.1762902933501413,0.19928897211262325,0.11312530575164446,0.3703312033663305,0.21823456113480297,0.2596617637244672,0.18469034699471115,0.134581729150006,0.025008060680606316,0.23932627376805385,0.10198197619732172,0.14470409853730637,0.1306131677969848,0.11061670215571498,0.13484905501646458,0.1731491608236339,0.15552117309045366,0.09294704177355993,0.3091966777991907,0.1783990686304103,0.10978805364821168,0.0864971942884693,0.025872520096307312,0.20658179404440044,0.2920414931696038,0.016954310617400818,0.1490280069024827,0.12537796933348713,0.3160462539293048,0.14440838417324287,-0.0167100166461588,0.10971068087807936,0.23576825608589771,0.22050740755385195,0.058606790250625984,0.01857709252478577,0.16937681795464093,-0.007665828559304818,0.4576595402098074,0.0709096099719426,-0.2927065898102613,-0.0016213854211684854,-0.1988065742614631,0.05762575093899548,-0.08632604913295547,-0.09183364792411502,-0.27821094745740377,0.48782243290677113,-0.05806348343344186
0.14767010378067544,-0.043987343505952965,-0.03991328194083265,0.24198589075232768,0.1856781815589516,-0.1556264008290536,0.7357300947058211,0.01195729804239005,0.13749631820053643,0.1155733096918116,0.15097066576279922,0.18730420217490726,0.10854570745547602,0.009211707652948951,0.12710652337575862,0.12194549017901388,0.08255143936342141,0.20037140110972698,0.0501016068980782,0.0843403809568954,0.08276200585314517,0.1134489470326528,0.11749379657701771,0.09419873201689369,0.0949479582287963,0.11541614259454062,0.08762343354708631,0.0009514066098476678,-0.0034564249037956946,0.05486798694019281,0.12513484041199455,0.08828618706066282,0.09584574023053075,0.0413648843866095,0.05784032874058333,0.13059321969686527,0.04623413180220844,0.07131061476550192,0.17160412860974594,0.06960082101319227,0.11222514592474116,0.061594503490202845,0.0685008152839817,0.08905406846387676,0.06545607553545968,0.09990421309610459,0.11619056595675128,-0.04210471507177384,0.13023583653924578,-0.1427657558159643,0.06156633663214915,-0.0315129837610943,0.19328982079947993,-0.004957345984379479,0.02822544579272197,0.13714050055127783,-0.07958550365853646,-0.16510967820463274,0.02924903416332189
0.13447842124634063,0.10870311858575357,0.38808854293584866,0.2732209798130252,0.289461112853806,0.4382310475491973,0.01195729804239005,0.7879926173351735,0.0722183648024992,0.15635349359426562,0.18661415154531463,0.031179489715102135,0.12747803342619396,0.3337521683921493,0.16719641914195654,0.20688064749228804,0.15987619283162166,0.18254643155372396,0.03493346363959985,0.23377112293119148,0.1617750433536334,0.16185789109344892,0.16040345173602577,0.034978945212720006,-0.008674354249012774,0.21312765446042028,0.13146351273893786,-0.007735566722244774,0.175969325006233,0.41758645225295826,0.09863203391945527,0.06922325598670452,0.07543499342994676,0.10297532331953316,0.30907701807724214,0.04603377998558143,0.24025853076944934,0.12252635569241885,0.42187139408564545,0.21826798392013494,0.08372832655359139,0.1386700821255106,0.2486865732195114,0.19727946345243885,0.20501868501966636,0.05693228015483411,0.298550810431306,-0.013737330436344666,0.5517266895232811,0.04154470016077459,-0.13298910632126626,-0.1840949084436897,0.07184868420134777,0.06058189996685802,-0.06685947288764581,-0.2256591412512765,-0.2018645436592304,0.5733047363101081,-0.09606675039923694
0.10300619166619977,0.05829042528409438,0.481632343459916,0.09358335177599073,0.02145757097721549,0.22657047176607634,0.13749631820053643,0.0722183648024992,0.6355242595883013,0.07312641445022557,0.15465076303569128,0.18603980622047184,0.07656554964867023,0.16057156787540522,0.2160194993155273,0.15024507352333832,0.1400669897935674,0.11369990585763046,0.07634095789230251,0.2334771959803368,0.058669837401580265,0.07626537033879825,0.04946657131132625,0.15407847259690802,0.11755561673602302,0.1614287725787628,0.11332019626994297,0.12023990050906481,0.14634085005766834,0.14449387065816058,0.18104370299036532,0.06665453323214872,0.12110686231619246,0.1211821315379984,0.172288177423698,0.13191550659275966,0.16309357991866155,0.15055808368234141,0.2317288734455365,0.09485965865951605,0.061763413032537844,0.09492163675961371,0.15548977776256562,0.10430230147354393,0.14250202647137433,0.14516326143419278,0.13158732851914515,-0.05294680953934319,0.2355077332067629,-0.2510696180330873,-0.011596490812941002,0.11706486667283696,0.11753527655350471,-0.05016291481260099,0.06699148724008765,0.1827465195389094,-0.19713024786434066,-0.005827832151643711,-0.10102914031896928
0.0925764964458341,0.08657745673373007,0.40262828813383567,0.13950200145358901,0.0669175680196979,0.11304913582173991,0.1155733096918116,0.15635349359426562,0.07312641445022557,0.5389705018031762,0.10300636706125563,0.1224207090060817,0.09408211175599403,0.1291219685157531,0.1288759986629873,0.1344430160985506,0.12140594985384649,0.17607902719989377,0.08118566298516917,0.08063469830841444,-0.03209989240002377,0.15269652740787215,0.16262409295456662,0.16180205193328417,0.15027596209510904,0.02966135783732117,0.10658144901034752,0.023640126099863306,0.21254644380714033,0.1891313376851817,0.1465243951784341,0.06549817592395503,0.09949459211396777,0.10282604792477729,0.214999581804939,0.16006124588205656,0.13766613182137977,0.06805818651971159,0.23888651350478854,0.09400450610518486,0.14406268126352276,0.10641993390949646,0.0910787369538455,0.14755700290316812,0.04271970344432475,0.1287440895579181,0.18342626807167478,-0.0667687638506249,0.19093895433068128,-0.14258199411120046,0.004693832794046435,-0.12846835965931244,0.14735761110499349,0.030609984686420257,0.06536973390025914,0.04988539380610336,-0.0374000839985092,-0.2513822430073269,0.14989345105718047
0.09802926365436022,0.1198819166962426,0.2622886068504534,0.1709650292032594,0.1644042300721021,0.1762902933501413,0.15097066576279922,0.18661415154531463,0.15465076303569128,0.10300636706125563,0.4129291985893316,0.2179173811416758,0.12578257002222135,0.16782249215191214,0.28429757285148527,0.17728879069712514,0.1976814338665009,0.1106498463322671,-0.015156514136798133,0.30145633484733697,0.15165692353373988,0.062748920601698,0.0630096193618167,0.14127253671703402,0.0902992379599843,0.12257292383057197,0.148809539473106,0.10862684736711486,0.14105636397024074,0.12113899127908583,0.18603567167722038,0.08543684822406931,0.06165314301109408,0.13596936658625755,0.25547688922230444,0.14055297521515128,0.16853553487498674,0.1646420845935197,0.2506516911821428,0.153418039088999,0.11562324063571981,0.15204072254196552,0.16645633758696335,0.11490962039634149,0.18196876535690545,0.12294980626636444,0.12223186242746206,-0.03912771328557635,0.22440214470350242,-0.17831192313923605,-0.02144621462167288,0.07578468030186206,0.12578357349055577,-0.02548059249011072,0.001044456086269026,-0.0019049315048445471,-0.1631730614958852,0.09501092322091764,0.012128205544215457
0.09344978144439402,0.13129921860348817,0.17096881540532627,0.22715169513828112,0.18320778236040172,0.19928897211262325,0.18730420217490726,0.031179489715102135,0.18603980622047184,0.1224207090060817,0.2179173811416758,0.588623962443152,0.09179780908791381,0.16825651960369037,0.17261921089595153,0.23934623326998067,0.13866583933041168,0.17362719001331173,0.031023182630905196,0.1527472922085104,0.030734952435271697,0.06555747416565748,0.13305590928277272,0.16564595844540783,0.19641322196806146,0.12272011076353342,0.1683114163003568,-0.017126466888029608,0.2062146937349489,-0.05252449226613002,0.12710184078304318,0.12978134998369617,0.11204792691403984,0.13673403777366216,0.09826565713303573,0.08684744740402442,-0.011702876498454723,0.10258770156888208,0.16198393486217255,0.07904921831113412,0.008355829462160735,0.059777032026918454,0.13294882728050123,0.07384603535209724,-0.02496416738687272,0.09772457668789325,0.06453701988004228,-0.020725598604848586,0.32356574378409203,-0.1589350500659444,-0.014433156748287922,0.04078618265179651,0.058976044882222696,-0.034065093232173126,-0.006611423235031441,0.12069875791416362,-0.21212543754769897,-0.0020088391497578005,0.03466651937454455
0.054365732223291184,0.05543008344208265,0.11060263449974589,0.12246146046032738,0.12282560319513376,0.11312530575164446,0.10854570745547602,0.12747803342619396,0.07656554964867023,0.09408211175599403,0.12578257002222135,0.09179780908791381,0.2861994409154115,0.09760891715964772,0.030663443736361453,0.1194826809443974,0.14549369862656342,0.07547768494834121,0.06878200447280951,0.1254591192388824,0.06506623635910556,0.20918351621171583,0.07843005996327891,0.10110122659321419,0.07099466932012084,0.032438734666251724,0.10779824741434844,0.058026921708717004,0.1538536195532869,0.08665795227333913,0.09749825082272548,0.10253183685149053,0.07181408264936694,0.09891387375611782,0.16909637262588859,0.08196143470287238,0.1224809965786278,0.0730750271725897,0.20144702362501507,0.0812040667956115,0.08347503556439965,0.09308896646957382,0.11397427485207505,0.14012700231276456,0.02905307189170314,0.08049632554922174,0.08522852683816373,-0.010730299673842182,0.1893537933379782,0.0800534080695288,0.006469022302282003,-0.09656699427141588,-0.005230025071295327,-0.05804307376727691,-0.037239129453348355,-0.03390759039013129,-0.026058688407302084,-0.05062600777208486,0.10932067899155598
0.15154236439272042,0.13460637617955926,0.2151977246698387,0.33496621950344185,0.2684510818220682,0.3703312033663305,0.009211707652948951,0.3337521683921493,0.16057156787540522,0.1291219685157531,0.16782249215191214,0.16825651960369037,0.09760891715964772,0.6539370174073775,0.3214875437413942,0.3471802266538181,0.15039750783342162,0.052246702795761414,-0.005613695518006963,0.2569359936746472,0.05517000296511606,-0.04689153001884263,0.0735647764515715,0.1427956213738459,0.08550664839611144,0.09638247493413059,0.1394659257428764,0.12597847598412826,0.21398499276327837,0.24234895566559986,0.14194818570863044,0.008954559815789714,0.05189685628889287,0.13231701785865707,0.3169800408974315,0.059001014299847596,0.15810863737174793,0.14069610111372066,0.25046960130862117,0.1543780941253698,0.13507851546891836,0.13246357737227132,0.21034925695164286,0.17592078338536957,0.058975971379586566,0.03718135516412061,0.15132768636117275,-0.00317176825734532,0.5575503529930933,-0.1712250871788602,-0.13552172043001026,0.03105636724456089,0.006306449828842343,0.10037151470393915,-0.04603406488456994,-0.03699263349649641,-0.40275786038356054,0.49905782344202326,-0.013729291877124017
0.12576478767751925,0.23569113158443572,0.29670800117335594,0.2472975235309443,0.20675556159996977,0.21823456113480297,0.12710652337575862,0.16719641914195654,0.2160194993155273,0.1288759986629873,0.28429757285148527,0.17261921089595153,0.030663443736361453,0.3214875437413942,0.8812919482134496,0.22765722424776905,0.261316282608374,0.054124784864189486,0.052614070225503774,0.4053219524251294,0.21788720559121658,-0.12700341151804687,0.006940505271470564,0.21599590306707533,0.07608216964942098,0.07359928401606279,0.1622539445309398,0.2875966516573345,0.1775742899943167,0.29093012986851935,0.2529671586736228,0.005330021153376006,0.11116405441263973,0.142394571491937,0.29977841991290155,0.20077766951456508,0.3172635163407561,0.2310021752276458,0.27794124289514754,0.18080160224038497,0.24116153880153146,0.2329329990392182,0.21972375170326466,0.14239070180288743,0.24266635946112425,0.152647895977563,0.18120195852246812,-0.04540109024438247,0.41584878642916245,0.09452086646966373,-0.11016277184143551,0.2582791169020117,-0.14612386844200617,0.010468202876360968,-0.011055331578479726,0.08080562470474964,-0.3845686846052761,0.2582116660938908,0.038025981603414916
0.10608679978749089,0.13329155376284907,0.14224895180777128,0.26409399507666254,0.23267586574168683,0.2596617637244672,0.12194549017901388,0.20688064749228804,0.15024507352333832,0.1344430160985506,0.17728879069712514,0.23934623326998067,0.1194826809443974,0.3471802266538181,0.22765722424776905,0.6078425797802955,0.22267726621266984,0.035510097422623815,9.972799916843513e-5,0.2652992695694284,0.08045024883283924,0.10559022506223187,0.09864076364341419,0.19579974121465069,0.08979678980844905,0.039416509066493945,0.19631996717143227,0.12001615611519494,0.2718722574598764,0.12658429659351816,0.1515523684651282,0.10365737788491435,0.06637179827117007,0.15984005392007453,0.2892609613571333,0.09815389448962324,0.1428647461369019,0.15398696071183457,0.25922136594557726,0.14439638161928817,0.13037613103158452,0.14394542747977693,0.2179427879800162,0.18087263152934405,0.06685817271612803,0.060558162563984504,0.08868721591718468,-0.011851465420091923,0.4557249215507664,-0.39712030345260446,-0.10892049334341591,0.0011067324279140222,0.1521210460452496,0.06559202888195584,-0.03372331044193184,-0.0038694936551558292,-0.2936750763505721,0.16715008576647702,0.11980785241330479
0.026984471385743863,0.15048565782579265,0.2338820408814493,0.13218928153777937,0.08184989746988101,0.18469034699471115,0.08255143936342141,0.15987619283162166,0.1400669897935674,0.12140594985384649,0.1976814338665009,0.13866583933041168,0.14549369862656342,0.15039750783342162,0.261316282608374,0.22267726621266984,0.8328291619159814,-0.023039916005840322,0.06980640368309442,0.40574340445750157,0.14561377941030929,0.37984767972993466,-0.04594214198638292,0.18989835065882255,0.3331127304196283,0.18133407132219326,0.2222724056376102,0.36495629426550696,0.2435565640043095,-0.05408126648384573,0.20823439239563551,0.14583926511617268,0.10806478002656823,0.2355897157967796,0.19520017663986822,0.2149907408828279,0.31769993429191146,0.2533019778748478,0.07125648389353659,0.05392477804817968,0.25438872969674037,0.27790774749135255,0.26839327438064803,0.1784373693668164,0.17435983838538735,0.1515724636711237,-0.025697462394417236,-0.0007494657169891285,0.0765453591736288,0.0748341961587424,-0.07510178113321406,0.060696376547193905,-0.015526404131621242,-0.09306178412307298,-0.179016487704177,0.026883173069030483,-0.12320434133740694,-0.01150772233386004,0.06153571596614379
0.1137189331387809,0.4592659214274203,0.125510840056835,0.22726762573410106,0.22760548256557206,0.134581729150006,0.20037140110972698,0.18254643155372396,0.11369990585763046,0.17607902719989377,0.1106498463322671,0.17362719001331173,0.07547768494834121,0.052246702795761414,0.054124784864189486,0.035510097422623815,-0.023039916005840322,1.0043994236391616,-0.026784168400329985,-0.14000696867705895,0.03204051617327465,0.04829900605602997,0.432500826302184,0.022116033267980298,0.018888043819537275,0.03255368916284785,-0.007809858326533017,-0.07828458810018576,-0.04778785275071001,0.029910737243653153,0.2338494099387193,0.0020564503895103945,0.029770609970960243,0.03775829469944196,0.11482073993865133,0.1817656705022578,0.029424076846592522,-0.00018795145229943914,0.32766216702345,0.13024421805756378,0.08572743234682609,0.0055633709514966425,0.2408363383978177,0.21101821195792492,0.2386818119125803,0.2285385226080653,0.4691187245115222,-0.15481101720706433,-0.16876579423906418,-0.09610628627825811,0.1358413429654179,0.02625803741286028,0.035075705861648106,0.05786751868633046,-0.09551129213685494,0.031146309190225888,-0.046413124218039545,0.12755497376546837,-0.047933913781349924
0.03843075480003763,-0.1611514547107805,0.26309706133937777,-0.039035565530068206,-0.08305904074873638,0.025008060680606316,0.0501016068980782,0.03493346363959985,0.07634095789230251,0.08118566298516917,-0.015156514136798133,0.031023182630905196,0.06878200447280951,-0.005613695518006963,0.052614070225503774,9.972799916843513e-5,0.06980640368309442,-0.026784168400329985,0.7826605698299164,-0.09322626619739802,0.17107854055179908,0.16908592355083096,-0.11749261843131763,0.09151823348808916,0.22103494267802357,-0.012275127172444897,0.012526545674380532,0.14829771328300065,0.17320117378537023,0.11622387670096086,0.050482797933598805,0.06841378581375987,0.1415231846041909,0.07181654139901388,0.06047283998122701,-0.0003002443109024035,0.2983820201937222,0.0027387372322267164,0.13495099538968916,-0.013962560862959338,0.08943375291348266,0.08704780907081879,-0.004882922475584718,0.06786674497914799,0.08448313094060213,0.017560618877436623,0.05852962149360451,0.1344774700476575,-0.03580308380114393,0.557439831652648,0.04331898161485926,-0.0946520766344295,-0.3367444483348117,-0.11727986200520461,0.0911021276127421,0.02793104035371017,0.02236752905708902,-0.017170487061789245,-0.09550728202609812
0.07966622779939064,0.4007599701521787,0.39270345284864294,0.14940613636764966,0.0731330086925018,0.23932627376805385,0.0843403809568954,0.23377112293119148,0.2334771959803368,0.08063469830841444,0.30145633484733697,0.1527472922085104,0.1254591192388824,0.2569359936746472,0.4053219524251294,0.2652992695694284,0.40574340445750157,-0.14000696867705895,-0.09322626619739802,1.6025265641663486,-0.0833473352043628,0.05226506744495413,-0.2408167541268997,0.3036941410001574,0.1278114201012236,0.001996600863518186,0.43401278298443224,0.4437917966913977,0.09903012100090282,0.6904865363809805,0.405634266321423,0.056026321742789785,0.6037216425073221,0.13762107159833276,0.19721623114346093,0.0007903902162200457,1.0679218926041847,0.7142617024843311,0.6118857055328816,0.2649008454720403,0.12849379427085758,0.27026017807108743,0.8510011590333213,0.25577689123622493,0.7078298437131167,0.217632850453937,0.32444662658810397,0.1362630932622573,1.0690074577679516,-0.43775765491947355,-0.2137239468245333,0.0874984403499154,0.2767183048130479,-0.11633019407481986,0.006157614599903899,-0.03412967313427315,-0.2626730073469165,0.2327845350012296,0.11115128796458554
0.07197899400382919,0.19522626839501522,0.09914340928491648,0.09919764034031392,0.12733389977369705,0.10198197619732172,0.08276200585314517,0.1617750433536334,0.058669837401580265,-0.03209989240002377,0.15165692353373988,0.030734952435271697,0.06506623635910556,0.05517000296511606,0.21788720559121658,0.08045024883283924,0.14561377941030929,0.03204051617327465,0.17107854055179908,-0.0833473352043628,1.119455869171924,0.15820522019190078,0.030622381568987243,0.04112131978267631,0.12032946289674679,0.2385579806848025,0.03986813131421414,0.12726197295425004,0.15480066948388393,-0.13342405750279293,0.02898388987970657,0.2588382722925559,-0.17037716017369064,0.22746268167103856,0.14915556940753943,0.15186992298852367,-0.16234331612793718,0.04371027543777374,-0.15437827069514856,0.14253545296185016,0.19939001076285642,0.20706514834740225,-0.030515011114701215,-0.009783850178280045,0.15828111538590595,0.00028529997008188264,-0.06030602963355161,-0.010900992649997098,-0.09920729532038514,0.1898629283735727,-0.03938965854589247,0.12755978096997714,-0.17551446969836512,0.03229906084082804,-0.1672935324042759,-0.02579191030651177,0.03960064874647131,0.051213439375509415,0.00461524140011123
0.08315129144221951,-0.05245138451943314,0.3559700947374353,0.019669993979055295,-0.06960945314488032,0.14470409853730637,0.1134489470326528,0.16185789109344892,0.07626537033879825,0.15269652740787215,0.062748920601698,0.06555747416565748,0.20918351621171583,-0.04689153001884263,-0.12700341151804687,0.10559022506223187,0.37984767972993466,0.04829900605602997,0.16908592355083096,0.05226506744495413,0.15820522019190078,2.3229241420001574,0.31522501503081246,0.29054485457580953,0.18028798882863792,0.1742407251606354,0.21293266969155936,-0.0031724617765893958,0.2423628764189801,-0.013997574781147897,0.014800842585452322,0.4441861186062422,0.19236392805102118,0.14293629603422836,-0.028581016857067456,0.08977022429656022,0.15544554387695206,0.04248563719154622,0.07580381363300887,-0.057693070370385215,0.07265351436106086,0.2511683486447847,0.3446581332022954,0.29557919458213894,-0.12009830876102065,0.11830735882146846,0.021920264513549875,0.0585695065825066,-0.007547089314636814,-0.17784060959963802,-0.05322937083847106,-0.6461590228841488,0.10245564777473468,-0.15206525811814572,-0.10260051854721043,-0.025669195425272635,0.049230146583453566,-0.4074910470351921,0.3136132071709311
0.09593932558147959,-0.13351108834125497,0.13589988575390755,0.1945918488152284,0.15057776876338277,0.1306131677969848,0.11749379657701771,0.16040345173602577,0.04946657131132625,0.16262409295456662,0.0630096193618167,0.13305590928277272,0.07843005996327891,0.0735647764515715,0.006940505271470564,0.09864076364341419,-0.04594214198638292,0.432500826302184,-0.11749261843131763,-0.2408167541268997,0.030622381568987243,0.31522501503081246,1.2004293626628262,0.4455426984173756,0.3195792260258319,-0.24937475985943286,-0.0008514367099710983,-0.5338882050821007,0.3445687793219236,0.15261414571974027,0.007971139055601876,-0.01626291844982223,0.03951728930769185,0.2665962277385687,0.13898011893745185,0.236343696312299,0.08479218678623453,-0.060551809637080525,0.5367629139342661,0.11716242722944664,0.05587450812708251,0.08096880728848414,0.08540579423009331,0.528807059808994,-0.07681535236565529,0.11762221161117131,0.2738615513686676,-0.08033300669872463,0.14616280936218584,0.051758234128308774,0.06923382282949257,-0.2342106402728563,-0.0729492158734698,0.08099719268721237,-0.030307455130447386,-0.0008578681379035871,-0.11905736244482533,-0.28447013536812854,0.38366682526869406
0.05869303670236523,-0.15646367020177498,0.301594018134248,0.1395149538931409,0.021978774078975742,0.11061670215571498,0.09419873201689369,0.034978945212720006,0.15407847259690802,0.16180205193328417,0.14127253671703402,0.16564595844540783,0.10110122659321419,0.1427956213738459,0.21599590306707533,0.19579974121465069,0.18989835065882255,0.022116033267980298,0.09151823348808916,0.3036941410001574,0.04112131978267631,0.29054485457580953,0.4455426984173756,1.1716505266359758,0.5590175478882295,-0.16280373128322564,0.15594065900070447,0.057987677995944065,0.11132658754016293,0.24477131544437652,0.3615928847296021,0.0703438753072745,0.15384542742152782,0.08163894726555576,0.14464988598793063,0.3818968348711886,0.06708953744585745,0.1856059523506454,0.3697882076510148,0.14486620094657693,0.1923539399830426,0.1834545047943128,0.1399475155210656,0.2700367193366694,0.0158582855974328,0.2631177968591086,0.13855833581896648,-0.19884587419990757,0.4432583567974854,-0.13972414698707394,-0.015972873705478514,-0.06011131744362005,0.029427480100243784,-0.044255148266513694,0.08806618865751215,0.13537109215776466,-0.19654106592341372,-0.6944273589096185,0.7173192198835943
0.10999706969902288,-0.013285962520482182,0.26462302930172965,0.11456295687537692,0.04342151449873413,0.13484905501646458,0.0949479582287963,-0.008674354249012774,0.11755561673602302,0.15027596209510904,0.0902992379599843,0.19641322196806146,0.07099466932012084,0.08550664839611144,0.07608216964942098,0.08979678980844905,0.3331127304196283,0.018888043819537275,0.22103494267802357,0.1278114201012236,0.12032946289674679,0.18028798882863792,0.3195792260258319,0.5590175478882295,1.8954851791792329,0.17430647452522668,0.1861726140384094,0.06070120186504683,0.7756331999890824,-0.09800585147991729,0.11121790272644898,0.1253564726659411,-0.03355958723765677,0.5481839688542685,0.2730664841987061,0.3072990562596611,0.13103898474978992,0.10604648418393721,-0.026395677291765764,-0.031236193122840546,0.27957866950437926,0.24064482651145414,0.11058927232486195,0.2279039030002474,0.049447821688740096,0.2500418266905575,-0.0353629169799017,-0.18678717558982072,-0.4968568601987007,-0.357435675536646,0.15989385830577968,-0.04844552874450493,0.0635701211917648,0.021374314554593505,0.07207253294882482,0.17449598091822624,-0.05458613396033677,-0.47102415487703486,0.20767275534488266
0.017550746954405005,-0.18452628418778602,0.1082932080928349,0.13534637900168187,0.18258724051557745,0.1731491608236339,0.11541614259454062,0.21312765446042028,0.1614287725787628,0.02966135783732117,0.12257292383057197,0.12272011076353342,0.032438734666251724,0.09638247493413059,0.07359928401606279,0.039416509066493945,0.18133407132219326,0.03255368916284785,-0.012275127172444897,0.001996600863518186,0.2385579806848025,0.1742407251606354,-0.24937475985943286,-0.16280373128322564,0.17430647452522668,1.7292977520757382,0.08048715935217941,0.10986299172940005,-0.24061850740806387,0.059645590514765735,-0.017804560744803466,0.38957423631519417,0.018760605278404237,0.1555208040159058,0.14804761889498277,0.07494544493523202,-0.12536358592075506,0.05335815144138568,-0.6682080824864907,0.04918784722795394,0.4015536627313001,0.21149630813515918,0.28367491693157687,-0.30034647124646807,-0.16188218581213876,0.062103170336769695,0.008323159424251002,0.1507316203174979,0.39185256362953697,-0.07607228000988238,-0.09137142835111185,-0.14048584265035072,0.21773910782116798,0.00829886436738362,-0.08700777270026877,-0.03354162080722701,0.016383975266282963,0.16669629278524567,-0.1185321573553881
0.06454451233129545,0.28002453369361313,0.17877639640121135,0.10786925012860593,0.07624642122725239,0.15552117309045366,0.08762343354708631,0.13146351273893786,0.11332019626994297,0.10658144901034752,0.148809539473106,0.1683114163003568,0.10779824741434844,0.1394659257428764,0.1622539445309398,0.19631996717143227,0.2222724056376102,-0.007809858326533017,0.012526545674380532,0.43401278298443224,0.03986813131421414,0.21293266969155936,-0.0008514367099710983,0.15594065900070447,0.1861726140384094,0.08048715935217941,0.528291540805986,0.20708987346811608,0.09202684852032882,0.21932551562707894,0.18833118487150635,0.1688578332389515,0.24435697567736395,0.0862820027714602,0.20569401115232705,0.13899941799657664,0.2496256544287075,0.22988359939909944,0.1955250129189136,0.1423069205178835,0.15060523110258953,0.18646546919676177,0.4521433630781578,0.12249913859786388,0.16221147398177624,0.10665971663158264,0.1129457566291057,0.003279357624208631,0.5132670245209133,-0.1518321690599889,-0.10113636839244027,-0.04048678723890629,0.1159031364313631,-0.013018495698559465,-0.04853129656377544,-0.006036881686302377,-0.0700645811973462,0.012188417972797645,0.11656925207093133
-0.01876845553921307,0.3730555694607178,0.1334283842977765,0.04374792686164976,-0.035425268968318636,0.09294704177355993,0.0009514066098476678,-0.007735566722244774,0.12023990050906481,0.023640126099863306,0.10862684736711486,-0.017126466888029608,0.058026921708717004,0.12597847598412826,0.2875966516573345,0.12001615611519494,0.36495629426550696,-0.07828458810018576,0.14829771328300065,0.4437917966913977,0.12726197295425004,-0.0031724617765893958,-0.5338882050821007,0.057987677995944065,0.06070120186504683,0.10986299172940005,0.20708987346811608,1.500373175676411,-0.35500027856257427,-0.05039829720797016,0.350688318701201,0.06349392005594057,0.07150765338114837,0.08093771461302746,0.08313544016894378,0.4014523875916005,0.24769644224701684,0.2862189617586243,0.0071260891875453815,-0.07792524141726223,0.5122263680810974,0.20689425840148543,0.2592576330325587,0.4327827235429473,0.11660393609477618,0.0704632922086169,-0.09712026651144758,-0.08881788192792897,-0.07421078551249247,-0.42605025763506515,-0.1065615197836651,0.8420991813112861,-0.42867574523533525,-0.051746736008162826,-0.07277798459242119,0.04836838690844669,-0.06133381703172609,0.1107760441772881,0.09106401815494458
0.20415203920846234,0.18163017537869214,0.5711842823731497,0.09751796895892106,0.03138930431567273,0.3091966777991907,-0.0034564249037956946,0.175969325006233,0.14634085005766834,0.21254644380714033,0.14105636397024074,0.2062146937349489,0.1538536195532869,0.21398499276327837,0.1775742899943167,0.2718722574598764,0.2435565640043095,-0.04778785275071001,0.17320117378537023,0.09903012100090282,0.15480066948388393,0.2423628764189801,0.3445687793219236,0.11132658754016293,0.7756331999890824,-0.24061850740806387,0.09202684852032882,-0.35500027856257427,4.026474535248872,-0.2066159605019603,-0.03554324141948796,0.19062089261590637,0.3947863508163391,0.7560191314697278,0.13915833943403122,0.4247130093923199,0.1861710844125415,0.007990320947782495,0.284710466806026,0.12681422140293264,0.2000356097229054,0.15146796401424376,-0.18249595152330722,-0.2817203212714157,-0.35067276913801976,0.39775723218058734,-0.11248347028039586,-0.23608033210240326,0.7634728958136764,0.20444069237714613,0.21107686859560543,-0.09495544486702318,-0.27353064734632015,-0.12806350989379006,0.12115934171398461,0.04351206930260417,-0.17368150530771406,-0.3289589383905462,0.18747115660660177
0.1055324235579846,-0.02849607216461974,0.5180700403628948,0.044791329308628024,-0.04237310542156529,0.1783990686304103,0.05486798694019281,0.41758645225295826,0.14449387065816058,0.1891313376851817,0.12113899127908583,-0.05252449226613002,0.08665795227333913,0.24234895566559986,0.29093012986851935,0.12658429659351816,-0.05408126648384573,0.029910737243653153,0.11622387670096086,0.6904865363809805,-0.13342405750279293,-0.013997574781147897,0.15261414571974027,0.24477131544437652,-0.09800585147991729,0.059645590514765735,0.21932551562707894,-0.05039829720797016,-0.2066159605019603,3.643436527501734,0.2213636238849374,-0.020563519939768488,0.8563556050011609,-0.5800712159347635,0.6874334368735331,0.34625046080003086,0.8681197676806337,0.36858615825747304,0.9447508549842933,0.6097405222188708,0.17198895697604066,0.3037056451056523,0.8079261713035399,0.2323241181250813,0.7646700478702162,0.5708710430627362,1.760487755520088,-0.41507610177817067,1.6399269339223124,-0.08978534340538473,-0.10148365835367497,-1.6566605657786537,1.0019295587526083,0.06872369609365754,0.11339786317244975,-0.3224005876140212,-0.27979780301278545,0.8819284272613767,-0.05954835709936938
0.07608697481103344,0.19751240549882484,0.25299175942769053,0.1515035566804988,0.10781630139685446,0.10978805364821168,0.12513484041199455,0.09863203391945527,0.18104370299036532,0.1465243951784341,0.18603567167722038,0.12710184078304318,0.09749825082272548,0.14194818570863044,0.2529671586736228,0.1515523684651282,0.20823439239563551,0.2338494099387193,0.050482797933598805,0.405634266321423,0.02898388987970657,0.014800842585452322,0.007971139055601876,0.3615928847296021,0.11121790272644898,-0.017804560744803466,0.18833118487150635,0.350688318701201,-0.03554324141948796,0.2213636238849374,0.8851753902592812,0.04926060596784863,0.15844806326225924,0.017384452851392215,0.2755577164077206,0.4286355365675783,0.30522388466482303,0.2988026313112212,0.37698057675104196,0.15868641994149668,0.30977199732582533,0.22255868702957887,0.1965271934792024,0.1947922235030546,0.367547683602312,0.33833538738937763,0.22851458070940273,-0.20941109254954554,0.01594035460321235,-0.13660267523375247,-0.009683643992107306,0.04585100659503867,0.16174201997321908,-0.0646041840885075,0.0828303219467571,0.0790806827869318,-0.12244626343447068,-0.12782482639007348,0.12643926391005678
0.03822243686146597,0.08174905494112286,0.09119388181244989,0.054190621280364025,0.07177895258523613,0.0864971942884693,0.08828618706066282,0.06922325598670452,0.06665453323214872,0.06549817592395503,0.08543684822406931,0.12978134998369617,0.10253183685149053,0.008954559815789714,0.005330021153376006,0.10365737788491435,0.14583926511617268,0.0020564503895103945,0.06841378581375987,0.056026321742789785,0.2588382722925559,0.4441861186062422,-0.01626291844982223,0.0703438753072745,0.1253564726659411,0.38957423631519417,0.1688578332389515,0.06349392005594057,0.19062089261590637,-0.020563519939768488,0.04926060596784863,0.7858433189509395,0.14501371588850806,0.17325768553056184,-0.15630091200028431,0.12328336272708064,-0.14850691265879354,0.10435299319482848,-0.13294422363833308,-0.035128535896397986,0.08025245264809211,0.04658794079169008,0.025004253795811976,-0.001008258249112748,-0.12269247368223248,0.07107147666619364,-0.02367799015332524,-0.014553987487081359,0.09848480943733799,0.013633023706889421,-0.029968130740005348,-0.13798468244808945,0.06430832614970458,-0.020272469413175277,-0.2384085999099988,-0.02197483779682654,0.3695662584114215,-0.2791263288269153,0.03640982544384851
0.05136142631476665,0.16530681772993938,0.24072631960201174,-0.007294391388115472,-0.08175230167844479,0.025872520096307312,0.09584574023053075,0.07543499342994676,0.12110686231619246,0.09949459211396777,0.06165314301109408,0.11204792691403984,0.07181408264936694,0.05189685628889287,0.11116405441263973,0.06637179827117007,0.10806478002656823,0.029770609970960243,0.1415231846041909,0.6037216425073221,-0.17037716017369064,0.19236392805102118,0.03951728930769185,0.15384542742152782,-0.03355958723765677,0.018760605278404237,0.24435697567736395,0.07150765338114837,0.3947863508163391,0.8563556050011609,0.15844806326225924,0.14501371588850806,1.8785371552240278,-0.39622219513864465,-0.4786580978028222,0.1031542767029318,0.4932568348243889,0.3803968403268258,0.2772907287629015,0.027217897090081225,-0.38214156785643427,0.056191526486715944,0.44965133947146957,0.08092560026339005,-0.06384904070888887,0.38591637160333636,0.5002079390938284,-0.22180117216073383,1.1746984884336347,0.30755713613812763,-0.04604719827850697,-0.43835573039287856,-0.016724186528577864,-0.203375157377068,-0.1324519685063829,0.01770084414411093,-0.08010625323107996,-0.1408487824308971,0.39546515195955567
