1.2735874225033597,-0.014039907160218757,-0.020153238352663836,-0.028470345259921266,-0.03461480029222312,-0.027828556293502806,0.010128697196967885,0.015319111684856671,0.016741925664698096,0.013839540728782244,0.007572603145406575,0.009731346716909789,0.012768739656286788,0.006991840071370553,0.006495575368568495,0.005921488651591169,0.005755878750741261,0.004686602142126534,0.005060192734234436,0.005647960594364558,0.006472982535425735,0.006506764506034475,0.0053963728887688744,0.004168465626905948,0.0029697597377539606,0.002190238735114001,0.001465867942025039,0.0009000247124829969,0.0005831768345709144,0.0003354091428128882,0.0001774680565606039,0.000217875316174773,0.00018085551834531147,0.00017012580881213887,0.00015682872341214204,0.00013905703264650303,0.0002246463462389027,0.0003117339005317472,0.00040370170848139537,0.000504406669996774,0.0006674102045428639,0.0005260209490189926,-0.00019709023977786873,-0.0016206866240132123,-0.0017411128776754193,-0.0014119881622973024,-0.0010425444806603005,-0.0007104513679479474,-0.00047293612646628994,0.000762671689425055,0.005869809445161463,0.010937899223390364,0.017276239753070556,0.005641972549698687,0.0002696096085896264,0.00069714767576903,-0.00010357258154806299,-0.0004143100225866231,0.0008426901820273229
-0.014039907160218757,1.262260388234239,-0.030947919817410838,-0.044020465182366755,-0.054171235436489835,-0.044550179866222776,0.013604773890123186,0.021745210673953158,0.02615943349062512,0.021910764882611938,0.010964940562509658,0.015279077689004874,0.020608426714079354,0.011846132147976028,0.010504275478029027,0.009386575782785886,0.008758074674641972,0.007283244212029355,0.007907028894976758,0.0088486167862206,0.010180380035319868,0.010217630376311461,0.008352831491596237,0.00628275766601335,0.004366533881813798,0.003148992127637321,0.002078508247674767,0.0012406259426519571,0.0007492891687823429,0.0003811193425748777,0.00017158427506653947,0.00019586525538280535,0.00014835078112754915,0.0001440480690419528,0.0001429051627902829,0.0001220537511654566,0.000248155527846151,0.0003615772175022925,0.00047111845836994755,0.0005704080789004904,0.0007473576755942831,0.0005333014222107192,-0.00041147050585045613,-0.002215127413307275,-0.0023491312782982555,-0.001896814920792613,-0.0013995119458622535,-0.0009524071479724447,-0.0006336554417498044,0.0009528144904835628,0.008031138436471803,0.0149796563025549,0.023797533955325363,0.007435513061088607,-0.000188897938321843,0.0008087183111518284,0.00013248740911657453,-0.000817367548820956,0.0009656613759874918
-0.020153238352663836,-0.030947919817410838,1.2371535620853835,-0.06682728164443541,-0.08374381480002784,-0.07106805613231564,0.01489473002291615,0.029303721386160473,0.04044581570438978,0.03435079088899106,0.0152961445481773,0.024017147341789478,0.03304185480658664,0.020096670466925523,0.01702378127361066,0.01509034541013474,0.013409412636045278,0.011529990103413214,0.012374834742362392,0.014008392827143414,0.016099063998338572,0.01599995722048585,0.012808227818454022,0.009325041857222813,0.00628431896280109,0.00441639440241228,0.0028819711060778705,0.0016906201850727417,0.0009624693442637661,0.0004372671526623697,0.00015872676788471711,0.00017222575894055368,5.877286017683137e-5,2.9953938982565888e-5,4.6388473222345e-5,2.89815442371417e-5,0.0002126205344346484,0.0003600191992355372,0.0004771052132678277,0.0005500629744973646,0.0007100441348148454,0.00039104027111727245,-0.0007979461543892243,-0.0029247770497297346,-0.003042055538167218,-0.00243990692903465,-0.0017975923886274742,-0.0012207131766150557,-0.0008114055293935159,0.0011079839335088072,0.010731265026272531,0.019966848781742447,0.03140085686205476,0.009945726675057252,-0.00030516065482768953,0.0019226312352046383,-0.0003096026040520438,-0.001601455114280274,0.0017591649971741591
-0.028470345259921266,-0.044020465182366755,-0.06682728164443541,1.1845384562745604,-0.1276216310433359,-0.11650423500880194,0.0017040595695535395,0.03986378993765806,0.06491868703849324,0.05367755618103067,0.020653884481205285,0.03699217342477531,0.05200352628563529,0.03412540696646396,0.027939237536751402,0.02509538410219767,0.0213257778582545,0.018773077930443173,0.019155682911512758,0.022481388791936396,0.025974390554082738,0.025380389599023705,0.01975672061501332,0.013825635482176333,0.008937708851792918,0.006067434555280134,0.0039014835333731576,0.002285474205538717,0.0012718142100384435,0.0005091563853716498,0.0001060524611569627,0.0001008489962634621,-2.6791580746119693e-5,-5.8411998351177085e-5,-5.574980768455026e-5,-9.251167904429418e-5,0.00014932178806557463,0.00034080895591706974,0.00046033128558556417,0.0004999798748577875,0.0006300392205662493,0.0001830331972874783,-0.0012913235752390142,-0.0036749981599083557,-0.0037522340179208004,-0.002990067362815878,-0.0021997902734677984,-0.0014905826648142178,-0.0009897451750000125,0.0012228145839306129,0.014382739395756192,0.0268088881476096,0.04207732681428709,0.013501248159399832,0.00022724131837955047,0.0022721413401001335,0.001292260062878517,-0.0002991545599587294,0.0035550341864867404
-0.03461480029222312,-0.054171235436489835,-0.08374381480002784,-0.1276216310433359,1.1085344443897729,-0.18702449363725235,-0.06461627837312725,0.0495885813397742,0.10037838049783651,0.07666094637567285,0.024598956449358535,0.05444337305828158,0.07569073490001452,0.054718794163569784,0.04346524253036791,0.04104453978857324,0.03362419177059083,0.030834710450297134,0.028423819910690422,0.035293480066459784,0.04033596010152538,0.038052318200010045,0.028387041135613075,0.018805417624805403,0.01144311197744901,0.007400816007614024,0.004725417943353209,0.0029018039231893116,0.001727723518091373,0.0007234348169894521,8.363837044340623e-5,7.375074725268789e-5,-7.160302739744431e-5,-0.00014111363145153028,-0.0002546055069380397,-0.00034266462426505746,-0.00010219925582642465,0.00013314961643104867,0.00020200609444107762,0.00017934386442047752,0.00019963514804739027,-0.0003711471590688272,-0.001969960232148051,-0.0038837502783776803,-0.003802461775393698,-0.002985492381677156,-0.002187443731623192,-0.0014752958488156661,-0.0009772892610060498,0.0009307165794256999,0.017440281982386827,0.0326400803909939,0.04983652188996888,0.017669777454686137,0.0006042381280635541,0.002978697331364122,0.004660991900821962,0.0038692415281435734,0.005123219824102085
-0.027828556293502806,-0.044550179866222776,-0.07106805613231564,-0.11650423500880194,-0.18702449363725235,1.0040147164486182,-0.272594964551191,0.03107773581955309,0.13248452644774078,0.09269434548741583,0.03674020681690265,0.07481646055090836,0.09427150955955794,0.08034972637189182,0.06504525815274899,0.06370736811136492,0.05143045260442519,0.0501583978671706,0.04012108023835363,0.05287187774373102,0.05733547010631777,0.05061446487214966,0.03518228971912081,0.021076730744664773,0.011264622715570346,0.006488593093584398,0.004110750242268004,0.003065299817734791,0.002483078862054377,0.0015462802288014371,0.000375206405834536,0.0004123730642444656,0.0002684956000360505,0.00016541985604135112,-0.00027489572093650043,-0.0004735565550386222,-0.0004314226014637058,-0.0002700219971979656,-0.00043733102635843107,-0.0006430313258139992,-0.0009769422258096238,-0.0016658238308745153,-0.0029570319448953054,-0.00231626092008616,-0.001776126365164808,-0.0012684969273799901,-0.0009042878053884802,-0.0005934922019725116,-0.000387876483035745,-0.00010518929496135402,0.015460323436587485,0.029421892636639427,0.04173491169090667,0.017710307086304073,0.0009145843259493226,0.0022246095542536445,0.010504174007891493,0.011238175612088005,0.005402424569346508
0.010128697196967885,0.013604773890123186,0.01489473002291615,0.0017040595695535395,-0.06461627837312725,-0.272594964551191,0.5956802472009685,-0.20654216930907313,0.008515990136494723,0.07697016485324096,0.12248659816881814,0.10674488444546923,0.08277307278903528,0.10840093565722174,0.10851637355103508,0.08716925882698941,0.07146654176319114,0.07493015957896461,0.056675211473004077,0.07187705730230337,0.06914614107096465,0.05489270345718685,0.033497253636989105,0.015327153745372867,0.00432350481281747,0.0003046680983485615,0.00031544170989971087,0.0024882332925331794,0.004204786502130613,0.003976187084674571,0.0011486762159975692,0.0018881400878561535,0.0018139607033015826,0.0016042893194281695,0.0006430266462187615,0.00030547308632796535,-0.0003895805350792649,-0.0008212018734281643,-0.001979875818440279,-0.0030336547193770863,-0.004742818426025754,-0.0059593678398153155,-0.006412212302289124,0.0032061317402563307,0.0052419781544778745,0.004608672170172436,0.0034603551517976305,0.0023897704976795398,0.0015990554797304071,-0.0023041575131655693,-0.0024253792800078876,-0.0027318375845324138,-0.013732783796371655,0.0012204131704686763,0.00024124688105292097,0.001154798625307958,-0.0006488517244808489,0.0010215607541004903,0.005193023171023015
0.015319111684856671,0.021745210673953158,0.029303721386160473,0.03986378993765806,0.0495885813397742,0.03107773581955309,-0.20654216930907313,0.8312962857196812,-0.3377286240812203,-0.015321984834887628,0.14728050738008905,0.10310944128019398,0.024357050838831853,0.0821460288041604,0.05960072945988298,0.06635652848944422,0.05459316204417444,0.05313473338567768,0.03895438099563586,0.0479827341216887,0.046312281136158664,0.037712683638787416,0.02399663165298399,0.011890657810897633,0.0047749102679380375,0.002076645400333684,0.0019046433498049263,0.002802699631601413,0.0033042691791668154,0.002291165136469235,1.9402797794825487e-5,-0.0004935008142533086,0.00018154229313964708,0.0005538611399085546,0.0001877273232541288,-0.00015785972048941874,-0.0005938386288489437,-0.00113489936922751,-0.002207954066552659,-0.0035841730648237106,-0.0053830099875965265,-0.006919371477467421,-0.007513366077268421,-0.00043216847474143326,0.0014277226644444526,0.0015749082255959181,0.0012262621798000784,0.0008721532806653811,0.0005875187048726953,0.0004694635797047995,-0.017359420813910294,-0.03478827800489672,-0.04514410260685129,-0.0207141380947899,0.0002870203551142268,-0.013467617192297564,0.0024170997065176138,0.0037261534393921714,-0.003805694526908843
0.016741925664698096,0.02615943349062512,0.04044581570438978,0.06491868703849324,0.10037838049783651,0.13248452644774078,0.008515990136494723,-0.3377286240812203,0.8353296546499811,-0.20103645831302885,0.03404729414949542,0.06616386003424257,0.02341611376880144,0.07540831385604488,0.04536489344576956,0.0554710432089963,0.05029792670613382,0.04373616735163509,0.03578455796581543,0.03846322782391942,0.03716639809110018,0.03210155952960359,0.02123076991071375,0.010828687873025348,0.0047060103659492805,0.0023969848895915367,0.00204192449740065,0.0025353414133556375,0.0026949673260738857,0.001689561867680412,-0.0004666092995748038,1.2177437785690383e-5,0.00015580326670069892,0.00042035737617576507,0.0004923348112891776,0.00036818438637117146,3.554383557058785e-5,-0.0004692319335192669,-0.0013757838968855107,-0.002442196781064968,-0.0037460242125541337,-0.004838765747227482,-0.005496508836345301,-0.0011147058591170242,0.0001427098932648231,0.00041422106242569985,0.00035902707122197953,0.0002713330981528302,0.0001871579761438312,0.0021806669568308758,-0.013541707678581838,-0.02814625556640181,-0.032119316729777636,-0.02888704118458334,-0.0012934557391206184,-0.006252791229490991,-0.00946419967136062,-0.008795329321359452,-0.0071073208567443945
0.013839540728782244,0.021910764882611938,0.03435079088899106,0.05367755618103067,0.07666094637567285,0.09269434548741583,0.07697016485324096,-0.015321984834887628,-0.20103645831302885,0.8808241626133497,-0.2936544582621085,-0.0814394906623161,0.1130094675224063,0.08887628702876911,0.05551167138830522,0.05419982699999062,0.04947456752044316,0.04460289951456764,0.03752547852451805,0.04182793925278236,0.04157759687355386,0.03564869358749898,0.023899202621223043,0.012721696000107294,0.005724953682501892,0.0028362757944892644,0.0021193630299712308,0.002561183804415657,0.003037720454435883,0.002815982955505461,0.0010271986041391313,0.000838021000005046,-0.00034135241909648273,-0.0004726590891639046,-0.00033631185923631816,-0.00012266828167762,-0.0002043024619170333,-0.0006656651359096588,-0.001427019568510051,-0.002399022487737158,-0.0035899385332285225,-0.004719222219091971,-0.00543828538869642,-0.0009305887041092931,0.00034854187474978444,0.0005710721609677627,0.0004622041544666943,0.0003406957061781778,0.00023219905244537366,0.00130468573843768,-0.009089816593432646,-0.01903413285131534,-0.02382555998152501,-0.026494968702746067,-0.0004893196176014622,0.01146905630837348,-0.012622393806197112,-0.008744389207152464,-0.002427678721801298
0.007572603145406575,0.010964940562509658,0.0152961445481773,0.020653884481205285,0.024598956449358535,0.03674020681690265,0.12248659816881814,0.14728050738008905,0.03404729414949542,-0.2936544582621085,0.6723701025761292,-0.23884038188873222,0.11429887369567755,0.09645309629881893,0.046359784306535715,0.07649783251271551,0.06608430098242779,0.06285516644089717,0.042903202407618954,0.054660411495578196,0.05380781109319657,0.044148583903514935,0.027891940006643665,0.013761770921479968,0.005240978611785473,0.0020552078085515823,0.0017856994400304526,0.002859011062981645,0.0034047352796787414,0.0021481972420043754,-0.00036588216823544125,0.0003952351535810428,0.0010852162488422896,0.000967465149753478,0.0005722365052886824,0.00018869538353630852,-0.0002790674554812363,-0.0006809132821318772,-0.0016093200290532433,-0.0026011133666484507,-0.00394448824464657,-0.005047641191656131,-0.005717436393643558,0.0006368967226956531,0.0021428035380857548,0.0020506952193802552,0.0015654270990338903,0.0010950846676448566,0.0007358727540740171,-0.00015668714705466765,-0.005637935571075558,-0.01184548094548623,-0.015450406913880528,-0.011116901010977382,0.0003354235616602746,-0.006440480669131988,0.003476620410222515,0.0024529923839598836,0.0022019073115418395
0.009731346716909789,0.015279077689004874,0.024017147341789478,0.03699217342477531,0.05444337305828158,0.07481646055090836,0.10674488444546923,0.10310944128019398,0.06616386003424257,-0.0814394906623161,-0.23884038188873222,0.9127307470808308,-0.16743587076186883,-0.048366487809914385,0.0045364585523533,0.04673682141521486,0.06648498126805451,0.05198763627412648,0.046578908173611135,0.04842405167727466,0.0475449468373257,0.03995583159483621,0.026391137350582825,0.013923226594665408,0.006052030234310915,0.0028075986551812835,0.0020962140285697363,0.002816053320709991,0.0035530163819891196,0.0035148947036741742,0.0014837356689176352,0.001347723540440545,0.0003543742244870698,0.00030051168056055273,9.927970971487839e-6,1.529123196946741e-5,-0.0001598401207665542,-0.0006104451837574382,-0.0015021531259741077,-0.0026173483369362773,-0.004113404575899471,-0.005536525334306305,-0.006501001251309452,-0.0006589205373743728,0.000982342925035096,0.0011587143885647602,0.0009128766804378333,0.0006542154763459332,0.0004428083744645145,0.0002958445895975202,-0.00682399146124395,-0.017047465926985715,-0.01279891789842522,-0.007829454565617894,-0.0003527945666436848,0.008482122874737432,0.005730061094815798,0.004131250524942482,0.0031112803942539864
0.012768739656286788,0.020608426714079354,0.03304185480658664,0.05200352628563529,0.07569073490001452,0.09427150955955794,0.08277307278903528,0.024357050838831853,0.02341611376880144,0.1130094675224063,0.11429887369567755,-0.16743587076186883,0.7651662982090011,-0.2853565948201117,-0.03478172739683341,0.05456661252491076,0.020168000267535718,0.03734419407695768,0.034504351230939784,0.05240545466343563,0.05206921259105497,0.04180640113025482,0.026658009413786824,0.013995269194019076,0.006329010314614716,0.0034683128623634765,0.003292537684105531,0.00448771579530554,0.005098491320434084,0.003540453688845647,2.5340427745755406e-5,0.0012159621536261985,0.0011315771415174756,0.0005617457815581359,0.0002096463302075488,-0.00015662823830121637,-0.00043357671829378044,-0.0009268899680742095,-0.002009306143018978,-0.0033503628190978724,-0.005008257955075549,-0.006598307589846936,-0.007934694699374642,-0.000984650315507002,0.0008833251529182663,0.0011382582833849245,0.0009087964385894831,0.0006566209367037443,0.00044598958312726223,9.795279844624777e-5,-0.01180090145561785,-0.01761771861961382,-0.040374047256892594,-0.013917264770008488,-0.001169184183624323,0.005822175347896887,0.0020023120891648704,-0.00016609421817922874,-0.000350288020407184
0.006991840071370553,0.011846132147976028,0.020096670466925523,0.03412540696646396,0.054718794163569784,0.08034972637189182,0.10840093565722174,0.0821460288041604,0.07540831385604488,0.08887628702876911,0.09645309629881893,-0.048366487809914385,-0.2853565948201117,0.9315232696765805,-0.13990508752634784,-0.09091894602058809,-0.032150975583845325,0.0209358684015804,0.043008754812599484,0.05816111770526971,0.05659178461118458,0.04620992045901516,0.029854323872110435,0.015622507875166036,0.006788841347815783,0.0032299793131893156,0.002594879529616765,0.0035636241873238583,0.004412121929341476,0.003990381640239781,0.0012333915692914605,0.0010792967234487265,0.0010612261166559108,0.0012029179696711495,0.0004176291502061675,-2.8064769350564366e-5,-0.0003614340356625622,-0.0008236002145362324,-0.0018567606308153475,-0.003208870790950453,-0.005071133218639008,-0.006898540979310649,-0.008153892715081969,-0.0009200798586938675,0.001156047887479492,0.0014049581181889105,0.0011153665978883608,0.0007999604637439447,0.0005413720021883095,-0.0010058825721406084,-0.00755495236797726,-0.007907079218922516,-0.0334915262851801,0.0024530120349592517,-0.0014571998201373918,-0.005172824077496379,0.0020926789120787877,0.0010477742934370227,-0.0021080588820201677
0.006495575368568495,0.010504275478029027,0.01702378127361066,0.027939237536751402,0.04346524253036791,0.06504525815274899,0.10851637355103508,0.05960072945988298,0.04536489344576956,0.05551167138830522,0.046359784306535715,0.0045364585523533,-0.03478172739683341,-0.13990508752634784,0.9802974473435324,-0.2166447105103519,-0.05175463057460965,0.03545069158940304,0.045587523850877866,0.04583625619258437,0.04159382161058997,0.03500510240357793,0.021110699414452115,0.00745886217800995,5.183273416354479e-5,-0.002081405565122006,-0.0016217131751272704,0.00013470743597231207,0.0016105689785098616,0.0016545357550780586,0.0003251172834067106,0.0011530126356351013,0.0022379177767623865,0.0021036826628241683,0.0010238512772619845,0.0001559202532679412,-0.00010866512668037537,-0.00025547938043401624,-0.0005960420388362859,-0.001097750520239259,-0.0018544073495744492,-0.002323679351559636,-0.0022857381149666905,0.0024390874762363637,0.003316340997751028,0.0028179205446728552,0.002103677073216634,0.0014379807216819663,0.000958208376735075,-0.001999069696130621,0.004444619129638655,0.0027972046071100937,0.018397311269142687,0.033914263855924054,-0.001021552820879315,-0.012414932985076024,0.0008677172894715338,0.00026572599039581703,-0.003323650384921427
0.005921488651591169,0.009386575782785886,0.01509034541013474,0.02509538410219767,0.04104453978857324,0.06370736811136492,0.08716925882698941,0.06635652848944422,0.0554710432089963,0.05419982699999062,0.07649783251271551,0.04673682141521486,0.05456661252491076,-0.09091894602058809,-0.2166447105103519,1.0163012055474872,-0.13720506753090775,-0.037891577558893205,0.020682782168494396,0.020172128821918343,0.026972889642007718,0.031322764747047115,0.02150206617856934,0.007786675279507059,-9.562431632362672e-5,-0.00287485927666946,-0.003636588303999511,-0.003652332758923966,-0.0030351874838600275,-0.0014930095895871916,0.00047603066903856967,-0.00040952484503286457,0.00011217787129555749,0.0006648673145006903,0.0006485533073154849,0.0006593071351132917,0.0006004464599311592,0.0006714277741768693,0.0010724173172723262,0.0015952927452041108,0.0021592304281469513,0.002914369882490867,0.00409886261258257,0.0027165444002577766,0.002080317328169553,0.0014927767864976306,0.0010682918940971959,0.0007049988017854406,0.00046313561876065956,-0.0009550894980630648,0.003762178337942152,0.007260127701191376,0.007474052525953303,0.002116381031513799,0.00039322663439817645,-0.01355916720436909,-0.0019421548982728532,-0.0008357576972103303,-0.0020168339055076324
0.005755878750741261,0.008758074674641972,0.013409412636045278,0.0213257778582545,0.03362419177059083,0.05143045260442519,0.07146654176319114,0.05459316204417444,0.05029792670613382,0.04947456752044316,0.06608430098242779,0.06648498126805451,0.020168000267535718,-0.032150975583845325,-0.05175463057460965,-0.13720506753090775,1.1076680560420615,-0.1358607871742548,-0.05077869392487716,-0.021185584939604898,0.012804126712666905,0.028423771789025207,0.021525951658719317,0.007846698828134428,-0.00024286157234533877,-0.003071243702313986,-0.004013585579413531,-0.004496571875090994,-0.0044845428396564834,-0.002969993851263705,0.0001577248127294857,-0.0006352724334512339,-0.0008743322518466982,-0.0007882857507682237,-0.00020466221468254842,0.00015137571005860762,0.0003856301928316333,0.0006536352476595702,0.0015391586398748789,0.0026938014533442107,0.004220500917608819,0.0059627415666671174,0.007789490471948519,0.0037004010114164644,0.0020325969581285563,0.0011911706472078033,0.000786341886118184,0.0004920228125733194,0.0003164644229061601,-0.0005834741011440783,0.00020626879396694176,0.00503521760303351,-0.0063699809354244375,-0.009138416649683012,0.001030528637524975,0.003313637205515671,-0.0048717396817973225,-0.0027565237683759448,-0.0021264756539066025
0.004686602142126534,0.007283244212029355,0.011529990103413214,0.018773077930443173,0.030834710450297134,0.0501583978671706,0.07493015957896461,0.05313473338567768,0.04373616735163509,0.04460289951456764,0.06285516644089717,0.05198763627412648,0.03734419407695768,0.0209358684015804,0.03545069158940304,-0.037891577558893205,-0.1358607871742548,1.0916684464059636,-0.11046577980538787,-0.07650946021035265,-0.024324079998880064,0.0035791201217553214,0.007780437712272326,0.002538095752416121,-0.0013087775485808473,-0.0030518076573495755,-0.004459664259567161,-0.0063588364249933995,-0.007520053509395113,-0.006142293722062684,-0.0010087241365254666,-0.0006957821599524049,-0.0012207745309965063,-0.0013148032514442869,-0.00045176767416002983,0.0005296649726718095,0.0006885744526785737,0.0014045485872420933,0.0026138272776121815,0.004542939504648517,0.006809272335312529,0.009310972050072586,0.011495611481331146,0.0030547762433055614,0.0005217058419851752,-0.00016452773081005744,-0.0002094071443225645,-0.00018544333901636937,-0.0001310413323101083,-0.0005586655489160393,-0.0022602708743418545,-0.0022281880121882854,-0.00599153535133987,-0.0003146829322971564,0.0008895165425722406,0.016120843155137964,-0.0029124275401906153,-0.001980318606157315,-0.0005731417693646037
0.005060192734234436,0.007907028894976758,0.012374834742362392,0.019155682911512758,0.028423819910690422,0.04012108023835363,0.056675211473004077,0.03895438099563586,0.03578455796581543,0.03752547852451805,0.042903202407618954,0.046578908173611135,0.034504351230939784,0.043008754812599484,0.045587523850877866,0.020682782168494396,-0.05077869392487716,-0.11046577980538787,1.1637429608346292,-0.08842596569416916,-0.06153509800745568,-0.04558079631598924,-0.029465004370081958,-0.016228250422629636,-0.007967318932241617,-0.0039922317996712794,-0.0019802737084414035,-0.0010088883908992003,-0.0013668401282923787,-0.0027464808718127547,-0.003473899924146075,0.0007292616638392859,0.0016624876615198248,0.0007253772329816299,0.001241986299315735,0.0012403341559138552,0.0013106588819978963,0.000874000463409592,0.0008378449996268029,0.0007165306747798982,0.0008173036859164575,0.0012833665525294948,0.0017319209285645467,0.002175575883852514,0.0017641137122824942,0.001287131394555671,0.0009230628345548909,0.0006110219693280087,0.0004019585089046906,-0.0004627833937130356,-0.003996052282584161,-0.006748137599093342,-0.007729897334960013,0.00326933677031328,-0.00021311229868640759,0.010739882243228078,-0.0010666527603337556,-0.0008341796799709265,0.00039038034842158825
0.005647960594364558,0.0088486167862206,0.014008392827143414,0.022481388791936396,0.035293480066459784,0.05287187774373102,0.07187705730230337,0.0479827341216887,0.03846322782391942,0.04182793925278236,0.054660411495578196,0.04842405167727466,0.05240545466343563,0.05816111770526971,0.04583625619258437,0.020172128821918343,-0.021185584939604898,-0.07650946021035265,-0.08842596569416916,1.1667852027060917,-0.11551544747875848,-0.097068741422205,-0.06421471074232304,-0.0344877062228358,-0.015841343085433644,-0.007823062323394463,-0.005038965689031103,-0.005066386606038714,-0.00578120856076359,-0.005134661598648489,-0.0016139486523481952,-0.0012238405676140924,-0.0006474332712241069,-0.0005957296323392877,-8.967001979127432e-6,0.000296609534944292,0.0004155656900436828,0.0008328990122990505,0.002017628744168241,0.003653470362378367,0.005738993292743512,0.008108364701657253,0.010353195422426187,0.0028393414201037504,0.0005117100225444401,-0.00011008903726873983,-0.00013863456124802578,-0.00013549240839180128,-9.640775156228014e-5,-0.0005882444025380925,-0.0033884654119711627,-0.00670580476296079,-0.004964888398871322,0.004759889912406463,0.00025323068373500596,0.0013622707205049834,0.00034349790104576324,2.3122361239579567e-5,0.0005628273143768798
0.006472982535425735,0.010180380035319868,0.016099063998338572,0.025974390554082738,0.04033596010152538,0.05733547010631777,0.06914614107096465,0.046312281136158664,0.03716639809110018,0.04157759687355386,0.05380781109319657,0.0475449468373257,0.05206921259105497,0.05659178461118458,0.04159382161058997,0.026972889642007718,0.012804126712666905,-0.024324079998880064,-0.06153509800745568,-0.11551544747875848,1.1379350127105856,-0.13691742546154198,-0.09461716852741586,-0.051512533537414945,-0.023779795637636075,-0.011917067240285217,-0.0076687937465906904,-0.007039339508932543,-0.006587934131578353,-0.004141954660136398,0.00028965986658757806,-0.0013832994129929354,-0.0016079959644609981,-0.0012629243180567531,-0.001020367522673082,-0.0006367267939297683,-0.0004400186756725554,0.0004057333777686025,0.002117572422443941,0.004477744081453791,0.007319371319869965,0.010363832450547054,0.013298670718499843,0.004086578023659228,0.0012279334420113466,0.0003273590023684334,0.00015386509733408233,5.139026157776505e-5,2.540181219276446e-5,-0.0003685144454411423,-0.002069269352784556,-0.004468967072786985,-0.004111373693445667,-0.00045737109971586033,9.515512692194667e-5,-0.0028543130449247872,0.00038877353909612096,-0.00020585244514816455,-0.00023211875405579417
0.006506764506034475,0.010217630376311461,0.01599995722048585,0.025380389599023705,0.038052318200010045,0.05061446487214966,0.05489270345718685,0.037712683638787416,0.03210155952960359,0.03564869358749898,0.044148583903514935,0.03995583159483621,0.04180640113025482,0.04620992045901516,0.03500510240357793,0.031322764747047115,0.028423771789025207,0.0035791201217553214,-0.04558079631598924,-0.097068741422205,-0.13691742546154198,1.1451819139581956,-0.09950926583400767,-0.05662931002751464,-0.028292713923494472,-0.01576016852667892,-0.010443095382711695,-0.007959118554399168,-0.005544761050685224,-0.0022292216169203195,0.0008410523348105989,-8.29155317869532e-5,-0.0006128516438199533,-0.0007024238002905522,-0.0008020332440464925,-0.0005883777287311727,-0.00016145974619202186,0.0004907321632910761,0.0020266207734150666,0.004064460277730854,0.0065627907012349935,0.00924308886330066,0.012012334935222411,0.007386866737337079,0.005146565318565027,0.0035208071768162564,0.0024565971537682182,0.001616146311502909,0.0010626121567849365,-0.000141379084814953,-0.0008804954921278551,-0.0021849126942124998,-0.0028627312583518905,-0.002931089735508214,-0.0007114484695313623,-0.0016949676061622414,-0.00019332855183600196,-0.0008899008937338284,-0.0007786673792107762
0.0053963728887688744,0.008352831491596237,0.012808227818454022,0.01975672061501332,0.028387041135613075,0.03518228971912081,0.033497253636989105,0.02399663165298399,0.02123076991071375,0.023899202621223043,0.027891940006643665,0.026391137350582825,0.026658009413786824,0.029854323872110435,0.021110699414452115,0.02150206617856934,0.021525951658719317,0.007780437712272326,-0.029465004370081958,-0.06421471074232304,-0.09461716852741586,-0.09950926583400767,1.208338972400818,-0.04664542933445667,-0.027307543339465015,-0.01849647302192442,-0.01413871667278311,-0.01082218353843284,-0.00693061529426376,-0.002708608919264558,-5.6269118819497575e-5,0.0004628338433689471,-0.00018716370654923533,-0.0007283295711453773,-0.0008987252441323679,-0.0004725483583859485,0.0005616298299609841,0.0012862485426607616,0.0029077081540353424,0.004973412146592936,0.00756446934477458,0.010312542947833108,0.013042753149292876,0.012707344818083055,0.01050731089256991,0.007675303921531209,0.005377182547485503,0.0035868757223184583,0.0023635720720747134,-2.4507845936325056e-5,-7.231851004143208e-5,-0.0005194728922849037,-0.001007249137922551,-0.0028598044746313213,-0.0015363975551030387,0.00039344840115260166,-0.0008758467233106407,-0.0013571405241912934,-0.0007928912278555311
0.004168465626905948,0.00628275766601335,0.009325041857222813,0.013825635482176333,0.018805417624805403,0.021076730744664773,0.015327153745372867,0.011890657810897633,0.010828687873025348,0.012721696000107294,0.013761770921479968,0.013923226594665408,0.013995269194019076,0.015622507875166036,0.00745886217800995,0.007786675279507059,0.007846698828134428,0.002538095752416121,-0.016228250422629636,-0.0344877062228358,-0.051512533537414945,-0.05662931002751464,-0.04664542933445667,1.248847431122849,-0.02589021966426681,-0.022024873350715922,-0.01966841690559548,-0.016363611442185497,-0.011124362847793364,-0.005429634886108428,-0.0018563810767731064,0.00024760397404353143,-0.0007604161463496419,-0.0015192395992240002,-0.0016273336490664845,-0.0004486634517166534,0.0014946617571183075,0.0027622496358432045,0.004805267259444557,0.007451746214716693,0.01068639009114973,0.014105229086875374,0.017107728551965566,0.019596115409886077,0.016690820032122317,0.012268008563888046,0.00853659781094063,0.005704657502191221,0.00375655658165063,4.029779066271188e-5,0.0004345361893338016,0.0005485509588632037,0.0006110013902926706,-0.0025064973274944334,-0.002359897073457781,0.0019708428850783908,-0.0014956360279414704,-0.0015872059385543173,-0.0006037479486323213
0.0029697597377539606,0.004366533881813798,0.00628431896280109,0.008937708851792918,0.01144311197744901,0.011264622715570346,0.00432350481281747,0.0047749102679380375,0.0047060103659492805,0.005724953682501892,0.005240978611785473,0.006052030234310915,0.006329010314614716,0.006788841347815783,5.183273416354479e-5,-9.562431632362672e-5,-0.00024286157234533877,-0.0013087775485808473,-0.007967318932241617,-0.015841343085433644,-0.023779795637636075,-0.028292713923494472,-0.027307543339465015,-0.02589021966426681,1.2584771358552436,-0.025588286340660512,-0.026012231782140557,-0.024058210519993895,-0.018165977057928436,-0.010634767339962443,-0.004740609545506381,-0.0014518321334213219,-0.0030878351647586517,-0.0037445973463465974,-0.0034135739222160453,-0.0007978205113772593,0.0024959372229886637,0.004870678903355293,0.007704642003827178,0.011399029398756599,0.015758702199217395,0.02022217902204211,0.02355012891626257,0.02647532554980578,0.02212158836223295,0.016060564638238493,0.011029817586713508,0.007355080256458629,0.004832089047082395,9.18838096876694e-5,0.0005479880482653325,0.0008580053184171252,0.0011573228302265268,-0.0023274651329528973,-0.0031484957621653537,0.0025391707850351834,-0.0020146470026035945,-0.0015034642808715696,-0.0005164181824711508
0.002190238735114001,0.003148992127637321,0.00441639440241228,0.006067434555280134,0.007400816007614024,0.006488593093584398,0.0003046680983485615,0.002076645400333684,0.0023969848895915367,0.0028362757944892644,0.0020552078085515823,0.0028075986551812835,0.0034683128623634765,0.0032299793131893156,-0.002081405565122006,-0.00287485927666946,-0.003071243702313986,-0.0030518076573495755,-0.0039922317996712794,-0.007823062323394463,-0.011917067240285217,-0.01576016852667892,-0.01849647302192442,-0.022024873350715922,-0.025588286340660512,1.2532050943800626,-0.034200624947641756,-0.03509017217996667,-0.02936376214805953,-0.019358703356855675,-0.009140088812931746,-0.005100594670772692,-0.007775529785197715,-0.007808355386335718,-0.006138378617392144,-0.0008808894109967665,0.004495037782394409,0.008665511621015705,0.012745140374053256,0.01797687265233268,0.02393957120345596,0.029895374409255878,0.033814714447319566,0.03389615966737081,0.0270506257911585,0.019170312227621323,0.012929069666533483,0.008571474956143575,0.005606881781688767,0.00012514971002716983,0.0003913903468569184,0.0006057016480333476,0.0007575541496130196,-0.0025287400506996075,-0.003899673042122623,0.0026702386504011398,-0.002516761638214042,-0.001379734716670654,-0.0007582425113911055
0.001465867942025039,0.002078508247674767,0.0028819711060778705,0.0039014835333731576,0.004725417943353209,0.004110750242268004,0.00031544170989971087,0.0019046433498049263,0.00204192449740065,0.0021193630299712308,0.0017856994400304526,0.0020962140285697363,0.003292537684105531,0.002594879529616765,-0.0016217131751272704,-0.003636588303999511,-0.004013585579413531,-0.004459664259567161,-0.0019802737084414035,-0.005038965689031103,-0.0076687937465906904,-0.010443095382711695,-0.01413871667278311,-0.01966841690559548,-0.026012231782140557,-0.034200624947641756,1.2409856956350154,-0.047765361217322715,-0.04395119990812379,-0.03178800040966775,-0.015618400188959278,-0.011801706602116562,-0.015596498517026935,-0.01415654241653135,-0.009428246689096588,-2.160191734443842e-6,0.008438046599010755,0.015116085004733756,0.020884198961618087,0.02781724663885535,0.03544450722093834,0.042902225133428035,0.0474979360863969,0.040384664326978445,0.03008250580598465,0.020548969054054164,0.013528691798167906,0.008871920951074455,0.005761430160100422,0.00013317082325548424,0.00013461261911896827,0.0001252737174404891,0.00017551859494128905,-0.0023860732431763673,-0.004372201845647857,0.0030095361942241955,-0.0029812104953195247,-0.0014055186953937312,-0.0013037643685868115
0.0009000247124829969,0.0012406259426519571,0.0016906201850727417,0.002285474205538717,0.0029018039231893116,0.003065299817734791,0.0024882332925331794,0.002802699631601413,0.0025353414133556375,0.002561183804415657,0.002859011062981645,0.002816053320709991,0.00448771579530554,0.0035636241873238583,0.00013470743597231207,-0.003652332758923966,-0.004496571875090994,-0.0063588364249933995,-0.0010088883908992003,-0.005066386606038714,-0.007039339508932543,-0.007959118554399168,-0.01082218353843284,-0.016363611442185497,-0.024058210519993895,-0.03509017217996667,-0.047765361217322715,1.2239926416709077,-0.060836309928594075,-0.04894418336088847,-0.026141228956774426,-0.025489479889085467,-0.02859201745884661,-0.023801525193323392,-0.013405617569569832,0.0017175817270604463,0.01462897178951677,0.02507212841257047,0.03342450623044903,0.04225634317244886,0.05144638661075243,0.05988308122245264,0.06470452694780422,0.04401070011437663,0.029343595558813114,0.01883302298568305,0.01192988635615176,0.007669015097573562,0.004917462858110056,0.000107885454706575,-0.0002816522408146034,-0.0007015451089385602,-0.0009411223233424053,-0.0021399691960284125,-0.004204665346531421,0.003395547757766813,-0.003140127333424705,-0.0014751531673684092,-0.001951316335875013
0.0005831768345709144,0.0007492891687823429,0.0009624693442637661,0.0012718142100384435,0.001727723518091373,0.002483078862054377,0.004204786502130613,0.0033042691791668154,0.0026949673260738857,0.003037720454435883,0.0034047352796787414,0.0035530163819891196,0.005098491320434084,0.004412121929341476,0.0016105689785098616,-0.0030351874838600275,-0.0044845428396564834,-0.007520053509395113,-0.0013668401282923787,-0.00578120856076359,-0.006587934131578353,-0.005544761050685224,-0.00693061529426376,-0.011124362847793364,-0.018165977057928436,-0.02936376214805953,-0.04395119990812379,-0.060836309928594075,1.2123827698093685,-0.06809726492168902,-0.044840683969384086,-0.05430146597442078,-0.0420660197239722,-0.026182558632072934,-0.010415886146998088,0.006598706855998242,0.022356161719223517,0.035643392949554514,0.0460463774422237,0.05544142384171865,0.06467760302337419,0.07258722256075048,0.07696123151965524,0.041786105223400885,0.023795459885554204,0.013777942509895967,0.008165222691533561,0.005047290492343343,0.0031567528855549394,4.7706427655769826e-5,-0.0006572205882714475,-0.001467873061847276,-0.0020799891959952664,-0.0016899961052108268,-0.0032399003415961854,0.005609882957712932,-0.002943484163789978,-0.001616152650743354,-0.002332986710919589
0.0003354091428128882,0.0003811193425748777,0.0004372671526623697,0.0005091563853716498,0.0007234348169894521,0.0015462802288014371,0.003976187084674571,0.002291165136469235,0.001689561867680412,0.002815982955505461,0.0021481972420043754,0.0035148947036741742,0.003540453688845647,0.003990381640239781,0.0016545357550780586,-0.0014930095895871916,-0.002969993851263705,-0.006142293722062684,-0.0027464808718127547,-0.005134661598648489,-0.004141954660136398,-0.0022292216169203195,-0.002708608919264558,-0.005429634886108428,-0.010634767339962443,-0.019358703356855675,-0.03178800040966775,-0.04894418336088847,-0.06809726492168902,1.1876837192567375,-0.09066103746302197,-0.1326080741095542,-0.03815019604986909,0.02121823925557041,0.027558355861426145,0.02306280166591452,0.028433592663336785,0.03837510281942542,0.04791532546426015,0.05674726544940745,0.06547118755463957,0.07383867180165449,0.08014997715530321,0.036750565382168525,0.017670120979689882,0.009057945917797296,0.0049269596382814345,0.0028965065216649956,0.0017548347192304508,5.417846885838427e-5,-0.0006142695274625298,-0.0014150383591906976,-0.0023497758860053434,-0.001395889668993578,-0.002212171554300525,0.01848467212280598,-0.0033926324888102492,-0.0021042025907542883,-0.002286395340660033
0.0001774680565606039,0.00017158427506653947,0.00015872676788471711,0.0001060524611569627,8.363837044340623e-5,0.000375206405834536,0.0011486762159975692,1.9402797794825487e-5,-0.0004666092995748038,0.0010271986041391313,-0.00036588216823544125,0.0014837356689176352,2.5340427745755406e-5,0.0012333915692914605,0.0003251172834067106,0.00047603066903856967,0.0001577248127294857,-0.0010087241365254666,-0.003473899924146075,-0.0016139486523481952,0.00028965986658757806,0.0008410523348105989,-5.6269118819497575e-5,-0.0018563810767731064,-0.004740609545506381,-0.009140088812931746,-0.015618400188959278,-0.026141228956774426,-0.044840683969384086,-0.09066103746302197,1.1707646858320797,-0.16473966240722435,-0.030073460027389937,0.0503041219526675,0.0529618894239408,0.035445439363563445,0.030597415069298448,0.03260238465870594,0.03707376377296614,0.04202186713847313,0.0472298301080503,0.05342871062208484,0.06312908455449079,0.026277232502984436,0.012240208776475723,0.006390881390129274,0.0035638310644616907,0.002153790355368519,0.0013321477187638495,-4.411626758137538e-5,-0.00020564630122198112,-0.0005848110238500644,-0.0018493868737139098,0.0010648315043125483,-0.0015133419830500173,0.02439096047426122,-0.003406751491442355,-0.0019095866650596168,-0.0015987881761358076
