0.9067934348699727,0.19579750165938822,0.27619928394262117,-0.004657675882807064,0.07141470731312317,0.052030424616201804,0.22898606181760758,0.05675058772231443,0.0694538308791845,0.08218140297643117,0.06926033108227025,0.1087383480461082,0.056348243323645464,0.1380654791398677,0.06390263983272745,0.09062345321605074,0.029385449505013105,0.11750951390355374,0.05648446378198633,0.034016434042007826,0.042931970523898584,0.08655626856981027,0.09225426667707885,0.00816693230431064,0.13902793443909198,0.05569585187958057,0.051762224809175784,-0.0320658738884176,0.10421179610281882,-0.04378609162533363,0.05268487883536406,-0.03646786886542838,0.06523608130124191,-0.03527363253581836,0.07733840569308591,0.014195708242941153,0.08392046113757669,0.026754320699597645,0.019554247895879496,-0.022857238158595597,0.08122906410028448,0.03704187890553665,0.07427887061248617,0.0552471532566708,0.034676572979680596,0.06179583096588477,0.04489310073286816,-0.014866642770730912,0.010878167427085325,-0.0421562114351882,0.007811762554306004,-0.027452942229582066,0.015790913969621158,0.02443933279247389,0.0805318176327892,0.008108680996554313,0.08971709528364599,0.20914990250461707,-0.38629089625667495
0.19579750165938822,3.0575275965045674,0.21063754620355488,-0.062149225168097726,0.06262673526047917,0.06750834655281775,0.20890937748095845,-0.00941008616247766,0.25412080915737717,0.08154976894053158,0.11380851379845715,0.09404410920621825,0.06835515300889193,0.0018408912857975912,0.23206797002375684,0.05995188053980539,0.15583166434375775,0.13094010100278708,0.09114424964638587,-0.011954893114751819,0.07424328468068753,0.11957264097109457,-0.3075353050035606,-0.010333199977817306,0.16623241055899082,0.05669950012764626,0.2741281147705609,0.2539563632764635,0.24044280602201903,-0.03976185662399444,0.17396377414311898,0.12418838831272826,-0.02620843961312272,0.08138947398755812,0.08978228937018606,0.13709664470062466,0.16248628376485266,0.01564618479545362,0.0558485144041727,0.038867936415917605,-0.0086258551071333,0.06024188443916056,0.06109760789160458,0.05304680063212367,0.1800179200109266,0.11220995085876623,0.014143696232048735,-0.03962156115207843,-0.10695780175724344,-0.07085682943892428,0.4663175294587741,0.16278637376619173,-0.19362685916788255,-0.03706142787523105,-0.25855848171216517,0.07983895834881327,-0.06631440087184412,0.0365087751545663,0.17608834798334091
0.27619928394262117,0.21063754620355488,1.9797134901963314,0.12152685571252546,-0.012708264542586249,0.297660338170378,0.11554612102258935,0.25585782277769875,0.3668330157105336,0.21857765909536958,0.1801909144041222,0.23806306602209257,0.09822131267548223,0.17141299802841653,0.19589820534233243,0.16420859103538762,0.2367308902920909,0.23189139278120982,0.22216584776796283,0.33999859296376567,0.20702413366734884,0.29369084678821905,0.23437640812313099,0.11129657133413821,0.22011311302301123,0.1981880052749831,0.12117576825177387,0.1720518380306157,0.3490468701515535,-0.36592191198227886,0.10424260893051797,0.06471411327571519,0.13183383278995203,0.22053946320030288,0.13647915710200695,0.3802191655001022,0.26319878561327364,0.1773896703621135,0.07790102077526079,-0.24135269969087939,0.3186874022819633,0.21862515253728748,0.08659508503165377,0.26825170080916927,0.0065212511881629015,0.41142296281640633,-0.00811474804848968,-0.04795955719867133,-0.2213360414521526,0.020681216884710665,0.027144953790098656,0.07394839371586609,0.09123995121153568,-0.10839444614562332,-0.002802263624267667,0.11533451866591314,-0.2108899434454936,-0.23941758617450376,0.2536416951539546
-0.004657675882807064,-0.062149225168097726,0.12152685571252546,1.0064780923822674,0.3390699259497991,0.2745022774971399,0.21539256543616714,0.16472096041490777,0.12864469815754728,0.19979646751843064,0.18785066067261158,0.24866863944479775,0.1420469870888992,0.24161845994243028,0.17418224963240067,0.20762695555618293,0.17666135497605456,0.1941766616900664,0.2305489252266156,0.16561446634750618,0.1396096485529105,0.17178829899782025,0.16043663464621583,0.1379749873631137,0.1379667188341998,0.18533623625553472,0.03723487024085107,0.13953558287966,0.17664452894990018,0.08978809321102256,0.12916192674769908,0.1589553458315442,0.10155485300611622,0.24324182196996033,0.1439342645924753,0.08284086144357448,0.17977199179158096,0.08846617359690474,0.16426082555989174,-0.00854530527640651,0.13823671587117672,0.14389053637918325,0.1072686618700002,0.27295420843470597,-0.08753334967727754,0.13146836496215927,0.16728912796654768,0.008632934452484945,0.014640188244389028,0.12717541104227723,-0.11508368334856284,0.18122417424989584,-0.11879260261139711,-0.08898958874202822,-0.0013713313547770883,-0.014961214400428092,-0.1487150596413849,0.055566219687565435,0.09573728883184861
0.07141470731312317,0.06262673526047917,-0.012708264542586249,0.3390699259497991,1.1109659599493702,0.40283138752446584,0.07910796593163218,0.2081180349897773,0.26391577628702206,0.12551894959996915,0.2055119883392441,0.255687566016687,0.16468791919863898,0.1815740480374325,0.3102131976903661,0.22082659324844017,0.15603688082809003,0.15761451817170558,0.6139144892410657,0.283365963730956,0.13109903929749903,0.20038511604791273,0.19635785845071113,0.16419944599314434,0.017579226540692387,0.18156431994426592,-0.0038319735665697935,0.0731689545487319,0.14491170725861438,-0.04168202161472674,0.10771707426682887,0.2272110745977164,0.15515914283194054,0.17321761611254619,0.006275874557861516,0.0885289879885495,0.16680352623039293,0.145939711779432,0.1337686398301242,0.05233296742091881,0.13033882845725708,0.14643728549316706,0.024537941253508878,0.05352526809293915,-0.05852487453446997,0.12369480436438257,0.0939035992564086,0.005119062519449962,0.13926686069629754,0.24736844887552764,-0.041874759622337214,0.0036903909323373106,0.0932461034382837,-0.118074773520029,-0.0575236954506877,-0.09507810838296916,-0.10289422378986311,0.015075645879987566,0.2117514875603007
0.052030424616201804,0.06750834655281775,0.297660338170378,0.2745022774971399,0.40283138752446584,0.9479823625988908,0.011871563272433475,0.3157349817291894,0.3900180824489252,0.17454073356555663,0.24759568033055918,0.2596951967428027,0.15398445476666225,0.23644983553496982,0.30346982841390313,0.1897781779281221,0.23714582731427264,0.19919081229676697,0.5425014754976459,0.3097365881587634,0.1568020526420777,0.24773530202626687,0.18445737943404697,0.1736814564246797,0.09056215551036469,0.3405329274264346,0.10037416041636019,0.18751098326621396,0.25536643551915517,-0.015743584975317103,0.12266434733419274,0.2777952800962286,0.14488387373766984,0.20986549052245101,0.05879604729046261,0.11894293628997428,0.2688852272437701,0.16345605677625283,0.11206180722154584,-0.009139649101064594,0.20274827855775096,0.1799308892341155,0.1189828987338797,0.0880321110738007,-0.028571008974925823,0.14772421030146418,0.09547023334029589,-0.010777860316437893,0.15672523138661248,-0.0019026762760670638,-0.3959400771495713,0.01565961935198827,0.014411063295075036,-0.05303707569040235,-0.06455660395337248,-0.02765438179132688,-0.09798237381763843,0.07744300322876463,0.08527956417266079
0.22898606181760758,0.20890937748095845,0.11554612102258935,0.21539256543616714,0.07910796593163218,0.011871563272433475,0.654192467897563,-0.05275374577440576,0.1957089927652167,0.11787676122314414,0.11507084738682669,0.2178511443113704,0.06674495548868965,-0.006123980544621923,0.07934955151169727,0.0799591893540989,0.14563566727817057,0.13484145126789346,0.03909063454392548,0.021755521019036324,0.07076772802644642,0.13405214886279546,0.1105088335570961,0.04529605572453973,0.10194492612055019,0.12560876583031272,0.10566494182598404,0.10404907141082119,0.13084661569956635,0.026508987670478608,0.07300010756100025,0.06296977925320146,0.04622015363240917,0.13329226437558908,0.09189718391048964,0.09613437147923878,0.09577613865529463,0.020402010648331366,0.08905142341734376,-0.010397470159583444,0.06453525145755373,0.07516939233787491,0.0700382716990629,0.08724164019842803,-0.009209096565694316,0.06560191133257669,0.0735462865062205,-0.01872785479268185,0.018941736578771882,-0.05572270748193552,-0.06592988425040085,0.11963443689771655,-0.1616270187931393,-0.02848516076432521,0.08519246067155756,0.0636992558690094,-0.05373904672898283,0.1135621346691877,-0.25218424704529346
0.05675058772231443,-0.00941008616247766,0.25585782277769875,0.16472096041490777,0.2081180349897773,0.3157349817291894,-0.05275374577440576,0.8175825013562437,0.02418582882094213,0.20107221452503046,0.237539572613703,0.1965073175458773,0.17275659549798533,0.24416744258679476,0.12040278639244485,0.1988631763625788,0.1664168252654422,0.19273375298076745,0.26804371225656265,0.2595996033818855,0.11236098228795831,0.1333380355246813,0.1276490599276634,0.08754949912941623,0.11861822046263686,0.32907629057220256,0.16879544308119598,0.015330553479665913,0.14769009300529679,0.1352483504668868,0.08390364713178224,0.05593415018965875,0.05059969162436647,0.13604659842941963,0.12228638086967564,0.14951273431311743,0.15325118402664756,0.1343046731625436,0.1269752636527979,0.03949278878909266,0.1521941220421084,0.14303917515339734,0.1328677257188889,0.07208666288709492,0.052719686691936614,0.13191185191409102,0.17534712006166162,0.005084232925171297,0.10635533281184635,0.04275660380474753,-0.11647504340927822,0.09937712014003573,-0.05558859653598644,-0.04420772668188768,-0.1196762395560459,-0.0549155195866378,0.08477886402448838,0.1431807554873517,-0.07031825956014832
0.0694538308791845,0.25412080915737717,0.3668330157105336,0.12864469815754728,0.26391577628702206,0.3900180824489252,0.1957089927652167,0.02418582882094213,0.9284421168886561,0.056266180890256,0.1374814290296209,0.22941608334322103,0.05743888542536717,0.07252924873042935,0.2895072284965631,0.08648495222799778,0.21712363997382833,0.1258356991577829,0.3281742757373393,0.20661285265721516,0.16818299437630618,0.37484355181165063,0.17674816685647118,0.16178937954371153,0.038018180131624564,0.2841510351101292,0.12620783094591728,0.22275990923494138,0.10671467354934433,0.07583795257872279,0.14427389684579386,0.24739323984110537,0.19065029657420415,0.149224095570869,0.061767497937718845,0.1844055354221747,0.1442149868062248,0.11753961416301138,0.15599283324025418,-0.022191580835889353,0.08350504365166765,0.15645072182071246,0.10824692571869839,0.0952128552482992,0.007197315787820145,0.23953354435712937,0.1012577983832223,-0.05559729308134646,0.17434747533937905,0.01646480905322592,-0.07386968479045407,0.06262760432269379,0.13634485476361344,-0.13982501001677322,-0.011970002891708024,0.10914034836702138,-0.20536664733900525,-0.011683547425273994,0.07422418313509234
0.08218140297643117,0.08154976894053158,0.21857765909536958,0.19979646751843064,0.12551894959996915,0.17454073356555663,0.11787676122314414,0.20107221452503046,0.056266180890256,0.563358840902802,0.1627883055147286,0.15292384346743487,0.1764187427759809,0.1324585210691109,0.10694272533743192,0.1471197179691367,0.14642286007702793,0.18396736813694595,0.12301822345961597,0.1348063808607054,0.10139807490160267,0.12896969989808396,0.12409120123087145,0.08234822502794323,0.11707730936739233,0.15640541840371341,0.14630167223078505,0.11267406302679825,0.1989882568441754,0.008354088102620604,0.08169047361768787,0.10220940415454828,0.038649508545086676,0.20580475920026867,0.11702498653364105,0.1373012922319816,0.1362920883352871,0.07707765226252788,0.10069203058110925,0.0372778682639499,0.14267303138712212,0.11676098898444585,0.07963844040996797,0.11444598127076704,-0.01685472531960216,0.08980130037474247,0.16303342400728715,-0.00918127109929159,0.030471925078466668,-0.057302969960236816,-0.030903265364897525,-0.09668927576189562,-0.017158971559142266,0.02413043369548224,0.023622174812705177,0.07372850069270612,-0.06337669222338102,-0.05802902984222066,0.03131409452175206
0.06926033108227025,0.11380851379845715,0.1801909144041222,0.18785066067261158,0.2055119883392441,0.24759568033055918,0.11507084738682669,0.237539572613703,0.1374814290296209,0.1627883055147286,0.3979545446978119,0.22818880203873965,0.21100358925897997,0.14173417420384235,0.22462091816722715,0.17489637723837081,0.2345089768933735,0.15664347836715647,0.21493226231195733,0.22167031681135035,0.11119371238214983,0.1657870093117084,0.16823266551364843,0.10353768747809097,0.10276945543962317,0.2128084471317699,0.16813688731433493,0.19494293134236992,0.17478397000803278,0.01615651141326472,0.07493065116750476,0.11532478359065088,0.079061169903972,0.128123997428683,0.08863770480180873,0.1503072471528717,0.14135284520178676,0.11619925205761321,0.11723950883448009,0.03977826338144041,0.13381267024700053,0.13132287087674394,0.09177165558235953,0.023710194109659445,0.03483462255491069,0.11906726481684418,0.11901156050388416,-0.0086245235448037,0.08391379492406106,0.028252006978371665,-0.0590577976475429,-0.0006942901854135363,0.06354257909964801,-0.04597603913596319,-0.055609042453549945,0.015268102253208923,-0.061350718983799964,0.07159740206575214,-0.012701423937006032
0.1087383480461082,0.09404410920621825,0.23806306602209257,0.24866863944479775,0.255687566016687,0.2596951967428027,0.2178511443113704,0.1965073175458773,0.22941608334322103,0.15292384346743487,0.22818880203873965,0.5844553662154061,0.09004529865290702,0.16216293677681115,0.19907374787318868,0.19386388248764816,0.21903750354679247,0.21238884749757708,0.2636907684105817,0.23028803100452583,0.1513740189614725,0.19213033697963747,0.20923783318276604,0.09690480222757877,0.13819540509955622,0.2452519098115153,0.15281124862583753,0.028005902306040307,0.21523603327831486,-0.008052075945409841,0.06587744255275904,0.09147448452819838,0.08940940453114017,0.16295814525992058,0.12327864921871375,0.19321034084256333,0.1515895450275227,0.12215820261632901,0.1615424868194616,0.03307228127851455,0.1464988887078781,0.16285413231675208,0.09166799439159073,0.027279458984562507,0.06212295328088182,0.14403572804659595,0.13625175172486043,-0.006440875889148969,0.09970822518334017,0.048500630150614225,-0.07148023646180401,0.10940041094014356,-0.029056671285426865,-0.06986212126214301,0.03693139581319536,0.019657671490495694,-0.21666147587605275,0.07624702982642421,-0.03533362343190288
0.056348243323645464,0.06835515300889193,0.09822131267548223,0.1420469870888992,0.16468791919863898,0.15398445476666225,0.06674495548868965,0.17275659549798533,0.05743888542536717,0.1764187427759809,0.21100358925897997,0.09004529865290702,0.37655901483244175,0.1405117666819847,0.07257548809760446,0.16892629200523948,0.11594070306877687,0.12477145976763625,0.12841134699792725,0.10339312592427222,0.08940105608829577,0.15073121281556146,0.12077745326707105,0.0901398158170146,0.07827334232743403,0.15508022910795916,0.10148731978693132,0.1018351943198139,0.1411278894564702,0.08529765924333703,0.048847970133723585,0.06363947271184457,0.06802988285384134,0.10076032232793841,0.09521160796177053,0.09649386718797678,0.09997570846287218,0.05675131621534724,0.08556490539855921,0.011849878310321185,0.12061309850204281,0.09607733825968724,0.08008424027715023,0.08243589752729749,-0.04276872044702489,0.09557468140370098,0.11494653343907466,-0.0109782210154247,0.0743222091132568,0.043553001150961904,-0.03003323218513725,-0.07833058485912028,0.05556117068565189,-0.04172543975764841,-0.017567004552060225,-0.04361778107109266,-0.06793859632490856,0.06150746030032038,0.059790930867073
0.1380654791398677,0.0018408912857975912,0.17141299802841653,0.24161845994243028,0.1815740480374325,0.23644983553496982,-0.006123980544621923,0.24416744258679476,0.07252924873042935,0.1324585210691109,0.14173417420384235,0.16216293677681115,0.1405117666819847,0.5656418802413055,0.1406413143680825,0.2678403032703554,0.1133175047997198,0.11371661050774134,0.19896397854919162,0.18878973899426188,0.09574780509026909,0.15067669204201836,0.12462668322223298,0.10265843725218775,0.18019819888908123,0.19909734826557984,-0.003525431339004357,0.10457029153980102,0.10966247191176302,0.09344839448976336,0.07171516629430823,0.06609779593318811,0.11226133487706208,0.07766777902117383,0.1409186467071899,0.0165034023797268,0.16193249910473667,0.09543994663160991,0.052793201677196894,0.007376620031996235,0.16796107220736406,0.11516769013720424,0.1045054388254185,0.15819628656461776,-0.016007821566105498,0.10326358601554345,0.13610005935315206,0.005020281978049915,0.14572428704871096,-0.01273742690291709,-0.004430020410791458,-0.009310866711032165,0.01719912071963953,0.01502197641358603,-0.07892020243699305,0.002013661267183874,-0.09144592732418105,0.0543773549155698,0.13105589427454659
0.06390263983272745,0.23206797002375684,0.19589820534233243,0.17418224963240067,0.3102131976903661,0.30346982841390313,0.07934955151169727,0.12040278639244485,0.2895072284965631,0.10694272533743192,0.22462091816722715,0.19907374787318868,0.07257548809760446,0.1406413143680825,0.6852282654615064,0.12009058644403352,0.23922200605697122,0.11916636049610721,0.36040789957874647,0.24808527849549758,0.11075803764874972,0.15597714593797618,0.17704163716676447,0.11245099420365562,0.12003331883663444,0.1829193547908688,0.15483055643095098,0.2876348961455001,0.17874016157200182,0.03947447855955788,0.07692446671654503,0.13235963945445403,0.12068407964396674,0.1373850118539379,0.07701048739860952,0.12754367992829174,0.189239399941254,0.123292150925882,0.09600444633201385,0.014088585672731647,0.1385946975840179,0.12634466875632896,0.12411115410860682,0.01755380852050938,0.02468491340224557,0.13252243502001523,0.10524033590227541,0.0044217886384547095,0.11470044154545699,0.1945378149002077,-0.12195445984920034,0.32077314013886565,-0.1697596566377553,-0.08141074839274538,-0.051676684245145994,0.08750974177966665,-0.16461853256368825,0.07342433374157903,0.04107842470460825
0.09062345321605074,0.05995188053980539,0.16420859103538762,0.20762695555618293,0.22082659324844017,0.1897781779281221,0.0799591893540989,0.1988631763625788,0.08648495222799778,0.1471197179691367,0.17489637723837081,0.19386388248764816,0.16892629200523948,0.2678403032703554,0.12009058644403352,0.5808939123166084,0.17320770823503562,0.15839212685540752,0.2341642216655811,0.15681011999232644,0.11867969184537726,0.27639261855501257,0.13606213915385548,0.12713324643708193,0.1566209777208443,0.1548054870281759,0.07373783879685897,0.14847421497041666,0.17345679695436064,0.13665653425022897,0.1141677233485411,0.15943616225541363,0.0784504039481375,0.1506052092359342,0.1755796539173605,0.08848678579033997,0.11795519939301737,0.08226455484207533,0.13523614298290706,0.03429390141856277,0.1360740216166516,0.15289638145544598,0.13740465905945926,0.20312825705946122,-0.03136741226068239,0.15439986671794145,0.1759899726596361,-0.036086213143439204,0.11374887652722003,-0.003482230382819659,-0.03420765249665023,0.09455198578139784,0.07429042868172277,-0.038060584302695655,-0.017058791975661673,-0.006089967595561728,-0.12254130530777431,0.04990733020822211,0.08988591829898
0.029385449505013105,0.15583166434375775,0.2367308902920909,0.17666135497605456,0.15603688082809003,0.23714582731427264,0.14563566727817057,0.1664168252654422,0.21712363997382833,0.14642286007702793,0.2345089768933735,0.21903750354679247,0.11594070306877687,0.1133175047997198,0.23922200605697122,0.17320770823503562,0.6662227038412497,0.11324422900118716,0.23061743798013842,0.3104093539990349,0.16766869932806897,0.22152262884845839,0.15093210579022304,0.15519884075665252,0.15848748638787244,0.15633920667394138,0.19864640531417949,0.6216893491105436,0.18830724870977608,0.07099671381542459,0.14189344435705564,0.18342144069695912,0.13352710022871048,0.179973852714237,0.1274207946972191,0.193510332131937,0.30184027191826474,0.16167391823430535,0.20371935552096151,0.034677781240415234,0.20708926813196687,0.21967469267043196,0.12269547674428669,0.07798575522721288,0.1153401461998064,0.16971583454705352,0.1671241466550184,0.004861562839458901,0.083419656986298,0.011813678596197728,-0.02765617442824514,0.03019241022922186,-0.0706179785309603,-0.08907365438475884,-0.0801019286134293,-5.644467120900963e-5,-0.152005596864382,0.04052732623459202,0.12438108959304871
0.11750951390355374,0.13094010100278708,0.23189139278120982,0.1941766616900664,0.15761451817170558,0.19919081229676697,0.13484145126789346,0.19273375298076745,0.1258356991577829,0.18396736813694595,0.15664347836715647,0.21238884749757708,0.12477145976763625,0.11371661050774134,0.11916636049610721,0.15839212685540752,0.11324422900118716,0.8669289123154164,0.22777640600454063,0.06600206179248669,0.1657486770189041,0.14589359843783717,0.4513834242660552,0.10571790964300125,0.1171860148279582,0.2917980149563476,0.03127164508914668,0.11011338398709375,0.17274468543101637,-0.027657614814853283,0.29568104087599106,0.0833567031926015,0.17318120882049184,0.17409054428952275,0.16018475757220066,0.0670332728066133,0.25771281154727965,0.04215908882072291,0.0569711107529383,0.014442585716863656,0.11366004369890771,0.1526792290929396,0.1366942187069095,0.06405514641407126,0.031805102222906424,0.17085468098024123,0.3751680223126626,-0.0199063572255513,-0.13599600750790297,-0.11115518001018372,0.23654587643182665,-0.19100017554182627,-0.2382771820344314,-0.04631924878528821,0.0561027320151835,-0.009030473229226428,-0.06266334173546978,0.16792146021029297,-0.16208079014960655
0.05648446378198633,0.09114424964638587,0.22216584776796283,0.2305489252266156,0.6139144892410657,0.5425014754976459,0.03909063454392548,0.26804371225656265,0.3281742757373393,0.12301822345961597,0.21493226231195733,0.2636907684105817,0.12841134699792725,0.19896397854919162,0.36040789957874647,0.2341642216655811,0.23061743798013842,0.22777640600454063,1.2625218615876577,0.5107666422773841,0.17074586166780845,0.23952567023343893,0.14593338933337058,0.1328388184215298,0.08785605161320809,0.20439132372417707,0.02116599905167723,0.13806017053581368,0.13629387971251736,-0.0425075149423603,0.17257918747742956,0.15577535050669633,0.1662585324946172,0.17206514323037514,0.027055069072557423,0.11369958127557238,0.16198073727767823,0.2552534419331121,0.10348226703890574,0.05964854960727706,0.1431666068790081,0.18579951374865392,0.12182427911717467,0.07212270525870261,0.07783192168812632,0.2207564390790049,0.12305030054667834,0.00300654893105214,0.07029651094731591,0.18515896822530878,0.3549667467414669,0.42337929753005693,-0.39336308422334954,-0.1762883912717816,-0.10499790307310848,-0.04300975677757728,-0.11377587241695716,0.12082926415649357,0.09216836978363298
0.034016434042007826,-0.011954893114751819,0.33999859296376567,0.16561446634750618,0.283365963730956,0.3097365881587634,0.021755521019036324,0.2595996033818855,0.20661285265721516,0.1348063808607054,0.22167031681135035,0.23028803100452583,0.10339312592427222,0.18878973899426188,0.24808527849549758,0.15681011999232644,0.3104093539990349,0.06600206179248669,0.5107666422773841,1.6665329681377563,0.20122789296669472,0.199684475839673,0.28695527175746116,0.17885600140002195,0.1925731890125097,0.28355494871911047,0.17875174372031327,0.15776982023705366,0.37539440242097444,-0.021828792514816855,-0.07322090960791426,0.17063465222734742,-0.05138065102885934,0.2991362693436165,0.07051921496100931,0.1706291458029954,0.3739328594920868,0.7670125812939099,0.10414598268713564,0.2840128739156825,0.09996622399309059,0.2833336892202417,0.3357615716384398,-0.25493252958479123,0.5782611441379003,0.22941087692830575,0.1666514482395797,0.026883375432318977,0.26947457731255625,0.050480988000629376,0.09245980171019584,0.16909219357388713,0.08162690250248425,-0.09327326889862797,-0.09948145097949526,-0.03711026357652779,-0.1780538830973133,0.08650984506857957,0.1560907764108167
0.042931970523898584,0.07424328468068753,0.20702413366734884,0.1396096485529105,0.13109903929749903,0.1568020526420777,0.07076772802644642,0.11236098228795831,0.16818299437630618,0.10139807490160267,0.11119371238214983,0.1513740189614725,0.08940105608829577,0.09574780509026909,0.11075803764874972,0.11867969184537726,0.16766869932806897,0.1657486770189041,0.17074586166780845,0.20122789296669472,0.4884842606163507,0.18365869940293805,0.10747307064713507,0.16816384452721106,0.058462760024015334,0.047500708765263286,0.04680401052412576,0.010026018859081436,0.11511898615840574,0.12718093638590514,0.2545551653068328,0.17411539439676482,0.23834800217605362,0.06804074509761143,0.16358143181764126,0.14039582479862395,0.2883347319072758,0.11407649041499714,0.33181649359689824,0.09014942964031782,0.11724561743684692,0.33171043663024674,0.1816582341366808,0.17757203730232363,0.285327429502681,0.19118591437726482,0.22343418004603388,0.050903327692442116,0.06215362464309875,0.12232679518275603,-0.03072891870173521,0.03298999226335246,0.04579891357436956,-0.10191432133418787,0.013642512246616043,0.009545460197901423,-0.28489423997635643,0.075123602520513,0.1657584107966153
0.08655626856981027,0.11957264097109457,0.29369084678821905,0.17178829899782025,0.20038511604791273,0.24773530202626687,0.13405214886279546,0.1333380355246813,0.37484355181165063,0.12896969989808396,0.1657870093117084,0.19213033697963747,0.15073121281556146,0.15067669204201836,0.15597714593797618,0.27639261855501257,0.22152262884845839,0.14589359843783717,0.23952567023343893,0.199684475839673,0.18365869940293805,0.7926288103287507,0.2367225724224321,0.16961105813756308,0.12200450220862999,0.1708958467258791,0.13122461885234638,0.14917110631587888,0.21092997334572525,0.13240494926860874,0.09020272090908904,0.17014475245857633,0.2084033406903912,0.14206818345056488,0.09376735885374621,0.24569982089523243,0.11329433065270343,0.11428480139968744,0.19079984035539246,0.017053394302266496,0.18751564520485844,0.1966927735760702,0.1682159100034984,0.23431661345505836,-0.10925013324419322,0.3262243495842588,0.1451908982407027,-0.1725355005412188,0.38557258425623664,0.05802750500930386,-0.057571586330241786,0.04688156553023887,0.12388183203769693,-0.11485485542251332,-0.030084367228144712,0.03170606774412811,-0.14673011734785418,0.007798023337547634,0.10206039833016557
0.09225426667707885,-0.3075353050035606,0.23437640812313099,0.16043663464621583,0.19635785845071113,0.18445737943404697,0.1105088335570961,0.1276490599276634,0.17674816685647118,0.12409120123087145,0.16823266551364843,0.20923783318276604,0.12077745326707105,0.12462668322223298,0.17704163716676447,0.13606213915385548,0.15093210579022304,0.4513834242660552,0.14593338933337058,0.28695527175746116,0.10747307064713507,0.2367225724224321,1.7113017639428656,0.231410412020107,0.15316770317569475,0.13264780101423243,0.07632747372932322,0.06908314893935773,0.42101526896625907,0.020929967829541693,-0.29277871210510703,-0.14768001608256498,0.33476250029341836,0.23529169569145136,0.02688616717506151,0.2548202848442268,0.3416970237993808,0.12016285882803132,0.04902471532091152,-0.06403102593745078,0.49066907564636675,0.14243140298657808,0.03749602268205615,-0.12098760239884716,-0.36936250584214575,0.159061456680811,0.29040714978644183,0.013620057819173133,0.3459801220321026,0.048223662465778576,-0.2699042396344048,-0.09198856331280944,0.1535139620634691,-0.08660772389291119,0.09613557114864385,-0.04461942764779252,-0.21520500576665794,-0.011654619162800924,0.1431973883004463
0.00816693230431064,-0.010333199977817306,0.11129657133413821,0.1379749873631137,0.16419944599314434,0.1736814564246797,0.04529605572453973,0.08754949912941623,0.16178937954371153,0.08234822502794323,0.10353768747809097,0.09690480222757877,0.0901398158170146,0.10265843725218775,0.11245099420365562,0.12713324643708193,0.15519884075665252,0.10571790964300125,0.1328388184215298,0.17885600140002195,0.16816384452721106,0.16961105813756308,0.231410412020107,0.6357290551837305,0.07049879366690244,0.03245053707691077,0.03685144931796314,0.1905649932622198,0.07819637860094936,0.43924349338020185,0.2874179297523426,0.6358829769034109,0.4434714172041639,0.2027776390926482,0.13377871400128885,0.08779603516436289,0.35397729654740484,0.11439137285674511,0.15748723365664452,-0.02773507820258776,0.036697305778952145,0.17172595497215756,0.05403313898994977,0.10895658690233531,-0.04579600978509463,0.24361602036629035,0.3054574180004708,0.023275135178539495,0.014121594511990203,0.07183912205788633,-0.1542087760641017,0.06196877298360308,0.1625941327902592,-0.13184519419711707,0.03516233562641852,-0.05097281401619875,-0.050027432228068186,-0.3041552378830686,0.36260756543706435
0.13902793443909198,0.16623241055899082,0.22011311302301123,0.1379667188341998,0.017579226540692387,0.09056215551036469,0.10194492612055019,0.11861822046263686,0.038018180131624564,0.11707730936739233,0.10276945543962317,0.13819540509955622,0.07827334232743403,0.18019819888908123,0.12003331883663444,0.1566209777208443,0.15848748638787244,0.1171860148279582,0.08785605161320809,0.1925731890125097,0.058462760024015334,0.12200450220862999,0.15316770317569475,0.07049879366690244,1.781686205000799,0.05312374921096181,0.11819734671460097,-0.012551636555340698,0.7676760466373389,0.24355381056938818,0.005676386322297285,-0.04629224268197114,-0.04685540786293168,0.3544235495712279,0.4602130404979939,0.10594503132167674,0.18794077786610608,0.10600593717043862,0.20457042642738063,0.00010948736810270238,0.1348073421651757,0.11858673009401371,0.19970352633851363,0.3236885650335249,-0.018825113270963884,0.3117401004692917,0.23491367161402874,-0.03212273798465362,-0.19113173742860606,0.10803382253310018,0.013980376972078433,0.252558944817487,-0.006105933905877755,-0.03464832319689255,-0.0005511510707106479,0.05343576856391992,0.033783937912526804,-0.015517772036767288,-0.08806625822948776
0.05569585187958057,0.05669950012764626,0.1981880052749831,0.18533623625553472,0.18156431994426592,0.3405329274264346,0.12560876583031272,0.32907629057220256,0.2841510351101292,0.15640541840371341,0.2128084471317699,0.2452519098115153,0.15508022910795916,0.19909734826557984,0.1829193547908688,0.1548054870281759,0.15633920667394138,0.2917980149563476,0.20439132372417707,0.28355494871911047,0.047500708765263286,0.1708958467258791,0.13264780101423243,0.03245053707691077,0.05312374921096181,1.706494237201005,0.12780345434430537,0.23548476082793243,-0.077985628285501,0.014360587743457725,0.10831272002140974,0.24463092639129566,-0.011198209648002845,0.1916414841316291,0.08906840311661342,0.08714577344779659,-0.0773046539896969,0.1423995268407141,-0.503812211787866,-0.0021314741232845674,0.040311093463473294,0.1472654611362562,0.19701658148906262,-0.16726944482744882,0.027304199602249942,0.11537076601804211,0.10482052316436698,-0.07009818435379848,-0.046804578279424365,-0.2580961209839925,-0.24124866566477526,-0.10119427799522618,-0.2865729723134953,0.040199626194209505,-0.034538250180429095,0.016579798571495795,-0.05182960986887703,0.15677358743546405,-0.099545619331488
0.051762224809175784,0.2741281147705609,0.12117576825177387,0.03723487024085107,-0.0038319735665697935,0.10037416041636019,0.10566494182598404,0.16879544308119598,0.12620783094591728,0.14630167223078505,0.16813688731433493,0.15281124862583753,0.10148731978693132,-0.003525431339004357,0.15483055643095098,0.07373783879685897,0.19864640531417949,0.03127164508914668,0.02116599905167723,0.17875174372031327,0.04680401052412576,0.13122461885234638,0.07632747372932322,0.03685144931796314,0.11819734671460097,0.12780345434430537,1.1933650100221413,0.28940848100802585,0.19596397935584645,-0.10129284148088258,0.012896645737420075,0.09008572658944514,-0.0767906676791223,0.10522252824858229,0.08744896530230961,0.46359494962171804,0.12188017458780691,0.11421606403926737,0.04374856613544234,0.18854914190423722,0.18256085890545293,0.10765213792905691,0.39196710621118425,-0.28324776706113214,0.2419022199725082,0.014979535960386639,-0.018868963994745285,-0.010275029408741587,0.1347399390115341,-0.05254943295841242,-0.24382476070731515,0.12252209056782894,0.01761339438827113,0.05606542633209402,0.027632611841564816,0.021305053069550346,0.03418635529527894,0.21594328005837823,-0.2545616777514549
-0.0320658738884176,0.2539563632764635,0.1720518380306157,0.13953558287966,0.0731689545487319,0.18751098326621396,0.10404907141082119,0.015330553479665913,0.22275990923494138,0.11267406302679825,0.19494293134236992,0.028005902306040307,0.1018351943198139,0.10457029153980102,0.2876348961455001,0.14847421497041666,0.6216893491105436,0.11011338398709375,0.13806017053581368,0.15776982023705366,0.010026018859081436,0.14917110631587888,0.06908314893935773,0.1905649932622198,-0.012551636555340698,0.23548476082793243,0.28940848100802585,2.8761765580700196,-0.12987311576493293,0.002073352192908135,0.25958064288804417,0.38892410095844687,0.14998762682543149,0.2025304585226498,0.07173194099110944,0.02820119597319044,0.3034947882977221,0.09323516269185818,0.07659547880401006,-0.007700734525462997,0.1694810963237119,-0.04082651885997161,0.1982051249033927,0.15107832727479328,-0.1038016723690037,0.06931081984949378,0.09895666226493223,0.018166071954226523,0.10047314563964896,-0.14523663357651556,-0.020569363500310748,0.06256780238536436,-0.13744203008035405,-0.04743012069718551,0.14804918179414123,0.03764471200055257,-0.06123250580529476,-0.04811284207465777,0.2595678416561757
0.10421179610281882,0.24044280602201903,0.3490468701515535,0.17664452894990018,0.14491170725861438,0.25536643551915517,0.13084661569956635,0.14769009300529679,0.10671467354934433,0.1989882568441754,0.17478397000803278,0.21523603327831486,0.1411278894564702,0.10966247191176302,0.17874016157200182,0.17345679695436064,0.18830724870977608,0.17274468543101637,0.13629387971251736,0.37539440242097444,0.11511898615840574,0.21092997334572525,0.42101526896625907,0.07819637860094936,0.7676760466373389,-0.077985628285501,0.19596397935584645,-0.12987311576493293,2.707834573100444,-0.18020713717682824,-0.4523246748873162,0.15027627627326845,-0.3289526572073915,0.7121290328297143,0.2882412230377449,0.5200965582920108,-0.20931173227666697,0.15236171503441484,0.2871083479268137,0.09137469242406615,0.4767736705418793,0.15447528942372368,0.03439387984808361,-0.03731399208536265,-0.48462475438434865,0.2439913043327327,0.16625947981056308,-0.09648814178139792,0.3591787959988844,0.1417433603660561,-0.5037496452452844,0.2832706655321644,-0.13975982801811557,0.026582911386685303,-0.056142565000525,0.013369377540762546,-0.22560096448587075,0.08140716820532799,0.10715514959330023
-0.04378609162533363,-0.03976185662399444,-0.36592191198227886,0.08978809321102256,-0.04168202161472674,-0.015743584975317103,0.026508987670478608,0.1352483504668868,0.07583795257872279,0.008354088102620604,0.01615651141326472,-0.008052075945409841,0.08529765924333703,0.09344839448976336,0.03947447855955788,0.13665653425022897,0.07099671381542459,-0.027657614814853283,-0.0425075149423603,-0.021828792514816855,0.12718093638590514,0.13240494926860874,0.020929967829541693,0.43924349338020185,0.24355381056938818,0.014360587743457725,-0.10129284148088258,0.002073352192908135,-0.18020713717682824,2.5996765562684683,0.3651937027350702,0.5571974354498512,0.13905803920698442,0.03849886863553728,0.5015912658740486,0.07394999242853513,0.21974115697560362,0.010225060708282854,0.4481179564112007,-0.10560395103810072,-0.08276813717060155,0.09937187535187493,0.2973017415187192,0.5221948920613358,0.19961466940974487,0.4702827526864872,1.0216484028822475,-0.041044830734054065,-0.18973198500212296,0.06619719756459286,-0.08086470349502972,0.14205871698229938,0.10141744472313999,-0.12703165466115046,0.06451320483253058,-0.1517920758455821,-0.12130450698365436,-0.05032112062761861,0.18887859101703816
0.05268487883536406,0.17396377414311898,0.10424260893051797,0.12916192674769908,0.10771707426682887,0.12266434733419274,0.07300010756100025,0.08390364713178224,0.14427389684579386,0.08169047361768787,0.07493065116750476,0.06587744255275904,0.048847970133723585,0.07171516629430823,0.07692446671654503,0.1141677233485411,0.14189344435705564,0.29568104087599106,0.17257918747742956,-0.07322090960791426,0.2545551653068328,0.09020272090908904,-0.29277871210510703,0.2874179297523426,0.005676386322297285,0.10831272002140974,0.012896645737420075,0.25958064288804417,-0.4523246748873162,0.3651937027350702,1.75356841049871,0.7106753973039796,0.26141843575825696,0.15015999716455516,0.5037964805800446,-0.09891808477555016,0.2276747203790559,0.026768272288573446,0.23062695980616582,0.03572747528948577,-0.4395100850540849,0.18482238460265155,0.14385793605556227,0.48500391460892495,0.3774988807444905,0.28359245805467237,0.3680794701501564,-0.017415180394487428,-0.733887466720109,-0.05457313363962658,0.3028813075750176,0.032847185169236265,-0.10534729353182355,-0.11417128731030285,0.06866702130725237,0.046937465794258844,0.21431316241593254,-0.17928569752956733,-0.10535570312502385
-0.03646786886542838,0.12418838831272826,0.06471411327571519,0.1589553458315442,0.2272110745977164,0.2777952800962286,0.06296977925320146,0.05593415018965875,0.24739323984110537,0.10220940415454828,0.11532478359065088,0.09147448452819838,0.06363947271184457,0.06609779593318811,0.13235963945445403,0.15943616225541363,0.18342144069695912,0.0833567031926015,0.15577535050669633,0.17063465222734742,0.17411539439676482,0.17014475245857633,-0.14768001608256498,0.6358829769034109,-0.04629224268197114,0.24463092639129566,0.09008572658944514,0.38892410095844687,0.15027627627326845,0.5571974354498512,0.7106753973039796,2.5797482026905647,-0.024157465355677244,0.43604141755431625,-0.3614694296681084,0.05876167550177553,-0.13486568905459564,0.13475515036056973,0.13969227968410863,0.03804279420347568,-0.448416421630754,0.15263873938100092,0.05042140909731451,0.04194876853802821,0.1662246560478902,0.39474480795679073,0.4373527175473179,-0.1081457604928523,-0.3341593195901726,-0.12818382114289123,-0.03994475163929734,0.09459744049389744,0.1106403599657592,-0.1399706895379594,-0.11143496544916849,0.17142572836328165,-0.07303113832463073,-0.2505718024998802,0.21806010406006826
0.06523608130124191,-0.02620843961312272,0.13183383278995203,0.10155485300611622,0.15515914283194054,0.14488387373766984,0.04622015363240917,0.05059969162436647,0.19065029657420415,0.038649508545086676,0.079061169903972,0.08940940453114017,0.06802988285384134,0.11226133487706208,0.12068407964396674,0.0784504039481375,0.13352710022871048,0.17318120882049184,0.1662585324946172,-0.05138065102885934,0.23834800217605362,0.2084033406903912,0.33476250029341836,0.4434714172041639,-0.04685540786293168,-0.011198209648002845,-0.0767906676791223,0.14998762682543149,-0.3289526572073915,0.13905803920698442,0.26141843575825696,-0.024157465355677244,1.7443298502070315,-0.34987157295475574,-0.09338783919951629,-0.2369433493843269,0.8032663021424601,0.01122845437986694,-0.09873468079481572,-0.21161844843997105,0.015437493617110987,0.23303632610271785,0.0865501943588876,0.008980088726204436,-0.2266745524881619,0.1532539964026793,0.22309774397230162,0.16056337566014078,0.1810799651542761,0.1717505542708424,-0.26834805269604606,0.037945760029236435,0.15474873765777103,-0.2048150651548024,0.19971910277656116,-0.030439552763115902,-0.1426890820953402,-0.1603149347006748,0.20566593277942
