5.959875969970245,0.8331099898920561,1.0240316247473658,1.543931536908469,2.3344142517468374,1.7702336558925116,2.012847207657458,1.6359471706385023,1.5099774771185375,1.8038779635225861,1.6813039259161235,1.762523436164448,1.7252823891297975,1.7188719042450509,1.7359971558025489,1.627058629557018,1.2982565296706834,1.7065391715950113,1.4736617482968382,1.54780647053037,1.2936297802875114,1.3503268277540346,0.7517767351147526,1.4253516515850564,1.6668897173017263,1.3650466544655255,1.6161865060527374,0.9491074428385768,1.6769891385837281,1.3960936617267676,1.4401348088100707,1.6416859056316546,1.1277948057613114,1.3271424264217306,0.6919274649172334,1.997979687551537,0.9219429321530043,0.9746180149068154,1.7755727603052631,1.4653297394109988,1.4874454087996047,1.258736723267963,1.5585818981870911,0.33210207742063946,1.3830436553327365,-0.4546228930036782,0.95996650712711,0.7777446365375095,2.844063432469652
0.8331099898920561,2.77789821485429,0.4515131466685259,0.39920124903201004,0.6556444102867167,0.9923551472966533,0.32283623404175926,0.5101438705270324,0.4281526106383249,0.4547736137594115,0.3689269317129871,0.4483827083779817,0.38510432410030504,0.3602987708488625,0.3163048608505301,0.3227321895031933,0.22495748181219719,0.46107548989011976,-0.0589719318314266,0.5009474187887748,0.4334057396240369,0.30467695560399666,0.17916976947802193,0.27615741530743315,0.2820218134923288,0.5035343764327707,0.34409608718780516,0.13669383627000728,0.31062435401267974,0.20405986746043983,0.27226044604834865,0.3804287569760283,0.10719873666487276,0.3921367399288508,0.17875694861145563,0.3519567161033057,0.1638505340602344,0.27356470249953563,0.29040794824573907,0.3646661301372339,0.2970742717812152,0.37663094927246665,0.40104033633584457,0.04816332188090177,0.5438126700250626,-0.045720937429967114,0.8565663399439597,0.17126616074433498,0.9868855279838546
1.0240316247473658,0.4515131466685259,4.144144576803616,0.6129642276602124,0.3887637291627267,1.0804922440352853,0.7466294594283579,1.2084042419307122,1.2384414245372297,0.9994960370117424,0.9144539332077745,0.8848243269521398,0.9479015820915492,0.794338999759975,0.9436648281838079,0.7798423547724898,0.8586376793548178,0.9429941913154968,1.0768497797472625,0.8137233360862068,0.6755160866899619,0.6645532683375687,0.07961816541580517,0.8488137784407401,0.5612161639107277,0.8194637330752134,1.0721346930623006,0.6692575813121807,0.6346730257250063,0.7273858674210792,0.6952875054965044,0.7904120205056608,0.6469035620841627,0.7625913191878818,0.6588118015595253,0.8857388730200595,0.48453732219646783,0.4870977695802763,1.0504788053410838,0.9065683541171138,0.8022540495412764,0.6671080976500515,0.8936052333738228,0.08692747075384895,0.9022529236544118,-0.20275179941333737,0.9473443097854093,0.4506926816077789,1.8361902782918786
1.543931536908469,0.39920124903201004,0.6129642276602124,1.497994942932629,1.639925839054836,1.2839576345518204,1.0288640795074109,1.0297471983790791,0.9535099115142376,1.08901125701932,0.9948367386518421,1.0353756177183309,1.017643359327494,0.9560602619885897,0.9604955431096055,0.9528888132368852,0.8046890405668917,1.0403670309962212,0.7691872317589975,0.9182378539593179,0.7270645065270719,0.7379889376832124,0.435960237311706,0.904927326070649,0.7913702477929072,0.8645951434963247,0.9629054571602593,0.5417279928948772,0.837174418828971,0.697368540586916,0.802212369392776,0.9536236685357034,0.6062141473695748,1.0193700880740386,0.39312928943090236,1.1072791896515117,0.5098398588366919,0.5607563029634864,1.021457165225074,0.8800118866721357,0.8220861873684665,0.7308786838905513,1.0035052263198372,0.23272037062385145,0.9124827138381129,-0.2809078961530389,0.8961021089103712,0.4988206167923246,1.7798344098785157
2.3344142517468374,0.6556444102867167,0.3887637291627267,1.639925839054836,2.972333438826206,1.7219537107262697,1.2925711132524855,1.2668464166827924,1.1964371021727578,1.3942949728127156,1.2887360263077312,1.346963344482278,1.3111558236357543,1.2467634219012929,1.2746191477666706,1.2510356107828884,0.9955915705265398,1.291044900881633,1.0261558433995421,1.1790024394796517,0.9618063600852934,0.9651393694407082,0.6287940000635315,1.1586639789001465,1.052596554979448,1.101505735617259,1.2259084131042346,0.6527276384401604,1.1412388399037374,0.8820631417845798,1.046120136263768,1.2455976694750723,0.7788797507774572,1.3761470880211943,0.4060821644275194,1.4642768585768646,0.6983698709693116,0.7324023718550889,1.3236355445917514,1.134735571078637,1.05846793899743,0.9582698500766086,1.3093905347238874,0.3070628756756944,1.2018829656468242,-0.39088385705856377,1.1763544381883606,0.6684086193612587,2.3292696741286534
1.7702336558925116,0.9923551472966533,1.0804922440352853,1.2839576345518204,1.7219537107262697,2.0817950351758934,1.0173991572292487,1.263727392745312,1.20785010811614,1.241066035316012,1.1663165321586288,1.1597215524725133,1.1778651923339714,1.0742803524394697,1.0616034721931358,1.0657633360705543,0.9589980255980033,1.1916055318904233,1.0519472585798895,1.107338725952769,0.8852925120006042,0.8946658734894499,0.39696711812077823,1.0152854179177402,0.9328630451474562,1.0535742015040812,1.1681650805341923,0.6416239128727435,0.980463073531059,0.7878786990731049,0.9123914883831098,1.0802270011941792,0.692253348267939,1.1445524150858095,0.5067078666988974,1.19659437057542,0.668627712587356,0.6764956484015675,1.1942713227132868,1.0756314070967339,0.937537215862933,0.8707226291139514,1.1673494272120404,0.21275326416812632,1.1995456148908297,-0.24583906575861986,1.4770269544812424,0.5510255767209625,2.1900941921433037
2.012847207657458,0.32283623404175926,0.7466294594283579,1.0288640795074109,1.2925711132524855,1.0173991572292487,1.4496797033736644,0.9416044189322272,1.0490999317769982,1.0731182095618574,1.049306682010882,1.1162316651724888,1.0688096670634317,0.9486635255707483,0.9762974265244176,0.9834997907334425,0.8450517832365465,1.0192988075880487,0.868916135179235,0.9189718710512392,0.7570182098481336,0.7612650123041523,0.40344452357862326,0.8980433213654272,0.8544971738529388,0.8558413784610547,1.0382269251629743,0.6179558879410242,0.8588821523559601,0.7964798998540433,0.8653661417821769,0.9567270577395681,0.6599968491818465,0.9407633707062374,0.494588062562289,1.2014900803850435,0.5016657354701091,0.5678831798860325,1.1014573450927552,0.8966816298829412,0.9206037041857968,0.7535631407014052,0.9900238879721286,0.21547081662723958,0.8344475781377657,-0.35892840366666484,0.37341926724649865,0.5347789052005634,1.7231469349682684
1.6359471706385023,0.5101438705270324,1.2084042419307122,1.0297471983790791,1.2668464166827924,1.263727392745312,0.9416044189322272,1.6809901552561297,1.0288316766112433,1.1833094550915737,1.1610832570121472,1.1256355825137856,1.1354617003079082,1.0109489459825594,1.0127435708924137,0.9836176928120954,0.9598295929233708,1.118657292871533,1.0132099569911475,1.0287595895810828,0.7774626082738735,0.8066285997447072,0.30131486786105305,0.9282369431359446,0.8109295922548084,1.0279428544367308,1.1880014095988745,0.6288524567065907,0.8620955872612684,0.766002243967944,0.8703243079272819,0.999941760972997,0.6444687042551334,1.031306912360469,0.6036045666915221,1.0845467361334125,0.5784916233081284,0.6149539741722705,1.2167035876988535,1.0481991083614595,0.8904676632473755,0.7894109916218386,1.0737494288392408,0.16444202876434735,1.1225065705933528,-0.262538950950919,1.2344721969621946,0.5316813622780688,2.131740803802606
1.5099774771185375,0.4281526106383249,1.2384414245372297,0.9535099115142376,1.1964371021727578,1.20785010811614,1.0490999317769982,1.0288316766112433,1.4630677635814524,1.0045897268836992,0.9927968455688685,0.9656429382068175,1.046899684910238,0.9327016087180776,0.8659460078561818,0.9404072421803847,0.8572294151413068,1.0100552505320497,0.9545985549617776,0.9040997008827399,0.7519117394352063,0.7677497631830954,0.2837811150052439,0.8969602004836253,0.7089932196118593,0.9572142932506745,1.0192847241061396,0.6436729743294859,0.7177082684494216,0.728388222640988,0.8005360648614893,0.9339216294831888,0.675923893331002,0.8843956323598107,0.5448786346644604,1.0644484078232104,0.5382182873215321,0.5609341498060001,1.048750324979942,0.8912528044751535,0.836350974077186,0.7460021927482297,1.0270554561645802,0.17759223197330223,0.9661246259671431,-0.27950097505424637,0.8192165346100879,0.5163122603849452,1.945780766506637
1.8038779635225861,0.4547736137594115,0.9994960370117424,1.08901125701932,1.3942949728127156,1.241066035316012,1.0731182095618574,1.1833094550915737,1.0045897268836992,1.4652199811012914,1.041069828302167,1.0581772975164638,1.1235259790607324,0.9861655462880746,1.0689851140198108,0.9848657858591394,0.9087720254274791,1.085520592162738,1.0214746134023576,0.9337037760915079,0.7703793448794098,0.8162241468268647,0.38114442936015586,0.9624364911446669,0.8659038492712697,0.8688332001037338,1.1058675177288886,0.6431277529568283,0.9625645343899563,0.855409707244734,0.8570256877217308,0.9852285348754003,0.6491910744201659,1.0680431269767938,0.5674403648766668,1.1559863091328568,0.5385440318735287,0.5734280772124474,1.1744181276350525,0.9680955123992313,0.9148595999826324,0.7710699555605254,1.0440050825067775,0.2314382973792881,0.938890192002912,-0.260884000979887,0.9182766048781871,0.5027413768259972,1.893398272592426
1.6813039259161235,0.3689269317129871,0.9144539332077745,0.9948367386518421,1.2887360263077312,1.1663165321586288,1.049306682010882,1.1610832570121472,0.9927968455688685,1.041069828302167,1.3963410084681327,1.1075598577238615,1.195795968859671,0.9575787052656881,1.0888651872658746,1.003568319543415,0.9270743501826096,1.0930951567864224,0.9845175367550612,1.056388147875051,0.8172181569845636,0.7795751905897709,0.26923207003297905,0.9368553857029895,0.8178488624719061,0.8957558917377887,1.2158185413136082,0.669036247000458,0.8391921050448259,0.8148408473149888,0.8999239165234802,0.9715372973436246,0.7041594669424125,0.9839217293310915,0.5601339780520459,1.099087888296536,0.584851537784448,0.6291767866783691,1.2244546584244664,1.0344171191194567,0.9977066463837948,0.8079052909074141,1.026225378682649,0.1598447083031605,0.9509291436421762,-0.2753863207213575,0.8334805319523387,0.5164507266866868,1.8072368603164952
1.762523436164448,0.4483827083779817,0.8848243269521398,1.0353756177183309,1.346963344482278,1.1597215524725133,1.1162316651724888,1.1256355825137856,0.9656429382068175,1.0581772975164638,1.1075598577238615,1.4140951484253101,1.0469965592282966,0.9767430259346997,1.0148498165607744,1.0027581804922978,0.8520184600801622,1.0117802782836645,0.9085100248148363,0.9494052344922268,0.7684383528400245,0.7311309775272992,0.38741837676182683,0.898442430512818,0.833103348337193,0.9553646958773221,1.1230542164933977,0.5826845275994383,0.8508059224976052,0.695556275400289,0.8895785234270264,0.9933422400222569,0.6448098292537137,0.999090966815254,0.4865010290634159,1.209073756610234,0.5113628020213693,0.5842640391015989,1.1014842245197436,0.9608281437129924,0.8713488010463427,0.7708207787766481,0.9948404597834991,0.1614085411493858,0.994916129465915,-0.3535723136870785,0.8094300140419016,0.5864775508592305,1.977304965250305
1.7252823891297975,0.38510432410030504,0.9479015820915492,1.017643359327494,1.3111558236357543,1.1778651923339714,1.0688096670634317,1.1354617003079082,1.046899684910238,1.1235259790607324,1.195795968859671,1.0469965592282966,1.4055055951524087,1.012694619241953,0.8714948372161123,1.0451503213594506,0.9229566831424942,1.1018190375827766,1.0077692692426632,1.0007054690948476,0.7968930961707575,0.9811561571328404,0.28843151026658526,0.9911695196052119,0.8635966140536593,0.894550106148237,1.216490559209817,0.683465140440818,0.9391344364546649,0.880299667033944,0.8644554466546958,1.0264493277208664,0.7215154981035043,1.0182939607190802,0.5873840752566959,1.0728084066905121,0.5606871267767132,0.6070193827877266,1.193379247492117,0.9774889879428204,0.9579870272028853,0.7922837006306489,1.1124186765708999,0.21514293145049196,0.9293641008965478,-0.1803615545581495,0.9294473811312869,0.40304696284145297,1.9693972531711468
1.7188719042450509,0.3602987708488625,0.794338999759975,0.9560602619885897,1.2467634219012929,1.0742803524394697,0.9486635255707483,1.0109489459825594,0.9327016087180776,0.9861655462880746,0.9575787052656881,0.9767430259346997,1.012694619241953,1.2130618946270852,1.016685763203383,1.0352766764694383,0.8423534485988057,0.9592412413069301,0.8996567773223275,0.937939146651867,0.7967770447675195,0.7909555000669317,0.392133688485041,0.992053228101487,0.829668306016888,0.9174669438345149,0.8559422576578322,0.636361512057378,0.8515204309918633,0.7681679507870783,0.7952746264977948,1.107258032419352,0.6770918557079536,0.9986573370875971,0.5298007714781943,1.1843011034409323,0.5655629716340499,0.5843904706764506,0.948732395554161,0.8071922237101695,0.8177652087038129,0.7873617791566864,1.1065475746808449,0.2131045126262292,1.032720941310342,-0.3220654429740666,0.9360678516355261,0.5444740019447728,1.9891042059096322
1.7359971558025489,0.3163048608505301,0.9436648281838079,0.9604955431096055,1.2746191477666706,1.0616034721931358,0.9762974265244176,1.0127435708924137,0.8659460078561818,1.0689851140198108,1.0888651872658746,1.0148498165607744,0.8714948372161123,1.016685763203383,1.839290413296401,0.9269853448705005,0.8500728576736682,1.0288233127386663,1.0065663566834762,1.0141208580564824,0.8090618421880367,0.40886726931557305,0.3044255592954901,0.952658140830821,0.765921590258285,0.7618682226296623,0.9458013504063216,0.6677368218511748,0.7713996953733742,0.8002466836293779,0.8687432437926418,0.9553204600252267,0.7157018758220255,0.9557644112101807,0.5056339991861837,1.2306170485277759,0.6027546745156072,0.5912856054294665,1.1139626289494675,0.970744894445871,0.993930896642536,0.7933097428039736,0.9115491955604148,0.1377336513289793,0.9027470284536643,-0.5018198171314557,0.574778295524248,0.747915809202023,1.618936396882485
1.627058629557018,0.3227321895031933,0.7798423547724898,0.9528888132368852,1.2510356107828884,1.0657633360705543,0.9834997907334425,0.9836176928120954,0.9404072421803847,0.9848657858591394,1.003568319543415,1.0027581804922978,1.0451503213594506,1.0352766764694383,0.9269853448705005,1.2989245966420953,0.854057302469986,0.9850726442342992,0.94112054035633,0.8992739179141269,0.7643332733621466,0.7801485257030911,0.3106271285008539,0.9434775472661742,0.7400658059748465,0.8140039138078861,1.0092073634979466,0.6428139813216466,0.7532163882738251,0.7686473902427273,0.8055979282753652,1.0061374458848338,0.6432382750090114,0.9753186377498843,0.5625442158004818,1.1075358538732332,0.5579598710928272,0.5588731695472099,1.0458994025519235,0.8868937949910808,0.8527054945367742,0.7701283527616374,1.0667820183275043,0.19544378090088904,0.9792939691144612,-0.28163667955225236,0.8521788513583826,0.49684323620289633,1.820301846231282
1.2982565296706834,0.22495748181219719,0.8586376793548178,0.8046890405668917,0.9955915705265398,0.9589980255980033,0.8450517832365465,0.9598295929233708,0.8572294151413068,0.9087720254274791,0.9270743501826096,0.8520184600801622,0.9229566831424942,0.8423534485988057,0.8500728576736682,0.854057302469986,1.1760794892135533,0.8292529486714021,0.8877504287174692,0.91427487528774,0.7562441822713019,0.7157454264318944,0.24751899090673687,0.8284674727823178,0.7826889431542232,0.7934584403083625,1.032853315784711,0.7393433228060976,0.6962212512467889,0.7461608639145851,0.8114798822097505,0.8350604149564583,0.6707474946194508,0.8510446097927923,0.5990069858484521,1.0895978502211174,0.6350594787797419,0.5774680941032971,0.9957893424098002,0.860264890097855,0.8562677802309899,0.7625628102823743,0.99328802464161,0.16612726221477822,0.9740986756568721,-0.2482506981037043,0.834265835568485,0.48553712807665,1.6062804884692614
1.7065391715950113,0.46107548989011976,0.9429941913154968,1.0403670309962212,1.291044900881633,1.1916055318904233,1.0192988075880487,1.118657292871533,1.0100552505320497,1.085520592162738,1.0930951567864224,1.0117802782836645,1.1018190375827766,0.9592412413069301,1.0288233127386663,0.9850726442342992,0.8292529486714021,1.7943922169685191,1.0407118353656757,0.8843827171837773,0.7874673844566737,0.75852855236621,0.3370316692656002,0.9992137775766831,0.8040179009498208,0.798257270367135,1.1279810113322954,0.6604739525327276,0.8411511300059813,0.8037907293293572,0.8504068437836958,0.9566719325085729,0.7061096716919297,1.0228696068162393,0.5494904377251176,1.1855926815228677,0.47773504605018213,0.5372195135623973,1.141005128636268,0.9584282103407695,0.9160978682411342,0.7627827398597078,1.028635723777766,0.17302797523726818,0.8740103113472963,-0.2605752793565788,0.8211506229999449,0.501097803353054,1.7420966193093042
1.4736617482968382,-0.0589719318314266,1.0768497797472625,0.7691872317589975,1.0261558433995421,1.0519472585798895,0.868916135179235,1.0132099569911475,0.9545985549617776,1.0214746134023576,0.9845175367550612,0.9085100248148363,1.0077692692426632,0.8996567773223275,1.0065663566834762,0.94112054035633,0.8877504287174692,1.0407118353656757,2.1091677656990093,0.7081981570708201,0.7869397505295144,0.755542053693022,0.05731933598500796,0.97073323433326,0.7585318819100111,0.551874675201814,1.138182734453722,0.7440100882702464,0.7889927779019006,0.8871665131174076,0.8206882146363499,0.8737655821458953,0.9173139105852456,0.853651404561164,0.45621864604219203,1.101939901279036,0.775595735269624,0.5116037705464189,1.3090396981072785,0.9842830395638064,0.9767303978535644,0.7377245383811213,0.982098263233474,0.1133560459085041,0.817399961206682,-0.3670094969979402,0.38123528306885923,0.5817673938089486,1.40868029329474
1.54780647053037,0.5009474187887748,0.8137233360862068,0.9182378539593179,1.1790024394796517,1.107338725952769,0.9189718710512392,1.0287595895810828,0.9040997008827399,0.9337037760915079,1.056388147875051,0.9494052344922268,1.0007054690948476,0.937939146651867,1.0141208580564824,0.8992739179141269,0.91427487528774,0.8843827171837773,0.7081981570708201,2.06821599929757,0.7681917152982588,0.5944833890871689,0.1724655149661701,1.0095089030084017,0.8897608906199342,0.7005606181245395,1.0281165730285926,0.7102900331814636,0.858037892175865,1.1157773985521688,1.025438275907004,0.9122996929752216,0.7855743336986823,0.8727638890335017,0.534279241744463,1.066493682613678,1.148596739161416,1.0765923411358556,1.3418952549788172,1.1570040257919796,1.3930121120275551,0.8500383235559473,1.0464055623229713,0.13558993447031262,1.1040934587821276,-0.431947812929247,0.527642588667101,0.7214628663290085,1.8358395672888947
1.2936297802875114,0.4334057396240369,0.6755160866899619,0.7270645065270719,0.9618063600852934,0.8852925120006042,0.7570182098481336,0.7774626082738735,0.7519117394352063,0.7703793448794098,0.8172181569845636,0.7684383528400245,0.7968930961707575,0.7967770447675195,0.8090618421880367,0.7643332733621466,0.7562441822713019,0.7874673844566737,0.7869397505295144,0.7681917152982588,0.9891326142978003,0.6542137663191857,0.36332537770009465,0.7533065627008518,0.6726361020166491,0.7728383088977769,0.80680557161937,0.5476059309260393,0.6291236524356612,0.6743885084866781,0.6991045257250601,0.8002408929382248,0.5803927846287312,0.7896089363850135,0.4308627867209261,1.054504630518579,0.5520912815093201,0.5095433055122284,0.8061821731234854,0.7562933031257741,0.8087908047144444,0.8480928160693674,0.9277517981866478,0.14256850842350835,0.9275833284281899,-0.3159682546492075,0.716906187524122,0.5173533516600732,1.5365430647823395
1.3503268277540346,0.30467695560399666,0.6645532683375687,0.7379889376832124,0.9651393694407082,0.8946658734894499,0.7612650123041523,0.8066285997447072,0.7677497631830954,0.8162241468268647,0.7795751905897709,0.7311309775272992,0.9811561571328404,0.7909555000669317,0.40886726931557305,0.7801485257030911,0.7157454264318944,0.75852855236621,0.755542053693022,0.5944833890871689,0.6542137663191857,1.759719585038869,0.5546081094317196,0.8460382391636,0.879993233068351,0.7137690110420583,0.8949512597678947,0.48711167996213195,1.2526748404988675,0.8930292759537212,0.5723000851396324,0.8519969061994183,0.596602972499888,0.8730301916665205,0.42057864786978194,0.8572921384734914,0.3895696304665799,0.4177944221465207,0.888674491247726,0.6168653736515274,0.6129145966301373,0.6203560104030696,1.2100477929981173,0.3478201190746906,0.7684235720997056,0.34312499876597335,1.1137922607405029,-0.22538234156538256,1.885218562141179
0.7517767351147526,0.17916976947802193,0.07961816541580517,0.435960237311706,0.6287940000635315,0.39696711812077823,0.40344452357862326,0.30131486786105305,0.2837811150052439,0.38114442936015586,0.26923207003297905,0.38741837676182683,0.28843151026658526,0.392133688485041,0.3044255592954901,0.3106271285008539,0.24751899090673687,0.3370316692656002,0.05731933598500796,0.1724655149661701,0.36332537770009465,0.5546081094317196,1.8282287358754012,0.4794135807608314,0.60825959530474,0.23328607736862428,0.20443198244015742,-0.06914197679233577,0.8049727138741177,0.44746334144147276,0.4448897869777054,0.411436781086132,0.2988736164865651,0.6476674664707959,-0.2621973758175438,1.3860106554226732,0.3214889409760011,0.18420825816350256,0.60113126518758,0.4819355230606041,0.2567422653353958,0.35316392347624526,0.5510101013978069,0.5312178625537635,0.27926866419997726,-0.29728596704627913,0.22302664004794898,0.4461952370663786,0.9712538200278776
1.4253516515850564,0.27615741530743315,0.8488137784407401,0.904927326070649,1.1586639789001465,1.0152854179177402,0.8980433213654272,0.9282369431359446,0.8969602004836253,0.9624364911446669,0.9368553857029895,0.898442430512818,0.9911695196052119,0.992053228101487,0.952658140830821,0.9434775472661742,0.8284674727823178,0.9992137775766831,0.97073323433326,1.0095089030084017,0.7533065627008518,0.8460382391636,0.4794135807608314,1.5877836808739505,0.7776093314106768,0.6271707325860549,0.9035329522657588,0.737071968168229,1.0432955997829148,1.1232134956769413,0.8202358345243903,1.026713319296097,0.9304493808110352,1.1095872541810219,0.6070639106976906,1.2915955236855678,0.5611574566449107,0.5935665294879865,1.1772385382834325,1.0092404952960197,1.0559393928806597,0.7608732449519016,1.1159383490088013,0.28257025620246723,0.7622373673765825,-0.3335191749100537,0.8183148466000914,0.5583645378421745,2.107020220625468
1.6668897173017263,0.2820218134923288,0.5612161639107277,0.7913702477929072,1.052596554979448,0.9328630451474562,0.8544971738529388,0.8109295922548084,0.7089932196118593,0.8659038492712697,0.8178488624719061,0.833103348337193,0.8635966140536593,0.829668306016888,0.765921590258285,0.7400658059748465,0.7826889431542232,0.8040179009498208,0.7585318819100111,0.8897608906199342,0.6726361020166491,0.879993233068351,0.60825959530474,0.7776093314106768,2.3674137849240946,0.8047707469156709,0.8907404440374816,0.5439589398401972,1.9247039903710605,1.048228654602246,0.8836492945899951,0.8205093043011098,0.42336047990155806,1.0406522250617949,0.6389015788503135,1.2126764342607532,0.7118048117172285,0.556856139902109,0.9378149996307326,0.5503752852892053,0.8361577690165158,0.6719264702356251,0.8165817811654998,0.31868380912665084,0.7377098677599625,0.0984286274878446,0.777152525720302,0.09777146712468357,0.8022406954774266
1.3650466544655255,0.5035343764327707,0.8194637330752134,0.8645951434963247,1.101505735617259,1.0535742015040812,0.8558413784610547,1.0279428544367308,0.9572142932506745,0.8688332001037338,0.8957558917377887,0.9553646958773221,0.894550106148237,0.9174669438345149,0.7618682226296623,0.8140039138078861,0.7934584403083625,0.798257270367135,0.551874675201814,0.7005606181245395,0.7728383088977769,0.7137690110420583,0.23328607736862428,0.6271707325860549,0.8047707469156709,2.3509893635463865,0.6251415593521144,0.6058715765505525,0.5398824553454955,0.11290069777930946,0.5979558557856981,0.9421220283556159,0.4816807828188682,0.7254571648477611,0.619295615911464,1.0505234800763572,0.609337793892704,0.4839794528063048,-0.2823530008308515,0.3382711879389199,0.336562713704705,0.7936384830160206,1.3095994795205763,0.07555428837399274,1.469446566268799,-0.455732641748773,1.2062385788780106,0.7625177467888963,2.8100279369260655
1.6161865060527374,0.34409608718780516,1.0721346930623006,0.9629054571602593,1.2259084131042346,1.1681650805341923,1.0382269251629743,1.1880014095988745,1.0192847241061396,1.1058675177288886,1.2158185413136082,1.1230542164933977,1.216490559209817,0.8559422576578322,0.9458013504063216,1.0092073634979466,1.032853315784711,1.1279810113322954,1.138182734453722,1.0281165730285926,0.80680557161937,0.8949512597678947,0.20443198244015742,0.9035329522657588,0.8907404440374816,0.6251415593521144,2.977381209465497,0.8193746678932263,0.7018037869859621,1.0710887650274288,1.23259658075671,0.9125335183064696,0.8280669375746443,1.031545267660667,0.647439838062268,1.3294795131396515,0.3660563936089183,0.6745724275078974,1.516056891505802,1.6063183090874278,1.404062112593123,0.8111063712712238,1.100127024435414,-0.048105477116044196,1.0672454095736803,-0.10388587877769614,0.9712864490741816,0.48567683608684215,2.176706387581395
0.9491074428385768,0.13669383627000728,0.6692575813121807,0.5417279928948772,0.6527276384401604,0.6416239128727435,0.6179558879410242,0.6288524567065907,0.6436729743294859,0.6431277529568283,0.669036247000458,0.5826845275994383,0.683465140440818,0.636361512057378,0.6677368218511748,0.6428139813216466,0.7393433228060976,0.6604739525327276,0.7440100882702464,0.7102900331814636,0.5476059309260393,0.48711167996213195,-0.06914197679233577,0.737071968168229,0.5439589398401972,0.6058715765505525,0.8193746678932263,1.2463746280286314,0.3625191183880309,0.7866405341853245,0.7110665673513559,0.6291680663710707,0.7895910616986666,0.5858353381274064,0.9811397825920716,1.1379383135414738,0.41100647788865274,0.441265266743911,0.6716991389988334,0.6733320905109788,0.7573270891837889,0.5457206388148669,0.8758422274171527,0.20519272945442277,0.6664069738651288,-0.23050661227885996,0.4768209234096266,0.4837979293037672,1.1055712420830164
1.6769891385837281,0.31062435401267974,0.6346730257250063,0.837174418828971,1.1412388399037374,0.980463073531059,0.8588821523559601,0.8620955872612684,0.7177082684494216,0.9625645343899563,0.8391921050448259,0.8508059224976052,0.9391344364546649,0.8515204309918633,0.7713996953733742,0.7532163882738251,0.6962212512467889,0.8411511300059813,0.7889927779019006,0.858037892175865,0.6291236524356612,1.2526748404988675,0.8049727138741177,1.0432955997829148,1.9247039903710605,0.5398824553454955,0.7018037869859621,0.3625191183880309,4.808937072531863,1.7250810057536745,0.7489861756929348,0.8858697807698175,0.09133027741966741,1.6918084269074352,0.7254685597474279,1.2959722282076096,0.9362623924724226,0.39587488754320277,1.434147911834291,0.6914260531627978,1.0357898989350403,0.6085407153313361,0.34514167250880684,0.2910916508644012,0.36066121453508576,0.31169450659486986,1.3458637604679369,-0.1956901028265611,2.0514041386700317
1.3960936617267676,0.20405986746043983,0.7273858674210792,0.697368540586916,0.8820631417845798,0.7878786990731049,0.7964798998540433,0.766002243967944,0.728388222640988,0.855409707244734,0.8148408473149888,0.695556275400289,0.880299667033944,0.7681679507870783,0.8002466836293779,0.7686473902427273,0.7461608639145851,0.8037907293293572,0.8871665131174076,1.1157773985521688,0.6743885084866781,0.8930292759537212,0.44746334144147276,1.1232134956769413,1.048228654602246,0.11290069777930946,1.0710887650274288,0.7866405341853245,1.7250810057536745,2.9364973307504525,0.8837259487160551,0.7605547585831564,0.6379790087559363,0.8069669164196586,1.1418174380303892,0.9938340003328295,0.4067560383597728,0.6554637516161713,1.8212906318845865,1.722768103855333,1.6452433022277841,0.689054434541635,1.3571169094470779,0.552304468700432,0.7197133392995075,-0.0035972871331000785,0.7690487665741584,0.20090896773591496,1.3935445155537458
1.4401348088100707,0.27226044604834865,0.6952875054965044,0.802212369392776,1.046120136263768,0.9123914883831098,0.8653661417821769,0.8703243079272819,0.8005360648614893,0.8570256877217308,0.8999239165234802,0.8895785234270264,0.8644554466546958,0.7952746264977948,0.8687432437926418,0.8055979282753652,0.8114798822097505,0.8504068437836958,0.8206882146363499,1.025438275907004,0.6991045257250601,0.5723000851396324,0.4448897869777054,0.8202358345243903,0.8836492945899951,0.5979558557856981,1.23259658075671,0.7110665673513559,0.7489861756929348,0.8837259487160551,1.599342235265991,0.8102763771380112,0.7545942158689835,0.8784052997072854,0.5251922547847163,1.4687538138183631,0.603686807377845,0.7098847527385351,1.214555939824345,1.0807944277644241,1.1144067769037023,0.72116522832035,0.8859667613148284,0.2407280368279624,0.843816931339502,-0.37553889342306496,0.4555519537343533,0.6107790274423556,1.145529513970227
1.6416859056316546,0.3804287569760283,0.7904120205056608,0.9536236685357034,1.2455976694750723,1.0802270011941792,0.9567270577395681,0.999941760972997,0.9339216294831888,0.9852285348754003,0.9715372973436246,0.9933422400222569,1.0264493277208664,1.107258032419352,0.9553204600252267,1.0061374458848338,0.8350604149564583,0.9566719325085729,0.8737655821458953,0.9122996929752216,0.8002408929382248,0.8519969061994183,0.411436781086132,1.026713319296097,0.8205093043011098,0.9421220283556159,0.9125335183064696,0.6291680663710707,0.8858697807698175,0.7605547585831564,0.8102763771380112,1.244283596159506,0.6858840647941996,1.0501235120290922,0.510516470628257,1.2116116459344721,0.474109854486643,0.581686695064624,0.9383968759407045,0.7992462723282892,0.8323958158656467,0.7883490703899935,1.1002008281710078,0.21459666941614908,0.9945015720768159,-0.28611107920825557,0.927842506040483,0.5019664669663195,1.9777808193536828
1.1277948057613114,0.10719873666487276,0.6469035620841627,0.6062141473695748,0.7788797507774572,0.692253348267939,0.6599968491818465,0.6444687042551334,0.675923893331002,0.6491910744201659,0.7041594669424125,0.6448098292537137,0.7215154981035043,0.6770918557079536,0.7157018758220255,0.6432382750090114,0.6707474946194508,0.7061096716919297,0.9173139105852456,0.7855743336986823,0.5803927846287312,0.596602972499888,0.2988736164865651,0.9304493808110352,0.42336047990155806,0.4816807828188682,0.8280669375746443,0.7895910616986666,0.09133027741966741,0.6379790087559363,0.7545942158689835,0.6858840647941996,1.9768620117079354,0.19842123141377688,-0.25710249643029376,1.0572080775199935,0.8444336149487385,0.5300046748374879,0.7698560721979356,0.8211741620702614,0.9559667210945068,0.6014808150943006,1.0586691758078572,0.1550538515194859,0.24620079312479365,-0.4349722688398715,0.2006141165654639,0.6443752349290937,1.4486077230919034
1.3271424264217306,0.3921367399288508,0.7625913191878818,1.0193700880740386,1.3761470880211943,1.1445524150858095,0.9407633707062374,1.031306912360469,0.8843956323598107,1.0680431269767938,0.9839217293310915,0.999090966815254,1.0182939607190802,0.9986573370875971,0.9557644112101807,0.9753186377498843,0.8510446097927923,1.0228696068162393,0.853651404561164,0.8727638890335017,0.7896089363850135,0.8730301916665205,0.6476674664707959,1.1095872541810219,1.0406522250617949,0.7254571648477611,1.031545267660667,0.5858353381274064,1.6918084269074352,0.8069669164196586,0.8784052997072854,1.0501235120290922,0.19842123141377688,2.516635623346507,0.927846930560239,1.3064178974914857,0.5572491251305544,0.4610658561659195,1.2977242209096054,0.6231804548855809,0.8554162581282948,0.7846028341752852,1.1852071195173448,0.444925254537917,1.0446931618338424,-0.24757565059406886,1.2773030953877835,0.43750746131925106,1.7082385230988442
0.6919274649172334,0.17875694861145563,0.6588118015595253,0.39312928943090236,0.4060821644275194,0.5067078666988974,0.494588062562289,0.6036045666915221,0.5448786346644604,0.5674403648766668,0.5601339780520459,0.4865010290634159,0.5873840752566959,0.5298007714781943,0.5056339991861837,0.5625442158004818,0.5990069858484521,0.5494904377251176,0.45621864604219203,0.534279241744463,0.4308627867209261,0.42057864786978194,-0.2621973758175438,0.6070639106976906,0.6389015788503135,0.619295615911464,0.647439838062268,0.9811397825920716,0.7254685597474279,1.1418174380303892,0.5251922547847163,0.510516470628257,-0.25710249643029376,0.927846930560239,2.8774091433009406,0.5275656325291069,-0.15616022034095692,0.2462465523143818,0.6143432687111987,0.33450201218220815,0.4564291166396176,0.41784482772552894,0.6107364057963918,0.21916303163744286,0.8141091548791661,0.2114599381146507,1.0240915976844682,0.107025115594439,0.7200477123667136
1.997979687551537,0.3519567161033057,0.8857388730200595,1.1072791896515117,1.4642768585768646,1.19659437057542,1.2014900803850435,1.0845467361334125,1.0644484078232104,1.1559863091328568,1.099087888296536,1.209073756610234,1.0728084066905121,1.1843011034409323,1.2306170485277759,1.1075358538732332,1.0895978502211174,1.1855926815228677,1.101939901279036,1.066493682613678,1.054504630518579,0.8572921384734914,1.3860106554226732,1.2915955236855678,1.2126764342607532,1.0505234800763572,1.3294795131396515,1.1379383135414738,1.2959722282076096,0.9938340003328295,1.4687538138183631,1.2116116459344721,1.0572080775199935,1.3064178974914857,0.5275656325291069,4.459016131447253,0.5963342341939535,0.6959406521409024,1.2615393335646192,1.4332951330800439,1.2768189218533754,1.075241160998636,1.3032605524590137,0.026301795667071953,1.6191257220176603,-0.9288095289917276,0.25605545294833226,1.335285589475068,2.023922227382679
0.9219429321530043,0.1638505340602344,0.48453732219646783,0.5098398588366919,0.6983698709693116,0.668627712587356,0.5016657354701091,0.5784916233081284,0.5382182873215321,0.5385440318735287,0.584851537784448,0.5113628020213693,0.5606871267767132,0.5655629716340499,0.6027546745156072,0.5579598710928272,0.6350594787797419,0.47773504605018213,0.775595735269624,1.148596739161416,0.5520912815093201,0.3895696304665799,0.3214889409760011,0.5611574566449107,0.7118048117172285,0.609337793892704,0.3660563936089183,0.41100647788865274,0.9362623924724226,0.4067560383597728,0.603686807377845,0.474109854486643,0.8444336149487385,0.5572491251305544,-0.15616022034095692,0.5963342341939535,4.484555347856995,0.8922347150438162,0.4690735085944285,-0.621080334988663,0.6424517685534634,0.660558401797945,0.6742373283806962,0.16295698092487904,1.1865611253413326,-0.5644384633387144,0.49321156487281176,0.7732037909560269,1.7447467912332484
0.9746180149068154,0.27356470249953563,0.4870977695802763,0.5607563029634864,0.7324023718550889,0.6764956484015675,0.5678831798860325,0.6149539741722705,0.5609341498060001,0.5734280772124474,0.6291767866783691,0.5842640391015989,0.6070193827877266,0.5843904706764506,0.5912856054294665,0.5588731695472099,0.5774680941032971,0.5372195135623973,0.5116037705464189,1.0765923411358556,0.5095433055122284,0.4177944221465207,0.18420825816350256,0.5935665294879865,0.556856139902109,0.4839794528063048,0.6745724275078974,0.441265266743911,0.39587488754320277,0.6554637516161713,0.7098847527385351,0.581686695064624,0.5300046748374879,0.4610658561659195,0.2462465523143818,0.6959406521409024,0.8922347150438162,1.0758804814487726,0.7484856785015305,0.6302215465424198,0.7907304130954522,0.5497413179618276,0.6954476667714913,0.18443284821280195,0.8870862979087046,-0.3274828927187489,0.3640156521681913,0.4988827693315811,1.055587582997339
1.7755727603052631,0.29040794824573907,1.0504788053410838,1.021457165225074,1.3236355445917514,1.1942713227132868,1.1014573450927552,1.2167035876988535,1.048750324979942,1.1744181276350525,1.2244546584244664,1.1014842245197436,1.193379247492117,0.948732395554161,1.1139626289494675,1.0458994025519235,0.9957893424098002,1.141005128636268,1.3090396981072785,1.3418952549788172,0.8061821731234854,0.888674491247726,0.60113126518758,1.1772385382834325,0.9378149996307326,-0.2823530008308515,1.516056891505802,0.6716991389988334,1.434147911834291,1.8212906318845865,1.214555939824345,0.9383968759407045,0.7698560721979356,1.2977242209096054,0.6143432687111987,1.2615393335646192,0.4690735085944285,0.7484856785015305,3.273985479878966,2.0402759470157776,1.6478417139870825,0.7837407028574238,0.862799787515314,0.4143373120922214,0.7444094612260314,-0.1556849985344036,0.5385470911259577,0.26240422957684806,1.0451498870229121
1.4653297394109988,0.3646661301372339,0.9065683541171138,0.8800118866721357,1.134735571078637,1.0756314070967339,0.8966816298829412,1.0481991083614595,0.8912528044751535,0.9680955123992313,1.0344171191194567,0.9608281437129924,0.9774889879428204,0.8071922237101695,0.970744894445871,0.8868937949910808,0.860264890097855,0.9584282103407695,0.9842830395638064,1.1570040257919796,0.7562933031257741,0.6168653736515274,0.4819355230606041,1.0092404952960197,0.5503752852892053,0.3382711879389199,1.6063183090874278,0.6733320905109788,0.6914260531627978,1.722768103855333,1.0807944277644241,0.7992462723282892,0.8211741620702614,0.6231804548855809,0.33450201218220815,1.4332951330800439,-0.621080334988663,0.6302215465424198,2.0402759470157776,4.324420737097867,1.838893067892598,0.7582355277840246,1.0850669217999214,0.27691392518599545,0.4642196131496153,-0.7248563936216527,0.8831163132172595,1.081851215659781,2.2085868478060022
1.4874454087996047,0.2970742717812152,0.8022540495412764,0.8220861873684665,1.05846793899743,0.937537215862933,0.9206037041857968,0.8904676632473755,0.836350974077186,0.9148595999826324,0.9977066463837948,0.8713488010463427,0.9579870272028853,0.8177652087038129,0.993930896642536,0.8527054945367742,0.8562677802309899,0.9160978682411342,0.9767303978535644,1.3930121120275551,0.8087908047144444,0.6129145966301373,0.2567422653353958,1.0559393928806597,0.8361577690165158,0.336562713704705,1.404062112593123,0.7573270891837889,1.0357898989350403,1.6452433022277841,1.1144067769037023,0.8323958158656467,0.9559667210945068,0.8554162581282948,0.4564291166396176,1.2768189218533754,0.6424517685534634,0.7907304130954522,1.6478417139870825,1.838893067892598,3.2843577157304367,0.8071264515295811,0.6985571308463576,0.08395734976542102,-0.11699465374968021,-0.2766699200941764,-0.056959943431598735,0.3147257812227617,0.9853071885308409
1.258736723267963,0.37663094927246665,0.6671080976500515,0.7308786838905513,0.9582698500766086,0.8707226291139514,0.7535631407014052,0.7894109916218386,0.7460021927482297,0.7710699555605254,0.8079052909074141,0.7708207787766481,0.7922837006306489,0.7873617791566864,0.7933097428039736,0.7701283527616374,0.7625628102823743,0.7627827398597078,0.7377245383811213,0.8500383235559473,0.8480928160693674,0.6203560104030696,0.35316392347624526,0.7608732449519016,0.6719264702356251,0.7936384830160206,0.8111063712712238,0.5457206388148669,0.6085407153313361,0.689054434541635,0.72116522832035,0.7883490703899935,0.6014808150943006,0.7846028341752852,0.41784482772552894,1.075241160998636,0.660558401797945,0.5497413179618276,0.7837407028574238,0.7582355277840246,0.8071264515295811,0.9651616250707509,0.9290052193849283,0.12886733403954495,0.9007753856649562,-0.35079323775595805,0.7357740470818845,0.5926858201213925,1.574702588227159
1.5585818981870911,0.40104033633584457,0.8936052333738228,1.0035052263198372,1.3093905347238874,1.1673494272120404,0.9900238879721286,1.0737494288392408,1.0270554561645802,1.0440050825067775,1.026225378682649,0.9948404597834991,1.1124186765708999,1.1065475746808449,0.9115491955604148,1.0667820183275043,0.99328802464161,1.028635723777766,0.982098263233474,1.0464055623229713,0.9277517981866478,1.2100477929981173,0.5510101013978069,1.1159383490088013,0.8165817811654998,1.3095994795205763,1.100127024435414,0.8758422274171527,0.34514167250880684,1.3571169094470779,0.8859667613148284,1.1002008281710078,1.0586691758078572,1.1852071195173448,0.6107364057963918,1.3032605524590137,0.6742373283806962,0.6954476667714913,0.862799787515314,1.0850669217999214,0.6985571308463576,0.9290052193849283,3.633048391411032,0.2784883747548385,3.025846779644511,-0.5710155962019755,1.0862404699537005,0.705519522627773,2.287693055529413
