0.9199083682156911,0.32845463020378357,0.4637226407303252,0.13194783100818802,0.19240945213920851,0.20107240731582518,0.2223119176248545,0.24260611915805705,0.09392382729372384,0.15836944141776957,0.1897640702197186,0.1997410286382036,0.21724135542033168,0.18765814800819916,0.16286574074706517,0.15914373823721895,0.17282792315840995,0.1972649778102052,0.120353789033368,0.20702592233091965,0.1764885191246363,0.26876243722382387,0.19235071098380396,0.045323258169037366,0.2630997522317155,0.17981157252121163,0.18900403755432887,0.2015849646704444,0.2263067862933657,0.20088218851323653,0.07258060142291106,0.1498729830446925,0.24825258318058094,-0.042295852438253095,0.22399824068990012,0.08268938426710416,0.24381547690922387,0.11978776305695972,0.21283181892344466,0.17131391523303383,0.20771343876572274,0.1715393909989906,0.1894468128562052,0.010101021632960023,0.09633427103661386,0.37696497037802534,0.31158546449345115,0.07884987942715445,0.3547257871857304,0.05848883137781874,-0.059699168673423966,-0.09860803375412984,0.06374958358666946,0.006826080310572541,0.15362908712922616,-0.05856813299563808,-0.07321006602864598,0.18300334250305533,-0.20554704767901402
0.32845463020378357,2.9962250361398226,0.6295708876715063,-0.10208983375981669,-0.0980433987167233,0.14727590740371038,0.02735054357257747,0.08331545714589406,0.0413615121323889,0.07936719601648097,0.04419658508907677,0.07229634398409153,0.04636047779060699,0.1421198709185444,-0.017639047213577497,-0.046541981444536175,0.01762758471889316,0.08698821220403442,-0.038379807997560515,0.16867455130349857,0.16740334761734957,0.032821808095083574,-0.03362976094045996,-0.02596676112824883,0.0127535986061044,0.13014740732111701,0.10332882465481649,0.06922848966736884,-0.03373189820330358,0.19717217015259472,-0.04625802768711728,0.16355593672707558,0.04141026639235063,-0.036304899364695,0.11688747529227932,0.05204471383918692,-0.16222528551198231,0.08300237722274874,0.045044169968286286,0.2085976432886475,0.1524214466501034,0.1183431071545658,0.22853037131400739,0.02003451827271631,0.06310927271809108,0.15535504742095732,0.15369381898481055,0.03873721480611853,0.6208611682496723,-0.17049413740447317,0.1920784644918756,-0.1479723586409739,-0.010993308194969293,0.07228986393943791,-0.6690207625404734,-0.016612631250749424,0.02195409314800912,0.08301134657776936,0.5212744635441532
0.4637226407303252,0.6295708876715063,4.590300178729405,-0.10935519547149154,-0.5014512052626001,0.32575881262633555,0.20306723313317723,0.26510732909515083,0.43679664508336635,0.08433784590010428,0.20472269529093737,0.1504554531262941,0.18225346527634528,-0.019111730102180473,0.1440831626089943,-0.09128751982947114,0.16369495255914374,0.27368588545009825,-0.01792892866370729,0.21481169042755896,0.2259884998424077,0.21255800496738572,0.2568717046588238,0.20145704661061442,0.18214605995598984,0.2795406936659996,0.14963983011466794,0.2803222671651363,0.30887056401861773,0.23476175233297028,0.09254779385779492,-0.01315573681296036,0.24888445880699192,0.20121090257075933,0.32503172430668115,0.14355203553098,0.4158507490050025,0.04811554161346409,0.23128905465761068,0.1762416610992988,0.14023853538853615,0.20551946198787827,0.3402721467666031,-0.03360526996500264,0.2504673674696266,0.3865005259329191,0.32741249175682585,0.02667803456628685,0.0995573237548001,-0.1258028400758705,0.1359321124454455,0.14717661116041975,0.08820102743585721,-0.13174670969348778,0.40921718992222855,-0.07377825075581845,0.01725019879463948,-0.024818502152212266,-0.2673471531798291
0.13194783100818802,-0.10208983375981669,-0.10935519547149154,0.5692960865046498,0.49912182367654145,0.31019535592856806,0.23767047558433071,0.31009562064594215,0.03815605035787016,0.27801277146990183,0.26574803045590517,0.28946946074126323,0.2877369156595253,0.2293474723993582,0.2285195954923723,0.28491602174375175,0.2617320356001108,0.21883521120616467,0.26548236506744216,0.19779848914817838,0.1841250123442547,0.23851330135667864,0.22904445997913195,0.2516096860291518,0.18568589497229782,0.143629144714964,0.20598774796719085,0.18903091598516084,0.28617110912831484,0.07146395292331043,0.17929219585609454,0.22225775231487832,0.2149719456770226,0.2502188622159734,0.11994229464488759,0.18165820979541816,0.33364843068331573,0.13751522229130872,0.2996619416543029,0.11513400931757194,0.23761940218333655,0.19668353259437768,0.13212539150760025,0.02746647809231425,-0.06296555285784576,0.3718425134811103,0.3543383615971833,0.00309841286415232,0.44629126239472405,0.29779881519994944,-0.24635645929161434,0.021241595258522712,-0.04802069460728048,-0.023816445902471627,0.0008424772709157658,0.01901980122246613,-0.1784019289617365,-0.1183989186638085,0.24896718230035392
0.19240945213920851,-0.0980433987167233,-0.5014512052626001,0.49912182367654145,1.1081740436840894,0.39449691473561505,0.1950713770366261,0.3932016540768817,-0.08764504014863939,0.3311713824565537,0.32891662447023606,0.35887579300627626,0.39135748990878827,0.2960636439511432,0.2646369585649451,0.42034639089835024,0.31703776626746927,0.25803992666735664,0.48131781576979277,0.2115456261965096,0.2289893826336851,0.3462954195598691,0.3158701501992081,0.25177141824637367,0.18819450770946197,0.11063596248579774,0.2396361427678362,0.15947326770112816,0.3877950015257112,-0.06465633453394462,0.12765897653839364,0.2679279266642246,0.2564158939953756,0.2950350743727486,0.10718598765327335,0.18982844140260194,0.4168693371727768,0.16989994243051554,0.3442421614800543,0.14957058537550963,0.3635494329100559,0.24665343845368493,0.05983526076848298,0.028567704513261884,-0.17730543664802448,0.5441156044143894,0.4576878812257344,0.09774309164218681,0.5989888785249736,0.36617675403445393,-0.17151164573311325,-0.2724444331796737,0.06372873833969732,0.013055728967734053,-0.11004816880854681,-0.1540937012289508,-0.12795559778007295,-0.14718357381485167,0.4577330837745839
0.20107240731582518,0.14727590740371038,0.32575881262633555,0.31019535592856806,0.39449691473561505,0.6953866789932708,0.15810667854860466,0.4306434116842416,0.061040018764006596,0.27527744303462237,0.36253333213583006,0.3161666900337957,0.35332526639565826,0.21485286558195477,0.23828373902010283,0.2615316902130807,0.38227446140987975,0.2933228250515278,0.3502759165600147,0.3537322358089795,0.2702511127093545,0.39956162670176576,0.3357789593907001,0.28722622568452766,0.22163016758722429,0.20805389362586885,0.25869604202641006,0.36461889523889696,0.3926842708401699,0.018135161180474715,0.20099412233083636,0.2343832332617085,0.33308978102783715,0.3379272464666041,0.3134557746866802,-0.04822524296496829,0.572039205143845,0.20926602056620888,0.3939660974059149,0.16752217522631177,0.340589096969187,0.2767396608821594,0.32678677483229374,0.03939005259058924,-0.06190667564714897,0.4300908553503339,0.6045253988995953,0.30248338994122315,0.8031573374637602,0.47438406301007624,-0.5996021488299872,0.11715651447912281,-0.15470339053428736,-0.02722515597781519,-0.011492776771176834,-0.10585818206646193,-0.1291988507367605,-0.07390895360178971,0.29416476447678086
0.2223119176248545,0.02735054357257747,0.20306723313317723,0.23767047558433071,0.1950713770366261,0.15810667854860466,0.5899172030731981,0.18749843844245617,0.16876478895858785,0.19348688146103016,0.23674857415403758,0.30307388279964254,0.2597151282945502,0.18165594861633017,0.1873382447736037,0.2114037928646195,0.23434174653902187,0.18548099499332038,0.11377174823316562,0.18081775262182476,0.18058005104204283,0.21806659922031182,0.13685643454392016,0.22617991573398522,0.20206771190372977,0.1895410722990822,0.20227456777912117,0.18411815066034545,0.19101761089070976,0.3005416902537727,0.20983679710046213,0.1835426801506811,0.22066270040481248,0.17349624519582504,0.14170773248838392,0.36473521568309203,0.23501246473139192,0.10943544413586385,0.28595490612182906,0.12654675526116593,0.16654170189031797,0.18394191862637133,0.1206321933917351,0.019102126516828334,0.031384366803542486,0.18779642738915506,0.11779092628146946,-0.20503660730518006,0.3695694549079501,0.15203644608558808,-0.1974401792821087,0.08755873269617646,-0.001867800530906846,-0.018142452251747015,0.05493551819119953,0.04084977707938217,-0.12488372805287966,0.03377855520970291,-0.06234174455326722
0.24260611915805705,0.08331545714589406,0.26510732909515083,0.31009562064594215,0.3932016540768817,0.4306434116842416,0.18749843844245617,0.8707222692178568,0.04834050318343879,0.39880514496190816,0.38766164043894286,0.1906519540191509,0.39531890462522057,0.18845364814751617,0.18748448844443463,0.28338966550793054,0.3933235940613416,0.3686997778912401,0.30817806681337795,0.31794281336362124,0.25749559061650856,0.4264665572894666,0.4106790959236047,0.26666986086539674,0.24603365542260347,0.29069341423021905,0.28885702460647494,0.3827264671376936,0.44088550719258696,0.12500396823768406,0.1649909496940559,0.20109387801552664,0.25976663246676507,0.381329934740129,0.4645982984817638,-0.08382741233165591,0.5579356042396579,0.18910422882989847,0.4464506012029827,0.2543565120729249,0.30531797003913613,0.26536161898912863,0.2838366117695771,0.021122224437781775,-0.003004450455323134,0.6160761476712947,0.7541683548400788,0.3208286830097484,0.7431946342965485,0.33329664764697337,-0.3136357949873027,0.11086004761642168,-0.08828662766517237,-0.06783755781401594,-0.022496437550926555,-0.09471282204499924,-0.12720882290485952,0.005018998885975351,0.22099632216878085
0.09392382729372384,0.0413615121323889,0.43679664508336635,0.03815605035787016,-0.08764504014863939,0.061040018764006596,0.16876478895858785,0.04834050318343879,0.6671134452296072,0.08658498544796635,0.1039593061404385,0.0876801330349713,0.061676633499399024,0.11430344275642923,0.1307334309701373,0.008381904354853243,0.08916791185506685,0.06757737815894532,-0.07287102089184222,0.12791738311564366,0.10827325585636646,0.02882436233403778,0.07827656089623124,0.18465767838716077,0.09087911954718267,0.268697895545343,0.08175168060299619,0.10946252758473955,0.046635507479409304,0.1685456998747962,0.1716602505865912,0.12256359147126192,0.13736062433989796,0.13732431208440637,0.10230803987713684,0.1248677733134715,0.11016361699987205,0.07132837102808226,0.10696156220645002,0.08068635814105507,-0.0036258769366116013,0.10785366704480451,0.12189972401672435,-0.009663971928314648,0.116320113034463,0.22526913378161945,0.1617724740259002,-0.10326905658336165,-0.0150625052548772,-0.10973052826534428,-0.06540745907161469,0.11551750485832055,0.06641723527053418,-0.04373006504967782,0.09402678143891215,0.1781714488750795,-0.09542069291816829,-0.15326658069805293,-0.010318785623802408
0.15836944141776957,0.07936719601648097,0.08433784590010428,0.27801277146990183,0.3311713824565537,0.27527744303462237,0.19348688146103016,0.39880514496190816,0.08658498544796635,0.8176342823133292,0.34235509206156967,0.30414930141299795,0.32602396349019486,0.19262780523198783,0.2756697638266641,0.2847064204073196,0.32068778636760903,0.27908884037602893,0.23736729246873378,0.16540581830373152,0.18021069921419547,0.28832390751439424,0.3732380589947187,0.33395503311401675,0.21895888506231143,0.14789017306152266,0.22409044385060634,0.26326740311461677,0.34234421843504054,0.09935857686121213,0.21619838032765823,0.188449618685399,0.13316885437565226,0.28549240882346133,0.3943195575081557,0.18243915457399623,0.2661081226977849,0.12541594073065848,0.35371654601800095,0.2289025527179664,0.2809040584816412,0.1941554149372474,0.0984711475121757,0.007977676088423567,-0.0939872462392619,0.7269089928022631,0.5768487965376656,0.04088287525869245,0.499844187387311,0.08892490520029822,-0.07440986899807622,-0.07749987016172945,0.026322052862569438,-0.01325329101226558,-0.033057022549534354,0.157981798596872,-0.006027751707584788,-0.487123425950627,0.31024791882092834
0.1897640702197186,0.04419658508907677,0.20472269529093737,0.26574803045590517,0.32891662447023606,0.36253333213583006,0.23674857415403758,0.38766164043894286,0.1039593061404385,0.34235509206156967,0.5012150934781293,0.32785902387393784,0.38603389593755283,0.22202462800749415,0.2801518238117685,0.2806188784832952,0.39375000726060155,0.2802569180743795,0.24624746088861726,0.3213382612117863,0.25631337310871477,0.3204540902926834,0.2903204708046803,0.2944619736552142,0.24789814420625272,0.22940120947534923,0.2732788701363775,0.36957561756585805,0.3475859472069375,0.14785857555196102,0.24566387289949151,0.22013278434814562,0.3034103387217317,0.2880274675326102,0.4085417370703001,0.13478553851745265,0.46482794690298695,0.19553736819789258,0.36893130038722777,0.22608167957254854,0.32435593610066277,0.2698906568585168,0.2192159498096059,0.014998578184994265,-0.005098073899211716,0.6103200886231993,0.5544509012804821,0.12560541791819815,0.5601841529633955,0.23038988241729713,-0.2463225701196546,0.02166820553183342,-0.03402607706580239,-0.02820129353590731,-0.00016841792786646413,-0.02432883575033535,-0.10690370290206123,-0.12976708692566785,0.20364312534562004
0.1997410286382036,0.07229634398409153,0.1504554531262941,0.28946946074126323,0.35887579300627626,0.3161666900337957,0.30307388279964254,0.1906519540191509,0.0876801330349713,0.30414930141299795,0.32785902387393784,0.5913330283881901,0.2829238542526799,0.2977744240780128,0.2987440457839057,0.2972444408007169,0.3292659447364515,0.17677322749115953,0.22948158265966281,0.2612158289953667,0.2178378026905292,0.21542159677099723,0.19814460196141345,0.2335818071557397,0.2193270877601019,0.18213684347955872,0.2926176805458835,0.23966359698120182,0.21076388596061055,0.16366274503348027,0.16150859554520886,0.28412127034187495,0.2525063230896431,0.2301608745417601,0.2778471424064175,0.20469270675244897,0.3132198916121517,0.16507456325500688,0.32053464497098527,0.1790223149540591,0.26167703872506953,0.23501032524221177,0.15365855487522048,0.024069963535481825,-0.003253199770926004,0.4233565081551307,0.3888951561579787,0.02236539290350801,0.5766571067660247,0.17827612856895136,-0.2229689080883058,-0.029506347190512355,0.027453611917460714,0.0034331449703531307,-0.02849383511007555,0.011621489536277113,-0.2036802968441603,-0.052183987615399795,0.1561375050572869
0.21724135542033168,0.04636047779060699,0.18225346527634528,0.2877369156595253,0.39135748990878827,0.35332526639565826,0.2597151282945502,0.39531890462522057,0.061676633499399024,0.32602396349019486,0.38603389593755283,0.2829238542526799,0.7057072924752517,0.30157187521577417,0.11817511183730295,0.3442606622265252,0.3268380012183396,0.2616060170909572,0.292423633378052,0.2548449779314642,0.25417104335140445,0.47589487068240477,0.32438538930572325,0.28864172022621154,0.3091434858975864,0.21480473698202188,0.3319348773093205,0.349385503278475,0.5302477126419237,0.15000870682415124,0.15999596288035023,0.27654893708292594,0.3352941827929106,0.31702233521579454,0.3973278296000407,0.1712699471850043,0.48696158547594476,0.1710371130466971,0.38177177681744673,0.20842942807259396,0.3413153392817847,0.2687905376102739,0.24985242499953156,0.014108005249145671,-0.11660168379854816,0.7007843031427412,0.5734895512445779,0.0859345258200428,0.6078320961838221,0.21393513594051536,-0.20639908634511214,0.06796238439658236,0.024861753743127542,-0.10528017821551695,0.03569758225357128,-0.15739310747676905,-0.026338468633536456,-0.2251321792258685,0.34709984936137994
0.18765814800819916,0.1421198709185444,-0.019111730102180473,0.2293474723993582,0.2960636439511432,0.21485286558195477,0.18165594861633017,0.18845364814751617,0.11430344275642923,0.19262780523198783,0.22202462800749415,0.2977744240780128,0.30157187521577417,0.7386035898002498,0.2112867508911169,0.3574548598631922,0.21824762725297547,0.06024563106791001,0.15785121836363727,0.30201799574311794,0.22119557046792693,0.20953708080783698,0.16061272092015227,0.20918241779836305,0.27890947953350814,0.22065309852925613,0.3297123716503475,0.17353492670272844,0.25588697143232875,0.29583757179377246,0.04822479660181526,0.6390965151886058,0.13338318213889935,0.2887062211574905,0.37533760647900577,0.16047859128328998,0.12461382529827239,0.19448053611521582,0.2565975892141121,0.25991360388970886,0.32185815702854925,0.25177629606731466,0.32482192078315697,0.028238486905353546,-0.0034629065486723267,0.5724537817617545,0.5437660028734377,0.07312600420378025,0.6738537305575809,-0.08161895522665408,-0.06924366565308375,-0.21580329260926978,0.12538286947103988,0.12555001583874043,-0.13924836961425407,-0.011108477683352047,-0.323513424907016,0.10724977059822934,0.3501872825698559
0.16286574074706517,-0.017639047213577497,0.1440831626089943,0.2285195954923723,0.2646369585649451,0.23828373902010283,0.1873382447736037,0.18748448844443463,0.1307334309701373,0.2756697638266641,0.2801518238117685,0.2987440457839057,0.11817511183730295,0.2112867508911169,0.9264290147481922,0.18393059901723283,0.3235936914149754,0.29894426181083095,0.17565211667397035,0.27683620993958263,0.1998188562869638,-0.06066821188178154,0.01782753197166944,0.25581188783602843,0.18233438161926827,0.18724892937786286,0.17916631251950085,0.320677223453858,0.1465790985703632,0.2748956137338684,0.32870667102185913,0.20691913533787085,0.23167748844373165,0.1907655322677581,0.22146501168696278,0.24507355328648406,0.3100392644307803,0.15459054324759752,0.2894445758489638,0.13741225840511706,0.22491942242401108,0.2100253556442698,0.12224008080440803,0.008620181808845256,0.10127954220745433,0.3629934089882525,0.33101959310103996,-0.06613077877717315,0.4089747119645632,0.44821322291187954,-0.13764384707641245,-0.06674026240425132,-0.19060640532589176,-0.051725327798846386,0.03462794731248824,0.18693710623540946,-0.3001603425335394,0.05583194965603365,-0.007800769868448433
0.15914373823721895,-0.046541981444536175,-0.09128751982947114,0.28491602174375175,0.42034639089835024,0.2615316902130807,0.2114037928646195,0.28338966550793054,0.008381904354853243,0.2847064204073196,0.2806188784832952,0.2972444408007169,0.3442606622265252,0.3574548598631922,0.18393059901723283,0.7404695665682146,0.3035111450441837,0.20996256727311993,0.28858333627640076,0.1650646980148559,0.2130227720830771,0.3159867928911827,0.2733605558622165,0.23584493187153677,0.2589610330958162,0.08583961564566023,0.3301246237736092,0.2948835051042048,0.4480862335102449,0.01783774187877106,0.06560095608137141,0.3251154504673135,0.14353833204759348,0.2873488467930333,0.4894222257085906,0.12932410228191588,0.318214855997246,0.1126221962903444,0.3228335195052306,0.22500771954102702,0.3300377212760765,0.2530702404430441,0.2164866357733118,0.05640513908971916,-0.05155853996988455,0.5311011131188879,0.488270012103514,0.11951527652981453,0.5000747714369117,0.030905050247525045,-0.12651754665343104,0.014564151979084441,0.04282602652841749,0.021534599275960853,-0.011547164938508686,-0.07469178614203234,-0.19114315817658253,-0.2230891569783891,0.4658151203156323
0.17282792315840995,0.01762758471889316,0.16369495255914374,0.2617320356001108,0.31703776626746927,0.38227446140987975,0.23434174653902187,0.3933235940613416,0.08916791185506685,0.32068778636760903,0.39375000726060155,0.3292659447364515,0.3268380012183396,0.21824762725297547,0.3235936914149754,0.3035111450441837,0.7869579116403428,0.3624775058656311,0.2583346527856283,0.4054455351079353,0.3293281277731827,0.368841540092489,0.33765996736059883,0.2894869326484525,0.30712564481138654,0.170259598713173,0.29495025262786284,0.6604901163392701,0.31492362505117416,0.031160127259424106,0.2860656665080107,0.2138446350414983,0.593648590718899,0.2430877969971577,0.5034684729691338,0.11079121234409764,0.6927783469902612,0.25004178305924357,0.42427087236689376,0.2651864158292621,0.45155682990376717,0.36586407382487746,0.2890611391596707,0.011496601285983664,0.03519311724985142,0.8403791052437303,0.7314600537249284,0.2189497925177648,0.699264499128809,0.484619970260211,-0.18937835649011975,-0.18364002371104582,-0.19317278928025022,-0.08015268273931761,-0.07348787331672835,-0.039838227651878555,-0.15309239171272152,-0.16578577660795607,0.3053595039382933
0.1972649778102052,0.08698821220403442,0.27368588545009825,0.21883521120616467,0.25803992666735664,0.2933228250515278,0.18548099499332038,0.3686997778912401,0.06757737815894532,0.27908884037602893,0.2802569180743795,0.17677322749115953,0.2616060170909572,0.06024563106791001,0.29894426181083095,0.20996256727311993,0.3624775058656311,0.8445731165462088,0.22968467514633084,0.08475816098917636,0.2572000249951026,0.28837890601133087,0.36563454865304534,0.2579298315973789,0.2031940290298824,0.2298585335016663,0.1639321618073237,0.43891369052758206,0.295436191873439,-0.018091099237561553,0.40490100032552506,0.06187209505361054,0.36981419048525077,0.19823043793327,0.27249654417097136,0.1970203035465104,0.4308098484165099,0.0891082183372503,0.29464724115241026,0.17920153580427575,0.20282992894441845,0.2228957567368667,0.27198185695305904,-0.0204064576903921,0.09739325526605645,0.6797536196100522,0.47289067744844376,-0.004274788534734552,0.19613440966135892,0.39205891035224016,0.1559057966504743,-0.3776740730895857,-0.2370208213198328,-0.14489166877670134,0.08189510599920098,0.007797182732353008,-0.0675076831448391,-0.20151959274652334,0.1710092640473219
0.120353789033368,-0.038379807997560515,-0.01792892866370729,0.26548236506744216,0.48131781576979277,0.3502759165600147,0.11377174823316562,0.30817806681337795,-0.07287102089184222,0.23736729246873378,0.24624746088861726,0.22948158265966281,0.292423633378052,0.15785121836363727,0.17565211667397035,0.28858333627640076,0.2583346527856283,0.22968467514633084,0.6363077121035222,0.13088016704926833,0.19479151617692933,0.30499956865944117,0.17409895128913677,0.1863381493583681,0.18302699632252578,0.03068647324953646,0.1849658591177869,0.23882699550258943,0.29903259097929213,0.13920699118002589,0.16069439938539826,0.1722769133894163,0.24056185234645439,0.19239800055624937,0.11172255910901685,0.23453953735973712,0.4028903751483405,0.12518403605129758,0.3022403777398371,0.10864111694638504,0.31410891754780096,0.18883013513989239,0.09317792587893405,0.012436836078432248,-0.051892521284447324,0.3610534034802389,0.28283462439551954,0.028197051032772254,0.4687973724244475,0.19060093266783817,0.036773105151639236,0.22947909130815553,-0.16063803577646377,-0.08215036511523349,-0.02547352170097694,-0.10993734922942203,-0.06508647619544067,-0.016904075001939963,0.19330488698841633
0.20702592233091965,0.16867455130349857,0.21481169042755896,0.19779848914817838,0.2115456261965096,0.3537322358089795,0.18081775262182476,0.31794281336362124,0.12791738311564366,0.16540581830373152,0.3213382612117863,0.2612158289953667,0.2548449779314642,0.30201799574311794,0.27683620993958263,0.1650646980148559,0.4054455351079353,0.08475816098917636,0.13088016704926833,1.0269708229441652,0.23973545235859808,0.2917104832127488,0.20560444552115498,0.28255118002246876,0.3579656861499016,0.2774010339654416,0.35644742522242456,0.4819914463342658,0.2702921310984305,0.6706638905565355,0.23678030506914455,0.2933805757194103,0.5005073122292022,0.23022891945394744,0.40129428581791854,0.11898056229916235,0.7713455410944804,0.4739154103749513,0.37215320100598215,0.3238828792541765,0.5049491813206973,0.3093574192093619,0.5647652769865776,0.03327762087112923,0.21348826541979712,0.35750945551349395,0.5471930947012287,0.260496046874017,1.103812258324246,0.3123705183932211,-0.55081511505819,0.21191120729201549,-0.02923929825692905,0.018214576873035855,0.02173975745904101,-0.08197314838016896,-0.17583513841166148,0.1504141704979443,0.12353570047470097
0.1764885191246363,0.16740334761734957,0.2259884998424077,0.1841250123442547,0.2289893826336851,0.2702511127093545,0.18058005104204283,0.25749559061650856,0.10827325585636646,0.18021069921419547,0.25631337310871477,0.2178378026905292,0.25417104335140445,0.22119557046792693,0.1998188562869638,0.2130227720830771,0.3293281277731827,0.2572000249951026,0.19479151617692933,0.23973545235859808,0.47055410793122,0.24464113452113176,0.2796346315313459,0.21689482687009817,0.23170295677250838,0.18111144722124736,0.2081651730021633,0.3638137139509707,0.24632229255127544,0.20894031741031646,0.25713312452223624,0.2139378295265046,0.43338644517652297,0.18348506106201937,0.3149861165828744,0.22962567866870995,0.49153622720587004,0.17202721308983301,0.3245481421704395,0.2386800454989651,0.4708286195972614,0.3919083810640151,0.340023774672558,0.010248052905459649,0.09987375204761034,0.6361520366835588,0.5439677193392302,0.10573453553626973,0.6545806086116114,0.12144068097937105,-0.08198738891600632,-0.0992098763403939,-0.0034070495706472184,-0.025337222511062765,0.021980617018047478,-0.04932589077020659,-0.1517068755384222,-0.039528419610092604,0.2396383643789555
0.26876243722382387,0.032821808095083574,0.21255800496738572,0.23851330135667864,0.3462954195598691,0.39956162670176576,0.21806659922031182,0.4264665572894666,0.02882436233403778,0.28832390751439424,0.3204540902926834,0.21542159677099723,0.47589487068240477,0.20953708080783698,-0.06066821188178154,0.3159867928911827,0.368841540092489,0.28837890601133087,0.30499956865944117,0.2917104832127488,0.24464113452113176,1.8810355982133349,0.5933325858007188,0.29354837000875067,0.28722386036022596,0.12241000384332895,0.2813322429976968,0.3096886630332137,0.47955106236004075,-0.14188460784456797,0.04936948741838483,0.14420065739442736,0.33700540740271623,0.20623329270750032,0.4381207697914801,-0.1117102885695511,0.5375257340898185,0.14584567251565636,0.294885104978225,0.23188335832660678,0.35932824616135167,0.27187069912759965,0.49698806257215894,0.02047328775697927,-0.15018429450375337,0.5907199947861838,0.6004750954841745,0.3987213362512144,0.56379598010488,0.21361344575390329,-0.2552195396969905,-0.18195678532107581,0.10388728923811885,0.039579529299861964,0.04980109162875034,-0.16769878867430538,-0.009982287947606009,-0.468789375009614,0.5335454758741307
0.19235071098380396,-0.03362976094045996,0.2568717046588238,0.22904445997913195,0.3158701501992081,0.3357789593907001,0.13685643454392016,0.4106790959236047,0.07827656089623124,0.3732380589947187,0.2903204708046803,0.19814460196141345,0.32438538930572325,0.16061272092015227,0.01782753197166944,0.2733605558622165,0.33765996736059883,0.36563454865304534,0.17409895128913677,0.20560444552115498,0.2796346315313459,0.5933325858007188,1.7873883384225613,0.4983457619684365,0.42478361354991084,0.0319439752456127,0.19500876626664368,0.3668736021007383,0.7360504447909333,0.22662111678825506,-0.13660765494471622,0.06837576029343513,0.47074416981683226,0.33269574412613856,0.4116094527697086,-0.06014252982126532,0.7430582219649937,0.07149447690098491,0.5236338901051489,0.37328516619020974,0.43047368956902926,0.2734645362922419,0.28136112909228855,-0.040592246132095895,-0.2830798495047592,1.0642314319621438,0.9868535678496415,0.4431366117103201,1.0016967534008923,0.14164254566452894,-0.2735894209096247,-0.11124931654525552,0.18679186209134815,-0.023380546175519257,0.13410003338521018,-0.1103561576986376,-0.0901657803220263,-0.38304742700049177,0.49598225792178285
0.045323258169037366,-0.02596676112824883,0.20145704661061442,0.2516096860291518,0.25177141824637367,0.28722622568452766,0.22617991573398522,0.26666986086539674,0.18465767838716077,0.33395503311401675,0.2944619736552142,0.2335818071557397,0.28864172022621154,0.20918241779836305,0.25581188783602843,0.23584493187153677,0.2894869326484525,0.2579298315973789,0.1863381493583681,0.28255118002246876,0.21689482687009817,0.29354837000875067,0.4983457619684365,0.9576677204650953,0.24385787939049766,0.035589579711120846,0.18263452146381287,0.35572064171099516,0.34497124321635,0.3578516719140673,0.4552847935100474,0.16910150726098053,0.43192159052491336,0.058004951303392956,0.2877090437220343,0.508099777958166,0.25538272384380495,0.17748173933207403,0.4469701637707631,0.2357292226109825,0.30296068427591577,0.22822275009888848,0.26070862834984754,-0.009017909620783592,-0.09619685253740076,0.6346818541028105,0.4211402360664023,-0.26840298682243807,0.8028420106992854,0.12074372946770726,-0.3102343338486356,0.15769388015813862,0.03249210144578641,-0.052516267217949365,0.08723932198182437,0.11758679577231375,-0.10832294250345517,-0.8325667504641672,0.8004597315952314
0.2630997522317155,0.0127535986061044,0.18214605995598984,0.18568589497229782,0.18819450770946197,0.22163016758722429,0.20206771190372977,0.24603365542260347,0.09087911954718267,0.21895888506231143,0.24789814420625272,0.2193270877601019,0.3091434858975864,0.27890947953350814,0.18233438161926827,0.2589610330958162,0.30712564481138654,0.2031940290298824,0.18302699632252578,0.3579656861499016,0.23170295677250838,0.28722386036022596,0.42478361354991084,0.24385787939049766,1.6967695447474764,0.15881904495482158,0.27404836134204247,0.29073631228614183,1.1829663643029247,0.4910095017288337,0.07186453272862538,0.229061278939953,0.24754759374315083,0.4644338883696274,0.3428180556804603,0.3911514151109395,0.8760861809684806,0.26277363123296926,0.3511617528392444,0.21234630161887774,0.4147350287853017,0.26050523231069306,0.31147314899364986,0.016146288415901988,0.1979290890851681,0.8192780663977368,0.6347191761014256,-0.16276164634197282,0.24419918037854796,-0.06707889661226057,0.016107184189828608,0.12292433199317564,0.10585433136670117,-0.027615951395720394,0.10226328752525965,-0.008949058131762349,-0.1320830878731897,0.010550521634551072,0.022668192982123962
0.17981157252121163,0.13014740732111701,0.2795406936659996,0.143629144714964,0.11063596248579774,0.20805389362586885,0.1895410722990822,0.29069341423021905,0.268697895545343,0.14789017306152266,0.22940120947534923,0.18213684347955872,0.21480473698202188,0.22065309852925613,0.18724892937786286,0.08583961564566023,0.170259598713173,0.2298585335016663,0.03068647324953646,0.2774010339654416,0.18111144722124736,0.12241000384332895,0.0319439752456127,0.035589579711120846,0.15881904495482158,1.4086444850996653,0.12190913941126873,0.17516062439374064,0.008960566642357481,0.17541920596436955,0.1806391864236306,0.22284687024637287,0.07982522508019832,0.33991706008840483,0.27164061149558905,-0.3219315231576456,0.34036497686608724,0.15052915141039086,-0.21715114857741125,0.13474986038837422,-0.2180121796231485,0.21936807853369308,0.3540579638513633,-0.014135271217228773,0.43598256544909564,0.19390441030458935,0.42039864890306566,0.29293305839593403,-0.17521174572704365,0.07470183705483986,-0.02126877731898039,-0.2717032100331309,-0.037545711828012335,-0.03612901467481645,0.04997808634005757,0.005889870871252802,-0.15061635332874249,0.45837700669640047,-0.35051626630080845
0.18900403755432887,0.10332882465481649,0.14963983011466794,0.20598774796719085,0.2396361427678362,0.25869604202641006,0.20227456777912117,0.28885702460647494,0.08175168060299619,0.22409044385060634,0.2732788701363775,0.2926176805458835,0.3319348773093205,0.3297123716503475,0.17916631251950085,0.3301246237736092,0.29495025262786284,0.1639321618073237,0.1849658591177869,0.35644742522242456,0.2081651730021633,0.2813322429976968,0.19500876626664368,0.18263452146381287,0.27404836134204247,0.12190913941126873,1.060122052303787,0.367909042175359,0.2930891432471468,0.21343715925778528,0.10637333009721996,0.379239143671061,0.3210351065906915,0.2619227186229202,0.42629522070269155,0.26751885990027846,0.4075628013751852,0.20013660261617658,0.3609137269195777,0.22817629977135515,0.3397205529641677,0.24693718726298747,0.3502479542770852,0.027375462492212968,-0.04143705790197216,0.6406493739598295,0.4683347990244562,-0.004748936192424595,0.6489513137047496,0.10628504480475073,-0.2973406038508266,0.21633353036098318,-0.0015570468929405358,-0.0042218451771308665,0.005537967297051234,-0.10878845253982448,-0.11696891287481724,-0.1561552389723337,0.3868298868437897
0.2015849646704444,0.06922848966736884,0.2803222671651363,0.18903091598516084,0.15947326770112816,0.36461889523889696,0.18411815066034545,0.3827264671376936,0.10946252758473955,0.26326740311461677,0.36957561756585805,0.23966359698120182,0.349385503278475,0.17353492670272844,0.320677223453858,0.2948835051042048,0.6604901163392701,0.43891369052758206,0.23882699550258943,0.4819914463342658,0.3638137139509707,0.3096886630332137,0.3668736021007383,0.35572064171099516,0.29073631228614183,0.17516062439374064,0.367909042175359,1.6352865830468868,0.1737154668664132,0.3080546104981755,0.488831281193466,0.19360350360820647,1.3060069259641542,0.023809823246559853,1.0240298321145338,-0.01978638306725457,1.0380461139150674,0.30777161905276257,0.5622035096465765,0.3800855842973801,0.546255429908951,0.3936425959578512,0.31293172770655714,-0.0006983600827025154,-0.12039971908272172,0.8423981264370536,0.834581328822856,0.3813163118992878,1.3236802405525419,0.8486436502562319,-0.5548609518032139,0.4701582341464398,-0.6237601301270227,-0.18021399512249178,0.33548358619114343,-0.11820507265885516,-0.1416053198145142,-0.24352896094662083,0.42607318186581516
0.2263067862933657,-0.03373189820330358,0.30887056401861773,0.28617110912831484,0.3877950015257112,0.3926842708401699,0.19101761089070976,0.44088550719258696,0.046635507479409304,0.34234421843504054,0.3475859472069375,0.21076388596061055,0.5302477126419237,0.25588697143232875,0.1465790985703632,0.4480862335102449,0.31492362505117416,0.295436191873439,0.29903259097929213,0.2702921310984305,0.24632229255127544,0.47955106236004075,0.7360504447909333,0.34497124321635,1.1829663643029247,0.008960566642357481,0.2930891432471468,0.1737154668664132,3.646109878956404,-0.03643101954074126,-0.47507739411871397,0.2353110134228352,-0.10554627837698217,0.8135080492876302,0.32221949155480634,0.33488032123501477,0.9823651560187202,0.1516100744661823,0.47330610032023457,0.24965408990576596,0.44206778223061516,0.2533222534924193,0.09425037007827497,-0.06769218993398998,0.05189814471203548,1.2299348702474306,1.0205891418595614,-0.13603768647061665,0.2621861460504305,0.2425393887007737,-0.07962029946954043,0.16238696788464269,-0.000527686673844297,-0.06558458129386219,0.12819943287251856,-0.21082828068125303,-0.19166037213295567,-0.20848638011217643,0.4226448125819603
0.20088218851323653,0.19717217015259472,0.23476175233297028,0.07146395292331043,-0.06465633453394462,0.018135161180474715,0.3005416902537727,0.12500396823768406,0.1685456998747962,0.09935857686121213,0.14785857555196102,0.16366274503348027,0.15000870682415124,0.29583757179377246,0.2748956137338684,0.01783774187877106,0.031160127259424106,-0.018091099237561553,0.13920699118002589,0.6706638905565355,0.20894031741031646,-0.14188460784456797,0.22662111678825506,0.3578516719140673,0.4910095017288337,0.17541920596436955,0.21343715925778528,0.3080546104981755,-0.03643101954074126,4.859934244129067,0.4668539331912304,0.41111752264434864,0.515566069778654,0.060878773383166475,0.015266942422287542,1.0301434969097991,0.6694351383542128,0.37520070071019285,0.7525822277407741,0.43150764437617023,0.3813610022276978,0.20501862623170866,0.6416123156308371,0.014722700043608473,0.4940123366356124,0.3074454268549058,0.6428436283964176,-0.7159814023063442,2.201549606073731,0.0697127342660375,-0.5449260186037478,1.0477521950258981,-0.27761364399171673,0.017439271474537884,0.19182178966401398,-0.1994878187901194,-0.17549231396185805,1.715537577970076,-1.1908608270825334
0.07258060142291106,-0.04625802768711728,0.09254779385779492,0.17929219585609454,0.12765897653839364,0.20099412233083636,0.20983679710046213,0.1649909496940559,0.1716602505865912,0.21619838032765823,0.24566387289949151,0.16150859554520886,0.15999596288035023,0.04822479660181526,0.32870667102185913,0.06560095608137141,0.2860656665080107,0.40490100032552506,0.16069439938539826,0.23678030506914455,0.25713312452223624,0.04936948741838483,-0.13660765494471622,0.4552847935100474,0.07186453272862538,0.1806391864236306,0.10637333009721996,0.488831281193466,-0.47507739411871397,0.4668539331912304,1.9356737232362307,0.07606120418142465,0.6438465102459471,0.01944057202697344,0.10514868575392439,0.8492315274179266,0.3155186599494005,0.2682903011918582,0.36509843571891065,0.06925906882671257,0.3127230527024748,0.23398053400222327,0.1981001589916433,-0.002220012512754157,0.0914695466615875,0.5446324125041812,0.20409684927304808,-0.5862662029914018,0.3324546927357416,0.37238990963819774,-0.2870858774525345,0.27180228953586766,-0.30309657538245743,-0.12038318521913699,0.1700718387250027,0.24140447112441468,0.058354139396799905,-0.44467583215581513,0.07310452201435144
0.1498729830446925,0.16355593672707558,-0.01315573681296036,0.22225775231487832,0.2679279266642246,0.2343832332617085,0.1835426801506811,0.20109387801552664,0.12256359147126192,0.188449618685399,0.22013278434814562,0.28412127034187495,0.27654893708292594,0.6390965151886058,0.20691913533787085,0.3251154504673135,0.2138446350414983,0.06187209505361054,0.1722769133894163,0.2933805757194103,0.2139378295265046,0.14420065739442736,0.06837576029343513,0.16910150726098053,0.229061278939953,0.22284687024637287,0.379239143671061,0.19360350360820647,0.2353110134228352,0.41111752264434864,0.07606120418142465,0.9662898370367319,0.09167668982678767,0.3933710937857087,0.3279936129733643,0.24976623368003795,0.0012744006543129538,0.21329113093400975,0.32335524251407993,0.2495733181239454,0.29457697707298025,0.24654559653223973,0.3031690565020608,0.026431966461051542,-0.013704315019920888,0.5666252812572063,0.5397102067264382,-0.040657555562591444,0.6746578950695233,-0.04869333888212304,-0.11229224159958735,0.03956083908474552,-0.12215529001003213,0.11453295161345735,-0.16850932671502838,-0.0024610196321854625,-0.28516054220688314,0.14673857886831965,0.2808496828086601
0.24825258318058094,0.04141026639235063,0.24888445880699192,0.2149719456770226,0.2564158939953756,0.33308978102783715,0.22066270040481248,0.25976663246676507,0.13736062433989796,0.13316885437565226,0.3034103387217317,0.2525063230896431,0.3352941827929106,0.13338318213889935,0.23167748844373165,0.14353833204759348,0.593648590718899,0.36981419048525077,0.24056185234645439,0.5005073122292022,0.43338644517652297,0.33700540740271623,0.47074416981683226,0.43192159052491336,0.24754759374315083,0.07982522508019832,0.3210351065906915,1.3060069259641542,-0.10554627837698217,0.515566069778654,0.6438465102459471,0.09167668982678767,2.970104734781399,-0.4276559868949559,-0.08129612288013197,0.25153467020982334,1.3689210057796353,0.35640079860948526,0.3477036980137722,0.07210513447223485,0.5565943625932485,0.49352616616581557,0.3640533549341171,-0.07407907105288314,-0.5918610436706001,1.0173338441937776,0.7384417166971639,0.03313745420706544,1.8233464785074402,0.4329419247453268,-0.5518778418720368,0.14425226511432135,0.013051368162634441,-0.32412467708185283,0.3818076570019808,-0.22086551608533148,-0.08562054909952928,-0.33589701713970954,0.5439196992396941
-0.042295852438253095,-0.036304899364695,0.20121090257075933,0.2502188622159734,0.2950350743727486,0.3379272464666041,0.17349624519582504,0.381329934740129,0.13732431208440637,0.28549240882346133,0.2880274675326102,0.2301608745417601,0.31702233521579454,0.2887062211574905,0.1907655322677581,0.2873488467930333,0.2430877969971577,0.19823043793327,0.19239800055624937,0.23022891945394744,0.18348506106201937,0.20623329270750032,0.33269574412613856,0.058004951303392956,0.4644338883696274,0.33991706008840483,0.2619227186229202,0.023809823246559853,0.8135080492876302,0.060878773383166475,0.01944057202697344,0.3933710937857087,-0.4276559868949559,2.055180611604982,0.4244322750604627,-0.29821610008166044,1.2545416993294318,0.16094949823719687,0.1973520245685816,-0.019317125244987014,0.34217967443874464,0.21969863029216372,0.22676411083057835,0.08279891902756038,-0.12303032181450588,0.23180595695624664,0.814374568152686,0.581549631021275,-0.014081476417479609,0.1812744512005763,-0.3187674082319494,0.18827121228932722,-0.07063279153049486,0.0017581500724718519,-0.03630229194175057,-0.04622193173737953,-0.2849922702996849,0.286849351908448,0.007992692111944324
