1.6913441346520541,0.43838585821571624,0.44953743463078943,0.1610304376344227,0.4199005040778228,-0.06247486521417293,0.5308299206230361,0.18520401899352434,0.14272640006206377,0.3173246069450883,0.20130972191758256,0.2711114177438228,0.13774483524463468,0.2101229519807227,0.2699366435666963,0.2520032813938877,0.17161857674417047,0.308996733279655,0.15392045458276327,0.12273916347345695,0.23962307859050455,0.21026461446694397,0.22624963540565116,0.004287291323337339,0.32962123462238585,0.29366060565979674,0.2797887464335655,0.20763492349518323,0.09697980014937202,0.003914285514811597,0.2554272656730659,0.18855003984086555,0.1833785209057115,-0.1061272292894117,0.16630481038414366,0.301965792892333,0.19276790446970896,0.2661114135562477,0.08105773907905316,0.18823608826885835,0.23333554583294733,0.21555496942870725,-0.006997736417871587,0.14965684979166544,0.17985235776895442,0.2181122540584459,0.3791539492476291,-0.02599634389841825,-0.12920493002881567,-0.04418001201610086,0.01734171371590312,0.03467164584260744,-0.07717573929535218,0.04350415858362497,0.1946764423550058,0.11246010483959372,0.08268676117746793,0.006382680777385998,-0.3945596152924978,0.06884022961486012
0.43838585821571624,3.659683292908359,0.40492837176200336,-0.06182087207028153,-0.021751607947148144,0.3833808303136996,0.12319511104255523,0.3043703466111792,0.11204455577550855,0.206243443044914,0.12512696917626673,0.15449918297585694,0.10571464547016053,0.08668246848947385,0.1445714181749301,0.05903480007804606,0.019321193320011143,0.45209526515042825,0.2505579783849125,0.19044679798541558,0.4455533696556351,0.07565845420641665,-0.16551628565290538,0.10271648315412467,0.3670653707234316,0.2855541866718983,0.8471048952488622,0.3403608650462238,0.4810508098918431,0.06628281470489057,0.26568342671331774,0.19586492018745724,0.2115831443781383,0.16740205184523244,0.21768869105806515,0.41525615651412995,0.5652933585587095,0.36568981180872684,-0.044100448196226286,0.24593155339182896,0.16552830004081776,0.41797135165730104,0.16877787422724397,-0.12778121429190759,0.475287882110683,0.3360557893968359,0.3139032654220366,-0.0371353263387795,-0.20004444128127205,-0.27659530711453434,0.5006789272794417,0.04246402531521822,-0.284763217353216,0.04231939098932895,-0.7453017042365185,-0.13312585660745274,0.1403569797741701,0.6187797496290237,0.21286681996084958,0.3620202737420815
0.44953743463078943,0.40492837176200336,2.6376044688081066,0.3705810229177644,0.4812273678792363,0.3355328607325823,0.1324312229048265,0.5727483814722835,0.48444328750777904,0.6161349842438812,0.3754248585080897,0.3750915045907267,0.25114067463061324,0.36903760207734276,0.3143713541614139,0.28285232661807186,0.465342101959768,0.422267261844739,0.3836240552274737,0.18861725540726382,0.4070901060439539,0.4011208580811214,0.24874134375195325,0.2955035408126801,0.33297149723808883,0.43890060890027666,0.38023006626086087,0.32433767912628003,0.2785208383334507,-0.31448060161203284,0.42199350693896115,0.3753515306578503,0.41000576340541905,0.5357687257372086,0.2378188519697764,0.6384869876500671,0.5420508503127491,0.5008187270938868,0.22036504837863305,-0.23356602866010379,0.2266939365028155,0.38667423816922,-0.14884014674868745,0.3338716708833655,0.020274499481187293,0.6537905875225294,0.5307602826946012,-0.07637027410964255,-0.3281579392798539,0.22649992948648992,-0.16725994107271527,0.12325695640203276,0.07757887484502632,-0.10443909617643432,0.026456164568459294,0.0745380106396445,-0.07913728687517056,0.04056089202418854,-0.16977616501232937,0.21137300227796052
0.1610304376344227,-0.06182087207028153,0.3705810229177644,1.0280972193202556,0.390412373253968,0.232900600102833,0.28254600426651627,0.2603602971681598,0.15112838525513744,0.2350999377045418,0.2470832386154646,0.2738040297718553,0.1739352073033726,0.28355956545960176,0.1936911290357281,0.2883243394426887,0.26459626363934774,0.26753906447082276,0.24434089417784885,0.16644954210446605,0.22912841298529246,0.23342366618196864,0.14514973156076988,0.27224616721398764,0.2350601244056527,0.22837999908054268,-0.027914332233751695,0.08369443743477656,0.1763443445719784,0.2553656626801665,0.2271869086047974,0.22900382400485658,0.28273581131769165,0.3546215414295027,-0.04123017886659842,0.29752668932275955,0.30219261619766463,0.3108956712085509,0.288245868489074,-0.005403856294770191,0.20103749294408588,0.19265446007159653,0.15543149885273191,0.7091571809281182,-0.19204643373753202,0.27815722994762543,0.30175879023209046,-0.025130506764179265,0.19649278573852935,0.19071461870856848,-0.06262466198102112,-0.08512155246086607,0.0998088406208308,-0.1767480763186068,-0.11357627059055647,-0.04381680383302537,-0.20041136760864212,0.2385100891899063,0.026604703248276275,0.03265842350366495
0.4199005040778228,-0.021751607947148144,0.4812273678792363,0.390412373253968,1.4929348162755591,-0.017041319855976324,0.23807583443974473,0.31060264797757264,0.3243661418848654,0.17868740785359932,0.18985571925710643,0.20399480492791017,0.19559754060807963,0.1883708595716366,0.2912481274367899,0.2863493169571957,0.16955003561640067,0.24191741286471988,0.5498231738782957,0.13334714239304504,0.1774392682043196,0.2911247820061256,0.2595657172974485,0.2253790879604827,0.03460243911479813,0.1765402733481737,-0.11430724920495755,0.07631038882458664,0.1523552191670013,-0.11956632487384318,0.19387693890107893,0.1783471141754784,0.42297350342617496,0.28330040123617173,-0.1432668545967261,0.13784907663824078,0.45310671047523793,0.2988914304878114,0.2871166557969208,-0.07712570463688137,0.0822670013765743,0.15400688580585264,-0.007924368159332118,0.22545465548096869,-0.11273903437951507,0.17010234307474525,0.4906560501271745,0.007863561071686296,0.14672880470608343,0.4158550688939033,-0.28909829139673016,-0.13976477208786559,0.16468240914055252,-0.17810040627438525,-0.08213803139605215,-0.11835076533490825,-0.1526550925863798,0.21315502896163807,0.02217987210739488,0.054541834324002475
-0.06247486521417293,0.3833808303136996,0.3355328607325823,0.232900600102833,-0.017041319855976324,1.110356022321617,-0.19754736962219177,0.3642149027027742,0.18805640896207995,0.191805536263965,0.25535127363029775,0.27075069209625474,0.15209568833517964,0.3402373328875497,0.13670537756160073,0.15217576399424407,0.3266440833598679,0.239445188463286,0.44311166439784044,0.37100371995665077,0.3397233866057541,0.19444093994039435,0.12027356628051099,0.36645898656864534,0.32182877661343157,0.25304746480221096,0.13151730928241107,0.15595685806839585,0.30935079710303753,0.17060643656307756,0.25004444850751323,0.27822300289377433,0.4168621943932454,0.25340123867586883,-0.060238135875326344,0.3094027191077491,0.5255648494459395,0.4022446768932125,0.23180496151716726,0.07147815815897482,0.19808193391221066,0.2960645716183991,0.18000590334268643,0.18475708380492237,0.11960836133311029,0.29802547547045016,0.24227358260159565,-0.024206352850133867,0.13855373146658895,0.28254648433495094,-0.2702371346468609,-0.05592514294683679,0.11585999654807112,-0.03252788977996168,-0.1940889177009953,-0.11572007498312742,-0.1238383617394214,0.2528071396706691,0.17240292775212698,0.14223462542676238
0.5308299206230361,0.12319511104255523,0.1324312229048265,0.28254600426651627,0.23807583443974473,-0.19754736962219177,0.8421859735752433,0.07557445278104866,0.20685821995040746,0.16994586132212672,0.1899332151087847,0.2673374154721549,0.17154106546394654,0.1042505862847837,0.18191432339100155,0.26306428794788494,0.17953222991725148,0.17819988745122126,0.055813478534290084,0.13328924055616442,0.1995156316344027,0.24704134248515172,0.08356759091791764,0.10889963710123082,0.22102816653026602,0.21856626530274045,0.23956141893785415,0.18966755318502357,0.127313329005806,0.1162398129540158,0.20212063472013955,0.18227293464921626,0.10022769572387977,0.22496985781378712,0.1541681760555499,0.21622649135416044,0.14167688175260387,0.18461938662465843,0.17371470484015733,0.11325601658275108,0.11456098299941908,0.17296087852123807,0.11699942723997973,0.2770043941382747,-0.0075139631492164285,0.16344613695920945,0.3531271907547419,-0.02355829075069325,0.20806972731312867,-0.07913857103946374,0.06392558883620554,0.09645544105065612,-0.1951531700698447,-0.06209573250879561,0.018098604998651197,0.1557149824260181,0.023560999985357104,0.04294343056537665,-0.2494902289974277,0.13647724563689098
0.18520401899352434,0.3043703466111792,0.5727483814722835,0.2603602971681598,0.31060264797757264,0.3642149027027742,0.07557445278104866,0.7979140489087436,0.09047781345261148,0.20540747739200155,0.2645926747171115,0.08717077590814695,0.17567354873367474,0.2920071247356585,0.07880338668789898,0.18408133889802192,0.29257687077271016,0.2653202404398963,0.2600940117933592,0.25849300679893134,0.20057727910343923,0.16651704153917452,0.140892588644374,0.24227261001575326,0.2354172555325198,0.2498609830451157,0.2290260217906794,0.054215544616346624,0.2840623356682867,0.1935477034341125,0.1960376574474033,0.22117666176646533,0.21146969630213983,0.3074399543942303,0.07815085266269807,0.2632486823709342,0.34931160974153447,0.2924757668896027,0.32025899864113677,0.028305728087299413,0.1872017416686363,0.19736782928635324,0.14634445800034826,0.23796087794117543,0.023957321948424756,0.32264179478998667,0.33104923821203724,-0.0250206951955672,0.2359337439081234,0.2034957900181868,-0.07806302028219553,-0.2820160493357142,0.3508794193065596,-0.07858201136724488,-0.1903943836196142,-0.16376247845108977,0.07711274792913542,0.33722993511149635,-0.0766821755672722,0.10110236277049295
0.14272640006206377,0.11204455577550855,0.48444328750777904,0.15112838525513744,0.3243661418848654,0.18805640896207995,0.20685821995040746,0.09047781345261148,0.7711061825808867,0.15692273616871374,0.1733142398946927,0.18336320916752344,0.18923021526087877,0.1624367375448343,0.17949795604633467,0.10665561765448828,0.212125231381585,0.14029323009610653,0.22313540190794992,0.08754082231270374,0.26409853870655337,0.3979865193466741,0.11742306079218728,0.2246545346386977,0.08122925677289759,0.2789863638732546,0.24658827175708056,0.22636234066297597,0.036605566477553864,0.002721449218850684,0.2191562765009842,0.22037038047954832,0.31986283134654164,0.18723726992821266,0.11666526322081656,0.24976403828015437,0.20174102955497564,0.2449489544025376,0.17179392428840498,0.03434280602339307,0.13985778553021339,0.21892777259580742,-0.032975011600668784,0.14729085491573074,-0.054632286589735596,0.2408835173949157,0.23980107026009748,-0.027587004227341446,0.5023957911758136,-0.0218215718188127,-0.07421695592712711,-0.008101605296518358,0.10498732665539122,-0.012862761955594382,-0.001697356416328435,0.11518681375900074,0.012415531431845516,0.0013097400858429473,-0.17036379866403079,0.27397371713182617
0.3173246069450883,0.206243443044914,0.6161349842438812,0.2350999377045418,0.17868740785359932,0.191805536263965,0.16994586132212672,0.20540747739200155,0.15692273616871374,0.7453014594811744,0.24616064275133082,0.30706901606386555,0.1539476012924198,0.2172418439080412,0.2472304270266352,0.24124984207160913,0.2559271894779854,0.2591270835165012,0.14330372379487763,0.07915978651272391,0.22727427814105572,0.219016199157288,0.20323492530681697,0.1648334666474741,0.231885202258698,0.22666590125277783,0.34629894455680027,0.20798738333361083,0.2516126741393466,0.046129523787217575,0.22709490751996758,0.22678336763802964,0.13719200230745612,0.37492600143779736,0.25428726769818893,0.2782864255200289,0.25445439711100487,0.2616968307606232,0.1431973061770667,0.02765326793056547,0.15981160584967405,0.223758985743965,0.10430963968663193,0.21202329507854176,0.004268286495416765,0.2212715399946351,0.5049302579558625,-0.032547533396022885,-0.03395657957739475,-0.1438148340457419,-0.2098934951629754,0.1443866936657291,0.09112444129873691,0.11765154367882984,0.07714903799379791,0.07012365782298446,-0.060309570605798175,-0.05698168139702249,0.02340948458948123,0.1720216799754571
0.20130972191758256,0.12512696917626673,0.3754248585080897,0.2470832386154646,0.18985571925710643,0.25535127363029775,0.1899332151087847,0.2645926747171115,0.1733142398946927,0.24616064275133082,0.42694073747109984,0.26267314679427256,0.1942291938243549,0.22427390860122917,0.2338231693813153,0.2069792547955657,0.3356529880262934,0.21729871021286656,0.1699156265031747,0.23648994935286707,0.2364031624993098,0.19735732581510856,0.15087031812648788,0.21281492191847956,0.19370998276587548,0.25598530994228236,0.2010313194831721,0.1757424495085659,0.2227199525167964,0.07828435536575015,0.2023509301550637,0.2051486637661318,0.2452880329051526,0.24209484265607367,0.17222643280785113,0.22056897237767625,0.31827168727376814,0.24338793557970123,0.22151911056652612,0.06964743799886843,0.1452162945514532,0.2209516457425652,0.05745903450615691,0.08083542137873609,0.047526811339510366,0.21196781000909312,0.380185701909317,-0.018831316552733544,0.15687367595765667,0.05297152718295101,-0.1865221351793468,-0.015648840970864858,0.2064071593307341,-0.01313106089740898,-0.07178028380101015,0.0015590369072235983,-0.07736009639506085,0.14041872656199475,-0.03555466746868705,0.13809573058868124
0.2711114177438228,0.15449918297585694,0.3750915045907267,0.2738040297718553,0.20399480492791017,0.27075069209625474,0.2673374154721549,0.08717077590814695,0.18336320916752344,0.30706901606386555,0.26267314679427256,0.7399640885839226,0.16021212695452203,0.2407662638430489,0.2237800629730323,0.2634296337611829,0.26536471658436095,0.15278787251651113,0.2261314827847025,0.18325518012104547,0.23879943105387888,0.21362775862719122,0.09139175140692325,0.12961224124942375,0.2373943053960328,0.3008657527658557,0.3201510558943852,0.1490926782127213,0.114068645902305,-0.07924798249626276,0.27359686815154977,0.2762296724537271,0.1335037647553006,0.26035997604547334,0.07329848636819507,0.338322790776908,0.1814772653571399,0.2831687192134626,0.11321450095652917,0.08621304534488279,0.09975170251803853,0.2103440190618187,0.055384906046867986,0.16455497175002165,0.05455253578390943,0.18074364022566844,0.28947092864234103,-0.013441987335175529,-0.04761516495412062,-0.09238862340801633,-0.03853193472718384,0.19428183370154012,-0.1641523165367894,-0.03745585016632477,-0.02218669973111605,0.18243369476660998,-0.10084992132937597,0.07710600698985352,-0.20358751233140918,0.10067754251170283
0.13774483524463468,0.10571464547016053,0.25114067463061324,0.1739352073033726,0.19559754060807963,0.15209568833517964,0.17154106546394654,0.17567354873367474,0.18923021526087877,0.1539476012924198,0.1942291938243549,0.16021212695452203,0.32964568403210515,0.1421913037901435,0.10072963534700613,0.1949302300447269,0.1882309902350877,0.13920297998634507,0.14345027107830405,0.12941453505036082,0.1650849346037361,0.20787737787819763,0.08057231476161406,0.1777892311154583,0.13152419246403674,0.17396104179312732,0.11087464021635735,0.1532624198715217,0.2085738605858166,0.11944670231799583,0.12141534433649531,0.16730015009470225,0.14096651868298699,0.19761402317537155,0.14505707358958234,0.14369053170823345,0.1779589954915394,0.1606427637144296,0.1817087456922609,0.04573484324370571,0.12167964919629841,0.14914950546607558,0.06979782957408284,0.16495937196332,-0.0004254954116159272,0.13267983744411904,0.24746847397106156,-0.014782136535960515,0.16370800043012076,0.10075505812327347,-0.0644363393461965,-0.058203999921995445,-0.01380518984629216,-0.0010104051168023597,-0.005632570818913784,-0.017409705137993243,-0.11564265103323794,-0.0035654177012761287,0.11529630143371261,0.0999347959794818
0.2101229519807227,0.08668246848947385,0.36903760207734276,0.28355956545960176,0.1883708595716366,0.3402373328875497,0.1042505862847837,0.2920071247356585,0.1624367375448343,0.2172418439080412,0.22427390860122917,0.2407662638430489,0.1421913037901435,0.519536864775244,0.18048912073786577,0.2524000365227951,0.25739079058524617,0.203094795666002,0.21795397304537145,0.18713726633390768,0.23944231864332577,0.20755072175691267,0.10181515954988511,0.26293768912851684,0.22887274356230836,0.3146625402286519,0.1517429523396586,0.1664810759882875,0.1286714846707135,0.11152461911294158,0.2270738358759664,0.3198720202977205,0.2954797607158272,0.2064804299298723,0.13849471246287576,0.33775056543093307,0.28737829392474773,0.27580443288403683,0.14452652026418955,0.04047544302535244,0.24569422569959537,0.22984769692901708,-0.034687311333291865,0.2422701250677189,-0.07166147094177702,0.2433620547359874,0.2101998726622141,-0.024674340537324323,0.2154176779364739,0.07347816499751827,-0.12492631101399454,-0.04719996664521418,0.20268182285946584,-0.04736765831579764,-0.1384867379628422,0.03570284926876488,-0.14423345061199597,0.24107452459664364,-0.09746805901147232,0.0027579738219256395
0.2699366435666963,0.1445714181749301,0.3143713541614139,0.1936911290357281,0.2912481274367899,0.13670537756160073,0.18191432339100155,0.07880338668789898,0.17949795604633467,0.2472304270266352,0.2338231693813153,0.2237800629730323,0.10072963534700613,0.18048912073786577,0.7642626556203189,0.17559761115838834,0.28011518514220385,0.24511632550652582,0.21481810407987953,0.20710325447445127,0.23425318080095037,0.13243980311938447,0.03952439507732069,0.20834487471246382,0.18824739797854328,0.26330217899442815,0.13200732691657957,0.3194403460864161,0.1616422957347283,0.07924904514098724,0.194482426224624,0.16101928553136977,0.3091164321092524,0.19249193835170533,0.23857402527215038,0.17897305096460478,0.361761978577606,0.17091254494268565,0.09194143993683958,0.012397190488206769,0.13546970781662954,0.22279566207401388,0.06919369364202313,0.04000849965363323,0.01766017738787082,0.13775973070772926,0.32975217105341853,-0.013306048683880058,0.09522588854122242,-0.01695964144705433,-0.3574374500049944,0.4432544425028214,-0.0794502034593297,0.001971278141099912,-0.05810636597130331,0.14385870946542684,-0.21441486006624538,0.13680935005141057,-0.05035997402828573,0.08089063053341584
0.2520032813938877,0.05903480007804606,0.28285232661807186,0.2883243394426887,0.2863493169571957,0.15217576399424407,0.26306428794788494,0.18408133889802192,0.10665561765448828,0.24124984207160913,0.2069792547955657,0.2634296337611829,0.1949302300447269,0.2524000365227951,0.17559761115838834,0.7508752658205146,0.24467517719611637,0.22452225809707632,0.22862328175987584,0.042653116796297234,0.21511135616479585,0.3801658360621613,0.13106367719086492,0.18959276226526262,0.17932604848414785,0.18310347260009607,0.04369115044405085,0.22682691872657001,0.22499956846334934,0.16663735624541887,0.17058230743774397,0.2721090181981358,0.1079582875007397,0.27752185352875985,0.2978039006123196,0.2963122649436469,0.12701473449690806,0.12829870583431904,0.2310602618608912,0.09387888379448543,0.18188877795254715,0.20038458845211587,-7.307714547216692e-5,0.37028908996549154,-0.07174045100883512,0.1768853136102862,0.30378050006915913,-0.02210234797112822,0.00889216033971814,-0.06391087914731403,0.04917609959605522,-0.042410034285845846,-0.07908077211670278,-0.03513254870023812,0.000930308768587424,0.06530431766459763,-0.2022135968141505,0.08604119899358044,0.02210461720938827,0.08345290588334162
0.17161857674417047,0.019321193320011143,0.465342101959768,0.26459626363934774,0.16955003561640067,0.3266440833598679,0.17953222991725148,0.29257687077271016,0.212125231381585,0.2559271894779854,0.3356529880262934,0.26536471658436095,0.1882309902350877,0.25739079058524617,0.28011518514220385,0.24467517719611637,0.89753043218789,0.24147068183737627,0.2033903039447686,0.3839685879295587,0.3350778199692609,0.25225065627878496,0.19150280936875755,0.20640350884896547,0.41117095313723073,0.2653044934578906,0.15484048327853414,0.29099157501372325,0.3005633943742134,0.09435026985633051,0.32186624692387744,0.21616205651132744,0.2981854455901304,0.3256235684537046,0.3143480658624215,0.2807973048084499,0.5860755247397601,0.33815725950652586,0.3292029973587409,0.10710412116969538,0.23146372070809373,0.3215176999824865,0.06109143520174111,0.12345446050816386,0.16075137793814606,0.3040910977227424,0.6773226333503025,-0.028426887112559196,-0.08746200137353824,0.3451831702867665,-0.22115415410472078,0.02441356615778428,0.1538265204125673,-0.08536014083014094,-0.015445037438927335,0.03174160026745084,-0.12585659256573423,0.10762129091798965,-0.05089396511607627,0.14288664784084876
0.308996733279655,0.45209526515042825,0.422267261844739,0.26753906447082276,0.24191741286471988,0.239445188463286,0.17819988745122126,0.2653202404398963,0.14029323009610653,0.2591270835165012,0.21729871021286656,0.15278787251651113,0.13920297998634507,0.203094795666002,0.24511632550652582,0.22452225809707632,0.24147068183737627,0.8716804873057628,0.24606166515016872,0.07039074375167047,0.28722627046146776,0.17968004469907212,0.21433080344159866,0.3133506908508101,0.2707511442072733,0.42649854098525075,-0.24530863615840887,0.2670251928537918,0.20920488224046102,0.15927411121241405,0.1900409034056731,0.20655574452052905,0.3620149961612658,0.1805133548612778,0.12894215437223672,0.2796873198070369,0.38380083827965206,0.2544994910598574,0.06920004301136361,0.08320461847319374,0.24242838389030122,0.26891416178661204,0.20552632921301206,0.27458571212291605,0.042057615367014786,0.2693341865126148,0.37719075177650285,-0.021551345205540137,-0.034940836823857575,0.10744051988647281,0.054213160283413796,0.04632470470351315,-0.027190705751361587,-0.04486069809505258,-0.1710929585131767,-0.010340899088139637,-0.08529784925289564,0.30078095639192004,-0.07024728704435929,0.08827738081055041
0.15392045458276327,0.2505579783849125,0.3836240552274737,0.24434089417784885,0.5498231738782957,0.44311166439784044,0.055813478534290084,0.2600940117933592,0.22313540190794992,0.14330372379487763,0.1699156265031747,0.2261314827847025,0.14345027107830405,0.21795397304537145,0.21481810407987953,0.22862328175987584,0.2033903039447686,0.24606166515016872,0.7568167740398747,0.2525662108594402,0.25539939711086,0.2226687724433346,0.023517623463478087,0.24698383626202383,0.21556956360085844,0.18815778943031422,-0.04851681240150177,0.17858968371161543,0.13432288638415588,0.09839969856406729,0.24602063247444603,0.24036136222116844,0.2886539690569791,0.2223736493989339,-0.07549103515115561,0.3303286391453846,0.28238264522514067,0.38583978170216654,0.18297083585767215,0.06759288615975903,0.1858668601343296,0.21610701371313537,0.24171588233679708,0.3211525914474097,0.07035644627555836,0.2621748410869262,0.26024045987642896,0.010800224748218788,-0.11762047505113978,0.11722411738448602,0.2126804997590102,0.19357416476906716,-0.27798216656201696,-0.1728113840020073,-0.15432453737730642,-0.06502485713381889,-0.07217724888197713,0.22210496212189754,0.02885316051010608,0.12634957718986467
0.12273916347345695,0.19044679798541558,0.18861725540726382,0.16644954210446605,0.13334714239304504,0.37100371995665077,0.13328924055616442,0.25849300679893134,0.08754082231270374,0.07915978651272391,0.23648994935286707,0.18325518012104547,0.12941453505036082,0.18713726633390768,0.20710325447445127,0.042653116796297234,0.3839685879295587,0.07039074375167047,0.2525662108594402,1.3405712186768175,0.13669889718292763,0.007281447968836539,0.050075801224774,0.20014692396588094,0.2368365458968691,0.27977235822667057,0.22970685201238455,0.16933188675021296,0.5102837565160616,0.15497884124726824,0.17056209464229652,0.17649993981941184,0.1463551757593292,0.32936905371277275,0.1309013295784259,-0.14812592558845653,0.7170426967338125,0.4165188318598966,0.3330173971735196,0.2594264608068601,0.07612600243883084,0.19510631693261887,0.5319432792242227,-0.1733613376106606,0.4427861788692553,0.1595517596659741,0.5686079619930655,0.04329327423990824,0.48278207809058743,0.2141539891849421,-0.20102490167808026,0.18466622975179664,-0.10181434356281255,-0.12910343681819256,-0.13808173372488905,-0.0793489897009955,-0.023205056866809053,0.2136125788283135,-0.03166077159258317,0.075620298953692
0.23962307859050455,0.4455533696556351,0.4070901060439539,0.22912841298529246,0.1774392682043196,0.3397233866057541,0.1995156316344027,0.20057727910343923,0.26409853870655337,0.22727427814105572,0.2364031624993098,0.23879943105387888,0.1650849346037361,0.23944231864332577,0.23425318080095037,0.21511135616479585,0.3350778199692609,0.28722627046146776,0.25539939711086,0.13669889718292763,0.5906431207902915,0.2399743183733708,0.17717618948640507,0.24398336152005345,0.33026316709087467,0.24903434309282504,0.18931253458280053,0.3971146807296386,0.16314745369026576,0.15042188620746538,0.39394110716894126,0.2499677003429123,0.41473056335821595,0.23497424837648795,0.3282098631849723,0.6625553960298399,0.4475115929654403,0.34980517289392765,0.21363121793463966,0.19763035512469762,0.28711625496501525,0.5010236365427684,-0.13229567956339086,0.24967800195726692,0.1419220087415819,0.3643164549409738,0.45894662435042927,-0.04601447399575708,-0.2538686122490938,0.10752016637628127,-0.05944335808239738,0.03193419736393311,0.0016747754954352279,-0.02406396295214802,-0.10113550301647992,0.03338942062068863,-0.11187610263557976,0.14018757074731247,0.025553341285515372,0.20938730611865197
0.21026461446694397,0.07565845420641665,0.4011208580811214,0.23342366618196864,0.2911247820061256,0.19444093994039435,0.24704134248515172,0.16651704153917452,0.3979865193466741,0.219016199157288,0.19735732581510856,0.21362775862719122,0.20787737787819763,0.20755072175691267,0.13243980311938447,0.3801658360621613,0.25225065627878496,0.17968004469907212,0.2226687724433346,0.007281447968836539,0.2399743183733708,0.6070205167085146,0.19817454765136577,0.20158643543435384,0.1226119486923917,0.20387811822430463,0.17511832072133754,0.21194547613091969,0.13616801466710915,0.07644386368564646,0.2118119676570677,0.2569029146673107,0.2262218894926637,0.2594810808908632,0.1759689373772846,0.27782225066868477,0.17629431219372754,0.2069650276582579,0.23490002043194932,0.045292176272431865,0.16962637143952547,0.20665491950822007,-0.024493625041556662,0.2938225407473235,-0.08696430212284746,0.21834276940141326,0.3148486363186786,-0.023985737818041437,0.2270650352349968,0.012851010427082107,-0.010149400508694556,-0.07382458352100853,0.002516627815494398,-0.04531642418536013,0.006066335055970793,0.06976990691888435,-0.0951168403714707,0.033623101689126036,-0.061882058149804395,0.168023337647812
0.22624963540565116,-0.16551628565290538,0.24874134375195325,0.14514973156076988,0.2595657172974485,0.12027356628051099,0.08356759091791764,0.140892588644374,0.11742306079218728,0.20323492530681697,0.15087031812648788,0.09139175140692325,0.08057231476161406,0.10181515954988511,0.03952439507732069,0.13106367719086492,0.19150280936875755,0.21433080344159866,0.023517623463478087,0.050075801224774,0.17717618948640507,0.19817454765136577,1.7596903801857395,0.24483883454906774,0.39040600256993113,-0.1508327863659085,0.30157748802659484,0.21209109541667567,0.2559209723558473,-0.016408987458733447,0.2537550258545139,0.017184853899546885,0.6626927289602574,0.24881084102053533,-0.00821931888775018,0.22377799288558803,0.6568794919826759,-0.062093586507598976,0.46238985473912786,0.15382799991819182,0.12692687193582688,0.21221346435963082,-0.36903859189900723,-0.07180503035305387,-0.13572197504803216,0.26196536330414777,0.773380042168864,0.030565511986124925,-7.243536483158025e-5,0.6160479125140759,-0.41090634626599143,-0.27073803461924983,0.3708576623823627,-0.15271521702967972,0.132376817902217,-0.04495398607957058,-0.08253832728875306,-0.10107730481887262,0.15092405013881152,0.022786838496153553
0.004287291323337339,0.10271648315412467,0.2955035408126801,0.27224616721398764,0.2253790879604827,0.36645898656864534,0.10889963710123082,0.24227261001575326,0.2246545346386977,0.1648334666474741,0.21281492191847956,0.12961224124942375,0.1777892311154583,0.26293768912851684,0.20834487471246382,0.18959276226526262,0.20640350884896547,0.3133506908508101,0.24698383626202383,0.20014692396588094,0.24398336152005345,0.20158643543435384,0.24483883454906774,0.8667256910482447,0.2800247872233044,0.11451174649229966,0.0639288879979326,0.3637996621349157,0.16990042135214983,0.5507793161219606,0.18139652830342254,0.26957541181800604,0.8152407030388517,0.16748920606478085,0.03163262815574666,0.31258364602075195,0.5192221946904134,0.30119529629659075,0.24991793118540498,-0.033866170759111254,0.23402722026351164,0.2510961410425675,0.15127073806804806,0.3402475143924257,-0.17325375639285143,0.33879880237765503,0.2580887500017989,-0.04567905489799677,0.6170013769368431,0.17313261549729267,-0.24002310359879475,-0.018640623913877385,0.22559365204876092,-0.11339940361432538,-0.14960700075017297,-0.14337122130910251,-0.09120190685669612,0.17161847306747463,0.14212656634227966,0.09152708872581161
0.32962123462238585,0.3670653707234316,0.33297149723808883,0.2350601244056527,0.03460243911479813,0.32182877661343157,0.22102816653026602,0.2354172555325198,0.08122925677289759,0.231885202258698,0.19370998276587548,0.2373943053960328,0.13152419246403674,0.22887274356230836,0.18824739797854328,0.17932604848414785,0.41117095313723073,0.2707511442072733,0.21556956360085844,0.2368365458968691,0.33026316709087467,0.1226119486923917,0.39040600256993113,0.2800247872233044,2.012591120211403,0.08781450521247149,0.31194327527894516,0.2612050326850186,0.6109355998426547,0.5575735708686027,0.4692421936836841,0.24258232266355018,0.18199951017298155,0.4401805476921159,0.27999939467168516,0.6257000640538973,0.3214821816869967,0.5166728598887267,0.39053380619571526,0.1851375063690235,0.1555945788713392,0.34356763551527664,0.49732062579371533,0.6121871088089313,0.27412499402725704,0.5277491367488808,0.5799464695264447,-0.09159491506632846,-0.7441857329131762,-0.07860018344054556,0.1729650580840821,-0.018106211165111838,-0.06697215363129098,-0.08624287468004584,-0.07528533121497308,0.04427470545781208,0.04305611990334016,0.1255345193240206,-0.16280185651548953,0.1010203590628407
0.29366060565979674,0.2855541866718983,0.43890060890027666,0.22837999908054268,0.1765402733481737,0.25304746480221096,0.21856626530274045,0.2498609830451157,0.2789863638732546,0.22666590125277783,0.25598530994228236,0.3008657527658557,0.17396104179312732,0.3146625402286519,0.26330217899442815,0.18310347260009607,0.2653044934578906,0.42649854098525075,0.18815778943031422,0.27977235822667057,0.24903434309282504,0.20387811822430463,-0.1508327863659085,0.11451174649229966,0.08781450521247149,1.4052479533047697,0.2624057453832022,0.32721754114496376,-0.12653479725595207,-0.37688897839611923,0.15288807200358456,0.38710947819801445,0.10321556119288222,0.17074686473165446,0.26251526772890676,-0.016395687230025487,0.03280807206941246,0.37550630152968206,-0.3343622758447594,0.11486233396764463,0.17703662405546156,0.2243086091593053,0.2590734045850938,-0.0032564826193639397,-0.016634819056321488,0.07513589346495154,0.14838904047881377,0.0022180973079246823,0.5047219942826441,-0.007553253071658326,-0.288057844935158,0.5618369716931887,-0.39704472371459887,0.10562489233114726,-0.13769164089060104,0.09834657762020943,-0.05645970387790514,0.22456075870249223,-0.18859858234663204,0.19248781393521017
0.2797887464335655,0.8471048952488622,0.38023006626086087,-0.027914332233751695,-0.11430724920495755,0.13151730928241107,0.23956141893785415,0.2290260217906794,0.24658827175708056,0.34629894455680027,0.2010313194831721,0.3201510558943852,0.11087464021635735,0.1517429523396586,0.13200732691657957,0.04369115044405085,0.15484048327853414,-0.24530863615840887,-0.04851681240150177,0.22970685201238455,0.18931253458280053,0.17511832072133754,0.30157748802659484,0.0639288879979326,0.31194327527894516,0.2624057453832022,2.6851429027361786,0.43120422185815543,0.1826731973093023,-0.4841909602464722,0.3532569491019214,0.2667711418691437,0.2526328529741494,0.313632836722399,0.454910293017424,0.20958802226666567,0.37582506068212235,0.21613163526378923,0.05367238366142072,0.18111084009462675,-0.11117754194625999,0.2502064754627408,-0.22057642499589145,-0.8003376472755175,0.20905413576770657,0.25267846537470195,0.3724705637332402,-0.03339520164274355,0.7210929962770545,-0.07080728995786147,-0.48189503868778794,0.4871088374472605,-0.11151524744790405,0.07125739047379365,-0.05539603177447724,0.19432742986942092,0.4187286849687106,0.08436509095102081,-0.5292608865196186,0.25147818752289725
0.20763492349518323,0.3403608650462238,0.32433767912628003,0.08369443743477656,0.07631038882458664,0.15595685806839585,0.18966755318502357,0.054215544616346624,0.22636234066297597,0.20798738333361083,0.1757424495085659,0.1490926782127213,0.1532624198715217,0.1664810759882875,0.3194403460864161,0.22682691872657001,0.29099157501372325,0.2670251928537918,0.17858968371161543,0.16933188675021296,0.3971146807296386,0.21194547613091969,0.21209109541667567,0.3637996621349157,0.2612050326850186,0.32721754114496376,0.43120422185815543,1.515360209035137,-0.052229748779669107,-0.07059244229273391,0.2805420353137263,0.25217147954934294,0.9996573992553327,0.07773616690137826,1.268233274486632,0.09497088446305614,0.7868061777445384,0.16556626268873798,0.035020871073125,0.17252641886948056,0.09638705053887546,0.49479769673735935,-0.3154122215361057,-0.2024066360521611,0.23898543014277274,0.2115122497699534,0.566231708653584,-0.024640687225605445,-0.04396093001780943,0.3202389911928234,-0.5807848635819387,1.0954587190334457,-0.8824648617295875,0.044846882994876276,-0.028898541922930544,0.1256216176407489,-0.04081824842282312,0.01677199477584772,0.02294284265923504,0.21960567645654516
0.09697980014937202,0.4810508098918431,0.2785208383334507,0.1763443445719784,0.1523552191670013,0.30935079710303753,0.127313329005806,0.2840623356682867,0.036605566477553864,0.2516126741393466,0.2227199525167964,0.114068645902305,0.2085738605858166,0.1286714846707135,0.1616422957347283,0.22499956846334934,0.3005633943742134,0.20920488224046102,0.13432288638415588,0.5102837565160616,0.16314745369026576,0.13616801466710915,0.2559209723558473,0.16990042135214983,0.6109355998426547,-0.12653479725595207,0.1826731973093023,-0.052229748779669107,2.1891662271074184,0.34352213959098804,0.045026567096496176,0.15115532569189252,-0.3235571138625035,0.6286846195351293,0.15416137659260187,0.21555075976137458,0.025278850015036228,-0.008277226817397837,0.5543385765387947,0.05698426362337438,-0.1782926825001368,0.10196908267918273,0.3295870020388006,-0.23616408331997168,0.23089114355053167,0.19216651759692413,0.7692579381516627,-0.0704541137835012,0.1534297847381964,0.39816112923926483,-0.4453339649164142,-0.05783563910237838,-0.0992492876322728,0.05511228751913707,-0.21011138580504962,-0.146870676351359,-0.1104497382573982,0.2965374453197752,0.05695711017677244,0.06259682573350216
0.003914285514811597,0.06628281470489057,-0.31448060161203284,0.2553656626801665,-0.11956632487384318,0.17060643656307756,0.1162398129540158,0.1935477034341125,0.002721449218850684,0.046129523787217575,0.07828435536575015,-0.07924798249626276,0.11944670231799583,0.11152461911294158,0.07924904514098724,0.16663735624541887,0.09435026985633051,0.15927411121241405,0.09839969856406729,0.15497884124726824,0.15042188620746538,0.07644386368564646,-0.016408987458733447,0.5507793161219606,0.5575735708686027,-0.37688897839611923,-0.4841909602464722,-0.07059244229273391,0.34352213959098804,3.7979688756884435,0.3718986457512921,0.032517302631963535,-0.14364224615892077,0.1690384779916343,0.2089955639061477,0.7876291593124619,-0.007550586013654747,0.7219939421109643,0.8742285420789022,0.06206856003204913,1.0155389375637214,0.18744327258119917,2.2396075799678745,2.0634130766690317,0.16275785924100866,0.5369383490959176,0.08139046725594626,-0.06033621065063221,0.7295187929647627,-0.4931010984817584,0.551550906442273,-0.6011571939190491,0.512957055799334,0.026134986564691036,-0.15290828758439967,-0.39132558944633217,-0.02510114473488734,0.26453725473014117,0.1412996314158291,0.09216497604625058
0.2554272656730659,0.26568342671331774,0.42199350693896115,0.2271869086047974,0.19387693890107893,0.25004444850751323,0.20212063472013955,0.1960376574474033,0.2191562765009842,0.22709490751996758,0.2023509301550637,0.27359686815154977,0.12141534433649531,0.2270738358759664,0.194482426224624,0.17058230743774397,0.32186624692387744,0.1900409034056731,0.24602063247444603,0.17056209464229652,0.39394110716894126,0.2118119676570677,0.2537550258545139,0.18139652830342254,0.4692421936836841,0.15288807200358456,0.3532569491019214,0.2805420353137263,0.045026567096496176,0.3718986457512921,1.1825689603988487,0.20738830354453872,0.356953015832327,0.295243382868454,0.17442929864119502,1.165147586920802,0.47045932577926214,0.552433500569729,0.3234759793506223,0.1172989384199545,0.37919406739449485,0.43653814570480004,-0.04522754299155507,0.5044939264377228,0.15928558749447083,0.48898647192432776,0.4799790773900331,-0.04286502293718234,-0.7239742380184471,0.13309836102019348,-0.012990071101691963,0.09947751911470272,-0.045437172911592466,-0.11273389906054483,-0.08345535941711953,0.09781478861358762,-0.007945932612011701,0.11831393920296718,-0.19763528693384871,0.06926218711605107
0.18855003984086555,0.19586492018745724,0.3753515306578503,0.22900382400485658,0.1783471141754784,0.27822300289377433,0.18227293464921626,0.22117666176646533,0.22037038047954832,0.22678336763802964,0.2051486637661318,0.2762296724537271,0.16730015009470225,0.3198720202977205,0.16101928553136977,0.2721090181981358,0.21616205651132744,0.20655574452052905,0.24036136222116844,0.17649993981941184,0.2499677003429123,0.2569029146673107,0.017184853899546885,0.26957541181800604,0.24258232266355018,0.38710947819801445,0.2667711418691437,0.25217147954934294,0.15115532569189252,0.032517302631963535,0.20738830354453872,0.6044889581902144,0.09656029704660703,0.26849048172492257,0.198477638746043,0.33164953092814686,0.05621963591940411,0.34964232811297846,0.06612561137096698,0.09135353773286285,0.1732034564932306,0.22051673303052374,0.15024797499472922,0.20647893635227804,0.01449389561656868,0.2507217004537049,0.31887386600209927,-0.03045158463888803,0.1578484985493334,-0.04800750778273809,0.021241869129167826,0.26861562831561553,-0.27159255949936456,0.05675383137077752,-0.11969683430236118,0.044505928895522504,0.1528405352033578,0.0978905403650646,-0.19686151696078405,0.2319742290472867
0.1833785209057115,0.2115831443781383,0.41000576340541905,0.28273581131769165,0.42297350342617496,0.4168621943932454,0.10022769572387977,0.21146969630213983,0.31986283134654164,0.13719200230745612,0.2452880329051526,0.1335037647553006,0.14096651868298699,0.2954797607158272,0.3091164321092524,0.1079582875007397,0.2981854455901304,0.3620149961612658,0.2886539690569791,0.1463551757593292,0.41473056335821595,0.2262218894926637,0.6626927289602574,0.8152407030388517,0.18199951017298155,0.10321556119288222,0.2526328529741494,0.9996573992553327,-0.3235571138625035,-0.14364224615892077,0.356953015832327,0.09656029704660703,2.6506661600376624,-0.17465044438001553,-0.2440299848799357,0.13856089987032114,1.5937319747615062,0.26094089319866576,0.15076892142439624,-0.13204100796113974,0.12149378107608975,0.4508281444335072,-0.7614437720456649,-0.061426868375107316,-0.42951676060818034,0.4261686679725162,0.4509211258884682,-0.0809344518734391,0.7860260922576469,0.7812155743858661,-0.9102365106235666,0.029774046816837735,0.5331875873494171,-0.3807580066603654,-0.13029385285685652,-0.07934526653155716,-0.3504225484477367,0.23649246501014218,0.26419530040558437,-0.08414315316124736
