0.7563607626031491,0.27559005714221285,0.537964563645433,0.0007064465210235084,0.11152442040406098,0.023128952411069388,0.17340981823848833,0.020834647456461745,0.06550205350621865,0.043737028191080746,0.06558267719516218,0.09918042403954856,0.05617156840804799,0.11203625111087154,0.052437527901114916,0.09502540012844529,0.05752137566785208,0.07484544488774002,0.053805292771502596,-0.002347316929202662,0.09044965627697134,0.08112326795872397,0.04663107966406867,0.0712910693130289,0.0913624686030337,0.0021214410752265996,0.07399663764679922,0.04578838144451072,0.10009966794145812,-0.016343928287842206,0.09387437013305897,0.08416461746383024,0.05529453418665935,0.10902272110468984,0.019661425388947176,0.17981901806108944,0.12019868685281583,0.07465226760520617,-0.0408727757727347,-0.177303996338604,0.0009025836583297695,0.06790862350336307,-0.009559707941892684,0.007736259043234608,0.11009933291219935,0.10665735256574682,0.029788042015154725,-0.0053273896423304485,-0.11583445206233796
0.27559005714221285,1.9144396049801815,1.4339058104311022,-0.04858407124055268,-0.18353712227552563,0.3440122275703455,0.007761120823579997,0.18584380407172083,0.1367592568885099,0.12209595928819628,0.11653748242442309,0.13071918809986635,0.08270369310713682,0.10175207124304335,0.0515964949201599,0.0908975037050353,0.07676478381514222,0.42592251419103416,0.05785574274715978,0.3525201367750059,0.2568100745411406,0.11925437134430887,0.16002602181126827,0.07080448827382864,0.2018578078319972,0.17595586868843419,0.2573407463907556,0.12114015940599149,0.2864269478461612,-0.07689851316978374,0.2794099330467328,0.12402471447801382,-0.05192477821266973,0.40325849834342387,0.24629026756531777,0.3750704137892759,0.6151411764688847,0.28167414214636954,0.04842727472582687,-0.37194971725716097,0.06421232032286463,0.20352376039731576,0.008259579203948356,0.006945975456945531,0.5113475719741425,0.36253354674469473,0.229822005341343,-0.0014103269437433388,-0.3791828503783177
0.537964563645433,1.4339058104311022,3.5151447775629174,-0.135135294870372,-0.39439730106415427,0.225880314306862,-0.02550508567659002,0.055745582221630834,0.07795677222837752,-0.02903330579937498,0.05625424619870366,0.10451701860438078,0.027858132310135716,0.08541034660913208,-0.03798015641161122,0.0557024213706396,0.05536988744285758,0.14381951236457335,-0.057764664911699466,-0.09223690562022635,0.15522883569110715,0.07690891106981877,0.02362718849589707,0.02986623519758063,0.13405865901585415,-0.03956001751663419,0.1587176665267542,0.05415786875853718,0.09197438982166832,-0.545500781848166,0.15817659483975624,0.07150493577102739,-0.0392127350381208,0.4602058163974625,0.0706996699975986,0.40625716089669306,0.531938571588057,0.2683312987122922,-0.46545948454331026,-1.3205370259369018,-0.22625190689889366,0.06190170757437748,-0.27648407120540086,-0.014078712243002564,0.5478472305045681,0.5275220881109047,0.009289906201351505,-0.09642353023830626,-1.100224093574312
0.0007064465210235084,-0.04858407124055268,-0.135135294870372,1.0338696395445948,0.5461335081792346,0.2469696285062505,0.3918778565977822,0.28091018124420764,0.1810565277858709,0.28841463446363713,0.263520208653898,0.3279255586280586,0.21209493197613982,0.24915739541273674,0.24254190748903406,0.26552657367591376,0.2458730711213076,0.20244274215598315,0.31730865315932233,0.17684448814964318,0.19454351215385463,0.22204577405458364,0.16559139597890912,0.17699846805229283,0.2411939379608681,0.21420247730466022,0.20426592859257126,0.04305564710719756,0.17476994726961073,0.09330140543287026,0.19944881454123584,0.24994388000436077,0.21401585176566387,0.13614048785932323,-0.15986770540030232,0.25713262312187296,0.097788819008508,0.20961774784500603,0.18452858119057908,0.26838935275048587,0.14970163653462393,0.20409626159548924,0.213761616946988,0.058308097731487436,0.07145321235254362,0.07264685616537099,0.19949685521786598,0.053047390979203066,0.21024475652017285
0.11152442040406098,-0.18353712227552563,-0.39439730106415427,0.5461335081792346,1.5711827530741946,0.05518227057050659,0.35727303717177133,0.2263689449065169,0.08446851294174527,0.2733840182506489,0.25690335031769224,0.37036938704185385,0.23348350549332963,0.20236045391536794,0.36333745961158265,0.3224121701865281,0.16140252356717938,0.143648108239758,0.6435416323922978,0.07290206816009862,0.13703643683892908,0.1900904057929529,0.08603322551259956,0.14868997725995123,0.23644790245248842,0.17591000273708263,0.17207408348794126,0.03597721013255454,0.07107615320665224,0.05330796252026649,0.1958881650319947,0.23236647852112086,0.3064654801714588,0.0296562583539307,-0.288837811190625,0.23943651713315864,0.01602132135417072,0.1988778893683869,0.2181275485793566,0.3634791102870103,0.12034021286370476,0.16550498318726883,0.19764355463822372,0.047012206379488365,-0.002976162957441243,0.01695913809757547,0.06665171234942634,0.07486813201870683,0.14650944031262886
0.023128952411069388,0.3440122275703455,0.225880314306862,0.2469696285062505,0.05518227057050659,1.1989971792988994,-0.18259841407471802,0.4149646812559101,0.29398178674371256,0.28107206353433656,0.26637390131616884,0.28322530387684886,0.19190053769415513,0.2934340813259397,0.2385084208099162,0.15799946807993387,0.2971997041530091,0.28516775291551627,0.562491950650345,0.566454221966828,0.32204973616299437,0.23941952568694416,0.1868186762551711,0.22583800828355236,0.31607923327575455,0.3528779802916237,0.21515580250505958,0.08407891360996712,0.3137892584601308,0.04907758805843449,0.28618003536182257,0.28945001411985277,0.06989552973011127,0.39268220660687064,0.09254279081364486,0.21647841333929502,0.398348583759799,0.4287607701021613,0.37930541678937923,0.2512452439504832,0.21294933598504917,0.3064448661111032,0.2514762056552411,0.05981205430967704,0.3902036842682252,0.23302350015103612,0.47203938832136577,0.06022795370035893,-0.006933629011544176
0.17340981823848833,0.007761120823579997,-0.02550508567659002,0.3918778565977822,0.35727303717177133,-0.18259841407471802,0.9688096431148688,0.06631860876268589,0.17807985583931363,0.16706891191517378,0.2417848351159945,0.26454822816640866,0.1850784001321463,-0.012103155696932308,0.21366045125475447,0.12868999795154393,0.24726667612112466,0.1507568690372072,0.03516558757092985,0.040785863204310914,0.18136326500059138,0.15898561939018024,0.12202398665544051,0.13416813391168317,0.1435871269262865,0.02469065500173943,0.18016254987677627,0.09341212042318167,0.06615498728074842,0.2082409511213917,0.16003292974679575,0.10733314644640933,0.2160369629244463,-0.014292599780450294,-0.060350633007836725,0.32777181377321163,0.08726937758642951,0.07548678882753862,0.03254164755192298,0.08328964010581724,0.1276508730480586,0.15611731753383618,0.10698732050948702,0.02709814159901501,0.04134667718998336,0.08074154575145384,-0.06368421461783891,0.03043922141891369,0.05284551972172104
0.020834647456461745,0.18584380407172083,0.055745582221630834,0.28091018124420764,0.2263689449065169,0.4149646812559101,0.06631860876268589,0.8420877536863856,0.12552676332949583,0.3356823464615762,0.31588413401909887,0.19362176530483002,0.25417514849072015,0.23895406172932707,0.2664810978863117,0.1664206251164413,0.3164991592155648,0.28461791526040037,0.28950595523657224,0.38004836826977145,0.17270567557190394,0.15687175140915138,0.15618801692976916,0.16062944525066308,0.31746660712161945,0.3213089664980025,0.26356378181788315,0.10135068948712816,0.2906830831237012,0.1403096898760998,0.24529944454700858,0.20278371543167328,0.04995600708576799,0.2847923619999974,0.23980545261002864,0.2047850807952277,0.32301623247789174,0.2383299334130475,0.2771520825284807,0.2372566109678806,0.18358470008611172,0.18982886622412432,0.21783754978678999,0.04426398161409089,0.22220886780846014,0.18754207074351653,0.432311000899532,0.05281669688329713,0.19252850137734626
0.06550205350621865,0.1367592568885099,0.07795677222837752,0.1810565277858709,0.08446851294174527,0.29398178674371256,0.17807985583931363,0.12552676332949583,0.8279303254656492,0.10765703765240911,0.22377708381498354,0.1658203646143225,0.17961566033678442,0.12688316082717593,0.16529327349641423,0.03857008682021849,0.2833441605467011,0.21465735840071154,0.16549602197108307,0.1911372423528077,0.22915689002244488,0.39257529495791754,0.19624832964308814,0.19107256768182887,0.10571874999823311,0.24790221928887493,0.2429594938545986,0.1511547132510051,0.10888351791711572,0.19834795723396456,0.2122051366337059,0.18931041234272117,0.2143591233280501,0.14271112537073677,0.06964745449488954,0.28507955994127226,0.27413547392413984,0.23308426559552425,0.10389737756043722,0.12256410935475466,0.1671782321932005,0.20591847244330166,0.29914085443484645,0.05268100550948945,0.21174875497445422,0.14264256608916262,0.1895381310745827,0.019558911688472302,0.3714729205034863
0.043737028191080746,0.12209595928819628,-0.02903330579937498,0.28841463446363713,0.2733840182506489,0.28107206353433656,0.16706891191517378,0.3356823464615762,0.10765703765240911,0.7569177921908701,0.2324561632652163,0.24276168583178506,0.24600324340167193,0.2021538050112285,0.31009846678509645,0.1852409628238452,0.29286118405588346,0.3187797520123138,0.23409283388034105,0.33519831553037316,0.19382098383854815,0.1553069264226521,0.1760366112885386,0.1832254509277137,0.2684714010285412,0.20682484434181805,0.28650272686870704,0.1645429174592176,0.3213860607705654,0.22734384148320388,0.28369337431979924,0.2015756987309848,0.1323986583727368,0.2828499757204289,0.20982509715555273,0.3234237891661693,0.3445823536669908,0.20449867153194495,0.3068899861408658,0.27836330832675743,0.2578315220727645,0.2057624144656969,0.15310924954763355,0.04954930559851856,0.1407520946321785,0.21260023465426345,0.4459418148675086,0.060192091530053025,0.189441948424089
0.06558267719516218,0.11653748242442309,0.05625424619870366,0.263520208653898,0.25690335031769224,0.26637390131616884,0.2417848351159945,0.31588413401909887,0.22377708381498354,0.2324561632652163,0.5276873293457692,0.30938953357340343,0.24536587449244268,0.1552736853028817,0.39266211160612097,0.1556226320505655,0.3207059125378687,0.22052252063302766,0.2199642471842484,0.2420567428365009,0.22127024747504923,0.18884400677743593,0.1618399124600109,0.18457026607043112,0.24431835698021265,0.22680806296866635,0.24951296234750195,0.1395385448054481,0.21923743124233083,0.1474045675714533,0.23302892032755276,0.20383864157076348,0.13723533960251663,0.2003596414984821,0.15946316878361536,0.29117584657375867,0.22463703226095866,0.1755372566999658,0.17384327968560395,0.1669545966759578,0.16021908138498536,0.20744965010047087,0.16114162094552048,0.036816758501907486,0.14218753032928866,0.16620781449756644,0.25181188919842995,0.04997566287808953,0.15550368377845986
0.09918042403954856,0.13071918809986635,0.10451701860438078,0.3279255586280586,0.37036938704185385,0.28322530387684886,0.26454822816640866,0.19362176530483002,0.1658203646143225,0.24276168583178506,0.30938953357340343,0.6603323133415991,0.19281981032518622,0.22073924756897134,0.27035737260624787,0.24053079567493563,0.22912361933279451,0.2616929598090324,0.28415173092003754,0.20298798413108637,0.2213637778515548,0.19632824379630726,0.18825171594287587,0.16790832062373284,0.2955841083762644,0.25649004692754074,0.2367237754248908,0.07777442814528741,0.17758210953987535,0.033523446669071186,0.2434224117045233,0.2783796272402769,0.0971838229575207,0.2128037811340527,0.06692268809683091,0.38225731162522303,0.09812557194382368,0.18925847653717506,0.23248315152969296,0.20787531339701373,0.09514128371697553,0.21729702230679832,0.1325138628936967,0.037885077415220916,0.16999113996749196,0.1257541922426918,0.19225942022103482,0.04736472833817957,0.01448993751407026
0.05617156840804799,0.08270369310713682,0.027858132310135716,0.21209493197613982,0.23348350549332963,0.19190053769415513,0.1850784001321463,0.25417514849072015,0.17961566033678442,0.24600324340167193,0.24536587449244268,0.19281981032518622,0.3881344394116263,0.14174682771526212,0.15293144662195157,0.1830906592603827,0.21424047807125332,0.16906775271074503,0.19357698286689087,0.1750718568066761,0.14232718281735215,0.1932275347379339,0.1065517238588403,0.13822768583465436,0.1797659581097914,0.19169665606145925,0.20601631445344407,0.0984041537869885,0.25035935482388805,0.09755423483241354,0.16776204951966858,0.18931798337994213,0.07961886530574297,0.18916623846244665,0.1329244310020815,0.2202084531957009,0.12298706575963834,0.098856496969094,0.16423604350993676,0.14848875667906433,0.09519753813249746,0.14673105874878456,0.10967163755990884,0.03484055105822737,0.05101038704603603,0.11877146746123601,0.21278513345682662,0.027287231362782566,0.23902722526100748
0.11203625111087154,0.10175207124304335,0.08541034660913208,0.24915739541273674,0.20236045391536794,0.2934340813259397,-0.012103155696932308,0.23895406172932707,0.12688316082717593,0.2021538050112285,0.1552736853028817,0.22073924756897134,0.14174682771526212,0.6448278264019187,0.08351794930105773,0.36601302707369665,0.14890361690916062,0.19811990960523587,0.22485144653528136,0.2061994450894971,0.197592626753995,0.24224085942767115,0.18101747957702916,0.1720496638843778,0.24418382371674371,0.3309873531373625,0.13705996025908176,0.09336468560846659,0.2670162736696453,0.03905582108620335,0.17978323070041394,0.35801846191342146,0.02743331100802752,0.28329892173706045,0.15878028683790477,0.20288892030958192,0.13693864392483251,0.19471994480283544,0.2269113389300885,0.17641826567921295,0.07976053642539395,0.2115512982722175,0.21949876566330065,0.051557944343957385,0.21698191167262576,0.0527249839551959,0.33683832655177576,0.03255703291834625,0.3404521924252656
0.052437527901114916,0.0515964949201599,-0.03798015641161122,0.24254190748903406,0.36333745961158265,0.2385084208099162,0.21366045125475447,0.2664810978863117,0.16529327349641423,0.31009846678509645,0.39266211160612097,0.27035737260624787,0.15293144662195157,0.08351794930105773,1.3937459376188528,0.006029534879958027,0.3517976725113974,0.11609070799325809,0.2616419885089679,0.27143714131443897,0.22956947142783266,0.059547364464950896,0.12725750875797454,0.20649346986540082,0.34078610683760513,0.11108810544586621,0.2989221036156316,0.23336936472011002,0.17087020336660777,0.35421519762704234,0.24558787164358828,0.1274988596172184,0.24776860886983962,0.13588210205533208,0.1693104839961819,0.32891974657247547,0.37732650459750294,0.17943985792948972,0.11430012944282368,0.15227182754976348,0.3268321770937732,0.2102167449139843,0.20606459196531443,0.032778069506347,0.14987954608621057,0.2648413577826336,0.262772038417939,0.07650282655740331,-0.020194215699201507
0.09502540012844529,0.0908975037050353,0.0557024213706396,0.26552657367591376,0.3224121701865281,0.15799946807993387,0.12868999795154393,0.1664206251164413,0.03857008682021849,0.1852409628238452,0.1556226320505655,0.24053079567493563,0.1830906592603827,0.36601302707369665,0.006029534879958027,0.8162160387881405,0.14294382188089574,0.22042265718668372,0.2106785640280419,0.128769329863532,0.15865999327082342,0.38943294001447076,0.1757233301558205,0.1708146832720652,0.25953373490290854,0.23361137259897202,0.1819049332861819,0.09924095984267656,0.33194409849768935,0.1028755980870928,0.18832364164995957,0.3382995698584086,-0.02602763960071247,0.29913200556170155,0.2484686339952028,0.2523471137640126,0.09306700467092391,0.16393714295113077,0.2848993850778213,0.23581722460277582,0.03946697977868124,0.2084743171016437,0.23070829342382326,0.06491568690936152,0.19864537755025172,0.05659061462272922,0.2797593888293856,-0.012588282267996017,0.3128970981319153
0.05752137566785208,0.07676478381514222,0.05536988744285758,0.2458730711213076,0.16140252356717938,0.2971997041530091,0.24726667612112466,0.3164991592155648,0.2833441605467011,0.29286118405588346,0.3207059125378687,0.22912361933279451,0.21424047807125332,0.14890361690916062,0.3517976725113974,0.14294382188089574,0.7715386190398331,0.10124803199416985,0.19476844220809236,0.2762481893154605,0.2646529180317083,0.2302646655176062,0.11262570793403198,0.21387396795288183,0.2550371371749403,0.06903059147582716,0.31101618439105194,0.18842400256362343,0.24205214641083947,0.27190924611109746,0.23737743185202045,0.1840882750253249,0.19594756154169873,0.22743173919069912,0.1741057490224982,0.29002335485522757,0.4119192093580929,0.25720901573864274,0.1323508725369915,0.1445553647726943,0.2299535595223383,0.22706046298980534,0.22005406478522763,0.04453359936135262,0.23561595602214097,0.19664427743235272,0.4089082357822145,0.04448934963137614,0.13739835761490884
0.07484544488774002,0.42592251419103416,0.14381951236457335,0.20244274215598315,0.143648108239758,0.28516775291551627,0.1507568690372072,0.28461791526040037,0.21465735840071154,0.3187797520123138,0.22052252063302766,0.2616929598090324,0.16906775271074503,0.19811990960523587,0.11609070799325809,0.22042265718668372,0.10124803199416985,1.0997196401473208,0.16086725994649845,0.22414223219749937,0.24818906737194935,0.23301294570537234,0.6889157568654876,0.16635246157653252,0.3511219837963198,0.4797659495795131,0.0740179742808567,0.0872598663785829,0.3352360295232239,0.0724688709455511,0.3937255382840094,0.2275960436408598,-0.01001518727771054,0.29809162451758925,0.23144970376842136,0.5338542387104337,0.31383251760541125,0.10809498127761479,0.4157688037513755,0.23313520584872244,0.14606229604527707,0.23989595840661687,0.193716883844836,0.06484406832661074,0.2557542104670581,0.1674867965575601,0.302515498084366,0.03546286700292152,0.09782647161659339
0.053805292771502596,0.05785574274715978,-0.057764664911699466,0.31730865315932233,0.6435416323922978,0.562491950650345,0.03516558757092985,0.28950595523657224,0.16549602197108307,0.23409283388034105,0.2199642471842484,0.28415173092003754,0.19357698286689087,0.22485144653528136,0.2616419885089679,0.2106785640280419,0.19476844220809236,0.16086725994649845,0.9028042081888444,0.29415493714472524,0.20328352876814798,0.19010406108900357,0.0548412826609817,0.16757540507865273,0.247877356579946,0.19631645619330643,0.17610874728554973,0.08462242853625924,0.12362846899233502,0.08981649515231792,0.2365087409478186,0.2180402207971775,0.19571713505765567,0.15223005307369777,-0.05813393522544617,0.2132864057879566,0.22149005962073495,0.32561632150292963,0.33745814021506804,0.2803785514520945,0.16363761366973015,0.2066677675098946,0.2237775417848914,0.045899884994710975,0.24043095908005194,0.14060610954080552,0.16551977644567836,0.06860565141251325,-0.0667219324576173
-0.002347316929202662,0.3525201367750059,-0.09223690562022635,0.17684448814964318,0.07290206816009862,0.566454221966828,0.040785863204310914,0.38004836826977145,0.1911372423528077,0.33519831553037316,0.2420567428365009,0.20298798413108637,0.1750718568066761,0.2061994450894971,0.27143714131443897,0.128769329863532,0.2762481893154605,0.22414223219749937,0.29415493714472524,1.7387194431306088,0.2948130895950101,0.12518584392951315,0.026876271102201588,0.1915231733369224,0.28710807356518864,0.4302553058209584,0.14116908255874305,0.19031938664848363,0.5787091192022986,0.3286932237574101,0.4019913740174656,0.22053292434616065,-0.15130679657485496,0.5660860855407003,0.49785404082717793,0.20738415950006292,0.8446521682493798,0.6516896496365554,0.8575790513286874,0.549498528432023,0.40598885991582545,0.3924665955281582,0.23988315338894312,0.022017547660613195,0.7310903831731782,0.3969322407834905,0.4513497295239971,0.11538991098016095,0.08158717141065434
0.09044965627697134,0.2568100745411406,0.15522883569110715,0.19454351215385463,0.13703643683892908,0.32204973616299437,0.18136326500059138,0.17270567557190394,0.22915689002244488,0.19382098383854815,0.22127024747504923,0.2213637778515548,0.14232718281735215,0.197592626753995,0.22956947142783266,0.15865999327082342,0.2646529180317083,0.24818906737194935,0.20328352876814798,0.2948130895950101,0.7076968537848963,0.19302506066894612,0.13713261667604845,0.13597332789135255,0.18873494171355326,0.21046262884823294,0.1655501598131279,0.1781586438212963,0.07940134271745743,0.24166318213303994,0.2361852009170704,0.24346482398019623,0.07697344337854,0.23956622305065645,0.22059220070441576,0.2473384317442721,0.38330831962486667,0.3052023885728221,0.20689664714972064,0.11739420889486354,0.2618207235069942,0.522841749348623,0.23065414123156794,0.046905670904800405,0.5338439433798513,0.12109801454285009,0.3610137821227356,0.0529562748071868,-0.14974336411120817
0.08112326795872397,0.11925437134430887,0.07690891106981877,0.22204577405458364,0.1900904057929529,0.23941952568694416,0.15898561939018024,0.15687175140915138,0.39257529495791754,0.1553069264226521,0.18884400677743593,0.19632824379630726,0.1932275347379339,0.24224085942767115,0.059547364464950896,0.38943294001447076,0.2302646655176062,0.23301294570537234,0.19010406108900357,0.12518584392951315,0.19302506066894612,0.5646960828167283,0.22578135415228337,0.18694256105581294,0.18342370856390242,0.23027806659340797,0.22876334874377519,0.11982088458961188,0.2367992814698936,0.1730514030604335,0.1961849121436566,0.27633431641691836,0.10917963949593928,0.2239584003621923,0.1451870806813916,0.28352953488355453,0.18000862503853754,0.2294230262390868,0.1988074512577831,0.17166863042472205,0.09906140419102576,0.20217671012933974,0.31636378784770025,0.06919801203369448,0.21031699964108677,0.11946289553305382,0.25045665395188127,-0.03748924569871584,0.38550591114799543
0.04663107966406867,0.16002602181126827,0.02362718849589707,0.16559139597890912,0.08603322551259956,0.1868186762551711,0.12202398665544051,0.15618801692976916,0.19624832964308814,0.1760366112885386,0.1618399124600109,0.18825171594287587,0.1065517238588403,0.18101747957702916,0.12725750875797454,0.1757233301558205,0.11262570793403198,0.6889157568654876,0.0548412826609817,0.026876271102201588,0.13713261667604845,0.22578135415228337,1.426467078875459,0.3217431474419719,0.36500044571669926,0.12150659353094892,0.029412414493809075,-0.10007196743316008,0.5169226903050879,0.15951636494167493,-0.022998443257305205,0.17867988362362805,0.11012273543364338,0.31242586176070053,0.03208543074806357,0.5110501369463062,0.11845678569862027,-0.14805024002297648,0.20660622157465902,0.08965002230067601,0.060356076662247356,0.1255854692872123,0.07787247536672062,0.0846177002404519,-0.22734196598033748,0.19250399971195206,0.2938137094692489,0.05094664137928207,0.318778978298131
0.0712910693130289,0.07080448827382864,0.02986623519758063,0.17699846805229283,0.14868997725995123,0.22583800828355236,0.13416813391168317,0.16062944525066308,0.19107256768182887,0.1832254509277137,0.18457026607043112,0.16790832062373284,0.13822768583465436,0.1720496638843778,0.20649346986540082,0.1708146832720652,0.21387396795288183,0.16635246157653252,0.16757540507865273,0.1915231733369224,0.13597332789135255,0.18694256105581294,0.3217431474419719,0.5686445097486938,0.20692227184209075,0.02354285525216812,0.20070930539623502,0.20067017127420655,0.22280107485293907,0.33894436067613504,0.2890434273649733,0.19321222481363223,0.33529357012922995,0.19164251053778814,0.17685957409526287,0.5072367253325082,0.3078847221889502,0.14795032163825636,0.08618991914606176,0.08167712532065624,0.1976575769647017,0.15047986582992934,0.1462918889526332,0.05147408471462096,0.0533852800053525,0.17575207302068874,0.21482519439919262,0.08019903323236739,0.26308910961196497
0.0913624686030337,0.2018578078319972,0.13405865901585415,0.2411939379608681,0.23644790245248842,0.31607923327575455,0.1435871269262865,0.31746660712161945,0.10571874999823311,0.2684714010285412,0.24431835698021265,0.2955841083762644,0.1797659581097914,0.24418382371674371,0.34078610683760513,0.25953373490290854,0.2550371371749403,0.3511219837963198,0.247877356579946,0.28710807356518864,0.18873494171355326,0.18342370856390242,0.36500044571669926,0.20692227184209075,1.0699210496527727,0.3425136386223285,0.23026254958846792,0.09853170581121759,0.5034643994016375,0.10314036604958725,0.28211588659710873,0.25191630355835326,0.027585221462929053,0.31763276868021534,0.20914577516022145,0.3953909289016582,0.12750408903119456,0.22544616075455198,0.2981826052431858,0.18629228779812967,0.09209049885159597,0.20243081037033578,0.15410409084011054,0.05360755332358848,0.20879542624131245,0.2239614178292539,0.31856026024277456,0.012260610990160964,-0.1805972876502391
0.0021214410752265996,0.17595586868843419,-0.03956001751663419,0.21420247730466022,0.17591000273708263,0.3528779802916237,0.02469065500173943,0.3213089664980025,0.24790221928887493,0.20682484434181805,0.22680806296866635,0.25649004692754074,0.19169665606145925,0.3309873531373625,0.11108810544586621,0.23361137259897202,0.06903059147582716,0.4797659495795131,0.19631645619330643,0.4302553058209584,0.21046262884823294,0.23027806659340797,0.12150659353094892,0.02354285525216812,0.3425136386223285,2.2502096138838223,0.32902133159372854,0.13866970136312992,0.06581841021784841,-0.8347013824157006,0.3094289318569706,0.46845535386444076,-0.25801516166288063,0.32623399829675426,0.3090378226660131,0.17909774403291032,-0.535345223962613,0.1989598386895281,0.5949902338741643,0.8322515476489325,-0.1370440477176894,0.346703917783306,0.38691689563048787,0.03515626359430674,0.44890199460272157,-0.1834812054167563,0.14980866917315308,0.12444705567827986,0.9626544078404554
0.07399663764679922,0.2573407463907556,0.1587176665267542,0.20426592859257126,0.17207408348794126,0.21515580250505958,0.18016254987677627,0.26356378181788315,0.2429594938545986,0.28650272686870704,0.24951296234750195,0.2367237754248908,0.20601631445344407,0.13705996025908176,0.2989221036156316,0.1819049332861819,0.31101618439105194,0.0740179742808567,0.17610874728554973,0.14116908255874305,0.1655501598131279,0.22876334874377519,0.029412414493809075,0.20070930539623502,0.23026254958846792,0.32902133159372854,1.6285201198931998,0.34696060781213606,-0.07570910086796749,0.1828977871852588,0.38033272862629686,0.2156095041882782,0.3096878687523391,0.23220547118959037,0.21759411713271448,0.689236183359433,0.32833844835229975,0.4271468072187109,0.007151889159759633,0.47058428261178337,0.16609386553773892,0.20142939520219116,0.6343803335478181,0.012475497729627383,0.38482444815626077,0.31580746841161444,0.1975010287029887,0.1400255674030162,0.28620743834177415
0.04578838144451072,0.12114015940599149,0.05415786875853718,0.04305564710719756,0.03597721013255454,0.08407891360996712,0.09341212042318167,0.10135068948712816,0.1511547132510051,0.1645429174592176,0.1395385448054481,0.07777442814528741,0.0984041537869885,0.09336468560846659,0.23336936472011002,0.09924095984267656,0.18842400256362343,0.0872598663785829,0.08462242853625924,0.19031938664848363,0.1781586438212963,0.11982088458961188,-0.10007196743316008,0.20067017127420655,0.09853170581121759,0.13866970136312992,0.34696060781213606,1.3072677306698592,-0.26225942844283445,0.46191619239958853,0.3785307596292816,0.08476849924679877,0.5374668191665712,-0.1325786325614363,0.8014451271700224,0.7050984523122533,0.5555247599671317,0.21977924820111774,0.13580011516382906,0.17192440323331787,0.208759005902242,0.17870364510823403,0.3031129456267968,0.07228769314602429,0.47854973863577926,0.15639003840238994,0.03395572847620189,0.12912490236166593,-0.14082549706301728
0.10009966794145812,0.2864269478461612,0.09197438982166832,0.17476994726961073,0.07107615320665224,0.3137892584601308,0.06615498728074842,0.2906830831237012,0.10888351791711572,0.3213860607705654,0.21923743124233083,0.17758210953987535,0.25035935482388805,0.2670162736696453,0.17087020336660777,0.33194409849768935,0.24205214641083947,0.3352360295232239,0.12362846899233502,0.5787091192022986,0.07940134271745743,0.2367992814698936,0.5169226903050879,0.22280107485293907,0.5034643994016375,0.06581841021784841,-0.07570910086796749,-0.26225942844283445,3.2081582855868374,0.05125765903778557,-0.011662813241796879,0.33225674268982996,-0.40884137118244995,1.1369494190679872,0.23104481040650607,0.38179153655437614,-0.37234977309988576,-0.46495976997384747,0.5357605925134936,0.06706994690486649,-0.12185630703638814,0.0776826899375082,-0.8920444220652528,-0.08207169611027067,-0.7660883492736545,0.3711090750163583,0.8353124931751466,-0.04357761350744302,1.3884976523130408
-0.016343928287842206,-0.07689851316978374,-0.545500781848166,0.09330140543287026,0.05330796252026649,0.04907758805843449,0.2082409511213917,0.1403096898760998,0.19834795723396456,0.22734384148320388,0.1474045675714533,0.033523446669071186,0.09755423483241354,0.03905582108620335,0.35421519762704234,0.1028755980870928,0.27190924611109746,0.0724688709455511,0.08981649515231792,0.3286932237574101,0.24166318213303994,0.1730514030604335,0.15951636494167493,0.33894436067613504,0.10314036604958725,-0.8347013824157006,0.1828977871852588,0.46191619239958853,0.05125765903778557,2.8812575841062635,0.3066247545604507,-0.06754985683659662,0.306578218411678,-0.6044527087384609,0.7876820588840264,0.49237340127380136,1.2492271202099243,0.532020462284969,0.06590777731590929,0.020835630938780273,1.2662887182708231,0.2122884856052657,1.1861749703728943,0.1650894881321183,0.7865106338084856,0.6512159600452228,0.2860833649070318,-0.04232928668627941,-0.23730702064283277
0.09387437013305897,0.2794099330467328,0.15817659483975624,0.19944881454123584,0.1958881650319947,0.28618003536182257,0.16003292974679575,0.24529944454700858,0.2122051366337059,0.28369337431979924,0.23302892032755276,0.2434224117045233,0.16776204951966858,0.17978323070041394,0.24558787164358828,0.18832364164995957,0.23737743185202045,0.3937255382840094,0.2365087409478186,0.4019913740174656,0.2361852009170704,0.1961849121436566,-0.022998443257305205,0.2890434273649733,0.28211588659710873,0.3094289318569706,0.38033272862629686,0.3785307596292816,-0.011662813241796879,0.3066247545604507,1.0395200245075238,0.21622665623264611,0.238716082984633,0.10883869408822959,0.3538907530296043,0.9367254904143845,0.48937232282177806,0.44797211989080077,0.37343132594985445,0.26532701769200656,0.3344724108861205,0.2559359731550651,0.2016254190050614,0.058602432975660534,0.5635370842933808,0.21769681684149275,0.14320737973460249,0.09110172762961732,-0.31334698670479666
0.08416461746383024,0.12402471447801382,0.07150493577102739,0.24994388000436077,0.23236647852112086,0.28945001411985277,0.10733314644640933,0.20278371543167328,0.18931041234272117,0.2015756987309848,0.20383864157076348,0.2783796272402769,0.18931798337994213,0.35801846191342146,0.1274988596172184,0.3382995698584086,0.1840882750253249,0.2275960436408598,0.2180402207971775,0.22053292434616065,0.24346482398019623,0.27633431641691836,0.17867988362362805,0.19321222481363223,0.25191630355835326,0.46845535386444076,0.2156095041882782,0.08476849924679877,0.33225674268982996,-0.06754985683659662,0.21622665623264611,0.6040527253887378,0.023130221621375666,0.3270503947137852,0.09382660563335914,0.33075539693810385,-0.0862309289347457,0.20010745859871745,0.27702881473062035,0.24017145378201576,0.031250859327452925,0.261231582855068,0.13173495791203557,0.04406135725240312,0.16212126821197803,0.036299944532156604,0.28227651544211596,0.043607823745002126,0.3853710581666443
0.05529453418665935,-0.05192477821266973,-0.0392127350381208,0.21401585176566387,0.3064654801714588,0.06989552973011127,0.2160369629244463,0.04995600708576799,0.2143591233280501,0.1323986583727368,0.13723533960251663,0.0971838229575207,0.07961886530574297,0.02743331100802752,0.24776860886983962,-0.02602763960071247,0.19594756154169873,-0.01001518727771054,0.19571713505765567,-0.15130679657485496,0.07697344337854,0.10917963949593928,0.11012273543364338,0.33529357012922995,0.027585221462929053,-0.25801516166288063,0.3096878687523391,0.5374668191665712,-0.40884137118244995,0.306578218411678,0.238716082984633,0.023130221621375666,2.162729200243372,-0.6698796098807901,-0.7107227936265744,0.4816687438607939,0.30483968362618286,0.24542602326505542,-0.5350898479042256,0.08442497008471092,0.286930539315555,0.11262859347229355,0.3089541075503175,0.03720099028979202,-0.5169298084055661,0.21631886251063298,-0.04710389676637444,0.2503221754191049,0.12619988694607753
0.10902272110468984,0.40325849834342387,0.4602058163974625,0.13614048785932323,0.0296562583539307,0.39268220660687064,-0.014292599780450294,0.2847923619999974,0.14271112537073677,0.2828499757204289,0.2003596414984821,0.2128037811340527,0.18916623846244665,0.28329892173706045,0.13588210205533208,0.29913200556170155,0.22743173919069912,0.29809162451758925,0.15223005307369777,0.5660860855407003,0.23956622305065645,0.2239584003621923,0.31242586176070053,0.19164251053778814,0.31763276868021534,0.32623399829675426,0.23220547118959037,-0.1325786325614363,1.1369494190679872,-0.6044527087384609,0.10883869408822959,0.3270503947137852,-0.6698796098807901,2.7064582276521802,0.5176056155524005,-0.07772646944716695,0.9238375770789102,0.07241181638301517,0.13284576849191965,-0.2077563036040149,-0.14085608781224426,0.273995309192896,-0.037569608444120314,0.10959825777534837,0.005431911323380401,0.02310834185637282,1.1474233971314773,0.12446712620314661,1.1879915182252168
0.019661425388947176,0.24629026756531777,0.0706996699975986,-0.15986770540030232,-0.288837811190625,0.09254279081364486,-0.060350633007836725,0.23980545261002864,0.06964745449488954,0.20982509715555273,0.15946316878361536,0.06692268809683091,0.1329244310020815,0.15878028683790477,0.1693104839961819,0.2484686339952028,0.1741057490224982,0.23144970376842136,-0.05813393522544617,0.49785404082717793,0.22059220070441576,0.1451870806813916,0.03208543074806357,0.17685957409526287,0.20914577516022145,0.3090378226660131,0.21759411713271448,0.8014451271700224,0.23104481040650607,0.7876820588840264,0.3538907530296043,0.09382660563335914,-0.7107227936265744,0.5176056155524005,2.778397015007737,0.3716970837899811,0.7940962945674651,-0.04585500887942023,0.7217561737576649,0.0838906484368082,0.10363801635553202,0.18029314364235086,0.10836621732658352,0.04893581534877197,0.9495615649790382,0.2921611776899297,0.41184004178807704,-0.007542773311940432,0.07774093133345764
0.17981901806108944,0.3750704137892759,0.40625716089669306,0.25713262312187296,0.23943651713315864,0.21647841333929502,0.32777181377321163,0.2047850807952277,0.28507955994127226,0.3234237891661693,0.29117584657375867,0.38225731162522303,0.2202084531957009,0.20288892030958192,0.32891974657247547,0.2523471137640126,0.29002335485522757,0.5338542387104337,0.2132864057879566,0.20738415950006292,0.2473384317442721,0.28352953488355453,0.5110501369463062,0.5072367253325082,0.3953909289016582,0.17909774403291032,0.689236183359433,0.7050984523122533,0.38179153655437614,0.49237340127380136,0.9367254904143845,0.33075539693810385,0.4816687438607939,-0.07772646944716695,0.3716970837899811,3.903564432277695,-0.0982577609799835,0.059599516810687536,0.1282618634983138,0.41224531219350796,0.07962036679860295,0.24042092220718048,-0.3443186623932408,-0.05800502419337406,0.30326182712695016,0.505448181893088,-0.6794212666948509,0.24060442794442397,-1.4761384129822839
0.12019868685281583,0.6151411764688847,0.531938571588057,0.097788819008508,0.01602132135417072,0.398348583759799,0.08726937758642951,0.32301623247789174,0.27413547392413984,0.3445823536669908,0.22463703226095866,0.09812557194382368,0.12298706575963834,0.13693864392483251,0.37732650459750294,0.09306700467092391,0.4119192093580929,0.31383251760541125,0.22149005962073495,0.8446521682493798,0.38330831962486667,0.18000862503853754,0.11845678569862027,0.3078847221889502,0.12750408903119456,-0.535345223962613,0.32833844835229975,0.5555247599671317,-0.37234977309988576,1.2492271202099243,0.48937232282177806,-0.0862309289347457,0.30483968362618286,0.9238375770789102,0.7940962945674651,-0.0982577609799835,4.705281777842339,0.9922196483549441,-0.31490574114252634,-0.5826398831753691,1.1207128129032669,0.33039998048568153,1.0323504535111183,0.18594731753667504,1.909855739435031,0.5258846061151211,1.2574519067070418,0.16818807952249296,0.27462940015566956
0.07465226760520617,0.28167414214636954,0.2683312987122922,0.20961774784500603,0.1988778893683869,0.4287607701021613,0.07548678882753862,0.2383299334130475,0.23308426559552425,0.20449867153194495,0.1755372566999658,0.18925847653717506,0.098856496969094,0.19471994480283544,0.17943985792948972,0.16393714295113077,0.25720901573864274,0.10809498127761479,0.32561632150292963,0.6516896496365554,0.3052023885728221,0.2294230262390868,-0.14805024002297648,0.14795032163825636,0.22544616075455198,0.1989598386895281,0.4271468072187109,0.21977924820111774,-0.46495976997384747,0.532020462284969,0.44797211989080077,0.20010745859871745,0.24542602326505542,0.07241181638301517,-0.04585500887942023,0.059599516810687536,0.9922196483549441,2.618424416213094,0.28633672087577616,0.5587887289727096,0.2582488776714243,0.31421392795029734,1.3046681565437168,0.25700518436948194,1.764262215387602,0.44429208466083897,0.43848748458394815,0.07255262301663276,-1.379512236535312
-0.0408727757727347,0.04842727472582687,-0.46545948454331026,0.18452858119057908,0.2181275485793566,0.37930541678937923,0.03254164755192298,0.2771520825284807,0.10389737756043722,0.3068899861408658,0.17384327968560395,0.23248315152969296,0.16423604350993676,0.2269113389300885,0.11430012944282368,0.2848993850778213,0.1323508725369915,0.4157688037513755,0.33745814021506804,0.8575790513286874,0.20689664714972064,0.1988074512577831,0.20660622157465902,0.08618991914606176,0.2981826052431858,0.5949902338741643,0.007151889159759633,0.13580011516382906,0.5357605925134936,0.06590777731590929,0.37343132594985445,0.27702881473062035,-0.5350898479042256,0.13284576849191965,0.7217561737576649,0.1282618634983138,-0.31490574114252634,0.28633672087577616,4.228600065052245,1.2703191386824866,-0.3854552515385529,0.32132437929379326,-0.2061818318835284,0.12651588113427917,1.3132132667189427,-0.12699738697274035,0.034210459836880806,-0.037143537907190244,-0.11438090183543333
-0.177303996338604,-0.37194971725716097,-1.3205370259369018,0.26838935275048587,0.3634791102870103,0.2512452439504832,0.08328964010581724,0.2372566109678806,0.12256410935475466,0.27836330832675743,0.1669545966759578,0.20787531339701373,0.14848875667906433,0.17641826567921295,0.15227182754976348,0.23581722460277582,0.1445553647726943,0.23313520584872244,0.2803785514520945,0.549498528432023,0.11739420889486354,0.17166863042472205,0.08965002230067601,0.08167712532065624,0.18629228779812967,0.8322515476489325,0.47058428261178337,0.17192440323331787,0.06706994690486649,0.020835630938780273,0.26532701769200656,0.24017145378201576,0.08442497008471092,-0.2077563036040149,0.0838906484368082,0.41224531219350796,-0.5826398831753691,0.5587887289727096,1.2703191386824866,2.983465184697815,0.046630011173940174,0.24553557471974785,0.5465757959022547,0.08293243265241547,0.1846102617195143,0.13439826988591236,0.19874179041741655,0.20798904581243904,0.25513761454100403
0.0009025836583297695,0.06421232032286463,-0.22625190689889366,0.14970163653462393,0.12034021286370476,0.21294933598504917,0.1276508730480586,0.18358470008611172,0.1671782321932005,0.2578315220727645,0.16021908138498536,0.09514128371697553,0.09519753813249746,0.07976053642539395,0.3268321770937732,0.03946697977868124,0.2299535595223383,0.14606229604527707,0.16363761366973015,0.40598885991582545,0.2618207235069942,0.09906140419102576,0.060356076662247356,0.1976575769647017,0.09209049885159597,-0.1370440477176894,0.16609386553773892,0.208759005902242,-0.12185630703638814,1.2662887182708231,0.3344724108861205,0.031250859327452925,0.286930539315555,-0.14085608781224426,0.10363801635553202,0.07962036679860295,1.1207128129032669,0.2582488776714243,-0.3854552515385529,0.046630011173940174,3.0070346101320737,0.23575279348977377,-0.0030454434726101334,0.0887312650886246,-0.7948273747682211,1.008591545935511,0.44783420478999253,-0.15380302166568838,-0.09433478937143389
