0.8032718270045901,0.3870948296982291,0.5983910209077883,0.16584312938962034,0.19598727400807628,0.1937850588010413,0.20055746930645496,0.12479370025584678,0.1762593301399771,0.19281543324957234,0.16246925384263847,0.19082652773060557,0.16214124490101997,0.17428198247831264,0.16337357016809553,0.17232726431700884,0.13400285340354057,0.18112473993477,0.21215905228317355,0.09363648457838974,0.19305293635959322,0.18632507010996546,0.056549031621557964,0.007745008053671429,0.19501155656687705,0.19251776934738618,0.14261958499754745,0.10653923190004795,0.20802092259133756,0.04975904199765288,0.13701638379183106,0.16504671533211046,0.07917007562657982,-0.053327889461594655,0.10218941929727933,0.2135868406496924,0.10313821996548765,0.06380191689289573,0.034129504982797876,-0.06018944773148739,0.12120676246879482,0.11136102501602721,0.06742117460137527,-0.0005326892209426449,0.06847814374609044,0.17897426932891422,0.07507620462493804,-0.07932634976456449,-0.05516792333855316
0.3870948296982291,1.4937841008496866,1.452175029996511,0.4114638213703874,0.42533454637481455,0.594629786871043,0.5464224649262717,0.5795596892305415,0.5904152182189041,0.554273647529522,0.563603824255942,0.5399207100218382,0.5608359230342079,0.5827580263833836,0.5653664731773975,0.47441501392501273,0.4944797010498326,0.671852452291928,0.5253316223087702,0.7570548045760661,0.5119296196546858,0.5312261546185229,0.38782592279992517,0.4455971592487619,0.47287332201181986,0.7074496726460728,0.5354998288491952,0.4725079428117981,0.5979708178686542,0.0932162367667281,0.47386780402510215,0.5609909446278512,0.3405323900349185,0.6938175207809429,0.5406873530444596,0.49874270488240746,0.4781014674314251,0.36046938257731537,0.4003684680039427,0.032706590354898805,0.6217267446585287,0.40124174399633383,0.4385180657581034,0.013192569795688986,0.45616926843013583,0.2681452683128917,0.5533903002986617,0.005059616130511157,0.591653202890141
0.5983910209077883,1.452175029996511,2.5373906145903464,0.5401625648643718,0.3829580454408952,0.709583919723413,0.5816730026352557,0.6903193569394578,0.6373197653200097,0.6752131817698639,0.6461550434787385,0.62759280196653,0.616480339358098,0.6481437211642183,0.5733062869365781,0.4904858611360704,0.5555741980868021,0.5792432882006038,0.6290055340498608,0.4643995433604062,0.6083373750786467,0.6063085732049867,0.3492401192058862,0.41100453317209906,0.5153610999187722,0.7031612683439552,0.532069253552998,0.41225945483291404,0.6444042371066777,-0.12711933816744883,0.43504320752620473,0.5826209291939974,0.2572881513003342,0.6878710464804603,0.4949651026061332,0.6099228010510022,0.49272411634099006,0.21319857448174542,0.23724755088356023,-0.21392172277628144,0.5538465361353614,0.44602664897101374,0.35886442416785014,0.02960174399306386,0.3457899335248633,0.5279659869398833,0.5654489567732947,-0.14093552601110845,0.2058578074716322
0.16584312938962034,0.4114638213703874,0.5401625648643718,3.0102186655971317,0.22214769198493048,0.3577261313626785,0.35833312258507216,0.46453157913438575,0.29250269393035805,0.5676269624159742,0.33769888705066375,0.47642327099345744,0.3847495010274364,0.4077623120256377,0.3198430383244267,0.6498901571936017,0.3260356264352118,0.421380110386612,0.2123366013120254,0.2729014754936701,0.23142420098611288,0.43884838135849874,0.4619324094911059,0.41695476066247683,0.2597880125755976,0.3630045747970971,0.3897365342979863,0.014329001328283528,0.4257547034593504,-0.014541582370545614,0.2896285365953585,0.4172810978359764,0.2144975984512729,0.4222491546216,-0.31629316282714576,0.4283224547239174,0.1390484226032962,0.15284886770388362,0.2396853012092199,0.22729297397408152,0.30527248674054963,0.19332486599376103,0.31160552339960473,0.02054917375452948,0.3071390088476576,0.1978463378177288,0.401329646949587,-0.12811315872625148,0.18274500127511306
0.19598727400807628,0.42533454637481455,0.3829580454408952,0.22214769198493048,1.191492020822438,0.6133180838157402,0.48976042635538225,0.42618751231040714,0.5130447461161424,0.3689114865370284,0.44199257021942023,0.5069536137953173,0.47385777692369657,0.5095833965679951,0.4070745758882807,0.5572729484966467,0.41876372580023,0.39479285935256214,0.7256262591259441,0.5119452800125415,0.4061146743925812,0.5274243992531473,0.5145200566429227,0.45017789633573774,0.4069688981064948,0.6116638539130284,0.4028184837035098,0.27870617381555934,0.6222038295588069,0.072063928378359,0.3384421362693546,0.5400052229718582,0.24642290002961825,0.7735134060815043,0.24304917494127537,0.38536495196770687,0.41967419528666794,0.2626204341975342,0.3468596530789602,0.20458190499741538,0.4964889718316901,0.3677799390080462,0.32197027334027856,0.03143988187785496,0.30385896133894547,0.08052093697943181,0.5297998132534468,0.0278900409390405,0.969772178769112
0.1937850588010413,0.594629786871043,0.709583919723413,0.3577261313626785,0.6133180838157402,0.9945846747515387,0.46935926132155437,0.5469833871267635,0.6152142780318314,0.4097340512215618,0.5519200225140969,0.5306969060313921,0.5281010163557136,0.6391543150985857,0.47681260892471583,0.5467418213988255,0.5203708505597666,0.42678035577181306,0.7218555359016371,0.6968724481830206,0.5007598709195047,0.585768517730477,0.4958739308008495,0.5816597879814758,0.5226604290529281,0.713556277587335,0.4840231113353737,0.3829011042084856,0.7626151062177537,0.12740355458452382,0.4053508139355001,0.5954877336440416,0.23713946637427497,0.7430650102177644,0.4384823422922876,0.40408070610754093,0.46964711767331463,0.3687377655007755,0.40382604558793556,0.1927040850130629,0.5326742269908028,0.4139873133865168,0.4098503680162934,0.031364935581166195,0.4491504076898094,0.12124152180551806,0.6813247973825142,0.04128571224672637,1.104964825302324
0.20055746930645496,0.5464224649262717,0.5816730026352557,0.35833312258507216,0.48976042635538225,0.46935926132155437,0.7991761250375072,0.37223869323970077,0.5615265271166184,0.40975944139842896,0.480881818812354,0.5208159698182133,0.4777356227587456,0.5084608937551456,0.36500952657919356,0.5688513890978396,0.48613887822743873,0.4646413148126732,0.4206600281414591,0.4751632603464463,0.4238682704200242,0.5612294309983219,0.6664067226406905,0.5986176798885496,0.42972599200882866,0.4528894614285318,0.44336932310228633,0.38987980231786745,0.5680222012571576,0.27282567569339233,0.3542717488300816,0.49382418852699417,0.3097267299121783,0.5812245052455709,0.42288216739117024,0.4337815213313408,0.411909429736859,0.25872936612339326,0.33420475537758204,0.12414241993383543,0.5086279260883501,0.36495837677381343,0.3554878489088149,0.026530724874303257,0.3279820959180211,0.11238741098749828,0.46400107716409406,-0.00520380367765581,0.8590462861650001
0.12479370025584678,0.5795596892305415,0.6903193569394578,0.46453157913438575,0.42618751231040714,0.5469833871267635,0.37223869323970077,0.9727063793173033,0.30601967426812704,0.5190710833256621,0.5158709851304358,0.4199176963320053,0.5427319561468268,0.569619827048203,0.3863271091852577,0.49268069286949423,0.49647164074555133,0.4656758538442509,0.46611466395503426,0.5980162427418156,0.3886124838946304,0.43014234692035197,0.4651171072431922,0.4492199162414179,0.37307838386094183,0.6064163173457554,0.47668294786527543,0.4356017143850195,0.5148530131182648,0.1737330934421047,0.3453511439249645,0.485458770179096,0.28919150608702787,0.7346436896336845,0.5813876513760552,0.29448424938013723,0.43789857896352735,0.2901377163646978,0.5039728016817654,0.14918932797165355,0.5898656931088809,0.3431243970024259,0.437668177250863,0.026854686435578378,0.4506766254510288,0.02222498589898497,0.7009009399081464,0.13202339589411458,1.1037978652857345
0.1762593301399771,0.5904152182189041,0.6373197653200097,0.29250269393035805,0.5130447461161424,0.6152142780318314,0.5615265271166184,0.30601967426812704,1.3007184444528603,0.2920034864670732,0.40939448824792396,0.41768241581798377,0.5136052313483251,0.5210433292488398,0.3140340484561723,0.3201774573298502,0.43927158049591347,0.4540921123746323,0.5308959688096891,0.5725041643629961,0.4234181288486242,0.7403288870172136,0.7738764688639487,0.7048272409374586,0.38820659329140134,0.6368812664523562,0.4069817453397511,0.3743583705425377,0.6657167222266492,0.3277279116863271,0.3720570976967214,0.521077122697004,0.37372640953341335,0.4506953196801811,0.30186930490867925,0.46941304146749363,0.49698363947099405,0.3307312199371771,0.28210644548984953,0.10726874763961122,0.48151322068279495,0.35792011209816665,0.3754741031985658,0.03433543580355656,0.27767541233350945,0.2674620644582856,0.5098365481004745,-0.08842557921167002,0.8973301156104141
0.19281543324957234,0.554273647529522,0.6752131817698639,0.5676269624159742,0.3689114865370284,0.4097340512215618,0.40975944139842896,0.5190710833256621,0.2920034864670732,0.8169313608246622,0.4267682329927756,0.4206616928933685,0.43936845775524747,0.4531782148729673,0.39739788653235053,0.48323152598560026,0.4281484211066828,0.4922078984348524,0.33673878037596,0.3993062901302715,0.3442523558901153,0.4100806563320983,0.4637957106121803,0.4066808401483077,0.39073398401401144,0.46095880559470975,0.41303561089637286,0.33989761778472105,0.4679753150616986,0.1196099306783084,0.3317506714371632,0.4186387367187936,0.25650956664550983,0.6521934882925949,0.3902415927534212,0.3323840868307256,0.4248648678812183,0.19879722092108632,0.34507914307974275,0.1007379581116969,0.5040706641541204,0.30654147252625086,0.35101601214949707,0.023575281263130545,0.354437439863724,0.10489094743513065,0.5843620519431006,0.05291146250520823,0.7726481129904084
0.16246925384263847,0.563603824255942,0.6461550434787385,0.33769888705066375,0.44199257021942023,0.5519200225140969,0.480881818812354,0.5158709851304358,0.40939448824792396,0.4267682329927756,0.7252226562903635,0.47925714265374686,0.52322115841537,0.5231143630724453,0.4572772546334404,0.5548842768865603,0.5448081698203336,0.45588978098941796,0.4391568386975406,0.5521070816991919,0.44763713063024635,0.4903584548081157,0.5438759936281502,0.5083248505480082,0.42486346769066785,0.5119519829565312,0.456895678061737,0.4418822689045427,0.576121325699803,0.1940015277908173,0.35453645922935795,0.496631574267313,0.30522452690960117,0.6730879875395276,0.5294322400025767,0.35192665665037975,0.4627083522048223,0.2844959239425875,0.40821201700410675,0.1433054466513584,0.547239528418751,0.3888035969998909,0.3824263257424816,0.014647317688551596,0.40467197331277155,0.09554697034785815,0.6199758747910133,0.06297792594075857,0.9047486784819307
0.19082652773060557,0.5399207100218382,0.62759280196653,0.47642327099345744,0.5069536137953173,0.5306969060313921,0.5208159698182133,0.4199176963320053,0.41768241581798377,0.4206616928933685,0.47925714265374686,0.7810555171060612,0.464078164885212,0.5073775729432277,0.4516019294568357,0.5086654663916037,0.4825608995468798,0.40406029023751866,0.47523812662601655,0.4919112967827657,0.40181696384974214,0.465352595031922,0.5262009669592381,0.47880698015834594,0.45170048843263977,0.49319558006436975,0.4755318838163041,0.34987643635267734,0.546093074680202,0.11497493435969881,0.34517530367875665,0.5152195236407492,0.26365905619759294,0.62113432098303,0.41627624843395444,0.39823231764079736,0.3320804356500295,0.2583094605333413,0.3134453877999435,0.13259284867404,0.4754759450504794,0.34612406024702885,0.3330590824173964,0.0018555106993680375,0.3569695423604076,0.07480462607968198,0.5099190605772893,0.03361023760666342,0.8427151766759706
0.16214124490101997,0.5608359230342079,0.616480339358098,0.3847495010274364,0.47385777692369657,0.5281010163557136,0.4777356227587456,0.5427319561468268,0.5136052313483251,0.43936845775524747,0.52322115841537,0.464078164885212,0.7503244413391797,0.49541672876677684,0.33724985613597874,0.521564847584161,0.476589033369938,0.483544983234641,0.47848190009440944,0.5301274998956385,0.41015808893964406,0.5438053382346483,0.5820658798264304,0.5344292202306269,0.41190691564608917,0.5625753075518487,0.4868101792310472,0.4190537017750794,0.5647390391013988,0.21572547654524288,0.36550399251378174,0.5420079420745372,0.32898677394214515,0.6409845084023249,0.4798778458471697,0.3948243916422873,0.39000949331701834,0.26521580793465926,0.4801381940283121,0.16616191830905064,0.5496498892610386,0.35088924008036165,0.412920056262237,0.0317590500709215,0.40539098394418943,0.08673949003074131,0.5761395560633081,0.03264851182044843,0.9606408524668306
0.17428198247831264,0.5827580263833836,0.6481437211642183,0.4077623120256377,0.5095833965679951,0.6391543150985857,0.5084608937551456,0.569619827048203,0.5210433292488398,0.4531782148729673,0.5231143630724453,0.5073775729432277,0.49541672876677684,0.9035463507150332,0.5803103732676109,0.6158023367553982,0.5250657044812055,0.4691865709753467,0.5205395401169195,0.6305686916593838,0.46274614355361954,0.5561841960567243,0.6911824363141833,0.6288719008131122,0.5032461545159844,0.6330885647109361,0.4937089605191808,0.4790046336600346,0.6767122830258128,0.2702971947125608,0.37762187632162775,0.5420750965505116,0.3439484519066697,0.6955814782649826,0.5617232705742463,0.3777161282439856,0.547392587670994,0.33564006951748493,0.39598700016712873,0.139638189910373,0.6199928484258064,0.405915180232627,0.4455570465646928,0.011842376634161102,0.43002377958302673,0.07882118732458908,0.7327044321761697,0.09886307618049636,1.2463837532370148
0.16337357016809553,0.5653664731773975,0.5733062869365781,0.3198430383244267,0.4070745758882807,0.47681260892471583,0.36500952657919356,0.3863271091852577,0.3140340484561723,0.39739788653235053,0.4572772546334404,0.4516019294568357,0.33724985613597874,0.5803103732676109,1.036062319482759,0.5197826534389794,0.44074389952309373,0.47797159521727217,0.3688888388209534,0.5250264226023603,0.4147051242764303,0.3916012886788657,0.8076373349561846,0.5556622601062852,0.3808679974361012,0.45008967003239714,0.409235880683599,0.46735065913903073,0.6065241656253688,0.3225020014099519,0.31034941353266565,0.4099345200948515,0.33975792304128505,0.6005941434369328,0.5487815327921703,0.29439316363291407,0.5479128504126395,0.2603108790166202,0.3460908396322722,0.07707724735505217,0.55806614650581,0.36472094770389746,0.36812565664161084,-0.006101915823233233,0.3597046554970593,0.08187436279539594,0.6479676980452017,0.14558303246355855,1.0493360487567382
0.17232726431700884,0.47441501392501273,0.4904858611360704,0.6498901571936017,0.5572729484966467,0.5467418213988255,0.5688513890978396,0.49268069286949423,0.3201774573298502,0.48323152598560026,0.5548842768865603,0.5086654663916037,0.521564847584161,0.6158023367553982,0.5197826534389794,1.8951157232890834,0.6354648615501631,0.5453560964188422,0.4832735775447809,0.4584033393524299,0.5377326637391452,0.9170983400045172,0.6491501225345971,0.46173090946966255,0.18146939264190748,0.5944701743332124,0.658738786999068,0.6948673453039339,0.6014804106449773,0.4573383741941242,0.3118358695345365,0.8205084536927386,0.424909166575534,0.7610734064996262,0.9351578481139341,0.4575201038165941,0.5765949017105544,0.2827820105856002,0.5935894685797998,0.22305055283632208,0.754817951761675,0.5014946003519481,0.5493435521480222,0.0333325451223233,0.39343599852501493,0.03395386785580177,0.8059480352747083,-0.019212325165624145,1.7067198443730642
0.13400285340354057,0.4944797010498326,0.5555741980868021,0.3260356264352118,0.41876372580023,0.5203708505597666,0.48613887822743873,0.49647164074555133,0.43927158049591347,0.4281484211066828,0.5448081698203336,0.4825608995468798,0.476589033369938,0.5250657044812055,0.44074389952309373,0.6354648615501631,0.9288974978843686,0.3958027514803965,0.4330708782190893,0.5293209855932328,0.4906420565429003,0.5491225232541315,0.5591672677060057,0.5284126907593527,0.5185447088160492,0.3909602302883704,0.4788459370322218,0.6214803613337325,0.5844920672107563,0.34574921917919094,0.3342215159249534,0.47828156250771686,0.4179313049155987,0.6769009028239157,0.6987557361810154,0.3177950100341705,0.6968760213317143,0.3137056458800898,0.32097498900759724,0.10678283189967055,0.5984910771721043,0.48632312368878344,0.4109490625264271,0.00951588509177863,0.4322407255590203,0.09345562565880386,0.7782734418704255,0.10068628516936005,1.0842281078872746
0.18112473993477,0.671852452291928,0.5792432882006038,0.421380110386612,0.39479285935256214,0.42678035577181306,0.4646413148126732,0.4656758538442509,0.4540921123746323,0.4922078984348524,0.45588978098941796,0.40406029023751866,0.483544983234641,0.4691865709753467,0.47797159521727217,0.5453560964188422,0.3958027514803965,1.2531925601617673,0.3431246768864196,0.35705648027419334,0.41202629440011906,0.5115141874794614,0.8688728944866764,0.5762395169442686,0.501430279038513,0.6190055082816748,0.4020695045753213,0.46027426639183955,0.5742895341655309,0.2053927312649658,0.4634453529256864,0.4724927674523559,0.3794290027393477,0.6287140431044923,0.5024288676211923,0.43464949876724607,0.35529152080070103,0.1877205267204216,0.48674726696615034,0.16494995845035185,0.5633524321821463,0.30495599658689126,0.45273032278378283,0.017954252867335107,0.5064161912382449,0.0992575799076511,0.5789663292314724,0.01682171616044333,0.8167678710687925
0.21215905228317355,0.5253316223087702,0.6290055340498608,0.2123366013120254,0.7256262591259441,0.7218555359016371,0.4206600281414591,0.46611466395503426,0.5308959688096891,0.33673878037596,0.4391568386975406,0.47523812662601655,0.47848190009440944,0.5205395401169195,0.3688888388209534,0.4832735775447809,0.4330708782190893,0.3431246768864196,1.4175235982151024,0.5672397579051303,0.43063031022628023,0.5403632665089432,0.34084695394670916,0.40423844380542856,0.3996134854752025,0.6227533484847438,0.39690162580411037,0.3615061198756387,0.6375671249475541,0.17238198760801796,0.328603270407934,0.5063434996495999,0.2497869722444256,0.6207175348638581,0.3789922839682192,0.45838147509213273,0.31681100111255506,0.28819264584314264,0.3551133031244408,0.12542097250615683,0.47596135306472,0.35612988906953913,0.30424409417325476,0.040026578162462974,0.2570295475732974,0.1909904773630731,0.36886566938037235,-0.030505892570846627,0.6804010780094157
0.09363648457838974,0.7570548045760661,0.4643995433604062,0.2729014754936701,0.5119452800125415,0.6968724481830206,0.4751632603464463,0.5980162427418156,0.5725041643629961,0.3993062901302715,0.5521070816991919,0.4919112967827657,0.5301274998956385,0.6305686916593838,0.5250264226023603,0.4584033393524299,0.5293209855932328,0.35705648027419334,0.5672397579051303,1.944176302713919,0.2572320207174343,0.4460158592359851,0.5487727713486954,0.692325748602755,0.4586711106987318,0.7888778732990347,0.641744082752605,0.5924870503647608,0.727686521881667,0.39148855835968227,0.5948939764034825,0.5961884606787119,0.4207217004156465,0.8166906408109568,0.6840428173933438,0.36254399109830493,0.5825957284413824,0.8890622385478062,0.7324656430848095,0.3984032133405127,0.8327228971753068,0.33409394478206383,0.6326380753478487,-0.02904032479691467,0.7283541880405932,-0.013236085514738285,0.6209683804428854,0.2548857699413669,1.1978936580987136
0.19305293635959322,0.5119296196546858,0.6083373750786467,0.23142420098611288,0.4061146743925812,0.5007598709195047,0.4238682704200242,0.3886124838946304,0.4234181288486242,0.3442523558901153,0.44763713063024635,0.40181696384974214,0.41015808893964406,0.46274614355361954,0.4147051242764303,0.5377326637391452,0.4906420565429003,0.41202629440011906,0.43063031022628023,0.2572320207174343,1.0578012344172227,0.4724440337174405,0.38690586607420624,0.17173720354714206,0.3525940666763485,0.5129863943233054,0.36614574766245933,0.49569927416227366,0.5558448690962664,0.2958890498689754,0.19536631481275962,0.48516029373644487,0.34172998758650147,0.6850588779323512,0.6371451535017025,0.26123101217266265,0.7383199973595894,0.21507785043210215,0.11470000902855192,0.03360202868749513,0.6025031497241181,0.675320656376698,0.3093346850859226,0.013663378644373678,0.3560701483589285,0.08249965158218102,0.7757078458819656,0.1556955821940406,1.0791824562341321
0.18632507010996546,0.5312261546185229,0.6063085732049867,0.43884838135849874,0.5274243992531473,0.585768517730477,0.5612294309983219,0.43014234692035197,0.7403288870172136,0.4100806563320983,0.4903584548081157,0.465352595031922,0.5438053382346483,0.5561841960567243,0.3916012886788657,0.9170983400045172,0.5491225232541315,0.5115141874794614,0.5403632665089432,0.4460158592359851,0.4724440337174405,1.1143502865581754,0.735321207973367,0.5565485750276947,0.34384691537800843,0.6342102312837586,0.5264875596646763,0.48535288670845506,0.698856061490045,0.3733614730686865,0.3343462541110383,0.7071226272260093,0.3982988369866837,0.6286354554163363,0.5369334565152433,0.5640677779260771,0.4790997557862146,0.29342035604413524,0.44003875878276555,0.16931786256929743,0.5827435476850005,0.43341819490714484,0.4787574408586737,0.07157905620589204,0.2637561056377038,0.2841236461696663,0.6432700624606122,-0.24026194551321564,1.257857626591059
0.056549031621557964,0.38782592279992517,0.3492401192058862,0.4619324094911059,0.5145200566429227,0.4958739308008495,0.6664067226406905,0.4651171072431922,0.7738764688639487,0.4637957106121803,0.5438759936281502,0.5262009669592381,0.5820658798264304,0.6911824363141833,0.8076373349561846,0.6491501225345971,0.5591672677060057,0.8688728944866764,0.34084695394670916,0.5487727713486954,0.38690586607420624,0.735321207973367,2.720508572167115,1.367037611505456,0.5072798313181364,0.2357254381796998,0.4701395802678252,0.6021342036097256,1.072693395273367,0.770672882132185,0.2637242048580355,0.44870964590352785,0.5483587317081033,0.6320875150174295,0.6412445274479021,0.3981314241571364,0.7997361602701462,0.2659146870819623,0.4759745287750031,0.11038248514334492,0.6918517145773604,0.37687225892840026,0.5207610063121403,-0.014798969448978403,0.4613010556122237,0.10995983757644498,0.9841920088662818,0.10991076804656458,1.833787707161794
0.007745008053671429,0.4455971592487619,0.41100453317209906,0.41695476066247683,0.45017789633573774,0.5816597879814758,0.5986176798885496,0.4492199162414179,0.7048272409374586,0.4066808401483077,0.5083248505480082,0.47880698015834594,0.5344292202306269,0.6288719008131122,0.5556622601062852,0.46173090946966255,0.5284126907593527,0.5762395169442686,0.40423844380542856,0.692325748602755,0.17173720354714206,0.5565485750276947,1.367037611505456,2.446709557664484,0.7824936093045473,-0.018830683630579517,0.465612138710484,0.5543910460316884,0.6821427626114362,0.7509610025915412,0.8250329705710557,0.41405143671429423,0.38506424821410035,0.0844244750330522,0.623062624869271,0.5319497139079645,0.507167238289098,0.35686461796706603,0.5557207146691585,0.12978992275196813,0.6154085706472867,0.22491653123678168,0.38375596630516723,-0.0002459395291001989,0.4311520179733261,0.0552153103343358,0.6171217138842257,0.12653169331375902,1.5448336152310171
0.19501155656687705,0.47287332201181986,0.5153610999187722,0.2597880125755976,0.4069688981064948,0.5226604290529281,0.42972599200882866,0.37307838386094183,0.38820659329140134,0.39073398401401144,0.42486346769066785,0.45170048843263977,0.41190691564608917,0.5032461545159844,0.3808679974361012,0.18146939264190748,0.5185447088160492,0.501430279038513,0.3996134854752025,0.4586711106987318,0.3525940666763485,0.34384691537800843,0.5072798313181364,0.7824936093045473,2.7197414459543023,0.6406705216362785,0.4752446681731984,0.40573225513865285,1.1950358226857982,0.2413100115403358,0.6622309250898075,0.44657861879838096,0.2727458603195459,0.828616337377772,0.49824038277851784,0.6660953499149272,0.32196377496664613,0.21749512077809094,0.7216574153012827,0.2870386968927616,0.570464915130827,0.32285188376949214,0.4093218077074217,2.9637421133164106e-5,0.754939151097093,0.32310213493761153,0.4866976835268815,-0.12102173907502192,-0.45357503248965486
0.19251776934738618,0.7074496726460728,0.7031612683439552,0.3630045747970971,0.6116638539130284,0.713556277587335,0.4528894614285318,0.6064163173457554,0.6368812664523562,0.46095880559470975,0.5119519829565312,0.49319558006436975,0.5625753075518487,0.6330885647109361,0.45008967003239714,0.5944701743332124,0.3909602302883704,0.6190055082816748,0.6227533484847438,0.7888778732990347,0.5129863943233054,0.6342102312837586,0.2357254381796998,-0.018830683630579517,0.6406705216362785,2.847418266700558,0.5933709335164333,0.54999113730254,0.9443364071102899,-0.4374568071280402,0.3660108240073672,0.9619916612936928,0.5510341113858124,1.088072522036506,0.5604814402502631,0.511205639728489,0.07395332264202423,0.3784892292821579,0.6707325468032578,0.3630068504254478,0.8444532898795959,0.41818885465753225,0.5261710316231555,-0.10110771668886329,0.5492637242169809,-0.23651495490238106,0.5555009453527036,0.19813988493325793,2.062446818821592
0.14261958499754745,0.5354998288491952,0.532069253552998,0.3897365342979863,0.4028184837035098,0.4840231113353737,0.44336932310228633,0.47668294786527543,0.4069817453397511,0.41303561089637286,0.456895678061737,0.4755318838163041,0.4868101792310472,0.4937089605191808,0.409235880683599,0.658738786999068,0.4788459370322218,0.4020695045753213,0.39690162580411037,0.641744082752605,0.36614574766245933,0.5264875596646763,0.4701395802678252,0.465612138710484,0.4752446681731984,0.5933709335164333,1.207327920319829,0.553798452405529,0.394760424550885,0.1779520020872414,0.49164267662559863,0.6696201191642732,0.5171803698647065,0.6747056560386335,0.5613366416722971,0.5266429957492663,0.3521322774254469,0.351390389337119,0.5419053044033999,0.2590647199945408,0.7009942705324153,0.35669565779735174,0.6488091929236823,-0.07157519344899636,0.5719072846473731,-0.12674575614959283,0.5433705825881012,0.12885977735817544,1.2554557955588082
0.10653923190004795,0.4725079428117981,0.41225945483291404,0.014329001328283528,0.27870617381555934,0.3829011042084856,0.38987980231786745,0.4356017143850195,0.3743583705425377,0.33989761778472105,0.4418822689045427,0.34987643635267734,0.4190537017750794,0.4790046336600346,0.46735065913903073,0.6948673453039339,0.6214803613337325,0.46027426639183955,0.3615061198756387,0.5924870503647608,0.49569927416227366,0.48535288670845506,0.6021342036097256,0.5543910460316884,0.40573225513865285,0.54999113730254,0.553798452405529,1.7012071236133741,0.30326337598787245,0.7368558171296148,0.31760420457670063,0.48548945652135556,1.0838812151335249,0.5296786295428879,1.6465429211381601,0.10310053125506229,0.9539410063076613,0.35405312035325937,0.5847446573305226,-0.059976971386559184,0.8175512554812151,0.4737872506192006,0.5128280356414653,0.005273447599212276,0.40721188759389815,-0.21356833860898217,0.8277946364949899,0.43571445825378996,1.9641366736297425
0.20802092259133756,0.5979708178686542,0.6444042371066777,0.4257547034593504,0.6222038295588069,0.7626151062177537,0.5680222012571576,0.5148530131182648,0.6657167222266492,0.4679753150616986,0.576121325699803,0.546093074680202,0.5647390391013988,0.6767122830258128,0.6065241656253688,0.6014804106449773,0.5844920672107563,0.5742895341655309,0.6375671249475541,0.727686521881667,0.5558448690962664,0.698856061490045,1.072693395273367,0.6821427626114362,1.1950358226857982,0.9443364071102899,0.394760424550885,0.30326337598787245,3.220646607454442,0.6482370231142396,0.09935075302107332,0.6948838585012467,0.19803766859396094,1.0627317787372557,0.4015821720476688,0.6812467429210919,1.02407295161116,0.21645499634197218,0.45469626931923374,0.18457020375699393,0.8182613891261229,0.4826333508318354,0.38802019297544776,-0.2776103001464865,0.9373555485499138,0.34580547858571603,1.0356484646243307,-0.05259782618413757,1.6095185902147526
0.04975904199765288,0.0932162367667281,-0.12711933816744883,-0.014541582370545614,0.072063928378359,0.12740355458452382,0.27282567569339233,0.1737330934421047,0.3277279116863271,0.1196099306783084,0.1940015277908173,0.11497493435969881,0.21572547654524288,0.2702971947125608,0.3225020014099519,0.4573383741941242,0.34574921917919094,0.2053927312649658,0.17238198760801796,0.39148855835968227,0.2958890498689754,0.3733614730686865,0.770672882132185,0.7509610025915412,0.2413100115403358,-0.4374568071280402,0.1779520020872414,0.7368558171296148,0.6482370231142396,2.778176837653989,0.11365667789591502,0.21895197275617018,0.542903057612582,-0.18257890833854554,0.9943413077350928,0.17551839027293065,1.188088120980458,0.2735318708940348,0.3101063240177828,-0.3139610041457124,0.7932993537025719,0.34746160016099414,0.6633581317513455,0.27306223461865825,0.14157693501410057,0.21033406291376336,0.7633313616068234,0.3262955064831363,1.4664782698056622
0.13701638379183106,0.47386780402510215,0.43504320752620473,0.2896285365953585,0.3384421362693546,0.4053508139355001,0.3542717488300816,0.3453511439249645,0.3720570976967214,0.3317506714371632,0.35453645922935795,0.34517530367875665,0.36550399251378174,0.37762187632162775,0.31034941353266565,0.3118358695345365,0.3342215159249534,0.4634453529256864,0.328603270407934,0.5948939764034825,0.19536631481275962,0.3343462541110383,0.2637242048580355,0.8250329705710557,0.6622309250898075,0.3660108240073672,0.49164267662559863,0.31760420457670063,0.09935075302107332,0.11365667789591502,1.4981670847312891,0.43476871174171366,0.19072215138316992,0.27107190591400715,0.3524964246417876,0.7398333499017918,0.04552480968515151,0.34903289164524354,0.61432080910347,0.27266317059909906,0.6114500023242755,0.18675478700465414,0.286273886732877,0.06503549575780995,0.5264607129654059,0.0922201171439055,0.2400191439362677,-0.023527794856570784,0.041604910214430246
0.16504671533211046,0.5609909446278512,0.5826209291939974,0.4172810978359764,0.5400052229718582,0.5954877336440416,0.49382418852699417,0.485458770179096,0.521077122697004,0.4186387367187936,0.496631574267313,0.5152195236407492,0.5420079420745372,0.5420750965505116,0.4099345200948515,0.8205084536927386,0.47828156250771686,0.4724927674523559,0.5063434996495999,0.5961884606787119,0.48516029373644487,0.7071226272260093,0.44870964590352785,0.41405143671429423,0.44657861879838096,0.9619916612936928,0.6696201191642732,0.48548945652135556,0.6948838585012467,0.21895197275617018,0.43476871174171366,1.5265300986107206,0.3833166526701483,0.8089243024705225,0.5778613502964759,0.5746056268203182,0.2808673435506785,0.31810102542566054,0.5635141332977687,0.20074778489991602,0.7742896827929721,0.39781707975411634,0.4752500120030378,0.01852475416465541,0.4266723681121175,0.00703356233713711,0.6722917504796698,0.019417635807030834,1.390915387097171
0.07917007562657982,0.3405323900349185,0.2572881513003342,0.2144975984512729,0.24642290002961825,0.23713946637427497,0.3097267299121783,0.28919150608702787,0.37372640953341335,0.25650956664550983,0.30522452690960117,0.26365905619759294,0.32898677394214515,0.3439484519066697,0.33975792304128505,0.424909166575534,0.4179313049155987,0.3794290027393477,0.2497869722444256,0.4207217004156465,0.34172998758650147,0.3982988369866837,0.5483587317081033,0.38506424821410035,0.2727458603195459,0.5510341113858124,0.5171803698647065,1.0838812151335249,0.19803766859396094,0.542903057612582,0.19072215138316992,0.3833166526701483,1.906925029558545,0.35919465964364666,0.4324351707034803,-0.015801297530035355,0.8818024928561382,0.28758454901459474,0.332483364296832,0.031576955323070734,0.43153009757306005,0.35532428912991937,0.60277994635883,0.06845551264754264,0.3935384189152765,-0.2625650777691591,0.7521701705015624,0.4896217344468381,1.5958199420226855
-0.053327889461594655,0.6938175207809429,0.6878710464804603,0.4222491546216,0.7735134060815043,0.7430650102177644,0.5812245052455709,0.7346436896336845,0.4506953196801811,0.6521934882925949,0.6730879875395276,0.62113432098303,0.6409845084023249,0.6955814782649826,0.6005941434369328,0.7610734064996262,0.6769009028239157,0.6287140431044923,0.6207175348638581,0.8166906408109568,0.6850588779323512,0.6286354554163363,0.6320875150174295,0.0844244750330522,0.828616337377772,1.088072522036506,0.6747056560386335,0.5296786295428879,1.0627317787372557,-0.18257890833854554,0.27107190591400715,0.8089243024705225,0.35919465964364666,2.8554915592797605,0.7436643342556759,0.2886064524288028,0.8974767553465608,0.38536383313665085,0.7713711853850278,0.38756669656603526,1.092138279844508,0.690318052721561,0.7349629036487397,0.16891318963069699,0.75729342287721,-0.06809849815414032,1.2854061563288224,0.25737882290367753,1.5937707170352933
0.10218941929727933,0.5406873530444596,0.4949651026061332,-0.31629316282714576,0.24304917494127537,0.4384823422922876,0.42288216739117024,0.5813876513760552,0.30186930490867925,0.3902415927534212,0.5294322400025767,0.41627624843395444,0.4798778458471697,0.5617232705742463,0.5487815327921703,0.9351578481139341,0.6987557361810154,0.5024288676211923,0.3789922839682192,0.6840428173933438,0.6371451535017025,0.5369334565152433,0.6412445274479021,0.623062624869271,0.49824038277851784,0.5604814402502631,0.5613366416722971,1.6465429211381601,0.4015821720476688,0.9943413077350928,0.3524964246417876,0.5778613502964759,0.4324351707034803,0.7436643342556759,3.2768311410023943,0.05118030166687666,0.9771826085668465,0.36144446237751887,0.835672123901585,-0.19068118479027132,1.0393185339498865,0.6117279593215607,0.4940633415055668,-0.031291271862523326,0.5009206013902029,-0.23004166674485893,0.9551592984078175,0.41876265330413104,2.3695384430413737
0.2135868406496924,0.49874270488240746,0.6099228010510022,0.4283224547239174,0.38536495196770687,0.40408070610754093,0.4337815213313408,0.29448424938013723,0.46941304146749363,0.3323840868307256,0.35192665665037975,0.39823231764079736,0.3948243916422873,0.3777161282439856,0.29439316363291407,0.4575201038165941,0.3177950100341705,0.43464949876724607,0.45838147509213273,0.36254399109830493,0.26123101217266265,0.5640677779260771,0.3981314241571364,0.5319497139079645,0.6660953499149272,0.511205639728489,0.5266429957492663,0.10310053125506229,0.6812467429210919,0.17551839027293065,0.7398333499017918,0.5746056268203182,-0.015801297530035355,0.2886064524288028,0.05118030166687666,2.1409309065974247,-0.4779247689489237,0.11793777625411148,0.5114442929633815,0.4856234069956321,0.5905239879631168,0.2461182965225756,0.06958379068208115,-0.08661896337987442,0.4574264158793984,0.7374950220351232,-0.2704522341127163,-0.6428023399247713,-1.8103823300614978
0.10313821996548765,0.4781014674314251,0.49272411634099006,0.1390484226032962,0.41967419528666794,0.46964711767331463,0.411909429736859,0.43789857896352735,0.49698363947099405,0.4248648678812183,0.4627083522048223,0.3320804356500295,0.39000949331701834,0.547392587670994,0.5479128504126395,0.5765949017105544,0.6968760213317143,0.35529152080070103,0.31681100111255506,0.5825957284413824,0.7383199973595894,0.4790997557862146,0.7997361602701462,0.507167238289098,0.32196377496664613,0.07395332264202423,0.3521322774254469,0.9539410063076613,1.02407295161116,1.188088120980458,0.04552480968515151,0.2808673435506785,0.8818024928561382,0.8974767553465608,0.9771826085668465,-0.4779247689489237,4.1927168830571615,0.36126038299796437,-0.4661209736556873,-0.6385376137722913,0.9865512307400532,0.8659421437327244,0.5289927353767433,0.0003399860736226958,0.29046446004430293,0.12227040310707882,1.8890362112852535,0.8484644793942245,3.627517233301237
0.06380191689289573,0.36046938257731537,0.21319857448174542,0.15284886770388362,0.2626204341975342,0.3687377655007755,0.25872936612339326,0.2901377163646978,0.3307312199371771,0.19879722092108632,0.2844959239425875,0.2583094605333413,0.26521580793465926,0.33564006951748493,0.2603108790166202,0.2827820105856002,0.3137056458800898,0.1877205267204216,0.28819264584314264,0.8890622385478062,0.21507785043210215,0.29342035604413524,0.2659146870819623,0.35686461796706603,0.21749512077809094,0.3784892292821579,0.351390389337119,0.35405312035325937,0.21645499634197218,0.2735318708940348,0.34903289164524354,0.31810102542566054,0.28758454901459474,0.38536383313665085,0.36144446237751887,0.11793777625411148,0.36126038299796437,1.2249911745914805,0.39664571784421637,0.3769760174330403,0.4571454817803345,0.2770680187224019,0.34417680411210333,0.071261184592801,0.3481641751379077,-0.01596152529609675,0.4556771466772372,0.23038109825493666,0.48929132682297183
0.034129504982797876,0.4003684680039427,0.23724755088356023,0.2396853012092199,0.3468596530789602,0.40382604558793556,0.33420475537758204,0.5039728016817654,0.28210644548984953,0.34507914307974275,0.40821201700410675,0.3134453877999435,0.4801381940283121,0.39598700016712873,0.3460908396322722,0.5935894685797998,0.32097498900759724,0.48674726696615034,0.3551133031244408,0.7324656430848095,0.11470000902855192,0.44003875878276555,0.4759745287750031,0.5557207146691585,0.7216574153012827,0.6707325468032578,0.5419053044033999,0.5847446573305226,0.45469626931923374,0.3101063240177828,0.61432080910347,0.5635141332977687,0.332483364296832,0.7713711853850278,0.835672123901585,0.5114442929633815,-0.4661209736556873,0.39664571784421637,2.3368355589812206,0.8355818033495427,0.6622031525561947,0.11510889297107062,0.6396853796305864,0.10845169789030049,0.8515176980113581,0.001265026323174137,0.34887741741822365,-0.009630908479102591,0.2722678670321587
-0.06018944773148739,0.032706590354898805,-0.21392172277628144,0.22729297397408152,0.20458190499741538,0.1927040850130629,0.12414241993383543,0.14918932797165355,0.10726874763961122,0.1007379581116969,0.1433054466513584,0.13259284867404,0.16616191830905064,0.139638189910373,0.07707724735505217,0.22305055283632208,0.10678283189967055,0.16494995845035185,0.12542097250615683,0.3984032133405127,0.03360202868749513,0.16931786256929743,0.11038248514334492,0.12978992275196813,0.2870386968927616,0.3630068504254478,0.2590647199945408,-0.059976971386559184,0.18457020375699393,-0.3139610041457124,0.27266317059909906,0.20074778489991602,0.031576955323070734,0.38756669656603526,-0.19068118479027132,0.4856234069956321,-0.6385376137722913,0.3769760174330403,0.8355818033495427,2.1106320483677874,0.013873200239484912,0.1704751570395185,0.3022021326761428,-0.0013743688882804333,1.53101121878804,0.3608514763669132,0.04404767110750827,-0.24609882345629683,-1.6853711426389981
0.12120676246879482,0.6217267446585287,0.5538465361353614,0.30527248674054963,0.4964889718316901,0.5326742269908028,0.5086279260883501,0.5898656931088809,0.48151322068279495,0.5040706641541204,0.547239528418751,0.4754759450504794,0.5496498892610386,0.6199928484258064,0.55806614650581,0.754817951761675,0.5984910771721043,0.5633524321821463,0.47596135306472,0.8327228971753068,0.6025031497241181,0.5827435476850005,0.6918517145773604,0.6154085706472867,0.570464915130827,0.8444532898795959,0.7009942705324153,0.8175512554812151,0.8182613891261229,0.7932993537025719,0.6114500023242755,0.7742896827929721,0.43153009757306005,1.092138279844508,1.0393185339498865,0.5905239879631168,0.9865512307400532,0.4571454817803345,0.6622031525561947,0.013873200239484912,2.482329445580682,0.5382205752329773,0.48057839389201734,0.12365226024556936,0.26936475558921985,0.00014966122620182552,1.1519857533969424,0.5101919581609492,2.4633877801017467
0.11136102501602721,0.40124174399633383,0.44602664897101374,0.19332486599376103,0.3677799390080462,0.4139873133865168,0.36495837677381343,0.3431243970024259,0.35792011209816665,0.30654147252625086,0.3888035969998909,0.34612406024702885,0.35088924008036165,0.405915180232627,0.36472094770389746,0.5014946003519481,0.48632312368878344,0.30495599658689126,0.35612988906953913,0.33409394478206383,0.675320656376698,0.43341819490714484,0.37687225892840026,0.22491653123678168,0.32285188376949214,0.41818885465753225,0.35669565779735174,0.4737872506192006,0.4826333508318354,0.34746160016099414,0.18675478700465414,0.39781707975411634,0.35532428912991937,0.690318052721561,0.6117279593215607,0.2461182965225756,0.8659421437327244,0.2770680187224019,0.11510889297107062,0.1704751570395185,0.5382205752329773,0.9985470321380073,0.3357100749013872,-0.023596566533092105,0.4815846945488677,0.10112547531111048,0.7901391597285365,0.20217089096507043,0.8146898293803959
