1.6259168622071833,-0.0050714076015655795,-0.014808374496732597,-0.0077919311118275335,-0.022517018845019957,-0.013218897933082245,0.008762649304274946,0.0002285639300736225,0.00511629306149966,0.012389934225615734,0.008321915433272539,0.0035286772063485763,0.013614578455519092,0.008567539610261464,0.010708603204766772,0.004796799371009314,0.003293153190335373,0.001700300075126619,0.002760025692514838,0.00316521430763109,0.00391801884160154,0.003557518395121798,0.0027799657403586166,0.0022288618345198,0.001863576174120659,0.0016391432536623008,0.001327282675743543,0.0009962332241833414,0.0006852351476256284,0.0005503166313483445,0.0004782967866264759,0.00037598531112560305,0.000152800445442554,0.000259038455545985,0.0005943187723377143,0.0008590673063280004,0.0006292318711211168,0.0004230211069186387,-4.1705440705129855e-5,-0.0002983338417083443,-0.00039056771788087126,0.00039326487066594645,0.0033754559495987376,-0.001940742395501782,-0.002846187483695604,-0.0025134684775948014,-0.0019554385106928915,-0.0014324433992351972,-0.0010352810498785588,-2.052489847662353e-5,0.005440901026168923,0.005588172180323524,0.004023692288613776,-0.004655779373669186,0.005497079323992366,-0.005684068104946429,-0.007014292874959537,0.008460493524582462,-0.00672991038463108
-0.0050714076015655795,1.62662733804138,-0.015723882899370538,-0.033242303917184024,-0.03320648346974641,-0.034620588521850564,0.01726113963760586,0.0011509301562003017,0.01090068746032797,0.02092232726336609,0.013729111062353368,0.006426615863824924,0.021217491828661394,0.011504824707725115,0.015539463019456842,0.00903816823700186,0.0021708758808295235,0.0002733296698759866,0.001888692386116132,0.0020667543634403014,0.0041326836349982205,0.00498150384399595,0.004193221547705923,0.0036360858388239576,0.002801085693220935,0.0021983882358872216,0.0011502403390691673,0.00021529778578548945,-0.0005354029945551054,-0.0005200076295596262,-0.0002537115025552472,-0.0006391605042421206,-0.0017698639123751617,-0.001540414783137304,-0.00023994252204485923,0.0009728591023392979,0.0012061596927022001,0.0007387771692514778,0.0002467140473985147,-0.00017940554563401342,7.08732955017527e-5,0.0014614796606122115,0.005504059957905231,-0.0011114993757499094,-0.00292914429272735,-0.002888361369871268,-0.0023915860534967043,-0.0017872994398173095,-0.0013138759115430237,-0.005070583034692779,0.009211320715069523,0.007735681383067917,0.018412610240337347,-0.008067307242489987,0.0027475158973420018,-0.00023021991292566872,0.00024431575679647065,-0.0013641492171910879,0.003361442573575726
-0.014808374496732597,-0.015723882899370538,1.5860806716738578,-0.05241555412785472,-0.0769104743623633,-0.04990831207885896,0.02350547220626201,-0.003387348194908764,0.01222825373924571,0.0367365346972061,0.023885553747506814,0.011872042171862818,0.0383457061140457,0.024147527578486996,0.027385472237842736,0.016402254746093112,0.007608400456649561,0.0051576928374779014,0.006048193590424602,0.00733350599908045,0.009674409680178398,0.009274793451635224,0.007186748733940214,0.005580471943174112,0.004092813149418034,0.0029228140038278136,0.001561529539935081,0.00043383495512739896,2.894802289465122e-5,4.566040905526318e-5,0.00025218337047574183,-0.0006278408867126391,-0.001327467264335089,-0.0009647801523961702,-0.0002929352032851514,-7.673939482337335e-5,-0.00023175653704943068,-0.0007140794339482899,-0.0011536947130609196,-0.0014422744822305416,-0.000777073838982566,0.0014616505322928052,0.00829738280475239,-0.0011207738585685763,-0.003264570885863526,-0.003218015088325295,-0.002660321829272402,-0.0019735998718656503,-0.0014410140310656002,8.413635681851765e-5,0.01578545614345849,0.009888189284504348,0.014751618190351881,-0.015466825769302495,0.007533351164853721,0.010435319994907061,0.0005381758403912639,-0.014678267687607945,-0.0034364752285546835
-0.0077919311118275335,-0.033242303917184024,-0.05241555412785472,1.5501144321079563,-0.10665517696592144,-0.11436148169641383,0.015392820427765866,0.002669730772722236,0.029617695034931876,0.05691881078683488,0.038006874664494296,0.017910124062148404,0.06218727856855116,0.03975176035117495,0.04451238586628016,0.029792885279159118,0.011633303579296468,0.006686083746172158,0.007892302605888175,0.009212036035991692,0.014103726225086025,0.01474449630531533,0.011780678409492899,0.00936938423873646,0.006871655520542156,0.00494582503108213,0.0024443641228310267,0.00017873426546651043,-0.0013636628824487856,-0.0014849506253835605,-0.0008068436380451248,-0.002206607716328858,-0.004581139022971573,-0.004022887616611919,-0.0011761630668520678,0.0010879511925808343,0.0017302427038456312,0.0007189555390848772,-3.918229757055796e-5,-0.0008178724712235891,3.406758570068288e-5,0.0031212582362780835,0.011669867651024011,-0.0014543491699331602,-0.005310835504412373,-0.005412685195320374,-0.004557687029323008,-0.0034112470851999322,-0.0025106085909611157,-0.011141494312948976,0.021823208888434708,0.02286305491802201,0.036203344723899994,-0.01844689381884941,-0.0008277945524563194,0.010571202931562152,0.008215138710228642,-0.010788700945593505,0.006966725672655097
-0.022517018845019957,-0.03320648346974641,-0.0769104743623633,-0.10665517696592144,1.4675870712189178,-0.20670219335779536,-0.07675379061726907,0.02454645418985839,0.0628535513923222,0.08525840252696938,0.05418975372350795,0.03229438255195765,0.09291463271440703,0.07631315604293903,0.06886578918696337,0.05182788093321518,0.030037814977348434,0.023190682609707483,0.018292578039333963,0.02261113012494636,0.026957766633076644,0.02416782044335675,0.017732445294010434,0.013302390006996066,0.009634473174178837,0.007173458884064297,0.004365582285140754,0.0018383402608913304,0.0001967490599605261,-0.00036003073528501577,5.488386457606968e-5,-0.0018172449255283154,-0.0036199053562203736,-0.003118852386051401,-0.00047867670808573586,0.0010454342193748289,0.0014181410004495988,0.0003340218573815201,-0.0005994290433104108,-0.0016438166614816294,-0.0010776996123583896,0.0024333702113190953,0.013977401498552507,-0.004113942289039607,-0.0083114469955774,-0.00783116527613175,-0.006344590038050392,-0.004686274893559917,-0.0034099555088211784,-0.006523519835283695,0.023546268100292235,0.03611652723760009,0.022974410612478062,-0.02072323289293978,-0.002576457153984501,0.009216707131004495,0.005014996668785675,-0.0018838538357345061,0.004939603163293277
-0.013218897933082245,-0.034620588521850564,-0.04990831207885896,-0.11436148169641383,-0.20670219335779536,1.270161691346068,-0.32339680965951506,0.019193783827747102,0.1371428673476044,0.12381544544186668,0.08002147532836226,0.052616130478861545,0.11900818367994573,0.126644435371078,0.10419879957967464,0.09192273948597776,0.06061399660256276,0.0507871100927398,0.030205605491421216,0.03987627213827881,0.04054782049461401,0.03198799661788893,0.021435489605989292,0.01475240170085127,0.010337261146298175,0.007896709233272545,0.005490270663951708,0.0033010907596321554,0.0013770536033143213,0.00013439300515266306,-0.0004517617704195217,-0.0029422748659279044,-0.005825644161629193,-0.005317793598801403,-0.0009211515031809146,0.002263679439959322,0.003402823390690034,0.0018675402378791192,0.0005435255411167705,-0.0011563778152129912,-0.001135177585709282,0.0019031563032448733,0.013069152797168785,-0.004152412857410329,-0.008186926693765431,-0.007597551553807067,-0.006083904036708355,-0.0044607171334465805,-0.0032242723249826066,-0.015433667294188593,0.017228704100473446,0.041824737242692894,0.020602457542157865,-0.00150297573117138,-0.017194759400243207,0.008104021766907254,0.011427648306817981,0.013584638244283678,0.01207669813797193
0.008762649304274946,0.01726113963760586,0.02350547220626201,0.015392820427765866,-0.07675379061726907,-0.32339680965951506,0.7599899429319443,-0.12251135512448089,0.08093325625029141,0.04361707356958886,0.08532893571773065,0.16257683336875664,0.07913041432666343,0.18666967463245326,0.13666452224290884,0.1232497475247544,0.10425825077811747,0.0939851987849305,0.04417693198535573,0.05997792110055553,0.051231019394573585,0.03631628698297175,0.020561453674172715,0.010041050935289267,0.0033446652852364483,0.0009464438442637761,0.0010464675883765056,0.002246936095372761,0.0030624724787708785,0.002568223128178929,0.0002085962599699964,-0.0010831642710858454,-0.0005135827384564525,-0.0008066601709248024,-0.0017028277775085116,-0.0023649223422231255,-0.0017232843687765543,-0.0010248701491169948,-0.0004332358247562356,-0.0008506128295188706,-0.0026631369745482194,-0.00727280232883239,-0.017118502754295814,9.542758691568118e-5,0.005796319538243636,0.0065073563285235995,0.005693930721817504,0.004428782890288416,0.0033604039089998234,-0.002760834924916269,-0.038612111489054995,0.008095095335594348,-0.06617045936773679,0.05102815092943477,-0.000591809314751004,0.00018701159604661474,0.002935946835638685,0.0005084229044702739,0.01486890276519689
0.0002285639300736225,0.0011509301562003017,-0.003387348194908764,0.002669730772722236,0.02454645418985839,0.019193783827747102,-0.12251135512448089,1.0109494607008003,-0.3114695754786495,0.0037478910375551805,0.08048940379563295,0.26105285661558963,0.09348127615301426,0.11414590599252243,0.11321998616411345,0.10462591536350269,0.07439471970460225,0.0484794853776171,0.01863712549011991,0.03155157254393733,0.03249939990821569,0.026979736102269468,0.018679722402987844,0.01204093573071353,0.007045863460812346,0.004217223244016892,0.0030861028158618497,0.002169181235526275,0.0010120302303386793,-0.0004985236707011605,-0.001451998328811917,-0.004851956137738168,-0.006040217328502849,-0.006558805684209335,-0.0034713176118873613,-0.0014455881806883,0.00036382051756845234,-0.00019520106535747878,-0.000261992094251255,-0.0009754622674004868,-0.0019503224405466005,-0.004818921939645509,-0.01296205967384847,-0.0007795845475686036,0.001771593270607473,0.002073626486157193,0.0017068029152347535,0.0013465157285295168,0.0010145605620817712,-0.009115494538813504,0.03637825706452432,-0.04752042524167644,0.0628737556463333,-0.0136591452236142,-0.029512197956804907,0.015658758875537252,0.014318725124097018,0.02463436239802885,-0.0179376109791647
0.00511629306149966,0.01090068746032797,0.01222825373924571,0.029617695034931876,0.0628535513923222,0.1371428673476044,0.08093325625029141,-0.3114695754786495,0.93237822764012,-0.2641284068126053,0.11929971439822294,0.1597050138644965,0.015303620100157378,0.12494815318178519,0.07091445697501951,0.11099084069907532,0.10183361102655704,0.08057492069499923,0.030703053401933314,0.04621612135608543,0.03784233666673078,0.023275332197066498,0.012887966261754324,0.006955251934259485,0.003993579272886357,0.002920736903183411,0.0032604501245842043,0.003883430785607923,0.0036038701228510556,0.00199310066975,-0.0013184574912936608,-0.002381159917257396,-0.002714357365881581,-0.0027568814155933424,-0.0018001017043778155,-0.0013391890192369724,-0.0011655823063110387,-0.0012288185813831608,-0.0018087525261192058,-0.002838138161221948,-0.0045273610197159525,-0.008223415279224695,-0.01625892619547151,-0.000630474192824143,0.004037581788425712,0.0046054704608510235,0.003941999791343653,0.00305550571558587,0.002274892709628696,0.0015458473267387853,0.006831319418819749,-0.008484586366762633,0.031119666302595658,-0.016674655351448745,0.009087220771903978,0.005769107174701277,-0.002899005952658286,-0.005397508653889263,-0.008109796167006644
0.012389934225615734,0.02092232726336609,0.0367365346972061,0.05691881078683488,0.08525840252696938,0.12381544544186668,0.04361707356958886,0.0037478910375551805,-0.2641284068126053,1.1281728107013467,-0.022577751957903756,-0.17147564529962975,0.0695971890886875,0.09526388574995868,0.08205875127514055,0.0813079141940662,0.10269791692557645,0.06143169523937948,0.028935601899132666,0.022998468248222922,0.016036736922516885,0.012009830995209891,0.009342640674602231,0.0069020246145227405,0.004364412039154509,0.002110668744652106,0.0006772452433035957,-0.00012916091990057942,3.904918120474743e-5,0.0006087535911994549,0.0002643612563387657,-0.00029765877281908646,0.0003668989425404927,-0.0010518448055427834,-0.0017315758998884708,-0.0022903092803463025,-0.0016544589352230797,-0.0008739018642558647,-0.0007549765022332842,-0.0012298504080805069,-0.002910152900929817,-0.006010177807484579,-0.012871259945240535,-0.002323907173054151,0.001376051809871047,0.002114915475343225,0.0018864599185088235,0.0014492014841122711,0.0010851857457944438,0.013607524509867696,-0.016654952530329226,-0.014445540378915404,-0.023771501695729738,0.014524989039942579,0.04044892316843469,-0.019196066171769503,-0.010753890760138024,-0.030420372698135297,0.03427302920700964
0.008321915433272539,0.013729111062353368,0.023885553747506814,0.038006874664494296,0.05418975372350795,0.08002147532836226,0.08532893571773065,0.08048940379563295,0.11929971439822294,-0.022577751957903756,0.6797892649566111,-0.2628024630622644,0.17459375225028845,0.12029753807662567,0.031216195089353388,0.10918059550291288,0.0870648735467466,0.07455632242072321,0.02953871385389601,0.0408349843292485,0.03156344836898892,0.01833572223001035,0.008582391966767614,0.004229169145916775,0.002523871466895283,0.0029546573821357513,0.004546084457197489,0.005968864729542668,0.005669902616693045,0.0023562861477893424,0.001651399698285463,-0.0025838238905104838,0.001694782656093796,0.0007971216702230646,-0.00014409370182383383,-0.0033697092269698446,-0.003132612238244255,-0.0030424615006663875,-0.002245520647676645,-0.002941327930826068,-0.004425617147509278,-0.008491607182478482,-0.015735912703906983,-0.0016946650906851837,0.003294889664960896,0.004274255610607321,0.003877977232621984,0.003047672206919947,0.002318279550412927,0.0191177482681744,-0.016650019647161098,-0.022052530605728513,-0.02136997491167376,0.006463255589296276,-0.03369132693498471,0.015864127222466877,0.017031904475035137,0.042439868357552424,-0.04147109402758282
0.0035286772063485763,0.006426615863824924,0.011872042171862818,0.017910124062148404,0.03229438255195765,0.052616130478861545,0.16257683336875664,0.26105285661558963,0.1597050138644965,-0.17147564529962975,-0.2628024630622644,1.0211210576265575,0.05440125265513405,-0.005868069343623706,-0.06873208038324839,0.008928153104826364,0.10496450618702978,0.07749261083435952,0.046488993588699457,0.04794619291312691,0.03802702038149445,0.026456060930876338,0.017698945965898258,0.011037221791777154,0.006661082333340348,0.0037558035100438104,0.0026496976170987704,0.002382129722956375,0.0033634004153663554,0.0037498827615812403,-0.000568054403740053,-0.0003564778168199376,-2.7821382637302794e-5,-0.0002846203707596873,-0.0015558826752635735,-0.0028543810410788903,-0.0021900370645370907,-0.0016402551905411373,-0.0013104417795938895,-0.002363071710240791,-0.004548457693040762,-0.00857137868931019,-0.01517201971374071,-0.004580902692605465,-6.715587295032695e-5,0.001237743473353462,0.001370683225447803,0.0011361850953173543,0.0009033001801416346,0.02075580831642013,0.004199667934635133,-0.04739566618503993,-0.0010785361777781697,-0.002442141977651915,0.002581373705807335,0.008371900790339408,-0.011845389863472354,-0.0075856006683677705,0.03687733666519078
0.013614578455519092,0.021217491828661394,0.0383457061140457,0.06218727856855116,0.09291463271440703,0.11900818367994573,0.07913041432666343,0.09348127615301426,0.015303620100157378,0.0695971890886875,0.17459375225028845,0.05440125265513405,0.86982677527905,-0.2799615240621448,-0.026369882111014906,0.09272753969152596,0.016892058631178365,0.027582887904088464,0.010685336345776415,0.03188611109864541,0.02583640243264704,0.014513856210098739,0.00732615016848791,0.00506696393117771,0.004850422650001056,0.006079936609012368,0.007894270826248176,0.009292062836419975,0.00815705815652923,0.0032155928181850126,0.002367763155031708,-0.0036078975374952706,0.000659534506865924,-0.0008657946474240511,-0.0005512932685914465,-0.0027996070093325347,-0.0026058278774338775,-0.0028246380179641215,-0.0030198535193163853,-0.004506258776673341,-0.006754607628023148,-0.011015615649163485,-0.018285682840080645,-0.004253100343901956,0.0011375474501890569,0.0026460775106404485,0.002672523315363086,0.002157495595084457,0.0016674250330094256,-0.005842975413522154,-0.0505201834146692,0.009243272325887099,-0.033181150830490065,0.030950045153628095,-0.013453092199071506,0.018074484624459014,-0.013214862947374523,0.014677518309888022,-0.01021452769928734
0.008567539610261464,0.011504824707725115,0.024147527578486996,0.03975176035117495,0.07631315604293903,0.126644435371078,0.18666967463245326,0.11414590599252243,0.12494815318178519,0.09526388574995868,0.12029753807662567,-0.005868069343623706,-0.2799615240621448,1.106603742855526,0.022906439174849254,-0.03499013429644251,-0.08088616882774473,-0.06249468325515785,-0.019539989613509133,0.019325816438798327,0.01958109384318516,0.014494559824956968,0.009904800532240646,0.006772091439559374,0.004665946890980378,0.00409415935891712,0.004969789845121285,0.006647694585517648,0.008504751379715021,0.008783198329687146,0.0014807945666187687,0.0005446422251586166,0.0016840634169720853,0.0014979020946618946,0.0002662066944939725,-0.003152320093371258,-0.0038332742758887517,-0.004011530420642489,-0.0038111265969759077,-0.004586280642512187,-0.006646111232804078,-0.010430213868631437,-0.014134683050023307,-0.006678513818012369,-0.0017094502342964403,0.00018973203384587228,0.0007488267082064925,0.0007607174984392544,0.0006697757670924948,-0.009524921662831738,-0.05269615764847492,0.07294693153893483,-0.04968082011866275,0.00920416317853632,-0.025176683642914713,0.022215518655657657,-0.002744579545752765,0.009820572028994943,-0.03052987326140094
0.010708603204766772,0.015539463019456842,0.027385472237842736,0.04451238586628016,0.06886578918696337,0.10419879957967464,0.13666452224290884,0.11321998616411345,0.07091445697501951,0.08205875127514055,0.031216195089353388,-0.06873208038324839,-0.026369882111014906,0.022906439174849254,1.105869240316381,-0.2696883306133787,-0.03625195902641474,0.08642290169867584,0.029223273824931204,0.03210945797232006,0.02050682936940453,0.008722125595923325,0.0017398676190650073,-0.0002885443125745302,5.504055650695553e-5,0.002098604484597817,0.004952561837205713,0.007637813834844918,0.0071386957021218065,0.003543642324981783,0.0010314427629390635,-0.002594017545867982,-0.002119763915409778,-0.003506971994357009,-0.0005755732354394645,0.0006703133679830425,0.0011713467937837277,0.0001673342082270966,-0.001437936452003524,-0.0027162378500315155,-0.003730727401228936,-0.005201695707220476,-0.008435541204634224,0.0007290606885192388,0.00331554169782619,0.003569729968880848,0.003112277396080571,0.0024238206176961158,0.0018156930796423565,0.014894607172608943,0.05302066152947193,-0.08429150481467142,0.04327772545970162,0.007450177631431305,-0.007771997271633335,0.0036820323114428372,-0.002422399692166994,-0.011918888563759809,-0.01787148851062977
0.004796799371009314,0.00903816823700186,0.016402254746093112,0.029792885279159118,0.05182788093321518,0.09192273948597776,0.1232497475247544,0.10462591536350269,0.11099084069907532,0.0813079141940662,0.10918059550291288,0.008928153104826364,0.09272753969152596,-0.03499013429644251,-0.2696883306133787,1.2647953502255824,-0.09359273348168176,-0.04499577927100653,0.012013624059583899,-0.004092138238571762,-0.01711484196796311,-0.016168082378996498,-0.011287598127782348,-0.00856850456328005,-0.007410357557067848,-0.007290435452378447,-0.006626794001129035,-0.005552295678195424,-0.003663527111676111,-0.000145888620072941,-0.0003856486161686731,0.0016775221555717127,-0.0009642317015113184,-0.0009035256171510322,0.00023442268878398327,0.002281910813807212,0.0028441417964239807,0.002455305912842812,0.0021932663952755273,0.002954238582786767,0.003760003432910337,0.004808002745118606,0.005406771158282616,0.007302148590547693,0.006477093660864433,0.004939684749784906,0.003594718079783995,0.002535959587863645,0.0017814268219481923,-0.0017674101011971042,0.034197556585723446,-0.038875100322992386,0.02606676583201803,0.003910301241341637,-0.007328073621050658,0.002565452465233779,0.018823732903067283,-0.027176101571358628,-0.0010205898292688148
0.003293153190335373,0.0021708758808295235,0.007608400456649561,0.011633303579296468,0.030037814977348434,0.06061399660256276,0.10425825077811747,0.07439471970460225,0.10183361102655704,0.10269791692557645,0.0870648735467466,0.10496450618702978,0.016892058631178365,-0.08088616882774473,-0.03625195902641474,-0.09359273348168176,1.3925599258843875,-0.123123188146767,-0.070756910533983,-0.039770401535127856,-0.01773228752389375,-0.010233997967844896,-0.007154730550244902,-0.0049621069098663125,-0.0044889415062197655,-0.004074745409072146,-0.003441955051836921,-0.0019921550997375934,-0.00045155106843635274,0.001483539630067234,0.0014185484941074758,0.002881218911363404,0.0043627842665438215,0.0036673968148978778,0.0021638273084485537,0.0004903783485094355,-0.00010693467401134336,0.00012824046116799383,0.000634993156345049,0.0009509331820929797,0.0011490777157552618,0.0010017313470928346,0.0006259683081627299,0.0031519001892950623,0.0036809168832866775,0.0031185447769807055,0.0024321037467077812,0.001750962465473606,0.001235651067837849,-0.006520873295438776,-0.028839010835259492,0.039915488229838814,-0.028778829045589836,-0.0006962621977947349,0.019868582295432407,-0.019260948841075445,-0.00155092503417483,-0.020461192358182483,0.019448648728933655
0.001700300075126619,0.0002733296698759866,0.0051576928374779014,0.006686083746172158,0.023190682609707483,0.0507871100927398,0.0939851987849305,0.0484794853776171,0.08057492069499923,0.06143169523937948,0.07455632242072321,0.07749261083435952,0.027582887904088464,-0.06249468325515785,0.08642290169867584,-0.04499577927100653,-0.123123188146767,1.4498878888252653,-0.05705480892446981,-0.09022338398298126,-0.04912186414083911,-0.02338452604123227,-0.009956110386781155,-0.004945568409632119,-0.004602979007269621,-0.006705596375098376,-0.008960059174436522,-0.01107219958139198,-0.010964816259885426,-0.008419104596656833,0.00043771995421046475,0.004410483850699094,0.004730385955094491,0.0064471057665142694,0.0016848670139343227,0.0004491729905060666,-0.0013426803398570435,0.00038769454334208015,0.002084358152945555,0.0054943831096082064,0.008663588222512914,0.012870252419194704,0.017432887230970015,0.006725157867207695,0.0021227115392661033,0.0002497624924753771,-0.00034576102628474954,-0.00048804680447826635,-0.00045757508862513376,0.0002930726435163586,-0.018235117069485,0.028328423836183225,-0.035834339606953036,-0.00799969295971239,0.011626387671763931,-0.010983419427558722,-0.000871876503628133,-0.004188518700239141,0.01173478052639029
0.002760025692514838,0.001888692386116132,0.006048193590424602,0.007892302605888175,0.018292578039333963,0.030205605491421216,0.04417693198535573,0.01863712549011991,0.030703053401933314,0.028935601899132666,0.02953871385389601,0.046488993588699457,0.010685336345776415,-0.019539989613509133,0.029223273824931204,0.012013624059583899,-0.070756910533983,-0.05705480892446981,1.5668725964409922,-0.04878931815773323,-0.02811939930752035,-0.01798441766329794,-0.01329520044290278,-0.010783447131473414,-0.008627829958310277,-0.006745945100073017,-0.005305065564908761,-0.004004239681141375,-0.0029746768393598207,-0.0029848171614508157,-0.0025518804732373233,0.0032133651191063673,0.006032470716426395,0.00545580332322722,0.0032767540730175675,0.002094815272406624,0.0013863595004949616,0.0015638149800753915,0.0019619183801853016,0.002753474419333718,0.003548414063087643,0.004856409660547841,0.007170402605009726,0.0032795245403353865,0.002233662696974659,0.0016384520251766382,0.0012936324712454308,0.0009398515997131875,0.0006907583368005627,0.0036804226394865835,-0.01668995832616247,0.008977763310732148,-0.02007002494752501,0.0009980137131977854,0.008460026895428359,-0.01368715591848668,-0.003086970441305181,-0.00702349271953471,0.01336912783254939
0.00316521430763109,0.0020667543634403014,0.00733350599908045,0.009212036035991692,0.02261113012494636,0.03987627213827881,0.05997792110055553,0.03155157254393733,0.04621612135608543,0.022998468248222922,0.0408349843292485,0.04794619291312691,0.03188611109864541,0.019325816438798327,0.03210945797232006,-0.004092138238571762,-0.039770401535127856,-0.09022338398298126,-0.04878931815773323,1.5464325657399334,-0.07381456956539756,-0.05148396315348696,-0.03490986466502879,-0.025759781109382644,-0.018624539808566626,-0.014115401780260765,-0.011012233907997637,-0.00875023927192216,-0.007157190078756922,-0.005005740906633024,-0.00042004292968854997,0.004580755247242994,0.007266131739577364,0.007267533924906441,0.004660047552891465,0.003656690909820006,0.002858137628956454,0.0032254774807020737,0.0040163553350692485,0.006094902215733632,0.008316080458510006,0.011680316467545545,0.015010450819012996,0.010117349460405189,0.006723670945747564,0.004537801441419648,0.0032350570649459036,0.002243443693857697,0.0015635021633821986,0.007734887111625887,-1.846980655165918e-5,-0.014508180815559851,-0.012959252578138796,-0.0026859692569733014,0.005140013036775955,-0.011895172021678627,-0.006402045882733233,-0.0025108941708483767,0.011967605226479272
0.00391801884160154,0.0041326836349982205,0.009674409680178398,0.014103726225086025,0.026957766633076644,0.04054782049461401,0.051231019394573585,0.03249939990821569,0.03784233666673078,0.016036736922516885,0.03156344836898892,0.03802702038149445,0.02583640243264704,0.01958109384318516,0.02050682936940453,-0.01711484196796311,-0.01773228752389375,-0.04912186414083911,-0.02811939930752035,-0.07381456956539756,1.5549845536028066,-0.0723325845240472,-0.05259118006718249,-0.03923136414995502,-0.028198140485336372,-0.021245308328550244,-0.01635745620708847,-0.012106803769777137,-0.007777519915522792,-0.002935902883732849,-0.00020783416272539317,0.006826592950110583,0.006149219352994958,0.007500638133297635,0.004237398534725936,0.004263643255487559,0.002804748948238662,0.0032665387811783844,0.004167813332712565,0.007330926976754038,0.011075949698623648,0.016333776109886608,0.023269339347970402,0.01600204486076582,0.011268996262319057,0.00779065591032724,0.005548566650601012,0.003849913449239704,0.0026766256255397764,0.0016768501584903692,0.003270275560266657,-0.010789645225434859,-0.0006831033147009922,-0.0048812950352182475,0.0012770972049524626,-0.007375757396123691,-0.0028441868141773413,-0.007188593074349966,0.007432769283408214
0.003557518395121798,0.00498150384399595,0.009274793451635224,0.01474449630531533,0.02416782044335675,0.03198799661788893,0.03631628698297175,0.026979736102269468,0.023275332197066498,0.012009830995209891,0.01833572223001035,0.026456060930876338,0.014513856210098739,0.014494559824956968,0.008722125595923325,-0.016168082378996498,-0.010233997967844896,-0.02338452604123227,-0.01798441766329794,-0.05148396315348696,-0.0723325845240472,1.573797912103406,-0.0536739184255464,-0.04261625408779114,-0.03162593646377907,-0.023793585127523855,-0.017284065397216785,-0.010979938538641959,-0.0049134818747552525,0.00017261868917467637,4.7710443208172205e-5,0.006808995673007967,0.006047053032060512,0.007029985647398297,0.004880155500792006,0.005311037715083072,0.004139354099851675,0.0038129062142780454,0.004002059556978345,0.006335046561730947,0.009368073610793504,0.014099674254356868,0.022681580022823968,0.01856205914066053,0.015535890260417138,0.011940302456864255,0.009004987566992965,0.006478087948339187,0.004628901147689306,-0.0019426702912717158,0.002967634480125905,-0.003306461063896849,0.0032039839887062866,-0.0014385839661508464,-0.005041810383444896,-0.0014185520928576183,-0.002706514168999015,-0.006563486267245446,0.0056732732835282585
0.0027799657403586166,0.004193221547705923,0.007186748733940214,0.011780678409492899,0.017732445294010434,0.021435489605989292,0.020561453674172715,0.018679722402987844,0.012887966261754324,0.009342640674602231,0.008582391966767614,0.017698945965898258,0.00732615016848791,0.009904800532240646,0.0017398676190650073,-0.011287598127782348,-0.007154730550244902,-0.009956110386781155,-0.01329520044290278,-0.03490986466502879,-0.05259118006718249,-0.0536739184255464,1.5955421303435968,-0.039433744193416366,-0.03132736705613278,-0.02468897969843438,-0.018561649029732848,-0.011853676838911186,-0.0049521105627364365,0.0006701950367694844,-0.00037656790609787356,0.006154823162745741,0.005374740097246649,0.006139025594653406,0.004540109096015419,0.005374284067922522,0.004558834753122447,0.003920623182470874,0.0037124973336272776,0.005569956297761181,0.00818407793768276,0.012639118846588466,0.022184605698714492,0.02102433847750589,0.019290229485206745,0.01548758925971762,0.011893936092846885,0.008675515019682134,0.006259936729821772,-0.002060981490574674,0.002122963159928659,-0.0008095172006114678,0.004357279214079882,-0.00022474618494300742,-0.009076357212152546,0.0008320508212328457,-0.004264831313731128,-0.006963634455639743,0.010487533271659069
0.0022288618345198,0.0036360858388239576,0.005580471943174112,0.00936938423873646,0.013302390006996066,0.01475240170085127,0.010041050935289267,0.01204093573071353,0.006955251934259485,0.0069020246145227405,0.004229169145916775,0.011037221791777154,0.00506696393117771,0.006772091439559374,-0.0002885443125745302,-0.00856850456328005,-0.0049621069098663125,-0.004945568409632119,-0.010783447131473414,-0.025759781109382644,-0.03923136414995502,-0.04261625408779114,-0.039433744193416366,1.6053699473214822,-0.03151199829923768,-0.027524507583017232,-0.023381697189690336,-0.017791421528682065,-0.009983655768752637,-0.002347754616562571,-0.0021223527600927644,0.005425449979500205,0.003272108929512211,0.004791708663597156,0.0030338855311192593,0.005188078784198088,0.004711287453146319,0.004495604992863355,0.004287020600734208,0.006467905776048394,0.009507310912757645,0.014709786391300475,0.025860547155874453,0.02606220613414992,0.02438822144369921,0.019629701556219684,0.014993880415355708,0.0109374662992978,0.007893583601989095,-0.0017448914816925313,0.0009663092985957286,0.0007129187299457963,0.0030844659575903393,0.0011957291971426921,-0.013650397927555812,0.0019961008879309135,-0.005956616841375373,-0.002846815758941582,0.01220635609802232
0.001863576174120659,0.002801085693220935,0.004092813149418034,0.006871655520542156,0.009634473174178837,0.010337261146298175,0.0033446652852364483,0.007045863460812346,0.003993579272886357,0.004364412039154509,0.002523871466895283,0.006661082333340348,0.004850422650001056,0.004665946890980378,5.504055650695553e-5,-0.007410357557067848,-0.0044889415062197655,-0.004602979007269621,-0.008627829958310277,-0.018624539808566626,-0.028198140485336372,-0.03162593646377907,-0.03132736705613278,-0.03151199829923768,1.6108354460445602,-0.03144508813854251,-0.031680794518417495,-0.029256494257345896,-0.020781362085981355,-0.009366149799785,-0.005505516185064515,0.00436509408869113,-0.0011937221161680638,0.00227872816977314,-0.0005191766603333231,0.004095577844420351,0.0038782789247012862,0.005030082076741577,0.005334942900490094,0.008910860565389757,0.013645397715129867,0.021252709325120838,0.03534626879292663,0.03401589435233921,0.03039177740564497,0.023725096041258317,0.017668671938301163,0.012754018503873478,0.009127548426146256,-0.0009115391400108746,9.808974275251679e-5,-0.0004140309157388675,0.0023740981697100254,0.0012291512240893182,-0.017337212779088628,0.001150569331713404,-0.007670780090057273,0.002412151096347776,0.013529681765920882
0.0016391432536623008,0.0021983882358872216,0.0029228140038278136,0.00494582503108213,0.007173458884064297,0.007896709233272545,0.0009464438442637761,0.004217223244016892,0.002920736903183411,0.002110668744652106,0.0029546573821357513,0.0037558035100438104,0.006079936609012368,0.00409415935891712,0.002098604484597817,-0.007290435452378447,-0.004074745409072146,-0.006705596375098376,-0.006745945100073017,-0.014115401780260765,-0.021245308328550244,-0.023793585127523855,-0.02468897969843438,-0.027524507583017232,-0.03144508813854251,1.6038128223977097,-0.04463248542754677,-0.04758050393895346,-0.038968718063121216,-0.021876333777905176,-0.01099363708354311,0.0022867136515677413,-0.008788248257670049,-0.002397647663217123,-0.006098370821942046,0.003277003616145671,0.004173878740653407,0.0080022927076733,0.00944649390733081,0.015326057934490466,0.02249369543166518,0.03355934813504985,0.05165269142599204,0.04553761227010444,0.037972273155823334,0.028335851072151697,0.020378424634145496,0.014438066043731514,0.010183122991702716,-0.0003512520034600872,-0.0007331686653464544,-0.0013339131267254421,0.0009863534394087521,0.0019348406098728683,-0.02183434271305921,0.000354855967618352,-0.009814553809731254,0.011051780127556705,0.010360563630686237
0.001327282675743543,0.0011502403390691673,0.001561529539935081,0.0024443641228310267,0.004365582285140754,0.005490270663951708,0.0010464675883765056,0.0030861028158618497,0.0032604501245842043,0.0006772452433035957,0.004546084457197489,0.0026496976170987704,0.007894270826248176,0.004969789845121285,0.004952561837205713,-0.006626794001129035,-0.003441955051836921,-0.008960059174436522,-0.005305065564908761,-0.011012233907997637,-0.01635745620708847,-0.017284065397216785,-0.018561649029732848,-0.023381697189690336,-0.031680794518417495,-0.04463248542754677,1.582716706778126,-0.06927707596481261,-0.06253928189298871,-0.03925566756546551,-0.018047308572055117,-0.002881836581727072,-0.020122775877753633,-0.011143577040801284,-0.014302895720071407,0.0018150747511757224,0.005722883237946451,0.013913720309331934,0.01760186965896707,0.02657040379537812,0.036522998448771826,0.05131598300218253,0.07281977989205836,0.058921807984505005,0.04543471724562728,0.032150775172152264,0.022174900234743628,0.015324769512204397,0.01058567654954511,0.00027900245362629916,-0.001171706989267508,-0.0033848644031229404,-0.00012162226649984538,0.0018196332831161273,-0.026167819220533635,0.00011244151809902886,-0.01147875784895016,0.019179000000093285,0.0047772399530859174
0.0009962332241833414,0.00021529778578548945,0.00043383495512739896,0.00017873426546651043,0.0018383402608913304,0.0033010907596321554,0.002246936095372761,0.002169181235526275,0.003883430785607923,-0.00012916091990057942,0.005968864729542668,0.002382129722956375,0.009292062836419975,0.006647694585517648,0.007637813834844918,-0.005552295678195424,-0.0019921550997375934,-0.01107219958139198,-0.004004239681141375,-0.00875023927192216,-0.012106803769777137,-0.010979938538641959,-0.011853676838911186,-0.017791421528682065,-0.029256494257345896,-0.04758050393895346,-0.06927707596481261,1.553479406665016,-0.08787870435796959,-0.06174546765117582,-0.025930989403633697,-0.015496548148229955,-0.037374988152792575,-0.027063372534865713,-0.025879729696852812,-0.0010624923151582436,0.009610353104619196,0.024893582211853088,0.03307336059259504,0.045860838608199304,0.058163991252792396,0.07482415544519079,0.0955757583500575,0.06913972072572439,0.04819956869162551,0.03171882005168758,0.02067082638501009,0.013733876967589863,0.009181240610394097,2.4305951389572604e-5,-0.0012622645164744723,-0.004991968722578289,-0.0016813613718769734,0.0011715795866524105,-0.026410730499038075,0.0002847149476234479,-0.011439484361078967,0.023424371258687557,-0.0026646233841906447
0.0006852351476256284,-0.0005354029945551054,2.894802289465122e-5,-0.0013636628824487856,0.0001967490599605261,0.0013770536033143213,0.0030624724787708785,0.0010120302303386793,0.0036038701228510556,3.904918120474743e-5,0.005669902616693045,0.0033634004153663554,0.00815705815652923,0.008504751379715021,0.0071386957021218065,-0.003663527111676111,-0.00045155106843635274,-0.010964816259885426,-0.0029746768393598207,-0.007157190078756922,-0.007777519915522792,-0.0049134818747552525,-0.0049521105627364365,-0.009983655768752637,-0.020781362085981355,-0.038968718063121216,-0.06253928189298871,-0.08787870435796959,1.541802556254643,-0.08241156906338591,-0.03233645351870349,-0.047446167780850965,-0.06083188606400329,-0.04415315091477882,-0.03209371528818504,-0.0024073969579649353,0.01645829602357768,0.03893079926381711,0.05248854132418095,0.06800151949045882,0.08042447530130926,0.09485014307638988,0.10647572039115669,0.06690427769284599,0.0397892790375835,0.02307721168544686,0.013538119699191102,0.008273658441382097,0.005127048536226039,-0.001254449315851593,-0.00036050806885725106,-0.005819024335222154,-0.0037983421960225945,-0.0013606801267616248,-0.018826616825045665,0.0011065695468942573,-0.007043493803540245,0.01742138076011612,-0.00842563492784091
0.0005503166313483445,-0.0005200076295596262,4.566040905526318e-5,-0.0014849506253835605,-0.00036003073528501577,0.00013439300515266306,0.002568223128178929,-0.0004985236707011605,0.00199310066975,0.0006087535911994549,0.0023562861477893424,0.0037498827615812403,0.0032155928181850126,0.008783198329687146,0.003543642324981783,-0.000145888620072941,0.001483539630067234,-0.008419104596656833,-0.0029848171614508157,-0.005005740906633024,-0.002935902883732849,0.00017261868917467637,0.0006701950367694844,-0.002347754616562571,-0.009366149799785,-0.021876333777905176,-0.03925566756546551,-0.06174546765117582,-0.08241156906338591,1.547418031054479,-0.04193338142912973,-0.1399862569796979,-0.09575771945327685,-0.017238221480020334,0.009811257042425643,0.020618195367285787,0.028361006565872628,0.043475461795575196,0.05550968557328053,0.06910778325090623,0.08062831218131122,0.09355569273131789,0.09731168910375823,0.05263151931000238,0.02479948311189554,0.011595391727255508,0.005510838288014538,0.002734432299646637,0.001353019787170664,-0.0018350020564939736,0.0008135806788558568,-0.0036990154135142722,-0.00479961307774827,-0.0030827474194545486,-0.006055993958429356,-0.0035385260953765397,-0.001521067535957149,0.008184652514617054,-0.006896757478899418
0.0004782967866264759,-0.0002537115025552472,0.00025218337047574183,-0.0008068436380451248,5.488386457606968e-5,-0.0004517617704195217,0.0002085962599699964,-0.001451998328811917,-0.0013184574912936608,0.0002643612563387657,0.001651399698285463,-0.000568054403740053,0.002367763155031708,0.0014807945666187687,0.0010314427629390635,-0.0003856486161686731,0.0014185484941074758,0.00043771995421046475,-0.0025518804732373233,-0.00042004292968854997,-0.00020783416272539317,4.7710443208172205e-5,-0.00037656790609787356,-0.0021223527600927644,-0.005505516185064515,-0.01099363708354311,-0.018047308572055117,-0.025930989403633697,-0.03233645351870349,-0.04193338142912973,1.5988058537254903,-0.07623218962928491,-0.05172457045433498,-0.003982738733447163,0.015748240339914916,0.02388233606322617,0.024434500944580426,0.023729135508492302,0.02318437831808755,0.0249467326214233,0.028412433358215472,0.03558415362781053,0.04776323888739167,0.025285659680064996,0.014241406814232126,0.008376642541693046,0.005103927348227177,0.0032817888862410956,0.0021498423496956473,0.0017545512788887103,0.0009525818427095064,-5.0184110587374604e-5,-0.007351093603410272,-0.0021988903516486006,-0.005188274120379506,-0.0016273739679514467,-0.003331391746559091,0.006625605124976588,-0.0021717216703171244
