1.0179122778082927,0.001183970808715396,-0.0011334517469172218,0.0007820573103469025,-0.0003295303801235309,2.92960330117076e-5,0.0001671594546240309,-0.00039751752186148996,0.00020479989472673416,-0.00012279674413391903,0.00013447996767791795,-3.134222433193364e-5,3.983339090860631e-5,4.911592615000918e-5,1.943365306402075e-5,-9.878692811267218e-5,0.00012909247928720815,-0.000150990937928638,0.00012621104308705583,-1.6758402292690186e-5,3.662285816814638e-5,-3.5993034955346315e-5,1.57319679578675e-5,-2.7104632137681874e-5,1.7219099223281198e-5,-1.3547890503765217e-5,1.3780911253072988e-5,-5.799682216861888e-6,1.531907477666611e-5,9.512841552418017e-6,-1.8862605648553552e-6,-2.4837110227181565e-6,7.58676672104268e-6,-4.919931659800186e-6,6.620491002345159e-6,-5.228676785944731e-6,-6.974308565148171e-7,-4.2750527530111435e-6,-6.641016762299321e-6,-6.5221350019965385e-6,-8.447098031451245e-6,4.418152812500715e-6,4.868556708640997e-5,3.77116786642289e-6,-1.0051072154404727e-6,-1.0905052151227577e-6,-5.331345782914797e-7,-4.696562133663148e-7,2.4299164132034788e-9,-0.00018558799951280856,-0.00026033630288299284,-0.0003403536874807699,-0.00040650771275040575,-0.0004239608891424362,-5.2734895397862104e-5,0.00012481971456890388,0.0001022502850098549,8.380612439130694e-5,-0.00020340370360803192
0.001183970808715396,1.0165621910155198,0.0028770854230762265,-0.002944986629204981,0.002362037286119899,-0.000978817838366504,0.0008059036086392654,-0.0007153498283563427,1.2727045993882932e-5,-0.00016761511786247274,2.70083374166777e-6,3.6766891988140895e-5,0.0001596494822560332,1.4969709674195615e-5,0.00010280930854581411,0.00011018013079412864,-0.00011521992958664462,0.00010936352018683839,-0.0001497470725012,-1.3102477313610431e-5,-5.594860788288148e-5,5.290945598034098e-6,-4.327212816072713e-5,8.084647376171461e-6,-1.8480845298429336e-5,2.1909547458048343e-5,-9.620134792639254e-6,9.36906315977684e-6,-1.2753354843485131e-5,1.2299850696910468e-6,1.9381474564149054e-6,9.701160028812304e-6,-1.1181734063472092e-5,6.726883580177319e-6,-9.787162385221348e-6,5.299553221824762e-6,-2.0459426724126875e-6,6.982751988377523e-7,1.7092571446958165e-6,-2.2995232073053378e-6,4.622860818898024e-6,1.3641214116862958e-5,6.971235466567637e-5,1.3842262952799279e-5,-4.087767000557205e-7,-2.1972620690958092e-6,-1.4678224739992812e-6,-4.708997276657776e-7,-4.7551871212489887e-7,0.0003218290375206111,0.0004495791222441186,0.0005876207531923633,0.0007141766870554128,0.0007588032385917339,-0.00014617659722695927,-0.0007422422945834932,-0.0008036026485297187,-0.0008154662055369436,-0.0005037922918217208
-0.0011334517469172218,0.0028770854230762265,1.0143672351491575,0.004889086961350758,-0.004434993508350662,0.0017577094638968605,-0.0011244475556320176,0.0011588060658212912,-0.0012844311446423193,0.0005480850666094394,0.0001176384061906742,0.0003852072580105911,-1.7906179048054936e-6,0.00028965938766348513,-5.447691760840116e-5,2.4535594253074542e-5,4.364108560420669e-5,-0.00010113342470829777,8.932931621371618e-5,-2.6058124689516135e-5,1.110681535473791e-5,-3.6722806079526944e-5,-1.4285784240805307e-5,-2.6588494548827156e-5,8.833606923261192e-6,-6.9220636153556895e-6,1.6582390891918543e-5,-4.226882513219735e-6,2.3864655744957524e-5,1.3369968562989439e-5,5.457751360508575e-6,-6.9817410127403615e-6,1.7764316025718396e-5,-7.548625662144226e-6,1.4700713131067632e-5,-7.622126499181863e-6,2.6722729888693877e-7,-7.051300001783401e-6,-1.4754814518556028e-5,-1.4476751744222273e-5,-1.876466338921587e-5,1.320724651239168e-5,0.00012298874414226816,1.3332643989254742e-5,-2.298469009706067e-6,-2.987976234481468e-6,-1.699226775616054e-6,-1.0133749819320074e-6,-1.778555142886271e-7,-0.0003657739133437508,-0.0005036128390840935,-0.0007123779929933983,-0.0007842282627361901,-0.0008946115534409941,0.0003795458684894217,0.001430059352886357,0.001593230475659665,0.0015883235794319503,0.001354777612209287
0.0007820573103469025,-0.002944986629204981,0.004889086961350758,1.0124228525707117,0.004910042988343979,-0.002506411886692891,0.005809336972762426,-0.00385034029412809,-0.0007473571747632148,-0.001153581497781884,0.0005003484963187747,6.862030636396259e-5,0.0006760079520646093,0.00010841546008754784,0.00038503797653945316,1.822534149411315e-5,-1.9307537307115548e-5,-5.137776993512975e-5,-0.0001152623072490426,-6.288396645381705e-5,-4.510837294093625e-5,-6.408256816036836e-5,-5.409306822996591e-5,-3.8785583445122004e-5,-4.5875927488093835e-6,2.3117102086519216e-5,2.50607955413857e-6,1.2664402640409701e-5,-4.302029483525637e-6,1.3410825672473801e-5,5.9648823087502264e-6,2.3468051893347563e-5,-1.730074467961519e-5,1.0677436306204956e-5,-1.8267064801150512e-5,2.399646589305303e-6,-1.3616385025836063e-5,-6.6808963909287145e-6,-5.29068625268272e-6,-1.3590565502214853e-5,4.860982871504656e-7,4.0741996568262735e-5,0.00023352147849583295,3.6628170232509474e-5,-2.771629858102067e-6,-7.041475142048676e-6,-4.15776957488596e-6,-1.939548931618352e-6,-1.056508452368567e-6,0.00030664270371814776,0.0004992513070999103,0.0005622168120932796,0.000861771627790283,0.0008192322693894025,-0.0005388013980530786,-0.001870837061711041,-0.0020995932449764674,-0.002103650376360126,-0.001960430306130481
-0.0003295303801235309,0.002362037286119899,-0.004434993508350662,0.004910042988343979,1.0128012116868683,0.0014253765829379257,-0.0007585311784801834,0.0019273658529123856,-0.004189831644073138,0.0005747480623662202,-0.00024257678283900878,0.0016365136217150725,0.0009037367012838779,0.00148969795396805,0.00044915344788291217,0.00034136502785185846,-0.0001030098774412799,-0.00017325840834224652,-1.5707018625255012e-5,-0.00010145012459104702,-8.417622805709388e-5,-0.00010736921500686387,-0.00015628494868150038,-6.953441758921743e-5,-2.013094666128309e-5,3.3680099061940735e-5,3.1112704656287465e-5,1.802177788122541e-5,5.143792066798207e-5,5.053334123580736e-5,2.776387902173932e-5,1.0741258972257107e-5,2.9651360638730567e-5,-6.5896442489983494e-6,1.3627863231473096e-5,-2.3936574259352716e-5,-2.2766906103950672e-5,-2.9223750037507743e-5,-4.2430916057609534e-5,-5.380984984117522e-5,-4.4597147864918206e-5,9.13618309786701e-5,0.0006213392773597816,8.36493811220891e-5,-1.0265920029813255e-5,-1.718962147830157e-5,-1.0133751004623731e-5,-5.035840271594659e-6,-1.9674227116054294e-6,-0.0002590283940263705,-0.0003064170808314702,-0.00044512475506863086,-0.00037917954881611993,-0.00039104277678276916,0.000455647448871999,0.0017806524310014448,0.002023982417177201,0.002067957246104222,0.0019695126031788785
2.92960330117076e-5,-0.000978817838366504,0.0017577094638968605,-0.002506411886692891,0.0014253765829379257,1.0140808878747742,-0.005958317019628176,-0.0025218343176722354,-8.732130252734073e-5,-0.0011187210235448163,-0.0005610626561098384,0.0033076130669947804,0.004955606260808732,0.004347157801989197,0.002508755626661082,0.0005315564579369089,-0.0003226473879146825,-0.0005668638240737791,-0.00015482357580376638,-0.0004504159188967284,-0.00024503734778278394,-0.00046380127232560235,-0.00044139860657592454,-0.0003154648398686064,-1.991935705784028e-5,0.00011879137541206238,9.645868115811681e-5,6.215428873341453e-5,0.00010384708280381317,0.00014071564469318902,6.755306167805586e-5,7.161232410552587e-5,1.3363359576344808e-5,1.322127502879521e-5,3.0085089155347102e-6,-2.1262065896166366e-5,-4.994504494760331e-5,-6.999837221038319e-5,-0.00011350654921570935,-0.00016114339172726468,-0.00011109784583198282,0.0002953877218759386,0.002001924635179647,0.0002819558353686406,-2.827405637872028e-5,-5.6271368866958954e-5,-3.29115830087269e-5,-1.6271335678320823e-5,-6.872306117182579e-6,0.0002537318531718147,5.175022922262236e-5,0.00011417029145011483,5.526624219760782e-5,0.00043610198423098414,-0.0002853792898614001,-0.0008959321914691658,-0.0009042767127764724,-0.000877052260815305,-0.000985707037436504
0.0001671594546240309,0.0008059036086392654,-0.0011244475556320176,0.005809336972762426,-0.0007585311784801834,-0.005958317019628176,0.9635596136398736,0.008948595524443433,0.00046562764933834593,0.010789672730483925,-0.006792736437654557,0.01701356437370704,0.008578875901647803,0.010816367968705548,0.00561044749918351,-0.0003799430428848316,-0.000287956243576197,-0.0017845018321566786,0.001878310407474715,-0.0006637833578882679,-0.0002826980555564116,-0.0006104031946371252,-0.0007883257316063708,-0.0004508175490902876,-8.95460184607898e-5,0.0002234166011337242,0.00015066243055775324,0.00011794214383339413,0.00022104147460553155,0.0005670220564258591,-0.00022599477479740132,0.00010995064713357881,-0.00012273396267007856,-8.122838283942878e-6,-7.363399149214594e-5,-5.310753550320711e-5,-0.00011666419317569863,-0.00013171297061966846,-0.0002041552189937055,-0.00028908317035608084,-0.0001733526222408278,0.0005262581310652826,0.0035473363903907205,0.0004912859890202322,-4.146209027278988e-5,-9.063240770791652e-5,-5.4202576980827164e-5,-2.59915326152956e-5,-1.147477310947997e-5,0.000921692308962609,-0.00022309333277620503,0.00012266016392000934,-0.0009396322966447308,0.00013442424868019342,0.0004033984245538919,0.0011137918013129405,0.0012441223694650417,0.0012603345497064974,0.0011205807000272572
-0.00039751752186148996,-0.0007153498283563427,0.0011588060658212912,-0.00385034029412809,0.0019273658529123856,-0.0025218343176722354,0.008948595524443433,0.978553704092855,0.0016611623230378082,-0.024578931595249816,0.023638582843602856,0.00796489399639473,0.01920433299747837,0.0065967415934931025,0.007053728324973245,-0.003510206767162574,-0.00085399288671379,-0.0029849099419032637,-0.0005478354279426012,0.00025802367923103293,-0.0002946252329716106,-0.0004901518281343397,-0.0005193909496392266,-0.00038526314997329295,-3.4791767793305306e-5,0.00012880174230139914,0.0001578963558654084,9.994933223804955e-5,4.96509113863109e-5,-0.0004946745623108273,0.0006707796363797686,0.00010412144160015576,0.00032010117048758964,8.37165415746766e-5,0.0001609497874405766,-3.5190086570328834e-5,1.2893423150460896e-5,-6.313575291821963e-5,-5.8477485543663004e-5,-0.00014392775414035774,-0.00011118824038492408,0.000332268623045886,0.0020053517980296613,0.00032771909555390525,-4.556084158888712e-5,-7.389479997668642e-5,-4.363605001870889e-5,-2.0562446450754204e-5,-9.356782593694489e-6,0.000469268255421114,-5.469182136643556e-5,-0.0007928232807178809,-0.00013795201952191595,-0.00044834473687056705,5.4218407212840726e-5,-0.0004304348979840113,-0.0007271884088135232,-0.0008272845081309954,-0.0009598389475484125
0.00020479989472673416,1.2727045993882932e-5,-0.0012844311446423193,-0.0007473571747632148,-0.004189831644073138,-8.732130252734073e-5,0.00046562764933834593,0.0016611623230378082,0.9475564742740615,0.01982723159272647,-0.002074329600472371,0.033970544688255284,0.000214723301744745,0.015507910742366396,0.003844422309883106,0.0032902593384922236,-0.002793422641117339,0.000581465273829309,0.002460587782741538,-0.0007966796546985647,0.00019342406888100088,7.797277346558301e-5,-0.00016248583188794316,-7.741027181036445e-5,-7.051489975037345e-5,7.4581606239331e-5,8.160770229708773e-5,0.00015811654961348962,0.00026103451566976204,0.0007461374404319885,-0.0002971972483415482,-9.459031202064631e-5,-0.0001905618239451224,-0.00018543759079756706,-0.00015923213684254533,-0.00016647613535448298,-0.00022534149849663942,-0.00013431652494925696,-0.00013840453932658864,-0.0001520069477047616,-8.660710771239904e-5,0.00022420426753709245,0.0015819904299071103,0.00014608306597935726,-2.3475400303580124e-5,-3.3718827751555394e-5,-1.7848005072877976e-5,-1.0209200276490435e-5,-3.398574308146057e-6,-0.0004062391310305807,-0.0006888050266139708,-0.0011404706796359703,-0.000715922225614922,-0.0005745652899205259,0.0008742640160649324,-0.0004368853384499701,-0.0007430360457925989,-0.000778063335937855,0.0004534839276972078
-0.00012279674413391903,-0.00016761511786247274,0.0005480850666094394,-0.001153581497781884,0.0005747480623662202,-0.0011187210235448163,0.010789672730483925,-0.024578931595249816,0.01982723159272647,0.9701952150138451,0.046206022772644656,-0.02491685685984163,0.016620668550546672,0.00035874074479404477,0.007151489554302092,-0.003293556812009911,0.002692015768590005,-0.001837195946780822,0.00043612292189130087,0.0007461001368254358,-9.418157096339173e-5,0.000144488413298409,0.00014830334427596957,3.767028332432231e-5,-6.107221311180942e-6,-4.253075735285524e-5,4.9353341648982786e-5,6.811951500614266e-5,5.5793919195411754e-5,-0.00016330209265662843,-0.0001039506884887737,0.00022702081125602048,4.8331461538842947e-5,0.00015716763088222124,1.4056839349029296e-5,-3.893442086203656e-5,-7.717706242580149e-5,-4.8988388526598155e-5,9.130292285595882e-6,1.485815115553146e-5,1.7668097318831292e-5,-3.0810547386614556e-5,-0.00041892823466646193,-5.48491479235361e-5,-6.3305134847129154e-6,3.0524158048425373e-6,3.3670628154476707e-6,1.0782741549920869e-6,8.453647406350298e-7,-0.0001576716645113381,-0.0003082240342829922,-0.0003690813642501699,-0.00047986549317773444,-0.0005823808299181166,-2.8919296796779596e-5,-0.0008467353285972882,-0.0008690725709972967,-0.0008491910091100664,0.0002913915264515099
0.00013447996767791795,2.70083374166777e-6,0.0001176384061906742,0.0005003484963187747,-0.00024257678283900878,-0.0005610626561098384,-0.006792736437654557,0.023638582843602856,-0.002074329600472371,0.046206022772644656,0.9023991764448338,0.03924688259433453,-0.014521968881745992,0.0271123047182859,-0.012577166615076933,0.01945868036070475,-0.006484940209806887,0.006874739030676883,-0.0014538074166488557,-0.0012875840463931352,9.170775503576488e-6,0.0005264757477041438,0.00037705829368597766,0.00027607683613810986,-4.509529986079739e-5,-7.613590398988165e-5,-1.5491627335617903e-5,9.626069748955802e-5,3.9406495234187834e-6,-7.538119243327782e-6,0.0003700080469654211,-0.00026935975655303305,4.84476286105229e-5,-0.00022189807975695201,-0.00011512051600525634,-0.0001444861815890365,-0.00013942509043576593,-1.2864243978785757e-5,6.630055311050777e-5,9.923069939643577e-5,9.175584498093068e-5,-0.00015629396596124727,-0.0012498302301062688,-0.00020870812614902557,9.640446349464741e-6,3.4348855143647534e-5,2.1556381382781863e-5,9.973029066773449e-6,4.579291051111351e-6,-0.00012280404122043336,0.00045121415049200885,0.0007866628967337978,0.0011965330430940637,0.0012797358565512478,0.0005729844155665212,0.0044362899348237665,0.004778914323187371,0.004697964042426762,9.392193516362252e-5
-3.134222433193364e-5,3.6766891988140895e-5,0.0003852072580105911,6.862030636396259e-5,0.0016365136217150725,0.0033076130669947804,0.01701356437370704,0.00796489399639473,0.033970544688255284,-0.02491685685984163,0.03924688259433453,0.9284863599707631,0.03184488212705098,-0.0327418840064147,0.017371632055775268,-0.023833443938865842,0.025880560826354267,-0.008077182290530931,0.003368578476917788,-0.00036809021716093036,-0.00015074277355959896,0.0003027904714327776,0.0005308465251888149,0.0002581168044195512,6.16813805601e-5,-0.0001630608567274178,-4.4153390791407314e-5,-1.628297425187302e-5,9.622408202963728e-5,0.00024585699565385057,-0.0007378879662948656,0.0001258502987457071,-0.00022073479462714646,0.0001249356237805769,-6.382794155843448e-6,3.871228903898335e-5,1.474160427869488e-5,7.476498620036297e-6,3.064149620534344e-5,0.00010605884812471574,3.9468065902371805e-5,-0.00030238105859428546,-0.001815100666309577,-0.0003036928101308613,1.6883800365341796e-5,5.135246933468326e-5,3.2789202882179725e-5,1.425118509957473e-5,7.431377186651289e-6,0.0005725284847227046,0.002339060796861602,0.0029677995536574473,0.004255651279260428,0.0035680988617590816,-0.00021258509224946533,-0.0020035682907416285,-0.0018197603672171613,-0.001714962429308385,0.000594167583836505
3.983339090860631e-5,0.0001596494822560332,-1.7906179048054936e-6,0.0006760079520646093,0.0009037367012838779,0.004955606260808732,0.008578875901647803,0.01920433299747837,0.000214723301744745,0.016620668550546672,-0.014521968881745992,0.03184488212705098,0.9320031665285629,0.032383657498665834,-0.04537074765973503,0.049368239508711595,-0.029301951959250394,0.020366704965370123,-0.007067678714990482,-0.0003987586279229879,5.600509063037744e-5,0.0005012266656077025,0.0005057887585958773,0.00036929720154416323,1.753546158572039e-5,-0.0001296010873321798,-0.00011315519973328469,-2.885982947392556e-5,-0.00014462480359418183,-0.00015759811396784065,0.00033927666896225534,-0.0002232038455568458,0.00012452754836307585,-0.0002188618525492602,-5.377791591181566e-5,-0.0001382941690927387,-9.682549841821854e-5,2.7274132655478734e-5,0.00011953747236576004,0.00016660006345588715,0.00014867986695758963,-0.0002912403379590781,-0.002233445810069815,-0.00032079832878749887,3.548410723465629e-5,6.567478395553505e-5,3.920894605472789e-5,1.8321736993135922e-5,8.428905055160681e-6,-0.0010542132335971772,-0.0016525884508141473,-0.0020501621260529622,-0.003495135841243095,-0.0036371867838672746,0.0003275467897570894,-0.0001592303074559082,-0.00017534741931186432,-0.00012541511642860217,0.00023336783444388582
4.911592615000918e-5,1.4969709674195615e-5,0.00028965938766348513,0.00010841546008754784,0.00148969795396805,0.004347157801989197,0.010816367968705548,0.0065967415934931025,0.015507910742366396,0.00035874074479404477,0.0271123047182859,-0.0327418840064147,0.032383657498665834,0.9255585785674937,0.06187426930202772,-0.04874099353640201,0.0322138005154608,-0.024311534514925952,0.007379369885068122,0.00036310979201835267,0.00022295994824600665,0.00026878220023705856,0.0005093993618967726,0.00029271014251936155,8.893041597424319e-5,-0.00015576584179131342,-0.00013847842424775372,-0.00014596477271724888,-9.264927437212636e-5,-7.754305095486919e-5,-0.0005506606275255473,1.6924025367663325e-6,-0.00026989380208423985,0.00016341666124246418,1.9055971334827827e-5,0.00020474786338201578,0.00022496665240433618,0.00014128535147135194,0.00013982073931070052,0.0002112894495575769,0.00010597433074201528,-0.0003729309535420037,-0.0022215058932783605,-0.00033177334059669294,2.8149723278925902e-5,6.033463136333866e-5,3.714656029401953e-5,1.7074735320225688e-5,8.167345381316149e-6,-0.0008029279766551041,-0.000573099094965438,0.00036152422953859045,-0.0007986894254907079,-0.0012777428005953928,-0.0005730819580870595,-0.00034828817325143705,-0.00048017813007538443,-0.0004521900652844941,-0.0006369376936898514
1.943365306402075e-5,0.00010280930854581411,-5.447691760840116e-5,0.00038503797653945316,0.00044915344788291217,0.002508755626661082,0.00561044749918351,0.007053728324973245,0.003844422309883106,0.007151489554302092,-0.012577166615076933,0.017371632055775268,-0.04537074765973503,0.06187426930202772,0.9374239541246052,0.04798739027481143,-0.03904705129048649,0.03218253710897152,-0.007987109178505378,0.0008107858200688693,0.00048010437370695603,0.0002797985798204509,0.00025238021101193895,0.00019170212304318472,6.750522980403694e-5,-7.051271142357996e-5,-0.00012916643778194002,-0.00012465256703252008,-0.00010217020198123751,0.00042560588688320383,-5.7954225427795227e-5,-0.00037699802357395434,-1.3431296968633968e-5,-0.00037835253998529344,3.637652727695458e-5,-0.00010815794920708895,8.05564235362468e-5,2.5281901721817905e-5,5.0858639114886746e-5,3.236209244805021e-5,4.9908576993116945e-5,-0.00021595298439018638,-0.001141203847604764,-0.00018171155445768724,3.911276622700323e-5,4.962082797999706e-5,2.9077956785521867e-5,1.2746980912365056e-5,6.7293288082575476e-6,0.000511234930087608,0.0008694881834065339,9.177567499872791e-5,0.0009669834105227621,0.001233310971840511,-0.000582317974730168,-0.0005218870290516197,-0.0005578979136283024,-0.0005361805897612849,-0.0003155025091073005
-9.878692811267218e-5,0.00011018013079412864,2.4535594253074542e-5,1.822534149411315e-5,0.00034136502785185846,0.0005315564579369089,-0.0003799430428848316,-0.003510206767162574,0.0032902593384922236,-0.003293556812009911,0.01945868036070475,-0.023833443938865842,0.049368239508711595,-0.04874099353640201,0.04798739027481143,0.9552508110034815,0.04069562944349536,-0.030696135830669897,0.011010006208081442,0.0017611803988090433,0.0004745559517813733,-9.833474708650298e-5,0.00011627568747281222,3.886875136570439e-5,8.891402890672266e-5,-3.1133485095455566e-5,-0.00010152457364578517,-0.00022217384925397662,-0.0002542859891624722,-0.0006899649477383996,-4.2497212817577495e-5,0.00026854960568868945,3.124251764951547e-5,0.00037692473992272373,7.510043915189498e-5,0.0003771256961917732,0.0002883043480918726,0.00018064952741117198,1.9557859530820887e-5,0.00012496526630884864,-1.955890329424457e-5,-0.0002396732059718294,-0.0010765652323038877,-0.00011585354232771425,2.6005099034785316e-5,2.9600220985617352e-5,1.6765650265374634e-5,7.386471602358145e-6,4.335585193656514e-6,0.0002818096730335924,0.00047943029654907396,0.0003261283967582813,0.0008330167823505502,0.00046587679223497965,-0.0006296653385510149,-0.0008143412257853174,-0.0007978495095722111,-0.0007414379520886961,-0.0008645828097993371
0.00012909247928720815,-0.00011521992958664462,4.364108560420669e-5,-1.9307537307115548e-5,-0.0001030098774412799,-0.0003226473879146825,-0.000287956243576197,-0.00085399288671379,-0.002793422641117339,0.002692015768590005,-0.006484940209806887,0.025880560826354267,-0.029301951959250394,0.0322138005154608,-0.03904705129048649,0.04069562944349536,0.976055556911487,0.028063350374257834,-0.008543622988212991,0.000491428339960914,0.0005790725164732531,6.495300459869478e-5,-9.929090952513826e-5,3.3794849247439375e-5,9.972487138293978e-6,6.695486866290222e-7,-6.839334218809648e-5,-2.219659584953204e-5,0.00010372321354700782,0.0008031918804862775,3.676575185421116e-5,-0.0005090954114590114,-0.00021809946019817465,-0.00046831895082517913,-3.226118341420989e-5,-0.00021973986369926574,1.932442438521847e-5,-7.662720708021318e-5,4.6679072855691543e-5,-7.410142963198823e-5,2.390255272888131e-5,7.179923205964982e-5,0.0005404190056312674,2.8650382582282703e-5,-6.807631284527084e-6,-7.208402104233178e-6,-3.2965779365772673e-6,-2.5930288454483345e-6,-8.207769671096426e-7,-0.0003438780725793554,-0.0005219392786110485,-0.00013554878654810937,-0.0005991377299447262,-0.00024520688266478505,2.3961660819534577e-5,0.00016367852942978783,0.00029254545892139954,0.00035910432926970906,0.0005599897754924526
-0.000150990937928638,0.00010936352018683839,-0.00010113342470829777,-5.137776993512975e-5,-0.00017325840834224652,-0.0005668638240737791,-0.0017845018321566786,-0.0029849099419032637,0.000581465273829309,-0.001837195946780822,0.006874739030676883,-0.008077182290530931,0.020366704965370123,-0.024311534514925952,0.03218253710897152,-0.030696135830669897,0.028063350374257834,0.9904818258492728,0.008738126238703861,0.001847797296170461,0.0001192487216595264,-0.00034217125768914997,-7.191081971028205e-5,-0.00010158291474720403,4.6932224607655565e-5,6.199814782410661e-6,-1.606188318950551e-5,-4.3896714735376496e-5,-0.0001283475804770889,-0.0009497488962460708,7.681438845422674e-5,0.0007210196665564137,0.0003607938755471334,0.0005279248794653555,-5.433412437243975e-5,1.1380430624149582e-5,-0.00040391783124249904,-2.920749671480953e-5,-8.364894730828293e-5,8.90592720072729e-5,4.232669413362532e-5,0.00022250815133882564,0.0002582635441483085,0.00011351756883138636,-7.486176859873299e-6,-1.901271316250338e-5,-1.2705002573965863e-5,-4.876875194057905e-6,-3.506959842403436e-6,1.554660632506427e-5,-7.816805975226732e-5,5.350779259556914e-5,4.510616991612988e-5,-1.412471106544501e-5,0.00011406492803183032,7.3144772044292135e-6,-4.511276407834571e-5,-6.26970819502796e-5,-0.00022919967934571458
0.00012621104308705583,-0.0001497470725012,8.932931621371618e-5,-0.0001152623072490426,-1.5707018625255012e-5,-0.00015482357580376638,0.001878310407474715,-0.0005478354279426012,0.002460587782741538,0.00043612292189130087,-0.0014538074166488557,0.003368578476917788,-0.007067678714990482,0.007379369885068122,-0.007987109178505378,0.011010006208081442,-0.008543622988212991,0.008738126238703861,1.0101169500163487,-0.0005250257954226962,-0.0004602134423567207,-8.043376867753496e-5,-0.00022492228806726263,-4.7122171304698895e-5,-7.299621137894571e-5,6.402972643055606e-5,1.7219145459942142e-5,-2.369724845345215e-5,-0.00013931569108565747,-0.0005148669608138772,0.0003645214078249797,0.00028944648004887956,0.0001452243570483727,0.00025267216251864043,-4.1800360869604273e-7,0.00014819161386646443,2.9021376261991086e-5,5.4632484372939735e-5,3.381171594606657e-5,1.1880626329731324e-5,2.698947262279902e-5,2.372970039359627e-6,3.946992604644582e-5,7.593300605828428e-5,-1.6651446047134442e-6,-1.0766961357456291e-5,-1.0263940161496934e-5,-1.0726433109048951e-6,-3.291144897080551e-6,6.572442546688069e-6,-8.638863102239903e-5,-0.0001397660944311202,-0.0002927885010117983,-0.0002031822160683295,-2.957243138253212e-5,0.00017571311679276408,0.00013882737060449583,3.7030039760902005e-6,8.801523916453327e-5
-1.6758402292690186e-5,-1.3102477313610431e-5,-2.6058124689516135e-5,-6.288396645381705e-5,-0.00010145012459104702,-0.0004504159188967284,-0.0006637833578882679,0.00025802367923103293,-0.0007966796546985647,0.0007461001368254358,-0.0012875840463931352,-0.00036809021716093036,-0.0003987586279229879,0.00036310979201835267,0.0008107858200688693,0.0017611803988090433,0.000491428339960914,0.001847797296170461,-0.0005250257954226962,1.0173003719057936,-0.0004329220866402617,-0.00011945845158048762,-0.00012173021817462127,-0.00013893161486366526,-2.2054975398987873e-5,4.303813910306909e-5,8.286129849620494e-5,5.229351081192742e-5,3.624998335133452e-5,0.00021505526077858107,8.066224168207539e-5,-0.00044884631194102177,-4.594026167006853e-5,-0.00024614757295468565,0.00017301937948656436,6.584339933605439e-5,0.00035303741915010764,7.549021961411289e-5,6.1363566710193e-5,-5.9763276136565156e-5,-5.6714564538180735e-5,-9.041948069225035e-6,0.0004582670784536073,6.11954842688781e-5,-3.7743567798724713e-6,-1.1789906092754772e-5,-7.35630112061034e-6,-3.183567714198673e-6,-1.4063220616112565e-6,6.274093278554027e-5,3.16979295032803e-5,1.8378793324659314e-5,6.693084530888095e-6,2.1654351448007896e-5,-9.209047218388251e-5,-0.0001064906889238521,-0.00011744409541604248,-0.00011207120534452795,-0.0001345431331541341
3.662285816814638e-5,-5.594860788288148e-5,1.110681535473791e-5,-4.510837294093625e-5,-8.417622805709388e-5,-0.00024503734778278394,-0.0002826980555564116,-0.0002946252329716106,0.00019342406888100088,-9.418157096339173e-5,9.170775503576488e-6,-0.00015074277355959896,5.600509063037744e-5,0.00022295994824600665,0.00048010437370695603,0.0004745559517813733,0.0005790725164732531,0.0001192487216595264,-0.0004602134423567207,-0.0004329220866402617,1.0186047494181663,-5.273825790276027e-5,-0.0001362000151171851,-4.766521272402792e-5,-3.986168386655577e-5,4.5559675387000655e-5,2.1098264485561104e-5,1.1408873239021769e-5,-2.373691801326568e-5,-3.558341442218199e-5,4.48322457964518e-5,2.3171505549295727e-5,-1.2850883494940694e-6,2.8301853243325724e-5,7.212459912772617e-6,5.8065500208350855e-5,5.4455670475301296e-5,2.3569981280438647e-5,-1.3720266073384189e-5,-2.30741934928698e-5,-1.985479525206078e-5,2.7977597022648902e-5,0.00028437447537090047,6.278148730651363e-5,5.052055576202735e-7,-6.596416829904587e-6,-6.151050767914813e-6,-1.302286149391343e-6,-1.8514317070200322e-6,4.895098173321398e-5,2.226694798349057e-5,8.379017907807797e-6,-3.186516287317961e-6,-1.9499453941555575e-6,-5.851187827744605e-5,-5.9780898036159345e-5,-6.535286718992383e-5,-6.236532664085986e-5,-2.0812976088341382e-5
-3.5993034955346315e-5,5.290945598034098e-6,-3.6722806079526944e-5,-6.408256816036836e-5,-0.00010736921500686387,-0.00046380127232560235,-0.0006104031946371252,-0.0004901518281343397,7.797277346558301e-5,0.000144488413298409,0.0005264757477041438,0.0003027904714327776,0.0005012266656077025,0.00026878220023705856,0.0002797985798204509,-9.833474708650298e-5,6.495300459869478e-5,-0.00034217125768914997,-8.043376867753496e-5,-0.00011945845158048762,-5.273825790276027e-5,1.01874149076525,-0.00010668633772165521,-0.00010783053494178542,1.3862711493841569e-5,2.4687437068051492e-5,2.8231484497432592e-5,-2.570410166420802e-6,1.6229174737540003e-5,1.2347726993153249e-5,3.188848628901051e-5,1.852536446635908e-5,5.004768756388638e-6,5.6233327864534965e-6,2.112734986997354e-6,1.0409611241289417e-5,5.1336623485316655e-6,-1.06660403991501e-5,-3.015957292302626e-5,-3.927328178076734e-5,-2.9742014261140772e-5,7.06446875696262e-5,0.0005165386477690828,7.252676433131946e-5,-5.691589186028289e-6,-1.4217254237971148e-5,-8.024994000393383e-6,-4.4440040586196675e-6,-1.570696611266541e-6,5.5531922688326996e-5,2.4543985336653712e-5,1.6119196812535124e-5,1.666540601382755e-5,5.2348194899812897e-5,1.8475238958209707e-5,8.26930273797492e-6,2.2604443513106106e-5,2.7179521313677246e-5,-1.0217468485118516e-5
1.57319679578675e-5,-4.327212816072713e-5,-1.4285784240805307e-5,-5.409306822996591e-5,-0.00015628494868150038,-0.00044139860657592454,-0.0007883257316063708,-0.0005193909496392266,-0.00016248583188794316,0.00014830334427596957,0.00037705829368597766,0.0005308465251888149,0.0005057887585958773,0.0005093993618967726,0.00025238021101193895,0.00011627568747281222,-9.929090952513826e-5,-7.191081971028205e-5,-0.00022492228806726263,-0.00012173021817462127,-0.0001362000151171851,-0.00010668633772165521,1.0187573787662463,-6.149947563081177e-5,-2.4697735604096405e-5,4.716997357877191e-5,1.6216709785156308e-5,1.0899458221553383e-5,6.817201476504564e-6,1.925746128894712e-5,1.626118003051231e-5,1.3709244963100311e-5,-5.118792526170844e-6,1.1770624040700726e-6,1.98393282349305e-6,1.6231725466580473e-5,1.6621583131312205e-5,2.016715852391036e-7,-2.1249212654359534e-5,-3.394551705161473e-5,-2.4610881928143094e-5,7.364461765099325e-5,0.0005161255733065453,8.041448374459197e-5,-5.620977560010756e-6,-1.372794189884917e-5,-9.074669516176513e-6,-3.912916244187521e-6,-2.1841749900906756e-6,5.6424882049542076e-5,1.7010946017217845e-5,3.1677592806405798e-6,1.0496273777352533e-5,3.790812735731421e-5,-1.6172832548768194e-5,-1.34610445757885e-5,-1.3834364472654826e-5,-9.988835851980242e-6,1.8556879902902937e-5
-2.7104632137681874e-5,8.084647376171461e-6,-2.6588494548827156e-5,-3.8785583445122004e-5,-6.953441758921743e-5,-0.0003154648398686064,-0.0004508175490902876,-0.00038526314997329295,-7.741027181036445e-5,3.767028332432231e-5,0.00027607683613810986,0.0002581168044195512,0.00036929720154416323,0.00029271014251936155,0.00019170212304318472,3.886875136570439e-5,3.3794849247439375e-5,-0.00010158291474720403,-4.7122171304698895e-5,-0.00013893161486366526,-4.766521272402792e-5,-0.00010783053494178542,-6.149947563081177e-5,1.0188481844213741,8.004955786197304e-6,1.1389343799583195e-5,1.4595119888358174e-5,-1.1008946302419656e-5,1.151636858057592e-5,2.7512798827461922e-5,4.4622427851865835e-5,2.9821516592302818e-5,4.450998712257634e-5,3.544916504231707e-5,2.515765754349233e-5,1.2044411876047808e-5,1.1877637230570224e-6,-2.3219660488196717e-5,-4.847102746288018e-5,-6.034716533377163e-5,-5.3596317107001336e-5,1.8993719169280096e-5,0.00032160487455992553,4.4645804197801454e-5,-1.3051295492598406e-6,-7.763368429003253e-6,-4.160664826343745e-6,-2.787718793745704e-6,-7.369583506154959e-7,3.14851082192136e-5,1.2722415685412591e-5,9.873193305622282e-6,1.707926888435821e-5,4.6419445900564394e-5,1.80907431739026e-5,7.784758021050709e-6,1.8216722014879646e-5,2.1904085072518334e-5,-8.563640175856755e-6
1.7219099223281198e-5,-1.8480845298429336e-5,8.833606923261192e-6,-4.5875927488093835e-6,-2.013094666128309e-5,-1.991935705784028e-5,-8.95460184607898e-5,-3.4791767793305306e-5,-7.051489975037345e-5,-6.107221311180942e-6,-4.509529986079739e-5,6.16813805601e-5,1.753546158572039e-5,8.893041597424319e-5,6.750522980403694e-5,8.891402890672266e-5,9.972487138293978e-6,4.6932224607655565e-5,-7.299621137894571e-5,-2.2054975398987873e-5,-3.986168386655577e-5,1.3862711493841569e-5,-2.4697735604096405e-5,8.004955786197304e-6,1.0189048141936978,1.9657151077695086e-6,-1.9454983076099208e-5,-1.663848342272003e-5,-2.968749840448216e-6,2.6464949258602735e-5,2.1364126907555676e-5,7.123206670748711e-5,8.912441042985473e-5,9.954888434975643e-5,5.4003743789371705e-5,1.150621106518004e-5,-2.505828356879064e-5,-2.521165872062852e-5,-5.2412716510888706e-5,-7.535079047268152e-5,-6.954750996119864e-5,-4.3167411597450515e-5,1.544436819106532e-6,1.1951922476391306e-5,4.122835135463736e-6,1.9605107215842007e-6,-2.8192669231883862e-8,3.781988106859179e-7,-4.1690417877933315e-7,5.375544215113964e-6,1.823575837715816e-6,4.906594594092134e-7,2.1654925859579222e-6,1.6095429559802611e-6,-1.1512213458783792e-5,-3.6566571893316487e-6,-7.969207732101861e-6,-8.243491085358773e-6,9.363005655153854e-6
-1.3547890503765217e-5,2.1909547458048343e-5,-6.9220636153556895e-6,2.3117102086519216e-5,3.3680099061940735e-5,0.00011879137541206238,0.0002234166011337242,0.00012880174230139914,7.4581606239331e-5,-4.253075735285524e-5,-7.613590398988165e-5,-0.0001630608567274178,-0.0001296010873321798,-0.00015576584179131342,-7.051271142357996e-5,-3.1133485095455566e-5,6.695486866290222e-7,6.199814782410661e-6,6.402972643055606e-5,4.303813910306909e-5,4.5559675387000655e-5,2.4687437068051492e-5,4.716997357877191e-5,1.1389343799583195e-5,1.9657151077695086e-6,1.018894900529708,-3.177973852568122e-5,-4.5340826666844654e-5,-2.0120805897679124e-6,3.9119052211222294e-5,7.190573456932858e-5,0.00010876216482485183,0.0001594925322058377,0.000156077521299146,8.459895795068176e-5,2.5146991553177376e-6,-4.798308332945828e-5,-6.589418795691426e-5,-9.150606044447172e-5,-0.00012117050885161209,-0.0001095549703018177,-9.964341876198885e-5,-0.0001647235706720209,-1.6861325543245223e-5,8.96136707171707e-6,7.372026494825176e-6,4.477055565246769e-6,1.3283899874674803e-6,9.014914327088356e-7,-1.5134097604371164e-5,-1.8183844705781894e-6,5.5414915879695235e-6,7.08015319766389e-6,5.849774126287946e-6,2.3361263861374076e-6,-1.3875544029119722e-5,-8.790889919342035e-6,-4.915985772428741e-6,-4.344654666429273e-6
1.3780911253072988e-5,-9.620134792639254e-6,1.6582390891918543e-5,2.50607955413857e-6,3.1112704656287465e-5,9.645868115811681e-5,0.00015066243055775324,0.0001578963558654084,8.160770229708773e-5,4.9353341648982786e-5,-1.5491627335617903e-5,-4.4153390791407314e-5,-0.00011315519973328469,-0.00013847842424775372,-0.00012916643778194002,-0.00010152457364578517,-6.839334218809648e-5,-1.606188318950551e-5,1.7219145459942142e-5,8.286129849620494e-5,2.1098264485561104e-5,2.8231484497432592e-5,1.6216709785156308e-5,1.4595119888358174e-5,-1.9454983076099208e-5,-3.177973852568122e-5,1.0188390232719005,-0.00010608706559481725,-3.1539823822531275e-5,8.364714027138277e-5,0.0001405248199526656,0.0002950217502994126,0.0003725515285881399,0.0004090515016019985,0.00020501549052383714,5.4364310905788856e-5,-0.00010505608489905491,-0.00011896946110854621,-0.0002306662721102987,-0.00028959011737316603,-0.0002771601298628446,-0.00021251498137881357,-0.0002362621644876357,3.6673622825075303e-6,2.144602995217325e-5,1.5146827987412462e-5,6.322891060550567e-6,3.56933429946278e-6,7.452942963051695e-7,-7.238483578917871e-6,-2.8138283216775406e-6,-1.6109816266835056e-6,-2.800328590560966e-6,-6.933910894651934e-6,7.314552679225055e-6,1.0973293993735489e-5,1.5133672986031202e-5,2.044622957202991e-5,2.0287932423569007e-5
-5.799682216861888e-6,9.36906315977684e-6,-4.226882513219735e-6,1.2664402640409701e-5,1.802177788122541e-5,6.215428873341453e-5,0.00011794214383339413,9.994933223804955e-5,0.00015811654961348962,6.811951500614266e-5,9.626069748955802e-5,-1.628297425187302e-5,-2.885982947392556e-5,-0.00014596477271724888,-0.00012465256703252008,-0.00022217384925397662,-2.219659584953204e-5,-4.3896714735376496e-5,-2.369724845345215e-5,5.229351081192742e-5,1.1408873239021769e-5,-2.570410166420802e-6,1.0899458221553383e-5,-1.1008946302419656e-5,-1.663848342272003e-5,-4.5340826666844654e-5,-0.00010608706559481725,1.0187550906711802,-5.604929973139175e-5,6.979483433424018e-5,0.000252060866918555,0.0004210007673414509,0.000565712066638715,0.0005566023059984798,0.000318237379041931,5.260247777239176e-5,-0.00011524545384163033,-0.00019369911092255896,-0.00031251820957207884,-0.00042971073018015037,-0.0003806937131769941,-0.0003014440473721277,-0.0002588499319975371,1.643796665030989e-5,3.2476951864143196e-5,1.9467673397298798e-5,9.037288938051196e-6,4.3626338317525125e-6,1.4907318889706005e-6,-9.669848863908808e-6,-1.3422621189717847e-5,-1.5539372443511465e-5,-1.9891195333112244e-5,-1.9493864323664894e-5,1.303929704919877e-5,-1.9400841148168998e-5,-2.0129606287204404e-6,1.1026211468785251e-5,1.3298722111064404e-5
1.531907477666611e-5,-1.2753354843485131e-5,2.3864655744957524e-5,-4.302029483525637e-6,5.143792066798207e-5,0.00010384708280381317,0.00022104147460553155,4.96509113863109e-5,0.00026103451566976204,5.5793919195411754e-5,3.9406495234187834e-6,9.622408202963728e-5,-0.00014462480359418183,-9.264927437212636e-5,-0.00010217020198123751,-0.0002542859891624722,0.00010372321354700782,-0.0001283475804770889,-0.00013931569108565747,3.624998335133452e-5,-2.373691801326568e-5,1.6229174737540003e-5,6.817201476504564e-6,1.151636858057592e-5,-2.968749840448216e-6,-2.0120805897679124e-6,-3.1539823822531275e-5,-5.604929973139175e-5,1.0187650256295508,-0.0002073202975167057,0.0003934884811002764,-0.00013242262367119776,0.00024165596664820182,9.74856167386346e-7,3.0029273132683303e-5,-2.673847734252971e-5,-7.778778151838595e-5,2.3296535499128725e-5,-1.2837163396382001e-6,6.533274832393396e-5,5.3556281950063306e-5,6.739405909034222e-6,-0.0002648915152046375,-4.2673738823141035e-6,3.5592337176333477e-6,7.687501761573692e-6,3.90345106234718e-7,4.1518758565354295e-6,-1.4744637163085384e-6,-1.1738660811563555e-5,-3.782130508767343e-5,-5.8811571867318036e-5,-8.43133311423563e-5,-9.099782701426662e-5,-2.386604433846791e-6,-2.500692515575131e-5,7.113636670704444e-7,1.2791803772921943e-5,9.758452012464591e-6
9.512841552418017e-6,1.2299850696910468e-6,1.3369968562989439e-5,1.3410825672473801e-5,5.053334123580736e-5,0.00014071564469318902,0.0005670220564258591,-0.0004946745623108273,0.0007461374404319885,-0.00016330209265662843,-7.538119243327782e-6,0.00024585699565385057,-0.00015759811396784065,-7.754305095486919e-5,0.00042560588688320383,-0.0006899649477383996,0.0008031918804862775,-0.0009497488962460708,-0.0005148669608138772,0.00021505526077858107,-3.558341442218199e-5,1.2347726993153249e-5,1.925746128894712e-5,2.7512798827461922e-5,2.6464949258602735e-5,3.9119052211222294e-5,8.364714027138277e-5,6.979483433424018e-5,-0.0002073202975167057,1.017872653796767,0.00023388984530365965,-0.00033799631308268756,6.126009531363841e-6,-0.00011737750476971578,-0.0003433818023628963,-1.179386398451243e-5,-0.00016385572468631044,0.0002284253606711137,0.0003231054761736854,0.0005988388805303196,0.0005306786689998783,0.00034977985158838573,-0.0003090026481227464,-5.466232821333823e-5,-3.794956609806734e-5,-1.3718707250339324e-5,-9.282272674466345e-6,6.840151880866285e-7,-3.744330213025882e-6,-9.979441297670585e-6,-4.323009719591531e-5,-7.881979458203068e-5,-0.00010936830737635969,-0.000108040065778281,-2.987568577199424e-5,-9.947362932966531e-5,-2.312771830222992e-5,-2.3267072074422964e-5,-1.2500401261392142e-5
