0.8456733747457676,0.14982789213317962,0.2614412765316549,0.09012766161437409,0.1283339925588508,0.06165000734292769,0.10459492102650503,0.02022894445360346,0.08057246240551559,0.1478218446492722,0.06941938487124785,0.08568016153607558,0.057517578925836005,0.05825982064957008,0.0937102606355785,0.06814925290645976,0.05361716649381259,0.0938642477536957,0.07399855354918099,0.035201220736750506,0.05048879958306444,0.07865016648380732,0.008992115849398715,0.03948751163045473,0.05494699114316249,0.06309463329850189,0.05131001256873869,0.06351907292615244,0.0002296978400586592,0.043702101841557685,0.1062696156455508,0.041589026043981604,0.11825715694623651,-0.07602041296638552,0.0003263494852360959,0.06923270448184096,0.042150440476327364,0.12155282997312805,0.03834875155095581,0.01757259635217172,0.08787508701428841,0.04149763151442827,0.048376711460606674,0.0220297362766982,0.003825663434627049,0.08603598893510145,0.070888622742105,-0.00959498826442716,-0.05189518325337166,-0.018659565461779985,0.011671967799166575,0.019957289883020684,-0.0037383350955219785,-0.012801542702854057,0.12221930864100446,0.02705458646234084,-0.05998944298723012,-0.03282638862087427,-0.06800322264187535
0.14982789213317962,3.0355157748148436,0.18341137481240596,-0.05439207229710404,0.12098446857659553,0.239282734387904,0.15637308190533764,0.06861190189496386,0.10065045594326592,0.2063732192340287,0.16427627028219174,0.1409992574104212,0.08455844969871165,0.1500769635281247,0.42812679590098907,0.11448921125235481,0.21455511584883138,0.2969076144979665,-0.262895713406031,0.18390183122129514,0.1849883583647571,0.10236412898501955,-0.13056794603609814,0.048552911260012745,0.3142295110584717,0.0005957736246541535,0.21091937549296247,0.23084065080582886,0.34312182532084845,0.0439324263167779,0.23893162031575796,0.06306025214573258,0.11616168992434037,0.1862245638943849,0.16052527136399936,0.1706128804872973,0.42275663566026683,0.11375353938321649,0.09310082194451878,0.019331124710510884,0.2025027286556107,0.1723033889924715,-0.1118585794869659,-0.011337507071704752,0.017597223861769172,0.06080099882257524,0.16824941493646264,-0.014712490289919035,-0.026704890210051038,-0.1990786235437722,0.25772261179379685,0.19144592055247053,-0.14180814569560835,0.017998333511798418,-0.39826452391997275,0.015087808466539973,-0.12245000799002796,-0.38240767674886966,0.8431578741411464
0.2614412765316549,0.18341137481240596,1.720987937169188,0.13179186506230867,-0.22388637506117318,0.31600011733144073,0.2776260322320735,0.2747072829485884,0.5175553910124863,0.42469333006784843,0.25493841355775454,0.2458995215633391,0.19855471683690912,0.23275653270755323,0.2087656140212048,0.20988687527847338,0.33154317595408733,0.2787190425490612,0.5288399959360176,0.238450000714151,0.2539812240619776,0.37483646463485604,0.08786749340702865,0.19793542917106455,0.2567000875843984,0.3188146028824616,0.19819380738727227,0.3185625955927604,0.22487966911669585,0.1279303881622868,0.2837493004007405,0.18820606610253654,0.29661093140734185,0.16570063266729765,0.259076509441582,0.32678055371416387,0.39886064327173765,0.32489907849425315,0.24473621911766005,-0.006453341534905139,0.31262107364155456,0.24406928351560436,0.22227798336130694,0.09661215351138629,0.17703066349465707,0.37752719044918615,0.21386931918066307,-0.039307837182359605,-0.07576788728642937,0.1491539264073309,-0.06054005430173845,0.10938632482691207,-0.049211786106236284,-0.1235033949008505,0.09259568167246142,0.11160491931618748,-0.1940494675234222,-0.09718899097730413,-0.03017024453865322
0.09012766161437409,-0.05439207229710404,0.13179186506230867,1.1999373742143633,0.46717131155787633,0.37102494379131296,0.2217273572343417,0.28235281917383237,0.08798586359116645,0.17342884902531208,0.21925363895823027,0.24767461144003866,0.1870496317166988,0.25529173958857737,0.2303162239706455,0.2615608253966487,0.11816842232388235,0.258304846935822,-0.022188602869866316,0.17252618249282056,0.1561460354281027,0.1813806269606289,0.20452519942531497,0.12559448279513766,0.26308480278646557,0.28617301778410836,0.13673658140594913,0.0318551200691006,0.2739713844001864,0.03653203525669813,0.15774089377591632,0.14562966383727563,0.06236155332476373,0.298189934237673,-0.06603262793802939,0.18225630116321853,0.1831091062170036,0.15052496417170144,0.09197874967855524,0.07786747708001802,0.1417070569482149,0.15333098477822957,0.19616835539308902,0.0564974498741604,0.0011790847412413475,0.11385976744955155,0.1532576498151523,-0.019007508130845716,-0.018028585536974808,0.06864523169344125,-0.03647394271144791,0.09597236020017597,-0.06605540845861632,-0.022353638501116838,0.06705667064140987,-0.007563665750302603,-0.25512579857658335,-0.052511253523222924,0.24055387858525393
0.1283339925588508,0.12098446857659553,-0.22388637506117318,0.46717131155787633,1.133925589531284,0.30919846661405187,0.2800027724010516,0.4263783826899058,0.17422730635926564,0.10382227322416115,0.22972012116768598,0.24842634148745243,0.2398887019376373,0.31196296948130614,0.21586895136802364,0.31177104368467295,0.09579594990970666,0.2405654224918748,0.007456462922088077,0.18564369829460914,0.17088250564265597,0.24104985148185523,0.228553175742013,0.15680000486013,0.2730372243763397,0.3776823260220444,0.1558428663526018,-0.01882001951268921,0.337425491383896,-0.005520092099496908,0.1347653029803986,0.17192191177018626,-0.0064705514747875545,0.40600160157743775,-0.014332109555445127,0.16420444196652018,0.09702479001481239,0.127246054155449,0.06526848492394823,0.09954816929169134,0.13082402294746864,0.16665637759397836,0.17023018818085037,0.04827955153262805,-0.15723594896820148,0.056766780330970074,0.12506578849479097,-0.005514387928498447,0.4544455773118372,-0.01663556676860913,-0.008937155159949953,0.010397792315167539,0.023760686950262764,-0.000693552690997288,0.02533000203875497,-0.1493877964221115,-0.3016563243973501,0.016160823734476467,0.4127504498301829
0.06165000734292769,0.239282734387904,0.31600011733144073,0.37102494379131296,0.30919846661405187,0.9373253734334037,0.3037688679536712,0.4768173192353554,0.3177148250696753,0.19978753114717535,0.30871996101957094,0.23750537454504445,0.2448814465290875,0.28011889238808346,0.21754700622391357,0.2914453727605774,0.2433211318269737,0.309909686392997,0.33462806153327174,0.275294985123769,0.2779510871706762,0.3239662704337207,0.11804929479671693,0.19144022254616036,0.3456484017260966,0.46634885545934845,0.2084958298454314,0.1471834457021707,0.31677210925444693,0.08637764648353904,0.2925981706735915,0.21391636858488827,0.13553403104135167,0.3211969831699465,0.14149022818799065,0.1967117669361793,0.2464348699318103,0.2945519957223607,0.14363795024915008,0.10138010135998861,0.23298682664627274,0.25147556304556107,0.2949859149350668,0.08136506177068249,0.0353273759959541,0.16338805670295636,0.19203012252832913,0.0014785941110558028,0.5358489690335245,0.09323026442899575,-0.08752199940375881,0.033905774698703844,-0.010400639782174632,-0.0345604667237119,-0.05500699868804909,-0.05053855123288412,-0.2986664070526481,0.278402703638991,0.06094130380668382
0.10459492102650503,0.15637308190533764,0.2776260322320735,0.2217273572343417,0.2800027724010516,0.3037688679536712,0.6227371115357043,0.17114942531224905,0.5095113194762908,0.19640324725787806,0.24344952136857978,0.30159649828375096,0.22248956697702676,0.31506646469918465,0.08272968672899483,0.29986113719410334,0.23365426244918272,0.20629261542171765,0.3165322846891864,0.19227407477080433,0.24320281095127327,0.4052468755204921,0.16009575222872063,0.1875465442504963,0.23807099645071958,0.33787790354699604,0.19923053205043492,0.15318233943395262,0.23295267547626863,0.17914047480825193,0.1767977772928613,0.21421893023800798,0.17490678874422014,0.2572148903697922,0.13793966160119214,0.24255491552000422,0.2622275814382616,0.27359452455740413,0.2111365009291734,0.10846552552836224,0.25385731704340914,0.2307345911889068,0.2614038081257781,0.09106681484671145,0.05027906879211229,0.1538375144503197,0.19899030582899752,-0.023429004516765568,0.2864621805617889,0.018272462984255788,-0.03367953226919651,-1.1524456568995552e-5,0.016085501349446026,-0.004181511620191625,0.013562877318056698,0.05967294355544625,-0.2511923423407113,0.017604492340817224,0.08106208655472326
0.02022894445360346,0.06861190189496386,0.2747072829485884,0.28235281917383237,0.4263783826899058,0.4768173192353554,0.17114942531224905,1.1499077899271521,0.03638704715036599,0.13592320231205668,0.321871658811316,0.215626074749856,0.2775624109100724,0.2854991334431351,0.24549400200199342,0.2951269075147939,0.26581257666384206,0.3377899059181274,0.2662396297536629,0.2509112544485732,0.258700886486928,0.1809684106010713,0.12308848555226204,0.15134328905212677,0.335972066310396,0.5553749818536792,0.21235461954829343,0.15305954318538723,0.23232396440524955,0.12513270229525122,0.2627904921155033,0.15110729876445847,0.04869603269065329,0.3159147855767504,0.28377452200602865,0.13085393193185488,0.17539740379759397,0.24657847765564442,0.13107825866727282,0.0958203526140626,0.1664255338485013,0.23954394877926727,0.36309361353092695,0.064306314019657,0.06786144423647682,0.1455086023616011,0.22898531548228174,0.0284300701788965,0.47603646027263435,0.1328925525225596,-0.07240365274198089,0.07835389070071534,0.031492273290271044,-0.12503092207990224,-0.0566826013037741,-0.09583996800918798,-0.36697374446074743,0.5146767291579651,-0.0800387433341792
0.08057246240551559,0.10065045594326592,0.5175553910124863,0.08798586359116645,0.17422730635926564,0.3177148250696753,0.5095113194762908,0.03638704715036599,1.0789440644978678,0.22008994450592426,0.1991642021669347,0.2503069214655044,0.21110361067642394,0.3855968904141155,-0.05681451499601413,0.31226157416521594,0.27739065850349537,0.17092789264691963,0.5481572001859047,0.17411580870477092,0.2810918446328451,0.6691450840136629,0.11874673726647954,0.23999461511086534,0.16613722077299353,0.41093465070948854,0.20666337460766285,0.2536674672528756,0.10860741223963416,0.23477003827720141,0.23098171659146768,0.2589674463761364,0.3510027508495595,0.10336653882048157,0.15067867621782474,0.2914677613094586,0.2796940823028479,0.40809440179153883,0.25336000935127206,0.12763643877981803,0.33247903518416133,0.2620135389046582,0.33133939497110027,0.1254282251561194,0.04838728749296917,0.24908994118180447,0.20743630650752967,-0.052636893118033046,0.03760995366479298,0.017958675480069342,-0.029968753535464295,0.02422462997783644,0.008533465420176781,-0.017408341219913217,0.1280914909682459,0.11223324924459985,-0.26887764035847767,-0.05341697570921792,0.01866276252555253
0.1478218446492722,0.2063732192340287,0.42469333006784843,0.17342884902531208,0.10382227322416115,0.19978753114717535,0.19640324725787806,0.13592320231205668,0.22008994450592426,0.7072817522201352,0.21609693221724724,0.22465182126602046,0.15362468656956038,0.17997829070499663,0.22361925090879736,0.1833962118779223,0.17010684978214569,0.24283446773814885,0.21847082670841764,0.09810455856981122,0.12893673050361942,0.21395056414064634,0.19587482235205053,0.14077031001399,0.20042110566682278,0.1683772384825974,0.17197142654855493,0.13432660600341997,0.23213883785323605,0.1608415785490622,0.12559553815273872,0.16671288676747778,0.11503824140638699,0.29201215643254064,0.1562889646455149,0.23595598870733014,0.23698326827129082,0.1400875457017104,0.21083577493470873,0.04395625701016063,0.2690952539278576,0.13957787866105523,0.08841398807476236,0.07829115743218981,-0.06601996031512647,0.16856309356984403,0.22231364783985927,-0.019527419311821007,0.14155494772951294,-0.0405506119094088,0.007318325028168114,0.01107906546194454,0.02027828230178161,-0.015235140537920609,0.06483869687279949,0.1026483449171611,-0.06478355787489733,-0.3764088286982338,0.2181613488263925
0.06941938487124785,0.16427627028219174,0.25493841355775454,0.21925363895823027,0.22972012116768598,0.30871996101957094,0.24344952136857978,0.321871658811316,0.1991642021669347,0.21609693221724724,0.48393262557005645,0.3159470154008435,0.24637292786377923,0.274066131592665,0.23616262845118263,0.28035800862432236,0.3180894070356656,0.23579068471008216,0.17675981577039782,0.2622742741612143,0.23524776747894888,0.24107059591713043,0.11455488777939414,0.18388005811940872,0.27727178337164704,0.3364687217625627,0.22569458901739795,0.22303383205052937,0.23221823983853662,0.17291848844605118,0.24162327145478613,0.18822468557922825,0.15093742378563774,0.25063816712625037,0.28559634045655485,0.20299253158471048,0.23265105667245176,0.25140771106474286,0.18046653107508692,0.10600315682375874,0.21267616833985853,0.2372449564430073,0.21058305888804876,0.0738087822084854,0.0829516970447724,0.1512839304985925,0.21284786302273384,-0.010205967696040706,0.06551541076478061,0.02642213063761721,-0.019800198610878124,0.031932314699711674,-0.000619806086736615,-0.018206742181677088,-0.06333642247369267,-0.010910238449732473,-0.2478587989438797,0.05562283734566229,0.15371122899137515
0.08568016153607558,0.1409992574104212,0.2458995215633391,0.24767461144003866,0.24842634148745243,0.23750537454504445,0.30159649828375096,0.215626074749856,0.2503069214655044,0.22465182126602046,0.3159470154008435,0.5366546533276539,0.23256215672398345,0.3581305233690924,0.18257051088935683,0.32834669569955655,0.2887633079664654,0.1704980640479176,0.2196293803196038,0.19797114841580377,0.21981697491743452,0.29171469058294736,0.14926368900340736,0.18531401089562877,0.27322206362908996,0.33339536126237435,0.24988416712367797,0.16538355386989026,0.2721486480067754,0.19401080123532877,0.14540826611197086,0.2156115981666908,0.1187653518277212,0.26704195350020626,0.2558000748068804,0.27747161424224565,0.18708316799709948,0.22887187412085497,0.1834809060890885,0.0965232355319941,0.24047658407032643,0.2231201012482,0.21427395974455296,0.06513523650455558,0.030931710912305982,0.11961417884664845,0.19127958635513004,-0.015041525922239146,0.4910768550262291,-0.005292436435515935,-0.01993174856358322,-0.030740571938439088,0.04769767033527542,0.015400386308002351,-0.023834894764006766,0.029811265161433707,-0.297013014747307,0.08471695962649943,0.058901708078562716
0.057517578925836005,0.08455844969871165,0.19855471683690912,0.1870496317166988,0.2398887019376373,0.2448814465290875,0.22248956697702676,0.2775624109100724,0.21110361067642394,0.15362468656956038,0.24637292786377923,0.23256215672398345,0.4660716324817206,0.24293037754308042,0.07114521937473652,0.26299576027925126,0.19505526059353392,0.17605937665747678,0.29107900794399827,0.1478572563111302,0.16866541190331394,0.24078232764783755,0.11467658651513046,0.18763707465690516,0.23115808651132877,0.2823728280667183,0.2047981022831044,0.16170875948073044,0.2165561818541577,0.14054358782656107,0.17717865073746406,0.2070280330796023,0.13602664573057008,0.2288552798106558,0.20546994043276176,0.17105600156253276,0.1506652898435971,0.20404360722470577,0.12863179950823844,0.0649650804589974,0.18062497515866047,0.16657339915972516,0.19001449286748584,0.07498587302518359,-0.05761670290080392,0.1471128124773224,0.1648493490000789,-0.006327783271335525,0.2283872911217154,0.06395329078785116,-0.03369396518821223,0.030837346878891458,0.014333974989776779,-0.04870926389952702,-0.012622618878387361,-0.032314688731807234,-0.16821309617029417,0.06932227914523258,0.0931560956765689
0.05825982064957008,0.1500769635281247,0.23275653270755323,0.25529173958857737,0.31196296948130614,0.28011889238808346,0.31506646469918465,0.2854991334431351,0.3855968904141155,0.17997829070499663,0.274066131592665,0.3581305233690924,0.24293037754308042,0.9824433112114161,0.357919952038108,0.4980260188466146,0.31063521569678887,0.18451715410344297,0.1924635483053775,0.18507189212823583,0.2741826124695752,0.4157558457585829,0.20792967692453748,0.2287758879031708,0.49641591312411026,0.45335583137436486,0.1946332535261653,0.21120998307441957,0.32594097076785294,0.3347837152769403,0.1357160786860426,0.15875719103176622,0.13077526769941222,0.28170347047884525,0.338475705706307,0.26306868166921266,0.22629652066127645,0.27324181979405565,0.0924899340141014,0.12386617928398433,0.31188662458045935,0.28182940403172196,0.41360391963781296,0.0996105747737893,0.0065184803634871745,0.06179678004255646,0.2585639922628671,-0.0140995301155113,0.5513444067843821,-0.03463403089433606,0.02144444396388339,-0.13345863862120455,0.027718277687736843,0.09090671697457703,-0.13342358234708435,-0.01608963981997149,-0.6065742115318037,0.44455165344310094,0.22117106462363542
0.0937102606355785,0.42812679590098907,0.2087656140212048,0.2303162239706455,0.21586895136802364,0.21754700622391357,0.08272968672899483,0.24549400200199342,-0.05681451499601413,0.22361925090879736,0.23616262845118263,0.18257051088935683,0.07114521937473652,0.357919952038108,1.0534022128102667,0.17937335992946912,0.22430993066352894,0.34266482519496017,-0.05393002463216875,0.2772048282594826,0.1880824115767571,0.061124280024909876,0.10666888128474375,0.09475161730014865,0.4120085764174434,0.31194238512397254,0.12630002940003793,0.23104088749720478,0.3007758934819993,0.18597801857348842,0.25259702451726407,0.044615374407832566,0.10603086015034742,0.27810567313889345,0.2066575079380799,0.17981698101443086,0.20368363844186463,0.09777081690695637,0.003840031180560557,0.055519447766227234,0.1880687456995891,0.19081526206934668,0.21980986324712595,0.023533175992049835,-0.08474059107308504,0.1419792715374684,0.26166931400209625,0.004545890587016813,0.0023861722752318653,0.14169518824240332,0.033748758177926975,0.07302161622498592,-0.1477422221768037,-0.07312078825339886,-0.08300463007838957,0.06359805936227451,-0.42689294214382384,0.08671977925616473,0.3447858664732026
0.06814925290645976,0.11448921125235481,0.20988687527847338,0.2615608253966487,0.31177104368467295,0.2914453727605774,0.29986113719410334,0.2951269075147939,0.31226157416521594,0.1833962118779223,0.28035800862432236,0.32834669569955655,0.26299576027925126,0.4980260188466146,0.17937335992946912,0.8205611546018268,0.2899240030972705,0.1893854717028256,0.2717035312359676,0.1581855617444212,0.23094819343719258,0.5412855816063605,0.1336300211010388,0.23830546089431637,0.33630905403677697,0.4878748299653582,0.26997698622902794,0.23986719912478496,0.2816824375547633,0.23398297155025077,0.1991022025677931,0.2695177724693082,0.12010332426502975,0.3095486930973785,0.419522186343238,0.2374914879118129,0.11337291537013537,0.28240219471619554,0.07460066965660439,0.12411727744732726,0.24338976764362089,0.24214391205727664,0.34891616698049044,0.11094112038030642,-0.10984198642815994,0.0899109208439539,0.21577296277557295,-0.027762440136295512,0.5371325673910549,-0.03044785702114497,-0.04047609281237826,-0.03000371695140682,0.052034665677581915,0.029029574398230895,0.03276259862852065,-0.035121241629538995,-0.48067276914897095,0.09022200931606537,0.32686626949882724
0.05361716649381259,0.21455511584883138,0.33154317595408733,0.11816842232388235,0.09579594990970666,0.2433211318269737,0.23365426244918272,0.26581257666384206,0.27739065850349537,0.17010684978214569,0.3180894070356656,0.2887633079664654,0.19505526059353392,0.31063521569678887,0.22430993066352894,0.2899240030972705,0.9302641317316311,0.20414408295519512,0.3488858807263114,0.28328591905606265,0.3894869623024041,0.2815133524527982,-0.042283309669581264,0.2655423895537405,0.2771879399474718,0.3854807921193459,0.23370108120332203,0.6365722031875098,0.13237994168589298,0.2681753266276469,0.40242214952764854,0.21133410854428114,0.3985055058807004,0.15225967970903076,0.5246780474126106,0.32915466191030657,0.522503226483145,0.3988020607280614,0.22389767950959996,0.08846712957336318,0.38295980458052054,0.43502513651030783,0.17186112202133877,0.0970626871646899,0.3331474884189576,0.20753655279339173,0.2566876853039675,0.0023625580000052513,0.0324812335032241,0.3378063760593352,-0.013745440410050597,0.014092870270121407,-0.30088555189995075,-0.053660505543800634,-0.4591053179327021,0.033160242067042406,-0.24151623650304563,0.3403808437757802,-0.05053220212372583
0.0938642477536957,0.2969076144979665,0.2787190425490612,0.258304846935822,0.2405654224918748,0.309909686392997,0.20629261542171765,0.3377899059181274,0.17092789264691963,0.24283446773814885,0.23579068471008216,0.1704980640479176,0.17605937665747678,0.18451715410344297,0.34266482519496017,0.1893854717028256,0.20414408295519512,0.8784365888282045,0.11159692522964698,0.057454286985996625,0.24066521201479804,0.19930840391772647,0.2908239135714772,0.12136538119052277,0.4041994160723072,0.48420506973424865,0.10683475113924668,0.22751572613138918,0.22841273066493395,0.01926691607199086,0.5186380763565988,0.15595060260343022,0.15766041641998435,0.3348026557316377,0.13404766477133223,0.24359300217205795,0.2397279481243303,0.21782397441885507,-0.02201271597266788,0.07737004553645924,0.18523246954751,0.2163570852951145,0.3140618804872201,0.08444366491060736,-0.029482019951227546,0.18463507324048045,0.4435487412095132,-0.012967050891134379,-0.23156072466531036,0.10717260797594869,0.09761065648860628,0.04015146721057005,-0.19967040699229566,-0.11028928895847287,0.06884805472022117,0.029345488895301978,-0.26185176859716375,-0.1042454367200814,0.29815107865864776
0.07399855354918099,-0.262895713406031,0.5288399959360176,-0.022188602869866316,0.007456462922088077,0.33462806153327174,0.3165322846891864,0.2662396297536629,0.5481572001859047,0.21847082670841764,0.17675981577039782,0.2196293803196038,0.29107900794399827,0.1924635483053775,-0.05393002463216875,0.2717035312359676,0.3488858807263114,0.11159692522964698,2.315536908570835,0.32267866518665705,0.3212419590767078,0.41928289048077316,-0.29790716643621334,0.2688834708823808,0.24334689541953622,0.4092451600908649,0.20588043731666605,0.5063305898319742,-0.00936778306086351,0.31296405137588384,0.48322923141160634,0.2900237715943214,0.4817654433464015,0.09731783082536448,0.2372779615395958,0.19915810240484805,0.35741065199823174,0.565652195200037,0.3186033352056212,0.06501490499954274,0.3819408742949696,0.2531590889126259,0.47470828737352533,0.07561458789893859,0.06669425413115383,0.4085548172753227,0.22068790693881798,0.020877329921001615,0.09951033375322217,0.5488540011830557,-0.15333290819310988,0.21992898255533555,-0.3476865201614879,-0.17140302035169702,-0.04916048699066855,0.09321675597211797,-0.08850172307688775,0.7580353583319895,-0.7353245344960654
0.035201220736750506,0.18390183122129514,0.238450000714151,0.17252618249282056,0.18564369829460914,0.275294985123769,0.19227407477080433,0.2509112544485732,0.17411580870477092,0.09810455856981122,0.2622742741612143,0.19797114841580377,0.1478572563111302,0.18507189212823583,0.2772048282594826,0.1581855617444212,0.28328591905606265,0.057454286985996625,0.32267866518665705,1.496229733873313,0.15366333104194313,0.15723888201108696,0.06700426036126376,0.2211826300740709,0.2703058225099917,0.1592845080900893,0.28971149054765977,0.23202262944208438,0.43694997420941084,0.28332545090614353,0.17344704142431264,0.14336641746620202,0.2469527168789192,0.2863522452868356,0.032924496491711454,0.11513085305451098,0.8070943401412329,0.4134473730952513,0.4710870563416161,0.25718147705478106,0.23909606361750915,0.17507972248587916,0.43112322131690295,0.00799907995818012,0.6362811909219249,0.2567921446047021,0.18153906869276634,0.04015032350894759,0.6800298027836661,0.08997004778423348,-0.10153684482168347,0.28331055931629423,-0.08721040750414016,-0.06452610389387653,-0.03981423024720738,-0.010881960978769164,-0.11607344362514473,0.2575107949266688,-0.14582571101652847
0.05048879958306444,0.1849883583647571,0.2539812240619776,0.1561460354281027,0.17088250564265597,0.2779510871706762,0.24320281095127327,0.258700886486928,0.2810918446328451,0.12893673050361942,0.23524776747894888,0.21981697491743452,0.16866541190331394,0.2741826124695752,0.1880824115767571,0.23094819343719258,0.3894869623024041,0.24066521201479804,0.3212419590767078,0.15366333104194313,0.697391944730085,0.2659712761732749,0.16925950126044456,0.25266610826573843,0.22968192119964792,0.26314873958552315,0.16888388834069676,0.26842577671767837,0.1845299552855919,0.4260511861458541,0.31763952718191574,0.17412314518476224,0.2984238646027844,0.21996948722163365,0.2817204141101022,0.38091264987353624,0.523708561795869,0.41110698816574154,0.2867207559558056,0.23133280045993287,0.4495903994217349,0.5817275358096814,0.37602412546957026,0.12576266673408382,0.3518236704397374,0.1786386838905961,0.3451875611739069,0.008529540749192637,0.04815529481542367,0.09640133540577395,-0.02868099285363722,-0.1322207720543879,0.06031275341123818,-0.033727222413361645,-0.07033123770552838,-0.012795407465995695,-0.31167412310156023,0.20251349742822242,0.18456490617484217
0.07865016648380732,0.10236412898501955,0.37483646463485604,0.1813806269606289,0.24104985148185523,0.3239662704337207,0.4052468755204921,0.1809684106010713,0.6691450840136629,0.21395056414064634,0.24107059591713043,0.29171469058294736,0.24078232764783755,0.4157558457585829,0.061124280024909876,0.5412855816063605,0.2815133524527982,0.19930840391772647,0.41928289048077316,0.15723888201108696,0.2659712761732749,0.8242456046839924,0.16023655164264278,0.2609749898723077,0.2364133061483379,0.4382233795682085,0.2531539126985031,0.23216795227985196,0.23995366590705694,0.2594025879238425,0.21424692593196665,0.2987639488840204,0.24961482825350512,0.23274562030769538,0.2637027942378651,0.3079870633277393,0.21405635464005868,0.3750891369053978,0.18365150352926468,0.1324246212633449,0.31630494030644146,0.26411441503590416,0.3698268219599454,0.13380366807425365,-0.0689923690540713,0.19100005101110898,0.23296366797942683,-0.06054865063159209,0.489781575622495,0.021580861995211236,-0.04777359389473088,-0.04899853353370649,0.05471966003742057,0.009465852418510197,0.09867195592706376,0.03953151464469452,-0.36657346453121575,-0.02271142694452076,0.18354029052621681
0.008992115849398715,-0.13056794603609814,0.08786749340702865,0.20452519942531497,0.228553175742013,0.11804929479671693,0.16009575222872063,0.12308848555226204,0.11874673726647954,0.19587482235205053,0.11455488777939414,0.14926368900340736,0.11467658651513046,0.20792967692453748,0.10666888128474375,0.1336300211010388,-0.042283309669581264,0.2908239135714772,-0.29790716643621334,0.06700426036126376,0.16925950126044456,0.16023655164264278,1.8128041724693942,0.2936629607281317,0.1080160313551035,-0.43869955272903327,0.06186832955013143,-0.37202297931626643,0.8783017785745696,0.5687909680175471,-0.7465522221059117,0.010572895984139317,-0.060042213074188104,0.47843463412052345,-0.35313264814483425,0.4599181358688532,0.639248281872463,-0.1959755061308249,0.7221779093384528,0.19893806839089925,0.25905356878077673,0.18232652299332985,0.17238104367082063,0.2254995382648173,0.3350622211352503,0.12907945149617553,0.43760310927545554,-0.03566371586864142,0.3963505022909086,-0.29785206865560004,-0.030217900910453146,-0.21081285974519479,0.3561348378542668,0.04543235812193175,-0.05336670901248992,-0.06265322672874474,-0.09696178452561524,-0.10734336709438787,0.28549414052512845
0.03948751163045473,0.048552911260012745,0.19793542917106455,0.12559448279513766,0.15680000486013,0.19144022254616036,0.1875465442504963,0.15134328905212677,0.23999461511086534,0.14077031001399,0.18388005811940872,0.18531401089562877,0.18763707465690516,0.2287758879031708,0.09475161730014865,0.23830546089431637,0.2655423895537405,0.12136538119052277,0.2688834708823808,0.2211826300740709,0.25266610826573843,0.2609749898723077,0.2936629607281317,0.7655390576704361,0.09508450543280136,0.18111454531293236,0.21723595175213356,0.3318907870079144,0.19999558983929835,0.4979163838910667,0.32940164378192727,0.32950301310845964,0.6830194316130235,0.18950669795313238,0.17437904400275409,0.3962448083894207,0.4134154988430127,0.3117275474967193,0.17307167364102286,0.04105942850191321,0.4407746559605062,0.25730303888220435,0.11516986512186966,0.12751024453837004,-0.2952179891278495,0.21819601187548865,0.3218596489038899,-0.0016133088067342457,0.29094245475000013,-0.0013971433406904125,-0.07782525373286428,-0.0891126290861357,0.14402444037575213,-0.03817985052836334,-0.1821595777397424,-0.19424509018750463,0.05103875958182626,0.023886931854605276,0.34715034393139255
0.05494699114316249,0.3142295110584717,0.2567000875843984,0.26308480278646557,0.2730372243763397,0.3456484017260966,0.23807099645071958,0.335972066310396,0.16613722077299353,0.20042110566682278,0.27727178337164704,0.27322206362908996,0.23115808651132877,0.49641591312411026,0.4120085764174434,0.33630905403677697,0.2771879399474718,0.4041994160723072,0.24334689541953622,0.2703058225099917,0.22968192119964792,0.2364133061483379,0.1080160313551035,0.09508450543280136,2.226474850105345,0.4378507769379348,0.24088163052495346,0.16817110108918007,1.0732486638078065,0.08439553836485938,0.6494085349550702,0.1753988508655207,-0.0825174128780578,0.6604031848913259,0.39449719829599533,0.2956493658211917,0.17170066304225493,0.22682097601286624,0.06721225480505846,0.07433687448696844,0.0023990680920202173,0.2223391899834325,0.2775813707866539,0.02341501721531752,0.05441086204176278,0.32759919916016633,0.26440647123467975,-0.088108756667363,-0.3164432190680785,0.03454462609953625,0.023635384463477314,0.08631122134033008,-0.009363637417200449,-0.05290738376156846,-0.10531740654538288,-0.04026524735341091,-0.4092442490107454,0.026162597021457398,0.43498235663551355
0.06309463329850189,0.0005957736246541535,0.3188146028824616,0.28617301778410836,0.3776823260220444,0.46634885545934845,0.33787790354699604,0.5553749818536792,0.41093465070948854,0.1683772384825974,0.3364687217625627,0.33339536126237435,0.2823728280667183,0.45335583137436486,0.31194238512397254,0.4878748299653582,0.3854807921193459,0.48420506973424865,0.4092451600908649,0.1592845080900893,0.26314873958552315,0.4382233795682085,-0.43869955272903327,0.18111454531293236,0.4378507769379348,2.887240766455721,0.30408195693244783,0.5761494987154464,-0.3596114387906388,-0.3146665956709427,1.0171230232303918,0.5481357290572343,0.13741262201718418,0.3111659900375262,0.9183634732767991,0.07233589172021584,-0.8454838168976092,0.5864899938482024,-1.232035971467126,0.07993389844672191,0.3026154751790324,0.2769561770821068,0.7014304124857341,0.06558606186277618,-0.8936942917987104,0.041592571615524,0.0949782149014678,0.05084172252904911,0.8551343006605635,0.2902872714790877,-0.015403494433812106,-0.20878223969578677,-0.25027017117114736,-0.04078821702718851,0.3461193276369877,-0.021981269668298012,-0.6444224468108019,0.5032244507783716,-0.10428845944642505
0.05131001256873869,0.21091937549296247,0.19819380738727227,0.13673658140594913,0.1558428663526018,0.2084958298454314,0.19923053205043492,0.21235461954829343,0.20666337460766285,0.17197142654855493,0.22569458901739795,0.24988416712367797,0.2047981022831044,0.1946332535261653,0.12630002940003793,0.26997698622902794,0.23370108120332203,0.10683475113924668,0.20588043731666605,0.28971149054765977,0.16888388834069676,0.2531539126985031,0.06186832955013143,0.21723595175213356,0.24088163052495346,0.30408195693244783,0.8815738336242487,0.24240783444779163,0.1978055471431548,0.12957007659390612,0.2330402910370449,0.23563822466997428,0.21969725488668457,0.21868496752670202,0.3143002383579744,0.25048124285651024,0.19633938285119626,0.2813280125920921,0.11943149701345007,0.10971095864205016,0.26888795516445807,0.18516544835298632,0.14657103113336098,0.03028673774987481,-0.13276723549956507,0.17420150099876716,0.1286230151136715,-0.011532587317716383,0.4760578217204712,-0.045608179454555614,-0.03919947334866702,0.04680327958307194,0.0642878285030821,0.019784015145027135,0.03383287881703716,-0.03982557537248852,-0.12299470293740299,-0.2372905501367168,0.35106502296664643
0.06351907292615244,0.23084065080582886,0.3185625955927604,0.0318551200691006,-0.01882001951268921,0.1471834457021707,0.15318233943395262,0.15305954318538723,0.2536674672528756,0.13432660600341997,0.22303383205052937,0.16538355386989026,0.16170875948073044,0.21120998307441957,0.23104088749720478,0.23986719912478496,0.6365722031875098,0.22751572613138918,0.5063305898319742,0.23202262944208438,0.26842577671767837,0.23216795227985196,-0.37202297931626643,0.3318907870079144,0.16817110108918007,0.5761494987154464,0.24240783444779163,1.4517602865408898,-0.21303981560630986,0.14235013050644643,0.7557048701406037,0.1867533556063225,0.8697999590345148,-0.11335961633734591,0.9431711211177043,0.16878894638545494,0.3476317195522238,0.43267004871014464,-0.056964745138644614,0.061648982565116736,0.37094049838570725,0.2642000462706898,0.21412427183203364,0.12382218918133338,-0.3452746732485523,0.12191430503776733,0.20052796367178144,0.04775339782485465,-0.12004991736926644,0.5365427005384055,-0.03826754414018703,0.5558571103523028,-0.9564179853742778,-0.11172924605196019,0.07833783166270714,0.03339247721742139,-0.24181904533332185,-0.10951843274732867,0.467194067845416
0.0002296978400586592,0.34312182532084845,0.22487966911669585,0.2739713844001864,0.337425491383896,0.31677210925444693,0.23295267547626863,0.23232396440524955,0.10860741223963416,0.23213883785323605,0.23221823983853662,0.2721486480067754,0.2165561818541577,0.32594097076785294,0.3007758934819993,0.2816824375547633,0.13237994168589298,0.22841273066493395,-0.00936778306086351,0.43694997420941084,0.1845299552855919,0.23995366590705694,0.8783017785745696,0.19999558983929835,1.0732486638078065,-0.3596114387906388,0.1978055471431548,-0.21303981560630986,3.063132222369245,0.18735443299761823,-0.7061241033073888,0.10640139622243762,-0.4808567951027493,1.0996239418316343,-0.08288298175904654,0.5672335481145423,0.5819939818741676,-0.47838863409287097,0.637023884781704,0.06697707503218589,-0.0357972355558394,0.1625259011008068,-0.2218728058517168,-0.1014787280554261,0.21298363910771634,0.19790951514710275,0.2597097021758454,-0.1328727800740299,1.3187342552485963,0.26522304306756933,-0.22654740927263534,0.01961089577719693,-0.10636540221827485,0.07918998844170344,-0.25985370680122416,-0.17824047901730963,-0.23763985118091147,-0.46651770407902204,0.9610002216633422
0.043702101841557685,0.0439324263167779,0.1279303881622868,0.03653203525669813,-0.005520092099496908,0.08637764648353904,0.17914047480825193,0.12513270229525122,0.23477003827720141,0.1608415785490622,0.17291848844605118,0.19401080123532877,0.14054358782656107,0.3347837152769403,0.18597801857348842,0.23398297155025077,0.2681753266276469,0.01926691607199086,0.31296405137588384,0.28332545090614353,0.4260511861458541,0.2594025879238425,0.5687909680175471,0.4979163838910667,0.08439553836485938,-0.3146665956709427,0.12957007659390612,0.14235013050644643,0.18735443299761823,2.6406058437534066,-0.19765002456233094,0.12219075172000902,0.369993083720554,-0.09898046458562205,0.23726589786176638,0.4979803233073753,0.9986320789018651,0.6428418799552222,0.6828044363652427,0.29444423568199707,0.8150979203453548,0.46026936798345697,1.2570620981479226,0.34060514465973113,0.8717104368795241,0.12789964843029628,1.2834110664717073,0.016317991600889585,0.03572791150914197,-0.0366956414023327,-0.10191359696048266,-0.3320690435717977,0.37278255640723457,0.09260128937621159,-0.1542319791596917,0.0481138370664866,-0.12983791418269622,1.8433524433840356,-1.5933185675364518
0.1062696156455508,0.23893162031575796,0.2837493004007405,0.15774089377591632,0.1347653029803986,0.2925981706735915,0.1767977772928613,0.2627904921155033,0.23098171659146768,0.12559553815273872,0.24162327145478613,0.14540826611197086,0.17717865073746406,0.1357160786860426,0.25259702451726407,0.1991022025677931,0.40242214952764854,0.5186380763565988,0.48322923141160634,0.17344704142431264,0.31763952718191574,0.21424692593196665,-0.7465522221059117,0.32940164378192727,0.6494085349550702,1.0171230232303918,0.2330402910370449,0.7557048701406037,-0.7061241033073888,-0.19765002456233094,2.366406345803278,0.37852345993294717,0.8312247251447479,0.03080973010387301,0.5119529107593546,0.29325022001921885,-0.18855339071690172,0.7867424967149882,-0.6286650879299268,-0.03637138166385097,0.3107019872053532,0.2785996216364158,0.2059261012570179,0.07586280147376617,-0.686968883233762,0.3237640595415738,0.17728121266248612,-0.0024771623014702847,-0.9873132632335294,0.2826711146082597,0.04460398099624942,0.2048744717689353,-0.29135818794292034,-0.18566840444909552,0.10015916376640178,-0.04276411344166191,-0.12227890190436753,-0.25170689722184286,0.47149771309063826
0.041589026043981604,0.06306025214573258,0.18820606610253654,0.14562966383727563,0.17192191177018626,0.21391636858488827,0.21421893023800798,0.15110729876445847,0.2589674463761364,0.16671288676747778,0.18822468557922825,0.2156115981666908,0.2070280330796023,0.15875719103176622,0.044615374407832566,0.2695177724693082,0.21133410854428114,0.15595060260343022,0.2900237715943214,0.14336641746620202,0.17412314518476224,0.2987639488840204,0.010572895984139317,0.32950301310845964,0.1753988508655207,0.5481357290572343,0.23563822466997428,0.1867533556063225,0.10640139622243762,0.12219075172000902,0.37852345993294717,0.686701819515659,0.17440146879515356,0.2912910763401877,0.28285943048036905,0.23010760300710165,-0.13643057244887624,0.33202708983012,-0.0013694238849831612,0.04375117621948045,0.1865079882684673,0.1628051016322944,0.08829738363609035,0.08021448974052292,-0.261823970497618,0.18169246423466368,0.16016910630317716,-0.025689938338645957,0.3207546221369765,-0.018489596439197696,-0.005396295759994593,-0.05109585610002371,0.0671013444831292,-0.03440288299425523,-0.1783054320857159,-0.002412992641127802,0.343840862166047,-0.07057810377204367,-0.20012780774955308
0.11825715694623651,0.11616168992434037,0.29661093140734185,0.06236155332476373,-0.0064705514747875545,0.13553403104135167,0.17490678874422014,0.04869603269065329,0.3510027508495595,0.11503824140638699,0.15093742378563774,0.1187653518277212,0.13602664573057008,0.13077526769941222,0.10603086015034742,0.12010332426502975,0.3985055058807004,0.15766041641998435,0.4817654433464015,0.2469527168789192,0.2984238646027844,0.24961482825350512,-0.060042213074188104,0.6830194316130235,-0.0825174128780578,0.13741262201718418,0.21969725488668457,0.8697999590345148,-0.4808567951027493,0.369993083720554,0.8312247251447479,0.17440146879515356,2.1081122783876265,-0.5149336518348594,-0.2437071493088063,0.34336895812490703,0.8190656162800392,0.5203694748287485,0.10501031065898299,-0.06281463211337186,0.7455418728296568,0.28291826008208654,-0.10308824430087327,0.15026050370355956,-0.7772720106331238,0.42801687481260714,0.2720605580743152,0.0360517098503122,-0.6015535279755645,0.17794709535568054,-0.07297088590999909,0.025371142261140994,-0.060476270664437025,-0.1610992271855431,0.062445450253631705,0.04763984295285339,-0.10924468262888673,-0.5338971550808501,0.7912590194949478
-0.07602041296638552,0.1862245638943849,0.16570063266729765,0.298189934237673,0.40600160157743775,0.3211969831699465,0.2572148903697922,0.3159147855767504,0.10336653882048157,0.29201215643254064,0.25063816712625037,0.26704195350020626,0.2288552798106558,0.28170347047884525,0.27810567313889345,0.3095486930973785,0.15225967970903076,0.3348026557316377,0.09731783082536448,0.2863522452868356,0.21996948722163365,0.23274562030769538,0.47843463412052345,0.18950669795313238,0.6604031848913259,0.3111659900375262,0.21868496752670202,-0.11335961633734591,1.0996239418316343,-0.09898046458562205,0.03080973010387301,0.2912910763401877,-0.5149336518348594,1.725273127506728,0.31018181068687123,0.1915369824477334,0.534035873156664,-0.09981226758009921,0.14255812004341503,-0.012396414533314658,-0.07391587963727755,0.23899257743941735,0.240371062714618,0.06500275821341807,0.048614418583832204,0.05419793499740851,0.16771559180064538,-0.013567943709440566,1.0851685292016746,0.06625813778176855,-0.10046922818487283,-0.013622810508365476,0.0405188403259783,-0.0028020980185012663,-0.1698310689301573,-0.0821942846714232,-0.18070504568397022,-0.3036839385944487,0.6370572564245865
