4.347784350660944,0.4224394492534862,0.49312132054838714,0.1993751198802664,1.1835747490784476,0.3235581019402031,0.4586101553705877,0.47084280643099163,-0.14816448751526945,0.3968763284441126,0.3032762538865682,0.3769520068744705,0.129021238674329,0.23543059816399098,0.2363139924406883,0.3218273947657804,0.21894438299135793,0.3876131088676003,0.1975952981849054,0.07729880398898258,0.3326216650213028,0.13932671099984995,0.26700044404082746,-0.07504737936173182,0.39075174518941025,-0.009270769212051343,0.1965430727415975,-0.17237868540934484,0.33260557601215107,0.19910945046700862,0.10568972703267636,0.20124852784220032,0.16266249275305084,-0.4604556509740258,0.08299405753612256,0.13387279873754973,0.24698820551681666,0.14364219911766693,0.040698104759349096,0.1388454333721612,0.12835967393605013,0.18770266235661287,0.14127739108969292,0.008384621090479754,0.281950507853653,0.3388378183007639,0.33689184875962064,-0.038139253271067146,-0.15996192462505646,0.11113053879008929,-0.08980038278432255
0.4224394492534862,1.6598055715979185,0.7844620856413708,-0.24679957925316653,0.19060104560113905,0.36231352656427557,0.249435427272655,0.26695517354856596,0.2350795776581219,0.2617757926824407,0.1996750561422103,0.21668721352850126,0.09474542140167011,0.12915534001958387,0.1664757746759057,0.03777701166797262,0.24281779601111264,0.4195926537242656,-0.09172977294771942,0.35121440817488275,0.1894871403937117,0.15330208273316842,0.2872707660698261,0.09563910014238543,0.23847852919910426,0.34001726260801973,0.1829721604406518,0.28954502484545414,0.3601868595620586,-0.10811193451973618,0.18282126448286734,0.1502733916335659,0.2092252619603596,0.1926043200649058,0.25971929614220685,0.17765979032639387,0.4061994040693452,0.18211274697781796,0.25713606542266393,0.11083625979503654,0.0352379810566858,0.1591889543070368,0.13297153690071217,-0.020887490287669855,0.3055446938917939,0.23075812384209307,0.2580800727612542,-0.018274072030140254,0.18043716759612716,-0.12360600123032525,-0.08278957291932446
0.49312132054838714,0.7844620856413708,2.04021930990667,0.07674982275023241,-0.37304259708802123,0.23920231900462757,0.240864146992921,0.22632619389340913,0.31924639290008794,0.3118799676520352,0.17911074363255922,0.17365306680479164,0.09243607444237391,0.1725852730226807,0.24862875877737967,0.07880416712871335,0.25017826646744845,0.2463783126489426,0.03913167210657688,0.10787664033774605,0.30033663845044034,0.21763874059122063,0.16710997735676075,0.10219444330097822,0.1723496611320041,0.15939459537375264,0.14301709247617023,0.3722713914143483,0.30855120612933407,-0.2952255773878805,0.1466828906187643,0.15347675397762864,0.2094205024583088,0.054557977961331904,0.2794900913424363,0.23195191897031842,0.20922413161216932,0.0776987691410803,0.09097833645594214,-0.05857865745037995,0.08315381513337325,0.3144271206903264,0.1386528356700035,0.032490659869632524,0.33240718731744656,0.25890590560228055,0.12936073492642985,-0.034979473243369946,0.011035506400472338,0.00943708715593282,-0.04815165334096228
0.1993751198802664,-0.24679957925316653,0.07674982275023241,3.268057923897648,0.20222580989953448,0.3447093048716149,0.21826294766891588,0.26497352567204047,0.048782980786336104,0.37215095167067536,0.2486373530610819,0.45425644700886125,0.0638869548794502,0.2755051530877259,0.18851102586284493,0.38900838238084645,0.24361420861478572,0.14636978546540158,-0.01799316826567017,0.13952288726743134,0.11155486365094221,0.21846148342236726,0.25378124681180053,0.18458242186174387,0.23794177369222622,0.11715444248731455,0.18995067474923796,-0.17898948806994328,0.35806479524914286,0.03773351893274463,0.0304963284442137,0.25808277008774777,-0.013564836865523856,0.42084256695461764,-0.4988741140127138,0.2599242229688824,-0.003363445463474247,0.10114587033662283,0.14898363744797669,-0.022590972300051845,0.033192449958916306,0.06243001882755814,0.13613636238005666,0.15255497878689617,-0.0867950905236549,0.06251525397327808,0.21382860273150645,-0.023267864218344293,0.2734558772137218,0.004295666764382375,0.061038087168043015
1.1835747490784476,0.19060104560113905,-0.37304259708802123,0.20222580989953448,2.192206038434901,0.5323805894300834,0.40794358103904155,0.36844263806684513,0.17069262567307789,0.23110400188768843,0.27332482378381884,0.47100129847872496,0.1433507691484041,0.2078843118094082,0.2071391995967109,0.2611053853259957,0.2648758661267246,0.36639942941159737,0.18921967252450542,0.22142696013965246,0.1664149961742943,0.21431565730270735,0.3540137091017087,0.15853927452140745,0.3544819154507654,0.3262150099910587,0.18975653641937215,-0.24008575822390182,0.4166997724410327,0.05382023780683614,0.1620682272249251,0.23150670340081164,0.03295982460262156,0.5585429848951559,-0.22241832319784072,0.2731077779339158,0.19240966742306134,0.13497349737852576,0.37872581114020487,0.06619077467725205,-0.020065927675850276,0.14723625727984985,0.13909916995335117,0.061666481749649414,-0.003154879539010484,0.12285328259997609,0.29688195110030074,-0.02196247056471314,0.21616498153906213,-0.22835707139542707,-0.02110804530675964
0.3235581019402031,0.36231352656427557,0.23920231900462757,0.3447093048716149,0.5323805894300834,0.8894167058454135,0.15061636060622755,0.4678835828449548,0.2438387779902867,0.26954396754463655,0.2763821019390213,0.3358370204268394,0.11432714259915766,0.18625166248070305,0.19120367617389336,0.16886496871125053,0.32489562014971135,0.3093120650501346,0.29597608888723115,0.3699556885198078,0.20135561631615648,0.2111272444187166,0.23349337709937368,0.1581965384359808,0.29010787821033324,0.313588691042573,0.22398389114290554,0.022740920366163722,0.39429475788466495,-0.04706865905906381,0.19967504544283526,0.20332140854454192,0.01646006326827562,0.3713033832117943,0.14063479411815288,0.16909055029817838,0.2330187931865524,0.2091422764961496,0.36931118265117874,0.18995659214787453,-0.04518025524833546,0.14958805211908469,0.21887919955399257,0.05945120220159616,0.29203505944726565,0.17108280296922773,0.34256532343459906,-0.020916191607195152,0.15303180453537651,-0.05383366832743635,-0.0018108086461623872
0.4586101553705877,0.249435427272655,0.240864146992921,0.21826294766891588,0.40794358103904155,0.15061636060622755,0.9465672001937785,0.23607267046368294,0.3109892571229873,0.13059710649708256,0.23542339455370428,0.43720576295276004,0.11292203806443224,0.32231009607329736,0.11820438987399991,0.2531202638882586,0.31211465062806415,0.23842130108411108,-0.052654722360011015,0.0789106793258946,0.2307777481155449,0.27616402192531375,0.26045971542529484,0.1450122846007606,0.2485526298608265,0.2540827186647467,0.17718330968597093,-0.030960625624896158,0.301351083024163,-0.002458367143586409,0.10512235699863458,0.26678723821816497,0.12779470635578927,0.2905461607318505,0.15134363485977795,0.2458937888030446,0.127326466422853,0.06977157981978613,0.1977835582047001,0.08550439085921412,0.02864149745980413,0.20519328242578802,0.15276545638004477,0.051237743574614525,0.10073258735371154,0.1437216101380092,0.07845280800578074,-0.035063684449785484,0.23419552739921284,-0.14414269484223466,-0.005183913509371038
0.47084280643099163,0.26695517354856596,0.22632619389340913,0.26497352567204047,0.36844263806684513,0.4678835828449548,0.23607267046368294,0.8977987569520888,0.05067806531450585,0.2702738967523198,0.29062647057173996,0.09790143714263781,0.12992625165924634,0.17228243003993968,0.21052807329083448,0.14613383181166154,0.2708508882646031,0.298199163098608,0.25282219227014097,0.3331741025964525,0.20196785630106154,0.130504967506101,0.22529714535859743,0.13649443873793035,0.29686602043939087,0.27961221475443937,0.18986871108990871,-0.12248174483936886,0.32729835401254054,0.015892843017805497,0.17894509909718326,0.15842687021448468,0.05793099279717547,0.31740444896635395,0.22653001909732914,0.15597995096505793,0.24364126819753215,0.1932482011370867,0.3082066002213774,0.1826320483196876,0.021651208897947576,0.12473467646783795,0.1720293527323546,0.06362644150834229,0.2514264351950287,0.20509821905446884,0.3176906851057795,-0.010917417118026218,0.06418037917036444,0.023870800676611202,-0.028654310374718592
-0.14816448751526945,0.2350795776581219,0.31924639290008794,0.048782980786336104,0.17069262567307789,0.2438387779902867,0.3109892571229873,0.05067806531450585,0.839448602775744,0.0910663162189819,0.1351861791811836,0.18336593126064094,0.08516403279432737,0.16933235435270028,0.1889538441247918,0.022228139550722656,0.2408029402125365,0.17474862466325686,-0.04052554437413403,0.11316449152153557,0.18061291452663208,0.35315737532364894,0.1919050900790542,0.2102961465985986,0.07370764781777188,0.31464493217141903,0.12903984001878596,0.287870375161238,0.11200187050075082,-0.0026039736888256587,0.17345002542456545,0.18193235411151126,0.19462322759812564,0.06554483368405273,0.0940243093194496,0.09580338389449108,0.1430687681228588,0.07076380426516378,0.11959421660419524,0.0778714673722063,0.039341114457791745,0.18927239894398376,0.18389241206822401,0.020354162809018455,0.1690401639778169,0.12945932742996036,0.1568215128632839,-0.030200481148045553,0.6124005477742759,-0.03979166591642528,-0.0019211968435148296
0.3968763284441126,0.2617757926824407,0.3118799676520352,0.37215095167067536,0.23110400188768843,0.26954396754463655,0.13059710649708256,0.2702738967523198,0.0910663162189819,0.7034802134497589,0.2524485550625793,0.2649049115770528,0.11789202791898347,0.17431176535122317,0.24324765234429466,0.1823663036345439,0.25902724809781125,0.32315151806379655,0.15568749101610457,0.15714297182454934,0.12922402792312457,0.1591622110056479,0.3153736205911146,0.19303121115859415,0.2629567714839713,0.1810774954969204,0.18337304367207505,0.09905143472877254,0.32579256853540606,0.10805021764842265,0.15290747578050987,0.16361643689724448,0.10957560651685026,0.36986923460642257,0.16989241517461598,0.2227981379670005,0.23694413923310909,0.09784909629917468,0.3009197906729585,0.11206344822387874,0.12142682013374674,0.11338559712192603,0.1311731718803465,0.07470391053410734,0.10665286362964775,0.1875454733248245,0.32042898121554775,-0.026559279972452395,0.11992305931962714,-0.07562090556736309,-0.0022696428883216893
0.3032762538865682,0.1996750561422103,0.17911074363255922,0.2486373530610819,0.27332482378381884,0.2763821019390213,0.23542339455370428,0.29062647057173996,0.1351861791811836,0.2524485550625793,0.5053575974551503,0.2830655261213176,0.1222872014931486,0.21951823233588877,0.2812980005192148,0.1959209845314751,0.26718037000485845,0.23503402838163667,0.10928195822395381,0.2315001793253112,0.21153093622174016,0.17577846438258718,0.2189871148149947,0.18110672900981098,0.2229492009841208,0.19146123461050993,0.19842069525766304,0.10895445336705527,0.2626160445704231,0.07273444122813769,0.17197288747247774,0.19211049697808721,0.10424816697024127,0.22231851670553493,0.19310796145779796,0.13706819474450363,0.21554519520401888,0.13276216847744862,0.22768484534352393,0.1636599295833385,0.07851104105044021,0.19141699049051156,0.20170797132947246,0.03263658663287036,0.20625478471361167,0.17590591562556196,0.23923180422932755,-0.02106573679117341,0.1479969417826216,-0.02699874345482429,0.007817138120736446
0.3769520068744705,0.21668721352850126,0.17365306680479164,0.45425644700886125,0.47100129847872496,0.3358370204268394,0.43720576295276004,0.09790143714263781,0.18336593126064094,0.2649049115770528,0.2830655261213176,0.8632212805041793,0.1026505526784539,0.2966672743762688,0.12771342441282413,0.28080651018396535,0.29210632138857834,0.3095553709821871,0.07205943667657044,0.11896408476901578,0.2019203842147195,0.2326541467080489,0.2765011032804319,0.13024173345334178,0.30823337668087397,0.23035793905126822,0.2482228964508113,-0.20253801233126267,0.3500819335578326,0.07890362749378449,0.10234081883297323,0.27891469591776863,0.07071530682596042,0.32082221442101705,0.1662056386936478,0.2917359870596713,0.11573753365759944,0.09270407662193964,0.2569254428950378,0.14810818139898377,0.03301475754627832,0.17877559563491982,0.19996254830022,0.05457302799888993,0.16604177241471835,0.16445611489211495,0.25132409035932346,-0.03761068919465683,0.16877541212108668,-0.16344737266229492,0.028285174200474734
0.129021238674329,0.09474542140167011,0.09243607444237391,0.0638869548794502,0.1433507691484041,0.11432714259915766,0.11292203806443224,0.12992625165924634,0.08516403279432737,0.11789202791898347,0.1222872014931486,0.1026505526784539,0.23114991986183447,0.09652282069533127,0.07360878165398149,0.10711631942991799,0.10522805009174625,0.10406174090475426,0.0371950638827576,0.09633952740742366,0.04669764888468367,0.11084573565467883,0.10870529487486434,0.11587130488323356,0.0975857796025381,0.13034974203169364,0.10811637044963478,0.041712216878487196,0.13492060691681554,0.020171519200928353,0.08265060838935753,0.10359789787552794,0.07429081620298465,0.12148725407775493,0.10501830570746613,0.08755947991653372,0.08085960415403012,0.05341903922528411,0.10359815855292505,0.06845139931495092,0.02933410826202651,0.043899631444811675,0.09185669565825658,0.03809355035714744,0.03851471220510545,0.0904632873074708,0.09255673692590724,-0.009538849906449006,0.1876225399015523,-0.01161742083718464,-0.0006406944195422954
0.23543059816399098,0.12915534001958387,0.1725852730226807,0.2755051530877259,0.2078843118094082,0.18625166248070305,0.32231009607329736,0.17228243003993968,0.16933235435270028,0.17431176535122317,0.21951823233588877,0.2966672743762688,0.09652282069533127,0.6823004691128293,0.197886220751639,0.3449551001740805,0.21201802150016075,0.13733940689967114,0.09430894645233838,0.23998429755045647,0.20230577113148746,0.24580530037384693,0.2172044407299698,0.2979620278110909,0.22796070343834465,0.231594681559358,0.14565173209900936,0.21085602957295058,0.26628662369315664,0.13483381385008827,0.1792701378719433,0.4049111127385054,0.12550710303472157,0.2146208104757871,0.1661009813992318,0.14795866316376308,0.2301238541505161,0.1472543604906136,0.19396727607345043,0.14483648680532782,0.10742125245668524,0.18959318353373253,0.31360377025878267,0.03898099602526319,0.23098702447373323,0.18613147040313355,0.25431466100435784,-0.0260202799404394,0.3250025842557382,-0.0028301587754045415,0.01172532888721571
0.2363139924406883,0.1664757746759057,0.24862875877737967,0.18851102586284493,0.2071391995967109,0.19120367617389336,0.11820438987399991,0.21052807329083448,0.1889538441247918,0.24324765234429466,0.2812980005192148,0.12771342441282413,0.07360878165398149,0.197886220751639,0.8156524503368765,0.18561162584719643,0.21398461008397118,0.11187477892057007,0.0881585793566199,0.24015120662984993,0.24402004038450384,0.16662223111917618,0.23718758458875627,0.2550411304941406,0.23176949963748922,0.0994339581407734,0.16639669411979463,0.35098221881573644,0.23188963813200822,0.1408754499371876,0.15013703622754157,0.1623094825461639,0.11164902227060486,0.19663144969401086,0.16224021637732866,0.11298890723108808,0.2379671196690844,0.12841468568041742,0.2278243835411188,0.15015718244921428,0.15980327129600197,0.2552106930722334,0.1961646224418383,0.025858660833771634,0.18761752569987697,0.19049318084772573,0.20296354725643306,-0.02715505180397222,0.07050927843911134,-0.024002700481920023,0.017374108088946693
0.3218273947657804,0.03777701166797262,0.07880416712871335,0.38900838238084645,0.2611053853259957,0.16886496871125053,0.2531202638882586,0.14613383181166154,0.022228139550722656,0.1823663036345439,0.1959209845314751,0.28080651018396535,0.10711631942991799,0.3449551001740805,0.18561162584719643,0.8495417558198167,0.22991691877586518,0.15135670091507764,0.09094597431269598,0.14740918547428478,0.1911246978561964,0.3841023387601642,0.23746106433923697,0.2693777503691971,0.2445569062464168,0.044477038816586885,0.24776885652107403,0.11542676780460524,0.33822723692137036,0.11538758121202955,0.13758396458084973,0.2795586164406302,0.0760961211013609,0.25324000094642535,0.30425750526584744,0.15415577602051989,0.243717014642262,0.11260961770140436,0.20778220395078584,0.21213206410501395,0.1538448792848395,0.18515992826487673,0.36243535784014186,0.06505371346428827,0.17963033482226112,0.18720617477527135,0.22687669776783978,-0.054725069571081635,0.19547649659124122,0.03008331347055016,0.04040281082953268
0.21894438299135793,0.24281779601111264,0.25017826646744845,0.24361420861478572,0.2648758661267246,0.32489562014971135,0.31211465062806415,0.2708508882646031,0.2408029402125365,0.25902724809781125,0.26718037000485845,0.29210632138857834,0.10522805009174625,0.21201802150016075,0.21398461008397118,0.22991691877586518,0.5755144825958366,0.23169906368709892,0.09558640388513617,0.23481459609945546,0.2541859908008741,0.2898182200753759,0.3045078403629512,0.22262677083216428,0.2584528136483352,0.0943244985344774,0.22432678068921733,0.18083279200265698,0.34233877161996673,0.07051333558217511,0.14869678824038848,0.19459939604425877,0.17503873594762417,0.2691386457962514,0.19018515892845927,0.16348927303326205,0.31325739246752754,0.1423876005588743,0.26201247836119423,0.15218316909446905,0.0855903332971183,0.22576892376626875,0.2669394423208175,0.04321681517303017,0.23133288903679108,0.19400535003838773,0.2927843499597972,-0.03452100790912038,0.1762869709006786,-0.0678293801610329,-0.002890067565741792
0.3876131088676003,0.4195926537242656,0.2463783126489426,0.14636978546540158,0.36639942941159737,0.3093120650501346,0.23842130108411108,0.298199163098608,0.17474862466325686,0.32315151806379655,0.23503402838163667,0.3095553709821871,0.10406174090475426,0.13733940689967114,0.11187477892057007,0.15135670091507764,0.23169906368709892,0.975702406088679,0.03650016541846804,0.04316889964420321,0.25141181038594645,0.2048109996688444,0.7317625802038823,0.2590460247069308,0.329117187731205,0.36856369981788584,0.13441593598824295,0.34092825399474436,0.2913632954071041,-0.00012281767196152947,0.32215615076492277,0.15456960155543978,0.23212200795535637,0.2894960616262833,0.26581531260084196,0.12163350881612459,0.34714266879101185,0.05415190681179811,0.39594958694510285,0.1630243003406921,0.1428768225405401,0.2402882001437777,0.2934103245871288,0.060804400647081404,0.29496388261535605,0.21061654815922395,0.5136945743576984,-0.02128193183142828,0.2718660886054058,-0.1460918845943963,-0.04034178287304098
0.1975952981849054,-0.09172977294771942,0.03913167210657688,-0.01799316826567017,0.18921967252450542,0.29597608888723115,-0.052654722360011015,0.25282219227014097,-0.04052554437413403,0.15568749101610457,0.10928195822395381,0.07205943667657044,0.0371950638827576,0.09430894645233838,0.0881585793566199,0.09094597431269598,0.09558640388513617,0.03650016541846804,1.7438996269993134,0.084320692972909,0.2684804767083363,0.048735915734793536,-0.29840069083696036,0.04580667841198119,0.1191632151456214,-0.21057187122592166,0.07182033917871031,0.08584312592953772,0.07017838188419898,0.08063916865699604,0.24832977887809926,0.045370846348491714,0.12610581419050862,0.2150496518282929,0.12723976815536883,0.12895610389572337,0.25702425314755567,0.08456943639481283,0.3367919926477978,0.0006609018339072914,0.05789071029115185,0.2190944012909809,0.16961669063274895,0.07745393504435291,0.230686331031864,0.14019673448322853,-0.028635049515203202,0.004221391290602401,-0.7581355439565229,0.024442029765824293,-0.025566379189641275
0.07729880398898258,0.35121440817488275,0.10787664033774605,0.13952288726743134,0.22142696013965246,0.3699556885198078,0.0789106793258946,0.3331741025964525,0.11316449152153557,0.15714297182454934,0.2315001793253112,0.11896408476901578,0.09633952740742366,0.23998429755045647,0.24015120662984993,0.14740918547428478,0.23481459609945546,0.04316889964420321,0.084320692972909,1.4353133781585161,-0.022205297240786875,0.13088639615624034,0.09544452350391268,0.38701789515228885,0.1947765050883132,0.34591491950603104,0.2803464751030238,0.16298363215540682,0.37902934181601633,0.20027983080494538,0.3649921502858864,0.22149646415794225,0.1306690503092247,0.4275604646664664,0.128303019782674,0.24256022782401204,0.618335098757843,0.6732069820276988,0.522005208085801,0.46135861255780214,-0.04593105346223342,-0.05958759620827757,0.3430255233232299,-0.02485205841931836,0.5642314969388001,0.30167446432268313,0.12591653220339524,0.01791485224346295,0.253187222379752,0.08364943031548022,-0.01985206566223473
0.3326216650213028,0.1894871403937117,0.30033663845044034,0.11155486365094221,0.1664149961742943,0.20135561631615648,0.2307777481155449,0.20196785630106154,0.18061291452663208,0.12922402792312457,0.21153093622174016,0.2019203842147195,0.04669764888468367,0.20230577113148746,0.24402004038450384,0.1911246978561964,0.2541859908008741,0.25141181038594645,0.2684804767083363,-0.022205297240786875,1.3551701999570385,0.2145556228199579,-0.06240501757225341,-0.07375721673937549,0.11064467423382232,-0.3516186338689919,0.12146900531377289,0.49399289724455375,0.11206670393627195,0.12491854987273404,0.22581322192275363,0.15439268440016055,0.09717701602772873,0.004203409659777421,0.36125357638436667,-0.14069667048847026,0.376011124507112,0.054091849903142336,0.1734439917389289,0.10719345079823406,0.27381904997128853,1.176081948259754,0.5134342864189254,-0.0014669770754780582,0.8854265870147157,0.10447777174386458,0.39730293334598527,-0.02593669337946881,-0.8423388306721948,0.045493516849404336,-0.0235177970943798
0.13932671099984995,0.15330208273316842,0.21763874059122063,0.21846148342236726,0.21431565730270735,0.2111272444187166,0.27616402192531375,0.130504967506101,0.35315737532364894,0.1591622110056479,0.17577846438258718,0.2326541467080489,0.11084573565467883,0.24580530037384693,0.16662223111917618,0.3841023387601642,0.2898182200753759,0.2048109996688444,0.048735915734793536,0.13088639615624034,0.2145556228199579,0.673821094160104,0.27382709460005394,0.26989484309191064,0.1687532757851017,0.15811711260440264,0.20840684586661717,0.2015561750457812,0.29822101393445655,0.09236517721402854,0.1657966141645014,0.2513754898360908,0.15607302490112127,0.1873992578515827,0.1849536900964235,0.16546354091287369,0.19796145106495497,0.10309034415041471,0.2218544730154206,0.13911710734298993,0.13237048237748533,0.2294917251995873,0.3944494956660418,0.07054700219791386,0.17347275618183194,0.20371454990671778,0.23805871325094302,-0.08945116081865545,0.5293904495862338,-0.019267034920529016,0.015269360639464614
0.26700044404082746,0.2872707660698261,0.16710997735676075,0.25378124681180053,0.3540137091017087,0.23349337709937368,0.26045971542529484,0.22529714535859743,0.1919050900790542,0.3153736205911146,0.2189871148149947,0.2765011032804319,0.10870529487486434,0.2172044407299698,0.23718758458875627,0.23746106433923697,0.3045078403629512,0.7317625802038823,-0.29840069083696036,0.09544452350391268,-0.06240501757225341,0.27382709460005394,1.8212334829790262,0.7701170780739868,0.5396420988618186,0.31140088542218863,0.044722344128463536,0.18677562504672293,0.63629259636129,0.14656075742331637,-0.03468442245518572,0.18512646002685287,0.31374577925564023,0.48324707603300815,0.08221461312508273,0.2707163416131963,0.21921518419273373,0.03716383994051766,0.5366040075690277,0.3036904159737662,0.15041524506813328,-0.023878378882169204,0.058739674132852214,0.07280830317153082,-0.24267425889439845,0.29422922302821974,0.5067625189982712,-0.01818902480881943,0.7399313769992848,-0.09171975640323883,-0.02956843646267915
-0.07504737936173182,0.09563910014238543,0.10219444330097822,0.18458242186174387,0.15853927452140745,0.1581965384359808,0.1450122846007606,0.13649443873793035,0.2102961465985986,0.19303121115859415,0.18110672900981098,0.13024173345334178,0.11587130488323356,0.2979620278110909,0.2550411304941406,0.2693777503691971,0.22262677083216428,0.2590460247069308,0.04580667841198119,0.38701789515228885,-0.07375721673937549,0.26989484309191064,0.7701170780739868,1.6939985233481691,0.23166429856622717,0.07716485015485192,0.08591700585534894,0.17679237150585908,0.32464423515786844,0.6122027170253804,0.6768063490762946,0.2347672918271288,0.3017888009469466,0.4726595938560653,0.1199045657258998,0.6000814997274918,0.3918475234044991,0.215421216882887,0.3711829268288153,0.18955345910922727,-0.04194617419086233,-0.024983191459197848,0.02052486338427049,0.07255064995775866,0.057882600940850175,0.301782368570576,0.41618679008932563,0.007001125339818146,1.131932526494998,0.056665379450325876,-0.006879777780133428
0.39075174518941025,0.23847852919910426,0.1723496611320041,0.23794177369222622,0.3544819154507654,0.29010787821033324,0.2485526298608265,0.29686602043939087,0.07370764781777188,0.2629567714839713,0.2229492009841208,0.30823337668087397,0.0975857796025381,0.22796070343834465,0.23176949963748922,0.2445569062464168,0.2584528136483352,0.329117187731205,0.1191632151456214,0.1947765050883132,0.11064467423382232,0.1687532757851017,0.5396420988618186,0.23166429856622717,0.999435030339575,0.20301550889272008,0.16456790219385511,0.04730477671336458,0.5828447942854152,0.16465066440030554,-0.036144715687123345,0.17846608730605232,0.09544379389696277,0.38316664055191574,0.22402256926005149,0.2304301556092862,0.31150053021649043,0.13078070182884668,0.37701301640078644,0.16260578004208262,0.1913641823137032,0.10546770422639394,0.15520961770613909,0.0971034099623168,0.07089588705216532,0.2996892090107477,0.29794695533572274,-0.062105037812609114,-0.28873626783696,-0.08446022444195143,-0.01380047128026475
-0.009270769212051343,0.34001726260801973,0.15939459537375264,0.11715444248731455,0.3262150099910587,0.313588691042573,0.2540827186647467,0.27961221475443937,0.31464493217141903,0.1810774954969204,0.19146123461050993,0.23035793905126822,0.13034974203169364,0.231594681559358,0.0994339581407734,0.044477038816586885,0.0943244985344774,0.36856369981788584,-0.21057187122592166,0.34591491950603104,-0.3516186338689919,0.15811711260440264,0.31140088542218863,0.07716485015485192,0.20301550889272008,2.227996854413971,0.1409780349826788,0.43478960849513026,-0.13076655285422426,-0.6648266519039363,0.16671912563815894,0.32611029209881626,0.1104434952382294,0.2537242140821762,0.16593528222060053,-0.03753142153889803,-0.2909383149391416,0.11619813969321248,0.3956421282768198,0.32179084736581265,0.20268222640399466,-0.2818523398197477,0.09225550908126716,-0.02532214743421135,-0.046560443281869576,0.1211207237264791,-0.03518707535087204,0.009342674007412694,1.6802747380888035,-0.21674465681488278,-0.011960454607738888
0.1965430727415975,0.1829721604406518,0.14301709247617023,0.18995067474923796,0.18975653641937215,0.22398389114290554,0.17718330968597093,0.18986871108990871,0.12903984001878596,0.18337304367207505,0.19842069525766304,0.2482228964508113,0.10811637044963478,0.14565173209900936,0.16639669411979463,0.24776885652107403,0.22432678068921733,0.13441593598824295,0.07182033917871031,0.2803464751030238,0.12146900531377289,0.20840684586661717,0.044722344128463536,0.08591700585534894,0.16456790219385511,0.1409780349826788,0.6942463997707529,0.18431763258761485,0.1519639365086431,0.18132551222089932,0.15886219582141783,0.19764885173530744,0.10279413605714223,0.1725949740725208,0.22369749705372086,0.24103387788062583,0.2724266063998143,0.1606776855569404,0.16409575794800574,0.19704105464029625,0.15150934280448616,0.1297896949944876,0.37744599760672976,-0.0031269489735093457,0.3055526610640982,0.2190142838211788,0.19554571573924506,-0.016443596705364574,0.42623092547931946,0.014099803306458217,0.013570418348848305
-0.17237868540934484,0.28954502484545414,0.3722713914143483,-0.17898948806994328,-0.24008575822390182,0.022740920366163722,-0.030960625624896158,-0.12248174483936886,0.287870375161238,0.09905143472877254,0.10895445336705527,-0.20253801233126267,0.041712216878487196,0.21085602957295058,0.35098221881573644,0.11542676780460524,0.18083279200265698,0.34092825399474436,0.08584312592953772,0.16298363215540682,0.49399289724455375,0.2015561750457812,0.18677562504672293,0.17679237150585908,0.04730477671336458,0.43478960849513026,0.18431763258761485,2.982863380114257,-0.32067226589432873,-0.32022144737785335,0.33955325629458716,0.16742649810711605,0.5047591307098789,-0.16556114526546498,0.39133333228981815,-0.5106397838701917,0.6120075580975177,0.051543550405638155,0.2883974701627545,0.1808972694740727,0.6039950641255581,0.6160953016856113,0.5883812845535605,-0.055866930735810616,0.5351571071789523,0.13627134783760828,0.14324198070529265,-0.0028437153759580413,0.13680259362053795,0.046253836335448384,-0.03733804391297017
0.33260557601215107,0.3601868595620586,0.30855120612933407,0.35806479524914286,0.4166997724410327,0.39429475788466495,0.301351083024163,0.32729835401254054,0.11200187050075082,0.32579256853540606,0.2626160445704231,0.3500819335578326,0.13492060691681554,0.26628662369315664,0.23188963813200822,0.33822723692137036,0.34233877161996673,0.2913632954071041,0.07017838188419898,0.37902934181601633,0.11206670393627195,0.29822101393445655,0.63629259636129,0.32464423515786844,0.5828447942854152,-0.13076655285422426,0.1519639365086431,-0.32067226589432873,2.478822355983367,-0.14986159074702396,-0.17867937099820277,0.26426427194019714,-0.1220322248409695,0.7880633771825777,0.03148757197825905,0.8275895418007544,-0.12609830431461466,0.12946722792700943,0.3877952198531063,0.21792269034916387,0.02100179220636445,0.0029619124803503386,-0.20906015558648608,-0.08458219641371947,-0.1818017415687752,0.2861011052299001,0.18751208794848948,-0.04673723033621967,0.4941864210001073,-0.08601961115381243,0.014373715734479707
0.19910945046700862,-0.10811193451973618,-0.2952255773878805,0.03773351893274463,0.05382023780683614,-0.04706865905906381,-0.002458367143586409,0.015892843017805497,-0.0026039736888256587,0.10805021764842265,0.07273444122813769,0.07890362749378449,0.020171519200928353,0.13483381385008827,0.1408754499371876,0.11538758121202955,0.07051333558217511,-0.00012281767196152947,0.08063916865699604,0.20027983080494538,0.12491854987273404,0.09236517721402854,0.14656075742331637,0.6122027170253804,0.16465066440030554,-0.6648266519039363,0.18132551222089932,-0.32022144737785335,-0.14986159074702396,3.48691239966571,0.388803179608543,0.09229611393684227,-0.12079410637728881,-0.24346692227528993,0.24002736276587391,0.7057971769244311,1.0809304984336003,0.21732411582659678,0.013339393094922212,0.20324384157306216,0.4568511268922904,0.025024542322255226,0.5968715712560145,0.13898621637138875,0.7477427700744589,0.3955733289216746,1.2082546160271825,-0.05449646738716764,0.3644032375004108,0.06560834894335786,0.016082790622204763
0.10568972703267636,0.18282126448286734,0.1466828906187643,0.0304963284442137,0.1620682272249251,0.19967504544283526,0.10512235699863458,0.17894509909718326,0.17345002542456545,0.15290747578050987,0.17197288747247774,0.10234081883297323,0.08265060838935753,0.1792701378719433,0.15013703622754157,0.13758396458084973,0.14869678824038848,0.32215615076492277,0.24832977887809926,0.3649921502858864,0.22581322192275363,0.1657966141645014,-0.03468442245518572,0.6768063490762946,-0.036144715687123345,0.16671912563815894,0.15886219582141783,0.33955325629458716,-0.17867937099820277,0.388803179608543,1.5068657542064257,0.161546423555456,0.25157881223079076,0.23769567841475273,0.33883109540753076,0.46118719928129553,0.5211416315238503,0.26318364922257576,0.3548885180743167,0.10484091178379769,-0.12411213224153643,0.24317385587253174,0.21010202643583917,0.12573900609222738,0.6142405985981156,0.2702929391940997,0.3496264780020505,-0.004455378757266018,0.01595692146150282,0.049209046974849215,-0.03110833423267981
0.20124852784220032,0.1502733916335659,0.15347675397762864,0.25808277008774777,0.23150670340081164,0.20332140854454192,0.26678723821816497,0.15842687021448468,0.18193235411151126,0.16361643689724448,0.19211049697808721,0.27891469591776863,0.10359789787552794,0.4049111127385054,0.1623094825461639,0.2795586164406302,0.19459939604425877,0.15456960155543978,0.045370846348491714,0.22149646415794225,0.15439268440016055,0.2513754898360908,0.18512646002685287,0.2347672918271288,0.17846608730605232,0.32611029209881626,0.19764885173530744,0.16742649810711605,0.26426427194019714,0.09229611393684227,0.161546423555456,0.7020671844460762,0.19664345737803995,0.22181051991496767,0.05425532037378638,0.18877231555100613,0.10551352894822523,0.1448177029882585,0.1417541709225867,0.10620665527037342,-0.0042565368478696365,0.13092044191623353,0.2380680503223404,0.018055528038861512,0.17861227754718959,0.20269076011398643,0.22752791709622444,-0.027260045533859422,0.3735223841573052,-0.01717445844553749,0.0037927681968691848
0.16266249275305084,0.2092252619603596,0.2094205024583088,-0.013564836865523856,0.03295982460262156,0.01646006326827562,0.12779470635578927,0.05793099279717547,0.19462322759812564,0.10957560651685026,0.10424816697024127,0.07071530682596042,0.07429081620298465,0.12550710303472157,0.11164902227060486,0.0760961211013609,0.17503873594762417,0.23212200795535637,0.12610581419050862,0.1306690503092247,0.09717701602772873,0.15607302490112127,0.31374577925564023,0.3017888009469466,0.09544379389696277,0.1104434952382294,0.10279413605714223,0.5047591307098789,-0.1220322248409695,-0.12079410637728881,0.25157881223079076,0.19664345737803995,2.5914843279427413,-0.04093914124000109,0.02747357963204335,-0.25393643935356786,0.6659012634260543,0.0933529725217474,-0.27350310249616566,-0.06013855570264425,-0.8077836484370746,0.10580651663273652,0.08555601326711845,-0.029217021373054586,0.0673240446721772,0.28508833387928434,0.29183415891523423,0.09031083987779967,0.19271490307804195,-0.02910092349271606,-0.0854806771008803
-0.4604556509740258,0.1926043200649058,0.054557977961331904,0.42084256695461764,0.5585429848951559,0.3713033832117943,0.2905461607318505,0.31740444896635395,0.06554483368405273,0.36986923460642257,0.22231851670553493,0.32082221442101705,0.12148725407775493,0.2146208104757871,0.19663144969401086,0.25324000094642535,0.2691386457962514,0.2894960616262833,0.2150496518282929,0.4275604646664664,0.004203409659777421,0.1873992578515827,0.48324707603300815,0.4726595938560653,0.38316664055191574,0.2537242140821762,0.1725949740725208,-0.16556114526546498,0.7880633771825777,-0.24346692227528993,0.23769567841475273,0.22181051991496767,-0.04093914124000109,2.279418675746817,0.018782534748173527,0.526145663724167,0.3599231331647765,0.20352942218376843,0.7734217280711788,-0.0958625127908166,-0.26358698230031646,-0.03137418270875491,-0.03845444533477596,0.24620882877671882,-0.23796116895070407,0.03070351093369716,0.12788199808769551,0.012657803814510345,-0.08865315166828894,-0.11577373009364456,0.00590030725890856
0.08299405753612256,0.25971929614220685,0.2794900913424363,-0.4988741140127138,-0.22241832319784072,0.14063479411815288,0.15134363485977795,0.22653001909732914,0.0940243093194496,0.16989241517461598,0.19310796145779796,0.1662056386936478,0.10501830570746613,0.1661009813992318,0.16224021637732866,0.30425750526584744,0.19018515892845927,0.26581531260084196,0.12723976815536883,0.128303019782674,0.36125357638436667,0.1849536900964235,0.08221461312508273,0.1199045657258998,0.22402256926005149,0.16593528222060053,0.22369749705372086,0.39133333228981815,0.03148757197825905,0.24002736276587391,0.33883109540753076,0.05425532037378638,0.02747357963204335,0.018782534748173527,2.858457370448163,-0.20500380633898388,0.5340502439550342,0.09048521972389663,0.492164634216523,0.841289930586881,0.2643219082453491,0.3826909216493223,0.26151700381727394,0.11138949319576688,0.8304809472670227,0.31823670488941985,0.3727970537584021,-0.06043910414108375,-0.3642671978940402,-0.029482744946787997,0.02353350532151667
0.13387279873754973,0.17765979032639387,0.23195191897031842,0.2599242229688824,0.2731077779339158,0.16909055029817838,0.2458937888030446,0.15597995096505793,0.09580338389449108,0.2227981379670005,0.13706819474450363,0.2917359870596713,0.08755947991653372,0.14795866316376308,0.11298890723108808,0.15415577602051989,0.16348927303326205,0.12163350881612459,0.12895610389572337,0.24256022782401204,-0.14069667048847026,0.16546354091287369,0.2707163416131963,0.6000814997274918,0.2304301556092862,-0.03753142153889803,0.24103387788062583,-0.5106397838701917,0.8275895418007544,0.7057971769244311,0.46118719928129553,0.18877231555100613,-0.25393643935356786,0.526145663724167,-0.20500380633898388,3.3058534248421267,-0.16205491469968583,0.17673036187924634,0.21317864988563495,0.13852586935823516,-0.05626444118018642,-0.28466578964953587,-0.5329583157891533,-0.04643773768888937,-0.13044170316433962,0.5946434835164067,-0.0026714773805183766,-0.01629708443382207,-0.16761604866725,-0.02151446692972406,-0.02579318854042906
0.24698820551681666,0.4061994040693452,0.20922413161216932,-0.003363445463474247,0.19240966742306134,0.2330187931865524,0.127326466422853,0.24364126819753215,0.1430687681228588,0.23694413923310909,0.21554519520401888,0.11573753365759944,0.08085960415403012,0.2301238541505161,0.2379671196690844,0.243717014642262,0.31325739246752754,0.34714266879101185,0.25702425314755567,0.618335098757843,0.376011124507112,0.19796145106495497,0.21921518419273373,0.3918475234044991,0.31150053021649043,-0.2909383149391416,0.2724266063998143,0.6120075580975177,-0.12609830431461466,1.0809304984336003,0.5211416315238503,0.10551352894822523,0.6659012634260543,0.3599231331647765,0.5340502439550342,-0.16205491469968583,3.549300413802418,0.4522652531015011,-0.19486407542351572,-0.002590822203892479,0.3132848208275724,0.37006579965991687,0.6380096243750302,0.07126380312100654,1.2536400571117945,0.3631716748347741,0.7844379875062711,0.0023714101927959606,-0.34062072638073,0.06363553462292101,-0.056154347174812345
0.14364219911766693,0.18211274697781796,0.0776987691410803,0.10114587033662283,0.13497349737852576,0.2091422764961496,0.06977157981978613,0.1932482011370867,0.07076380426516378,0.09784909629917468,0.13276216847744862,0.09270407662193964,0.05341903922528411,0.1472543604906136,0.12841468568041742,0.11260961770140436,0.1423876005588743,0.05415190681179811,0.08456943639481283,0.6732069820276988,0.054091849903142336,0.10309034415041471,0.03716383994051766,0.215421216882887,0.13078070182884668,0.11619813969321248,0.1606776855569404,0.051543550405638155,0.12946722792700943,0.21732411582659678,0.26318364922257576,0.1448177029882585,0.0933529725217474,0.20352942218376843,0.09048521972389663,0.17673036187924634,0.4522652531015011,0.7069599630194602,0.20848847923658143,0.24497293198345063,-0.058494376114718416,0.01884836448987733,0.21861768308047735,0.08353176947945747,0.45744983943110684,0.2133665772227149,0.1545409172377388,0.004768366493738274,-0.06189824348378313,0.04821559470901163,-0.014936957388060133
0.040698104759349096,0.25713606542266393,0.09097833645594214,0.14898363744797669,0.37872581114020487,0.36931118265117874,0.1977835582047001,0.3082066002213774,0.11959421660419524,0.3009197906729585,0.22768484534352393,0.2569254428950378,0.10359815855292505,0.19396727607345043,0.2278243835411188,0.20778220395078584,0.26201247836119423,0.39594958694510285,0.3367919926477978,0.522005208085801,0.1734439917389289,0.2218544730154206,0.5366040075690277,0.3711829268288153,0.37701301640078644,0.3956421282768198,0.16409575794800574,0.2883974701627545,0.3877952198531063,0.013339393094922212,0.3548885180743167,0.1417541709225867,-0.27350310249616566,0.7734217280711788,0.492164634216523,0.21317864988563495,-0.19486407542351572,0.20848847923658143,3.180785657941465,0.7445553927141345,0.23113220444719318,0.15800294978187202,0.0970526270971373,0.27111356406869364,0.44966558823369396,0.2577123710658448,0.20551065811435726,-0.08998885444070383,-0.13084041241469926,-0.14380602358177752,-0.03818124010742884
