2.3248109772206993,0.47051553006122504,0.9996795628774666,-0.3576627987332337,0.32052744740192207,0.3281972548107052,0.5404978055467031,0.18056342615556648,0.5459515050819003,0.29875715191626767,0.33732918353715174,0.3901460922064657,0.2550621961447167,0.5050891760498941,0.3856342871038292,0.37449782996050807,0.3800657925026245,0.42918053084871266,0.22552694183994804,0.31027188579703235,0.31896509654897637,0.46330601690417633,0.48272387929531646,0.2769066255754371,0.4323082911993182,0.4877515497880111,0.3175357448981255,0.16575460326101932,0.5707543239776613,0.42274380328385003,0.26592844586731235,0.463864076981661,0.4323302270434618,0.5149791176261017,0.6152431787429135,0.18596743370423746,0.23233353552916985,0.17180044440077438,0.30313244633390646,0.3738743227230211,0.11911666586305761,0.3380289455832953,0.4561098037734905,0.031127990920918655,0.3903633978528449,0.14437956027044635,0.3982642873389982,-0.0007238596734824582,0.6051760190345695,-0.01661179578476824,-0.18578227514459764,0.12588492470493606,0.1783186556042498,-0.05644512126241986,0.15145803363481758,-0.0031882474132840363,0.20415659403472283,0.062352668766702306,-0.31487308787445767
0.47051553006122504,2.306845735523023,0.9014489793814189,-0.19171652675892586,0.21976032449599764,0.33540999779502645,0.1655013396395285,0.27943750215005,0.2211989491865709,0.22812289375346312,0.2275968246036698,0.20538132406171317,0.1842189252507692,0.03206491163431505,0.4153914743414965,0.11261534025313139,0.26372337805765755,0.5189970898295229,0.27923053082309574,0.25760941248649877,0.2433113486637053,0.17497715270099165,0.35315494831905253,0.017183509435583853,0.2625608113696664,0.16211578917393907,0.1695978792753193,0.596712933692552,0.3576453063084841,0.3072832619392935,0.075882940720974,0.0699085445551657,0.36719340585945415,0.27533535077788035,0.33784564134096157,0.02414911961008018,0.6765942706150712,0.11135758181367171,0.3017757348213132,0.2387379661417337,0.18912620201383892,0.24918259454617933,0.31354466901497785,0.03927283150866451,0.42048232005140285,0.05968961505189849,0.3705185763829424,0.017253832249854936,-0.06423526217368179,-0.15779062072991834,0.21836096108055442,0.38398557741021905,-0.1211330001488894,-0.1501029052349206,-0.269160449145385,-0.2669405610328662,-0.5506989074173415,0.400120941455699,0.49298348462417935
0.9996795628774666,0.9014489793814189,2.45980312653214,0.36506903680087327,-0.11417153938263565,0.512990092863683,0.5405988498881065,0.4525465788284891,0.7734230888223196,0.4586705454806076,0.3937626082360828,0.42503679134434186,0.28537681168101425,0.2586296997294037,0.4840949708075788,0.30369405551302775,0.49150178745595885,0.5563096838893974,0.3103349656091349,0.33744900603306244,0.3870711118569616,0.5100214238726369,0.5320075665407691,0.2549295879125325,0.4053797871301427,0.37641680609458966,0.3309460813869566,0.5626772200424125,0.5169420583142312,0.593295072035113,0.23426767849632157,0.32366206523636065,0.5706106998686178,0.49065086538408237,0.62963100240015,0.31404321153975534,0.46091985742176267,0.1381771211586446,0.6583989821906727,0.3864843534745655,0.21995368343552985,0.3923134464129038,0.5039911965273358,0.1098960577661704,0.5204748648658469,0.08016539245056142,0.5825819941278514,0.0013111815762876459,0.41943743351051077,-0.030878473971616794,-0.05237119464496749,0.5692038659152996,-0.12439929729766563,-0.2547885996164125,-0.0013965809960315493,0.02668562641272462,-0.07588169060232658,0.07775186361653724,-0.18006699517861452
-0.3576627987332337,-0.19171652675892586,0.36506903680087327,2.690366184667134,-0.08330789830822534,0.33203627199075403,0.6155077640092015,0.3871486672517939,0.3579346760025195,0.3652053648570197,0.36056919634384677,0.5692748836609335,0.18531626096281756,0.6584118599601181,0.11532086073574455,0.5697632804738805,0.47030212694326695,0.1876589132215043,0.14394317610187157,0.281651061779667,0.3164942923000338,0.45218486542529174,0.047693144861556055,0.12178018302442216,0.37262732460703585,0.48021898201697244,0.38577232527979266,-0.08073012208591879,0.5193181809360121,0.28230601496774826,0.24121273081077466,0.6081668338562607,0.3309619831553491,0.3312112130899885,-0.228512638979489,0.6499829493192218,-0.2035194404822613,0.15342493968412893,0.36496730109701175,0.1401577749098594,0.26828054226171755,0.266281052428659,0.304556615425401,0.20526624125973375,0.28433754430911734,0.056124741338035446,0.28782621711588147,-0.003877455756961636,0.1369877671373497,-0.28824086559086565,-0.00446123536020921,0.16557449425870707,-0.026466503545287873,-0.062392874612442674,-0.4400055243040325,0.1858352878426958,0.13283124381978553,0.5112526042922062,-0.7109225809311647
0.32052744740192207,0.21976032449599764,-0.11417153938263565,-0.08330789830822534,1.245418176287057,0.24374170379418922,0.07698489707811391,0.3016816916383703,-0.04829223031400358,0.13358612312575505,0.19446882412753427,0.18561810714770532,0.16632867482794123,0.173273543962301,0.29663335911425265,0.19433669084620833,0.14880228069106866,0.17589950753428651,0.5171321700202657,0.23720176678972524,0.11548923118961892,0.09146198013370557,0.16101116888969114,0.08901877534935625,0.16139589108187222,0.289512055534677,0.11800415012305726,0.14419527441583055,0.08578748843247785,-0.20248765735729923,0.17390282475425023,0.1316189901918279,0.13994432373071497,0.24915795520696354,-0.16743788398328574,0.10507822097550727,0.27166142336537186,0.15736319063972373,-0.03461222975759667,-0.03582022650688595,0.20512285110645725,0.12982671141641922,0.04121396330039313,-0.021517819788293587,-0.10384253968273348,0.2295423386102066,0.007637225336456154,0.053531041755176575,0.11051557568928852,0.2991314546395721,-0.03581071344619892,-0.18816346952294244,0.14922715551359728,-0.14783546857588242,-0.01962736603931149,-0.20022609181187448,-0.15815069807787302,0.07717530425058669,0.3214949532301533
0.3281972548107052,0.33540999779502645,0.512990092863683,0.33203627199075403,0.24374170379418922,0.7325642101688549,0.2547410380216456,0.3829588971370157,0.2260684873485086,0.21810282443785425,0.2955224177356862,0.3058578801569795,0.17358939060760742,0.20304399785602495,0.2843418788905763,0.26007227078863004,0.2921046966070665,0.24991529806532478,0.43341667675100776,0.35749040413868743,0.21310199576766967,0.2512058613600319,0.20472803580300072,0.1384595566168134,0.3255856703064877,0.3482276056337702,0.22188931704696896,0.1888471407003708,0.4268315880087681,0.21210902455559838,0.17320319325475447,0.23486523360977393,0.19519678036232674,0.2913346192848156,0.3139825605460921,0.1730719198573008,0.2237623814628524,0.16765642026895688,0.2669854456724912,0.19712866963511794,0.15067897825079837,0.21053553248531567,0.293278637928623,0.057374908712319324,0.2215896300374939,0.05982015627714333,0.3576688224365009,0.022417005667494924,0.3050132968892845,0.13185358955577156,-0.22218810029736943,0.23319234466756167,-0.19621393767157316,-0.05456618285520242,-0.09013081648879194,-0.02328129872855074,-0.0625199699484834,0.19614499912855926,-0.13044645586812206
0.5404978055467031,0.1655013396395285,0.5405988498881065,0.6155077640092015,0.07698489707811391,0.2547410380216456,0.6102158335829535,0.20981551265593384,0.3793866484879402,0.279048937491091,0.2783627629738862,0.37863806625240387,0.18050804078923777,0.24314628460251778,0.2031709132869918,0.2965159039391967,0.3182627061168646,0.28564296534538,0.11693854899653411,0.11139328851496685,0.2430043886008016,0.3345138237858248,0.2613138135042337,0.15422988851768973,0.29626403085116876,0.28506195728857264,0.22550350356110044,-0.038637222156169486,0.4271670688484774,0.2537116793724762,0.17481260243804417,0.27103831313200344,0.3024504920181269,0.34562460230870523,0.24042428904041652,0.2925871607718368,0.0407500240562162,0.06385289786548962,0.3691777992758679,0.1746721871868718,0.11750071174870212,0.22108559029697158,0.25389167986300726,0.07140930010140782,0.21051439083247797,0.06736873885327616,0.21789785964669464,0.0003943378638639593,0.3440403739269394,-0.04515990555434422,-0.11954715891798737,0.1570329824408945,0.03273348721072984,-0.09700401744312012,-0.03695234232868834,0.1346060482177648,-0.016340704315255614,0.10880108616430269,-0.31343415227921784
0.18056342615556648,0.27943750215005,0.4525465788284891,0.3871486672517939,0.3016816916383703,0.3829588971370157,0.20981551265593384,0.9516428299301916,0.05390440999576222,0.22804610307756343,0.298830939426965,0.1520564141269475,0.18256332318958937,0.17193804493840495,0.24956385349572613,0.2175767642693579,0.2932782215589842,0.3336589662109402,0.37250819812739344,0.39039950028682674,0.18103938434287647,0.1583507721142364,0.25063169905384963,0.10823377198086209,0.326138149906655,0.32944735198043,0.19675843051837263,0.41177103435390683,0.2630269045688812,0.3027479044290306,0.1647248401894895,0.18405683719106142,0.21416791615700587,0.28143696741594837,0.3873847787996986,0.0867794873471499,0.3163433097138261,0.17529820958057946,0.34889484210547445,0.22988675704042605,0.14204643885515336,0.19338608534999915,0.3301154465784242,0.07706918958298928,0.3237807454008272,0.04811933114285426,0.45619297428222066,0.053042059847874995,0.1778166635070573,0.12216567875977181,-0.07748710448088102,0.2510093671656443,-0.058854081321279186,-0.1472302887117221,-0.048935087348834,-0.02932212295704073,0.038484812119971776,0.17259758922804538,-0.19867724251300928
0.5459515050819003,0.2211989491865709,0.7734230888223196,0.3579346760025195,-0.04829223031400358,0.2260684873485086,0.3793866484879402,0.05390440999576222,0.8695961191864029,0.266414610326086,0.22077982212117034,0.28215430697262284,0.17668982692550686,0.2845970126155509,0.1354962748896609,0.27278108197369516,0.343664804308931,0.3124261536779499,0.03874378756696057,0.1227357681414341,0.2807853715735939,0.5159515715448603,0.3509105318334242,0.23362703824268924,0.21613014904969313,0.2941133815954218,0.21664921961384132,0.11619221326045057,0.3974256380579537,0.28404811230580923,0.1726183151333261,0.296349106190669,0.41142580646953353,0.41386897385137655,0.2941705835720875,0.2304870360870056,0.2132646310188134,0.07263209114505617,0.4007053693449074,0.1929172740874746,0.1251511448026018,0.2640851093006764,0.3252758450379267,0.07664896584264831,0.2580408683851775,0.06719985421069241,0.2978129248052219,-0.08101593091570969,0.40038019395695124,-0.02498597382466488,-0.13281347727998744,0.1299150021892703,0.029196520676957348,-0.06203267925602236,0.13123949105017224,0.2163473331807862,-0.07892318174730646,-0.1331347520732668,-0.18996005178944964
0.29875715191626767,0.22812289375346312,0.4586705454806076,0.3652053648570197,0.13358612312575505,0.21810282443785425,0.279048937491091,0.22804610307756343,0.266414610326086,0.6023447608022618,0.26922067494844865,0.2800602721910319,0.17944552846440964,0.17628065159878192,0.27551397304488706,0.23028906622942857,0.3183607746073143,0.3116627602181308,0.14769291644141452,0.24063367049898948,0.23446553870020173,0.24452278868646704,0.2839197452085371,0.19349112406368146,0.24520623443339512,0.21562620431310756,0.20837482686706543,0.20048330528692274,0.3300304691334332,0.26356485670775587,0.20613912681452629,0.2026078813579969,0.2590151086819674,0.2996228866927974,0.2856005983855388,0.19738522538742914,0.2587184357305556,0.11950860118801501,0.34972024093988163,0.20742379163357139,0.16129806418445536,0.2249822205488151,0.2659472794292107,0.05080328748177434,0.304342066805939,0.07437411388098816,0.3027957491403487,0.02371397033995399,0.22968686580186506,0.0023057163405248503,-0.09588376982878612,0.17214356336435752,0.04266834070392629,-0.061288000851474025,0.09962595130975535,0.0421535196890622,-0.029535576511086143,-0.03570806464743444,-0.11094104850360921
0.33732918353715174,0.2275968246036698,0.3937626082360828,0.36056919634384677,0.19446882412753427,0.2955224177356862,0.2783627629738862,0.298830939426965,0.22077982212117034,0.26922067494844865,0.4292234505704678,0.32796168187767744,0.1846827459956203,0.2321700036843913,0.27993105388889594,0.2765056029886638,0.3690486194319685,0.2604685331487821,0.2182574146831293,0.311825248005122,0.22587872958788913,0.2535626956553908,0.26239463792753637,0.18397733841317243,0.2916168093485122,0.2705690649067012,0.23281291199535475,0.1749443649843838,0.3809055314725248,0.2348689543073554,0.1946243212173336,0.2487332834399776,0.26490794510138277,0.3429607721081199,0.3304939101691271,0.18839203317957787,0.1898245069403113,0.14701106957008364,0.30756803705216124,0.24102263577221913,0.10433941763840655,0.23288711446483734,0.28758559032645664,0.052219595902659996,0.3457820423161603,0.07629328036655329,0.28474868854221685,0.019697243921046628,0.2029739426949879,-0.016873471567711067,-0.0781620759553366,0.1723167487832095,0.016307219485757352,-0.04928336405332383,-0.050540044448985744,0.016006030221391843,0.01679619789035142,0.14209608469699672,-0.20541993723219906
0.3901460922064657,0.20538132406171317,0.42503679134434186,0.5692748836609335,0.18561810714770532,0.3058578801569795,0.37863806625240387,0.1520564141269475,0.28215430697262284,0.2800602721910319,0.32796168187767744,0.6666693475910789,0.15389508802065555,0.3033117491323214,0.25799655934022825,0.34201925218703966,0.3509530265301939,0.19666258065491968,0.2094766527655102,0.24083170846303315,0.24180457159990162,0.3056082415735594,0.1939776801825862,0.17347488653872975,0.35004283535311714,0.31144647483545845,0.29731980641221184,-0.07370601416785416,0.49731097515863093,0.2466876290304834,0.19415557299490455,0.33823495597134895,0.2688464580272076,0.33204771416863993,0.33056453287378024,0.3569720788895932,-0.06384444050562846,0.10702383110386962,0.31640910116377885,0.2647689401927929,0.05107736571039232,0.2360479178812622,0.26027697946056083,0.0656521739832236,0.3245627304353741,0.029257430097694583,0.21158173396872876,0.015391103192012546,0.27388976433672674,-0.19306763194737855,-0.032381051210996596,0.18571509219486804,-0.08033211527781622,-0.009442723988327798,-0.09995871727621491,0.06567210804670905,0.027051317902384613,0.18295018397403343,-0.3461154871453833
0.2550621961447167,0.1842189252507692,0.28537681168101425,0.18531626096281756,0.16632867482794123,0.17358939060760742,0.18050804078923777,0.18256332318958937,0.17668982692550686,0.17944552846440964,0.1846827459956203,0.15389508802065555,0.3806080511715108,0.13938161114997513,0.12622448986800505,0.17453428101357948,0.12965428757529027,0.17898859995305896,0.1454673187338849,0.08533344049779092,0.12331797576549715,0.17944666518910704,0.14672462402665323,0.08869988764227484,0.1499426046758841,0.143986974235242,0.15954401912926475,0.06693177137786396,0.22896513675590877,0.1805873719766541,0.10724728580432696,0.1647933057624641,0.20522324185061586,0.18118971158243366,0.15929010946254313,0.10556335423008473,0.11132103787851047,0.045121887655966475,0.16136244701398322,0.12992393311586453,0.08681948153930719,0.1302650228377746,0.17663878835795918,0.05594232956926502,0.09134016055365472,0.07074344088004196,0.20001689333093708,0.003313907611990948,0.1499955207784277,0.0933701102547848,-0.019951792867174262,0.013930875092853613,-0.05548812715461089,-0.04238793260280131,-0.06810342545359657,-0.014789063641231526,0.0018832105542980837,0.150808530234564,-0.09524392037200048
0.5050891760498941,0.03206491163431505,0.2586296997294037,0.6584118599601181,0.173273543962301,0.20304399785602495,0.24314628460251778,0.17193804493840495,0.2845970126155509,0.17628065159878192,0.2321700036843913,0.3033117491323214,0.13938161114997513,0.6635294733554968,0.1581510129569398,0.40736166811068575,0.32967990750456383,0.1255356073110103,0.16395944491848732,0.3547952258825652,0.23254635843257265,0.34182874965337356,0.10678024277288571,0.16431671204926063,0.2866788661892609,0.4677351212982936,0.2894739610828026,0.10214673720657429,0.39589781522996215,0.2704432767638913,0.2045894309364816,0.5369750185227251,0.27365986735423303,0.31707340979332127,0.16464932221786893,0.296862873567701,-0.006070094712382616,0.18869810243657648,0.07452159859216585,0.22073914375157794,0.1566985037658724,0.24685500112515504,0.31248922254624634,0.07354608256272753,0.27170981647542064,0.06172963356097883,0.2625488791650762,0.001656389743922418,0.26523949290114984,-0.13509883860636704,-0.09093408303538672,0.023865172419354302,0.13827346649541747,0.016276424578139066,-0.12316129797697421,-0.001993519427497268,0.20070675891357803,0.2165690822611322,-0.3047405394854175
0.3856342871038292,0.4153914743414965,0.4840949708075788,0.11532086073574455,0.29663335911425265,0.2843418788905763,0.2031709132869918,0.24956385349572613,0.1354962748896609,0.27551397304488706,0.27993105388889594,0.25799655934022825,0.12622448986800505,0.1581510129569398,1.006523628550412,0.16267612138370247,0.24878228177874454,0.32265940308810664,0.27970968298832743,0.35592620063949854,0.21710156342443157,0.14780667916977597,0.3023253390409971,0.23558882790280056,0.34543374901952534,0.3356088681353388,0.18982820676655573,0.49578393118687575,0.295858874480224,0.22834886374644212,0.2216454107246326,0.14446394606565754,0.20750511603179975,0.4030916768349701,0.3148718301191665,0.15100188511931545,0.3120988465564314,0.15337014348861502,0.14866603901782252,0.1529342602575093,0.23673134093506684,0.24122780647484382,0.31053821449000885,0.028255419374804944,0.18950048539663655,0.07011957191164239,0.28041981241307984,0.06524450121379821,0.17837930522702147,-0.06807798956436449,-0.17697943977267994,0.27842629873759017,0.1330021275427207,-0.0822929066862738,-0.0032787849872986307,0.10608060848604202,-0.2118480284415437,0.055392568174854884,0.07431229354318758
0.37449782996050807,0.11261534025313139,0.30369405551302775,0.5697632804738805,0.19433669084620833,0.26007227078863004,0.2965159039391967,0.2175767642693579,0.27278108197369516,0.23028906622942857,0.2765056029886638,0.34201925218703966,0.17453428101357948,0.40736166811068575,0.16267612138370247,0.5641763560907785,0.3726521246985063,0.18307337501312979,0.19660648910699818,0.25978933258885745,0.23439765400913073,0.39253303956180713,0.17816243547586086,0.1641943704841319,0.2949076391301466,0.3745737922189295,0.2867596470264899,0.152554161834637,0.41941726589128747,0.26758442140065,0.17416873005573677,0.3859534049153688,0.28503891627974987,0.33222594285619433,0.2965999899079856,0.25525855958466726,0.0384288089075236,0.1324925289968638,0.19012129108602718,0.24112524022830784,0.14619139681245844,0.2568758875074001,0.33038419927433516,0.08043031438857975,0.25206192364105706,0.045968017265161226,0.27501307907661837,-0.02586679718723851,0.3438000314014908,-0.1330612641965455,-0.10833530665701392,0.09300581256932752,0.0027084905448437773,0.004467047252990184,-0.12141947250057716,0.039039487570464694,0.03983084701462956,0.27685935851516236,-0.29969925856532903
0.3800657925026245,0.26372337805765755,0.49150178745595885,0.47030212694326695,0.14880228069106866,0.2921046966070665,0.3182627061168646,0.2932782215589842,0.343664804308931,0.3183607746073143,0.3690486194319685,0.3509530265301939,0.12965428757529027,0.32967990750456383,0.24878228177874454,0.3726521246985063,0.9221887186835669,0.28722258117981164,0.2119981149367068,0.48030548361200937,0.3303941936446162,0.3947383456058079,0.3910382200925513,0.22348027746855192,0.3484559461080043,0.270678136776709,0.2803616870317519,0.2595988273460587,0.4731011572873765,0.34440065156582733,0.17919740432550646,0.3218020021540513,0.5223149872851307,0.41599462068620935,0.36497526618462706,0.10675830868607225,0.4839039718961416,0.22181450680223197,0.48593036741158463,0.3235554730246185,0.19574498432342644,0.33334171983037103,0.4263565995204454,0.06866684183681877,0.5433122130838259,0.06283300276078818,0.40322636437883436,0.03214929161407736,0.4471743005311575,0.11313332206861096,-0.16420736744535086,0.3737793161489422,0.011076843111841265,-0.06534887645794447,0.007556826298927828,-0.042356996134750184,-0.03850281372559968,0.11824194141338012,-0.08327117324918952
0.42918053084871266,0.5189970898295229,0.5563096838893974,0.1876589132215043,0.17589950753428651,0.24991529806532478,0.28564296534538,0.3336589662109402,0.3124261536779499,0.3116627602181308,0.2604685331487821,0.19666258065491968,0.17898859995305896,0.1255356073110103,0.32265940308810664,0.18307337501312979,0.28722258117981164,0.9011346038835154,0.17190015888874038,0.050605094442194534,0.22431696681479144,0.2581602751177946,0.6752564586329696,0.15929800239646358,0.30579263230338216,0.32776661254144207,0.11225192221194195,0.40154365599731245,0.373806450455538,0.16468320097117822,0.23820675447963433,0.14195347808654593,0.24608543763940638,0.47029619432027014,0.303245315182458,0.15042941368484292,0.3193631334754576,0.03903365313637066,0.27511565609783084,0.21812644329539976,0.2538857585985851,0.204425366757314,0.3986168103124027,0.04413375976791115,0.33305008576066675,0.12367475412824783,0.514011104861028,-0.018682207039217136,0.10363850621322748,0.05118474967537003,0.049853338211434374,0.18411577230527604,0.059738660720160354,-0.11495679008373641,-0.03074533094866692,0.08453092879174817,-0.028553022116610913,0.2059553272466026,-0.24551867491494722
0.22552694183994804,0.27923053082309574,0.3103349656091349,0.14394317610187157,0.5171321700202657,0.43341667675100776,0.11693854899653411,0.37250819812739344,0.03874378756696057,0.14769291644141452,0.2182574146831293,0.2094766527655102,0.1454673187338849,0.16395944491848732,0.27970968298832743,0.19660648910699818,0.2119981149367068,0.17190015888874038,0.9330538530900728,0.29173005073028296,0.14242702565201287,0.13447212697369626,0.09203691911744397,0.09336583396978392,0.22673766624723588,0.24063546790309998,0.14920264980150583,0.3336774677018546,0.11773242879346557,-0.00020285262293081918,0.20781935567168838,0.1766351680849139,0.19553189691803072,0.19688007661132167,0.08715232102661498,0.1611281161285631,0.1253256150861537,0.16177132603753427,0.10231214013872243,0.07679809034383307,0.18165210198584075,0.1510344058180109,0.1270674163482373,0.025967732914311575,0.15745115940312443,0.14562905291272474,-0.0014769993903038378,0.04697485307560474,0.08205782916065116,0.10716558555236269,0.2017889031773858,0.3609938257077287,-0.33111925997644726,-0.2098577398685518,-0.06631817953929149,-0.08280642109573975,-0.057658687995037906,0.1244150432848124,0.016470249700639237
0.31027188579703235,0.25760941248649877,0.33744900603306244,0.281651061779667,0.23720176678972524,0.35749040413868743,0.11139328851496685,0.39039950028682674,0.1227357681414341,0.24063367049898948,0.311825248005122,0.24083170846303315,0.08533344049779092,0.3547952258825652,0.35592620063949854,0.25978933258885745,0.48030548361200937,0.050605094442194534,0.29173005073028296,1.7309987068764485,0.2578236184606886,0.2429166103872782,0.21034102743351651,0.2863315966086559,0.2873495605684756,0.6151703883215325,0.4191157446666492,1.180634733351812,0.13530383337437538,0.20182480250090545,0.16461548789297353,0.30186145087322863,0.277331281601906,0.5265627056765229,0.4431375252722461,-0.0900444205995164,0.9991421450813427,0.7155624505765306,0.0098280320065911,0.36747766970075635,-0.1386914616200728,0.42415255385780926,0.6493346166403237,0.041892356670029385,1.1424393653242626,0.10707289553120716,-0.06044097734719402,0.12635240967769376,0.31987886499302853,-0.21154684071510566,-0.10764944430529479,0.10365360588828365,0.18419555363067527,-0.04824212281288027,0.03900288018807316,-0.010091574594460164,-0.021319613817116955,0.0037194406499604605,0.04278719031373558
0.31896509654897637,0.2433113486637053,0.3870711118569616,0.3164942923000338,0.11548923118961892,0.21310199576766967,0.2430043886008016,0.18103938434287647,0.2807853715735939,0.23446553870020173,0.22587872958788913,0.24180457159990162,0.12331797576549715,0.23254635843257265,0.21710156342443157,0.23439765400913073,0.3303941936446162,0.22431696681479144,0.14242702565201287,0.2578236184606886,0.6029084333860177,0.27547160057110315,0.15834815954123144,0.2161338663398048,0.21757112123122274,0.20627016828458733,0.1958159313509986,-0.1281994587694207,0.36702412805864515,0.4401062769689,0.26323643952678977,0.25746148813122327,0.44059923809901763,0.3042883408004589,0.30571008410035094,0.38442525061727756,0.28948566180364177,0.14840854923845198,0.6015076197781513,0.36243610228555756,0.3184715287966545,0.4480268119624597,0.447410128043108,0.08469978466309394,0.6704378313577187,-0.050228953578418147,0.36835144325808383,0.10343827916931857,0.21700229845471186,0.0740843499488269,-0.09809969390884149,0.12519627603721245,-0.05084132465819247,-0.053474108914950934,0.056289551219013384,0.0036843369894079005,-0.0938980937571515,0.040122570686483484,-0.06965435711978463
0.46330601690417633,0.17497715270099165,0.5100214238726369,0.45218486542529174,0.09146198013370557,0.2512058613600319,0.3345138237858248,0.1583507721142364,0.5159515715448603,0.24452278868646704,0.2535626956553908,0.3056082415735594,0.17944666518910704,0.34182874965337356,0.14780667916977597,0.39253303956180713,0.3947383456058079,0.2581602751177946,0.13447212697369626,0.2429166103872782,0.27547160057110315,0.6972173736813214,0.33508859768232513,0.21078950669098742,0.2636271683069647,0.3372231465113984,0.25845434094647074,0.03681500500341733,0.49784986171024154,0.2908312830120234,0.14495316808908282,0.35465184778445635,0.3863391942986269,0.4042397729191386,0.27739055789571004,0.2618415306736973,0.1551145758255439,0.13417046143084302,0.29359616395623983,0.2310718813000947,0.17862235271376775,0.2808148711324417,0.3641928973325848,0.09972108408086662,0.16698015995561322,0.12192982374578207,0.2883303051949485,-0.13651962739192386,0.6248051961457796,-0.04441646736840854,-0.13186427349153299,0.0622459946645732,-0.024221750712795066,-0.04393524723095074,-0.016372443270642,0.11074278663354015,-0.012679858034931074,0.10573392342332122,-0.23522009099406446
0.48272387929531646,0.35315494831905253,0.5320075665407691,0.047693144861556055,0.16101116888969114,0.20472803580300072,0.2613138135042337,0.25063169905384963,0.3509105318334242,0.2839197452085371,0.26239463792753637,0.1939776801825862,0.14672462402665323,0.10678024277288571,0.3023253390409971,0.17816243547586086,0.3910382200925513,0.6752564586329696,0.09203691911744397,0.21034102743351651,0.15834815954123144,0.33508859768232513,1.912759033395701,0.37622987360671295,0.38261877989090864,0.10290767235299082,0.12744130083193092,0.36578583536904247,0.6233250019149873,0.41209847803565475,-0.06010542940703521,0.08003618106881755,0.5129854129652883,0.642228952665132,0.40235714313510806,-0.03429596027481286,0.522482984655651,0.009257665904837594,0.39479257155870134,0.2726079217971971,0.31312568661071843,0.20656164930309473,0.40112063067354065,0.045353831668551225,0.011648670417594357,0.21711916051789565,0.5911326536924129,0.03126065906825614,0.6509731869396567,0.41959132718935177,-0.21517010566837852,0.1851929817747213,0.19478376744920325,-0.1837282408493653,0.08990692246682847,0.027972040946477032,-0.15281290753434637,-0.0511842926735875,0.1669005131915798
0.2769066255754371,0.017183509435583853,0.2549295879125325,0.12178018302442216,0.08901877534935625,0.1384595566168134,0.15422988851768973,0.10823377198086209,0.23362703824268924,0.19349112406368146,0.18397733841317243,0.17347488653872975,0.08869988764227484,0.16431671204926063,0.23558882790280056,0.1641943704841319,0.22348027746855192,0.15929800239646358,0.09336583396978392,0.2863315966086559,0.2161338663398048,0.21078950669098742,0.37622987360671295,0.8640039273141138,0.23368879737219062,0.033227770212213945,0.15827098449756413,0.3283152779200337,0.26223742181577425,0.18841910304698967,0.3625674111227877,0.16268914746893848,0.20202133582668205,0.3701852353034095,0.35898903648844527,0.2059039424839744,0.24952410640170358,0.1301537770598019,0.3306289612165872,0.21860642322105972,0.17381295047896092,0.207910911971938,0.13510493366303467,0.010995155305946634,0.2629428234059404,0.0727617059057673,0.20254612404681072,0.04699269288356647,0.39913857257681057,-0.05322366611396596,-0.03360815865205355,0.013268836104716073,0.1386494496282675,-0.04322121142254594,0.26640660369718744,0.08180319690021867,0.10177794508616098,-0.4950503026090787,0.09259494588758978
0.4323082911993182,0.2625608113696664,0.4053797871301427,0.37262732460703585,0.16139589108187222,0.3255856703064877,0.29626403085116876,0.326138149906655,0.21613014904969313,0.24520623443339512,0.2916168093485122,0.35004283535311714,0.1499426046758841,0.2866788661892609,0.34543374901952534,0.2949076391301466,0.3484559461080043,0.30579263230338216,0.22673766624723588,0.2873495605684756,0.21757112123122274,0.2636271683069647,0.38261877989090864,0.23368879737219062,1.4277912451053831,0.38098657367751526,0.23560976988895077,0.08982193024663869,0.8525543306653885,0.3683885725083004,0.2857776778885988,0.28676108113274956,0.22399525535468323,0.5514406169537761,0.5265623993874432,0.39420536049089155,-0.22342952470690108,0.14974337201369506,0.22167640605871738,0.24089263007877618,0.1746974068135895,0.22342657288308376,0.3719956107752794,0.08464764929074714,0.2731393643085994,0.10168653630115597,0.41978377737528866,-0.012427134416254385,-0.12077635388183498,-0.48558983175303483,-0.1782707896763362,0.26614150012031,0.17422833804472818,-0.05325815045288268,-0.04061171901900925,0.0413291852789192,-0.006405687063861395,0.15271577399867256,-0.22048437452909037
0.4877515497880111,0.16211578917393907,0.37641680609458966,0.48021898201697244,0.289512055534677,0.3482276056337702,0.28506195728857264,0.32944735198043,0.2941133815954218,0.21562620431310756,0.2705690649067012,0.31144647483545845,0.143986974235242,0.4677351212982936,0.3356088681353388,0.3745737922189295,0.270678136776709,0.32776661254144207,0.24063546790309998,0.6151703883215325,0.20627016828458733,0.3372231465113984,0.10290767235299082,0.033227770212213945,0.38098657367751526,2.047079177682987,0.3287630928249397,0.2006373564003886,0.5568053046976659,-0.2357759858562744,0.18325049195233986,0.5013487097057971,0.0740820841075208,0.9658434736230428,0.5041620862793076,0.4386051256469605,-0.7568136774763219,0.28877615534363915,-0.992139751194518,0.13110643473295466,0.05197823648760236,0.3061591405142537,0.49264245155494063,-0.02288931422890956,-0.05119105631616006,0.07718784425372717,0.028384053032287093,-0.02888350307863691,0.05586545713225679,0.00626369903032438,-0.4338108880283506,0.06934356845494266,0.06769130120244665,-0.05782587302183713,-0.21426741645704028,0.06875079414778919,-0.06716757490807229,0.3963738385880031,-0.22020852805521343
0.3175357448981255,0.1695978792753193,0.3309460813869566,0.38577232527979266,0.11800415012305726,0.22188931704696896,0.22550350356110044,0.19675843051837263,0.21664921961384132,0.20837482686706543,0.23281291199535475,0.29731980641221184,0.15954401912926475,0.2894739610828026,0.18982820676655573,0.2867596470264899,0.2803616870317519,0.11225192221194195,0.14920264980150583,0.4191157446666492,0.1958159313509986,0.25845434094647074,0.12744130083193092,0.15827098449756413,0.23560976988895077,0.3287630928249397,0.44680667417253744,0.18030643811702235,0.2812685662848908,0.1996917070776577,0.16093365549881772,0.32040380195147466,0.25957254260146917,0.32444495978865834,0.2670530873452989,0.2051853999566205,0.17206211120076814,0.18334422880883577,0.1571107210231851,0.22398233913972976,0.009758439667622562,0.23165937593644714,0.34596860151047765,0.06264556480724731,0.39708988547683616,0.035358977987136955,0.14988232129135173,0.03398071502978703,0.26244122227217115,-0.11060143861284634,-0.07354570443756372,0.14634816498064063,-0.026091026449576723,-0.018957217612965597,-0.05084850301374832,0.0345791051462327,0.07255857064772145,0.13633529371434044,-0.22446764408210898
0.16575460326101932,0.596712933692552,0.5626772200424125,-0.08073012208591879,0.14419527441583055,0.1888471407003708,-0.038637222156169486,0.41177103435390683,0.11619221326045057,0.20048330528692274,0.1749443649843838,-0.07370601416785416,0.06693177137786396,0.10214673720657429,0.49578393118687575,0.152554161834637,0.2595988273460587,0.40154365599731245,0.3336774677018546,1.180634733351812,-0.1281994587694207,0.03681500500341733,0.36578583536904247,0.3283152779200337,0.08982193024663869,0.2006373564003886,0.18030643811702235,10.731555820804292,-2.151410967813083,-0.07477948881413517,0.5420301217439513,0.019783213272717867,-0.04609257758588541,-0.19054698048918967,0.26124152631818887,-0.49266883359775,2.2655383661069326,0.5585625211567024,0.16877711711139276,0.10705937061024919,0.88219231058071,0.34513486972166446,0.21196392703304162,0.2465709021121463,0.7867105369604223,-0.1620557002715419,0.1407204721996903,0.1741215119709386,0.5810588091813755,-0.7851351601586116,0.27950674940023884,0.29807702990142343,0.5011877247136084,0.071068715818489,-0.01878939544101278,0.11734492290397862,0.027435746563551206,-0.07810407385307411,0.34048350688888995
0.5707543239776613,0.3576453063084841,0.5169420583142312,0.5193181809360121,0.08578748843247785,0.4268315880087681,0.4271670688484774,0.2630269045688812,0.3974256380579537,0.3300304691334332,0.3809055314725248,0.49731097515863093,0.22896513675590877,0.39589781522996215,0.295858874480224,0.41941726589128747,0.4731011572873765,0.373806450455538,0.11773242879346557,0.13530383337437538,0.36702412805864515,0.49784986171024154,0.6233250019149873,0.26223742181577425,0.8525543306653885,0.5568053046976659,0.2812685662848908,-2.151410967813083,3.7522496913807264,0.45656456476268487,0.07480849695426242,0.5163858676910917,0.2689028610065514,1.3137044857453233,0.7499465235991517,1.0563960797062963,-1.7121272734935735,-0.053543285105927374,0.11424166753364975,0.3542479270994153,0.32818904587061104,0.20447921642793795,0.20266109624691378,-0.1657061894957346,-0.40902201283033185,0.188236679009153,0.6552895276474218,0.011258952504860162,0.9714597270534772,0.3788768949488345,-0.9644918010407719,0.38917380503892507,-0.2651881614914156,0.06331718646678283,-0.20260282742893596,0.11670760691055908,-0.11087631725741745,0.305967122953722,-0.27643851439436234
0.42274380328385003,0.3072832619392935,0.593295072035113,0.28230601496774826,-0.20248765735729923,0.21210902455559838,0.2537116793724762,0.3027479044290306,0.28404811230580923,0.26356485670775587,0.2348689543073554,0.2466876290304834,0.1805873719766541,0.2704432767638913,0.22834886374644212,0.26758442140065,0.34440065156582733,0.16468320097117822,-0.00020285262293081918,0.20182480250090545,0.4401062769689,0.2908312830120234,0.41209847803565475,0.18841910304698967,0.3683885725083004,-0.2357759858562744,0.1996917070776577,-0.07477948881413517,0.45656456476268487,3.4492466647839057,-0.10114627191122429,0.3440579933650521,0.8059224352627722,-0.9834854559170116,1.0844474192906628,0.4612512598581169,0.6402258309588748,0.0332998795760249,1.291373299434072,0.8017791876037025,0.6754885644430679,0.44959912932769164,0.8831899078055623,0.38626980625433155,0.5444565145153184,-0.5485849225666966,1.8379897991975436,0.17417281232688778,0.3289263151288835,0.32743890930378233,-0.6835788837297516,0.24528158935970543,-0.1207422908903398,0.0587825390615348,0.22820526578810085,-0.27222649845189095,0.08127224992240502,0.025612692641650614,-0.07587207655086586
0.26592844586731235,0.075882940720974,0.23426767849632157,0.24121273081077466,0.17390282475425023,0.17320319325475447,0.17481260243804417,0.1647248401894895,0.1726183151333261,0.20613912681452629,0.1946243212173336,0.19415557299490455,0.10724728580432696,0.2045894309364816,0.2216454107246326,0.17416873005573677,0.17919740432550646,0.23820675447963433,0.20781935567168838,0.16461548789297353,0.26323643952678977,0.14495316808908282,-0.06010542940703521,0.3625674111227877,0.2857776778885988,0.18325049195233986,0.16093365549881772,0.5420301217439513,0.07480849695426242,-0.10114627191122429,1.1160711811214787,0.24186878664396436,-0.03380505373944835,0.12555207057102502,0.2657797426588588,0.6409391896157323,-0.14107168644435666,0.18769222322239126,0.2507841095727339,0.22431824043490875,0.15763517780929806,0.20339173410039227,0.04342880558196515,0.045892353220788155,0.3708718528360287,0.07114621024737135,0.07743312395333694,0.007797203199261895,-0.37375349849699874,-0.23534733036263442,0.2443446992581883,0.04165499245637904,0.017436576107062497,-0.03384838793088024,0.09648458574503954,0.05963252777810146,0.2121048685863983,-0.17244980605056281,-0.23519638808990057
0.463864076981661,0.0699085445551657,0.32366206523636065,0.6081668338562607,0.1316189901918279,0.23486523360977393,0.27103831313200344,0.18405683719106142,0.296349106190669,0.2026078813579969,0.2487332834399776,0.33823495597134895,0.1647933057624641,0.5369750185227251,0.14446394606565754,0.3859534049153688,0.3218020021540513,0.14195347808654593,0.1766351680849139,0.30186145087322863,0.25746148813122327,0.35465184778445635,0.08003618106881755,0.16268914746893848,0.28676108113274956,0.5013487097057971,0.32040380195147466,0.019783213272717867,0.5163858676910917,0.3440579933650521,0.24186878664396436,0.7309086610736405,0.3357532471722483,0.31127521595366586,0.23948500354432323,0.36205669351848746,-0.13259294706252242,0.167596351442679,0.11809003390584587,0.26893953155779704,0.054583497213941845,0.270176636344346,0.2985118456057802,0.0740417186170298,0.3501678775699685,0.02161591062330772,0.2771462293073432,-0.0005861267840982326,0.2222755169030239,-0.06229506865709946,-0.08737101246009736,0.33124910039957106,-0.3031471101868849,0.03674264909653659,-0.08637767931480116,-0.004542947309630557,0.3050684891770213,0.1254432732490182,-0.38005838565377487
0.4323302270434618,0.36719340585945415,0.5706106998686178,0.3309619831553491,0.13994432373071497,0.19519678036232674,0.3024504920181269,0.21416791615700587,0.41142580646953353,0.2590151086819674,0.26490794510138277,0.2688464580272076,0.20522324185061586,0.27365986735423303,0.20750511603179975,0.28503891627974987,0.5223149872851307,0.24608543763940638,0.19553189691803072,0.277331281601906,0.44059923809901763,0.3863391942986269,0.5129854129652883,0.20202133582668205,0.22399525535468323,0.0740820841075208,0.25957254260146917,-0.04609257758588541,0.2689028610065514,0.8059224352627722,-0.03380505373944835,0.3357532471722483,2.3156092522952463,0.29907952826562845,0.24885057323460824,-0.48504416183550675,1.0124195755765462,0.1166076118970596,0.5471771615097164,0.2465716438467092,0.006641976582135839,0.4488379936883834,0.4801879034255522,0.04371086585873663,0.33956835736626795,-0.09886113045035935,0.6502297341036687,0.26104254634218277,0.8357149889569653,0.695403744261527,-0.47591266405460336,0.6766260609422153,-0.25043058356204345,-0.4297018344689726,0.007121043087105335,-0.04749181201603881,-0.18371742944920372,0.09180280256095445,0.14489162305105677
0.5149791176261017,0.27533535077788035,0.49065086538408237,0.3312112130899885,0.24915795520696354,0.2913346192848156,0.34562460230870523,0.28143696741594837,0.41386897385137655,0.2996228866927974,0.3429607721081199,0.33204771416863993,0.18118971158243366,0.31707340979332127,0.4030916768349701,0.33222594285619433,0.41599462068620935,0.47029619432027014,0.19688007661132167,0.5265627056765229,0.3042883408004589,0.4042397729191386,0.642228952665132,0.3701852353034095,0.5514406169537761,0.9658434736230428,0.32444495978865834,-0.19054698048918967,1.3137044857453233,-0.9834854559170116,0.12555207057102502,0.31127521595366586,0.29907952826562845,4.390678148499062,0.6107402623245276,-0.2770820114905441,0.04486806536287063,0.19871559214996087,-0.30463763363301916,-0.03850464528456508,-0.3628996351223217,0.4115484277569016,0.9771502666733786,0.05309593216634527,1.3216399789612137,0.39913304441664005,-0.09327421585655124,-0.041300767794054206,0.4354531613731617,-0.7287042535583064,0.34961537109252483,-0.23627152119234435,0.5540487976384441,-0.24201271714723852,-0.1782619009135565,0.31021841087509017,-0.31327035535513703,0.21877679523274415,-0.03470928384678043
