1.7809890941608426,0.11756241874311628,0.6463529739329533,-0.08281568836123646,0.3450206128541295,0.2404703135286023,0.3797152741621694,0.18663150461318076,0.31351957695029303,0.23314955272930135,0.24016935574052317,0.3141328956353827,0.13755662798752474,0.25616452910724696,0.2808265325284455,0.1492514451409959,0.24425743429224264,0.2140987761314619,0.2630569451373598,0.25456707216173274,0.1844456784496658,0.19246038427648998,0.160236979864458,0.07420943286276854,0.2123048575005112,0.11413150058052379,0.18251623651086463,0.1302275649595169,0.10187091359126217,0.4757170971839427,0.188276804827291,0.175265339390016,0.11959211535010798,-0.6213071635468974,0.09495921183929927,0.19606672055917268,-0.06878416849371911,0.1646056184305857,0.4920288468175541,0.21472196995871037,0.34010779271364444,0.14010611767961323,0.10499201788170061,0.3393684183155038,0.24989007317134937,0.15451405407142665,0.30804627729448514,-0.0015228847606798906,0.027008697183673443,0.4854008592847968,0.07544302256114692,-0.1603187234437868,0.09821400526306878,-0.004345224908974002,-0.23416546378758069,-0.0017049932870435087,0.21985597035121746,0.624347212143792,-0.801117502371297
0.11756241874311628,3.8542032941519984,0.1351193619105459,-0.18856159102563116,0.03472395052213173,0.2406848299189747,0.04913417776680543,0.18368217534363732,0.018010691170012683,0.15484082314064668,0.05336995717287223,0.0929392835571863,0.08903672447891225,-0.018446829231580055,-0.010029604641744093,0.06623693068635231,0.028109002178343865,0.4594782437375441,0.06414124073316381,0.022518396950692323,0.14979648905093346,0.04981475714574118,-0.09580339984570851,-0.10654145623176078,0.004603045255176769,-0.1771770968415313,0.14416398170638683,0.10893262445598952,0.18292269015830293,-0.06015036371608131,0.11896392801598983,0.021457631734160754,-0.059507306557652455,0.18098943013581978,0.16852871524110435,0.09971812236311696,0.06106758825043557,0.030760240140456804,0.16187706037979468,0.1031119231631416,-0.03550958684769481,0.05568409172630423,0.11168427499675054,-0.23995651589182176,0.1553403706663148,0.048937722578457146,0.15450953459050554,0.025701107136066388,-0.44092968509048164,-0.2262194654025753,0.04207186867708123,-0.003580797948189355,-0.11274982401129538,-0.03690208714215973,0.04212645763251774,-0.0885279607122863,-0.16102840896735862,-0.08127380185284232,0.25431969074518834
0.6463529739329533,0.1351193619105459,1.9189539137419367,0.2688828467786976,-0.10864572814489476,0.27352732194568413,0.2749136594760395,0.3650988755480236,0.42506258312765355,0.3466304792366593,0.2923539741692471,0.2913863615648069,0.22627406919953993,0.26733629568953593,0.40711899948594854,0.1464271965158239,0.3752127597376488,0.30111227032522664,0.21472103348502372,0.3263281170335618,0.278996422982516,0.2713606889394443,0.3241885001919781,0.3325811493227978,0.32790532873422124,0.12596275359966175,0.1979249622765179,0.3628668241622125,0.19876713313217936,0.47123438811540136,0.24030987865517967,0.21472981953629844,0.3892546897398197,0.07423908653069242,0.2071231443255331,0.3602885904610272,0.43619637080755336,0.18166820238082115,0.23432302460244875,0.0840519421638486,0.2877522858586069,0.25274430401870834,0.16858510598246015,0.5465166443686499,0.013078832060109504,0.30237238452278437,0.41973546588767074,0.009735345488138447,0.4146171391567372,-0.2396002530855226,0.13617003896337246,0.3261719112907301,0.04151528501556144,-0.2468723144359421,0.027743613213509325,-0.07120385969207896,-0.06048063586351939,0.09792016160126849,-0.06992528238526612
-0.08281568836123646,-0.18856159102563116,0.2688828467786976,1.489494843366784,0.1773308556063346,0.21819005647895126,0.24767298021615047,0.1830811704417941,0.1300882321465744,0.14813390723233608,0.2343291854452401,0.3234833070330875,0.1614383699304646,0.2919702066182892,0.20519698918210347,0.3118731881954768,0.25897332295394787,0.1402566270697607,0.1833361799214295,0.23190643175465733,0.22389861435771066,0.22202977618680922,0.2663381998749781,0.36292919348629243,0.25237876657669217,0.11982081160217872,0.20344651204586262,0.28886723902381817,0.05729651857602418,0.18782992369965795,0.1799160674125927,0.2561553830113516,0.34306025394445827,0.3260981280471021,-0.06192479389342746,0.2474189759382124,0.33058769568441326,0.13696577950974156,0.16697990722526196,0.006108867217302525,0.20219891711077534,0.21848077693935786,0.17433521385529382,0.6822890907572142,-0.14491833755266123,0.17400201014210295,0.21947529857482098,0.008369130110308189,0.46946541202425796,0.309534559267092,-0.10759402243617737,0.14540037255810287,-0.024517488987415497,-0.04592115027440649,0.044658874067762554,-0.06552352868073662,-0.13602962733535748,0.011570927688342381,0.17349285866089825
0.3450206128541295,0.03472395052213173,-0.10864572814489476,0.1773308556063346,0.8734015087824027,0.28734116757444067,0.20987547700280504,0.07108102489142608,0.2195120340917372,0.15170623084323592,0.1856932099715754,0.283432260444447,0.1428940672945638,0.21230352757668716,0.23187007877395185,0.28415172828712837,0.16780984553589168,0.12847886433520486,0.44668261178147356,0.12775582509042804,0.21693835711617035,0.21599102883856508,0.11728201315929741,0.14801153346138737,0.1609274808219207,0.19887908089801493,0.1904732818380329,0.03635818573167366,0.19810565574949465,0.13538985688806712,0.19941095994363037,0.1626294478315262,0.1626368247976656,0.18750185119442797,0.04529400520148086,0.32151688382701377,0.2775488858004157,0.10334783127998633,0.38180676565748584,0.1321626862888387,0.12429675268221932,0.23730818033720974,0.09549426266412213,0.1780310430117275,0.12079555902993752,0.1977866814219386,0.1687528145824137,-0.0015234522912848743,-0.0072117101300592625,0.8707020417273195,-0.07813864868562538,-0.23989644644105787,0.09995901628326993,0.02835558521785832,-0.10363945676840627,0.04264322408960688,-0.11010562228544661,0.19278819403527628,-0.08894425067284796
0.2404703135286023,0.2406848299189747,0.27352732194568413,0.21819005647895126,0.28734116757444067,0.7241139769110074,0.20597019127016356,0.2898589588194217,0.15397274310136344,0.15670105000286277,0.2333910804359388,0.3004466206839197,0.17023071031114081,0.23652023282776044,0.18710140541543688,0.2804355020355459,0.29896361886512907,0.1922684184290077,0.35319408381823164,0.28595611452805564,0.21366180812314622,0.2274556740828983,0.10486677980814159,0.16768642726996488,0.21424635911880008,0.2778848183611459,0.2221691752830363,0.18052193669431033,0.3111670092847374,0.02793256835657721,0.17393780913181728,0.24793242405494015,0.059649040261423904,0.31856758716256167,0.2371749536228321,0.22508214723994924,0.18150629463548482,0.1854772337385203,0.3400219167805777,0.11667733049534083,-0.04959545007304455,0.19123988139962628,0.22088067497162747,0.04363897252703613,0.2517910274619125,0.0853286207568548,0.20222767322547555,0.020659420400287367,0.1033914648695884,0.002084020019052738,-0.4981344786477637,-0.02631806425440135,-0.11346961437786697,0.03500755136465938,-0.22971804975766133,-0.004858955086019747,-0.03887740750189665,0.286497591447892,-0.19875209110676423
0.3797152741621694,0.04913417776680543,0.2749136594760395,0.24767298021615047,0.20987547700280504,0.20597019127016356,0.5696512752696271,0.1473552953077768,0.2833405700021004,0.1389777798068849,0.23382494087880532,0.34872512832972713,0.15205104750037046,0.2333322488996073,0.22093784786379989,0.23277585313748303,0.2545191936627688,0.15314444847701503,0.16816976975769415,0.1929892295410969,0.18333200565656482,0.21367493453472916,0.1760488088941677,0.2105060770389192,0.22211129456184953,0.1263331285759736,0.19856994826827706,0.12668863778540107,0.12402130111447243,0.17411862117078733,0.16206231559274115,0.19688371035925406,0.19157933285123518,0.16410424033146973,0.1107406450291426,0.24516700623156557,0.1759367164849981,0.11845460136075575,0.21937537843363997,0.0839451414710173,0.08550291248527667,0.19029065067329465,0.14778363769627112,0.18935549971693366,0.0633185468817836,0.19558165651465567,0.14011333202843787,-0.002845813893496849,0.3115724849732149,0.08334603896025153,-0.10639475814842161,-0.001748140362685566,0.12640928346169353,-0.04601642198791503,-0.11690653985660089,0.05919935608600511,0.015767758514206143,0.27678501575445685,-0.4037367303523783
0.18663150461318076,0.18368217534363732,0.3650988755480236,0.1830811704417941,0.07108102489142608,0.2898589588194217,0.1473552953077768,0.7353381475484011,0.03195584317900396,0.21159782726932239,0.24252398901858935,0.08202801049802791,0.17158532938534043,0.18779103345434406,0.1665940200344849,0.21221295304722604,0.2600105370175121,0.21222789164445033,0.18896517152670236,0.25376542888685594,0.1350322047024709,0.1576499122854252,0.13942478526034163,0.18903866797585173,0.251592401597964,0.08656523173720086,0.1532453866705968,0.21579960599011314,0.24854309255621074,0.20831376572624,0.1478937215195169,0.15965052095817073,0.14378886432111423,0.2313175329849613,0.28793884710283,0.17729447389199623,0.2930693818252332,0.15719102127995616,0.14966397271651177,0.018049692160047284,0.10411495488080395,0.09101523780389288,0.15167918027904378,0.11054046162754468,0.07967923571992065,0.16790681775811692,0.2825231218214454,-0.00032160356845394657,0.24285982249198396,-0.1972949272574408,-0.13964201226278664,0.17755256721439247,0.03214251824684916,-0.07930932897352884,-0.3176454214370779,-0.020090211975316383,0.14360622453556302,0.3965290195015855,-0.373500173181661
0.31351957695029303,0.018010691170012683,0.42506258312765355,0.1300882321465744,0.2195120340917372,0.15397274310136344,0.2833405700021004,0.03195584317900396,0.7008917888538062,0.1625869668550468,0.21954474036535648,0.26601413984464395,0.15740185120605696,0.22182630061942982,0.32942511730823354,0.11141326803366494,0.21377767100892997,0.17342539000432855,0.19312266972157507,0.19029011422518316,0.19253908671966963,0.2808640815771198,0.2144073669168216,0.2614226821636058,0.2019197306238427,0.1215868696747509,0.1662662190105112,0.18937446690925092,0.08453528045809461,0.33406550682713915,0.20502985646404887,0.16859910875189735,0.2906350420559392,0.08069634804751158,0.06857792185522743,0.24947908835633215,0.28163104118308496,0.11172628605107461,0.1192951198204537,0.029265933457885793,0.16353443440788462,0.20116680614961252,0.14778082820751628,0.37535195391541365,-0.04995505874058478,0.20265531085373303,0.24116971829844838,-0.007365598281836223,0.5567755358845835,-0.2184378566308549,0.061643529605433726,0.01832024430227664,0.25154197221374536,-0.0880926149271115,0.07649906771384664,0.09333672845321203,-0.024666042717459338,0.11643587578711385,-0.29493607890069806
0.23314955272930135,0.15484082314064668,0.3466304792366593,0.14813390723233608,0.15170623084323592,0.15670105000286277,0.1389777798068849,0.21159782726932239,0.1625869668550468,0.4908395146606352,0.14248482973599402,0.14913024710020192,0.14219774474685465,0.1537512226969975,0.20741822107670607,0.12274437943310053,0.2309870986623136,0.25614876149988375,0.16591684248270014,0.17988399489174928,0.17289108127687314,0.1597857400723911,0.23013180792822097,0.2084341260263403,0.20241448340685417,0.057264704366754945,0.12230335268113675,0.19158503059587553,0.17605298864262076,0.39831341598419384,0.19494597202444996,0.1290629796750936,0.208484328149648,0.20674763264632112,0.23679403472631447,0.2225726547839613,0.3477157755906367,0.11914636677236541,0.2802003744599879,0.14795139283065994,0.27941922732957253,0.16373770898307424,0.12012447318128368,0.41718119165799633,-0.04409491814283553,0.2133693521850092,0.39595738160110727,-0.015447644482691106,0.34189527136319275,-0.06768748172736438,0.02656515371753616,0.004693043972854919,0.04490526579513489,-0.07064688831487151,0.02911689462971296,-0.053635654137166255,-0.02962190168625182,0.08657352315271734,-0.06237790186150351
0.24016935574052317,0.05336995717287223,0.2923539741692471,0.2343291854452401,0.1856932099715754,0.2333910804359388,0.23382494087880532,0.24252398901858935,0.21954474036535648,0.14248482973599402,0.4458239450799877,0.2709189679000093,0.1546307887271497,0.25778221664272616,0.3013557261510645,0.16154166599633496,0.25336070633397084,0.1569715492431049,0.18832943351710935,0.3168184134011649,0.19418682318526412,0.17392611151105386,0.16249077980383142,0.25807549822221143,0.23513759786652372,0.12612124425429855,0.1915921617651297,0.15010340835960498,0.18505023096883175,0.25467377834947474,0.21183634839067145,0.2150301991994759,0.20126910706277534,0.19927827309139864,0.2024701548045754,0.3080855710086956,0.29102418094368476,0.17251774568144768,0.13574654932388364,0.019144954925372423,0.12974934603373486,0.17975028103787363,0.11675194647684063,0.2387685048596806,0.015047707997497297,0.21655814011580446,0.24837291101260248,-0.009869437044972538,0.3130267054526021,-0.16985387232892385,-0.09275178477819694,0.0647075104647461,0.14438763307600683,-0.04483116756335632,-0.17848760836225006,0.014407231721452118,-0.01857023830117155,0.25011926819278746,-0.2175766034816105
0.3141328956353827,0.0929392835571863,0.2913863615648069,0.3234833070330875,0.283432260444447,0.3004466206839197,0.34872512832972713,0.08202801049802791,0.26601413984464395,0.14913024710020192,0.2709189679000093,0.6345854502859264,0.14030970116844255,0.2444532130074837,0.27337083422119446,0.2610345462868729,0.28582349266449303,0.14870897710561057,0.22131933873514992,0.2835127454043346,0.21082526285212702,0.2149241626322773,0.16520988688669075,0.2524596587013121,0.2619650395678256,0.15906246786537687,0.26445236072825656,0.11625566893661878,0.07384276166775047,0.14500018632304437,0.19861511706548352,0.24730950237648247,0.18386943285129595,0.2514010296965799,0.11017395492963632,0.2929000771021876,0.20167104905588895,0.16223853433720264,0.2798650612100381,0.11883381950337107,0.10398434204055255,0.22051796628321715,0.18028057034629882,0.28611772234644306,0.08008906605931584,0.19817261877127124,0.2103608505330126,-0.006919845463578361,0.24578800779368296,0.12303548469107793,-0.15644205778223388,0.004430772025952413,0.06798717959964044,0.008041680241086447,-0.08232458637034333,0.038984312715981906,-0.09071297085591147,0.22266750551286027,-0.2917656314005844
0.13755662798752474,0.08903672447891225,0.22627406919953993,0.1614383699304646,0.1428940672945638,0.17023071031114081,0.15205104750037046,0.17158532938534043,0.15740185120605696,0.14219774474685465,0.1546307887271497,0.14030970116844255,0.25150013010705163,0.11549967142520523,0.13049203109048815,0.1604212937801664,0.14461937270018752,0.13266224119323788,0.13974148742704504,0.12949409365160516,0.12067075533864668,0.169770757557115,0.11428056628373982,0.1400923914377449,0.1545696287117917,0.10249813035702673,0.1367233888335159,0.07642386300959078,0.18043202037038616,0.12979162409604508,0.10158404848009764,0.12342836513353025,0.12819911227123834,0.1865140475017415,0.1643079196701403,0.15442655442431014,0.20170825852094457,0.06867225523932129,0.09398157029115929,0.04925506826849984,0.08712823202007691,0.1129718699158271,0.10831606834064121,0.1114106502538823,-0.014507667907940353,0.13849169752273666,0.1588804022521963,-0.006927563126292924,0.21969722954855556,-0.07402656483009318,-0.04462344780861283,-0.0012268496298704318,0.021911445176774045,-0.022553898284329,-0.0018226422488863698,0.009673119927045847,-0.08965292547436225,0.0012425162396938149,0.01920869978186449
0.25616452910724696,-0.018446829231580055,0.26733629568953593,0.2919702066182892,0.21230352757668716,0.23652023282776044,0.2333322488996073,0.18779103345434406,0.22182630061942982,0.1537512226969975,0.25778221664272616,0.2444532130074837,0.11549967142520523,0.5477821603457369,0.161346007146629,0.30337238371000863,0.23960581983236087,0.11560080257304142,0.20222554362756226,0.3116282467481102,0.21815304099022215,0.2537948875335612,0.1693362517501356,0.2395280252487822,0.19858341185687975,0.21767597556177057,0.22052521208575415,0.15068537004972074,0.15687703550986573,0.23489504925944435,0.20209444238469945,0.3814212764051287,0.1914537230597715,0.0827209288309583,0.1356682535342815,0.3563813034868125,0.2010784284631354,0.16808064328629363,0.2643766094819331,0.10103925044140427,0.20368735069968613,0.2019015964972972,0.2426101943242269,0.22572414145995412,0.06721659576832541,0.21303578799891673,0.24426595883452262,-0.012592541321632025,0.3200411477837827,-0.0034345128468008944,-0.0508705289816297,-0.147980501814716,0.18316398197194403,-0.03473515762929433,-0.29208754483775107,-0.026287147612170193,0.07485577492645283,0.25893351282050187,-0.09923562075060412
0.2808265325284455,-0.010029604641744093,0.40711899948594854,0.20519698918210347,0.23187007877395185,0.18710140541543688,0.22093784786379989,0.1665940200344849,0.32942511730823354,0.20741822107670607,0.3013557261510645,0.27337083422119446,0.13049203109048815,0.161346007146629,0.7771886481853463,0.04950145877920351,0.22937985378456233,0.21891061681700721,0.24405484263266744,0.2354245637645348,0.24256752620334576,0.13040620603767347,0.3026239772269145,0.2596069570272657,0.303974909531534,0.13174476235768365,0.1622391605193283,0.12237861902711966,0.15430932794872937,0.37315880638110255,0.24984792327607408,0.12077965307987934,0.31801424315279786,0.15221873940635203,0.13408240687205386,0.34510387114058516,0.5204889101767095,0.16652383230938697,0.3106607339742792,0.008603249566885919,0.17552098576619096,0.2743132846046947,0.03438223608483118,0.4026218071512402,-0.0026643631906794227,0.2538507008923324,0.33091756604560313,-0.023576245843481516,0.2002883291037812,0.9711941258474275,-0.1266208252046637,0.2843054079269262,-0.3095669016017681,-0.0372631687702854,-0.04832078083866891,0.07511585732335305,-0.10235584941272838,0.20111303772787995,-0.19647745934716618
0.1492514451409959,0.06623693068635231,0.1464271965158239,0.3118731881954768,0.28415172828712837,0.2804355020355459,0.23277585313748303,0.21221295304722604,0.11141326803366494,0.12274437943310053,0.16154166599633496,0.2610345462868729,0.1604212937801664,0.30337238371000863,0.04950145877920351,0.8124642571795553,0.19294760563087868,0.12032432399125088,0.24777235170300593,0.23289247345081696,0.1891029958249005,0.34795102099131475,0.06198975917252334,0.1793372623831718,0.23623585423385715,0.2809747240214614,0.34560015445192727,0.10123842311975281,0.2340096585929666,0.10482522550511356,0.14876930831514854,0.23782024268059726,0.13306693979015982,0.26958823269479676,0.2935986802674936,0.259837074824078,0.29243903772672414,0.18143622274787058,0.1886217568845705,0.18489933350338766,0.17726749746652906,0.16159209281732606,0.37600048764840294,0.002967891587151285,0.30688748728267506,0.1406787183417652,0.16878216149059586,-0.00832578063506456,-0.055351810643305834,-0.06922454790659446,-0.15691729566383694,0.042299858258616145,0.12308322765868228,0.0006694814763045166,-0.1543344148229499,0.017025063926034385,-0.11098370860103203,0.16152343652594772,-0.030895795039523524
0.24425743429224264,0.028109002178343865,0.3752127597376488,0.25897332295394787,0.16780984553589168,0.29896361886512907,0.2545191936627688,0.2600105370175121,0.21377767100892997,0.2309870986623136,0.25336070633397084,0.28582349266449303,0.14461937270018752,0.23960581983236087,0.22937985378456233,0.19294760563087868,0.7047281338300134,0.1744356994032894,0.24846911934519925,0.36886393820021934,0.2688991116608227,0.2392531319505539,0.20849621777949295,0.3186632512659381,0.26835800092570716,0.02473187314602926,0.1734347042109508,0.5246972144664283,0.12938709299015325,0.3148146330756818,0.27303639373589284,0.22973783021529945,0.3331538334303129,0.23052408113648548,0.17215870192432822,0.3892274021539296,0.430399747406536,0.2403647785769443,0.17613457848768202,0.02469582738172077,0.2737194253511969,0.24136652000880815,0.11786628454289208,0.5224582024575253,0.1558678906094178,0.21168891083255742,0.31677443979941655,-0.0017607942155237557,0.26191721533031126,-0.31931275097553086,-0.06028169340529501,0.023835048116484077,-0.05875648646042293,-0.0712719486690373,-0.39848608619851267,-0.056942794117412335,-0.039418289686939764,0.4309365535764354,-0.28399937437652767
0.2140987761314619,0.4594782437375441,0.30111227032522664,0.1402566270697607,0.12847886433520486,0.1922684184290077,0.15314444847701503,0.21222789164445033,0.17342539000432855,0.25614876149988375,0.1569715492431049,0.14870897710561057,0.13266224119323788,0.11560080257304142,0.21891061681700721,0.12032432399125088,0.1744356994032894,0.8265679990996639,0.1545315649711188,0.06073227187242785,0.21253595076847126,0.19720420889135581,0.5348083198464134,0.17828638646628633,0.2615449273129831,0.15542840277241646,0.05226494001083201,-0.008316418897956245,0.21085862907862865,0.14824497006645568,0.252112603746293,0.12788109661705008,0.19991546433570553,0.19780956035387934,0.17418149115613624,0.28168067366813626,0.34561336366724393,0.08565834565703674,0.27393020642649185,-0.05143516836426464,0.15748503282468995,0.1244263836131101,0.07965688147347648,0.3690364835286058,0.11499404124377045,0.1761298016664409,0.4096758286808735,0.019588491719050003,0.06115288409243352,0.18141241763482463,0.09262004321387604,-0.13641469547056462,-0.21929403096832062,-0.07795100862241171,-0.19744851973520383,0.01848171332883958,-0.015420261482881736,0.32208846867525415,-0.3367038391445995
0.2630569451373598,0.06414124073316381,0.21472103348502372,0.1833361799214295,0.44668261178147356,0.35319408381823164,0.16816976975769415,0.18896517152670236,0.19312266972157507,0.16591684248270014,0.18832943351710935,0.22131933873514992,0.13974148742704504,0.20222554362756226,0.24405484263266744,0.24777235170300593,0.24846911934519925,0.1545315649711188,0.6475765485069043,0.09611126915941615,0.24337690196074793,0.2346885115194623,0.08065439317354604,0.18187841267912086,0.17244396906864523,0.18748126238876864,0.1694112697484181,0.29746770538193523,0.23037178244034645,0.12365603613397462,0.23088819525050353,0.20657001210813783,0.18994003781446128,0.16567141047296013,0.044969017680094335,0.3820962975380432,0.2947366962755442,0.10149617772683873,0.3179952376137859,0.17035302724680734,0.16198918295331524,0.2297851355682477,0.13463269129804237,0.13750209942694985,0.13969373618285777,0.2637980859289549,0.1508071508502881,0.013303579966968277,-0.13557102478746788,0.44524284423702165,0.1873086265626933,0.3549773338653037,-0.2794719029906904,-0.09655536228500555,-0.09574186885432326,0.020261193476686982,-0.04126248387118388,0.16522460802144093,-0.059081605830470056
0.25456707216173274,0.022518396950692323,0.3263281170335618,0.23190643175465733,0.12775582509042804,0.28595611452805564,0.1929892295410969,0.25376542888685594,0.19029011422518316,0.17988399489174928,0.3168184134011649,0.2835127454043346,0.12949409365160516,0.3116282467481102,0.2354245637645348,0.23289247345081696,0.36886393820021934,0.06073227187242785,0.09611126915941615,1.2548956022209816,0.18354567954856704,0.21604597957170207,0.1282950640781128,0.3724625972780018,0.30460120326235846,0.23820285696937396,0.34277672363337613,0.2738987282835075,0.03475199968647581,0.6371083455475094,0.23310302819281503,0.2453368296001956,0.28047882636434307,0.18760261877510911,0.37525019790218855,0.10906210061896235,0.6687368088860021,0.625764923984671,0.3653913231367854,0.15596871261336775,0.30009787719669556,0.14977709070786127,0.6537684046998871,0.5352156929630533,0.4677598005441282,0.14874633061806236,0.29927475685963123,0.030410303879577084,0.8632138918016224,-0.27866341273205497,-0.32092145305103953,0.007345573803615965,0.2700598424526664,-0.043401290861722876,-0.2080581196500032,-0.0218229478746235,-0.00024144973865062363,0.3141405557238401,-0.2527132924426288
0.1844456784496658,0.14979648905093346,0.278996422982516,0.22389861435771066,0.21693835711617035,0.21366180812314622,0.18333200565656482,0.1350322047024709,0.19253908671966963,0.17289108127687314,0.19418682318526412,0.21082526285212702,0.12067075533864668,0.21815304099022215,0.24256752620334576,0.1891029958249005,0.2688991116608227,0.21253595076847126,0.24337690196074793,0.18354567954856704,0.49182494724500236,0.1927277232869389,0.2431003999742275,0.29826782717270084,0.2284559834114728,0.18659964836303514,0.16060276554413727,0.18610226866150587,0.30416143279670693,0.3271201486191249,0.34047248023316523,0.19864618060742492,0.38734985063215066,0.11562808030976969,0.13186126675091933,0.5252447688692198,0.4234899682634358,0.1448818858975696,0.3825287707549041,0.18498704316638168,0.19136660558476162,0.4226550767927268,0.08414120809851457,0.18857076170013742,0.3010722532162391,0.24693853238135383,0.3343283498184755,-0.028654910258197133,-0.11428590040216187,0.33188435004487626,-0.027993318337234445,0.04560471992487238,-0.06576271962403167,-0.06331987768449787,-0.07291136570551607,0.005797560975013703,-0.16252776646195566,0.181076518389541,0.008194986551753136
0.19246038427648998,0.04981475714574118,0.2713606889394443,0.22202977618680922,0.21599102883856508,0.2274556740828983,0.21367493453472916,0.1576499122854252,0.2808640815771198,0.1597857400723911,0.17392611151105386,0.2149241626322773,0.169770757557115,0.2537948875335612,0.13040620603767347,0.34795102099131475,0.2392531319505539,0.19720420889135581,0.2346885115194623,0.21604597957170207,0.1927277232869389,0.7248389149715417,0.2776880186789049,0.23187016397087012,0.2630908593228698,0.1748881826620659,0.20814151209020476,0.10929837266548534,0.11153126603176114,0.22444100434763922,0.14369572818569684,0.22373130034347344,0.23117311051839717,0.19574590726289826,0.14922227174833236,0.1455764061239063,0.2680931380226364,0.14131430281038654,0.2124247725820568,0.046540955401845316,0.18660032331842602,0.17902048344771396,0.3531722930027136,0.39105683168706207,0.031539577844435875,0.15996549246702932,0.241754635699633,0.008902291956383467,0.3161497476264253,-0.122619406247572,-0.004952440698983503,0.021632420951306713,0.08214820410862504,-0.06718296000080623,-0.08537021714730784,0.028438036694417405,-0.10444080466364461,0.15794776674419472,-0.11092648833707507
0.160236979864458,-0.09580339984570851,0.3241885001919781,0.2663381998749781,0.11728201315929741,0.10486677980814159,0.1760488088941677,0.13942478526034163,0.2144073669168216,0.23013180792822097,0.16249077980383142,0.16520988688669075,0.11428056628373982,0.1693362517501356,0.3026239772269145,0.06198975917252334,0.20849621777949295,0.5348083198464134,0.08065439317354604,0.1282950640781128,0.2431003999742275,0.2776880186789049,1.5210117358215263,0.4404071313348638,0.5051506912163118,-0.037455724467385015,0.052830011559323764,-0.2413443187897379,0.18967705295517756,0.6175616998322913,0.10969920637002135,0.12442756602908894,0.5285476982434558,0.14182151881135213,0.10737317392910153,0.44961460620046634,0.5480139068875008,0.08639658363445779,0.26176407332483337,-0.3053563327194656,0.3059593574544129,0.15919997357089613,-0.14075251712664735,1.4137149443068298,-0.279473679987283,0.2036495825478587,0.5605387255705052,0.03564558204056615,0.5523976729141633,0.5845703180390069,0.053108756646312844,-0.09696639036845103,-0.08543904931272175,-0.04539233924490549,-0.24394877490306574,-0.02740430720815296,-0.1347946695599502,0.2665878008279587,-0.14491718988485072
0.07420943286276854,-0.10654145623176078,0.3325811493227978,0.36292919348629243,0.14801153346138737,0.16768642726996488,0.2105060770389192,0.18903866797585173,0.2614226821636058,0.2084341260263403,0.25807549822221143,0.2524596587013121,0.1400923914377449,0.2395280252487822,0.2596069570272657,0.1793372623831718,0.3186632512659381,0.17828638646628633,0.18187841267912086,0.3724625972780018,0.29826782717270084,0.23187016397087012,0.4404071313348638,0.9853879103657022,0.33345093177959806,-0.12616004187172317,0.2115039510767938,0.45739997766864143,-0.01827426287349677,0.9596893940337953,0.36519504266371255,0.24895004505954094,0.6580008621142883,-0.044678040176100095,0.11561156746331228,0.3158732482998982,0.4499130089142979,0.2287895544535589,0.025478155497721342,0.0017503941910150351,0.4781412286361501,0.25300923252184565,0.1685657217780142,1.0644763245872548,-0.2645587691800717,0.19744291080590415,0.5459850914011886,-0.0006204605332623818,0.8747746402207198,-0.2693947391736711,-0.0464467301432284,0.16771473178711602,0.16843216700408326,-0.07446002336708958,-0.00752377351664382,-0.04058951156605998,-0.0006670897836861723,0.15508440520000466,-0.06769176730948095
0.2123048575005112,0.004603045255176769,0.32790532873422124,0.25237876657669217,0.1609274808219207,0.21424635911880008,0.22211129456184953,0.251592401597964,0.2019197306238427,0.20241448340685417,0.23513759786652372,0.2619650395678256,0.1545696287117917,0.19858341185687975,0.303974909531534,0.23623585423385715,0.26835800092570716,0.2615449273129831,0.17244396906864523,0.30460120326235846,0.2284559834114728,0.2630908593228698,0.5051506912163118,0.33345093177959806,0.9301358211251953,0.10743054873676203,0.19344218457366413,0.13126699349216242,0.2605463353125908,0.43184245163698426,0.1622238451492373,0.16494856770291985,0.3733181917389592,0.2667027407278932,0.2563546378583576,0.3927479177590306,0.5504611819789945,0.1936119272165542,0.09819255093720258,-0.05658913482406865,0.18248842850441901,0.2004880483624335,0.14693610301511417,0.5577073741498878,0.048324157672797394,0.3190172455036872,0.362727434607278,-0.035855263347566176,0.1369786706058882,-0.12052447562848001,-0.060636239277367894,0.11690012429159109,0.11403812789209211,-0.0526262386069582,-0.13757266223292416,0.012093455268953978,-0.044281198522935626,0.19376082361373442,-0.1775873643948504
0.11413150058052379,-0.1771770968415313,0.12596275359966175,0.11982081160217872,0.19887908089801493,0.2778848183611459,0.1263331285759736,0.08656523173720086,0.1215868696747509,0.057264704366754945,0.12612124425429855,0.15906246786537687,0.10249813035702673,0.21767597556177057,0.13174476235768365,0.2809747240214614,0.02473187314602926,0.15542840277241646,0.18748126238876864,0.23820285696937396,0.18659964836303514,0.1748881826620659,-0.037455724467385015,-0.12616004187172317,0.10743054873676203,1.9323831578407409,0.20588914879646802,-0.3494959882955099,0.3664400711524149,-0.7442252471934101,-0.031159147813673793,0.2764633914216059,-0.07482898363493651,0.311352679787965,0.1901218943883082,0.2181928168465128,0.30605809466191586,0.15579517054774367,0.1897673096599881,0.3802889173311515,-0.19537270218169273,0.27502912289914605,0.4306025222896578,-0.9280180335270595,1.0228013494755144,0.11660889292912464,-0.24776464892157213,0.0029960156998277386,0.37986116160279276,0.3306423046487531,-0.10277009673952384,-0.09011885268030015,-0.3402137257636014,-0.04039802630809954,-0.06677283334918116,0.020073036772860906,-0.09034076573316235,-0.04254924755815674,0.03088597640892694
0.18251623651086463,0.14416398170638683,0.1979249622765179,0.20344651204586262,0.1904732818380329,0.2221691752830363,0.19856994826827706,0.1532453866705968,0.1662662190105112,0.12230335268113675,0.1915921617651297,0.26445236072825656,0.1367233888335159,0.22052521208575415,0.1622391605193283,0.34560015445192727,0.1734347042109508,0.05226494001083201,0.1694112697484181,0.34277672363337613,0.16060276554413727,0.20814151209020476,0.052830011559323764,0.2115039510767938,0.19344218457366413,0.20588914879646802,0.5378719813395392,0.13484335098813552,0.08320012955184178,0.19733780327272787,0.1669652472701032,0.22230835912742797,0.17880637960735052,0.18053528592504642,0.17913470422454184,0.25591096410248954,0.2618353127844574,0.19622400308108218,0.16355265405747665,0.1662407788196276,0.14413193273282346,0.1653361450564986,0.3871771732702739,0.052510467405157794,0.15874216523873078,0.1544297775086269,0.14506451182741864,-0.009862083534352422,0.3130769986589504,-0.08154831182002245,-0.16405167948397206,0.09823118336075097,0.09362550922273946,-0.009539901813949914,-0.033636924027910506,0.036769340364760976,-0.001651132086550732,0.10968874584526132,-0.14464935499861226
0.1302275649595169,0.10893262445598952,0.3628668241622125,0.28886723902381817,0.03635818573167366,0.18052193669431033,0.12668863778540107,0.21579960599011314,0.18937446690925092,0.19158503059587553,0.15010340835960498,0.11625566893661878,0.07642386300959078,0.15068537004972074,0.12237861902711966,0.10123842311975281,0.5246972144664283,-0.008316418897956245,0.29746770538193523,0.2738987282835075,0.18610226866150587,0.10929837266548534,-0.2413443187897379,0.45739997766864143,0.13126699349216242,-0.3494959882955099,0.13484335098813552,2.746232506191213,-0.6092314695617421,0.5689497012605171,0.4976033622357853,0.20440671581943207,0.7050693243272212,0.047711090976316546,-0.38865003439494933,0.6034156515082317,0.3258747769428233,0.18487390762226782,-0.2884215965800078,0.1393079797159098,0.8822577318415195,0.07475700793486298,0.07911162326886177,2.2382183176834465,-0.9702437259782846,0.19775023105956754,0.09298855023629575,-0.003167618011940466,0.6402090135910936,-1.6507829854028868,0.20332103705301202,0.6539175287570789,-0.13156210959942743,-0.12214049767032664,0.758681046182539,-0.009954153636343919,0.17214363602130658,-0.46200852301822143,0.6178993105047144
0.10187091359126217,0.18292269015830293,0.19876713313217936,0.05729651857602418,0.19810565574949465,0.3111670092847374,0.12402130111447243,0.24854309255621074,0.08453528045809461,0.17605298864262076,0.18505023096883175,0.07384276166775047,0.18043202037038616,0.15687703550986573,0.15430932794872937,0.2340096585929666,0.12938709299015325,0.21085862907862865,0.23037178244034645,0.03475199968647581,0.30416143279670693,0.11153126603176114,0.18967705295517756,-0.01827426287349677,0.2605463353125908,0.3664400711524149,0.08320012955184178,-0.6092314695617421,2.507096790433407,0.12781945732235425,-0.07988252806748783,0.1485834264468243,-0.04327844934503678,0.3348685054850075,0.5723299496435622,0.699025795890461,0.4829775198567901,0.024041076904938535,0.002325176724512602,0.17751948977384258,-0.03474113856621794,0.217437655170405,-0.40747646128174086,-1.3910859814808052,0.6287178035393126,0.4506521070601304,0.32894979257732065,-0.10965449784658633,0.1230365207695346,0.08751793207619628,-0.09668070868557548,-0.0737314286605937,-0.053896399570818376,-0.02537926980331623,-0.4826334343783015,-0.029582152930939007,-0.1604462382821389,0.25564072296947443,-0.09349411846402411
0.4757170971839427,-0.06015036371608131,0.47123438811540136,0.18782992369965795,0.13538985688806712,0.02793256835657721,0.17411862117078733,0.20831376572624,0.33406550682713915,0.39831341598419384,0.25467377834947474,0.14500018632304437,0.12979162409604508,0.23489504925944435,0.37315880638110255,0.10482522550511356,0.3148146330756818,0.14824497006645568,0.12365603613397462,0.6371083455475094,0.3271201486191249,0.22444100434763922,0.6175616998322913,0.9596893940337953,0.43184245163698426,-0.7442252471934101,0.19733780327272787,0.5689497012605171,0.12781945732235425,3.7934894062844204,0.46675432439524456,0.02727198704778902,0.8174692949884337,-0.3041821159086876,0.9398355819046155,0.12370252758929386,1.0615023721425045,0.40389904424690554,0.23833062257931528,0.30541666347960933,1.3297245583208104,0.3063609706708767,0.9605582086467395,1.962472132460255,-0.5210208044258727,0.27502259966362963,1.5983841408734658,-0.005936923458994725,2.0075041613589684,-0.6881054278834351,0.0819699282842889,-0.1566524383384297,0.7283234484456906,-0.03974108568598918,0.22318279029867907,-0.05311058401354463,-0.1323550635420864,0.5030587459752108,-0.25334554843446133
0.188276804827291,0.11896392801598983,0.24030987865517967,0.1799160674125927,0.19941095994363037,0.17393780913181728,0.16206231559274115,0.1478937215195169,0.20502985646404887,0.19494597202444996,0.21183634839067145,0.19861511706548352,0.10158404848009764,0.20209444238469945,0.24984792327607408,0.14876930831514854,0.27303639373589284,0.252112603746293,0.23088819525050353,0.23310302819281503,0.34047248023316523,0.14369572818569684,0.10969920637002135,0.36519504266371255,0.1622238451492373,-0.031159147813673793,0.1669652472701032,0.4976033622357853,-0.07988252806748783,0.46675432439524456,1.0482835096349972,0.17498404797710462,0.2918097256016877,0.08280064577334233,0.2271631474010873,0.5979348592860959,0.4027003739962221,0.20023935559560216,0.35611952829038995,0.1438071492169389,0.4103450433701369,0.2996450557834609,0.11974226905852958,0.4164463274178128,0.04528771338935426,0.3445134748777106,0.398485142147473,-0.02352350378802634,-0.22320853551085126,0.18280214686091456,-0.04255323899470329,0.14673543972993167,-0.03464005467736559,-0.07084591439287376,0.095357462473721,0.033124219822123116,0.10976359370248477,0.030203557509253232,-0.12123160135769238
0.175265339390016,0.021457631734160754,0.21472981953629844,0.2561553830113516,0.1626294478315262,0.24793242405494015,0.19688371035925406,0.15965052095817073,0.16859910875189735,0.1290629796750936,0.2150301991994759,0.24730950237648247,0.12342836513353025,0.3814212764051287,0.12077965307987934,0.23782024268059726,0.22973783021529945,0.12788109661705008,0.20657001210813783,0.2453368296001956,0.19864618060742492,0.22373130034347344,0.12442756602908894,0.24895004505954094,0.16494856770291985,0.2764633914216059,0.22230835912742797,0.20440671581943207,0.1485834264468243,0.02727198704778902,0.17498404797710462,0.566088070281514,0.09728584788097404,0.12052222744203926,0.036369870376220546,0.3291691921486217,-0.009021630154523582,0.1453273245990151,0.25392824889913085,0.11334328715059401,0.14373035768735612,0.17568907663013053,0.21428633221153795,0.07426180196218571,0.04376372458801037,0.18867996800726877,0.14535988335879468,-0.016251603517866833,0.3012021491212936,-0.13031881974849466,-0.05985097318583469,0.09332991377735819,-0.145023340326272,-0.014416899898306794,-0.20846536295311052,-0.04042175452795352,0.22280095274224804,0.08158926326685817,-0.1271327100408454
0.11959211535010798,-0.059507306557652455,0.3892546897398197,0.34306025394445827,0.1626368247976656,0.059649040261423904,0.19157933285123518,0.14378886432111423,0.2906350420559392,0.208484328149648,0.20126910706277534,0.18386943285129595,0.12819911227123834,0.1914537230597715,0.31801424315279786,0.13306693979015982,0.3331538334303129,0.19991546433570553,0.18994003781446128,0.28047882636434307,0.38734985063215066,0.23117311051839717,0.5285476982434558,0.6580008621142883,0.3733181917389592,-0.07482898363493651,0.17880637960735052,0.7050693243272212,-0.04327844934503678,0.8174692949884337,0.2918097256016877,0.09728584788097404,1.7491885660877269,0.03468342495228776,-0.2502060306264868,0.36067784072170767,1.0989445781345946,0.1764903397324502,-0.4071264087140151,-0.22549693143897365,0.19469140981811975,0.3670723362407359,0.01894707150965617,1.578616425678034,-0.4834025083658773,0.2885207961016162,0.5412361593216479,-0.017789689191762992,1.2829183988962058,-0.08650057761389356,0.034919021716835245,0.22448532983102876,0.18819768508201343,-0.20305255510134704,0.24543850024862424,-0.016333468534539267,-0.14625303811790072,-0.04526247580398877,0.23601945737936536
-0.6213071635468974,0.18098943013581978,0.07423908653069242,0.3260981280471021,0.18750185119442797,0.31856758716256167,0.16410424033146973,0.2313175329849613,0.08069634804751158,0.20674763264632112,0.19927827309139864,0.2514010296965799,0.1865140475017415,0.0827209288309583,0.15221873940635203,0.26958823269479676,0.23052408113648548,0.19780956035387934,0.16567141047296013,0.18760261877510911,0.11562808030976969,0.19574590726289826,0.14182151881135213,-0.044678040176100095,0.2667027407278932,0.311352679787965,0.18053528592504642,0.047711090976316546,0.3348685054850075,-0.3041821159086876,0.08280064577334233,0.12052222744203926,0.03468342495228776,1.7265924579922785,0.5664139113541046,0.15892509895938364,0.9027796191152362,0.11024513397509458,-0.0169783974206083,-0.12658851747155014,-0.15315320324016515,0.17250701704703997,0.2897724387248332,0.04239123254174637,-0.10211168284541278,0.30398097931814255,0.07792921904964996,0.0002721209170555627,0.6719037789343094,-0.6040729743561042,-0.3228126250422191,0.09889321603064734,0.08206582768743062,-0.10052242346690857,-0.10564979656058844,0.04707036211433094,-0.33310066357517204,-0.06465522904999436,0.304657853845862
