1.7839974495097188,0.12074457275274679,0.6439654088933688,-0.13829257344972776,0.328122009383531,0.21770436056562456,0.32726110095544514,0.16575011406194376,0.30164364876763333,0.25386396169979825,0.17842559884737463,0.21237530466108118,0.1737579441410553,0.18238581921510885,0.2492847716918538,0.12165347360506022,0.2022752661713008,0.231318218217957,0.2562859976553569,0.19152496604053384,0.15486116868677735,0.19122728580413637,0.15166719653118904,0.03892627239130029,0.16727292886956238,0.09850312929800363,0.13269496769940753,0.12145821108357087,0.10817528147260463,0.47975250486668647,0.17306291092998607,0.11026504754386912,0.10776104966945811,-0.6640781340208789,0.0970329533605195,0.13355440051286754,-0.05407615011469576,0.14682276680692,0.45381142762235716,0.22053927862463685,0.32539009639241046,0.11666389514120096,0.09124338511996598,0.29986149063817036,0.18881867513542366,0.1271276535576336,0.30578028546852903,-0.00021648427356395203,-0.005131737601314522,0.48783317036799484,0.08617206922861587,-0.14463689690425308,0.006760244769268202,-0.014721895818074204,-0.14919548202282315,0.009645616585207859,0.19578383026289556,0.4899496967321295,-0.681769803047026
0.12074457275274679,4.090028952233246,0.1694007468298803,-0.1873549589657247,0.050041615889762546,0.24671144975599846,0.06936687895106194,0.19163837661946145,0.03448644913130914,0.18163814293383837,0.05614432469335714,0.0789342994019041,0.0905292742740848,-0.025571814616259025,0.025908507664914263,0.1145075377631646,0.01252730024515674,0.49405124812107576,0.07224451518435777,0.019899328020114827,0.1686593850477312,0.05246638310611698,-0.09077767950809795,-0.07687724647608346,0.024145139302183493,-0.1677625282899567,0.20134336620680382,0.1127442632362906,0.19200043564538294,-0.01643789007103907,0.14592947813716167,0.01267336804342434,-0.0034545975744727977,0.23095411138619407,0.1924897094142487,0.13782019659596925,0.1391386231276101,0.04461890542511353,0.21844561769245682,0.12977995621240773,-0.0024686850513997707,0.09336404174412247,0.13582500913944168,-0.20257953269816967,0.18295311820180424,0.05426619242590778,0.2053780764999985,0.019954142713827377,-0.4943645489925156,-0.18867174101468748,0.06631839565531449,0.03918609049450033,-0.07895723611833101,-0.06816691473752055,0.11873207253634022,-0.0738407737161276,-0.188577507730714,-0.17166407398903677,0.3276980032514465
0.6439654088933688,0.1694007468298803,1.9598669093501964,0.2975230749425104,-0.11648672516434143,0.29648699883417456,0.2914076813038903,0.38395314203454034,0.36218097291569973,0.3017903743727249,0.2555860990286127,0.291480796577274,0.2582887225797842,0.2530035875022977,0.3528430461836081,0.195517638783352,0.35061687823081916,0.27973293196979887,0.20900891109745431,0.2817766089556097,0.2594757098419367,0.29045951041772644,0.32246120390367966,0.31522792764301943,0.3161596454280413,0.1274454871385041,0.16590325899275996,0.33491186973727094,0.20048699381353335,0.40509739339182405,0.19863748200358802,0.19053086246935627,0.3688934282880818,0.05779609838392739,0.20064725927575333,0.3054173809096892,0.3844192502892322,0.17314580731485127,0.20578080850039665,0.0932100907751141,0.22742737849552852,0.2384093108375274,0.16205114686248093,0.4725957770552224,-0.0233107301466112,0.2690096930399081,0.36937210043038543,0.010231224150608178,0.34066075127939405,-0.17836176984337757,0.11019442853634262,0.30087556470677496,0.021379910218125218,-0.23967308270093993,0.07813587971672872,-0.0855057780053535,-0.10402815740074517,-0.0047946315587609565,0.04828824978867307
-0.13829257344972776,-0.1873549589657247,0.2975230749425104,1.5599046738801943,0.17520163802476674,0.22795378676523942,0.25031515505833796,0.20166028653428203,0.1740859895283375,0.14981675581514697,0.2431480509865732,0.3148800587551589,0.19008260052641532,0.29052933944608156,0.21756747380961147,0.30372493791859595,0.2707109957380507,0.1514543345070246,0.18697687080433345,0.23331532934588206,0.23235222338248132,0.23576121114897575,0.2790396260554072,0.38343780686668133,0.26579983449171984,0.146972447592655,0.20518109468148488,0.3258537509315872,0.07833746659787665,0.17083850181761068,0.1776592775388801,0.26115768383464116,0.3641055763822275,0.3791059339648009,-0.057587041841138775,0.25677177797238027,0.33464586025160836,0.12044410339345653,0.1290138376260321,-0.004974253802877464,0.2015123767282677,0.2229734677987543,0.17143426314693533,0.746503846364103,-0.15075037928673027,0.16670592530115586,0.21513004883769635,0.007536347319668032,0.5579665997161974,0.14604353513094825,-0.11392409807149281,0.1333615159840846,0.04048308159878283,-0.061261807641292236,0.132123050353363,-0.053210684807850954,-0.17580951561486222,-0.08340445639701444,0.24806761124120746
0.328122009383531,0.050041615889762546,-0.11648672516434143,0.17520163802476674,0.9159738357071577,0.2945310455660429,0.19303506212687208,0.06664451261299956,0.2530037653640761,0.18029896788751887,0.17574258700469392,0.2541111188977246,0.1654642652613884,0.19764435830086424,0.22589717830038578,0.2727606007223898,0.1676805844092129,0.17193497608487698,0.47392106818226315,0.1287344264435663,0.2219412618957124,0.22090914308246482,0.11472475570736267,0.15468709717212045,0.1431960081177937,0.23755813694562783,0.20306429460512598,0.04486894216829547,0.20750590045776762,0.12374909536854127,0.22709836263730956,0.1565504565032895,0.1645100070700025,0.230294698863577,0.07094179536207126,0.3344475759732568,0.34451430624306784,0.10937382627056033,0.3579275906446937,0.126854737074941,0.1402133397177171,0.23682803504301353,0.10584268893706414,0.19386360333901706,0.15817520228694776,0.20038635818505726,0.1923889161490889,-0.000799848314356226,0.022502988619600733,0.7983850066058735,-0.0721168538984483,-0.21241394151929324,0.06394854518260784,0.008852042161949401,-0.05784949422696748,0.03919376480762596,-0.13928399970410005,0.15942268996355785,-0.06594340092037673
0.21770436056562456,0.24671144975599846,0.29648699883417456,0.22795378676523942,0.2945310455660429,0.7478818929453329,0.19916467354546952,0.28779275312057123,0.18697200643421283,0.17111370553673289,0.21833620610532253,0.27706476575788086,0.20141130417689823,0.20398051321979044,0.1841968074316283,0.2768100046734961,0.28129941704463446,0.20798159510081718,0.36645623804141547,0.277772475656735,0.21095968640142923,0.2404575062508663,0.11806570092077227,0.17130391641533843,0.22856205643518654,0.29369022713544457,0.22262153653622804,0.16794502610460915,0.33995960654797935,0.01351755503440728,0.16811507450137053,0.24010112777003637,0.04244102200712015,0.36008514368522454,0.25160698298405554,0.21813621171063508,0.18227605758325865,0.17366521380288127,0.3582936982932398,0.12183238136961128,-0.04779358273210802,0.19038578469787346,0.21743417956560385,0.0715409815178426,0.2567123601375719,0.071797706819439,0.20428169706610977,0.014103445969967397,0.12000842530880239,0.08779964794608434,-0.5044383058885651,0.028149749138277613,-0.1446017742985676,0.05777283856698712,-0.1690923155817812,0.008832523345091318,-0.06855581283107655,0.2242924759446611,-0.15466397412922758
0.32726110095544514,0.06936687895106194,0.2914076813038903,0.25031515505833796,0.19303506212687208,0.19916467354546952,0.5385859955139752,0.11488744044154033,0.297088246187647,0.18427897211463887,0.21669308371373655,0.3127361527695831,0.17988411694320464,0.2061920748933926,0.17101924617694125,0.21261800338240497,0.2225408481770498,0.17581535447762323,0.14731774825448374,0.14469841199029906,0.18035969872263202,0.21590454068765466,0.18050016882952197,0.20281646480895046,0.19649477917146482,0.1444524117586415,0.17815234331547442,0.12332585981472163,0.15306198285220943,0.13618973845952598,0.1488882436791325,0.18607221676045266,0.17798979064558615,0.18417297529303492,0.11279759476989662,0.2205927739818613,0.13855132015340232,0.0842064936221029,0.2237863528012059,0.11685091010461458,0.08010513853713983,0.1891473050213836,0.13541986030165218,0.17318762674093816,0.03711837740550458,0.1637343348125247,0.1257733364153626,-6.180309626488637e-5,0.3195940743398959,0.15633460371544522,-0.11810568535254813,-0.007010651085418609,0.06842162008530876,-0.035176439601777604,-0.027996413837556074,0.05630204098008453,-0.023348983349253373,0.1317606435076045,-0.22934290849375438
0.16575011406194376,0.19163837661946145,0.38395314203454034,0.20166028653428203,0.06664451261299956,0.28779275312057123,0.11488744044154033,0.7269286468668583,0.02287710917113721,0.21527917433595295,0.26250876204301254,0.11494989136326625,0.19184390866970377,0.17797455430903003,0.19676068616862424,0.23284831620349605,0.242054355212326,0.1664936035501092,0.17763727284352074,0.22231706350127595,0.1306090942464848,0.1531839532943209,0.1443173984018005,0.18213693625025607,0.2722065561056632,0.05699164512289927,0.1654601564444048,0.20391051862983817,0.28358481803844027,0.2168538300355248,0.11462205342442086,0.15015347673298904,0.15969501219252002,0.24894168548514434,0.2731794443955579,0.1828370308584527,0.22663341546177054,0.13795461312548105,0.1166647304338453,0.04242693159921185,0.09408104749862883,0.1042935932528674,0.12909372411799924,0.08958953892566045,0.011773930768614502,0.1604479417158525,0.2622065906238455,-0.0015230169986505929,0.20727484532309723,-0.21507937446368994,-0.12882001647069938,0.12838257247416146,0.12627206439666258,-0.055048559529096236,-0.24776766525304086,-0.012740210543519289,0.10555377538370372,0.28679005146629905,-0.26068230393337183
0.30164364876763333,0.03448644913130914,0.36218097291569973,0.1740859895283375,0.2530037653640761,0.18697200643421283,0.297088246187647,0.02287710917113721,0.6014361029692754,0.13707691692087115,0.2365070303409109,0.2932557904870366,0.16628416397784423,0.23914292699237283,0.271362560942845,0.1612721421881293,0.19872298297133062,0.18134469267175224,0.21189269198632626,0.18453785288560728,0.191531296725724,0.283681341851432,0.1997822325378717,0.2426744394439262,0.18869062364669525,0.15671437240824618,0.16561872240698222,0.1612927332167358,0.08132830152771275,0.2593278010683736,0.2044121642793955,0.1652139450163394,0.23232194738477702,0.06980235935040262,0.08509934409444095,0.23315041844560586,0.2650692608507725,0.11803808627743125,0.16331988794944358,0.05222010950815739,0.12874964436146005,0.1900180451860832,0.16144717816821447,0.2808304987974647,-0.004395295243912995,0.20033890681544556,0.209106312301669,-0.003920957966628604,0.4509222275214601,-0.07192123067763674,0.028065506419200845,-0.007983303289376693,0.20802773782276443,-0.06792915671884547,0.0870351262117719,0.07722563287311204,-0.05079001911384383,0.0933058315999866,-0.2642183447950795
0.25386396169979825,0.18163814293383837,0.3017903743727249,0.14981675581514697,0.18029896788751887,0.17111370553673289,0.18427897211463887,0.21527917433595295,0.13707691692087115,0.4441056704374221,0.11720313121210313,0.1729153626690798,0.160944534212263,0.13731090586710237,0.1877136443330107,0.15435547416439815,0.20818031106191962,0.2540848791255063,0.18153636527453249,0.17879090376970763,0.1654077291517525,0.16866446488004905,0.20548943755714863,0.1952611168117779,0.19846099100788125,0.06517528494591429,0.12602867753899916,0.1389076681916092,0.1570357250227,0.35982859240495213,0.18854991539509808,0.11865181177989431,0.19368454440138977,0.2041752948233178,0.23904975713140036,0.20163335142703334,0.3587925751653267,0.12896699790142818,0.28601513606272466,0.1355980499030034,0.2477248258714429,0.1528273900664439,0.13071769478361822,0.38564965094808945,-0.010987009492609669,0.20899904685155396,0.3808665331064506,-0.014369055115645958,0.2752985862327099,-0.012718366288296817,-0.0008670498535887148,0.03776583523898173,-0.010315013848548377,-0.07605668876181947,0.018631654419555607,-0.048216070504198814,-0.044706393349543905,0.09551087940639393,-0.086429232198678
0.17842559884737463,0.05614432469335714,0.2555860990286127,0.2431480509865732,0.17574258700469392,0.21833620610532253,0.21669308371373655,0.26250876204301254,0.2365070303409109,0.11720313121210313,0.419671521519349,0.2401934770612694,0.19038440580388727,0.27649016529562626,0.2338095132378758,0.2000095006165683,0.23385645975784117,0.14817793641806196,0.1950615051083832,0.29499908183370943,0.18414884676244425,0.20320781475643854,0.14185143435838776,0.23217250018667276,0.2350200624163335,0.13989155697694863,0.1831196470975317,0.1543753698876556,0.21438676175240762,0.23054240611900587,0.18306083418153352,0.22285490775728437,0.1869898002141959,0.22118427083082642,0.2095105524901758,0.2928595398055721,0.24895015758847297,0.1532324499549441,0.10714981377457068,0.003636676954626559,0.10232617815009065,0.1613768593515681,0.1152236099269008,0.24688409156939967,-0.011181308706382913,0.1970510620569791,0.2216723206920513,-0.0029208659771440427,0.3570993971931923,-0.2514585648639627,-0.07525407696471507,0.06991670119233338,0.19531997720152963,-0.057208831238280404,-0.13845492568093035,0.02119539205275181,-0.05227497684846346,0.18518969456455558,-0.13299600416852392
0.21237530466108118,0.0789342994019041,0.291480796577274,0.3148800587551589,0.2541111188977246,0.27706476575788086,0.3127361527695831,0.11494989136326625,0.2932557904870366,0.1729153626690798,0.2401934770612694,0.5219570329576009,0.17254621307656418,0.24968787780106982,0.216356826867306,0.2708091403362573,0.25331065548333603,0.186252654111861,0.2009527567132919,0.25085106575932575,0.20255962291613996,0.23375127490578168,0.17086616408636357,0.26239545130296466,0.24872125532175798,0.20681875311374948,0.24543084220885877,0.12481323458707291,0.11633292963101814,0.10433881319223705,0.19365287547113572,0.23756823679519412,0.14967576442202904,0.2834131039885246,0.1445836737753823,0.27498623870873484,0.1973437837115778,0.14525852656291977,0.24075400643111913,0.13482368078583576,0.10496329059643768,0.20398620140426402,0.18829185862968628,0.27685906889139267,0.08593268353396165,0.16913865303799755,0.20442073536806699,-0.0028184933542593146,0.2794862582607523,0.02782964518225495,-0.14729559262889746,0.03968512680381314,0.10060328566900187,0.011901016972996387,0.0068611243963930145,0.04565525356936427,-0.11408765311249686,0.09833364913703445,-0.16609736428759522
0.1737579441410553,0.0905292742740848,0.2582887225797842,0.19008260052641532,0.1654642652613884,0.20141130417689823,0.17988411694320464,0.19184390866970377,0.16628416397784423,0.160944534212263,0.19038440580388727,0.17254621307656418,0.2566804606944045,0.13788995030124887,0.14722276737278694,0.1781813162170929,0.16216030955991406,0.14052123675596437,0.15014538618567896,0.1563130758753842,0.13829372508017282,0.18014025974848777,0.1304252331252078,0.16046932509327091,0.17631265933738444,0.11043323798901429,0.15964823734211167,0.06921757436124064,0.20016137205520235,0.1348035283389181,0.1147482722926647,0.15453273550461943,0.1402435423333952,0.2240515521822608,0.17573471997228493,0.17773685329103356,0.21321450759015168,0.08738842881557048,0.12133976318164942,0.05907416749524313,0.10378099193775171,0.12773411180308272,0.11660897141029535,0.11076978264972598,8.929700736231839e-5,0.15655257228944724,0.17255499592607532,-0.008830176119605935,0.2252112834940734,-0.04996532587624315,-0.05091438471514198,-0.011898209296149017,0.03107481629968724,-0.019527211067574466,-0.05261770216570008,0.008380688483830692,-0.07386688933391503,0.052583140726742104,-0.0279157499079164
0.18238581921510885,-0.025571814616259025,0.2530035875022977,0.29052933944608156,0.19764435830086424,0.20398051321979044,0.2061920748933926,0.17797455430903003,0.23914292699237283,0.13731090586710237,0.27649016529562626,0.24968787780106982,0.13788995030124887,0.5111966206915901,0.20544366486974916,0.2869792352550281,0.22079754324209688,0.1081373672874457,0.23006319612601545,0.2900185025173725,0.22006044380778755,0.2468763297064198,0.15706096692171567,0.21093614895208276,0.1993745166393548,0.23663147732350756,0.22563846294445572,0.18141075239687968,0.1669808552554603,0.22268475791774933,0.18132916935080956,0.35841499402629096,0.2095010562441826,0.06223210149820614,0.14127105880434543,0.3644435694987031,0.18852468741377862,0.09438055902350427,0.2622468813578189,0.08363993555525066,0.1952951853678247,0.18866121426141888,0.23249235250769357,0.25553715243163,0.09219874195903455,0.21726790988019834,0.21697577076837793,-0.015524830327406619,0.39703045476973065,0.10157296874778571,-0.02948125012464274,-0.1040775282320737,0.1397126727743228,-0.043084325961261764,-0.18778340827335613,-0.006953646467697786,0.0248998625681207,0.15967278996216241,-0.014841072173476794
0.2492847716918538,0.025908507664914263,0.3528430461836081,0.21756747380961147,0.22589717830038578,0.1841968074316283,0.17101924617694125,0.19676068616862424,0.271362560942845,0.1877136443330107,0.2338095132378758,0.216356826867306,0.14722276737278694,0.20544366486974916,0.6405833283986344,0.15972943994569183,0.19831850450596897,0.2118589375506881,0.232905145139268,0.20672642414774983,0.20737776347906764,0.16622279223652275,0.24833181765191067,0.24070159838053273,0.27370885473962875,0.12475598946491784,0.14548876903679706,0.13480587023253127,0.14820151140311053,0.3743794051203252,0.24625266831077158,0.08647437145998241,0.26441797484174495,0.14413796788569358,0.1689993716398748,0.2669617274163562,0.5203338365006549,0.24219071099167266,0.19565480259387819,0.02680035936426554,0.11737933247742457,0.24242206820082696,0.10269033725255035,0.31177513508173776,-0.13105476806658836,0.2104085040886278,0.3227420359044426,-0.00920407605542847,0.16445680044870514,0.4986117292867047,-0.1959325767323829,0.30293980705153994,-0.21808101637823502,-0.06824004177766668,-0.005165352702738238,0.04065834765780549,-0.1307750259860025,0.1348400279609127,-0.07678698583751092
0.12165347360506022,0.1145075377631646,0.195517638783352,0.30372493791859595,0.2727606007223898,0.2768100046734961,0.21261800338240497,0.23284831620349605,0.1612721421881293,0.15435547416439815,0.2000095006165683,0.2708091403362573,0.1781813162170929,0.2869792352550281,0.15972943994569183,0.7132309052076296,0.24791145284406424,0.1702402653266506,0.24953951049222967,0.23756093086339686,0.23155247388206482,0.29604749020529686,0.0998492405436623,0.21194998878216223,0.263053718232417,0.32551384227969077,0.42055265819331356,0.19280890094793976,0.2691378259300889,0.07638447275910999,0.18068839042188284,0.2600566389212584,0.1885488331950623,0.33090184517984167,0.30210400432142803,0.3470906374260322,0.3033721473021394,0.1474576038353381,0.19654177988129062,0.19694862211727374,0.2586953812083449,0.19102433259567073,0.3521672321383237,0.0781764130035897,0.458779195319334,0.13552626844598256,0.18137007928709376,-0.014946548279723332,-0.02847999640208313,0.008858331860600732,-0.12635919949220809,0.07813851529881355,0.052026243690278716,0.007651301360572799,-0.08599949864357391,0.03304917377560251,-0.10036245300640202,0.10866095511805403,-0.04109470481784713
0.2022752661713008,0.01252730024515674,0.35061687823081916,0.2707109957380507,0.1676805844092129,0.28129941704463446,0.2225408481770498,0.242054355212326,0.19872298297133062,0.20818031106191962,0.23385645975784117,0.25331065548333603,0.16216030955991406,0.22079754324209688,0.19831850450596897,0.24791145284406424,0.6479665744855271,0.2006188683010778,0.24365367610979952,0.3597985633437346,0.2501811594409936,0.2873231733031103,0.25067086688417617,0.3087925667910539,0.2718347662550738,0.047599247992104,0.09628912193866875,0.4681347134268861,0.14972262719738763,0.2862035927489328,0.23852251458757595,0.22225637334252488,0.29820730272590007,0.21381376212393344,0.17526906787436747,0.3588374435872146,0.38128301150890653,0.2115157304124413,0.155449021703756,0.0008533157372944912,0.24680847419426544,0.21692338472304645,0.09013995422676627,0.5649706447080298,0.11912517951014277,0.19720601134999696,0.3077641845625609,-0.006610900453086364,0.2283219213450166,-0.2230224417327343,-0.04170527778958605,0.049056150392508234,-0.060448246424426366,-0.06113440232303107,-0.3330487486351587,-0.047101494041815246,-0.10413194079660879,0.3334986453597483,-0.16004293233198258
0.231318218217957,0.49405124812107576,0.27973293196979887,0.1514543345070246,0.17193497608487698,0.20798159510081718,0.17581535447762323,0.1664936035501092,0.18134469267175224,0.2540848791255063,0.14817793641806196,0.186252654111861,0.14052123675596437,0.1081373672874457,0.2118589375506881,0.1702402653266506,0.2006188683010778,0.8503991389344803,0.16533509116604184,0.06082150318662554,0.23286573711673206,0.21347136585549062,0.5190876862834962,0.2069762830841177,0.26452759802482484,0.1732902014467147,0.08696757101829711,-0.00366249683764979,0.18449214317251483,0.17102250817846845,0.2841919392724495,0.12333147748621895,0.22162629682016963,0.2138192917442742,0.18788174386537587,0.30012757380403476,0.39462014576757354,0.1000711511982613,0.3388741072620628,-0.033652310676730614,0.1523982083310187,0.1740752474181402,0.10321082393041242,0.38951674699278116,0.13532705206286688,0.18690719065109318,0.4581371787121658,0.027731160517492234,0.001280772145902872,0.17999826523156898,0.06720003586598446,-0.14032745751865894,-0.2111556882675262,-0.08714467249032003,-0.16187253381133604,0.01684578021771842,-0.05455658508290844,0.3308767223001549,-0.3447196709417204
0.2562859976553569,0.07224451518435777,0.20900891109745431,0.18697687080433345,0.47392106818226315,0.36645623804141547,0.14731774825448374,0.17763727284352074,0.21189269198632626,0.18153636527453249,0.1950615051083832,0.2009527567132919,0.15014538618567896,0.23006319612601545,0.232905145139268,0.24953951049222967,0.24365367610979952,0.16533509116604184,0.6701915655906256,0.11055250869335471,0.24565258353262515,0.24680909958701036,0.07428091799933799,0.18780166590234224,0.15937404509942918,0.21424740221796346,0.17139962396770403,0.31299535158921715,0.2370416675040383,0.14782522516035076,0.24417549148499862,0.21884127948538873,0.19639768289382903,0.1699057629010834,0.06831196717802655,0.4018945038787971,0.2970761376725681,0.09862538354217665,0.25109054540566317,0.1724690352740346,0.17297629484321844,0.2337135522940157,0.15785575673667024,0.16537385813240751,0.13385065922048983,0.2687775960205243,0.1770737870574785,0.010479339562655062,-0.09318093902847534,0.22037684396576943,0.19720208200534844,0.27946312663189415,-0.19680999146095277,-0.10298059610729883,-0.05775184690117301,0.008813616355631783,-0.060924484959290995,0.12772857319608827,-0.0037964698337931255
0.19152496604053384,0.019899328020114827,0.2817766089556097,0.23331532934588206,0.1287344264435663,0.277772475656735,0.14469841199029906,0.22231706350127595,0.18453785288560728,0.17879090376970763,0.29499908183370943,0.25085106575932575,0.1563130758753842,0.2900185025173725,0.20672642414774983,0.23756093086339686,0.3597985633437346,0.06082150318662554,0.11055250869335471,1.2889969420242848,0.17564267893217694,0.23653469771029206,0.13131728176547483,0.3583750712690483,0.3082730418832048,0.25756458001061966,0.3103877285885924,0.2752103788913837,0.0521482828335893,0.6359374936026017,0.20975082589076022,0.238232677154629,0.2616888374226061,0.19712616201354285,0.3928014859273552,0.08714111433905963,0.6646423973851333,0.6194755490769093,0.37262302477674536,0.138678489592733,0.2923482285002564,0.1298194886533704,0.6458355598484095,0.5993062706999559,0.4818141555231826,0.13129630608455478,0.28995235352650756,0.030291227822160503,0.9119700763293899,-0.2545061987221165,-0.3217163422062874,0.05863736390528882,0.22442247541760035,-0.04139894377573027,-0.15186826276647697,-0.03211701011171695,-0.06225075625586174,0.23480827067481602,-0.13646438133512315
0.15486116868677735,0.1686593850477312,0.2594757098419367,0.23235222338248132,0.2219412618957124,0.21095968640142923,0.18035969872263202,0.1306090942464848,0.191531296725724,0.1654077291517525,0.18414884676244425,0.20255962291613996,0.13829372508017282,0.22006044380778755,0.20737776347906764,0.23155247388206482,0.2501811594409936,0.23286573711673206,0.24565258353262515,0.17564267893217694,0.5024006174006893,0.21204828258167674,0.24012772535981783,0.29926839500066393,0.22518161173625018,0.21896405856351395,0.1657478947830315,0.18733296116643908,0.3170768703248483,0.3133376970169309,0.3435174421651023,0.2004865900398979,0.39144194366914414,0.12797264577970943,0.15064449976159866,0.5318626056179527,0.41800322536740736,0.1324922200547308,0.3615583121949137,0.195716863875793,0.18521069746750035,0.4285309626003524,0.10555982228939063,0.18557974251462336,0.3206564380596674,0.24228245170479548,0.3375026106778401,-0.028892458508714698,-0.11932836213498406,0.21896182633603056,-0.03081640526544487,0.03645099664277965,-0.031113713938489548,-0.07397611223919708,0.002930713438817984,0.005587845989284008,-0.19916602097846478,0.10398186522030949,0.08461899114278389
0.19122728580413637,0.05246638310611698,0.29045951041772644,0.23576121114897575,0.22090914308246482,0.2404575062508663,0.21590454068765466,0.1531839532943209,0.283681341851432,0.16866446488004905,0.20320781475643854,0.23375127490578168,0.18014025974848777,0.2468763297064198,0.16622279223652275,0.29604749020529686,0.2873231733031103,0.21347136585549062,0.24680909958701036,0.23653469771029206,0.21204828258167674,0.7360018201492488,0.3062957035477044,0.24908089423534283,0.2757504796269981,0.18227311416580885,0.20305347120731915,0.14991736587434062,0.10936959528334363,0.22151545472582146,0.1559181877622637,0.23444698769946262,0.2518020779250591,0.20176989894374278,0.1477847672739469,0.17149834279823944,0.271478758261284,0.12745343388993674,0.23324814136988153,0.03694709465960174,0.2051066855004268,0.19414415867577162,0.3335760188779759,0.45285752828363196,0.06357208022886321,0.17037864233832564,0.2543086526759264,0.00592207527340907,0.3350486816759711,-0.06181476956374689,0.003633019752888787,0.01221135104702645,0.03915047518914747,-0.06363524017046496,-0.07278282875458475,0.026238063331375815,-0.12172076471070403,0.1447827731083237,-0.10394201389511738
0.15166719653118904,-0.09077767950809795,0.32246120390367966,0.2790396260554072,0.11472475570736267,0.11806570092077227,0.18050016882952197,0.1443173984018005,0.1997822325378717,0.20548943755714863,0.14185143435838776,0.17086616408636357,0.1304252331252078,0.15706096692171567,0.24833181765191067,0.0998492405436623,0.25067086688417617,0.5190876862834962,0.07428091799933799,0.13131728176547483,0.24012772535981783,0.3062957035477044,1.5343570626123901,0.460171942556315,0.503454632847363,-0.053200579508093676,0.03761920074542061,-0.2102630036941722,0.1704664312147551,0.6365616300013422,0.10231195488042005,0.11020545662132465,0.5437519825564243,0.13779713218844114,0.11471311513557152,0.4317884372413863,0.5652563579001322,0.09845972325601969,0.2335122472502986,-0.3202177965201735,0.2745872499345093,0.16989227782766977,-0.13176555811146135,1.4326658557555048,-0.32732142794079094,0.2016898523262,0.5727444660646944,0.04687259755712735,0.5517080802377675,0.3200694869719692,0.01430230573621953,-0.11572960113937578,-0.042294157078068564,-0.0669132443923621,-0.23638476209331635,-0.04711109327561073,-0.1719933905034619,0.24533136852091106,-0.09114195842637518
0.03892627239130029,-0.07687724647608346,0.31522792764301943,0.38343780686668133,0.15468709717212045,0.17130391641533843,0.20281646480895046,0.18213693625025607,0.2426744394439262,0.1952611168117779,0.23217250018667276,0.26239545130296466,0.16046932509327091,0.21093614895208276,0.24070159838053273,0.21194998878216223,0.3087925667910539,0.2069762830841177,0.18780166590234224,0.3583750712690483,0.29926839500066393,0.24908089423534283,0.460171942556315,1.012024520678845,0.34382320622050444,-0.1184490586035369,0.19424706950824025,0.4479659289840849,-0.017014526098683303,0.9489381953521797,0.35863375539198034,0.23397700066705424,0.6549881786492894,-0.0359922660150842,0.12655108443103052,0.29598001280209807,0.45604715394769585,0.22749054363990334,0.0139045408623625,-0.01225972726639832,0.45826157349622926,0.24858209056594308,0.1564802541352878,1.093513478357269,-0.2627502990575875,0.18262070359819177,0.54671098969975,0.004880478744970623,0.8601746476280996,-0.22498522643760366,-0.06822154435468514,0.22109126517260047,0.12224845165496144,-0.07677614159958672,0.030582088176469253,-0.06529591884988571,-0.04475038686725292,0.11951316101319283,-0.0033672115634579536
0.16727292886956238,0.024145139302183493,0.3161596454280413,0.26579983449171984,0.1431960081177937,0.22856205643518654,0.19649477917146482,0.2722065561056632,0.18869062364669525,0.19846099100788125,0.2350200624163335,0.24872125532175798,0.17631265933738444,0.1993745166393548,0.27370885473962875,0.263053718232417,0.2718347662550738,0.26452759802482484,0.15937404509942918,0.3082730418832048,0.22518161173625018,0.2757504796269981,0.503454632847363,0.34382320622050444,0.9744668081293326,0.11414092421124113,0.19839084450493727,0.16084244263030514,0.28420357651840894,0.4278071831503496,0.15386649674331526,0.16447134538397612,0.3657120296083766,0.3095683726047991,0.28674201796064563,0.3843456455408326,0.5344335503839597,0.2079751602273647,0.05205102408600448,-0.055149072667747344,0.15913814756278305,0.19766823667879777,0.1629646849824649,0.5378757533146273,0.022300471231542104,0.30321981228111267,0.36152268180490116,-0.03394780987781888,0.12340997098278945,-0.44710360682709666,-0.12979055823698518,0.1838545807336315,0.15419162834497427,-0.05105986507020986,-0.09566960494436204,0.01730231678842624,-0.07121720425726556,0.12536808744329309,-0.1061650760123915
0.09850312929800363,-0.1677625282899567,0.1274454871385041,0.146972447592655,0.23755813694562783,0.29369022713544457,0.1444524117586415,0.05699164512289927,0.15671437240824618,0.06517528494591429,0.13989155697694863,0.20681875311374948,0.11043323798901429,0.23663147732350756,0.12475598946491784,0.32551384227969077,0.047599247992104,0.1732902014467147,0.21424740221796346,0.25756458001061966,0.21896405856351395,0.18227311416580885,-0.053200579508093676,-0.1184490586035369,0.11414092421124113,2.05588180004544,0.29008647030714974,-0.3254501068700151,0.38214850659612515,-0.8006143446879923,-0.012723681688682528,0.3053737897061652,-0.06112633008798864,0.36350588716323806,0.2162222512727958,0.27149426871006993,0.3196433503110737,0.1454312191672433,0.2222123936258348,0.43260423512820617,-0.15341242274716635,0.303418441705837,0.489548437708623,-0.9247708619246213,1.169847321011806,0.11383036671186106,-0.25759492407828927,0.0007043613622418658,0.4033487554929651,0.36184358947407713,-0.08526229934009616,-0.12985103805652562,-0.3119350956549114,-0.03048700122087971,-0.02386265171986869,0.037290140317454305,-0.1145102355123201,-0.09521630994164686,0.060562649079698536
0.13269496769940753,0.20134336620680382,0.16590325899275996,0.20518109468148488,0.20306429460512598,0.22262153653622804,0.17815234331547442,0.1654601564444048,0.16561872240698222,0.12602867753899916,0.1831196470975317,0.24543084220885877,0.15964823734211167,0.22563846294445572,0.14548876903679706,0.42055265819331356,0.09628912193866875,0.08696757101829711,0.17139962396770403,0.3103877285885924,0.1657478947830315,0.20305347120731915,0.03761920074542061,0.19424706950824025,0.19839084450493727,0.29008647030714974,0.6335117374253055,0.09732602505789975,0.1337728193696735,0.12291801379139679,0.1594678040949019,0.23841104477070224,0.1556962129173644,0.23577753961651587,0.21964006744442005,0.27129331095208226,0.2337339480998613,0.1666854328355785,0.16783935245887574,0.21295807544367548,0.16649362747252203,0.15532325986121592,0.4453450659223536,-0.041281978333080345,0.2873459092514014,0.12991168513384516,0.11658640897603986,-0.011803611556658395,0.2767998432873096,-0.04844366294357021,-0.1660164990203148,0.11259835052444689,0.09012200560751614,0.010709177914873072,0.042582381743973406,0.05489229058254767,0.0010595462071880592,0.03807447618278209,-0.11116094188539624
0.12145821108357087,0.1127442632362906,0.33491186973727094,0.3258537509315872,0.04486894216829547,0.16794502610460915,0.12332585981472163,0.20391051862983817,0.1612927332167358,0.1389076681916092,0.1543753698876556,0.12481323458707291,0.06921757436124064,0.18141075239687968,0.13480587023253127,0.19280890094793976,0.4681347134268861,-0.00366249683764979,0.31299535158921715,0.2752103788913837,0.18733296116643908,0.14991736587434062,-0.2102630036941722,0.4479659289840849,0.16084244263030514,-0.3254501068700151,0.09732602505789975,2.7661786379317737,-0.6223482993950119,0.5430640954097001,0.47525070578726203,0.21884455680540627,0.6891310849833969,-0.007602454783068731,-0.40461996575260145,0.619207370910315,0.2769956602317453,0.16283447736456053,-0.29436232209150864,0.12158709728296914,0.8893437036406805,0.06000809486729336,0.06319984450315197,2.3320058459614357,-0.9821109077131998,0.18360533642852353,0.05861455429674893,-0.013525289616636826,0.5638347548218212,-1.3345230285941434,0.22089950272208891,0.7061434313311644,-0.18944038621586642,-0.08731468287016893,0.8334217915462172,-0.03064606100272524,0.11503955341069358,-0.5686495674562986,0.7922232585636071
0.10817528147260463,0.19200043564538294,0.20048699381353335,0.07833746659787665,0.20750590045776762,0.33995960654797935,0.15306198285220943,0.28358481803844027,0.08132830152771275,0.1570357250227,0.21438676175240762,0.11633292963101814,0.20016137205520235,0.1669808552554603,0.14820151140311053,0.2691378259300889,0.14972262719738763,0.18449214317251483,0.2370416675040383,0.0521482828335893,0.3170768703248483,0.10936959528334363,0.1704664312147551,-0.017014526098683303,0.28420357651840894,0.38214850659612515,0.1337728193696735,-0.6223482993950119,2.6254451722214274,0.11141647930452418,-0.09271328181618477,0.1777460378664006,-0.039909752284617996,0.39096666522465545,0.6039580879608797,0.7439577675949393,0.4701691931525231,0.024409896102400637,-0.008022201910756274,0.19266778854369598,-0.03315954898120875,0.22864754622110728,-0.4134546294617271,-1.4669254999009196,0.6858181777515662,0.45898981070992734,0.3195601761289632,-0.11755053948586593,0.1321548708884179,0.04294600331687446,-0.12561499067322004,-0.07217047532147369,-0.03229319791499605,-0.004617939302017439,-0.5263643309778299,-0.01659270712233196,-0.15776954906440505,0.27888599373062384,-0.12287490082545643
0.47975250486668647,-0.01643789007103907,0.40509739339182405,0.17083850181761068,0.12374909536854127,0.01351755503440728,0.13618973845952598,0.2168538300355248,0.2593278010683736,0.35982859240495213,0.23054240611900587,0.10433881319223705,0.1348035283389181,0.22268475791774933,0.3743794051203252,0.07638447275910999,0.2862035927489328,0.17102250817846845,0.14782522516035076,0.6359374936026017,0.3133376970169309,0.22151545472582146,0.6365616300013422,0.9489381953521797,0.4278071831503496,-0.8006143446879923,0.12291801379139679,0.5430640954097001,0.11141647930452418,3.9318114733587253,0.46222951990934597,-0.01027423917469076,0.8054079944850637,-0.3904082442767037,0.9657754193462208,0.06844069327732774,1.1247885299434937,0.4354601218757386,0.2683715294923218,0.24861097934975385,1.2996969879707947,0.28149086957809044,0.9480239849081801,1.9905784692589592,-0.5966780473292689,0.27459521388840147,1.6455456317643564,0.0014201543072332144,2.022166003207694,-0.5765632010720025,0.040558421440915024,-0.010241694628810936,0.5337824424120439,-0.07028878906179842,0.19920872236549714,-0.1083876418788771,-0.15101201375851478,0.5440272107891808,-0.21755117710947527
0.17306291092998607,0.14592947813716167,0.19863748200358802,0.1776592775388801,0.22709836263730956,0.16811507450137053,0.1488882436791325,0.11462205342442086,0.2044121642793955,0.18854991539509808,0.18306083418153352,0.19365287547113572,0.1147482722926647,0.18132916935080956,0.24625266831077158,0.18068839042188284,0.23852251458757595,0.2841919392724495,0.24417549148499862,0.20975082589076022,0.3435174421651023,0.1559181877622637,0.10231195488042005,0.35863375539198034,0.15386649674331526,-0.012723681688682528,0.1594678040949019,0.47525070578726203,-0.09271328181618477,0.46222951990934597,1.0870662789876782,0.14964216863902816,0.27899744792038517,0.0817689798845691,0.24573847820335065,0.5950479792652202,0.4262246629287043,0.20080940590663307,0.35155301860260607,0.14206826414632484,0.3950877222444269,0.30403305901256084,0.1220387342309343,0.41780827494668155,0.046287766466402425,0.3404922474253518,0.413401506447647,-0.020010036168888395,-0.28558831307243354,0.2270961227098223,-0.0589367412579109,0.17964541257491667,-0.06380810739036935,-0.0775188366512979,0.1550003348425967,0.04281296107486585,0.06385738019084483,-0.012059838321393603,-0.08245978317154022
0.11026504754386912,0.01267336804342434,0.19053086246935627,0.26115768383464116,0.1565504565032895,0.24010112777003637,0.18607221676045266,0.15015347673298904,0.1652139450163394,0.11865181177989431,0.22285490775728437,0.23756823679519412,0.15453273550461943,0.35841499402629096,0.08647437145998241,0.2600566389212584,0.22225637334252488,0.12333147748621895,0.21884127948538873,0.238232677154629,0.2004865900398979,0.23444698769946262,0.11020545662132465,0.23397700066705424,0.16447134538397612,0.3053737897061652,0.23841104477070224,0.21884455680540627,0.1777460378664006,-0.01027423917469076,0.14964216863902816,0.5820775299129367,0.09100140004000214,0.13565229459514977,0.05298049331352444,0.3389940075468315,-0.05786079286097465,0.08306306141433023,0.2447845517069222,0.11477722426264675,0.15375625872938944,0.16138388770492051,0.22596194621857316,0.08621959875704566,0.09900982502516846,0.18517796255284058,0.11774492409836056,-0.020369302182859487,0.35201854417835043,-0.13726156731115563,-0.028504684032309897,0.06237800194735069,-0.12705505777817708,6.683095491536471e-5,-0.1648887718430297,-0.031783729476305776,0.2007548686908901,0.020086902876676724,-0.06576805757919246
0.10776104966945811,-0.0034545975744727977,0.3688934282880818,0.3641055763822275,0.1645100070700025,0.04244102200712015,0.17798979064558615,0.15969501219252002,0.23232194738477702,0.19368454440138977,0.1869898002141959,0.14967576442202904,0.1402435423333952,0.2095010562441826,0.26441797484174495,0.1885488331950623,0.29820730272590007,0.22162629682016963,0.19639768289382903,0.2616888374226061,0.39144194366914414,0.2518020779250591,0.5437519825564243,0.6549881786492894,0.3657120296083766,-0.06112633008798864,0.1556962129173644,0.6891310849833969,-0.039909752284617996,0.8054079944850637,0.27899744792038517,0.09100140004000214,1.8053334564966983,0.004985286369756311,-0.24805824714636482,0.347601341235609,1.1276822950634096,0.1676225292399414,-0.4333937097825916,-0.25518119241857234,0.1676408553431907,0.3579942988221288,0.004591162504126622,1.59729992613332,-0.4918189551201744,0.2862735378654954,0.5422310623526833,-0.01276810531044997,1.2665980263834653,-0.003951969447897684,0.04593322453883861,0.2546035057394626,0.1802725639161334,-0.2526830412719289,0.2669855106096161,-0.051749753948685605,-0.18111418279435249,-0.10713202985644096,0.36317116001423483
-0.6640781340208789,0.23095411138619407,0.05779609838392739,0.3791059339648009,0.230294698863577,0.36008514368522454,0.18417297529303492,0.24894168548514434,0.06980235935040262,0.2041752948233178,0.22118427083082642,0.2834131039885246,0.2240515521822608,0.06223210149820614,0.14413796788569358,0.33090184517984167,0.21381376212393344,0.2138192917442742,0.1699057629010834,0.19712616201354285,0.12797264577970943,0.20176989894374278,0.13779713218844114,-0.0359922660150842,0.3095683726047991,0.36350588716323806,0.23577753961651587,-0.007602454783068731,0.39096666522465545,-0.3904082442767037,0.0817689798845691,0.13565229459514977,0.004985286369756311,1.9075440117969489,0.6213321285356506,0.1731220619776057,0.9294707851868923,0.13272312063762678,0.013616776546857976,-0.11338268327422084,-0.16265397775250232,0.18608682211920732,0.2915031059532626,0.031168090315014326,-0.0333465564493313,0.28718331200923447,0.06267271819142847,-0.0008125829291988523,0.6076964617294243,-0.4908609457435492,-0.3759930842046775,0.18309576688551402,0.05806573076163311,-0.07071152543422726,-0.07669514005695519,0.056491647790743824,-0.4028506348939062,-0.10171267980572946,0.35630221096671405
