0.9792116517582616,0.2750537641424602,0.42070788344163546,-0.08390093861124122,0.1411779852682294,0.13530181847034087,0.1918588848423058,0.03210705006091244,0.13819954692680175,0.12638195055756726,0.08570512603749969,0.1306343488137218,0.06324431478561493,0.11394066998877125,0.11774240727456042,0.07476536177895823,0.07775233119438942,0.09072266132296979,0.047305817697491884,0.11383132287208046,0.09496931627851816,0.07459925154890445,0.07233215304229772,0.018380400014759317,0.06376646244788793,0.11581931024958528,0.0789012609520481,0.054269001572093245,0.10348000339931254,0.07321367790261739,0.08077176366995423,0.09038430548573682,0.08239294286882026,-0.1652579957482926,0.03868259291455028,0.2207763410743847,0.05981137973083484,0.07732988081324924,0.020882007340445485,0.03853635205764666,0.1371107630639386,0.0822660463526093,-0.058807927122410335,-0.000254846158795108,0.12720955570601508,0.1689095152264484,-0.019348227290845437,-0.14343751443591868,0.00486592803011767,0.03959142555285304,-0.0005415481601267982,-0.01297870467843193,0.008084818472327582,0.009207820464060119,-0.016505427161111877,0.02188924372858969,-0.002667029094242326,0.16202717835484162,-0.21468433880966267
0.2750537641424602,3.1958625577138973,1.0540514748566578,0.2952601414381769,-0.0007117169914243757,0.15051326876726834,0.2924763805996718,0.2910523835977025,0.324841640622141,0.325723536148595,0.23321210659683975,0.21502267266908573,0.23454698500512525,0.10408799656454215,0.40764897561259616,0.19733309598029314,0.289583562966565,0.31739636115760855,0.1334707346503551,0.4333843653650084,0.3496133199357986,0.09886823819620068,0.04189773069591698,0.1769754927873071,0.2464700760594963,0.21516321713122843,0.19629597745260052,0.23829173365024348,0.6873511701744988,0.16231137763516704,0.24851838768890594,0.09900799789606296,0.30980150624854647,0.3186638232725136,0.09144731982650942,0.44053357596593345,0.6366920632282286,0.24117557050255323,0.17343676103658978,-0.006582031288441039,0.295439875379903,0.31779315344609027,-0.042691871793761556,0.001978917988247151,0.3366598191114579,0.40986847177330166,0.2579246564262695,-0.2060700780947885,0.03446144267536813,-0.010856786871874179,0.10546488442493514,0.09517714733012911,-0.0898612876780638,-0.16592053531923467,-0.07608409980422938,-0.21947619435649113,-0.6381417116373185,0.24208402799285644,0.47117237097128906
0.42070788344163546,1.0540514748566578,2.052207742164724,0.007880661387533997,-0.4297467216383502,0.20423375130688018,0.19863668090425587,0.19030365671762178,0.4136057336123247,0.17823399264695966,0.13015710166211675,0.08155857358790318,0.1643336674196036,0.05462503862081816,0.292290797768633,0.06786034729949315,0.2517294131328469,0.21650206302443833,0.18871394296921642,0.25923414745502044,0.23937387131918506,0.24381884753197322,0.15269672975143644,0.13605319421991063,0.17037330740252513,0.10870683990314844,0.08743130107303065,0.23593624190297532,0.5192892686150938,-0.09848826078718617,0.2025741401054815,0.06692847673532214,0.2659584382588799,0.21492957798713622,0.17085951807437397,0.6585926586476314,0.32844459089329403,0.1616240877531205,0.16816776381644397,-0.1560004825142274,0.2751275999044507,0.22379415038034864,-0.4055629805544477,0.012503884547875457,0.06307151974682604,0.5573025273498953,0.09596396945849797,-0.3971753847862473,-0.1914853946442317,0.22821975911229916,-0.1157370171974265,0.13822379772384694,-0.07039463031576686,-0.16242476276936826,0.12663385025575852,-0.06049737510176451,-0.2973374249448914,-0.20173561987042107,0.31438013839545104
-0.08390093861124122,0.2952601414381769,0.007880661387533997,2.196532448306396,0.36509570514490963,0.31082625701331923,0.32385055200399854,0.5045281015236026,0.19388172518801966,0.3496198873963497,0.3646929368596256,0.43578678514135244,0.22996456661965345,0.37923425250081383,0.21472721913669543,0.3365133547732054,0.35693649947117323,0.2481714458035487,0.28154982720447724,0.327919673230612,0.2058122328896442,0.2955273933820984,0.2969510732185487,0.23810486819733576,0.3039509591430372,0.24038947568696972,0.26385316126852226,-0.1113476493389958,0.5054199504510611,0.1609449149910178,0.17238065332324345,0.30628447040418444,0.12206214561333666,0.4768346032553137,-0.3063364556991719,0.2547114619124838,0.2995066299699422,0.18040850783793516,0.2892870688503216,0.05655885383912597,0.17950063748706405,0.21097581964103282,0.30222785571981753,0.04945765055134045,-0.050249853951023285,0.29424632953278185,0.4346945090396064,-0.1612180429911565,0.5031134325226287,0.009459061203994042,-0.05336587604507702,-0.0391605017189422,0.08495406002926677,-0.17488458623404066,-0.34511969665172854,0.037094557545047986,-0.1199521202728031,0.6241962250828825,-0.3564258638256025
0.1411779852682294,-0.0007117169914243757,-0.4297467216383502,0.36509570514490963,1.378127833312346,0.5218766472688315,0.2468468722203308,0.18862127937332443,0.030994268991428344,0.26877072644958605,0.2766073789288385,0.372361480651522,0.18567624996380644,0.22744352148701918,0.20450240809099998,0.3096884471720998,0.23552174466462011,0.13928531672068475,0.15783019496895462,0.25771023718867503,0.17056552105540188,0.22904039855074987,0.2539342824490819,0.15391291853511088,0.22787512024138995,0.26874167024441664,0.22776669172750652,-0.1407682083931323,0.375686963748094,0.18379414065840108,0.10346310811576463,0.2094548747369465,-0.022288831434201843,0.41678647028049337,-0.1959756952984957,0.12473339143093723,0.17727112127603065,0.12481746253681499,0.13953763938281502,0.12387110348647656,-0.06235398737620634,0.17561390834420584,0.583400982049937,0.016494823270081817,0.13855306838418233,0.050420503499575914,0.23875935075323979,-0.22625919065188138,0.10294504602660902,-0.16162988348584165,0.029225366790223934,-0.3676570959107454,0.17840775576664827,0.2607758705602224,-0.08295767389027597,0.013613201060587474,-0.25753383259868806,0.1328353044278684,0.16896771017770265
0.13530181847034087,0.15051326876726834,0.20423375130688018,0.31082625701331923,0.5218766472688315,0.896958540657154,0.17622171994097033,0.2048160635301522,0.18514815776502233,0.22055701705855513,0.2481512976802108,0.2594501448414595,0.17868614663993246,0.1848715848903913,0.27119532549709074,0.22465465158836234,0.2653736368973505,0.1875118816223913,0.2018716667237536,0.3713725000489314,0.21681822529986222,0.3280546905992952,0.2323892098461402,0.1418549104542949,0.2600001414589504,0.3213891821099583,0.21200967696709283,-0.037263068178995135,0.5568681134314643,0.08388783744497445,0.12936876621476062,0.2030905465903166,-0.019431661524855075,0.4509785777283703,-0.10412750432830802,0.16918665281627787,0.2649856721517773,0.1917127254659619,0.26530018322431625,0.05261619878378749,-0.0359230947342815,0.20247113777160122,0.4806837354445867,0.020949196354575927,0.2228280663367016,0.1337913524937612,0.3162302074324963,-0.23005712926232239,0.03932307345807048,0.12813256574460868,-0.38905045493543355,0.02237932549224029,-0.09762794473072833,0.12621668544963405,-0.018405082495940403,0.0496750562382393,-0.2523948961202668,0.17904107819191636,-0.005118210395606796
0.1918588848423058,0.2924763805996718,0.19863668090425587,0.32385055200399854,0.2468468722203308,0.17622171994097033,0.4707661331860007,0.06260218802786022,0.18366759820530992,0.23413633548244975,0.22057334375115045,0.3266369692643759,0.16098322244726487,0.19201357184234435,0.18090857205760508,0.228773348075129,0.2230296468886137,0.18761779092149655,0.1656718462387453,0.17974364926246947,0.18181035637879578,0.2538823475057898,0.21725048237493388,0.14925918839169341,0.1955979573789051,0.14797699684873597,0.17145448737757155,0.028660924777535537,0.34742851964648774,0.11709270421759532,0.13769910388005352,0.1664359376177833,0.09302800845627679,0.2589750233296182,0.017864398805190806,0.3562965800942598,0.1317757920605767,0.10455273537144556,0.1779927159862664,0.04186348045384698,0.12013731890566708,0.17015677781129926,0.010534840418550165,0.014057547102228866,0.02761190037494772,0.2613088975936238,0.09160460721055595,-0.2307581506872745,0.15761012991421522,-0.059654124088808005,-0.03537854968868201,-0.07557255226548973,0.0795995159821066,-0.03863874915191386,0.06591275503277454,0.04199683335122721,-0.17169881636710765,0.1019753364086316,-0.14890167888009243
0.03210705006091244,0.2910523835977025,0.19030365671762178,0.5045281015236026,0.18862127937332443,0.2048160635301522,0.06260218802786022,0.9904652842164716,0.06202585284845708,0.2850795484836249,0.3298871002198093,0.24499345754892254,0.2276376190602533,0.19782385748857698,0.16166118525642575,0.18365908834379438,0.318891467515254,0.202035248220615,0.24774596728443454,0.33869464061351245,0.15699227854400605,0.16165605337974392,0.11733602633708899,0.15552625321964578,0.2828988545875456,0.1926555736728389,0.20237068608529382,0.062184709253324415,0.37078139146304173,0.11644861258510607,0.16303817746805177,0.18617972891503856,0.030100932672966457,0.43447019868931913,0.15095707480924717,0.17338317960997648,0.24633389536643885,0.18252709107612672,0.3324243890469264,0.12558846096304396,0.09675490476878663,0.16606059149999783,0.26448868378860696,0.03070398947175767,0.05224284869527406,0.24838526604069555,0.4674321223690904,-0.1297983949538835,0.2093298398843917,-0.040267560208368774,-0.053524541815779376,0.06496607390036316,0.04746495312309089,-0.1088712137863164,-0.19864709825704813,-0.051732814277279035,-0.05611192388163854,0.5821129921782361,-0.3223763994429595
0.13819954692680175,0.324841640622141,0.4136057336123247,0.19388172518801966,0.030994268991428344,0.18514815776502233,0.18366759820530992,0.06202585284845708,0.6462969019665555,0.0947199788292585,0.10430901247620297,0.08297332964087785,0.14307408180691242,0.15363223931355643,0.14990802870980233,0.09890925292222469,0.17291098869970734,0.13346235674073506,0.13039703797464966,0.11064147841541037,0.16125979760690495,0.20132949785801746,0.15545365227224414,0.14071101348595705,0.1042007224892874,0.16425744600885492,0.0879507148260448,0.029170461646499522,0.2220024097919468,0.05134090320431446,0.1334655373638404,0.10520336917332228,0.15552601891946438,0.21759935135763112,0.016614258461541166,0.28490367151708657,0.19591329768484622,0.07115834293620331,0.1862010421250308,0.01552461046316626,0.16357283236249823,0.1411523925122112,0.006189648373094376,0.017249166768016598,-0.02067879102559942,0.2523006652229153,0.12131672428180769,-0.1288528068765922,0.29760597899583935,-0.0164169273690008,0.05915390443556883,-0.08820494072229913,0.17626401742063055,-0.15668595116802264,0.09996257897497736,0.08701990161360255,-0.17180118540579248,0.007081875662012153,-0.022888102754934636
0.12638195055756726,0.325723536148595,0.17823399264695966,0.3496198873963497,0.26877072644958605,0.22055701705855513,0.23413633548244975,0.2850795484836249,0.0947199788292585,1.0344737704741178,0.19504361242824164,0.26750661154421473,0.1521020125269931,0.2126710599074176,0.18048345431162677,0.1600576864643299,0.2650218653511321,0.25571980854924126,0.14017454237223562,0.36105237657984773,0.19463663582848778,0.1818126087308441,0.18563041004309708,0.16915832810794298,0.20639022799595763,0.21709210116230346,0.20054204035425854,0.00089221209420124,0.40393389154338705,0.16459370226000639,0.21576671123752597,0.17923456338254015,0.10585607937466474,0.33820189178439264,0.012608862869093549,0.34457332717241607,0.3479234756174932,0.19826898918704708,0.2461778411626791,0.11911191903097741,0.21003282106334786,0.20506101145332958,0.13675029040360928,0.018804783754882558,0.11474873547026179,0.3031750163668539,0.3697322717088968,-0.22457797196348,0.25324124000826786,0.059726537809170865,0.0022839582304376013,-0.24494142285255377,0.19263209786911734,-0.047308049455369275,-0.2042651617209833,0.020263249613827562,-0.023426042617885917,0.32855634630324193,-0.20668885121111272
0.08570512603749969,0.23321210659683975,0.13015710166211675,0.3646929368596256,0.2766073789288385,0.2481512976802108,0.22057334375115045,0.3298871002198093,0.10430901247620297,0.19504361242824164,0.5158466905944781,0.35886648486361916,0.21322774825018426,0.1905421931566799,0.26629955103424247,0.22598116707455998,0.32305939361039493,0.21086503087205474,0.2627777615164301,0.27992676415512224,0.19368538263344864,0.2096610562126346,0.2177280596979195,0.15868770095084253,0.24644433562492174,0.11181508285968515,0.20845026161796854,0.021511715677543293,0.4038686302834459,0.15723081735534464,0.16692401608544888,0.16810462112205588,0.0641020549385655,0.3649445479897535,0.06973904077772249,0.3303021304968739,0.1890222047735725,0.15146571056206318,0.2543228200340133,0.10252315479070573,0.1535495991517028,0.18290646825591908,0.1171107445527305,0.020691686463650213,-0.06077260320874405,0.30294499938790026,0.3013112102335728,-0.22235147442052636,0.18121104350852338,-0.04500969490253234,-0.0011381362847058133,-0.07700894397517634,0.14830966470488804,-0.07327381649881823,-0.10581143354824467,0.04329082284182405,-0.13011427156948582,0.24422308286730635,-0.11380718005069945
0.1306343488137218,0.21502267266908573,0.08155857358790318,0.43578678514135244,0.372361480651522,0.2594501448414595,0.3266369692643759,0.24499345754892254,0.08297332964087785,0.26750661154421473,0.35886648486361916,0.763279585972606,0.18671553754044667,0.2014414790592239,0.2526039051916101,0.2365253892873543,0.2976894994878786,0.1574205712564302,0.22245706693365572,0.24377441327977614,0.1645466222237937,0.1780132234686337,0.20225086329028652,0.15145748934746472,0.2718140539161954,0.1498126695131754,0.2577941398285626,0.03610417437029198,0.33302815782079415,0.13372982278116277,0.13319234502386554,0.20687895031801595,0.01901490303495217,0.3177062125089261,0.0829708549558949,0.2936047193409155,0.050269195358434,0.1326591289396537,0.12931547287512743,0.10471361711111914,0.047972705974371734,0.16719703920694562,0.1632640626321194,0.01776544286964785,0.02455009256220124,0.24097512900367798,0.23667400191349583,-0.24678269797097052,0.030275541784848134,-0.19173232672541932,0.05705353593195156,-0.011316315588627853,0.05766088607850911,0.0297580164002192,-0.15894008585149708,0.10707858806375872,-0.06941507647199058,0.3106601292559017,-0.3331115147574448
0.06324431478561493,0.23454698500512525,0.1643336674196036,0.22996456661965345,0.18567624996380644,0.17868614663993246,0.16098322244726487,0.2276376190602533,0.14307408180691242,0.1521020125269931,0.21322774825018426,0.18671553754044667,0.3641071378226196,0.12477130059722474,0.12038495908656388,0.16209380910998658,0.19994124871996138,0.1413918238342121,0.2149168184969084,0.13709289120650406,0.149467458521648,0.2746281464931134,0.15509413934383215,0.11509794357644934,0.1610346450398444,0.12310744480691935,0.15382171662088756,0.03704993276893738,0.37280249496449175,0.08249988171123088,0.10172253926283496,0.12567845803488528,0.03498122034074201,0.27914824546898004,0.07997256086930889,0.25817980079290515,0.09566696373714696,0.07637875314663585,0.22223620417325554,0.05826125650397237,0.07881304871074861,0.12745579700538437,0.06584456825987144,0.015518862270898964,-0.09006956902010912,0.1908235204122085,0.1834350339197893,-0.18852880934220106,0.14687489215744282,0.03894681414072494,-0.055841351666315715,-0.11668924944119415,0.05277630533075898,0.004492214437848881,0.04242331745647677,-0.0027991209840414946,-0.2053848885180793,-0.050431344794163474,0.20681302803232152
0.11394066998877125,0.10408799656454215,0.05462503862081816,0.37923425250081383,0.22744352148701918,0.1848715848903913,0.19201357184234435,0.19782385748857698,0.15363223931355643,0.2126710599074176,0.1905421931566799,0.2014414790592239,0.12477130059722474,0.48848450753217904,0.11279995133537286,0.22637527177538252,0.17585575600856662,0.11864173230848962,0.15078096476733932,0.22486453463571643,0.13944324797020696,0.20573106060680474,0.18229227687166988,0.18155288565485245,0.16292380442190493,0.24860422776924304,0.18285379772857613,-0.037333751638239765,0.23464137606306315,0.13184935376253923,0.12823813648131485,0.34512060402073946,0.03182706292812314,0.2244337851109434,-0.005872485021867613,0.22725622584885138,0.1459098173410127,0.12798689780175063,0.13704025593771346,0.1042368904332474,0.20336843704308627,0.1636282175558517,0.15716633900688273,0.023228861221754146,-0.008887504656903869,0.18380713625074538,0.268599526466211,-0.14445040688565927,0.403033900885346,0.023275163406593812,-0.01204094451879884,-0.17390339632243518,0.15101084987049598,-0.005384414252772719,-0.4244313486257641,0.04708675904314026,0.03776567570002773,0.47312894303176956,-0.2052447589331271
0.11774240727456042,0.40764897561259616,0.292290797768633,0.21472721913669543,0.20450240809099998,0.27119532549709074,0.18090857205760508,0.16166118525642575,0.14990802870980233,0.18048345431162677,0.26629955103424247,0.2526039051916101,0.12038495908656388,0.11279995133537286,0.659573331948692,0.14579352463391523,0.16845718400146217,0.27082444153763413,0.15608649370238437,0.22130977335458885,0.18873312930217115,0.13360099014761503,0.25370948740929516,0.1367426825822257,0.2496132116912734,0.16009260278398643,0.15549828975731844,0.10398791870397217,0.4779731350492477,0.14903652871080234,0.1484903134686089,0.123964297735437,0.09362655231628596,0.29844624662944086,0.02304804374510361,0.3403961946995917,0.22687480115617692,0.11215911060293038,0.1803464690288023,0.026788994783796278,0.09495146284147865,0.17221426932211428,0.2101965764576822,0.022805845523390496,0.040600173860564,0.27263739965288464,0.19154665319503855,-0.2579089150401709,0.07000573102391662,0.10721407561471137,-0.18230395827516271,0.20833557647848477,-0.19792861676557505,0.0018975372024533426,-0.012573309817233851,0.10201421501463878,-0.2145103217690554,0.1454871912682207,-0.06174729168226803
0.07476536177895823,0.19733309598029314,0.06786034729949315,0.3365133547732054,0.3096884471720998,0.22465465158836234,0.228773348075129,0.18365908834379438,0.09890925292222469,0.1600576864643299,0.22598116707455998,0.2365253892873543,0.16209380910998658,0.22637527177538252,0.14579352463391523,0.6711869288152194,0.3391402016553405,0.15109039684035735,0.295965484132661,0.25384799355779875,0.1830276157320511,0.2715270605217961,0.15732907424448495,0.13849012220387555,0.2559017423758798,0.2563937803039805,0.2457421161527675,0.07299933603139493,0.40466189462555424,0.20824798494909894,0.12714811503782525,0.2041887827306831,-0.049108657701021234,0.32138125421970737,0.2458342657682687,0.2693654535045707,0.1311124599493905,0.1340408310975525,0.24077653239164204,0.16731487418401134,0.10867708091988808,0.22397407268676114,0.23777702962473046,0.028774055107760363,0.09165912561107876,0.1779437087719204,0.2700499682524965,-0.19588768665826317,0.10488215176264928,-0.11709891926852117,-0.07427572350927361,-0.08214076793265754,0.09494290026424773,0.02762375567140777,-0.16771506647591775,0.02653588662987617,-0.21363367728852936,0.22410503039540347,0.11534451946334345
0.07775233119438942,0.289583562966565,0.2517294131328469,0.35693649947117323,0.23552174466462011,0.2653736368973505,0.2230296468886137,0.318891467515254,0.17291098869970734,0.2650218653511321,0.32305939361039493,0.2976894994878786,0.19994124871996138,0.17585575600856662,0.16845718400146217,0.3391402016553405,0.8993842226323626,0.08942738391713072,0.34308848416372345,0.4307176766227893,0.2277956577295521,0.3444159550979289,0.20466732139594085,0.1798011431514959,0.2834062284430592,0.022554093848529765,0.24830575586899326,0.02641521771167211,0.468305639206549,0.18470999094312898,0.18952880958257004,0.15535010626442775,0.09709386437149786,0.3997932778740534,0.05798551869944596,0.35404898755787023,0.43794860480004816,0.2303870651218343,0.2818594844295532,0.09839095294594091,0.22637800443078568,0.2272699062160136,0.099384202557019,0.024495717790106997,-0.011394451412544955,0.3436899409644704,0.4597679911667676,-0.2426626993453152,0.18093886162322317,0.14280544888088825,-0.017342838392377546,-0.24454002580476222,0.14083241230795693,-0.0946485178037707,-0.09480333032518827,-0.02193730043283987,-0.23163824483213521,0.1829522283684854,0.14983307160323855
0.09072266132296979,0.31739636115760855,0.21650206302443833,0.2481714458035487,0.13928531672068475,0.1875118816223913,0.18761779092149655,0.202035248220615,0.13346235674073506,0.25571980854924126,0.21086503087205474,0.1574205712564302,0.1413918238342121,0.11864173230848962,0.27082444153763413,0.15109039684035735,0.08942738391713072,1.0744916844398458,0.3055227903811613,0.036798696825816615,0.21900226920837373,0.39090977515519704,0.5532686496597345,0.05990968724533429,0.22510396318147224,0.30404237685800056,0.12828901613589994,0.022581960658167654,0.5789983793629874,-0.022873606678405493,0.24910898335760762,0.14940309991591597,0.04719716181958405,0.3375522869347343,-0.1221138639303301,0.5185645851567551,0.12108200820749106,0.03860686190610725,0.33354454070641276,0.1443245772358501,0.2110267838636371,0.17646888671114275,0.021037027138478513,0.015661428051423315,0.02575365507147615,0.4275963272281172,0.26239840656548663,-0.25478997548564614,0.10225396888390931,0.20364010701150062,0.3546112224101199,-0.07238582487433229,-0.43845861877037356,-0.2696285136254157,-0.005769307718234209,0.09315546541508606,-0.03264933402366389,0.2118032232621763,-0.34786504772856786
0.047305817697491884,0.1334707346503551,0.18871394296921642,0.28154982720447724,0.15783019496895462,0.2018716667237536,0.1656718462387453,0.24774596728443454,0.13039703797464966,0.14017454237223562,0.2627777615164301,0.22245706693365572,0.2149168184969084,0.15078096476733932,0.15608649370238437,0.295965484132661,0.34308848416372345,0.3055227903811613,1.5642703778128946,-0.17889611016830173,0.1423495563366677,0.607342562977038,0.19818246194456585,0.1945607439259761,0.184867712771022,-0.1362548757980784,0.08587455381171274,0.1313338557765859,0.3669703163715115,0.38435244380137973,0.13896994106726288,0.1379408766830692,0.2401320226431363,0.053168184682733925,0.031977254406587795,0.5334166952258059,0.025248259064506763,-0.05967327773153107,0.1726496218272603,-0.07218811079281441,0.10984400845969049,0.10805239546621544,-0.03312833527690065,0.03780500930564999,-0.2759354047482629,0.4471700676450903,0.006825835438030819,-0.4196771939430535,-0.30856151077183186,0.370286881561612,-0.013964078020480861,-0.3524285202842705,-0.050377930474977566,-0.026532785440176534,-0.058405071525471856,0.06490861637955182,-0.14774999842040365,0.11950722056600376,0.007258138863461693
0.11383132287208046,0.4333843653650084,0.25923414745502044,0.327919673230612,0.25771023718867503,0.3713725000489314,0.17974364926246947,0.33869464061351245,0.11064147841541037,0.36105237657984773,0.27992676415512224,0.24377441327977614,0.13709289120650406,0.22486453463571643,0.22130977335458885,0.25384799355779875,0.4307176766227893,0.036798696825816615,-0.17889611016830173,1.4980907970314716,0.29358871607481646,-0.11060499366805741,0.10460819113277997,0.15116152024415852,0.3195527685398731,0.6162999036385077,0.4289818177073064,0.007869497165394736,0.5836458818205558,0.3630459589503315,0.32192023420611954,0.22476301865222564,-0.06819473356475843,0.5481367095953407,0.16511098635734484,0.254751844850377,0.6669094950560649,0.7318990325872533,0.4820181850826772,0.37541406604632294,0.3807871954157744,0.41962354810557534,0.5849945297563078,0.0030385723631311157,0.6746771976935537,0.25171600474790035,0.49831923858295757,-0.10275031723631335,0.6714249526322291,-0.08706693207561855,-0.3145484689922419,0.09875852273965643,0.22641940343148426,-0.11399070003375539,-0.20071825615780253,0.022022248880416664,-0.08424986679182132,0.3149316469212613,-0.13224385383918322
0.09496931627851816,0.3496133199357986,0.23937387131918506,0.2058122328896442,0.17056552105540188,0.21681822529986222,0.18181035637879578,0.15699227854400605,0.16125979760690495,0.19463663582848778,0.19368538263344864,0.1645466222237937,0.149467458521648,0.13944324797020696,0.18873312930217115,0.1830276157320511,0.2277956577295521,0.21900226920837373,0.1423495563366677,0.29358871607481646,0.5229902648000828,0.10438339201939824,0.10871060744208517,0.20118770764025526,0.19548391135275212,0.04505814582432668,0.16091038025940352,0.18928792116631327,0.3753477468377147,0.28491654968800983,0.2756540857955816,0.12976818948889995,0.305612644277664,0.20356913462232915,0.12385878015474894,0.49015908411042297,0.4186048604544342,0.1732847429049719,0.3027314901763997,0.1338934690997535,0.2919593580222646,0.36390346994764006,0.0547785580579982,0.00677350479471011,0.32948358394984845,0.34153275992530024,0.3042241011088465,-0.25850589383581707,0.006320377128297723,0.07516363633992479,-0.07853457818259585,-0.0894253608154998,0.08648487866588578,-0.06190255520064085,0.01956828410951466,0.007479755796369162,-0.19507622304652958,0.10446750756606185,-0.0001431341413044877
0.07459925154890445,0.09886823819620068,0.24381884753197322,0.2955273933820984,0.22904039855074987,0.3280546905992952,0.2538823475057898,0.16165605337974392,0.20132949785801746,0.1818126087308441,0.2096610562126346,0.1780132234686337,0.2746281464931134,0.20573106060680474,0.13360099014761503,0.2715270605217961,0.3444159550979289,0.39090977515519704,0.607342562977038,-0.11060499366805741,0.10438339201939824,1.9401663232277486,0.44594071059275925,0.028743195775763838,0.15204327466655448,0.24707381565430572,0.15711978002887336,-0.16278126308921181,0.6256384104930759,-0.2597995722188609,0.055984665628285,0.26926148003025036,-0.17157644443935213,0.48695154772006494,-0.10854895396587767,0.25004011521045655,-0.13973109080856,-0.03615402932780757,0.48574731830533835,0.02832370705597394,-0.20203910058622118,0.06836509296481767,0.020413543642839913,0.04597553758228096,-0.21084436565872175,0.161266565130629,0.21007199006491056,-0.28457944984829253,0.1477819038248096,0.2780442545287769,0.019490700461694908,-0.5901633277623782,-0.11696849509220686,0.047391246876611365,0.03636635680763743,0.09644754226232803,-0.22904539631795867,0.028368182085051645,0.05321920853260724
0.07233215304229772,0.04189773069591698,0.15269672975143644,0.2969510732185487,0.2539342824490819,0.2323892098461402,0.21725048237493388,0.11733602633708899,0.15545365227224414,0.18563041004309708,0.2177280596979195,0.20225086329028652,0.15509413934383215,0.18229227687166988,0.25370948740929516,0.15732907424448495,0.20466732139594085,0.5532686496597345,0.19818246194456585,0.10460819113277997,0.10871060744208517,0.44594071059275925,1.323078276848314,0.12629849154905665,0.3433124911886692,0.23104562624397,0.10480517290307335,-0.39853461792775485,0.7816631650626185,0.061160198793693527,0.023783068568454288,0.1568831946962109,-0.15726448007192617,0.47724836878891275,-0.42319345906597544,0.8275971738673396,-0.14362410436991693,0.04594803145085186,0.28485029649216986,0.1022164269024221,0.2545854968763699,0.1064349755543835,0.0498308026135156,0.06356624838771534,-0.4937422412185276,0.5129923164048376,0.20829654043304857,-0.5328289469361809,0.4700484586057502,0.06805940511635736,0.0746673319054231,-0.2526817486478998,0.041649191819407794,-0.08319590262035412,-0.0986379479918679,0.10036776184748054,-0.0993564153756664,0.20512868217215663,-0.15443719859270064
0.018380400014759317,0.1769754927873071,0.13605319421991063,0.23810486819733576,0.15391291853511088,0.1418549104542949,0.14925918839169341,0.15552625321964578,0.14071101348595705,0.16915832810794298,0.15868770095084253,0.15145748934746472,0.11509794357644934,0.18155288565485245,0.1367426825822257,0.13849012220387555,0.1798011431514959,0.05990968724533429,0.1945607439259761,0.15116152024415852,0.20118770764025526,0.028743195775763838,0.12629849154905665,0.7046750708498698,0.19152534995876955,-0.21215460448577927,0.1392005988422586,0.3740999742287071,0.13142337723746214,0.6229318456996394,0.24183705521419235,0.18026508067998911,0.8416586179894008,-0.10398647199693947,0.05709785475586628,0.5594900760909804,0.41943617372119074,0.08746186742183008,0.03758079452609175,0.003564045657248688,0.2836099582049184,0.20806858040773338,0.16587254526445078,0.05821744091183825,-0.23158204954479097,0.4937013334864776,0.1882884381601283,-0.3785569492815781,0.3531449950046902,-0.0677660301950941,-0.09324208054382102,0.055861392625289344,0.2010262272078862,-0.06995260325994528,-0.14689711548183138,-0.0010989512702587454,-0.03598019568825676,0.20033838233263018,-0.10375898583906537
0.06376646244788793,0.2464700760594963,0.17037330740252513,0.3039509591430372,0.22787512024138995,0.2600001414589504,0.1955979573789051,0.2828988545875456,0.1042007224892874,0.20639022799595763,0.24644433562492174,0.2718140539161954,0.1610346450398444,0.16292380442190493,0.2496132116912734,0.2559017423758798,0.2834062284430592,0.22510396318147224,0.184867712771022,0.3195527685398731,0.19548391135275212,0.15204327466655448,0.3433124911886692,0.19152534995876955,0.9031600681912624,0.14334049500276516,0.20911244518568428,-0.027217822921852094,0.6847433798465727,0.3690440747208205,0.12274943955772892,0.1391679498498939,0.01769217781903499,0.507332492989481,0.1003808421545859,0.35077992287887466,0.27374591682162563,0.17354401908092779,0.3565192836920959,0.07919960962738308,0.0321366816024007,0.20124288075510263,0.41897330845709135,0.05357979943560421,0.0542467134731221,0.38544399997853696,0.38251256791465815,-0.34431563729872605,0.034540722889189614,-0.3394211761391275,-0.2296172829706107,0.10301981126036508,0.2620665549900142,-0.042296045480247686,-0.020602599523225427,0.05354259219165241,-0.09072114055298583,0.1651877033031065,-0.13028236606831828
0.11581931024958528,0.21516321713122843,0.10870683990314844,0.24038947568696972,0.26874167024441664,0.3213891821099583,0.14797699684873597,0.1926555736728389,0.16425744600885492,0.21709210116230346,0.11181508285968515,0.1498126695131754,0.12310744480691935,0.24860422776924304,0.16009260278398643,0.2563937803039805,0.022554093848529765,0.30404237685800056,-0.1362548757980784,0.6162999036385077,0.04505814582432668,0.24707381565430572,0.23104562624397,-0.21215460448577927,0.14334049500276516,2.1269140214140876,0.22804740251887362,-0.2592971820676085,0.14489208759646027,-0.5690680052408728,-0.05143898109072211,0.3437586751626502,-0.836818116640382,0.7380811617835393,0.2186628660497362,-0.3094624688442826,-0.4347614142759134,0.2856494648382061,0.43498040379626074,0.37461104269370393,-0.21910621196207541,0.22808650886683157,1.0140098076816653,0.008749647407502652,1.057526021490263,-0.4026860450261586,0.0847208527357413,0.23031575615650277,0.19738001051738932,0.03540898940749659,-0.011255647994653308,-0.10099291064831616,-0.37355190616278,0.12383199406681539,-0.20838856386942015,0.10683129256945342,0.026829489912861795,0.35071676002140506,-0.3273232082965441
0.0789012609520481,0.19629597745260052,0.08743130107303065,0.26385316126852226,0.22776669172750652,0.21200967696709283,0.17145448737757155,0.20237068608529382,0.0879507148260448,0.20054204035425854,0.20845026161796854,0.2577941398285626,0.15382171662088756,0.18285379772857613,0.15549828975731844,0.2457421161527675,0.24830575586899326,0.12828901613589994,0.08587455381171274,0.4289818177073064,0.16091038025940352,0.15711978002887336,0.10480517290307335,0.1392005988422586,0.20911244518568428,0.22804740251887362,0.5506900789478881,0.06505906534646191,0.3050741868931712,0.18748416537624266,0.18433140299726644,0.20678846151025823,0.04400394481562215,0.289498368929131,0.11339310185201622,0.2347241107355199,0.23225067395960977,0.21673308139328887,0.21397725468653062,0.15417751220445497,0.09478406992216383,0.19198576979224455,0.41930462345529607,0.0055692730551307424,0.172436490005724,0.17552492952527765,0.2336992961833307,-0.17430180535768122,0.27886095202984057,-0.08895169414948663,-0.10331749518916278,0.009338645842341035,0.06615255697611393,0.01647567024079694,-0.1332948832919001,0.035767288405425805,-0.059368877112824014,0.20522083601462726,-0.0881504762213628
0.054269001572093245,0.23829173365024348,0.23593624190297532,-0.1113476493389958,-0.1407682083931323,-0.037263068178995135,0.028660924777535537,0.062184709253324415,0.029170461646499522,0.00089221209420124,0.021511715677543293,0.03610417437029198,0.03704993276893738,-0.037333751638239765,0.10398791870397217,0.07299933603139493,0.02641521771167211,0.022581960658167654,0.1313338557765859,0.007869497165394736,0.18928792116631327,-0.16278126308921181,-0.39853461792775485,0.3740999742287071,-0.027217822921852094,-0.2592971820676085,0.06505906534646191,1.481755673620314,-0.29688022575517026,0.3061145219934941,0.3475330334154885,0.061318109378370914,1.0504198672081708,-0.467578971032297,0.9612058517618849,0.640724304820981,0.323468805783959,0.024749413372422077,-0.12782789374811968,0.07807004856779069,0.18703712425454627,0.21048052304023443,-0.3633618762666679,0.08333685924023332,-0.020086452626026395,0.39953302503297383,-0.06942918068038174,-0.3515979522119164,-0.3505324983402827,0.038144080102956994,0.003974727631009442,0.9030659284012021,-0.8641482512472021,0.024694776388388236,0.11006322297523638,-0.0010672325035879888,0.027684488808859535,-0.1011204455852979,-0.0639379351612413
0.10348000339931254,0.6873511701744988,0.5192892686150938,0.5054199504510611,0.375686963748094,0.5568681134314643,0.34742851964648774,0.37078139146304173,0.2220024097919468,0.40393389154338705,0.4038686302834459,0.33302815782079415,0.37280249496449175,0.23464137606306315,0.4779731350492477,0.40466189462555424,0.468305639206549,0.5789983793629874,0.3669703163715115,0.5836458818205558,0.3753477468377147,0.6256384104930759,0.7816631650626185,0.13142337723746214,0.6847433798465727,0.14489208759646027,0.3050741868931712,-0.29688022575517026,3.2778786329978717,0.43775880303450887,0.19329847083001206,0.20906498279198926,-0.3249208311282089,0.9755262056998995,-0.38729759456702,1.0261288508912474,0.1263392926843905,0.2722545337671331,0.4900459467040079,-0.02795615496562413,0.12957515195643954,0.2774659079739072,-0.25228197213941805,-0.05921462803434438,-0.3105589982228895,0.659630107000032,0.7811963347335327,-0.9268824390109534,0.8630047634880346,0.45524461564271873,-0.8485429306080752,-0.03999471676279233,-0.08952410789423514,0.14579043469797945,-0.05958823864146889,0.07137822191943484,-0.46338731180260256,0.1954715969770057,0.15810412060547258
0.07321367790261739,0.16231137763516704,-0.09848826078718617,0.1609449149910178,0.18379414065840108,0.08388783744497445,0.11709270421759532,0.11644861258510607,0.05134090320431446,0.16459370226000639,0.15723081735534464,0.13372982278116277,0.08249988171123088,0.13184935376253923,0.14903652871080234,0.20824798494909894,0.18470999094312898,-0.022873606678405493,0.38435244380137973,0.3630459589503315,0.28491654968800983,-0.2597995722188609,0.061160198793693527,0.6229318456996394,0.3690440747208205,-0.5690680052408728,0.18748416537624266,0.3061145219934941,0.43775880303450887,2.675164537190794,0.33285848843056987,0.03221944054008455,0.7702403670443011,-0.44618177771121315,0.22085339406254031,0.6868670419728812,0.6242294533771842,0.168528335599579,0.038353916648157696,0.04468555725578473,0.43523220240129384,0.2868898820331359,1.4769123602968006,0.12476584398989272,0.2055379898821537,0.6382422123082573,0.2523115225789378,-0.5565155149868793,0.18979648960269205,-0.4239731886370302,-0.23027388291158774,-0.30395254762278073,0.7842198922586812,0.027463346820339726,-0.10973954839702107,0.02626063356679541,-0.0911298403884514,0.25100925900086996,-0.13317284776301927
0.08077176366995423,0.24851838768890594,0.2025741401054815,0.17238065332324345,0.10346310811576463,0.12936876621476062,0.13769910388005352,0.16303817746805177,0.1334655373638404,0.21576671123752597,0.16692401608544888,0.13319234502386554,0.10172253926283496,0.12823813648131485,0.1484903134686089,0.12714811503782525,0.18952880958257004,0.24910898335760762,0.13896994106726288,0.32192023420611954,0.2756540857955816,0.055984665628285,0.023783068568454288,0.24183705521419235,0.12274943955772892,-0.05143898109072211,0.18433140299726644,0.3475330334154885,0.19329847083001206,0.33285848843056987,0.8122193905317411,0.13694487234789754,0.5140022488528496,0.08571600402036744,0.19135601938484806,0.6630852659646161,0.48232659414630813,0.20524758520517042,0.33862160719483536,0.1268591007219923,0.3757045002787001,0.2667509714990148,-0.06558685168707633,0.02611195345624249,0.07194461572309235,0.5718624405227934,0.30973078124325093,-0.3771371501010714,-0.024049252119862603,0.11947571768599158,0.020235462094548014,-0.03671991312614214,0.04730437922188975,-0.16929603586939787,-0.01901948777266037,0.04262172410709841,0.06788976419866133,0.09669748097270163,-0.2557331320352935
0.09038430548573682,0.09900799789606296,0.06692847673532214,0.30628447040418444,0.2094548747369465,0.2030905465903166,0.1664359376177833,0.18617972891503856,0.10520336917332228,0.17923456338254015,0.16810462112205588,0.20687895031801595,0.12567845803488528,0.34512060402073946,0.123964297735437,0.2041887827306831,0.15535010626442775,0.14940309991591597,0.1379408766830692,0.22476301865222564,0.12976818948889995,0.26926148003025036,0.1568831946962109,0.18026508067998911,0.1391679498498939,0.3437586751626502,0.20678846151025823,0.061318109378370914,0.20906498279198926,0.03221944054008455,0.13694487234789754,0.5387719649979185,-0.04486827090266624,0.22136663074684526,0.04088809950116233,0.171689972870655,0.03545202446028673,0.12803160265205304,0.06877357046408933,0.11779488915372537,0.11803277897757583,0.161077833291365,0.21823372661262605,0.011513363579626455,0.11091887415375579,0.133329965286227,0.22763798127415377,-0.15442996437767234,0.20828868101495965,0.006908887790807176,0.027204816223124425,0.11484297690109255,-0.26741200788932706,0.07847049037868183,-0.3592904979619017,0.04103042332683312,0.14556059549144418,0.3841020012830401,-0.3068705267556901
0.08239294286882026,0.30980150624854647,0.2659584382588799,0.12206214561333666,-0.022288831434201843,-0.019431661524855075,0.09302800845627679,0.030100932672966457,0.15552601891946438,0.10585607937466474,0.0641020549385655,0.01901490303495217,0.03498122034074201,0.03182706292812314,0.09362655231628596,-0.049108657701021234,0.09709386437149786,0.04719716181958405,0.2401320226431363,-0.06819473356475843,0.305612644277664,-0.17157644443935213,-0.15726448007192617,0.8416586179894008,0.01769217781903499,-0.836818116640382,0.04400394481562215,1.0504198672081708,-0.3249208311282089,0.7702403670443011,0.5140022488528496,-0.04486827090266624,2.6025585897340493,-0.9116241248712008,-0.3101700391834263,0.9813016442324487,1.0456930892804062,-0.004091310865457935,-0.1780715696637895,-0.2520013428582591,0.46576339399055355,0.27318454456130165,-0.24612199820920388,0.07522089071632865,-0.6814406070532051,0.9873949270427709,0.054700670182561195,-0.6103667959161839,0.3520906931948287,0.28257494059203453,-0.09369860472108475,0.27898035786166137,0.16246710054431765,-0.3751578338405453,0.1171499957527243,-0.09799996628658379,-0.08221989468431669,-0.022500180935416364,0.01458391212391494
-0.1652579957482926,0.3186638232725136,0.21492957798713622,0.4768346032553137,0.41678647028049337,0.4509785777283703,0.2589750233296182,0.43447019868931913,0.21759935135763112,0.33820189178439264,0.3649445479897535,0.3177062125089261,0.27914824546898004,0.2244337851109434,0.29844624662944086,0.32138125421970737,0.3997932778740534,0.3375522869347343,0.053168184682733925,0.5481367095953407,0.20356913462232915,0.48695154772006494,0.47724836878891275,-0.10398647199693947,0.507332492989481,0.7380811617835393,0.289498368929131,-0.467578971032297,0.9755262056998995,-0.44618177771121315,0.08571600402036744,0.22136663074684526,-0.9116241248712008,2.1816283921476396,0.12801793396144465,-0.0701507359182879,0.20150382929193394,0.2658666193369242,0.7138952299608997,0.10384586842748829,-0.115958785441222,0.24239424618981295,0.7058354510744475,0.06305368613252267,0.16044242842669632,0.003189249226173674,0.7379099372218054,-0.04308061740045067,0.36153286837534526,-0.3029048907569153,-0.06554223150791207,-0.30481194757586066,0.23753463922406473,0.016375923330032696,0.023968925787269012,0.05333605337710402,-0.3482373405778854,0.08614246424298665,0.21661009099270614
