1.1846434148632774,0.41170739181033816,0.42075968684368337,0.18545590671852458,0.27981115434228077,0.13884078081644044,0.3667045094603069,0.19420839470640755,0.15384878354536155,0.17338158667322906,0.17537956139129826,0.21004943485028146,0.12951444019851802,0.2415128187036098,0.18909028402041234,0.22360071271443527,0.21423715169349578,0.2305008268728712,0.2001810409891534,0.2987911294422441,0.18570600940064885,0.20805840036887147,0.2433237680962518,0.11407800947842778,0.4138964777967899,0.22384572394112837,0.16984846017722088,0.06025553774264052,0.21272732462335603,0.02289537671784514,0.21577805792704605,0.15346094502478855,0.11948746561621505,0.10146650696699347,0.06543920748353002,0.26273668112045045,0.1762204759050372,0.17045958025828936,0.11582108818322302,0.01669982825975681,0.20597154152617325,0.16214105714311272,0.23073167575057077,0.014377704488384872,0.20785553061255446,0.26032944605396713,0.10031961247531934,-0.057171034636027886,-0.18244414136512163,-0.12928021053046246,0.1038846356198937,-0.01667939834350613,0.033447638320279395,-0.02881627842653929,0.02796328260090626,0.046495185300919346,-0.08344017986323841,0.187694788289783,-0.2410697869817404
0.41170739181033816,2.165007646355213,1.189578722987184,0.4795383165299835,0.2510952243782128,0.16098978610909387,0.5280382380416475,0.27735846282991744,0.27422347860283963,0.2897542837538979,0.27662184004408824,0.2785148278010137,0.2350342504426336,0.22201873346334178,0.3475534093144748,0.2617958102993271,0.3901414001571449,0.44045237670220816,0.3095230525534862,0.6694287705567725,0.3071071084509044,0.278304210667227,-0.029095678794546134,0.17117909512551516,0.664502767408491,0.44312045720146376,0.3540239314607143,0.17217332880633893,0.32956547276618825,-0.09885871413996067,0.3396741442423972,0.15219321102716762,0.314168730980309,0.4176216621319739,0.012637162665396977,0.3112800739645865,0.42666884483298223,0.41572335860547927,-0.026531153235171464,0.026447963263838723,0.3258429722250437,0.30562114112756106,0.3506716175862168,0.08122260524667826,0.39608461820926355,0.4512701472776843,0.1643487310773355,-0.05387575939391313,-0.6464979384111539,-0.22961838348796726,0.26354919949601824,0.06492377300088004,-0.00874059022692672,-0.21955460106033153,-0.45155665317572347,-0.18049612393551828,-0.7064961843757084,0.666359680734223,0.2802298580256316
0.42075968684368337,1.189578722987184,2.6707807988136207,0.0950205721286729,0.0014853484943619449,0.20731074400324156,0.23963807307483345,0.21244198547325432,0.29336413019050644,0.18029160473644798,0.10859852375709579,0.203287892143216,0.11703200993587365,0.14042508730948128,0.21583529278301705,0.1886913776325411,0.3197854519549277,0.3022235554436803,0.23299259984667664,0.3385248913053495,0.19737107987778293,0.27214685048302356,0.04265775882868477,0.15840189369883628,0.7086020875875214,0.3604903019464474,0.2130416630802795,0.14919675456771297,0.30719238550377104,-0.44560522433320515,0.2733029953666382,0.15013565892671427,0.2336261593539865,0.34803186041076867,0.04406511966034702,0.4137981798287916,0.48216520232065224,0.26520092729493805,-0.2501917961125333,-0.4795206227122861,0.11756962407557413,0.187757694298185,0.2634898424291347,0.12338940049801761,0.4311399219649034,0.8767593759995789,0.002859138851872502,-0.20147049834824585,-1.511051400546161,-0.3316814020925913,0.4143943878489627,0.07060310446505032,4.430387484981652e-5,-0.22019195339264588,0.15577584963663385,0.12491250032354907,-0.12112216354920274,0.002582444337026296,-0.3410169186253794
0.18545590671852458,0.4795383165299835,0.0950205721286729,1.032500514722632,0.5604669996403839,0.37830185600236216,0.3755397322835309,0.3932735003720413,0.22863507346860432,0.3550166076899666,0.3322389757409854,0.3639575012517984,0.242585974115558,0.38633212930038974,0.2831897744624587,0.38556050985973467,0.3468227487475504,0.25497814929126805,0.36944846272951626,0.3194605752748031,0.3072050058650604,0.31347027560473323,0.20227220752010885,0.22669595507703913,0.21610674130043783,0.2922686715593012,0.25462994299373415,0.02967289379401084,0.2696238609625807,0.08781049806861768,0.2470738334351422,0.15928530055919332,0.22134325349414385,0.4352166227265357,-0.008518267684169013,0.23186497233885395,0.22783599906063942,0.20923939757764257,0.2777124934864974,0.12105165182557001,0.23533730496959687,0.2785069636392253,0.497496976526254,0.048633291320231746,0.07301669429394467,0.08901687194224833,0.16583649046501073,-0.015597510833686589,0.14373761797297083,0.01185263490998584,-0.15927311669678187,0.026758578925027806,0.09861340661680372,-0.06498112184823825,-0.15376560587976307,-0.12068817795791,-0.7194037561614588,0.6841379413028397,0.19852570617009288
0.27981115434228077,0.2510952243782128,0.0014853484943619449,0.5604669996403839,0.9479491074014981,0.321955074601088,0.32981233412889127,0.3837499002366469,0.1929622162760497,0.3009699517892684,0.3197435917738701,0.3562362453488195,0.23840842733259038,0.2972268813849623,0.23905724397833358,0.3232005751638191,0.26399227956000354,0.23515702049468717,0.43247019213744103,0.2469466523758225,0.2461551525601444,0.266821602750385,0.18386053401872432,0.19636198167650976,0.08064473736693352,0.2590534817663566,0.2314752661360523,-0.012094409781461353,0.2664556316130615,0.01582153537506238,0.2156725607671954,0.25971089414631116,0.1129396373923804,0.3489907732128995,-0.00039633451157411627,0.236649248967451,0.05967664824543121,0.15816550476000021,0.266900541818765,0.18149622100708332,0.16532051704688658,0.21182686124455358,0.29352821223574055,0.025345426581960494,0.019172901525828515,0.09651823306222986,0.14265651083173003,-0.023877997216070174,0.2596896336182168,0.052853118273578505,-0.15941098493429634,-0.20056436936297273,0.1960007358545868,0.1198290630630055,-0.134878040896035,-0.03812245831445332,-0.16196345026076323,0.36580193328590954,-0.08216060066788906
0.13884078081644044,0.16098978610909387,0.20731074400324156,0.37830185600236216,0.321955074601088,0.995356231787906,-0.0015586047704406682,0.4783070337774673,0.3240706334361243,0.36581260339359634,0.4218833493686172,0.3944991682344833,0.21663818392032264,0.3490176634958709,0.354357568980654,0.36200101316798416,0.38763000697661976,0.2768084109921311,0.49728525845629923,0.3391844991349902,0.35391103927561235,0.3604931936060316,0.07540548154576772,0.33633177337378795,0.09209626159968069,0.2663766143848854,0.29362316804047467,0.192056173763512,0.2968387586387636,0.05922710137888304,0.27507240576865927,0.30053881852550024,0.10987843448162238,0.31398167891392575,0.12037859735116105,0.28799668271413215,0.1890604120024157,0.2238433004691569,0.3934608896776278,0.17096405477391174,0.2426219215705309,0.29702304264108703,0.3569991226059749,0.014514236430919808,0.17536662095480574,0.09858064831715276,0.18872116027103034,-0.02629221910927222,0.38187108371732575,0.47068125027880725,-0.5200983202919347,0.08779605571072288,-0.22984221730377283,0.1114563531865543,-0.04270187067280426,0.06420236259887613,-0.12241381261145742,0.3109942169320222,-0.2749590270976592
0.3667045094603069,0.5280382380416475,0.23963807307483345,0.3755397322835309,0.32981233412889127,-0.0015586047704406682,1.0569358301791238,0.10977306272516538,0.1991047448217672,0.052901423938212844,0.19397474993946068,0.2567320627817055,0.17704023298513352,0.13904171177089517,0.15817609844930075,0.20774563129687765,0.2667054825939486,0.23148289508391814,0.20135185898470548,0.41194005945935863,0.2930839584077436,0.23510749527578348,0.31921036812510545,0.1655461123914924,0.3041316585416478,0.173209323553085,0.22316835288686893,-0.03672314927623565,0.1824815181328423,0.07635548558751765,0.25942871881400387,0.18336212713336197,0.2615493256565841,0.3176897837852876,-0.1122551342000563,0.2882952651715711,0.2617735604596631,0.23253607893956302,0.2423331669479618,0.11521736246023892,0.2827046533362507,0.2578735413399645,0.2956864702456646,0.04107414434182492,0.12819958632696604,0.2707060849048964,0.14622146239512224,-0.032480582537074004,-0.04947320918873669,-0.20726725351094802,0.13093421020892737,0.07603499819438847,0.17522745992524655,-0.21083212977328875,-0.14680985435842647,-0.014179695677323929,-0.14917349926250628,0.32065501705499144,-0.06734744183222761
0.19420839470640755,0.27735846282991744,0.21244198547325432,0.3932735003720413,0.3837499002366469,0.4783070337774673,0.10977306272516538,0.9405137943398079,0.18675420746778787,0.37765465317329105,0.37862747090552834,0.28858404871925,0.24279231583935623,0.32600331282521966,0.2353116211817124,0.31684913644612106,0.3013192897927396,0.3103728857365774,0.4033432078284208,0.29695907548438666,0.2618127900702018,0.2629309443633326,0.1339814665401362,0.1973680109720033,0.22360959936756486,0.34801431280037126,0.27633653753713255,0.11434132169039263,0.30920508658389817,0.16178758118814784,0.25019428049124626,0.25176311082588604,0.20707581139633954,0.35015028717425806,0.15607089932279064,0.24695580435459527,0.2713795012775208,0.19178026772184095,0.3107384720614331,0.16951659808789743,0.22967168118362624,0.244482838341055,0.39346332277190876,0.07887685396522101,0.15846205215878814,0.21914421684903485,0.2456964167200058,-0.010058413344788941,0.258807867007092,0.053834055013600994,-0.08508011370315165,0.0829220190547046,0.07168778889574584,-0.12536988705672705,-0.040832529202802045,-0.044530118630844405,-0.14690059491602886,0.4161656401451154,-0.19290222127555814
0.15384878354536155,0.27422347860283963,0.29336413019050644,0.22863507346860432,0.1929622162760497,0.3240706334361243,0.1991047448217672,0.18675420746778787,0.8183334926767001,0.21758923273989297,0.20996544473480985,0.21482621541133645,0.14562048949402337,0.26631002147630334,0.2467599230916079,0.25137341076057934,0.28843336103553746,0.23603458061055355,0.3323511393371931,0.2741342724117388,0.27228380888944215,0.5033267416615697,0.240728977377143,0.2370541007583927,0.18679369431775436,0.3986581878992052,0.22966268670959647,0.13550381558561694,0.24626477354900744,0.14078818279985303,0.2345056530362536,0.2455710196527825,0.2849818046309482,0.25894753867844017,0.11872774255729364,0.31391014679691825,0.35011740337297453,0.17166006174222792,0.20420210977987618,0.0300155170911085,0.23502866723191157,0.25902432096660705,0.39909244585298004,0.053117087347290086,0.2291952994501046,0.24843827645163954,0.19095239375203987,-0.07858417658396573,0.22390009941315311,-0.21259972200076632,0.14175912820681957,0.05041032242373103,0.06349634203651033,-0.11662814313905635,-0.024863196561848107,0.14352348404799253,-0.1508370906482302,0.23480252791124306,-0.29557801513462517
0.17338158667322906,0.2897542837538979,0.18029160473644798,0.3550166076899666,0.3009699517892684,0.36581260339359634,0.052901423938212844,0.37765465317329105,0.21758923273989297,0.8606375699830517,0.3679405296511228,0.3589858555530442,0.2341390770999606,0.3180191928327792,0.31889398072116715,0.3319918151120145,0.3407671478900294,0.3618679216181277,0.3550593924686439,0.16356115540546365,0.1966573695126654,0.28560382343439344,0.25098110081780267,0.3400552365349026,0.20930944236393054,0.2825235081001666,0.26232772871254206,0.17415585295840574,0.4151712851441752,0.057392888289118836,0.22991039499273214,0.19671907790786894,0.09199359651820481,0.47446255198004195,0.242464647376681,0.2540907972550188,0.26405988688600823,0.10217489918952113,0.3036969070193091,0.05944777818079622,0.2086667203577585,0.20375948126537224,0.2950573225116923,0.07951086626932094,-0.00483065179087854,0.06851419471604285,0.22061273237775597,-0.01581300221435378,0.43659435005155056,0.17564866852092273,-0.12275178289957164,0.10688270516452363,-0.18465565833167452,0.022576619032468565,0.04763296203682387,0.0791530474232018,-0.348220345407081,-0.07902246421591538,0.31422123271733116
0.17537956139129826,0.27662184004408824,0.10859852375709579,0.3322389757409854,0.3197435917738701,0.4218833493686172,0.19397474993946068,0.37862747090552834,0.20996544473480985,0.3679405296511228,0.5855599406443137,0.38740630561975004,0.24624466192457942,0.2819848466171955,0.31744521869821485,0.3304633299741301,0.3659937648896326,0.25996814350728537,0.32141091787816806,0.3859340626987729,0.25191626125285593,0.27641770450427827,0.19189047181466767,0.2535203662323608,0.148124981227624,0.2693645867773293,0.3162599245990192,0.0955957301109914,0.33128894336561626,0.08574926085392127,0.2686526526311246,0.25434676292149955,0.12993725358330724,0.3388724183875266,0.1580399398720671,0.24808085676535424,0.16746273216274152,0.22631690045475328,0.3458931380623074,0.18944328178274825,0.21844181914486233,0.22767353839619234,0.30424084347457503,0.03237360652283618,0.10232545009214693,0.1474824952516188,0.18863508501555862,-0.015879307816893024,0.2833843389101311,0.10473795623466858,-0.18539235678691968,-0.009528739237912356,0.050270405620956374,0.014796233479660543,-0.10350415518174995,0.028141562805322214,-0.18916580384368428,0.287198845145788,-0.11707008230229682
0.21004943485028146,0.2785148278010137,0.203287892143216,0.3639575012517984,0.3562362453488195,0.3944991682344833,0.2567320627817055,0.28858404871925,0.21482621541133645,0.3589858555530442,0.38740630561975004,0.6988316846019127,0.2425988522717505,0.30475743724860654,0.26092812232850143,0.37592300760822256,0.33662365371083414,0.166281527616175,0.3604072381902469,0.3513366706195489,0.2268560898311677,0.29928599821548335,0.18159348009099724,0.2154752969720001,0.1725506384210915,0.276862851524357,0.3378510026878011,0.12111951321040473,0.26934155693305734,0.013243917260534756,0.2797733266679691,0.2937433877923414,0.12252645129602131,0.32297553606352153,0.11491849025105423,0.28528361087271414,0.0796859566972553,0.21250278586109037,0.3458418729892611,0.15837981112203992,0.1503496928033328,0.20588370222947094,0.3223623448246874,-0.001493163395976167,0.14098579101055642,0.14719821385478637,0.1152857067297524,-0.05393054345276786,0.07463483998849149,-0.25057978004193077,-0.05317319395096306,0.20193225739048798,-0.060161442805649355,0.03035205941010581,-0.07915347107501014,0.07335242889038997,-0.21018181772995367,0.2504723381584561,-0.15101927520524222
0.12951444019851802,0.2350342504426336,0.11703200993587365,0.242585974115558,0.23840842733259038,0.21663818392032264,0.17704023298513352,0.24279231583935623,0.14562048949402337,0.2341390770999606,0.24624466192457942,0.2425988522717505,0.411101352090012,0.16808087842554928,0.12607260046233165,0.2099755632825246,0.20274132472500378,0.17333915677613265,0.20028419549283671,0.2056794150443417,0.16094457989484465,0.1882125270061713,0.17487184461700836,0.21781232329053998,0.1750663091753904,0.2366216204945154,0.22821657499588396,0.04673828424513403,0.31386237644615106,0.0644687729456332,0.1650565661038274,0.2143935141715771,0.08762546602099,0.27777091480734745,0.13226009181176077,0.18275204063589243,0.11321720795308693,0.12849099942193806,0.14572788033864761,0.07626544807158253,0.14657104382969974,0.15077906476038738,0.16080692516214065,0.056418842405860196,0.022423745544340314,0.07470792223166468,0.13101487569480527,-0.00953156527826972,0.27659367249070604,0.05421194814674557,-0.08379213711596312,-0.05527849033055062,0.0664592214729599,-0.003445432950941843,-0.08004254053332276,-0.013293143349312314,-0.1540201904180809,0.06313420031746747,0.0995223608790022
0.2415128187036098,0.22201873346334178,0.14042508730948128,0.38633212930038974,0.2972268813849623,0.3490176634958709,0.13904171177089517,0.32600331282521966,0.26631002147630334,0.3180191928327792,0.2819848466171955,0.30475743724860654,0.16808087842554928,0.8659768971914623,0.2378316027475802,0.5607979575926151,0.4074262415871743,0.17659368972112077,0.2713233408011169,0.2925006102724362,0.2338502456056159,0.3944681270671045,0.2518797657126695,0.24364854905921585,0.1458224985856074,0.3681772157651624,0.19927678865316087,0.11114720166360388,0.2795613861922122,0.0795626562812944,0.2257491865690218,0.2037800575883356,0.09041800435963812,0.26136208549189943,0.1910129505338848,0.2944514135732581,0.1726521694673612,0.17911652689429527,0.191362288077602,0.12775859914627474,0.23030759688689892,0.22316732981421009,0.4714531250327392,0.033049430652749505,0.1452718154766334,0.06923089113843962,0.13310078493323196,-0.051986310303421455,0.35411157115142855,0.018060247711069826,-0.0816501054447795,-0.0320593155756868,-0.026310663305258386,0.019213196341221855,-0.09870209846124851,0.07967337335207267,-0.38328597672969505,0.45250074845230737,-0.11023878835385507
0.18909028402041234,0.3475534093144748,0.21583529278301705,0.2831897744624587,0.23905724397833358,0.354357568980654,0.15817609844930075,0.2353116211817124,0.2467599230916079,0.31889398072116715,0.31744521869821485,0.26092812232850143,0.12607260046233165,0.2378316027475802,0.6686664347414688,0.2581396217438308,0.26791331987412786,0.3075217644826087,0.2966163848863704,0.3473609406500702,0.24525106419283293,0.2506050045623759,0.2547426248649774,0.2409179240269698,0.0659732072536167,0.24202619243839987,0.23980222494980724,0.17855049707241705,0.250852826910425,0.12140463021363596,0.23124487463503055,0.16877518525318735,0.16302410734851264,0.3109135046820491,0.13099094738165923,0.23730723128291484,0.28968561532986414,0.2026926983624544,0.23219370440918927,0.06706803759879584,0.23360728403940847,0.23167378508330938,0.34062050490917833,0.05526404344087611,0.10417259075413282,0.15812177838496744,0.20409382553416291,-0.008991317016649424,0.26077832710915383,0.2756825304593235,-0.27411610875644754,0.25865514639521603,-0.2444781906807121,-0.05305291533431059,-0.05748348037999889,0.08395444990912249,-0.2571174949716606,0.2319831703605756,-0.05858417022068021
0.22360071271443527,0.2617958102993271,0.1886913776325411,0.38556050985973467,0.3232005751638191,0.36200101316798416,0.20774563129687765,0.31684913644612106,0.25137341076057934,0.3319918151120145,0.3304633299741301,0.37592300760822256,0.2099755632825246,0.5607979575926151,0.2581396217438308,0.6351937567208301,0.45361723673392235,0.18767219318991413,0.30750705129952693,0.3226936190965364,0.2286670757430427,0.4274000835904066,0.23121131504538786,0.23675562030786526,0.16567733257781675,0.3296076345234681,0.2864696854641757,0.11068532197391885,0.31137268185339284,0.06747852478895298,0.2471366977550994,0.24981274829881336,0.11489287042668456,0.3255483061220071,0.20202647018254907,0.28574506004501876,0.1782566494179209,0.20141855674768086,0.2587336278985736,0.14501944633714864,0.1839694912212719,0.2191438109388159,0.4921857394178586,0.02295038215661959,0.13650775161032183,0.12494320594536208,0.1530664780862098,-0.06660237650670012,0.29484171299240786,-0.07393190726246253,-0.10463523083934609,0.01553325891076324,0.019460145791159934,0.013454246086944597,-0.06761364620416062,0.08573842807502274,-0.35704473902180306,0.47757442066125155,-0.20832998222052426
0.21423715169349578,0.3901414001571449,0.3197854519549277,0.3468227487475504,0.26399227956000354,0.38763000697661976,0.2667054825939486,0.3013192897927396,0.28843336103553746,0.3407671478900294,0.3659937648896326,0.33662365371083414,0.20274132472500378,0.4074262415871743,0.26791331987412786,0.45361723673392235,0.9474571113172239,0.18913363891221907,0.33359040979698745,0.5538418573936285,0.29319228558019805,0.39767841297002604,0.2450511866199325,0.23600830877687207,0.5733218965043942,0.20245770555138756,0.350963788516773,0.1527863188637784,0.3220954820933899,0.056106684863488916,0.37972410813547464,0.2378656098698887,0.2028334846162773,0.3252548397911678,0.15686866126975407,0.35677683653777187,0.34895476965354927,0.3136680363928791,0.4696370942401099,0.19567947711158967,0.29019943386454444,0.2709343336252505,0.4240375459627242,0.0306600244440319,0.28905060928961196,0.2833603926595791,0.1517983306569749,-0.0702939010199845,-0.08989491738111853,0.1713652372801953,-0.06479230680923971,0.03249621589649338,-0.03378231078595429,-0.023542704114673026,-0.07366461035383261,0.018552423748251144,-0.2818290585821348,0.3216238082288832,-0.1364059504056246
0.2305008268728712,0.44045237670220816,0.3022235554436803,0.25497814929126805,0.23515702049468717,0.2768084109921311,0.23148289508391814,0.3103728857365774,0.23603458061055355,0.3618679216181277,0.25996814350728537,0.166281527616175,0.17333915677613265,0.17659368972112077,0.3075217644826087,0.18767219318991413,0.18913363891221907,0.8802837836750481,0.3446309597056966,0.11395520952052125,0.2899791525720056,0.21879654778666158,0.2240550217391386,0.3406512492367734,0.31509796371416765,0.4163779455219979,0.16289784507696026,0.19148614507125258,0.37022110386801127,-0.013471549676369796,0.18365876312059942,0.19907470515764747,0.08450013121132799,0.4017124894901641,0.19277013583287841,0.2211766888020821,0.31711154710428796,0.06833513595479525,0.032535553683685776,0.024722790850713265,0.2081641078455019,0.26085962161301973,0.28165366395429614,0.062371848423887044,0.20067044837528453,0.12304501775062718,0.3645441125364637,0.008194678979834953,0.5168800715582791,0.30161040395751626,0.11754223565563571,0.09452631543879156,-0.319712923248142,-0.1169802142380919,0.0020499734445056767,0.06559679126417643,-0.11360202137136186,0.18193481545545107,-0.13896560704162564
0.2001810409891534,0.3095230525534862,0.23299259984667664,0.36944846272951626,0.43247019213744103,0.49728525845629923,0.20135185898470548,0.4033432078284208,0.3323511393371931,0.3550593924686439,0.32141091787816806,0.3604072381902469,0.20028419549283671,0.2713233408011169,0.2966163848863704,0.30750705129952693,0.33359040979698745,0.3446309597056966,1.015491526418215,0.32975953015496906,0.3392481043638573,0.3429599370106159,0.016779584460169264,0.24228182035233228,0.3919902106153884,0.2769497301021024,0.2549937815030207,0.33248986784991125,0.2723009888041104,0.10185773381996154,0.28650285022765604,0.2748017388740313,0.2349467604248078,0.2881221532086901,0.11377428299059807,0.27237438320110613,0.3328357301107112,0.18334561852421147,0.29035060731600815,0.1609525113017707,0.29583739229583234,0.29373835546877564,0.3832251919997137,0.03663961450337885,0.3020215422830153,0.28366062277077564,0.22920832195550653,-0.029248422549741564,0.04513823467621382,-0.1990300316683827,0.34595839675775764,0.4560963422430466,-0.45302583952936104,-0.09194382912964173,-0.07769144806069916,0.043080997625264766,-0.12523286942437697,0.340844020703102,-0.2370606619318584
0.2987911294422441,0.6694287705567725,0.3385248913053495,0.3194605752748031,0.2469466523758225,0.3391844991349902,0.41194005945935863,0.29695907548438666,0.2741342724117388,0.16356115540546365,0.3859340626987729,0.3513366706195489,0.2056794150443417,0.2925006102724362,0.3473609406500702,0.3226936190965364,0.5538418573936285,0.11395520952052125,0.32975953015496906,1.588732012809418,-0.013662309730147884,0.2990438268137983,0.43549956778273374,0.1406446182282818,0.2541248090562759,0.5065657300651542,0.46933943512554854,0.061214223894060366,0.3541533204837028,0.1018780125530061,0.44666551573509494,0.2795197379837049,0.187742060425928,0.18868813126536116,-0.015083448894458736,0.41598612740397756,0.26775443986610065,0.7782559317156531,0.21795131740491036,0.27928302748934547,0.44390324689333066,0.07188836525003893,0.43517584278531635,-0.09717012206119197,0.29927446352101267,0.4130538312235412,0.1459845642156888,-0.05401748828629089,-0.0393068515157729,-0.1393991474983679,-0.0314073295938834,0.20660033872309405,-0.00908699214706478,-0.1437278506711445,-0.23059036509402897,-0.04685920046782191,-0.16083650393795929,0.526021351659232,-0.28623593736365965
0.18570600940064885,0.3071071084509044,0.19737107987778293,0.3072050058650604,0.2461551525601444,0.35391103927561235,0.2930839584077436,0.2618127900702018,0.27228380888944215,0.1966573695126654,0.25191626125285593,0.2268560898311677,0.16094457989484465,0.2338502456056159,0.24525106419283293,0.2286670757430427,0.29319228558019805,0.2899791525720056,0.3392481043638573,-0.013662309730147884,0.882037319321039,0.23111079317775188,0.11991059227286215,0.0651007366396875,0.24999185325410858,0.015659476571616985,0.14633549384042543,0.2578267075995067,0.18679599165212263,0.2618001284645915,0.2746526606804628,0.18467138721466286,0.2900786562239969,0.26749605265144094,0.2640068145997218,0.2773982782238492,0.5367246913389043,0.07188767058486728,0.4740770842223726,0.16459966075768426,0.4047111059939717,0.6777251040711755,0.2967310921190666,0.12311636392242514,0.6315467096735564,0.1365674552035919,0.2406038346611977,0.03983469830348164,-0.1358572769047656,0.05794425624108687,0.010951549092592563,0.12572533309294012,-0.08059684148351538,-0.06180874941732668,-0.08432499091198693,0.009625107175906082,-0.23069803768157665,0.24088638671287768,-0.0920320622918265
0.20805840036887147,0.278304210667227,0.27214685048302356,0.31347027560473323,0.266821602750385,0.3604931936060316,0.23510749527578348,0.2629309443633326,0.5033267416615697,0.28560382343439344,0.27641770450427827,0.29928599821548335,0.1882125270061713,0.3944681270671045,0.2506050045623759,0.4274000835904066,0.39767841297002604,0.21879654778666158,0.3429599370106159,0.2990438268137983,0.23111079317775188,0.6874062131743007,0.24311480699157514,0.22882686770847105,0.18067158875051761,0.3767401205977575,0.27325811044664144,0.12382045729306163,0.2885921599165849,0.10220556116750247,0.2399843983229762,0.29007205870281677,0.22857604101946152,0.3235793228571495,0.14985832546956934,0.32929097455466355,0.2599793274638349,0.19285459019338813,0.21994694665750048,0.06964070137632491,0.18771954581295733,0.232222174127214,0.505262512479375,0.0579096489608541,0.11242323229917085,0.22640954775369568,0.18368159603531592,-0.12300038964164288,0.366010139707256,-0.14728380366952426,0.016772261047209375,-0.005664149586007031,0.04640078216695151,-0.0594449914512362,-0.035035369196309236,0.10675669553202966,-0.2424177787616819,0.3588508495760077,-0.2577891971407562
0.2433237680962518,-0.029095678794546134,0.04265775882868477,0.20227220752010885,0.18386053401872432,0.07540548154576772,0.31921036812510545,0.1339814665401362,0.240728977377143,0.25098110081780267,0.19189047181466767,0.18159348009099724,0.17487184461700836,0.2518797657126695,0.2547426248649774,0.23121131504538786,0.2450511866199325,0.2240550217391386,0.016779584460169264,0.43549956778273374,0.11991059227286215,0.24311480699157514,1.7216071363417877,0.23742307735774207,0.02511903392030338,0.17555455098737385,0.15005001720496347,-0.4097978745854985,0.4755366406905192,0.16251741172831277,0.2632664285633796,0.14138580809689175,-0.019046908741336098,0.3284612487970059,-0.06788404845747983,0.5218109070514374,-0.018682130722895207,0.2091831811910781,0.2296421891868947,-0.02613466302705872,0.31793914814189816,0.10642105940885555,0.23474396358545846,0.16980765653803054,-0.3066270074053333,0.22232993680166996,0.11707542099764785,-0.07491070896558072,0.4488042853038221,0.07441890029276328,-0.14824241273902794,-0.1082402533832213,0.3881775425985206,-0.0921692548853955,-0.015639703288378274,0.07958295477944068,-0.13263160961648612,0.00626831818367185,0.06142718882909294
0.11407800947842778,0.17117909512551516,0.15840189369883628,0.22669595507703913,0.19636198167650976,0.33633177337378795,0.1655461123914924,0.1973680109720033,0.2370541007583927,0.3400552365349026,0.2535203662323608,0.2154752969720001,0.21781232329053998,0.24364854905921585,0.2409179240269698,0.23675562030786526,0.23600830877687207,0.3406512492367734,0.24228182035233228,0.1406446182282818,0.0651007366396875,0.22882686770847105,0.23742307735774207,1.2041680561462496,0.46300825299088894,-0.06445446549588463,0.18994577563976436,0.06545970787950807,0.210067155107647,0.10197643399043296,0.20475587967203923,0.14046304646930385,0.05879169800962805,0.35400022339319864,0.200452661276517,0.21360917219194528,0.0989533017413765,0.07197381226532733,0.31898899678334103,0.0575076264047043,0.22513082875535353,0.09102818470538228,0.03514644836571851,0.07990556629107338,-0.22388410685459606,0.12396698785482425,0.1848134559144182,-0.011620659730607519,0.504714909064572,0.014873335597667346,-0.12339938640606381,-0.01462100490341662,0.10467919951734138,-0.018439766128514192,-0.002572917298036791,0.09692026863142487,-0.09840496874097492,-0.2719327110989557,0.22197282264571
0.4138964777967899,0.664502767408491,0.7086020875875214,0.21610674130043783,0.08064473736693352,0.09209626159968069,0.3041316585416478,0.22360959936756486,0.18679369431775436,0.20930944236393054,0.148124981227624,0.1725506384210915,0.1750663091753904,0.1458224985856074,0.0659732072536167,0.16567733257781675,0.5733218965043942,0.31509796371416765,0.3919902106153884,0.2541248090562759,0.24999185325410858,0.18067158875051761,0.02511903392030338,0.46300825299088894,5.550962370498972,0.16981354460452475,0.25593403861471703,0.17101980545155987,0.6028487141689235,0.2220334569660327,0.7089566334291132,0.132217975728052,0.29738550463838503,0.4633931446468368,0.42748091991834786,0.47402163815498677,0.33815225173752195,0.04458969284174052,0.173197842473036,0.09562664253218148,0.14453140545929927,0.26565746934003703,0.49687152370381865,0.11347452533998292,0.5930204847878213,1.1529840043082145,0.09318327305818001,-0.2797972250991879,-2.908096069504447,-2.2075099065891965,1.6066639422205904,-0.11075739057957501,0.6679724011906221,-0.3699296035263306,0.03074480707670947,-0.08322852699824974,-0.24871717419472733,0.14847159851812336,-0.04031777522393866
0.22384572394112837,0.44312045720146376,0.3604903019464474,0.2922686715593012,0.2590534817663566,0.2663766143848854,0.173209323553085,0.34801431280037126,0.3986581878992052,0.2825235081001666,0.2693645867773293,0.276862851524357,0.2366216204945154,0.3681772157651624,0.24202619243839987,0.3296076345234681,0.20245770555138756,0.4163779455219979,0.2769497301021024,0.5065657300651542,0.015659476571616985,0.3767401205977575,0.17555455098737385,-0.06445446549588463,0.16981354460452475,1.7843438019440283,0.2892823465560327,0.12664675932441194,0.5768679269307103,-0.2021564390767547,0.14841584906326563,0.47364501304840706,0.05088796361005073,0.4438881335224237,0.20272430176322073,0.2846648899781117,0.11215637302286936,0.258825399600684,-0.8173325236711877,-0.1063319547639616,-0.009123152565886578,0.11587624558896385,0.6096522474648867,-0.06437937094680404,0.34515343386734204,-0.060883877564642565,0.19385528798422888,-0.058908473087178975,0.7942019663002353,0.08963566292961542,0.10624398807758245,0.02929847164007095,-0.2508453626783267,-0.0797906465621049,-0.10411114325104907,0.03374592066589644,-0.20679539933080576,0.5542133050098924,-0.3009865753206281
0.16984846017722088,0.3540239314607143,0.2130416630802795,0.25462994299373415,0.2314752661360523,0.29362316804047467,0.22316835288686893,0.27633653753713255,0.22966268670959647,0.26232772871254206,0.3162599245990192,0.3378510026878011,0.22821657499588396,0.19927678865316087,0.23980222494980724,0.2864696854641757,0.350963788516773,0.16289784507696026,0.2549937815030207,0.46933943512554854,0.14633549384042543,0.27325811044664144,0.15005001720496347,0.18994577563976436,0.25593403861471703,0.2892823465560327,0.8136508045233193,0.08458735700911141,0.2534445368892272,0.028683329605150375,0.34531359999747746,0.29700501464923434,0.19042575058078678,0.3004857190184443,0.09271725749429914,0.3015219907607034,0.16261936311515734,0.2975678101281865,0.23826694387315722,0.20381518017220537,0.23524010594506556,0.1681647252062281,0.2880116740768072,-0.05920155386832379,0.11309033651681118,0.2553556820964474,0.14578718741034338,-0.04123145149705283,0.16682763250973273,-0.06491286396649171,-0.11367589334837967,0.08480656760652164,0.07133375308724668,-0.043036816703993765,-0.08488817866123335,-0.0007148198308864769,-0.09289701743609141,0.27728220990462427,-0.17052962110257266
0.06025553774264052,0.17217332880633893,0.14919675456771297,0.02967289379401084,-0.012094409781461353,0.192056173763512,-0.03672314927623565,0.11434132169039263,0.13550381558561694,0.17415585295840574,0.0955957301109914,0.12111951321040473,0.04673828424513403,0.11114720166360388,0.17855049707241705,0.11068532197391885,0.1527863188637784,0.19148614507125258,0.33248986784991125,0.061214223894060366,0.2578267075995067,0.12382045729306163,-0.4097978745854985,0.06545970787950807,0.17101980545155987,0.12664675932441194,0.08458735700911141,1.8329000502512933,-0.2110220549277751,0.238939387968634,0.22153755277614356,0.1046316909654895,0.6782695112333923,-0.16533778569955435,0.7395674521002463,0.15646545166480694,0.992581164359471,0.08188170354307057,0.16942285402554605,0.06293069134226544,0.42173809368505055,0.31096701735067006,0.3500619415224103,0.27276666888712275,0.7830238223317512,-0.2463192691184545,0.24112812586068885,0.17787542986157645,0.7372719822741931,0.4634969012353878,0.12800670585981047,1.0869917034367205,-1.6876199562762635,0.0016351435922868289,0.09668353073836931,0.08427409361628274,-0.05488560474057395,-0.01112041014359797,-0.10662114679123647
0.21272732462335603,0.32956547276618825,0.30719238550377104,0.2696238609625807,0.2664556316130615,0.2968387586387636,0.1824815181328423,0.30920508658389817,0.24626477354900744,0.4151712851441752,0.33128894336561626,0.26934155693305734,0.31386237644615106,0.2795613861922122,0.250852826910425,0.31137268185339284,0.3220954820933899,0.37022110386801127,0.2723009888041104,0.3541533204837028,0.18679599165212263,0.2885921599165849,0.4755366406905192,0.210067155107647,0.6028487141689235,0.5768679269307103,0.2534445368892272,-0.2110220549277751,2.4169762008407556,0.03067111550120513,0.06592139280789013,0.4124112031568583,-0.409515699826319,0.823133897018411,0.2814835065618443,0.41516645620200965,0.06884100792646825,0.14521210458899134,-0.08534990120044825,0.033023106899078475,0.026102712541031765,0.1583713425717964,0.11642886125766391,-0.020647666639319048,0.09451802860993369,0.12422996881621122,0.358415248615563,-0.10314862313390798,1.0687233582781697,-0.0332338620918791,-0.04877074527605811,-0.018132114762005012,0.0833779759452626,-0.005530875316794325,-0.06056226666787163,0.05143801904659615,-0.14091091202588354,0.02774175984716377,0.06718602851353561
0.02289537671784514,-0.09885871413996067,-0.44560522433320515,0.08781049806861768,0.01582153537506238,0.05922710137888304,0.07635548558751765,0.16178758118814784,0.14078818279985303,0.057392888289118836,0.08574926085392127,0.013243917260534756,0.0644687729456332,0.0795626562812944,0.12140463021363596,0.06747852478895298,0.056106684863488916,-0.013471549676369796,0.10185773381996154,0.1018780125530061,0.2618001284645915,0.10220556116750247,0.16251741172831277,0.10197643399043296,0.2220334569660327,-0.2021564390767547,0.028683329605150375,0.238939387968634,0.03067111550120513,2.303147168288541,0.1192588892394604,0.1016646443813663,0.5808708189593645,-0.1519172662656783,0.4766241824281595,0.1166832739413796,1.0676853832677222,0.1273916533789844,0.5846930486361747,0.08540154334882648,0.5758967607257118,0.3167381487288405,0.6834714261446644,0.4449185939446664,0.7374000969704065,0.38599320081077093,0.7702105154265005,0.13177746998062936,0.226129200061024,-0.29006009501868096,0.01431653297449017,-0.15327499554771937,0.5256399488491127,-0.15485824728446523,0.059970748592118234,-0.11521197952546075,-0.039541912790359145,0.23943891379841387,-0.23952867638743627
0.21577805792704605,0.3396741442423972,0.2733029953666382,0.2470738334351422,0.2156725607671954,0.27507240576865927,0.25942871881400387,0.25019428049124626,0.2345056530362536,0.22991039499273214,0.2686526526311246,0.2797733266679691,0.1650565661038274,0.2257491865690218,0.23124487463503055,0.2471366977550994,0.37972410813547464,0.18365876312059942,0.28650285022765604,0.44666551573509494,0.2746526606804628,0.2399843983229762,0.2632664285633796,0.20475587967203923,0.7089566334291132,0.14841584906326563,0.34531359999747746,0.22153755277614356,0.06592139280789013,0.1192588892394604,1.1431646790243584,0.22504900104613945,0.34855512147741524,0.18374626716071005,0.10139508026629021,0.6981795633003753,0.3327844530670461,0.3415725618419881,0.5193652894515605,0.18445706991704536,0.6206898087688545,0.28805900067859685,0.2954035848422502,0.0876814150142754,0.2992316180968546,0.2759851586127864,0.08700893675571064,-0.04105431892216338,-0.07181041205120887,-0.04574840087363141,0.060258944729279354,0.04273265185357592,0.033429762163240145,-0.1252774332104313,-0.07463761493471152,0.012008947883162898,-0.11154108101245414,0.1673021775723678,-0.12975005708991597
0.15346094502478855,0.15219321102716762,0.15013565892671427,0.15928530055919332,0.25971089414631116,0.30053881852550024,0.18336212713336197,0.25176311082588604,0.2455710196527825,0.19671907790786894,0.25434676292149955,0.2937433877923414,0.2143935141715771,0.2037800575883356,0.16877518525318735,0.24981274829881336,0.2378656098698887,0.19907470515764747,0.2748017388740313,0.2795197379837049,0.18467138721466286,0.29007205870281677,0.14138580809689175,0.14046304646930385,0.132217975728052,0.47364501304840706,0.29700501464923434,0.1046316909654895,0.4124112031568583,0.1016646443813663,0.22504900104613945,0.7489298916369697,0.18996281873439513,0.287164811781425,0.03727192044016858,0.2786186654064334,0.02314277792395021,0.19353702299237177,0.05294724539678858,0.09974779435370776,0.0570724240673838,0.16480786183429982,0.17868925556532678,0.028420393792182072,0.12796742451332818,0.12638992781187697,0.17670361441562865,-0.055228080055658345,0.39265225670600473,0.09446500235169993,-0.07266203057703587,0.1272693117104441,-0.10610592639968401,-0.005407168251429826,-0.07027526917350803,-0.03851779771080813,0.30514967852125463,0.07598159148823795,-0.3305873879113057
0.11948746561621505,0.314168730980309,0.2336261593539865,0.22134325349414385,0.1129396373923804,0.10987843448162238,0.2615493256565841,0.20707581139633954,0.2849818046309482,0.09199359651820481,0.12993725358330724,0.12252645129602131,0.08762546602099,0.09041800435963812,0.16302410734851264,0.11489287042668456,0.2028334846162773,0.08450013121132799,0.2349467604248078,0.187742060425928,0.2900786562239969,0.22857604101946152,-0.019046908741336098,0.05879169800962805,0.29738550463838503,0.05088796361005073,0.19042575058078678,0.6782695112333923,-0.409515699826319,0.5808708189593645,0.34855512147741524,0.18996281873439513,2.2253826420726077,-0.06405054456344225,-0.2367551489065377,0.28465770948457175,1.3403116852666113,0.16168566044165472,0.3294279169328742,-0.1677433083279443,0.7020761710619161,0.38741449323405647,0.4854940197185509,0.2868830087091304,0.11468985916143397,0.44090290560734763,0.3100025998906266,0.16430083769372023,0.16589914333095254,-0.1682187363192179,0.1270220496356439,0.21016684384376585,0.19526735389567007,-0.38652920536320634,0.0019170468348105483,-0.05068132968337845,-0.18446564243565627,0.22930905156578912,-0.05562326574306409
0.10146650696699347,0.4176216621319739,0.34803186041076867,0.4352166227265357,0.3489907732128995,0.31398167891392575,0.3176897837852876,0.35015028717425806,0.25894753867844017,0.47446255198004195,0.3388724183875266,0.32297553606352153,0.27777091480734745,0.26136208549189943,0.3109135046820491,0.3255483061220071,0.3252548397911678,0.4017124894901641,0.2881221532086901,0.18868813126536116,0.26749605265144094,0.3235793228571495,0.3284612487970059,0.35400022339319864,0.4633931446468368,0.4438881335224237,0.3004857190184443,-0.16533778569955435,0.823133897018411,-0.1519172662656783,0.18374626716071005,0.287164811781425,-0.06405054456344225,2.481874890102304,0.3385612000450598,0.13797885528260187,0.44954461561419556,0.051922336088866414,0.15387248281663898,-0.09123954595327209,-0.47334646051176726,0.34130472277356555,0.9896112111718196,0.2604433837783565,-0.3269670835747449,0.14822594466032776,0.4433005458241082,-0.0984822084390074,0.07474358251651811,-0.0609256746756552,-0.24711881778724942,-0.08146712266463854,0.3891425782132746,-0.14599177139373948,0.044860868263179976,0.08498182985270236,-0.45167560069826523,0.11950270557626647,0.3219839404406651
