3.480992659169266,1.5746166281731653,1.9858261909514492,0.30073980041226234,1.4123533827728882,0.5785587205556775,1.1484062465094615,1.2291977906911962,1.0209144210220493,0.7785609367833717,0.8612815339776927,0.8109601973884604,1.0212380276039235,0.8836496709977191,0.8587720697258827,0.8946893924440913,0.7765986520947009,1.0566784743397823,1.0055928915690693,0.552411133571814,0.8056844227506376,1.0697950028445877,0.1903242999869151,0.5557463323283434,0.8591941086232686,0.8543729983463841,0.6277349447687991,0.41126914978081325,1.0989716016326836,0.6947042084099596,0.6410279669262662,0.7308308804441762,0.5812137064580137,0.3990325937883177,0.5959056799038008,0.6723419191076375,0.5417238738819607,0.889736995004838,0.8618369030123456,0.5855097739429683,0.6314510071845153,0.7700291354970392,0.9365641105837216,0.1778975224543995,0.8136610244543383,0.7064499564299543,1.1150085447460087,-0.11674942094992145,0.7071792825219706,0.03962466679051126,-0.06462878926743204,0.07492014560924028,0.25394984672015186,-0.34399000846415245,0.12725185535869565,-0.001673522587426677,-0.4617418697621482,0.8761241750624361,-0.6354352177939123
1.5746166281731653,4.170714155809346,2.1829215247647102,0.7157385069201742,0.7285453182805619,0.7241601452001541,0.7287950539865229,0.9978659842761665,0.8788978354050534,0.7143404168524965,0.8144849579537187,0.7649759516998332,0.8742832835276767,0.6968997925830039,0.6895727776918764,0.7532804282843084,0.8279616050710422,1.111033951398744,0.8641240147381591,0.8792076638593798,0.7098612052280632,0.8791276173549528,-0.11181758694010413,0.5771097968586134,0.6623011889575533,0.8323988458507374,0.6925022543698521,0.5889617783178954,1.312103534113958,0.5737740351554835,0.4748885163403292,0.6054868877380194,0.6300015533404074,0.7936606782083356,0.7857579501228468,0.5291010377703561,0.9092386472149825,0.5906531036539476,0.7271301107053869,0.6598475772191166,0.3923436137974576,0.7075921107641739,0.8286546626282904,0.06627017406791044,1.161836927915875,0.6291271769841452,1.0344291407127566,-0.07781901624833039,0.5732775442077338,-0.39168819146165423,0.4917767473810719,-0.023551418527066624,0.22382717941960364,-0.3753654821010629,-0.15764428746459674,-0.17819966613972513,-0.8219705317338402,0.42396442628535186,0.4418147928409083
1.9858261909514492,2.1829215247647102,3.884439411203859,0.5662145322639894,0.4474019931507982,0.7480624425578328,0.6973941528284764,1.0704572721478456,1.2569778409931736,0.8920712792873489,0.8586611748852039,0.7946717382331434,0.913129172593716,0.7789746537635336,0.8368555764988058,0.7350866018999013,0.8757906904063695,1.0332132560296736,0.851716522456772,0.7580315846832585,0.9312191348555412,0.9948843497524703,0.08460953940122824,0.5954622904701679,0.7397687278385987,0.8270723078702505,0.6924866337313955,0.6020786201138042,1.0739988669895189,0.5550903510049109,0.5976549056566546,0.7081471074602281,0.4757633256172512,1.042538893768366,1.0939835201797552,0.7512377468996211,0.4704569090582415,0.4831746325507377,0.9968978604295597,0.6438524121028205,0.7149619232942522,0.9512271283007964,1.0205390452570386,0.08848892604064172,1.3600793022478588,0.7112070348262121,1.2588337882452643,-0.10673544996407466,0.4281601126749941,-0.5590209814112392,0.5157214395318703,0.17776055028481866,0.32064676131421244,-0.44382201596040044,-0.3709544723740974,0.06664716428424627,-0.11941461871750035,0.2604300284539961,-0.36120367046656665
0.30073980041226234,0.7157385069201742,0.5662145322639894,2.75618265423681,0.7477533846371608,0.6973443202415388,0.8515574896233598,0.729762554057025,0.4780991562152353,0.5182026859530122,0.6901301549047003,0.7980487278017943,0.7040602906529977,0.7270963175953338,0.5325111246877964,0.7728093643578277,0.7240274858950381,0.4810725123941594,0.7015722142945987,0.6393883967628264,0.5223860628499728,0.6745855006318862,0.009217056194545652,0.5476521195481816,0.550580790049516,0.7536030814775408,0.5546113301625062,0.3998177527784261,0.6486169167322401,0.3237738862546614,0.4053357704538441,0.7184664205959865,0.6058045317913363,0.7460094856954301,-0.00031609146595416084,0.46510282310559325,0.6943482557598555,0.4754312515031403,0.4969320576055582,0.2559961380713815,0.345148487079303,0.5095325666730259,0.6354455266560528,0.10415556430300817,0.49311274021879353,0.3515365454175454,0.682192685948031,-0.07469923878113743,0.43386984862133965,0.17336799769195124,-0.20564583030792763,0.22587635908536788,-0.2831825661777387,-0.14920699381666716,-0.012895363400280059,-0.042144369293716566,-0.31302202708285276,-0.12130133709924139,0.4251134562842622
1.4123533827728882,0.7285453182805619,0.4474019931507982,0.7477533846371608,2.284608156199062,0.20125098082697399,0.8693397384991493,0.9848661220733574,0.5113459455080166,0.5913184536585652,0.6302020965750752,0.6222953011190245,0.7297900929487512,0.5580907528967601,0.5852239898648379,0.6961295839852003,0.6062166328717209,0.6665419159205737,1.0261888687437066,0.2629294386141829,0.3214070294369702,0.6663102581792738,0.10369198543733307,0.4342486019828608,0.5469093510268015,0.6682332920180202,0.40698102303658973,0.23473895308310508,0.6296261229636652,0.5228655577983982,0.4257567708285247,0.49517531119247044,0.663414882499328,0.3219055201903883,-0.15299479661674117,0.5576920378737596,0.6337902251372977,0.37058195276455475,0.5163579850290673,0.19080307725184176,0.37352120134061617,0.2993211146228026,0.5017847343309257,0.043315604194520775,0.21582947460362786,0.3680847761646302,0.5153919502020601,-0.08384316677814928,0.6066996872557996,0.5739717156979807,-0.2948610779834601,-0.1519223001676225,-0.108812358124225,-0.12235634783134529,0.3604568602402911,-0.09754878761274105,-0.5575932472415331,0.46541777883712204,0.03894450704847992
0.5785587205556775,0.7241601452001541,0.7480624425578328,0.6973443202415388,0.20125098082697399,1.5199967551584914,0.2244340383607259,0.6631316855934946,0.6342370750479622,0.5094837558664852,0.7167461205615365,0.6749115128794474,0.5809676544243795,0.5964727265304128,0.5186954099861868,0.5695575312614785,0.7290771302544757,0.5523884598467775,0.8666382145419336,0.814904346169036,0.7929100254687447,0.7064644496560788,-0.06336670167753065,0.5597312592145917,0.5063985865670869,0.6804120916892686,0.466709921856511,0.4841932122036236,0.7359594539994306,0.23086213699530087,0.41413719510714475,0.6163111842451096,0.3629170824054105,0.6939953175150854,0.6334050591535659,0.2013718560538332,0.6241240713500344,0.7321968684212808,0.6642310844357222,0.5265952898041577,0.40046074359702866,0.779382745056046,0.7856202516534567,0.1454220912050109,0.8561357434564331,0.3902559536965792,1.0835117789666633,-0.03785781668886051,0.568461558565279,0.030489349115632322,-0.11019374170698333,0.2525963404133072,-0.15674533352554487,-0.16786120609809863,-0.1407137541320057,0.06251831926516187,-0.233223776018163,-0.445180001393915,0.6168365659425278
1.1484062465094615,0.7287950539865229,0.6973941528284764,0.8515574896233598,0.8693397384991493,0.2244340383607259,1.1594114198618415,0.6408931449147118,0.5305810051370995,0.44971861961863613,0.5522239195991674,0.5994023719462372,0.6680396029276965,0.47439537233470225,0.5219494612007282,0.6176017722871742,0.5876997393415563,0.5461831934576165,0.5216183116746981,0.4175902621540867,0.4058421382355066,0.6351501166020844,0.09476807788599127,0.3963415674337378,0.5063640963630452,0.5667488915383578,0.42911101718465106,0.3185910367618722,0.6276021478931295,0.5050515433491378,0.3944863806615834,0.44348563337359614,0.513721668773918,0.4421746945924508,0.17098840815148383,0.5434692140929512,0.5782137503417167,0.4023570016314492,0.49492101487261647,0.2364705136358315,0.3181330521345036,0.3842001975301057,0.44354724072199553,0.06181477428404075,0.3529588919823129,0.3497575146883514,0.4150882919437084,-0.06409211798165536,0.4622609291620714,0.17037373494537283,-0.22323114511371786,0.12329442986760784,-0.0746477950806462,-0.21009272739486695,0.33799218027291206,-0.009145815945902845,-0.4065241164701439,0.3985520396054174,-0.3395128101055829
1.2291977906911962,0.9978659842761665,1.0704572721478456,0.729762554057025,0.9848661220733574,0.6631316855934946,0.6408931449147118,1.3496724060504401,0.57568246112208,0.6235565379855624,0.7334920804487812,0.6019790065739062,0.7813665607030997,0.6227886462985597,0.5660677414303573,0.6560669672682955,0.7270664702861773,0.7225112474168952,0.8251363073571519,0.6566168087700569,0.5551124307802339,0.6953219254469402,-0.011984979946099832,0.45856605659946376,0.6158836886481159,0.7767282634386277,0.5186404349893063,0.34755305423463334,0.7656807800568445,0.42034198221893593,0.4146526229299823,0.5610807399408516,0.41841615641382623,0.6611906296839748,0.5271631419965516,0.3590162973040511,0.5521990650195082,0.5338056187862813,0.6937809441221504,0.45786204486931703,0.3708485239103851,0.5385782311014009,0.6730165017500762,0.10468127019019992,0.6795637171794334,0.4527912873897599,0.9480393775121367,-0.06306806781621352,0.5984704256308306,0.0907079296012225,0.014402358534916346,-0.030188298271573228,0.08090109372695155,-0.2208591724702042,0.061797244755425564,-0.07161580895627416,-0.38851480492930823,0.5565875353719082,-0.22397183324103748
1.0209144210220493,0.8788978354050534,1.2569778409931736,0.4780991562152353,0.5113459455080166,0.6342370750479622,0.5305810051370995,0.57568246112208,1.0457397863979279,0.557606157992462,0.6163358813379319,0.5764572219804155,0.6273638030177755,0.5592352061522585,0.5813653062326654,0.5315272756855043,0.6150794947595022,0.6258674859804427,0.636736925928542,0.5045046380921528,0.5716214274174242,0.7596873583239881,0.06731213196140443,0.484857421799462,0.4685910373074989,0.6340507936471289,0.44094921160287337,0.409462972821078,0.5694787830413434,0.4232579365618226,0.4213081837211912,0.520952758368793,0.43652316220677795,0.635627000177408,0.5519298359758076,0.4697782353496717,0.423273048787392,0.470286358690887,0.623350026630183,0.4714024841738598,0.38176876191660936,0.5628075677119422,0.7602426244675905,0.10825086300832562,0.8189174554389863,0.43920790711926394,0.7772619535274131,-0.11524213427580722,0.37369538378344963,-0.2212309914825668,0.16622809511347453,0.048941857981889395,0.13144330166058615,-0.1805741471324388,0.07200831597853032,0.12848012216166557,-0.18920758233196802,-0.333822448792372,0.22599236691120816
0.7785609367833717,0.7143404168524965,0.8920712792873489,0.5182026859530122,0.5913184536585652,0.5094837558664852,0.44971861961863613,0.6235565379855624,0.557606157992462,0.9925332266996884,0.5702064594799506,0.5424689292920765,0.5519078863436375,0.45642873603401973,0.5008184215039689,0.49097154773094853,0.5901567152466138,0.6008039635338558,0.566162347739847,0.4672163178224505,0.4467495154276698,0.561264177387833,0.011021573969558314,0.42327342503556675,0.4329653805710642,0.5017817370098295,0.4176265870064801,0.3710964896243923,0.627200576412661,0.3709896563318175,0.37883909678277294,0.4496189324930425,0.3428333761537743,0.6452918039172019,0.5301835435990468,0.401405864049428,0.4675938626172468,0.30814855588809204,0.5937591605687796,0.4398547785748856,0.4282222572573297,0.4382092569996079,0.6090781448923608,0.08570861596982104,0.6191393010548212,0.3115287908615328,0.7890399384354873,-0.08957311308043817,0.4206455367636934,-0.021478395103735354,0.08686110821454543,-0.08238999816265699,0.023989365016245292,-0.060179642508801943,0.11614298546409468,0.017129698027207464,-0.08603684935141193,-0.24558419721914812,0.21684093673389898
0.8612815339776927,0.8144849579537187,0.8586611748852039,0.6901301549047003,0.6302020965750752,0.7167461205615365,0.5522239195991674,0.7334920804487812,0.6163358813379319,0.5702064594799506,0.9015577072922683,0.6875734344755562,0.6829120006459591,0.5432734613703248,0.602487097247929,0.6072844888771146,0.7376486333744202,0.6280091001688477,0.7008959775642607,0.625598732135832,0.5295512168349398,0.6706592207605879,-0.015882313377291978,0.4836150149873509,0.5271378343416804,0.6730651497907129,0.4815254212450207,0.42047135579455397,0.7007287725223627,0.34949320858450017,0.40659879876485594,0.5265128115257346,0.42294028999029315,0.6292128309820137,0.5605702829176363,0.38398508956809724,0.48751555020501103,0.4762942225126402,0.6409141654125966,0.46153739938590366,0.3410277530585552,0.5208520848420505,0.6625918993786332,0.09727759204161114,0.7259615684679117,0.39649913783718166,0.8139421546532242,-0.08374740254579141,0.49593959614711053,-0.03196285919946712,0.043715329731283725,0.020841041250359287,0.048489333275015346,-0.15119440895400763,-0.016192513745655508,0.04982320608915954,-0.30968088470009075,-0.05636809690509696,0.22031883686588835
0.8109601973884604,0.7649759516998332,0.7946717382331434,0.7980487278017943,0.6222953011190245,0.6749115128794474,0.5994023719462372,0.6019790065739062,0.5764572219804155,0.5424689292920765,0.6875734344755562,0.9219705604277584,0.630681481120979,0.5506509622973295,0.5479880846406566,0.5863755850415484,0.6328165438763546,0.5222656908414602,0.675908448771961,0.5478300411481576,0.5206266497538123,0.6322953619837697,0.019258661255938062,0.4676285110174893,0.5381381492435904,0.6480456282475024,0.5124027267040253,0.4323174983397022,0.6359742699395519,0.31010820368266767,0.4075491974595397,0.5688581172419831,0.44905926678940855,0.6032387597308595,0.4574563940790806,0.41949720732167317,0.43460135056178884,0.44277832617889235,0.5700817556920923,0.40888729826479686,0.32938900403193466,0.512015773293741,0.6227719137594816,0.08207403745758428,0.6121690064879876,0.35451054240303387,0.721581512316685,-0.06475806570865122,0.5131761338182746,-0.08827205086178616,-0.05909834259344485,0.28327811887788634,-0.15816885630734326,-0.15167405921030552,0.02500154785895185,0.046403794554539815,-0.2925596561605605,-0.1650293345614667,0.32660176334421065
1.0212380276039235,0.8742832835276767,0.913129172593716,0.7040602906529977,0.7297900929487512,0.5809676544243795,0.6680396029276965,0.7813665607030997,0.6273638030177755,0.5519078863436375,0.6829120006459591,0.630681481120979,0.9408009923216564,0.5934961987412057,0.5248382727417847,0.622868797799571,0.6204990097902956,0.628568787505843,0.6423709961551681,0.5777482306908258,0.4947116579115985,0.7068262018629393,0.009690998350293778,0.50143987914199,0.5257162135701902,0.6342624164327072,0.5075017134127072,0.38285009225298133,0.704831792369472,0.4428643884062257,0.3908896551417306,0.544230711986239,0.4878484956918074,0.6006404155665351,0.513327485253976,0.4258030407397846,0.4969103862594303,0.44657135944883736,0.6110514273833703,0.4195395860093103,0.38278370684113616,0.48638362880626695,0.6878162205820514,0.11599501493924907,0.575063000995982,0.4236565304831415,0.759075896439678,-0.0773710277033641,0.6162241614988515,-0.07944156631026322,-0.0028287037757137195,-0.017024011384537095,0.17719005644905658,-0.18705649556378054,0.04580997165272521,0.02132899638834852,-0.36208327867440376,-0.23377268509735868,0.4477752286922066
0.8836496709977191,0.6968997925830039,0.7789746537635336,0.7270963175953338,0.5580907528967601,0.5964727265304128,0.47439537233470225,0.6227886462985597,0.5592352061522585,0.45642873603401973,0.5432734613703248,0.5506509622973295,0.5934961987412057,0.7745062098259459,0.47633242934258985,0.6185141654917087,0.5530211614202134,0.4778491891592093,0.5956077238760641,0.5340115702863597,0.49168605593293613,0.6376801461618801,-0.0011938493133302106,0.48086928058296424,0.4680617097975638,0.6201797926606382,0.44578008825596566,0.3713762230516315,0.5877263157541426,0.3543238351236504,0.34847609347125996,0.659740820534696,0.39488007211398285,0.4836257716389675,0.44524483630046435,0.34187913861634495,0.3816095152727999,0.5117635628559144,0.47897441136013497,0.3874319358685932,0.38088058567246025,0.48528617491692827,0.6982485960443222,0.10970719008596638,0.610734379949104,0.3703734892151319,0.7730393434437692,-0.0728691065104928,0.5339333777662301,-0.04830499260869104,-0.013096987204320475,0.10341471852112438,0.0418056391771838,-0.126183624908991,-0.23823806944722373,0.024131975110702416,-0.1870418837650366,-0.34938086550343955,0.6272408258280283
0.8587720697258827,0.6895727776918764,0.8368555764988058,0.5325111246877964,0.5852239898648379,0.5186954099861868,0.5219494612007282,0.5660677414303573,0.5813653062326654,0.5008184215039689,0.602487097247929,0.5479880846406566,0.5248382727417847,0.47633242934258985,0.8605861127419671,0.4949450886151148,0.5681405518837647,0.5562880516255058,0.5883189868298504,0.4653058247930584,0.45265747139531215,0.5573543075200141,-0.006571535113543684,0.4440175391487723,0.48813184422701594,0.5920371520606738,0.37959707491451133,0.4125061297167331,0.5521087795528254,0.48387427609911465,0.367357143947729,0.4530802233590601,0.4111702925443033,0.5064686483828983,0.46727365974133844,0.3967036173177883,0.45652640453827803,0.40330859939589453,0.4958545599591717,0.3542778186563159,0.3700965382492194,0.4459029943738857,0.6261558828927183,0.07501262707530273,0.657896160798392,0.297137476861125,0.6539725236111916,-0.05909901839503977,0.4508274407802908,-0.0023473023543101267,-0.11232991184317354,0.2292664126400313,-0.017378114570754354,-0.08360726666354786,0.045655027566873826,0.1004273650133902,-0.24778320554189553,-0.2364425283703377,0.26594872943082043
0.8946893924440913,0.7532804282843084,0.7350866018999013,0.7728093643578277,0.6961295839852003,0.5695575312614785,0.6176017722871742,0.6560669672682955,0.5315272756855043,0.49097154773094853,0.6072844888771146,0.5863755850415484,0.622868797799571,0.6185141654917087,0.4949450886151148,1.0220393279492521,0.6518680098734048,0.5440926106001972,0.6627621282626756,0.5111082663778493,0.47394179041322987,0.754811672564827,0.01680707950869411,0.4989062983960138,0.5418835312138868,0.5728311398077375,0.503201168062767,0.45505786339458654,0.6793604638150141,0.4091276837826183,0.3926817596549968,0.5885924266756097,0.4449081225990273,0.5377373675739292,0.5594958432664604,0.40297762985883157,0.4899913891704915,0.5348628776363404,0.5621439426311775,0.3971692360814803,0.3979158481302098,0.47369427168416445,0.7332906458712767,0.13107164161983892,0.6029307682084352,0.40881295574313326,0.7732497597460524,-0.09631962917781163,0.5857107061224793,-0.08361726634195056,-0.09649904803441997,0.19878521925627976,-0.028274336341082628,-0.17126791393021218,-0.0628723703094525,0.015243544901399238,-0.3447579984329676,-0.24620461731730123,0.5656813836808673
0.7765986520947009,0.8279616050710422,0.8757906904063695,0.7240274858950381,0.6062166328717209,0.7290771302544757,0.5876997393415563,0.7270664702861773,0.6150794947595022,0.5901567152466138,0.7376486333744202,0.6328165438763546,0.6204990097902956,0.5530211614202134,0.5681405518837647,0.6518680098734048,1.2580599751694754,0.6019298031034979,0.7057566765606778,0.7447866606638585,0.4955034953767999,0.7411489167101544,0.03963814808756531,0.5091738215484684,0.5693988713704649,0.560643553562473,0.5023516268906901,0.4644072759245668,0.8728960481214619,0.357274532899836,0.4962257082740796,0.5181233873147606,0.5163242129440292,0.6928518587668625,0.5064211835536153,0.4674064520154286,0.7911300631967468,0.5503690454690835,0.7748621238282458,0.43727696252213105,0.43982868817722415,0.48343028849816694,0.6719464876527412,0.09151478421961617,0.6799937420247811,0.4600100840905182,0.9867484021015119,-0.08363618770633571,0.5501661554880812,0.19398913901224515,-0.0389418931200037,0.06443511387366668,-0.07052897280495471,-0.23635263151465707,0.0973934963697239,0.018142142720606345,-0.35718620717631894,-0.13586650714566145,0.32642226770401717
1.0566784743397823,1.111033951398744,1.0332132560296736,0.4810725123941594,0.6665419159205737,0.5523884598467775,0.5461831934576165,0.7225112474168952,0.6258674859804427,0.6008039635338558,0.6280091001688477,0.5222656908414602,0.628568787505843,0.4778491891592093,0.5562880516255058,0.5440926106001972,0.6019298031034979,1.242765222548372,0.7076160677827357,0.32149565998143304,0.5575054026367943,0.6276376332087635,0.06178459297105506,0.42977946086218893,0.47533609798861065,0.6306978259855395,0.3138077507015908,0.3671994104800672,0.7222064417744968,0.3103946527135994,0.38285353038050474,0.4488712413695186,0.35232772956577485,0.5320700426594729,0.46401540635932725,0.4181035148875776,0.4663254600323067,0.4676174382187835,0.5362898465082994,0.48392719655150906,0.39067407003991717,0.545129875635647,0.6713257090314534,0.08669732784973812,0.8453716537687285,0.44944761821839774,0.7941708664176538,-0.08645829504734497,0.19309032886380198,-0.007363712745849748,0.37293497407068993,-0.13865590275982842,0.007164319759095409,-0.20152553267162446,0.10692325310858358,0.04778224036420571,-0.23755945819085592,0.17241174241993942,-0.1603568359470526
1.0055928915690693,0.8641240147381591,0.851716522456772,0.7015722142945987,1.0261888687437066,0.8666382145419336,0.5216183116746981,0.8251363073571519,0.636736925928542,0.566162347739847,0.7008959775642607,0.675908448771961,0.6423709961551681,0.5956077238760641,0.5883189868298504,0.6627621282626756,0.7057566765606778,0.7076160677827357,1.282856399203962,0.44678167752219444,0.6658893964689194,0.7257910306997616,-0.033954464299975826,0.5253231266666573,0.5445323799274676,0.6926957752848109,0.4371411623812374,0.4885120188991859,0.5476815383961544,0.40794584929105787,0.4434799030727623,0.6049638859780012,0.5212659822772588,0.5443377951014804,0.3822012042837709,0.39869995148721576,0.44814398267606986,0.543241841599071,0.6184660896403683,0.4223232586284348,0.4565440326817942,0.6421568552577028,0.7845778538255974,0.0800691184044879,0.8896562089868947,0.44782523572428645,0.7998575191925029,-0.0484757023121823,0.4740461771008678,0.07271298589376418,0.18887612561184303,0.30869030111297047,-0.28841224769085116,-0.2326706122456763,-0.06674858398909671,0.014406462082289578,-0.3038514683524966,-0.037954185249284796,0.29173400245066994
0.552411133571814,0.8792076638593798,0.7580315846832585,0.6393883967628264,0.2629294386141829,0.814904346169036,0.4175902621540867,0.6566168087700569,0.5045046380921528,0.4672163178224505,0.625598732135832,0.5478300411481576,0.5777482306908258,0.5340115702863597,0.4653058247930584,0.5111082663778493,0.7447866606638585,0.32149565998143304,0.44678167752219444,2.021848213193428,0.2665218147667998,0.5349957123856472,-0.3220374290622745,0.558166781362423,0.4877654429006559,0.698737349294395,0.648783105675134,0.5087289726700172,0.9956718845064586,0.876200219250852,0.3665590406383286,0.45984104979327617,0.5350918316008252,0.608575395091261,0.686412295765908,0.22980733533271575,1.1670031465304183,0.5839612784109948,0.58846997234951,0.6855524206113521,0.09835273122615935,0.2694908717340699,0.46561887940583385,0.05331441484700651,0.48002089311375257,0.2103543730512254,0.6104084937846856,0.060415460332174875,1.3509807493328065,-0.21414773326618594,-0.3623034779761657,0.09029157891584937,0.23284338454110964,-0.18376274430395284,0.3486849848034487,0.023112470268796908,-0.4125589328184566,-0.4970273248455198,0.7844291133061118
0.8056844227506376,0.7098612052280632,0.9312191348555412,0.5223860628499728,0.3214070294369702,0.7929100254687447,0.4058421382355066,0.5551124307802339,0.5716214274174242,0.4467495154276698,0.5295512168349398,0.5206266497538123,0.4947116579115985,0.49168605593293613,0.45265747139531215,0.47394179041322987,0.4955034953767999,0.5575054026367943,0.6658893964689194,0.2665218147667998,1.4340241543232348,0.5456107931876769,-0.03969262085592743,0.3931441122224533,0.40234030963737344,0.6289151904743766,0.2875342949280196,0.4770354214447069,0.3797547667254776,0.15188777707770826,0.35651237163376115,0.5080513004548357,0.1625769129764754,0.5089040297343965,0.8367222759555737,0.2213301951945061,0.1734052407340726,0.6313035101932796,0.5714652260256476,0.47378791708676793,0.43712727669973866,1.3879355706697158,0.6453069126832777,0.1058685897054538,1.3117485501930861,0.3421427974767759,1.0657857231530843,-0.014470714201326453,-0.2258081887132364,-0.09481175858533497,0.1460020393093208,0.23597993549147436,-0.10575224397487143,-0.1672355333595641,-0.428856254743819,0.06819855035206285,-0.16903482601852357,-0.16749779942992246,0.1953047497901632
1.0697950028445877,0.8791276173549528,0.9948843497524703,0.6745855006318862,0.6663102581792738,0.7064644496560788,0.6351501166020844,0.6953219254469402,0.7596873583239881,0.561264177387833,0.6706592207605879,0.6322953619837697,0.7068262018629393,0.6376801461618801,0.5573543075200141,0.754811672564827,0.7411489167101544,0.6276376332087635,0.7257910306997616,0.5349957123856472,0.5456107931876769,1.2424811702034217,0.1569182586875439,0.5646180766109465,0.5625758950119034,0.5979339352394727,0.518693031172993,0.45495528752898745,0.7737833178107052,0.4578238596540978,0.4944777114099309,0.607807003109704,0.561465011290921,0.6235999635445463,0.5390431657726482,0.5733096761169688,0.5457476818396741,0.6716332308252914,0.6912974803982553,0.4475097493936728,0.5042816208222353,0.5432062704786484,0.979099899397193,0.16584179975463803,0.7009750454683888,0.6202504092139411,0.8987828956234324,-0.24270184658265453,0.6468383418980176,-0.13150732903036894,-0.004149178783810903,0.07994710448862995,0.05152701922030095,-0.22596381533020576,-0.007068532881277377,0.061345344301961646,-0.353094813714973,-0.3806417475538322,0.5589037205008678
0.1903242999869151,-0.11181758694010413,0.08460953940122824,0.009217056194545652,0.10369198543733307,-0.06336670167753065,0.09476807788599127,-0.011984979946099832,0.06731213196140443,0.011021573969558314,-0.015882313377291978,0.019258661255938062,0.009690998350293778,-0.0011938493133302106,-0.006571535113543684,0.01680707950869411,0.03963814808756531,0.06178459297105506,-0.033954464299975826,-0.3220374290622745,-0.03969262085592743,0.1569182586875439,1.78097148820766,0.02722960054186559,0.2964184075506896,-0.3150525760145885,0.00527021523807409,-0.5139695009459564,0.29921257759955505,0.11159788406669774,0.35859740035314386,-0.045051601745055146,-0.020613062841625982,0.3215394845334846,-0.4506527463218978,0.9883669583196139,-0.018980371166908518,0.051258878065348124,0.3041390556443749,-0.07199340503539245,0.5129502343305432,-0.06462219161886386,0.0698325309256812,0.2317526049248703,-0.528462143345611,0.22779238766755353,0.1956723098412622,-0.03827726639740241,-0.42541337982053934,0.08338629765290675,-0.0965654210586072,0.03706676474840228,0.20144343571334977,-0.08673704509290309,0.16222412999344218,0.02460753721629626,-0.024417365866420165,-0.043882469144571105,-0.08678606280633978
0.5557463323283434,0.5771097968586134,0.5954622904701679,0.5476521195481816,0.4342486019828608,0.5597312592145917,0.3963415674337378,0.45856605659946376,0.484857421799462,0.42327342503556675,0.4836150149873509,0.4676285110174893,0.50143987914199,0.48086928058296424,0.4440175391487723,0.4989062983960138,0.5091738215484684,0.42977946086218893,0.5253231266666573,0.558166781362423,0.3931441122224533,0.5646180766109465,0.02722960054186559,0.8143767188045509,0.40534680092304826,0.4740498552093924,0.3695924888621958,0.4614712023594665,0.38079564469817945,0.7227310790999267,0.3305411524263371,0.49499969352389156,0.6688371616549236,0.34987536107082806,0.4077671524105227,0.3976903227967696,0.6421754337273398,0.47802690091063677,0.47542291981188617,0.43283179879332145,0.44678707041441845,0.3945583706352268,0.7774228455394366,0.10989891055113166,0.5946300734155945,0.27225419048179705,0.6294424883072648,0.00941574770634577,0.7680899669780257,-0.03243217812605144,-0.14076827216457094,0.2428051618252594,-0.02542724474902599,-0.14118452479515614,0.03608452640407584,0.03736665243421501,-0.23840627903253916,-1.4508821208494667,1.6143657114629117
0.8591941086232686,0.6623011889575533,0.7397687278385987,0.550580790049516,0.5469093510268015,0.5063985865670869,0.5063640963630452,0.6158836886481159,0.4685910373074989,0.4329653805710642,0.5271378343416804,0.5381381492435904,0.5257162135701902,0.4680617097975638,0.48813184422701594,0.5418835312138868,0.5693988713704649,0.47533609798861065,0.5445323799274676,0.4877654429006559,0.40234030963737344,0.5625758950119034,0.2964184075506896,0.40534680092304826,0.947302543904615,0.5253411235425154,0.4197156230268508,0.27616918844395905,0.6546353481658778,0.4235018378383274,0.37009402543376313,0.4471055630382093,0.3651460690063231,0.5290259530471649,0.38503282065113026,0.47659335915384876,0.39296882006384626,0.4397209285090386,0.4669288584306511,0.2991839100088247,0.3514476509261855,0.39703146193846856,0.5683708413643581,0.12534973855019377,0.43972785073446946,0.36485314532576935,0.6868656589169635,-0.06856130102209125,0.2955717673908247,-0.2623640269477879,-0.1733977908283071,0.3429287517300617,0.042596484035006855,-0.1653556297368864,0.05888071837248086,0.02127724846830254,-0.23950773425932434,-0.07285216688443424,0.19026991687059877
0.8543729983463841,0.8323988458507374,0.8270723078702505,0.7536030814775408,0.6682332920180202,0.6804120916892686,0.5667488915383578,0.7767282634386277,0.6340507936471289,0.5017817370098295,0.6730651497907129,0.6480456282475024,0.6342624164327072,0.6201797926606382,0.5920371520606738,0.5728311398077375,0.560643553562473,0.6306978259855395,0.6926957752848109,0.698737349294395,0.6289151904743766,0.5979339352394727,-0.3150525760145885,0.4740498552093924,0.5253411235425154,1.7723817596683384,0.42206968571323106,0.5325353678730312,0.18515505127924717,0.5437822006867309,0.2578234977664513,0.66061821362638,0.49308743442188757,0.4269804449754317,0.4911434807931932,0.185777502264092,0.26936395078149955,0.575585895671716,0.026714648861083157,0.4896995945331633,0.1445691170738126,0.6348377898963488,0.682681131349415,0.0275809817761629,0.7905267321394556,0.28961374742803436,0.6443464445775758,-0.017560906318548414,0.6278821011477852,-0.17460760069524742,-0.2376474113680691,0.36916616627905163,-0.21409119929751108,-0.1359264472955028,-0.07190877381644584,0.023417136553385676,-0.3342431628780393,-0.07957313903301291,0.3916320416785749
0.6277349447687991,0.6925022543698521,0.6924866337313955,0.5546113301625062,0.40698102303658973,0.466709921856511,0.42911101718465106,0.5186404349893063,0.44094921160287337,0.4176265870064801,0.4815254212450207,0.5124027267040253,0.5075017134127072,0.44578008825596566,0.37959707491451133,0.503201168062767,0.5023516268906901,0.3138077507015908,0.4371411623812374,0.648783105675134,0.2875342949280196,0.518693031172993,0.00527021523807409,0.3695924888621958,0.4197156230268508,0.42206968571323106,1.0625836180507686,0.378424351513494,0.5091085600295947,0.2172365133825205,0.36887669536441603,0.4610395247184502,0.45996833921427543,0.5354378432442625,0.42536062178203093,0.3098385905778625,0.5491804315359836,0.28812613051467784,0.4397903913917631,0.3913020317484072,0.21947971312437525,0.28160762485680435,0.4945185942846191,0.08315074755387354,0.2637292500661664,0.29828417887329944,0.5246803728830979,-0.04587817277163233,0.6766297278100671,-0.14321244237180564,-0.15330120159900093,0.25721580247788106,0.024249242707225616,-0.13312555568504006,0.222738508848885,-0.00749671957817419,-0.23357225781986315,0.01974989888650563,0.19232733614293812
0.41126914978081325,0.5889617783178954,0.6020786201138042,0.3998177527784261,0.23473895308310508,0.4841932122036236,0.3185910367618722,0.34755305423463334,0.409462972821078,0.3710964896243923,0.42047135579455397,0.4323174983397022,0.38285009225298133,0.3713762230516315,0.4125061297167331,0.45505786339458654,0.4644072759245668,0.3671994104800672,0.4885120188991859,0.5087289726700172,0.4770354214447069,0.45495528752898745,-0.5139695009459564,0.4614712023594665,0.27616918844395905,0.5325353678730312,0.378424351513494,1.391920731999624,0.29837839431472146,0.3515438650152266,0.3088433460094146,0.4528537056804734,0.6488956941678079,0.27364396158921234,1.000724121739302,0.2418179833707308,0.5103172736283189,0.3547105193778399,0.30236871966917467,0.39881473682173807,0.2819484311566728,0.47329957504307957,0.6413310083681196,0.10820732878494363,0.9101537835997344,0.07672319910558867,0.4362945376763413,0.013167450839428869,0.44991277788407147,-0.18304059520855592,-0.12261477352457796,0.7012903456620578,-0.60716676659231,-0.03281666629616734,-0.15203092727028694,0.06702985680049844,-0.11558577474054735,-0.8576648601782905,0.8582786523386288
1.0989716016326836,1.312103534113958,1.0739988669895189,0.6486169167322401,0.6296261229636652,0.7359594539994306,0.6276021478931295,0.7656807800568445,0.5694787830413434,0.627200576412661,0.7007287725223627,0.6359742699395519,0.704831792369472,0.5877263157541426,0.5521087795528254,0.6793604638150141,0.8728960481214619,0.7222064417744968,0.5476815383961544,0.9956718845064586,0.3797547667254776,0.7737833178107052,0.29921257759955505,0.38079564469817945,0.6546353481658778,0.18515505127924717,0.5091085600295947,0.29837839431472146,3.486562684261428,0.3250444574641163,0.37897782469139135,0.5523200109055276,0.061953959397357934,0.8891569320613562,0.6898458489535727,0.7931336043808508,0.18155649790128078,0.412103989512159,1.1176438231190036,0.42839095793078297,0.49167656612313865,0.3597464041196399,-0.0509109640308976,0.009429925395326368,0.014318473122728834,0.350153381421624,1.1822496682131027,-0.12427356631595873,1.2116584237915238,0.506432262376093,-0.7207661850952719,0.07701006232167562,-0.08535818852486171,-0.16172374993613658,0.12584365390438107,-0.0064014922524543065,-0.5194467779385077,0.5737584916505146,-0.22432660024982967
0.6947042084099596,0.5737740351554835,0.5550903510049109,0.3237738862546614,0.5228655577983982,0.23086213699530087,0.5050515433491378,0.42034198221893593,0.4232579365618226,0.3709896563318175,0.34949320858450017,0.31010820368266767,0.4428643884062257,0.3543238351236504,0.48387427609911465,0.4091276837826183,0.357274532899836,0.3103946527135994,0.40794584929105787,0.876200219250852,0.15188777707770826,0.4578238596540978,0.11159788406669774,0.7227310790999267,0.4235018378383274,0.5437822006867309,0.2172365133825205,0.3515438650152266,0.3250444574641163,3.9001424120796884,0.4331990828230647,0.2171776578915867,0.8093428264633311,0.05952174056514576,0.41653862514833073,0.7064537414724503,0.8788031124971172,0.30461414233784734,0.7614198553549886,0.5100808831769512,0.3309807335590053,0.12386124374097347,0.7187626841667843,0.11206439636698923,0.6280481591181863,-0.015880247677140073,0.6642750782738114,0.20646737154652128,2.264672446610664,-0.2861077665404346,-0.6085882590418358,0.21968603213526947,0.3619968682548721,-0.1299556944755284,0.4590482965781136,0.011891488135967646,-0.5555103231849258,-0.8753565405728508,1.260482413438942
0.6410279669262662,0.4748885163403292,0.5976549056566546,0.4053357704538441,0.4257567708285247,0.41413719510714475,0.3944863806615834,0.4146526229299823,0.4213081837211912,0.37883909678277294,0.40659879876485594,0.4075491974595397,0.3908896551417306,0.34847609347125996,0.367357143947729,0.3926817596549968,0.4962257082740796,0.38285353038050474,0.4434799030727623,0.3665590406383286,0.35651237163376115,0.4944777114099309,0.35859740035314386,0.3305411524263371,0.37009402543376313,0.2578234977664513,0.36887669536441603,0.3088433460094146,0.37897782469139135,0.4331990828230647,1.146460061918482,0.32432974651607194,0.4397407489412525,0.543174989148379,0.22692726668788513,0.8623969703895692,0.7119196777154218,0.5786432223886986,0.6303404880810854,0.25499873498666736,0.6586034155261261,0.34300727599053793,0.5751759943153595,0.10922590995699823,0.4462966850385206,0.38753308185402724,0.660863911793193,-0.03335944095499623,0.15131418482889283,0.2323496472326311,-0.1579849795470494,0.2541725502915482,-0.05110205600714265,-0.16678844814021734,0.20118176231683638,0.04790003705149173,-0.12195135414947125,-0.15629306809872764,0.039494953722593304
0.7308308804441762,0.6054868877380194,0.7081471074602281,0.7184664205959865,0.49517531119247044,0.6163111842451096,0.44348563337359614,0.5610807399408516,0.520952758368793,0.4496189324930425,0.5265128115257346,0.5688581172419831,0.544230711986239,0.659740820534696,0.4530802233590601,0.5885924266756097,0.5181233873147606,0.4488712413695186,0.6049638859780012,0.45984104979327617,0.5080513004548357,0.607807003109704,-0.045051601745055146,0.49499969352389156,0.4471055630382093,0.66061821362638,0.4610395247184502,0.4528537056804734,0.5523200109055276,0.2171776578915867,0.32432974651607194,0.8944602987825588,0.38088347093009856,0.46448839133478464,0.4030257030339235,0.30927255026931705,0.27547959774308356,0.5241801710102034,0.3653843429444515,0.3252264813615386,0.33786149434244084,0.5007802400746614,0.5835432981929419,0.0691739697770048,0.5656573011522026,0.33800956660978276,0.7322816834463506,-0.07602907249719518,0.4622208806359348,-0.015307339090267163,-0.1020663625721676,0.4759084826148477,-0.3113039676731517,-0.10566571028544608,-0.32524626332758044,0.012722121838592917,0.043955511995185735,-0.5034017313000092,0.5498356513362759
0.5812137064580137,0.6300015533404074,0.4757633256172512,0.6058045317913363,0.663414882499328,0.3629170824054105,0.513721668773918,0.41841615641382623,0.43652316220677795,0.3428333761537743,0.42294028999029315,0.44905926678940855,0.4878484956918074,0.39488007211398285,0.4111702925443033,0.4449081225990273,0.5163242129440292,0.35232772956577485,0.5212659822772588,0.5350918316008252,0.1625769129764754,0.561465011290921,-0.020613062841625982,0.6688371616549236,0.3651460690063231,0.49308743442188757,0.45996833921427543,0.6488956941678079,0.061953959397357934,0.8093428264633311,0.4397407489412525,0.38088347093009856,1.917632741476384,0.029592477817044147,-0.3239548672687728,0.3840796188805964,1.0933076080017972,0.23325476179864402,0.20199477781566777,0.13613267609538443,0.2282448459989798,0.12880748820660326,0.7730277458817318,0.040597983939493196,0.29435861857443824,0.19755975837906176,0.3546909908154852,0.07017076123799558,0.9638163542465997,0.1312510842963013,-0.4220992977705839,0.41008034808099936,-0.1639893910607692,-0.1741010712985662,0.5269698671245169,-0.05459563020788274,-0.5046463030507528,-0.9695736404728089,1.3720160337662766
0.3990325937883177,0.7936606782083356,1.042538893768366,0.7460094856954301,0.3219055201903883,0.6939953175150854,0.4421746945924508,0.6611906296839748,0.635627000177408,0.6452918039172019,0.6292128309820137,0.6032387597308595,0.6006404155665351,0.4836257716389675,0.5064686483828983,0.5377373675739292,0.6928518587668625,0.5320700426594729,0.5443377951014804,0.608575395091261,0.5089040297343965,0.6235999635445463,0.3215394845334846,0.34987536107082806,0.5290259530471649,0.4269804449754317,0.5354378432442625,0.27364396158921234,0.8891569320613562,0.05952174056514576,0.543174989148379,0.46448839133478464,0.029592477817044147,2.758122522406341,1.0597134073905412,0.7481217244012001,0.8161331134067116,0.07760413396687821,0.9829523839384684,0.2131502462390052,0.5431614281356568,0.5080846963240079,0.855349271271307,0.14247308398566358,0.9755387943356555,0.354258635766027,0.9147141747719085,-0.14644064204241727,0.04875883644144203,-0.6753571793482119,0.36851656686136747,-0.28517800118635295,0.4024291734647934,-0.15620165715082748,-0.25618782338654605,0.09992123066625788,-0.28552261110335486,-0.009523991609475584,0.04714943622887508
