1.089372646640772,0.13414130000159002,0.30027216360499465,-0.028629640154687223,0.1172279425862999,0.07609587120460574,0.27125057099085914,0.08613017700908764,0.165224610369035,0.10492542446448813,0.07401550276980189,0.14116111905875564,0.08133458464695352,0.2045770468201441,0.082665627464185,0.08186926943232498,0.10924337115928621,0.09741225686320823,0.07075103637601489,0.09007462837263695,0.11999730003367222,0.13865029068335524,0.13269035388246267,0.0961479606935894,0.17757062765381795,0.05530498474351634,0.12934268271419885,0.10055325873201085,0.16767313274567355,0.05628321569429868,0.1021704791996096,0.06408373579214192,0.1163024028903008,0.11601765446845742,0.09963342004145505,0.1482715742170814,0.1639286685758944,0.06665564177694518,0.13122671701030758,0.002670944530845013,0.1871616800348043,0.10059257560286569,0.09596929838877108,0.18434945797729235,0.12460585161372432,0.10466714395388778,0.061591465665642456,-0.013828669506315828,-0.0005543395926838479
0.13414130000159002,1.5538074631815315,0.605044882116146,-0.021755550255193525,0.043450325765417054,0.45657599262914045,0.016232606892614097,0.20910795303993568,0.20006730393778388,0.2124245190406655,0.1491743523668262,0.23323819942073146,0.11534878818974185,0.09562622856458024,0.429370184504541,0.01635213685123136,0.24037360295227592,0.35447630890433096,0.014262591920287098,0.357718365422757,0.20981321296922736,0.09109569774788746,-0.0514445877213037,0.1603991910369315,0.27263852585638054,0.2920734916444352,0.39339247347066686,0.17842525686487629,0.5025770999472923,-0.08253396476553662,-0.01341420944183169,0.22271236935444932,0.08654010841407622,0.29632101080664286,0.2176447448278778,0.11767953472420038,0.3204383785469421,0.17506408206460067,0.10035111296228968,0.09621362183927093,0.17959629424153586,0.19951380234762647,0.5926433267995679,-0.010223651961619246,0.6078742212059095,0.21033051513992376,0.34873822355290846,-0.02539499284064639,-0.0989792810804736
0.30027216360499465,0.605044882116146,1.9773137152815936,0.05238814038816245,-0.06302683849902582,0.5027062024033705,0.049132109605177915,0.4086057100966936,0.5728670489047201,0.37664966952262713,0.14509903617624903,0.25671563621998694,0.16912454982083672,0.1570607020742647,0.3224428421146526,0.0932120245779987,0.35252887272778055,0.32739999978594614,0.35999656903432836,0.24599440787294916,0.2910686745630609,0.3453545582438587,0.14540793563462734,0.23538454421435626,0.263754911676044,0.2677268559346439,0.37003237841898073,0.3771640092629334,0.385850898890884,-0.2757471660325794,0.18901415225276674,0.18937377857821375,0.3459316133794092,0.3480193186241819,0.36022335301402464,0.25566945309826083,0.37725360304512584,0.16076541823633098,0.2826390688614585,-0.1014062516006732,0.432977662903618,0.2596848849298506,0.43092083914993684,0.5063268610091713,0.5435740835080194,0.4187611570424419,0.36012622476279327,-0.04072981581616458,-0.3195696618341634
-0.028629640154687223,-0.021755550255193525,0.05238814038816245,1.128337153452658,0.5185763266959864,0.2654794137397678,0.3530556837232653,0.3228095088625586,0.11967694022906297,0.21588319252508964,0.2259801440778045,0.27180346313105924,0.1636635622067388,0.26212898727301,0.06451546023389364,0.3169934736163384,0.16767013703559328,0.1567124412194316,0.045339569301634804,0.20291028414334505,0.13982366014335806,0.1920614780218219,0.14476111470921182,0.18530193987026108,0.14675186899035514,0.15695000561552805,0.13643968619519026,0.051537554813041654,0.17932232851974003,0.10179737654214324,0.09768749427784952,0.2136881910997798,0.13762910077272622,0.1734220817454228,-0.04658133367073067,0.20405642658898296,0.20332780494085978,0.11298913207093635,0.22302250084903208,0.09115876944368177,0.223331850187836,0.15459856450745646,0.08749522395754683,0.06513850478018093,0.1419174516478481,0.10930567496144947,0.19587483894133792,-0.017184746595899223,0.2250809596281711
0.1172279425862999,0.043450325765417054,-0.06302683849902582,0.5185763266959864,1.5104959537653244,0.07070528665512438,0.3805003418065817,0.2867468158562584,0.025542673003019656,0.2718977571549545,0.24288274834797663,0.28637943495397145,0.19950377009178816,0.1275438261719854,0.14919548987094053,0.40464988767984567,0.10272147302374701,0.19695566866683828,0.022743770464293,0.1522094979566854,0.09106114842478552,0.15970164207208595,0.11704523036258589,0.12142440293136926,0.07801968347176304,0.15605941274572682,-0.038081064727258085,-0.02296122282527595,0.17293159025829952,0.030790752813341364,0.07720616953606806,0.20591756199166636,0.031074784138552372,0.13969599101761773,-0.11231826074303797,0.2122026888505726,0.1457777701301204,0.07837280808004161,0.22298046064962604,0.09260263696540849,0.14665707095755648,0.13082136710553177,-0.20560118255195753,-0.0049649464743449934,-0.10113466391985768,0.08328946306288619,0.07491548907240929,-0.0160876344665833,0.2137521635112395
0.07609587120460574,0.45657599262914045,0.5027062024033705,0.2654794137397678,0.07070528665512438,1.0039336899483307,-0.03653097887857158,0.3619947262859945,0.31382328451563746,0.208214221512097,0.36181115573964373,0.3614830453035508,0.17996880293474346,0.2538964641452609,0.3096117109259369,0.21888597374402652,0.36164256529978034,0.23075405882895814,0.43624185454691533,0.4882944966965432,0.32160384015194593,0.2857023102706223,0.01591599781418938,0.31913172099004183,0.4186851186506892,0.25801641939400005,0.3763322931461289,0.28551916296489865,0.4455329393864358,0.040426981213286715,0.14284979425182617,0.408765680249748,0.24940112787268945,0.40644860006265565,0.2988467336808746,0.11842421076525367,0.39773713006178923,0.2612120768188905,0.4798894358256957,0.17562189122382665,0.32212082156047983,0.288676784274777,0.5740690331755415,0.2621941822807439,0.6367468190045849,0.26083995054141657,0.5949879071770893,-0.010706532187220827,0.2864745309785287
0.27125057099085914,0.016232606892614097,0.049132109605177915,0.3530556837232653,0.3805003418065817,-0.03653097887857158,0.7839169236975976,0.14885668116763792,0.11231774279586157,0.12433788308909022,0.2807957882458809,0.2536019218911621,0.11131761179307718,-0.02267496419438183,-0.10154349129681038,0.26517296869407564,0.14437741918141106,0.11043608392698948,-0.025212853622314044,0.07967010043003184,0.12959375733185108,0.18265425542024408,0.21524408414181107,0.13362824845659055,0.09900185567261646,-0.031242704804653427,0.11051969587837734,0.06610970642290667,0.10294351445643282,0.16983963638662064,0.13315340113381238,0.09994076443959853,0.11375333430534704,0.06699851972751196,0.010232639471038018,0.27592354403825126,0.17469486555387811,0.05073428236026799,0.15357778381039455,0.020979158796173545,0.16518615499423328,0.12346969363077488,-0.0629410961123879,0.16545374936882137,-0.03421770568526814,0.04400894404793943,-0.15863266081437147,-0.014844141486170087,0.0426861994576039
0.08613017700908764,0.20910795303993568,0.4086057100966936,0.3228095088625586,0.2867468158562584,0.3619947262859945,0.14885668116763792,0.7723658176598313,0.18342855482524742,0.3153084632796902,0.26981032520346926,0.13389588785867085,0.17921341500722868,0.19063829816613612,0.08812782589311735,0.26776608180174694,0.22714817363150294,0.26211012359962077,0.2580800206897893,0.23280091544274464,0.1811542371085852,0.22675529155518953,0.0680562825109152,0.18232489973602414,0.2072237514662664,0.21950408560731452,0.20451015602971065,0.21037963631634593,0.2268090887121184,0.05611029102284132,0.11681992379223156,0.16179519076945947,0.1671501902315929,0.2169831625026955,0.2568399496337194,0.08410993571995541,0.2545574725293196,0.12328955230940272,0.32194422100193476,0.08952238897138017,0.24661361973992443,0.176748180217925,0.2932281053849915,0.25489803338026557,0.32637234063190107,0.17433708507862145,0.38867236594531085,-0.010660364260036824,0.22073873792494333
0.165224610369035,0.20006730393778388,0.5728670489047201,0.11967694022906297,0.025542673003019656,0.31382328451563746,0.11231774279586157,0.18342855482524742,1.032083476549629,0.14992577968798879,0.13531498145867907,0.11700558759009538,0.132404268770423,0.15679809342839296,-0.010738341813308698,0.1630177019280828,0.24675909294971238,0.20074111075176018,0.2696035341008031,0.13445626566232294,0.2228048237906961,0.51606360702223,0.16156891055551495,0.2154631357273795,0.021013469843638836,0.2357849846318238,0.25107696605878216,0.20456775350456366,0.0891419007980697,0.049449715113360077,0.2763871523254391,0.25608985937590695,0.259158647257814,0.19775373900253698,0.16825457220605394,0.19396178585382,0.23190964094104394,0.10029139370959517,0.288164162902818,0.034266652166489935,0.26139537109715405,0.188611359535188,0.23039246065820493,0.2964900128324738,0.31593329542381987,0.16867869643643885,0.2340820148280356,-0.010725764324352117,0.10753520826831417
0.10492542446448813,0.2124245190406655,0.37664966952262713,0.21588319252508964,0.2718977571549545,0.208214221512097,0.12433788308909022,0.3153084632796902,0.14992577968798879,0.8058299426102244,0.11417975176615201,0.18452868285703908,0.16173360803675382,0.14244667290568708,0.18533906406432826,0.18142325671599585,0.1952428489478186,0.3087079472638466,0.21242407748646203,0.06586211529673226,0.13302224096952342,0.18098175594272128,0.1404927778081505,0.16411648873974635,0.19040047896662018,0.20018173416473609,0.1894026332130986,0.1762885702733305,0.21693181105702372,0.08856646269102825,0.10039182444990592,0.1178949607841948,0.20564787138798585,0.18462588954575532,0.1673750785816137,0.20022640174224327,0.1675474955523696,0.04259343054242734,0.21401063589643748,0.04677902113158423,0.33042916432223757,0.1391540414726942,0.15143189505048502,0.20417888618386773,0.18691834676089464,0.1888402747829062,0.2972401936412433,-0.02398764785745897,0.18326772086346108
0.07401550276980189,0.1491743523668262,0.14509903617624903,0.2259801440778045,0.24288274834797663,0.36181115573964373,0.2807957882458809,0.26981032520346926,0.13531498145867907,0.11417975176615201,0.9906338882754117,0.3061797428093408,0.17702941849825646,0.02314779729194528,0.05912948395574064,0.4042184083817702,0.30815907126926934,0.22510176796235395,0.2532682851143208,0.3641716359794182,0.25732289849711626,0.2683171949553555,0.0434623071874602,0.2510594947254683,0.19466193052232655,0.10264177407434033,0.2733932844040883,0.22586882236072942,0.32666017686105076,0.06779594255709691,0.1846360622356043,0.3163812622430038,0.13185402717605835,0.2877422020004288,0.29332707885418313,0.151461635509431,0.2899456701978601,0.17905891087650008,0.3788313753568562,0.1544251947804455,0.18017142314132437,0.24571490222956485,0.2946164894428439,0.2382276302970363,0.2208667830917096,0.12733373859363,0.22913059249969764,-6.090521210233986e-5,0.2851612076658814
0.14116111905875564,0.23323819942073146,0.25671563621998694,0.27180346313105924,0.28637943495397145,0.3614830453035508,0.2536019218911621,0.13389588785867085,0.11700558759009538,0.18452868285703908,0.3061797428093408,0.6747239241997656,0.14310903636601227,0.14239408526846395,0.26875082005926515,0.17994625565578004,0.2363643988151872,0.06560096926207401,0.16793131646865214,0.2991223479356766,0.20373225867731687,0.14521789410574465,0.10164334989214702,0.2008767599195158,0.2683278127377745,0.11501288405586076,0.27597762714731777,0.17539913164860313,0.2700316434966182,0.07114834731497525,0.1149594343377243,0.25054369316268305,0.1432539285476136,0.22928842369113012,0.19290714636525175,0.25809502496442904,0.23133491609864199,0.1592642781538185,0.2881005326515207,0.11782900014529224,0.21654790751478392,0.20423240271566942,0.20245837832018007,0.1627882981866258,0.25176893103559944,0.16828312066928264,0.19663488299459983,-0.015534781600104679,0.13088194009813325
0.08133458464695352,0.11534878818974185,0.16912454982083672,0.1636635622067388,0.19950377009178816,0.17996880293474346,0.11131761179307718,0.17921341500722868,0.132404268770423,0.16173360803675382,0.17702941849825646,0.14310903636601227,0.4613308910392364,0.11851689346500892,0.03532182493440837,0.17123972887667768,0.12064168716786347,0.14684380972971395,0.15393210741277907,0.11754211204427739,0.13587223410301622,0.15335099596707308,0.09280455587067865,0.1268222830148289,0.15993361782150417,0.1307992921169343,0.07825287870097598,0.10470275528226887,0.21018705998468443,0.04965477089163905,0.08007469892590664,0.15577530255865407,0.08270019447343842,0.16641544227468358,0.1423415550678599,0.09853527292620647,0.1200793867124513,0.06349269459781408,0.2346270797871694,0.06194053370195027,0.17515201369341354,0.11234446670191957,0.09352565188205277,0.17495278633864278,0.0792381016799812,0.10792656385785981,0.17150456935748545,-0.009510962954099653,0.1958680874802755
0.2045770468201441,0.09562622856458024,0.1570607020742647,0.26212898727301,0.1275438261719854,0.2538964641452609,-0.02267496419438183,0.19063829816613612,0.15679809342839296,0.14244667290568708,0.02314779729194528,0.14239408526846395,0.11851689346500892,0.6479669709198891,0.20695544886871967,0.10424714537217938,0.15593649400557877,0.09408147994592755,0.14878343246318615,0.21103117762437532,0.13693086740573152,0.1376793177562848,0.05312958679085847,0.1409453656983192,0.21441258982432024,0.30105694436327496,0.19489700177979616,0.13059847172780295,0.17285311547079546,0.061398213432774414,0.10342683690808038,0.14634240952285946,0.14745688173104843,0.18275725897080303,0.13341498367623666,0.11196093409753255,0.19816698903912833,0.11878726612870046,0.17936648240106415,0.09382202917849505,0.27882640641820866,0.14818570595290928,0.2550003926639221,0.09265990654160315,0.3351213706902556,0.1444675592350158,0.34518575790981554,-0.01051516813218091,0.1905733935614787
0.082665627464185,0.429370184504541,0.3224428421146526,0.06451546023389364,0.14919548987094053,0.3096117109259369,-0.10154349129681038,0.08812782589311735,-0.010738341813308698,0.18533906406432826,0.05912948395574064,0.26875082005926515,0.03532182493440837,0.20695544886871967,1.194632303675621,-0.15469795747431453,0.2675316022196299,0.3531595208187552,0.10849425810332053,0.34375910077905514,0.1855009600243618,-0.05726219292411579,0.020268503207957252,0.19271407247969813,0.3043085548797455,0.3930654852736771,0.27162795017791674,0.1924884798279776,0.3632132118141419,0.12149441338309559,0.04580058057824097,0.227379395621173,0.16415772760885958,0.2899006383788092,0.18703672437471017,0.20521238819943707,0.17012333997554893,0.16745327662771048,0.17120221567986801,0.12005495363334352,0.265237823064518,0.18925512837851594,0.418182780112208,0.02970600620271152,0.5025914541274882,0.27894260247607827,0.36436795834185093,-0.029812469435252658,0.13888908932116376
0.08186926943232498,0.01635213685123136,0.0932120245779987,0.3169934736163384,0.40464988767984567,0.21888597374402652,0.26517296869407564,0.26776608180174694,0.1630177019280828,0.18142325671599585,0.4042184083817702,0.17994625565578004,0.17123972887667768,0.10424714537217938,-0.15469795747431453,1.1239419247994256,0.2117323616591099,0.22123202800721917,0.23869575438821086,0.08085420555628489,0.15646247283060125,0.5369049109719966,0.05411001557732552,0.16185142437136923,0.0606353738723812,0.13330322829123456,0.06738477077409956,0.21217835245312777,0.18168091767094766,0.017240884476247522,0.20786239916489138,0.22551456973953385,-0.01527035630663006,0.19601279585024703,0.4415382055690223,0.03484330604322919,0.16935672025516613,0.054543209674702296,0.32792034132082803,0.13976518443341374,0.1890687843208455,0.21449849631530524,0.11978496896214555,0.34202566096108133,0.060259079879327763,0.05213538855237328,0.21562920878030353,0.006790987202746689,0.20579688387633738
0.10924337115928621,0.24037360295227592,0.35252887272778055,0.16767013703559328,0.10272147302374701,0.36164256529978034,0.14437741918141106,0.22714817363150294,0.24675909294971238,0.1952428489478186,0.30815907126926934,0.2363643988151872,0.12064168716786347,0.15593649400557877,0.2675316022196299,0.2117323616591099,0.5890619254576126,0.27803527389868316,0.3000357391218713,0.31749118078807864,0.27427676458907335,0.2751357491317254,0.07461708439079094,0.24597636473040851,0.31722935264505064,0.17295258169355437,0.28846685724818577,0.36046556962593423,0.31052709147435464,0.12105282256515634,0.2175066576491518,0.24446959444241959,0.2852109392176038,0.27783999736992615,0.3559312160687724,0.18939884918437253,0.38691969515762464,0.17393844820589194,0.31165306299627893,0.10418486767549409,0.36422719265180914,0.28787853780654293,0.4039864292333567,0.34007178570565033,0.44003699309914457,0.2247309295322526,0.37597697988850803,-0.014872626751374678,0.15057578777819952
0.09741225686320823,0.35447630890433096,0.32739999978594614,0.1567124412194316,0.19695566866683828,0.23075405882895814,0.11043608392698948,0.26211012359962077,0.20074111075176018,0.3087079472638466,0.22510176796235395,0.06560096926207401,0.14684380972971395,0.09408147994592755,0.3531595208187552,0.22123202800721917,0.27803527389868316,1.0253741342929144,0.20194914427562483,0.06813177340170341,0.1918863158603233,0.19268250179128993,0.06328201110919131,0.19241423870345936,0.18570111232683484,0.498980356199062,0.05202508567807611,0.2149477094332965,0.305490123378208,0.051761073647491315,0.12135324753656086,0.16662740816550717,0.21732854873686763,0.22883579271283858,0.2269700021728776,0.07347530788435629,0.2402336473350588,0.03965072309988622,0.14919911512017547,0.07310727136667003,0.31679465360381187,0.1600259152098413,0.3976045863099981,0.13925189890219264,0.5440036473573672,0.2028360396156093,0.3348246055267942,-0.022633457108977257,0.050710655180558305
0.07075103637601489,0.014262591920287098,0.35999656903432836,0.045339569301634804,0.022743770464293,0.43624185454691533,-0.025212853622314044,0.2580800206897893,0.2696035341008031,0.21242407748646203,0.2532682851143208,0.16793131646865214,0.15393210741277907,0.14878343246318615,0.10849425810332053,0.23869575438821086,0.3000357391218713,0.20194914427562483,1.4436023507964468,0.08172557532447765,0.28672147309843415,0.32265416517117995,-0.2396105295406559,0.2957300213937066,0.36824645237859355,0.10643668810844562,0.15515178153917167,0.46525699054113895,0.07472913330229555,0.3314812010819781,0.2118343963809085,0.18752976286159895,0.5527801201234227,0.0871650241611515,0.31087110446222727,0.1863255919184986,0.35946815859553877,0.07447744478406125,0.5669711385327204,0.08734940068841655,0.4783875249750213,0.2126497386323764,0.07819782799514688,0.3439618707539702,0.3464198282766961,0.24618191793679695,0.19130306336961225,0.00979401382635423,0.46484905706612345
0.09007462837263695,0.357718365422757,0.24599440787294916,0.20291028414334505,0.1522094979566854,0.4882944966965432,0.07967010043003184,0.23280091544274464,0.13445626566232294,0.06586211529673226,0.3641716359794182,0.2991223479356766,0.11754211204427739,0.21103117762437532,0.34375910077905514,0.08085420555628489,0.31749118078807864,0.06813177340170341,0.08172557532447765,1.0521748459906581,0.22896899252109212,0.07748056848595208,0.04768616950555671,0.27939390059181496,0.501949640601604,0.20424413554985452,0.45329938141972187,0.20657058319947172,0.5222138251262817,0.15220600121798447,0.0400612005870073,0.3983452865671265,0.05954033675203081,0.4118914683840704,0.24340509342231365,0.10924709991187201,0.5134739476312302,0.4876508525746343,0.6307861380002949,0.26686823069175086,-0.02772248533789961,0.26509714774585263,0.6936328422149249,0.17082931806258625,0.803999845942965,0.13712602567421003,0.3710191653057641,0.010115228830313858,0.2168276156070734
0.11999730003367222,0.20981321296922736,0.2910686745630609,0.13982366014335806,0.09106114842478552,0.32160384015194593,0.12959375733185108,0.1811542371085852,0.2228048237906961,0.13302224096952342,0.25732289849711626,0.20373225867731687,0.13587223410301622,0.13693086740573152,0.1855009600243618,0.15646247283060125,0.27427676458907335,0.1918863158603233,0.28672147309843415,0.22896899252109212,0.5275999673732088,0.18504857465310884,0.29028631668571603,0.22237690678811,0.23254511041626025,0.13624636483961847,0.36857337943514346,0.26614693066917555,0.21803723469556935,0.18782024935920966,0.34869304940657314,0.20876750421488346,0.3117857207915767,0.20305176320035973,0.28294596341485095,0.34477585540370714,0.31973679427376384,0.1415500157474442,0.45871700276495303,0.17485589037962962,0.4448531402602574,0.32426576685439545,0.4101808413834349,0.3448928403683215,0.6590418641225984,0.22837766294894207,0.3480241156277403,-0.019731045547692994,0.22051266258020072
0.13865029068335524,0.09109569774788746,0.3453545582438587,0.1920614780218219,0.15970164207208595,0.2857023102706223,0.18265425542024408,0.22675529155518953,0.51606360702223,0.18098175594272128,0.2683171949553555,0.14521789410574465,0.15335099596707308,0.1376793177562848,-0.05726219292411579,0.5369049109719966,0.2751357491317254,0.19268250179128993,0.32265416517117995,0.07748056848595208,0.18504857465310884,1.1374423651664218,0.15879934354901323,0.18760037030286697,0.055436484869263024,0.1968355168322584,0.17778840383331476,0.19969770588206853,0.1718492531723699,-0.036834381199814505,0.3213947807224894,0.36731235055476597,0.0669707313561424,0.3287526561234744,0.3409840955826003,0.10800426276493995,0.1888838657661236,0.0795123498622825,0.46990083678966504,0.09891644966695773,0.1976508212680253,0.20390901861112884,0.10072146974200559,0.43884676011237994,0.0690116214069975,0.10117922868688282,0.26350164680539734,-0.0002552989962517911,0.17475886425520984
0.13269035388246267,-0.0514445877213037,0.14540793563462734,0.14476111470921182,0.11704523036258589,0.01591599781418938,0.21524408414181107,0.0680562825109152,0.16156891055551495,0.1404927778081505,0.0434623071874602,0.10164334989214702,0.09280455587067865,0.05312958679085847,0.020268503207957252,0.05411001557732552,0.07461708439079094,0.06328201110919131,-0.2396105295406559,0.04768616950555671,0.29028631668571603,0.15879934354901323,1.717443708138531,0.17146157914110927,0.3868934321956903,-0.17658970346385564,0.38120194280661507,0.02274394960697998,0.14094599248053982,0.38331045404831554,0.4859563986500514,0.0017019026756478208,0.27694533563878815,0.22114147602436532,0.013061870031021616,0.7181284791781593,0.3961742897270461,0.044859443545894155,0.9231785341495375,-0.0450122785392637,0.5769141452046943,0.15803066301633215,-0.11370384778074435,1.2588482620601946,-0.09879607428666305,0.11813763641276562,0.12548051609228214,-0.01158854907804964,0.3467953008940745
0.0961479606935894,0.1603991910369315,0.23538454421435626,0.18530193987026108,0.12142440293136926,0.31913172099004183,0.13362824845659055,0.18232489973602414,0.2154631357273795,0.16411648873974635,0.2510594947254683,0.2008767599195158,0.1268222830148289,0.1409453656983192,0.19271407247969813,0.16185142437136923,0.24597636473040851,0.19241423870345936,0.2957300213937066,0.27939390059181496,0.22237690678811,0.18760037030286697,0.17146157914110927,0.7068345358990752,0.320982986321208,0.059883032712356656,0.37334933783899016,0.28374682430244064,0.2687800734778917,0.4931092908261417,0.16745712521120498,0.5330698041702764,0.47707908069356286,0.36058952969550906,0.2104967662879747,0.34024283741479344,0.30365523329916355,0.16065461979372378,0.24256035580908533,0.05599499036541022,0.47000363611469825,0.23871293779325983,0.36497431968349625,0.2868032489636604,0.26263690576270854,0.26350545674142517,0.34528450186649123,-0.03709553336484553,0.4875960891414073
0.17757062765381795,0.27263852585638054,0.263754911676044,0.14675186899035514,0.07801968347176304,0.4186851186506892,0.09900185567261646,0.2072237514662664,0.021013469843638836,0.19040047896662018,0.19466193052232655,0.2683278127377745,0.15993361782150417,0.21441258982432024,0.3043085548797455,0.0606353738723812,0.31722935264505064,0.18570111232683484,0.36824645237859355,0.501949640601604,0.23254511041626025,0.055436484869263024,0.3868934321956903,0.320982986321208,1.8578697358881957,0.08665053604595435,0.439472837173733,0.3061155888868646,1.0212970154614427,0.5455085233667984,-0.3899747656389451,0.22423571364418704,0.18272117117802497,0.6604094242789842,0.4253650237459184,0.2298425041796939,0.4453531908445522,0.2632385991893984,0.6872132357842757,0.09628216053544926,0.3993340129903574,0.24510907429471673,0.6237021709234971,0.7130552108092297,0.46646996479723113,0.2812293443426522,0.46859367827540155,-0.05661678561404187,0.2701440938446462
0.05530498474351634,0.2920734916444352,0.2677268559346439,0.15695000561552805,0.15605941274572682,0.25801641939400005,-0.031242704804653427,0.21950408560731452,0.2357849846318238,0.20018173416473609,0.10264177407434033,0.11501288405586076,0.1307992921169343,0.30105694436327496,0.3930654852736771,0.13330322829123456,0.17295258169355437,0.498980356199062,0.10643668810844562,0.20424413554985452,0.13624636483961847,0.1968355168322584,-0.17658970346385564,0.059883032712356656,0.08665053604595435,2.0280845576261206,0.27535608853623467,0.1117663912981044,0.15473222545177323,-0.32516072298082344,0.03242216771536457,0.36173019191872535,-0.09843130703337304,0.44976024563081557,0.3680386013524314,0.09399243465122538,-0.4249784932997725,0.08304333016322873,0.17202025050862618,0.3723629100370114,0.0964213617688745,0.20426541921500388,0.5509516467123788,-0.3315812123389622,1.1019880978573127,0.07702341734621686,0.37719884188780944,-0.0005767082465461358,0.17318909229301768
0.12934268271419885,0.39339247347066686,0.37003237841898073,0.13643968619519026,-0.038081064727258085,0.3763322931461289,0.11051969587837734,0.20451015602971065,0.25107696605878216,0.1894026332130986,0.2733932844040883,0.27597762714731777,0.07825287870097598,0.19489700177979616,0.27162795017791674,0.06738477077409956,0.28846685724818577,0.05202508567807611,0.15515178153917167,0.45329938141972187,0.36857337943514346,0.17778840383331476,0.38120194280661507,0.37334933783899016,0.439472837173733,0.27535608853623467,2.724275194927638,0.3109459154779674,0.49987221044386687,0.18285140395055696,0.13813200008601734,0.4502773903711637,0.3180944268387111,0.5191559987847102,0.37840058829690704,1.0094115935140917,0.16664762830753452,0.20162571492894438,0.2747091292601973,0.4077364904939958,0.4625631085080235,0.41469545600297497,2.0862781970718314,-0.2180090827935996,1.2090571185685588,0.13158898655620924,0.23183245031290153,-0.025145356277804273,0.4389365963197131
0.10055325873201085,0.17842525686487629,0.3771640092629334,0.051537554813041654,-0.02296122282527595,0.28551916296489865,0.06610970642290667,0.21037963631634593,0.20456775350456366,0.1762885702733305,0.22586882236072942,0.17539913164860313,0.10470275528226887,0.13059847172780295,0.1924884798279776,0.21217835245312777,0.36046556962593423,0.2149477094332965,0.46525699054113895,0.20657058319947172,0.26614693066917555,0.19969770588206853,0.02274394960697998,0.28374682430244064,0.3061155888868646,0.1117663912981044,0.3109459154779674,1.0186512281045454,0.003928101997405904,0.28904118584918237,0.355871800530809,0.02044122955797513,0.6647062897408782,0.0018477796531741414,0.8238870203913109,0.2273911606510585,0.34426059252707736,0.12081720232964036,0.3500233443910777,-0.014580021295683445,0.4674504366183361,0.24975952090832682,0.2873937360433481,0.9949703092075126,0.2270010204432608,0.2006671491468754,0.20904729321383342,-0.015089559278423016,0.2567792994763773
0.16767313274567355,0.5025770999472923,0.385850898890884,0.17932232851974003,0.17293159025829952,0.4455329393864358,0.10294351445643282,0.2268090887121184,0.0891419007980697,0.21693181105702372,0.32666017686105076,0.2700316434966182,0.21018705998468443,0.17285311547079546,0.3632132118141419,0.18168091767094766,0.31052709147435464,0.305490123378208,0.07472913330229555,0.5222138251262817,0.21803723469556935,0.1718492531723699,0.14094599248053982,0.2687800734778917,1.0212970154614427,0.15473222545177323,0.49987221044386687,0.003928101997405904,2.591133657333615,-0.21696906623961604,-0.6575982346239562,0.5527635338418757,-0.20576752905670037,0.9979801793761911,0.2624140051939461,0.3572967434527723,-0.32390518931428036,0.16528518509264392,0.3318619797776741,0.3161430060295994,0.267671405789402,0.2135535689677611,0.7660065877002367,-0.19864374583550998,0.4653735140984572,0.2544848390286446,0.5133079915356727,-0.0558613053955699,0.2340901730214368
0.05628321569429868,-0.08253396476553662,-0.2757471660325794,0.10179737654214324,0.030790752813341364,0.040426981213286715,0.16983963638662064,0.05611029102284132,0.049449715113360077,0.08856646269102825,0.06779594255709691,0.07114834731497525,0.04965477089163905,0.061398213432774414,0.12149441338309559,0.017240884476247522,0.12105282256515634,0.051761073647491315,0.3314812010819781,0.15220600121798447,0.18782024935920966,-0.036834381199814505,0.38331045404831554,0.4931092908261417,0.5455085233667984,-0.32516072298082344,0.18285140395055696,0.28904118584918237,-0.21696906623961604,2.812125083188006,0.37013884537947045,0.2429375421936271,0.5669530951585108,-0.24837147901054962,0.13382436187306823,0.46604546281513726,0.5146374319863982,0.12418442967294581,0.20142069199997434,-0.1627138067271174,0.515018074736463,0.15750552284607394,0.321912420754063,0.6537549947637711,0.20221095475511616,0.5027392873746535,0.45738339754775215,-0.09048726292164545,1.2131171307901398
0.1021704791996096,-0.01341420944183169,0.18901415225276674,0.09768749427784952,0.07720616953606806,0.14284979425182617,0.13315340113381238,0.11681992379223156,0.2763871523254391,0.10039182444990592,0.1846360622356043,0.1149594343377243,0.08007469892590664,0.10342683690808038,0.04580058057824097,0.20786239916489138,0.2175066576491518,0.12135324753656086,0.2118343963809085,0.0400612005870073,0.34869304940657314,0.3213947807224894,0.4859563986500514,0.16745712521120498,-0.3899747656389451,0.03242216771536457,0.13813200008601734,0.355871800530809,-0.6575982346239562,0.37013884537947045,1.8190544455443618,0.24938801113481787,0.3652019103794146,-0.028231479180209046,0.44611966740602155,0.3453253945091206,0.6460655782180823,0.10539850516433934,0.3983387209651431,-0.04693753782850745,0.2983534640080914,0.272673592809606,-0.0992196127139269,0.8563274436027153,0.16940097313454763,0.2025059450261427,0.2302028002348138,0.010793305697825915,-0.04637325968779883
0.06408373579214192,0.22271236935444932,0.18937377857821375,0.2136881910997798,0.20591756199166636,0.408765680249748,0.09994076443959853,0.16179519076945947,0.25608985937590695,0.1178949607841948,0.3163812622430038,0.25054369316268305,0.15577530255865407,0.14634240952285946,0.227379395621173,0.22551456973953385,0.24446959444241959,0.16662740816550717,0.18752976286159895,0.3983452865671265,0.20876750421488346,0.36731235055476597,0.0017019026756478208,0.5330698041702764,0.22423571364418704,0.36173019191872535,0.4502773903711637,0.02044122955797513,0.5527635338418757,0.2429375421936271,0.24938801113481787,1.8748310436890494,-0.07835844748536518,0.7282700487489264,0.1748744386432136,0.2142610195350209,-0.03688604801477158,0.21397875072202116,0.40643306262513035,0.2279194873868042,0.14449763831780046,0.2613216354252031,0.5266175116514938,-0.07079583196792762,0.46948932328971316,0.23102681908680248,0.5558169794182869,-0.02952792613836219,0.43582728820514516
0.1163024028903008,0.08654010841407622,0.3459316133794092,0.13762910077272622,0.031074784138552372,0.24940112787268945,0.11375333430534704,0.1671501902315929,0.259158647257814,0.20564787138798585,0.13185402717605835,0.1432539285476136,0.08270019447343842,0.14745688173104843,0.16415772760885958,-0.01527035630663006,0.2852109392176038,0.21732854873686763,0.5527801201234227,0.05954033675203081,0.3117857207915767,0.0669707313561424,0.27694533563878815,0.47707908069356286,0.18272117117802497,-0.09843130703337304,0.3180944268387111,0.6647062897408782,-0.20576752905670037,0.5669530951585108,0.3652019103794146,-0.07835844748536518,2.0055857809464235,-0.24799286817406221,-0.2243125323382427,0.39835930689556165,0.39371680755474653,0.06793222810605286,0.011325429744059942,-0.23133629380237758,0.6844208518278392,0.24933339736791935,0.2238817261724409,0.6790708484701484,0.021832760429745152,0.35403417289061956,0.217596154995757,-0.05599433032070134,0.7728114282744848
0.11601765446845742,0.29632101080664286,0.3480193186241819,0.1734220817454228,0.13969599101761773,0.40644860006265565,0.06699851972751196,0.2169831625026955,0.19775373900253698,0.18462588954575532,0.2877422020004288,0.22928842369113012,0.16641544227468358,0.18275725897080303,0.2899006383788092,0.19601279585024703,0.27783999736992615,0.22883579271283858,0.0871650241611515,0.4118914683840704,0.20305176320035973,0.3287526561234744,0.22114147602436532,0.36058952969550906,0.6604094242789842,0.44976024563081557,0.5191559987847102,0.0018477796531741414,0.9979801793761911,-0.24837147901054962,-0.028231479180209046,0.7282700487489264,-0.24799286817406221,2.192064989162456,0.4041272716052779,0.0155701337567994,0.3214371879883582,0.16340465997853032,0.22067264675594622,0.10834913732765136,0.24027701992625644,0.3000960749312426,0.9565099933568235,0.2450686474680838,0.4108184000839799,0.021499911154081428,0.6671186096543289,0.04207476246050632,-0.14001602872919555
0.09963342004145505,0.2176447448278778,0.36022335301402464,-0.04658133367073067,-0.11231826074303797,0.2988467336808746,0.010232639471038018,0.2568399496337194,0.16825457220605394,0.1673750785816137,0.29332707885418313,0.19290714636525175,0.1423415550678599,0.13341498367623666,0.18703672437471017,0.4415382055690223,0.3559312160687724,0.2269700021728776,0.31087110446222727,0.24340509342231365,0.28294596341485095,0.3409840955826003,0.013061870031021616,0.2104967662879747,0.4253650237459184,0.3680386013524314,0.37840058829690704,0.8238870203913109,0.2624140051939461,0.13382436187306823,0.44611966740602155,0.1748744386432136,-0.2243125323382427,0.4041272716052779,2.1715139733285977,-0.2030854425783007,0.08045647148566057,0.08132214046984342,0.45552194761414844,0.2347617572202069,0.17078323349763408,0.32160423263879084,0.7261394255289398,1.1816491139927585,0.5197038657434467,0.12463954022531627,0.459325068170407,0.04345719537475626,-0.0003094668382449685
0.1482715742170814,0.11767953472420038,0.25566945309826083,0.20405642658898296,0.2122026888505726,0.11842421076525367,0.27592354403825126,0.08410993571995541,0.19396178585382,0.20022640174224327,0.151461635509431,0.25809502496442904,0.09853527292620647,0.11196093409753255,0.20521238819943707,0.03484330604322919,0.18939884918437253,0.07347530788435629,0.1863255919184986,0.10924709991187201,0.34477585540370714,0.10800426276493995,0.7181284791781593,0.34024283741479344,0.2298425041796939,0.09399243465122538,1.0094115935140917,0.2273911606510585,0.3572967434527723,0.46604546281513726,0.3453253945091206,0.2142610195350209,0.39835930689556165,0.0155701337567994,-0.2030854425783007,2.5692682480998004,0.041424778881007304,0.1185582827133954,0.5158544374692683,0.42088294946460236,1.006453082711272,0.3377754726724984,-0.45246306008967546,-0.5462686320653338,0.3470871192560659,0.6709112238461273,-0.303117363428069,-0.18875272952197364,-0.15880355994971765
0.1639286685758944,0.3204383785469421,0.37725360304512584,0.20332780494085978,0.1457777701301204,0.39773713006178923,0.17469486555387811,0.2545574725293196,0.23190964094104394,0.1675474955523696,0.2899456701978601,0.23133491609864199,0.1200793867124513,0.19816698903912833,0.17012333997554893,0.16935672025516613,0.38691969515762464,0.2402336473350588,0.35946815859553877,0.5134739476312302,0.31973679427376384,0.1888838657661236,0.3961742897270461,0.30365523329916355,0.4453531908445522,-0.4249784932997725,0.16664762830753452,0.34426059252707736,-0.32390518931428036,0.5146374319863982,0.6460655782180823,-0.03688604801477158,0.39371680755474653,0.3214371879883582,0.08045647148566057,0.041424778881007304,2.8085385779395504,0.34237378158696685,0.32959665709627695,-0.3016431689371552,0.6719058279276194,0.3909100966438691,0.2433239486248061,0.8532395376971168,0.4009385283390043,0.2408915476605169,0.3527941696766109,0.029297828855014967,-0.5333374319980261
0.06665564177694518,0.17506408206460067,0.16076541823633098,0.11298913207093635,0.07837280808004161,0.2612120768188905,0.05073428236026799,0.12328955230940272,0.10029139370959517,0.04259343054242734,0.17905891087650008,0.1592642781538185,0.06349269459781408,0.11878726612870046,0.16745327662771048,0.054543209674702296,0.17393844820589194,0.03965072309988622,0.07447744478406125,0.4876508525746343,0.1415500157474442,0.0795123498622825,0.044859443545894155,0.16065461979372378,0.2632385991893984,0.08304333016322873,0.20162571492894438,0.12081720232964036,0.16528518509264392,0.12418442967294581,0.10539850516433934,0.21397875072202116,0.06793222810605286,0.16340465997853032,0.08132214046984342,0.1185582827133954,0.34237378158696685,0.6357521208638283,0.29556425074006365,0.14559476931684684,-0.0008831743953946534,0.16099661387293374,0.24271744207032186,0.10360745704789866,0.3773090103150133,0.14259557093872424,0.25995169625987297,-0.011248159281994977,0.18192189773930545
0.13122671701030758,0.10035111296228968,0.2826390688614585,0.22302250084903208,0.22298046064962604,0.4798894358256957,0.15357778381039455,0.32194422100193476,0.288164162902818,0.21401063589643748,0.3788313753568562,0.2881005326515207,0.2346270797871694,0.17936648240106415,0.17120221567986801,0.32792034132082803,0.31165306299627893,0.14919911512017547,0.5669711385327204,0.6307861380002949,0.45871700276495303,0.46990083678966504,0.9231785341495375,0.24256035580908533,0.6872132357842757,0.17202025050862618,0.2747091292601973,0.3500233443910777,0.3318619797776741,0.20142069199997434,0.3983387209651431,0.40643306262513035,0.011325429744059942,0.22067264675594622,0.45552194761414844,0.5158544374692683,0.32959665709627695,0.29556425074006365,3.226048926604584,0.6257331762083499,0.11096095874517359,0.18555000388533685,-0.5161158139265244,1.4001347775464124,0.7877052182002604,0.027323156236718455,0.42225795729838106,-0.07583833772719156,1.456066384881777
0.002670944530845013,0.09621362183927093,-0.1014062516006732,0.09115876944368177,0.09260263696540849,0.17562189122382665,0.020979158796173545,0.08952238897138017,0.034266652166489935,0.04677902113158423,0.1544251947804455,0.11782900014529224,0.06194053370195027,0.09382202917849505,0.12005495363334352,0.13976518443341374,0.10418486767549409,0.07310727136667003,0.08734940068841655,0.26686823069175086,0.17485589037962962,0.09891644966695773,-0.0450122785392637,0.05599499036541022,0.09628216053544926,0.3723629100370114,0.4077364904939958,-0.014580021295683445,0.3161430060295994,-0.1627138067271174,-0.04693753782850745,0.2279194873868042,-0.23133629380237758,0.10834913732765136,0.2347617572202069,0.42088294946460236,-0.3016431689371552,0.14559476931684684,0.6257331762083499,1.0898570613154712,-0.09552477667597853,0.1705366147438953,0.3292477250628195,-0.766970062850522,0.9126503609218859,0.20420394942483533,0.2670309289438909,-0.024691476479505568,0.3515589765766865
0.1871616800348043,0.17959629424153586,0.432977662903618,0.223331850187836,0.14665707095755648,0.32212082156047983,0.16518615499423328,0.24661361973992443,0.26139537109715405,0.33042916432223757,0.18017142314132437,0.21654790751478392,0.17515201369341354,0.27882640641820866,0.265237823064518,0.1890687843208455,0.36422719265180914,0.31679465360381187,0.4783875249750213,-0.02772248533789961,0.4448531402602574,0.1976508212680253,0.5769141452046943,0.47000363611469825,0.3993340129903574,0.0964213617688745,0.4625631085080235,0.4674504366183361,0.267671405789402,0.515018074736463,0.2983534640080914,0.14449763831780046,0.6844208518278392,0.24027701992625644,0.17078323349763408,1.006453082711272,0.6719058279276194,-0.0008831743953946534,0.11096095874517359,-0.09552477667597853,3.5691504163179086,0.38755049704175587,-0.17857664136517806,0.5278702662083878,0.1989399215983455,0.44760106298315905,0.3062754983002371,-0.04533165779122894,1.0472328589208102
