1.0088046950568599,0.27348115146143076,0.20903669589032908,0.3046926058033258,0.25000778217591374,0.31393058095746335,0.30092444116426703,0.2722542555735553,0.23997929673348137,0.2452625016373806,0.20013107123599236,0.24508875273180822,0.35411808416019563,0.21378044299954302,0.21006734130650895,0.216688080666145,0.20318370112757786,0.18801151657646759,0.21781871801440966,0.16520380048726524,0.18914964401817627,0.15377642483225964,0.19316999340277863,0.13779365140247773,0.22643817007711445,0.1934698673050881,0.1910889758845772,0.13517952203902733,0.18772617545738535,0.08953643895963476,0.2082143519918135,0.17912478775797597,0.1704928873546673,0.237632651579062,0.2663809151331561,0.2134770319730421,0.22583443745207823,0.13337447974143912,0.16950478517858436,0.17133644929116829,0.1309691047839338,0.22963134119253478,0.21248996916966906,0.005408344665649511,0.13883981217763808,0.34996783576420754,0.047089757539565034,0.09623751997951431,0.014997971021289342,0.08273319384436352,0.0020991926966805164,0.0982838641673146,-0.117573939564981,0.026864459005962914,0.2275169753257409,-0.045057441118434786,0.0807315403846774,0.03909046397842788,-0.03587841137318256
0.27348115146143076,1.095472217764308,0.15424620707864467,0.26626591297088825,0.11989349454636598,0.165529333120541,0.2257472694372048,0.23283961395195718,0.314460861781464,0.2296568832338523,0.23558963228003785,0.252289476803966,0.2750626447738452,0.24287055508939584,0.3159221573913525,0.2082729625048661,0.2837793480886853,0.21233092446920296,0.3061182995389349,0.2139359568780076,0.17664576607452412,0.09769040917208664,0.16895871642664625,0.16351342201004235,0.13832217562177135,0.16073665723565433,0.15212474210530016,0.10717842153215448,0.1642647579231575,0.11556987672408006,0.1893759641463578,0.1964761940689999,0.1851016757913157,0.18650841250231454,0.15213780543645525,0.15908957738660487,0.1397173679562287,0.12223823791994332,0.0942035737563664,0.1329207339345308,0.11624003209729919,0.12696726579083326,0.13364122220028196,-0.00866073401360829,0.15781831579356867,0.2148169308383816,0.08657312205400056,0.11426610210861787,0.020973275879025272,-0.058106115471609134,0.042804649512654565,0.15144582717612742,0.06768494330407561,0.002424807514095473,0.25865088572961364,-0.028353174111140206,0.08314839553794212,-0.288347042704898,0.09632512624174469
0.20903669589032908,0.15424620707864467,0.8641902353382681,0.2166857148545713,0.30368795594297343,0.3112862536671743,0.1762991541611296,0.2638912645817916,0.2531808343056772,0.2861823870604879,0.19910389799424114,0.29942287611241136,0.2915715170976017,0.24253988019455744,0.3379311746213645,0.2071053143313902,0.20518687649582093,0.20045817406720454,0.2508951405498398,0.2887641361922497,0.2324971191032255,0.11419379964423794,0.1892705398532964,0.10032509715887221,0.2030863967380605,0.16892572779064924,0.19377126057112987,0.07304447643916558,0.18715685910468957,0.128254132065878,0.22816515598288423,0.20667131907548125,0.20384836910977425,0.22308481438807887,0.2487463470743562,0.19654088662098565,0.16279688393113506,0.1489232673729153,0.041689243755136635,0.16649856144046274,0.15585215418793227,0.15974783020924893,0.18006176214816408,-0.053947542476185495,0.24322025178065154,0.23717687547573077,0.0843593532596594,0.133178165406285,0.022767821955096745,-0.1431531049737482,0.1174369166702536,0.08707583143430994,0.10607645558046103,0.0542757175344407,0.08141709543205508,-0.02231125485656972,-0.2194431636662127,0.13548940457092878,-0.03210221839682851
0.3046926058033258,0.26626591297088825,0.2166857148545713,0.7066311017025773,0.23643761496175877,0.32068922727335514,0.17573221495035765,0.26366428547384857,0.24053809437059628,0.22923662208713197,0.21805520231431558,0.2268290589209892,0.24649347138566838,0.24153331584259663,0.18591409650098897,0.22213435820658112,0.24177072860216736,0.2006049573138557,0.2594502405530934,0.2417955350627166,0.09597282127118294,0.19852274159127334,0.14389796628569904,0.1145478963767972,0.09856724546100104,0.14247320657640203,0.1580972622076672,0.12425114681410249,0.1777236314989954,0.11391373606882035,0.22932988292406886,0.1750209743194462,0.14822742241392203,0.21192032794306034,0.18619340184364855,0.17064061950462914,0.16985008236413304,0.09312023951437828,0.13477038747028794,0.14080967508714973,0.11354787842239447,0.11514602512928711,0.1570599208090021,0.047047247354932716,0.10867613818709404,0.1767463638794145,0.10064141999608553,0.11150857514977196,-0.0007897046864914766,0.03716909589181198,-0.05862712756903828,0.13880721894235543,-0.15512761065248704,0.012548671571215708,0.1647503685332588,-0.016421962832190645,-0.16465376802900272,0.02306111767149863,0.07464332241332232
0.25000778217591374,0.11989349454636598,0.30368795594297343,0.23643761496175877,0.817820464853441,0.2741218206186991,0.22877698835119425,0.2533002715817488,0.28932889337816925,0.258532179452601,0.22544649362217442,0.23517305908457675,0.2477664313717181,0.24117428701411037,0.21267649552318738,0.2213013469999806,0.23902997266312626,0.23169431906801205,0.2317681263454037,0.15353437852410654,0.19869626864104334,0.21870809044500453,0.14967404768464354,0.0923451796439655,0.18419881845039437,0.14060632274264248,0.1688365850522358,0.11444657617489389,0.17765664062330702,0.09343450310865607,0.20266176559994717,0.17147919626758606,0.19776902308578984,0.2332760527277442,0.1565473564688625,0.15151796283645044,0.15050375673925623,0.1077366820495891,0.11202383136468622,0.1448983321034426,0.13705826938012688,0.14211495939372326,0.14147628160488476,-0.054866964151060994,0.20339655438947818,0.1885330124239053,0.0774237044123119,0.19072533624861845,0.025358578121960733,-0.05515448317611149,0.12488982236292763,-0.027954327777552905,0.07537450357565799,0.08656465189052466,-0.014441809476092433,-0.0009596589677925137,-0.09512440493656173,0.0500521332786779,0.03353819626518015
0.31393058095746335,0.165529333120541,0.3112862536671743,0.32068922727335514,0.2741218206186991,0.6121263554093029,0.2723468066811396,0.23582890575979604,0.28143062838609084,0.28457938976649727,0.24786715467891307,0.29601914170899957,0.29317043531621007,0.25570111045257105,0.20739317438270966,0.2573239656896852,0.2334380152484393,0.1728138862790394,0.3036514647723396,0.32378644126529793,0.20456020455167534,0.2220599541532083,0.1881290859835098,0.12918375832850373,0.124559733507173,0.1721754373404858,0.16248443877511135,0.16072613840006728,0.22443360698991688,0.13135101459560988,0.22258264041904033,0.21279698751690937,0.20735600704791146,0.22781636001152442,0.1938405378273823,0.1790413972685489,0.18106548563739527,0.13372721987400948,0.1263102450530989,0.15713597756714642,0.14736457585448545,0.11553357420425586,0.17594687440078535,-0.01505948611899964,0.1701862993645433,0.20768130419701714,0.11001534240309546,0.15983195479923604,0.008978761985967,0.027021304285285,0.09733556116018889,-0.037350706866504185,-0.06970924043274855,0.05716462301890019,0.15889703232980826,0.03407421472755345,-0.15360204331455715,-0.042983183268683466,0.034287805488565914
0.30092444116426703,0.2257472694372048,0.1762991541611296,0.17573221495035765,0.22877698835119425,0.2723468066811396,0.718647725949836,0.24724775707532906,0.2806048282362315,0.28250451943811805,0.28801156917736503,0.2901847078789918,0.42450615761737404,0.2127721739373892,0.27295877990481127,0.24892437731344097,0.22485921789869137,0.17513682381771645,0.2664792629773185,0.32135997755428497,0.26650862438874867,0.22571921090256436,0.2426525030230672,0.25937461759479946,0.1327775872425485,0.21787740349714657,0.19923982652108152,0.20475235183042112,0.3139581084463906,0.12553785234250328,0.1890788483955976,0.19096708971907017,0.2510024772870507,0.19463922338599074,0.1760492553040423,0.19054911965485719,0.1946691595920038,0.10718193428224114,0.15659930052469692,0.17168199829699884,0.16614963991366732,0.10750157313998786,0.1649041785489403,-0.01954538724753616,0.19725942667737476,0.13788204012773153,0.09557371082360445,0.15827771616772515,0.026309602480889805,-0.09829860703677949,0.022823071772002747,0.09372290263543358,0.09466779924130707,0.005984320651219474,-0.0038739683515330247,0.02656675270628834,0.041578058510738265,0.07349131633626832,-0.09880453370181984
0.2722542555735553,0.23283961395195718,0.2638912645817916,0.26366428547384857,0.2533002715817488,0.23582890575979604,0.24724775707532906,0.6178881819849781,0.29696109541794175,0.28772944492921515,0.2785043329566058,0.329441010319362,0.2851165744316723,0.4208943184353047,0.26024450917585623,0.24081459485898576,0.3588284612897309,0.3285903407856402,0.3682758892543825,0.29216517894399935,0.28758310644732277,0.22658359448411494,0.21653334849744246,0.1416456967739496,0.1397338877629656,0.20933193714487583,0.25764803157663985,0.10258457490621738,0.24184876290588758,0.19025679947431137,0.33607810843804947,0.25730381888608017,0.25021763970867217,0.3926677789344207,0.2785617080140812,0.23759294174828102,0.2296604474594523,0.13820424967969294,0.16438933483913465,0.2054824785395369,0.1874600546765482,0.17386597104292467,0.21387596685714244,-0.0282866632547421,0.2688503875912459,0.25743965179760037,0.13001501204665872,0.23332316510604706,0.029179652480104616,-0.07286183850924008,-0.014144824727627563,0.053702889717171944,0.08462079420466284,0.0448232135629003,0.20858498893612826,-0.12267453815931015,-0.1429556523461621,0.1816896550927094,0.03152838909582328
0.23997929673348137,0.314460861781464,0.2531808343056772,0.24053809437059628,0.28932889337816925,0.28143062838609084,0.2806048282362315,0.29696109541794175,0.651544048132505,0.26038455869952326,0.22448776023310038,0.3713812040294319,0.3228077663305036,0.2968843209007897,0.3035797253822796,0.2881802886368071,0.3609839653341114,0.21879967277287146,0.35291049482838055,0.36610149526116514,0.2414896387410952,0.2167685135332166,0.18319684530522315,0.1011592612958584,0.1750855987591706,0.17020679301596578,0.17791090124886205,0.16187078483007186,0.19341176901072293,0.13071336633768674,0.23307332903791397,0.23515355917730474,0.22657337008618872,0.21148291254094928,0.19582942702572687,0.18252855371791538,0.1680284185759466,0.14830594976044773,0.1089402063657486,0.16736915850332862,0.15399555156402245,0.12768849331577306,0.17310495705628448,-0.04219425299196141,0.19498137137572083,0.23504592960982276,0.11386591450674394,0.15719026346852635,0.01964196019718392,-0.057790760995516756,0.04281640430913286,0.032623890844837994,0.050120504610742515,0.02885196895880881,0.1690138404452661,-0.000858818955309997,-0.025047243567815944,-0.13973805920499563,0.03904111288350603
0.2452625016373806,0.2296568832338523,0.2861823870604879,0.22923662208713197,0.258532179452601,0.28457938976649727,0.28250451943811805,0.28772944492921515,0.26038455869952326,0.5612221811640641,0.29511880182609673,0.3134027668393324,0.29515489460375954,0.28878592400466196,0.3486329849406676,0.22359142047317623,0.28112008632169355,0.24911542460355315,0.36388735855386084,0.3401818662445351,0.22164847634345594,0.19765138084808956,0.2146691142331878,0.15971836000919057,0.0967644698364914,0.20235048800834018,0.19208391726661134,0.19494958293758216,0.2464316386296402,0.14833002866546968,0.23945873089515257,0.2249319909422254,0.2654074283598582,0.2477247892254348,0.1938076668757605,0.18715413389669477,0.18712282719302217,0.17882172658265924,0.09022370007421229,0.17208961618063692,0.16315874065734298,0.11610099350615925,0.1438381731710895,-0.03161361437690476,0.2528920089644967,0.2843422771315054,0.14984601527412791,0.1439862449601072,0.021040234455080235,-0.06976839920533857,-0.02537656104567112,-0.0034808841680888354,0.07587392419117431,0.09040511441482772,0.12661411442246912,-0.07770763631544628,-0.09200312278076529,0.11384788403880895,-0.02655121646811056
0.20013107123599236,0.23558963228003785,0.19910389799424114,0.21805520231431558,0.22544649362217442,0.24786715467891307,0.28801156917736503,0.2785043329566058,0.22448776023310038,0.29511880182609673,0.6878298428508832,0.32483778479458675,0.30103027192637116,0.31794672812258296,0.24328356887576297,0.20905345638322867,0.2729742176875747,0.2227171527778903,0.281774277662618,0.3871331494825118,0.22424042515778314,0.16734751174996568,0.22062859362340806,0.17757371631960567,0.14548697202999514,0.21138577578551554,0.18823447461344653,0.14398027146671288,0.2608057604998564,0.19292066922978787,0.3060903958654487,0.29000241247031866,0.3415041093911755,0.32919320425967963,0.22876018791548966,0.22450770493763741,0.2082753576074468,0.17857307132272526,0.1341489453425353,0.18837525412164724,0.20624992459098243,0.1352334179994432,0.20537055413750002,-0.027891860914850353,0.2964258954214569,0.2256623087046784,0.18101504353962874,0.23240321819485363,0.019961664226405388,-0.0710555875257711,-0.058074596596752515,0.03339161111638088,0.08626411744393943,0.03964054652437195,0.11988437770134568,-0.013654641841691205,-0.03327572394725822,0.04384519153710569,-0.0729913075980502
0.24508875273180822,0.252289476803966,0.29942287611241136,0.2268290589209892,0.23517305908457675,0.29601914170899957,0.2901847078789918,0.329441010319362,0.3713812040294319,0.3134027668393324,0.32483778479458675,0.840259266826917,0.3780295246195767,0.36707520735473753,0.3720664697540271,0.28567490099383613,0.3325692342913069,0.4122457067501238,0.2945552142900855,0.3113882875289285,0.21513729395590836,0.14709775692954438,0.2716688302503321,-0.007888941317971436,0.18652421540984923,0.23966700018951329,0.18590010124599574,0.13304545583086272,0.22403826492504078,0.15865138256771227,0.259723317973593,0.2369630421695045,0.2528324470276925,0.29297308118715953,0.22773700028850974,0.2031725211200053,0.17973009077477317,0.13181217670656978,0.08141262920863815,0.17485079601754658,0.1682711574861448,0.1569432704590996,0.1778001067239314,-0.014027549264628352,0.24965106791753008,0.18221238120286715,0.15011239395928969,0.18445393980904862,0.026505766318367,-0.06525533667183116,0.0017462424409375832,0.14093577313481126,0.06191177658620062,0.02560684869356056,0.07660398936990359,-0.01754285684647073,-0.12777792806935231,0.09548284474765009,0.024806975584888705
0.35411808416019563,0.2750626447738452,0.2915715170976017,0.24649347138566838,0.2477664313717181,0.29317043531621007,0.42450615761737404,0.2851165744316723,0.3228077663305036,0.29515489460375954,0.30103027192637116,0.3780295246195767,0.9213767536516605,0.29335561709826985,0.36438910810831676,0.2787012189069449,0.2435496786528202,0.14049227071705409,0.3184690272487363,0.27663728032683077,0.1773523064988078,0.2542405981304055,0.30808872329529785,0.21931935042149894,0.19086317529841143,0.2759249747599503,0.2270147818344948,0.17019286514275067,0.3188149516627905,0.02403437921719216,0.25857953653017046,0.21281702057758606,0.22858565196584843,0.269012198896207,0.2817665188621349,0.22693339131017723,0.2266363018452724,0.129250290253499,0.15152377902840658,0.23841589366331092,0.18004105298868703,0.18142407227829563,0.13666762666295035,0.006957835856483971,0.1762766166576319,0.15867757921790707,0.10168592056786058,0.11972597375077906,0.028559778917970513,-0.03565285307344614,0.01593506178939139,0.2175438438519664,-0.0035761558943472166,-0.05030588035871592,-0.11459464841845822,0.11719444539781064,0.008102653270213778,0.1433759656766748,-0.0751733859081467
0.21378044299954302,0.24287055508939584,0.24253988019455744,0.24153331584259663,0.24117428701411037,0.25570111045257105,0.2127721739373892,0.4208943184353047,0.2968843209007897,0.28878592400466196,0.31794672812258296,0.36707520735473753,0.29335561709826985,0.6213092749310027,0.31758633983411705,0.22000992200587793,0.42872110738048236,0.46021144173558043,0.46250836431561515,0.34656821156628903,0.24757188843854,0.2227403446154158,0.23150711922083222,0.15828867510252523,0.17411788956055352,0.2214052051676506,0.24592472229583984,0.14353880749606238,0.2539085085292826,0.18703781510402095,0.3320370001811745,0.28400482086606205,0.2645358423095289,0.5051700525835469,0.27325235269864784,0.24291593425024058,0.23081599981916712,0.12945866884741486,0.14705704553410592,0.2254033040870545,0.2087172427125682,0.20716413519784768,0.20783323112364213,-0.03750196998338076,0.30928023733896276,0.23763659880783897,0.14651378255045966,0.2768339801501606,0.02578812175604561,-0.10207631944170577,-0.024682169369465417,0.05294294711088036,0.04049331972982907,0.11824873690392257,0.16732042476746445,-0.061190769844837366,-0.09646916910808184,0.06505838216754102,-0.019716787831703702
0.21006734130650895,0.3159221573913525,0.3379311746213645,0.18591409650098897,0.21267649552318738,0.20739317438270966,0.27295877990481127,0.26024450917585623,0.3035797253822796,0.3486329849406676,0.24328356887576297,0.3720664697540271,0.36438910810831676,0.31758633983411705,1.1809417483216642,0.2510420622962738,0.26670146131448136,0.37733037816266957,0.38286125822810124,0.435191804640491,0.19875662203289327,0.2187959073786844,0.2518942795851116,0.1359433730744957,0.08105414977563806,0.2368322950189922,0.1736678469359606,0.13602953722305705,0.21871046981921557,0.16258776330361158,0.19547468740131296,0.22162478147267867,0.2610543195056951,0.24315148883895266,0.15234766767474409,0.16499024070724497,0.14144125465633775,0.16214425703566132,0.02549588522296647,0.15291096803424598,0.14740624687943168,0.11161420363184493,0.13487136842272973,-0.0944174659830546,0.2667082244863586,0.22150624900048782,0.1043587507611711,0.16950100987718428,0.03174405900412107,-0.12161653466699966,-0.02229686360913918,0.011334869086249871,0.18956170183956067,0.08445816757717269,0.0547291844365185,-0.020049810697481543,0.1710986163894956,0.10614782656669797,-0.2714922139956522
0.216688080666145,0.2082729625048661,0.2071053143313902,0.22213435820658112,0.2213013469999806,0.2573239656896852,0.24892437731344097,0.24081459485898576,0.2881802886368071,0.22359142047317623,0.20905345638322867,0.28567490099383613,0.2787012189069449,0.22000992200587793,0.2510420622962738,0.8005149631239127,0.472469656833284,0.23420391017117784,0.2876254651599562,0.33425802317601655,0.275590085023534,0.27323709705274735,0.22602351362222803,0.19669939201646294,0.16482218780539132,0.20262163506251282,0.1717268217498277,0.25023461556651483,0.27951632027806456,0.193295265247481,0.23119838152633568,0.22922193865837756,0.26070242189490145,0.18918186587664207,0.2094638378182673,0.20156566525888897,0.20031220835297592,0.1509300021544699,0.14961761818544636,0.17593495495958808,0.16677610266067805,0.1292275861322255,0.19486790193947431,-0.01517329212892137,0.18102143171924254,0.19837397961941255,0.10444395026443909,0.18063550278046608,0.018455480529952766,0.09038944096691709,-0.013193161094072797,0.008585216107715395,0.010479417819440208,-0.002916768982441372,0.06862003208548731,0.11451320022670242,-0.021775576528967923,-0.00974996581930662,-0.037041271895999026
0.20318370112757786,0.2837793480886853,0.20518687649582093,0.24177072860216736,0.23902997266312626,0.2334380152484393,0.22485921789869137,0.3588284612897309,0.3609839653341114,0.28112008632169355,0.2729742176875747,0.3325692342913069,0.2435496786528202,0.42872110738048236,0.26670146131448136,0.472469656833284,1.029001790992724,0.4067132111025389,0.5923787008595691,0.3387462799533979,0.1783136596923087,0.30676306701724043,0.24247696084772086,0.20885237329730502,0.15975773465613363,0.22800320285779013,0.22127610101489598,0.22731352486300926,0.2827926058154771,0.215491194845495,0.2952681976924934,0.26240291295850654,0.2615493720785639,0.3205536550081956,0.2465539400895462,0.23152368105740442,0.2189611061660131,0.14025738922509504,0.12969495064642714,0.20794001580196814,0.19472611975561524,0.15405672408178764,0.1959152820596129,0.01880004330409709,0.2833932512250315,0.2088989220880101,0.25826201819974975,0.2256998369849159,0.02335252833331727,-0.02115708457158521,-0.03505360915418567,0.05489401037372745,0.04980742700445219,0.037413558139548296,0.1615039080009786,-0.0021163991179270762,-0.09338493900127587,0.06078292170972955,-0.004203163860312446
0.18801151657646759,0.21233092446920296,0.20045817406720454,0.2006049573138557,0.23169431906801205,0.1728138862790394,0.17513682381771645,0.3285903407856402,0.21879967277287146,0.24911542460355315,0.2227171527778903,0.4122457067501238,0.14049227071705409,0.46021144173558043,0.37733037816266957,0.23420391017117784,0.4067132111025389,2.3981214420953436,0.039596781293503386,0.29371438184389054,0.41630952884465355,-0.14237883740503007,0.25659852111988724,0.12854924152942562,0.24969206850611766,0.28928535805349387,0.4096021519275404,0.255029377807885,0.3148840875334721,0.2694656236810581,0.35697864260398876,0.28875754040585255,0.30602141922997017,0.29166698073672964,0.250902652532847,0.2702888267272674,0.30174724333707065,0.09745936371850882,0.06763621927703818,0.23708805153852452,0.18570195304583417,0.4803421930837091,0.20243157006834545,0.024134165081209174,0.4740880954930806,0.2331921989355033,0.17910390147417724,0.29025312570453426,0.0005801129597057773,-0.06050387746274204,-0.03570651012751727,0.18174578008236073,-0.14520642462195504,0.1244335818216293,0.0025056402465620294,-0.04595962300520181,-0.04942809232484247,0.07888673089663072,-0.019048373057097754
0.21781871801440966,0.3061182995389349,0.2508951405498398,0.2594502405530934,0.2317681263454037,0.3036514647723396,0.2664792629773185,0.3682758892543825,0.35291049482838055,0.36388735855386084,0.281774277662618,0.2945552142900855,0.3184690272487363,0.46250836431561515,0.38286125822810124,0.2876254651599562,0.5923787008595691,0.039596781293503386,1.8544050925869728,0.5950865988305264,0.36227469771473436,0.6719650305249897,0.23668586039021558,0.1615487157489649,0.06961405577947523,0.19886259999286449,0.21488469752910094,0.1724809738059795,0.27805089045389997,0.19770678490369833,0.3919371637590182,0.327621728851583,0.29362375375844146,0.3449646434126917,0.28287239859513796,0.2520775263350036,0.2140294216461769,0.2423209138762969,0.1469859262559689,0.288562537049548,0.2122518036125325,-0.059750477505385265,0.23125334930975422,-0.09742396890343467,0.3582464820720016,0.45031267493408184,0.317664605200636,0.2841243782493598,0.024776084440554312,-0.17519868322365617,-0.037282598116278216,0.04901171718877915,0.13962042144675899,0.15399689242654072,0.32858970868241916,-0.035100072770088434,-0.008860288856936342,-0.04085559113478444,-0.1431480056079406
0.16520380048726524,0.2139359568780076,0.2887641361922497,0.2417955350627166,0.15353437852410654,0.32378644126529793,0.32135997755428497,0.29216517894399935,0.36610149526116514,0.3401818662445351,0.3871331494825118,0.3113882875289285,0.27663728032683077,0.34656821156628903,0.435191804640491,0.33425802317601655,0.3387462799533979,0.29371438184389054,0.5950865988305264,1.813842973077999,0.6091636592666009,0.30896201888774705,0.2653973848669634,0.2179907002132929,-0.0070766149392683265,0.25339995096450296,0.2817332816000396,0.2289431605712239,0.3088691373556655,0.36361593357225414,0.46850157092297906,0.5429818089818906,0.4751276876854126,0.1511433108210882,0.34001966504672404,0.3498555712906394,0.2510103024001151,0.33912259373481696,0.04515919733417246,0.25815282061435,0.2795786504128218,0.11308962576749985,0.4388112991638022,-0.21193309194899454,0.4580244708643205,0.5381873733960985,-0.02801467059056956,0.2681506475741814,-0.031549202092449026,-0.024399999885505053,-0.07727828978606564,0.17008488214878595,-0.08942582442066287,0.1434053649161353,0.2528474368999491,-0.011740708759271832,-0.018271543138124638,-0.04270669789214251,-0.10386694277311367
0.18914964401817627,0.17664576607452412,0.2324971191032255,0.09597282127118294,0.19869626864104334,0.20456020455167534,0.26650862438874867,0.28758310644732277,0.2414896387410952,0.22164847634345594,0.22424042515778314,0.21513729395590836,0.1773523064988078,0.24757188843854,0.19875662203289327,0.275590085023534,0.1783136596923087,0.41630952884465355,0.36227469771473436,0.6091636592666009,1.868255522590888,0.2337206667623228,0.2518529357629503,0.3715642041240411,0.2542796350435404,0.2680404990424041,0.4708359995445545,0.33140977585158865,0.3732977759612128,0.4029610324462678,0.3591821889264454,0.4886404739994581,0.6814869336715267,0.3303315634360428,0.4173865237929648,0.38699375143139014,0.36274802683275453,0.48354461081517736,0.2623038294086394,0.40144857759823493,0.3783501101636037,0.3481481603835425,0.3665086656869243,-0.4552122549505353,0.4066555881069011,0.8586341440777137,0.14325653842038924,0.48536397930549596,0.05616391543769419,-0.0007164751861571958,-0.01815958211262768,-0.09868594959174956,0.0717944993838099,0.08500804690121319,0.037725007059567335,0.06531971919100277,-0.012767667916904134,-0.09000983519805944,0.055330919252992765
0.15377642483225964,0.09769040917208664,0.11419379964423794,0.19852274159127334,0.21870809044500453,0.2220599541532083,0.22571921090256436,0.22658359448411494,0.2167685135332166,0.19765138084808956,0.16734751174996568,0.14709775692954438,0.2542405981304055,0.2227403446154158,0.2187959073786844,0.27323709705274735,0.30676306701724043,-0.14237883740503007,0.6719650305249897,0.30896201888774705,0.2337206667623228,1.9237202140138467,0.1632618642986777,0.2755587765435112,0.041571682462795766,0.22188309521361166,0.48270474378421646,0.37641817053343474,0.304530944678272,0.10794096525822032,0.43663853385176526,0.2661868511574814,0.2766113727835089,0.16729200377098288,0.34577852684003463,0.2802808824712412,0.26057677308660876,0.33828413912538907,0.19061142865997385,0.34247048063344115,0.20947553840358366,0.11489063544442782,0.1501974658954985,-0.25730766725860177,0.2662821312657683,0.4460661977071753,0.21053104222823005,-0.06663215114839946,0.00667773085742804,-0.05458169562134048,-0.013124512149514206,-0.11105937605626928,0.06833463684440792,0.10105202198203855,0.07211842313247079,0.020874837682977918,0.07044496948389387,-0.05262258699232153,-0.01278118979689949
0.19316999340277863,0.16895871642664625,0.1892705398532964,0.14389796628569904,0.14967404768464354,0.1881290859835098,0.2426525030230672,0.21653334849744246,0.18319684530522315,0.2146691142331878,0.22062859362340806,0.2716688302503321,0.30808872329529785,0.23150711922083222,0.2518942795851116,0.22602351362222803,0.24247696084772086,0.25659852111988724,0.23668586039021558,0.2653973848669634,0.2518529357629503,0.1632618642986777,0.6022179728252296,0.6158222486780537,0.23437234205639046,0.516768146972644,0.25223685572057886,0.15779952754273618,0.4552023987700375,0.38893418850939515,0.28520708912771425,0.2711404534382442,0.2512946771899013,0.26275173102114197,0.2746217316796998,0.23115579150184234,0.23867324283232813,0.16622664405163035,0.2377594628326518,0.20832095723724292,0.25895307082657176,0.18061149981291094,0.1819916191051635,0.02045598012181699,0.29372066212972225,0.039186358136787856,0.2305165608523918,0.2974072391906208,0.016348586389442102,-0.05819144221849572,-0.0008696617580243773,0.1080768799769248,-0.028261917998304072,0.02277749951365322,0.025369438681254217,0.028937251355848646,-0.00901645853073594,0.07535643291179617,-0.0911783477444371
0.13779365140247773,0.16351342201004235,0.10032509715887221,0.1145478963767972,0.0923451796439655,0.12918375832850373,0.25937461759479946,0.1416456967739496,0.1011592612958584,0.15971836000919057,0.17757371631960567,-0.007888941317971436,0.21931935042149894,0.15828867510252523,0.1359433730744957,0.19669939201646294,0.20885237329730502,0.12854924152942562,0.1615487157489649,0.2179907002132929,0.3715642041240411,0.2755587765435112,0.6158222486780537,2.356367676394184,0.3484731766266746,0.5197483806662234,0.4974777350819184,0.31598136668357485,0.9040934707752596,0.5433847026150626,0.36720466426298337,0.37043215078176606,0.3709565884635203,0.330633728021591,0.4018387591103798,0.38845581620173314,0.4381871996122966,0.22224458089124458,0.4760353488441734,0.3379950965314475,0.3995809987602535,0.40656615998109547,0.27932985832754376,0.06093545096979604,0.44779988310747093,0.06546025544163069,0.205314229265801,0.3766849837366412,-0.002163961026872089,-0.02016310589050374,-0.007006479299590521,0.16833819142376544,-0.0289384795502622,-0.06238758163877036,-0.09134146619126378,0.09073952638850263,0.0883903074615581,0.049978496255428106,-0.20810812941043869
0.22643817007711445,0.13832217562177135,0.2030863967380605,0.09856724546100104,0.18419881845039437,0.124559733507173,0.1327775872425485,0.1397338877629656,0.1750855987591706,0.0967644698364914,0.14548697202999514,0.18652421540984923,0.19086317529841143,0.17411788956055352,0.08105414977563806,0.16482218780539132,0.15975773465613363,0.24969206850611766,0.06961405577947523,-0.0070766149392683265,0.2542796350435404,0.041571682462795766,0.23437234205639046,0.3484731766266746,1.6319192579371404,0.2484793686827593,0.41141307493575746,0.16717969659572152,0.26899723875643833,0.23394812172463722,0.3604188686195723,0.36919288394045535,0.18759171772305955,0.4224259311640555,0.39597087006445025,0.3299008864682085,0.2931228540917787,0.17002939598222494,0.34069322982827865,0.2764720547408591,0.2824941705771185,0.4966775675808449,0.3309535637111327,-0.06792305835362385,0.30516431681640943,0.28569143578633865,0.034227311535960356,0.18096883172269798,0.021877256851609177,-0.06867069786581528,0.11644124052381703,0.10135066203251147,0.07663929628055806,0.03914151799966921,-0.012823262457103659,0.020167060042309285,-0.03755293120878133,-0.03410667738767599,-0.037574917951164695
0.1934698673050881,0.16073665723565433,0.16892572779064924,0.14247320657640203,0.14060632274264248,0.1721754373404858,0.21787740349714657,0.20933193714487583,0.17020679301596578,0.20235048800834018,0.21138577578551554,0.23966700018951329,0.2759249747599503,0.2214052051676506,0.2368322950189922,0.20262163506251282,0.22800320285779013,0.28928535805349387,0.19886259999286449,0.25339995096450296,0.2680404990424041,0.22188309521361166,0.516768146972644,0.5197483806662234,0.2484793686827593,1.0978871439856572,0.2574465506090603,0.1385874845779705,0.48172447715899225,0.36844636313877976,0.2848674221929603,0.2689841039948595,0.22032878727983457,0.24175293642246595,0.3165882878918637,0.2401972548379151,0.25260047539903546,0.17949812565380718,0.248721514923666,0.23364402814005072,0.2666167462974919,0.16821852176339389,0.1608131066066783,-0.014876094355902838,0.3087688607677975,0.0727595915716056,0.21733022650123596,0.28207752135461733,0.009561464472079055,-0.05599554315167573,-0.00704656953799032,0.12466175028910949,-0.0499012248481328,0.032298152885591284,0.06635831554923495,0.0031682219101072176,0.04739167778933816,0.058682160296065364,-0.10501714423828033
0.1910889758845772,0.15212474210530016,0.19377126057112987,0.1580972622076672,0.1688365850522358,0.16248443877511135,0.19923982652108152,0.25764803157663985,0.17791090124886205,0.19208391726661134,0.18823447461344653,0.18590010124599574,0.2270147818344948,0.24592472229583984,0.1736678469359606,0.1717268217498277,0.22127610101489598,0.4096021519275404,0.21488469752910094,0.2817332816000396,0.4708359995445545,0.48270474378421646,0.25223685572057886,0.4974777350819184,0.41141307493575746,0.2574465506090603,1.4276206077140892,0.32319298301728216,0.3342916962982,0.21141261465335012,0.6098983059038977,0.4123342899796417,0.32814170325863923,0.25100213816808503,0.4504173998916272,0.4256763835072979,0.406979666213528,0.24413194529964594,0.33394317657806594,0.5184751944515271,0.31905291109520323,0.5064479161102975,0.26116581729961136,0.07409664847282675,0.40281384994665637,0.4757728475614534,0.14499162875196395,0.029077553159356454,-0.022146907840275797,-0.04157336153716818,0.019196009349391363,0.10997323604671778,0.030417568801244643,0.024124873327382928,0.05016054385460356,0.013359120926800383,-0.0490859207971232,0.0025345664719941922,-0.03226336944711915
0.13517952203902733,0.10717842153215448,0.07304447643916558,0.12425114681410249,0.11444657617489389,0.16072613840006728,0.20475235183042112,0.10258457490621738,0.16187078483007186,0.19494958293758216,0.14398027146671288,0.13304545583086272,0.17019286514275067,0.14353880749606238,0.13602953722305705,0.25023461556651483,0.22731352486300926,0.255029377807885,0.1724809738059795,0.2289431605712239,0.33140977585158865,0.37641817053343474,0.15779952754273618,0.31598136668357485,0.16717969659572152,0.1385874845779705,0.32319298301728216,2.0037257616685733,0.26078888134856837,0.07625717137262175,0.16695516508698474,0.23569419322663496,0.35199002968154647,0.06923606797274191,0.0875778887509189,0.2446062153747929,0.3264308285134499,0.12339798703296943,0.33023816470530526,0.4150899330562034,0.2738769579023875,0.15104263502162932,0.1528555415715521,0.056608552383621,-0.023139038543194795,0.1454612258287316,0.08702174950949278,0.1861515602871909,0.04032091289233472,0.023549616861607423,-0.031529561871671434,0.15425208644173846,-0.14950442613441708,0.0226173098917529,0.0855856465416361,0.059844577985988044,0.044600054584428284,-0.06688767190713737,-0.07105272716385032
0.18772617545738535,0.1642647579231575,0.18715685910468957,0.1777236314989954,0.17765664062330702,0.22443360698991688,0.3139581084463906,0.24184876290588758,0.19341176901072293,0.2464316386296402,0.2608057604998564,0.22403826492504078,0.3188149516627905,0.2539085085292826,0.21871046981921557,0.27951632027806456,0.2827926058154771,0.3148840875334721,0.27805089045389997,0.3088691373556655,0.3732977759612128,0.304530944678272,0.4552023987700375,0.9040934707752596,0.26899723875643833,0.48172447715899225,0.3342916962982,0.26078888134856837,1.1852586325112031,0.40957022038322377,0.5306021962090551,0.40496492172675097,0.3607547313044351,0.4135387062644729,0.4099302514352432,0.3597201762776103,0.3866100984448394,0.36545368978963255,0.4173203441073297,0.304221548851116,0.35636690437188373,0.09952218623591139,0.24514976768274976,-0.09849043276635178,0.5868254098873141,0.07107120786873963,0.2700012868805824,0.4073759541085784,-0.017505456916404958,-0.04065882871866117,0.011443420631433034,0.13237804883694929,-0.035760119299259534,0.02331596944304612,-0.13535536546402147,0.27305954360501355,-0.04318556656128418,0.07444891291759086,-0.1956539452652632
0.08953643895963476,0.11556987672408006,0.128254132065878,0.11391373606882035,0.09343450310865607,0.13135101459560988,0.12553785234250328,0.19025679947431137,0.13071336633768674,0.14833002866546968,0.19292066922978787,0.15865138256771227,0.02403437921719216,0.18703781510402095,0.16258776330361158,0.193295265247481,0.215491194845495,0.2694656236810581,0.19770678490369833,0.36361593357225414,0.4029610324462678,0.10794096525822032,0.38893418850939515,0.5433847026150626,0.23394812172463722,0.36844636313877976,0.21141261465335012,0.07625717137262175,0.40957022038322377,1.2088787632557536,0.3408360358274891,0.4340677377378713,0.3426367596530794,0.24308575488345527,0.32777773838059704,0.26965999352771164,0.24593214851992587,0.4261265679157391,0.2364937800047627,0.08847448176311995,0.3918104457578014,0.27450608153736594,0.3343991996608579,-0.06315796079688518,0.5130014931183924,0.4373988448088631,0.5067594139243262,0.560527068724407,0.0098845006431458,-0.019045697128355656,-0.139049546010792,0.012653565797079358,0.01959334215464612,0.06644138373282098,0.08959576040586598,-0.004095082593120784,-0.0685881574675143,0.008428769489200428,-0.03848441568778759
0.2082143519918135,0.1893759641463578,0.22816515598288423,0.22932988292406886,0.20266176559994717,0.22258264041904033,0.1890788483955976,0.33607810843804947,0.23307332903791397,0.23945873089515257,0.3060903958654487,0.259723317973593,0.25857953653017046,0.3320370001811745,0.19547468740131296,0.23119838152633568,0.2952681976924934,0.35697864260398876,0.3919371637590182,0.46850157092297906,0.3591821889264454,0.43663853385176526,0.28520708912771425,0.36720466426298337,0.3604188686195723,0.2848674221929603,0.6098983059038977,0.16695516508698474,0.5306021962090551,0.3408360358274891,1.8396391259328022,0.6648751433165719,0.21027047168929208,0.5546637573351727,0.555640356570501,0.4243031504589042,0.45628592165112236,0.31224778780503165,0.49293899024797005,0.4131245065550645,0.3884134231936061,0.45512680050613813,0.23768705261349687,-0.1854620875202088,0.8275542213541681,0.4283501522203325,0.49200514026661746,0.41541849631839206,-0.04523982700216248,0.09499740562325912,-0.15156547458010863,0.06168384126520547,0.11225115202263827,0.02620168031298981,0.07789423315953135,-0.06609552897712577,-0.14844158863180798,0.1298976291278193,-0.009908717151714961
0.17912478775797597,0.1964761940689999,0.20667131907548125,0.1750209743194462,0.17147919626758606,0.21279698751690937,0.19096708971907017,0.25730381888608017,0.23515355917730474,0.2249319909422254,0.29000241247031866,0.2369630421695045,0.21281702057758606,0.28400482086606205,0.22162478147267867,0.22922193865837756,0.26240291295850654,0.28875754040585255,0.327621728851583,0.5429818089818906,0.4886404739994581,0.2661868511574814,0.2711404534382442,0.37043215078176606,0.36919288394045535,0.2689841039948595,0.4123342899796417,0.23569419322663496,0.40496492172675097,0.4340677377378713,0.6648751433165719,0.9611765117545655,0.5051405125962812,0.5098695765145684,0.46837142043328184,0.4137863846778616,0.35858411183431854,0.3819711211599102,0.17044987752822213,0.33474538569934703,0.3547925301888304,0.30619893242843527,0.3794118084881769,-0.18568987673543086,0.6115749102494227,0.5566867398474373,0.08109261310619921,0.4636177443298584,-0.0036023955992705073,0.03007249450178018,-0.0983811365648501,-0.023612284893921788,0.09432723840231472,0.06301388838466869,0.07396070574531342,0.0675167545452647,-0.04507500145449212,-0.12086961172138956,-0.00024184060566838914
0.1704928873546673,0.1851016757913157,0.20384836910977425,0.14822742241392203,0.19776902308578984,0.20735600704791146,0.2510024772870507,0.25021763970867217,0.22657337008618872,0.2654074283598582,0.3415041093911755,0.2528324470276925,0.22858565196584843,0.2645358423095289,0.2610543195056951,0.26070242189490145,0.2615493720785639,0.30602141922997017,0.29362375375844146,0.4751276876854126,0.6814869336715267,0.2766113727835089,0.2512946771899013,0.3709565884635203,0.18759171772305955,0.22032878727983457,0.32814170325863923,0.35199002968154647,0.3607547313044351,0.3426367596530794,0.21027047168929208,0.5051405125962812,1.2535715060778,0.3416592999232245,0.24459624348314146,0.3889950045472395,0.29411247308478056,0.3541555899348298,0.21520971290239016,0.31522490071011694,0.31402139281708774,0.11864763651985559,0.35816340373948774,-0.1296428328641469,0.4259215116375296,0.5185735644285592,-0.03481569400475426,0.3654144244345237,0.042105833631832,-0.0503505005853413,-0.035814815107677304,-0.03256797400379136,0.10959048431929048,0.10619865455491317,0.012366466409402834,0.051632647466823174,0.004028535259481807,0.013113359017547304,-0.08160055817175255
0.237632651579062,0.18650841250231454,0.22308481438807887,0.21192032794306034,0.2332760527277442,0.22781636001152442,0.19463922338599074,0.3926677789344207,0.21148291254094928,0.2477247892254348,0.32919320425967963,0.29297308118715953,0.269012198896207,0.5051700525835469,0.24315148883895266,0.18918186587664207,0.3205536550081956,0.29166698073672964,0.3449646434126917,0.1511433108210882,0.3303315634360428,0.16729200377098288,0.26275173102114197,0.330633728021591,0.4224259311640555,0.24175293642246595,0.25100213816808503,0.06923606797274191,0.4135387062644729,0.24308575488345527,0.5546637573351727,0.5098695765145684,0.3416592999232245,2.3789276971598725,0.598312093493443,0.44653798844486614,0.4254198248715633,0.20637003039526505,0.34528677781577294,0.45429910467414836,0.4128350932227697,0.5929030693876395,0.18399683829252764,-0.2088222595479156,0.45612825704464877,0.42829762253628306,0.15577124362185726,0.8063343290989552,0.05458124876583058,0.01345527725659464,-0.17798537063566852,-0.3302459881168234,0.25183450098813775,0.11747893596132775,0.17650468668977126,-0.011464933091594551,-0.1332372339615101,0.08560531258749504,-0.12116388102351902
