0.9810087686911246,0.3461339917755846,0.22807120992883573,0.08367854091807576,0.1742615671316528,0.1121665136288928,0.19327463421091953,0.1536595404787883,0.089908892130651,0.12296207429320825,0.11756211454369289,0.127954006133031,0.09722253178470512,0.14466777850665383,0.13289188185227063,0.13756171835976086,0.1480986193457925,0.1340547927880466,0.07040614220171053,0.09523390876806627,0.12302118635843365,0.19051078754025452,0.06950690978665455,0.04114307531965628,0.12055513922060537,0.09559013062037318,0.11396955262621755,0.15362929362998448,-0.010834610318124903,0.17781967284768985,0.1224615935296116,0.13349485685859216,0.14092535940126893,-0.12536031593926591,0.15105358316642256,0.10362792581261294,0.12590227440691423,0.1354545338714097,0.09600748984390099,0.03760612079667377,0.14622255241069376,0.09302689495017241,0.02426879006390805,0.1264518515577332,0.1096120194617973,0.12291394461119917,0.1622110106192847,-0.0011908959323237026,0.04534656489219881,0.0521926198603702,-0.007326650570052581,-0.052569935039392196,0.008514393189639431,-0.012374941904721702,0.1304172256007721,-0.012653229447635419,0.06481302707293309,-0.06532945493500499,-0.1325854874544798
0.3461339917755846,2.916508789089464,0.25514113022496376,-0.07277495802675181,0.08970610163414425,0.1461137030314824,0.11671017673680563,0.16149585759763008,0.07846583709331166,0.14568222814566983,0.1323238639393893,0.12825915476631977,0.07687905513547609,0.07930882337035476,0.23943185893828114,0.1197862409571284,0.2003673843881667,0.2078118884564252,0.05847568706256853,0.0764785400107643,0.25881860758467035,0.07834578610728513,-0.2585297723991882,-0.15418093283979326,0.1200052650666034,-0.057897627967639594,0.19092604950745132,0.11201335716602545,0.1233813541801796,0.1922771756831323,0.09921808044205435,0.11553702528791569,0.03296039162379027,0.1182826873936615,0.07492351700149455,0.139353276787699,0.07264038612501043,0.14687423345018638,-0.07819005553622378,0.000200069674976283,0.13479644991224723,0.08392903040075411,0.08957117625237651,0.18298190789394023,0.2748238793013086,-0.03842440906077996,0.1415016664366461,-0.00031038405536787633,-0.1560724598325358,0.0013887705093734723,0.2411412223806558,-0.024424599839533913,-0.16325649049986157,-0.01396507572835842,-0.6499607583198882,-0.08725001536276666,-0.06808523565499949,0.48060675292788996,0.13265550243917526
0.22807120992883573,0.25514113022496376,1.8107709451417533,0.2676834891933105,-0.0961351093405665,0.3054969468844197,0.13121117519771933,0.397932931928413,0.2820102493065073,0.43256397803623026,0.21563058289346518,0.19606160711254972,0.20196765925238624,0.1417387641419464,0.2781094629575327,0.11191203954511918,0.3227941938198688,0.30483580559458684,0.13361868136080834,0.22690378645051587,0.17550065570413875,0.39955988433641043,0.35063875523593685,0.2794513340983086,0.30095115156237967,0.2721074961877367,0.16049974324842117,0.23353885216207565,0.3935267416452985,0.13343856034255822,0.20531140706713225,0.16399082073231638,0.27417716801311093,0.28607073853558135,0.24696751097877495,0.27404839358556216,0.37987012560503464,0.20216134653523016,0.16983863714677583,-0.21599673342549147,0.23281280258259832,0.17628064285101985,0.15233624018375214,0.22160183876367875,0.269306313018424,0.49725263577895906,0.2756712249141046,-0.003938080187179813,0.13110365802221172,0.08310617170244237,0.07772089174799758,0.00461672821510719,-0.005092134735667704,-0.18341346285917334,-0.0030307333329737556,-0.14613729357538133,0.02015333750014715,0.07163959103343331,-0.1293801203026076
0.08367854091807576,-0.07277495802675181,0.2676834891933105,0.9524897197263231,0.2957485553902021,0.2892478398952295,0.22940010514018877,0.31462729146220497,0.11423784208835026,0.19911721772709706,0.2023680573193923,0.23216427365995607,0.2018685429509672,0.2537698297174169,0.20464663739140665,0.27500293005028886,0.22906889420963147,0.26616521031822993,0.12068263327169033,0.1475350881549931,0.13082348802505775,0.3472856900944688,0.3111961480390492,0.245363028606372,0.2624946041114549,0.2779859144301674,0.16263169910372902,0.11392671349078418,0.32029930168844994,0.1964772796430109,0.18097364930647283,0.24409484138907622,0.23345172447120727,0.3140997869750016,-0.011745430447376982,0.18693518424172698,0.20260131005103338,0.21577247457080492,0.30012824122818416,-0.018591417988695416,0.18452832287874288,0.16113063422205662,0.22394582664091525,0.3381736337363052,0.14994154817337957,0.008370756337047503,0.26436602767250056,0.0021646955357567696,0.39405133273600895,0.2086085932182155,-0.19287452035568553,0.07827214432330612,-0.02892968472351462,-0.09610793681436905,-0.09527614665943088,-0.13478366642745046,-0.08021775770065843,0.15049146433388674,0.038043611242108276
0.1742615671316528,0.08970610163414425,-0.0961351093405665,0.2957485553902021,0.8071358997477178,0.23617643051891085,0.19729612133580954,0.22516370673457664,0.06616510492706676,0.11743749993702486,0.16554336286341098,0.20714690034405528,0.1650950264228748,0.2255027532317409,0.17591087548723375,0.2744754303119582,0.15904460328843686,0.19689179825680117,0.22669692549876458,0.11900448633169664,0.08244490595647606,0.2447755015646547,0.1936619293074632,0.16541650977462638,0.1953918525530176,0.25686963087071696,0.13425525706294367,0.0343357473579771,0.21430674555440046,0.10385057741054318,0.1647944157049134,0.2184808524324492,0.08276815813820922,0.3053935887874827,-0.023479225288008238,0.17817171612142216,0.16097801644841345,0.1748909431285028,0.2547360215207579,0.09452333460780411,0.20685115326961812,0.1647132453702585,0.14304867132324103,0.19499014450678473,0.06203400185632888,0.048752077914645885,0.18456754591138458,0.013700696981646845,0.28265396133972803,0.18327886510069713,-0.11654300323687365,-0.12246861777178866,0.029601865167523413,0.013488374698174026,-0.08878906912719915,-0.07326849776167402,-0.03709646021757091,0.05158646981318223,0.08355122611924488
0.1121665136288928,0.1461137030314824,0.3054969468844197,0.2892478398952295,0.23617643051891085,0.6402976963962327,0.07383561363859945,0.4197163980148668,0.15358053409877773,0.13913808516422727,0.22847065831904714,0.22523170087025907,0.19022331793781466,0.24021841347658732,0.23752468363794269,0.2080995211002165,0.2613780290500498,0.20829481393771665,0.1866466813929951,0.23334564949296385,0.20175008768927793,0.30679359872248585,0.19665623038505564,0.2054029398615351,0.27403764706377537,0.2203146606611887,0.1848641218200564,0.18942128038210818,0.37447126250826024,0.25932969075898976,0.16376168009053632,0.24034430537618787,0.10905787329901022,0.30689076145404554,0.2007743222939615,0.13302009449641858,0.22239818086880717,0.2195082413063939,0.2773253741660904,-0.04757752070330982,0.08502530256071396,0.16897752506646713,0.2766265458061485,0.27014943762691457,0.16557528014905346,-0.006630091586427385,0.26349203354858997,0.010323777115227724,0.44509855225859396,0.3244889645877886,-0.47701612031852847,0.0844772797534352,-0.06542305339128,0.011080956425429252,-0.10108814925991912,-0.1369588043258842,-0.023697087308118536,0.1386710766935721,0.018915039159407777
0.19327463421091953,0.11671017673680563,0.13121117519771933,0.22940010514018877,0.19729612133580954,0.07383561363859945,0.549369883636412,0.15686708463688387,0.2089221102851777,0.1593781401212614,0.18292748656957702,0.22268204497889468,0.1463407058971601,0.20328738499702767,0.1456717264710127,0.2208651322256376,0.19255671211853065,0.18129333091580285,0.05521796307147169,0.15234997028308844,0.15226138634970018,0.26625161066178343,0.24173781063384264,0.2044160923947828,0.19161934676758888,0.19755910540183072,0.16049327979320943,0.1263869617659753,0.1435905185314778,0.17273569879356745,0.1614433047825667,0.20266995823493128,0.14907951645014292,0.21327268917733364,0.14697831300192732,0.171662374249704,0.1303942422358757,0.1111982158435156,0.23411367992528478,0.07556503901535219,0.2271586825635706,0.13959765826823153,0.15308091175166538,0.1960254687334701,0.18260690005262983,0.051361055109372646,0.18374145427636757,0.006719237639779221,0.3246614153050505,-0.01774163991540333,-0.016599061574841832,-0.03437019587418808,0.06626192590493,-0.028154263081109267,0.0118532690486553,0.06429920326208087,0.01772419140392914,0.07140330873058856,-0.21940614909356762
0.1536595404787883,0.16149585759763008,0.397932931928413,0.31462729146220497,0.22516370673457664,0.4197163980148668,0.15686708463688387,0.7214206637174362,0.09076017988235117,0.21372645938015986,0.24637973295809662,0.12025993885895221,0.2254883207555549,0.2212315795337247,0.19017062375001534,0.18627950935557414,0.27783351222500025,0.28503553022607253,0.1662163783328469,0.1884550773393835,0.23153346230191763,0.29523908573424035,0.24533111691615359,0.17265733386371662,0.2907516089093991,0.2605159464865946,0.16011837067431609,0.18507814921759186,0.3381812244343709,0.28222621119409635,0.1734257818897301,0.22284890742482968,0.16357960894744247,0.311033173738114,0.2334522343848941,0.1738781977088374,0.22573601331299972,0.2034334198131202,0.28603360108801984,-0.025399011628272714,0.20144255515197787,0.16693363733689584,0.23112796160166252,0.29872287524236885,0.2763847808250308,0.07720844850417306,0.30590309098518803,0.01483300992591327,0.32237518996107084,0.20091214022876525,-0.18494803602145124,-0.009634332371650928,-0.0005528084907676958,-0.05278025564009437,-0.1751435565360314,-0.21521022474238657,0.02253107207948234,0.2861856518686136,-0.08755749280095415
0.089908892130651,0.07846583709331166,0.2820102493065073,0.11423784208835026,0.06616510492706676,0.15358053409877773,0.2089221102851777,0.09076017988235117,0.5348197096500226,0.11710238648931838,0.1233602160531678,0.11749173829667287,0.10243404664014973,0.20029780038965947,0.1780548398757998,0.13059699351091372,0.15235031117958744,0.16781197303274265,-0.05114117461070184,0.10450594687317005,0.11801591322100884,0.22887039796650227,0.266842756861579,0.26452895035937757,0.17994955955757852,0.254640758588802,0.13011047821483412,0.1297215364134225,0.19252255235053498,0.15521323927816208,0.16114696313700935,0.1847955462941348,0.10996832225492102,0.15368845043996737,0.1832583992685239,0.1428168223395929,0.17883869262211963,0.08249894872419365,0.16079803239036167,0.0323111187733649,0.1924980802504814,0.12821253241785732,0.1388605161794039,0.11079353896973479,0.13107408031638368,0.12864416963330688,0.17717511743863604,0.007752691248551458,0.3557059893263823,-0.00305384128241182,-0.11305993990914792,-0.07633897972487043,0.1005489446184804,0.009932222914058382,0.06514056658327501,0.07114356030954681,0.058300795803531244,-0.04698849088401808,-0.13958724293574967
0.12296207429320825,0.14568222814566983,0.43256397803623026,0.19911721772709706,0.11743749993702486,0.13913808516422727,0.1593781401212614,0.21372645938015986,0.11710238648931838,0.7531478466194635,0.11519190130038472,0.232212182446409,0.1546372057837566,0.1912347296765266,0.18390966254536184,0.19152069769355287,0.2240826619674891,0.28738908451064266,0.05746612565329099,0.1666806062571237,0.1508126536621985,0.26329462492947303,0.2722961048345477,0.1962758558877763,0.2271643227495184,0.2561786860669213,0.19129905066372482,0.20272775212555877,0.2083028691242131,0.24157561177483722,0.21577210502876065,0.22230507079460354,0.14527525437893338,0.3412657664689522,0.24197550142520272,0.2336005591306362,0.19800390810452106,0.1510694035394096,0.3004768307508504,0.11736965453643872,0.40194643547399067,0.16769012787763807,0.174350530891646,0.27783023762663556,0.27860211746202734,0.16632222994577744,0.336017390519531,0.019077621021978308,0.19506780135390112,0.13174169062846086,0.02231671163074676,-0.19019918361573554,-0.027879781730601287,0.04134301889665059,-0.05203570258031521,-0.04844398519289316,0.11837603702486292,-0.028304394398848902,-0.025600093728554763
0.11756211454369289,0.1323238639393893,0.21563058289346518,0.2023680573193923,0.16554336286341098,0.22847065831904714,0.18292748656957702,0.24637973295809662,0.1233602160531678,0.11519190130038472,0.4843852246034082,0.20766022071710405,0.21370246371846652,0.2088918519788535,0.28904044950154795,0.21818183667540392,0.25294591483864814,0.21655970922151632,0.06727198955327707,0.22942666783982663,0.16648738492871312,0.25751998170363927,0.24873326426685008,0.20103889341095083,0.24574793060970135,0.25091024127767436,0.17849322048790806,0.1929912543071162,0.26293210806738765,0.22394441797943043,0.16305568871484874,0.2124328703175199,0.12373881555122153,0.2506874493305964,0.2530183717662492,0.17585875632173711,0.16279749605988103,0.13490901552908582,0.2554989939560411,0.0669655695658431,0.22881063151746847,0.17613631800984586,0.1968375845573846,0.1652817020927763,0.1510823445044373,0.13755899352501835,0.23506530530688483,0.015048076680892105,0.23489618910139917,0.08208640912389596,-0.16686720453446358,-0.030722204188641904,0.02409218429195744,0.0377466804429928,-0.037698605389818486,-0.051811980743347176,-0.0026082984389334974,0.04764717418561619,-0.02802424366137357
0.127954006133031,0.12825915476631977,0.19606160711254972,0.23216427365995607,0.20714690034405528,0.22523170087025907,0.22268204497889468,0.12025993885895221,0.11749173829667287,0.232212182446409,0.20766022071710405,0.5516285810424447,0.13431804414580445,0.249872500527343,0.2071974012971718,0.23677744051439276,0.18531112149960138,0.11027633590341529,0.0884057259044788,0.23965019958533226,0.11985193058019748,0.23109852139682724,0.1724095757035782,0.17679235767464813,0.246072380491579,0.16055675783739184,0.23047357006528246,0.1701342959224629,0.21059448499675232,0.22567582416183185,0.1437485249746909,0.25473682285495663,0.10814622058220678,0.2761563840203499,0.24377510138129407,0.1591322455079023,0.08866007162508377,0.13089376246914639,0.2528619403871857,0.05547170161503354,0.1659343155850894,0.1487852481161433,0.21170445465405088,0.22136192227839513,0.12773128075792078,-0.015543559749121168,0.20562563722124919,0.015443679560673286,0.36158366602113307,0.07531213682531282,-0.27348072444910904,0.05182066609712171,0.010921053181439893,0.056707914910324585,-0.008209564662585631,0.03181602022409664,-0.01819444333738616,-0.0012291172906638695,-0.013416662639571912
0.09722253178470512,0.07687905513547609,0.20196765925238624,0.2018685429509672,0.1650950264228748,0.19022331793781466,0.1463407058971601,0.2254883207555549,0.10243404664014973,0.1546372057837566,0.21370246371846652,0.13431804414580445,0.39744697298618253,0.17021182661971432,0.1315399309087148,0.16180986135139322,0.16864363040162436,0.18445937069198956,0.09133767099437923,0.10270588786973217,0.1699021161113656,0.205657044402232,0.2501788179920995,0.1907544024254335,0.18827949508596722,0.2263317054082285,0.12281234118111098,0.1217887414956496,0.23834024827595984,0.15905476009811742,0.1261406264889928,0.17153673842353015,0.1292301986454621,0.22009756346907244,0.15580090566367208,0.138695778999737,0.14086036990763756,0.09126036064480295,0.2565296739452054,0.04274556278563783,0.20084678797816743,0.11766815583679217,0.10592532202561793,0.1893057939460207,0.09541799358443072,0.09108785148442818,0.1807880223219671,0.009817489710586146,0.22798068059744428,0.10816727678005597,-0.06011327483833619,-0.05979503966314548,0.01764351534889031,-0.03357774087644107,-0.006262642713131243,-0.07252080043377343,-0.08350368911247084,-0.10237840599398429,0.18939667235295887
0.14466777850665383,0.07930882337035476,0.1417387641419464,0.2537698297174169,0.2255027532317409,0.24021841347658732,0.20328738499702767,0.2212315795337247,0.20029780038965947,0.1912347296765266,0.2088918519788535,0.249872500527343,0.17021182661971432,0.6944104912458714,0.3075115113143736,0.40048796411394205,0.29818315519207733,0.196537892249619,0.08438439975960246,0.22318573603090736,0.05710214856074264,0.5900173223504094,0.2819620989156263,0.3373412125645757,0.3094324685563706,0.484877294563259,0.2893745923512403,0.26365534831613435,0.14672813370439117,0.32922679652899844,0.22631051553337242,0.5746566421989597,0.16400267230342772,0.33142522749184367,0.3853794769759015,0.35847272117291507,0.11612330528271256,0.17838126617950054,0.34086554312438516,0.12293071117821833,0.47012424906387457,0.264751251913629,0.17971823311400353,0.4078651956692723,0.1861312420498205,0.050921014002200414,0.29868273890540725,-0.009117971616522925,0.8336721683026359,0.19299681946195577,-0.1594195999803596,-0.22993460397921014,0.026576994244664864,0.06935506337639177,-0.09653557318054841,-0.06948927552074644,0.2020934447104245,0.010610755893045352,-0.06796985212935495
0.13289188185227063,0.23943185893828114,0.2781094629575327,0.20464663739140665,0.17591087548723375,0.23752468363794269,0.1456717264710127,0.19017062375001534,0.1780548398757998,0.18390966254536184,0.28904044950154795,0.2071974012971718,0.1315399309087148,0.3075115113143736,0.6568818539399367,0.22549976324379467,0.2863626323458573,0.2840624852343504,0.10680049580161646,0.24825533840113498,0.06266420710679217,0.4314126663141358,0.30986960650979867,0.2935362037545186,0.30072291710194565,0.391010042912956,0.2233184212619832,0.2814996965557607,0.3322801547720669,0.22096467569228312,0.2199821647335424,0.3012928482121438,0.19487974533312435,0.29591404245215863,0.25886463869964,0.22377540407018862,0.24937618266379571,0.13664990207875313,0.34648628649680496,0.07523604163440015,0.31645546345145464,0.21520589629846446,0.22390280327232545,0.1737374297926745,0.14568280377753196,0.17638849625566178,0.27239469864526517,-0.00040867896817208254,0.5555884921553531,0.41257760426559287,-0.2236337146560899,-0.002443165234651865,-0.18153887617584707,-0.019291138877171956,-0.013825454012877087,-0.026152320185650998,0.05569563282559057,0.03697073831487835,-0.09349963571704928
0.13756171835976086,0.1197862409571284,0.11191203954511918,0.27500293005028886,0.2744754303119582,0.2080995211002165,0.2208651322256376,0.18627950935557414,0.13059699351091372,0.19152069769355287,0.21818183667540392,0.23677744051439276,0.16180986135139322,0.40048796411394205,0.22549976324379467,0.8394394851051091,0.2805065873361607,0.15309349689027332,0.12825552386396388,0.23059863359505747,0.12009183635413583,0.4146582115587387,0.09476792170763199,0.22656942742193212,0.28610950312033623,0.29339306281519495,0.27749867163122605,0.2725733878360014,0.25935060517136577,0.38695401444208355,0.1985770716806436,0.3840592997839699,0.09462836830384787,0.3086731825916219,0.447812260730552,0.2962980806726708,0.19836607216019106,0.1778861978054059,0.3037294203504719,0.15070769808405304,0.4018797927158096,0.28032211261109813,0.26548137810675976,0.24969848247760063,0.22263824774974117,0.08185252088044903,0.30932094241554464,-0.0013340638813171058,0.4531367241830169,-0.031654776918212314,-0.19159205484610742,0.03172618196125418,0.04243104830187055,0.03700245328968619,-0.022639976979534356,-0.07038853770221357,0.024322631382350475,-0.012634277692173169,0.06554778857888008
0.1480986193457925,0.2003673843881667,0.3227941938198688,0.22906889420963147,0.15904460328843686,0.2613780290500498,0.19255671211853065,0.27783351222500025,0.15235031117958744,0.2240826619674891,0.25294591483864814,0.18531112149960138,0.16864363040162436,0.29818315519207733,0.2863626323458573,0.2805065873361607,0.6282097715514765,0.25185163401167754,0.12431082644857083,0.22345073931008075,0.1072359642108269,0.6255006468302151,0.3045187246439583,0.238923310301792,0.28350940465940655,0.31889794138179595,0.2171910007862529,0.4188696837587663,0.17285922550712624,0.3428761552450927,0.19437096773346074,0.29539404025365035,0.3397198878157834,0.23361539511296425,0.3302817361868931,0.289630527693094,0.24927572785593352,0.23132383141562027,0.24741373884080753,0.04068005568004122,0.3914029039725362,0.29438284886358806,0.1839706122383253,0.37499204912521467,0.22340735750886787,0.20609158551721884,0.3455528227842025,-0.005470712024880884,0.47615321770579355,0.27844767497827094,-0.025933913131167986,-0.2227005314979251,-0.09060682162124786,-0.0016927380826930306,-0.16924434781716094,-0.12846389558234225,0.01009609068521127,0.1584654580021607,-0.105153238163968
0.1340547927880466,0.2078118884564252,0.30483580559458684,0.26616521031822993,0.19689179825680117,0.20829481393771665,0.18129333091580285,0.28503553022607253,0.16781197303274265,0.28738908451064266,0.21655970922151632,0.11027633590341529,0.18445937069198956,0.196537892249619,0.2840624852343504,0.15309349689027332,0.25185163401167754,0.8329889425876181,0.09613200356623658,-0.10903764772162029,0.22081704237293961,0.373026668670877,0.6282941342771309,0.2996040988052237,0.29504391614424486,0.41991347871880635,0.07105546181235901,0.20735953072922536,0.37769395019179786,0.17750038529254925,0.2532869432938526,0.21050851461245532,0.2394612877062389,0.3274078902574361,0.14672686955851885,0.27282612532605005,0.1522675341982583,0.09044035280811778,0.3227907477545316,0.1337980637714009,0.4343883898230072,0.14108069946430296,0.1686077464750841,0.2413845285261488,0.4043058405348802,0.2235542717480617,0.4696124159908928,-0.0048437880213027225,0.2020152457885781,0.35403881137117593,0.29221975392456884,-0.48686050512464984,-0.12295317590286395,-0.022120640207503997,-0.07430745549432642,-0.08365760173658918,0.043583169755558586,0.16475812490494543,-0.19415302791947192
0.07040614220171053,0.05847568706256853,0.13361868136080834,0.12068263327169033,0.22669692549876458,0.1866466813929951,0.05521796307147169,0.1662163783328469,-0.05114117461070184,0.05746612565329099,0.06727198955327707,0.0884057259044788,0.09133767099437923,0.08438439975960246,0.10680049580161646,0.12825552386396388,0.12431082644857083,0.09613200356623658,0.6668890813876442,0.08598668393392463,0.09507060599993283,0.20542041696137534,-0.019154207378462452,0.0446836432259268,0.0860671444121972,0.043392778912720496,0.05880437387802185,0.10402981040198239,0.08529061105965118,0.07903728407627332,0.09888979311755156,0.11051022502754576,0.12119956648343529,0.12136396455730439,-0.035103620386127014,0.16715866407163454,0.10956443707623341,0.1544014207006389,0.18426617789428293,0.05833344874411849,0.1638416231581141,0.08502979268283349,0.026829381729814857,0.15310723278151395,0.15568874993710435,0.16793709213432595,0.10075223842725782,-0.0004190848927116889,-0.08105112994359216,-0.07912706593689209,0.30461706915866965,0.17593210088612599,-0.16011783721218942,-0.11101316770057681,-0.08298953405034581,-0.07405416915355968,0.01644751143248247,0.09241936162858547,-0.024981371327081173
0.09523390876806627,0.0764785400107643,0.22690378645051587,0.1475350881549931,0.11900448633169664,0.23334564949296385,0.15234997028308844,0.1884550773393835,0.10450594687317005,0.1666806062571237,0.22942666783982663,0.23965019958533226,0.10270588786973217,0.22318573603090736,0.24825533840113498,0.23059863359505747,0.22345073931008075,-0.10903764772162029,0.08598668393392463,1.8950855710728902,0.035125151962977635,0.136838024979677,-0.0811027730937937,0.15248480663655758,0.23398470520602857,0.3205015304966107,0.483441222104514,0.47496044755720146,0.056538730468628916,0.2687401557876665,0.23235862320551917,0.1890293575261271,0.46756552874757573,0.25503606422877384,0.33912727147919747,-0.10000200743272393,0.5407474626059681,0.1892868501479425,0.671673057825892,0.10679431728788077,0.13820356784451593,0.17239953527538657,0.675136058246016,0.20720708809028152,0.6022655120598245,-0.30313805345075073,0.16782188075848223,0.08967711789641215,0.93841017096397,0.023532158905308145,-0.6559124100771182,0.47223394555722653,-0.01218930118929327,0.026477527513311717,0.09282566819344654,-0.024219229280148004,-0.03055691936366361,0.08447589819229478,-0.022167515807147934
0.12302118635843365,0.25881860758467035,0.17550065570413875,0.13082348802505775,0.08244490595647606,0.20175008768927793,0.15226138634970018,0.23153346230191763,0.11801591322100884,0.1508126536621985,0.16648738492871312,0.11985193058019748,0.1699021161113656,0.05710214856074264,0.06266420710679217,0.12009183635413583,0.1072359642108269,0.22081704237293961,0.09507060599993283,0.035125151962977635,1.7755691458698581,-0.40437601490803826,-0.01863416653933046,-0.24334873139448354,0.19149830560035921,-0.9405023513807106,-0.008261219437160211,0.02458616278390811,0.42980366893909994,0.9479750585171501,0.09053815470965458,0.013842693368985111,-0.06515857568231051,0.2509549585999357,0.3363456680809522,-0.03218719540530796,0.374616149234134,0.23971826027696874,-0.17082730633864276,-0.21930176847105107,0.07080128434747775,0.10385193244795057,0.37971808488326086,0.32645232922489825,1.1638356774112077,-0.25925647111071737,0.6359095645425425,0.055529753766266864,-1.01465191481035,-0.3120000465291512,0.12817815329916007,-0.058389245229872135,0.24792136119584798,0.04836037380732995,-0.0877942893215508,-0.05683538017404364,-0.15613459387427367,0.25568269963697904,-0.11688631574698921
0.19051078754025452,0.07834578610728513,0.39955988433641043,0.3472856900944688,0.2447755015646547,0.30679359872248585,0.26625161066178343,0.29523908573424035,0.22887039796650227,0.26329462492947303,0.25751998170363927,0.23109852139682724,0.205657044402232,0.5900173223504094,0.4314126663141358,0.4146582115587387,0.6255006468302151,0.373026668670877,0.20542041696137534,0.136838024979677,-0.40437601490803826,2.450674706185762,0.6683608828801728,0.5416553104186854,0.4614188786713494,0.881158038474299,0.4031774194939279,0.41668029734386747,0.13065435900774638,0.2519987262664747,0.27359032011041795,0.6329667286103463,0.6031953857996779,0.30821567098422675,0.23350149838854764,0.5037904314329424,0.24048433512296072,0.4126771779144263,0.5329772409274808,0.06528852474378158,0.6096312294880386,0.4306880619920738,0.11793908509093029,0.9779352535978003,-0.3523092115105106,0.4583900680973752,0.2956076731568737,-0.19760315532540285,2.443298688230481,0.3632973881962574,-0.04002357160624454,-0.48675804053859106,-0.12603026809021317,-0.035116348198913544,-0.17232649293162614,-0.12812940355277003,0.08688021844301276,0.158193274959955,-0.1681881051406519
0.06950690978665455,-0.2585297723991882,0.35063875523593685,0.3111961480390492,0.1936619293074632,0.19665623038505564,0.24173781063384264,0.24533111691615359,0.266842756861579,0.2722961048345477,0.24873326426685008,0.1724095757035782,0.2501788179920995,0.2819620989156263,0.30986960650979867,0.09476792170763199,0.3045187246439583,0.6282941342771309,-0.019154207378462452,-0.0811027730937937,-0.01863416653933046,0.6683608828801728,2.147840194791831,0.7839096784686638,0.5431181297218742,0.46575774568775474,0.0616429420358369,0.2906062192259793,0.9222996502319769,0.33828807640388875,0.054163079367583196,0.2207963004185119,0.468207620484956,0.4670166564665489,0.23880812037126656,0.22283197527419388,0.423387249565842,-0.09714130905217529,0.7460193051590809,0.04609427626226358,0.3928899062480652,0.14834939450592854,0.14247473161546345,0.29785899684680245,-0.15952173642010073,0.42088296421504384,0.4955329625452861,-0.001597008580556483,1.0390772839542142,0.4254137630631854,-0.08644807766233853,-0.33213799316718606,0.06546198006183161,-0.07397347268020553,0.09320365163094163,-0.03290739328404609,-0.09651086876954373,-0.13787563684784138,0.0871017643048557
0.04114307531965628,-0.15418093283979326,0.2794513340983086,0.245363028606372,0.16541650977462638,0.2054029398615351,0.2044160923947828,0.17265733386371662,0.26452895035937757,0.1962758558877763,0.20103889341095083,0.17679235767464813,0.1907544024254335,0.3373412125645757,0.2935362037545186,0.22656942742193212,0.238923310301792,0.2996040988052237,0.0446836432259268,0.15248480663655758,-0.24334873139448354,0.5416553104186854,0.7839096784686638,1.2821459923754983,0.3563620413397929,0.4668521061163973,0.10723846523522408,0.2404336360670249,0.7189481384927076,0.3517854424461195,0.3070090976628648,0.2951329282062876,0.4171055777507327,0.18415578740924068,0.1410434045909982,0.4728114610040494,0.3251585626183005,0.0915984536740708,0.5353910109295279,0.09733880459019256,0.30804493252857723,0.22105727886347654,0.17983230913965925,0.17168706839905007,-0.044355889859036,0.2448077368811501,0.32924347090534,0.0037217766418880358,1.0560068782579857,0.2575413693087415,-0.27776586784130164,-0.09802507021471227,0.05658525573652911,-0.044465043122828875,0.1664240799607912,0.051660660208031735,0.15110971861598144,-0.4948158272014127,0.18752346966222214
0.12055513922060537,0.1200052650666034,0.30095115156237967,0.2624946041114549,0.1953918525530176,0.27403764706377537,0.19161934676758888,0.2907516089093991,0.17994955955757852,0.2271643227495184,0.24574793060970135,0.246072380491579,0.18827949508596722,0.3094324685563706,0.30072291710194565,0.28610950312033623,0.28350940465940655,0.29504391614424486,0.0860671444121972,0.23398470520602857,0.19149830560035921,0.4614188786713494,0.5431181297218742,0.3563620413397929,0.8353997629698732,0.2448698481446018,0.22714286742267986,0.2154058164137345,0.89523398900952,0.5117061433527386,0.22592012921276566,0.2917972901818544,0.1981787515425036,0.4502387184568408,0.2850905889029374,0.26576217542588526,0.3710509489417592,0.20883347662747204,0.3883806504315064,0.04160546343249781,0.3548204244868127,0.22390849017329578,0.3399065295947511,0.26100336411129,0.27547116788379455,0.26800865746337454,0.4345526633147525,-0.004307537399690834,0.4514448743069331,0.03599041036952131,-0.17801015381791802,-0.03924035891524064,0.07095484647775473,-0.0021062873687381343,-0.04746061014714718,-0.08246036847904946,-0.007667541544340281,0.10415401442096556,-0.05588318156061822
0.09559013062037318,-0.057897627967639594,0.2721074961877367,0.2779859144301674,0.25686963087071696,0.2203146606611887,0.19755910540183072,0.2605159464865946,0.254640758588802,0.2561786860669213,0.25091024127767436,0.16055675783739184,0.2263317054082285,0.484877294563259,0.391010042912956,0.29339306281519495,0.31889794138179595,0.41991347871880635,0.043392778912720496,0.3205015304966107,-0.9405023513807106,0.881158038474299,0.46575774568775474,0.4668521061163973,0.2448698481446018,2.668070414889375,0.38143115022140106,0.33054439210235786,-0.24862632572327195,-0.8887174622941137,0.3674994367107509,0.5716467826744803,0.1963752720843412,0.4117674330600836,0.28389045401571705,0.39112861800563936,-0.4205998547597072,-0.11597631054663143,0.7531468287036583,0.6571136611013735,0.9590079867710312,0.28079505460029014,-0.05533655813439861,0.08959006806931351,0.15027186818744412,0.17412983869381965,-0.23936511906513597,-0.01422586947738541,1.855973733038904,0.620362890382135,0.15861361419833594,-0.45937574822031635,-0.36355035702555316,-0.010664240476073743,-0.09882255611125355,-0.13915406999477975,0.16048340425840757,0.21889333895971816,-0.21164116594621182
0.11396955262621755,0.19092604950745132,0.16049974324842117,0.16263169910372902,0.13425525706294367,0.1848641218200564,0.16049327979320943,0.16011837067431609,0.13011047821483412,0.19129905066372482,0.17849322048790806,0.23047357006528246,0.12281234118111098,0.2893745923512403,0.2233184212619832,0.27749867163122605,0.2171910007862529,0.07105546181235901,0.05880437387802185,0.483441222104514,-0.008261219437160211,0.4031774194939279,0.0616429420358369,0.10723846523522408,0.22714286742267986,0.38143115022140106,0.8845209073157942,0.2635207449276997,0.003426692782619281,0.20117783926780994,0.22447039773154456,0.3313946802153167,0.2471327248702584,0.2854023076342254,0.2749915563671985,0.29370737451666157,0.16866865329840844,0.1843260652274425,0.3458408723451108,0.14176701615816462,0.25940912647931547,0.22178433513118936,0.47735259419543385,0.24125757934109388,0.2329835079065676,-0.04798835841074345,0.15768722562667295,0.01768944323716023,0.7502667071172917,0.11016857186960245,-0.3581466531582935,0.16546532271457115,-0.039165871254984747,0.029428199268020337,-0.002129077792701799,-0.007161098112193246,0.11782612038145937,0.03843883717561638,-0.08610078748789743
0.15362929362998448,0.11201335716602545,0.23353885216207565,0.11392671349078418,0.0343357473579771,0.18942128038210818,0.1263869617659753,0.18507814921759186,0.1297215364134225,0.20272775212555877,0.1929912543071162,0.1701342959224629,0.1217887414956496,0.26365534831613435,0.2814996965557607,0.2725733878360014,0.4188696837587663,0.20735953072922536,0.10402981040198239,0.47496044755720146,0.02458616278390811,0.41668029734386747,0.2906062192259793,0.2404336360670249,0.2154058164137345,0.33054439210235786,0.2635207449276997,1.5912224058885927,-0.2214778995643295,0.33374819522232324,0.2052489220022995,0.2920642576315528,0.9220958731725493,-0.03220102020076897,0.8631216193808099,0.12554936078431403,0.29859978934976733,0.10701608904173907,0.6410587695252047,0.14377894351312834,0.45558393520545104,0.20725641333589084,0.1641498342334977,0.4022903158157234,0.19776183285110613,-0.13714678200598318,0.31826466384557683,0.05130471519782209,0.5696970900118773,0.4803002711818899,-0.5177364665120442,0.3645516530566928,-0.470715255897634,0.062365208261286234,0.28079881180328176,-0.012239118215203845,0.14012035054160132,-0.23917566504069035,0.10264368011457005
-0.010834610318124903,0.1233813541801796,0.3935267416452985,0.32029930168844994,0.21430674555440046,0.37447126250826024,0.1435905185314778,0.3381812244343709,0.19252255235053498,0.2083028691242131,0.26293210806738765,0.21059448499675232,0.23834024827595984,0.14672813370439117,0.3322801547720669,0.25935060517136577,0.17285922550712624,0.37769395019179786,0.08529061105965118,0.056538730468628916,0.42980366893909994,0.13065435900774638,0.9222996502319769,0.7189481384927076,0.89523398900952,-0.24862632572327195,0.003426692782619281,-0.2214778995643295,4.266949883707487,0.8529462048124085,-0.08392173821502394,0.11965468151736507,-0.13184485131888488,0.8569469566528358,-0.23377224966822138,0.0936580364364815,0.6980476774342935,-0.2106050126530116,0.29273692736684226,-0.06368399414961307,0.07174272750655439,0.04847476067049699,0.28698789765538774,-0.8319710659051593,0.4401206968617826,0.6761655637773923,0.6541169522041125,-0.004183840307809111,1.3095058411555944,0.07848572351368054,-0.21974548883339037,0.10142620430218084,0.07236614006374907,-0.0032043246362957523,-0.18744658734326766,-0.1656518962146306,-0.41533497787640916,0.3925931220908102,0.07400966090580945
0.17781967284768985,0.1922771756831323,0.13343856034255822,0.1964772796430109,0.10385057741054318,0.25932969075898976,0.17273569879356745,0.28222621119409635,0.15521323927816208,0.24157561177483722,0.22394441797943043,0.22567582416183185,0.15905476009811742,0.32922679652899844,0.22096467569228312,0.38695401444208355,0.3428761552450927,0.17750038529254925,0.07903728407627332,0.2687401557876665,0.9479750585171501,0.2519987262664747,0.33828807640388875,0.3517854424461195,0.5117061433527386,-0.8887174622941137,0.20117783926780994,0.33374819522232324,0.8529462048124085,3.0598258858281784,0.2142872949863449,0.25412072281521214,0.23916721836640506,0.00744033876568086,0.7578448933471902,0.20822245994088356,0.8208183462550391,0.5980321829926937,-0.139057274967012,-0.21000722923772885,0.7087770040334644,0.40123687982385864,0.9927425550760477,1.0593669450850214,0.8675680222402196,0.08376888876906628,1.4265382334229597,0.056058666167173705,-0.3131030384436786,-0.1892735041546146,-0.2153233018074761,-0.2908370396434311,0.39791878259190383,0.13407176272865037,-0.07679929296981468,-0.15154082836200627,-0.081288037990327,0.3999000464204631,-0.22653540075832454
0.1224615935296116,0.09921808044205435,0.20531140706713225,0.18097364930647283,0.1647944157049134,0.16376168009053632,0.1614433047825667,0.1734257818897301,0.16114696313700935,0.21577210502876065,0.16305568871484874,0.1437485249746909,0.1261406264889928,0.22631051553337242,0.2199821647335424,0.1985770716806436,0.19437096773346074,0.2532869432938526,0.09888979311755156,0.23235862320551917,0.09053815470965458,0.27359032011041795,0.054163079367583196,0.3070090976628648,0.22592012921276566,0.3674994367107509,0.22447039773154456,0.2052489220022995,-0.08392173821502394,0.2142872949863449,0.9795608562025357,0.2756371333451663,0.2669809359853876,0.14755843681772102,0.1239627135557775,0.5846642385015831,0.08375403731280776,0.3633900649703979,0.49044709733214,0.21910028204279836,0.4478945054058799,0.23513907315462867,0.2200639572398676,0.41175184345769034,0.43154761154510307,0.05533941939310418,0.27474448863164697,0.005710776936564091,-0.16287255635083567,0.18784390468249748,-0.05756182704045486,-0.1130412157461251,-0.042483664868699644,-0.026465758199870723,0.05939458286524764,0.008180938180333542,0.2660588797592932,-0.2239073916581273,-0.07888722626543937
0.13349485685859216,0.11553702528791569,0.16399082073231638,0.24409484138907622,0.2184808524324492,0.24034430537618787,0.20266995823493128,0.22284890742482968,0.1847955462941348,0.22230507079460354,0.2124328703175199,0.25473682285495663,0.17153673842353015,0.5746566421989597,0.3012928482121438,0.3840592997839699,0.29539404025365035,0.21050851461245532,0.11051022502754576,0.1890293575261271,0.013842693368985111,0.6329667286103463,0.2207963004185119,0.2951329282062876,0.2917972901818544,0.5716467826744803,0.3313946802153167,0.2920642576315528,0.11965468151736507,0.25412072281521214,0.2756371333451663,0.8329274541804564,0.12599446834037553,0.39273706239684714,0.3852538562449221,0.43450861957889647,0.016176510424013718,0.19096214504580467,0.420611314417639,0.17387425484968355,0.533013367203022,0.26552937361778933,0.10977887871063406,0.4328060741011041,0.22136241865077813,0.06560307648356258,0.2745011076601463,-0.020095115175674916,0.8416453330357538,0.1567705657560177,-0.08901924644487783,-0.05592103155540579,-0.16893182210575178,0.06490254944017666,-0.0968895590333042,-0.09081158856294089,0.40034372778991945,-0.04303320652436702,-0.18303426046681037
0.14092535940126893,0.03296039162379027,0.27417716801311093,0.23345172447120727,0.08276815813820922,0.10905787329901022,0.14907951645014292,0.16357960894744247,0.10996832225492102,0.14527525437893338,0.12373881555122153,0.10814622058220678,0.1292301986454621,0.16400267230342772,0.19487974533312435,0.09462836830384787,0.3397198878157834,0.2394612877062389,0.12119956648343529,0.46756552874757573,-0.06515857568231051,0.6031953857996779,0.468207620484956,0.4171055777507327,0.1981787515425036,0.1963752720843412,0.2471327248702584,0.9220958731725493,-0.13184485131888488,0.23916721836640506,0.2669809359853876,0.12599446834037553,2.4937010690133237,-0.2888920720317897,-0.203546322739382,0.004518853857833908,0.2822570599909453,0.3128546272806174,0.6202217420445472,-0.10104248924269768,0.19302879219671193,0.17682000271998502,0.2549338302971364,0.6329391920285339,0.11022437729918529,-0.2357324377556465,0.3870774152259513,0.08989021306937273,0.5432328587721281,0.3574295748328588,-0.37442788103363184,-0.0036176293080661306,0.040867226037043056,-0.18135500656303394,0.10160076969680211,-0.1002017655889663,-0.14734972947273292,0.1902190097310452,-0.030828427784861483
-0.12536031593926591,0.1182826873936615,0.28607073853558135,0.3140997869750016,0.3053935887874827,0.30689076145404554,0.21327268917733364,0.311033173738114,0.15368845043996737,0.3412657664689522,0.2506874493305964,0.2761563840203499,0.22009756346907244,0.33142522749184367,0.29591404245215863,0.3086731825916219,0.23361539511296425,0.3274078902574361,0.12136396455730439,0.25503606422877384,0.2509549585999357,0.30821567098422675,0.4670166564665489,0.18415578740924068,0.4502387184568408,0.4117674330600836,0.2854023076342254,-0.03220102020076897,0.8569469566528358,0.00744033876568086,0.14755843681772102,0.39273706239684714,-0.2888920720317897,2.1687116572220497,0.2968492148994028,0.15080795298962565,0.16754813509352343,0.1129529163011399,0.4810028162651263,-0.07618436506925416,0.520884441167275,0.2209442061323916,0.6656438708101335,0.49510437079722835,0.42564864040487693,-0.06537802101316025,0.3097564053728396,0.03905772633502015,0.7573561747358623,0.12919106096872549,-0.13901750111787428,-0.06333349515022993,-0.04608487345288857,0.052539930606915454,-0.24972695355130228,-0.08133982487795108,-0.11549762277464336,0.19002443830844834,0.12164303387691483
