1.55829846578673,-0.09560289336323007,-0.10199654939260175,-0.10201300609041523,-0.08295397081052927,-0.030052666704705536,0.07292844288584902,0.07435523212515152,0.05090743019816946,0.035446786520557015,0.030957001903732066,0.03990251932968895,0.045532427054063115,0.0417622650465813,0.0418191833088462,0.040927909099602235,0.0410818611859262,0.03994429993953318,0.03395707391517347,0.03417886492268198,0.036424869457994474,0.03609496929078233,0.031152042863337018,0.023896911088327945,0.016697800420488174,0.011615719644912788,0.007703874171846367,0.004843142883279553,0.0028577398913627243,0.0019421554745152596,0.0013297499359767409,0.002263288065645302,0.0008955717653455817,-0.00011356203968825042,0.0014985082559613122,0.0035882729256734667,0.0045788688868255685,0.0048418773866994004,0.004898004082118283,0.004805850868437362,0.0051671800703903805,0.005554683670537361,0.006268338495492596,0.0023269639817508586,-0.00018314431505702037,-0.0015980717375996014,-0.0022329821482915116,-0.002395704124376631,-0.002292977182411081,-0.0023422905791301864,0.01467920185266548,0.00887981991127089,0.01641408700815566,-0.009865536492672824,0.00300959577591209,-0.003682475023660657,0.008062488331642994,0.00525406553582069,0.003907718224035649
-0.09560289336323007,1.5355502958917282,-0.11895133977940323,-0.1231193612769923,-0.10708699347566311,-0.05194765308199128,0.06730317644354832,0.08120207856562082,0.060443594856670585,0.0457898148970629,0.038383396754411686,0.045824957417864506,0.052849960123777066,0.049386687403160406,0.04934438386279967,0.04906002553762636,0.04917802562479783,0.04745661052784113,0.040110829217620915,0.04110482661908146,0.04430259752836835,0.04405264834013122,0.038007320766486614,0.029247606234260926,0.020479277144825555,0.014167084291268785,0.00922505718360796,0.005592534064589046,0.0029693839497932357,0.0016720853622981106,0.0009265238289194006,0.0017858561563774513,0.00025468565166142046,-0.0008283581164986779,0.0009677549337932433,0.003299664093495333,0.004420095818443557,0.004751372000658298,0.004803122694027093,0.004643109648758685,0.00486267041203663,0.005073353157420296,0.0055093752186363846,0.002302193663659464,0.00013038291128439054,-0.0011479011697253859,-0.0017576247312097557,-0.001954248250632547,-0.0019047440215472814,-0.0029375243272098182,0.017307695501799038,0.008924884538350138,0.01845864921213018,-0.01129905315847998,0.003886559306695788,-0.004355717323262724,0.009034447844242788,0.005483519598214836,0.005885051219958388
-0.10199654939260175,-0.11895133977940323,1.50925079688002,-0.14642743777623432,-0.1388354750571941,-0.0878891512440623,0.04637618993154959,0.08436592514171448,0.07163067145747594,0.05899537693952328,0.04730482834195583,0.05211752745108869,0.06088407204339951,0.058178309907513596,0.057842774434841274,0.05855958394436056,0.05862646283432605,0.0560262704464668,0.04670826592799134,0.04917987154396288,0.05347982222479752,0.05312085417420365,0.04570715220848745,0.03529543898120422,0.024839484673203283,0.01718850333705896,0.011101246470288274,0.00660097135944896,0.0031951568459088666,0.0013365764861364869,0.0003738513856067159,0.0009888761424472136,-0.0006286865149584591,-0.0016745970375811388,0.00020923648809268976,0.0026577463660623383,0.003851752976159361,0.004256077965425849,0.004292304841869844,0.004051708057180021,0.00404400980000292,0.003978426082667304,0.0039697032026076535,0.0020314132086842545,0.0005284407750826818,-0.00042744118723790116,-0.0009295375683896032,-0.0011472645116857322,-0.001172065494149975,-0.0035099723688104853,0.01870506753636587,0.009366755549326674,0.01818458185774755,-0.01153300310527692,0.004258025942925406,-0.0049742016286665304,0.009603269364493947,0.00688470337361741,0.006984258056739118
-0.10201300609041523,-0.1231193612769923,-0.14642743777623432,1.4743106690768513,-0.17972348984524344,-0.1458098360465993,-0.003972371925347331,0.07887331551667985,0.08604250661089557,0.0791507311871368,0.061124507315697484,0.05907102534177566,0.06824667122002294,0.06821101681522819,0.0684402142121577,0.07081410763096979,0.07076052699979234,0.06628945210300553,0.053502838881303756,0.0582834788700461,0.06335989459358357,0.062194326174471265,0.053106390586880735,0.04114986035529933,0.029229699170994983,0.020410545669160677,0.013282043378945138,0.00795225365131683,0.003693603410913287,0.0010523532077927823,-0.0002612134478782445,-0.00011543864324391166,-0.0017279844435302734,-0.002550513428021713,-0.0006310680315314048,0.0018141521719789865,0.0030012647972136445,0.0034590583326211295,0.0034389144760274175,0.003104540339980257,0.0028077770103691253,0.002427913770878771,0.001900325688815293,0.001572123726770239,0.0009928322258833287,0.0005302004552027829,0.00022487892614726226,1.203720326590305e-5,-9.905787223617621e-5,-0.003925924642861684,0.017493973026165986,0.011137182827278054,0.014349793265539916,-0.008899185524134575,0.003158997010794551,-0.0049074801645814835,0.00933845156847495,0.009355302111096265,0.007635898196917936
-0.08295397081052927,-0.10708699347566311,-0.1388354750571941,-0.17972348984524344,1.422506516723585,-0.23148191784826472,-0.11352477956188452,0.041484808819272634,0.09475801482555476,0.10339589724015547,0.07961162929896301,0.06512453182137948,0.07221892606181382,0.07775489621387804,0.07897544255952138,0.08278004359799492,0.08233062594719497,0.07577726126275074,0.05817529872030559,0.06679351932630653,0.07159749737814869,0.06849136565561946,0.05751041658059087,0.044522230539315664,0.03189011369184058,0.022521396921638508,0.01488959796823007,0.009146018403906232,0.004261017576938551,0.0007486881340842777,-0.001042025574771527,-0.0018717911053555186,-0.0031998253432181482,-0.003375420836754667,-0.0017061923636161017,0.0002700541851504769,0.0012064764699666222,0.0016659547778048692,0.0015619617914565673,0.0011462167487904316,0.0004588436798079956,-0.000343902378157581,-0.0015775355445481875,0.0005137422637489008,0.0014189985435218897,0.0017947089326303968,0.0018591921012431597,0.001707955318008881,0.001499035743167459,-0.0035897576074183203,0.01009485827921158,0.013306266331077211,0.005596568596731747,-0.0028324624569456467,0.0007338661678370973,-0.0032114626990839127,0.008157120744300285,0.011048992473489101,0.006291052418454262
-0.030052666704705536,-0.05194765308199128,-0.0878891512440623,-0.1458098360465993,-0.23148191784826472,1.3170359575324602,-0.3296446506890416,-0.0835276467651408,0.0719961565569101,0.1304782301159106,0.11371426024514843,0.06856775963509683,0.06313351639103391,0.08425181126913583,0.08910107388059137,0.09100753965501543,0.08871387951437046,0.0815817699231719,0.05877060513159349,0.0714035515464511,0.07265226090660168,0.06582786802072636,0.053412754665837225,0.04072857098106937,0.029221353377943793,0.0209422542697801,0.014303460136802993,0.009395870355578107,0.004712723085961213,0.0005773530800299617,-0.001775230718098552,-0.004356756147722962,-0.00485988066013707,-0.0035954913967879815,-0.0025182788001832214,-0.0017233691667933482,-0.001358036851308984,-0.0010282665347921037,-0.0013099371717444348,-0.0019040844849408302,-0.0032426288795608547,-0.004708489351937582,-0.007022422075476786,-0.0017359235000667479,0.001238405250548842,0.0028776594860324277,0.0035698303639329124,0.0036120655283767874,0.003355870123237585,-0.0013462727235200812,-0.007602728954982434,0.012940368125915497,-0.009531147094863178,0.009363329530889466,-0.0027595334950517984,0.0023218464523541964,0.005215123231057181,0.008441513970487414,0.0026012187985913664
0.07292844288584902,0.06730317644354832,0.04637618993154959,-0.003972371925347331,-0.11352477956188452,-0.3296446506890416,0.9599315451882054,-0.40554268890166534,-0.06858348768582073,0.10371337735351457,0.15109487898392776,0.07983305805399306,0.04238557003821629,0.08337558323878377,0.09003556739273542,0.08183934636437991,0.07591292185986724,0.07094484679081614,0.04737825294442118,0.06205793152328129,0.05830100212340674,0.04965350703937629,0.03912787425890295,0.02974060691429328,0.021925864061526426,0.016607189442721593,0.012439607297370332,0.009297560668793383,0.0053328593629855285,0.0006386486073630736,-0.0023966365873026984,-0.006913873349366721,-0.005464244821391275,-0.0021089390174029465,-0.0023758134478741766,-0.0038177677427721902,-0.004325937115053643,-0.004197933272478064,-0.004730287251418004,-0.0057783476801122405,-0.008397735022528966,-0.011527329075528607,-0.016357365174346803,-0.007249278757724785,-0.0015445232807140962,0.0019412012589198524,0.003699215578990095,0.0042970429045878595,0.004258823593094897,0.0061134880367643175,-0.03449893314576687,-0.0027878427269800955,-0.02521114601709551,0.021872346424602118,-0.004852485602014416,0.010792005094533295,-0.0005471475826111127,-0.003645213030286008,-0.004557615365847108
0.07435523212515152,0.08120207856562082,0.08436592514171448,0.07887331551667985,0.041484808819272634,-0.0835276467651408,-0.40554268890166534,1.16723115919254,-0.3025129225344813,-0.11453078195250885,0.03637489096841361,0.08093545893894183,0.06933259558493897,0.07358991557590464,0.06194365141847822,0.05814139097412235,0.05467515324076303,0.05601852941719085,0.0404186702418452,0.04866993215267024,0.04706372870655679,0.04191868157590052,0.033114904475426615,0.023351713005277684,0.01539549274135522,0.010542962702992667,0.007613886247632347,0.005727850463833511,0.003355123523686693,0.0005161727310534414,-0.0016433201027384254,-0.005341885573774992,-0.0056661804218071715,-0.003214621764574211,-0.0012266450584666629,-0.0006914563025270365,-0.0010190488908557883,-0.001531056276424531,-0.0022923665199328733,-0.0031730603962488546,-0.00432881845686605,-0.005432816223095009,-0.0066481252388736105,-0.0036755339184669678,-0.0016871124919724102,-0.0003860777648459933,0.00035026658532918444,0.000703629664670716,0.000830874795948348,0.01152958001129796,-0.001988312404126306,-0.024701730463603695,0.01702666256181859,0.00193342873012754,-0.012241141386777982,0.013491746591836518,0.0005864453132360389,-0.0013564761789124939,-0.018697354815104542
0.05090743019816946,0.060443594856670585,0.07163067145747594,0.08604250661089557,0.09475801482555476,0.0719961565569101,-0.06858348768582073,-0.3025129225344813,1.1066804944944417,-0.3423354620322551,-0.11474076314058246,0.044092396154683695,0.11625315335874656,0.08030858929091679,0.0565478878132356,0.05997824413805348,0.06329242058355551,0.06338234811550898,0.04648012136456174,0.049763529692709085,0.04842525215189606,0.04401458081560926,0.03534586483706937,0.025138995678621625,0.016403020096804687,0.010703993383734796,0.006936844068556178,0.00455667243866806,0.002496684211658197,0.0008894557909738436,-0.0003133681866897237,-0.0008732850720276461,-0.0018750611046977797,-0.00220493114918296,-0.0012526047848219761,-0.0002449677264130421,0.00023039513099439113,0.00026441581123729516,-0.0001661124880140485,-0.0009387781017992301,-0.0022225171312473297,-0.0036586293945070265,-0.005285885474917994,-0.003592408211348441,-0.002232835410679594,-0.0013001673253036964,-0.000717123199701697,-0.00040444571098702947,-0.0002237103508820201,0.009848033443096855,-0.0015219517141045683,-0.01249655129549011,0.006259712718575697,0.002585500455520618,0.00014096499530178268,0.0005784992873110643,-0.021768867494424835,-0.022571788275785005,0.02607033479955907
0.035446786520557015,0.0457898148970629,0.05899537693952328,0.0791507311871368,0.10339589724015547,0.1304782301159106,0.10371337735351457,-0.11453078195250885,-0.3423354620322551,1.094041360502315,-0.3818003546969661,0.022023169244295607,0.139319979583286,0.036475793536682864,0.020571524777213492,0.042569085835947075,0.06049143132174118,0.06609510163613709,0.05346362128266565,0.059354594799322064,0.05831402317667154,0.05291609468367461,0.04284464253576983,0.031598605779240396,0.021745110363451805,0.015139857027712795,0.010441992617417928,0.007232634629120188,0.004111118869902112,0.0011424620824127898,-0.0007596654244203745,-0.003952273404944678,-0.003737854188533869,-0.0015699472999297,-0.0006883503184809518,-0.0006981206213970987,-0.0007444876380448722,-0.0007221823841518534,-0.0009594298069609134,-0.0014352681463595041,-0.0023901587929636534,-0.0034656063641988217,-0.004995806199090046,-0.0021913715806309124,-0.00040978031605200764,0.0007121062788014968,0.001287880850122069,0.0014643187471194193,0.0014408826789048513,0.012073934755333806,-0.012402522433171222,-0.0011694165843845596,-0.011617418243170249,0.007227376952610249,-0.006128396727541811,0.007831206997917655,-0.0014085706935557062,0.011114842146544872,-0.010162633036923831
0.030957001903732066,0.038383396754411686,0.04730482834195583,0.061124507315697484,0.07961162929896301,0.11371426024514843,0.15109487898392776,0.03637489096841361,-0.11474076314058246,-0.3818003546969661,1.1950344094732381,-0.2295888564051473,-0.06524382276435348,-0.006673912531148612,0.01909821721808437,0.04673643001859657,0.0629545488104708,0.0716948604961879,0.05697869954215323,0.07002937219671523,0.06913091013639044,0.06085043860399651,0.04825998184049545,0.03568471454369543,0.025020017223719614,0.017876081095166793,0.012647908264319569,0.008901481179874184,0.004944145336194159,0.0007024084157579846,-0.0016392594645781944,-0.005214121640826111,-0.004061735412774934,-0.001123804318136941,-0.0002861623991841326,-0.0006527370047482987,-0.0009085381914572297,-0.0009130125590485024,-0.001257261709478524,-0.00188566874761092,-0.003192799156828048,-0.004720686862677425,-0.006978647893758252,-0.003111895993328253,-0.0006647632914949545,0.0008592352112811056,0.0016430843713990501,0.001886878780706218,0.0018619028852980232,0.008312241587737771,-0.020710072319769075,0.012248567712303456,-0.015130010718068942,0.006911970624345176,-0.010110374719489753,0.010865542382849293,-0.006295363672213876,0.02228322608907397,-0.014736646855688885
0.03990251932968895,0.045824957417864506,0.05211752745108869,0.05907102534177566,0.06512453182137948,0.06856775963509683,0.07983305805399306,0.08093545893894183,0.044092396154683695,0.022023169244295607,-0.2295888564051473,1.1356684400933428,-0.4006374971180101,-0.12002636660810095,0.01622394572169795,0.041555545123920595,0.04991115565782847,0.06358787913337818,0.05482445154612287,0.07089280423212782,0.07005112379395441,0.0617935105269444,0.049018807012188165,0.03568774013872449,0.02441884385582187,0.01695697564299075,0.011716627229005648,0.0082436131759111,0.005013983605230425,0.0020057076835982195,-0.00022295447526483498,-0.0037166320490184426,-0.003561999684699384,-0.001242651021173044,-0.0004465422893835998,-0.0005947986685275718,-0.0006252813834202882,-0.0006416416219005187,-0.0010341945155159895,-0.0019162313985570554,-0.0036988395962054272,-0.005912294365501525,-0.00869103613296403,-0.0050050369957902185,-0.0022691003604511113,-0.00047523348597525687,0.0005304117592353866,0.0009531784636999875,0.0010805123839278902,-0.01084847051138864,-0.028446562479356074,0.043928352536243324,-0.01644808171889682,0.007309458982369396,-0.004793454380484211,0.007910505395726151,-0.025364478388406927,0.008666576481228566,0.0020825258357899702
0.045532427054063115,0.052849960123777066,0.06088407204339951,0.06824667122002294,0.07221892606181382,0.06313351639103391,0.04238557003821629,0.06933259558493897,0.11625315335874656,0.139319979583286,-0.06524382276435348,-0.4006374971180101,1.1444918975799323,-0.29104723227971646,-0.08027894473993874,0.023025248802488914,0.04399390206199026,0.05356669677394929,0.04055471978510067,0.05490657285973594,0.058918129105528835,0.055487558231866595,0.04520694693598343,0.0324787685784234,0.02140054356294478,0.014314003276834505,0.009707518428487757,0.006927534673105001,0.004292007531661974,0.0016036053020794172,-0.00020173652293551585,-0.00244008004700536,-0.0020801101503729207,-0.000761403035110368,-0.000555532554387479,-0.0009179574663523649,-0.0009942004276617443,-0.0009722257708558395,-0.0012787628226313963,-0.0019205508155580842,-0.00330028673060962,-0.005033351029554644,-0.007257517233161546,-0.004223233826820688,-0.0018484852957895738,-0.00025476548195824887,0.0006379943704586214,0.0010177603129147411,0.0011249046010369788,-0.012761589139870964,-0.022753350967948796,0.04037829885901215,-0.01891145964526479,0.008169116476775606,-0.0014280837551710875,0.0047490317957300295,-0.014716364310966608,-0.009624753716583005,0.0037563698329900566
0.0417622650465813,0.049386687403160406,0.058178309907513596,0.06821101681522819,0.07775489621387804,0.08425181126913583,0.08337558323878377,0.07358991557590464,0.08030858929091679,0.036475793536682864,-0.006673912531148612,-0.12002636660810095,-0.29104723227971646,1.2467828401573073,-0.2640341549903096,-0.08586925990530105,0.025803371295938824,0.056289440470154876,0.04668064700636099,0.04644573655938002,0.04700244421931751,0.04586666335986551,0.038285629333766114,0.02735384720662028,0.01733810692677917,0.010940457726347531,0.006944129767959413,0.004951602794536279,0.0036213387617323786,0.0027829624035705038,0.0014900770248260265,-0.00011639809878599476,-0.0012492703264288655,-0.001396850100622963,-0.0015100420008624699,-0.0016203457454530771,-0.0015366338514548868,-0.0014956208155529574,-0.001671279290674993,-0.0021689818072216406,-0.0032340011284883196,-0.004751405669575192,-0.006352996411183722,-0.0027363471327818737,-0.0001512495036556946,0.0012478660152972685,0.0018657268199612758,0.0020104049316259725,0.0019256456779808023,0.018502097831894455,0.008353679329982119,-0.031885781608393046,-0.002170117167502573,-0.004372337849055032,0.0002683254394327659,-0.0008679338661675997,0.005675547977703506,-0.029039827641114915,0.011705841319728297
0.0418191833088462,0.04934438386279967,0.057842774434841274,0.0684402142121577,0.07897544255952138,0.08910107388059137,0.09003556739273542,0.06194365141847822,0.0565478878132356,0.020571524777213492,0.01909821721808437,0.01622394572169795,-0.08027894473993874,-0.2640341549903096,1.2905165929465625,-0.24806571299834596,-0.09009123230310902,0.015555536979527251,0.03455151255771995,0.0348890571885644,0.036851020997168776,0.03825797547260684,0.03244950572602416,0.022355321131456055,0.012981798765761984,0.007203074499361351,0.0039680047280073434,0.002755093421942219,0.0021828733194704584,0.0019687480465960428,0.0012205031297873258,0.00035469530641716907,-0.0007316714719912299,-0.0014137179221560348,-0.001538628098749667,-0.0015701766338719679,-0.0015476239909731962,-0.0015918790333298387,-0.0017956794829094255,-0.002238513110541676,-0.003048927560680639,-0.004257978391610437,-0.005399936435021127,-0.0016140610274876393,0.0008569560572681688,0.0020111515557433646,0.0024055232568751207,0.0023960261217222684,0.00220401324770495,0.02382387932506919,0.022130906542765817,-0.05384287508061919,0.011527147721716183,-0.01304758413565591,-0.0022006719702056064,-0.0007650080160784172,0.0174456655172754,-0.03649987293781299,0.014138662421851071
0.040927909099602235,0.04906002553762636,0.05855958394436056,0.07081410763096979,0.08278004359799492,0.09100753965501543,0.08183934636437991,0.05814139097412235,0.05997824413805348,0.042569085835947075,0.04673643001859657,0.041555545123920595,0.023025248802488914,-0.08586925990530105,-0.24806571299834596,1.3255403768065492,-0.21613591327381487,-0.08670746725480909,-0.021832750709662774,-0.004355744992827755,0.011326156086435753,0.022386624569466707,0.023055784595868933,0.016706306968470964,0.009609328372086263,0.005115458196975701,0.0026505295809629717,0.0019163957744985775,0.0018407871302160948,0.0023563153332297887,0.0021630106834889416,0.0014423272263873249,0.000498599034096753,-0.00024983392307837364,-0.001087653402994444,-0.0015332465313179565,-0.0015266127576182744,-0.0014025294408830792,-0.0014708876088626486,-0.001761079969661946,-0.0025244822337318162,-0.003581776691575524,-0.004745457057154088,-0.0019523925608789545,6.696692664864894e-5,0.0011769395991462872,0.0016713997375216627,0.0017842428388480994,0.0017043393425186836,-0.0020511447913023253,0.002156226825296587,-0.010496311261082344,-0.0026201770969130674,-0.001077283509492258,-0.0004227129077685945,-0.0039023263116782433,0.015741949788373313,-0.02870600335777752,0.01347436137634322
0.0410818611859262,0.04917802562479783,0.05862646283432605,0.07076052699979234,0.08233062594719497,0.08871387951437046,0.07591292185986724,0.05467515324076303,0.06329242058355551,0.06049143132174118,0.0629545488104708,0.04991115565782847,0.04399390206199026,0.025803371295938824,-0.09009123230310902,-0.21613591327381487,1.4036347405148464,-0.1902478480913617,-0.10650944947111167,-0.07252475382171876,-0.037421085412124404,-0.013513206886552252,-0.0018251746202005003,0.0016691532960408232,0.0022170075125067046,0.0023217490145000675,0.002340426178965761,0.002527592674628419,0.002349023624450242,0.0023026543460459197,0.0021951242989624743,0.002591539560949184,0.002922500517811357,0.002102290444485781,0.0002920925392751263,-0.0010302866598352533,-0.0012184155590412053,-0.0011011176523413077,-0.0013130251068467784,-0.0019418835228946236,-0.003433848973028488,-0.0054628984174915525,-0.008206840316532878,-0.005273779687009569,-0.0028462562298307353,-0.0011668083407895878,-0.0001482529815876101,0.00035680395446857063,0.000580991862518483,-0.017905508897863815,-0.009701045489196092,0.013469199625824787,-0.015451101294243472,0.005316325391547321,0.00027952599715629523,-0.009275830530999125,-0.0009715428387999052,-0.0033574530149247635,0.008427923561120964
0.03994429993953318,0.04745661052784113,0.0560262704464668,0.06628945210300553,0.07577726126275074,0.0815817699231719,0.07094484679081614,0.05601852941719085,0.06338234811550898,0.06609510163613709,0.0716948604961879,0.06358787913337818,0.05356669677394929,0.056289440470154876,0.015555536979527251,-0.08670746725480909,-0.1902478480913617,1.4030357931664443,-0.1683397470748661,-0.12889578872555812,-0.08256550520937084,-0.051580563131916474,-0.03023561793895046,-0.015314433325190375,-0.005198564783172456,0.0006202899390318376,0.0034316593744311502,0.004309026121214179,0.003406049784262844,0.0017784031502576937,0.0010211322930824987,0.004114271700692896,0.005610435071524023,0.0038435767172152204,0.0014026203051973234,-0.00011677205603468659,-0.0002700909675967156,-0.0002559883440025506,-0.0008831504511316356,-0.002266320417677056,-0.004989487643333931,-0.008561765855832805,-0.013442761672431016,-0.009467922867824751,-0.006026828936450984,-0.003454924969154133,-0.0017744637829672108,-0.0008260915000104907,-0.00029376228681574133,-0.012665400227410728,-0.009652370070478221,0.006073563586219059,-0.016685876486141202,0.0033823297259577873,-0.0010472189409469277,-0.016308208947336436,-0.01292098991009484,0.014051607842122303,0.00655866373407105
0.03395707391517347,0.040110829217620915,0.04670826592799134,0.053502838881303756,0.05817529872030559,0.05877060513159349,0.04737825294442118,0.0404186702418452,0.04648012136456174,0.05346362128266565,0.05697869954215323,0.05482445154612287,0.04055471978510067,0.04668064700636099,0.03455151255771995,-0.021832750709662774,-0.10650944947111167,-0.1683397470748661,1.4978086444661214,-0.122254278809959,-0.08907220237005892,-0.06474777379708005,-0.043956888064459396,-0.02620695403673153,-0.012746707019659234,-0.004585113723690458,-0.0001568403586258154,0.0016489022719875777,0.0009505595973400167,-0.0015650451641210145,-0.002542190500958767,0.0019513322824014118,0.005430986754838825,0.004523692103075228,0.002232005988245588,0.0003097500298187251,-0.00023170423973657654,-0.0006171105725058309,-0.0013838346831583127,-0.0027269856302073623,-0.00514086934590861,-0.008272664421764511,-0.012793259648203851,-0.007554827204442395,-0.003699190799539192,-0.0010679667878046892,0.00042622945956434456,0.0011365975474297162,0.0013961492797406366,-0.006475805645526618,-0.008928025452123185,-0.001193511598860989,-0.011974947064985763,0.0005072913693566474,-0.003663242277884769,-0.007632504283649597,-0.010106177156551613,0.008871328588695576,0.0015460678848701007
0.03417886492268198,0.04110482661908146,0.04917987154396288,0.0582834788700461,0.06679351932630653,0.0714035515464511,0.06205793152328129,0.04866993215267024,0.049763529692709085,0.059354594799322064,0.07002937219671523,0.07089280423212782,0.05490657285973594,0.04644573655938002,0.0348890571885644,-0.004355744992827755,-0.07252475382171876,-0.12889578872555812,-0.122254278809959,1.5030551903888916,-0.13122998936370198,-0.11095525794762062,-0.0840747889494743,-0.05759630272493954,-0.03563262974146021,-0.021369067967000933,-0.012110462950260116,-0.006658983011511469,-0.003907733914704826,-0.0033850321142462393,-0.0019340472377464997,0.001718106996216064,0.005942403357492511,0.006356236282392408,0.0038178906941973944,0.0010818950090550619,-0.0003805885752878502,-0.0012008384989892684,-0.0018115377372651313,-0.002255757200339011,-0.0029215070908612433,-0.0036765602581478826,-0.004889373810497984,-0.0026398501826965662,-0.0008891076774081561,0.00025072239034666833,0.0008868325253996906,0.0011597309647904885,0.0012213928713376502,-0.003532476783545458,0.001018685231469069,-0.01643841930585557,-0.008836759456574887,-0.001929460769664511,-0.0015604367965120517,0.0009646585803164366,-0.011085749295358289,0.0034790325525844686,-0.003523806152294189
0.036424869457994474,0.04430259752836835,0.05347982222479752,0.06335989459358357,0.07159749737814869,0.07265226090660168,0.05830100212340674,0.04706372870655679,0.04842525215189606,0.05831402317667154,0.06913091013639044,0.07005112379395441,0.058918129105528835,0.04700244421931751,0.036851020997168776,0.011326156086435753,-0.037421085412124404,-0.08256550520937084,-0.08907220237005892,-0.13122998936370198,1.4941879694597768,-0.14537640556943623,-0.12031948983457644,-0.0883712740408478,-0.05902375202927009,-0.03901442862671973,-0.02493795377312849,-0.015459005065517646,-0.008341570239535452,-0.0036037583376228206,-0.00029757711274256055,0.0018463733543135775,0.004366877687885243,0.005015520607958107,0.002909226108751624,0.0003939546544553187,-0.0014319097948825854,-0.0024466681212011922,-0.0027049989151924836,-0.0020804076301623427,-0.0007967250254996016,0.001023030853822459,0.003526448228243161,0.0034845889278946177,0.0033640662200649556,0.0029552151113561922,0.002547038614173927,0.002176596056746439,0.00185243984868924,-0.0002826926474524697,0.0016093762067780444,-0.016193689458994402,-0.0029930629389150233,-0.0018765827084811317,-0.0007339660488257726,0.004989895531142059,-0.0100010574607707,-0.0018712275508090122,-0.007056077964480461
0.03609496929078233,0.04405264834013122,0.05312085417420365,0.062194326174471265,0.06849136565561946,0.06582786802072636,0.04965350703937629,0.04191868157590052,0.04401458081560926,0.05291609468367461,0.06085043860399651,0.0617935105269444,0.055487558231866595,0.04586666335986551,0.03825797547260684,0.022386624569466707,-0.013513206886552252,-0.051580563131916474,-0.06474777379708005,-0.11095525794762062,-0.14537640556943623,1.4897693868940625,-0.1355764880722375,-0.10454144461533325,-0.07381657972868659,-0.05225882786122746,-0.03626980625161706,-0.024445253540610244,-0.013818581937286292,-0.0053361462964301686,-9.517931494408362e-5,0.002156705865573498,0.003182283052768852,0.003110887632963863,0.0012346932703844596,-0.0006603983277739743,-0.0023605223307569525,-0.0032728411967487166,-0.0030075881903500437,-0.0012302541937868942,0.0019493801692955128,0.006290739347899952,0.012499796089565921,0.010854033442302586,0.00925278943403725,0.007383769643878705,0.005822505735153741,0.004612943539921896,0.0036839651197713517,0.002776876239408783,-0.0007294962803186716,-0.010591890429318714,0.0005428947368999528,0.0002735301615066423,-0.0025409080903606015,0.005847227381488229,-0.00847137704083928,-0.0027193975339834834,-0.00781775556790665
0.031152042863337018,0.038007320766486614,0.04570715220848745,0.053106390586880735,0.05751041658059087,0.053412754665837225,0.03912787425890295,0.033114904475426615,0.03534586483706937,0.04284464253576983,0.04825998184049545,0.049018807012188165,0.04520694693598343,0.038285629333766114,0.03244950572602416,0.023055784595868933,-0.0018251746202005003,-0.03023561793895046,-0.043956888064459396,-0.0840747889494743,-0.12031948983457644,-0.1355764880722375,1.5191525638302699,-0.10217533897833585,-0.07801642621606694,-0.06072693074982303,-0.04686258775413754,-0.03507121639142438,-0.022035096640073866,-0.009799435753574382,-0.0016167394876762408,0.0023358808316378482,0.002733053401079549,0.001370299382997581,-0.0008963426178407937,-0.0021319184291064062,-0.0031662569547461447,-0.003452283250941454,-0.002182095337272841,0.0011413772775903364,0.006448839439187659,0.013415150822449552,0.02329344037016458,0.020399271513908433,0.017346730828853362,0.01380398233486239,0.010787890401604031,0.008445828523927565,0.006645838969433614,0.003943471931500857,-0.0020214175489220608,-0.007159721328149045,0.0014869117676511582,0.002628416154376126,-0.0060933337508258184,0.005516556314671034,-0.006829574987660575,-9.239060682430646e-5,-0.005370632262840892
0.023896911088327945,0.029247606234260926,0.03529543898120422,0.04114986035529933,0.044522230539315664,0.04072857098106937,0.02974060691429328,0.023351713005277684,0.025138995678621625,0.031598605779240396,0.03568471454369543,0.03568774013872449,0.0324787685784234,0.02735384720662028,0.022355321131456055,0.016706306968470964,0.0016691532960408232,-0.015314433325190375,-0.02620695403673153,-0.05759630272493954,-0.0883712740408478,-0.10454144461533325,-0.10217533897833585,1.5531770264652096,-0.07756962473803297,-0.06776100907686955,-0.05837416972761058,-0.04801121143674624,-0.03312530739715049,-0.01677366886632589,-0.004592674571543076,0.002310531574261375,0.0028051656129703924,-0.00013973973000364962,-0.0030867620274342643,-0.003399883385265398,-0.003111672933661843,-0.0022276420452655237,0.000439828588805195,0.005499536144348394,0.012866433815607519,0.022217916849900602,0.03538059146285799,0.03144000371660673,0.026968579978525614,0.021596249241719552,0.01691233377955079,0.013218266402449396,0.010354842742989104,0.0038786749293017093,-0.0021036585256840783,-0.006146109595135661,0.0007576144654740431,0.004682968695201892,-0.010775387625124424,0.005675859315181823,-0.00540728608620414,0.003925388418669112,-0.0014975708287334197
0.016697800420488174,0.020479277144825555,0.024839484673203283,0.029229699170994983,0.03189011369184058,0.029221353377943793,0.021925864061526426,0.01539549274135522,0.016403020096804687,0.021745110363451805,0.025020017223719614,0.02441884385582187,0.02140054356294478,0.01733810692677917,0.012981798765761984,0.009609328372086263,0.0022170075125067046,-0.005198564783172456,-0.012746707019659234,-0.03563262974146021,-0.05902375202927009,-0.07381657972868659,-0.07801642621606694,-0.07756962473803297,1.5693752128706433,-0.07306535771323677,-0.0693041006481647,-0.061712452967901524,-0.04610685285364387,-0.025910142848858952,-0.00924598043520358,0.0011967281110439752,0.0021181554161692605,-0.002523098661056198,-0.005933144465134692,-0.004634563437662454,-0.00201165613826454,0.0008592243379982527,0.005423697151589224,0.012280871209008816,0.021290662350669665,0.03217356931833588,0.047342534295284705,0.0420740272349733,0.03609167830847057,0.028871750388640163,0.022537378589908553,0.017519130721516674,0.01363330569325254,0.0032345532574288216,-0.0018363311773741842,-0.006304850879705402,-0.0004979067489338094,0.006025619894827376,-0.015171530689134072,0.006177063629014285,-0.004753441953713642,0.008188353423024278,0.0004920396796672166
0.011615719644912788,0.014167084291268785,0.01718850333705896,0.020410545669160677,0.022521396921638508,0.0209422542697801,0.016607189442721593,0.010542962702992667,0.010703993383734796,0.015139857027712795,0.017876081095166793,0.01695697564299075,0.014314003276834505,0.010940457726347531,0.007203074499361351,0.005115458196975701,0.0023217490145000675,0.0006202899390318376,-0.004585113723690458,-0.021369067967000933,-0.03901442862671973,-0.05225882786122746,-0.06072693074982303,-0.06776100907686955,-0.07306535771323677,1.5659011296108374,-0.0802387597184111,-0.07641880910578996,-0.06129832302207891,-0.03772490978209627,-0.016168437750457627,-0.002255527132658597,-0.0007736850509854472,-0.0068202686775462925,-0.009841166517094097,-0.005733112410407361,0.0006513769071312994,0.006652257183262569,0.013832839640058122,0.022629308936650987,0.032849136918259275,0.044271168277397535,0.060030434265949464,0.05204867545172942,0.04399929469302662,0.03477806510706294,0.026840365160832918,0.020614482035020542,0.01585460549078728,0.002430948066264093,-0.0014901192707243093,-0.006436655671605563,-0.001595711493433585,0.00636469714254589,-0.018344433714405795,0.006979736865688654,-0.0042659000394101795,0.011562780560831808,-0.0008865047006578942
0.007703874171846367,0.00922505718360796,0.011101246470288274,0.013282043378945138,0.01488959796823007,0.014303460136802993,0.012439607297370332,0.007613886247632347,0.006936844068556178,0.010441992617417928,0.012647908264319569,0.011716627229005648,0.009707518428487757,0.006944129767959413,0.0039680047280073434,0.0026505295809629717,0.002340426178965761,0.0034316593744311502,-0.0001568403586258154,-0.012110462950260116,-0.02493795377312849,-0.03626980625161706,-0.04686258775413754,-0.05837416972761058,-0.0693041006481647,-0.0802387597184111,1.5560805870215448,-0.08946174628434113,-0.07723031158247515,-0.05233428893621388,-0.026336619815975664,-0.011130224585353635,-0.008452545702074439,-0.013643751525536742,-0.014182685405166621,-0.005855608444178639,0.005624434225210658,0.015770327336722723,0.026144726648475544,0.03683907637048987,0.04765708640861653,0.0584160433072421,0.07295216764528942,0.06051774149875258,0.04972102399805882,0.03845877107815191,0.029138683554834986,0.021977167497541705,0.016622820065703675,0.001074557011398022,-0.0011283030794635765,-0.006295300866739879,-0.0022687086739710035,0.0054927790940380574,-0.019797634895015487,0.007617442546559128,-0.0035008983679312594,0.013040066752736472,-0.004233709203735923
0.004843142883279553,0.005592534064589046,0.00660097135944896,0.00795225365131683,0.009146018403906232,0.009395870355578107,0.009297560668793383,0.005727850463833511,0.00455667243866806,0.007232634629120188,0.008901481179874184,0.0082436131759111,0.006927534673105001,0.004951602794536279,0.002755093421942219,0.0019163957744985775,0.002527592674628419,0.004309026121214179,0.0016489022719875777,-0.006658983011511469,-0.015459005065517646,-0.024445253540610244,-0.03507121639142438,-0.04801121143674624,-0.061712452967901524,-0.07641880910578996,-0.08946174628434113,1.5468580492334962,-0.09158539716411326,-0.0701778927110675,-0.04152373419019501,-0.03270145043012513,-0.026223290024873128,-0.022665344675348524,-0.01610570035010676,-0.002700729467731829,0.013865071852738158,0.02821226586907649,0.04181034543773851,0.05424909052564503,0.06540006086334828,0.07490086867697435,0.0870829366239107,0.0667541072763995,0.05181259273735669,0.03842762872182736,0.028141002357721732,0.020606326879436337,0.015184815565846188,-0.001066880887713804,-0.0003335462762818512,-0.005747909832033707,-0.0026724713067569814,0.0032158366181092306,-0.017994916771696737,0.005899041638169781,-0.0013034344922307176,0.012898795681203445,-0.00767907640944562
0.0028577398913627243,0.0029693839497932357,0.0031951568459088666,0.003693603410913287,0.004261017576938551,0.004712723085961213,0.0053328593629855285,0.003355123523686693,0.002496684211658197,0.004111118869902112,0.004944145336194159,0.005013983605230425,0.004292007531661974,0.0036213387617323786,0.0021828733194704584,0.0018407871302160948,0.002349023624450242,0.003406049784262844,0.0009505595973400167,-0.003907733914704826,-0.008341570239535452,-0.013818581937286292,-0.022035096640073866,-0.03312530739715049,-0.04610685285364387,-0.06129832302207891,-0.07723031158247515,-0.09158539716411326,1.5466838569719399,-0.09006529592998327,-0.06399451088981743,-0.07978092053855719,-0.06015763810912812,-0.02629476373361716,-0.003233287939279463,0.013089891342858512,0.029251227380432454,0.043056239088952064,0.05612054980615684,0.0677181250231455,0.0776953063662392,0.0856109745879477,0.0944977869772172,0.06678911608963749,0.04813211427285425,0.033858064362196655,0.02380361716807128,0.016862562694945297,0.01208362772924675,-0.0036017155376813588,0.0006925766771278246,-0.0046759187467243345,-0.002914347371354794,-0.0003959184038626126,-0.01425513424636795,0.0005769048672103378,0.0025268643380535498,0.01074739826299337,-0.007421258293502739
0.0019421554745152596,0.0016720853622981106,0.0013365764861364869,0.0010523532077927823,0.0007486881340842777,0.0005773530800299617,0.0006386486073630736,0.0005161727310534414,0.0008894557909738436,0.0011424620824127898,0.0007024084157579846,0.0020057076835982195,0.0016036053020794172,0.0027829624035705038,0.0019687480465960428,0.0023563153332297887,0.0023026543460459197,0.0017784031502576937,-0.0015650451641210145,-0.0033850321142462393,-0.0036037583376228206,-0.0053361462964301686,-0.009799435753574382,-0.01677366886632589,-0.025910142848858952,-0.03772490978209627,-0.05233428893621388,-0.0701778927110675,-0.09006529592998327,1.536021734171405,-0.09160458577952557,-0.15360062528823754,-0.10824481738642219,-0.01746106031840224,0.032573766885235896,0.046859114322342216,0.05233746820384083,0.056956952524693204,0.06276569278015767,0.06959233850976781,0.0767854948169319,0.08461265647484038,0.09215039236462078,0.05961963228731997,0.03890430185197946,0.025721938728353027,0.017394254746985253,0.012050934905747206,0.008521221846293779,-0.00445953740616946,0.001401667218555372,-0.002644016055993182,-0.0027675776547599522,-0.0038290285335097463,-0.010382093692756968,-0.009196056059333197,0.008559241486061298,0.008275815912963473,-0.0022654885559570607
0.0013297499359767409,0.0009265238289194006,0.0003738513856067159,-0.0002612134478782445,-0.001042025574771527,-0.001775230718098552,-0.0023966365873026984,-0.0016433201027384254,-0.0003133681866897237,-0.0007596654244203745,-0.0016392594645781944,-0.00022295447526483498,-0.00020173652293551585,0.0014900770248260265,0.0012205031297873258,0.0021630106834889416,0.0021951242989624743,0.0010211322930824987,-0.002542190500958767,-0.0019340472377464997,-0.00029757711274256055,-9.517931494408362e-5,-0.0016167394876762408,-0.004592674571543076,-0.00924598043520358,-0.016168437750457627,-0.026336619815975664,-0.04152373419019501,-0.06399451088981743,-0.09160458577952557,1.557600812619724,-0.15511194829382546,-0.11431280335293521,-0.022065663400614593,0.03488805284749969,0.05172869680590236,0.05360088120871007,0.05360453521180299,0.05435165011891409,0.05654183913165775,0.060083723581173726,0.06591832034759898,0.07110478357039156,0.04322558157061354,0.026108305964186358,0.016679842422988724,0.011219738981217269,0.007921421032422422,0.005768550415238508,-0.004262360956487076,0.0017498025878003019,-0.0012545191230221712,-0.005223033664975155,-0.00394164163720795,-0.007380576765618033,-0.011190530907763436,0.0060417094027485655,0.007364315634842081,0.0013573589594747882
