2.291458724010192,0.6123749084013353,1.5104799182525874,0.2934546170608558,0.2794360834005224,0.4068813485105482,0.4851750955867673,0.36960712594493006,0.46092647152965216,0.3153127515605889,0.3434318107244263,0.36329875674744494,0.3297660188041986,0.31224055380409804,0.37354271569183467,0.22240422474490007,0.2569494112915904,0.43464044203640234,0.33934516240432666,0.31091391310057837,0.34832152144078843,0.3305660922861208,0.21676784928760828,0.11454132912758873,0.36926677814072456,0.3832048520401913,0.3981133521903757,0.27108820926759825,0.42006165646735755,0.4418729263941543,0.29129828053182016,0.3129598372434399,0.1935934519728338,-0.14816248968940912,0.28359138004588513,0.2917296024733112,0.1379796175555743,0.22594103064238033,0.37751545746839427,0.42632678944756075,0.23020013924345012,0.18599090351898626,0.3849941817959586,0.08806694758606883,0.2365454712444584,0.1458153084161046,0.3481278229683025,0.015013121193446043,0.5819547465368413,0.09728030148021384,-0.02826350897184661,0.06695526967607852,-0.07063879977345493,0.05292166314159535,0.38584165624793443,0.036504642741919294,0.1993781524708539,0.14903804591821718,-0.6690759395237562
0.6123749084013353,1.9594042673002885,1.3954905594055427,0.0812325480795489,0.0005317679636954671,0.6603286332869247,0.25200486505197484,0.524699015642224,0.49323123000683783,0.38327358009045254,0.37564222746911735,0.33213533184137184,0.3469598714538154,0.3765260311294806,0.3475983747330654,0.2012908087395173,0.3313825635904264,0.5307126795026484,0.37360082373056286,0.4780996156686095,0.49912979621253956,0.36802672101022615,0.2923035769113581,0.33481944985829937,0.357674994975243,0.4448469438892874,0.5994164615543527,0.37446314413101556,0.48965781408683234,0.5262837509244613,0.3471042564075359,0.3056557508299303,0.376026388959465,0.33069113094594954,0.32860645790546794,0.3548255701411953,0.44510639547814573,0.27607922292015313,0.4189617130775178,0.37070821601280374,0.39571697842337344,0.3927041467566898,0.4412849942157088,0.08147537170341913,-0.02556801712939921,0.1439100072856102,0.4840666531255975,0.1766027355357449,0.940951713983613,-0.06874822993014262,0.25672847240133034,0.08955022454718829,-0.07214470444256685,-0.09599319505904884,-0.29352505448848976,-0.06496370323595373,-0.2882673643778181,0.29351522306802713,0.2996942969380296
1.5104799182525874,1.3954905594055427,4.203157266866419,0.24919221645285222,-0.0017664366933481796,1.0004494427285673,0.6593931237945105,0.8509281961390631,1.189006921868232,0.652812064240497,0.6618477763430437,0.6578757761493484,0.6052847844290289,0.6745412280134996,0.7448517278387994,0.28333921161912745,0.6245263713156238,0.7738650938663888,0.5864691687117125,0.6301662437254615,0.7403907791978539,0.636598317085278,0.5105435607436364,0.554981588315494,0.651502705745613,0.9006106682119905,0.8659807040910265,0.6560803676820799,0.6585773575702137,0.8374317210792501,0.6192053917900976,0.5874081263714502,0.5867270782955271,0.4913325201640534,0.6780553732850206,0.8813698773055302,0.48753001608199525,0.3058809036221853,0.7161185763425864,0.5755279214194768,0.6390355702737504,0.716228700949452,0.7281704783289654,0.10031784340851542,-0.11620138772338844,0.16585160008051353,0.667327745835593,0.20268401079278855,1.4411238025124842,-0.13900011252011368,0.1996679482997414,0.10240193648013615,-0.04593528765239819,-0.04930837675728894,0.2392583550537782,0.1865626240592446,-0.10407593752026059,-0.28629630826225627,0.03406896010271349
0.2934546170608558,0.0812325480795489,0.24919221645285222,1.3956261939864818,0.5948377004884279,0.46215121336764947,0.39728245812035057,0.4298946579094545,0.3326933672774061,0.47704861707776713,0.39482281457946145,0.478164514473032,0.41463975519042057,0.4113932339723525,0.3522858457340829,0.4503701680720891,0.416828389155266,0.3392323170052402,0.5037446726510518,0.37593777404950074,0.31394228012414704,0.43492137236392914,0.3722072428363954,0.3770344905553005,0.3293036934008468,0.3210888938564842,0.28796293845140786,0.2178812768055496,0.4303294904394161,0.2602228609047506,0.2993693345036496,0.33922023374217947,0.36630077865524613,0.4276032307036015,0.06617639087235666,0.27684163402124445,0.4080645257631324,0.25209406640464116,0.439548507850032,0.12931444668019906,0.2640829353022289,0.2540433654290263,0.17220396234349422,0.0973114328637007,-0.1402991105238237,0.31460705932030236,0.5532632015716386,0.02509720353088774,0.5738380474506443,0.2814031973629027,-0.12616390256905072,0.20531256316666488,-0.09688160779345792,-0.24170860321479187,-0.1841373455740256,-0.04487669676279654,-0.2744303763021469,0.43925975082892665,-0.14122682870150707
0.2794360834005224,0.0005317679636954671,-0.0017664366933481796,0.5948377004884279,1.7134348658212084,0.3281121067170905,0.6607786256085154,0.43206710011467686,0.3566628148390092,0.4928317761437914,0.5221012751974379,0.6098476599246235,0.6426097641366311,0.49046972063839217,0.4892705008456046,0.7103595908687682,0.48801278746023047,0.36756149833352875,0.889818034518575,0.5067692714058741,0.40919389001356626,0.5845121812555438,0.4168166795224405,0.5068706803753374,0.3509703333732759,0.3656156652679186,0.21382615962801957,0.2646969822540631,0.5188198462974647,0.18448388324594098,0.40308285069528504,0.5438199170070495,0.4897996462623912,0.6100220622684233,0.07689764563595848,0.4172845577337492,0.5974316653997643,0.33050969321191437,0.5243524748234327,0.12883240308976107,0.3755263045009348,0.35962501546654885,0.19217326417190664,0.11678652003032333,-0.26696634805900693,0.3173653828051829,0.6718714289743932,0.014240478769495666,0.6929004609348874,0.4314748237173576,-0.1796735686914879,-0.15025440314767013,-0.03460418594585504,-0.16598487783331736,-0.08916406905644161,-0.10578934694901006,-0.04137393807760421,0.14337900626945743,-0.06357613823561885
0.4068813485105482,0.6603286332869247,1.0004494427285673,0.46215121336764947,0.3281121067170905,1.3074893650508987,0.1015490549818678,0.6942257027973173,0.6876508856887176,0.5567366621326606,0.564509429934147,0.5908150671911977,0.5437375683254895,0.6326525322688802,0.541383550436842,0.4677676983858899,0.586525744892468,0.5241704180027867,0.7827750047493461,0.660568662595273,0.5339107868962631,0.605386613529072,0.5357601498067605,0.5807672302660497,0.5368534602225821,0.5635877057061279,0.5241252294142487,0.38498945456594535,0.6674724980692913,0.5449290264993039,0.4695724580453728,0.5515659478403283,0.510609825857205,0.6093260723229884,0.30777520233673045,0.4638837571321942,0.5980164530104695,0.39871849575940527,0.5924624707646953,0.3446827257709484,0.5029823688538486,0.47990664400051475,0.49629689953303685,0.1598489492132479,-0.1634411703580786,0.2549952646252662,0.6724279603837003,0.13154332224234913,1.116740633401149,0.17648940393433263,-0.09072187524554574,-0.03386853484173948,0.036202280690390276,-0.12698976519581925,-0.20620272509672408,-0.03777748192665625,-0.13156714237726685,0.3176272577941195,-0.054792025980705004
0.4851750955867673,0.25200486505197484,0.6593931237945105,0.39728245812035057,0.6607786256085154,0.1015490549818678,1.558023401879875,0.48962115098140674,0.37510894670772876,0.36023763580647455,0.5000163378378675,0.5955160146285731,0.4938757252586057,0.4541788924132048,0.32437826005128395,0.4644774225895728,0.5157853504714712,0.4295072268267444,0.39086724003606343,0.4771780076397163,0.4347719173769867,0.5733342465079723,0.33419383059128,0.46176821306902927,0.45129804852041716,0.5063999115551512,0.4958120032739585,0.3578458005719693,0.42101089765409233,0.32839253467436796,0.44346907169568245,0.4964274270153114,0.45369845705189665,0.5442079773961463,0.22184842436395635,0.44547154958070545,0.46779614014654175,0.28868189621612633,0.5761973980978996,0.23228417610944171,0.3418626277992523,0.36082362060743955,0.3552215787497514,0.095024125852837,-0.21439823305780548,0.2539404144445113,0.5763471566586604,0.0516037647805252,1.0489446499819628,0.13023290124632506,-0.00938636503904712,0.08228480015897549,-0.14223208397832243,-0.2086654028184964,-0.03696407018279869,0.10051427202887606,0.0794388446615576,0.18375593185064254,-0.4198074475172361
0.36960712594493006,0.524699015642224,0.8509281961390631,0.4298946579094545,0.43206710011467686,0.6942257027973173,0.48962115098140674,1.0898282676253992,0.4170571321119453,0.5214795806478117,0.5337214981236675,0.3993403628122697,0.5006544043481588,0.6475113230447896,0.40770656285738294,0.44422059733988684,0.5717834345139923,0.5551155120981698,0.5595080179981312,0.5867771403810993,0.44690760642346467,0.5672462311699776,0.5178567675878644,0.545569991043469,0.5017016104139098,0.5825461614381677,0.5617773107003506,0.39332965551527593,0.5615676888889722,0.6040051483454483,0.42645475391449134,0.4993676021091907,0.44287887097242706,0.5731427235340011,0.38651714616971944,0.4166186273011315,0.5340658405192491,0.3476532011377956,0.6299365562366248,0.3711725028022264,0.4582483740751392,0.45513301902986325,0.4856069883205737,0.12974750125245402,-0.15987172847508835,0.22204734056231695,0.7139718602490868,0.13861095607732435,1.232357191165283,0.18583536359633931,0.0015120593487952015,0.00903749781633057,0.008498860622390103,-0.14376300989098947,-0.19614390926417483,-0.08279520195546089,0.014729487506901525,0.35961089286991293,-0.10185635327232022
0.46092647152965216,0.49323123000683783,1.189006921868232,0.3326933672774061,0.3566628148390092,0.6876508856887176,0.37510894670772876,0.4170571321119453,1.3048636849092492,0.4757428091130278,0.4799817176743106,0.5941525808897461,0.49374367061992264,0.5171399331654144,0.662554356766192,0.32376552514304596,0.5076272013242591,0.47634839581053695,0.5917272412842313,0.5144660515974118,0.527782969911464,0.44457424049431216,0.3332479764357132,0.47343158083002584,0.44715664006538,0.7347766363974435,0.576866315720347,0.466908029969034,0.29053485395486117,0.37703552194725404,0.5045262261831793,0.4596404596832121,0.5856950299465589,0.5382868018947262,0.4108853802979515,0.4595727615106492,0.48249659344022966,0.3144805599615884,0.4832395362508583,0.3059968571261142,0.5041547538665276,0.45532082473092117,0.4385833387903476,0.08470012580873514,-0.28719957368093335,0.16800413011189433,0.5804251046575496,0.22507436384159146,1.2740850984954086,-0.19111409472627247,0.13350193947195588,0.11875638211851765,0.12469150234544396,-0.17192431377924425,0.06432042561423466,0.31138345351956975,-0.22746637671620762,-0.08450504415316165,-0.08224283835696271
0.3153127515605889,0.38327358009045254,0.652812064240497,0.47704861707776713,0.4928317761437914,0.5567366621326606,0.36023763580647455,0.5214795806478117,0.4757428091130278,0.9395062621511241,0.5833656804755661,0.5301200018707009,0.6034770530934748,0.5042993137990581,0.4755402607671036,0.46486095893477364,0.541367908184129,0.5051430077672471,0.5511671478863083,0.42352942570846897,0.40520876251313354,0.581184545908869,0.5358261664564933,0.49428512189196044,0.45379512890415613,0.44097996384109434,0.5508952335406977,0.4437050339613882,0.5401298569313521,0.41401886662859494,0.41992360850949983,0.46156330310510535,0.46196175473923456,0.5426843528690299,0.3803129312353188,0.4047203986944835,0.4877456030736976,0.2785431198793845,0.5598065770549543,0.3040130441883491,0.39963706284297584,0.4101752828578066,0.34566167293080063,0.09611565571027754,-0.20075507083603744,0.3400866660349214,0.800764002617351,0.055868387837021305,0.9027947028996421,0.1955092605306975,-0.014544506856231144,0.15415630210651696,-0.121205979448282,-0.11868630241818309,0.020703841647605862,0.039681034137648785,-0.16969879206941957,-0.008827207450573941,0.07909999806437837
0.3434318107244263,0.37564222746911735,0.6618477763430437,0.39482281457946145,0.5221012751974379,0.564509429934147,0.5000163378378675,0.5337214981236675,0.4799817176743106,0.5833656804755661,0.8317097155066684,0.6230780693040524,0.6116764747025725,0.5051364185255303,0.5283412447752244,0.486788424121402,0.5679162176126218,0.44850405532417287,0.5445960135277284,0.5936501802382502,0.4843522652289762,0.55466885869389,0.43327897373438706,0.5082172341470486,0.47128035286792364,0.5164580845053913,0.5549192561312292,0.3844756287999429,0.55275266900304,0.4187305231713441,0.45980681514281435,0.5295644509704707,0.4219410334945845,0.5920951797941095,0.38228220999911455,0.43756089916723,0.48505151152030834,0.3559163750558328,0.6101419761509989,0.3315233637935704,0.41516333473217615,0.42990699905179164,0.40119351047012114,0.11443646903870992,-0.12805448460471933,0.3026819013933745,0.7343338880622048,0.0949939416862122,0.9694271256684335,0.11373875894831689,-0.03241462310111845,0.10875095013603248,0.02522420200161428,-0.13027629017733458,-0.1453647015918911,0.006704019547150078,-0.0351648119053855,0.2375825871473531,-0.227245844620536
0.36329875674744494,0.33213533184137184,0.6578757761493484,0.478164514473032,0.6098476599246235,0.5908150671911977,0.5955160146285731,0.3993403628122697,0.5941525808897461,0.5301200018707009,0.6230780693040524,1.0014402436145144,0.5380918113998424,0.5067010560424751,0.49534090474350595,0.5593416218750581,0.5287317100823341,0.31550922461781933,0.5992414258881065,0.5702501502650447,0.4392946800312447,0.5132606586474586,0.3419679881657482,0.45242308375821094,0.48612311557895127,0.552060560996074,0.6000036054543775,0.2965918779629639,0.49638019168489483,0.2587588574929034,0.44910595340630266,0.549634291338034,0.3856370811065009,0.613503141645044,0.25851406920295156,0.389042029966149,0.41642943729020204,0.3425279946255296,0.5407463798107564,0.25103633743911913,0.38523287178394683,0.37094853699576025,0.290655346237504,0.11354370627378144,-0.21729881278619387,0.3036759884446169,0.6628923605731746,0.08517834316614614,0.979195158231534,0.05552990384543341,-0.11715165657834486,0.22400706234121434,0.004041012910378831,-0.16116379081091575,-0.12608096624783066,0.10093043338118983,-0.10880648340131716,0.15373767148457843,-0.22224358714174505
0.3297660188041986,0.3469598714538154,0.6052847844290289,0.41463975519042057,0.6426097641366311,0.5437375683254895,0.4938757252586057,0.5006544043481588,0.49374367061992264,0.6034770530934748,0.6116764747025725,0.5380918113998424,1.0222041865070572,0.4734966724426825,0.4275160310372042,0.5838684746472929,0.5937137426308362,0.4607559537659234,0.6204668114075098,0.4699488283714285,0.4841515545730104,0.8274520864846258,0.48033786574243587,0.5672880720026111,0.46691128309874463,0.399072215019737,0.5354577661186223,0.4456949517371286,0.6856919997555482,0.5241675376218248,0.45118688920370226,0.619164112664179,0.41780081868779867,0.5671148465813313,0.3700516185813946,0.5505723998280873,0.4197735473332396,0.30156744580380906,0.6908725687631618,0.31547750041414413,0.36743540736540314,0.41702178483855457,0.3939974825555926,0.14806071310840632,-0.1589985026984224,0.4526226135231326,0.7457636649422439,-0.08786691606789761,0.9578761120263608,0.3118109646445708,0.06308671652022348,0.037440044155635586,-0.25166346746488577,-0.14487130077479693,-0.14321816708882937,-0.030806901581840296,-0.014574463458859318,0.2250360037473079,-0.23030766070664385
0.31224055380409804,0.3765260311294806,0.6745412280134996,0.4113932339723525,0.49046972063839217,0.6326525322688802,0.4541788924132048,0.6475113230447896,0.5171399331654144,0.5042993137990581,0.5051364185255303,0.5067010560424751,0.4734966724426825,0.9133715624358846,0.5259135216604892,0.5159595385641003,0.5374755328342272,0.4578106827150014,0.5631229312321205,0.5313149794492362,0.46383743917372683,0.5066803267101992,0.46427880109596426,0.5472251327036859,0.5070707221816244,0.5773990091428458,0.4313267773117241,0.4518429726811256,0.48011115535300236,0.525025855648463,0.42411379100050905,0.4865535634905491,0.5107177935549535,0.542951066073781,0.43176852974897834,0.38962170029289883,0.5435948582937755,0.32967281352727,0.4887188614570652,0.3161689451163786,0.49853668741402557,0.4579882227296665,0.44083234706014407,0.11816277061364029,-0.235941043835591,0.13210967282278926,0.6783003671370705,0.18989185416502155,1.266971748756813,0.06083201652651311,-0.01613661420284392,0.06229330099821112,0.044368456038513436,-0.09345411156002184,-0.15249371406576498,0.007959826578938626,-0.11691375798490579,0.2580981415216814,-0.0191811777373463
0.37354271569183467,0.3475983747330654,0.7448517278387994,0.3522858457340829,0.4892705008456046,0.541383550436842,0.32437826005128395,0.40770656285738294,0.662554356766192,0.4755402607671036,0.5283412447752244,0.49534090474350595,0.4275160310372042,0.5259135216604892,0.8676654369253156,0.39337394131036346,0.5111644290676786,0.4463529623836521,0.5457182574225564,0.5360833605731624,0.46925400494483854,0.30809547240516766,0.30960639613479635,0.44047915174301655,0.44368543285281714,0.5399548195515099,0.41944987973554076,0.5262011905444974,0.46679831574738645,0.44096556023885863,0.43694346792968514,0.4102564780297205,0.45595171898067643,0.46719162450505586,0.4066952041887818,0.36280178699943144,0.5771505135743463,0.2994416900885406,0.45158734891933433,0.277595701727641,0.44117072785321854,0.4247685621920817,0.4781472823880762,0.07530317140418051,-0.06922057720126015,0.0989982397272697,0.6114534160330864,0.22959211268636107,0.9461701640788451,0.3182981949982648,-0.1602743316509989,0.390895696950871,-0.3412558489021699,-0.10196920847158694,-0.012535439571616434,0.1355148359599054,-0.16313421212513635,0.12118779431979936,-0.13354766874328733
0.22240422474490007,0.2012908087395173,0.28333921161912745,0.4503701680720891,0.7103595908687682,0.4677676983858899,0.4644774225895728,0.44422059733988684,0.32376552514304596,0.46486095893477364,0.486788424121402,0.5593416218750581,0.5838684746472929,0.5159595385641003,0.39337394131036346,0.9810942324703864,0.4768490404792753,0.34785068681044456,0.5857115122917581,0.444446556617082,0.3774439120089543,0.5448295670184501,0.34186344127093504,0.46609413821145423,0.4086309856317478,0.37425956837539953,0.3594760748345313,0.3350050910528461,0.528268983561504,0.4020152404633427,0.3529094332282833,0.5291544411549173,0.3106717232423551,0.5063634697450757,0.37320796492466185,0.4083627212104941,0.368322599059969,0.27315417931980296,0.4961623159764987,0.24842511228017475,0.3859458055288982,0.35715097673650664,0.2636165889599806,0.1540139578268495,-0.17169218390320798,0.23761486067192933,0.6018590710937105,0.015434569270654114,0.7770069111254776,0.05695273982946644,-0.04842728116857013,0.101579986230219,0.02011716842554946,-0.0968087289553871,-0.1483009091954951,-0.03947847383908855,-0.12426227251248921,0.2679992952040247,-0.09983474369449094
0.2569494112915904,0.3313825635904264,0.6245263713156238,0.416828389155266,0.48801278746023047,0.586525744892468,0.5157853504714712,0.5717834345139923,0.5076272013242591,0.541367908184129,0.5679162176126218,0.5287317100823341,0.5937137426308362,0.5374755328342272,0.5111644290676786,0.4768490404792753,0.9408078162329977,0.4756369542951861,0.5573680433606616,0.5897671365945351,0.5232276737438701,0.642280798872985,0.46972040003653004,0.5472489228374278,0.5271476160222089,0.5186074047684351,0.48745123393819967,0.5438046987200769,0.5785325523171921,0.475594858096904,0.4718736869939894,0.5167438669042901,0.5209216611026978,0.6251380366126866,0.4718889550851803,0.4390766003761327,0.6580612203250905,0.3731223619702584,0.6177730612164478,0.2987019350645983,0.4728062550711551,0.5244313884645685,0.45535366276976985,0.0991695317389187,-0.0913310914970098,0.347700895773558,0.8683556865939758,0.09418099713882092,0.9986918001610051,0.2083313336196333,-0.06430959566647634,0.1672573451438415,-0.14403002823770875,-0.18247818942391908,-0.1944763269266997,0.007528737061464346,-0.10747314982120244,0.2613826327510099,-0.21379871627704472
0.43464044203640234,0.5307126795026484,0.7738650938663888,0.3392323170052402,0.36756149833352875,0.5241704180027867,0.4295072268267444,0.5551155120981698,0.47634839581053695,0.5051430077672471,0.44850405532417287,0.31550922461781933,0.4607559537659234,0.4578106827150014,0.4463529623836521,0.34785068681044456,0.4756369542951861,0.9408439140227979,0.4776809243199467,0.38850143462328396,0.4499793197191815,0.47004355673352793,0.5946216455104927,0.43278320247193713,0.4395265601395089,0.5778415522974103,0.18388982258453415,0.41636890127841236,0.5606910879915125,0.4977331630793856,0.41495348467572074,0.40735105282717615,0.39940326624185873,0.44914345123359095,0.3693959543648559,0.5016597339200793,0.45221590949458773,0.2573614321387218,0.38751972621570635,0.33384839098569147,0.44573513238706497,0.43529625521727267,0.4704303810588215,0.08514120204402803,-0.10262557986704161,0.17583445186610977,0.5956813857218197,0.10458226542685922,0.8060602454369521,0.06642925321157694,0.12213766350333277,-0.0020631336747138082,-0.0978943698749548,-0.09174702195400945,-0.034795824665100714,0.06299849827245885,-0.04283166869650804,0.27115800490066644,-0.26702573722748707
0.33934516240432666,0.37360082373056286,0.5864691687117125,0.5037446726510518,0.889818034518575,0.7827750047493461,0.39086724003606343,0.5595080179981312,0.5917272412842313,0.5511671478863083,0.5445960135277284,0.5992414258881065,0.6204668114075098,0.5631229312321205,0.5457182574225564,0.5857115122917581,0.5573680433606616,0.4776809243199467,1.0687807186395295,0.6411433313853523,0.4961236498380696,0.612389165692682,0.4396034241754137,0.5294196878084315,0.4535382297443679,0.4881121758129624,0.39413285344623117,0.4091489667300409,0.6025009226670635,0.4171705771686539,0.4673539379278485,0.5813049305835174,0.42347904614471993,0.6208853177812766,0.2253599169946895,0.5387710906383261,0.4751656658940608,0.40215836974573244,0.5485482009583202,0.3043434549406961,0.4454283386204077,0.4379354794917993,0.37321420541415457,0.12923260967210987,-0.15552374156112067,0.3390448793749101,0.6798486136997359,0.05549142820596716,0.8537035444598454,0.11946946660706445,0.1759989662035798,0.42558380278260666,-0.3556672175035159,-0.2526231059339692,-0.1364991003250859,-0.013411008185978759,-0.08292605346663749,0.212302097363,-0.10229576572984067
0.31091391310057837,0.4780996156686095,0.6301662437254615,0.37593777404950074,0.5067692714058741,0.660568662595273,0.4771780076397163,0.5867771403810993,0.5144660515974118,0.42352942570846897,0.5936501802382502,0.5702501502650447,0.4699488283714285,0.5313149794492362,0.5360833605731624,0.444446556617082,0.5897671365945351,0.38850143462328396,0.6411433313853523,1.3704028962659336,0.38534338608814306,0.4109952598935004,0.5510438209047567,0.5644424318984297,0.5297049900051349,0.5555485014623904,0.5544958666696479,0.40069023111972424,0.7627111539096106,0.6342864064658803,0.457502721450595,0.5632651833576221,0.3292821410699469,0.7107674339165562,0.37278209082836644,0.2603650264031022,0.7106549718647791,0.6446487091021039,0.5333858570447988,0.5304594604027574,0.524253048235684,0.5248584569970942,0.7009072218517567,0.10399617335150527,0.08992387682411808,0.23610995931206197,0.9139697552797905,0.28537534973203527,1.313199560230702,0.09711423769653062,-0.07632307426084439,0.431361958801756,-0.14793122831139888,-0.154692421613403,-0.14886407936426055,-0.06720136571946439,0.024508871866452543,0.22950789483458273,-0.1384964579255431
0.34832152144078843,0.49912979621253956,0.7403907791978539,0.31394228012414704,0.40919389001356626,0.5339107868962631,0.4347719173769867,0.44690760642346467,0.527782969911464,0.40520876251313354,0.4843522652289762,0.4392946800312447,0.4841515545730104,0.46383743917372683,0.46925400494483854,0.3774439120089543,0.5232276737438701,0.4499793197191815,0.4961236498380696,0.38534338608814306,0.7386237212154924,0.5324486186120185,0.38693292783757377,0.47686621963864934,0.43256648369146666,0.42394287980506906,0.3866401959672419,0.4672119203397355,0.4544900153340792,0.4926176629801915,0.45809280888284004,0.4392830534839005,0.5443040876713306,0.4587787976528092,0.3891699134703924,0.5121648533072418,0.5234858424419366,0.2919457102014957,0.6051393801039758,0.3530764839532583,0.4339880783382388,0.45235519198594665,0.4873336008002256,0.12272765380791191,-0.0827460353121136,0.2046069702326631,0.6462605502593312,0.12442380503076796,0.9333101515996531,0.12191245017011385,0.03135377263316755,0.048999800221838516,-0.06185839662944962,-0.1576955279246708,-0.07105105757641732,0.030779716294781753,-0.1743913720424925,0.18974427926271395,-0.044632402343117945
0.3305660922861208,0.36802672101022615,0.636598317085278,0.43492137236392914,0.5845121812555438,0.605386613529072,0.5733342465079723,0.5672462311699776,0.44457424049431216,0.581184545908869,0.55466885869389,0.5132606586474586,0.8274520864846258,0.5066803267101992,0.30809547240516766,0.5448295670184501,0.642280798872985,0.47004355673352793,0.612389165692682,0.4109952598935004,0.5324486186120185,1.65627250111518,0.7570252753855539,0.6571586905223556,0.528345275939166,0.28267455986164886,0.5620372760176869,0.3992278169279552,0.8713307371461988,0.5475539664502134,0.46107961936641145,0.7154609509485467,0.5083342054074097,0.6444529859481597,0.3099175267709446,0.6993182082103779,0.34100024986552163,0.33391601358742273,0.8411060364153653,0.27633518752362807,0.3193249605567288,0.40433858538402834,0.33024905326959786,0.14808422069198202,-0.2923972700055684,0.8750255212963528,0.9031380629111427,-0.5186211352573927,1.1456004159979043,0.27881625939631155,0.0669281525027198,-0.07420023604652941,-0.08462324004517187,-0.2628175606758325,-0.2060190958333201,-0.02995807170434588,-0.03288177104207348,0.2466762001886782,-0.22246020644831882
0.21676784928760828,0.2923035769113581,0.5105435607436364,0.3722072428363954,0.4168166795224405,0.5357601498067605,0.33419383059128,0.5178567675878644,0.3332479764357132,0.5358261664564933,0.43327897373438706,0.3419679881657482,0.48033786574243587,0.46427880109596426,0.30960639613479635,0.34186344127093504,0.46972040003653004,0.5946216455104927,0.4396034241754137,0.5510438209047567,0.38693292783757377,0.7570252753855539,1.5870719601899328,0.6982688555643648,0.5652193784818289,0.17523980813472614,0.3879485119138744,0.36689717802391136,0.9005037514157137,0.726381680667333,0.28338173338477834,0.4136992655145596,0.506134837287423,0.6076728723754092,0.3404958324968821,0.3338873213503248,0.5109421648958296,0.2691036606357383,0.7132723736842634,0.5116246663143384,0.29993282954663836,0.4229629543321233,0.5081079947323638,0.11455957563850545,-0.17567091748369948,0.47154645344424945,1.0085658804553845,0.01930463864428582,1.176993299397051,0.2697099249648568,-0.07557162233687487,-0.11290730133394704,0.09662630125309832,-0.1738561284186145,-0.04448064391890076,-0.1282950878891858,-0.1321779614050227,0.1749841079533502,0.10875421780796075
0.11454132912758873,0.33481944985829937,0.554981588315494,0.3770344905553005,0.5068706803753374,0.5807672302660497,0.46176821306902927,0.545569991043469,0.47343158083002584,0.49428512189196044,0.5082172341470486,0.45242308375821094,0.5672880720026111,0.5472251327036859,0.44047915174301655,0.46609413821145423,0.5472489228374278,0.43278320247193713,0.5294196878084315,0.5644424318984297,0.47686621963864934,0.6571586905223556,0.6982688555643648,1.1914251098811184,0.5150315625334919,0.2660601820031947,0.5821679671485631,0.6971314759869931,0.43105130177517464,0.8139847924756451,0.5342577026401468,0.6115773669852624,1.1406312551848772,0.42650357412363465,0.40839783645923666,0.36489094022793056,0.8613071978828666,0.35233973540901675,0.7733439127206769,0.3486767319251296,0.4714219926617399,0.5037874058537074,0.5341213384364251,0.10360846326410357,-0.3038505922523719,0.2061857155234608,0.8641606040428789,0.2860565392799139,1.6323218330267715,0.29778615081231496,-0.1025019430018686,0.028163000037653367,0.05349153083649464,-0.2597562894978953,-0.057069067863608616,-0.1478050725679565,-0.009204165766177911,0.1242591676403199,0.1126409443869085
0.36926677814072456,0.357674994975243,0.651502705745613,0.3293036934008468,0.3509703333732759,0.5368534602225821,0.45129804852041716,0.5017016104139098,0.44715664006538,0.45379512890415613,0.47128035286792364,0.48612311557895127,0.46691128309874463,0.5070707221816244,0.44368543285281714,0.4086309856317478,0.5271476160222089,0.4395265601395089,0.4535382297443679,0.5297049900051349,0.43256648369146666,0.528345275939166,0.5652193784818289,0.5150315625334919,1.2012112885514756,0.37645738365387016,0.48498982489656756,0.4384339208194382,0.9232165820177272,0.6794632906010157,0.4199581519481781,0.4681325350533456,0.29901533270316516,0.7111739862943623,0.5231472150839227,0.47729244990873326,0.5377406426226735,0.33496665515025137,0.6406407726716892,0.3082689169881043,0.38402802100005645,0.4606572477539676,0.5856626559349083,0.14194554627383868,-0.013049639659825472,0.253028380514257,0.7511052689564773,0.06320650824869373,0.8607686283605821,0.030018298427024585,-0.15608986237906128,0.3018286765861429,-0.0772306949494902,-0.10871722933466461,-0.03993686708236523,0.053028447818509725,0.007614753453238521,0.15413845069142373,-0.2293467343898461
0.3832048520401913,0.4448469438892874,0.9006106682119905,0.3210888938564842,0.3656156652679186,0.5635877057061279,0.5063999115551512,0.5825461614381677,0.7347766363974435,0.44097996384109434,0.5164580845053913,0.552060560996074,0.399072215019737,0.5773990091428458,0.5399548195515099,0.37425956837539953,0.5186074047684351,0.5778415522974103,0.4881121758129624,0.5555485014623904,0.42394287980506906,0.28267455986164886,0.17523980813472614,0.2660601820031947,0.37645738365387016,1.7641727523795083,0.45773383303743653,0.35270231582802797,0.2433602391269137,0.36105684263510324,0.3937272488024176,0.5559223252740789,0.1666846437036166,0.6205400536973978,0.46349016686086286,0.5135135146428934,0.10533944768853759,0.35473722830447324,-0.3457904003062285,0.22784356584037896,0.8140674665322954,0.5444800725458167,0.4897912937885807,0.11217000031108135,-0.5558742473515733,-0.11110499860845449,0.31153582730724444,0.26760956690021187,1.0896199264050885,-0.43476165107165354,0.10963339784300292,0.03813693977082767,-0.0013084374345110855,0.09610002901380252,-0.08285940664314803,0.16985118960326615,-0.09627696163374773,0.07373223152809592,-0.06814553589411726
0.3981133521903757,0.5994164615543527,0.8659807040910265,0.28796293845140786,0.21382615962801957,0.5241252294142487,0.4958120032739585,0.5617773107003506,0.576866315720347,0.5508952335406977,0.5549192561312292,0.6000036054543775,0.5354577661186223,0.4313267773117241,0.41944987973554076,0.3594760748345313,0.48745123393819967,0.18388982258453415,0.39413285344623117,0.5544958666696479,0.3866401959672419,0.5620372760176869,0.3879485119138744,0.5821679671485631,0.48498982489656756,0.45773383303743653,2.134998908849773,0.5796822219223892,0.1539703737583728,0.3355677422413346,0.5715524618855377,0.5377074401357225,0.710406042088783,0.5465075949089927,0.4271114163422473,0.201190946552491,0.7004485914273875,0.3277380562620454,0.5881959630385375,0.3859702400198706,0.46865343938026255,0.4600200854769284,0.7245572529456111,0.037473480567389784,-0.29991396867239317,0.4264945924706882,0.808987798436599,0.20646256834445847,1.5290735014579504,0.12978704997961987,-0.03665074415767339,0.2880593908011105,-0.06604827560058023,-0.13369274055755412,-0.01830685117788725,0.07441760648228422,0.16401946726629255,0.27907196499995957,-0.39833466695720693
0.27108820926759825,0.37446314413101556,0.6560803676820799,0.2178812768055496,0.2646969822540631,0.38498945456594535,0.3578458005719693,0.39332965551527593,0.466908029969034,0.4437050339613882,0.3844756287999429,0.2965918779629639,0.4456949517371286,0.4518429726811256,0.5262011905444974,0.3350050910528461,0.5438046987200769,0.41636890127841236,0.4091489667300409,0.40069023111972424,0.4672119203397355,0.3992278169279552,0.36689717802391136,0.6971314759869931,0.4384339208194382,0.35270231582802797,0.5796822219223892,1.6145518843982138,0.07734338943074326,0.5984070624798044,0.4923037477635494,0.3643880729818938,1.334773360363684,0.16158286174831968,1.0481923297779618,0.0975601091441921,1.0226852761515857,0.2506959746488612,0.5588630964741871,0.3541593209005378,0.45766457118450504,0.5557916349457737,0.6932046432692516,0.025121079544795265,-0.17877519002367748,-0.0587489536249224,0.8266749478519752,0.49648784494137504,1.4561011313155663,0.48037577245558866,-0.16161709166523194,0.7192254674501779,-0.8579376907262347,-0.14091990687775305,0.26173656202081735,0.04158475286324617,-0.08998127990676834,-0.0033197117462729353,0.1511896862095711
0.42006165646735755,0.48965781408683234,0.6585773575702137,0.4303294904394161,0.5188198462974647,0.6674724980692913,0.42101089765409233,0.5615676888889722,0.29053485395486117,0.5401298569313521,0.55275266900304,0.49638019168489483,0.6856919997555482,0.48011115535300236,0.46679831574738645,0.528268983561504,0.5785325523171921,0.5606910879915125,0.6025009226670635,0.7627111539096106,0.4544900153340792,0.8713307371461988,0.9005037514157137,0.43105130177517464,0.9232165820177272,0.2433602391269137,0.1539703737583728,0.07734338943074326,3.0323425360872265,0.9351778088234931,0.19200260126395674,0.6621892743943699,-0.7130717299400807,0.9063807311856724,0.40007389724338316,0.8191668467970381,-0.21410826584176376,0.3267337050113382,0.7983888803004872,0.42003883094661854,0.018262765276612598,0.30382698258826585,0.34193470932946096,0.046668483500449096,0.4271232159236654,0.7688547717951606,1.0197340343135548,-0.554233983946588,0.3521683272008213,0.577638695545062,-0.49990248959116834,0.7395822863682142,-0.699329777686966,0.0015369287128571042,-0.34121763824140655,-0.1346187506206022,-0.02984422763941831,0.40125566484474706,-0.328164880431951
0.4418729263941543,0.5262837509244613,0.8374317210792501,0.2602228609047506,0.18448388324594098,0.5449290264993039,0.32839253467436796,0.6040051483454483,0.37703552194725404,0.41401886662859494,0.4187305231713441,0.2587588574929034,0.5241675376218248,0.525025855648463,0.44096556023885863,0.4020152404633427,0.475594858096904,0.4977331630793856,0.4171705771686539,0.6342864064658803,0.4926176629801915,0.5475539664502134,0.726381680667333,0.8139847924756451,0.6794632906010157,0.36105684263510324,0.3355677422413346,0.5984070624798044,0.9351778088234931,2.844322461299974,0.3742154716056654,0.5956021037482098,0.2100775796461936,-0.03603228419999793,0.8394530933784168,0.8685801275884948,0.12147237174938454,0.4013342607592813,0.9348166526521878,0.8776090133687149,0.5097204279663616,0.5896246762299984,1.1620100630312125,0.3433093049973859,0.5691794763631302,-0.17330187409772232,0.6370596117951736,0.23389627968167698,1.7334853575489455,0.1880116975549406,-0.011027584364208925,0.23901161128465356,-0.28812220351378864,0.049086329120806495,-0.03793000775090128,-0.3076429424838346,-0.04556607450493177,0.2571765863991962,0.16236170919582107
0.29129828053182016,0.3471042564075359,0.6192053917900976,0.2993693345036496,0.40308285069528504,0.4695724580453728,0.44346907169568245,0.42645475391449134,0.5045262261831793,0.41992360850949983,0.45980681514281435,0.44910595340630266,0.45118688920370226,0.42411379100050905,0.43694346792968514,0.3529094332282833,0.4718736869939894,0.41495348467572074,0.4673539379278485,0.457502721450595,0.45809280888284004,0.46107961936641145,0.28338173338477834,0.5342577026401468,0.4199581519481781,0.3937272488024176,0.5715524618855377,0.4923037477635494,0.19200260126395674,0.3742154716056654,0.8684497671094096,0.47438466997212114,0.6806099244771249,0.43791381548144254,0.277777811541706,0.6264770462366007,0.6975044048095261,0.3462265852195454,0.5264775376177954,0.2312197665128948,0.5309825991810212,0.46069363692733895,0.4119421065174132,0.10560714575897,-0.1348881399274654,0.23266083553647718,0.5742524333530709,0.1602878866134411,0.77824064415481,0.2005956427673965,0.022582429146835843,0.12760381491365455,-0.11022283341009335,-0.18340507221905408,-0.0011221205659263087,0.09867018492435761,0.07049968473773004,0.06558966892453827,-0.23908616943217115
0.3129598372434399,0.3056557508299303,0.5874081263714502,0.33922023374217947,0.5438199170070495,0.5515659478403283,0.4964274270153114,0.4993676021091907,0.4596404596832121,0.46156330310510535,0.5295644509704707,0.549634291338034,0.619164112664179,0.4865535634905491,0.4102564780297205,0.5291544411549173,0.5167438669042901,0.40735105282717615,0.5813049305835174,0.5632651833576221,0.4392830534839005,0.7154609509485467,0.4136992655145596,0.6115773669852624,0.4681325350533456,0.5559223252740789,0.5377074401357225,0.3643880729818938,0.6621892743943699,0.5956021037482098,0.47438466997212114,1.060735840662748,0.3007216867240393,0.5503674105750294,0.34228110687267616,0.6292506233805153,0.22910289000722467,0.3721486250531642,0.50201168577149,0.33547294299114816,0.44179291109221686,0.41725873234700145,0.39483576880822085,0.10379987539131663,-0.17710856039299006,0.3368720463073095,0.6685033072287843,-0.05533878934630994,1.0287592595970192,0.10868904909202066,0.036657377066223,0.18867615926725212,-0.18669655921811154,-0.0712345317743001,-0.13072082558412407,-0.019090411209068767,0.3384469897602717,0.028225022071225053,-0.33476178151546615
0.1935934519728338,0.376026388959465,0.5867270782955271,0.36630077865524613,0.4897996462623912,0.510609825857205,0.45369845705189665,0.44287887097242706,0.5856950299465589,0.46196175473923456,0.4219410334945845,0.3856370811065009,0.41780081868779867,0.5107177935549535,0.45595171898067643,0.3106717232423551,0.5209216611026978,0.39940326624185873,0.42347904614471993,0.3292821410699469,0.5443040876713306,0.5083342054074097,0.506134837287423,1.1406312551848772,0.29901533270316516,0.1666846437036166,0.710406042088783,1.334773360363684,-0.7130717299400807,0.2100775796461936,0.6806099244771249,0.3007216867240393,3.2980163578308606,-0.07998560955038259,-0.03662914403871854,-0.2007581977416535,2.080706191863563,0.27558347994446564,0.7064363025482198,-0.024998410478824028,0.491837488316675,0.52391350549531,0.7489945950253917,-0.05626020042664758,-0.9039426241059605,-0.10271169883089293,0.9087032972166724,0.8361978976251604,2.372025583827397,0.48155495422733513,-0.26349371844597785,-0.27471724566879924,0.43054116961259864,-0.5689309649323752,0.295713182220527,-0.04971278710048638,-0.2006420405700229,-0.02973639964120796,0.407097754326789
-0.14816248968940912,0.33069113094594954,0.4913325201640534,0.4276032307036015,0.6100220622684233,0.6093260723229884,0.5442079773961463,0.5731427235340011,0.5382868018947262,0.5426843528690299,0.5920951797941095,0.613503141645044,0.5671148465813313,0.542951066073781,0.46719162450505586,0.5063634697450757,0.6251380366126866,0.44914345123359095,0.6208853177812766,0.7107674339165562,0.4587787976528092,0.6444529859481597,0.6076728723754092,0.42650357412363465,0.7111739862943623,0.6205400536973978,0.5465075949089927,0.16158286174831968,0.9063807311856724,-0.03603228419999793,0.43791381548144254,0.5503674105750294,-0.07998560955038259,2.463771315798119,0.34036101105017996,0.42029712679589365,0.8808101673523133,0.38682787846744293,0.44060115872543704,-0.20710657339988445,0.67398910043105,0.6363315111460948,0.391281954459542,0.21575769493063815,-0.9502139725282551,0.27472572589487226,0.9452770061967612,0.05506382033511561,0.8924554373757985,-0.27258227669551854,-0.0014855357320662126,0.1717785467985306,-0.004330952211811479,-0.21038518675602125,-0.2817121950199163,0.0524629969623683,-0.1410705483896661,0.24699148431558868,-0.10202023651650104
