2.336790491026119,0.5958870531606832,1.4547173802247653,0.33911220736574027,0.40435601120590053,0.4792966138776353,0.5938835248436118,0.4306032415300789,0.5017383120540808,0.33039062134800246,0.4407786585286399,0.4600101080284122,0.44749401720936094,0.3864994355397051,0.3983216962461526,0.3906332078814426,0.34492674275061286,0.49354715083705814,0.44353464985878366,0.41537374460987614,0.38785847095399884,0.42161262877537053,0.221615632352931,0.1613063702511406,0.44707889850902827,0.5153690907009891,0.4880441955183948,0.3087276192313581,0.5547675029040472,0.4734466133170414,0.35269564257820274,0.4290821514296835,0.2200101312358481,-0.03125961722233117,0.3394178274882359,0.34590768153240636,0.1393688998437232,0.2903589640834715,0.5036161949005021,0.43101119953786454,0.2766205267831058,0.20607598208124722,0.2708018056398597,0.11058830827004468,0.1883937658830427,0.2383578122793594,0.45163322276847545,0.0020036638462226546,0.7592114663490728,0.14938746246398837,-0.04674810199204209,0.15231491480042103,-0.06478118853576002,0.02061404065925397,0.09396374342727197,0.08450413856639312,0.20807861588114396,0.4392674299248141,-0.9827798897116174
0.5958870531606832,1.9329409640293298,1.3290115967077933,0.09879988091970124,0.02688463200831611,0.6651313239918379,0.3010127300356269,0.547342759990536,0.4928732876186796,0.43711886645106784,0.43162645447981335,0.3876878954324624,0.41455381006499736,0.4158102720008513,0.3781311081331497,0.29146345597236345,0.38154625391796443,0.579091529429156,0.4127440425744522,0.5340075350798548,0.5331968459533476,0.4420992918053754,0.36755469179509626,0.39429990266916926,0.42721113166811214,0.4814286019867584,0.6835705505244709,0.46783598117548614,0.5854063019003386,0.5772417874941393,0.3803200516473191,0.3643335856806135,0.4199905260963518,0.38753193187912743,0.4449554185667794,0.3565093544546637,0.484314284462557,0.3132838757040377,0.5081328428415139,0.4426279447096933,0.43488816090793575,0.43442584335938356,0.4483530505884343,0.08396970624724716,-0.02182577457068514,0.16357853405592376,0.6162163833475192,0.17666628907666354,1.0863141257785338,-0.07975113404931707,0.2194067562058041,0.26346512698810576,-0.10551424665614266,-0.07669435126654532,-0.1914558210482536,-0.06921706745020784,-0.29601816107501205,0.24909212133131148,0.3535305751623507
1.4547173802247653,1.3290115967077933,4.064478525877054,0.24487665653628424,0.09880978344815367,1.0447637803636896,0.73524667690308,0.893975771922154,1.1722663633588273,0.7071987021791011,0.7639477720880106,0.739868937686084,0.7124102816270773,0.7633024839532391,0.7593749893401566,0.4890503831805513,0.7213775091915646,0.8214843555787156,0.677003630088447,0.7711661953801768,0.7581009355119566,0.7287358335503232,0.5730266784957441,0.6484110404883296,0.7443774323302931,1.0171255699460031,0.9740960634319941,0.7393687487794129,0.8084106988287275,0.9377752551137774,0.6813182329062171,0.7330980785836716,0.5924055263051127,0.5837500820213575,0.8377939662294566,0.916753603525748,0.5110685616476499,0.40035828523635153,0.8533454386651906,0.6641451164460856,0.7338595609542891,0.7722599780839615,0.6933438909049671,0.12300224971926477,-0.06843100117445863,0.23347643403384288,0.8280263466115583,0.19940947278100182,1.6128971381546897,-0.14991843647048497,0.12825210331242476,0.35982389754140237,-0.04466639270067877,-0.042827119327411824,0.0510454529271946,0.20042897040005092,-0.019134313278002316,-0.03627590944967117,-0.2840110893386282
0.33911220736574027,0.09879988091970124,0.24487665653628424,1.4702846881187501,0.6152778576746772,0.5088443217919719,0.44182188992429655,0.44242839796903627,0.32916994564965785,0.5061080528559462,0.4384575374567648,0.5028322120840859,0.4747011541030254,0.4427033787157981,0.370403053184788,0.5298866222766897,0.45130685174925067,0.351916772919128,0.5370490131206732,0.4099737752777538,0.34924785360146765,0.47490566244531135,0.3969293793757042,0.39238521800403575,0.35714262173542155,0.3680592657001601,0.3255024527148883,0.2690212229126771,0.4973021681532479,0.27336838050282203,0.30284417521677903,0.35719985826152606,0.38099539418677697,0.4646005956710761,0.14092747594247526,0.26868358511785967,0.42635973990101594,0.28091585893386994,0.5030944177065177,0.18606977700667618,0.29094289922624045,0.2779604314422729,0.19620272998203866,0.11378920202475427,-0.14190004254445485,0.31326223203643117,0.6059965877979925,0.0344562519477931,0.656827303062905,0.2834397162473602,-0.13902579271123786,0.25984083837616884,-0.1283653316205776,-0.1930455954161983,-0.19690631013198018,-0.03885579798581259,-0.39496763362966036,0.5021097048135463,-0.04713271093481387
0.40435601120590053,0.02688463200831611,0.09880978344815367,0.6152778576746772,1.75071869468167,0.37650070925724866,0.7457740005015572,0.4151804912686278,0.4065803008022361,0.4906737251201622,0.5360757249905339,0.6194706126921701,0.6848402890779117,0.49655659332903435,0.5196373202570573,0.7264610209733207,0.4932363756384384,0.35862524383984345,0.9163393370210404,0.534180821227983,0.423100145153603,0.5928295896815888,0.3973276243049997,0.5263516670699716,0.36984076507861274,0.4122189560548323,0.2480344879341354,0.28289234348492626,0.5108402187214919,0.16664480249637245,0.4341423133625278,0.5855609168467539,0.5487492582273923,0.5970177188738865,0.0840619786544029,0.44359325232750607,0.6358764282339736,0.3581797164691377,0.5649419453105949,0.16671367077063,0.4120724437352339,0.37469974417269164,0.2361378547605444,0.1235310154206244,-0.2606833234740215,0.3426080100071647,0.6557377943715368,0.028074760609999853,0.730099095848836,0.46841027574399907,-0.1523920805909928,-0.27066617177168395,-0.005302991924235494,-0.15765949954231548,-0.09598155846560014,-0.05473210759302409,0.03853004267859637,0.18456909395707974,-0.2052908883390884
0.4792966138776353,0.6651313239918379,1.0447637803636896,0.5088443217919719,0.37650070925724866,1.3379485031098142,0.2135843060273986,0.7287740944723695,0.7057842974541605,0.6017847421395687,0.6170490361253189,0.6261653773334316,0.5895613907874809,0.6758887525700699,0.5971408290436133,0.5240773636996744,0.62768438244018,0.5178282230322965,0.8092003093235538,0.7074331905503256,0.5610494602262845,0.6402539142917041,0.552273638705844,0.6260219649483002,0.5654644398751365,0.6060779111875052,0.5612063468037742,0.4222542698943108,0.6951015297658331,0.5778166081295865,0.4989044570553085,0.5970919062198254,0.567584933408955,0.6259712288367351,0.36469782473821083,0.4788068171695547,0.6581690793658806,0.4375618765343602,0.6591001739466116,0.37982359027358437,0.5516296134907487,0.5106106048327058,0.5010500503431259,0.16530927883788105,-0.14266091708151862,0.28984455277834953,0.7347718809462475,0.14370590824767876,1.182818925372428,0.16079645445140786,-0.1444171230540343,-0.001656200867667123,0.07491457575099804,-0.1422480591528668,-0.20219569950854754,-0.0411707641267767,-0.14048096694945475,0.3260129580691294,-0.07382658630727561
0.5938835248436118,0.3010127300356269,0.73524667690308,0.44182188992429655,0.7457740005015572,0.2135843060273986,1.5559374954459737,0.3822981161071293,0.45013434598653307,0.3227294701864792,0.5298845060665381,0.6125190431107156,0.5611566070684397,0.4891325268129044,0.35509457417241524,0.5519749301632796,0.5276500762297888,0.34019311708479105,0.47672364357633185,0.5371677270994842,0.45657794480555647,0.5629118027227522,0.29520623889505315,0.4904381317395582,0.4406082634505533,0.5466772975999964,0.48456677515523144,0.3439408282912351,0.43854305751104067,0.3770317168633834,0.440502824633776,0.5427408251452627,0.48310544388496524,0.5170723297234208,0.2582272433659989,0.4658065006900511,0.4425572871325827,0.33936845051296083,0.5959548120948351,0.26194294881046537,0.3854641804585943,0.3749556246100789,0.3587544032887556,0.12291526976469257,-0.181924222718526,0.21064953683492524,0.48180707207122997,0.09679449868501823,1.0933363445349364,0.07263540201773933,-0.05501034907311154,0.18212236830978903,0.006537879751175173,-0.17437300058726157,-0.12296968627803305,0.07499600817063024,0.037479689262279445,0.20940846199503144,-0.40582249156558825
0.4306032415300789,0.547342759990536,0.893975771922154,0.44242839796903627,0.4151804912686278,0.7287740944723695,0.3822981161071293,1.0269640353044585,0.4614401057111627,0.561948309256436,0.5904588306256098,0.43298787900287355,0.5590721253015465,0.6547060659300467,0.4597633637925994,0.4708811439904927,0.5900423672446184,0.4833218819885956,0.5692615296974958,0.6106796863257975,0.4567851962088529,0.5803864112605411,0.5295606469645461,0.570399565027252,0.5096066563623707,0.5753686669442132,0.5891005327188,0.414494042197858,0.6060257707932735,0.6537169849344672,0.4173647421108624,0.5151645848589711,0.4473160824560999,0.5564383782484096,0.46025650280365665,0.4074233168677304,0.5204858886134357,0.3726120744392267,0.6545975187630438,0.3961070881787144,0.4740050498665467,0.4635196981913178,0.4691112987376017,0.13380655364489077,-0.10721594303466613,0.23859872231739934,0.7393345635706073,0.13795533577553612,1.2287134952472145,0.07804592901981208,-0.07242721511794983,0.15555196511010444,0.05374381348284423,-0.1273038501605634,-0.2026498690489074,-0.11486901210166017,-0.04299194904149848,0.3274202738724247,-0.05943984576776205
0.5017383120540808,0.4928732876186796,1.1722663633588273,0.32916994564965785,0.4065803008022361,0.7057842974541605,0.45013434598653307,0.4614401057111627,1.3470242616680768,0.5017603450952208,0.4943406479536495,0.584643897766814,0.4853554439691391,0.6019543226843709,0.7172701582786176,0.3853420352808656,0.5486677366356263,0.42909495193726277,0.626926393647872,0.5856978619727446,0.5205696431303309,0.41348437191133086,0.31197840716063946,0.5179316642127596,0.4597629818157023,0.7769344683295624,0.6160753010190892,0.5160187824076352,0.2913987425686182,0.4687440417385478,0.5220370175567288,0.5138818709995965,0.5995423427949034,0.5267083798372336,0.48470829071969046,0.44121615953540694,0.5369926356427954,0.3726998643100466,0.5091128501290851,0.3423606465490741,0.5709176790382342,0.4853764867328075,0.502112705434004,0.09251379064959993,-0.2024604523361912,0.12741353527600546,0.5926253549017629,0.2764852847751236,1.3505275832371268,-0.2524512340607576,0.02399496382598954,0.4059964035816217,0.07794904823035348,-0.15671081993485544,-0.07443351254224283,0.29654934112065645,-0.15805054145984296,0.1697656659576273,-0.34442169553261315
0.33039062134800246,0.43711886645106784,0.7071987021791011,0.5061080528559462,0.4906737251201622,0.6017847421395687,0.3227294701864792,0.561948309256436,0.5017603450952208,1.0141333604223468,0.5803433616293218,0.5324507264516561,0.585101820005193,0.5241404257704415,0.5279891770633898,0.4253176719771132,0.548031099396835,0.47311284093082756,0.5477390840791109,0.43112857519334413,0.39428027976961,0.5441286726368804,0.5570289028316868,0.5172036634927432,0.4547682977077566,0.43682308617317345,0.5606198669479527,0.42895454870566807,0.509545748170818,0.45803593885299193,0.4122127478410207,0.44627786152555127,0.4866611092299504,0.5330277891380902,0.41607733091594995,0.3887539871040199,0.520286294224847,0.29767348926856796,0.5559758605503881,0.3346563048437026,0.44543056566242056,0.4309602791705923,0.35990275554895396,0.09530863403597113,-0.17716078437965055,0.29592420770983535,0.7969826957150775,0.08692278783263681,0.9178741390767892,0.06367807562648112,-0.0005803316180166322,0.07353451201204057,0.021412234291902615,-0.08047661701031565,-0.02583843710264404,0.02594598343614179,-0.21558510934116024,0.01844362624028844,0.13590491438866334
0.4407786585286399,0.43162645447981335,0.7639477720880106,0.4384575374567648,0.5360757249905339,0.6170490361253189,0.5298845060665381,0.5904588306256098,0.4943406479536495,0.5803433616293218,0.8244596565148151,0.5847465269785727,0.5894302970828847,0.5246449273606735,0.5858095583822591,0.4523122482911707,0.573236288971194,0.41894708809936665,0.5601543540706196,0.6185283041133168,0.488981187263558,0.5301626276695103,0.4414362434668,0.5317165760675977,0.47480480958191845,0.5097670876189556,0.545112540639374,0.3981768405227511,0.5503029040697516,0.46021638390095315,0.4565415202589656,0.5180069217922979,0.4625880389602183,0.566567597112159,0.3937617897776392,0.4289148431105696,0.5322253685831059,0.3793704711492573,0.6253399653560562,0.3477347791127985,0.4394242879146299,0.44153172650609396,0.4165490629224623,0.11354868180202725,-0.08081149726997165,0.28813525011588714,0.7161436324830085,0.1220831505739895,0.9669673696832723,0.06753669136879696,-0.06326669451803198,0.14860918471969042,0.042090145046073106,-0.13743429433370627,-0.1618672595849484,-0.0033873612521169412,-0.06816943137423985,0.26917527759468357,-0.2105632440126707
0.4600101080284122,0.3876878954324624,0.739868937686084,0.5028322120840859,0.6194706126921701,0.6261653773334316,0.6125190431107156,0.43298787900287355,0.584643897766814,0.5324507264516561,0.5847465269785727,0.9505268794314946,0.507166713369054,0.5071490780379608,0.5374717073801037,0.5231575498483277,0.5241604587172248,0.2946887626050718,0.6060721566754104,0.5804424445486561,0.4289203764982635,0.47002632171523273,0.33646523229791453,0.456931254143176,0.47289821691103745,0.5395758302016934,0.5867052735000169,0.30379192330298105,0.46623691569430303,0.286437802878154,0.4401376567716089,0.5318434943593234,0.42398869271531225,0.56734922390653,0.25958411112075047,0.3677460711183764,0.45882183318881387,0.3589625317774703,0.5497349742942822,0.281987485805352,0.4187661654025781,0.3774655175935006,0.28185103906702175,0.11023363200840244,-0.18135384691999565,0.27582489273211286,0.6291648445743006,0.12263040808739292,0.9812283368348764,0.11768663363784201,-0.04935204533602454,0.1431397024324703,0.007438754796495678,-0.15612474664172654,-0.13417285033277765,0.09694372295376773,-0.128362194822405,0.19705669759031777,-0.2300417610786525
0.44749401720936094,0.41455381006499736,0.7124102816270773,0.4747011541030254,0.6848402890779117,0.5895613907874809,0.5611566070684397,0.5590721253015465,0.4853554439691391,0.585101820005193,0.5894302970828847,0.507166713369054,0.9866186607323063,0.49160501686663166,0.48954078599034007,0.5493874380786449,0.6007784185964236,0.43313130488142765,0.6452060774959296,0.4930568178119924,0.4916593773100707,0.801389589701177,0.4873857041627286,0.5835135446737693,0.47589616373035504,0.3547047225545505,0.5069720716917154,0.4498702640344986,0.6909652957542961,0.5500627204547989,0.4403826824017112,0.5950563492155928,0.46375280491888315,0.5504543831625102,0.35259774926096843,0.5271223778189325,0.4935227108216952,0.3278479936024164,0.7337226611141734,0.3228589854091063,0.37575822730286246,0.42154126860954877,0.39763438701481607,0.15015642018396996,-0.09716070064676478,0.47460583625963276,0.7440904328004114,-0.06377460173859607,0.9230430094592729,0.2902817899016418,0.03390316862109979,0.06338667448565706,-0.2523811051540157,-0.17698710575202317,-0.19826697246708486,-0.06750763200107468,-0.04647084352419612,0.29345354845563454,-0.20643465105980766
0.3864994355397051,0.4158102720008513,0.7633024839532391,0.4427033787157981,0.49655659332903435,0.6758887525700699,0.4891325268129044,0.6547060659300467,0.6019543226843709,0.5241404257704415,0.5246449273606735,0.5071490780379608,0.49160501686663166,0.9498388992197416,0.5629481115712986,0.5196525670697545,0.5645906425101708,0.42327385259596134,0.5740180639837391,0.5603294177281639,0.4769464134533304,0.5113191504341753,0.47667489747671576,0.5788151028569901,0.5144369640612257,0.5854804358686828,0.43657011070362245,0.47725503106477446,0.47866490877445556,0.5762821651547961,0.4349543961782814,0.5026661407594898,0.5471642334139599,0.5263360933072484,0.4684222200257488,0.39094113809303127,0.5931544130604993,0.3596035845599844,0.5179016339529057,0.35037630227612204,0.5441208109352808,0.48361095069492405,0.4845311808214707,0.1275699689761585,-0.18389396017195309,0.12180578643909246,0.6895107313852403,0.20688794394022608,1.3021135456058668,0.014490192905850087,-0.0475228888449042,0.06730961122600015,0.0560833318865158,-0.08509211833479023,-0.15031610410237026,-0.005024657516539648,-0.12975307800826166,0.270302953348042,-0.03137555512765478
0.3983216962461526,0.3781311081331497,0.7593749893401566,0.370403053184788,0.5196373202570573,0.5971408290436133,0.35509457417241524,0.4597633637925994,0.7172701582786176,0.5279891770633898,0.5858095583822591,0.5374717073801037,0.48954078599034007,0.5629481115712986,0.8657383970750945,0.39451258735139455,0.5650087496369273,0.43388873784155785,0.5689899516590514,0.5820849805079785,0.479032139332874,0.36064873784981516,0.36545205662084296,0.4894328663371947,0.4731491503644692,0.5181711301665214,0.44596822136184155,0.5099791742896104,0.4828031938927129,0.4872383674073348,0.4564037043111745,0.44526399884528234,0.481498458413373,0.4897342878113501,0.42775893388584496,0.37432986889249353,0.6210102586395365,0.34331632560440767,0.5373211391059203,0.3433600927178902,0.4976457221113778,0.4526778739207373,0.46091437909506766,0.0934214956011722,-0.029191818011546664,0.12311691217922568,0.6687413862316486,0.21991959318665727,1.0033884088448106,0.3572822879938401,-0.06186783946539371,0.14682974096404064,-0.21337215254095745,-0.04326536658359971,-0.10285985258835321,0.11753303098843863,-0.1451942048306481,0.24397452339403133,-0.24048537964455788
0.3906332078814426,0.29146345597236345,0.4890503831805513,0.5298866222766897,0.7264610209733207,0.5240773636996744,0.5519749301632796,0.4708811439904927,0.3853420352808656,0.4253176719771132,0.4523122482911707,0.5231575498483277,0.5493874380786449,0.5196525670697545,0.39451258735139455,0.9703654757076932,0.44673590015807907,0.3174542214070228,0.6000949551588102,0.4420035327566121,0.3748174711648178,0.5003807119688987,0.2918751861405409,0.4414856020928517,0.38121263196940497,0.3851390177860545,0.34073844741091663,0.3229149338904289,0.5159264555424636,0.39480361284189763,0.33797825486361505,0.5100898707373205,0.3146678241602762,0.4608435347318281,0.3496223024477986,0.3919224584866015,0.37598540903057354,0.2777814082778284,0.5063342919412362,0.24985730681207877,0.3819805517038292,0.3432824751872937,0.27400950252369954,0.16105996202900236,-0.12739882791246857,0.20573922232028943,0.53742555538306,0.031888020894334755,0.7528245992088982,0.03207565438939853,-0.10651812249710528,0.13706271225675035,0.005647415049326699,-0.0904516906389606,-0.14592769489463078,-0.05378595535489649,-0.14443554128360145,0.28698125543592123,-0.07939305324797766
0.34492674275061286,0.38154625391796443,0.7213775091915646,0.45130685174925067,0.4932363756384384,0.62768438244018,0.5276500762297888,0.5900423672446184,0.5486677366356263,0.548031099396835,0.573236288971194,0.5241604587172248,0.6007784185964236,0.5645906425101708,0.5650087496369273,0.44673590015807907,0.9552383649553003,0.4270546789362126,0.575443731185394,0.6022903784244727,0.5325595093438806,0.640620621336832,0.4816489340614859,0.5709620544128269,0.5282691500511492,0.47526330907718445,0.47353408988073425,0.548889116735086,0.581332735899574,0.5103439325450067,0.46341874955620915,0.5086810594613742,0.540125914572529,0.5915735149547475,0.47359679236766766,0.42440722204828596,0.6954984153539708,0.3946021898276963,0.6554354703664821,0.321973820351159,0.484664786169769,0.5269811299056091,0.46993636544198925,0.10173376672599203,-0.01365475709398566,0.3693532776228188,0.868380953857854,0.1000325211867813,0.9794865623383111,0.17411727969057852,-0.09363732010447083,0.20239076040009185,-0.1393264801369805,-0.17980565831589368,-0.24608596034057892,-0.01871008159043942,-0.13812444679354716,0.29183032107996176,-0.19157392153028294
0.49354715083705814,0.579091529429156,0.8214843555787156,0.351916772919128,0.35862524383984345,0.5178282230322965,0.34019311708479105,0.4833218819885956,0.42909495193726277,0.47311284093082756,0.41894708809936665,0.2946887626050718,0.43313130488142765,0.42327385259596134,0.43388873784155785,0.3174542214070228,0.4270546789362126,0.888409247056076,0.45048791560598805,0.36733629646395277,0.42229392792173964,0.4284640756906586,0.5742375458443331,0.40002540716622975,0.40137554003221965,0.5255163578657523,0.10495096712916428,0.34796898929653713,0.545090223422782,0.4993473942486471,0.3697607451422031,0.3724842943101621,0.3577938112738028,0.36989058640973377,0.3553146876239044,0.47690128808104165,0.39906793865942847,0.251361927980298,0.3524487732699215,0.338324669311282,0.43066766418556274,0.4091296560617307,0.4359867105951845,0.0886353946389946,-0.02645368128730442,0.15528485385489704,0.5447044307482117,0.09171511573407705,0.6755448151772694,-0.06790976846792726,0.07200582530353272,-0.060406176641548584,0.056536099280082894,-0.03242467964664693,-0.08496944097224184,0.014060514467284301,-0.08994714215679801,0.24213974052644943,-0.14926454885966353
0.44353464985878366,0.4127440425744522,0.677003630088447,0.5370490131206732,0.9163393370210404,0.8092003093235538,0.47672364357633185,0.5692615296974958,0.626926393647872,0.5477390840791109,0.5601543540706196,0.6060721566754104,0.6452060774959296,0.5740180639837391,0.5689899516590514,0.6000949551588102,0.575443731185394,0.45048791560598805,1.1143873462566978,0.6737341301403968,0.5064638921967135,0.6243158575668021,0.42905144857305083,0.5429375961564672,0.4666423362050473,0.46849434284035046,0.41502396574378075,0.4467361215406489,0.6168748115358788,0.40198105035209697,0.47274942954465604,0.5895395780786395,0.4632135795378211,0.6239864503543148,0.2226424866937317,0.5233738215112974,0.5219574513854457,0.4372848497702409,0.6391325010861577,0.3370307151697924,0.45230574389350264,0.4409578991731925,0.3695961063117105,0.13722789124667337,-0.10505578150077025,0.3658347564151492,0.7038453400494629,0.0674545403183957,0.883764100327572,0.11603716050636927,0.1598834605452185,0.6029532022095081,-0.44911689331798127,-0.24773927062882728,-0.15793830832748884,-0.004222240778714662,-0.06677194871467432,0.26943445826882834,-0.17958237294829021
0.41537374460987614,0.5340075350798548,0.7711661953801768,0.4099737752777538,0.534180821227983,0.7074331905503256,0.5371677270994842,0.6106796863257975,0.5856978619727446,0.43112857519334413,0.6185283041133168,0.5804424445486561,0.4930568178119924,0.5603294177281639,0.5820849805079785,0.4420035327566121,0.6022903784244727,0.36733629646395277,0.6737341301403968,1.4052884126128797,0.4007596192801376,0.41787374852947623,0.5593167733294256,0.5954884847412055,0.540982792169098,0.5685409048992925,0.5571962931246108,0.4158817587694786,0.75495894881846,0.6654178119779853,0.4730209185071638,0.5783007036548139,0.3859244014924022,0.7041072739011242,0.3817702911056046,0.2854756063735416,0.7502593389964601,0.6659791446164608,0.5656811928279074,0.5561250495961888,0.5700167341425373,0.5514928231266149,0.7122671688874587,0.11153376621366153,0.1043568949448658,0.18622206050663134,0.8953768763089767,0.3046921643680336,1.3775714933918448,0.020263482302243046,-0.09593773594961814,0.42124978150705317,-0.07467444375349643,-0.11134402900398167,-0.10993328547196417,-0.06852841810246976,0.039574013418232065,0.22939256735752436,-0.1702647900115685
0.38785847095399884,0.5331968459533476,0.7581009355119566,0.34924785360146765,0.423100145153603,0.5610494602262845,0.45657794480555647,0.4567851962088529,0.5205696431303309,0.39428027976961,0.488981187263558,0.4289203764982635,0.4916593773100707,0.4769464134533304,0.479032139332874,0.3748174711648178,0.5325595093438806,0.42229392792173964,0.5064638921967135,0.4007596192801376,0.7502544457040188,0.552730421705236,0.4157607787415158,0.5040704484760613,0.4306777996434037,0.39024836952403325,0.36178931845659384,0.4545084498667429,0.4704712817107369,0.5261207230021879,0.44738763937709214,0.44138839608073394,0.5656951200897509,0.42885989014896586,0.3804874045964521,0.48723244194804094,0.5492346313153266,0.31398808098346254,0.6381623964838727,0.3752914844228611,0.4369252660332627,0.4504017718903282,0.4816692030553789,0.13078978245568915,-0.005303040095709001,0.25495233802048795,0.6813803535869151,0.12811263868219225,0.9508184710737742,0.09397626369304744,-0.006065859095688024,0.0487255590298812,-0.012267929858621185,-0.15672299457204375,-0.15874870801124996,-0.011829319797380052,-0.19969793908330236,0.2807249523949859,-0.033510596779793934
0.42161262877537053,0.4420992918053754,0.7287358335503232,0.47490566244531135,0.5928295896815888,0.6402539142917041,0.5629118027227522,0.5803864112605411,0.41348437191133086,0.5441286726368804,0.5301626276695103,0.47002632171523273,0.801389589701177,0.5113191504341753,0.36064873784981516,0.5003807119688987,0.640620621336832,0.4284640756906586,0.6243158575668021,0.41787374852947623,0.552730421705236,1.6763371805558136,0.8080562079533102,0.6824305497041047,0.5269304089871506,0.18225804054252226,0.49564593357277237,0.3941571836724161,0.8816447035818703,0.6215795748758411,0.4343673246696835,0.6926577420829866,0.5237607610676435,0.579153638926359,0.31018390830068227,0.6724573713484967,0.41127999454293057,0.36205881109651983,0.8800914038698643,0.3176089174254983,0.32510167155993863,0.41705586198401906,0.41500672186684273,0.14846716120045766,-0.1419145733297625,0.9204344132497482,0.9182792596601144,-0.5286843652316975,1.0643000305616581,0.22097912172602227,0.005501864675001614,-0.04626039882450904,-0.08095291776698448,-0.28957844643229697,-0.25014434825702636,-0.1145588465509269,-0.08565072730040937,0.2806713325046694,-0.09955616646675115
0.221615632352931,0.36755469179509626,0.5730266784957441,0.3969293793757042,0.3973276243049997,0.552273638705844,0.29520623889505315,0.5295606469645461,0.31197840716063946,0.5570289028316868,0.4414362434668,0.33646523229791453,0.4873857041627286,0.47667489747671576,0.36545205662084296,0.2918751861405409,0.4816489340614859,0.5742375458443331,0.42905144857305083,0.5593167733294256,0.4157607787415158,0.8080562079533102,1.7062983210728753,0.7587084532228986,0.5900461842074205,0.08598381937369479,0.34391448323202006,0.3793215546622608,0.9236783266233017,0.8520109133473234,0.2796888931611056,0.41061009790667824,0.5113770580353686,0.5782868912070579,0.40263579501449664,0.3678655154280923,0.5936453528554689,0.2887178948278602,0.7379320916058524,0.57730194822995,0.3486123417761094,0.4733937835255057,0.6039739285208351,0.10857757585658495,-0.05745029186894565,0.45608472114352355,1.0537076974445152,-0.0015648030374247172,1.154071000236706,0.19488520072400464,-0.11729710457796363,-0.16954729662896464,0.15905199537150355,-0.13937488088694036,-0.03377879985024465,-0.22740856275341265,-0.15842153205119514,0.152119128280459,0.27277520531527083
0.1613063702511406,0.39429990266916926,0.6484110404883296,0.39238521800403575,0.5263516670699716,0.6260219649483002,0.4904381317395582,0.570399565027252,0.5179316642127596,0.5172036634927432,0.5317165760675977,0.456931254143176,0.5835135446737693,0.5788151028569901,0.4894328663371947,0.4414856020928517,0.5709620544128269,0.40002540716622975,0.5429375961564672,0.5954884847412055,0.5040704484760613,0.6824305497041047,0.7587084532228986,1.2647458253029396,0.5309787784150811,0.23247185979023435,0.5797741053377338,0.7237529356328178,0.3733225848123038,0.885196603773592,0.561954466242683,0.6306178200078489,1.214467316465941,0.41157198185396354,0.4846306063812227,0.41618684137525347,1.002583914978996,0.40029780874230975,0.8104117505560661,0.4135873363495088,0.568682806363599,0.5766845169784434,0.654903097821336,0.09953989210318849,-0.22706458914837413,0.17394171808419992,0.8695019944720418,0.3076246102099456,1.6242556928514522,0.19987744735916016,-0.11999577974489427,-0.06521157839952534,0.16039516354334035,-0.2576766678968176,0.01987600552447248,-0.21056099181141036,0.023690872333793404,0.0901818917838214,0.17309081855344305
0.44707889850902827,0.42721113166811214,0.7443774323302931,0.35714262173542155,0.36984076507861274,0.5654644398751365,0.4406082634505533,0.5096066563623707,0.4597629818157023,0.4547682977077566,0.47480480958191845,0.47289821691103745,0.47589616373035504,0.5144369640612257,0.4731491503644692,0.38121263196940497,0.5282691500511492,0.40137554003221965,0.4666423362050473,0.540982792169098,0.4306777996434037,0.5269304089871506,0.5900461842074205,0.5309787784150811,1.1978398870122473,0.30332775251066885,0.43974437546874456,0.4380194497610799,0.924916730192605,0.7578922261141209,0.4128748147195718,0.4630010417675493,0.27314566714404453,0.647921785156887,0.5336713744154096,0.48237163445197045,0.5776718710819011,0.3554115573770727,0.6933381567982875,0.37564449475560024,0.42329551610910815,0.47227261435138546,0.5753672093183966,0.14828636874620119,0.12016019328532125,0.24243053858107505,0.7508371218642449,0.05051834486365475,0.8052680917069726,0.17930604325302252,-0.06343393769394999,0.1330817216351479,-0.1138740482567394,-0.06569603826783751,-0.06013019889833902,0.00837409895871637,-0.01822774710486118,0.19569854314266752,-0.21765465222311167
0.5153690907009891,0.4814286019867584,1.0171255699460031,0.3680592657001601,0.4122189560548323,0.6060779111875052,0.5466772975999964,0.5753686669442132,0.7769344683295624,0.43682308617317345,0.5097670876189556,0.5395758302016934,0.3547047225545505,0.5854804358686828,0.5181711301665214,0.3851390177860545,0.47526330907718445,0.5255163578657523,0.46849434284035046,0.5685409048992925,0.39024836952403325,0.18225804054252226,0.08598381937369479,0.23247185979023435,0.30332775251066885,1.8583563968782404,0.4241699005608797,0.2298154059482665,0.11082960347996598,0.3817400136917926,0.38553029287569135,0.5495623082630526,0.1692159916927179,0.5279954033950562,0.44541195761014046,0.49633048018322684,0.08703130147303721,0.36814007266198484,-0.4227232461112195,0.24318447080975936,0.880660814506626,0.5484590260418453,0.5501309890543188,0.14006939581001882,-0.5084694003689182,-0.1977875611324629,0.19948133782320027,0.33044584481581646,1.0605128253958926,-0.6973435314500981,0.05155113073550903,-0.18987957796928537,0.37462147496097203,0.12547871109482867,-0.11132125956412973,0.1612111912926102,-0.10649673315644922,0.1513262708089426,-0.15032488745470063
0.4880441955183948,0.6835705505244709,0.9740960634319941,0.3255024527148883,0.2480344879341354,0.5612063468037742,0.48456677515523144,0.5891005327188,0.6160753010190892,0.5606198669479527,0.545112540639374,0.5867052735000169,0.5069720716917154,0.43657011070362245,0.44596822136184155,0.34073844741091663,0.47353408988073425,0.10495096712916428,0.41502396574378075,0.5571962931246108,0.36178931845659384,0.49564593357277237,0.34391448323202006,0.5797741053377338,0.43974437546874456,0.4241699005608797,2.1418643500111276,0.5629155671915682,0.08676714917605942,0.35745056380836365,0.5504865650559537,0.5031228741898889,0.7239145696442413,0.4957775195119299,0.44356250625157434,0.15905446527279318,0.7417838519701573,0.3467133530544921,0.6155624951116059,0.3876923178805658,0.4974697252187186,0.4526534607916241,0.600720620436404,0.028273590515944944,-0.24567681308710265,0.40333638395442745,0.7799240887090539,0.24689175110998937,1.516838064602398,0.10984766892563244,-0.037468453728006806,0.3661870739973972,-0.021975894563446476,-0.15509605861542586,-0.08375658083179835,0.0311011800513555,0.07946994348649757,0.2849588985200789,-0.2688362177169498
0.3087276192313581,0.46783598117548614,0.7393687487794129,0.2690212229126771,0.28289234348492626,0.4222542698943108,0.3439408282912351,0.414494042197858,0.5160187824076352,0.42895454870566807,0.3981768405227511,0.30379192330298105,0.4498702640344986,0.47725503106477446,0.5099791742896104,0.3229149338904289,0.548889116735086,0.34796898929653713,0.4467361215406489,0.4158817587694786,0.4545084498667429,0.3941571836724161,0.3793215546622608,0.7237529356328178,0.4380194497610799,0.2298154059482665,0.5629155671915682,1.66517368144513,0.07512355934149849,0.6529848223303393,0.4756231931693069,0.3432519250328179,1.3408765020572126,0.12777096310846311,1.0429572824705802,0.07335137517475936,1.1238660579899253,0.29044542278297464,0.6864920231743512,0.41295996389341744,0.47509221272985924,0.5628199182253636,0.6989054509098103,0.04693889330296163,-0.048742452404291606,-0.04965198172872887,0.8487884864829672,0.49118919935088795,1.4071734704103827,0.5480546598179382,-0.13709824112567626,0.8160723692526923,-1.0595565264107363,-0.11932806350260351,0.2139216265652137,-0.022692648754190588,-0.09408549194916799,0.1337385917528406,0.12381688148754406
0.5547675029040472,0.5854063019003386,0.8084106988287275,0.4973021681532479,0.5108402187214919,0.6951015297658331,0.43854305751104067,0.6060257707932735,0.2913987425686182,0.509545748170818,0.5503029040697516,0.46623691569430303,0.6909652957542961,0.47866490877445556,0.4828031938927129,0.5159264555424636,0.581332735899574,0.545090223422782,0.6168748115358788,0.75495894881846,0.4704712817107369,0.8816447035818703,0.9236783266233017,0.3733225848123038,0.924916730192605,0.11082960347996598,0.08676714917605942,0.07512355934149849,3.1770720264831214,1.0076359712019614,0.12978646115806314,0.6155936220668415,-0.8479760912895746,0.9030383718316224,0.4577423533358409,0.7809646983866163,-0.2377637530565448,0.33065726785996313,0.9330478179307568,0.4892557179683773,-0.05379965201702361,0.28736024832027773,0.32459030209042183,0.0656533662957313,0.645763084880746,0.8152483465467942,1.0699412118054719,-0.6211232345673522,0.23049857356078193,0.6905715643508465,-0.42759106239023476,0.6492432417388943,-0.803632801223822,0.0436631646740253,-0.3764715963398914,-0.21900485554826285,-0.14050815122485202,0.4058873270010108,-0.14626655788984955
0.4734466133170414,0.5772417874941393,0.9377752551137774,0.27336838050282203,0.16664480249637245,0.5778166081295865,0.3770317168633834,0.6537169849344672,0.4687440417385478,0.45803593885299193,0.46021638390095315,0.286437802878154,0.5500627204547989,0.5762821651547961,0.4872383674073348,0.39480361284189763,0.5103439325450067,0.4993473942486471,0.40198105035209697,0.6654178119779853,0.5261207230021879,0.6215795748758411,0.8520109133473234,0.885196603773592,0.7578922261141209,0.3817400136917926,0.35745056380836365,0.6529848223303393,1.0076359712019614,3.0605735165181582,0.3940994439796666,0.6425185081233357,0.3026659939791531,-0.012081280762012342,0.9358351480774842,0.9040842915671334,0.16767997605832644,0.40751349672247394,0.9773527881911762,0.9429236748832214,0.5845981865230484,0.6562384865237081,1.2368718187712233,0.3607677001909536,0.5750098370865712,-0.2691577938855035,0.7053297008831668,0.24366283637993413,1.9807935002175403,0.054329525683054394,-0.022654874793535788,0.031124597708538322,-0.11935940821931297,0.13579771788610875,0.0906721216506291,-0.35279564180506473,-0.02935783917948667,0.19909706719709738,0.19395611968333817
0.35269564257820274,0.3803200516473191,0.6813182329062171,0.30284417521677903,0.4341423133625278,0.4989044570553085,0.440502824633776,0.4173647421108624,0.5220370175567288,0.4122127478410207,0.4565415202589656,0.4401376567716089,0.4403826824017112,0.4349543961782814,0.4564037043111745,0.33797825486361505,0.46341874955620915,0.3697607451422031,0.47274942954465604,0.4730209185071638,0.44738763937709214,0.4343673246696835,0.2796888931611056,0.561954466242683,0.4128748147195718,0.38553029287569135,0.5504865650559537,0.4756231931693069,0.12978646115806314,0.3940994439796666,0.8754869401114832,0.4749386678913724,0.7263515634348788,0.3875088628914139,0.2728793717078558,0.6304876706360422,0.7348110519713515,0.3727186888106568,0.5262980503079414,0.26126344220419095,0.5886290582056373,0.47863043621324475,0.4483606069038103,0.11141788922065478,-0.10249881937894391,0.18442186481908368,0.5260979442684534,0.18449110471718855,0.7533938081275869,0.10812249086527805,0.01693408099379257,0.025878034215333075,0.013067770914464564,-0.14160600117323957,-0.003476247395796564,0.08449297693968782,0.07997139665903684,0.08993556015553174,-0.26216042134319656
0.4290821514296835,0.3643335856806135,0.7330980785836716,0.35719985826152606,0.5855609168467539,0.5970919062198254,0.5427408251452627,0.5151645848589711,0.5138818709995965,0.44627786152555127,0.5180069217922979,0.5318434943593234,0.5950563492155928,0.5026661407594898,0.44526399884528234,0.5100898707373205,0.5086810594613742,0.3724842943101621,0.5895395780786395,0.5783007036548139,0.44138839608073394,0.6926577420829866,0.41061009790667824,0.6306178200078489,0.4630010417675493,0.5495623082630526,0.5031228741898889,0.3432519250328179,0.6155936220668415,0.6425185081233357,0.4749386678913724,1.0675515313840067,0.3868685995780866,0.511203308162322,0.3504499041475021,0.6284169916368098,0.28370829451013135,0.39641993061266106,0.5243464497945075,0.3513754588161942,0.47604982394382855,0.43512325532080787,0.43082569704581514,0.11124254558650115,-0.144982792820736,0.30976795247752215,0.6318102452900405,-0.032416925913619124,1.0184460573488814,-0.05460174638557799,0.021243790701534638,0.02063068862217914,-0.005341303249925594,-0.07429029796218121,-0.09595149926497315,-0.02701878532001083,0.3044851148783435,0.0247413297251139,-0.316379281519897
0.2200101312358481,0.4199905260963518,0.5924055263051127,0.38099539418677697,0.5487492582273923,0.567584933408955,0.48310544388496524,0.4473160824560999,0.5995423427949034,0.4866611092299504,0.4625880389602183,0.42398869271531225,0.46375280491888315,0.5471642334139599,0.481498458413373,0.3146678241602762,0.540125914572529,0.3577938112738028,0.4632135795378211,0.3859244014924022,0.5656951200897509,0.5237607610676435,0.5113770580353686,1.214467316465941,0.27314566714404453,0.1692159916927179,0.7239145696442413,1.3408765020572126,-0.8479760912895746,0.3026659939791531,0.7263515634348788,0.3868685995780866,3.4935836331337375,-0.17868899706733074,-0.05363557743379942,-0.22498528701111034,2.2623029702575144,0.3578085802073915,0.727379574900732,0.06925700839719934,0.6289219405547389,0.5998666969690815,1.038220569196412,-0.053757310405859626,-0.7973861950837396,-0.17868306265299053,0.9087686251171815,0.9081083307577313,2.449717220915417,0.4295860013140913,-0.28426673517262585,-0.3290872445510368,0.4923335133131663,-0.5817650056054526,0.31322058375878814,-0.10458334998142817,-0.07160094941037722,0.04478389620852756,0.32952552924324136
-0.03125961722233117,0.38753193187912743,0.5837500820213575,0.4646005956710761,0.5970177188738865,0.6259712288367351,0.5170723297234208,0.5564383782484096,0.5267083798372336,0.5330277891380902,0.566567597112159,0.56734922390653,0.5504543831625102,0.5263360933072484,0.4897342878113501,0.4608435347318281,0.5915735149547475,0.36989058640973377,0.6239864503543148,0.7041072739011242,0.42885989014896586,0.579153638926359,0.5782868912070579,0.41157198185396354,0.647921785156887,0.5279954033950562,0.4957775195119299,0.12777096310846311,0.9030383718316224,-0.012081280762012342,0.3875088628914139,0.511203308162322,-0.17868899706733074,2.331644844087516,0.3361194506679717,0.33934798988840315,0.8498072509923321,0.40492061803176044,0.4610153822055902,-0.1271089098237493,0.6564409509164753,0.598860885338601,0.4171407128721859,0.22558356711869154,-0.717187617347255,0.3168195197623833,0.9147881702311149,0.04901054248960437,0.702030970950172,-0.13629494582905793,0.012656926679547651,0.2513955170488303,-0.12391642318121622,-0.19267615955137848,-0.30752058823952616,0.002781093893699238,-0.18602018425999495,0.24957930136325254,-0.008807071309970375
