2.3284627693531905,0.4524991126176692,0.9911311591493481,-0.37054333610520057,0.31321717848354075,0.3206516117269233,0.5360111965842965,0.1768485584955444,0.544252310341897,0.30672993718867625,0.33064953265327657,0.3862447869273312,0.25389761606629996,0.5034563600239682,0.37512998957546534,0.37215552940047586,0.38109330637110145,0.42347262188522805,0.22232314703148168,0.3089258731525221,0.31995724252911056,0.4616482924105806,0.47990924143859987,0.2780138688870795,0.42302284550493946,0.4757645819225366,0.31536801397964576,0.16019876977701633,0.5649843200837947,0.4363509558169334,0.2640319283494062,0.4647157286604297,0.4443670370627542,0.49739267829889555,0.6233597111348262,0.17164233161784206,0.25988839504000044,0.16808739951874327,0.31033386853293105,0.3822366069072207,0.11054021712606538,0.34036842391626165,0.4569597458232248,0.033145603661311966,0.4084477966251225,0.14325391978442484,0.39615111969067374,-0.0010029137412223045,0.5960928807768697,0.04842624937746707,-0.17631051473863005,0.12879002202153192,0.09229420658942675,-0.056460307350832344,0.19310680702782673,-0.012430252548684904,0.21202305192498683,0.02287154987288688,-0.30510766229927805,-0.02495071477729578
0.4524991126176692,2.4050165504771344,0.9702065795060928,-0.14513746438917838,0.21745387829579074,0.4189588316981047,0.20867135351521335,0.3369331223931159,0.27515276132648386,0.2543428961690733,0.2620431441612554,0.2142998254758778,0.1987363300909821,0.0007718306457921366,0.42713494315721084,0.10387660619533325,0.30311752752714854,0.5259071512293508,0.3252344403791771,0.2871855150953104,0.29723002352195343,0.20058740088759625,0.3587507362455376,0.05279216452561914,0.27154299096414036,0.19839095005978175,0.18426020095772158,0.6222015629245595,0.3608661975752324,0.37195280445336054,0.09725501667344155,0.1082590226580226,0.3449990943980699,0.2934952183403119,0.3722902019451552,0.04122503636222068,0.6612195458857283,0.13270495455173664,0.34326785917586944,0.236918705983811,0.17483020674197688,0.28278094280753174,0.3433670296683646,0.03903096130759215,0.46700302950323636,0.0852605383817533,0.43995539925358496,0.0254732809879988,0.05082267502145454,-0.24263177773512493,0.2305986278809594,0.3736109435666898,-0.050670895440970795,-0.0328524180617423,-0.32434873343743087,-0.28343624463290484,-0.48343498852570077,0.43462305573924953,0.5419701536120313,0.2882812564969931
0.9911311591493481,0.9702065795060928,2.506007830499148,0.395349751963416,-0.14571951108546957,0.5594791497994105,0.5597164283397166,0.460867898779987,0.8219718033491329,0.5038893598996079,0.42804175233363384,0.45283458434501556,0.30468250861854757,0.2527887759976103,0.5119816073129899,0.30684957974671545,0.5287059914696048,0.5600801282083335,0.3291925178864381,0.3793755959980152,0.44299311669761565,0.5372845542729551,0.538935698256755,0.3019132870815912,0.42289368882656586,0.40981205394882647,0.35407133781618,0.6152755866282508,0.512278736956849,0.6719216605070214,0.26252619503339786,0.3684092869345133,0.5468898800591756,0.5097507282031293,0.6792917131343678,0.3362431093910627,0.4120421755218402,0.16384509817910914,0.6543816093245888,0.42350956991583727,0.19936529025673297,0.4303313769989815,0.5413507863139364,0.11191655060919511,0.588583449788873,0.10223047901821297,0.6597976429067096,0.00642122991954536,0.5047898210306158,-0.2081188346268254,-0.020573910441034047,0.5382244041176504,0.008215791050032133,-0.11867209382226754,-0.03445720738477032,0.01645692367908732,-0.0015822695850309693,0.09389335352187196,-0.1376842300227105,0.2704766824589887
-0.37054333610520057,-0.14513746438917838,0.395349751963416,2.7259957187523423,-0.09059401209957932,0.36020502980299474,0.6393732392777062,0.3981858426484901,0.37879861841063983,0.389377653827019,0.3753707700670537,0.5842908301697878,0.18391304816453086,0.6436454745509272,0.12543950939459025,0.5587481203608818,0.47910760364515675,0.1774190788320856,0.15682978077833987,0.2969282283489106,0.3277801832440664,0.4551699971387956,0.04755092600982386,0.1549076787914327,0.38724723121557486,0.47978263298956003,0.39428426206025546,-0.09357821934961244,0.5156971925003199,0.3082225386788301,0.25418024006096773,0.6171763980823388,0.3171132985018479,0.3379621381020037,-0.2372037550232234,0.6622093807164402,-0.24946300603567742,0.16635461208161084,0.33881542412216226,0.13383114865665907,0.25966569118201244,0.269482189505773,0.3065276423528002,0.1992007246283482,0.28747827970781925,0.0819604636326784,0.32145372146664986,-0.005176947523175985,0.13083532195886816,-0.40227700409236367,0.006900401610161564,0.16662128987894378,0.06294476386593266,-0.0167084944868111,-0.4519179690958175,0.1832055255142365,0.1698169472761527,0.48519524629552935,-0.6889979416256298,0.1241879924820912
0.31321717848354075,0.21745387829579074,-0.14571951108546957,-0.09059401209957932,1.297831731975826,0.2518752408840401,0.08108846110505262,0.31626135752043494,-0.06235759597334947,0.10054495737131906,0.17891795818133155,0.16458617547136295,0.15213634897596393,0.15641196844057645,0.2731511419538829,0.17734648380564946,0.13503660873352244,0.14997064211863328,0.5443200778135242,0.23344038686736188,0.08487960587259681,0.07661965756746754,0.14688654270471616,0.06932857865170759,0.13258625106231497,0.2599425007245982,0.1011269154306789,0.09674910249770449,0.08145481081071389,-0.2446953682278228,0.1545077299073328,0.10733132502425588,0.16492991222825493,0.21937939676121226,-0.2159357978180724,0.07896762450246908,0.3295962434370929,0.1531368278484629,-0.04544392543538643,-0.07460293168527195,0.21239895093979774,0.11105512074268735,0.016147913699307355,-0.029408066697745927,-0.13403801065419071,0.22567462318631396,-0.03679504801087892,0.0527422728049001,0.07672361187983173,0.47111225271736196,-0.04071499113738442,-0.17576869672884698,-0.0006054189219105247,-0.2105898449136178,0.006857940188229069,-0.21829736657718735,-0.1874049451340575,0.06003556853511196,0.3321856436666222,-0.10481210034493191
0.3206516117269233,0.4189588316981047,0.5594791497994105,0.36020502980299474,0.2518752408840401,0.8012332157544951,0.29118056439705586,0.4220907471160832,0.268922930433397,0.23985810389059373,0.3248425156169044,0.32089870108535806,0.18219718491687178,0.1782473139910876,0.3031431971300369,0.2544778898918673,0.3219552885307749,0.25749992964751706,0.4769471014838937,0.39812658041252513,0.25981334508466825,0.27187628651000223,0.2165691217922323,0.17868283316081954,0.3475490221947483,0.3754300494973869,0.23650228933473144,0.2342162220979855,0.42121149054284207,0.2625876790305293,0.1961716729750635,0.2588898818436753,0.1683286558190297,0.3148298426626754,0.3469619533878528,0.18980576979226654,0.19308135278924618,0.19617802100532852,0.26816415272502003,0.20547964585968742,0.14323508104015847,0.2405467722617943,0.3144644091991546,0.0520492551463014,0.2660020276362206,0.08865810958509397,0.4202730024835022,0.024604191678469556,0.36558512897194473,-0.029150852139934638,-0.21230163025938678,0.23890660150635837,-0.06456813461735544,0.043232244767982465,-0.10155040049004653,-0.04465853117240421,-0.02543260527932053,0.17877184766858417,-0.05538759053609345,0.24013032146500826
0.5360111965842965,0.20867135351521335,0.5597164283397166,0.6393732392777062,0.08108846110505262,0.29118056439705586,0.6347691983074254,0.2308821529889123,0.4021464164759605,0.293111718639873,0.2909846992877762,0.3910097088768258,0.18606249328559726,0.22959967217435448,0.21056362773674453,0.28894777734698,0.3232744515274443,0.28603612735091966,0.14203148918753042,0.12809611444726074,0.25841462482348465,0.34145319904707844,0.25872387985450274,0.16755530514238517,0.306066128830916,0.29309942781521864,0.23150709115545912,-0.030363043984268822,0.4185999111075686,0.2794457582867674,0.1834202757044734,0.2798021060836468,0.2900959034820306,0.34561165752461126,0.2446343923066413,0.3004111101063849,0.01422994625461697,0.0766179119912014,0.34172089713874687,0.1828791378184008,0.10562144428871122,0.22946132347153797,0.25987771169488766,0.06937168264522506,0.22556039541483103,0.08654433970591024,0.2520459674786837,-0.0011110036450891784,0.3475037387693664,-0.12417303919603341,-0.09953832533305078,0.14843171501676722,0.0759456791289311,-0.04916046425599173,-0.047994418237982804,0.11744795605231588,0.006975744909033222,0.11288670439261254,-0.28434978910028613,0.11237591240195971
0.1768485584955444,0.3369331223931159,0.460867898779987,0.3981858426484901,0.31626135752043494,0.4220907471160832,0.2308821529889123,0.9657424471161001,0.07349973241142532,0.24288613660489705,0.31265265677482673,0.16014014780741914,0.18852967652148228,0.155720325302616,0.2618915463536895,0.2063254659038544,0.29865288515112404,0.3286346476804925,0.4019012634250038,0.4100343697730404,0.19886958078840378,0.16265397948181698,0.24666949324938023,0.1236679535881786,0.33204340596392246,0.33291889789680307,0.202009211128301,0.4275183899491854,0.2451434751278161,0.32611014843054564,0.17324560008821396,0.19135559668511884,0.1992178798147089,0.2818057871333844,0.386552486365955,0.0971652537771219,0.2967114296028477,0.19231327318173083,0.31703423494952054,0.2233046820831004,0.13859122721470973,0.2034441006715407,0.33147456230295275,0.06931382393462941,0.32853326432843283,0.07425474455065215,0.493297670507937,0.05282110125768686,0.1802815592426047,0.028872554754678387,-0.05828424127467168,0.2149260098586924,0.038634285148557726,-0.0928394236212955,-0.07615985879251387,-0.05654504059278823,0.0634484624856254,0.1873691911250655,-0.15044187419221128,0.14382555239449743
0.544252310341897,0.27515276132648386,0.8219718033491329,0.37879861841063983,-0.06235759597334947,0.268922930433397,0.4021464164759605,0.07349973241142532,0.8996809056595273,0.29129392200918935,0.2396108130172157,0.30010103919860925,0.1919121948036154,0.2735169883211902,0.14979112314848428,0.2755638858790937,0.3576677785790235,0.32959654627123736,0.058417726353154786,0.13765068550879492,0.3212968035134099,0.5343690453473875,0.35978478931115304,0.2543814929072063,0.23324192959850185,0.33021615258218795,0.22863007191547838,0.1464740721127516,0.40082968453462064,0.33427888329063266,0.18994343142092712,0.3186605031033167,0.3897351688095999,0.43173227911126155,0.3311087834885498,0.2561965171313714,0.16676272837526865,0.08388132404117907,0.39806558835749667,0.22454092183482646,0.11283133957962356,0.28867065947020387,0.3374199376129798,0.08012559750743331,0.28966693255779896,0.08335749163086895,0.35287165749466537,-0.07978267346394902,0.44571944950374315,-0.12612259228108552,-0.1114708408164912,0.10799932154027386,0.09905707740413373,0.01724041170138549,0.12001389239585458,0.19628332481590471,-0.0637998027295082,-0.14367524372220908,-0.11885414456532363,0.17411160126997224
0.30672993718867625,0.2543428961690733,0.5038893598996079,0.389377653827019,0.10054495737131906,0.23985810389059373,0.293111718639873,0.24288613660489705,0.29129392200918935,0.6231891959518097,0.2811733158939335,0.2931965385013031,0.19307505035369996,0.17926919574514685,0.28532110546495665,0.2368123335232275,0.3297141228336061,0.3324571479257891,0.14948757978262345,0.24732288687001913,0.26409822654087,0.26137736726196015,0.2866504533852912,0.2056676071444556,0.2631188654817012,0.24780132634968052,0.22358874386578606,0.23036904711592635,0.3329117710534595,0.3069074587095567,0.22212322737502932,0.23071301158120053,0.23928446187144875,0.31950511634612483,0.3161457215712819,0.22282361170031542,0.20633804799920394,0.1259960788369792,0.3500210673032419,0.23042595702371133,0.14531804553199046,0.2426932086038508,0.2881514341676073,0.05464649019007935,0.33692479517317364,0.08661643258867358,0.35157521599744584,0.024185822976760814,0.2663925927985056,-0.11886391323769613,-0.076411296196052,0.16491035726902797,0.12212268465270144,0.003909321865106511,0.07002987825896938,0.04786999946450947,0.013128691367037704,-0.002527454110449133,-0.13274791789679022,0.13620616868523291
0.33064953265327657,0.2620431441612554,0.42804175233363384,0.3753707700670537,0.17891795818133155,0.3248425156169044,0.2909846992877762,0.31265265677482673,0.2396108130172157,0.2811733158939335,0.4444916561339837,0.3366770809218297,0.19369300362496064,0.22230172447667562,0.2945648149219363,0.27576621713033417,0.38412581727675343,0.2711775119371,0.23076848734318586,0.3259106626236135,0.2577891721028618,0.26469335811433825,0.2681722089197974,0.20897635114848404,0.30674409719124585,0.2944379649262035,0.24216812203291,0.20341366258444712,0.3804478122495815,0.274671018892152,0.210644082797381,0.26784245373620674,0.24612114006355346,0.3644774639268484,0.35888377110999226,0.20833650204918702,0.15571756293099048,0.15678069216350082,0.31579642136659625,0.24912339556491908,0.09383870088131324,0.2518891638396049,0.3009109720274451,0.05118474060701809,0.36782957662875,0.09293499750167987,0.3268991265619488,0.022293924242475824,0.23650860633228474,-0.12061945846247477,-0.06794230553974764,0.16331753894893236,0.10345726002908012,0.01286143381931898,-0.045495353572844774,0.011420329792039968,0.037659829808149345,0.1128736415803074,-0.1591627670311088,0.14802905734227964
0.3862447869273312,0.2142998254758778,0.45283458434501556,0.5842908301697878,0.16458617547136295,0.32089870108535806,0.3910097088768258,0.16014014780741914,0.30010103919860925,0.2931965385013031,0.3366770809218297,0.6787557716418113,0.15801135891470344,0.29760099124041905,0.2631398352873491,0.34179051043112185,0.3590016471304482,0.2059786114755646,0.21018494555585135,0.24666638482936734,0.2629103900609717,0.31528122437995076,0.20010716876595608,0.19559540625949134,0.362319986796409,0.3237462193557565,0.3061022541974196,-0.07222466891354579,0.5037667915471773,0.2745520917717722,0.2084293528616608,0.3518939639488087,0.2547877725664113,0.3414541238331486,0.35563882169764743,0.37085836541168393,-0.09399896357433898,0.11097665351686299,0.3276977390380602,0.27867026032700104,0.04040317818448299,0.2480134906919333,0.27201601700046757,0.06568967410785935,0.3583825436386349,0.03779183135146802,0.23892632549774717,0.013546827164886652,0.2870805000844892,-0.2544816068362178,-0.021379699608695783,0.1816315511327004,-0.047928733890597375,0.034543921664368836,-0.06988886997954945,0.07666874101068946,0.046032083306618274,0.13671110952670198,-0.3400317520018647,0.08411031754861326
0.25389761606629996,0.1987363300909821,0.30468250861854757,0.18391304816453086,0.15213634897596393,0.18219718491687178,0.18606249328559726,0.18852967652148228,0.1919121948036154,0.19307505035369996,0.19369300362496064,0.15801135891470344,0.3812517564261671,0.13443244372579236,0.13568712482470607,0.17341753471824206,0.14078489587746265,0.18964442559533282,0.14588967248783716,0.09488489157394642,0.1402099457887974,0.18718576091900183,0.15888846873557888,0.1065228333663481,0.1578239873622534,0.1531772636709466,0.1633098787138092,0.08793110846984332,0.23194621330941853,0.19830702020641297,0.11702428133050972,0.17187488146140176,0.19703511501740734,0.19825474323723427,0.18253833976740494,0.11311792909528465,0.1011114554285919,0.05091176320628172,0.1717998625309098,0.13430333578632966,0.08678885238812886,0.14109123491762032,0.18686577411235375,0.05289764634314412,0.11375235967212739,0.07415841806653285,0.2235673052111307,0.003410415766051389,0.17251611919149085,0.04027504701248405,-0.02108494812592781,0.010837898555707139,-0.0016221362930736083,-0.009154652596664077,-0.052648842808312384,-0.009158769753533238,0.01257679091356782,0.12037934859355234,-0.07487178535136263,0.07039349523942255
0.5034563600239682,0.0007718306457921366,0.2527887759976103,0.6436454745509272,0.15641196844057645,0.1782473139910876,0.22959967217435448,0.155720325302616,0.2735169883211902,0.17926919574514685,0.22230172447667562,0.29760099124041905,0.13443244372579236,0.6656747636833047,0.14599760306472184,0.40723338040748375,0.3246768130073392,0.11908989978525764,0.14347969135226982,0.3376699775614884,0.22533457834114437,0.3362902962626193,0.10410512879251664,0.166317765507154,0.2799237219187835,0.45478919082979075,0.28715571000000595,0.0763340902578188,0.4017807806042082,0.273060615010314,0.20274871397176933,0.53589079355506,0.284083205472165,0.3080002180412192,0.16382028661683593,0.29293434892487125,0.002020507200418948,0.17711510674904773,0.09035080027158647,0.21507094595706333,0.15381444084465312,0.24145379162822247,0.30347751573707193,0.07382300768363213,0.2678768013033844,0.058119613353211357,0.2500249390420634,0.0007150116670587819,0.2454721002149559,-0.07399977799413542,-0.09408183710946193,0.034789210292695535,0.07330794623610623,-0.00431937022772792,-0.09827622210084822,0.005464241107544624,0.20564049957800157,0.17450644952388306,-0.32000866161126973,-0.053472092727086425
0.37512998957546534,0.42713494315721084,0.5119816073129899,0.12543950939459025,0.2731511419538829,0.3031431971300369,0.21056362773674453,0.2618915463536895,0.14979112314848428,0.28532110546495665,0.2945648149219363,0.2631398352873491,0.13568712482470607,0.14599760306472184,1.0104002922298259,0.1694951684297898,0.2624631037404465,0.3265922310818417,0.27977516515441525,0.3591063812132482,0.24394146324629848,0.1587787562018204,0.3007436558633842,0.25310209730336336,0.35972362614972786,0.3597464349956469,0.19775617084686303,0.5295581460104523,0.2984543139624245,0.2756951013070059,0.2332214308662655,0.1627451624138378,0.1878681641948605,0.42365341455962996,0.3512113468827701,0.17738865411636515,0.27021433408625084,0.1543602446001542,0.1741546952166661,0.166286220012919,0.21819107127852674,0.25760571018721345,0.3153878847801089,0.03516483352376824,0.19289499438341423,0.07651372934660039,0.31463453569435523,0.07034185515894162,0.22660344444595173,-0.1811366021080552,-0.17451686197159028,0.2839518430377444,0.21274670519825373,-0.027418331724420066,0.0018997873789121658,0.09988900731724211,-0.19085602661506798,0.02257278935823285,0.12450670212240132,0.11897573699456657
0.37215552940047586,0.10387660619533325,0.30684957974671545,0.5587481203608818,0.17734648380564946,0.2544778898918673,0.28894777734698,0.2063254659038544,0.2755638858790937,0.2368123335232275,0.27576621713033417,0.34179051043112185,0.17341753471824206,0.40723338040748375,0.1694951684297898,0.5691902794591246,0.37888247469363096,0.18550475263026733,0.18970876174874235,0.26017090768266,0.24587756401416153,0.3978850478871527,0.18188474187016065,0.18110668869555216,0.2970917050656807,0.37912450715584844,0.29160335382067765,0.15692829164485844,0.42754641148896616,0.2844418059322715,0.18374163094022317,0.397673656199354,0.28072942292547315,0.3342025695076398,0.31551988171415685,0.2604615880171116,0.03197393050304568,0.13161084338833182,0.19974681008046866,0.24824148781859287,0.1418563259850572,0.26484615520164684,0.33159633710248615,0.07905610416757326,0.2725924817804827,0.04931376231679232,0.2836722363445303,-0.027015593377942515,0.35615291834922,-0.12970644023784036,-0.10261965321390111,0.09213693774642445,-0.017738038667976557,0.02885320036173551,-0.09818430511090835,0.050781799621614054,0.06074970188263243,0.22863390293790592,-0.29515860061013593,0.03297832430210644
0.38109330637110145,0.30311752752714854,0.5287059914696048,0.47910760364515675,0.13503660873352244,0.3219552885307749,0.3232744515274443,0.29865288515112404,0.3576677785790235,0.3297141228336061,0.38412581727675343,0.3590016471304482,0.14078489587746265,0.3246768130073392,0.2624631037404465,0.37888247469363096,0.9443547143749437,0.29965842512247226,0.22585265672338442,0.4963628110957885,0.3699675871656168,0.4096860475301457,0.39276967357048437,0.24763949866033816,0.36383741333488917,0.3070672065115793,0.29386676085789476,0.29814182883688706,0.47827113082791106,0.39505065498142816,0.19918300437581737,0.35388464439550754,0.5013815290420685,0.43536200063931585,0.39854704403082314,0.13961928563287093,0.44467352440075736,0.232587128861139,0.5007016970923149,0.3355606693009849,0.1820714061228677,0.3578490870543912,0.43711424628073325,0.06909531076363436,0.5629737160706151,0.08504311000309614,0.4485636819886956,0.037789864695478875,0.4987015898241834,0.0025973216216945718,-0.15127593730707684,0.3567544408696066,0.10547852910297909,0.006812865826071879,-0.013188891450793999,-0.05531699932649133,0.002770602378562353,0.11229196723581925,-0.04317200536005728,0.17090694962224742
0.42347262188522805,0.5259071512293508,0.5600801282083335,0.1774190788320856,0.14997064211863328,0.25749992964751706,0.28603612735091966,0.3286346476804925,0.32959654627123736,0.3324571479257891,0.2711775119371,0.2059786114755646,0.18964442559533282,0.11908989978525764,0.3265922310818417,0.18550475263026733,0.29965842512247226,0.9119283974323066,0.17236106773368984,0.05328881464731435,0.2476297421378093,0.2705674719361795,0.6771171182499444,0.17488863668366622,0.3089856981531672,0.3448828881587361,0.12130767125646415,0.4152423570937237,0.383099228656655,0.19966197187807092,0.25115699899666516,0.16204885861338536,0.2370535447719207,0.47829322616495895,0.33420008416082964,0.1640515093028641,0.2913872744027648,0.04151696819303781,0.27566369698884363,0.2348713267542522,0.2406770044973212,0.21964292567804306,0.409180240401763,0.042747899892916615,0.35536218511584916,0.1336703448201153,0.5459115122224465,-0.01782611199552047,0.14438240200124786,0.010697235457658301,0.06987199817509426,0.16520623849634886,0.07112500860139792,-0.062447824737137135,-0.04344239543160139,0.09109192561463822,0.00026810781703566337,0.21489211114545123,-0.24818575614905836,0.10572671100146341
0.22232314703148168,0.3252344403791771,0.3291925178864381,0.15682978077833987,0.5443200778135242,0.4769471014838937,0.14203148918753042,0.4019012634250038,0.058417726353154786,0.14948757978262345,0.23076848734318586,0.21018494555585135,0.14588967248783716,0.14347969135226982,0.27977516515441525,0.18970876174874235,0.22585265672338442,0.17236106773368984,0.9652589384216377,0.3114160113385244,0.1628744374100423,0.14303937897983587,0.09676225596777187,0.11020800162114355,0.22789469684349645,0.24852243412610667,0.15163613525204553,0.3494649590325492,0.11586985991242618,0.01838422256368532,0.21713451290835403,0.18090874429573395,0.18396454583377073,0.19528491240000384,0.09293165397871746,0.16403129297133953,0.12614415947592902,0.1757425286151,0.1099127618125961,0.07018253821373277,0.19018727566208887,0.1646601174444452,0.13523266598584896,0.021303471380358888,0.17193551349557953,0.15522283981023835,0.02579956312080205,0.04878223492529089,0.12010047890060556,0.06410507526632864,0.1972367354826468,0.3436349094520629,-0.2624981011217736,-0.16772258006908955,-0.06346794513026802,-0.09997643947802066,-0.05222121057956096,0.1088277456954181,0.07076170505136149,0.10881035928597395
0.3089258731525221,0.2871855150953104,0.3793755959980152,0.2969282283489106,0.23344038686736188,0.39812658041252513,0.12809611444726074,0.4100343697730404,0.13765068550879492,0.24732288687001913,0.3259106626236135,0.24666638482936734,0.09488489157394642,0.3376699775614884,0.3591063812132482,0.26017090768266,0.4963628110957885,0.05328881464731435,0.3114160113385244,1.7362622499479967,0.2970308334707853,0.2524547494753868,0.19693041354461135,0.3060402151824144,0.29431241885487686,0.6452229926472358,0.42941778530116853,1.2029638754933367,0.13339199093024176,0.24954450020055377,0.18192803689180548,0.32595739222575254,0.25459288286738385,0.5389709161023204,0.4749260837257908,-0.05885285231085933,0.9719782684116218,0.7209643394039658,0.05117125179305566,0.3700214473928124,-0.15883840466111812,0.4476966449668563,0.6483127511455455,0.04268656177833047,1.1580850869239758,0.13140184209215974,-0.028043699133920165,0.1332097507587267,0.36854668104776417,-0.26861903067472204,-0.09606461655928324,0.10206466745671552,0.2315704813236653,0.004780328950423228,0.05733928977030692,-0.021621127931371983,0.004904696993027985,-0.05345454209789454,0.09427958859128047,0.1515586261289871
0.31995724252911056,0.29723002352195343,0.44299311669761565,0.3277801832440664,0.08487960587259681,0.25981334508466825,0.25841462482348465,0.19886958078840378,0.3212968035134099,0.26409822654087,0.2577891721028618,0.2629103900609717,0.1402099457887974,0.22533457834114437,0.24394146324629848,0.24587756401416153,0.3699675871656168,0.2476297421378093,0.1628744374100423,0.2970308334707853,0.6672738997198533,0.3066366558259055,0.17867749725056611,0.26798735442389054,0.24805276272884966,0.2631354901596705,0.22193153120507808,-0.0498886715400863,0.3810791376901558,0.5155860785745403,0.3005754843135471,0.3060786255315077,0.41342007488181093,0.35158957634951055,0.38438220790782135,0.42727353361249554,0.23098858793450552,0.17289409464507083,0.6255895431148727,0.3977179835306183,0.29216734997300203,0.4910240291647688,0.4736765664374448,0.0817503350987603,0.7366010791626998,-0.020293971775825585,0.4450324504564053,0.11009235390340577,0.3132985227205349,-0.10176131144724578,-0.08140393173158056,0.12398451248398845,0.0896870346272792,0.06247689191901671,0.06050648999728136,-0.000578226212873161,-0.026824876231504476,-0.0009603491804255214,-0.02101307109187272,0.2678724250484832
0.4616482924105806,0.20058740088759625,0.5372845542729551,0.4551699971387956,0.07661965756746754,0.27187628651000223,0.34145319904707844,0.16265397948181698,0.5343690453473875,0.26137736726196015,0.26469335811433825,0.31528122437995076,0.18718576091900183,0.3362902962626193,0.1587787562018204,0.3978850478871527,0.4096860475301457,0.2705674719361795,0.14303937897983587,0.2524547494753868,0.3066366558259055,0.711987734359159,0.343299382918712,0.2335312317365562,0.2738856580392055,0.36180410716241274,0.26859908788630715,0.05908851068858113,0.5070145351659602,0.32523407298332113,0.16181764422465536,0.37500100001123043,0.3716304916201294,0.4197815229600422,0.31107475974470095,0.27928930778058964,0.12585004816572334,0.14064280018291123,0.3044752194301164,0.2507559987063784,0.17101245382942507,0.30056173458554475,0.371955762530462,0.09989881606508172,0.19987607808724217,0.13312577082496677,0.3215864830257296,-0.13631747426026208,0.6642265652595736,-0.09887502316685876,-0.11821339780553562,0.053115182959558756,0.010603138731543105,0.013269947794309496,-0.011267955817801977,0.10782402707595931,0.009445313324061181,0.07497609560448104,-0.19940784697493308,0.1181225847150795
0.47990924143859987,0.3587507362455376,0.538935698256755,0.04755092600982386,0.14688654270471616,0.2165691217922323,0.25872387985450274,0.24666949324938023,0.35978478931115304,0.2866504533852912,0.2681722089197974,0.20010716876595608,0.15888846873557888,0.10410512879251664,0.3007436558633842,0.18188474187016065,0.39276967357048437,0.6771171182499444,0.09676225596777187,0.19693041354461135,0.17867749725056611,0.343299382918712,1.8908056767454076,0.37332793229690153,0.3758664400946489,0.12691294855623936,0.13296269701429336,0.3608578267320246,0.6294901728233545,0.43373349913909626,-0.05208570436175845,0.10096910786932989,0.49493544467435435,0.6408490636451019,0.41982684780014373,-0.014971923146453476,0.4850939086349147,0.0012413309947128593,0.40406537805805737,0.27880014002542564,0.29173238301639076,0.2172579967086,0.3992961491828082,0.048794037777203134,0.0208348131764233,0.22541678605347348,0.6026245800576159,0.030848437879767075,0.6788611807358739,0.40715506585078587,-0.1898414192769334,0.15442107779876948,0.1724916243989408,-0.13859340658804314,0.07404367173751342,0.02387039764059945,-0.1251679808174119,-0.03873803825955491,0.16060772170402737,0.08199465510329983
0.2780138688870795,0.05279216452561914,0.3019132870815912,0.1549076787914327,0.06932857865170759,0.17868283316081954,0.16755530514238517,0.1236679535881786,0.2543814929072063,0.2056676071444556,0.20897635114848404,0.19559540625949134,0.1065228333663481,0.166317765507154,0.25310209730336336,0.18110668869555216,0.24763949866033816,0.17488863668366622,0.11020800162114355,0.3060402151824144,0.26798735442389054,0.2335312317365562,0.37332793229690153,0.8862992223475824,0.2548153890258295,0.08766681400477566,0.17987433646504308,0.36806792672386135,0.2705554373381009,0.24612641982127617,0.3858076448061028,0.20313330781946967,0.17231055792568772,0.4005084698932934,0.4059715198705975,0.24593324815638865,0.1865089829804797,0.1414743054155034,0.3423790447693371,0.2540563933329595,0.1487623224224176,0.2414142013458039,0.15660429892093694,0.017922599960612892,0.3109052261487354,0.09378363207497908,0.2528014049529316,0.05139175269103349,0.45359973334974657,-0.18171142685003075,-0.00732357370857732,-0.0037040797449808104,0.2223674513063343,0.043679425698594475,0.2393817603947365,0.07273120467262634,0.13718016592758916,-0.4856530242474647,0.11284497904817525,0.1813358684622925
0.42302284550493946,0.27154299096414036,0.42289368882656586,0.38724723121557486,0.13258625106231497,0.3475490221947483,0.306066128830916,0.33204340596392246,0.23324192959850185,0.2631188654817012,0.30674409719124585,0.362319986796409,0.1578239873622534,0.2799237219187835,0.35972362614972786,0.2970917050656807,0.36383741333488917,0.3089856981531672,0.22789469684349645,0.29431241885487686,0.24805276272884966,0.2738856580392055,0.3758664400946489,0.2548153890258295,1.4492269925259167,0.40526930539447525,0.24764943542025525,0.1131389202002695,0.8601089144877254,0.4189892368540389,0.3018935376323663,0.3127319715456892,0.20101077083040705,0.5665189244306069,0.5589245517892792,0.41325828024983213,-0.2693712843341469,0.15328323380400286,0.2311126036654869,0.25603009207989585,0.15215796915954358,0.24220401549543524,0.3818186838265393,0.08941682189666128,0.2903048437030143,0.1143699791068345,0.4564914058398782,-0.010662298516335184,-0.08949867332061019,-0.5883558527728722,-0.17525587584233468,0.27835448545891867,0.21541811667403035,0.020784841804768944,-0.04099334435196569,0.04016943771356605,0.029890663309646445,0.13007578676296508,-0.1972642201844206,0.12787401084200473
0.4757645819225366,0.19839095005978175,0.40981205394882647,0.47978263298956003,0.2599425007245982,0.3754300494973869,0.29309942781521864,0.33291889789680307,0.33021615258218795,0.24780132634968052,0.2944379649262035,0.3237462193557565,0.1531772636709466,0.45478919082979075,0.3597464349956469,0.37912450715584844,0.3070672065115793,0.3448828881587361,0.24852243412610667,0.6452229926472358,0.2631354901596705,0.36180410716241274,0.12691294855623936,0.08766681400477566,0.40526930539447525,2.0922990642383756,0.34740137053598685,0.24651581550173435,0.5749738598952118,-0.1716705649483916,0.21624845426643305,0.534295600930324,0.04770626740965303,1.0324790736385945,0.5522489810811664,0.46102881977389004,-0.8057606658161406,0.305104873282852,-0.9769683146793625,0.13771249677216635,0.04704171443158337,0.3437727639257737,0.5126704131255823,-0.02774066142159085,0.004908749283091163,0.10538202064159856,0.0915354150468918,-0.027414176837326658,0.12740344269590279,-0.12542608253894352,-0.4205735550928066,0.043861273750058216,0.20256482078915738,0.038583498825100086,-0.1936815112962063,0.07177176319964822,-0.022642150604137126,0.32641249455752436,-0.16854665072575142,0.2204889988509879
0.31536801397964576,0.18426020095772158,0.35407133781618,0.39428426206025546,0.1011269154306789,0.23650228933473144,0.23150709115545912,0.202009211128301,0.22863007191547838,0.22358874386578606,0.24216812203291,0.3061022541974196,0.1633098787138092,0.28715571000000595,0.19775617084686303,0.29160335382067765,0.29386676085789476,0.12130767125646415,0.15163613525204553,0.42941778530116853,0.22193153120507808,0.26859908788630715,0.13296269701429336,0.17987433646504308,0.24764943542025525,0.34740137053598685,0.45682066406712135,0.20006672594979766,0.2871929568204246,0.2321761459185356,0.17628022817643194,0.3387867043443921,0.24540970491566566,0.33896006417097435,0.2952754134781359,0.2226691023921601,0.14751883390101317,0.18995506111242963,0.1711788570152422,0.2357346921163863,0.003938954309914971,0.24821980357045054,0.35576091083169215,0.0623242242115615,0.4261422526128011,0.0457835288621796,0.17965436874270016,0.03508486194259202,0.28849869532540157,-0.1735663942570103,-0.06562753459161864,0.1398938965127914,0.020534744723094307,0.02789585234840876,-0.042049101404656,0.036369972588497154,0.09514965703251475,0.10524592045997061,-0.20700170256359596,0.09705964286551404
0.16019876977701633,0.6222015629245595,0.6152755866282508,-0.09357821934961244,0.09674910249770449,0.2342162220979855,-0.030363043984268822,0.4275183899491854,0.1464740721127516,0.23036904711592635,0.20341366258444712,-0.07222466891354579,0.08793110846984332,0.0763340902578188,0.5295581460104523,0.15692829164485844,0.29814182883688706,0.4152423570937237,0.3494649590325492,1.2029638754933367,-0.0498886715400863,0.05908851068858113,0.3608578267320246,0.36806792672386135,0.1131389202002695,0.24651581550173435,0.20006672594979766,10.891891288153607,-2.1830667272152104,0.03610824347837767,0.571604938686776,0.06505154761286697,-0.06560442589236418,-0.1802260747912217,0.3550245236617197,-0.46533327160188687,2.2667994646254055,0.5709585484122878,0.2223164478121993,0.11621444057584505,0.8408891254221622,0.39484043816557024,0.22221413534199083,0.24078693468033854,0.7703988109228757,-0.1149017520985494,0.22390255961658737,0.19329336799354707,0.71608621551413,-0.9002270602623842,0.2667299520807694,0.3278093505526674,0.5807454918345822,0.173661084329959,0.02147833852046568,0.11184173665109974,0.09574511843746823,-0.15562303147991136,0.4388672740601733,0.28255376327922155
0.5649843200837947,0.3608661975752324,0.512278736956849,0.5156971925003199,0.08145481081071389,0.42121149054284207,0.4185999111075686,0.2451434751278161,0.40082968453462064,0.3329117710534595,0.3804478122495815,0.5037667915471773,0.23194621330941853,0.4017807806042082,0.2984543139624245,0.42754641148896616,0.47827113082791106,0.383099228656655,0.11586985991242618,0.13339199093024176,0.3810791376901558,0.5070145351659602,0.6294901728233545,0.2705554373381009,0.8601089144877254,0.5749738598952118,0.2871929568204246,-2.1830667272152104,3.780002721553533,0.44486747182157355,0.08312856370898226,0.5250918171651723,0.25192256570931526,1.3528273979601584,0.7410984169762849,1.0552807025223756,-1.7424529644798703,-0.0553949666759765,0.09897429553423281,0.3577045243072522,0.33919707363597135,0.21181591089466859,0.2099857960064543,-0.16711305316730726,-0.39226683871339213,0.1884665628583727,0.6498517329193183,0.005659456614638895,0.9920008320160216,0.37242473076878235,-0.9440825080188743,0.37904385316650907,-0.2881231241647845,0.07898039169075276,-0.21171246535064767,0.1203036697868271,-0.10833370037406767,0.30906361226275236,-0.27272054816491853,0.01556694018043271
0.4363509558169334,0.37195280445336054,0.6719216605070214,0.3082225386788301,-0.2446953682278228,0.2625876790305293,0.2794457582867674,0.32611014843054564,0.33427888329063266,0.3069074587095567,0.274671018892152,0.2745520917717722,0.19830702020641297,0.273060615010314,0.2756951013070059,0.2844418059322715,0.39505065498142816,0.19966197187807092,0.01838422256368532,0.24954450020055377,0.5155860785745403,0.32523407298332113,0.43373349913909626,0.24612641982127617,0.4189892368540389,-0.1716705649483916,0.2321761459185356,0.03610824347837767,0.44486747182157355,3.5235608601290145,-0.058015589162266665,0.3994618347878786,0.7729054064555826,-0.9195456439141628,1.178556047071224,0.5384994317569364,0.5674889384715186,0.0684630073282702,1.321451295540495,0.8284730372638548,0.6439499219909339,0.500037569786279,0.920099710474661,0.38338480544044706,0.6273332812872862,-0.508735507742656,1.9249923885446862,0.1803124143088018,0.3837313044943998,0.012408510494506675,-0.6750091155100749,0.2917234492428555,0.1455863534931509,0.17631823942528682,0.21071955975933612,-0.2662459611083002,0.16133459951516957,-0.0040741799020619675,-0.053662121886010425,0.3098349419309238
0.2640319283494062,0.09725501667344155,0.26252619503339786,0.25418024006096773,0.1545077299073328,0.1961716729750635,0.1834202757044734,0.17324560008821396,0.18994343142092712,0.22212322737502932,0.210644082797381,0.2084293528616608,0.11702428133050972,0.20274871397176933,0.2332214308662655,0.18374163094022317,0.19918300437581737,0.25115699899666516,0.21713451290835403,0.18192803689180548,0.3005754843135471,0.16181764422465536,-0.05208570436175845,0.3858076448061028,0.3018935376323663,0.21624845426643305,0.17628022817643194,0.571604938686776,0.08312856370898226,-0.058015589162266665,1.134482427701424,0.26893607721980056,-0.04797666734242722,0.14700718906832483,0.30356326505640846,0.6637763876859425,-0.1786376570993658,0.19740582924808536,0.2534936709891705,0.2502619258094216,0.14209022033346522,0.22826111728074247,0.06373944432404986,0.04765501693888613,0.40484945525465027,0.08334099097973337,0.11619104636686355,0.010825986686756677,-0.3350956457140399,-0.32169099923337013,0.2564515582415045,0.05011423168973051,0.06273401677832344,0.027246613263729902,0.08980626058467593,0.05728193736993631,0.23028700325737678,-0.17810872545038775,-0.20720343976980896,0.12720889813162098
0.4647157286604297,0.1082590226580226,0.3684092869345133,0.6171763980823388,0.10733132502425588,0.2588898818436753,0.2798021060836468,0.19135559668511884,0.3186605031033167,0.23071301158120053,0.26784245373620674,0.3518939639488087,0.17187488146140176,0.53589079355506,0.1627451624138378,0.397673656199354,0.35388464439550754,0.16204885861338536,0.18090874429573395,0.32595739222575254,0.3060786255315077,0.37500100001123043,0.10096910786932989,0.20313330781946967,0.3127319715456892,0.534295600930324,0.3387867043443921,0.06505154761286697,0.5250918171651723,0.3994618347878786,0.26893607721980056,0.7611295287527532,0.31318745172913287,0.34268111022373265,0.2873866245816637,0.3804588993650495,-0.169094760625592,0.18328307808613287,0.14376390261983088,0.2887905060718692,0.058094034145887104,0.30137383964383,0.3265342069897343,0.07371049963860937,0.40464966071195,0.036474487723449356,0.3325354128000759,0.0010214562967310792,0.2765098338921011,-0.20617972788331904,-0.08542664482937914,0.32874149322009905,-0.17246620371494614,0.11933852638627246,-0.09085744599012624,-0.00897386010220009,0.3363460618514713,0.09825587537709113,-0.3424842077185498,0.17253587946758633
0.4443670370627542,0.3449990943980699,0.5468898800591756,0.3171132985018479,0.16492991222825493,0.1683286558190297,0.2900959034820306,0.1992178798147089,0.3897351688095999,0.23928446187144875,0.24612114006355346,0.2547877725664113,0.19703511501740734,0.284083205472165,0.1878681641948605,0.28072942292547315,0.5013815290420685,0.2370535447719207,0.18396454583377073,0.25459288286738385,0.41342007488181093,0.3716304916201294,0.49493544467435435,0.17231055792568772,0.20101077083040705,0.04770626740965303,0.24540970491566566,-0.06560442589236418,0.25192256570931526,0.7729054064555826,-0.04797666734242722,0.31318745172913287,2.3394535544725548,0.26041301793888216,0.22461282562239088,-0.46766375605682087,1.04166885850006,0.10287802204431179,0.5396735524948887,0.22389845994685093,0.021406442227541324,0.4313079557021767,0.45893238816938875,0.043024168198723706,0.30813461668053743,-0.11948779832482685,0.621007308344012,0.2615749121823255,0.7766305502545865,0.7740479321207544,-0.491284036907671,0.6448414595732328,-0.2537438770999573,-0.49445864756357844,0.00648158429670828,-0.057591266049085724,-0.1971637674362954,0.10621768643559368,0.11391643472018283,-0.1343140177457108
