1.2463755881969896,0.4815839615811843,1.0326902144334467,0.11342519260525467,0.17772343773561267,0.24827788255603922,0.28353879450327074,0.1505845070644013,0.1436546382261605,0.25805259340092623,0.20029448369349173,0.28041020149203305,0.09858767022633748,0.25579270807497007,0.22645382006181503,0.15031373631977984,0.14068149334439703,0.2226887667765585,0.12188407543288197,0.16145494502741625,0.20996611342275665,0.24587903053177176,0.14060529582210374,0.007346219296046264,0.2818549921241784,0.10451162967056186,0.32742788871594164,0.1678239296729141,0.21942446141103059,0.17702373444926758,0.11269749774924223,0.24008733144372843,0.13607290986665704,-0.0664665037799827,0.19259372658502108,0.22817833194120926,0.1025079015146003,0.3538917632144178,0.25052050420781935,0.1881005599772729,0.1991610173444467,0.19461860726515498,0.24974546985759977,0.17195120631418545,0.23201540749013355,0.13166451377075572,0.08724536148406375,0.011034616555008814,0.23348535412475252,-0.12075437611929273,0.0324970403701209,-0.026080366936863133,0.05202018865643467,0.029758948470389315,-0.12132301966497443,-0.01626184341337979,0.2277686708789849,0.3388053608793145,-0.4545999310417075
0.4815839615811843,1.6004740103645125,0.9892929846100443,0.12051426349076377,0.11473741164177205,0.31616597994125545,0.23111949841568616,0.25051467457432536,0.21009789283335262,0.26148756956382324,0.21340402257876148,0.2218499614554809,0.11967044680445435,0.14385610831400988,0.4052741793604403,0.12673886323671174,0.2960237363152004,0.24152477811444562,0.012660653304317114,0.37904806888369064,0.32130395641031106,0.12391373200576518,0.06098871634097252,0.013299255687060888,0.21511778689713004,0.23876966332426988,0.31489840623531457,0.2164270234825578,0.43074102228438893,0.13710586105840145,0.12367872973101036,0.14563102226152932,0.14596270866568326,0.21479315908067664,0.21177516710514768,0.3337375253130264,0.35899187205761235,0.27000120418967205,0.17113182033064073,0.19559274108105287,0.16585804980365101,0.27881121435990186,0.3254349124804137,-0.07074120899962653,0.564883040232058,0.09919052216158179,0.12223730653904157,0.06664266080343408,0.07328572260895037,-0.07096365054653518,0.10064298954718999,0.13184513817894503,-0.03255316610145733,-0.051214231421505774,-0.21046519643028103,-0.11639749381015094,-0.39967661588397463,0.37483511194620533,0.11780865213025374
1.0326902144334467,0.9892929846100443,2.4520816480674674,0.13765259732053642,-0.02894681417990557,0.504341578453702,0.31253159205608483,0.4732684603124148,0.30808770431795274,0.5859058784831374,0.3749224711664579,0.3396062801688638,0.15543093139790487,0.2627451596790956,0.3994833728538427,0.14202536365078908,0.4222270568439809,0.1917931247315643,0.16755364782341092,0.3354675454143218,0.3590253458578924,0.3497127450762944,0.24112124184155817,0.2749909734716827,0.39485049143341056,0.21643744042667373,0.45070307764049117,0.21899769803650979,0.5045296954178102,0.1526021220201997,0.20940320967852527,0.22257426289971144,0.1361230140673994,0.19462383948548762,0.3547847139878147,0.4235958228221987,0.2944563592163773,0.40448872043354556,0.42347342561377943,0.2701499006913696,0.2662154566588054,0.33522420313467544,0.3918155816672274,0.1578519728094291,0.409011052445751,0.219686071847919,0.17426514601470536,0.027637829588851207,0.2511028372822442,-0.011689289051693337,-0.05393990536083576,0.06776559301834721,0.16831632114031825,-0.11191386293481083,0.1697041557656588,0.14252015571963703,-0.008470531002961683,-0.17177708461731,-0.098126124576818
0.11342519260525467,0.12051426349076377,0.13765259732053642,0.538870251844971,0.36779246417821837,0.25000833214664386,0.2245109044515908,0.137380968022413,0.17513933116725758,0.19805676822562582,0.1378271783276396,0.20272198965202406,0.08129135174499202,0.16190891635125934,0.16916321105278526,0.16979850449432438,0.13590630124935474,0.12967411491868058,-0.05474056599850764,0.1842140677567939,0.13198166203140896,0.13247055337469266,0.20224951044997114,0.2348858367696911,0.14194917147362326,0.16965684820262802,0.04777423228873145,0.024298192300102165,0.1980383055059689,-0.07901795166684483,0.14894263925500006,0.14693912236113033,-0.01524475249434484,0.24628583674390178,0.10741193519001777,0.10596616413656729,0.1139056259132993,0.15481765211454787,0.14332074923726032,0.09242566314190286,0.16361083673082097,0.1286065750367315,0.19583937251862635,0.13356991973916846,0.21480279288299245,0.09889784765426266,0.16580504249561304,0.014678742669553378,0.10663330933057366,-0.08056440778803255,-0.04677483312022508,0.019259020000107825,0.056543431309971706,0.018686230092485434,0.11081914078829061,0.06441069770837518,-0.017530084325262544,-0.041480538480874414,-0.10891358607761774
0.17772343773561267,0.11473741164177205,-0.02894681417990557,0.36779246417821837,0.7504423918173507,0.16670053745543392,0.1772718522134336,0.13858935428650812,0.11572289302586262,0.14818833209049023,0.12867371075410103,0.17683144147362376,0.08882068675890409,0.17813015552531056,0.21174594792761386,0.16760295829763097,0.031871598735516427,0.1064773416512228,-0.07507488252313434,0.15531770656730123,0.08943922504243966,0.07104047101948861,0.16815963417656865,0.15104667855895465,0.13403200666662024,0.1893778262623657,-0.06411706711835587,-0.009231726530411665,0.18310131731964543,-0.07288305853818504,0.07611304008524154,0.17559158182475149,-0.06660091860496482,0.24164370658736514,0.1381360325458458,0.03800865814977448,0.008267480356455751,0.05016780544386582,0.059178421406733586,0.07882511136414778,0.19385188274026235,0.10326524479404127,0.10695893475338251,0.1366921600150499,0.12384957535348243,0.050136442158386904,0.14878064294606091,0.013089334223147724,0.13077058974263592,-0.22109358142883417,0.019326782765147262,-0.12008393981897612,0.08306345382419947,0.1799476178185094,-0.08879787256311546,-0.029903318212588185,0.020459251930699047,0.1524896042980604,-0.10098924630575756
0.24827788255603922,0.31616597994125545,0.504341578453702,0.25000833214664386,0.16670053745543392,0.7273212982663524,0.167771143114532,0.3094864650982636,0.10049413828810072,0.1960562702632101,0.23446615822307693,0.2175476768795189,0.11594292891207902,0.19007023275578655,0.29401587075296354,0.18525063425203497,0.3232148938271179,0.10585563960574633,0.08560293507820037,0.32424164971892877,0.2668280594961119,0.22224997210160008,0.14986857594880626,0.26291788597888155,0.23507228890713963,0.22128499579581565,0.19860976515267995,0.12457492758251247,0.3713467374514956,-0.03088074838519471,0.18393701231536957,0.18664737604184495,0.03294363886368128,0.27262672451244657,0.1618575431080789,0.19827305143285928,0.30785217538634607,0.3021064610539946,0.2663408088678662,0.16288373099110254,0.13237925968316575,0.23482413645759515,0.3038648558199332,0.18125926800848358,0.44213561282984376,0.15262382152610957,0.25056993694605073,0.025713002697961382,0.060234788008611526,0.1329663184338413,-0.2599795807474131,0.08347508549305825,-0.03914283309293825,-0.009003762753234798,-0.058548556195623595,0.0036229738138337355,-0.049261163482480254,0.13580031047565572,-0.11175996096743987
0.28353879450327074,0.23111949841568616,0.31253159205608483,0.2245109044515908,0.1772718522134336,0.167771143114532,0.4689471980284856,0.030521066310599514,0.27119956563838343,0.16314490918133298,0.19525928361008488,0.32493328505176605,0.08194490642155661,0.12452380299096626,0.0658904084120121,0.215283104320932,0.18882566032882736,0.23051330854803817,0.008764104780782728,0.1841486113150562,0.19229103168106712,0.22607816509781928,0.2537388113337799,0.2189628320495838,0.15469364673992667,0.12754719588143226,0.13237157684353426,0.07150555636794065,0.2134202612412452,-0.06868690204892183,0.18495458261556455,0.12724043374217872,0.07008153810517545,0.19477277504609602,0.05863717118003969,0.21673343174382798,0.2067685040433886,0.2510228612872975,0.2306447144081279,0.12401343870467951,0.15352286485411556,0.16808336015210767,0.25712294854413026,0.13464196613170804,0.2945037920352582,0.1458636569894026,0.11723554494173857,0.020536362367647578,0.16517629796837247,-0.028567739057590896,-0.0082048078640814,0.06542367258768289,0.005504490302837381,-0.07493185063942995,0.0855708572796111,0.05768661659575427,-0.05317493008736038,0.021056973589226407,-0.1928366304430766
0.1505845070644013,0.25051467457432536,0.4732684603124148,0.137380968022413,0.13858935428650812,0.3094864650982636,0.030521066310599514,0.7608991286162882,0.028493911505255085,0.24865445743147557,0.24257939569382764,0.068826378857495,0.1051699750241461,0.1852905997407087,0.21582897867817483,0.1080130749467036,0.3134016086740702,0.08575561120214402,0.0714794740088506,0.2630068930744829,0.12308754000813205,0.10452503711443852,0.1182584813193237,0.17744335717682974,0.23583528239094878,0.23849992577953208,0.25699687622560125,0.032976906997447666,0.20816448710905078,0.1059279415643284,0.11873763849432774,0.16237843908546498,0.05122009451800287,0.2560902279766013,0.09546830301445917,0.15575503117847178,0.1941071245790683,0.2221063291930358,0.23064472849563725,0.1060263888893078,0.11309281758335776,0.11663235565521618,0.1851173921913894,0.09318766647663783,0.23496245143698308,0.11804037354081985,0.1927861187264967,0.04249546226153006,0.15802391423434792,0.0647882914849381,-0.06619667131796683,0.06484616649092381,0.13315203627293848,-0.09372875339584597,-0.0701648276062742,-0.008203701014549996,0.11242986764044349,0.1258678563005341,-0.15850250676253222
0.1436546382261605,0.21009789283335262,0.30808770431795274,0.17513933116725758,0.11572289302586262,0.10049413828810072,0.27119956563838343,0.028493911505255085,1.1777820039219478,0.1725105558674676,0.08182349760622798,0.010121833689598556,0.03144038541421809,0.08696806775902721,-0.14576273711692764,0.027421757746833884,0.09420992687488859,0.07115634695294645,-0.33901117806152475,0.23531056829153613,0.09013462408256541,0.2204407792262496,0.30929060607580333,0.3424453197685173,0.026677410324497195,0.19400343787276278,0.0120676437243173,-0.03972036717177786,0.09716716549663637,-0.08307913007606353,0.13403534464982733,0.06645685988159276,-0.0021911538405356805,0.1638544481516452,0.029744608247212406,0.08005608874590235,0.08054048767339737,0.17739309360746305,0.2132796302605682,0.07835257493919201,0.08745633139644868,0.07353652693387858,0.16184897530434866,0.14064157391291637,0.11096334168144498,0.0022219614338752874,0.10924774740893031,0.01888676752990686,0.6142334338996558,-0.14338058477011703,-0.05118347665629462,0.04540746027584646,0.1727832217864487,-0.07777012652398169,0.23586498673242745,0.10752337704347875,-0.02332698034202262,-0.19884575279020966,-0.15081977445318742
0.25805259340092623,0.26148756956382324,0.5859058784831374,0.19805676822562582,0.14818833209049023,0.1960562702632101,0.16314490918133298,0.24865445743147557,0.1725105558674676,0.7826094562713674,0.08082189186171829,0.14404246730200373,0.10889668218089739,0.1409561101196206,0.19597615991480777,0.0826297273468935,0.1947406884688839,0.08794349532140248,-0.05339489991019784,0.14989470974019628,0.09998462543191755,0.17106691855518127,0.22943354303858696,0.2498831794337021,0.17766730988603952,0.12974302794074558,0.14181186915053673,-0.007040387880459882,0.20812228517945816,-0.018196775067801055,0.11064644134957512,0.11033934814269912,-0.02829969206604405,0.2513814851773555,0.1412110169654464,0.11195495946345585,0.08307769810787587,0.11891510419670803,0.17118977712454944,0.09439143256778927,0.19402884411596574,0.10739465247333695,0.1911000704900433,0.1303636787977768,0.06911941941045226,0.0985433831911477,0.1561771747488069,0.0022374141756788288,0.24723411142906382,-0.11072244716262983,-0.005132852560669646,-0.0404346852765416,0.19365182255502653,-0.03428706741446889,0.2695058531960342,0.1705829772201838,0.042904702007403234,-0.2593238157718627,-0.09089989138320344
0.20029448369349173,0.21340402257876148,0.3749224711664579,0.1378271783276396,0.12867371075410103,0.23446615822307693,0.19525928361008488,0.24257939569382764,0.08182349760622798,0.08082189186171829,0.7580725627699797,0.2760924769928578,0.0790211242329464,0.12826110394552134,0.1574855968457105,0.2387153044570361,0.31343506950070754,0.1788569344278693,0.012748972238517755,0.3386635319776573,0.19790634542355157,0.1142908443962719,0.14900929338975513,0.18196717408802132,0.2288656024546406,0.2223923076549428,0.19726239653409156,0.10265178055696512,0.2861046675036731,-0.07604816667467461,0.19235306804673702,0.12798105073741814,0.0703340604002209,0.21361036560993557,0.20430136749392372,0.1658493574326394,0.21964082097206314,0.21122088880160658,0.24716521448801076,0.1533933736169883,0.14375956232008985,0.18101800069737953,0.2238150828992307,0.1422484747458378,0.24020116978196418,0.149981396243938,0.1625039830870801,0.03960533929959693,0.009265417336646984,-0.024696139687137846,-0.10930011324731456,0.014674054810402121,0.11887102965986984,-0.021365454095237837,-0.060029790959817045,0.028703248906481363,0.007337795488569956,0.05183333363103588,-0.06442113582983698
0.28041020149203305,0.2218499614554809,0.3396062801688638,0.20272198965202406,0.17683144147362376,0.2175476768795189,0.32493328505176605,0.068826378857495,0.010121833689598556,0.14404246730200373,0.2760924769928578,0.7241342122043121,0.07364372071191343,0.17903631561937505,0.12116098680039933,0.27516241292710897,0.21909835332141714,0.33986112462277135,0.11776711810438821,0.16488867068063745,0.20639252166314176,0.1864380362028113,0.2081137498303873,0.10076347181456319,0.24214460032519383,0.16304619124408712,0.3003843404329142,0.1172285707331284,0.28289191588612206,-0.04145265309574612,0.18974847034952458,0.19576948123739008,0.10708944346623589,0.2012545515654007,0.06820267071689332,0.3091242386152034,0.2201100966526406,0.2596834102601414,0.23697607887393385,0.14847409335542788,0.1836649405913026,0.18757836119581925,0.2682296884712532,0.03641564551863892,0.3633230711563303,0.13656289984740005,0.13197160152280504,0.027601655257738247,0.07394160634474514,-0.00788420742144964,0.030337876585055,-0.007894896507819724,-0.08894351366454765,-0.0324720197890798,0.021526118575497893,0.04601029347079272,-0.061632914778198225,0.034898138365892985,-0.06310376692600794
0.09858767022633748,0.11967044680445435,0.15543093139790487,0.08129135174499202,0.08882068675890409,0.11594292891207902,0.08194490642155661,0.1051699750241461,0.03144038541421809,0.10889668218089739,0.0790211242329464,0.07364372071191343,0.20486913574938626,0.07473126148188579,0.06186178322145726,0.08567975489549454,0.0807235193602189,0.082756843176768,0.03648002320508489,0.06670738813988782,0.07470680715270538,0.1395245686236052,0.08003726402109414,0.06124627663115768,0.07636719420388105,0.07185766561394864,0.06742124917838006,0.047356895227040105,0.11972086342673184,0.02515352988223455,0.053917815689147705,0.07940804406958145,0.04345195153828561,0.09888260015944414,0.06053039696806239,0.07456707317273086,0.08306330248156105,0.09569901843644817,0.0799747117122911,0.045759009584290425,0.08499205188557372,0.07228552895053629,0.09931797091633014,0.09116446209846339,0.023142917577764162,0.07456796309373194,0.08349741751428393,-0.0017927915379174915,0.11117963514894662,0.008163627790828765,-0.016855826738334634,-0.02736582241995011,0.010306626983540736,-0.008849607931262183,-0.024560711187585488,-0.004026734569910997,-0.030713995443356866,0.05073082325850815,-0.026725581492217116
0.25579270807497007,0.14385610831400988,0.2627451596790956,0.16190891635125934,0.17813015552531056,0.19007023275578655,0.12452380299096626,0.1852905997407087,0.08696806775902721,0.1409561101196206,0.12826110394552134,0.17903631561937505,0.07473126148188579,0.44740613873927715,0.21929066485982487,0.2250180844635747,0.1710354979010889,0.07063340672996037,0.08647935832014549,0.19392460424896066,0.13997968560016436,0.1405272377611019,0.11663906307540586,0.1423352691406558,0.20946540000052744,0.21862469209561292,0.20215298467754114,0.10762799936646174,0.2110238225343611,0.23994191336122891,0.10366288913954397,0.34934207882612983,0.11962803662925542,0.1910297460463167,0.20917586997930585,0.1497919919710222,0.08604505441480795,0.2547968648427708,0.15278961760688306,0.11053931093091063,0.226660294413513,0.1470807286779214,0.19110555363849435,0.1500868673340575,0.16437073183836448,0.05894416766088038,0.18474860531035406,0.03594486019178176,0.28896066094287914,-0.08398652316586896,-0.02962414432997618,-0.14515051239211127,0.1641039098301445,0.051269690970080634,-0.12398807694169156,0.00083301195923743,0.12203954122812484,0.12682360310673685,-0.06727784106375133
0.22645382006181503,0.4052741793604403,0.3994833728538427,0.16916321105278526,0.21174594792761386,0.29401587075296354,0.0658904084120121,0.21582897867817483,-0.14576273711692764,0.19597615991480777,0.1574855968457105,0.12116098680039933,0.06186178322145726,0.21929066485982487,1.0768301863133192,0.09281452165994994,0.1320544923997345,0.07033013468651424,0.030151465613366495,0.2870097638106273,0.20131816265070177,-0.0708736701684696,0.2755116677267934,0.318566817653329,0.31448302781581944,0.2290014541022657,0.21046704820601447,0.1355858943333661,0.25150751973137486,0.513336042696165,0.10120812211424828,0.15404725555315624,0.11440740653393638,0.19187810040609632,0.33124255312906836,0.273666142405421,0.12342313013706127,0.11660582042525029,0.14522985131097285,0.1804310548279023,0.18295862551416722,0.2169189588783396,0.2900544415429621,0.16796481341167285,0.27980344563516174,0.10169118600185832,0.10805599263512077,0.09906735002066087,-0.007396317479001686,-0.21685682509639906,-0.12477056414954309,-0.02030649065655026,0.2801271858392032,0.08533531371524841,-0.07874875712888836,0.06767830524835446,-0.08555907147616282,0.12473273014031157,-0.06004507948217124
0.15031373631977984,0.12673886323671174,0.14202536365078908,0.16979850449432438,0.16760295829763097,0.18525063425203497,0.215283104320932,0.1080130749467036,0.027421757746833884,0.0826297273468935,0.2387153044570361,0.27516241292710897,0.08567975489549454,0.2250180844635747,0.09281452165994994,0.8966375008201382,0.20216798169808306,0.18201924218313856,0.1571133649844141,0.2146654993691853,0.16249735125469392,0.11465396804637426,0.08663419008806247,0.09169921484462212,0.20950899778240129,0.15946305594082896,0.11162573037603109,0.16896100085388346,0.24546128960778105,-0.02754365457835437,0.15460775491403064,0.22866314454573572,0.08722055492926283,0.2174572498368918,0.1952372581231761,0.09600016191833818,0.2323381919980251,0.2789798831034148,0.14578137674290356,0.10078649871900802,0.2149420550383593,0.16400033541095962,0.21947822608947667,0.12261882369562217,0.22936506169643509,0.11588415687999264,0.22775725280083792,0.022768507530459694,0.006823786138226175,-0.1709668715482186,-0.07475400977016841,0.07103722571728803,-0.04937423774751048,-0.014934065225575856,-0.03536895714999093,0.027947947634642884,-0.05992611447918042,0.038333084211894596,0.03611086592655514
0.14068149334439703,0.2960237363152004,0.4222270568439809,0.13590630124935474,0.031871598735516427,0.3232148938271179,0.18882566032882736,0.3134016086740702,0.09420992687488859,0.1947406884688839,0.31343506950070754,0.21909835332141714,0.0807235193602189,0.1710354979010889,0.1320544923997345,0.20216798169808306,1.3769641326771227,0.1346022970799999,0.27081971601984095,0.5075946978763841,0.36313845731393335,0.21273581135543929,0.05418942239495174,0.09719512975604487,0.30317555365835613,0.0483151172335864,0.41243594728786565,0.3233167311481153,0.4724980700644655,-0.3509943413802105,0.2078776905552396,0.14538375209367502,0.16589467702641927,0.2729592564960394,0.2331806597569719,0.2014058439213792,0.6695471864063424,0.4393747797161666,0.5110664709242017,0.24963599460854038,0.2949106058785846,0.3003285355969704,0.39001432139419545,0.14140032522921664,0.701569912041974,0.24044301667143153,0.3481278019068266,0.04783380743754864,-0.006763344265880068,0.7598889814475678,0.029970584010862996,0.185825553364604,-0.2562265188130984,-0.18106483952201452,-0.01037764639955683,0.007805069124774595,-0.05298722155447536,0.017777816530014093,0.011924460316260715
0.2226887667765585,0.24152477811444562,0.1917931247315643,0.12967411491868058,0.1064773416512228,0.10585563960574633,0.23051330854803817,0.08575561120214402,0.07115634695294645,0.08794349532140248,0.1788569344278693,0.33986112462277135,0.082756843176768,0.07063340672996037,0.07033013468651424,0.18201924218313856,0.1346022970799999,1.1989292452994007,0.13884914649164432,-0.14772741824989163,0.26679011010765763,0.3483837888008606,0.4395391773705203,-0.04766274235589414,0.1691742466880443,0.12405738030064349,0.3689641878050662,0.2893268356564052,0.19466739507758102,-0.162820384116771,0.5824747788569179,0.12606455768443375,0.21364238481465236,0.1996855161770156,0.07044833474768503,0.527817521267072,0.32747504165601293,0.3522922022374436,0.1562079193320599,0.12770456252343648,0.2883146846999386,0.23763232222340966,0.38481300419830244,0.1601490448445837,0.520593634613494,0.3374234054336596,0.06093145489378803,0.001020902640483234,-0.3875054650340643,0.16040585235238092,0.2929927095252297,0.20856374028861946,-0.4105393762622453,-0.10556726873396532,-0.029222081084677595,-0.0073000376684824045,-0.07195505462864717,0.1340639159629565,-0.1571032720328964
0.12188407543288197,0.012660653304317114,0.16755364782341092,-0.05474056599850764,-0.07507488252313434,0.08560293507820037,0.008764104780782728,0.0714794740088506,-0.33901117806152475,-0.05339489991019784,0.012748972238517755,0.11776711810438821,0.03648002320508489,0.08647935832014549,0.030151465613366495,0.1571133649844141,0.27081971601984095,0.13884914649164432,1.328709759586032,-0.2270092211883867,0.21938013900853842,0.1871393345048363,-0.24516088697848545,-0.17101000223568483,0.13486573594499265,-0.0796705140643287,0.22032560274991095,0.3707161744283641,0.027453773158991043,0.3125292895045973,0.16003028890929408,0.11976566500669403,0.342966128451922,-0.06863119665833875,0.030210596870066688,0.2174689246104377,0.37249244679941734,0.26718851849438646,0.22053698028581947,0.035106967116828605,0.15838448432672467,0.16994775059448539,0.1338811123884717,0.07110335334354884,0.2694030343892013,0.2304682347839879,0.07090485946053054,0.030093383349322787,-0.4839548208521652,0.6545694373105295,0.07653028481744126,0.11362251769717453,-0.4852087137728509,-0.08438775577120809,-0.2571970486384743,-0.09283480029049894,-0.0037295586732013744,0.29153060310922985,0.015897408960233637
0.16145494502741625,0.37904806888369064,0.3354675454143218,0.1842140677567939,0.15531770656730123,0.32424164971892877,0.1841486113150562,0.2630068930744829,0.23531056829153613,0.14989470974019628,0.3386635319776573,0.16488867068063745,0.06670738813988782,0.19392460424896066,0.2870097638106273,0.2146654993691853,0.5075946978763841,-0.14772741824989163,-0.2270092211883867,1.2754025008493965,0.13212833962217901,-0.08902088376802557,0.05612924121495771,0.29791858097576107,0.2504087404757659,0.22007243117568473,0.2328473057956898,0.11996935477248383,0.40325313822214887,0.20430678873047,0.06944706746513091,0.18185274321647366,0.14649153533312836,0.2706206100802949,0.16919657959550358,0.06713124820832732,0.45948118667870513,0.24504589046595424,0.4035771043727977,0.24515630229099436,0.033791477887891844,0.11286430570771148,0.28797173909232465,-0.016087732216340737,0.49708085632247634,-0.03501087929274178,0.29904353423456437,0.1570197692322288,0.5859377780419686,-0.08782229541342099,-0.23470706880957723,0.10198989078892164,0.17525720531362132,-0.031070973690493994,0.025166853893947107,0.028941407318938055,0.03997884722453539,0.017496493360694202,-0.09903505675124112
0.20996611342275665,0.32130395641031106,0.3590253458578924,0.13198166203140896,0.08943922504243966,0.2668280594961119,0.19229103168106712,0.12308754000813205,0.09013462408256541,0.09998462543191755,0.19790634542355157,0.20639252166314176,0.07470680715270538,0.13997968560016436,0.20131816265070177,0.16249735125469392,0.36313845731393335,0.26679011010765763,0.21938013900853842,0.13212833962217901,0.6522743170930189,0.24705305284951423,0.1483566717439389,0.15570253344116228,0.1814306030627563,0.10697252250629867,0.3292096373333451,0.32797295419874545,0.32117099542544747,-0.009849049661217066,0.3027169024084088,0.13625633787542196,0.15047128604543203,0.1852041642702988,0.3828121453125076,0.4343057991323703,0.44885213985584704,0.4596280024946486,0.3016443004126911,0.3006030697495482,0.32194592258390775,0.5133880860143083,0.4521552587577702,0.09394983390548883,0.9174374495320649,0.19613965574726924,0.17509558527078123,0.043250726722631895,-0.26797501857157696,0.20964759590648793,-0.057591473623755225,0.05888209208910823,-0.1064854630803032,-0.037066937104532696,-0.13429016035343191,-0.01793363213013285,-0.20534009636694855,0.22590690209736383,-0.0267286895719123
0.24587903053177176,0.12391373200576518,0.3497127450762944,0.13247055337469266,0.07104047101948861,0.22224997210160008,0.22607816509781928,0.10452503711443852,0.2204407792262496,0.17106691855518127,0.1142908443962719,0.1864380362028113,0.1395245686236052,0.1405272377611019,-0.0708736701684696,0.11465396804637426,0.21273581135543929,0.3483837888008606,0.1871393345048363,-0.08902088376802557,0.24705305284951423,1.2330533851406549,0.3959708930997303,0.18776384370158392,0.11553313130794687,0.005356630902139549,0.3544754338449328,0.2019632806048577,0.28415763100135155,-0.09864082032589867,0.1746313041741793,0.17835118942897502,0.18577155265266826,0.1732776587414534,0.1453313236573227,0.3008636596188078,0.31473154923065316,0.3903516106216982,0.3262028175951173,0.11870216997501913,0.33010535002262864,0.2688492225874435,0.41691610962665016,0.5145090706102177,-0.035427528071540315,0.31594237967920713,0.2086231757056332,-0.1882926608426965,0.6605606291664556,0.14864552861653552,-0.0994006443934931,-0.1374581378506228,-0.10961250525781138,-0.03184260179004541,0.017567627864315156,0.03430543692498494,-0.08569563002295091,0.05455558392215672,-0.1199472155377348
0.14060529582210374,0.06098871634097252,0.24112124184155817,0.20224951044997114,0.16815963417656865,0.14986857594880626,0.2537388113337799,0.1182584813193237,0.30929060607580333,0.22943354303858696,0.14900929338975513,0.2081137498303873,0.08003726402109414,0.11663906307540586,0.2755116677267934,0.08663419008806247,0.05418942239495174,0.4395391773705203,-0.24516088697848545,0.05612924121495771,0.1483566717439389,0.3959708930997303,1.428566712528503,0.7836922168430714,0.4240734992254953,-0.06004440010487964,0.0470758435835149,-0.056822342083311356,0.3145708705894685,0.23719557106282538,-0.047751709880696706,0.03214098168074813,0.055016992320603454,0.27329470826723157,0.15916601365726377,0.29401666087134865,0.24413097804425699,0.12263342098525251,0.5836390069856284,0.2662274790927262,0.30921100272506186,0.17070885077493902,0.5769561716673713,1.0004263102101956,-0.18217799254332587,0.28726981258693846,0.18131501417753224,0.0684377754798773,0.6105319701207728,-0.17513691525091427,-0.06911091362286918,-0.15497706811837642,0.43028594748471793,-0.07199454178074655,0.05956282479890241,0.13540334726836875,-0.05921029968351342,-0.011839736822437354,-0.18402637209248696
0.007346219296046264,0.013299255687060888,0.2749909734716827,0.2348858367696911,0.15104667855895465,0.26291788597888155,0.2189628320495838,0.17744335717682974,0.3424453197685173,0.2498831794337021,0.18196717408802132,0.10076347181456319,0.06124627663115768,0.1423352691406558,0.318566817653329,0.09169921484462212,0.09719512975604487,-0.04766274235589414,-0.17101000223568483,0.29791858097576107,0.15570253344116228,0.18776384370158392,0.7836922168430714,1.483873886041957,0.3166342803080968,0.26589125114622025,-0.32944421463428053,-0.01140985382445583,-0.04722961103078856,0.430675246248398,0.5071592607452455,0.044851429678557646,0.07160311646211566,0.13584097468395934,0.24344934946204835,0.18415741672042832,0.20655844188889644,0.4037771321956495,0.34748242295856335,0.15845987441832263,0.23983950211253913,0.2188339089643334,0.6606559359406129,0.9906085423332128,0.28605478794134287,0.2743601803596898,0.22180345366536888,0.1216031386016866,0.16760644776015743,-0.16353736658347356,-0.34449350344993074,0.0019826325580244554,0.4769795492406254,-0.07268514840999209,0.30566041682402206,0.2442186169965708,0.13814942256834628,-0.25773447868796984,-0.2993416634259915
0.2818549921241784,0.21511778689713004,0.39485049143341056,0.14194917147362326,0.13403200666662024,0.23507228890713963,0.15469364673992667,0.23583528239094878,0.026677410324497195,0.17766730988603952,0.2288656024546406,0.24214460032519383,0.07636719420388105,0.20946540000052744,0.31448302781581944,0.20950899778240129,0.30317555365835613,0.1691742466880443,0.13486573594499265,0.2504087404757659,0.1814306030627563,0.11553313130794687,0.4240734992254953,0.3166342803080968,1.4014392957125574,0.09693834459176748,0.23196813388985407,0.1813743675519915,0.4496662156842431,0.41842693154444466,0.029529206354251564,0.16238005596605917,0.0966114585819121,0.3261198504889124,0.4489422298971681,0.15663736739750742,0.36478099939965725,0.3065305001766222,0.37466502595752676,0.18104376514123693,0.25194573710054124,0.22901275306846344,0.4226163826168985,0.5737941228371123,0.24017005844230369,0.3068970997259227,0.2538193735620925,0.016923930204547542,-0.16576335052147007,-0.23749839915904997,-0.09394127228227371,-0.16307117396290577,0.2966685215488859,-0.009857281616086792,-0.041406946095761475,0.025964148804207915,0.05532584321080296,0.0805590956253898,-0.10224985462943677
0.10451162967056186,0.23876966332426988,0.21643744042667373,0.16965684820262802,0.1893778262623657,0.22128499579581565,0.12754719588143226,0.23849992577953208,0.19400343787276278,0.12974302794074558,0.2223923076549428,0.16304619124408712,0.07185766561394864,0.21862469209561292,0.2290014541022657,0.15946305594082896,0.0483151172335864,0.12405738030064349,-0.0796705140643287,0.22007243117568473,0.10697252250629867,0.005356630902139549,-0.06004440010487964,0.26589125114622025,0.09693834459176748,1.6411029953751783,0.030301630031964986,0.16585801085663468,-0.1715031720702108,0.31926686161433604,0.4314394255807748,0.2854440864838238,0.02870723682958879,0.22353673466786086,0.1921224798351375,0.216565299008759,-0.006913086636866257,0.4508103330841959,-0.46157853549557964,0.07463405684414265,0.4660304881748664,0.2094672941562455,0.021988786134841443,-0.5088060342079206,0.7178078672057178,-0.0915355469707079,0.04722475686136335,0.03248525810166309,-0.07008371667261278,-0.07194371987980602,-0.03629139261410893,-0.0723017452466654,-0.20491556114245837,0.07608128348621972,-0.01007128427890806,-0.013685876537659672,-0.06597616705205205,0.1872781027124012,-0.0988430666293932
0.32742788871594164,0.31489840623531457,0.45070307764049117,0.04777423228873145,-0.06411706711835587,0.19860976515267995,0.13237157684353426,0.25699687622560125,0.0120676437243173,0.14181186915053673,0.19726239653409156,0.3003843404329142,0.06742124917838006,0.20215298467754114,0.21046704820601447,0.11162573037603109,0.41243594728786565,0.3689641878050662,0.22032560274991095,0.2328473057956898,0.3292096373333451,0.3544754338449328,0.0470758435835149,-0.32944421463428053,0.23196813388985407,0.030301630031964986,3.180198031824712,0.4270345572791135,0.4225430410716968,-0.12014609297363463,-0.005358679232140655,0.21640655639728507,0.5511413033581223,0.17845322450824508,0.23410437279136992,1.1327346031006036,0.5633298136118918,0.36643609590630866,0.3256989973579729,0.28490440936061157,0.24441765096287454,0.39947108388907215,0.8905714266243535,-0.33512416262471006,1.1267257846990515,0.024635917270873924,-0.07038452153566577,0.13120291523865976,0.5779668411302792,0.07513328325317385,-0.012685458872428683,-0.040583974891664945,0.05604371416813529,-0.06774680543525076,0.12148823913527475,0.004892930655588384,0.0024320567677928386,-0.05884702477687271,0.05108416692292874
0.1678239296729141,0.2164270234825578,0.21899769803650979,0.024298192300102165,-0.009231726530411665,0.12457492758251247,0.07150555636794065,0.032976906997447666,-0.03972036717177786,-0.007040387880459882,0.10265178055696512,0.1172285707331284,0.047356895227040105,0.10762799936646174,0.1355858943333661,0.16896100085388346,0.3233167311481153,0.2893268356564052,0.3707161744283641,0.11996935477248383,0.32797295419874545,0.2019632806048577,-0.056822342083311356,-0.01140985382445583,0.1813743675519915,0.16585801085663468,0.4270345572791135,1.2796234062898757,0.13275152363409937,0.325007732059247,0.3300067133326136,0.2147111016310526,0.5868214275810303,0.026438637928063984,0.9629426960015849,0.2539588367826036,0.5399314156394892,0.28355003778941945,0.2246529653685524,0.23861142483623377,0.38931565169460614,0.3914969183598007,0.4758571723688903,0.5103393339750358,0.4553468494277335,0.18730459989529202,0.14510240128794263,0.09107308023782464,-0.2610352157043266,0.529223846977368,-0.09652586453429152,0.5685187548100878,-0.9841149224822645,0.049080772591568504,-0.14994943850737688,-0.04298299636192549,-0.0647110032288337,0.1323068954477631,0.05752027765705833
0.21942446141103059,0.43074102228438893,0.5045296954178102,0.1980383055059689,0.18310131731964543,0.3713467374514956,0.2134202612412452,0.20816448710905078,0.09716716549663637,0.20812228517945816,0.2861046675036731,0.28289191588612206,0.11972086342673184,0.2110238225343611,0.25150751973137486,0.24546128960778105,0.4724980700644655,0.19466739507758102,0.027453773158991043,0.40325313822214887,0.32117099542544747,0.28415763100135155,0.3145708705894685,-0.04722961103078856,0.4496662156842431,-0.1715031720702108,0.4225430410716968,0.13275152363409937,2.6126500666724453,-0.5429976780977255,-0.27634125382500974,0.21984196008601053,-0.048873123017615414,0.5830283899689575,0.35360609623807504,0.5569497945579829,-0.08245578832623476,-0.4295473824805916,0.40757256326418695,0.30845671609972175,0.18224810527412336,0.20228376778083995,0.18596108726492314,-0.41872168051647213,0.30243959373526197,0.27153120907311895,0.14515715429574141,-0.09432804715253965,0.4681237391422988,0.261351400785066,-0.24365056739584975,-0.14870989915464397,-0.061081241222564954,0.03992570212364825,-0.09875928395269307,-0.01608480201438227,-0.2632236928710158,-0.006619667726754482,0.29689343555307607
0.17702373444926758,0.13710586105840145,0.1526021220201997,-0.07901795166684483,-0.07288305853818504,-0.03088074838519471,-0.06868690204892183,0.1059279415643284,-0.08307913007606353,-0.018196775067801055,-0.07604816667467461,-0.04145265309574612,0.02515352988223455,0.23994191336122891,0.513336042696165,-0.02754365457835437,-0.3509943413802105,-0.162820384116771,0.3125292895045973,0.20430678873047,-0.009849049661217066,-0.09864082032589867,0.23719557106282538,0.430675246248398,0.41842693154444466,0.31926686161433604,-0.12014609297363463,0.325007732059247,-0.5429976780977255,4.715274460746458,-0.03661183462258652,0.2600439618306096,0.7612538138744863,-0.36311980902595326,0.16888270825771579,0.8227147116164953,-0.07872870596126232,0.20922111519730138,0.17659698617559938,0.054006465139901996,-0.16933983360544894,-0.03196152791009724,-0.036999230704891334,-0.01608402509005021,-0.3017478210729088,-0.2514599207287298,-0.24672517123306087,0.20867949461705304,0.8264709687833711,-0.3273982470802057,-0.03624147190845899,-0.5803523014105877,0.426105394153329,0.11350424246915737,-0.3754029895563645,-0.1462629166867709,0.0763464873324699,0.5066570433800601,-0.03750782224097298
0.11269749774924223,0.12367872973101036,0.20940320967852527,0.14894263925500006,0.07611304008524154,0.18393701231536957,0.18495458261556455,0.11873763849432774,0.13403534464982733,0.11064644134957512,0.19235306804673702,0.18974847034952458,0.053917815689147705,0.10366288913954397,0.10120812211424828,0.15460775491403064,0.2078776905552396,0.5824747788569179,0.16003028890929408,0.06944706746513091,0.3027169024084088,0.1746313041741793,-0.047751709880696706,0.5071592607452455,0.029529206354251564,0.4314394255807748,-0.005358679232140655,0.3300067133326136,-0.27634125382500974,-0.03661183462258652,1.455686898120906,0.14235312569944208,0.26561051746369085,0.07086577914626756,0.1299357269396552,0.45531576524633494,0.32102521105778503,0.7571292758856818,-0.07060462237838415,0.005005406577946797,0.21195718953058282,0.3177660405523667,0.4472292436292299,0.2635098030095507,0.9458868909627894,0.3770011239446684,0.08010975329710482,0.06692098983528794,-0.9882001200953654,0.22751087361130404,-0.059712166797124426,0.442216090689001,-0.353157210519936,-0.10731864438452048,0.2572304494723205,0.11943033172673656,0.1845296805885138,-0.1885763950695292,-0.2719255131529395
0.24008733144372843,0.14563102226152932,0.22257426289971144,0.14693912236113033,0.17559158182475149,0.18664737604184495,0.12724043374217872,0.16237843908546498,0.06645685988159276,0.11033934814269912,0.12798105073741814,0.19576948123739008,0.07940804406958145,0.34934207882612983,0.15404725555315624,0.22866314454573572,0.14538375209367502,0.12606455768443375,0.11976566500669403,0.18185274321647366,0.13625633787542196,0.17835118942897502,0.03214098168074813,0.044851429678557646,0.16238005596605917,0.2854440864838238,0.21640655639728507,0.2147111016310526,0.21984196008601053,0.2600439618306096,0.14235312569944208,0.5286963593005646,0.12369915766938286,0.2255699461014626,0.17555739376948198,0.16091614705314028,0.03321519387259195,0.33054855840355707,0.1250368096798005,0.09295911432969202,0.26356433968157256,0.14018793705675126,0.14987232921802424,0.07274874762489372,0.2669092166149654,0.05107970325975765,0.18139950453740694,0.020141888169792763,0.2156183110944659,-0.03705319461370341,0.07689975193405164,0.024933949211447853,-0.22520227389232833,0.08432963704986605,-0.10936281778380214,-0.03901305516334412,0.19393378594979854,0.12296421302270927,-0.11580067910392546
0.13607290986665704,0.14596270866568326,0.1361230140673994,-0.01524475249434484,-0.06660091860496482,0.03294363886368128,0.07008153810517545,0.05122009451800287,-0.0021911538405356805,-0.02829969206604405,0.0703340604002209,0.10708944346623589,0.04345195153828561,0.11962803662925542,0.11440740653393638,0.08722055492926283,0.16589467702641927,0.21364238481465236,0.342966128451922,0.14649153533312836,0.15047128604543203,0.18577155265266826,0.055016992320603454,0.07160311646211566,0.0966114585819121,0.02870723682958879,0.5511413033581223,0.5868214275810303,-0.048873123017615414,0.7612538138744863,0.26561051746369085,0.12369915766938286,1.6119007671515515,-0.20468044380401015,-0.2898118026541029,0.3258494819674814,0.639655744745752,0.1556410748068812,0.12933305966021205,-0.0015447888452473294,-0.07549504768571126,0.13437816390234283,0.2846297469155772,0.2004220000030458,-0.19347784421658235,0.2151851941100335,0.19405301502994426,0.13878820709719125,0.31721426923070245,0.2078428117978607,-0.13143043845137758,-0.18893657744128986,0.05815484935483387,-0.11797463421477615,-0.1392561319933452,-0.06492229873866996,-0.06395595688554075,0.2432797870791949,-0.02517153219204053
-0.0664665037799827,0.21479315908067664,0.19462383948548762,0.24628583674390178,0.24164370658736514,0.27262672451244657,0.19477277504609602,0.2560902279766013,0.1638544481516452,0.2513814851773555,0.21361036560993557,0.2012545515654007,0.09888260015944414,0.1910297460463167,0.19187810040609632,0.2174572498368918,0.2729592564960394,0.1996855161770156,-0.06863119665833875,0.2706206100802949,0.1852041642702988,0.1732776587414534,0.27329470826723157,0.13584097468395934,0.3261198504889124,0.22353673466786086,0.17845322450824508,0.026438637928063984,0.5830283899689575,-0.36311980902595326,0.07086577914626756,0.2255699461014626,-0.20468044380401015,1.472617981554122,0.3973445073964383,-0.11157736751000519,0.4870791016293423,-0.1534834284445257,0.1296783473006837,0.02660703179195815,0.4820386167952819,0.18928133284936177,0.4400475797790868,0.3336595974208422,0.2912195618086457,0.19726406835664834,0.6295601519953995,-0.016411669464822212,0.05859744250686504,-0.05388717536167017,-0.07024556961496724,0.022437164139143016,0.07381301842431612,-0.04159536625345226,0.012933595181301877,0.04189817176680381,-0.16695102877550255,0.00010210373931594589,0.08223482427259075
