1.0442344081935733,0.00036305923130370237,-0.00011945911406111232,0.001061430780176593,0.00035723516991219636,0.0013932842853750863,0.0007882604209265017,-0.001162511695481601,-0.0016157340487883275,-0.0007763135021645003,-0.00031413028964868007,6.241476208573218e-5,-5.457270607920058e-5,0.00018567605058267367,0.00015368858656546652,0.00021984377623813646,9.610550426638677e-5,0.00014226124374351148,6.096168615424008e-5,6.358448400533071e-5,-3.324409468774236e-6,7.3396537298754115e-6,-5.3416518857257115e-6,4.926561974368175e-6,5.082084056813432e-6,4.473236992723894e-6,3.215842789210367e-6,-4.803647632006614e-7,1.0689750177566187e-6,-9.503144762012593e-7,-2.841384156087933e-7,-1.211568235788921e-6,-2.7008654749135447e-7,-8.783692243790369e-7,1.0992808415742867e-7,2.3126065296394396e-7,9.093548131040103e-7,1.122445405848961e-6,1.8455437522669264e-6,1.941366860903354e-6,6.656537311698379e-7,-4.780907848946055e-6,-2.314202465734564e-5,-3.265991625405748e-6,5.876898549381875e-6,7.04471044533323e-6,6.708706891892233e-6,4.774401244153188e-6,3.3498895427985863e-6,-3.9543993037242e-5,-0.00011488542358976863,-0.00013467125668088377,-0.00016712814596391408,-6.17554667451452e-5,-4.749457902145306e-6,0.00014637209048292584,0.00016429448498407397,-2.3025298538438908e-5,9.009538567019608e-6
0.00036305923130370237,1.0444024809159747,0.0004518524535629943,-0.0005347016698322954,0.001330164496225195,0.0013872511622831057,0.0017823152445417768,-0.002625761093813522,-0.002862945326171844,-0.001397959090626715,-0.00016887476170177176,0.0001709119768761329,0.0001890340021714725,0.0003611453893535006,0.0006479533959657462,0.0004354505515330847,0.0004384146814688606,0.00028467098555352014,0.0002607591877470826,0.00014460974690301572,0.00012464409835797179,5.665524630730255e-5,5.193380660480563e-5,4.0136172541713986e-5,2.833994658014192e-5,1.736979445157656e-5,6.335365975858841e-6,5.562894674436141e-6,-1.3059486381955305e-6,-3.389839703230759e-6,-6.201244358710798e-6,-5.475596421794044e-6,-6.102832632518644e-6,-4.299310054653292e-6,-3.401218792580861e-6,-1.3681605751045153e-6,-1.3437560457114307e-7,2.047398599991433e-6,3.7135852691250574e-6,5.835748908376531e-6,6.819666656484928e-6,1.7686541384306652e-6,-1.8226457761928472e-5,-2.528430663292207e-5,-2.6120769869565383e-5,-2.440311870593134e-5,-2.1017574447934495e-5,-1.7151958618226685e-5,-1.3764081317863078e-5,1.8906467236540146e-5,-0.0001599437375493592,-0.0001323908215397245,-0.0002437796059775658,5.19987976403729e-5,7.489441008861682e-5,2.9719668982293757e-5,6.672470445029354e-5,0.00011120093340903577,0.00018548997704170758
-0.00011945911406111232,0.0004518524535629943,1.0434216841024935,9.279608550600196e-5,0.00028715595189023947,0.0034483872542880895,0.0028021125515234353,-0.003016230408251392,-0.004371644028876185,-0.0019577384428905767,-0.0008899226835552475,-0.00013608888931827292,-0.00011679836260508557,0.0005777656952325361,0.0007575966608028207,0.0008314225193944544,0.0006957068573707195,0.0006766748300660364,0.0004671910521825221,0.00032655397111823096,0.00015191228632800168,8.478588147856028e-5,4.66680854875712e-5,4.637834935922888e-5,3.383275636866767e-5,2.1620838241007787e-5,1.1672330020860968e-5,1.7665424280285286e-6,4.924904218622834e-7,-6.502318598170866e-6,-8.377791450716272e-6,-1.1586716904453545e-5,-1.0203365084693454e-5,-8.63905301239871e-6,-6.620356246317839e-6,-4.643928607264287e-6,-2.198903286035046e-6,3.3055571176307e-8,2.021785143761235e-6,2.9713367733646533e-6,1.5948077098441135e-7,-1.188750873617687e-5,-5.087823616787814e-5,-2.4276327725787906e-5,-6.260964599782459e-6,-4.117752894097133e-6,-2.7093437377965864e-6,-4.9072631122570495e-6,-5.711463394840535e-6,-7.763136285696364e-5,-0.0003560815226512716,-0.0002982188107842566,-0.000552934531957949,-9.702758727242087e-5,-0.00015585153008656127,-0.00020337570977385958,-0.0002912696654328025,-0.00012279235842125945,-0.000364254117884461
0.001061430780176593,-0.0005347016698322954,9.279608550600196e-5,1.0432629957321071,-0.0008672259672279499,-0.002371146541560118,0.0004013096327712004,0.004569439264401428,0.0038393281207980186,8.082727052552965e-5,-0.002218451537726879,-0.0029196765666228085,-0.0012788486147483197,-0.000881269777017562,-0.00042631829391061066,5.538363544179317e-5,0.0007572957865474031,0.0008091577319480863,0.0007534946283048188,0.00044319571453372636,0.0002829477312898309,0.0001399790227960503,0.0001035460183569422,8.141238403563543e-5,4.999720860140513e-5,2.5732429822436016e-5,1.8627987861063691e-6,-4.852357042479065e-6,-1.4810056855303294e-5,-2.334435568196352e-5,-2.8256654345759938e-5,-2.6880232609330726e-5,-2.622486275802422e-5,-2.047090524823572e-5,-1.6589562810854595e-5,-1.066160347574207e-5,-5.956874049779542e-6,7.897795342275034e-7,6.6775611958751e-6,1.3624788456986466e-5,2.0308934164025112e-5,1.6469496751519115e-5,-5.872785360125447e-6,-5.766482149478285e-5,-6.523976788847392e-5,-6.57594573080253e-5,-5.782781834006365e-5,-4.9105856177598584e-5,-4.044631757718729e-5,0.0001318653376653997,0.00039502613960502,0.000508569721758219,0.0004968913873080935,0.00023319134793645964,3.6593511986720916e-5,-7.718903379307116e-5,-0.00010510538481013313,0.0001616777778781343,7.399647014482684e-5
0.00035723516991219636,0.001330164496225195,0.00028715595189023947,-0.0008672259672279499,1.0356883052561514,-0.017304087998903078,-0.01199080153657643,0.028937875571852657,0.02918649006346724,0.009431265859790572,-0.004153691064935497,-0.008249708005619433,-0.004674581542671401,-0.005251448075137768,-0.005600480373371509,-0.003077331954458126,-0.0007039663215389403,0.0004308846674239959,0.0006348158990009522,0.00043622032398328873,0.0002717344049957342,0.0001836897199303596,0.00013594901594484945,9.7179770383589e-5,3.595768938375296e-5,1.0274728303717682e-5,-8.364917461342587e-6,-2.6822535530930672e-5,-2.6558188280528025e-5,-5.124858137391792e-5,-6.135162766554041e-5,-6.709419099132866e-5,-6.427625559695616e-5,-5.456601063791171e-5,-4.570214526983165e-5,-3.6824595885217985e-5,-2.7416274013168563e-5,-1.6720121220324186e-5,-7.868709163600076e-6,-4.3066577776995444e-6,-1.2563536673190107e-5,-4.956009831923709e-5,-4.393590585067606e-5,-5.298600366619955e-5,-4.399979999240388e-5,-6.593610170489849e-5,-7.033770442109657e-5,-7.335601543607627e-5,-6.911956041087442e-5,0.00026390634765582937,0.00224849745439751,0.0022120542365857204,0.0031028816323535055,0.00019312463453366306,-0.00011152888283496376,-0.00023160545679549907,-0.0003490913365728334,-0.00021425659255971404,-0.0002778603250303645
0.0013932842853750863,0.0013872511622831057,0.0034483872542880895,-0.002371146541560118,-0.017304087998903078,1.0044479308018603,-0.03899083148785795,0.047386910535332345,0.0626915462775323,0.03146974714298776,0.006648548080365712,-0.006571473545254222,-0.007296263582914234,-0.012059682461676283,-0.01347041644168317,-0.009308304946841152,-0.004173274770905504,-0.0015495661072151882,-0.0001750702890670503,-0.0003099834396016976,-0.00013270041291357822,7.510994240507835e-5,0.00016179071857710551,0.00011594030600448266,-1.010675841087167e-6,-2.8335370528140954e-5,-6.907470523943466e-5,-9.964286087765534e-5,-9.472360083159732e-5,-0.00014784831964667885,-0.00016892327262700484,-0.00017313185008826032,-0.0001725203809585329,-0.00015227287418182242,-0.00012765162477474645,-0.00010381840089443348,-7.869423551373067e-5,-5.2341464423205824e-5,-3.0834049765675654e-5,-1.7772685013563487e-5,-1.0048761451582686e-6,6.50438355964036e-5,0.0008760873233133339,0.00044122349831288924,0.0002204062726352273,4.495754141927347e-6,-9.493351414575107e-5,-0.00014318615538581262,-0.00015542763450825215,0.0007497579528114132,0.00490313995725771,0.005029170052961817,0.006668149602228469,0.0003284549321448319,0.00044921468964917357,0.00015263747871432446,-9.711353693676956e-5,-8.756859048393612e-5,7.593155519197811e-5
0.0007882604209265017,0.0017823152445417768,0.0028021125515234353,0.0004013096327712004,-0.01199080153657643,-0.03899083148785795,0.9551160016896671,-0.016349068257092002,0.04287806837418392,0.06503378378816485,0.052993081931085095,0.0450833207381572,0.010724094484509396,-0.007507661503301627,-0.016387351831580285,-0.015586990257099176,-0.013791344893235285,-0.009888291675594464,-0.006889607668538252,-0.0047215809659045035,-0.0021536858640959114,-0.00042790235372289323,0.0002617823511022444,0.0002422355297143563,3.292754750937822e-5,3.7091331431518457e-6,-8.175633583317866e-5,-0.0002214102525683414,-0.0002447301468404059,-0.0004343906869004506,-0.0005422141998350752,-0.0004899981427839668,-0.000447113858453344,-0.0003840970048609779,-0.000274632172174705,-0.00019735800892074198,-0.00010653530372033311,-2.7695097076983755e-5,2.6625649919454307e-5,2.8071541293074507e-5,1.5876043099610305e-5,0.0004240306708668,0.005075991685786707,0.003896442532194332,0.002754197417657805,0.0015382138012057867,0.0007892843176636394,0.00031101561327927696,4.509684384386026e-5,0.0007503337646360701,0.0024774227807209484,0.002641087116414248,0.0032442621801832966,-0.0008026631197938603,0.001407484053775938,0.0007445687522171395,-0.00042904282729945136,-0.0008184586394829147,-0.0009505933758764654
-0.001162511695481601,-0.002625761093813522,-0.003016230408251392,0.004569439264401428,0.028937875571852657,0.047386910535332345,-0.016349068257092002,0.8811347124832771,-0.09734069465184428,0.007211041586483511,0.051368880628684034,0.09473493400549578,0.05886434797396704,0.020794743859093832,0.007648033574693421,-0.0038586374785929156,-0.011198449550179363,-0.012634851884670888,-0.008383508681541068,-0.006142803793406728,-0.0038389056212707697,-0.0015685267469749333,-0.0006516920907366553,-0.0003241402944835713,-0.00014096807380632818,3.80760186779048e-5,0.00012004495782362656,8.439910581586084e-5,0.00015139027885291564,0.00012145703477914075,0.0001592742936918897,5.7305293365808216e-5,-1.7119276165435372e-5,-8.726430961495384e-5,-8.718631594802003e-5,-0.00010519434197888379,-0.00010015719662619228,-0.00011591107659645084,-0.0001138800664327177,-0.00013177243193662928,-3.6255161999623606e-5,0.0005484578436406141,0.0043553952055065724,0.002945749165085715,0.00196436924248386,0.001167000491797968,0.0006704786675558789,0.0003519761228585001,0.0001606555273387833,-0.0006235336670160245,-0.007638338627390529,-0.007263888330389145,-0.010577935014715836,-0.0006411814427401767,0.0013035532976170246,0.0016319458860512132,0.0009000154202100153,0.00047718311630117735,-0.0004934739622348711
-0.0016157340487883275,-0.002862945326171844,-0.004371644028876185,0.0038393281207980186,0.02918649006346724,0.0626915462775323,0.04287806837418392,-0.09734069465184428,0.8513451156017402,-0.06781898579454511,0.10269647192314603,0.05196060853632432,0.0452585399066486,0.027467882803980045,0.001382933541056945,0.0015121455950700084,-0.0029495795932718877,-0.0022356618718088967,-0.0026865794484679886,-0.000115122151733473,0.0014191671297852494,0.0013125406947806532,0.0013559630189724206,0.0011867127149051682,0.0009239569559627889,0.0007855194488418758,0.0007039224256267972,0.000598131848522352,0.0005550080893019777,0.0004627914406958635,0.00028160804753550226,0.00022956562283805835,0.00019577212230756307,0.00016830832886563748,0.00010648294812128182,3.482293862785927e-5,-4.036327150175591e-5,-0.00013830165131069701,-0.00024658259348133305,-0.00044947760350824766,-0.0008736424346188383,-0.0016492254325486703,-0.002189614989094619,0.00014637618596798738,0.0007110448379081223,0.0006514807541272359,0.0004751970445883183,0.0002930126354856282,0.00016808741063454986,-0.0010694588243491863,-0.008314225541077573,-0.009173891086264811,-0.010670231601846247,0.00044751937402239764,-0.0003216058104630695,-0.0025847302526248723,-0.0029247942073148494,-0.0030944777102488103,-0.0004164582313540137
-0.0007763135021645003,-0.001397959090626715,-0.0019577384428905767,8.082727052552965e-5,0.009431265859790572,0.03146974714298776,0.06503378378816485,0.007211041586483511,-0.06781898579454511,0.946919424534988,-0.04137752588702058,-0.004358707101136028,0.056496437504026026,0.01191517910256726,-0.0019724968026131723,-0.0001440970084506274,0.008804540962037973,0.00671649532065722,0.006150920527267828,0.0031551800172440947,0.0012260778250802401,0.0010281270254024792,0.0007891501487212,0.00094465744066953,0.0009065369774810813,0.0007569123629005957,0.000600176033475078,0.0003902793129516685,0.00029766443497418634,0.0002187567439300317,0.00029745848085282144,9.831288846329362e-5,-2.6075805674058496e-6,-8.429106548937271e-5,-7.95552659062444e-5,-8.568699084155231e-5,-5.0959146745072654e-5,-5.3658574762551464e-5,-1.408317290645661e-5,3.193946679459504e-5,0.0002319815647403181,0.0007161614631786255,0.0023017850821663672,0.0008786307769307743,0.00034816623632458204,0.00014195683229561458,5.136741538659917e-5,1.537129322219228e-5,-3.663036243180723e-6,-0.0004355071004216625,-0.0031702719109093095,-0.004467719964639354,-0.003245144012690549,0.001657576230763209,-0.0009204459896300958,-0.0010691513417441295,-0.00041158042059096536,-0.0002186118799475529,0.0005576369162643159
-0.00031413028964868007,-0.00016887476170177176,-0.0008899226835552475,-0.002218451537726879,-0.004153691064935497,0.006648548080365712,0.052993081931085095,0.051368880628684034,0.10269647192314603,-0.04137752588702058,0.7717742599307109,-0.027053095541967997,0.03557192540952479,0.037589927876474825,-0.0012361161213765477,0.009558242589731859,0.011415602518483866,0.014515393586414831,0.008699704714857688,0.007443269011892036,0.005851886059039622,0.003482704329922144,0.00263240930616692,0.0022477224332288445,0.0016813365936360898,0.0012427473935777314,0.0009484614060157554,0.0007845255865786024,0.0007228833811332146,0.0006056068933440728,0.00031891398557951854,0.0003747503286208875,0.00035900105869286823,0.00031413808182614926,0.00020644707054528414,9.250763624240228e-5,-5.065445478334617e-5,-0.00017310468440285027,-0.0003097803036162267,-0.0005045291766075194,-0.0009322306616819382,-0.001876803530300719,-0.0039872209890069385,-0.001284917569314342,-0.00035719389364202996,-7.545122569954624e-5,-1.882047653587133e-6,6.466637160413326e-6,2.3037569949603697e-6,0.00023063826344966882,0.0007310823424605739,0.0004035388252824377,0.0014625531620368372,0.0013631754917827904,-0.0009504637942410467,0.003345937154387253,0.004595517774045238,0.004998283503477608,0.00037779372917980017
6.241476208573218e-5,0.0001709119768761329,-0.00013608888931827292,-0.0029196765666228085,-0.008249708005619433,-0.006571473545254222,0.0450833207381572,0.09473493400549578,0.05196060853632432,-0.004358707101136028,-0.027053095541967997,0.8425695442007108,-0.12067821421502316,0.04337320349588655,0.06462297298980124,0.02490650518159749,0.017857180853702206,0.007643866480274226,0.008862429550833896,0.005132880005182029,0.0022944387672536207,0.0013048277873279565,0.0009934960572765526,0.00133938813440719,0.001298255706986948,0.0010967983366792207,0.0008405724015850644,0.0005567495734995225,0.0003163022577512487,0.00024023843543852547,0.0004599985694487992,4.885051396808822e-5,-0.00014863876610589138,-0.000272993436039563,-0.00023725274077191158,-0.000203006855649657,-8.394069088872892e-5,-7.526453378925306e-5,-4.92472108259128e-6,2.3092181277681632e-5,9.600150422529482e-5,7.308748442592319e-6,-0.00043161488257770187,-0.0005449684725824077,-0.000326956262290524,-0.00021905131986494906,-0.00013921338931256578,-8.076593008153877e-5,-4.4013872340032844e-5,0.0003884634418882971,0.0017368339265098514,0.0018223208545210072,0.001679331442958402,-0.0007630293286168137,-0.0008827585129858437,-0.0009644284506213491,-0.0002958435722667931,-0.00013371258249149143,0.000817720904936687
-5.457270607920058e-5,0.0001890340021714725,-0.00011679836260508557,-0.0012788486147483197,-0.004674581542671401,-0.007296263582914234,0.010724094484509396,0.05886434797396704,0.0452585399066486,0.056496437504026026,0.03557192540952479,-0.12067821421502316,0.8011197923225751,-0.06060920072704585,0.11272293060567062,0.11525821616303532,0.01928470340840055,-0.004809298226579607,-0.0069997436389024545,-0.001439838962454021,0.00039391395745345465,0.00010305372547993957,0.0005652952876511342,0.0010233565993437376,0.0009643385186959789,0.000761956279453258,0.0006332977180937646,0.0005703988981904195,0.000673954763229716,0.0006004313180899152,0.0002309207947903279,0.0004288234030689018,0.0005162115237310338,0.0005186109996746119,0.0003621069540916707,0.00020173491325175936,-1.2910365931100817e-5,-0.0001585874842668256,-0.00031671035630154317,-0.0005052219637731934,-0.0009575240499370386,-0.002060027158045629,-0.004763167377580041,-0.001580755720634919,-0.0004901599528661248,-0.00017838415679368648,-7.082134660418014e-5,-1.73343203623995e-5,7.0187595421204485e-6,0.000302008561984309,0.00044461696931968913,0.0005472946170056688,-0.000882601458880034,-0.002590807587589989,-0.00035346587917140085,-0.001093429700129634,-0.0009315637236913933,-0.000932693094368844,-0.00017481942159170593
0.00018567605058267367,0.0003611453893535006,0.0005777656952325361,-0.000881269777017562,-0.005251448075137768,-0.012059682461676283,-0.007507661503301627,0.020794743859093832,0.027467882803980045,0.01191517910256726,0.037589927876474825,0.04337320349588655,-0.06060920072704585,0.882836386881323,0.024619121068833738,0.054038927056922904,0.02456777635892882,0.000472660504308238,0.0036487587626441434,0.001082656167870828,-0.0007237466270427932,-0.0011393643226735237,-0.0006192304500785374,0.0002269229660367197,0.0005854382244537445,0.0005448080271962228,0.00043646605378260927,0.0002766016135349176,0.00013884649967131946,0.0001729132486943164,0.00046415775577286983,8.151516433528431e-5,-0.00011782065255550084,-0.00025458556345730587,-0.00023527522991780242,-0.000212412528868982,-0.00010014194647514667,-9.671141691957292e-5,-3.0295352979041175e-5,-1.750140902449959e-5,1.6467466115485009e-6,-0.00023696129635082268,-0.0007930562823309072,-0.00048461357704625177,-0.00016430279145734713,-8.493488945473584e-5,-3.805823699235984e-5,1.117211690989611e-5,3.849566726862052e-5,0.00026680027337450086,0.002091166548520692,0.0026255651527492376,0.002048212612643158,-0.0005332907374971652,0.00010197023032593159,-0.0002898421057481597,-0.00041546049243252166,-0.0005768666623416942,-0.0003073261516120989
0.00015368858656546652,0.0006479533959657462,0.0007575966608028207,-0.00042631829391061066,-0.005600480373371509,-0.01347041644168317,-0.016387351831580285,0.007648033574693421,0.001382933541056945,-0.0019724968026131723,-0.0012361161213765477,0.06462297298980124,0.11272293060567062,0.024619121068833738,0.9079673675936617,-0.09993288979803616,-0.006091693156700319,0.03187057601123352,0.02122814258686835,0.010401964343762306,0.003989065018260259,0.0005699421928710632,0.00024655245847603674,0.000937744689138295,0.0010916274098270852,0.0007831344272046185,0.000574417202445349,0.00038914965131955676,0.00045202965799522114,0.00037752295974546516,0.0001445082934693902,0.0002931792173882841,0.00038011816416221104,0.0003830703281599729,0.0002826402654911586,0.00017297284676825314,2.8969756626513183e-5,-6.924050187336904e-5,-0.00017660313377423833,-0.00030520375868789944,-0.0006213966868739921,-0.0013739053576523703,-0.0028788390453672757,-0.0006322705586581438,4.9138992208744897e-5,0.00015586542045694027,0.00015099211766029922,0.00014984392518229165,0.00013732867532014332,-0.00028872653976942816,0.002950887288747563,0.0033585170179205983,0.004328721821947266,0.0008910013851581924,0.00027512071720444867,-8.08319821611801e-5,-0.0004022143494679041,-0.00040601008849372477,-0.00012428099724676707
0.00021984377623813646,0.0004354505515330847,0.0008314225193944544,5.538363544179317e-5,-0.003077331954458126,-0.009308304946841152,-0.015586990257099176,-0.0038586374785929156,0.0015121455950700084,-0.0001440970084506274,0.009558242589731859,0.02490650518159749,0.11525821616303532,0.054038927056922904,-0.09993288979803616,0.9298227230276926,-0.010849103102303751,0.020024915208364465,0.016724437288061746,0.006469120829782843,0.0003235148651038453,-0.0027915836388879432,-0.0018858057520717347,0.00027861733723532934,0.0010995522546095524,0.0007573617517469018,0.00032222256328730557,0.00015522544594722714,1.9715703805141137e-5,0.00010879730730187359,0.00027794823320225344,0.00012959851345371878,9.3757506451637e-7,-7.745914673323181e-5,-8.661234952679273e-5,-7.392926789340827e-5,2.7533579740424634e-6,5.1866374048175755e-5,0.00015476801944223992,0.00027685717363277014,0.0005864463593633593,0.001220698949172825,0.002972193496951734,0.001330981441527165,0.0007276475701481754,0.00048094346625604496,0.00034276525489497825,0.0003041843794394391,0.00026048180931240145,-0.0003917385775071037,0.0015552203655465684,0.001608156343023326,0.0025934191980346764,0.0004939101571087799,0.00018764470861343848,-0.00017402527023617343,-0.0006355981429250648,-0.00035294029873388804,-0.00031772949526733256
9.610550426638677e-5,0.0004384146814688606,0.0006957068573707195,0.0007572957865474031,-0.0007039663215389403,-0.004173274770905504,-0.013791344893235285,-0.011198449550179363,-0.0029495795932718877,0.008804540962037973,0.011415602518483866,0.017857180853702206,0.01928470340840055,0.02456777635892882,-0.006091693156700319,-0.010849103102303751,1.0287274282238548,-0.009098059696015669,-0.0075278354224330496,-0.004907118587435311,-0.005711928243233864,-0.006651401057393949,-0.0036577161365977965,0.0003880876492035878,0.0018034936286251597,0.0013812369942894798,0.0006787550968079571,0.00033196825437095,0.00012733894018609912,4.36140333681529e-5,-8.593795586092766e-5,3.7225780761474865e-5,0.00010577324537552356,0.00014863514334272527,0.0001621996209999596,0.0001765118108897826,0.00020305599356902363,0.000252213919041231,0.000325864559451567,0.00046251042892857437,0.0007337827031074244,0.0014071240668003806,0.0030987238005986866,0.0022318837742698583,0.0015807954362870057,0.0011278889157420734,0.0008080376720524162,0.0006165913194002831,0.0004720903788476307,-5.029221492794006e-5,-0.00018121592164656487,-0.00017556465753061675,0.0001558219233626324,-6.982453883332941e-5,1.6424645979380068e-5,2.656516754574472e-5,-5.016611452327498e-5,6.992519047933621e-5,4.273908187563093e-5
0.00014226124374351148,0.00028467098555352014,0.0006766748300660364,0.0008091577319480863,0.0004308846674239959,-0.0015495661072151882,-0.009888291675594464,-0.012634851884670888,-0.0022356618718088967,0.00671649532065722,0.014515393586414831,0.007643866480274226,-0.004809298226579607,0.000472660504308238,0.03187057601123352,0.020024915208364465,-0.009098059696015669,1.0197887202725229,-0.014414294022424643,-0.007860536953889921,-0.006568128696405418,-0.006259906543029801,-0.0036920183469901836,-0.0009914890456824605,0.00024946584476370916,2.612292911335914e-5,-0.000251879843301733,-0.0003370129766268907,-0.00029533184950751584,-0.00020111530886608638,-3.558277585668237e-5,3.9625462906290615e-6,1.0733504178511954e-5,-2.1345163311782927e-5,7.336871670922012e-6,3.0739373652541435e-5,9.049535187372086e-5,0.00020330475517866872,0.0003509818669547434,0.000583588705194213,0.0011813873915791926,0.0027949306389222672,0.007335893286956775,0.0036643869466995603,0.0019932987866878096,0.0012588238730068854,0.0008475226584961451,0.0006406262445227841,0.0004900823176106008,1.3543664583252905e-5,-0.0009188531008512221,-0.0011088279962754822,-0.0009523363593969007,-0.0002894345156276676,-7.070585270690942e-5,0.0004252850152298651,0.0004770163005786689,7.472154997902823e-5,0.00010684454863200481
6.096168615424008e-5,0.0002607591877470826,0.0004671910521825221,0.0007534946283048188,0.0006348158990009522,-0.0001750702890670503,-0.006889607668538252,-0.008383508681541068,-0.0026865794484679886,0.006150920527267828,0.008699704714857688,0.008862429550833896,-0.0069997436389024545,0.0036487587626441434,0.02122814258686835,0.016724437288061746,-0.0075278354224330496,-0.014414294022424643,1.0319863928140764,-0.006260130026452883,-0.0006853164277987933,0.0022388629933391318,0.0009277897687214163,-0.0019242600491865245,-0.0027206230023158005,-0.0023255905404573896,-0.001720489354476613,-0.0012799176233044011,-0.0010573485336074385,-0.0008434311040024177,-0.0007575357298609404,-0.00038291617790971524,-0.00019373940119787254,-2.1450360720772306e-5,8.14186297016138e-5,0.00018748022249548204,0.00023633442452135662,0.0003346447463711443,0.0003388470323623377,0.00041589476156052725,0.0005978937179096194,0.001480946534282707,0.003756144580479438,0.0011697310087205451,0.00019482229339652725,4.630854689360591e-5,3.117130868968979e-5,0.00011693053936837118,0.00015270205344518716,-6.524926702824076e-5,-0.0009436957128420701,-0.001188610451639733,-0.0010600909831279275,-0.0004566299458700307,-2.0902645007146005e-5,1.9431520873514036e-5,0.00014965388780160315,0.00014267104672656416,0.00014360229936588782
6.358448400533071e-5,0.00014460974690301572,0.00032655397111823096,0.00044319571453372636,0.00043622032398328873,-0.0003099834396016976,-0.0047215809659045035,-0.006142803793406728,-0.000115122151733473,0.0031551800172440947,0.007443269011892036,0.005132880005182029,-0.001439838962454021,0.001082656167870828,0.010401964343762306,0.006469120829782843,-0.004907118587435311,-0.007860536953889921,-0.006260130026452883,1.0384039207858549,-0.009641113277239903,-0.01147915670995491,-0.007043307716699341,-0.0009505323708733316,0.0017404429964040173,0.0012874891361987688,0.00038620735411995944,-0.0001914280031233312,-0.00046733656430430153,-0.0005000938471376086,-0.00043922026102530964,-0.00026179582139267723,-0.00018345664741957926,-0.0001127564710165769,-1.7093447494702315e-5,9.403569113079493e-5,0.0002576950904355044,0.0005134144865168847,0.0008117533502904013,0.0013171089681844122,0.0023280593593547247,0.004697500955917316,0.009848990751137402,0.004734747464428541,0.002458372398375213,0.0014316241894130682,0.0009055002293585379,0.0006030881483491625,0.00041994930397310876,-0.00011235858595832088,-0.0005931538867585758,-0.0008167295297525414,-0.000705597880224379,-0.000395689115214676,1.0497965295970385e-6,-9.638135262219296e-5,-8.571553737450087e-5,-6.92805193265653e-6,-1.795966162054589e-6
-3.324409468774236e-6,0.00012464409835797179,0.00015191228632800168,0.0002829477312898309,0.0002717344049957342,-0.00013270041291357822,-0.0021536858640959114,-0.0038389056212707697,0.0014191671297852494,0.0012260778250802401,0.005851886059039622,0.0022944387672536207,0.00039391395745345465,-0.0007237466270427932,0.003989065018260259,0.0003235148651038453,-0.005711928243233864,-0.006568128696405418,-0.0006853164277987933,-0.009641113277239903,1.0113446804403035,-0.04966269554895442,-0.028287713297719244,0.003787238125379187,0.015902707591412327,0.012531885568756042,0.0068110276745249575,0.003306290041660794,0.001473884475905211,0.0006860152451708941,0.00035034334906143213,0.00017290840985281536,2.372751859086777e-5,-0.00011115068032596744,-5.2422326877602426e-5,7.337213910248676e-5,0.000516428701110933,0.0011325027786030953,0.00214595610765558,0.0036089596756858936,0.006273319954958574,0.011097781197370165,0.01973508453108301,0.012488724133681794,0.008302909365362305,0.005384856836756944,0.0035618895688717825,0.002195696659959147,0.0013726077598032345,-0.00011857592322880407,-0.000283798772766237,-0.000433069851442389,-0.00033921942265061885,-0.00025410843586898567,-0.000179895207294667,-0.00017087717830634348,-0.0004037873235131724,-0.00043848541474399963,-0.00042488245754730285
7.3396537298754115e-6,5.665524630730255e-5,8.478588147856028e-5,0.0001399790227960503,0.0001836897199303596,7.510994240507835e-5,-0.00042790235372289323,-0.0015685267469749333,0.0013125406947806532,0.0010281270254024792,0.003482704329922144,0.0013048277873279565,0.00010305372547993957,-0.0011393643226735237,0.0005699421928710632,-0.0027915836388879432,-0.006651401057393949,-0.006259906543029801,0.0022388629933391318,-0.01147915670995491,-0.04966269554895442,0.968844383247667,-0.0428996905975095,0.007284888394631755,0.02581523712935253,0.020262308785342596,0.011203741058042376,0.005731651226883957,0.0028216777684006984,0.0015031627468393514,0.0008693709852157328,0.00047012261683558826,0.00015953052882287293,-8.753166221598292e-5,-5.895624020558608e-5,9.193841958049208e-5,0.0007357594889550462,0.0016201248811794884,0.0031326061588132772,0.005249122716858344,0.008977005220253598,0.015291759397305272,0.025899897339711205,0.017637039338222135,0.012266347958344007,0.00810004827509571,0.005386321415489602,0.003291299569735299,0.002024833659126493,-0.00010681359301841234,-8.71513957544166e-5,-0.00018158632852410573,-9.881522821957706e-5,-0.00012215012262642306,-0.00035173714463596274,-0.00039449432152443285,-0.0007770875858757282,-0.0008966798355772192,-0.0008439536785826062
-5.3416518857257115e-6,5.193380660480563e-5,4.66680854875712e-5,0.0001035460183569422,0.00013594901594484945,0.00016179071857710551,0.0002617823511022444,-0.0006516920907366553,0.0013559630189724206,0.0007891501487212,0.00263240930616692,0.0009934960572765526,0.0005652952876511342,-0.0006192304500785374,0.00024655245847603674,-0.0018858057520717347,-0.0036577161365977965,-0.0036920183469901836,0.0009277897687214163,-0.007043307716699341,-0.028287713297719244,-0.0428996905975095,1.02017362206865,0.002257088729185435,0.011933446931969086,0.0091465766334223,0.004976105178005488,0.0025703341964950395,0.0012532214425055748,0.0006155363603521505,0.00032799380848202655,0.00015073846004140613,-1.6897771629585885e-5,-0.00015134839451235948,-0.00011944169168056947,-2.533453866078951e-5,0.00038918906302972,0.0010098360967042113,0.0020382121013871124,0.0035268108979603858,0.006211290211037873,0.010925592267344679,0.01873786473368793,0.010956370014863772,0.00697105902211589,0.00443602543902809,0.0029017679791405724,0.0017597667033128486,0.0010821936965406606,-0.00012381105050841856,-6.444738824373676e-5,-0.0001438781896378517,-7.963694270305617e-5,-0.00015364203443291307,-0.0001585183877654665,-0.00012388138013397188,-0.000335056805516046,-0.00043311487121506554,-0.00041554708508223027
4.926561974368175e-6,4.0136172541713986e-5,4.637834935922888e-5,8.141238403563543e-5,9.7179770383589e-5,0.00011594030600448266,0.0002422355297143563,-0.0003241402944835713,0.0011867127149051682,0.00094465744066953,0.0022477224332288445,0.00133938813440719,0.0010233565993437376,0.0002269229660367197,0.000937744689138295,0.00027861733723532934,0.0003880876492035878,-0.0009914890456824605,-0.0019242600491865245,-0.0009505323708733316,0.003787238125379187,0.007284888394631755,0.002257088729185435,1.0386884567127255,-0.011100914689888327,-0.009682866681412166,-0.005498561361730748,-0.002614705623208505,-0.0012080670226098584,-0.0008675952954561789,-0.0006060553158324938,-0.000421653048949677,-0.0003007832867852279,-0.00023256458420854714,-0.000160964709586177,-0.00013691020305955974,-7.20250325447584e-5,0.0001490348028554898,0.0004650798265389495,0.001104013318476522,0.0025305734462226503,0.005593430030020609,0.011497703276245745,0.002256562941935519,-0.00034687428577489127,-0.0007230139271499043,-0.0006130420603540958,-0.00039626466617039886,-0.00023539753281457386,-0.00012965927676346646,-7.102846745201127e-5,-0.00016219289791685116,-0.000100665421401306,-0.00015943999022551155,0.00013144045330259433,0.00033042404909651153,0.00041193947265637135,0.0002848829874755913,0.0002370610520935353
5.082084056813432e-6,2.833994658014192e-5,3.383275636866767e-5,4.999720860140513e-5,3.595768938375296e-5,-1.010675841087167e-6,3.292754750937822e-5,-0.00014096807380632818,0.0009239569559627889,0.0009065369774810813,0.0016813365936360898,0.001298255706986948,0.0009643385186959789,0.0005854382244537445,0.0010916274098270852,0.0010995522546095524,0.0018034936286251597,0.00024946584476370916,-0.0027206230023158005,0.0017404429964040173,0.015902707591412327,0.02581523712935253,0.011933446931969086,-0.011100914689888327,1.021367927517568,-0.02057371261249513,-0.01142305477381886,-0.005065687882312279,-0.002126246988960256,-0.0014494154694853119,-0.001056083613266777,-0.0007236060573331813,-0.00043637930544341885,-0.00024463823212212717,-0.00011675261970209312,-0.00011112450251669353,-0.0001546733206764653,-5.4459936243707956e-5,0.00015497545063518136,0.0008286265278981258,0.0026345617257105395,0.0065581160371999065,0.014735528100372423,0.0005358819596366734,-0.0027389084242108136,-0.0026347207192330964,-0.001976613965602044,-0.0012466737987311077,-0.000762285867829751,-0.00010934047846763973,-7.516467702513604e-5,-0.00017974365896896666,-0.00011969811853430962,-0.00014729364289346435,0.000220067861277873,0.0006206467541913308,0.0008365053937745742,0.0005760900491789311,0.00048713051306523657
4.473236992723894e-6,1.736979445157656e-5,2.1620838241007787e-5,2.5732429822436016e-5,1.0274728303717682e-5,-2.8335370528140954e-5,3.7091331431518457e-6,3.80760186779048e-5,0.0007855194488418758,0.0007569123629005957,0.0012427473935777314,0.0010967983366792207,0.000761956279453258,0.0005448080271962228,0.0007831344272046185,0.0007573617517469018,0.0013812369942894798,2.612292911335914e-5,-0.0023255905404573896,0.0012874891361987688,0.012531885568756042,0.020262308785342596,0.0091465766334223,-0.009682866681412166,-0.02057371261249513,1.0268292944967445,-0.010295783412923441,-0.004785956044539711,-0.002212524317648757,-0.0016647866216631152,-0.001255435657364063,-0.0008591796707520793,-0.0004483552762705286,-0.00014534926471014586,5.284131327735606e-5,0.0001386126822864988,0.0001420675426782007,0.00024090338246082453,0.0004972044715478487,0.0012339948090254976,0.0031380139464228032,0.007073076482610139,0.015178627831140896,0.0014547820055853392,-0.0019116567467883513,-0.0020669289061295603,-0.0016052158557894993,-0.0010192947040297599,-0.0006260469164410896,-9.427010943823634e-5,-8.016386516001679e-5,-0.0002084164188167417,-0.00015547635533940912,-0.0001291040095068335,0.0001560772861286359,0.0005741018938441323,0.0007758589837570468,0.0005133822811362309,0.00042660559093035173
3.215842789210367e-6,6.335365975858841e-6,1.1672330020860968e-5,1.8627987861063691e-6,-8.364917461342587e-6,-6.907470523943466e-5,-8.175633583317866e-5,0.00012004495782362656,0.0007039224256267972,0.000600176033475078,0.0009484614060157554,0.0008405724015850644,0.0006332977180937646,0.00043646605378260927,0.000574417202445349,0.00032222256328730557,0.0006787550968079571,-0.000251879843301733,-0.001720489354476613,0.00038620735411995944,0.0068110276745249575,0.011203741058042376,0.004976105178005488,-0.005498561361730748,-0.01142305477381886,-0.010295783412923441,1.0386520281967704,-0.0036611031940046177,-0.0023645069312420697,-0.0019808295653051707,-0.0015896742985819642,-0.0011100515784845148,-0.0005666755922790961,-0.00010484092868206798,0.0002308910489752946,0.0004943935895191359,0.0005887773615201456,0.0006493720953318504,0.0007908224829512342,0.0012710318136100625,0.0025060591219292863,0.005021538597576395,0.00984005881283943,0.0012499057310840838,-0.0010208183358538043,-0.0012121664733616014,-0.0009711308239591642,-0.0006230355507824288,-0.0003854500780613278,-8.409957522388495e-5,-0.00010419576570167953,-0.00024610046369355325,-0.00020407111359468136,-0.0001460168707387266,6.84186609297642e-5,0.0003719481407081312,0.0005110307480156633,0.0003626213153446753,0.00030664158300633713
-4.803647632006614e-7,5.562894674436141e-6,1.7665424280285286e-6,-4.852357042479065e-6,-2.6822535530930672e-5,-9.964286087765534e-5,-0.0002214102525683414,8.439910581586084e-5,0.000598131848522352,0.0003902793129516685,0.0007845255865786024,0.0005567495734995225,0.0005703988981904195,0.0002766016135349176,0.00038914965131955676,0.00015522544594722714,0.00033196825437095,-0.0003370129766268907,-0.0012799176233044011,-0.0001914280031233312,0.003306290041660794,0.005731651226883957,0.0025703341964950395,-0.002614705623208505,-0.005065687882312279,-0.004785956044539711,-0.0036611031940046177,1.0419347355731732,-0.0027308970911595495,-0.002559010721224874,-0.002117472702618294,-0.0015060893733700642,-0.0007890794752696346,-0.00021358174215045406,0.00035790204454191427,0.0008280337409986243,0.001009546244804647,0.0010323820791680882,0.0010450966730200671,0.0012940820893529894,0.0019625306824516907,0.003307282979227042,0.005538567034220362,0.0011242905191660556,-0.00023876849021768393,-0.00048562530264652877,-0.0004343694867818341,-0.00029097636920831586,-0.0001855135651188772,-7.619006131372505e-5,-0.00010805422869026996,-0.0002474420823066307,-0.00020276912517297257,-0.00014551835934562172,1.0375680388624753e-6,0.00025028884954100096,0.0003819320187700571,0.0002903121844911542,0.0002522943223536841
1.0689750177566187e-6,-1.3059486381955305e-6,4.924904218622834e-7,-1.4810056855303294e-5,-2.6558188280528025e-5,-9.472360083159732e-5,-0.0002447301468404059,0.00015139027885291564,0.0005550080893019777,0.00029766443497418634,0.0007228833811332146,0.0003163022577512487,0.000673954763229716,0.00013884649967131946,0.00045202965799522114,1.9715703805141137e-5,0.00012733894018609912,-0.00029533184950751584,-0.0010573485336074385,-0.00046733656430430153,0.001473884475905211,0.0028216777684006984,0.0012532214425055748,-0.0012080670226098584,-0.002126246988960256,-0.002212524317648757,-0.0023645069312420697,-0.0027308970911595495,1.0419588950238365,-0.0032557128885128115,-0.0025737042801088975,-0.0011373587675495825,-0.000889164326774133,-0.0013873955903929245,0.00012215668170618594,0.00101018686104917,0.0013281108606294223,0.0014081034002282912,0.0013406948091080966,0.0014940139507687218,0.001944707354972197,0.002896720829234359,0.004031249762671867,0.0011404436497432782,0.00010902653904469992,-0.00014941172744840483,-0.00016521606764824157,-0.00012123375406271802,-8.100359670091718e-5,-7.58271505745175e-5,-0.00012056732310432024,-0.00025074039693386723,-0.0002173631748978034,-0.0001599241526952343,-4.044685687252062e-5,-1.4086873396144189e-5,0.0002776102847047452,7.833688160122757e-5,0.00019887019430824893
-9.503144762012593e-7,-3.389839703230759e-6,-6.502318598170866e-6,-2.334435568196352e-5,-5.124858137391792e-5,-0.00014784831964667885,-0.0004343906869004506,0.00012145703477914075,0.0004627914406958635,0.0002187567439300317,0.0006056068933440728,0.00024023843543852547,0.0006004313180899152,0.0001729132486943164,0.00037752295974546516,0.00010879730730187359,4.36140333681529e-5,-0.00020111530886608638,-0.0008434311040024177,-0.0005000938471376086,0.0006860152451708941,0.0015031627468393514,0.0006155363603521505,-0.0008675952954561789,-0.0014494154694853119,-0.0016647866216631152,-0.0019808295653051707,-0.002559010721224874,-0.0032557128885128115,1.0410303639269032,-0.0029739655121669485,-0.0005649659772609239,-0.0007301676872564577,-0.002561821428453475,-7.00254200772962e-5,0.0010147703793496707,0.0014892265972284726,0.0017997686307802514,0.0017245577797167363,0.001794763996461578,0.002138318916216517,0.0029669850509018375,0.0038213770644515486,0.0015056425950191197,0.00057066532979525,0.0002031390190116465,9.560319456940171e-5,3.2929811909262135e-5,8.628326269833019e-6,-7.006724929120845e-5,-0.000137277692164171,-0.00026360250511772736,-0.0002514528012384669,-0.00017756174188097935,-6.237147691210371e-5,-0.00025211727036659635,0.0002734231281250512,-0.00012346351785945286,0.0001772261112466197
