3.983644317797614,0.69298055090996,0.7797677719953905,0.43919276148248493,0.4595902697518381,0.4627111066727577,0.3236346063179227,0.4072601689631354,0.28700800423391715,0.18256778364465742,0.20615154002713887,0.2173223392052984,0.12560897662275758,-0.011334836305475934,0.26996144960319773,-0.1271864694033541,-0.03722558069679369,0.10258229308173077,0.327860730457684,-0.08759756989839401,0.2391062758167271,0.050487056664321794,-0.2209188882088676,-0.30773613232278757,0.223009842764759,0.1582986830181174,0.04678254630456553,-0.07133280751632226,-0.08370227792092244,0.03408002764353091,0.413849293023805,-0.1308922770599818,0.06415278964352136,-1.0655169947021559,0.047751705538319145,-0.06622641227104362,-0.192109038588984,0.14475090449934913,0.19486304513001332,0.09750151916122236,0.2144027194870174,-0.12970290283199773,0.10872286105553412,0.00023343542740340687,0.18885435675249065,0.14107813493031374,-0.028353820110492343,0.008930383838472387,-0.3719946797455439,-0.02035233753719859,-0.19310470312301672,-0.13524292467816612,0.331848432494824,0.023470946048692706,1.4555899069670195,-0.20792605399510047,-0.7314008261938177,-0.5288854049809915,0.2482901656431564
0.69298055090996,3.150165827770104,1.6432089829890932,0.1262284348726432,0.050135341154727175,0.3049615472919683,0.35768268824218524,0.4873004236560309,0.3424073720917043,0.5190150559138826,0.32346336249217705,0.3505089301047204,0.1864023552387603,0.13852733076777643,0.6846692650733381,0.10374868446021426,0.42184491313645905,0.6988188978329036,0.26875207689686587,0.7445137983590232,0.49723856083797063,0.1791944488823883,0.029640168730563337,0.35626724693955797,0.44186488210031366,0.47389157953681027,0.3011213517294667,0.36758004727448995,0.6822789554192726,0.5192570558943675,0.22176170640169607,0.17014478433563315,0.39954560991462434,0.3919612790518552,0.3275622546091103,0.4466156174222432,1.1151399094607142,0.37037828345684354,0.3102483497125179,0.35644494048973446,0.6959314535538554,0.45824149815402476,0.30067930842290996,0.09203002892548076,0.20310165467871624,0.6294608403199464,0.5853994644735113,0.35928160734048736,0.4370967814245237,0.06051133196377872,0.2238609035208976,-0.11300589126084637,-0.04261703205610601,-0.1589328601774436,-0.9136454199317129,-0.16536968442749314,-0.3995308697133714,0.5677317864425655,0.6383578282537314
0.7797677719953905,1.6432089829890932,3.1475009959029228,0.048387682273185524,-0.30453495985354867,0.4244907958251307,0.3461170730450602,0.5113997241124071,0.5566902354681962,0.6239457207182715,0.3469964702707541,0.3588062453544345,0.18105613056406916,0.15969564875697487,0.5823097463395887,0.0807504346390809,0.4777119054330571,0.49053798508683527,0.2702112217487768,0.5612948775331048,0.42080599480136627,0.2805529542203339,0.20433314560611318,0.3332355162926714,0.4202416167012937,0.3830521284853257,0.26676572135632615,0.32572382543906997,0.600333345620495,0.5007389223665053,0.2678403989678064,0.19586295263118225,0.3397614508742515,0.4022955075006509,0.34121927709482414,0.577465167977869,0.703862191692779,0.2822155276216862,0.45300074950873853,0.28106063929476643,0.5665349149632884,0.4331990464176832,0.2593805694285785,0.11148559528036543,0.14463280486366,0.6009997933009147,0.5018479402382257,0.1710823695647612,0.4239333428143285,0.2086245483964071,0.10041381878964319,0.08499727744188286,-0.06170456426109422,-0.3154917425110198,-0.11501464314663318,-0.07781985013185605,-0.2346210311549248,-0.12266751262750898,0.364875879768969
0.43919276148248493,0.1262284348726432,0.048387682273185524,0.9565375008645458,0.5964614731162878,0.37126886629173084,0.2552121036928523,0.2888208695739181,0.12869792917197406,0.13263643126731303,0.1841037076050844,0.22103654327096967,0.1154161603477168,0.14896792424943672,0.21105075916238816,0.16730680056210914,0.14367044473228197,0.21698284076648017,0.24745247324933842,0.13942638819814243,0.173425621975179,0.14982416559962505,0.1771337692218783,0.15004448599233716,0.1948243590290634,0.1619489967981201,0.11544896100031408,0.04039953911228014,0.2018810970857886,0.1703623198949488,0.06672695174030964,0.1058377958479629,0.12822829696673024,0.16455572782342706,0.039404204757598135,0.13110016860924506,0.2500691974851444,0.12246654398122146,0.22198116393377865,0.06650774283443064,0.191105332488634,0.13276880370296557,0.1924635133344949,0.21875244542576758,0.02978048065110275,0.17025857383707518,0.18238283675878744,0.08485012380652118,0.12306983919407656,0.059260464128677956,-0.09343063782423923,-0.20624053453154,0.08867824586103128,-0.03828805485469843,0.11808530724063619,-0.09678199034283834,-0.23392418722591085,0.14930880304198446,0.08827628253287123
0.4595902697518381,0.050135341154727175,-0.30453495985354867,0.5964614731162878,1.2686139020709124,0.4305946795236568,0.27392183455564245,0.33997795265782144,0.12015448868460729,0.1541187051258853,0.20219073400329637,0.23822294056896007,0.1341497899059234,0.19348329820464152,0.23558386793836428,0.2119299710416266,0.13078289190658907,0.2036354262689042,0.41156318641613787,0.10732864102085717,0.17162134252729,0.17047406370475343,0.18473266679003222,0.1579216613609865,0.19974360145591352,0.1460959953057475,0.1167552974598784,-0.029819800508657797,0.2283250322547895,0.10452557020232388,-0.004706256713027569,0.13936636121216373,0.11501536450812201,0.21827152927914398,-0.004151862473465146,0.17794841989446805,0.22675305064192455,0.07946795709783776,0.23567839114172778,0.07423805372221097,0.18259583159825757,0.14074607982530699,0.13209865148022948,0.15837071101169453,-0.023757199910438793,0.19091426459928948,0.14741863521089638,0.07702266560056505,0.12005782203033434,0.026458017613244976,-0.03618812809806401,-0.4777197289833416,0.2373424066840035,0.043207368460761925,0.024833253704158505,-0.10368682929612934,-0.172339744900878,-0.01399326767988538,0.27092797010581343
0.4627111066727577,0.3049615472919683,0.4244907958251307,0.37126886629173084,0.4305946795236568,0.814085368219799,0.3200798333090221,0.44785044170131205,0.30240114934830264,0.19326441346494416,0.2705437064457295,0.2880703622762286,0.14896041897563242,0.1901166442079323,0.31562853618534786,0.13656214056331462,0.23870152433756459,0.2737678341324943,0.34506480869449996,0.24918543943377056,0.22800414594397828,0.21555603632587053,0.20583896976113347,0.18457438651647937,0.276221413297864,0.29122997166640846,0.166074388790677,0.0654176712250109,0.3775666547865939,0.22390908839888393,0.06021562264819135,0.16906814122476332,0.12762697626759403,0.2997744518929849,0.05397394002584691,0.2035305524955018,0.39642249787397105,0.1679906239071808,0.2876462486913632,0.10299372346270662,0.22584282983936294,0.20721080554154012,0.2755662016994929,0.16624897801128702,0.04845186253380048,0.27960570892682546,0.24535293948087172,0.10235110725534802,0.28053068473570264,0.11125348636977975,-0.2724135000086211,-0.14098957256771175,0.002235632941346128,-0.028298499237921403,-0.001703707436096211,-0.019508127640391164,-0.17371480655917004,0.2858489711742449,-0.11459509892507178
0.3236346063179227,0.35768268824218524,0.3461170730450602,0.2552121036928523,0.27392183455564245,0.3200798333090221,0.609517096411244,0.2831783557078545,0.3564684009951863,0.2431830962700955,0.2559240821183043,0.3884997202114599,0.13195626025188936,0.22320580838007986,0.23667811507267997,0.21714761215675335,0.1812277382760446,0.35499191801912516,0.21439725265414739,0.21099457154540957,0.22465639518553876,0.268439032715751,0.2782822389057816,0.17346066367505242,0.26109511317029493,0.26890694139284144,0.19012173933891124,0.0624500658172121,0.32851950601823,0.2174528179385733,0.1018300483120754,0.1976181630309406,0.11785140306428861,0.33349925950787623,0.07106938256955748,0.26743850722785606,0.3047357948401862,0.15684042357204941,0.2775366790900578,0.12402732592613883,0.23097907809345236,0.1819993712170681,0.27281541415315214,0.15632067165440613,0.05828319095533075,0.2956106697233249,0.2943513562397048,0.06463962639560672,0.39204600058897987,-0.005335886999249348,-0.0534318711896143,-0.06443757345691399,0.028493226591718348,-0.04822812578604521,-0.11141341703500746,0.09147812363848132,-0.13580594378713437,0.343635566612987,-0.34325264061678484
0.4072601689631354,0.4873004236560309,0.5113997241124071,0.2888208695739181,0.33997795265782144,0.44785044170131205,0.2831783557078545,0.9922090534443249,0.16399288408392912,0.31190403413194,0.2929936042931044,0.19649644824783455,0.15297407757696202,0.2705063230474608,0.3479160398022001,0.22047204059558803,0.387576026621269,0.40457875602923177,0.24579626453666933,0.37808149661450496,0.2627034077997599,0.20209516153801302,0.2639201779974597,0.2608234409281401,0.322964018380992,0.3448772373555073,0.21579546225729793,0.0473519766731617,0.44052647057592675,0.3887562925950114,0.06723259562614724,0.22006808366871644,0.14748110322914723,0.351550389777557,0.06835564896849064,0.2838492113743304,0.4696727232944503,0.2222461848060741,0.426994480729039,0.1889852127210543,0.350809053592825,0.2792830857522894,0.35342436083768264,0.16939812361016607,0.08340638289677317,0.3722827968491105,0.40755734117181036,0.16792764327016163,0.5134169245676056,0.22085223724299113,-0.01566409504454038,-0.28866722000476475,0.07322442496693729,-0.1514550729509681,-0.177862267775901,-0.09036922366532534,-0.0278676849515222,0.5185185288609366,-0.26579890961901415
0.28700800423391715,0.3424073720917043,0.5566902354681962,0.12869792917197406,0.12015448868460729,0.30240114934830264,0.3564684009951863,0.16399288408392912,0.7914822113701878,0.1874535414133873,0.1651065536082657,0.21935801900567053,0.11332176497945619,0.15713337711060837,0.09289971863135481,0.03821550447078671,0.1532629678819295,0.23059230970401842,0.1970477569005527,0.12276597592695493,0.19069700914234566,0.34879591172136754,0.20736414587412247,0.1400970698882222,0.11288460106755234,0.26278817713215213,0.11738006619039734,0.10270118731062923,0.17909427573191333,0.1587043120888527,0.1245066921130214,0.14232243217433296,0.17363212946069556,0.23800325634204011,0.05611160340029605,0.1914732663777374,0.1977122357587287,0.11680806167503766,0.22442452734399687,0.0727138423526328,0.13653111665830586,0.12111032173024189,0.22097498211767921,0.13355480401124978,0.024611579366382707,0.18073013448020223,0.1874490858603528,-0.018560089515574984,0.4974887025458607,0.024880320459007118,-0.0204634070058933,0.04128673321229981,-0.024055369873961344,-0.08101217777717272,-0.0133558701668073,0.1353509245187029,-0.12950312094139035,0.15804963271001873,-0.25305393843143253
0.18256778364465742,0.5190150559138826,0.6239457207182715,0.13263643126731303,0.1541187051258853,0.19326441346494416,0.2431830962700955,0.31190403413194,0.1874535414133873,0.826511425074938,0.2100484054813902,0.23069992751661983,0.11051112896249266,0.13270872724497326,0.29312200216547535,0.17515758084659527,0.2678368905802104,0.3728127735234484,0.19011359666811792,0.18047471626332162,0.18710540621965915,0.18105667392925473,0.3001185512536043,0.22703466325193447,0.23598132866563876,0.11351093128719596,0.16675450525408747,0.10147964090524518,0.3989348223980233,0.3484530907304287,-0.01613764759555025,0.16375577120402313,0.0929816791753511,0.34172915372587365,0.15654498381124873,0.34253048979216133,0.32129017169526775,0.11081219206691442,0.35360993455962203,0.18745227830188313,0.3550489414270226,0.18810991186814083,0.16128460817341747,0.1565593255568935,0.009852511594963096,0.34734932226419,0.40380059419376757,0.11398859782892315,0.34738387778237134,0.08276564960545549,0.09948362749937581,-0.12884664308341348,0.014878584946169237,-0.08249543810295396,-0.23446045773844607,-0.0492160819448396,0.026310993673355362,0.11215768074067198,-0.03802964488975122
0.20615154002713887,0.32346336249217705,0.3469964702707541,0.1841037076050844,0.20219073400329637,0.2705437064457295,0.2559240821183043,0.2929936042931044,0.1651065536082657,0.2100484054813902,0.42638924808350326,0.30854570970065315,0.1421097108194007,0.20963638389400327,0.27853974112058333,0.18193487502988584,0.3010915752792556,0.2690961384627433,0.16374014798874978,0.31503390465988584,0.21917912047791457,0.16897536586829895,0.15292349347522685,0.18535142872863894,0.24358798914067295,0.26618156746080074,0.19614551192909768,0.1335111237435983,0.3065953203093964,0.1751708204897955,0.15614056635554685,0.18980112549241607,0.14755751325394226,0.2908243171980991,0.1547547009717865,0.2660230163446573,0.32530755434540204,0.179642377049823,0.24977968794590627,0.14917723346415407,0.24871457276317052,0.22337540754076926,0.18894442245369913,0.09158990899517312,0.0889181377905398,0.3359094731993216,0.25293801927073256,0.11042211415624463,0.24151647069705,0.0515645529360023,-0.01565290167053683,-0.06466012069571463,0.03727245612306336,-0.05197411251599618,-0.1304870372839042,0.03105474082606959,-0.07459584152483692,0.19029919715426888,-0.1599800503556619
0.2173223392052984,0.3505089301047204,0.3588062453544345,0.22103654327096967,0.23822294056896007,0.2880703622762286,0.3884997202114599,0.19649644824783455,0.21935801900567053,0.23069992751661983,0.30854570970065315,0.6868917282228251,0.12369268030593293,0.2721700887942012,0.29282888644239147,0.2769018478237538,0.23855616811603794,0.4011145576969087,0.20406271865540582,0.2684037163911536,0.23986809632165587,0.23633026775520802,0.27003489791227603,0.18375544129371885,0.32583142990210484,0.31316542441473194,0.26353500302042404,0.056407880331675174,0.3463635791405234,0.1386778361672122,0.14725083259272662,0.2542837380536334,0.11661395866974274,0.3539454411302918,0.07153131910739169,0.3465556791063268,0.2874933086912049,0.17633634938305168,0.24149385701182932,0.1591586044620206,0.2591832137187502,0.222244210035655,0.26664885420001216,0.08407846437678432,0.1014179783451283,0.4046492772635611,0.2979619605366695,0.10124391563588592,0.30746166283204157,-0.10960543564442635,0.03214534689937203,-0.10786182621037588,0.05288883746758317,0.0189333679965151,-0.1729607508293953,0.11145502866946087,-0.16126851115086246,0.4265960486694352,-0.4776837933692676
0.12560897662275758,0.1864023552387603,0.18105613056406916,0.1154161603477168,0.1341497899059234,0.14896041897563242,0.13195626025188936,0.15297407757696202,0.11332176497945619,0.11051112896249266,0.1421097108194007,0.12369268030593293,0.21445516451920515,0.12124515099617597,0.09565507227336177,0.12246614488653076,0.11460432594837636,0.1287060175734595,0.12339497969634045,0.11921715437555087,0.10988058012763487,0.13026888582584717,0.06345804844744567,0.11572750887491408,0.1161226886094464,0.11906002532697177,0.11125444923196291,0.07692694345660628,0.18065091700387712,0.13289634967175634,0.009399040708392916,0.10499093613741915,0.07230295372841664,0.1453816735546679,0.10055456668306867,0.11112765535746912,0.153784728653002,0.07014384325174765,0.1396840698143303,0.07442628351119286,0.11918286451983395,0.10403772900921478,0.1139306067383668,0.07394565628379632,0.001038056560270326,0.14004854194744462,0.12698600709986432,0.03816162834411883,0.19550030416028824,0.031555965038254856,-0.025123110377277436,-0.04079782276405728,0.009680110330001993,-0.009913913602876146,-0.027872629701967258,-0.017598156809551686,-0.09608137485749521,0.04717884982363004,0.06107200995071189
-0.011334836305475934,0.13852733076777643,0.15969564875697487,0.14896792424943672,0.19348329820464152,0.1901166442079323,0.22320580838007986,0.2705063230474608,0.15713337711060837,0.13270872724497326,0.20963638389400327,0.2721700887942012,0.12124515099617597,0.7112650797591972,0.16158429244099154,0.2971231252383085,0.23810070679685164,0.11879719645546505,0.14062025011416326,0.3173458236275245,0.18372338779868747,0.22876489299231226,0.18541948201235992,0.28349186597454423,0.23573974465119865,0.2629318988558823,0.2120665656250324,0.1331302289711349,0.27005172186437565,0.289767776717705,0.16536945289914692,0.38956116233330973,0.11017461442737926,0.30548910663264167,0.19557798919736455,0.2950305770968124,0.2861913176789347,0.2095605436670169,0.20665666941719868,0.15473929563875424,0.29534254341514704,0.2382653468798486,0.1950565086146163,0.13555063559134115,0.06004627523853198,0.36178622518701553,0.24488145087441457,0.1556898454836472,0.5743890247315124,-0.03959562631220952,0.022463717307946815,-0.13112625224042426,0.09871491040233137,0.02985049413703915,-0.3107504962511518,0.03909019906667497,0.27028678382788346,0.25077870692952237,-0.3850158082806554
0.26996144960319773,0.6846692650733381,0.5823097463395887,0.21105075916238816,0.23558386793836428,0.31562853618534786,0.23667811507267997,0.3479160398022001,0.09289971863135481,0.29312200216547535,0.27853974112058333,0.29282888644239147,0.09565507227336177,0.16158429244099154,1.1991383039169579,0.05050531287578929,0.2625914635173805,0.34142845837245045,0.19150437686770946,0.5240443551682692,0.3391722140209529,0.0483156857799925,0.3252412189078819,0.27406012467024643,0.3535690063051187,0.2124315005446573,0.20221773154652403,0.2337572236794801,0.42376566842582164,0.4993820465260489,0.19932200300156946,0.13044169465458458,0.2858961828073136,0.3984857665624731,0.1467575990828877,0.36969906182964385,0.6645939114576143,0.2721531860724218,0.36413185301810486,0.20890214355195103,0.5413709432252763,0.3028241653767885,0.3639113745013337,0.21765534146210042,0.08433737189588572,0.4452292707597416,0.4404690125178071,0.34104008453072576,0.3755946585136832,0.11381543386724623,-0.024651646430744054,-0.05227005564490951,-0.02875434690608782,-0.09194732343211565,-0.20858870063502072,0.12123213652862631,-0.16590238879718075,0.25202024899570136,0.014289121135151428
-0.1271864694033541,0.10374868446021426,0.0807504346390809,0.16730680056210914,0.2119299710416266,0.13656214056331462,0.21714761215675335,0.22047204059558803,0.03821550447078671,0.17515758084659527,0.18193487502988584,0.2769018478237538,0.12246614488653076,0.2971231252383085,0.05050531287578929,1.2803011209343482,0.28209888683123285,0.35805348373254214,0.16954776686520312,0.23342320062019517,0.20524270376436785,0.5867356736152926,0.4794003824216955,0.2871494558877046,0.34305148284799214,0.13105019753604868,0.3431636664826705,0.1570580286727822,0.5226983760841266,0.4356104508886685,0.03881220224976917,0.3628476447060971,-0.007785458368443656,0.5162667911339659,0.34088892824086264,0.41098592905257486,0.3382918273711068,0.21401725459654164,0.3612592870461429,0.21569027770058968,0.3320330104332249,0.3493488086391249,0.3629113058349343,0.3383025844562756,0.10139237768248593,0.35559413578905047,0.3965641225970627,-0.06445999196393985,0.3980403318788729,-0.11448705804642159,-0.017235592740212594,-0.1080774914696437,0.012754156497510145,0.07249977235630002,-0.1604130451096463,0.050110801543319324,-0.12114618966004846,0.21202102842073706,-0.09936691142627622
-0.03722558069679369,0.42184491313645905,0.4777119054330571,0.14367044473228197,0.13078289190658907,0.23870152433756459,0.1812277382760446,0.387576026621269,0.1532629678819295,0.2678368905802104,0.3010915752792556,0.23855616811603794,0.11460432594837636,0.23810070679685164,0.2625914635173805,0.28209888683123285,0.9992419702821317,0.32361969354238646,0.1669984200491704,0.5262241622303591,0.30312686271407,0.2099524462084504,0.17026459107389474,0.3268676962760237,0.3659570563548953,0.33971585538446514,0.25106749140631524,0.40536444994080856,0.38205079469935904,0.29064331583837244,0.3525361106158442,0.24955368661276947,0.3931701188375202,0.4192445836747939,0.309620893359805,0.42261094797946136,0.7307490357675193,0.3151926932959487,0.3208574419144482,0.2150737648828196,0.42172635611467,0.4578779564496958,0.20044933551879607,0.19276137084307018,0.2400233031211707,0.5729241592555346,0.4069685582058778,0.21612939916699733,0.20075362649955772,0.2208561087490468,0.06627599326461615,-0.22815131447331977,-0.1315578310299504,-0.1512534190014516,-0.47156817904205856,-0.011807769905721754,0.009140362868655718,0.3010117322895308,-0.15375671798447257
0.10258229308173077,0.6988188978329036,0.49053798508683527,0.21698284076648017,0.2036354262689042,0.2737678341324943,0.35499191801912516,0.40457875602923177,0.23059230970401842,0.3728127735234484,0.2690961384627433,0.4011145576969087,0.1287060175734595,0.11879719645546505,0.34142845837245045,0.35805348373254214,0.32361969354238646,1.3909246616701423,0.2155053757768905,0.2063531506639173,0.38754987748241887,0.29398422187493656,0.49606554144550863,0.32476263443476083,0.3637665197982544,0.39614770071234906,0.17640568645736654,0.20099938762239117,0.5901096595072212,0.32811174312946534,0.15126232788564584,0.22795082636628583,0.23558731008387712,0.5062587734356753,0.02773753710953448,0.44788433565817865,0.6930072925089853,0.16075678983348912,0.28083407670078037,0.2087368317883146,0.407387204774693,0.3221468325236626,0.4940538588127855,0.15996000390803225,0.1787681158800446,0.5338609737084803,0.7203273222186779,0.11787922664954271,0.27497909748252997,0.1664531441518802,0.36874952611386125,-0.42105989545779876,-0.27532155919041656,-0.15885098993020796,-0.352911429664708,0.05244831235048251,-0.186332129665735,0.9004879365387258,-0.5865817611538364
0.327860730457684,0.26875207689686587,0.2702112217487768,0.24745247324933842,0.41156318641613787,0.34506480869449996,0.21439725265414739,0.24579626453666933,0.1970477569005527,0.19011359666811792,0.16374014798874978,0.20406271865540582,0.12339497969634045,0.14062025011416326,0.19150437686770946,0.16954776686520312,0.1669984200491704,0.2155053757768905,0.6783566919450781,0.158546679681828,0.2021261332201492,0.18352964713202158,0.04241585246444878,0.17890627213228782,0.18484804740921837,0.15205776051771974,0.12935059014711608,0.1376457500556457,0.19450890670671553,0.17071995759664638,0.07566839576693757,0.14487446249450725,0.20026055547313176,0.15623054349632956,0.01232188349767872,0.18667677485983367,0.2588799186572313,0.11188775410783793,0.21002229321311128,0.07274596184829833,0.2113202617848898,0.1438517943535364,0.18760092345322504,0.06577454128370092,0.05052485300391907,0.24688507796476805,0.19126406211938113,0.07338102893601249,0.11902995271751067,0.11249556112052883,0.014584725997559432,-0.002135615598238619,-0.12346691932577387,-0.08174259403730712,-0.009294267205263043,-0.037265365477806,-0.11828273965350754,0.1707786427028683,-0.03869431417609012
-0.08759756989839401,0.7445137983590232,0.5612948775331048,0.13942638819814243,0.10732864102085717,0.24918543943377056,0.21099457154540957,0.37808149661450496,0.12276597592695493,0.18047471626332162,0.31503390465988584,0.2684037163911536,0.11921715437555087,0.3173458236275245,0.5240443551682692,0.23342320062019517,0.5262241622303591,0.2063531506639173,0.158546679681828,1.6047352686099148,0.2601844723804527,0.14203340733293748,0.21412255732639732,0.43221181719469765,0.4391375290106868,0.3740419284884109,0.43181843844475537,0.34983122318543364,0.5146804680553981,0.7128229393888492,0.516400793753034,0.3112861524030537,0.40329162427119375,0.5885901192203462,0.29704577984782365,0.4094142271631293,1.2211204126036543,0.7616120487145999,0.385901312952322,0.3956158372837891,0.877095128967627,0.6203770454891622,0.45823486676468395,0.23245956773746929,0.14178111636328425,0.8494867071093819,0.6159332484895524,0.6872273161341108,0.9356233254270091,0.06397335714917204,-0.09211319472566065,0.15271018461217792,0.004706247210279854,-0.10757904960629093,-0.38896644045010603,0.04574787967672011,0.13930777069057365,0.3547211377875056,-0.18715616354136644
0.2391062758167271,0.49723856083797063,0.42080599480136627,0.173425621975179,0.17162134252729,0.22800414594397828,0.22465639518553876,0.2627034077997599,0.19069700914234566,0.18710540621965915,0.21917912047791457,0.23986809632165587,0.10988058012763487,0.18372338779868747,0.3391722140209529,0.20524270376436785,0.30312686271407,0.38754987748241887,0.2021261332201492,0.2601844723804527,0.6209511085188855,0.20983705608569914,0.2500424537335461,0.2489775934253966,0.2683688723554267,0.2755359403212265,0.166041061852708,0.2728963301953518,0.28387992753681157,0.33213153250030514,0.39184501877171085,0.19245699299328656,0.3288997691988109,0.2705182276314684,0.14109196389987566,0.4155099633790714,0.47081155022434323,0.21175192223408193,0.2965987296549262,0.19604995171211292,0.5219231169350218,0.2834490463537637,0.32357483816586047,0.1813689646478279,0.17456764853645235,0.45574014941399354,0.36010009907253404,0.16123227453172131,0.15932547561740126,0.1317146133830221,0.055539881223869464,-0.09051556875561366,-0.115242049801561,-0.07553981432148027,-0.09682014413328839,0.003643390585269779,-0.2631103341631016,0.32084093712626327,-0.028451713021110367
0.050487056664321794,0.1791944488823883,0.2805529542203339,0.14982416559962505,0.17047406370475343,0.21555603632587053,0.268439032715751,0.20209516153801302,0.34879591172136754,0.18105667392925473,0.16897536586829895,0.23633026775520802,0.13026888582584717,0.22876489299231226,0.0483156857799925,0.5867356736152926,0.2099524462084504,0.29398422187493656,0.18352964713202158,0.14203340733293748,0.20983705608569914,0.6253881465956508,0.39887352981484053,0.21750855846335032,0.23342545232175868,0.17719670683930344,0.2184363060680897,0.1018480285236023,0.35591805770009693,0.29684784332109615,0.08372452425942777,0.26064043023620703,0.0910144368570175,0.38207168062231367,0.13723906500228297,0.3351149721455699,0.2520684450924801,0.15451732131007653,0.30369089535547644,0.12827942120263613,0.2300250383603226,0.21944849402837532,0.3126745816597024,0.24324688921196605,0.03014633651104077,0.2819642487469191,0.28833110303878473,-0.14357670433841563,0.45437989368919635,-0.030513554025043334,-0.008613987717075859,-0.08201678170385933,-0.008376875187266297,-0.0059416003766041975,-0.09170775476444322,0.07998918235253509,-0.13188694088180808,0.2023428145317046,-0.17267723640065843
-0.2209188882088676,0.029640168730563337,0.20433314560611318,0.1771337692218783,0.18473266679003222,0.20583896976113347,0.2782822389057816,0.2639201779974597,0.20736414587412247,0.3001185512536043,0.15292349347522685,0.27003489791227603,0.06345804844744567,0.18541948201235992,0.3252412189078819,0.4794003824216955,0.17026459107389474,0.49606554144550863,0.04241585246444878,0.21412255732639732,0.2500424537335461,0.39887352981484053,1.6464633208042598,0.2605277178784845,0.41293504727821945,-0.049236724735899476,0.18662219872905256,-0.16344713890665677,0.6937415723337833,0.6528570525517472,0.17628585310534975,0.2059334327223579,0.017769843928983304,0.6864514417396769,-0.16358698912830452,0.8557710450492685,0.4403227492396869,0.18449658604696287,0.5916984338372412,0.20543207439750508,0.6031568714676461,0.25312720840393527,0.4478920963912602,0.598054350263598,-0.22655095777113282,0.5960835961015197,0.556443088268244,0.18611122978136221,0.49320698658658635,-0.07354009688423668,0.0669372527876741,-0.38276500155746385,0.09834951985093371,0.015877117907441007,-0.26750646580672144,0.14051689021361405,-0.020076035000800692,0.21823996971920398,-0.1747146594978816
-0.30773613232278757,0.35626724693955797,0.3332355162926714,0.15004448599233716,0.1579216613609865,0.18457438651647937,0.17346066367505242,0.2608234409281401,0.1400970698882222,0.22703466325193447,0.18535142872863894,0.18375544129371885,0.11572750887491408,0.28349186597454423,0.27406012467024643,0.2871494558877046,0.3268676962760237,0.32476263443476083,0.17890627213228782,0.43221181719469765,0.2489775934253966,0.21750855846335032,0.2605277178784845,0.8827710796666143,0.23493441373997087,0.12207838080689715,0.22519157989438632,0.30546496573642856,0.29382917973064104,0.7953823206917326,-0.044450975124215635,0.34501307414687044,0.6379778649231066,0.2599790606716845,0.050611028028928175,0.33511745457847547,0.6431921781067689,0.2655292866737579,0.36553312899944,0.20753963239424622,0.5107636180627728,0.323175965045984,0.30438629739166106,0.22341075475427696,-0.023443379155357408,0.4831131900679111,0.514740340814435,0.3412003464053171,0.9443762513677432,0.08470974032814221,0.042805419014706476,-0.16277652980397334,-0.0013306295337108735,-0.10616733142694157,-0.45553514667782946,-0.13798518069979332,0.27569502791597045,0.4696951493806934,-0.2825506608102251
0.223009842764759,0.44186488210031366,0.4202416167012937,0.1948243590290634,0.19974360145591352,0.276221413297864,0.26109511317029493,0.322964018380992,0.11288460106755234,0.23598132866563876,0.24358798914067295,0.32583142990210484,0.1161226886094464,0.23573974465119865,0.3535690063051187,0.34305148284799214,0.3659570563548953,0.3637665197982544,0.18484804740921837,0.4391375290106868,0.2683688723554267,0.23342545232175868,0.41293504727821945,0.23493441373997087,1.1688651910462118,0.27023453276337805,0.27485190344804933,0.16886658737536475,0.5711231036588528,0.3474064425743268,0.34644524764503126,0.2480397967414963,0.07477728681532987,0.5455399810297283,0.3009315494258899,0.5102670556324258,0.3786195745591274,0.28228890588208627,0.3112307628798578,0.18386061498631598,0.345115004732731,0.3133930815320664,0.3025669620320465,0.21466605727765323,0.19677644106343178,0.6068302923636723,0.3892839275823044,0.06438883493967196,-0.17403412608942737,-0.21422321143161147,-0.01398622358849872,0.12159629580253059,0.052966507699611996,-0.016006927339206382,-0.19250059416544946,0.018851592106968667,-0.05095190655586182,0.24328597574956604,-0.16011058374647388
0.1582986830181174,0.47389157953681027,0.3830521284853257,0.1619489967981201,0.1460959953057475,0.29122997166640846,0.26890694139284144,0.3448772373555073,0.26278817713215213,0.11351093128719596,0.26618156746080074,0.31316542441473194,0.11906002532697177,0.2629318988558823,0.2124315005446573,0.13105019753604868,0.33971585538446514,0.39614770071234906,0.15205776051771974,0.3740419284884109,0.2755359403212265,0.17719670683930344,-0.049236724735899476,0.12207838080689715,0.27023453276337805,1.1502920484311934,0.1794237672998325,0.31563120886783536,0.19947354047253796,-0.04088499661816227,0.39924628039741616,0.2770987972885132,0.15286258949577572,0.34296322028094384,0.3503367391748413,0.2331987401645061,0.16441733404791592,0.23151749035673,-0.28106826875537827,0.14191030680739192,-0.02550281724480754,0.36022253414153516,0.2398169707893381,-0.02753058165351276,0.3400680136095893,0.2528840121248493,0.15170050749693195,0.043160814384601405,-0.04148222098909852,0.047775865573111,-0.12064840579759506,0.0903483043375152,-0.20199506263977016,-0.008841859469201036,-0.15665519963141294,0.06023281274330753,-0.19125887358874064,0.3976280589841269,-0.23018205606366274
0.04678254630456553,0.3011213517294667,0.26676572135632615,0.11544896100031408,0.1167552974598784,0.166074388790677,0.19012173933891124,0.21579546225729793,0.11738006619039734,0.16675450525408747,0.19614551192909768,0.26353500302042404,0.11125444923196291,0.2120665656250324,0.20221773154652403,0.3431636664826705,0.25106749140631524,0.17640568645736654,0.12935059014711608,0.43181843844475537,0.166041061852708,0.2184363060680897,0.18662219872905256,0.22519157989438632,0.27485190344804933,0.1794237672998325,0.5680980501018643,0.1934111916556474,0.2567484119249758,0.27295454928219604,0.21863487803207068,0.2611535946598833,0.15497199997932812,0.32580238390647437,0.23422278966972773,0.2906479258332102,0.4153247974189012,0.24958960797759336,0.23684201041624367,0.20499419261527208,0.3400657436879447,0.26887548308031267,0.26590648363047076,0.1289277086054017,0.05443641229542486,0.4625266009839305,0.2815406316477601,0.18254300592516856,0.406142115715728,-0.06451395593101182,-0.042530672992679916,0.0631784392638345,0.005879006312322069,0.022026197407981934,-0.14281750723570408,0.03638484117886335,0.08613505764883023,0.26056254942454127,-0.3071465315661826
-0.07133280751632226,0.36758004727448995,0.32572382543906997,0.04039953911228014,-0.029819800508657797,0.0654176712250109,0.0624500658172121,0.0473519766731617,0.10270118731062923,0.10147964090524518,0.1335111237435983,0.056407880331675174,0.07692694345660628,0.1331302289711349,0.2337572236794801,0.1570580286727822,0.40536444994080856,0.20099938762239117,0.1376457500556457,0.34983122318543364,0.2728963301953518,0.1018480285236023,-0.16344713890665677,0.30546496573642856,0.16886658737536475,0.31563120886783536,0.1934111916556474,1.0380419189970211,-0.048489253071733844,0.2746200421224654,0.5081473154237856,0.18363965955824538,0.5663195900858766,0.17596838308842105,0.7506327821973655,0.20507506951438617,0.5734470490494942,0.2591260944456475,0.058631694471172266,0.1968872625053025,0.28631576974417106,0.2992672014409602,0.11673102041707306,0.28400511076089496,0.30306370045613434,0.32465627267767166,0.22956118519590207,0.20152477650102782,-0.14650808799393505,0.20955143757187714,-0.03316642261701709,0.5446276578681495,-0.6366826943071193,-0.11021494861835157,-0.14314529755635222,-0.013686480475383385,0.03694683818542904,-0.15923927054039866,0.3207984441389305
-0.08370227792092244,0.6822789554192726,0.600333345620495,0.2018810970857886,0.2283250322547895,0.3775666547865939,0.32851950601823,0.44052647057592675,0.17909427573191333,0.3989348223980233,0.3065953203093964,0.3463635791405234,0.18065091700387712,0.27005172186437565,0.42376566842582164,0.5226983760841266,0.38205079469935904,0.5901096595072212,0.19450890670671553,0.5146804680553981,0.28387992753681157,0.35591805770009693,0.6937415723337833,0.29382917973064104,0.5711231036588528,0.19947354047253796,0.2567484119249758,-0.048489253071733844,2.1629914340462872,0.6635871698700568,-0.8225916044403129,0.3112198585807893,-0.3641330862191158,0.974909286785969,0.1722350981128435,0.7482272447841047,0.2213476192926601,0.13892352944182682,0.5540875357061594,0.3005563152869318,0.35351558500791636,0.3419880313811193,0.2763745586002863,0.11590741487013438,-0.050865838824727255,0.42197836906155445,0.6049698136875532,0.016062998018964523,1.0611677038132719,0.1653858927599212,-0.2528893119965086,-0.15712858670832766,-0.09701850788182713,0.036429819501327704,-0.5191505600907037,0.03744747927590084,-0.002470073153672123,0.19041028640502072,0.05242382659689974
0.03408002764353091,0.5192570558943675,0.5007389223665053,0.1703623198949488,0.10452557020232388,0.22390908839888393,0.2174528179385733,0.3887562925950114,0.1587043120888527,0.3484530907304287,0.1751708204897955,0.1386778361672122,0.13289634967175634,0.289767776717705,0.4993820465260489,0.4356104508886685,0.29064331583837244,0.32811174312946534,0.17071995759664638,0.7128229393888492,0.33213153250030514,0.29684784332109615,0.6528570525517472,0.7953823206917326,0.3474064425743268,-0.04088499661816227,0.27295454928219604,0.2746200421224654,0.6635871698700568,3.1090649505159997,-0.42416339798293795,0.24761551193081519,0.2665822278755375,0.17561297912965382,0.4735012680659044,0.5294412462571568,0.9225114125546452,0.4957627558061084,1.015350068087615,0.5740094612670348,1.1411992274970522,0.4641864468595468,1.1689990704638165,0.6046757316373229,0.2561477022608425,0.5337075759346113,1.3794212861302775,0.6735606505530664,1.979852691567949,-0.03382880545000485,-0.09991586819720011,-0.3992907262213312,0.18954756980656168,0.015496333259379737,-0.2530208073874378,-0.07380063185804146,0.09004475715171127,1.4591628689231015,-1.2114255039963964
0.413849293023805,0.22176170640169607,0.2678403989678064,0.06672695174030964,-0.004706256713027569,0.06021562264819135,0.1018300483120754,0.06723259562614724,0.1245066921130214,-0.01613764759555025,0.15614056635554685,0.14725083259272662,0.009399040708392916,0.16536945289914692,0.19932200300156946,0.03881220224976917,0.3525361106158442,0.15126232788564584,0.07566839576693757,0.516400793753034,0.39184501877171085,0.08372452425942777,0.17628585310534975,-0.044450975124215635,0.34644524764503126,0.39924628039741616,0.21863487803207068,0.5081473154237856,-0.8225916044403129,-0.42416339798293795,3.3905886359042037,0.26320615518370943,0.5509849403609339,0.00107310884835869,0.17324550913662293,0.7887234492083054,0.7661909070682059,0.48014034933931493,-0.1186243074984106,-0.00042901445363508183,0.4842995973149629,0.3313047287990829,0.03218106912491022,0.11737967426859443,0.48044778758085976,1.1322461886260478,0.03630392727956397,0.08849510466998209,-2.063563830418216,0.2334978332929566,0.12723907726280867,0.5113746415574391,-0.42172478589472673,-0.16390513362995435,0.19088968464804956,0.10407719028489423,0.05623358702020409,0.001581390953783217,-0.2221411798698611
-0.1308922770599818,0.17014478433563315,0.19586295263118225,0.1058377958479629,0.13936636121216373,0.16906814122476332,0.1976181630309406,0.22006808366871644,0.14232243217433296,0.16375577120402313,0.18980112549241607,0.2542837380536334,0.10499093613741915,0.38956116233330973,0.13044169465458458,0.3628476447060971,0.24955368661276947,0.22795082636628583,0.14487446249450725,0.3112861524030537,0.19245699299328656,0.26064043023620703,0.2059334327223579,0.34501307414687044,0.2480397967414963,0.2770987972885132,0.2611535946598833,0.18363965955824538,0.3112198585807893,0.24761551193081519,0.26320615518370943,0.6240700254044732,0.08071755293313876,0.3374220881261631,0.17305393046630857,0.3718204054821589,0.19849546787509303,0.21324282549558254,0.17790084450741211,0.1634095981429038,0.2653915887622901,0.25835981017395604,0.07833687403269478,0.11108883071262932,0.09311798517629419,0.5008624115661205,0.2898435875597155,0.09377855946613697,0.3389937161728539,-0.007351189740516639,0.05553426054779018,0.04939583948800633,-0.13325726787112663,0.021690203353148294,-0.43147454166265375,0.018097815538143384,0.6997827719580898,0.13171525694547961,-0.605636180326045
0.06415278964352136,0.39954560991462434,0.3397614508742515,0.12822829696673024,0.11501536450812201,0.12762697626759403,0.11785140306428861,0.14748110322914723,0.17363212946069556,0.0929816791753511,0.14755751325394226,0.11661395866974274,0.07230295372841664,0.11017461442737926,0.2858961828073136,-0.007785458368443656,0.3931701188375202,0.23558731008387712,0.20026055547313176,0.40329162427119375,0.3288997691988109,0.0910144368570175,0.017769843928983304,0.6379778649231066,0.07477728681532987,0.15286258949577572,0.15497199997932812,0.5663195900858766,-0.3641330862191158,0.2665822278755375,0.5509849403609339,0.08071755293313876,1.9699182557258872,-0.23952181535402642,-0.6592352422906519,0.2304063758559193,1.094882844642306,0.3021345441591053,0.11989694181589236,-0.09963287133574843,0.5018230632986485,0.2836283778175707,0.19632664060211333,0.16279767046539306,-0.20002157006038487,0.5879368653164049,0.2628410325426349,0.47270323717976875,0.6069350050648901,0.39996077606369557,0.0061360439687880835,-0.1585839289450252,-0.06090033877602817,-0.35493679835748815,-0.12111101906949369,-0.009987298831126977,-0.14305910471932612,0.20674788777622513,0.09937388374524339
-1.0655169947021559,0.3919612790518552,0.4022955075006509,0.16455572782342706,0.21827152927914398,0.2997744518929849,0.33349925950787623,0.351550389777557,0.23800325634204011,0.34172915372587365,0.2908243171980991,0.3539454411302918,0.1453816735546679,0.30548910663264167,0.3984857665624731,0.5162667911339659,0.4192445836747939,0.5062587734356753,0.15623054349632956,0.5885901192203462,0.2705182276314684,0.38207168062231367,0.6864514417396769,0.2599790606716845,0.5455399810297283,0.34296322028094384,0.32580238390647437,0.17596838308842105,0.974909286785969,0.17561297912965382,0.00107310884835869,0.3374220881261631,-0.23952181535402642,2.4281438184073285,0.5387787045024942,0.5491465631726195,0.9556458888210037,0.21732011859734557,0.37615938619328687,0.07754035271848425,0.29979176129847007,0.5295943663409403,0.398375167408231,0.43773720598856447,-0.01983029117962246,0.4197470685525948,0.5703639480324704,0.06991507051370051,0.4160159600972013,-0.14638499837093108,-0.010999788462639572,0.03464517293266732,-0.08322103094753013,-0.08624035663483665,-0.7016719784805222,0.2108186582361979,0.03551122746763482,-0.11605325947054296,0.4582018981969124
