0.8681565598733905,0.2100349350490058,0.3455395222273051,-0.1435722999514129,0.14415254735066416,0.11311822355764266,0.20344085482359284,0.09884556545158622,0.11037672156669633,0.0941875038879701,0.09966194260436172,0.12851385283143935,0.04294952145249761,0.12553986526755606,0.1275593322009564,0.09914182215120329,0.07509310984196249,0.11911848576523941,0.11648531679672756,0.05246735261125472,0.08963388770343445,0.12271544451280243,0.09409779755660645,0.05218129532999883,0.1480838900531363,0.1213000118485331,0.14811226977426145,0.08789778389676009,0.033273709530960593,0.023685994522958432,0.1239916106732289,0.09401778552440794,0.12320666416639159,-0.09319675678256048,0.05685324277266412,0.06141600901815194,0.007594163920217269,0.08065494845922931,0.11599422261772216,0.07117869889845484,0.04263217427428126,0.06346637872259392,0.1831279357285146,0.00800516938917923,0.09144150125692302,0.07545781369923499,0.061949999205605934,-0.008314052481859164,0.1301814819457519,0.010209380169876612,0.01536753625490544,-0.0012760875310930027,0.0010331134228005576,-0.013518099615322276,0.10537105298769443,0.0016231385369146491,0.04428425029758393,0.2327095783544919,-0.3443685888776777,-0.0459337631100127
0.2100349350490058,3.2127937429782945,0.424681430629442,0.08952568441920984,0.14711461273265466,0.03265446142283894,0.2444784076639876,0.23674182525948262,0.2789358876893089,0.172737301606304,0.062046749126307435,0.1492133273821504,0.11386806293927106,0.05729111987507485,0.21852133590603826,0.139841698254269,0.020687228078885216,0.35349950278545517,0.2750609106925052,-0.07730177029670032,0.3827867307244865,0.23704914620569184,-0.506687511272534,0.04608424018745343,-0.20512681597009932,0.0020094453148568783,0.49767191974710645,0.0658858336014878,0.09223072188773603,0.03754634942360729,0.13467064585212238,0.11567632854496863,0.07300434544542911,0.06701396691377724,-0.02296745006503513,0.23571068616172522,0.2343085088744184,0.32082271202462587,-0.10825267173261066,0.11097719855465094,0.20491197547431705,0.16899891236258968,0.47703730204631634,0.07063887969134701,0.3467812694087834,0.13034258803647908,0.1169190610790439,-0.028383776876795407,0.17117154467480095,-0.434590694407884,0.254762114692188,0.2099321820000869,0.12680272872237142,-0.018755433508869133,-0.303338157339664,0.1066368873278857,-0.09546743203651945,0.17954703663596572,0.1239591769271862,0.16141326109212145
0.3455395222273051,0.424681430629442,2.873721358665388,0.054137408483881044,0.1463101106432195,0.5266073067138167,0.12134581647862674,0.5425188160261707,0.2944738005648542,0.5404465555250967,0.35059321786927966,0.33917261040672314,0.1930412802153996,0.1817573271581074,0.29973835008332084,0.14773889578473406,0.3799845608732909,0.36540806549112487,0.4807242427504445,0.20444231675245347,0.26989733689315276,0.31900419734144264,0.10997001328626127,0.2659877095032851,0.10811492081055245,0.1870231453266113,0.4453635295510559,0.3155869799283556,0.23809527225361146,0.2186663475506027,0.21629928705098464,0.24064604628342365,0.2657116526337899,0.2872481433027156,0.2832586420992681,0.14786507180806047,0.35726190149085263,0.28960549933528074,0.27302955161814046,0.20189884635806166,0.1042282297999903,0.21650647932656705,0.4596277461764624,0.06195053518816545,0.31297919959286036,0.12963584683754897,0.34295663135158816,-0.008075840932762686,0.35061294365107093,0.06278461495555973,0.09656002274392116,0.07932042615489114,-0.014101186672696917,0.04095429514546719,0.08290975308425055,-0.01388299396513804,0.046720308947566395,-0.12023287311913707,0.019726633058322528,0.07383602861054026
-0.1435722999514129,0.08952568441920984,0.054137408483881044,1.7292089049720478,0.19184903360608505,0.13970895559040558,0.3136314113615137,0.15913802939781002,0.09483535965689315,0.1405926468873252,0.09201293433254795,0.22834569801679475,0.10919308877883926,0.3010716481117177,0.10471099048780362,0.2402254390716679,0.14849927318167416,0.1127363096865441,0.1339007030477712,0.10377267954618148,0.16187727250524991,0.17435586600054975,0.13711495279450192,0.15056566979062797,0.22603755688624425,0.11446079948458625,0.0773397837379516,0.0730693433078958,0.1602595269051332,0.05305575147652767,0.18540574720163072,0.2300161876445916,0.044476393514837724,0.30345565653877193,0.10619735987472789,0.1398900924208747,0.2298036834929145,0.26264050666555566,0.11080318524031148,-0.003906450490428632,0.3122602717785737,0.12251696536989083,0.0012888161817905415,0.5353727294124119,0.0758370484782478,-0.02902967490702033,0.05917121802218662,0.05751067060126696,-0.10698114433527789,-0.015204492208003226,-0.019015146137659776,-0.05351151980034724,0.01202445016149385,-0.007416172349888197,-0.030882257983169546,-0.07082877289714208,0.019460883872858933,-0.03590976095896917,0.06079843282103561,0.0009863513902987895
0.14415254735066416,0.14711461273265466,0.1463101106432195,0.19184903360608505,0.9528563197323031,0.22903524741654513,0.11451999855581528,0.19352802777917183,0.03211515835931077,0.02472357740833595,0.06496621967134457,0.1252598864936771,0.07512039684931356,0.15751149984944182,0.1478396690704517,0.1662901793201353,0.06264708106390846,0.1484128453989905,0.327163987183361,0.05451785841661957,0.06627057387887385,0.14795262105783463,0.06387177700322626,0.08243281383791612,0.021510298000869916,0.13997848872999827,0.021105942207154803,0.01364586536289036,0.1219847459769332,-0.080257544684458,0.1058442845290853,0.12094909993013978,0.06136802266562913,0.15963821355691998,0.013664979745668344,0.046162728566048424,0.10152086948941602,0.1371308786740297,0.22969262601097576,0.12318031306947637,0.10494862348579073,0.1503291174048705,0.046002604625849715,0.1695289793913528,0.10204843603284044,0.032705416733290874,0.06992493484176114,0.041640825784455625,0.17847029200835474,0.2670842294062154,0.06537333201901717,-0.15182077927380117,-0.06402632206396462,-0.10045494372540166,0.03280570413546164,-0.13660181095251142,-0.0017887358601113847,0.13927325748287903,-0.003914336643415019,-0.28212098606065167
0.11311822355764266,0.03265446142283894,0.5266073067138167,0.13970895559040558,0.22903524741654513,0.6686915863008868,0.08017806661371257,0.253531193347324,0.16567746137438738,0.0921053222478228,0.15194357492717356,0.15023376152695472,0.09802900919212196,0.1539199711597947,0.13583963954385941,0.12515762245318252,0.13793048289059462,0.1641576638422933,0.3150713126668397,0.13649384421224164,0.1494203182760559,0.21978338858801819,-0.0019893749505422308,0.1361975128497072,0.09260793196867241,0.16165044526387923,0.1379723175763122,0.11443629971725641,0.2084941716339251,0.0751906580574601,0.10469673414788913,0.21305921707086695,0.01260469157898084,0.23187823334036226,0.07204136993501038,0.043126587961559035,0.15701075732273675,0.18303510070310036,0.16947484628712364,0.11269982309900363,0.010204124203990243,0.11449669174291165,0.21709749382764254,0.15200578290831787,0.10156550013048476,0.004455475021241222,0.18371440883669307,-0.010561425816027247,0.31474509342017837,0.08081390657784841,-0.14448304427204955,-0.05629665170166461,-0.08187405929737969,0.1153607805986589,-0.0023413148517913034,-0.08257019053518132,0.15438474608674382,0.0055863503537347875,-0.015477384962603714,0.15989060042346717
0.20344085482359284,0.2444784076639876,0.12134581647862674,0.3136314113615137,0.11451999855581528,0.08017806661371257,0.49436751374406296,0.04124222280031896,0.13801426484772025,0.08151085491013839,0.12756110879455668,0.21674133155284445,0.0701208811590212,0.05874393753633023,0.0673464657509733,0.12578575439648246,0.11013390257299839,0.0996870344930088,0.09269972036964383,0.05156944790118969,0.13214755337821607,0.14058060328164257,0.10678607507706978,0.06443269002389766,0.13048439514851123,0.04513835216889547,0.10573683136503575,0.05294488103614348,0.10618087911705834,-0.008030205058736728,0.13168875676920264,0.09931102050984827,0.07660541221005343,0.13033660121824833,0.03244466846373264,0.10888775247469147,0.13667935761730188,0.1240685907338859,0.06429087554097646,-0.004900133276235844,0.09413809496190591,0.10573089814401296,0.05965576054656888,0.15097857242048585,0.06898327719965806,0.02736178850981219,-0.018652088639880396,-0.001914000599031976,-0.0028502053931012384,-0.04392124721121094,0.007706192622058098,-0.003904021582269982,0.027264449845933326,-0.00870793328137194,0.035634676547587604,0.0456554726228977,-0.016091120308299914,0.13840209430843287,-0.2530772246826755,0.04391458130634943
0.09884556545158622,0.23674182525948262,0.5425188160261707,0.15913802939781002,0.19352802777917183,0.253531193347324,0.04124222280031896,0.6968706137201737,0.06424037961808966,0.13154525319739732,0.15066451420400093,0.07294126353238034,0.0992678075326305,0.1573019498429001,0.08684365942627355,0.10049144105022255,0.17261877354031413,0.21132284864406234,0.2083036632061576,0.13550814805620992,0.09446598969445598,0.14686787053628597,-0.009980664061535598,0.09153987786689502,-0.026877574531516447,0.1564266455536711,0.22557611611815956,0.06095517894405937,0.11728806816371525,0.09802576240799457,0.09329386113418962,0.14268276015497963,0.0254690704940378,0.16623787589513592,0.03331429312963705,0.04960583628047387,0.1581288164312063,0.1595101997166025,0.178366447670212,0.14588913002516718,0.10492390141943476,0.11561339417377255,0.26491101604551603,0.06197032853101559,0.09012613373131198,0.03902413391727541,0.20524758980190916,0.037130287853276454,0.3014095287563694,0.0835769423480584,0.010121526205761,0.026150011842372835,-0.013931788251607489,-0.009577756100292977,-0.025309941635997545,-0.08868689541622782,0.1496349969742924,0.21485912361801435,-0.15711060003335178,0.03410625900837731
0.11037672156669633,0.2789358876893089,0.2944738005648542,0.09483535965689315,0.03211515835931077,0.16567746137438738,0.13801426484772025,0.06424037961808966,0.720001251332169,0.09393259834514817,0.049399925637102174,0.08882855743515428,0.08890573934408133,0.1266434170518641,0.11339861209574233,0.08621206639770242,0.0856939096967925,0.13176262746008874,0.11648843486484153,0.087175756678583,0.15547063685237145,0.18973375731373515,0.1203031000014126,0.12788998266711263,0.13631258207601996,0.17257647264296097,0.1917798932202874,0.14943834407249507,0.061136022666149294,0.14113569287804578,0.14059696933309895,0.15969518012091102,0.21732516663423637,0.11115836736009664,0.056489666628522936,0.0674416369525402,0.15298312564789604,0.12464402917576421,0.07807987364511393,0.04287955448411623,-0.038232063410473985,0.04371316399901894,0.2697229947952521,0.02137966354227469,0.11207515111180945,0.12825214811031305,0.13136818663625632,-0.06219735440282947,-0.026449155342968992,-0.20886233856161412,-0.0023604093440980516,0.06114007942697478,0.10781493175844223,-0.008535360199433437,0.010245961925996609,0.21632808653307325,0.11637581599669274,-0.02892444813587673,-0.26970380419618845,0.15977930823872566
0.0941875038879701,0.172737301606304,0.5404465555250967,0.1405926468873252,0.02472357740833595,0.0921053222478228,0.08151085491013839,0.13154525319739732,0.09393259834514817,0.5653592949266196,0.06321768532676138,0.12303217524963146,0.08845164128889207,0.11355985735960995,0.1684244009798192,0.08162930813315374,0.15846655977952498,0.19920965135693822,0.06300448069882188,0.09788786493888325,0.09120620448278582,0.11650018129129995,0.15712784857942058,0.11781211252934948,0.10359947043118511,0.11752032301641918,0.1488712153790425,0.15031969043029078,0.14687957411864738,0.10020425289177348,0.10557015289035684,0.11614018464558139,0.10111520837220414,0.20334081953746555,0.18103470254985213,0.06460388146098427,0.21078856230536952,0.08931504382738181,0.0988495370030604,0.051033091796177474,0.14193266174547453,0.1128451920361887,0.10829230434478829,0.08305407924315898,0.04305169319932219,0.017544832495328736,0.1429962851899531,0.025724724755439035,0.18394151905234127,0.046054573053242065,-0.005771870568432484,0.01336869439264487,0.0018145874880714137,0.026182249020195655,0.09021565034743069,0.07043828130242588,0.013404707430238682,-0.1844733340195748,0.03683266099651485,0.02113047419049425
0.09966194260436172,0.062046749126307435,0.35059321786927966,0.09201293433254795,0.06496621967134457,0.15194357492717356,0.12756110879455668,0.15066451420400093,0.049399925637102174,0.06321768532676138,0.500663603145408,0.17932304830690496,0.07349341509851641,0.06134502838199459,0.15655663440301693,0.1229897256907732,0.19165007601840242,0.11142359447095461,0.05566764817111619,0.18560088394095955,0.1597423437516184,0.09559053340042237,0.12635338198897675,0.1007490116266885,0.18169862392619945,0.10736865507379195,0.1666264153208972,0.140112075749242,0.1920419123882754,-0.010396329554019803,0.14507476392254184,0.10892119456434046,0.08402622435799953,0.15463785100157926,0.18998700367696797,0.06610540253019857,0.09693158498883218,0.10380987588164003,0.10531187945960044,0.10943213508179031,0.020210439569143892,0.182052268558672,0.1983046538971221,-0.0012931055886755995,0.14657792542912723,0.04253202019892411,0.0610315963637362,-0.017862480315631892,-0.08774311099849326,-0.09333570194577989,-0.028279867488864255,-0.04727070592662609,0.07952224467788556,0.10542748247222028,0.029686378647525914,-0.03776088427154057,-0.00916912500967648,0.1053095003910517,-0.09798705635449817,0.09221467176818632
0.12851385283143935,0.1492133273821504,0.33917261040672314,0.22834569801679475,0.1252598864936771,0.15023376152695472,0.21674133155284445,0.07294126353238034,0.08882855743515428,0.12303217524963146,0.17932304830690496,0.4871288712868887,0.07797254829676976,0.1121735909682613,0.12328650951613901,0.15990732220456128,0.14037983215863997,0.05496015944188155,0.11704412783251186,0.07762225280156689,0.11473422492248972,0.09502480578715625,0.08007021560671806,0.07413382537935553,0.166766579068017,0.07543971167413412,0.15682616947595843,0.05119104170952524,0.11640788059622045,-0.05252595760473001,0.12631306295641215,0.13715055285520336,0.08327942558940138,0.1237927075433948,0.04678997122132862,0.09377372579981552,0.08438158790539126,0.11527668156164739,0.06444599512744435,0.00875191870485715,0.05334505440921283,0.09805055736889742,0.11074763016955912,0.09950768848906712,0.06218434276246822,0.03663926062874301,0.013257068928187786,0.03010385587842754,0.15893833982376684,-0.036654731789906685,0.003808734365209929,-0.021769641393966345,0.008090248813459192,-0.02124261477846431,-0.01949093808326256,0.056672154191167765,-0.053922214778103696,0.1093675802299181,-0.1535513122198463,0.010625643817486046
0.04294952145249761,0.11386806293927106,0.1930412802153996,0.10919308877883926,0.07512039684931356,0.09802900919212196,0.0701208811590212,0.0992678075326305,0.08890573934408133,0.08845164128889207,0.07349341509851641,0.07797254829676976,0.18988806546963444,0.07103592630432354,0.04111037689139918,0.08788734721622882,0.08630412384318899,0.09397307540118231,0.07917720767409667,0.055852741727845996,0.08440045947970791,0.13394388820398972,0.061145666033418866,0.07473335150971862,0.03921359447729153,0.07980922060332556,0.06891631626916556,0.06743796571121714,0.08846587891856492,0.020190349669572484,0.05850251740857321,0.08911957315830558,0.06268928954884546,0.08515802508638842,0.06629415971928415,0.06339170777940002,0.07803216481456278,0.06588006395441859,0.10472410966598124,0.026676802574253426,0.06175141900089373,0.06360615440065259,0.06457536524595421,0.08605018413089202,0.021552553103220087,0.050146416600664614,0.058465578651197385,-0.013716032314352433,0.09038617929321274,0.0347323029524775,0.007259700977152223,-0.023990639555117283,-0.0012679089655860789,-0.019112919368943677,-0.007281011916256257,-0.01744877554803155,0.007468114013732742,-0.10049719151123007,0.10250781872202434,0.030377614389536674
0.12553986526755606,0.05729111987507485,0.1817573271581074,0.3010716481117177,0.15751149984944182,0.1539199711597947,0.05874393753633023,0.1573019498429001,0.1266434170518641,0.11355985735960995,0.06134502838199459,0.1121735909682613,0.07103592630432354,0.40471473069598013,0.1668907757769086,0.21598327732192257,0.10397527148867976,0.10937810242255033,0.13826413651478844,0.10481648881368011,0.09783865222541682,0.15312889993039255,0.10323040820857618,0.1242397076869154,0.14828594147678115,0.2233784183809578,0.1297415375783482,0.10610665479536814,0.10205128569162247,0.03687222485962527,0.13516283217047306,0.24020834661505625,0.07978612149970285,0.13014172168650595,0.1148342655080039,0.05378216039991634,0.06551009885241622,0.13032985981857298,0.13269739052470775,0.10681874287818079,0.15492198268288537,0.10414477492095932,0.17218755152092102,0.15868949697624318,0.060214604906352054,0.017990281664134078,0.11448902864551598,0.025204408298771845,0.2429044502243284,0.002912893333020023,-0.018126119654821856,-0.05099725300969569,0.01381340173395293,0.01770481495955677,-0.011157728726397071,-0.01800040308782609,0.06857633256854308,-0.015215333426340034,0.037131269402621465,-0.0636173903686379
0.1275593322009564,0.21852133590603826,0.29973835008332084,0.10471099048780362,0.1478396690704517,0.13583963954385941,0.0673464657509733,0.08684365942627355,0.11339861209574233,0.1684244009798192,0.15655663440301693,0.12328650951613901,0.04111037689139918,0.1668907757769086,0.5561954041831902,0.14050702144692676,0.15222532679948253,0.19821943534970385,0.12702121497090874,0.15424444225143755,0.11772129774625793,0.05903947892832595,0.2578185409978528,0.12192219069131471,0.26052526537033915,0.24663124547489967,0.13567877017244673,0.22088965566163862,0.17298250040851318,0.09476003624031726,0.14540925555197073,0.1151964666617465,0.17343171893468304,0.15736175220563373,0.18582201567846285,0.025840998285182312,0.17508385109205438,0.0041077716951145515,0.2339786897981876,0.1216210796210477,0.06466858826982246,0.141283421152813,0.15737224955158663,-0.005792558894461147,0.13238609362273185,0.043997204810040144,0.14146036457812783,0.03263712910818146,0.14084787315052144,0.253624981804109,-0.04949578156037656,0.021725792826609237,-0.12363042047375777,-0.011504911457951001,0.10786371603039101,0.05761833888395475,-0.06561754424943912,0.05889979942704125,-0.09827635589551059,-0.09755049673818467
0.09914182215120329,0.139841698254269,0.14773889578473406,0.2402254390716679,0.1662901793201353,0.12515762245318252,0.12578575439648246,0.10049144105022255,0.08621206639770242,0.08162930813315374,0.1229897256907732,0.15990732220456128,0.08788734721622882,0.21598327732192257,0.14050702144692676,0.6442456966747842,0.03910371997892461,0.12419621691536145,0.17558002358819025,0.08361732228636286,0.08635595775219215,0.10597826598189458,0.08794957223036698,0.11148699152370024,0.18089944961509644,0.12218408978132851,0.12365967785837088,0.0841374051769182,0.1232123422263978,-0.01124960773356764,0.09709910177353528,0.1895801526824329,0.06268753546991522,0.16444778647769429,0.11465006734750502,0.03417267100612591,0.07238065661932959,0.07708104403272475,0.1494015210070025,0.050321220677725695,0.10952280844053118,0.04019783401549643,0.18733803385367703,0.19156022262471617,0.015345541294000292,0.04534608559790579,0.06736430233860168,0.030756831124138285,0.12292883295159876,-0.23325940308228188,-0.002757194889232981,0.012444607913783054,0.03908278563594631,-0.05876962389613321,0.010071202745559999,-0.010112923558180558,-0.052540821636490175,0.08190405410887121,0.01679769443725977,-0.04692358010857808
0.07509310984196249,0.020687228078885216,0.3799845608732909,0.14849927318167416,0.06264708106390846,0.13793048289059462,0.11013390257299839,0.17261877354031413,0.0856939096967925,0.15846655977952498,0.19165007601840242,0.14037983215863997,0.08630412384318899,0.10397527148867976,0.15222532679948253,0.03910371997892461,0.7056719070706122,0.11083986825324522,0.1551421798605313,0.22446242677519865,0.2405677136657815,0.10448345245463295,0.1863106485722913,0.1161092478032697,0.2599378979144366,0.008873309182681659,0.1953497631662819,0.3469831787706204,0.16182662717350507,-0.0715212282054646,0.2277780898083002,0.07926308185700112,0.19379950153477213,0.12427081087516464,0.26623478661899613,0.03861130845731296,0.35032653352536297,0.30789858155842104,0.10289705100889418,0.11041736500500586,0.2143038703940242,0.4223941898777356,0.21455877636153844,0.12619134400173077,0.35397059290977106,-0.006966677471463998,0.07681800694651728,0.12661048831371174,0.04874722315317122,0.25873423721200334,0.058074716469072765,0.07588537843670282,-0.048198448198488064,0.02916341051376564,-0.03375642925738314,-0.04655426253625003,-0.027967761222272677,0.027259189450333,0.006262079412023015,0.09323037608315511
0.11911848576523941,0.35349950278545517,0.36540806549112487,0.1127363096865441,0.1484128453989905,0.1641576638422933,0.0996870344930088,0.21132284864406234,0.13176262746008874,0.19920965135693822,0.11142359447095461,0.05496015944188155,0.09397307540118231,0.10937810242255033,0.19821943534970385,0.12419621691536145,0.11083986825324522,0.7726086742348286,0.1643760003704201,0.022511064431161236,0.15539604440310484,0.22177715702519823,0.21145410217986046,0.10767696578797477,0.07643257341109957,0.382933319996222,0.030625885741620416,0.15696046785123433,0.16960085104098557,-0.059672122332580874,0.10425632075901191,0.10942643115265528,0.1316257232761002,0.19454526025168264,0.10078891264645508,0.03048381595443451,0.21346635491491428,0.10583243044729702,0.1745181614305795,0.08604183176007175,0.12586287472073177,0.12570013587987458,0.12066554668886313,0.055463164645743024,0.12395135817144619,0.1122601681117225,0.28642147394347706,-0.00204285026354383,0.21549564939796956,0.0692768890344343,0.03328908899083463,0.15746466437894893,-0.05289717094015487,-0.09386583106248919,0.011641101357669135,0.01886180500207593,-0.040760707135597984,0.09394078104161893,-0.056159227621151574,-0.01146580641376405
0.11648531679672756,0.2750609106925052,0.4807242427504445,0.1339007030477712,0.327163987183361,0.3150713126668397,0.09269972036964383,0.2083036632061576,0.11648843486484153,0.06300448069882188,0.05566764817111619,0.11704412783251186,0.07917720767409667,0.13826413651478844,0.12702121497090874,0.17558002358819025,0.1551421798605313,0.1643760003704201,0.8128444337198555,-0.023116017818885868,0.17563030156765055,0.17695641141305335,-0.14784879540888263,0.11864748752588102,0.04982824633720701,0.016166871646154077,0.18023906308685378,0.17760564331068873,0.027988142999527225,0.06999731644632162,0.15850878824780182,0.14819879379185674,0.14214509541241982,0.07341190961913051,0.02818798081823616,0.0796693587737208,0.16755081037958816,0.2819095463473162,0.19311528901852418,0.08604954862017636,0.1299758968976259,0.05696490535481031,0.25201039696891414,0.16714843201917967,0.2259781056749006,0.06367211232585485,0.11739531621765403,0.060626947268517806,0.19317100319841485,0.09937287044899785,0.1687397528677772,0.20860067542431102,-0.15969957856083092,-0.06353657750303036,-0.04626186333409121,-0.05319531143657374,0.053019178283206986,0.03628153223055686,0.015214317218416344,0.026281797978341702
0.05246735261125472,-0.07730177029670032,0.20444231675245347,0.10377267954618148,0.05451785841661957,0.13649384421224164,0.05156944790118969,0.13550814805620992,0.087175756678583,0.09788786493888325,0.18560088394095955,0.07762225280156689,0.055852741727845996,0.10481648881368011,0.15424444225143755,0.08361732228636286,0.22446242677519865,0.022511064431161236,-0.023116017818885868,1.0277867794686513,0.06400457340149474,-0.11326501547190168,0.1762286245402967,0.14731483115640995,0.21681249755998033,0.19432095845028952,-0.005146462908560135,0.1830476618141704,0.353491467764045,0.21753036067356724,0.095054181548092,0.11074606901216341,0.08278569170991576,0.2909512299312212,0.2591085792714244,-0.15134968816973632,0.5053361076594676,0.15789293711917007,0.32594823859931393,0.22790337319662482,-0.002806041005470887,0.232460666804593,0.22246775775471628,-0.10660715646331294,0.2157585629585018,-0.006269885163544331,0.11534304602821496,0.19176026308604127,0.3175292921862917,0.12075375625556191,-0.09414350770535215,-0.09374628133584241,0.015501330864753117,0.0030419118263323177,0.1922413615730958,-0.05353336044001013,0.10006560192739655,-0.08134743366767794,-0.052312637100626676,-0.010656806302985032
0.08963388770343445,0.3827867307244865,0.26989733689315276,0.16187727250524991,0.06627057387887385,0.1494203182760559,0.13214755337821607,0.09446598969445598,0.15547063685237145,0.09120620448278582,0.1597423437516184,0.11473422492248972,0.08440045947970791,0.09783865222541682,0.11772129774625793,0.08635595775219215,0.2405677136657815,0.15539604440310484,0.17563030156765055,0.06400457340149474,0.48943432341849286,0.21061634120280154,0.07886667581757155,0.08597435582960308,0.10923409995854662,0.007605320605475485,0.20077068150654648,0.17858097663498632,0.12934415188930154,-0.015304341860168186,0.25394764323531926,0.11821177730782192,0.14210157104431434,0.0715219197465926,0.1357780477021928,0.1342343229787237,0.1657472368470366,0.32011599863046664,0.12760956853711486,0.11356847686703499,0.2259102285959122,0.32177894168563426,0.34869306637012043,0.2332425572165565,0.3762130390043234,0.033049756975763095,0.08819191822860849,0.054626727931841,0.09903557407412347,-0.051043822012830836,0.05213043869312053,0.015312006957652736,0.05320568005359435,0.06737294300205969,-0.08989252511033291,0.002192622709545836,-0.11482437945196809,0.1024254352086345,0.07874936215969798,0.19719903999376862
0.12271544451280243,0.23704914620569184,0.31900419734144264,0.17435586600054975,0.14795262105783463,0.21978338858801819,0.14058060328164257,0.14686787053628597,0.18973375731373515,0.11650018129129995,0.09559053340042237,0.09502480578715625,0.13394388820398972,0.15312889993039255,0.05903947892832595,0.10597826598189458,0.10448345245463295,0.22177715702519823,0.17695641141305335,-0.11326501547190168,0.21061634120280154,1.3864237979303597,0.12231366292097683,0.11189611962055444,-0.27369222130497706,0.130719131783669,0.28949198371305823,0.011000311213931148,0.031456310095717456,-0.014079478989125538,0.21712680734485124,0.23216410475942037,0.1536086976814633,0.0617445716651584,-0.034005547355940816,0.4687983235676295,0.024201139698427583,0.3371323269285257,0.20481695683879234,0.08893734490637349,0.09200341482966813,0.2354338388637525,0.2280200313680446,0.26409209841514475,0.038880619278267144,0.44267852896095583,0.1270863013776923,-0.5837126225478014,0.28333774959650465,-0.09469222700265024,-0.014628837507700871,-0.26071483439505716,0.07592045031089746,-0.001677624084215795,-0.15685597620823502,0.04993637554284796,-0.001292699860679837,0.009629449795857479,0.04268823670826134,0.03171929503524738
0.09409779755660645,-0.506687511272534,0.10997001328626127,0.13711495279450192,0.06387177700322626,-0.0019893749505422308,0.10678607507706978,-0.009980664061535598,0.1203031000014126,0.15712784857942058,0.12635338198897675,0.08007021560671806,0.061145666033418866,0.10323040820857618,0.2578185409978528,0.08794957223036698,0.1863106485722913,0.21145410217986046,-0.14784879540888263,0.1762286245402967,0.07886667581757155,0.12231366292097683,1.6235413325741688,0.15431969658348385,0.6879000127905065,0.1836990306804109,-0.1212797926997943,0.2595136275257034,0.32417663007904707,0.12316179810644501,0.22418320733441593,-0.000695392615499903,0.3621195555184861,0.23307541623288014,0.23075335002652617,-0.045628041646428745,0.372709457552548,-0.17056009909704908,0.519755471760709,-0.021919276710883825,0.10953841506830501,0.09985233292575053,-0.12151802099655983,0.1369670322185245,-0.19687006083130398,0.07982957340296382,0.16541400345536042,0.0805810966986408,0.12670533755253754,0.61852924872034,-0.13271625605287535,-0.13746556305655466,-0.09527701268111523,-0.10911905450489597,0.3306001914858262,0.03039529206060814,-0.18345181675792102,0.009882879873991453,-0.12899582056073766,-0.13911729241320742
0.05218129532999883,0.04608424018745343,0.2659877095032851,0.15056566979062797,0.08243281383791612,0.1361975128497072,0.06443269002389766,0.09153987786689502,0.12788998266711263,0.11781211252934948,0.1007490116266885,0.07413382537935553,0.07473335150971862,0.1242397076869154,0.12192219069131471,0.11148699152370024,0.1161092478032697,0.10767696578797477,0.11864748752588102,0.14731483115640995,0.08597435582960308,0.11189611962055444,0.15431969658348385,0.38066699458816466,0.15873430160349272,0.033535799209646784,0.08470186792826503,0.2520408517620239,0.04899298668193184,0.37558235502426995,0.04373734709674052,0.18516530857621735,0.3678241082975398,0.11453522376873826,0.20266287114219733,-0.025293855386609145,0.26960533957175903,0.12020216418666188,0.1024999781720401,0.08671251562123762,-0.026688431165140757,-0.0034570225356405342,0.1485133610866923,0.06961343677034622,0.08052012329359741,0.02186157205142284,0.22498586633605247,0.0205579146930146,0.16641829746079465,-0.018952206787676597,-0.013739452139813008,-0.011431537078551029,0.03537523494259081,0.0035577060823492237,0.10703474658092886,-0.07382722618584664,0.17091427519228566,-0.3395073394361258,0.19115855111763513,0.030564094079787163
0.1480838900531363,-0.20512681597009932,0.10811492081055245,0.22603755688624425,0.021510298000869916,0.09260793196867241,0.13048439514851123,-0.026877574531516447,0.13631258207601996,0.10359947043118511,0.18169862392619945,0.166766579068017,0.03921359447729153,0.14828594147678115,0.26052526537033915,0.18089944961509644,0.2599378979144366,0.07643257341109957,0.04982824633720701,0.21681249755998033,0.10923409995854662,-0.27369222130497706,0.6879000127905065,0.15873430160349272,3.9923967296587333,0.2936459522405885,0.2675463402739044,0.2056165405056467,0.7117164730068564,-0.09337839562718715,0.5055653077285105,0.11002951172853367,0.21774423645055652,0.4060523347166711,0.3076895425683335,0.20444042992220562,0.10253702502983707,0.10465748415261475,0.27910412866352285,-0.0356582074692596,0.15542356605585367,0.20071366525820206,0.2762361635455473,0.2655264298294391,0.02610373272646114,0.12000112574012294,-0.060203012423182566,0.02433951640687875,-1.0517617055819117,-0.23464451557862176,-0.14777304890885878,-0.20829348547663745,0.04496175401917394,-0.06553127592773562,0.30720756128798504,-0.042397550268426044,-0.06730543918783291,0.05100084377563178,-0.18573308948791112,-0.09648386929523198
0.1213000118485331,0.0020094453148568783,0.1870231453266113,0.11446079948458625,0.13997848872999827,0.16165044526387923,0.04513835216889547,0.1564266455536711,0.17257647264296097,0.11752032301641918,0.10736865507379195,0.07543971167413412,0.07980922060332556,0.2233784183809578,0.24663124547489967,0.12218408978132851,0.008873309182681659,0.382933319996222,0.016166871646154077,0.19432095845028952,0.007605320605475485,0.130719131783669,0.1836990306804109,0.033535799209646784,0.2936459522405885,1.6496627560408852,-0.024856163048689463,0.16279039527563363,0.12062206910911329,-0.41975997409602406,0.13907928844188183,0.23387235596471576,0.12492087054579568,0.1670473088605835,0.10270026327922346,-0.017833868905537675,-0.18684477612955908,-0.10135029455930959,0.28762037203238705,0.17743979988178735,-0.014205335434164768,0.1454978245387953,0.039545796909118545,-0.16158066067144983,0.030037112516789435,0.05886244952305651,-0.0023928548761217657,-0.00504796596595382,0.4238493993552562,0.34702678494371275,-0.22631381041942203,0.02845150591574302,-0.19418915769564732,-0.13343414531616757,0.09160764707966647,0.0875652655054449,-0.02622818347235872,0.10752861350712938,-0.14886814026189085,-0.14355460043176052
0.14811226977426145,0.49767191974710645,0.4453635295510559,0.0773397837379516,0.021105942207154803,0.1379723175763122,0.10573683136503575,0.22557611611815956,0.1917798932202874,0.1488712153790425,0.1666264153208972,0.15682616947595843,0.06891631626916556,0.1297415375783482,0.13567877017244673,0.12365967785837088,0.1953497631662819,0.030625885741620416,0.18023906308685378,-0.005146462908560135,0.20077068150654648,0.28949198371305823,-0.1212797926997943,0.08470186792826503,0.2675463402739044,-0.024856163048689463,1.7976245017817247,0.24819746520929165,-0.0751139787524495,-0.21794745073001487,0.41360243903248667,0.20702885187122338,0.1727962254929374,0.10185991264149857,0.20223535671292847,0.46436543932870544,0.03963620225094727,0.3326530143938817,0.04592078202180484,0.2846146697584214,0.30346632878403357,0.40145965978957704,1.3674860161273192,-0.17107191576642214,0.1900123896228921,0.1995080021064485,-0.03733815096737056,-0.039311077272749476,0.14106843360224636,-0.25153845480878373,0.027587002397292486,0.1410713820824717,0.0912201373965293,0.06625614538521259,0.0855638746020461,0.035443504977789114,0.2193582924760099,0.1058475769931008,-0.11189370450805332,0.11748115105972917
0.08789778389676009,0.0658858336014878,0.3155869799283556,0.0730693433078958,0.01364586536289036,0.11443629971725641,0.05294488103614348,0.06095517894405937,0.14943834407249507,0.15031969043029078,0.140112075749242,0.05119104170952524,0.06743796571121714,0.10610665479536814,0.22088965566163862,0.0841374051769182,0.3469831787706204,0.15696046785123433,0.17760564331068873,0.1830476618141704,0.17858097663498632,0.011000311213931148,0.2595136275257034,0.2520408517620239,0.2056165405056467,0.16279039527563363,0.24819746520929165,1.344876860771763,-0.13657215075156048,0.15362194091596768,0.29463607839392897,0.07502179721902344,0.6488174132917678,-0.07824355304279712,0.8574576083281228,-0.23662367621373012,0.4562555949982615,0.12028445175753248,0.20628809405544354,0.17020270274363877,0.06955681461334148,0.09854560308557876,0.3773055728443892,0.058091329503857314,0.3314597286565769,-0.13411590614924246,0.16799454145886825,0.18794729276260552,0.3084568447454244,0.23623736850058807,-0.06826297437927123,0.4482914359373552,-0.3457383317388434,0.06335899329792802,0.2512792073378489,0.03193410789548877,0.018753615289596546,-0.1823343499348228,0.05584081515897536,0.07145565250766053
0.033273709530960593,0.09223072188773603,0.23809527225361146,0.1602595269051332,0.1219847459769332,0.2084941716339251,0.10618087911705834,0.11728806816371525,0.061136022666149294,0.14687957411864738,0.1920419123882754,0.11640788059622045,0.08846587891856492,0.10205128569162247,0.17298250040851318,0.1232123422263978,0.16182662717350507,0.16960085104098557,0.027988142999527225,0.353491467764045,0.12934415188930154,0.031456310095717456,0.32417663007904707,0.04899298668193184,0.7117164730068564,0.12062206910911329,-0.0751139787524495,-0.13657215075156048,1.834705187826898,-0.19606346579866588,-0.15073556299637256,0.14749004799032842,-0.3133530626423867,0.7263994810185828,0.05302098737282103,0.2689219673382921,0.17638642578687988,-0.08495185239685343,0.2294641382281546,0.09244858467431062,0.2554661255907412,0.3525713666219375,-0.16215575736754842,-0.005148143531018676,-0.18539204155418698,-0.030162454691085788,-0.02291063931473831,-0.014019172316732808,0.13202142536584882,0.3097094083929551,-0.2515059754912426,-0.2803330366710866,-0.07706685512574157,0.07608302091612001,0.10003718385688597,-0.04199297503803175,-0.01971169992066318,0.06007813914051623,-0.079933515772761,0.009392864147048543
0.023685994522958432,0.03754634942360729,0.2186663475506027,0.05305575147652767,-0.080257544684458,0.0751906580574601,-0.008030205058736728,0.09802576240799457,0.14113569287804578,0.10020425289177348,-0.010396329554019803,-0.05252595760473001,0.020190349669572484,0.03687222485962527,0.09476003624031726,-0.01124960773356764,-0.0715212282054646,-0.059672122332580874,0.06999731644632162,0.21753036067356724,-0.015304341860168186,-0.014079478989125538,0.12316179810644501,0.37558235502426995,-0.09337839562718715,-0.41975997409602406,-0.21794745073001487,0.15362194091596768,-0.19606346579866588,3.0176599758367146,-0.0068789965057918295,-0.08902063972570326,0.2306524415040349,-0.05450604326453271,0.29208601965648134,-0.03188760052280904,0.9895548042029241,0.11785113961884632,0.1447836142589808,0.100647444939736,-0.045595415810988804,-0.6744503696126826,0.2586757482739502,0.15729627880635486,0.2732082036416645,0.038329586793629446,1.1414248700158576,-0.009398272490995603,0.2971807090095896,-0.11576823117037907,-0.08697272823630865,-0.21250965975299668,0.19806649098614254,0.1004377986134147,0.25285025540078016,-0.0933530469617633,-0.038398145097253554,-0.16975120276030323,0.09667689479238473,0.05239209930310251
0.1239916106732289,0.13467064585212238,0.21629928705098464,0.18540574720163072,0.1058442845290853,0.10469673414788913,0.13168875676920264,0.09329386113418962,0.14059696933309895,0.10557015289035684,0.14507476392254184,0.12631306295641215,0.05850251740857321,0.13516283217047306,0.14540925555197073,0.09709910177353528,0.2277780898083002,0.10425632075901191,0.15850878824780182,0.095054181548092,0.25394764323531926,0.21712680734485124,0.22418320733441593,0.04373734709674052,0.5055653077285105,0.13907928844188183,0.41360243903248667,0.29463607839392897,-0.15073556299637256,-0.0068789965057918295,1.3865299204834352,0.13682652773091622,0.21916585669845884,0.17074497801775754,0.29702184486167316,0.5603088444358242,0.3263840363888138,0.30570357377239843,0.20841254277101146,0.024790162907907462,0.40047727659491866,0.1575956713808502,0.0367667697614401,0.33722124223882527,0.09058428933251997,0.05842615285916339,0.030155799942593573,-0.047061195975491174,-0.1837728924108784,0.01611726271183483,-0.022660397796712004,0.12286276186685853,-0.039529417185476014,-0.0012480299475062509,0.14703571128998993,-0.020060761086586942,-0.005702027162961798,0.11210987800915323,-0.20948015693426297,-0.0229353748978681
0.09401778552440794,0.11567632854496863,0.24064604628342365,0.2300161876445916,0.12094909993013978,0.21305921707086695,0.09931102050984827,0.14268276015497963,0.15969518012091102,0.11614018464558139,0.10892119456434046,0.13715055285520336,0.08911957315830558,0.24020834661505625,0.1151964666617465,0.1895801526824329,0.07926308185700112,0.10942643115265528,0.14819879379185674,0.11074606901216341,0.11821177730782192,0.23216410475942037,-0.000695392615499903,0.18516530857621735,0.11002951172853367,0.23387235596471576,0.20702885187122338,0.07502179721902344,0.14749004799032842,-0.08902063972570326,0.13682652773091622,0.6185961376421313,-0.025320266809387138,0.21160405932605095,0.04517109159877621,0.11105754367021553,-0.10574880786642213,0.19918907490753965,0.13072984349500807,0.09317997261978378,0.12004583655076001,0.06329212388319173,0.22457804336172968,0.13157360774161392,0.016271513866107784,0.025497757837759562,0.03571325143482194,-0.049035816891023466,0.20465203052670713,-0.05362473750403018,0.013837825283863708,0.018232503043938076,-0.05996284762703183,0.08711766913217016,-0.05992628218647778,0.002254082223041787,0.415711849923853,-0.34165356609185193,0.005472343224089407,0.13143635763115358
0.12320666416639159,0.07300434544542911,0.2657116526337899,0.044476393514837724,0.06136802266562913,0.01260469157898084,0.07660541221005343,0.0254690704940378,0.21732516663423637,0.10111520837220414,0.08402622435799953,0.08327942558940138,0.06268928954884546,0.07978612149970285,0.17343171893468304,0.06268753546991522,0.19379950153477213,0.1316257232761002,0.14214509541241982,0.08278569170991576,0.14210157104431434,0.1536086976814633,0.3621195555184861,0.3678241082975398,0.21774423645055652,0.12492087054579568,0.1727962254929374,0.6488174132917678,-0.3133530626423867,0.2306524415040349,0.21916585669845884,-0.025320266809387138,1.5641924813918766,-0.406518674343862,-0.07221419778609997,-0.26894290299078827,0.33150581777917365,0.12624694119706073,0.06893025581713938,0.038130702057406894,-0.49920809447698666,-0.06612350255403789,0.32003348748598326,-0.11932014289056908,0.2152677100666549,0.10082501750351046,0.22139733196911326,0.048761466858076176,0.1001273380532486,0.10629403082407064,0.02474592157202089,0.10472243954106335,0.009316775076475438,-0.21312250467542312,0.21372173773522515,0.12329364570053675,-0.12633974048426025,-0.13850811532176066,0.061791088027140666,-0.13030232771398326
