1.797157643176758,0.1617649523053253,0.6438667432249713,-0.04452913846888473,0.3696952020896792,0.2877146101496789,0.3719102012809155,0.23821767405250704,0.31283177633212056,0.24768001022604738,0.2544886148904811,0.31858349755832327,0.1294184416377419,0.2850535773048255,0.27360207785643853,0.15794530947347155,0.24913614538391357,0.23937478379927696,0.2906533078256209,0.27265570840754777,0.19918774973649786,0.20233462957024523,0.1399343535110106,0.03664015595929279,0.20220360135487478,0.1579804547246829,0.20092193856418486,0.1736858538786473,0.10698565353901746,0.4752069867534651,0.21013092854009693,0.2067803274966238,0.14778647984192497,-0.5747515762566058,0.08831436097121365,0.20497779082916323,-0.03729889394369237,0.17907157621444106,0.4886589728676458,0.24812019707051305,0.3555196048752914,0.15620876332128822,0.19100197319667453,0.3458003058192172,0.25877729611929096,0.15018170952801588,0.3329645871357448,-0.0028403244213163975,0.01094596250921741,0.2728482395893242,0.0606317478806556,-0.19130123732380885,0.08357577428107177,-0.03460933777818068,-0.05148866609060362,-0.01934823768694347,0.14347570898423992,0.42227572228566085,-0.6042247580113905
0.1617649523053253,3.8897186324300512,0.18070891353519736,-0.22372865388913635,0.05334514500900208,0.25966616869765463,0.06411464022286441,0.16490850461543194,0.04413729634764657,0.14292651777403362,0.0701744195370039,0.08450220864815702,0.0804099023078419,-0.0150053269299971,0.02830235366708172,0.04000998746387495,0.04900237195055069,0.45012770638318517,0.10632695115066312,0.07100005321496598,0.15497605873192846,0.0512734548404493,-0.08160725146456617,-0.09994409697295313,0.011441810929494674,-0.17989384737122616,0.16358337316218907,0.13770305940078056,0.15072654897619575,0.015493053981321515,0.14399190345284177,0.015037710700847763,-0.030125351369522827,0.1316119889378796,0.14504093764555787,0.1365450571953341,0.10224898460701015,0.05431924187240604,0.19505230682684824,0.13340207651592215,-0.000896237088296703,0.09182088668232423,0.13908059384818106,-0.17102230507458616,0.15131954526325386,0.06274868241491047,0.19379423485111527,0.004475370917371858,-0.4486236501485569,-0.20376387695285925,0.0664672725970345,-0.027018235469058606,-0.12751846463695576,-0.049137139528382126,0.0506090500735732,-0.08258083539924418,-0.15813808082611183,0.0452671779220133,0.16764270852702592
0.6438667432249713,0.18070891353519736,2.0226363008000376,0.28412967906013015,-0.08206087467882256,0.3091925850438371,0.2736162544377963,0.3595174813495614,0.46274139570456846,0.4179676230227852,0.3279711487123113,0.29099583441665017,0.22469911651380703,0.23859171148273836,0.4389174915906727,0.09271464573709257,0.36257897900347663,0.32068513682245864,0.22744948160318626,0.32288273951230756,0.2923320997745744,0.24789802243910702,0.33743083683367187,0.3395495060874328,0.32627631577291044,0.12749526168369885,0.21622845896557924,0.34574123706050675,0.23118809734658718,0.4998787872923261,0.24552384743543015,0.19988715925976366,0.43552981088161036,0.14632943412299995,0.23609044821667874,0.3736983587189719,0.48983033945100574,0.17756118452063668,0.24650489618257238,0.11902336589409604,0.3095849151487852,0.2745131862343444,0.1923902626192891,0.5853324988940891,0.0002565575070557225,0.29199158077959364,0.46160633758415387,0.00835169059343053,0.4047249897758884,-0.17311909115808477,0.11894429054730167,0.24195366818363004,0.025703742790575863,-0.23697405413615116,0.09062771176577503,-0.10289894137817637,-0.12194745230402151,-0.04440490424797226,0.15111429552417877
-0.04452913846888473,-0.22372865388913635,0.28412967906013015,1.4839894385701247,0.20226730529847056,0.23548324120105177,0.3071170900144662,0.28736974104392055,0.20584673781988294,0.15739551988775058,0.22583438385987897,0.2818684981356019,0.1587434278854687,0.27546603241858364,0.21888004960652932,0.2771847978815017,0.2352218873476307,0.1682036259773303,0.20552272301634977,0.22441301987298157,0.1991877752113836,0.23619884349335948,0.2763992146113761,0.3778520187420205,0.2718747356037121,0.10747670144138724,0.18563563147351064,0.2908516826875393,0.06445650474245644,0.2222996236156477,0.18613036865357843,0.23439284388638545,0.3734528744537463,0.35095699191830587,-0.0526557824386056,0.22243940640679236,0.3518724535830401,0.13352542676192378,0.12365912782242441,-0.05016634006662545,0.16084808709937853,0.18621866392968597,0.13002728892039725,0.7233186028253067,-0.19251558007691222,0.19055796060530172,0.24510652880741454,0.0036445619691701705,0.6753774397061084,0.05112120319791269,-0.09167280445946202,0.18874204449056536,0.11795238343821769,-0.11969373093492047,0.16334802093895978,-0.03600217718685578,-0.09715615196653839,0.06603921025574756,-0.07340834225020526
0.3696952020896792,0.05334514500900208,-0.08206087467882256,0.20226730529847056,0.88076771587305,0.3267856422819612,0.27996053096618934,0.19129322035068677,0.25948098848141027,0.13985792131002306,0.1950058696703179,0.2618428249924113,0.14151044760414444,0.19763301940797573,0.2099346473983742,0.25041570880753455,0.18935479051649529,0.14421094081384953,0.4875284876531554,0.13237129083452462,0.20745433004665612,0.23022927515441452,0.10455392200808553,0.15090537020684547,0.16480084314118149,0.18682183217658047,0.1711591709379489,0.09564134315425227,0.18913788055123898,0.12954352198196165,0.20839616511413114,0.16251373131026295,0.19118571626996952,0.22308365406440858,0.03702505393243276,0.3137397559791114,0.3021675701152979,0.09948743987714823,0.2981572343427467,0.0809842774566273,0.08708308161344222,0.21557211995970882,0.08398420074322754,0.20768936539734636,0.08468243469947213,0.21390635847898176,0.1633274179008469,0.0030074313108460716,0.11140362811390817,0.4863850046811741,-0.05178485773629539,-0.14856996069962006,0.15664494722009809,-0.05667330827692352,-0.08831759865968629,0.03314971065656539,-0.08558004877150796,0.24895242467847417,-0.17854914268234393
0.2877146101496789,0.25966616869765463,0.3091925850438371,0.23548324120105177,0.3267856422819612,0.7589318843786986,0.23674859464505044,0.38287786311601507,0.23312776625953524,0.19081897172325407,0.2606618858140219,0.29328239323025207,0.1572013660656924,0.20428350270445794,0.2167081691930627,0.22683563232988646,0.3042000054121247,0.2309934447645762,0.4046589685591315,0.3163498133379825,0.21017421537234476,0.23605868198225602,0.11658534868503055,0.17490134089910234,0.25559285489093503,0.252780723801588,0.2288666639979577,0.19883542762291428,0.2821662638327528,0.11141351942799924,0.2020236955797838,0.2259219949526853,0.08490102825560636,0.34808584811779886,0.24801437004489862,0.21866288682495824,0.25015536375368874,0.19690279890920523,0.3837133802512086,0.0952126020083652,-0.03666339524879834,0.19715873362686,0.2620608274003746,0.15366540530857772,0.21437536215967118,0.11899124816835698,0.27388394574975544,0.0069470594282998975,0.21097658136654357,-0.18842065504067065,-0.46681112845238476,-0.003409141153825735,-0.04580542397740663,0.0033247185571506615,-0.1333684876495235,0.019994763668442543,-0.014070926055800837,0.3442470350160169,-0.37381579822104494
0.3719102012809155,0.06411464022286441,0.2736162544377963,0.3071170900144662,0.27996053096618934,0.23674859464505044,0.5221325970108437,0.2365252079804329,0.3112845909584915,0.15856206925060687,0.24396479013695282,0.3313028696025635,0.1452459032081159,0.20514358316188538,0.21489824125050375,0.17355863412487144,0.25169557640643664,0.2093248971552811,0.22195751182586412,0.1955928920094344,0.18534637944614687,0.21412519469637586,0.167570691283338,0.19201843592364626,0.22570558906714722,0.13334550303460024,0.18997640054517378,0.15298730673233896,0.11107257493018549,0.1835732707338764,0.19420618974695847,0.1890630758494352,0.21997497922498668,0.20683584456013038,0.10157910675029311,0.2443732549057105,0.24326886861758154,0.12624407954966993,0.24039653418915616,0.05390840202101653,0.08623052761428934,0.18523961110821988,0.13242803777697054,0.256046741637254,0.047110326420309566,0.2033242538607832,0.19160993210197713,-0.007348579061144461,0.34866759659821417,-0.0554005190785965,-0.09768564067469693,0.005857234767215531,0.0655136282610876,-0.10799751323267,0.00347723835218565,0.05271468206963265,-0.0069859291679259545,0.23295588671298595,-0.4055288999879567
0.23821767405250704,0.16490850461543194,0.3595174813495614,0.28736974104392055,0.19129322035068677,0.38287786311601507,0.2365252079804329,0.8084228354424642,0.10005489725300971,0.21886206442054246,0.2863689391978599,0.11074280804067232,0.16855276087628804,0.18681245990046047,0.19919078834416537,0.19190873613907675,0.2593350538207562,0.273652891064212,0.2696872327400983,0.30387252645188717,0.14977358687351333,0.1829076889652989,0.15997271142635253,0.21660825343984505,0.29938290869622347,0.11368287579962359,0.17836284251042872,0.1906555565155651,0.24164641531369782,0.23534824161683632,0.19700949306158416,0.17773928693926877,0.1807856038790621,0.3492279615848054,0.29512401721648623,0.21773595960641903,0.3984066736472925,0.18061604790184052,0.1985012574080984,-0.00986213267919184,0.09326018587913122,0.11691432755568981,0.1992260930582509,0.23912736051300054,0.04173240867102587,0.22690364394294454,0.3450175474838527,-0.0028111461564175335,0.3258068844160331,-0.2721585456701698,-0.1701190416231396,0.13745435085217447,0.04936447418902228,-0.10557336598699169,-0.24456657227180445,-0.005918163981918408,0.11957472530192041,0.43384081530682483,-0.4396248889946299
0.31283177633212056,0.04413729634764657,0.46274139570456846,0.20584673781988294,0.25948098848141027,0.23312776625953524,0.3112845909584915,0.10005489725300971,0.7512815297625479,0.18281106240810469,0.21992875408264842,0.2548197317389621,0.17134091841223625,0.20879242100046955,0.2876360636448511,0.07305340046448461,0.22282972250893604,0.2176142258141286,0.23346847154186023,0.1874776732199337,0.20803991406199088,0.2926866169358907,0.21510918475217244,0.24529676921636143,0.20809475262535732,0.1321205666870177,0.1718777724185257,0.20086124192770602,0.11733233035566884,0.31200056224568007,0.21617006793202623,0.17460830958674345,0.3125971727381264,0.16148896493734444,0.062259802777095516,0.24503048506212646,0.3049728811112721,0.11814751123222766,0.15340973554409068,0.04021857847403227,0.16369017466633537,0.20628003065376038,0.14989985760210603,0.4192596256749107,-0.03216767293901533,0.19137242925032627,0.25958686997083213,0.0008776198291918926,0.5719662550491086,-0.20374082530705573,0.04144389899910797,-0.07279635395962535,0.20240144685903405,-0.08253853787982507,0.14906990917448867,0.08840561091302516,-0.06472445785625514,0.050101891899662174,-0.21889778632274928
0.24768001022604738,0.14292651777403362,0.4179676230227852,0.15739551988775058,0.13985792131002306,0.19081897172325407,0.15856206925060687,0.21886206442054246,0.18281106240810469,0.5377143338510598,0.19180063456333082,0.16465432160016344,0.13601742354574892,0.15120450507307057,0.24175430719110247,0.10526777231753472,0.23292871261790382,0.2626550071306521,0.16128384225403758,0.18550631450538488,0.19216066907233442,0.14810059938229386,0.2453404596791682,0.21855275766345658,0.21534051890629913,0.0431696130787228,0.14718460580772552,0.1958374120299845,0.20244794073141592,0.42899357763239965,0.20488813338284023,0.13528247773364144,0.2329460960462975,0.23578111776314303,0.251660005176838,0.2440290703933144,0.35093221019475834,0.11864393925701094,0.27995772750736303,0.19376105902604504,0.2983804153107622,0.19684287078798243,0.13220152650508354,0.3980413362840537,-0.06858986147795246,0.22899204565589396,0.4241672851806182,-0.01813251581425258,0.32674584834984416,-0.07044080575509704,-0.006071506082950853,-0.06610457258895455,0.024969529560558732,-0.019033442161822692,0.07369648216654731,-0.04769247426419363,-0.025046613379612677,0.03077937722858343,-0.00879134152448316
0.2544886148904811,0.0701744195370039,0.3279711487123113,0.22583438385987897,0.1950058696703179,0.2606618858140219,0.24396479013695282,0.2863689391978599,0.21992875408264842,0.19180063456333082,0.4433829464859898,0.2680063280794072,0.14525911910370054,0.20987950916227918,0.30904331360430914,0.17432559843955042,0.2707300364292628,0.1922738417501474,0.20698222885581094,0.30742132871345307,0.19930491637411277,0.17433590780130476,0.17815766428509477,0.24768982354097674,0.2557084575916751,0.11174667207154221,0.20250903004211163,0.17580393535787778,0.20170831884264534,0.27641935569712855,0.22091815154349564,0.18762393372772732,0.22995400803210045,0.21921857321468316,0.22148478646044512,0.30482282594441595,0.3299092067908333,0.17456229472963788,0.18290572408691272,0.0507422537751201,0.1502330042380909,0.18092232587772797,0.1431003780213135,0.2416458284936844,0.04671741609986137,0.2281933371223332,0.2709889384310816,-0.009175631137532624,0.2810272949070975,-0.12239271198157783,-0.09008194166579583,0.05191956328847318,0.12262852764261975,-0.043253144781442744,-0.12378851678589357,0.021359018627075215,-0.013839102303488242,0.24203617542073377,-0.26100774772930135
0.31858349755832327,0.08450220864815702,0.29099583441665017,0.2818684981356019,0.2618428249924113,0.29328239323025207,0.3313028696025635,0.11074280804067232,0.2548197317389621,0.16465432160016344,0.2680063280794072,0.6343586672025464,0.13027720312425806,0.2309913357349438,0.2579320600704013,0.21188634780855073,0.27172496534581037,0.14033412696119352,0.22635655419154002,0.2480539065304008,0.2027014267217459,0.19408033290799806,0.14227783346315792,0.19156689658446943,0.24186502023774983,0.1317449435950413,0.25129970802775337,0.14869666496800998,0.06265554984496922,0.16277046415527774,0.19096494454258348,0.2224190582173874,0.18599784760958354,0.16139408506703937,0.0912463589904521,0.26003585607964663,0.15822996323828847,0.15061967459646247,0.3167294946325283,0.13933021542078244,0.1021487043475861,0.20554943084007257,0.16965136580985915,0.23784598397958517,0.09378448160524593,0.18135138196714512,0.20271191390938492,-0.008061322008161412,0.211335690074321,0.18667272874332164,-0.14730483099960878,0.0019163642032894378,0.048957550175844314,-0.008497422493846852,0.019826054716686733,0.04709652428363364,-0.047873189030987015,0.1748221406150715,-0.361189207088333
0.1294184416377419,0.0804099023078419,0.22469911651380703,0.1587434278854687,0.14151044760414444,0.1572013660656924,0.1452459032081159,0.16855276087628804,0.17134091841223625,0.13601742354574892,0.14525911910370054,0.13027720312425806,0.2581386662405767,0.1217238085711461,0.1110848735453555,0.14410785610197588,0.11567802612793393,0.13962592870399496,0.13994484938110652,0.10798428610847173,0.1092871955462246,0.17016976369259862,0.11301965071928353,0.1291738427311579,0.14330376791031538,0.10252338128313786,0.12499065213126197,0.05339471351282839,0.18045301263239744,0.12245562315411504,0.09866318957228651,0.11804738748533843,0.11811282886652055,0.16359129192653207,0.15905734773945188,0.1417360240402294,0.18682830640026535,0.06465697264421602,0.1004034429356081,0.03472057160860998,0.07929299172494722,0.09540528159163009,0.09104935266242585,0.10765014279767915,-0.02372398937978686,0.1221892831039963,0.15249690568375882,-0.005391971245941369,0.21486385623876592,0.008620314177500596,-0.042302393895282266,0.007037827796228684,0.0015990655648460198,-0.0259798415472416,-0.02054451460318876,0.009148706841938813,-0.06434769767377647,-5.379206697378512e-5,0.016456903183615756
0.2850535773048255,-0.0150053269299971,0.23859171148273836,0.27546603241858364,0.19763301940797573,0.20428350270445794,0.20514358316188538,0.18681245990046047,0.20879242100046955,0.15120450507307057,0.20987950916227918,0.2309913357349438,0.1217238085711461,0.5761571432403002,0.1492034410341838,0.27963249733993656,0.2015074984152838,0.13596306536389402,0.17167306933641202,0.2886414434631535,0.19882057931066854,0.2473190042143665,0.18222158999071855,0.26886882419025426,0.18286945861125264,0.22701663586199708,0.19631561261440536,0.1166227695261046,0.16552347675592718,0.22237756628859748,0.2115362568561947,0.4004290898149426,0.1785898213774146,0.08368576577544042,0.10755860393556806,0.326099081198206,0.15348621797511086,0.17118054098506297,0.2736157030820303,0.07162994876603293,0.19959181810052018,0.1662584477157395,0.20090851413520455,0.24460232565932014,0.05000948344649562,0.1811590144624884,0.24351840405693204,-0.005843545506572935,0.38446999873266546,0.11434702700266232,-0.03337570051995205,-0.10441955829952185,0.2068985534994842,-0.04294913371217417,-0.23450660958276598,-0.028642464092768993,0.10594285784546269,0.2117533269847763,-0.15315717914113178
0.27360207785643853,0.02830235366708172,0.4389174915906727,0.21888004960652932,0.2099346473983742,0.2167081691930627,0.21489824125050375,0.19919078834416537,0.2876360636448511,0.24175430719110247,0.30904331360430914,0.2579320600704013,0.1110848735453555,0.1492034410341838,0.9776516928066548,0.0859037609641134,0.2601297293883747,0.26706216854596815,0.22324874729492392,0.2827757180410387,0.28557642541272615,0.10458740042547529,0.3474911555086319,0.3231050042018583,0.3747256739537603,0.1616713360360022,0.19381725294759325,0.2384925469203561,0.2066810197741162,0.3859826213334661,0.272973220376462,0.16128852102500416,0.38723803127408934,0.24459800902291934,0.17114098613966658,0.4008336495906595,0.5266227728867364,0.1564854925262709,0.2018947397823566,0.056583003454426524,0.2397490328312308,0.28236095690465024,0.08087847288384654,0.4673781541064741,0.03739372457603015,0.2848754220076009,0.3367164046142047,-0.02412026829254838,0.32815338125186355,0.426850701484352,-0.14118611554306035,0.3011375948062046,-0.199204476017463,-0.0273027039614397,0.08581169738725893,0.07592115659460302,-0.11983457472347067,0.1340748804455041,-0.15010243061333495
0.15794530947347155,0.04000998746387495,0.09271464573709257,0.2771847978815017,0.25041570880753455,0.22683563232988646,0.17355863412487144,0.19190873613907675,0.07305340046448461,0.10526777231753472,0.17432559843955042,0.21188634780855073,0.14410785610197588,0.27963249733993656,0.0859037609641134,0.8451346117398362,0.15417200354795504,0.1398208528576078,0.21437947063820523,0.25004873513283976,0.16937588051484243,0.36994444737408727,0.10811537878948425,0.1921713449638266,0.2580803055952777,0.249622758294159,0.2606569221079506,0.05941335281397683,0.2125596868957852,0.11901803945002998,0.14064762631012204,0.23328273921134685,0.10397767825887307,0.19481190483535157,0.2988918968181672,0.2432324797109387,0.27602616445477524,0.13850071114585277,0.17480697076194152,0.12224574250805821,0.09385789804192977,0.14350455657176023,0.321156361912118,0.03609184877110706,0.14793225707649,0.1927359195554728,0.16354361290294459,-0.012544461406328622,0.1630420378058322,-0.08185436194882365,-0.11540731707207762,0.11851595656697121,0.18105796644700858,-0.02178786257305204,-0.0766554072611266,0.02864983894619569,-0.10317370197356425,0.17794284165217428,-0.10904644190331711
0.24913614538391357,0.04900237195055069,0.36257897900347663,0.2352218873476307,0.18935479051649529,0.3042000054121247,0.25169557640643664,0.2593350538207562,0.22282972250893604,0.23292871261790382,0.2707300364292628,0.27172496534581037,0.11567802612793393,0.2015074984152838,0.2601297293883747,0.15417200354795504,0.6936216742452959,0.1658581568145671,0.25928807278351224,0.37303775381627197,0.2714880908065834,0.19759710069419728,0.19088922251866297,0.32157368618714993,0.2715626658275312,0.027644794333507135,0.22504335502628034,0.5403423484924661,0.08297106541693186,0.36387351166457405,0.28498813383737887,0.20495967262064063,0.36479271330641466,0.22762595249517123,0.15358816856325327,0.4182846037924358,0.46999614895731634,0.22145338353585736,0.23860071412671024,0.06653669823755384,0.2612883395708685,0.30566188904625485,0.17684305629450126,0.5321107561391556,0.12412331374281657,0.2488060875308305,0.3571275319980421,-0.009862646540523917,0.19871343136462638,-0.2652077219596042,-0.05965630391498551,0.01583355157630309,-0.04058812178097084,-0.061647079314997036,-0.20768324323269247,-0.017569958354011983,-0.037643371674211654,0.3380315588079434,-0.29505005332771755
0.23937478379927696,0.45012770638318517,0.32068513682245864,0.1682036259773303,0.14421094081384953,0.2309934447645762,0.2093248971552811,0.273652891064212,0.2176142258141286,0.2626550071306521,0.1922738417501474,0.14033412696119352,0.13962592870399496,0.13596306536389402,0.26706216854596815,0.1398208528576078,0.1658581568145671,0.8178298001569538,0.16158277302249952,0.10236204362073208,0.21064936534657683,0.2071188202666668,0.5578299877555173,0.20521271015528392,0.2893618182265719,0.18659088105152058,0.10056893449871508,-0.007481931385860842,0.2119221661499469,0.19239246560241752,0.25629314197220227,0.14988286339725926,0.22867787417244978,0.2410439655154024,0.19408899835267834,0.312069799870756,0.3573338968367718,0.08546147502642522,0.22207814613137217,-0.028611396451235845,0.15320494226148698,0.1606948430024026,0.1443476320919474,0.38934090575139213,0.06488960356380145,0.2065101515913009,0.443007354915522,0.003773762800027301,0.13308639549644344,0.010517278313593082,0.05783322545402509,-0.15844993993297088,-0.15121436058821203,-0.06180120009711159,-0.11109664865905326,0.031969650016620846,-0.017786932454375983,0.29015083012955256,-0.32223395596384524
0.2906533078256209,0.10632695115066312,0.22744948160318626,0.20552272301634977,0.4875284876531554,0.4046589685591315,0.22195751182586412,0.2696872327400983,0.23346847154186023,0.16128384225403758,0.20698222885581094,0.22635655419154002,0.13994484938110652,0.17167306933641202,0.22324874729492392,0.21437947063820523,0.25928807278351224,0.16158277302249952,0.6907691218847567,0.1147820497599837,0.23294768126763576,0.2408774830390235,0.06769751384924033,0.1866231674237959,0.18039547307211154,0.17806214455932348,0.16986894604245964,0.3245789803478225,0.21509747928885342,0.13760759561903912,0.23593584855322666,0.19199012891834857,0.21930976491641563,0.21275329948234914,0.055884964843560904,0.3765552981527821,0.32246893594897674,0.09731785778650458,0.2424824653898369,0.14577178186077053,0.1238189218672763,0.22502230129928635,0.139320104307268,0.1733253143991523,0.09690513046818645,0.2855724022531232,0.16792923498580975,0.013088381747046336,-0.034956690886144635,0.10585591940366523,0.18550589001989679,0.34115036394267295,-0.18175790816427,-0.1505923472588987,-0.05875365781397128,0.01796544008921101,-0.047999912269916234,0.20985685199842327,-0.1293295641941692
0.27265570840754777,0.07100005321496598,0.32288273951230756,0.22441301987298157,0.13237129083452462,0.3163498133379825,0.1955928920094344,0.30387252645188717,0.1874776732199337,0.18550631450538488,0.30742132871345307,0.2480539065304008,0.10798428610847173,0.2886414434631535,0.2827757180410387,0.25004873513283976,0.37303775381627197,0.10236204362073208,0.1147820497599837,1.257644236430414,0.20505731863113624,0.21625609776861834,0.1671937766751887,0.39971853249148565,0.3490222764750949,0.22689260961057509,0.3501335299528612,0.3096160575513116,0.05296130445160889,0.6892900279227738,0.24504063767012257,0.23878011356455703,0.31540346880950243,0.19576203861765856,0.38417907694327963,0.10784751587442035,0.7013373717563082,0.6143702312295756,0.37059455013722636,0.12316174976248494,0.28105097510434246,0.16904732539499912,0.6550961622865389,0.5490135201956726,0.45197891387507333,0.15727839697076978,0.3393636221560733,0.033422595427784384,0.8841732574998664,-0.3000180893388287,-0.3379983580078822,0.055691419931302305,0.271255388106929,-0.043349501589799146,-0.14366608656278923,-0.004337397623346151,0.03261993615935149,0.2839470868840577,-0.29298127296978643
0.19918774973649786,0.15497605873192846,0.2923320997745744,0.1991877752113836,0.20745433004665612,0.21017421537234476,0.18534637944614687,0.14977358687351333,0.20803991406199088,0.19216066907233442,0.19930491637411277,0.2027014267217459,0.1092871955462246,0.19882057931066854,0.28557642541272615,0.16937588051484243,0.2714880908065834,0.21064936534657683,0.23294768126763576,0.20505731863113624,0.5089492337201562,0.18147622445160086,0.23796241816617628,0.28853692124791813,0.23086052430118081,0.20379623441965758,0.16979013734349055,0.19790746241201534,0.26249804500126867,0.3283216844259741,0.323032040205638,0.1809601391391883,0.3760075244162154,0.13885314462028256,0.14560284344842384,0.51123898038506,0.45282493087595377,0.15299981382364608,0.43667730763068574,0.291301284695535,0.21998286836177158,0.4675245603324686,0.16574145309535582,0.2010705046211672,0.3393761446674422,0.27618411386237895,0.34538108512905363,-0.03440893783460901,-0.11016265890419283,0.20583446340713665,-0.01260355418725153,0.02411996866241261,-0.008841529334308013,-0.0661402969169319,0.08623828943157075,0.01407212724455554,-0.20290620335520618,0.1605035241037708,-0.014266614394404065
0.20233462957024523,0.0512734548404493,0.24789802243910702,0.23619884349335948,0.23022927515441452,0.23605868198225602,0.21412519469637586,0.1829076889652989,0.2926866169358907,0.14810059938229386,0.17433590780130476,0.19408033290799806,0.17016976369259862,0.2473190042143665,0.10458740042547529,0.36994444737408727,0.19759710069419728,0.2071188202666668,0.2408774830390235,0.21625609776861834,0.18147622445160086,0.7442676556590055,0.28202394783196605,0.2303319513386916,0.2674753095270205,0.17967386499714627,0.19349802337989783,0.0762012540518846,0.106235234619275,0.22186870646796863,0.1371060636435554,0.22069979042886587,0.21273091836236588,0.19092701434314618,0.15192875005473128,0.11797065838048758,0.25358811960555583,0.1268712621652659,0.21684110164512835,0.03297837187258227,0.13902256215708778,0.1740634860407425,0.3591001370277345,0.3817681219483642,-0.025936149665279733,0.16734455285793612,0.2438404601938467,0.008887585346481484,0.3921872107186196,-0.1310510944455464,-0.011241181149722758,0.03080789109566097,0.11309500425319464,-0.07731027102493726,-0.016004804785513464,0.04054218426148519,-0.10191106883837844,0.14830433093576728,-0.14570827641817882
0.1399343535110106,-0.08160725146456617,0.33743083683367187,0.2763992146113761,0.10455392200808553,0.11658534868503055,0.167570691283338,0.15997271142635253,0.21510918475217244,0.2453404596791682,0.17815766428509477,0.14227783346315792,0.11301965071928353,0.18222158999071855,0.3474911555086319,0.10811537878948425,0.19088922251866297,0.5578299877555173,0.06769751384924033,0.1671937766751887,0.23796241816617628,0.28202394783196605,1.560274765447235,0.5115737066318536,0.5327052354896502,0.0013924661469758449,0.09757237407317372,-0.20633385064130721,0.2152197147542691,0.6800087158729338,0.12329952053142812,0.15211939627754545,0.585473863440175,0.1926990791246014,0.13008769617450688,0.4805886210853205,0.5477417489746828,0.09125600631983008,0.14945825023542203,-0.29858969899773175,0.32670198559610525,0.166622681781079,-0.03629700682601965,1.4484756014761233,-0.32657207517435505,0.222042809213244,0.5934038936833755,0.03382985027025098,0.6477617157472608,0.21399624359631586,0.040843938411167166,-0.09531481686858,0.0005522284177383362,-0.03664734266042969,-0.16804352227716793,-0.021519963641394236,-0.11023623549644225,0.2449778409628164,-0.1354365325635148
0.03664015595929279,-0.09994409697295313,0.3395495060874328,0.3778520187420205,0.15090537020684547,0.17490134089910234,0.19201843592364626,0.21660825343984505,0.24529676921636143,0.21855275766345658,0.24768982354097674,0.19156689658446943,0.1291738427311579,0.26886882419025426,0.3231050042018583,0.1921713449638266,0.32157368618714993,0.20521271015528392,0.1866231674237959,0.39971853249148565,0.28853692124791813,0.2303319513386916,0.5115737066318536,1.0247224719971606,0.37634461599549274,-0.08393696165649117,0.2193153014436516,0.4658763133610219,0.05096408717867072,0.9937393503689933,0.3482897927630825,0.26720636213009064,0.7592240213472885,0.03803891296529438,0.1702492159869189,0.36780355106376145,0.5809908525509279,0.2325345646333297,0.0010096702353417461,-0.059055927271641676,0.4708186272460548,0.24504643569004927,0.1243196143250018,1.1285706841995067,-0.2929968458735038,0.22957977083592337,0.5747181960353016,-0.00036398237356337755,1.0014981220025025,-0.18775826999381331,-0.06248395836368455,0.1929792455712877,0.1509870756095118,-0.08357204327000702,-0.041454984993725456,-0.06138422461158223,-0.005652795177003607,0.13325568933200105,0.020012424308762215
0.20220360135487478,0.011441810929494674,0.32627631577291044,0.2718747356037121,0.16480084314118149,0.25559285489093503,0.22570558906714722,0.29938290869622347,0.20809475262535732,0.21534051890629913,0.2557084575916751,0.24186502023774983,0.14330376791031538,0.18286945861125264,0.3747256739537603,0.2580803055952777,0.2715626658275312,0.2893618182265719,0.18039547307211154,0.3490222764750949,0.23086052430118081,0.2674753095270205,0.5327052354896502,0.37634461599549274,0.9965667725784968,0.11728436681718266,0.2114240106058314,0.19431107107180332,0.2761649255275748,0.4877267025990763,0.1784934189429121,0.1720484510435588,0.4092770029357395,0.31636641960682976,0.28593544484695266,0.4148101148136609,0.5722059817776539,0.20194632203146334,0.07212812413991203,-0.048934040599553766,0.17992797528842802,0.20763077826821316,0.19045082854267065,0.5912912781441965,-0.0016080703810936923,0.3523183446819993,0.3945938819569126,-0.0422313479835379,0.229870023248192,-0.6066304944702605,-0.1130495410436778,0.15687872708477824,0.20091695007442545,-0.05718740234269556,-0.040609142244352726,0.038142988311299315,-0.0372262782627356,0.17885625857975085,-0.2099683505991249
0.1579804547246829,-0.17989384737122616,0.12749526168369885,0.10747670144138724,0.18682183217658047,0.252780723801588,0.13334550303460024,0.11368287579962359,0.1321205666870177,0.0431696130787228,0.11174667207154221,0.1317449435950413,0.10252338128313786,0.22701663586199708,0.1616713360360022,0.249622758294159,0.027644794333507135,0.18659088105152058,0.17806214455932348,0.22689260961057509,0.20379623441965758,0.17967386499714627,0.0013924661469758449,-0.08393696165649117,0.11728436681718266,1.8847712902834033,0.16894582560615876,-0.35948060628428036,0.3800827658676073,-0.7099103513504921,-0.01258240599625229,0.29104563102412956,-0.06913263513364117,0.25774649847982717,0.17704172014524505,0.20717834646792796,0.2479704588520095,0.13358051200503263,0.07029239480669605,0.2724483636060689,-0.2244447343353187,0.25418201475387125,0.33071420880128277,-0.8864394663158357,0.9819864664166676,0.08841645045515627,-0.2294658412360984,0.00431411223405883,0.5093219622803847,0.2630402469743933,-0.07398551431877934,-0.049261555056385214,-0.2970763291991761,-0.0503940689997071,-0.14426907144921494,0.024056872690746123,-0.00021623720037879907,0.06819075018162038,-0.1620104555710844
0.20092193856418486,0.16358337316218907,0.21622845896557924,0.18563563147351064,0.1711591709379489,0.2288666639979577,0.18997640054517378,0.17836284251042872,0.1718777724185257,0.14718460580772552,0.20250903004211163,0.25129970802775337,0.12499065213126197,0.19631561261440536,0.19381725294759325,0.2606569221079506,0.22504335502628034,0.10056893449871508,0.16986894604245964,0.3501335299528612,0.16979013734349055,0.19349802337989783,0.09757237407317372,0.2193153014436516,0.2114240106058314,0.16894582560615876,0.5003771586967731,0.17888363625583642,0.0761296859671218,0.22856449856627176,0.18190821350478037,0.21340254563092495,0.2030404902637789,0.162385621007239,0.17045068808458358,0.2636538721428271,0.2802123253495299,0.18946569496444313,0.18369608234831522,0.1307961608187179,0.13415170065077486,0.16938524560360435,0.34494038876584526,0.112253987782427,0.12312136136681529,0.17038510390682263,0.17773514642315966,-0.008772258600425523,0.3811634547777954,-0.09752922339179654,-0.1485223364339293,0.0975434444344692,0.0656782541065181,-0.022926672414891307,-0.019496595508537058,0.03394916495771361,0.015538389020846902,0.11968417772096474,-0.20594720825622095
0.1736858538786473,0.13770305940078056,0.34574123706050675,0.2908516826875393,0.09564134315425227,0.19883542762291428,0.15298730673233896,0.1906555565155651,0.20086124192770602,0.1958374120299845,0.17580393535787778,0.14869666496800998,0.05339471351282839,0.1166227695261046,0.2384925469203561,0.05941335281397683,0.5403423484924661,-0.007481931385860842,0.3245789803478225,0.3096160575513116,0.19790746241201534,0.0762012540518846,-0.20633385064130721,0.4658763133610219,0.19431107107180332,-0.35948060628428036,0.17888363625583642,2.7434549775712704,-0.6311552018299678,0.6633575651412568,0.4942998772458095,0.17715159185466994,0.7653018436955298,0.07617939088978593,-0.39476234563871637,0.6383134212274403,0.42860567806479655,0.19143059439698218,-0.18253780412074697,0.11830765352954946,0.8895899827812116,0.12705698707389074,0.1498215304480173,2.348679444935187,-0.9790310740594317,0.25263839871114685,0.16221527417678472,-0.019033897596875442,0.6318164639011379,-1.2413065190554888,0.18070003653952693,0.6456270488153617,-0.21361420161563624,-0.07857588974869144,0.7911357958758424,-0.03945589978664874,0.06200619660016543,-0.43381879152595176,0.7079283419134819
0.10698565353901746,0.15072654897619575,0.23118809734658718,0.06445650474245644,0.18913788055123898,0.2821662638327528,0.11107257493018549,0.24164641531369782,0.11733233035566884,0.20244794073141592,0.20170831884264534,0.06265554984496922,0.18045301263239744,0.16552347675592718,0.2066810197741162,0.2125596868957852,0.08297106541693186,0.2119221661499469,0.21509747928885342,0.05296130445160889,0.26249804500126867,0.106235234619275,0.2152197147542691,0.05096408717867072,0.2761649255275748,0.3800827658676073,0.0761296859671218,-0.6311552018299678,2.5080468967407543,0.1872317401398629,-0.034134614377275045,0.1674240268379472,-0.011212739891535208,0.32621398155364567,0.5642194122523865,0.7389013465952897,0.47594612240584416,0.03007438691358679,-0.01006311358246147,0.16803088074332154,0.002292347739353477,0.18236799059540085,-0.38640470537883387,-1.2854291345026974,0.533487760229714,0.47336719270743455,0.3475519072287484,-0.11966563384766186,0.2746165996785962,0.0011089169087570888,-0.07442162947560699,-0.0482911077018611,-0.017544472100271078,-0.009235384690935612,-0.44735530521865596,-0.01778086026143651,-0.08724796905488343,0.3084810176661256,-0.20225851160611874
0.4752069867534651,0.015493053981321515,0.4998787872923261,0.2222996236156477,0.12954352198196165,0.11141351942799924,0.1835732707338764,0.23534824161683632,0.31200056224568007,0.42899357763239965,0.27641935569712855,0.16277046415527774,0.12245562315411504,0.22237756628859748,0.3859826213334661,0.11901803945002998,0.36387351166457405,0.19239246560241752,0.13760759561903912,0.6892900279227738,0.3283216844259741,0.22186870646796863,0.6800087158729338,0.9937393503689933,0.4877267025990763,-0.7099103513504921,0.22856449856627176,0.6633575651412568,0.1872317401398629,3.8057275878160413,0.4840689955933536,0.05337066276786635,0.8753895310878674,-0.20851706016990906,0.9706454181861593,0.19243474061567056,1.1392333573131177,0.4136075473169573,0.326408093320188,0.3476138497522983,1.3529414388710186,0.31806827124063514,0.9408124433270922,1.9778308745990725,-0.546141121846811,0.31633259276390674,1.623851758737663,-0.003794793192061124,2.0078989322377043,-0.7701735931884085,0.022670681302466644,-0.19967999494232805,0.6694486068587475,0.0027477465155913787,0.29142404668931593,-0.0779532226742062,-0.22084725654540002,0.3310888953375329,0.022237528526770172
0.21013092854009693,0.14399190345284177,0.24552384743543015,0.18613036865357843,0.20839616511413114,0.2020236955797838,0.19420618974695847,0.19700949306158416,0.21617006793202623,0.20488813338284023,0.22091815154349564,0.19096494454258348,0.09866318957228651,0.2115362568561947,0.272973220376462,0.14064762631012204,0.28498813383737887,0.25629314197220227,0.23593584855322666,0.24504063767012257,0.323032040205638,0.1371060636435554,0.12329952053142812,0.3482897927630825,0.1784934189429121,-0.01258240599625229,0.18190821350478037,0.4942998772458095,-0.034134614377275045,0.4840689955933536,1.0581170313688066,0.19871081797002443,0.3591537124087695,0.14604765461754363,0.2509719507043462,0.638086076469322,0.4670975815808603,0.19956919057138922,0.31889584901531054,0.0948356787165871,0.394686456821817,0.28285354695885545,0.046230441990779414,0.4336315822083932,0.035851775613761586,0.3684095206924963,0.421138302167723,-0.02773432803479763,-0.13662058419366505,0.16220002277388343,-0.06685745770243062,0.13455107872601754,-0.015438654773925687,-0.07374730396566538,0.04817332006645031,0.03866141626328287,0.10002641988273747,0.039774311179100436,-0.13248429759046298
0.2067803274966238,0.015037710700847763,0.19988715925976366,0.23439284388638545,0.16251373131026295,0.2259219949526853,0.1890630758494352,0.17773928693926877,0.17460830958674345,0.13528247773364144,0.18762393372772732,0.2224190582173874,0.11804738748533843,0.4004290898149426,0.16128852102500416,0.23328273921134685,0.20495967262064063,0.14988286339725926,0.19199012891834857,0.23878011356455703,0.1809601391391883,0.22069979042886587,0.15211939627754545,0.26720636213009064,0.1720484510435588,0.29104563102412956,0.21340254563092495,0.17715159185466994,0.1674240268379472,0.05337066276786635,0.19871081797002443,0.5758582447379593,0.11039328550832112,0.10928432329671228,0.03228434615396514,0.33288157002268937,-0.008171437849520095,0.15255082031274453,0.26618737114261465,0.07806225826471426,0.1464182034933842,0.15138706157291051,0.17421547564484796,0.09608634928891732,0.03193097633462897,0.17765821977341778,0.16416826251953742,-0.01802398006747082,0.35108883549249315,0.011840158291672629,-0.062304546368724185,0.12366377122225443,-0.13247411604119372,-0.014498070632577357,-0.19698601353484085,-0.02763347350091882,0.2568247737037326,0.0539461669229848,-0.1865677329853474
0.14778647984192497,-0.030125351369522827,0.43552981088161036,0.3734528744537463,0.19118571626996952,0.08490102825560636,0.21997497922498668,0.1807856038790621,0.3125971727381264,0.2329460960462975,0.22995400803210045,0.18599784760958354,0.11811282886652055,0.1785898213774146,0.38723803127408934,0.10397767825887307,0.36479271330641466,0.22867787417244978,0.21930976491641563,0.31540346880950243,0.3760075244162154,0.21273091836236588,0.585473863440175,0.7592240213472885,0.4092770029357395,-0.06913263513364117,0.2030404902637789,0.7653018436955298,-0.011212739891535208,0.8753895310878674,0.3591537124087695,0.11039328550832112,1.852039671021517,0.05205795159972852,-0.25595881955541305,0.46685923200799023,1.1707230718775665,0.18495352637116125,-0.40816365478099753,-0.2717853058342232,0.21949364514898345,0.3567156563514548,-0.08149302030072023,1.6876701072990243,-0.5200842077539575,0.3402294709807358,0.5828350131398177,-0.016831500085369832,1.3765643795137925,0.034251529823572296,0.032383155861064314,0.3027885955004061,0.16216051425052508,-0.235445302514179,0.2240122746527645,-0.038592774007475274,-0.14875656145742572,0.020814932031109474,0.2089030490194498
-0.5747515762566058,0.1316119889378796,0.14632943412299995,0.35095699191830587,0.22308365406440858,0.34808584811779886,0.20683584456013038,0.3492279615848054,0.16148896493734444,0.23578111776314303,0.21921857321468316,0.16139408506703937,0.16359129192653207,0.08368576577544042,0.24459800902291934,0.19481190483535157,0.22762595249517123,0.2410439655154024,0.21275329948234914,0.19576203861765856,0.13885314462028256,0.19092701434314618,0.1926990791246014,0.03803891296529438,0.31636641960682976,0.25774649847982717,0.162385621007239,0.07617939088978593,0.32621398155364567,-0.20851706016990906,0.14604765461754363,0.10928432329671228,0.05205795159972852,1.6644359971121931,0.5487893011914659,0.19437884093306673,0.9237280716696665,0.10971641761061494,0.05069284690902517,-0.1562461186819899,-0.12324856841052886,0.19283147593585448,0.19343568888744572,0.15167304297405462,-0.14723629448228798,0.33673129538014307,0.14489589264183236,-0.008544484911183849,0.7557622894834348,-0.49924098073171735,-0.31279324884379955,0.14154070606647104,0.06963680578222838,-0.11365575358497351,-0.12981169655596117,0.06999165915259198,-0.21396389486074696,0.14450367016830348,0.03507811370553923
