0.5615001221722845,0.12153237073546239,0.08786158389880727,0.06701814432697464,0.06757310059896263,0.05225602529291239,0.04776208600015755,0.06328260013926892,0.01832768523163477,0.039961491652270684,0.03682092641706505,0.054587221646549076,0.023273872774220355,0.02733932556594386,0.07130916262888237,0.03496973474578153,0.002691226623835583,0.056426764645745184,0.03415132377008919,0.02718851464493431,0.05643583996287514,0.03165499975634931,0.005720320456080835,-0.03557219072707124,0.06862674701645556,-0.00819940666803848,0.030230057755105393,0.03548740091751222,0.0624413383717393,0.15611430575610086,0.045532338862686386,-0.027791034292135718,0.06415063343554449,-0.1139190444234929,0.039531149231905906,0.042105766226437406,0.026770807141944134,0.05491908378497761,0.04229259589955781,0.0554668566347543,0.08423137830894467,0.038656049691058396,0.05255089123788458,0.040142636002218846,0.02196545721494741,0.061032402189217884,0.0427175304866354,0.007854676506303379,-0.03144262582632077,-0.03313031662312749,-0.03180059053374107,-0.04567344216385319,0.06069845821321881,0.014907892488720315,0.037573933538985256,-0.027696035130675704,0.00013344655247715976,0.043616824451346896,-0.016758820487656468
0.12153237073546239,2.0691840266602215,0.8559512548721013,0.08570473285444297,0.04686722103090188,0.10312304133782364,0.16166306042162606,0.1254708648480239,0.13300967834955485,0.24014124749801555,0.10845726547384725,0.18969217441286146,0.08308735476515189,0.10251307837106477,0.3907019506812163,0.05971877838692172,0.15882794035458273,0.22571371016154151,0.08986538350772154,0.30858829549777883,0.2037542920083818,0.07278116960778061,-0.15844162324921585,0.06381886655124407,0.11619255729347017,0.11409977123137399,0.1136304481260662,0.2534128493398624,0.360046077656778,0.27507347196479054,0.1348883414496604,-0.01872483965524685,0.17780077459638785,0.18911912400513403,0.26863907531811904,0.13411012234024933,0.4545079999688195,0.2239307148691275,0.06910027100798548,0.1304571163327084,0.029823482251302866,0.22093274600002488,0.14374037543087434,0.03773019574222493,0.37604612113538466,0.15002137835091067,0.27255110789283665,-0.11611725283088735,-0.014088987310838328,-0.053109420085102534,0.07466876064290136,0.018045458386492172,-0.012590463944059948,-0.0328246517825726,-0.04221550867713748,-0.08653561515780257,-0.5351855647992994,0.5689549190309828,-0.08118243842714318
0.08786158389880727,0.8559512548721013,2.3035131564386817,-0.07999838433856639,-0.20093034008282115,0.24330692357562594,0.17581554809886082,0.16540167479319093,0.19603492993671012,0.27586903651488376,0.0727517206822483,0.21936983585619996,0.05210453227980123,0.1268533339598147,0.3427280142738054,0.013352751266300308,0.2910968558315063,0.10787561542854202,0.03801739508252657,0.22346912164997765,0.1603633924720933,0.19177071718863115,0.03382537358209945,0.2572794397926426,0.17546716365354628,0.0036280334614795236,0.05046681616307543,0.16844745494929017,0.4934473469746963,0.25608184097002445,0.15355711195151972,-0.0905255370845342,0.13028029332044688,0.19038912144016873,0.26739283163392763,0.15306838434375045,0.29868744237846645,0.26347588733932703,0.05974472931420689,0.16253967417541115,0.0068506675167368716,0.17067487412085364,0.12645279835361897,0.1090566530798597,0.2456036933896732,0.1619818663311473,0.3411545651636194,-0.1682718492345605,-0.01976343609014952,-0.09553780093743003,0.030813619788820856,0.029645607520378734,0.03402676693891911,-0.02840194344883265,0.0691253227006211,0.12524050019312546,-0.19879529204297952,0.08142241734424771,-0.13533851759061108
0.06701814432697464,0.08570473285444297,-0.07999838433856639,0.5382453229487304,0.3654607017662156,0.16803838664123222,0.13967729859609582,0.13787447323301116,0.015503576645458369,0.10242230702024484,0.10878273899309451,0.15028142881771434,0.08389404393991456,0.10749785658593235,0.06872119861597807,0.13043973498306372,0.09667365319935056,0.11041476770812507,0.16664552250198814,0.051789901517586195,0.09869784123363043,0.09327280633116594,0.06882867179051784,0.08023482025819119,0.08119979609514409,0.09483069395700061,0.06838124590872718,0.05282411112128826,0.08290935792676292,0.08032310117553755,0.05905847663737433,0.08708813122075747,0.08872409675820139,0.11884981433730571,0.025924826305529752,0.08037320016800166,0.12814841582888398,0.11896984545174366,0.08948255700361854,0.05046751317908666,0.03402663971377041,0.09051157644307234,0.04456874251812865,0.13886706246287522,0.04917611059798833,0.027386894891713552,0.13939927977834668,-0.01850441079159617,0.027756356432165043,0.0983471128419471,-0.05880260801051735,-0.0422009744068222,-0.00046168619002529796,-0.003167447600852903,0.1556810426344261,-0.14558909228413341,-0.2464717032969741,0.21751335052996237,0.060552109589981695
0.06757310059896263,0.04686722103090188,-0.20093034008282115,0.3654607017662156,0.7800918444512431,0.13817656718295812,0.1477972512070418,0.1838349201097291,-0.03445689988616041,0.19170568903359758,0.12908079629311625,0.20409818877038607,0.09478367993693608,0.12554587554568014,0.09849905018376537,0.1563041872771171,0.07592862855317578,0.11255407685306644,0.2807468891555186,0.04579677805664944,0.09205765031295646,0.08308854912691432,0.047439712370183816,0.08956525652539758,0.08720004022920663,0.13773269431482182,0.07039951927084283,0.051435505737358375,0.05340738258115338,-0.00825435260127406,0.07423435838949863,0.15792771636406658,0.025997352429385702,0.17375977951242136,0.08216883239991424,0.10692950805320961,0.10283719517489838,0.05320262819369974,0.11506041371883818,0.08537368772386097,0.03821779190836162,0.09598985927152744,-0.03863256093081064,0.12144877418436566,0.015816671826262323,0.036830894162878665,0.1253973294887075,-0.008903149065437954,0.04350283119428234,0.14127116073058463,-0.03621912830931633,-0.1515833256321446,0.02835068116570476,0.05083347110084567,-0.03444325204610668,-0.07048410399024745,-0.09373014701385354,0.06594427728860391,0.1023215375678167
0.05225602529291239,0.10312304133782364,0.24330692357562594,0.16803838664123222,0.13817656718295812,0.5627510057597442,0.12533671700965207,0.26411239151657556,0.01994131983477441,0.03928373944963523,0.16491850746539857,0.14358915003668962,0.1005212286800624,0.14032768678593535,0.17093307478197808,0.14955447478212325,0.21539538618814213,0.0908730296925741,0.23741063672053567,0.2076927295414133,0.15404735624615373,0.13330562185082445,0.0007350147580645008,0.14501368792286587,0.11272172401943491,0.11225236007805019,0.1015001653939417,0.08984871533886078,0.1859454305140486,0.04437461502325077,0.1096206406674641,0.13467260340448844,0.05839811714230844,0.19369810717577501,0.03521686667957598,0.06149683322869587,0.1978530586142787,0.18100182186792385,0.1394011003103437,0.08353308747194962,0.09003897360237462,0.12709206557042801,0.1456117564327097,0.06435291356583364,0.11888095124968566,0.08041197916919703,0.12634920613629338,0.0367116278582569,0.07100153735057772,0.11143834865723069,-0.13902810420209397,0.025235915676408534,-0.07225944137656078,0.01464997748275096,0.049455633720603805,0.03428093498636953,-0.1444376807665604,0.11913111407998864,-0.04375395046269634
0.04776208600015755,0.16166306042162606,0.17581554809886082,0.13967729859609582,0.1477972512070418,0.12533671700965207,0.4666758977563187,0.05793916576835324,0.17532321136587697,0.12145502380601293,0.11562423125993705,0.30428991018926804,0.07949384719384016,0.1898270214176198,0.05452858929688553,0.17512405890125987,0.13621132902545777,0.10769259354246284,0.06646152954976176,0.06072184451723733,0.12875379521903996,0.19046479830306637,0.13745318190416322,0.15613521831391627,0.10550343559035681,0.09324982476320035,0.09541955712594342,0.023804172982205517,0.09412165767173213,0.045669592742968806,0.08694557139783667,0.1073964741378409,0.0901307068627195,0.1391251716630678,0.0028182516734322717,0.16426596007278044,0.11422624404268157,0.11646729480892995,0.03913958855119489,0.09333962225481103,0.014913403336260381,0.11230284038568779,0.04538846531436877,0.09755028587675979,0.07095633789711257,0.04263923171194165,0.1210976634058618,-0.11057959097255615,0.01876635506338812,-0.018023385655125734,-0.02565514416329719,-0.025185542621859493,0.04879591660554564,-0.016142971046447217,0.07394700176115838,0.06921307111025987,-0.10292254014432234,0.071723340727892,-0.140723877118265
0.06328260013926892,0.1254708648480239,0.16540167479319093,0.13787447323301116,0.1838349201097291,0.26411239151657556,0.05793916576835324,0.8682711665769535,-0.0721451797167504,0.23043497209725325,0.22006034626264184,0.07623151882492142,0.1377097955547275,0.1625788493886974,0.10950250132592788,0.13029525387989405,0.25914019790113274,0.1323522947383217,0.22368359674837363,0.24216220820287565,0.06744838598858952,0.06221039626434658,0.023103528903688473,0.12676561221695648,0.14286106014404615,0.13478709551685186,0.10635040931820681,0.06256344316899647,0.17599749975379583,0.0718934599495361,0.1259648200994674,0.03812649769250542,0.05424138053834366,0.19293980168806465,0.031142872162542478,0.048743393751724005,0.2578390852977171,0.10609649350963071,0.275889132091379,0.08406181622889554,0.11491635632529419,0.0611786652707094,0.1630518538463677,0.04435852728197752,0.051249635446466095,0.08478515135289343,0.26526350366403584,0.05728500618705427,0.11426830728824278,0.11778318389850752,-0.028925067403392624,0.14921234318411658,-0.07217902259281561,-0.12384540201036731,0.002163434844738191,0.07754730324161244,-0.04816576375251758,0.16325096961099447,-0.13740000614862483
0.01832768523163477,0.13300967834955485,0.19603492993671012,0.015503576645458369,-0.03445689988616041,0.01994131983477441,0.17532321136587697,-0.0721451797167504,0.5682956028439585,0.10496562474565992,0.05775208698862817,0.07089536237844217,0.06183479947823238,0.10108087466897879,-0.03539049036412915,0.07490899475688279,0.03081473213651843,0.07484689200579356,-0.11192287135974716,0.02247795657934225,0.051705284583398216,0.26076923677325736,0.162830022655181,0.12777027994039403,0.03225716454112075,0.16986846789278195,0.06908699493955817,-0.01865719647185542,0.04945657819742446,0.03610821393962844,0.0738070030137267,0.1060832279852923,0.05653964028796472,0.08969813551789593,0.0009321601197051439,0.11397816609736965,0.06116255965008994,0.07698702328647843,0.038329213816459075,0.07106192220851898,0.012858893654622077,0.06032067821126764,0.05789407195757241,0.10541095984745844,0.019815791060132877,-0.003069035535426076,0.12488469498262017,-0.09554696529363838,0.0500838003523754,-0.00938657654288007,-0.06965533410181254,-0.06778260925278688,0.07011574186888857,-0.007530091413020996,0.028819456895358902,0.06395650672747684,-0.05083585559123614,-0.023301340504286696,-0.03082688282123476
0.039961491652270684,0.24014124749801555,0.27586903651488376,0.10242230702024484,0.19170568903359758,0.03928373944963523,0.12145502380601293,0.23043497209725325,0.10496562474565992,1.3390188900829767,0.14578430845084225,0.2781046254913138,0.05016841714475469,0.19717942487657128,0.1383269613551394,0.171221273124967,0.13427428037553985,0.18665990856623077,0.06378973533313258,0.11662336153155461,0.0696152963565761,0.15109441267536453,0.09530705274276666,0.2045740889251936,0.14570134812302937,0.16113464933560262,0.1171542627279537,0.07438064533595058,0.2696012825099635,0.19414510384618236,0.1515533972677313,0.06609269654909466,-0.10520476778126085,0.19091565997990123,0.25920268043103006,0.17277941466749247,0.16546306509446346,-0.02128056702452973,0.10013718232916784,0.19975215725401593,0.09500636086817663,0.10171295190160576,0.012039800058065797,0.11077908206020637,0.049770546474371506,0.03084760352650837,0.5194013911539102,-0.05248183715354096,0.01733511110586934,-0.04866666167219076,0.024225494502416622,-0.2030547788296742,0.05879277783119886,0.1033597627959575,-0.049503043704729736,0.03603867597713643,0.03349975147343325,-0.10159639159635885,0.11988012750760495
0.03682092641706505,0.10845726547384725,0.0727517206822483,0.10878273899309451,0.12908079629311625,0.16491850746539857,0.11562423125993705,0.22006034626264184,0.05775208698862817,0.14578430845084225,0.3779380413465803,0.13953223508658194,0.1430103318577493,0.16926640770740847,0.16266911079398477,0.1453807363273791,0.26062750484698566,0.11986333334671646,0.09734670100348075,0.12539287149249329,0.13147985482132368,0.1043502880507356,0.09148367299490681,0.13976216853947152,0.13792328899007789,0.10792750117489983,0.12432921564137203,0.06174854495344178,0.19719281479302622,0.08594391285516807,0.0969461719426276,0.10275906569847904,0.04933643754247257,0.17373619709708754,0.08806851836497226,0.13117765254740518,0.14887615550422742,0.08463429873972353,0.10469793814103628,0.1396743340577069,0.06734941792296578,0.11877472359543194,0.07631135498097025,0.09342101170570719,0.04169950510144846,0.05778713725250632,0.2513248843589858,-0.042545575949096276,0.04421510791891055,0.037952302657442066,-0.028604947137167647,-0.0446353748255546,0.007002729267926982,0.02277344889610724,0.030682686348748888,0.027839572002424005,-0.11293605085356337,0.017008567892873656,0.044946493518539715
0.054587221646549076,0.18969217441286146,0.21936983585619996,0.15028142881771434,0.20409818877038607,0.14358915003668962,0.30428991018926804,0.07623151882492142,0.07089536237844217,0.2781046254913138,0.13953223508658194,0.7318246677584537,0.06841652319760201,0.19032994193353572,0.10356759177007824,0.15433023573274848,0.15469984190934394,0.09432159992317313,0.10784581453610172,0.09140378388908364,0.1211665812031165,0.10668801300890503,0.0829765469218363,0.13449300303813197,0.15871244861064088,0.06736721402057673,0.15200391187873355,0.059649086551943585,0.1163363788831626,0.06472470539641625,0.0874222523800733,0.14224549914997164,0.1064495802484587,0.15026084792462233,0.06743914874634742,0.1701586514523022,0.09594434153816718,0.13182601912648095,-0.015814779091883363,0.12840257733682245,0.006080256541915953,0.12223702014496397,0.05904098843529907,0.08631682625065665,0.06807024842893533,0.0710120739657244,0.19661051811579616,-0.10179848548135327,-0.013202004289863784,-0.07506777842483017,-0.018062614818944677,-0.0593644245035794,0.08813556466270031,0.030509560578250293,0.047641957161090855,0.041446886319495606,-0.057641988832089965,0.052851289652160016,-0.07121560764428544
0.023273872774220355,0.08308735476515189,0.05210453227980123,0.08389404393991456,0.09478367993693608,0.1005212286800624,0.07949384719384016,0.1377097955547275,0.06183479947823238,0.05016841714475469,0.1430103318577493,0.06841652319760201,0.26635801843185186,0.10877609777828122,0.020174571048965428,0.10490759830710654,0.11293580458769481,0.09438374475897189,0.049605289580278836,0.08324815225727565,0.07268979172132002,0.1002619119978862,0.07968868342904252,0.10957053179020236,0.08121593360308775,0.102756028005318,0.08231078233634109,0.046320408905011046,0.15422610981989282,0.046696146758848804,0.06717738457422599,0.07684025836393377,0.05201551984968592,0.10797823667889603,0.08284840013782467,0.08979461771098007,0.09239863935369347,0.043681224407903334,0.12538706626105997,0.09694254642905248,0.038683560101934626,0.0637145651285288,0.036866797908984505,0.10625460682741888,-0.014959671553623252,0.010991712355004787,0.1409174546341803,-0.0437532853964612,0.0663661927531539,0.06878861659878922,-0.039158044596593417,-0.05132157024374275,-0.0035568329892101554,-0.0027386509248541473,0.04300433962307591,0.006434098347262292,-0.10811362576821819,-0.12061996733513157,0.17499738172689427
0.02733932556594386,0.10251307837106477,0.1268533339598147,0.10749785658593235,0.12554587554568014,0.14032768678593535,0.1898270214176198,0.1625788493886974,0.10108087466897879,0.19717942487657128,0.16926640770740847,0.19032994193353572,0.10877609777828122,0.7182549048008737,0.169462844949668,0.23217411763322218,0.24477691268599638,0.056363969061840186,0.08381884043717437,0.10142943054460231,0.1797546632078897,0.1494186166505905,0.1514766795428176,0.1873902087272218,0.17096913698335028,0.16134360289665228,0.048079414637390044,0.05593032609108111,0.15472845615190042,0.10137385374309896,0.07970909644860524,0.04377954583660451,0.03585137536334855,0.17138768489677883,0.07010983081693917,0.12849141779637557,0.17828946051395259,0.1238275734889375,0.014568658349635265,0.16941446809959426,0.07827552206104021,0.15921779717831513,0.08194253749553365,0.15178087125950182,0.08545370081755997,0.030947611928670488,0.3047046925751296,-0.04819331102128324,-0.022604867969847276,-0.030594968397903904,0.025528836559108935,-0.0677413704248659,0.010501438264076016,0.03236069030127096,-0.0342923779632521,0.03340166130699613,-0.1471140513999534,0.06252134150824507,0.16573955112713315
0.07130916262888237,0.3907019506812163,0.3427280142738054,0.06872119861597807,0.09849905018376537,0.17093307478197808,0.05452858929688553,0.10950250132592788,-0.03539049036412915,0.1383269613551394,0.16266911079398477,0.10356759177007824,0.020174571048965428,0.169462844949668,0.9146357020112696,0.048937509317122194,0.26430833217885763,0.16086462651032643,0.14218370989109244,0.13344465778953724,0.1257567523586717,0.014729060984904807,0.15610929516403954,0.17825681390838574,0.22189675548320376,0.04558485426843503,0.10785511024223793,0.09851027814065835,0.23844028607426657,0.2685242593414128,0.1207243656848647,0.05361074829591315,0.08609445220293924,0.1881868983783564,0.09734809246933948,0.18179750340366918,0.19956784744072548,0.12946449076564512,0.11780866856442314,0.1298493152356499,0.1522207006576362,0.14236065485566632,0.1275900114021876,0.13716779710139343,0.02947521492766937,0.2182771697695434,0.24136071202407158,-0.033215365703427875,-0.05169690676280151,-0.05714315988017629,0.018801951537331316,0.0783632594429116,0.0005295154650067473,-0.013345834953983693,0.13637190078833616,0.1348097912596217,-0.3332401054649083,0.16629256999506262,-0.09570334417901755
0.03496973474578153,0.05971877838692172,0.013352751266300308,0.13043973498306372,0.1563041872771171,0.14955447478212325,0.17512405890125987,0.13029525387989405,0.07490899475688279,0.171221273124967,0.1453807363273791,0.15433023573274848,0.10490759830710654,0.23217411763322218,0.048937509317122194,0.8232571814367275,0.12052868724806448,0.17046633156476107,0.12268563429553854,0.07998886455745347,0.0815567116080256,0.37533794290904743,0.05755755651460479,0.15893588720220708,0.12363028306795669,0.14677662742866115,0.13835801590420732,0.10207657464621597,0.22651709620494587,0.06356691514140038,0.12196087970189394,0.15785623374642488,0.02349042778100809,0.16729920551636027,0.16246403668458972,0.11627278483654511,0.12204645034920326,0.12559382786455903,0.1821491456295311,0.12964468067017887,0.038316235978785244,0.09147275016884568,0.10587911061083134,0.1211938897394808,0.0691713616327172,0.007526269954152571,0.23668906536927964,-0.08113494999616454,0.03639066586345174,-0.12684787858443727,-0.10706876452223504,0.05157166883329482,0.0311924271058113,0.008814977234697966,0.08097501499987687,0.04596574231629337,-0.17376107918861547,-0.04927672371211992,0.13863494220974346
0.002691226623835583,0.15882794035458273,0.2910968558315063,0.09667365319935056,0.07592862855317578,0.21539538618814213,0.13621132902545777,0.25914019790113274,0.03081473213651843,0.13427428037553985,0.26062750484698566,0.15469984190934394,0.11293580458769481,0.24477691268599638,0.26430833217885763,0.12052868724806448,1.0293497874396729,0.08407324948578179,0.16154452549057677,0.11780295834445498,0.24709122208783113,0.10989701470136842,0.08839507862613134,0.15353812452175852,0.2344450739928815,-0.08906725246730302,0.15234758911335705,0.15051334347315667,0.31606251247978223,0.1509879481666725,0.13147162664246012,0.020857692537058277,0.18844801373563116,0.22162876071601167,0.05150635051580222,0.18870651534355612,0.35452944449014934,0.2058009566361365,-0.03956021704284545,0.18622381994586595,0.061269849998630166,0.2113704848389252,0.13966035686877662,0.1275190360643539,0.1819379145135054,0.11391012596036217,0.5634852267992074,-0.11893023760930968,-0.09496680342350819,0.19442091753579652,0.13493077157423514,-0.10010469513299723,-0.11768023439872445,0.005154208445079473,0.10753711595461063,0.015086433489872195,-0.1545772435529154,0.08419718412504211,-0.03947224331613434
0.056426764645745184,0.22571371016154151,0.10787561542854202,0.11041476770812507,0.11255407685306644,0.0908730296925741,0.10769259354246284,0.1323522947383217,0.07484689200579356,0.18665990856623077,0.11986333334671646,0.09432159992317313,0.09438374475897189,0.056363969061840186,0.16086462651032643,0.17046633156476107,0.08407324948578179,0.7427676363828078,0.10229873794680455,-0.08940675854390574,0.11756023721082967,0.15814811346724728,0.2707270894477385,0.12211368023667679,0.14072130259140217,0.1672240678955826,0.10302628673389692,0.08290691737306549,0.16992387563542907,0.06194406734476243,0.16432921641723272,0.06372164108574736,0.05016365404141938,0.13366887282364112,0.07318507036184528,0.24097402941843873,0.18203355427087536,0.05113307417848585,0.14571829027446007,0.09675023682147402,-0.018698231363968774,0.08890721243613799,0.06278767439122848,0.18464116338883696,0.13903925709805348,0.0338056216225872,0.1949441593880998,-0.20839022630341278,0.012234436746862948,0.12421087759557535,0.14083924210436613,-0.09031804410966125,-0.16343298448985744,-0.04716325943121082,-0.03591481617559557,-0.01624611828239359,-0.1803392605607901,0.12047227113004647,0.014211627546507405
0.03415132377008919,0.08986538350772154,0.03801739508252657,0.16664552250198814,0.2807468891555186,0.23741063672053567,0.06646152954976176,0.22368359674837363,-0.11192287135974716,0.06378973533313258,0.09734670100348075,0.10784581453610172,0.049605289580278836,0.08381884043717437,0.14218370989109244,0.12268563429553854,0.16154452549057677,0.10229873794680455,0.5808875315284482,0.052327967537692824,0.11398971769489614,0.06511859378905938,-0.04959643180182542,0.06301859814427403,0.07051623272324273,0.009870797707028223,0.054716071676643226,0.18322054467270857,0.0329555450227476,0.01697204204132016,0.07138723311937731,0.05493067747017914,0.0886611021572267,0.10470487280681685,0.03530966146667986,0.04166871341647683,0.14131174983595826,0.11037611748625033,0.13720713606636303,0.08101348911163832,0.05105285945583631,0.08486157388146064,0.040915234683964116,0.0680577154887998,0.12206624321640007,0.11000346313054929,0.04294786472555257,0.07288926943602922,-0.026603167434053922,0.052478402485567684,0.19123391025732134,0.2386143241073733,-0.2573164402014881,-0.052382208767636274,-0.036999885648082945,-0.019682120633001243,-0.08785631479106375,0.15044749996387743,-0.026265406975143037
0.02718851464493431,0.30858829549777883,0.22346912164997765,0.051789901517586195,0.04579677805664944,0.2076927295414133,0.06072184451723733,0.24216220820287565,0.02247795657934225,0.11662336153155461,0.12539287149249329,0.09140378388908364,0.08324815225727565,0.10142943054460231,0.13344465778953724,0.07998886455745347,0.11780295834445498,-0.08940675854390574,0.052327967537692824,1.435606310320198,-0.004280947894209461,-0.16291981937200659,-0.4169361315878996,0.06017893691601071,0.060443962203206025,0.20772400193330978,0.23405784615316289,0.15335377861078162,0.1928179644136214,0.21988246666206665,0.33874357351150997,0.21567399553868977,0.21318975617453031,0.24547989092885097,0.1196686217344008,0.024087366525494088,0.639391038387843,0.4462312747134984,0.5198204060166378,0.253448321575664,0.42707807430864314,0.09903338901406536,0.43108436379567744,-0.21184510608475218,0.31937264020256384,0.3917849408444092,0.15640696322560532,0.31026460426125346,0.18118464371177387,-0.01477107639096553,-0.2184770679910461,0.013107623688351392,0.24564505037305642,-0.08550024133172089,0.05021627251491559,0.04197207358980525,-0.06641229544611081,0.11677473232771685,-0.10585038941804399
0.05643583996287514,0.2037542920083818,0.1603633924720933,0.09869784123363043,0.09205765031295646,0.15404735624615373,0.12875379521903996,0.06744838598858952,0.051705284583398216,0.0696152963565761,0.13147985482132368,0.1211665812031165,0.07268979172132002,0.1797546632078897,0.1257567523586717,0.0815567116080256,0.24709122208783113,0.11756023721082967,0.11398971769489614,-0.004280947894209461,0.6840461904961398,0.021225623251893786,0.0909688447902909,0.03183755102872143,0.12410631659172405,-0.058306590642868646,0.09978685122661828,0.2108114788073701,0.0068507659037691845,0.21737532863641,0.09365638021793889,-0.04265498856788733,0.14961251116081217,0.16295167631391935,0.2233027130827522,0.23705243361877662,0.3412855468945782,0.22396592972711613,-0.2095005213595145,0.21715166219510232,0.05639455690780063,0.47814693063263286,0.08223410032270617,0.11876154710593594,0.494279631418728,0.004255675085681223,0.3589885961498198,-0.17616591528595557,-0.2191073418260797,-0.0064953302535442035,0.09544050373778797,-0.03588371762172511,-0.06298129142674848,0.06232395125933969,-0.06978759406618787,-0.08671899145800469,-0.05723387323168791,0.11192190066629722,-0.006250614355766831
0.03165499975634931,0.07278116960778061,0.19177071718863115,0.09327280633116594,0.08308854912691432,0.13330562185082445,0.19046479830306637,0.06221039626434658,0.26076923677325736,0.15109441267536453,0.1043502880507356,0.10668801300890503,0.1002619119978862,0.1494186166505905,0.014729060984904807,0.37533794290904743,0.10989701470136842,0.15814811346724728,0.06511859378905938,-0.16291981937200659,0.021225623251893786,0.9864393087650236,0.18144483962765612,0.12085623336025418,0.047959305101201916,0.16651313087687553,0.12269505205002844,-0.007050008122812343,0.19457474984976186,-0.04471180762162354,0.07859747380705001,0.3257358383511115,-0.0173608946899317,0.19056125608129176,0.025887503279939918,0.10552537762603542,-0.03706854527099071,0.05457988501326905,0.2078335167908196,0.04420683843566097,-0.022055762502894535,0.027636964932300712,0.013248184201796796,0.17083344898642622,-0.06772831387284578,-0.04920714488040165,0.23218384770839973,-0.11249637335195438,0.021656168646495614,-0.028448045994800705,-0.07232582541381366,-0.017819938528690345,-0.012298839788878033,-0.04543608927897309,0.05410106631241996,0.0625604723971137,-0.13122869683222108,-0.06416130997229513,0.05754080084035694
0.005720320456080835,-0.15844162324921585,0.03382537358209945,0.06882867179051784,0.047439712370183816,0.0007350147580645008,0.13745318190416322,0.023103528903688473,0.162830022655181,0.09530705274276666,0.09148367299490681,0.0829765469218363,0.07968868342904252,0.1514766795428176,0.15610929516403954,0.05755755651460479,0.08839507862613134,0.2707270894477385,-0.04959643180182542,-0.4169361315878996,0.0909688447902909,0.18144483962765612,1.4293954052366586,0.3519132217732587,0.34691407080241,-0.006586775959706561,0.024450112668691716,-0.3957367127915666,0.14193729236959196,0.23609499827703775,-0.042901449824903036,0.07388740851529331,0.051906415297310576,0.10961712598563096,-0.3575676545153301,0.4684222916399753,-0.1692337977864503,0.046742815594620644,0.14650621180343787,0.22043440331092878,0.14202267055640247,0.020539445888179308,0.0063690925748367145,0.6715675691840727,-0.49059455701457205,0.0449802902899073,0.3488631906879566,-0.18406735806184185,-0.033103933039674516,-0.11963199695693662,0.08519617474285544,-0.08336053228005554,0.12138584262321965,-0.023370968845854483,0.16467569234232135,0.0592767466136427,-0.17639413820828537,-0.15162536888185515,0.1787859729254888
-0.03557219072707124,0.06381886655124407,0.2572794397926426,0.08023482025819119,0.08956525652539758,0.14501368792286587,0.15613521831391627,0.12676561221695648,0.12777027994039403,0.2045740889251936,0.13976216853947152,0.13449300303813197,0.10957053179020236,0.1873902087272218,0.17825681390838574,0.15893588720220708,0.15353812452175852,0.12211368023667679,0.06301859814427403,0.06017893691601071,0.03183755102872143,0.12085623336025418,0.3519132217732587,0.7685870246912093,0.16590723037491048,0.042927505479113975,0.07520530917930426,0.012826701782877033,0.1421525891544576,0.211128701723034,0.18859713814272225,0.05026860428476945,0.15752729116787714,-0.03975345472911784,-0.033712128070263116,0.2874063529796804,0.052744032944070776,0.0977069434133964,0.13787241048168805,0.1636953482578024,0.1299251690408748,0.052108139997892954,0.04109150241600148,0.21871461380551765,-0.11790018726761888,0.059760281039198254,0.1756076790344947,-0.15269932025144617,0.07753286540944009,-0.032049536007709704,-0.04057477282389575,0.0009849191346549566,0.07144984524520831,-0.020850936862340984,0.17584067886862045,0.11950167177092585,-0.0703350828728027,-0.4670966570955531,0.3479467063224481
0.06862674701645556,0.11619255729347017,0.17546716365354628,0.08119979609514409,0.08720004022920663,0.11272172401943491,0.10550343559035681,0.14286106014404615,0.03225716454112075,0.14570134812302937,0.13792328899007789,0.15871244861064088,0.08121593360308775,0.17096913698335028,0.22189675548320376,0.12363028306795669,0.2344450739928815,0.14072130259140217,0.07051623272324273,0.060443962203206025,0.12410631659172405,0.047959305101201916,0.34691407080241,0.16590723037491048,0.8645108014436909,0.0805064234039777,0.12447279093745489,0.009080263907033922,0.38695914273143156,0.25035000942120383,0.027744813417188915,0.12859740316394175,0.07613349125068426,0.26552641161320273,0.06364815282874019,0.24519412904919127,0.19685686506430286,0.12836570544639928,0.15422476280460443,0.16315919633731563,0.07289851802273867,0.13051565920030433,0.11414376617802116,0.23071159428190555,0.021643321721124476,0.10479660479979636,0.32816982677069373,-0.17661654569902197,-0.005635811045943709,-0.06520512059630451,-0.03424392520653921,-0.00027868985662138286,0.04078705861209942,-0.0033914714389546782,0.08364431174305743,0.019307182403429057,-0.05065199125868474,-0.038479614349903594,0.028288808053031193
-0.00819940666803848,0.11409977123137399,0.0036280334614795236,0.09483069395700061,0.13773269431482182,0.11225236007805019,0.09324982476320035,0.13478709551685186,0.16986846789278195,0.16113464933560262,0.10792750117489983,0.06736721402057673,0.102756028005318,0.16134360289665228,0.04558485426843503,0.14677662742866115,-0.08906725246730302,0.1672240678955826,0.009870797707028223,0.20772400193330978,-0.058306590642868646,0.16651313087687553,-0.006586775959706561,0.042927505479113975,0.0805064234039777,1.5116956901767793,0.11097041328847503,0.06224765931403149,0.0015159790590822265,-0.46659932589462394,0.12028503629140797,0.2787168516874821,-0.15197046376534584,0.2532524456395107,0.2034234195106495,0.07144075771576726,-0.06258514135486776,0.04729488804982341,0.2680214393272163,0.15153257290860148,-0.1256230453721157,0.054346906086140866,0.06796087861988581,0.02660646486062743,0.30651099828823963,-0.0795593501344724,0.011931407644286466,-0.09504489170254041,0.3599096786575817,0.2207311474845935,-0.26114296868079784,-0.10689552394640346,-0.09763777264400729,2.3383847313665003e-6,-0.028437790087647227,0.02419387653129032,0.0007082596073181185,0.12523591926059177,-0.1418520213385899
0.030230057755105393,0.1136304481260662,0.05046681616307543,0.06838124590872718,0.07039951927084283,0.1015001653939417,0.09541955712594342,0.10635040931820681,0.06908699493955817,0.1171542627279537,0.12432921564137203,0.15200391187873355,0.08231078233634109,0.048079414637390044,0.10785511024223793,0.13835801590420732,0.15234758911335705,0.10302628673389692,0.054716071676643226,0.23405784615316289,0.09978685122661828,0.12269505205002844,0.024450112668691716,0.07520530917930426,0.12447279093745489,0.11097041328847503,0.6370331753651479,0.11949380075353055,0.09192250039986564,0.10970553716404632,0.18704674511619296,0.36131434767407666,0.15907132221905057,0.18828169557590624,0.11354979525125963,0.30790050604608565,0.23437840182634692,0.27935148145367333,0.12132653079493474,0.14821530947091816,0.15584257816502514,0.15117212241756567,0.31810092066301654,-0.005588912269280137,0.19164647207334198,0.14909971985592832,0.23102024705031263,-0.13379175050900874,0.05135027122514107,0.04542953375416822,-0.14605576470384538,0.08023832986233564,0.062449532046725965,-0.042868553811670526,0.015567496778595412,0.011088174453816808,-0.018307164744444302,-0.039908061188041154,0.0023362234905365585
0.03548740091751222,0.2534128493398624,0.16844745494929017,0.05282411112128826,0.051435505737358375,0.08984871533886078,0.023804172982205517,0.06256344316899647,-0.01865719647185542,0.07438064533595058,0.06174854495344178,0.059649086551943585,0.046320408905011046,0.05593032609108111,0.09851027814065835,0.10207657464621597,0.15051334347315667,0.08290691737306549,0.18322054467270857,0.15335377861078162,0.2108114788073701,-0.007050008122812343,-0.3957367127915666,0.012826701782877033,0.009080263907033922,0.06224765931403149,0.11949380075353055,1.3047086255001699,-0.1628321053369012,0.14170732001358582,0.2998799187547954,-0.12359379162792318,0.5564063132380888,-0.004589075240029127,0.5716784960270418,0.2916820911005409,0.43106111525168206,0.3683741213603834,-0.03205913257758881,0.28802152049739355,-0.05925067665040176,0.32375913876346996,0.04440478042132523,0.43457427405734855,0.4628006600960125,-0.09144254194533886,0.07035932396170062,-0.32687312498225357,0.008808583548396927,-0.05200493858437252,0.04327046939721373,0.3915299909307812,-0.5992169269262673,0.10031887162817817,-0.21844567675505827,-0.07598079064158052,-0.03677508961207598,-0.009657843707826384,0.13415985864019098
0.0624413383717393,0.360046077656778,0.4934473469746963,0.08290935792676292,0.05340738258115338,0.1859454305140486,0.09412165767173213,0.17599749975379583,0.04945657819742446,0.2696012825099635,0.19719281479302622,0.1163363788831626,0.15422610981989282,0.15472845615190042,0.23844028607426657,0.22651709620494587,0.31606251247978223,0.16992387563542907,0.0329555450227476,0.1928179644136214,0.0068507659037691845,0.19457474984976186,0.14193729236959196,0.1421525891544576,0.38695914273143156,0.0015159790590822265,0.09192250039986564,-0.1628321053369012,2.5572663640879614,0.17749408543733955,-0.09752499677291034,0.06436356407415057,-0.17832983749287581,0.3151416921962148,-0.1213188344495958,0.2575867732395748,-0.1627192058398724,-0.35497296774629056,0.19501612725363937,0.08996695260059735,-0.29610196378454134,-0.04383485636452196,-0.19419786091377772,-0.30581115331337716,-0.09628522673209217,-0.11131418763114187,0.7452510885591294,-0.4478565001171367,0.4822831067654776,0.3121202552100991,-0.22512818250665714,-0.05669798112965851,-0.2246956814843422,0.06027748365235734,0.3528929749989099,0.0641779366576277,-0.42448740207845287,0.25904782945591154,-0.04392533646909744
0.15611430575610086,0.27507347196479054,0.25608184097002445,0.08032310117553755,-0.00825435260127406,0.04437461502325077,0.045669592742968806,0.0718934599495361,0.03610821393962844,0.19414510384618236,0.08594391285516807,0.06472470539641625,0.046696146758848804,0.10137385374309896,0.2685242593414128,0.06356691514140038,0.1509879481666725,0.06194406734476243,0.01697204204132016,0.21988246666206665,0.21737532863641,-0.04471180762162354,0.23609499827703775,0.211128701723034,0.25035000942120383,-0.46659932589462394,0.10970553716404632,0.14170732001358582,0.17749408543733955,2.3264565151113303,0.21603598443188046,-0.006297923225750619,0.30851076339749306,-0.23538567627215853,0.31122631108065857,0.17681900879183882,0.5432677862126248,0.3693126604785816,0.20217750504633442,0.3275045680298329,0.7548220509883715,0.2509988392301376,0.8294018318723955,0.522974600586358,0.10398533596152112,0.21635597873669463,0.5099382271347581,0.23579777369836735,0.2571600319843594,-0.22661079487833682,-0.08376891554304491,-0.2632476938544812,0.41579621300669706,0.03703500932654675,0.25274534981930147,-0.13655141145038205,-0.36795783009830585,0.5399568049666267,-0.05018593872657598
0.045532338862686386,0.1348883414496604,0.15355711195151972,0.05905847663737433,0.07423435838949863,0.1096206406674641,0.08694557139783667,0.1259648200994674,0.0738070030137267,0.1515533972677313,0.0969461719426276,0.0874222523800733,0.06717738457422599,0.07970909644860524,0.1207243656848647,0.12196087970189394,0.13147162664246012,0.16432921641723272,0.07138723311937731,0.33874357351150997,0.09365638021793889,0.07859747380705001,-0.042901449824903036,0.18859713814272225,0.027744813417188915,0.12028503629140797,0.18704674511619296,0.2998799187547954,-0.09752499677291034,0.21603598443188046,0.8901716340886241,0.12177006361358703,0.2603105058862879,0.05080883055341287,0.26740254886188186,0.3574839206810053,0.42740103930231604,0.30278516591021665,0.31449557135566264,0.19179285843283506,0.2337208584331875,0.17858874949694034,0.10610764872377139,0.2129882603476576,0.27112229708183794,0.09924577592578698,0.2644146089887988,-0.16180067456091446,0.06399223952037777,0.09500190363576774,-0.03945040481824963,-0.03615533317982478,0.03558498259609462,-0.061275064325828396,0.10371885065776898,0.04898783057550735,0.09898831762540897,-0.17985231603772142,-0.03118979279282652
-0.027791034292135718,-0.01872483965524685,-0.0905255370845342,0.08708813122075747,0.15792771636406658,0.13467260340448844,0.1073964741378409,0.03812649769250542,0.1060832279852923,0.06609269654909466,0.10275906569847904,0.14224549914997164,0.07684025836393377,0.04377954583660451,0.05361074829591315,0.15785623374642488,0.020857692537058277,0.06372164108574736,0.05493067747017914,0.21567399553868977,-0.04265498856788733,0.3257358383511115,0.07388740851529331,0.05026860428476945,0.12859740316394175,0.2787168516874821,0.36131434767407666,-0.12359379162792318,0.06436356407415057,-0.006297923225750619,0.12177006361358703,2.268386179017501,-0.14135336873450716,0.43662265877142914,-0.04768618079044669,0.338757692567264,-0.1995467223514609,0.11766718377248536,0.4252969887257965,-0.073020774602638,0.4491038992467404,-0.04175231143527039,-0.043577969289438905,0.012989960246342028,-0.21696282066704328,-0.059336613077926564,0.45629523928943644,-0.00793484936676905,0.3407668001716419,0.2085848495521164,-0.2742609281113879,0.11258286315265989,0.13132146072585754,-0.11495468396870327,-0.34538544621188494,0.05338028097524559,0.10653939148934889,-0.2983102720301198,0.11925859397687784
0.06415063343554449,0.17780077459638785,0.13028029332044688,0.08872409675820139,0.025997352429385702,0.05839811714230844,0.0901307068627195,0.05424138053834366,0.05653964028796472,-0.10520476778126085,0.04933643754247257,0.1064495802484587,0.05201551984968592,0.03585137536334855,0.08609445220293924,0.02349042778100809,0.18844801373563116,0.05016365404141938,0.0886611021572267,0.21318975617453031,0.14961251116081217,-0.0173608946899317,0.051906415297310576,0.15752729116787714,0.07613349125068426,-0.15197046376534584,0.15907132221905057,0.5564063132380888,-0.17832983749287581,0.30851076339749306,0.2603105058862879,-0.14135336873450716,2.0509666854708786,-0.2795694381143752,-0.40617398419900735,0.32476373137541176,0.4142366367056569,0.7204100801990592,-0.15402053916742536,0.3314033390336924,-0.07623866563097255,0.2677346950300844,0.31626892142645135,0.46150866078931635,-0.14343545886741163,0.24594032075569328,0.1955722122383203,-0.45523702582421066,0.011603061773512384,-0.04950841002749807,-0.1159683312643103,0.194390823645766,0.10029204933092913,-0.1726696409828311,0.020240606423732776,-0.11357861072284157,-0.2013586699966597,0.11363859281258648,0.07031295870786143
