4.139895403776515,1.348906096045865,1.279728912143594,0.7886988821276053,1.122030211937954,0.6646204311689153,0.7672936631386764,0.6935863996996321,0.41658613597029653,0.6770634831228904,0.5911585068780486,0.7554472553269657,0.7187020997839272,0.5298971868522027,0.7423866120258522,0.6106188547128408,0.33716751169649406,0.8204712998925143,0.2987996585236231,0.4585220685630414,0.47771092722599584,0.5323706843629428,0.5307480679979553,0.28923169194789367,1.1107823797579606,0.37847992105261324,0.5187486195512319,0.21153704520873473,0.7388018868204168,0.4587077532543377,0.562443356234807,0.4523319256031146,0.2106909682754323,0.20730831007932563,0.35362755317618727,0.7036158191889981,0.4327850569463086,0.3574343287561217,0.5402862282782165,0.16325163399974432,0.41352174853208984,0.2973018983771238,0.3154089538943431,0.28566294741411585,0.1658557644346563,0.6064036538826116,0.5960541816471173,-0.12999507477612707,0.14661160603575135,-0.29248085137677476,0.05273869652584182,0.4363858646371509,0.19265946187146993,-0.1706764509192621,0.09983781468389992,0.038865010700151234,-0.38639362885910294,-0.05617294483255815,0.018827936773087875
1.348906096045865,3.27196531312246,0.8453692724011331,0.3010125498660374,0.539581302848884,0.4577582154217886,0.5631894366983154,0.3849172620390109,0.4576727617273934,0.4425414970504496,0.3895564277902521,0.5480197193364491,0.4170787251771355,0.3845097369984864,0.7251125747448145,0.42681301703898517,0.2335225078748517,0.29513462700522985,0.03132104017618837,0.3335405819619219,0.43602224707739917,0.35091693568988336,-0.16622699390373072,0.19095575118079877,0.5236484991905377,0.3648530447170283,0.36543453772304924,0.359518381467703,0.39761221402288566,0.4286637729478652,0.4208871446335061,0.2780284541570781,0.17076211612623307,0.14602101388754846,0.4121833226649734,0.3063824434619555,0.615993152111508,0.39041609337653155,0.3343157566639063,0.2756259236074159,0.38182913991837425,0.30443503027492425,0.2977091692623833,0.15314291214790107,0.5184378363287068,0.28129929673369874,0.39277155375611356,-0.039472378406906976,0.32406600052363405,-0.1330616095183956,0.17615393431790904,0.7310145412831843,-0.021121861706526756,-0.07063021420080778,-0.44060640947667984,0.15539378222490716,-0.3763082764249941,0.4158775991954889,-0.09871776483824005
1.279728912143594,0.8453692724011331,4.136204816437202,0.49741754356425744,0.2119360904903506,1.1962695945030213,0.782952262912125,0.9213599687642657,0.9715524482433932,0.885555370324401,0.9185092488928998,0.8717397120218323,0.9069680244516501,0.5928162101053137,0.5673956434130047,0.6857325682153174,0.7941908437783487,0.8101035289501081,1.2411703591113719,0.8322177014956049,0.6009355843706744,0.8223359899416435,0.6417493159624702,0.5990370995499215,0.6001519529450111,0.5127190119752025,0.6760045168859363,0.4297556317249425,0.9131721340775523,0.9471501800313957,0.6096682343083649,0.6010470356990449,0.48517029317154664,0.5169461706555368,0.5608556656992255,0.9215268967545072,0.6765971225496821,0.6587657790295912,0.6107701819054678,0.28180096469879723,0.5710148680588071,0.5872561540756301,0.6166399512872098,0.4902183872919287,0.14024710188312572,0.7786765489570239,0.8429110493056435,-0.14410964772866316,0.5364315212661577,-0.038370705286157006,-0.07541944796590157,0.08269178231797442,0.26276931771971906,-0.3211850901573737,-0.2628100579322323,0.02735124194167557,-0.4376496970030533,0.34095154649370524,-0.07999297886032147
0.7886988821276053,0.3010125498660374,0.49741754356425744,1.2873653785116412,0.6453143556761786,0.4769485430728383,0.36763970123811013,0.4048465647723928,0.2784815796742808,0.37347514743238897,0.35164619114064755,0.39969125794503657,0.41760054457488116,0.28799954137443295,0.31498150744807624,0.34756538190562947,0.2914817222900086,0.4725644538171169,-0.04083491548070989,0.28314922848785,0.2525619670747638,0.2891019055781878,0.35928277276150844,0.2169881055980023,0.3521881752950891,0.25806293952985837,0.29234274965995344,0.18263735787526716,0.3499864742164393,0.21944749196212934,0.27353986113667106,0.25983224468675636,0.09171111433202937,0.31247236933231615,0.2470499872320674,0.344995320961575,0.2924538165392997,0.27809370135904754,0.28232565834043166,0.10988608291248184,0.22499418100863539,0.18582190450291697,0.26192317292964373,0.23538793809673889,0.053653066759328086,0.24914915296004939,0.35636300159761947,-0.03448532089793432,0.2706401759876809,0.1660883031449864,-0.05711399505747854,0.6043093105602229,-0.17171364167784572,-0.12783472783094071,-0.09846138837088837,-0.0019673357436298,-0.22694923563856761,0.07505623623273291,0.12455112125075424
1.122030211937954,0.539581302848884,0.2119360904903506,0.6453143556761786,1.4989737636788352,0.3373553401324079,0.47079220498283525,0.4460689965361124,0.23529703909021718,0.3069006792044502,0.3273851507806177,0.44285555409217714,0.4786680655207298,0.3150890424009701,0.3344473411879457,0.3710729643314788,0.19073411798770815,0.43447282505244433,0.013044752233684946,0.2271329759216494,0.2565249584632924,0.27862843243282454,0.3456794288211884,0.2365192403099268,0.41507937200529665,0.32201000447568656,0.2842078146175361,0.11840993987041042,0.3356324949104607,0.07517223315144136,0.2848268573654819,0.29307423948976186,0.15576301926351488,0.3767488719981817,0.18447136319389215,0.3660195023527542,0.28154621081497877,0.22725912751094746,0.20284374704449287,0.08280362890324394,0.16503033827390987,0.21878277380180539,0.21466864661773868,0.18449157482329928,0.020000528348982558,0.26420498435897627,0.31723719948432894,-0.04359471837066324,0.2138167394177267,-0.06162597778336324,-0.04916722747622995,0.4256310172644714,0.01675641533332874,-0.09009177793671011,-0.0856418817680451,-0.0612791556936725,-0.215350321031989,0.04435279181878661,0.1866509112484391
0.6646204311689153,0.4577582154217886,1.1962695945030213,0.4769485430728383,0.3373553401324079,1.3333844474522487,0.4439305050180359,0.6739048615867816,0.4932002646778967,0.4071158498792554,0.6074751194738613,0.6172256465482937,0.6129112435993007,0.5181065068975956,0.4541943586348082,0.5739493306860168,0.6218287475356246,0.4851414913131445,0.5055319661587886,0.6068102206954175,0.44442763935594726,0.5316452617740623,0.304476033262546,0.36394463108963665,0.5550196775158016,0.5483984666419323,0.4809960356647023,0.2481805333229884,0.7092887531595827,0.37897915448076763,0.42081704365252826,0.4580146766952906,0.11325934618057557,0.46416983149513125,0.4046438709785691,0.5780638021211543,0.29807381552042406,0.4380577066168152,0.3306884253306642,0.2595001810613774,0.21909319080061662,0.4724896433269382,0.41563473690823793,0.21427907279708017,0.21156739791056114,0.42154613473415364,0.42049687508457245,-0.09584924934248658,0.13486976712804388,0.07115670307612652,-0.15210777106338363,0.16937636250429322,0.07146315763126411,-0.10834758501636912,-0.2820595937132321,-0.07111741815318531,-0.3673816295567991,0.30437550129321805,0.18544374685237755
0.7672936631386764,0.5631894366983154,0.782952262912125,0.36763970123811013,0.47079220498283525,0.4439305050180359,0.8992935952470493,0.33530584519846374,0.49471688223442084,0.3893383812342579,0.4146314879018472,0.5935847228185618,0.4642167916104135,0.42497578898419613,0.22213213821256048,0.46753115463876005,0.353186301625398,0.3738136613394168,0.310437357329532,0.33752229779528564,0.3417042691647806,0.45560185434774353,0.39012364137794575,0.30054278899896075,0.30780908813492136,0.2665943037677022,0.3515920658486564,0.1885365769138597,0.37517211608603085,0.3989772052542503,0.26394661756051513,0.34396939353132616,0.2636335292912798,0.28858333037996237,0.23294910838998067,0.43305040874865214,0.3454734878850712,0.33027904838977806,0.3481625430311371,0.1272547185135333,0.29416841346902717,0.3003176232542051,0.30078156962463665,0.29243608117731096,0.09914484621327364,0.3221557828749665,0.4181860378740444,-0.06327137048408346,0.4821593872676685,-0.13867426483802658,-0.06955362449040421,0.33483332764047563,0.0928853888687643,-0.08070896644788966,-0.19259279832442075,0.09964362451522735,-0.269057327464837,0.24354380135549109,-0.21821849240510147
0.6935863996996321,0.3849172620390109,0.9213599687642657,0.4048465647723928,0.4460689965361124,0.6739048615867816,0.33530584519846374,1.0424708757971837,0.36599034600566893,0.40963093006599716,0.5170961576016567,0.37643446560681204,0.5824184824303436,0.4344819059571848,0.2848973136669946,0.4443071967290898,0.4746065283369091,0.5169189509789661,0.3834274261982351,0.4854931625297383,0.3151723885468487,0.39399915305699773,0.4003974093968265,0.33728096876288954,0.42758797231253287,0.3760742000523457,0.3999673658267717,0.16024060842953924,0.5705914574892128,0.4441422267399218,0.34386077003610893,0.34135236449563305,0.1613218826324249,0.37949761021422307,0.3482819487640063,0.5136565772466485,0.32854113784865724,0.31277579274774936,0.27277680631298584,0.17981347514795984,0.29804504535232823,0.3417013129058892,0.3524949029281739,0.21772454272857242,0.0011400879705768527,0.39750257319844123,0.46192593526017695,-0.07867669318073092,0.34527927393077945,-0.05830375319528395,-0.06539214504615165,0.20158570323887426,0.15121914289844135,-0.15676064253511834,-0.17471835546242304,-0.11237597640062565,-0.24201382208639124,0.17629949393354835,0.2562336135449506
0.41658613597029653,0.4576727617273934,0.9715524482433932,0.2784815796742808,0.23529703909021718,0.4932002646778967,0.49471688223442084,0.36599034600566893,1.085924784096355,0.3318541758264631,0.374728222568125,0.3705804626799701,0.4450435179100282,0.35194996214321,0.12288064291658896,0.34914357799451523,0.3810028940670197,0.42674552140459676,0.40012040237644403,0.34254333450717606,0.33147910965302435,0.6503009959992349,0.4316696827183506,0.3360577825805462,0.04199909711862843,0.2334864015278702,0.3148513376550445,0.2901434429983043,0.3056605314320283,0.6088227830623959,0.30535314042959927,0.31922602302956016,0.3789409951367063,0.2160637515966504,0.31635875818537185,0.34210757112868495,0.49427197944775353,0.4017703702343861,0.46014526493691366,0.11671109354550438,0.3740947910822749,0.2568767681013379,0.38518298663762984,0.44584178754180914,0.02105212474431141,0.2916964902248425,0.49918392992208077,-0.03611205336102469,0.9316213468978047,-0.12545613716661866,-0.0595655406615391,0.1865904552327314,0.09561209189815817,-0.1322618358488667,-0.16260456796073616,0.1725052095788514,-0.2500263175135549,0.16236912734190967,-0.1378419053697474
0.6770634831228904,0.4425414970504496,0.885555370324401,0.37347514743238897,0.3069006792044502,0.4071158498792554,0.3893383812342579,0.40963093006599716,0.3318541758264631,0.739599175511404,0.37408640373305185,0.3781500110629823,0.42455247028723136,0.3182496311642391,0.29367786302000404,0.3459049365282006,0.34608804007267646,0.37002096749718666,0.2729687296775269,0.36062815746889043,0.22805678152610748,0.34262972700911287,0.3293907283538557,0.27208432256928916,0.27002737994339804,0.20193596368134611,0.30217398506934484,0.17080692275593992,0.4348060440710591,0.5420919359408046,0.25999660337442676,0.2545834458065511,0.10855741741402629,0.36934290003426684,0.4603612966361017,0.39361191310178956,0.4099752934494744,0.23651021204949454,0.2662832029971241,0.15599742417042273,0.3582961897712429,0.24371621541369012,0.31254055605055364,0.2844984796994304,0.00455282694408845,0.35104877839169535,0.48041927636977255,-0.07059895961977225,0.3666140506800709,-0.2266262780579334,0.0006199099693594608,-0.20906611041976733,0.301697957757038,-0.1074208541331693,-0.08424759741256824,0.06709474874583665,-0.20451430947555382,0.05678396151501832,0.024063899530972654
0.5911585068780486,0.3895564277902521,0.9185092488928998,0.35164619114064755,0.3273851507806177,0.6074751194738613,0.4146314879018472,0.5170961576016567,0.374728222568125,0.37408640373305185,0.6737633726957669,0.4276697232769838,0.5551136524152979,0.3985923823269057,0.32159893464244355,0.4407822706036889,0.4623076904595651,0.4183486672611866,0.37888632385898363,0.4800647416258051,0.3257505540237897,0.3964382427978445,0.36882056814453185,0.34849819193280557,0.34009751548496203,0.2964242429492768,0.3702402903068276,0.21371359761211356,0.5261007085044391,0.483943880613483,0.3127527737185693,0.3345943553128927,0.22019135436291984,0.35652547423897707,0.3633378877154865,0.5079287590131595,0.3642081303740474,0.3394141480394524,0.27379748439037405,0.17223266528149453,0.3059858476572126,0.34661332443212867,0.3429008829389495,0.24890985063942367,0.06530727200298998,0.3950734865912635,0.44595335731744196,-0.08423577406324373,0.35237846170437725,-0.08268658804668337,-0.05788103023939305,0.06257158215650337,0.18745412110367735,-0.12222490139699926,-0.18766472981233462,-0.04286617120694692,-0.2426296104554618,0.2106269726406035,0.06348945378726059
0.7554472553269657,0.5480197193364491,0.8717397120218323,0.39969125794503657,0.44285555409217714,0.6172256465482937,0.5935847228185618,0.37643446560681204,0.3705804626799701,0.3781500110629823,0.4276697232769838,0.8764454735919139,0.419747494617244,0.42805162112758816,0.3919745394723679,0.5153596746416852,0.39863259461626854,0.3264869481249504,0.3278716537942736,0.38734170103587084,0.3385943744526026,0.40391596478582653,0.2950581946317004,0.2770177802682013,0.3491595741843168,0.313984434572259,0.41178853715667185,0.12331542785288029,0.37839551405258226,0.34063450057431793,0.2761888823791493,0.3749838012830597,0.20286787187533312,0.2896372433024068,0.21354135145537548,0.43768152764754087,0.2774752758980001,0.32741236411374885,0.29389061808636596,0.1563349357692706,0.2607188246974282,0.34523699934126845,0.2929933349145866,0.20419105395974033,0.1388748057067097,0.3289042131199341,0.38346860064184396,-0.06922445731807221,0.27160566545468234,-0.12060861496506539,-0.06295250310702755,0.17675720015483126,0.21124688142949577,-0.07009305358185414,-0.21166852640750058,0.072447014016573,-0.31809311979278837,0.23029525176501775,-0.08175755694644225
0.7187020997839272,0.4170787251771355,0.9069680244516501,0.41760054457488116,0.4786680655207298,0.6129112435993007,0.4642167916104135,0.5824184824303436,0.4450435179100282,0.42455247028723136,0.5551136524152979,0.419747494617244,0.9642211807014798,0.4513736564500301,0.16249780107802003,0.4888241356101447,0.35068046190140645,0.47142227008715315,0.4639333692043366,0.4238519321073295,0.2944587781330439,0.4692325198554715,0.49543220681528716,0.41660749325823193,0.42383882917096943,0.31306332234516693,0.4371266140200792,0.19401519593201455,0.6387678020039619,0.5087580178633645,0.3053559816524217,0.4384920551375981,0.23102210022033104,0.4414918877220274,0.4129565854462711,0.6091503441298357,0.2804727064790229,0.3106140263340475,0.2747313169644567,0.1524367939508558,0.2999392264554627,0.3570374803090938,0.34224889945747383,0.3145226690716336,-0.09303519772040982,0.4526788320774229,0.4590817607257155,-0.09754847545834373,0.43478758027998066,-0.12483594845363291,-0.08802969861508828,0.1471832824773019,0.2414672132551418,-0.1560190440783763,-0.18050798863546016,-0.08778591510589767,-0.1919920059144006,0.17670097871124746,0.07689133963607249
0.5298971868522027,0.3845097369984864,0.5928162101053137,0.28799954137443295,0.3150890424009701,0.5181065068975956,0.42497578898419613,0.4344819059571848,0.35194996214321,0.3182496311642391,0.3985923823269057,0.42805162112758816,0.4513736564500301,0.8144013568776415,0.3549743245299147,0.5936518558698222,0.3881617298116224,0.29015747697954547,0.41359522755205014,0.3449725565991862,0.3445875666986882,0.4231238093337598,0.3380762975134696,0.3533808992297382,0.3694696526199348,0.31379744030424656,0.3253713486831653,0.26767290884706757,0.4552464679083687,0.5819536717092911,0.24977655588036918,0.303379467273724,0.19587164865207154,0.32609206022269727,0.4413651896602441,0.37630496415253967,0.39694944436593704,0.3616053495000732,0.25146713977006774,0.17745292019493167,0.3885917052016254,0.3341183958233911,0.41527326905633766,0.33097856705761736,0.07871450722150178,0.2781103523511831,0.46157577813659095,-0.08225522360819269,0.593865936156601,-0.09789610398870602,-0.10717935452528038,0.015358204086980317,0.09754451601101305,0.014304500300906632,-0.26293224090172496,-0.02544592280025104,-0.3584985264636619,0.2947584081152997,0.2266991654939304
0.7423866120258522,0.7251125747448145,0.5673956434130047,0.31498150744807624,0.3344473411879457,0.4541943586348082,0.22213213821256048,0.2848973136669946,0.12288064291658896,0.29367786302000404,0.32159893464244355,0.3919745394723679,0.16249780107802003,0.3549743245299147,1.0551895350737874,0.36247741765513647,0.3843531927941171,0.3479961522353318,0.1957990669656173,0.37951741638870057,0.3249958012973596,0.20853308645291546,0.24133822864633514,0.26314212293602157,0.33190103375850977,0.2783351079154502,0.243666885099904,0.30363062155163045,0.3253004633052714,0.46989004280737373,0.300723400308429,0.1614955178187519,0.22656578842883413,0.249160890768948,0.3572804978491823,0.356983849803402,0.5413746756730801,0.3659730926320447,0.18156216883403034,0.132737359950919,0.3543155277762803,0.2707829718144786,0.34309767391750007,0.26194238436784795,0.23459254093508208,0.34629881527669226,0.3903388698985871,-0.07236705137530977,0.12190805635916233,0.03205927172531575,0.008123375203504072,-0.17643271366099095,0.06298301507844851,-0.0900305105348236,-0.2207640447457094,0.06489647000096731,-0.3993658305368878,0.29769676762292285,0.013129544646492868
0.6106188547128408,0.42681301703898517,0.6857325682153174,0.34756538190562947,0.3710729643314788,0.5739493306860168,0.46753115463876005,0.4443071967290898,0.34914357799451523,0.3459049365282006,0.4407822706036889,0.5153596746416852,0.4888241356101447,0.5936518558698222,0.36247741765513647,0.7545909853714533,0.4390500583570826,0.33543372355907186,0.3737439916112167,0.40987863452284845,0.3317456460740775,0.4970463136381812,0.30812623007902235,0.34596909691222066,0.3472131579192595,0.3216277504345783,0.3926102455436969,0.24382996478919677,0.4741306853302892,0.5198724148261834,0.28953270413917215,0.35812021274945194,0.1919567772875256,0.3607634147832422,0.422399613372182,0.4391231897722536,0.3770281800947262,0.36041050129623103,0.2747530295494457,0.19902087925696121,0.34398994217434753,0.3974073218173258,0.404509410067672,0.2638579197664949,0.11076784859362808,0.32215279986607853,0.45748822603813655,-0.080709696094543,0.4429004672791712,-0.09870851321167513,-0.10770800801753418,0.07704289734302344,0.14498339706089128,-0.04356185801315997,-0.21240463470247392,-0.009344200671233968,-0.36960527403183757,0.23457822591259636,0.18060539218908078
0.33716751169649406,0.2335225078748517,0.7941908437783487,0.2914817222900086,0.19073411798770815,0.6218287475356246,0.353186301625398,0.4746065283369091,0.3810028940670197,0.34608804007267646,0.4623076904595651,0.39863259461626854,0.35068046190140645,0.3881617298116224,0.3843531927941171,0.4390500583570826,1.0630284771688827,0.4784069518520829,0.42230559208388224,0.545273537379387,0.372833670498702,0.4088447556767207,0.33651624956844545,0.37248659814521673,0.3927447574860177,0.2140932070874593,0.3297491962995299,0.34263100655399525,0.5020646034582463,0.6071273244836963,0.3909043658061057,0.2654360232532371,0.39371298834645546,0.3210619322783267,0.32814363527387985,0.4631758294916394,0.7270940664582101,0.38162523794768083,0.4023608707734011,0.15127419999226357,0.39136649840721305,0.35385990554749364,0.42836926585560964,0.36112556771510285,0.16450144326010976,0.4696318992480748,0.5988081823432465,-0.08783875568432643,0.3749390631120373,0.033744052193625765,0.01943279814139539,-0.49254335166630103,0.10130706263485557,-0.17627422722549377,-0.14817805097272974,-0.02629347895072834,-0.28397557429242565,0.19599506768520936,0.13774164519238793
0.8204712998925143,0.29513462700522985,0.8101035289501081,0.4725644538171169,0.43447282505244433,0.4851414913131445,0.3738136613394168,0.5169189509789661,0.42674552140459676,0.37002096749718666,0.4183486672611866,0.3264869481249504,0.47142227008715315,0.29015747697954547,0.3479961522353318,0.33543372355907186,0.4784069518520829,1.1112668488972481,0.3475309099676798,0.36052930021097773,0.3228487796379775,0.38371590094238844,0.623513489954566,0.27509186237262445,0.43048924707155006,0.3339041565270452,0.3009221803758816,0.24355954933710583,0.5156603020105668,0.27599592181594085,0.5175111392641992,0.30752813192850165,0.21718693365341699,0.38077107049327535,0.26165598701795156,0.5875512411050442,0.5055226560696612,0.23341167357317327,0.3058525687288731,0.06415526444423879,0.3208083638840491,0.23667110715172102,0.2670524391265265,0.3398915161135508,-0.029857021841974966,0.5396720868869246,0.5416310632367756,-0.09269470764771426,0.1456056178095103,-0.14689830310240715,0.22369008107754582,-0.307043997451936,-0.05336186758414963,-0.2395088916741136,-0.11490204462012363,-0.05257265394440398,-0.2065710630932527,0.11621692845353584,0.04025398641097893
0.2987996585236231,0.03132104017618837,1.2411703591113719,-0.04083491548070989,0.013044752233684946,0.5055319661587886,0.310437357329532,0.3834274261982351,0.40012040237644403,0.2729687296775269,0.37888632385898363,0.3278716537942736,0.4639333692043366,0.41359522755205014,0.1957990669656173,0.3737439916112167,0.42230559208388224,0.3475309099676798,2.2819198658940554,0.3742471018626113,0.3101575731119006,0.46341640462597394,0.19723833621654552,0.3129114648200317,0.4263348114701507,0.30667933543038683,0.3114671017521182,0.39017062096265503,0.48682595772968296,0.4105719307921784,0.3190013206165987,0.32907819929880383,0.39541932925504636,0.1723742813311649,0.06490889964458825,0.556886721720608,0.22332228878247615,0.41535260924413625,0.17732974825953526,0.10480914711963861,0.28821365788953407,0.3464287086756255,0.3050689548752174,0.1662686848742737,0.12584431139966712,0.4765036720531471,0.35551464816256384,-0.12330450767169489,-0.26284328560789233,0.6957945224973975,-0.08879818157739422,0.08867899356918092,-0.46628666553219633,-0.15256300587472427,-0.2618460873578549,-0.012641406860906432,-0.19382934747861894,0.3996297729574737,-0.1509244296073861
0.4585220685630414,0.3335405819619219,0.8322177014956049,0.28314922848785,0.2271329759216494,0.6068102206954175,0.33752229779528564,0.4854931625297383,0.34254333450717606,0.36062815746889043,0.4800647416258051,0.38734170103587084,0.4238519321073295,0.3449725565991862,0.37951741638870057,0.40987863452284845,0.545273537379387,0.36052930021097773,0.3742471018626113,1.6284584558355988,0.24934580462512915,0.31220451746301503,0.41984520127845587,0.4992086679203755,0.19518743821052992,0.4792815560847855,0.4447934487010752,0.2885968280732089,0.6900751210965105,0.8497055531438297,0.3939065207450658,0.3534189179925188,0.19536126314661886,0.593633519544124,0.7044178005842977,0.5803170466090027,0.7567152021380176,0.5610757130190104,0.3480302001783239,0.3693056707126736,0.5883099250780268,0.6747626761766323,0.4765209739696324,0.18517871939241942,0.2265052787163192,0.5725946953817402,0.6621399505733416,-0.15400810091994782,0.7569629500848545,-0.3122949357633406,-0.11012960415463881,-0.11989079672703264,0.4288524114285636,-0.12825577054768583,-0.14352619780272025,-0.0583774358008612,-0.1407126482014057,0.2119768210492426,-0.012534556428246744
0.47771092722599584,0.43602224707739917,0.6009355843706744,0.2525619670747638,0.2565249584632924,0.44442763935594726,0.3417042691647806,0.3151723885468487,0.33147910965302435,0.22805678152610748,0.3257505540237897,0.3385943744526026,0.2944587781330439,0.3445875666986882,0.3249958012973596,0.3317456460740775,0.372833670498702,0.3228487796379775,0.3101575731119006,0.24934580462512915,0.7146443741474563,0.32197676559942084,0.31457463404752134,0.359286733934328,0.26292887060247844,0.24232702742885895,0.24337182981693095,0.3302234141420766,0.25652247620134716,0.5742763429301341,0.3229558068442299,0.27726766705899253,0.38336980305626733,0.14478250106559354,0.26818364161615743,0.39491878636283656,0.46969225075361587,0.45675059631325043,0.5556550124273946,0.16141912880162407,0.4433900432358326,0.33809894945023583,0.35971451320263464,0.461394624033915,0.3414160122139557,0.31947588949387495,0.5013009545816429,-0.04641753567264441,0.39929137020085437,0.003935532208699665,-0.07789657291099684,0.0473090775727672,0.03153735763774102,-0.07648906529878036,-0.26426447361231403,-0.008922815142705107,-0.2460838243613165,0.34206113007480093,-0.07491035111150593
0.5323706843629428,0.35091693568988336,0.8223359899416435,0.2891019055781878,0.27862843243282454,0.5316452617740623,0.45560185434774353,0.39399915305699773,0.6503009959992349,0.34262972700911287,0.3964382427978445,0.40391596478582653,0.4692325198554715,0.4231238093337598,0.20853308645291546,0.4970463136381812,0.4088447556767207,0.38371590094238844,0.46341640462597394,0.31220451746301503,0.32197676559942084,1.0520784979894842,0.3700364157253086,0.3530860347211941,0.09484446854561815,0.2686326022573107,0.3483671382906567,0.252175549861432,0.37534142685786914,0.5734727897678181,0.2996661974069721,0.4041496119016642,0.269886475860745,0.2930183387679854,0.3789649092253402,0.3753917131984937,0.41925353851193775,0.4436775109557298,0.469095757592812,0.15868728157258657,0.35818982157261875,0.2786614313708097,0.43363870241976127,0.42598060986152453,0.06840060554854631,0.28987232671489377,0.4912128732466126,-0.05492274428199915,0.7307141168786028,-0.004746223847603886,-0.11228843807802079,-0.07550501961774832,0.169454297793794,-0.06389945237332528,-0.16575606684490463,0.07469321205599526,-0.28255267325611816,0.18414041026159872,-0.01514476950482551
0.5307480679979553,-0.16622699390373072,0.6417493159624702,0.35928277276150844,0.3456794288211884,0.304476033262546,0.39012364137794575,0.4003974093968265,0.4316696827183506,0.3293907283538557,0.36882056814453185,0.2950581946317004,0.49543220681528716,0.3380762975134696,0.24133822864633514,0.30812623007902235,0.33651624956844545,0.623513489954566,0.19723833621654552,0.41984520127845587,0.31457463404752134,0.3700364157253086,1.6929084299404684,0.6257270811637278,0.09019598609794098,0.06734206696521063,0.24483143634155824,0.05172091816611582,0.5429583298197117,0.8607524246958339,-0.038050988647999016,0.2852611497012278,0.4549215822859353,0.4654090278503444,0.24684028922008838,0.6570986780501229,0.4801519346190665,0.355058968864938,0.33301042492875016,-0.07286138429275953,0.5154774359676895,0.21730569509878667,0.39490388084034544,0.7852262170564794,-0.40121776552772515,0.5163374285209578,0.6720931807673891,-0.1396666443009102,0.9087412249014831,-0.6438844408081689,-0.04784392413725197,-0.29842326595448615,0.4375819604077885,-0.109336386638294,-0.17895809694734122,-0.09399880241318291,-0.15817217723698268,0.23444179406832813,-0.04357407524828802
0.28923169194789367,0.19095575118079877,0.5990370995499215,0.2169881055980023,0.2365192403099268,0.36394463108963665,0.30054278899896075,0.33728096876288954,0.3360577825805462,0.27208432256928916,0.34849819193280557,0.2770177802682013,0.41660749325823193,0.3533808992297382,0.26314212293602157,0.34596909691222066,0.37248659814521673,0.27509186237262445,0.3129114648200317,0.4992086679203755,0.359286733934328,0.3530860347211941,0.6257270811637278,0.8031223247784574,0.26498931748594257,0.2096962946265336,0.29409658644477527,0.3769636885786395,0.40435325314639337,0.943448061603301,0.27317936649872876,0.3579580845132752,0.6745548712781878,0.40948727944712887,0.4588130514805262,0.6422653729887685,0.6653849098540753,0.603560661519705,0.3682997150071468,0.14018611709857431,0.3954734098469552,0.4523802704529822,0.46252527960122497,0.544596095718999,0.11018561330938341,0.48035244896521634,0.5926013877679395,-0.12116464939206337,0.6917821140845463,-0.27434881785784837,-0.2070215441245049,-0.25555646727813097,0.3932111521785624,-0.11756893460481449,-0.21628546317023406,-0.15525965841149195,-0.030920432349725708,0.2551801793217518,-0.02531713530178738
1.1107823797579606,0.5236484991905377,0.6001519529450111,0.3521881752950891,0.41507937200529665,0.5550196775158016,0.30780908813492136,0.42758797231253287,0.04199909711862843,0.27002737994339804,0.34009751548496203,0.3491595741843168,0.42383882917096943,0.3694696526199348,0.33190103375850977,0.3472131579192595,0.3927447574860177,0.43048924707155006,0.4263348114701507,0.19518743821052992,0.26292887060247844,0.09484446854561815,0.09019598609794098,0.26498931748594257,2.9180762675081673,0.33729956588715515,0.37829888018040364,0.18556885529501616,0.7282860249532438,0.02156587398393464,0.5044762725093415,0.2849726683144127,0.127226510000009,0.4341770790916996,0.19835523430348384,0.6678641939285698,0.044454936002590394,0.42396774943092613,0.1752518497251544,0.14483391565765272,-0.02503799607236379,0.21619518611590385,0.2553021254742601,0.0023036894949308158,0.3116663620886651,0.5961779332786682,0.24903280570296787,-0.17985014637345906,-0.9050390964440602,0.1651797738096634,0.050443084643091676,0.5396113714946734,-0.020130998462361903,-0.16906071349726892,-0.08625185213340211,-0.16628991289219358,-0.15136567311356855,0.08434126398245731,0.18791253140595704
0.37847992105261324,0.3648530447170283,0.5127190119752025,0.25806293952985837,0.32201000447568656,0.5483984666419323,0.2665943037677022,0.3760742000523457,0.2334864015278702,0.20193596368134611,0.2964242429492768,0.313984434572259,0.31306332234516693,0.31379744030424656,0.2783351079154502,0.3216277504345783,0.2140932070874593,0.3339041565270452,0.30667933543038683,0.4792815560847855,0.24232702742885895,0.2686326022573107,0.06734206696521063,0.2096962946265336,0.33729956588715515,1.7099111517651857,0.2863677995482351,0.25762476421156233,0.28622807248786997,-0.4161615819158219,0.37222890433103295,0.50872646454627,-0.010573493670462645,0.4139269286547244,0.3170339706456396,0.4438176579627226,-0.37859677900424243,0.03651160993061062,-0.06228040920659889,0.27133186444133045,0.1101728615081914,0.5906942611687144,0.07596003142777782,-0.1693981939398528,-0.04847447276175705,0.23676606609591147,0.09627257879218284,-0.06278116874547966,0.17208627175171423,0.3565025232467231,-0.2007356034268188,-0.0562102073721647,-0.33285069506929027,-0.05697500001699982,-0.2348256701649552,-0.08383049740873723,-0.13283855213136406,0.2884628723474114,-0.01899016019831643
0.5187486195512319,0.36543453772304924,0.6760045168859363,0.29234274965995344,0.2842078146175361,0.4809960356647023,0.3515920658486564,0.3999673658267717,0.3148513376550445,0.30217398506934484,0.3702402903068276,0.41178853715667185,0.4371266140200792,0.3253713486831653,0.243666885099904,0.3926102455436969,0.3297491962995299,0.3009221803758816,0.3114671017521182,0.4447934487010752,0.24337182981693095,0.3483671382906567,0.24483143634155824,0.29409658644477527,0.37829888018040364,0.2863677995482351,0.7980021364294417,0.2104391637784211,0.3925742373433428,0.3868578323461606,0.31153350110864936,0.3330689998225929,0.1926785871395009,0.3187841438158091,0.33034597177517117,0.5814848340305748,0.28486036745124743,0.33446178904725976,0.19342788821471843,0.21487027983658294,0.24621996143199468,0.3724156264839138,0.38513314156225276,0.0817688198819644,0.11950126055962283,0.38245582190129346,0.32344187393402035,-0.08874618939255567,0.2660016986484529,0.019927792398460067,-0.12038283010248861,0.29118006412713515,0.14217287220071032,-0.08250567118735139,-0.09132935581030699,-0.020758466210195094,-0.1523936918741235,0.093935724348859,0.05772511252980263
0.21153704520873473,0.359518381467703,0.4297556317249425,0.18263735787526716,0.11840993987041042,0.2481805333229884,0.1885365769138597,0.16024060842953924,0.2901434429983043,0.17080692275593992,0.21371359761211356,0.12331542785288029,0.19401519593201455,0.26767290884706757,0.30363062155163045,0.24382996478919677,0.34263100655399525,0.24355954933710583,0.39017062096265503,0.2885968280732089,0.3302234141420766,0.252175549861432,0.05172091816611582,0.3769636885786395,0.18556885529501616,0.25762476421156233,0.2104391637784211,1.3346481971722641,0.07545699871145926,0.6961134406539757,0.38986431353733425,0.14351646189791564,0.555053964951087,0.0964840826094654,0.7311086821627701,0.3701120173485675,0.7357120861637428,0.6242830563146543,0.33905008524885394,0.1942305498386734,0.41836608709727935,0.29180307051953075,0.4517337309265524,0.5611353047933643,0.47231167002432517,0.2781186524838831,0.40751390016835115,-0.05463029305956041,0.2368262891160487,0.4531982605515708,-0.11938594329068511,0.577981614647314,-0.9857633520850699,-0.0562463449902758,-0.22200430748516162,0.05331763396950261,-0.18810113696352193,0.26947976481814045,-0.08580868879872468
0.7388018868204168,0.39761221402288566,0.9131721340775523,0.3499864742164393,0.3356324949104607,0.7092887531595827,0.37517211608603085,0.5705914574892128,0.3056605314320283,0.4348060440710591,0.5261007085044391,0.37839551405258226,0.6387678020039619,0.4552464679083687,0.3253004633052714,0.4741306853302892,0.5020646034582463,0.5156603020105668,0.48682595772968296,0.6900751210965105,0.25652247620134716,0.37534142685786914,0.5429583298197117,0.40435325314639337,0.7282860249532438,0.28622807248786997,0.3925742373433428,0.07545699871145926,1.931034839037579,0.650335763263522,0.2014723206954113,0.37589180019334395,0.03410202303206112,0.6682171663075492,0.43170842187405967,0.8482698134628178,0.003694018627188705,0.07106711949601134,0.03828202970769196,0.28255988316320263,0.26307005561945357,0.4314764737787517,0.32458694452187686,-0.12242517674890542,-0.251120045069039,0.574887041869861,0.5682060792513944,-0.22453723052722793,0.4996164141752848,0.02515697310095542,-0.19683848024909567,-0.3349784216173138,0.16725560778933718,-0.07460827168675001,-0.14149821068738772,-0.1500461091735934,-0.2861218357583045,0.19209720915442083,0.2577154411400212
0.4587077532543377,0.4286637729478652,0.9471501800313957,0.21944749196212934,0.07517223315144136,0.37897915448076763,0.3989772052542503,0.4441422267399218,0.6088227830623959,0.5420919359408046,0.483943880613483,0.34063450057431793,0.5087580178633645,0.5819536717092911,0.46989004280737373,0.5198724148261834,0.6071273244836963,0.27599592181594085,0.4105719307921784,0.8497055531438297,0.5742763429301341,0.5734727897678181,0.8607524246958339,0.943448061603301,0.02156587398393464,-0.4161615819158219,0.3868578323461606,0.6961134406539757,0.650335763263522,3.781068100892365,0.30454708718238377,0.22578606585627467,0.5432820251718605,0.12845502997882452,1.6028506389295463,0.5703402941974547,1.4384512543893169,1.06942797947874,0.8874381651025299,0.3922064972834249,1.5249890950844904,0.6077622238228301,1.3098065404166672,1.3698876843433967,0.36436014476094114,0.666510195688701,1.4580317505261364,-0.21235134943173054,1.9016742836457226,-0.8961953289350445,-0.23762529303484528,-0.903231859394337,1.009656970637909,-0.02762032054092216,-0.28312071321591503,0.051497489702487347,-0.36013086019931206,0.7637958492000799,-0.3360517157832626
0.562443356234807,0.4208871446335061,0.6096682343083649,0.27353986113667106,0.2848268573654819,0.42081704365252826,0.26394661756051513,0.34386077003610893,0.30535314042959927,0.25999660337442676,0.3127527737185693,0.2761888823791493,0.3053559816524217,0.24977655588036918,0.300723400308429,0.28953270413917215,0.3909043658061057,0.5175111392641992,0.3190013206165987,0.3939065207450658,0.3229558068442299,0.2996661974069721,-0.038050988647999016,0.27317936649872876,0.5044762725093415,0.37222890433103295,0.31153350110864936,0.38986431353733425,0.2014723206954113,0.30454708718238377,1.0590454487646142,0.3183032899870392,0.31892981029368433,0.20315923001256717,0.3723521866350526,0.699864683943586,0.4722739097054687,0.4435073693335752,0.3113103528290941,0.17754803514467354,0.23818612627945907,0.35130311461099745,0.2658627870564492,0.19151218884114912,0.38278914552361526,0.4927087601485566,0.3740175974129607,-0.07506357698806045,-0.2766158534008473,0.10145783294081671,0.057757519187863204,-0.18757244331301037,0.05946643962423095,-0.21521936818614557,-0.09740424344543264,-0.049584082677747346,-0.04578403047168725,0.05054583150148096,-0.012708109395159659
0.4523319256031146,0.2780284541570781,0.6010470356990449,0.25983224468675636,0.29307423948976186,0.4580146766952906,0.34396939353132616,0.34135236449563305,0.31922602302956016,0.2545834458065511,0.3345943553128927,0.3749838012830597,0.4384920551375981,0.303379467273724,0.1614955178187519,0.35812021274945194,0.2654360232532371,0.30752813192850165,0.32907819929880383,0.3534189179925188,0.27726766705899253,0.4041496119016642,0.2852611497012278,0.3579580845132752,0.2849726683144127,0.50872646454627,0.3330689998225929,0.14351646189791564,0.37589180019334395,0.22578606585627467,0.3183032899870392,0.6786972524011072,0.166533128776886,0.278222264378746,0.17888558616958225,0.5326269450066397,0.044639677865267624,0.2039315176231996,0.27513074495036716,0.13406669585690115,0.2389709332196894,0.39492342722879514,0.07308535465511908,0.15118760714952023,0.024469690639133044,0.3628995798499086,0.3349440753394925,-0.09114112235039298,0.36047993540465484,-0.014327068022410227,-0.08511228320343446,0.0638209485939157,0.06741991252193102,-0.09163358740673166,-0.1659174587463811,-0.06913557542873806,0.2447153741716758,0.08125550584697841,-0.25968609574717005
0.2106909682754323,0.17076211612623307,0.48517029317154664,0.09171111433202937,0.15576301926351488,0.11325934618057557,0.2636335292912798,0.1613218826324249,0.3789409951367063,0.10855741741402629,0.22019135436291984,0.20286787187533312,0.23102210022033104,0.19587164865207154,0.22656578842883413,0.1919567772875256,0.39371298834645546,0.21718693365341699,0.39541932925504636,0.19536126314661886,0.38336980305626733,0.269886475860745,0.4549215822859353,0.6745548712781878,0.127226510000009,-0.010573493670462645,0.1926785871395009,0.555053964951087,0.03410202303206112,0.5432820251718605,0.31892981029368433,0.166533128776886,1.918955772717774,-0.12144729781498706,-0.5635899702774484,0.3228545684125635,0.9216576967748186,0.6016102100215206,0.4994516459988147,-0.1770498747108922,0.030767486565444147,0.3862042338232703,0.29169047220173616,0.5864341445054536,0.026235168542374846,0.40550052876207354,0.5135126589187994,-0.07762443709432998,0.8022749226933837,-0.15220797339538794,-0.27472361390009153,-0.218990076039453,0.13946767560816856,-0.22269841784393724,-0.14161020641904867,0.0015029059722895624,-0.09444147219824234,0.2445807468197733,-0.21264387655095654
0.20730831007932563,0.14602101388754846,0.5169461706555368,0.31247236933231615,0.3767488719981817,0.46416983149513125,0.28858333037996237,0.37949761021422307,0.2160637515966504,0.36934290003426684,0.35652547423897707,0.2896372433024068,0.4414918877220274,0.32609206022269727,0.249160890768948,0.3607634147832422,0.3210619322783267,0.38077107049327535,0.1723742813311649,0.593633519544124,0.14478250106559354,0.2930183387679854,0.4654090278503444,0.40948727944712887,0.4341770790916996,0.4139269286547244,0.3187841438158091,0.0964840826094654,0.6682171663075492,0.12845502997882452,0.20315923001256717,0.278222264378746,-0.12144729781498706,1.8708717336033158,0.8497653400641875,0.4437010568786757,0.5677994726797241,0.42167880958710735,-0.2867442457004707,0.19114786663814642,0.16669751581999667,0.4794092322242581,0.5539650310338211,0.21784011591732533,-0.12154775236465558,0.3676371541986412,0.4914663122241981,-0.08968784923879371,0.18881103762620566,-0.36769972573637794,-0.08739583168343577,-0.4349970998192973,0.5307423600382329,-0.0836747222709824,-0.15661386637943908,-0.032269512160555694,-0.25133225382834495,0.014879890593558015,0.3256825564557961
