4.056865234573802,1.303661910949214,1.1749548990690457,0.793845548960387,1.0872711002346327,0.6020781509226064,0.7172746972323812,0.6778795759853061,0.513234937869058,0.6719376415352515,0.53117013725996,0.6432679138762073,0.6296694820337363,0.5034167589085499,0.6260221377561334,0.534481024311864,0.30654324773800046,0.7043594668875705,0.2611357639173358,0.4403139584924893,0.4870027223101664,0.5437831012339303,0.4740790102855825,0.27443813955488405,1.0289605116033769,0.25656876319617195,0.46989142307654375,0.19776625770586617,0.6424587625086532,0.5166221230655909,0.5203192724910615,0.3933452695959368,0.2261907421190538,0.1614479451952525,0.37488023973836027,0.5594363158177201,0.5245783738171105,0.31194916536487205,0.67622030347997,0.0956505848258794,0.41922188977198227,0.2377335917897102,0.335116638418911,0.2762937566492658,0.15961630833349197,0.5139579306622785,0.5707507913545597,-0.09285839094808426,0.2834950741072014,-0.16835837053444958,-0.015317906386812508,0.548554993372914,0.1621956216282751,-0.12383454381476028,0.35355180923689394,0.057324161570771075,-0.35612575766958826,-0.26782420709760224,0.17106497989049615
1.303661910949214,3.30056702971349,0.8654800113957732,0.3303068757878485,0.5378958295342926,0.44350887922370863,0.5278617735274924,0.380087325601478,0.5010492530583794,0.46130664811687433,0.38604466991424363,0.5103652053473468,0.3938312361603782,0.38125713464178096,0.7140628795695054,0.4141020107376861,0.24881911923714695,0.2864470580313533,-0.0016448249675955105,0.359749046148021,0.4392203081821921,0.369165099945748,-0.16489130387969306,0.22179513849059923,0.4747106753808542,0.37732412977784124,0.3489612444248037,0.38078619724880713,0.3990758026205482,0.4576923474588528,0.4353196604222411,0.27897690452497087,0.2543360440314538,0.1752501793814736,0.4293675708965196,0.3089336163962357,0.7414315277025133,0.3617937690583284,0.4025646288341213,0.24965767881322765,0.3814658249705587,0.32892975462778906,0.3031018057328633,0.1917505776926274,0.4877148373631304,0.3057322723075746,0.40603418443766104,-0.034495981857455525,0.4286025370491657,-0.15031104505613996,0.14823329059292178,0.47119746374605026,-0.019515511449204843,-0.07025007615491931,-0.35443768791188196,0.1641052225200771,-0.3296818725338144,0.2910734885118255,-0.04298508065926796
1.1749548990690457,0.8654800113957732,4.138571943364828,0.6058967928457671,0.2002431230958547,1.1832666342681557,0.6977398790229474,0.878110324757224,0.9548283885276497,0.860207598598692,0.9037288881387022,0.8228169732016176,0.9248790043058179,0.6466327873139014,0.5757810196018356,0.6899475260656537,0.7970354856909685,0.7449239367462888,1.3079655792119784,0.8553486223363025,0.6383153582651783,0.8345073009057641,0.6461608636849443,0.6573909907417081,0.6170620323148565,0.48425234506183473,0.6726345631742418,0.47074535390962924,0.9091294141321263,1.0177619870925927,0.6086715907348001,0.5697801492248077,0.5901833415325152,0.5280323333130799,0.5729832738017373,0.9213213660873524,0.7859555037061948,0.724213589556705,0.6951965151102336,0.26859580097620206,0.5764881047002669,0.5875142617166879,0.668418460061974,0.5032915227087329,0.1561253723143822,0.7437002774373616,0.8458589596612969,-0.14215426565546643,0.575617151144248,0.27126016345157883,-0.14183867632547223,0.16600203063286018,0.1253097264740295,-0.3318208625393343,-0.17327052917303046,-0.08047477867617919,-0.5370975577346336,0.22923260650895577,0.27671226068668736
0.793845548960387,0.3303068757878485,0.6058967928457671,1.40891541176989,0.6969831515876004,0.558794715108884,0.38522211330870554,0.4987140175579306,0.4139845786818729,0.4194637430319168,0.3889900263331033,0.3914552418484882,0.46122660863439413,0.3455878997900973,0.29513618301779593,0.3753345826989554,0.35230575894545435,0.49927069253227957,0.037683553043418465,0.3477209410862754,0.3163292314239766,0.37172341264020453,0.4062357428012526,0.29447907506967874,0.38093755206898605,0.2957855130908619,0.312968350805752,0.21657041314765443,0.39548063721548643,0.31579111488786654,0.32449513161747684,0.26203739799039516,0.25052013090417125,0.3450610636519751,0.25051481957587196,0.4073702501393445,0.4096504802979734,0.3687485095937181,0.3817574990643499,0.09625937260467082,0.2266270079927849,0.2163311549455692,0.3379341857779948,0.29252808223607746,0.02677051371754144,0.3034496036177004,0.4049944035014066,-0.019215388328700515,0.39402876032276524,0.2556205134154237,-0.10338764505306708,0.5337211676960377,-0.12602071673747084,-0.24414254186321582,-0.11017441092426729,-0.07311646822278926,-0.38819800746744904,0.189582650403323,0.22073251366894744
1.0872711002346327,0.5378958295342926,0.2002431230958547,0.6969831515876004,1.5143666070539672,0.35369868457716597,0.45916864967427723,0.501263383114943,0.36116278102037735,0.33351616223025515,0.32909907831629825,0.3969083997960963,0.45944784629229657,0.34443846472936895,0.26849404509819413,0.35539309752132103,0.20678257959701044,0.39086816072355823,0.051582915373293306,0.2519481926883204,0.2812575435911702,0.3296590827570388,0.33412835310202155,0.2756893881511786,0.4188865926995059,0.3074015760336956,0.28444053297538757,0.15538796301714453,0.3239231511154208,0.10170591166130219,0.30591987036571083,0.293891080964821,0.26298425217909543,0.37636330543365154,0.15686282307595445,0.3815197838302155,0.3475471127693491,0.25602863839933226,0.26560607071877795,0.06215271305054544,0.14755649292894038,0.20943199210355531,0.19724679077863438,0.19194902759247584,-0.015696713246465956,0.2701021334456218,0.3099586510032911,-0.03272655398531181,0.3400730212395225,0.024053604201855573,-0.10502795729083896,0.5227208575075615,-0.02084090787541477,-0.1163735038876107,-0.049724900157787064,-0.06580935585378199,-0.22815945878227228,-0.0006119849555359369,0.22674099615405977
0.6020781509226064,0.44350887922370863,1.1832666342681557,0.558794715108884,0.35369868457716597,1.3683618478381094,0.4161663704271939,0.705073888166279,0.5947015034696996,0.38999368495631537,0.5878315534994285,0.5766994143450425,0.5803061271770136,0.5238278644186933,0.3922799343002752,0.5547218211157933,0.6340510019673048,0.4690355873046143,0.5785150846146175,0.6275455223948478,0.4791647038495871,0.5898436134580131,0.3049542039436501,0.3984181076357749,0.5235834779480405,0.5909583754921015,0.46881897831201386,0.29635291198831715,0.6677896816469078,0.40823055140676895,0.44427010847335024,0.49046190278708723,0.23144307795537492,0.43474681092464473,0.33385641708361957,0.5463742827783115,0.36431046983311494,0.5044922082109156,0.4566449868805482,0.2634645380491652,0.21801514147827564,0.5064545985153925,0.4677170165230555,0.2683410565224104,0.25371050476136275,0.4291259934671201,0.44868322029336455,-0.0943762928654786,0.2780697196905107,0.18747424288898257,-0.20278388114210025,0.2104090217468251,-0.08921105533057157,-0.16022195186713895,-0.2829417911233704,-0.04439690811617436,-0.28978693167412034,0.4412732139748031,-0.06790693560595869
0.7172746972323812,0.5278617735274924,0.6977398790229474,0.38522211330870554,0.45916864967427723,0.4161663704271939,0.8105088218435541,0.34238612805545776,0.5322285487540568,0.3728484033209015,0.3886393302217195,0.5389889350224956,0.4225538093558461,0.42311615947505965,0.19347469401712175,0.43521632178434105,0.3527590417128516,0.36757367214582315,0.33841332854820877,0.3370824772304005,0.3335968716388966,0.47112640751997925,0.3756372313862762,0.3245685563318293,0.2753517896425812,0.29230811206701207,0.32762723093283175,0.21935151634813396,0.3634520423547384,0.3857147741769647,0.28594280717720194,0.3535043104783143,0.3241707441291613,0.28205233120013207,0.20919719711503737,0.40635116302423857,0.417158522509618,0.2875514624306542,0.38935949327295255,0.08470520644375171,0.28154483770514777,0.292577272613801,0.28756292674485656,0.2785546350466703,0.05125481357052114,0.32673815094126746,0.4196559728179032,-0.0692750950228625,0.5935715382589032,-0.09753934338882457,-0.1077348287039612,0.15567828516002744,-0.01229804891811219,-0.10467180978177777,-0.10818256001793496,0.1310627039549209,-0.15345446374132962,0.17967558331958625,-0.29090846677752263
0.6778795759853061,0.380087325601478,0.878110324757224,0.4987140175579306,0.501263383114943,0.705073888166279,0.34238612805545776,1.1256431822044246,0.4465231316106444,0.41150963152401526,0.5059480938550487,0.32195361052102506,0.58537309450985,0.4588372219216697,0.25293180822468714,0.4314221220499973,0.4939589250561806,0.5257026306140461,0.44633715700283283,0.511753989280809,0.3478502421866738,0.44184342205969085,0.4120137557858296,0.3656801894459632,0.42016282697839,0.3989406930353822,0.3909503676619462,0.19674279825132396,0.5623699820080359,0.4936776309997394,0.3715381575656053,0.3480464275170424,0.25640910814170753,0.3900231875888223,0.3233248765367968,0.5044757951557005,0.4293494635045362,0.3769161702294711,0.35005392191450213,0.1935405608589394,0.3132155748277,0.35510619573428165,0.38848858828892135,0.2816950287062263,0.010509930159165794,0.414324186300592,0.49816418903535126,-0.08167909758541653,0.4581729361385661,0.09845243142421128,-0.08122191947819157,0.11154480587176328,0.05866600348748862,-0.1973560797195836,-0.18672309745729468,-0.12790564502730045,-0.25679961185087097,0.26733026564001583,0.22250556235402497
0.513234937869058,0.5010492530583794,0.9548283885276497,0.4139845786818729,0.36116278102037735,0.5947015034696996,0.5322285487540568,0.4465231316106444,1.1602222863980887,0.3224219204265586,0.39501518139157094,0.37384856202367295,0.5006521050699555,0.3792142055593433,0.12638967925486008,0.3587795529370423,0.39952874001848143,0.48122101965539227,0.45346070957567286,0.37380644558007525,0.3625620578354924,0.70928429338179,0.4514035294701401,0.3754873148236503,0.07777409750462985,0.31033139346783317,0.3339413867001984,0.3151086614534345,0.3523555455932651,0.5461883199767498,0.3648963601010818,0.3453090510108323,0.438174875850346,0.2621762949179043,0.3048528829391266,0.3756057657878546,0.57748359789188,0.39936227239843314,0.5333137922378794,0.08353088085374691,0.3453275414959405,0.2714554966961554,0.3736358584870986,0.43240040440752975,0.008170690139530947,0.3111758424213515,0.5013058871371168,-0.0389997983683274,0.9791628526705026,0.0497723810522533,-0.09316526363572834,0.10295378310410247,-0.04357680201541479,-0.1990927213465765,-0.10926386942528238,0.18424025862033053,-0.26226178658901406,0.06706986243962203,-0.05481712302958489
0.6719376415352515,0.46130664811687433,0.860207598598692,0.4194637430319168,0.33351616223025515,0.38999368495631537,0.3728484033209015,0.41150963152401526,0.3224219204265586,0.7173689355481904,0.35170239227246347,0.34720667628551993,0.4221141928039902,0.30678610344396057,0.2800231530118529,0.3193621389506785,0.3262316923777828,0.3471549722402823,0.2739708998720385,0.35579919832390583,0.2418014538954073,0.3365472479508215,0.3207869766623002,0.2703755638010502,0.27901053233325046,0.17358684483668993,0.2932245864670356,0.182965265455304,0.41900163504633076,0.5404878318047933,0.2502366218618481,0.23724077402449614,0.13938006641094514,0.3604895368530123,0.43136983164515497,0.3698282338907053,0.4430892938089896,0.2444526537611182,0.30386787523913344,0.1391005312960154,0.3503641218445477,0.22809528582913474,0.30583270609744284,0.2697219205099903,0.01533566266445953,0.3200749512608517,0.4712374988507605,-0.06933383380072042,0.3883878377210563,-0.06816777152923653,-0.029733865053842477,-0.07194496523163833,0.1868640505536465,-0.0894520302696112,-0.023078199758390802,0.011466697960599256,-0.21505027978518995,0.005087494612615559,0.16027920805141344
0.53117013725996,0.38604466991424363,0.9037288881387022,0.3889900263331033,0.32909907831629825,0.5878315534994285,0.3886393302217195,0.5059480938550487,0.39501518139157094,0.35170239227246347,0.6452704581525255,0.3979356370901626,0.537429494408631,0.3932788488406891,0.290548828520352,0.4148595618788407,0.44930619673248146,0.39311673258673857,0.39053003676538145,0.47349009211224896,0.3307112010966575,0.4008681104581587,0.36140491367533306,0.3590838520678731,0.3274447151378789,0.29049231556073835,0.36137717115399903,0.23282329308382424,0.5040402967519816,0.49242767805775994,0.3111404206815427,0.3351348845720617,0.278690485137434,0.3436196217266764,0.3234228481069377,0.49025017044891034,0.39410932170491175,0.3509608862596505,0.29740795843850015,0.16635770892104873,0.2917884704714592,0.33705433842719357,0.34500367062001236,0.2521448308066049,0.047619567365728,0.3838719442455494,0.44352336326198033,-0.08815621489354244,0.41769693711611766,0.0236751827316656,-0.08900445820951915,0.10928744634325238,0.09597695617301456,-0.11500154492439398,-0.16785786005065553,-0.05174018997066737,-0.20757522867004313,0.23878492361219109,0.03459687802779782
0.6432679138762073,0.5103652053473468,0.8228169732016176,0.3914552418484882,0.3969083997960963,0.5766994143450425,0.5389889350224956,0.32195361052102506,0.37384856202367295,0.34720667628551993,0.3979356370901626,0.8534008526519088,0.3609699595709188,0.40792871555820687,0.35973247520934953,0.48096461846966293,0.38182340519149166,0.28463487200694365,0.32774314748377115,0.38053261691615603,0.3300036012426113,0.3944550161317703,0.2761916541871117,0.29821785108754084,0.32224401676545555,0.3197409091619327,0.38681630738136197,0.12983223545544678,0.33966132911420754,0.3213294125654661,0.2744117776395038,0.39127224857918047,0.25234537597058293,0.26035728822951404,0.15609367828393791,0.4222488109223516,0.29044285975965123,0.31062102847860756,0.3324439100889705,0.12652748727696297,0.23438888558455787,0.3427953445378701,0.27455438730201537,0.1836485725690557,0.1295277285821584,0.3277068418006432,0.3689799383428967,-0.06636806411550361,0.33953051223263303,-0.05550404621279471,-0.10398204631222702,0.15767629065395894,0.15641782052770312,-0.07958831310337248,-0.19148289396864368,0.10765510637499802,-0.1744638344273183,0.25678113271624814,-0.2776196062947401
0.6296694820337363,0.3938312361603782,0.9248790043058179,0.46122660863439413,0.45944784629229657,0.5803061271770136,0.4225538093558461,0.58537309450985,0.5006521050699555,0.4221141928039902,0.537429494408631,0.3609699595709188,0.9397405713604786,0.43935120398693717,0.11322605481708081,0.440353484090063,0.34936694128636564,0.45158387098432357,0.4983663961131234,0.4167498246693378,0.3075782294639637,0.4836477285926624,0.4976305019336802,0.43963287292303577,0.4130314780464208,0.2874266153053771,0.4238926612992349,0.23643249793726417,0.6186772930707963,0.5331891500126722,0.3147230871437183,0.4132945172862998,0.3196794160253186,0.42825735393021963,0.3681776928045784,0.5985920399304754,0.33715188613808755,0.32541083023018996,0.28491422599925076,0.13422456534942392,0.2909041031313193,0.3254722270948097,0.3433675987217119,0.32558471290995866,-0.14596207424326202,0.44667831386916845,0.46223352158198716,-0.09950361856604094,0.5109917815341269,0.058707942047216924,-0.11512257308124746,0.19378873578331085,0.10595172488828074,-0.16067063555287875,-0.14770214480859992,-0.12094340726424668,-0.21361241796886754,0.1590839749409947,0.16534833359124715
0.5034167589085499,0.38125713464178096,0.6466327873139014,0.3455878997900973,0.34443846472936895,0.5238278644186933,0.42311615947505965,0.4588372219216697,0.3792142055593433,0.30678610344396057,0.3932788488406891,0.40792871555820687,0.43935120398693717,0.780304799420135,0.3098421785774482,0.569357430956231,0.38259975955304765,0.3003415691529437,0.4102532803763843,0.3443881093956951,0.3513412258225574,0.430867080492093,0.3383171780097456,0.36106413976810653,0.3642659278526299,0.3292517466763245,0.3181098644073141,0.2849962179036218,0.445896449188875,0.5646177988398428,0.2665098254005426,0.325363550933165,0.2526764748017647,0.31329082778749,0.37939863363662835,0.3840833697607674,0.4169178680702434,0.37892948290312,0.31250184611269766,0.1796486006202803,0.3633658809804776,0.3360497044575965,0.39847463864691085,0.3405719872503909,0.0705559363222397,0.29201585215356646,0.4658453898266658,-0.08015660464236427,0.6384827261899899,0.008628490457605833,-0.12666571623549966,0.08926724848723666,0.0013300572021416744,-0.024757177688121745,-0.25019110463417454,-0.025123159076894736,-0.28902992411451106,0.3585393762731659,0.09919161771473241
0.6260221377561334,0.7140628795695054,0.5757810196018356,0.29513618301779593,0.26849404509819413,0.3922799343002752,0.19347469401712175,0.25293180822468714,0.12638967925486008,0.2800231530118529,0.290548828520352,0.35973247520934953,0.11322605481708081,0.3098421785774482,0.9893056856926644,0.3454431527811703,0.3437807261945936,0.2847023792943143,0.1308842836930192,0.35457801286817886,0.298988847855253,0.19714731949572195,0.2124864327638147,0.2360308207067128,0.2399484961874625,0.22739987375153312,0.2222289419845957,0.2570322994416426,0.269932702754494,0.4999539981125624,0.25149843022399937,0.14801032857356458,0.2241350565444965,0.21124018296127484,0.34367142388855715,0.2763500023216788,0.5309208733185373,0.3348452339641575,0.24977768045259646,0.12291757753723127,0.34262268714060257,0.26053884406493616,0.3445817203330422,0.24517044204725025,0.2361972386274944,0.27517052504361317,0.3769826078313071,-0.061895842367120944,0.21812040161356638,-0.054547604552481,-0.03126470508583811,-0.08356131946705936,0.12501574422959605,-0.054040795588582644,-0.12536801771893916,0.08949054757386386,-0.3339226692339888,0.25041674421595567,0.0012255210874555042
0.534481024311864,0.4141020107376861,0.6899475260656537,0.3753345826989554,0.35539309752132103,0.5547218211157933,0.43521632178434105,0.4314221220499973,0.3587795529370423,0.3193621389506785,0.4148595618788407,0.48096461846966293,0.440353484090063,0.569357430956231,0.3454431527811703,0.7418413913379813,0.4455198176809865,0.3290122627531792,0.3843069121104913,0.4075272509378706,0.33781716710159254,0.5002658972782051,0.29346351577220503,0.349346555265215,0.324787062748837,0.3331869937464658,0.3744760005199971,0.27733315684577303,0.45536451542207934,0.5227731104036805,0.2968475868787542,0.3647490650489129,0.2462832908565322,0.33884219632268797,0.3814589679139901,0.4274371862457672,0.4145380905015604,0.3687467618053541,0.3193277528478215,0.19234475524935835,0.3301027473478225,0.3984406902093132,0.39764110497515087,0.2657791631388036,0.11571642255457859,0.32488330000435395,0.463330987679981,-0.08178000682500039,0.49502568012546977,0.01312357131896631,-0.13168820548737703,0.10750679707712799,0.02669362315994101,-0.06321089278736676,-0.22006510016937486,0.019000387620744404,-0.309253661392373,0.3409022427840955,0.007445677528891143
0.30654324773800046,0.24881911923714695,0.7970354856909685,0.35230575894545435,0.20678257959701044,0.6340510019673048,0.3527590417128516,0.4939589250561806,0.39952874001848143,0.3262316923777828,0.44930619673248146,0.38182340519149166,0.34936694128636564,0.38259975955304765,0.3437807261945936,0.4455198176809865,1.0554665830180963,0.4678392258129783,0.43988433754099504,0.5600599808731942,0.3806242396850635,0.43385049853067204,0.3443696370208558,0.37784663785546363,0.39184023118030853,0.22701140084055937,0.3434285046557284,0.34076619325233465,0.5167257338503461,0.6174172543251158,0.3849804519580737,0.27956923039163545,0.41378234503679295,0.33346427931792993,0.34183241506955503,0.4797198497083007,0.7230875079161483,0.41584519804148457,0.41387622118233014,0.17384713198767954,0.37118481825213867,0.3572297744366306,0.4191760749085403,0.33284451009981597,0.18876668667243288,0.44562180248827155,0.599999682899451,-0.11405543862212744,0.41326101671154364,0.06423566529780032,-0.01607216973536815,-0.3407633304255444,0.0471147688847327,-0.15220914506122302,-0.15114310031096606,-0.029519510076175436,-0.26647542268534097,0.2570992374879246,0.07424594713703576
0.7043594668875705,0.2864470580313533,0.7449239367462888,0.49927069253227957,0.39086816072355823,0.4690355873046143,0.36757367214582315,0.5257026306140461,0.48122101965539227,0.3471549722402823,0.39311673258673857,0.28463487200694365,0.45158387098432357,0.3003415691529437,0.2847023792943143,0.3290122627531792,0.4678392258129783,1.0752331495094058,0.39219014020941123,0.35442643849000854,0.32563313000831884,0.41650109364215204,0.5984296177482077,0.25686373569754195,0.3633873237892698,0.29916506325646275,0.29526285025980165,0.24644253910642464,0.47179562062606945,0.3157548853260377,0.4995083142992844,0.2919097040307254,0.23722145815385962,0.36424512239146484,0.27108881080207425,0.5224475165503317,0.5437988164362407,0.2798302349054555,0.343343698097535,0.07333805929050798,0.3246972415289304,0.22045562645759015,0.32748831982473936,0.325805301855244,0.035921051502749476,0.47288616585425064,0.5526805451566984,-0.09984319556203987,0.24652756340840307,-0.011450165446611395,0.21695104240155103,-0.15350038369771346,-0.17734745995845175,-0.23002811815902466,-0.0751031545712374,-0.019765610223876857,-0.20232467319458008,0.15377372725266447,-0.01140710331381827
0.2611357639173358,-0.0016448249675955105,1.3079655792119784,0.037683553043418465,0.051582915373293306,0.5785150846146175,0.33841332854820877,0.44633715700283283,0.45346070957567286,0.2739708998720385,0.39053003676538145,0.32774314748377115,0.4983663961131234,0.4102532803763843,0.1308842836930192,0.3843069121104913,0.43988433754099504,0.39219014020941123,2.323241081891689,0.4021606768522777,0.3278546621789908,0.515824717740678,0.24427101299960496,0.34476730624572977,0.4479331232532882,0.32958208435453684,0.33771308166205516,0.3555440161881459,0.5162868219339751,0.38332518374649144,0.3677555328801376,0.35274911326786795,0.40657332193610946,0.22675296588579136,0.09214290231747067,0.6008448559304653,0.23262041658413865,0.44160250673893336,0.20590751382150613,0.1190611748112984,0.26763948145658684,0.33884942031067344,0.3234837004808907,0.15727127214319614,0.07727615308731792,0.49740391462238515,0.3715006116158795,-0.1293286288822238,-0.2608009077273219,0.680931866564082,-0.09483950880450369,0.09852282966314091,-0.403999022882586,-0.23444874167204158,-0.1839591295846827,-0.02653611487927797,-0.1746117650609297,0.28493383558505575,-0.0462944379842628
0.4403139584924893,0.359749046148021,0.8553486223363025,0.3477209410862754,0.2519481926883204,0.6275455223948478,0.3370824772304005,0.511753989280809,0.37380644558007525,0.35579919832390583,0.47349009211224896,0.38053261691615603,0.4167498246693378,0.3443881093956951,0.35457801286817886,0.4075272509378706,0.5600599808731942,0.35442643849000854,0.4021606768522777,1.611054162369051,0.2627401159093615,0.3203289136510005,0.39071397760084625,0.45500273700936994,0.14896988335128664,0.48379145437355375,0.44107225832974667,0.31050567868527984,0.6673450834672389,0.8661275150860673,0.3795286921302022,0.3570178399222233,0.2335058307467663,0.5595487615818114,0.6637320209657961,0.5281454931066657,0.797169110713872,0.586736554710706,0.39015543321798657,0.38060690609963943,0.5771232409976821,0.6679693438401939,0.5073691649964499,0.203257876121469,0.26368145113041935,0.5526072462531001,0.6769831155383557,-0.14314865069954574,0.8317560366820146,-0.07216846703005707,-0.12936495116684008,0.031129473918917686,0.24152495595978796,-0.1408825898304222,-0.16375938071725085,-0.0621877114169707,-0.15035456699716365,0.28999032074638353,-0.05578092322739074
0.4870027223101664,0.4392203081821921,0.6383153582651783,0.3163292314239766,0.2812575435911702,0.4791647038495871,0.3335968716388966,0.3478502421866738,0.3625620578354924,0.2418014538954073,0.3307112010966575,0.3300036012426113,0.3075782294639637,0.3513412258225574,0.298988847855253,0.33781716710159254,0.3806242396850635,0.32563313000831884,0.3278546621789908,0.2627401159093615,0.7107998767008452,0.33680560456221104,0.2976897940328794,0.36148939827039334,0.276744543238386,0.2939295019522234,0.25503343196445366,0.339478521665037,0.29138689425002207,0.5465804165170388,0.3357508133510004,0.2972057316845035,0.4014961207271069,0.1614580199226409,0.2863868441427073,0.4240972431196843,0.47677010243987467,0.4522019514271881,0.6136972073220315,0.17173418956046824,0.41327620217435956,0.35661996239865434,0.3591474406264731,0.41316320996862216,0.31855257786771823,0.30356177613165286,0.47996462281823715,-0.051040033854896937,0.3615053342030832,0.09567797061308396,-0.12220771659370563,0.08697739795198468,-0.04781158413674643,-0.10633324281274821,-0.1265365278154995,-0.02141909570648915,-0.2524910363951991,0.1771770110577265,0.06038981176183805
0.5437831012339303,0.369165099945748,0.8345073009057641,0.37172341264020453,0.3296590827570388,0.5898436134580131,0.47112640751997925,0.44184342205969085,0.70928429338179,0.3365472479508215,0.4008681104581587,0.3944550161317703,0.4836477285926624,0.430867080492093,0.19714731949572195,0.5002658972782051,0.43385049853067204,0.41650109364215204,0.515824717740678,0.3203289136510005,0.33680560456221104,1.0893857813706027,0.3675912051841744,0.3707023041053481,0.09185250946269449,0.32173783888040075,0.35022966103772674,0.28983753988788624,0.39514892731475665,0.5471465548547292,0.3383910118259687,0.4242855978435606,0.3154135080192881,0.3098184012517921,0.3728246262167156,0.3915381836481282,0.4834781494541476,0.44555505863423145,0.5245431781974983,0.13842286264701587,0.3316280195961139,0.28499371955183783,0.4398850896454952,0.42420286241764726,0.06772633755363947,0.30571659319991784,0.4964675143780883,-0.054486908757960535,0.7720113346813815,0.13685256510534793,-0.13110171371375753,-0.12018489735621407,0.0246582905563987,-0.12850111648098747,-0.14261886924180162,0.09754407339726932,-0.26024651127605125,0.1858583555982201,-0.060475166928017195
0.4740790102855825,-0.16489130387969306,0.6461608636849443,0.4062357428012526,0.33412835310202155,0.3049542039436501,0.3756372313862762,0.4120137557858296,0.4514035294701401,0.3207869766623002,0.36140491367533306,0.2761916541871117,0.4976305019336802,0.3383171780097456,0.2124864327638147,0.29346351577220503,0.3443696370208558,0.5984296177482077,0.24427101299960496,0.39071397760084625,0.2976897940328794,0.3675912051841744,1.6617582070324408,0.620202621413059,0.058208201182547485,0.061828788911960815,0.236085910193643,0.0616778158838076,0.5361333931319374,0.8667604049327712,-0.04198706050075673,0.2781149208279682,0.5126202233751032,0.4189405355193868,0.16980920733706187,0.6168810967698347,0.4953491090162369,0.3553056763065297,0.3667945870377449,-0.0779285887648443,0.4875282578468614,0.1876309875872455,0.3958661338414538,0.7641614372634922,-0.4386877260343074,0.4787965697723749,0.6606149906683544,-0.1419739719612914,0.9823253666278539,-0.40941139612456,-0.07159807795696634,-0.25988998666450464,0.30311834571242807,-0.12309366012181057,-0.13193568645751505,-0.10456744463129261,-0.16426148001978785,0.21114149181609004,0.032902804203897684
0.27443813955488405,0.22179513849059923,0.6573909907417081,0.29447907506967874,0.2756893881511786,0.3984181076357749,0.3245685563318293,0.3656801894459632,0.3754873148236503,0.2703755638010502,0.3590838520678731,0.29821785108754084,0.43963287292303577,0.36106413976810653,0.2360308207067128,0.349346555265215,0.37784663785546363,0.25686373569754195,0.34476730624572977,0.45500273700936994,0.36148939827039334,0.3707023041053481,0.620202621413059,0.833916153438103,0.2873215642960792,0.23956816690020083,0.3064014434601113,0.38235259488853873,0.4317240270000346,0.8902206237045476,0.28951663610213413,0.38919180591708397,0.81961947856279,0.3681925440960517,0.2789010716967618,0.6394114374744571,0.5989247783181506,0.5759513167721269,0.30125873843866563,0.10871523165337763,0.3073221452711309,0.429604615904687,0.4160054345967279,0.4986643154436044,-0.004909342875196142,0.46941546225672076,0.5706488618723153,-0.13543819626293688,0.7755486301289259,-0.109659330607628,-0.25223111942931736,-0.1147466698854614,0.2593375431508991,-0.12986542875612792,-0.22442937400860424,-0.16202272964981165,-0.04637923894111278,0.2639323692031106,-0.008288294380370055
1.0289605116033769,0.4747106753808542,0.6170620323148565,0.38093755206898605,0.4188865926995059,0.5235834779480405,0.2753517896425812,0.42016282697839,0.07777409750462985,0.27901053233325046,0.3274447151378789,0.32224401676545555,0.4130314780464208,0.3642659278526299,0.2399484961874625,0.324787062748837,0.39184023118030853,0.3633873237892698,0.4479331232532882,0.14896988335128664,0.276744543238386,0.09185250946269449,0.058208201182547485,0.2873215642960792,2.9892794536237735,0.25724312331730464,0.38729733543517664,0.20132813182821774,0.7332374130109985,-0.02368948594083001,0.5148138004676442,0.28487023824351665,0.24642121883258983,0.4259099958428433,0.0976539870359184,0.6573328161161979,-0.017238110167884728,0.3500003121915023,0.06801606282652313,0.09426679502350087,-0.08825337930918913,0.15393244006015142,0.15666875880855125,-0.04925393916586195,0.09753128584359054,0.624220196165579,0.21423106555654464,-0.18116933549137992,-0.8630221550299172,0.23824993200664005,0.01537665265492646,0.7740106214467107,-0.09892774969903283,-0.15135998150864383,-0.05761656536463708,-0.19141803122902176,-0.13613247391990824,0.09064779563131711,0.17391972575696005
0.25656876319617195,0.37732412977784124,0.48425234506183473,0.2957855130908619,0.3074015760336956,0.5909583754921015,0.29230811206701207,0.3989406930353822,0.31033139346783317,0.17358684483668993,0.29049231556073835,0.3197409091619327,0.2874266153053771,0.3292517466763245,0.22739987375153312,0.3331869937464658,0.22701140084055937,0.29916506325646275,0.32958208435453684,0.48379145437355375,0.2939295019522234,0.32173783888040075,0.061828788911960815,0.23956816690020083,0.25724312331730464,1.7103101978418362,0.2720635810512269,0.24781328986373222,0.19552347222963146,-0.37198704167987484,0.37275473615923665,0.5303022105255081,0.057963481344091745,0.36415112524439885,0.23137727992002732,0.35088406923081106,-0.36310396900779296,0.15502667265889153,0.07407937899367155,0.30034563009625626,0.14860872108387116,0.6363968002472085,0.17533270503601067,-0.06670307801128955,0.07243393625391298,0.20852671590924324,0.14549286187717544,-0.04781094767133041,0.32188540064231835,0.3065229185533999,-0.21060956133030415,0.006531400587432635,-0.3106648845868062,-0.10142271383373719,-0.3575350203326273,-0.03731003528485071,-0.08723456167035784,0.5072591096351219,-0.3244527887823912
0.46989142307654375,0.3489612444248037,0.6726345631742418,0.312968350805752,0.28444053297538757,0.46881897831201386,0.32762723093283175,0.3909503676619462,0.3339413867001984,0.2932245864670356,0.36137717115399903,0.38681630738136197,0.4238926612992349,0.3181098644073141,0.2222289419845957,0.3744760005199971,0.3434285046557284,0.29526285025980165,0.33771308166205516,0.44107225832974667,0.25503343196445366,0.35022966103772674,0.236085910193643,0.3064014434601113,0.38729733543517664,0.2720635810512269,0.7989649510076284,0.2482983597572428,0.3939061040050873,0.3847796717825059,0.3297234912243129,0.34252048658773415,0.24950601646363096,0.32976755110620776,0.3138925231554874,0.5928268325573642,0.32455627973874046,0.31931550062010033,0.1590953131842319,0.19827609797040818,0.2313594603628276,0.35214227082442895,0.35951081115922795,0.08039444912840768,0.05225566963540797,0.4172135739929005,0.3253753624500265,-0.09449172482150305,0.30948007279506967,0.11839397812935859,-0.1376571250558967,0.303272606745491,0.046718240831197,-0.09791163220487956,-0.10339563094411967,-0.021959858217585972,-0.09079976495636521,0.13683531732411264,-0.019766763441449547
0.19776625770586617,0.38078619724880713,0.47074535390962924,0.21657041314765443,0.15538796301714453,0.29635291198831715,0.21935151634813396,0.19674279825132396,0.3151086614534345,0.182965265455304,0.23282329308382424,0.12983223545544678,0.23643249793726417,0.2849962179036218,0.2570322994416426,0.27733315684577303,0.34076619325233465,0.24644253910642464,0.3555440161881459,0.31050567868527984,0.339478521665037,0.28983753988788624,0.0616778158838076,0.38235259488853873,0.20132813182821774,0.24781328986373222,0.2482983597572428,1.3054740365044704,0.1339858924402996,0.6999279338819352,0.3996126734907739,0.15738089365476715,0.5682004962293351,0.19534930625953842,0.8315472038436915,0.4048608998722053,0.7226647019144357,0.6273331349849958,0.2566176419772368,0.20753651784760654,0.37888209578417525,0.2969898607355557,0.46951186822103635,0.5135858691632326,0.4233208413194293,0.2629004957019913,0.4100300261432337,-0.08340339358136276,0.26101076127792155,0.20875869860675908,-0.1743423324391187,0.6665640499738441,-0.8418029671293831,-0.028980976832981627,-0.15850758532563577,0.011046257679696803,-0.2177288005427105,0.20841466146284252,0.04465525854499984
0.6424587625086532,0.3990758026205482,0.9091294141321263,0.39548063721548643,0.3239231511154208,0.6677896816469078,0.3634520423547384,0.5623699820080359,0.3523555455932651,0.41900163504633076,0.5040402967519816,0.33966132911420754,0.6186772930707963,0.445896449188875,0.269932702754494,0.45536451542207934,0.5167257338503461,0.47179562062606945,0.5162868219339751,0.6673450834672389,0.29138689425002207,0.39514892731475665,0.5361333931319374,0.4317240270000346,0.7332374130109985,0.19552347222963146,0.3939061040050873,0.1339858924402996,1.8790497713304535,0.6825552904393677,0.21697049936547202,0.34281231841470844,0.14517670118351284,0.6328503681129166,0.3490773282072738,0.8041008952440349,0.05208720920994672,0.07849313408990576,0.09388243237437763,0.2812760475295827,0.27758537015842133,0.3918576529000398,0.3042517354492683,-0.10326084356844296,-0.34846466874278603,0.5824797569517024,0.5860146846514084,-0.2392339055510361,0.6449808752000225,0.12311291427313309,-0.2260401845597997,-0.03903346990765696,0.02312706958528707,-0.06429895130638351,-0.15464492649325076,-0.14956363276307696,-0.2891926304145904,0.28192267956053796,0.196022651218645
0.5166221230655909,0.4576923474588528,1.0177619870925927,0.31579111488786654,0.10170591166130219,0.40823055140676895,0.3857147741769647,0.4936776309997394,0.5461883199767498,0.5404878318047933,0.49242767805775994,0.3213294125654661,0.5331891500126722,0.5646177988398428,0.4999539981125624,0.5227731104036805,0.6174172543251158,0.3157548853260377,0.38332518374649144,0.8661275150860673,0.5465804165170388,0.5471465548547292,0.8667604049327712,0.8902206237045476,-0.02368948594083001,-0.37198704167987484,0.3847796717825059,0.6999279338819352,0.6825552904393677,3.872983955984401,0.2735923008676365,0.2053157248883843,0.45650260941798576,0.15231240580205543,1.7423423159480687,0.5847394073331843,1.5466264649829802,1.1288711601585115,0.9758023260046781,0.45693291712914075,1.5442275486806765,0.6250125132261731,1.3703931702318302,1.4097996868810816,0.48949071635658076,0.6234297931966841,1.4733948672892792,-0.22368768974988357,1.811027818431156,-0.6658948990783097,-0.2639747398565096,-1.0159826524883353,0.9213651402048812,-0.016770054478619793,-0.12922296414909404,-0.07500086083951513,-0.4234487338770123,0.6154306992731167,0.03457044450676023
0.5203192724910615,0.4353196604222411,0.6086715907348001,0.32449513161747684,0.30591987036571083,0.44427010847335024,0.28594280717720194,0.3715381575656053,0.3648963601010818,0.2502366218618481,0.3111404206815427,0.2744117776395038,0.3147230871437183,0.2665098254005426,0.25149843022399937,0.2968475868787542,0.3849804519580737,0.4995083142992844,0.3677555328801376,0.3795286921302022,0.3357508133510004,0.3383910118259687,-0.04198706050075673,0.28951663610213413,0.5148138004676442,0.37275473615923665,0.3297234912243129,0.3996126734907739,0.21697049936547202,0.2735923008676365,1.0737018480639955,0.3381944479433801,0.4028302658641141,0.21830969429651323,0.3199572787158627,0.7119727661501132,0.44884475954196795,0.4416092943116281,0.21381684215412522,0.14742388830090677,0.17205936846381975,0.3235121723920169,0.25549008115325317,0.13476865597688817,0.34175596449291007,0.4787090196252056,0.36123880369682926,-0.09230819232185793,-0.21905418684071587,0.20440380867385166,0.028902850393413858,0.005052601300640002,-0.05986045390962393,-0.21235122066642423,-0.0929632461066551,-0.029061640182683326,-0.04362415855312061,0.06601374890244406,-0.05420963736741621
0.3933452695959368,0.27897690452497087,0.5697801492248077,0.26203739799039516,0.293891080964821,0.49046190278708723,0.3535043104783143,0.3480464275170424,0.3453090510108323,0.23724077402449614,0.3351348845720617,0.39127224857918047,0.4132945172862998,0.325363550933165,0.14801032857356458,0.3647490650489129,0.27956923039163545,0.2919097040307254,0.35274911326786795,0.3570178399222233,0.2972057316845035,0.4242855978435606,0.2781149208279682,0.38919180591708397,0.28487023824351665,0.5303022105255081,0.34252048658773415,0.15738089365476715,0.34281231841470844,0.2053157248883843,0.3381944479433801,0.702506058245832,0.17826591838834357,0.2786004738057218,0.14335293944899885,0.5302844986688544,0.053982442948848436,0.2564002096685947,0.24677048050264896,0.16832108050154268,0.2386707832650307,0.3925630542947086,0.1377996013150168,0.15201213924646,0.037760895972311664,0.3812725836085115,0.3430191988862336,-0.10250435323527808,0.428278225905814,0.06644356337701039,-0.09661475288621513,0.11781787288482932,-0.011227424459780656,-0.09133400911642763,-0.19389610155954387,-0.03740836229078084,0.3448188021007479,0.1465223274258386,-0.4452626640070812
0.2261907421190538,0.2543360440314538,0.5901833415325152,0.25052013090417125,0.26298425217909543,0.23144307795537492,0.3241707441291613,0.25640910814170753,0.438174875850346,0.13938006641094514,0.278690485137434,0.25234537597058293,0.3196794160253186,0.2526764748017647,0.2241350565444965,0.2462832908565322,0.41378234503679295,0.23722145815385962,0.40657332193610946,0.2335058307467663,0.4014961207271069,0.3154135080192881,0.5126202233751032,0.81961947856279,0.24642121883258983,0.057963481344091745,0.24950601646363096,0.5682004962293351,0.14517670118351284,0.45650260941798576,0.4028302658641141,0.17826591838834357,1.9573638417217436,-0.03256564754073352,-0.5461581473630934,0.5297133810046005,0.9164488308598443,0.663702445455111,0.42971517122015135,-0.165148228692493,-0.06350407381741663,0.3517610116151036,0.213227565476615,0.5042330505410071,-0.03103311811954692,0.4472091856407825,0.4740031007475375,-0.10548591626449044,0.7990149121946698,0.05855027122507206,-0.34467666002602465,0.030262625812678808,0.08160247909335727,-0.2621253329050361,-0.24183328442764748,-0.06380147496563522,-0.19694227376390772,0.2056565395602906,-0.006470093964896118
0.1614479451952525,0.1752501793814736,0.5280323333130799,0.3450610636519751,0.37636330543365154,0.43474681092464473,0.28205233120013207,0.3900231875888223,0.2621762949179043,0.3604895368530123,0.3436196217266764,0.26035728822951404,0.42825735393021963,0.31329082778749,0.21124018296127484,0.33884219632268797,0.33346427931792993,0.36424512239146484,0.22675296588579136,0.5595487615818114,0.1614580199226409,0.3098184012517921,0.4189405355193868,0.3681925440960517,0.4259099958428433,0.36415112524439885,0.32976755110620776,0.19534930625953842,0.6328503681129166,0.15231240580205543,0.21830969429651323,0.2786004738057218,-0.03256564754073352,1.8641026024154426,0.7920799741720626,0.43540438525468844,0.6420998200592519,0.41561528962204747,-0.31462334756203564,0.1769462798671785,0.1709594405728251,0.4427619714237179,0.5252527636404454,0.20869413667229655,-0.19425699622206832,0.3823121046267681,0.49730373404984557,-0.112603585582178,0.3190149545133537,-0.17632169675565973,-0.10821520821593739,-0.255511277359376,0.3275545727556308,-0.08002873916465052,-0.17352165981672557,-0.03465760891240142,-0.19030529452729386,0.12124928440883162,0.21692578598512927
