6.594379754068787,1.600393449343291,0.19303275281611615,0.2974775432356246,0.6161350430737329,1.224861813215379,0.49535730932685745,0.674793258350023,-0.18801708922987476,0.3982181339553691,0.4402054515209099,0.633563297781016,0.5027585581300728,0.5534740290233016,0.6656300329460438,0.5184122783853806,0.6931344689475833,0.4441575139370788,0.5364071243923915,0.24648439872352199,0.28400181662877083,0.3295966420437324,0.4887715881495008,0.4761439531706505,0.27699791795591006,0.4615352493916669,0.6285587922437308,0.8192296826075105,0.40514454080439516,0.5665271541168804,0.560078969362213,0.5825255603344872,0.4596214651480461,0.5969408747124968,0.6302427235377295,0.18461830655921327,0.645740860135554,0.45168077269624934,0.578674092283125,0.23591994649696085,0.5445109056083015,0.5643971560456138,0.5297684851566915,0.44119115449984936,0.48526351015809766,0.49288163136752194,0.9762737581531067,0.029168862533212235,0.17022061815044892,-0.01288350375330977,-0.11307598381227842,0.009433349942942338,0.09755109484598555,-0.1020443148997084,0.14855760350247998,0.0038025495820568364,-0.0733587199357768,-0.2984610663131487,-0.04622137413169683
1.600393449343291,3.402623391941553,0.5505120942554067,0.7224261494124924,0.5921411252554987,0.7925581660216884,0.5075773342133495,0.5641088206429861,0.4825169545643635,0.5950846761028545,0.5378716283074572,0.5945274295692756,0.530427316051548,0.5335540403534458,0.49973061065618046,0.499132272175135,0.6221329031386289,0.6673097602300702,0.600190525091465,0.5826072139109807,0.44898964158851834,0.5995896893337562,0.5502501702219424,0.48067050729969546,0.392022652472676,0.5111904716718993,0.550782678607008,0.6580013841896487,0.5513423879864028,0.49016769260910026,0.48343783702163223,0.40556981253552643,0.45301990696322897,0.5415975318653147,0.5619917190170817,0.3640922434763472,0.5589776495826619,0.5172782286713906,0.5789570868051899,0.2721824670860997,0.4819807857409014,0.5758850093911175,0.5460489231202197,0.18287614628120072,0.5026270636207144,0.37770653820230143,0.7291335707203745,0.052771657679285426,0.2227273920156703,0.06379697619992007,-0.1984866819959005,-0.25864360862942376,0.01517241979992811,0.15116591543928645,-0.265293338219324,0.21693227651888886,-0.34660103574198636,-0.062485894190410673,0.0034509801880514977
0.19303275281611615,0.5505120942554067,1.5351628778770685,0.36848539408183845,0.35185822128377564,0.5234055628043313,0.36561479464132984,0.428306619939358,0.3541652589813053,0.3471560075175325,0.31910664170491554,0.4203213523353652,0.3130833198629534,0.4054848058101836,0.3644076905985159,0.3628351534057259,0.45228979029817457,0.43894475165703667,0.47756883335600214,0.5642796637059169,0.40238163586677234,0.4515413200120068,0.444848714133683,0.3903821849073575,0.39190562727454165,0.47937689363252495,0.3756403463011797,0.45975764946467945,0.38735467086372066,0.34192587945473846,0.4554696947643767,0.36212376178744243,0.4469101514544577,0.4303001802145554,0.4451983883664524,0.2964628572694047,0.4456668798259539,0.3493498601417294,0.47906062338700967,0.19340493110005838,0.40877235280904606,0.46530803555192485,0.4327351096052417,0.4124143839802975,0.395831761416554,0.2173316998548159,0.3909661201365703,0.014888050378634419,0.2609558821135821,-0.13961562653604237,-0.025936642825288896,0.045115092638129795,-0.046309232179475794,0.08751849024215778,0.24549321707190783,-0.07317681042407238,-0.013251669842456888,-0.29537272162995587,0.16636830100895034
0.2974775432356246,0.7224261494124924,0.36848539408183845,1.5679619091436836,0.5958083320254237,0.5606480937728661,0.46732019564782207,0.4262849140992025,0.504843595255249,0.5068138896607257,0.48890445951499195,0.5136352486287707,0.48145947452505045,0.5104189741978014,0.5123817881411885,0.49285419182765355,0.5302533230397137,0.6664700039241181,0.6440179602347914,0.6060470946766415,0.5076952751037733,0.5877386358410619,0.5170468614740905,0.4573442225577237,0.4972368664433431,0.5255353041074067,0.5493436465449019,0.5700606998774564,0.6365976028633962,0.4548936242572806,0.4077921838497162,0.13976436252649213,0.4954971286273389,0.5079160139844798,0.5845247686993653,0.4678117013897678,0.49156251150652597,0.43990470232992823,0.42399971136304304,0.30018371998536725,0.45810408948256165,0.5439975701179105,0.4898620261169866,0.5637282727841962,0.427299196592254,0.6325782211432948,1.4711971013194234,0.030624494899077908,0.266282789379282,0.11890198479165547,-0.04246908591451121,-0.10489301980078068,-0.08707551799584917,0.08936453261699003,-0.04518097756207853,0.08953271979990987,-0.16001096849668547,-0.08121559864063026,0.0751545903210139
0.6161350430737329,0.5921411252554987,0.35185822128377564,0.5958083320254237,1.2257406755032894,0.5688107755583218,0.3604026276898801,0.4515205146247027,0.6021014708832234,0.5545228003709332,0.45587932999668723,0.4445262162820895,0.4328754267710725,0.4432611621763711,0.44726621280869855,0.43802848152089646,0.4043939024091654,0.6490328399595768,0.46544612347483266,0.41773235622632626,0.38732553655467405,0.4125311680168544,0.412951835861455,0.38032210715516923,0.2793833116156883,0.45607591864664543,0.475138287765474,0.4505961990630547,0.5987070309391208,0.3791950868739135,0.30893131994012873,0.2968989759794479,0.37226775628095676,0.4494934969466386,0.4433216188599413,0.33454924393878616,0.3868807171248603,0.34935359178451186,0.4813504193417575,0.2250392809557258,0.4331690744384954,0.509547493155715,0.4409656509861185,0.47056046033914894,0.38083440261779494,0.2641079054541962,0.6096572434882203,0.024130499055595,0.18060774653396508,-0.03130090583912196,0.10699409562630276,-0.019905922642717472,-0.023215533775894328,0.05564321767147326,-0.14875686923969264,0.161609302361574,-0.08567727607636788,-0.10539603133442119,0.10564374185320381
1.224861813215379,0.7925581660216884,0.5234055628043313,0.5606480937728661,0.5688107755583218,2.021773791385927,0.36182809737083726,0.4820221914204584,0.1894032219079264,0.43538918873561705,0.4834321764143768,0.5485751786419001,0.43973423883314317,0.47316118561052883,0.5273724112761694,0.4837421583324326,0.853061509245994,0.5847070664286428,0.6306992189195301,0.4991622236599669,0.452398941181722,0.5087519474239871,0.5157395885133945,0.45802377128422467,0.4028837261095614,0.4493517668371096,0.6483136139123045,0.5940592910746386,0.5080795776849559,0.5179897044616899,0.43888933704444094,0.40986275232375674,0.49269467187975086,0.585393703197744,0.5967619942036694,0.3591470095265171,0.5846106529551999,0.4427492025451965,0.5993415311330201,0.23387690782879852,0.49367997453373175,0.5554645280367732,0.5397302658780084,0.43077622043128333,0.5092603744145044,0.32290026966400376,0.6582677257985186,0.03189521902063941,0.20188449889999974,0.1694898206449812,-0.17526639392437926,-0.1155075888074998,-0.11371219217062861,0.15418962903571978,0.07003527689278911,-0.03943433335166668,0.011499369250820115,-0.08739808597357392,0.056503692154310906
0.49535730932685745,0.5075773342133495,0.36561479464132984,0.46732019564782207,0.3604026276898801,0.36182809737083726,1.020282076556993,0.40517584573168214,0.6182033673824385,0.5234825340974238,0.5054909639397337,0.5506571538087304,0.49221668536949637,0.5186449322473513,0.682573635662241,0.5273397013792348,0.5168541102605991,0.4782856070243885,0.491398210511399,0.5271148534737651,0.5477658307033632,0.5398150889337108,0.518440849370956,0.529612335062692,0.4074722646802183,0.521618407206937,0.5696615257020982,0.5425643703224755,0.46738816119216015,0.4068334324014302,0.3041372634610312,0.4322703020708819,0.45797290844647526,0.603412191491567,0.47283445923904677,0.3464865640606722,0.4897283123176385,0.35490620469941203,0.47137604878258665,0.16196006696087928,0.455873855686772,0.4275728095643033,0.4398264250828791,0.3864434204559519,0.39812005342323514,0.283759203023168,0.44192538449208296,0.023519246526957773,0.19372607934937572,0.008816301672339998,-0.04711410249267767,0.02927642827755241,-0.08445399859874854,0.07128115251466613,-0.030073429576491503,0.06478563014962702,0.06040253029200545,-0.078007882892863,-0.061088649738199566
0.674793258350023,0.5641088206429861,0.428306619939358,0.4262849140992025,0.4515205146247027,0.4820221914204584,0.40517584573168214,0.994188263225173,0.4859746748690619,0.447667340854576,0.4689427352732573,0.4508565171583723,0.45671918339929984,0.49386243440485994,0.438752173356153,0.4366987933460979,0.5961153075720594,0.46687824154483515,0.48145173587932527,0.4629692119289697,0.5101635593064157,0.49537116357987077,0.4840389138752362,0.43836073049676244,0.37510753265312047,0.4067738792016282,0.4725379968770524,0.48310892307824677,0.422109160399456,0.36195200243626596,0.35664423240279286,0.36378005407119385,0.40403030700560244,0.4491039153371357,0.43437609255415843,0.318046408823756,0.4128928300528381,0.3289584639998395,0.44178669527683373,0.18355083860704957,0.37533385515965206,0.4259281347147482,0.3990532314747647,0.35475541228406293,0.3539860884415553,0.2789086801721062,0.5357331636859671,0.025320415547726967,0.2299356253666278,0.018063023068964405,-0.07076835538454851,0.04712479999953879,0.09628492164009744,-0.0028798488691210364,0.03526572453361932,0.07299878104948748,-0.09031801427273228,-0.1532422902406175,0.023425541423336166
-0.18801708922987476,0.4825169545643635,0.3541652589813053,0.504843595255249,0.6021014708832234,0.1894032219079264,0.6182033673824385,0.4859746748690619,1.6269656232636027,0.6957528549629852,0.6097435410491819,0.5944825881065453,0.6037759652562933,0.5354106264050261,0.5504524303649885,0.5591062478286531,0.5391920988076975,0.6212211351531599,0.5162097171563657,0.5827116710020457,0.5475061158679001,0.664343796688178,0.4989046521494384,0.5292717679720704,0.31728303487149123,0.5503060507776893,0.5302139013083905,0.5117021654284745,0.5844116013734282,0.434372239739574,0.3090439065416226,0.40074166056165195,0.43951786425622424,0.5430471485610293,0.46311833418152826,0.37689077605483495,0.43461268433919803,0.37526949028040607,0.5961592222869775,0.20927666538789316,0.4593187710255384,0.49857897437335885,0.47622944981176585,0.38195780397695,0.41300048111843074,0.2887180987589676,0.5331494257025442,0.02529877436886845,0.2195811429737811,0.06331444379149015,-0.06738190197549944,-0.03602316349138147,-0.0754932537284489,0.16325053100222683,-0.15187815651813885,0.13987502530635934,-0.05313104368054531,-0.0231839495268633,-0.009502766562206959
0.3982181339553691,0.5950846761028545,0.3471560075175325,0.5068138896607257,0.5545228003709332,0.43538918873561705,0.5234825340974238,0.447667340854576,0.6957528549629852,1.1443187060917455,0.6679415241551071,0.4704951584992207,0.4957319658272671,0.5063598930794685,0.4870209587694368,0.4677705033883494,0.5900992698355866,0.5555990248530228,0.45941627784301353,0.4618556389319601,0.4991188692658388,0.4920837426751595,0.4992253416673475,0.45180989259598453,0.34112856428232496,0.5381842251712257,0.47296511589864026,0.45440626221230823,0.5630345514396531,0.4443219429975766,0.3246449377536814,0.38910625239320895,0.41096476855211517,0.5041846658123068,0.4360646668098371,0.35541322442185996,0.4430820784087588,0.3660694762375961,0.5176489395492022,0.22580886852411447,0.44109567978161923,0.4313869858649993,0.4208010562111095,0.3592606902791115,0.38217369864241607,0.22223295338500337,0.5052543454180743,0.027755685815736342,0.17696177378871794,0.15243779061749305,-0.09839043400262763,-0.11148460776381436,-0.058875960554175835,0.10237564984468749,-0.143325023795871,0.12811356691657272,-0.013058903729956741,0.014526223256968476,-0.08371259890805402
0.4402054515209099,0.5378716283074572,0.31910664170491554,0.48890445951499195,0.45587932999668723,0.4834321764143768,0.5054909639397337,0.4689427352732573,0.6097435410491819,0.6679415241551071,0.9341803819845429,0.5046305797964427,0.5197842124105032,0.49647492761978906,0.4730652232263967,0.47412735376612014,0.5367355911200326,0.495951751655497,0.4615145879334571,0.5029351322759527,0.5096529689874373,0.4941577415042189,0.4984469091041982,0.4559936379301091,0.3928566029759391,0.45721632903641835,0.478763315819124,0.47207102062154194,0.4915090400076809,0.3895108124225892,0.34384633137306414,0.37337191967096656,0.42604816875190493,0.49057541045426606,0.4304096940420133,0.31761267208249316,0.430078151847393,0.3534301964546794,0.46631313776277256,0.23230579006543867,0.3919073989387582,0.4238905291699065,0.40373111632096315,0.36669827863569426,0.3845203945244573,0.258589208406282,0.517804239123225,0.027501098716799618,0.20613726832125806,0.004494625134391923,-0.09623973264432592,-0.04128382413972986,0.00044661282642941095,0.10172747674063559,0.03130541110968258,0.020455650291431964,-0.10759862587670357,0.0024605377290000665,0.019987273461160332
0.633563297781016,0.5945274295692756,0.4203213523353652,0.5136352486287707,0.4445262162820895,0.5485751786419001,0.5506571538087304,0.4508565171583723,0.5944825881065453,0.4704951584992207,0.5046305797964427,0.9612893234643592,0.5493962986126555,0.5726984542813658,0.5427159729148843,0.511217002555382,0.6052927915349945,0.4431995386511036,0.5159989757033648,0.501483932408327,0.49355387995509836,0.5798241417840664,0.48502589040122884,0.4843135016950411,0.3286034230395535,0.4770022478095437,0.5321522167641799,0.4941220671675909,0.47745679336839997,0.3888445160561164,0.35266432001972814,0.3286297178761479,0.4265375789012233,0.5183368020637125,0.47963429964065857,0.3359821024710592,0.469869358005704,0.3748389864898179,0.5434950927115331,0.1405862284994488,0.4245384254730939,0.47448740622082086,0.4387673622352394,0.31943668913394857,0.40313030104465875,0.41708979027787124,0.6147577378017516,0.03379158846446674,0.21089756174736293,0.09154950357557674,-0.11197972894243195,-0.005529115768123434,-0.12056270347117984,0.08350782451176479,-0.04642844564930834,0.05609950721215508,-0.021302378236704476,-0.11805610402341662,-0.003161648973953652
0.5027585581300728,0.530427316051548,0.3130833198629534,0.48145947452505045,0.4328754267710725,0.43973423883314317,0.49221668536949637,0.45671918339929984,0.6037759652562933,0.4957319658272671,0.5197842124105032,0.5493962986126555,1.249472027480085,0.5591923525061042,0.4862610626336926,0.46629887069572273,0.34541667961069494,0.46487903737853,0.4306729609809801,0.43095907652403437,0.5095041909503015,0.5466159502399851,0.4570087684430367,0.45464074234368357,0.2942695009325022,0.4129005898372149,0.4845788691724507,0.43981424093334304,0.44695978356034316,0.3450626342215024,0.31695632356200987,0.35670136515577716,0.3705866973415859,0.47677618727202054,0.4097526441735774,0.27857318210214255,0.40948735550253684,0.3194558104753387,0.4633026390594351,0.19358568087860023,0.3914873878253979,0.39641665363688633,0.3836389662882649,0.3229503756163118,0.35905676543202636,0.32081336850773634,0.5095827830821189,0.029099868805395085,0.2425405971099937,-0.14534700740356152,-0.03793776330455873,-0.05381802778156022,0.0008072835431343614,0.10965988650350766,-0.05358154406686352,0.08705195301342629,-0.006130746401137498,0.03815931828540613,-0.16429509882882212
0.5534740290233016,0.5335540403534458,0.4054848058101836,0.5104189741978014,0.4432611621763711,0.47316118561052883,0.5186449322473513,0.49386243440485994,0.5354106264050261,0.5063598930794685,0.49647492761978906,0.5726984542813658,0.5591923525061042,0.8497992672623057,0.540260886344314,0.5025310771532439,0.47817983436219386,0.5046416074069215,0.5379251094031308,0.4753196427574426,0.5106870139943038,0.470540853353974,0.4606129597630656,0.4758415151218287,0.3960639150234944,0.4640639698273577,0.49300823230101365,0.4899678526893109,0.4764172194688161,0.39060367996525847,0.3294035432470918,0.3278152585210966,0.43585706345150316,0.5088364258352818,0.4745140147855118,0.35787212629882115,0.44671477664356884,0.35501420413894386,0.5548314019838002,0.18045721539475615,0.42155820992558257,0.45752879799041996,0.43089585950760506,0.3609124077163256,0.39332895668604223,0.37964773803763024,0.5891608499327418,0.02669504359356563,0.2062903464966749,-0.04331243065136079,-0.07218573151066798,-0.05232480849708016,0.026381061049872204,0.09261850106819058,-0.03072647620312631,0.03963368060971216,0.0185254546297115,-0.07729989772535506,-0.0013344398414896833
0.6656300329460438,0.49973061065618046,0.3644076905985159,0.5123817881411885,0.44726621280869855,0.5273724112761694,0.682573635662241,0.438752173356153,0.5504524303649885,0.4870209587694368,0.4730652232263967,0.5427159729148843,0.4862610626336926,0.540260886344314,0.881327912202014,0.5488902420152176,0.5779719847739277,0.5040293689063636,0.5264197685421517,0.5069505403770743,0.5380452917599894,0.5292010250226996,0.47287590055851164,0.5279377142926982,0.40978223610183917,0.5227169268206017,0.5819863652947939,0.5639725998324622,0.4840892011773801,0.46089350452661487,0.3678519284865692,0.4095431792444077,0.476664432598557,0.6522650512048452,0.5037879591957154,0.36949872552819374,0.5413117560552492,0.37445011902625785,0.5292170699369914,0.1652602966885921,0.4618179650401319,0.4412403389515771,0.4351271619395683,0.4049276372498691,0.39832882133399405,0.32738435627993506,0.5342617898904569,0.021211908266589304,0.18586359189350407,-0.0356483280083745,-0.08311900244063819,0.055743024251383166,-0.059262459873808224,0.07403566828382831,-0.03480538309311383,0.024965915666226274,0.10286893420984744,-0.08557723052600491,-0.035647342245115135
0.5184122783853806,0.499132272175135,0.3628351534057259,0.49285419182765355,0.43802848152089646,0.4837421583324326,0.5273397013792348,0.4366987933460979,0.5591062478286531,0.4677705033883494,0.47412735376612014,0.511217002555382,0.46629887069572273,0.5025310771532439,0.5488902420152176,0.8676175650847161,0.5488509027290475,0.524226197114594,0.5309109763057009,0.4834977150722038,0.4966531433427506,0.5478840353153485,0.45725756647889626,0.6211743489118279,0.430537039029813,0.4847827372734911,0.7805548093994956,0.5272102542686571,0.5110357035859964,0.5034917139104582,0.39827583360484387,0.4670688617612185,0.4642590943323495,0.5294776918054025,0.49209161425118036,0.32580878825644816,0.5001960544467351,0.3886583069005466,0.5266939786253455,0.1841860133940347,0.4541156846330727,0.47011853018855776,0.4520483094070481,0.38173380656419315,0.3893248048341082,0.30685555752463345,0.5200337933419036,0.023887983804244596,0.21663396896361245,0.014316306713244846,-0.0774729377870581,-0.002558903329551074,-0.05456015280242705,0.06497107994297227,-0.09350150010237163,0.05382780577523997,0.04451756216428039,0.0008473927711062884,-0.03748610418116706
0.6931344689475833,0.6221329031386289,0.45228979029817457,0.5302533230397137,0.4043939024091654,0.853061509245994,0.5168541102605991,0.5961153075720594,0.5391920988076975,0.5900992698355866,0.5367355911200326,0.6052927915349945,0.34541667961069494,0.47817983436219386,0.5779719847739277,0.5488509027290475,1.5114621198816578,0.6231656362705924,0.6163925702908714,0.5729422243521447,0.49958315742279746,0.5761029781840526,0.5792954747514557,0.5087557200875167,0.5028163238093628,0.5113634228124879,0.6081572315566561,0.6131939199652385,0.5000413029170887,0.5088205377696036,0.46467372340906754,0.4592193524720617,0.5020471030997746,0.6021420671470642,0.5701839691536635,0.3248269227018968,0.5778539534971624,0.4370135542106131,0.5547413268506967,0.19053826443099728,0.45217566726298125,0.5170063772673701,0.4944366616418814,0.37091380314913713,0.46972400193491676,0.3091977305947144,0.5638470293743383,0.03218154079805275,0.14309111826837478,0.14268213274449537,-0.19073792107667323,0.023365007577548672,-0.08908615718733935,0.09927554488208722,-0.0485729682558351,0.03188840298574701,-0.09228253571269866,-0.13632241263135678,0.08199327822301875
0.4441575139370788,0.6673097602300702,0.43894475165703667,0.6664700039241181,0.6490328399595768,0.5847070664286428,0.4782856070243885,0.46687824154483515,0.6212211351531599,0.5555990248530228,0.495951751655497,0.4431995386511036,0.46487903737853,0.5046416074069215,0.5040293689063636,0.524226197114594,0.6231656362705924,1.4676745274622782,0.7086396669088092,0.616337334301203,0.5144270740313935,0.565659878627783,0.504263024590961,0.46852733579916384,0.34633153662801675,0.5163078148641543,0.5433395904173183,0.5233219431783731,0.6593511979317427,0.45778148166049,0.4000520288379667,0.4060307040293817,0.44667586092413175,0.5270568323230896,0.5781745256160681,0.33000165387806196,0.4909930675698505,0.4187183563979944,0.5790801589180737,0.2314170559806242,0.44456724458602764,0.514617843724937,0.45374078027168346,0.37813048380816916,0.4122118557830999,0.11943890886602083,0.27358906233142477,0.020636983389638423,0.35555610418407707,-0.03560076156616752,-0.08039279312615989,0.03196624564696675,-0.062156332952114396,0.08619803494803935,-0.16234211370234025,0.08963718877657566,-0.11204597969281875,0.029342487810952195,0.035831458265541946
0.5364071243923915,0.600190525091465,0.47756883335600214,0.6440179602347914,0.46544612347483266,0.6306992189195301,0.491398210511399,0.48145173587932527,0.5162097171563657,0.45941627784301353,0.4615145879334571,0.5159989757033648,0.4306729609809801,0.5379251094031308,0.5264197685421517,0.5309109763057009,0.6163925702908714,0.7086396669088092,1.3660656230504356,0.9385997729360603,0.6697211669382201,0.7181863827802926,0.6815133674942764,0.5672093388585897,0.44865826380009494,0.5810610686901014,0.5287499118257781,0.6044773226457408,0.5498606131721908,0.595486539563794,0.5225150592597675,0.48287433213911995,0.5922229412437785,0.6306509989675736,0.9514213100354982,0.44142831372892255,0.6416875178537095,0.5186230557760109,0.5877038636980779,0.32263882686149914,0.5284081209845817,0.5909861789294688,0.5508258117255291,0.5331051399692245,0.5450791263007307,0.2194085150254163,0.6465819981562513,0.023804654504066106,0.6207595529749335,0.08274055710647926,-0.14929494012941424,0.005678112381019695,-0.14000073224041903,0.08951234919825261,-0.18615601872850937,0.01836289492460171,-0.03579350504401942,-0.037020788281730686,0.09047939921147498
0.24648439872352199,0.5826072139109807,0.5642796637059169,0.6060470946766415,0.41773235622632626,0.4991622236599669,0.5271148534737651,0.4629692119289697,0.5827116710020457,0.4618556389319601,0.5029351322759527,0.501483932408327,0.43095907652403437,0.4753196427574426,0.5069505403770743,0.4834977150722038,0.5729422243521447,0.616337334301203,0.9385997729360603,1.795815265387563,0.7376840369331293,0.8239605425254206,0.9454551099157186,0.5616313828347281,0.5369368380891002,0.566005521464667,0.45955155595840247,0.6811353088836432,0.5351656463715537,0.5085959210105379,0.5340713837951176,0.6374396715701818,0.5905820359141494,0.7057993125022476,0.77735583092226,0.4196120589373686,0.6340723509078797,0.5227791492828013,0.5714170851372549,0.3306407940049337,0.511658063919702,0.6489256517343456,0.5617341208322052,0.5737066195299303,0.5672580279646766,0.23066092416926476,0.6230404846063987,0.037754694661091576,0.654888405982067,0.04790251942679006,-0.13186721655700007,0.005985583546264338,-0.08492027978229665,0.08234250259625202,-0.16003052575930862,0.0362581945708468,-0.08533011923380608,-0.19777740093907997,0.14846668555273212
0.28400181662877083,0.44898964158851834,0.40238163586677234,0.5076952751037733,0.38732553655467405,0.452398941181722,0.5477658307033632,0.5101635593064157,0.5475061158679001,0.4991188692658388,0.5096529689874373,0.49355387995509836,0.5095041909503015,0.5106870139943038,0.5380452917599894,0.4966531433427506,0.49958315742279746,0.5144270740313935,0.6697211669382201,0.7376840369331293,1.7970385703393028,0.7761535909132466,0.7351123436494666,0.7381686761115974,0.27607934315540156,0.5737713702955445,0.653742670714978,0.5862252043521208,0.6072495190384969,0.3949995648346579,0.4078094772106978,0.44063892599998705,0.4997647525656597,0.5954510537165386,0.5627237850833688,0.5477459083695394,0.5487070901003467,0.48919973257415217,0.5463088773480187,0.273995387531689,0.5438759307817587,0.5760583989593567,0.5495718525223664,0.5718301581342848,0.4886173031077022,0.20829174101553166,0.514661997889972,0.021258456742720623,0.3471827227687244,0.04295971673550605,-0.15571390419585912,0.17083891584287575,-0.07099948068583227,-0.02422374356590175,-0.09534304029337477,0.06328466772278664,-0.08971079653580294,-0.11161271982718131,0.06393469710511761
0.3295966420437324,0.5995896893337562,0.4515413200120068,0.5877386358410619,0.4125311680168544,0.5087519474239871,0.5398150889337108,0.49537116357987077,0.664343796688178,0.4920837426751595,0.4941577415042189,0.5798241417840664,0.5466159502399851,0.470540853353974,0.5292010250226996,0.5478840353153485,0.5761029781840526,0.565659878627783,0.7181863827802926,0.8239605425254206,0.7761535909132466,1.4596477654399589,0.6210833808135713,0.5839884171087254,0.5919324482298246,0.7434873408117831,0.6483520153797182,0.5926555467202476,0.5514370861282435,0.462069366195525,0.5087020077420058,0.5361834115405075,0.5696847239110272,0.5902059564526129,0.646489767270536,0.3840212346380282,0.5764727897546972,0.5204676354076772,0.5691134670214308,0.2820450228907599,0.5073483056350719,0.5632384148377623,0.5195116465319097,0.4602544900313988,0.4975399052583933,0.29207660031639743,0.7069971513675989,0.03643681778629581,0.5643923995391146,0.2109881847136983,-0.13681711892452358,-0.05261341785527078,-0.18255642610938766,0.11809567590190721,-0.19763879219460376,0.10769104111644351,-0.12942730113185008,-0.00898836494477278,0.06886270962501274
0.4887715881495008,0.5502501702219424,0.444848714133683,0.5170468614740905,0.412951835861455,0.5157395885133945,0.518440849370956,0.4840389138752362,0.4989046521494384,0.4992253416673475,0.4984469091041982,0.48502589040122884,0.4570087684430367,0.4606129597630656,0.47287590055851164,0.45725756647889626,0.5792954747514557,0.504263024590961,0.6815133674942764,0.9454551099157186,0.7351123436494666,0.6210833808135713,1.7841884958805536,0.5494047967705232,0.8944395366942297,0.44979226074313416,0.3509576333854452,0.6940478036265302,0.45055543285840083,0.4268024958850212,0.6354250366443213,0.7554937670268106,0.6894810684656381,0.9582288961954919,0.5937454662797399,0.396031549021274,0.7160473968255618,0.45814817778784794,0.605226615680167,0.2769310260621776,0.4980555445786627,0.5183356036982903,0.5249923526389273,0.4913887412144544,0.6010989320837387,0.1509041113492715,0.5667455376749901,0.026349078228881502,0.500409118191652,0.028544184578171105,-0.032607566267505994,-0.059421389236826695,-0.07592184296133508,0.01814392238276761,-0.14238737859917114,0.12827009953768786,-0.07360832999822368,-0.22225315253651987,0.1140738152992904
0.4761439531706505,0.48067050729969546,0.3903821849073575,0.4573442225577237,0.38032210715516923,0.45802377128422467,0.529612335062692,0.43836073049676244,0.5292717679720704,0.45180989259598453,0.4559936379301091,0.4843135016950411,0.45464074234368357,0.4758415151218287,0.5279377142926982,0.6211743489118279,0.5087557200875167,0.46852733579916384,0.5672093388585897,0.5616313828347281,0.7381686761115974,0.5839884171087254,0.5494047967705232,0.9975539478497127,0.39509835388257913,0.4842840010336061,0.5414139668678982,0.5482944817478248,0.48308119609300293,0.39863150079583703,0.4649068907356955,0.4946259196670865,0.496238045520251,0.5449214162233953,0.5088640093203224,0.3816148943725872,0.5434071722680649,0.4055121419859374,0.514845301807155,0.2512563191743527,0.5120689923028929,0.5183783561949382,0.5246849504338326,0.5545765554555513,0.4687027393967879,0.25167540794872006,0.5061290748214897,0.01771697983201674,0.3215100159006619,0.024656162589528227,-0.11673652532264799,0.04777877217068798,-0.07262965089997911,0.03522755969579248,-0.03455097050925344,0.02965882499848586,-0.011003446644535656,-0.09418195164416035,0.01276443418361372
0.27699791795591006,0.392022652472676,0.39190562727454165,0.4972368664433431,0.2793833116156883,0.4028837261095614,0.4074722646802183,0.37510753265312047,0.31728303487149123,0.34112856428232496,0.3928566029759391,0.3286034230395535,0.2942695009325022,0.3960639150234944,0.40978223610183917,0.430537039029813,0.5028163238093628,0.34633153662801675,0.44865826380009494,0.5369368380891002,0.27607934315540156,0.5919324482298246,0.8944395366942297,0.39509835388257913,2.8320735719764736,0.4757914172269277,0.482910138695824,0.6777624449613805,0.3577486954335197,0.45569234398799024,0.7171217116428587,0.5202348022914577,0.9393043378236302,0.6413779646313217,0.5189486661362942,0.4303836664010191,0.5924429291794268,0.38966105767853104,0.46722463074037046,0.18634797023317723,0.28622061954568173,0.3039055539646709,0.30692319099201143,0.3485107701953066,0.27418442484893635,0.2516167906869686,0.6560612813770559,0.02043809264345711,0.279379652008972,-0.013493699902708184,0.06406260439728649,-0.1416517979828121,-0.028796822792364198,0.05773411443030009,-0.25719911709912063,0.05954487048233734,-0.057169344740480285,0.18536102766833548,0.24995029259513388
0.4615352493916669,0.5111904716718993,0.47937689363252495,0.5255353041074067,0.45607591864664543,0.4493517668371096,0.521618407206937,0.4067738792016282,0.5503060507776893,0.5381842251712257,0.45721632903641835,0.4770022478095437,0.4129005898372149,0.4640639698273577,0.5227169268206017,0.4847827372734911,0.5113634228124879,0.5163078148641543,0.5810610686901014,0.566005521464667,0.5737713702955445,0.7434873408117831,0.44979226074313416,0.4842840010336061,0.4757914172269277,1.9422737572146906,0.5069491511295872,0.5775404567872073,0.5468508241446696,0.28955264751413806,0.41652153142359655,0.5429583383286568,0.5874675082311832,0.5700724558227062,0.5185222662879139,0.37260609324571914,0.5901444351168216,0.5642913939639125,0.5664806196068893,0.36982401070316323,0.6363838521122084,0.5780139801919932,0.5510932461178019,0.5590783299080169,0.5620939642251886,0.16863465494333646,0.5422748475097797,0.030142091189901635,0.318697645853959,0.034458124541760844,0.0024958464601080627,-0.16995637164235344,-0.1552545896059888,0.12855379738444225,-0.28582962671627443,0.22906011206459,-0.0895532842522028,0.037904397777197035,-0.009073425920505413
0.6285587922437308,0.550782678607008,0.3756403463011797,0.5493436465449019,0.475138287765474,0.6483136139123045,0.5696615257020982,0.4725379968770524,0.5302139013083905,0.47296511589864026,0.478763315819124,0.5321522167641799,0.4845788691724507,0.49300823230101365,0.5819863652947939,0.7805548093994956,0.6081572315566561,0.5433395904173183,0.5287499118257781,0.45955155595840247,0.653742670714978,0.6483520153797182,0.3509576333854452,0.5414139668678982,0.482910138695824,0.5069491511295872,1.9746708135625806,0.5931363195022374,0.5961743665479642,0.8385242733789697,0.42235544671729286,0.5178945157984622,0.5130325329438941,0.5345177525784229,0.5163905182034204,0.3041420292104086,0.5266238926263267,0.5132607167342862,0.5759565442201456,0.12507223336159146,0.49055305418315837,0.6169134835108966,0.5040644873087058,0.2889387002961434,0.3855667382428447,0.47844497690842436,0.6546912766838634,0.04636796352695893,0.12253013179168086,-0.0067574243230835536,-0.04894927939994522,-0.0008883564662998977,-0.05441132863877109,0.06679711647961024,-0.16263164549040202,0.09162308422522553,0.0526835934673235,0.10710416641190115,-0.036022198710492254
0.8192296826075105,0.6580013841896487,0.45975764946467945,0.5700606998774564,0.4505961990630547,0.5940592910746386,0.5425643703224755,0.48310892307824677,0.5117021654284745,0.45440626221230823,0.47207102062154194,0.4941220671675909,0.43981424093334304,0.4899678526893109,0.5639725998324622,0.5272102542686571,0.6131939199652385,0.5233219431783731,0.6044773226457408,0.6811353088836432,0.5862252043521208,0.5926555467202476,0.6940478036265302,0.5482944817478248,0.6777624449613805,0.5775404567872073,0.5931363195022374,1.5535098652870365,0.5284239907188156,0.6817833422647177,0.6392907975721172,0.7455024569331546,0.6943909296522212,0.7443947715697524,0.488185688684664,0.5108783618029397,0.706645249460391,0.4803124512892273,0.6393785124179844,0.368563637220799,0.5727906703688835,0.5958640553149964,0.6024359395658079,0.5370398344772213,0.5210659832610693,0.3089626641802396,0.7124970770065238,0.03748425457867647,0.14842709760819323,-0.21621802754660185,-0.12818110517139658,0.0781494147790516,-0.01423507467120319,0.13270595659916373,-0.07512233337905713,0.09646005804167565,-0.07837903860197681,-0.17631315637481956,0.08691968718405943
0.40514454080439516,0.5513423879864028,0.38735467086372066,0.6365976028633962,0.5987070309391208,0.5080795776849559,0.46738816119216015,0.422109160399456,0.5844116013734282,0.5630345514396531,0.4915090400076809,0.47745679336839997,0.44695978356034316,0.4764172194688161,0.4840892011773801,0.5110357035859964,0.5000413029170887,0.6593511979317427,0.5498606131721908,0.5351656463715537,0.6072495190384969,0.5514370861282435,0.45055543285840083,0.48308119609300293,0.3577486954335197,0.5468508241446696,0.5961743665479642,0.5284239907188156,1.2199070012838424,0.47737426590471305,0.3753947802887032,0.3854972826143762,0.4899436113633864,0.4770094892482271,0.49731373095612014,0.533295966733705,0.42979540363591984,0.42681403397362216,0.6324619111505764,0.3750298961622682,0.48987536230636425,0.5459529433211491,0.48595847501309425,0.4487886112389294,0.365689568434757,0.15328922136848985,0.6015196040189968,0.036474588968240726,0.206448132562658,0.06763383267893353,-0.03741027621834579,-0.01380061009720872,-0.09973969633878595,0.07900772867817885,-0.0711922653141218,0.0512568056652418,-0.11013183982106323,0.044283842440285576,0.06302668612739747
0.5665271541168804,0.49016769260910026,0.34192587945473846,0.4548936242572806,0.3791950868739135,0.5179897044616899,0.4068334324014302,0.36195200243626596,0.434372239739574,0.4443219429975766,0.3895108124225892,0.3888445160561164,0.3450626342215024,0.39060367996525847,0.46089350452661487,0.5034917139104582,0.5088205377696036,0.45778148166049,0.595486539563794,0.5085959210105379,0.3949995648346579,0.462069366195525,0.4268024958850212,0.39863150079583703,0.45569234398799024,0.28955264751413806,0.8385242733789697,0.6817833422647177,0.47737426590471305,2.9606876002190323,0.5337990020515182,0.6118463304032612,0.7681455124798883,0.5356459306733105,0.5708236323125709,0.5162717280410973,0.5730672693486314,0.5589191563137018,0.6912353542094645,0.4622548070470241,0.46922896140634685,0.6282076308766448,0.44803459935292483,0.5241881658083949,0.17514818615869956,0.31608864031483036,0.6498670248582729,0.037246617379460965,-0.22539800583048497,-0.08558408873909329,-0.08785062482631303,-0.006337836389431818,-0.04373947959385187,0.10992436997812562,-0.14965028677296216,0.05266937895227944,0.08367956121094527,-0.005160750769447366,-0.02022457966043404
0.560078969362213,0.48343783702163223,0.4554696947643767,0.4077921838497162,0.30893131994012873,0.43888933704444094,0.3041372634610312,0.35664423240279286,0.3090439065416226,0.3246449377536814,0.34384633137306414,0.35266432001972814,0.31695632356200987,0.3294035432470918,0.3678519284865692,0.39827583360484387,0.46467372340906754,0.4000520288379667,0.5225150592597675,0.5340713837951176,0.4078094772106978,0.5087020077420058,0.6354250366443213,0.4649068907356955,0.7171217116428587,0.41652153142359655,0.42235544671729286,0.6392907975721172,0.3753947802887032,0.5337990020515182,1.7808423803385152,0.46487924800870906,0.5699225636751482,0.43024147026812565,0.5525793584140084,0.11685830285031949,0.8606861369965239,0.49570611862138775,0.41507558060858835,0.20268923746116085,0.3858776320206413,0.5296449101871623,0.4718180421203969,0.5554930238219364,0.39363665442591766,0.18722101206279892,0.46796795232667426,0.03126707290521161,0.6553922491149494,-0.19877413152063647,-0.007098885183978142,0.12247988324611725,-0.07126169227645003,0.002402598932940513,0.03737724760783905,0.04985916836601291,-0.11324608428038806,-0.18760005941352562,0.039965279851278096
0.5825255603344872,0.40556981253552643,0.36212376178744243,0.13976436252649213,0.2968989759794479,0.40986275232375674,0.4322703020708819,0.36378005407119385,0.40074166056165195,0.38910625239320895,0.37337191967096656,0.3286297178761479,0.35670136515577716,0.3278152585210966,0.4095431792444077,0.4670688617612185,0.4592193524720617,0.4060307040293817,0.48287433213911995,0.6374396715701818,0.44063892599998705,0.5361834115405075,0.7554937670268106,0.4946259196670865,0.5202348022914577,0.5429583383286568,0.5178945157984622,0.7455024569331546,0.3854972826143762,0.6118463304032612,0.46487924800870906,1.7600627590261408,0.5837325936362521,0.6623141559507109,0.38216701977955947,0.23856201997091553,0.5906453079107925,0.4173059344584562,0.6831692318026482,0.4392742755070817,0.5513358677785151,0.4025788246038194,0.4691246201816678,0.23190186479829375,0.4880951192191197,0.005646852951897762,0.2065324977906606,0.046525571908519275,0.25878247562554535,-0.08698114282692483,-0.03387661363703138,-0.06990180711246469,-0.0065565183716545855,0.03602886678486689,-0.09658154378994371,0.08858204387144798,0.06947265054864957,-0.13987580591432075,-0.01754357203351187
0.4596214651480461,0.45301990696322897,0.4469101514544577,0.4954971286273389,0.37226775628095676,0.49269467187975086,0.45797290844647526,0.40403030700560244,0.43951786425622424,0.41096476855211517,0.42604816875190493,0.4265375789012233,0.3705866973415859,0.43585706345150316,0.476664432598557,0.4642590943323495,0.5020471030997746,0.44667586092413175,0.5922229412437785,0.5905820359141494,0.4997647525656597,0.5696847239110272,0.6894810684656381,0.496238045520251,0.9393043378236302,0.5874675082311832,0.5130325329438941,0.6943909296522212,0.4899436113633864,0.7681455124798883,0.5699225636751482,0.5837325936362521,1.1817340936622869,0.6114362136680371,0.6163596557539025,0.5959666837252936,0.6029408690518375,0.40762972816776627,0.61047508351766,0.32791944327040184,0.5811118556188715,0.490019786344679,0.5262181798675734,0.5742287599511676,0.4787230670623971,0.25071843039473457,0.6231275854063891,0.00938535093671682,0.26782762066276006,-0.026400364275205215,-0.057822573906980056,-0.03696319520110303,-0.07888356968842125,0.1009619521555891,0.09176115756836747,0.0070867072522204306,-0.04858887380448427,-0.1472219668994673,0.09176494496804456
0.5969408747124968,0.5415975318653147,0.4303001802145554,0.5079160139844798,0.4494934969466386,0.585393703197744,0.603412191491567,0.4491039153371357,0.5430471485610293,0.5041846658123068,0.49057541045426606,0.5183368020637125,0.47677618727202054,0.5088364258352818,0.6522650512048452,0.5294776918054025,0.6021420671470642,0.5270568323230896,0.6306509989675736,0.7057993125022476,0.5954510537165386,0.5902059564526129,0.9582288961954919,0.5449214162233953,0.6413779646313217,0.5700724558227062,0.5345177525784229,0.7443947715697524,0.4770094892482271,0.5356459306733105,0.43024147026812565,0.6623141559507109,0.6114362136680371,1.4167962330521873,0.5879621789167908,0.3642403623055193,0.8244651284227262,0.45280312781688425,0.6557401989692659,0.14918212883588516,0.5689326051296951,0.4735331217160456,0.5246401118552891,0.584334986518641,0.5941280590066024,0.29405104925666903,0.5142229362308441,0.012356857500316953,0.22172773696250653,-0.08556859081673802,-0.06932824359730523,-0.03925590273093275,-0.11214213892228547,0.15804615020158028,-0.10638595808872921,0.08531206045522295,0.05697244778327615,-0.1064290137127924,0.023328122669513333
