1.201615428466144,0.4314402061819663,0.42677814157923394,0.13884850048694422,0.2906228946695327,0.13484877706731013,0.32516860695580224,0.20663763752221426,0.1618780386226054,0.19221643177406747,0.20199210020360558,0.22665647836700928,0.23027079779477744,0.2443272109592224,0.16191606333266098,0.17864562724483743,0.15823039400489877,0.28538872093583567,0.17810649829088596,0.10305996208817594,0.17297346414423256,0.3537403372323139,0.2150748779843865,0.1080257697070429,0.1926988707516372,0.17496097614105954,0.17350920587513333,0.14838172854408943,0.16181491684518612,0.20078983851256751,0.18362083806219884,0.2054751545635589,0.1631735194127668,0.042692795661321795,0.12338645106637502,0.19252953771785797,0.243913459590905,0.30827789226698404,0.1851659609780831,0.09853354330841413,0.2495754021097242,0.13948522005765465,0.18195958694097353,0.33940216324186484,-0.05330994340065837,0.2669521647366914,0.15757907504617666,0.013037445484368072,0.212883707045748
0.4314402061819663,2.7943477758818642,1.1400750423770967,0.19506587812624934,0.1809663780783263,0.16133441587518343,0.33185815905964955,0.2730540568281163,0.2914269069309819,0.2976113539211195,0.2918739222365201,0.28035683652029236,0.2601361441078857,0.1570654218252704,0.34463286884124206,0.150207334353679,0.2979936192243214,0.31381185371461484,0.16930571497948235,0.33984895855427516,0.23702473374759128,0.26059938838321656,0.07906154937250928,0.11679574979640273,0.22697496228930314,0.4396413967561875,0.23839030582650503,0.25300185074057074,0.4047903027985383,0.0767819762179046,0.24948074466559889,0.14074034596776985,0.17459092710599108,0.3611263405843722,0.3355768578886091,0.25203143196777084,0.6004717230525588,0.26910609665652796,0.17328189441806918,0.07189835010149132,0.26493032511677894,0.27115168756791946,0.34471257899149865,0.13980010710946608,0.4813441749901527,0.37771539098752266,0.16236464725575991,0.023905690051197876,-0.0015524763986099796
0.42677814157923394,1.1400750423770967,2.6256916456295145,-0.01195671277586903,-0.15025389630955352,0.22240097861601898,0.11087640173508811,0.2633700520524838,0.38111855807349027,0.1858493913039032,0.21005772035456607,0.21659151512099056,0.16226270122539685,0.12040424138282181,0.22689303031288968,0.08796857565245998,0.2927629448119596,0.12355484912778317,0.06762612373435725,0.19800664608135862,0.1679636031230825,0.2487727577825145,0.07288913194734616,0.12614827554297325,0.1968865377428851,0.3721702993364786,0.13461606899529513,0.17223651672213958,0.31072148966830987,-0.4001712542481907,0.16884600328797017,0.0998316243754994,0.08220736048465653,0.40281866490351964,0.22955899770836857,0.2470214572818918,0.31555805044210455,0.1705308942894356,0.045496594583767876,-0.19554495633510852,0.2175049307917954,0.20643803242877476,0.1348733267197174,0.09115998049738189,0.3597705093187413,0.3364086433482924,0.04442564795676908,-0.03567109659779496,-0.27673100241033055
0.13884850048694422,0.19506587812624934,-0.01195671277586903,1.0286809548525204,0.6600382222393123,0.27984518338883757,0.35671605384113686,0.3461803111815377,0.1110860137672505,0.34618090792497247,0.30356978100664883,0.32050188581494565,0.35204356870731857,0.28370371441488446,0.21679707545161658,0.2670340063108088,0.24213947420353227,0.34430169984037917,0.36253133465926785,0.22665251663644928,0.23698244243636604,0.3861382851267685,0.28218817677653857,0.20196629178450456,0.26825348518495584,0.2315589216484915,0.24920124365724747,0.17965111068982229,0.2701020948212294,0.21971177965340172,0.2571289489451273,0.2777909733314702,0.18436461797258316,0.34992497877393697,0.21268196511621185,0.2571077915138353,0.292964707853118,0.27575488433181594,0.2954675409917622,0.2280294634875984,0.3008063126274514,0.22757693644061366,0.2621695910465283,0.38200405328718573,-0.0002806094817411015,0.3366651974168155,0.35830644314741694,0.02100489677895519,0.11375158554985297
0.2906228946695327,0.1809663780783263,-0.15025389630955352,0.6600382222393123,1.3689993916931358,0.14930460510367313,0.3740975791316175,0.3168586945874125,0.016583048808756617,0.38951447243665804,0.29405183587033795,0.3080124524405679,0.390259425850232,0.25156825221028795,0.2565474417868793,0.25650770233187786,0.20029444110257644,0.3482927979744454,0.5724925027341069,0.23796528850288784,0.21114454431499047,0.3766943033645676,0.29769788321640883,0.19065342169670405,0.25124252736778935,0.1808618715570535,0.24677744402241308,0.17424931434191354,0.2760730485563674,0.32250887515747445,0.2476045366013585,0.25543013652227786,0.1862415625711564,0.28986824137486505,0.20948459135743486,0.31270806857034783,0.2262922065770375,0.23854197689189938,0.3097117604333572,0.23884714888634795,0.3341898007037315,0.22410037752635695,0.16527847087394754,0.37037666785809303,-0.12474112512341318,0.37426101973231085,0.30485904167666067,0.01771814076979978,0.14140433798161392
0.13484877706731013,0.16133441587518343,0.22240097861601898,0.27984518338883757,0.14930460510367313,0.852436225269118,0.07015236472498257,0.6053475989875333,0.2146414823790037,0.3153165297960974,0.4060448347857769,0.3263427248387674,0.3710371162949411,0.23689037884380643,0.21537242313565458,0.22441513033381924,0.34465048277589294,0.2832808545573301,0.4096675183079498,0.39359437532100294,0.29849844076470916,0.45714740791710207,0.23708324941993864,0.24310733933164008,0.31795179588655353,0.33915321261061343,0.2785460425832072,0.18587956714476328,0.35885713313773376,0.06904483185287845,0.2766543939601681,0.2480814082876456,0.14338265783143264,0.4604370441423994,0.18742120764720718,0.1844944377388345,0.3741152936163882,0.39752766619705693,0.36654614638072003,0.3054975134560106,0.24637103465339738,0.26535728970596606,0.39666129282514956,0.411030945565983,0.1672562353566277,0.32724042251517843,0.5274490983836597,0.024522809776593994,0.05849458617886096
0.32516860695580224,0.33185815905964955,0.11087640173508811,0.35671605384113686,0.3740975791316175,0.07015236472498257,0.7110924672102581,0.15648909160291982,0.2121024341220796,0.18602148104757457,0.26655992901540376,0.3588543873508146,0.3028623458632354,0.1060807972996767,0.14334056104880333,0.2560494073499726,0.2191193727172774,0.38030516117255553,0.18312102033678532,0.11950043176108711,0.21489287232036836,0.4137426941879518,0.27809070488275417,0.15872867909043606,0.22711494799739804,0.22771377668395446,0.23567494056139718,0.1500479095432289,0.1835818306361485,0.17914174587661785,0.2383146592685513,0.13830222372909007,0.20212507370811675,0.18648957663549345,0.11846862279722944,0.2533740598538275,0.24751194959911368,0.25125588827480194,0.22317482087308246,0.1793812473432693,0.1964962036742043,0.1831707258545457,0.23517680962270227,0.3170715916804423,0.06528705681754711,0.27268234281969833,0.05157871358168052,-0.007869389496979236,0.26270538255620646
0.20663763752221426,0.2730540568281163,0.2633700520524838,0.3461803111815377,0.3168586945874125,0.6053475989875333,0.15648909160291982,1.0577018825483968,0.04353820159461312,0.5132109447514259,0.4484296279509127,0.21936857826764036,0.4294684305626734,0.2567638432554871,0.29136444409047413,0.16249620332228493,0.4284959885969471,0.365308311488139,0.3915498427611765,0.3828714504377065,0.3257441121227533,0.4127610614756438,0.2813205802133989,0.22435506821350004,0.36902838268970595,0.33491261748114975,0.28436881960101185,0.2143440915293006,0.39179570084614707,0.12124706133765985,0.2973321346988407,0.2538603388197031,0.17537944191257596,0.5481915605029203,0.28262201332014497,0.1952419752170028,0.4642079254395023,0.35458757062713886,0.5314186271779646,0.3062647761751245,0.370037924425001,0.26717590374099603,0.40940913929448264,0.47638554631954644,0.12662580767532822,0.36828916599988487,0.7056401785890803,0.06604310734000472,0.05056332622068655
0.1618780386226054,0.2914269069309819,0.38111855807349027,0.1110860137672505,0.016583048808756617,0.2146414823790037,0.2121024341220796,0.04353820159461312,0.7514702992172072,-0.006057487008896926,0.11846932654086972,0.1947250750958913,0.1587404553853854,0.13678576557546102,0.003906809209034907,0.2716511225097956,0.1520889077695145,0.19070866917483212,0.10225726179397818,0.11996521221918992,0.158700828282724,0.27018302210468864,0.11590404365994765,0.11754650816992145,0.10628466651485136,0.260803141052642,0.1547887222342527,0.12743384787557668,0.1418374957249802,0.013333981709871387,0.16834736115768253,0.13731371630068429,0.09707168189377212,0.19601834515090258,0.14101786551986328,0.12206826592933576,0.20721418136415948,0.21684219252675968,0.11603471937473851,0.07523080674844661,0.09401107969368844,0.15521567171199707,0.21800731609628582,0.18432486273162063,0.18749111559432335,0.16105068637945547,-0.04536830797096174,0.00484686141520387,0.30361313386662864
0.19221643177406747,0.2976113539211195,0.1858493913039032,0.34618090792497247,0.38951447243665804,0.3153165297960974,0.18602148104757457,0.5132109447514259,-0.006057487008896926,0.9166237677136052,0.42178888921676944,0.27905364611246025,0.3906760311650957,0.26514694001165434,0.3669760208499199,0.11020032029088635,0.3895223815305303,0.3769464524591019,0.30888000912887353,0.2988464983590774,0.26740187011572364,0.34004878491914625,0.30357586175987095,0.2163465099400652,0.3096133983744695,0.189817669149187,0.27073818620142187,0.27446112275050516,0.34262218552821483,0.2952144549234605,0.2883202008451594,0.2811761650125821,0.25432969045217296,0.518915631026153,0.3465202387619648,0.23947375457271813,0.49800071884401265,0.32202871776939634,0.43512835981185494,0.27448235145947764,0.47162706178657954,0.24514405831707087,0.33176383494724904,0.5289978493613045,-0.11122522983636572,0.423684054821999,0.8249932922867106,0.09125392782442698,0.05146611009456188
0.20199210020360558,0.2918739222365201,0.21005772035456607,0.30356978100664883,0.29405183587033795,0.4060448347857769,0.26655992901540376,0.4484296279509127,0.11846932654086972,0.42178888921676944,0.663785525274798,0.39080921954093634,0.4749459444666277,0.21243083290287296,0.2877995369072345,0.24456180352443868,0.4788968213224441,0.3147836143102939,0.29101099175514483,0.32384228518206315,0.28113951522834946,0.4277783747025714,0.2625605072747641,0.24669364501542182,0.3093565416297506,0.32058521327634765,0.31453332269488343,0.26487149495622886,0.3240294242375759,0.17741672561341865,0.305571710133202,0.22927440709201913,0.20536764185850132,0.3985855014836623,0.3102057329317174,0.2564696345740894,0.4226900591947421,0.3430302091250696,0.37626257219946097,0.2699073892268542,0.3374604495201015,0.2854246274363734,0.31085993766477416,0.4361990491767995,0.02722427067454914,0.39231730769464135,0.519839997668788,0.039861231774515206,0.056049651382684265
0.22665647836700928,0.28035683652029236,0.21659151512099056,0.32050188581494565,0.3080124524405679,0.3263427248387674,0.3588543873508146,0.21936857826764036,0.1947250750958913,0.27905364611246025,0.39080921954093634,0.6661700039855086,0.3426834974743011,0.17794159587870279,0.16869591068649661,0.23141213452075238,0.2914913493855758,0.40467975880871565,0.2701849443449278,0.1941696620313307,0.23691394995607898,0.4159608063150563,0.2852533229778522,0.18294702274397445,0.2971298412455867,0.30136681014181105,0.3080338405146234,0.16372570535503883,0.251612671551951,0.08778593097269874,0.28937870460853343,0.210938726744702,0.2102237222811913,0.3111456152468039,0.14208072511486355,0.286608136523639,0.28532023225485925,0.31318022158064096,0.22021344951752325,0.22672761284819387,0.2290238079864509,0.21996860400163265,0.27506604061554324,0.3342838949944006,0.05549058063923569,0.3242412334825682,0.2763085907882791,-0.002751601521277423,0.11644042917523915
0.23027079779477744,0.2601361441078857,0.16226270122539685,0.35204356870731857,0.390259425850232,0.3710371162949411,0.3028623458632354,0.4294684305626734,0.1587404553853854,0.3906760311650957,0.4749459444666277,0.3426834974743011,0.8207085076970075,0.23489156900406305,0.07852191656088932,0.3034509986376066,0.4157038471034592,0.37796406556741446,0.35804256193595113,0.23233535877738734,0.29785616819705363,0.640913009598181,0.3003863927104407,0.22090094857016465,0.2747280032062629,0.26599142515334323,0.3430322550579437,0.2841916670369484,0.3172612568320214,0.2566278140558224,0.29897329738246936,0.24005954067390387,0.23037730055374378,0.3608875623325728,0.3355986877799994,0.2502942406088535,0.4112877871303089,0.3433501762025896,0.464876374747963,0.27621820449990203,0.36210847942601304,0.2599580399517525,0.3363105951109108,0.5850281832782235,-0.10556016353644966,0.39742032053031384,0.4876782282444847,0.016038021479281437,0.30431205252714427
0.2443272109592224,0.1570654218252704,0.12040424138282181,0.28370371441488446,0.25156825221028795,0.23689037884380643,0.1060807972996767,0.2567638432554871,0.13678576557546102,0.26514694001165434,0.21243083290287296,0.17794159587870279,0.23489156900406305,0.5995076512167988,0.17969809203445752,0.3123910729230774,0.21140000157227892,0.12170442647808584,0.2080358939424592,0.19596975098077885,0.1612225994711807,0.29134124725478033,0.14413702849839255,0.1589988702496524,0.2052455141024215,0.15113816864570623,0.16979262552763758,0.19384113088056018,0.20691935069635906,0.2287944197972501,0.1700869476459557,0.4634630869406899,0.12868116767720617,0.2786549048628441,0.2594353475364958,0.14842050200397797,0.2922928904785435,0.29265756725697745,0.19819330762839873,0.11466453997383982,0.3423184408936677,0.20660819682451065,0.17541142026263007,0.349129383187349,-0.1337780481441632,0.27642784002927306,0.3857007456995215,0.059468957349241514,0.3404811998378001
0.16191606333266098,0.34463286884124206,0.22689303031288968,0.21679707545161658,0.2565474417868793,0.21537242313565458,0.14334056104880333,0.29136444409047413,0.003906809209034907,0.3669760208499199,0.2877995369072345,0.16869591068649661,0.07852191656088932,0.17969809203445752,1.0856921378503797,0.04097831840580497,0.3079374863669492,0.10067045138868909,0.19301060044440468,0.2945130456815574,0.16157078909071013,-0.041331696782297984,0.21539181362330345,0.22309075825800923,0.34432858131633975,0.11280585116221115,0.14269857539130684,0.18806397178882456,0.31922704339965735,0.2766368938131706,0.16662500987307224,0.18102009092704016,0.10680756913639228,0.420030332100167,0.28312693368769043,0.2160367500182499,0.2938875745857135,0.058299873323098335,0.26125824885360344,0.12574518977470014,0.3499975834243634,0.19476817360961873,0.1779121244363006,0.24017618720965195,0.0021532141284592065,0.3721442891620588,0.44675013962169047,0.09933648329927998,-0.13737488690451094
0.17864562724483743,0.150207334353679,0.08796857565245998,0.2670340063108088,0.25650770233187786,0.22441513033381924,0.2560494073499726,0.16249620332228493,0.2716511225097956,0.11020032029088635,0.24456180352443868,0.23141213452075238,0.3034509986376066,0.3123910729230774,0.04097831840580497,1.4794256154503658,0.2872312528683676,-0.03219966125731805,0.17464824288815348,0.3004068101508499,0.20964777745615146,0.3044270994336909,-0.14447611350840453,0.18828768395612266,0.2777973387007847,0.1487732528213698,0.3523174454770072,0.2741652675737974,0.2475408083544887,0.31732505197732375,0.25055164175284866,0.20177413419355344,-0.03243534234479115,0.23167232997694692,0.5169531392399658,0.18572259478311953,0.4451711529281359,0.2573227937916376,0.34457766733344936,0.24342924945053093,0.23299702457949917,0.41779842300137005,0.2592956342325673,0.07497457490470504,0.38142751014478543,0.21937362513974645,0.19622889643689273,0.009080582191388329,0.19837492288536945
0.15823039400489877,0.2979936192243214,0.2927629448119596,0.24213947420353227,0.20029444110257644,0.34465048277589294,0.2191193727172774,0.4284959885969471,0.1520889077695145,0.3895223815305303,0.4788968213224441,0.2914913493855758,0.4157038471034592,0.21140000157227892,0.3079374863669492,0.2872312528683676,1.0940226274400329,0.045812326440814816,0.2243760914696321,0.4747989095930815,0.2605912167536728,0.3829851557584095,0.07214851339789179,0.2504852719229914,0.33081305579224224,0.3411491470527282,0.3408542976155617,0.4683648113169938,0.24100050352293206,0.22814349875178258,0.2886767334191491,0.19669268904444354,0.281835913908186,0.42363617820639277,0.46482930733730926,0.20364376863629388,0.7053996295475649,0.47617465975216205,0.23923106359327817,0.26551514802763215,0.37044872763818343,0.4316329083358764,0.4132543527566368,0.38352981652950496,0.23540359183931675,0.3942888657518763,0.6479933695916718,0.07367813007716227,-0.02351054290296356
0.28538872093583567,0.31381185371461484,0.12355484912778317,0.34430169984037917,0.3482927979744454,0.2832808545573301,0.38030516117255553,0.365308311488139,0.19070866917483212,0.3769464524591019,0.3147836143102939,0.40467975880871565,0.37796406556741446,0.12170442647808584,0.10067045138868909,-0.03219966125731805,0.045812326440814816,1.7510693488687052,0.2719419328192274,-0.27905596002801747,0.37013153895153644,0.6464676683509457,0.9481993846516364,0.07276519520561989,0.3344615875682877,0.20770643898572025,0.30269317817159636,0.1636988454213244,0.3041180853693302,0.23012958844298378,0.5535535885627493,0.16572597053112478,0.4639356255029614,0.3361437627360907,0.04795902786509114,0.4594346568028546,0.38341950294166166,0.3075078162118196,0.37238664377922615,0.25259559815672056,0.3481408704020535,0.03280581561801392,0.6216347284547107,0.9173355421022913,-0.18206960950909842,0.5124176273232799,0.5213356932795893,-0.031220133982390486,-0.10322502453917554
0.17810649829088596,0.16930571497948235,0.06762612373435725,0.36253133465926785,0.5724925027341069,0.4096675183079498,0.18312102033678532,0.3915498427611765,0.10225726179397818,0.30888000912887353,0.29101099175514483,0.2701849443449278,0.35804256193595113,0.2080358939424592,0.19301060044440468,0.17464824288815348,0.2243760914696321,0.2719419328192274,0.7312187938027249,0.31730841392550385,0.22419631242412272,0.3974358491751861,0.211910929130812,0.17758379591665416,0.23935840440839087,0.21046946936431335,0.2354491167347241,0.18127372154141,0.3019231252884313,0.2409121739527555,0.231083014309216,0.21346875826400544,0.1657366741065853,0.32745903951006544,0.18089811221912974,0.25681360097176953,0.245834039866935,0.2837746798646465,0.2961919719447456,0.2328462123007342,0.2839129007681064,0.21192071384997674,0.2601287175743869,0.3350676293858373,0.051688626147669635,0.3522795100378143,0.2896047186508955,0.007357606312650994,0.04456157341365118
0.10305996208817594,0.33984895855427516,0.19800664608135862,0.22665251663644928,0.23796528850288784,0.39359437532100294,0.11950043176108711,0.3828714504377065,0.11996521221918992,0.2988464983590774,0.32384228518206315,0.1941696620313307,0.23233535877738734,0.19596975098077885,0.2945130456815574,0.3004068101508499,0.4747989095930815,-0.27905596002801747,0.31730841392550385,1.5810362405981144,0.17029911224049707,0.015150432208981348,-0.08352034844985963,0.2631917609904742,0.2090094600789701,0.5202284809168428,0.33420752296210554,0.14388406823381947,0.4985938190260828,0.21200125881890175,0.11328892352333836,0.12841358169567726,-0.2497983698437803,0.5634126491025092,0.500326078807151,0.17135532428368133,0.5998323102530099,0.3985573542284206,0.16615707030574448,0.41939991792626263,0.2559491976790264,0.4746769150126929,0.4841797100288338,-0.4253686970888854,1.1144798973678447,0.2647733029350374,-0.0526170464269033,0.07413543265897952,0.3708657933076632
0.17297346414423256,0.23702473374759128,0.1679636031230825,0.23698244243636604,0.21114454431499047,0.29849844076470916,0.21489287232036836,0.3257441121227533,0.158700828282724,0.26740187011572364,0.28113951522834946,0.23691394995607898,0.29785616819705363,0.1612225994711807,0.16157078909071013,0.20964777745615146,0.2605912167536728,0.37013153895153644,0.22419631242412272,0.17029911224049707,0.5056075361774713,0.32839392086013314,0.24007406345935817,0.20129742261642128,0.23996509343757563,0.23966025968512605,0.24751836064249563,0.2758285118321791,0.2198388608062637,0.254769562954731,0.3346945148282398,0.17571947182065864,0.3727363552619056,0.27249184925313386,0.1969103834097657,0.20621886030279457,0.545221376214943,0.49127897435139223,0.379109272504945,0.3204080384044027,0.3181809619057911,0.2670299785959736,0.612521484521941,0.5306416598431009,0.3887774559101997,0.32533191155598623,0.4241710503709568,0.10084087921243415,0.05131576125221864
0.3537403372323139,0.26059938838321656,0.2487727577825145,0.3861382851267685,0.3766943033645676,0.45714740791710207,0.4137426941879518,0.4127610614756438,0.27018302210468864,0.34004878491914625,0.4277783747025714,0.4159608063150563,0.640913009598181,0.29134124725478033,-0.041331696782297984,0.3044270994336909,0.3829851557584095,0.6464676683509457,0.3974358491751861,0.015150432208981348,0.32839392086013314,2.4576369413633237,0.6098266608164677,0.23066812703520542,0.3184120048746665,0.3101556393817486,0.35272265069195446,0.36469497681146795,0.06947514135386196,0.3947833191622771,0.33710582130176764,0.32200279635917467,0.537670309622409,0.3183796844238683,0.25447324206059924,0.294353008318668,0.5237190823208029,0.715566750923745,0.40631535450003015,0.3621192772655919,0.34089941589322753,0.33591205434829896,0.4109747682139277,1.2671334508112975,-0.7255256063565562,0.6066948503444051,0.39993500413680144,-0.28081020825741626,1.2642485850762248
0.2150748779843865,0.07906154937250928,0.07288913194734616,0.28218817677653857,0.29769788321640883,0.23708324941993864,0.27809070488275417,0.2813205802133989,0.11590404365994765,0.30357586175987095,0.2625605072747641,0.2852533229778522,0.3003863927104407,0.14413702849839255,0.21539181362330345,-0.14447611350840453,0.07214851339789179,0.9481993846516364,0.211910929130812,-0.08352034844985963,0.24007406345935817,0.6098266608164677,1.5629748540983608,0.36165646660126144,0.3465843926791057,0.08473439050045231,0.12035920117604489,-0.09542399766158663,0.3563033187940916,0.28508427365489636,0.12957607403956609,0.19508538758511812,0.31685062492056515,0.3143767735044047,-0.1604721380114701,0.42340089525973085,0.02585079641689704,0.22479604532947933,0.24678389088122152,0.24319400243077816,0.44689368050986383,0.010456238508276355,0.3516491414349202,1.0830436121356675,-0.7948056614927983,0.5275365815099432,0.5564445785533356,0.006919210403473956,0.3274699599368142
0.1080257697070429,0.11679574979640273,0.12614827554297325,0.20196629178450456,0.19065342169670405,0.24310733933164008,0.15872867909043606,0.22435506821350004,0.11754650816992145,0.2163465099400652,0.24669364501542182,0.18294702274397445,0.22090094857016465,0.1589988702496524,0.22309075825800923,0.18828768395612266,0.2504852719229914,0.07276519520561989,0.17758379591665416,0.2631917609904742,0.20129742261642128,0.23066812703520542,0.36165646660126144,0.710084490255654,0.27209731047278934,0.09524265383764409,0.14429304995053405,0.15603334596965784,0.15442427184228202,0.2626333107750104,0.3102035848066684,0.13506344779571586,0.1096591105371377,0.0754124724413991,0.16754632183145854,0.25246291918745967,0.25680890821651536,0.2771067672614883,0.2103243471443211,0.18775041931611197,0.3343854208862635,0.17288318940432545,0.09227293800377614,0.3781048466688505,-0.15981034914685985,0.31794008834640064,0.3312341266547216,0.04712027602440822,0.09078513514206128
0.1926988707516372,0.22697496228930314,0.1968865377428851,0.26825348518495584,0.25124252736778935,0.31795179588655353,0.22711494799739804,0.36902838268970595,0.10628466651485136,0.3096133983744695,0.3093565416297506,0.2971298412455867,0.2747280032062629,0.2052455141024215,0.34432858131633975,0.2777973387007847,0.33081305579224224,0.3344615875682877,0.23935840440839087,0.2090094600789701,0.23996509343757563,0.3184120048746665,0.3465843926791057,0.27209731047278934,0.9633351138865209,0.16312678920888152,0.26973255541268754,0.15832661103185933,0.4268437517420128,0.15575317474892755,0.3060810895822634,0.19822343788760824,0.12911249346357223,0.496899337747266,0.2774172936518645,0.25960882077948166,0.3358133772859117,0.1887374090159747,0.35510539523005574,0.19840356762343406,0.2930149808678746,0.21462248391203792,0.3099056704802855,0.4070985179330043,0.037944268748488864,0.45147569576165625,0.4336039499469302,0.023010408947466005,-0.08290675849199966
0.17496097614105954,0.4396413967561875,0.3721702993364786,0.2315589216484915,0.1808618715570535,0.33915321261061343,0.22771377668395446,0.33491261748114975,0.260803141052642,0.189817669149187,0.32058521327634765,0.30136681014181105,0.26599142515334323,0.15113816864570623,0.11280585116221115,0.1487732528213698,0.3411491470527282,0.20770643898572025,0.21046946936431335,0.5202284809168428,0.23966025968512605,0.3101556393817486,0.08473439050045231,0.09524265383764409,0.16312678920888152,1.8998120094385755,0.23677721589690082,0.16703616262391752,0.0933769687297507,-0.3490152717250178,0.152558920307084,0.09940444444149049,0.17099853948646687,0.4591941558824503,0.22815078968178215,0.18248908098920613,0.14175652856652046,0.17636286079315255,-0.4481662922979108,0.23035322634036948,0.10635987607045795,0.4535610006958893,0.6570494305191089,-0.16117423852792245,0.9411200080046852,0.15622656602526377,-0.3119288240496113,-0.02418992719289598,-0.0025485447906402185
0.17350920587513333,0.23839030582650503,0.13461606899529513,0.24920124365724747,0.24677744402241308,0.2785460425832072,0.23567494056139718,0.28436881960101185,0.1547887222342527,0.27073818620142187,0.31453332269488343,0.3080338405146234,0.3430322550579437,0.16979262552763758,0.14269857539130684,0.3523174454770072,0.3408542976155617,0.30269317817159636,0.2354491167347241,0.33420752296210554,0.24751836064249563,0.35272265069195446,0.12035920117604489,0.14429304995053405,0.26973255541268754,0.23677721589690082,0.8476263329678192,0.25218771585552774,0.24697937421619942,0.2350982187161075,0.3244416905539025,0.23278037949892041,0.13414723964578415,0.3010168426296427,0.31141099461102667,0.3676346891422383,0.4562814345770422,0.41793223019339143,0.24884989610890998,0.28174785139929387,0.37022725204021073,0.2836600387812602,0.5664572270245213,0.05528236533208819,0.49605654960619594,0.3157946763667072,0.2263207386809597,0.012284277951135257,0.05558975210950691
0.14838172854408943,0.25300185074057074,0.17223651672213958,0.17965111068982229,0.17424931434191354,0.18587956714476328,0.1500479095432289,0.2143440915293006,0.12743384787557668,0.27446112275050516,0.26487149495622886,0.16372570535503883,0.2841916670369484,0.19384113088056018,0.18806397178882456,0.2741652675737974,0.4683648113169938,0.1636988454213244,0.18127372154141,0.14388406823381947,0.2758285118321791,0.36469497681146795,-0.09542399766158663,0.15603334596965784,0.15832661103185933,0.16703616262391752,0.25218771585552774,1.1369136878701138,-0.10288660275403241,0.5833124900717186,0.33684972680918435,0.1683398684046821,0.6660269276617863,0.24012755165013716,0.7351472254271212,0.16860667110119956,0.9341114602738416,0.4712297516089266,0.2937183291874462,0.2568803952415397,0.3160213422466742,0.34455457679144,0.5345876636127769,0.8465039655245427,0.08098506452453698,0.44911464982122534,0.5534755657527196,0.14021170191876645,-0.012629327421701843
0.16181491684518612,0.4047903027985383,0.31072148966830987,0.2701020948212294,0.2760730485563674,0.35885713313773376,0.1835818306361485,0.39179570084614707,0.1418374957249802,0.34262218552821483,0.3240294242375759,0.251612671551951,0.3172612568320214,0.20691935069635906,0.31922704339965735,0.2475408083544887,0.24100050352293206,0.3041180853693302,0.3019231252884313,0.4985938190260828,0.2198388608062637,0.06947514135386196,0.3563033187940916,0.15442427184228202,0.4268437517420128,0.0933769687297507,0.24697937421619942,-0.10288660275403241,2.4211949944758806,0.15256287369941937,0.0596536566624638,0.27943673134036834,-0.30282879609695684,0.642953903322157,0.25790324383674457,0.659349595329472,-0.30760568216916034,-0.24298447285297586,0.43519856672817836,0.10147547292470735,0.4495269956529478,0.1172457250424351,-0.0006933984568311152,-0.4053160617522596,0.35086313802543945,0.38007058722672504,0.4253451014343429,-0.12623079493618852,0.08497330366781358
0.20078983851256751,0.0767819762179046,-0.4001712542481907,0.21971177965340172,0.32250887515747445,0.06904483185287845,0.17914174587661785,0.12124706133765985,0.013333981709871387,0.2952144549234605,0.17741672561341865,0.08778593097269874,0.2566278140558224,0.2287944197972501,0.2766368938131706,0.31732505197732375,0.22814349875178258,0.23012958844298378,0.2409121739527555,0.21200125881890175,0.254769562954731,0.3947833191622771,0.28508427365489636,0.2626333107750104,0.15575317474892755,-0.3490152717250178,0.2350982187161075,0.5833124900717186,0.15256287369941937,3.741447169740918,0.24323540309092345,0.19188960532356827,0.23367734723925063,-0.20170943647937867,0.9229158408942102,0.21558214080578672,1.3617597318833872,0.8397027029616222,0.8285984039583654,0.1634107095996688,0.8923352946315668,0.2571467357766633,1.2161105318077772,1.2737053352024803,0.1896183737409117,0.4530194297758036,0.9349060706389665,0.26901156511518104,0.6922564892651237
0.18362083806219884,0.24948074466559889,0.16884600328797017,0.2571289489451273,0.2476045366013585,0.2766543939601681,0.2383146592685513,0.2973321346988407,0.16834736115768253,0.2883202008451594,0.305571710133202,0.28937870460853343,0.29897329738246936,0.1700869476459557,0.16662500987307224,0.25055164175284866,0.2886767334191491,0.5535535885627493,0.231083014309216,0.11328892352333836,0.3346945148282398,0.33710582130176764,0.12957607403956609,0.3102035848066684,0.3060810895822634,0.152558920307084,0.3244416905539025,0.33684972680918435,0.0596536566624638,0.24323540309092345,0.9314999125143765,0.14879356118946974,0.18965615384440035,0.19447171367168958,0.34688228226353784,0.42633194245859374,0.578015837036447,0.4642255015997282,0.3750658508662745,0.22393027053060477,0.3570039462928584,0.21951277740379702,0.24042257575475465,0.47270918811806223,0.18289842449936874,0.417195286367988,0.4412306949698373,0.007840470798768387,-0.3999049857512435
0.2054751545635589,0.14074034596776985,0.0998316243754994,0.2777909733314702,0.25543013652227786,0.2480814082876456,0.13830222372909007,0.2538603388197031,0.13731371630068429,0.2811761650125821,0.22927440709201913,0.210938726744702,0.24005954067390387,0.4634630869406899,0.18102009092704016,0.20177413419355344,0.19669268904444354,0.16572597053112478,0.21346875826400544,0.12841358169567726,0.17571947182065864,0.32200279635917467,0.19508538758511812,0.13506344779571586,0.19822343788760824,0.09940444444149049,0.23278037949892041,0.1683398684046821,0.27943673134036834,0.19188960532356827,0.14879356118946974,1.077624764107698,0.12495749345465379,0.40523049628314917,0.2014310306937667,0.20217250069507794,0.14572917808265604,0.3948187479140302,0.2508758739587212,0.08613841314413884,0.3885421071844809,0.19967145777103093,0.10768390547508941,0.42753959735842184,-0.25041870944815203,0.32193956932663065,0.4615485799413905,0.0460478696637557,0.21644943531769212
0.1631735194127668,0.17459092710599108,0.08220736048465653,0.18436461797258316,0.1862415625711564,0.14338265783143264,0.20212507370811675,0.17537944191257596,0.09707168189377212,0.25432969045217296,0.20536764185850132,0.2102237222811913,0.23037730055374378,0.12868116767720617,0.10680756913639228,-0.03243534234479115,0.281835913908186,0.4639356255029614,0.1657366741065853,-0.2497983698437803,0.3727363552619056,0.537670309622409,0.31685062492056515,0.1096591105371377,0.12911249346357223,0.17099853948646687,0.13414723964578415,0.6660269276617863,-0.30282879609695684,0.23367734723925063,0.18965615384440035,0.12495749345465379,2.3074790166511616,0.05267318745184217,-0.3630220418289976,-0.1732755395191529,0.9003441936174804,0.5389861985081028,-0.06989816251940617,0.31618812774589533,-0.36015312268801764,0.29954881288382124,0.7502521296498479,1.1336594178209318,-0.6429189154576964,0.4244898214307207,0.749236687361073,0.1712843603778376,0.24598438217350865
0.042692795661321795,0.3611263405843722,0.40281866490351964,0.34992497877393697,0.28986824137486505,0.4604370441423994,0.18648957663549345,0.5481915605029203,0.19601834515090258,0.518915631026153,0.3985855014836623,0.3111456152468039,0.3608875623325728,0.2786549048628441,0.420030332100167,0.23167232997694692,0.42363617820639277,0.3361437627360907,0.32745903951006544,0.5634126491025092,0.27249184925313386,0.3183796844238683,0.3143767735044047,0.0754124724413991,0.496899337747266,0.4591941558824503,0.3010168426296427,0.24012755165013716,0.642953903322157,-0.20170943647937867,0.19447171367168958,0.40523049628314917,0.05267318745184217,2.34446677289429,0.7916272957342391,0.04112442795958468,0.7194108613234428,0.007895588683129605,0.4583038597192704,0.21262496764288996,0.3466578758458429,0.4028975296715695,0.8066129591557099,0.5103885809123091,0.7391192978617753,0.4593500351091015,0.7410441388049621,0.11575499738380265,0.19610789907120604
0.12338645106637502,0.3355768578886091,0.22955899770836857,0.21268196511621185,0.20948459135743486,0.18742120764720718,0.11846862279722944,0.28262201332014497,0.14101786551986328,0.3465202387619648,0.3102057329317174,0.14208072511486355,0.3355986877799994,0.2594353475364958,0.28312693368769043,0.5169531392399658,0.46482930733730926,0.04795902786509114,0.18089811221912974,0.500326078807151,0.1969103834097657,0.25447324206059924,-0.1604721380114701,0.16754632183145854,0.2774172936518645,0.22815078968178215,0.31141099461102667,0.7351472254271212,0.25790324383674457,0.9229158408942102,0.34688228226353784,0.2014310306937667,-0.3630220418289976,0.7916272957342391,2.4717360008101097,0.12950057026118086,1.1242670292306178,0.05675714913635916,0.570357044393374,0.293754648538342,0.6119483443115628,0.4517834512148621,0.5143256540893806,0.42483174153486375,0.7991415430660733,0.5605816526033365,0.5538755526150433,0.11859100902297134,-0.30480404434973657
0.19252953771785797,0.25203143196777084,0.2470214572818918,0.2571077915138353,0.31270806857034783,0.1844944377388345,0.2533740598538275,0.1952419752170028,0.12206826592933576,0.23947375457271813,0.2564696345740894,0.286608136523639,0.2502942406088535,0.14842050200397797,0.2160367500182499,0.18572259478311953,0.20364376863629388,0.4594346568028546,0.25681360097176953,0.17135532428368133,0.20621886030279457,0.294353008318668,0.42340089525973085,0.25246291918745967,0.25960882077948166,0.18248908098920613,0.3676346891422383,0.16860667110119956,0.659349595329472,0.21558214080578672,0.42633194245859374,0.20217250069507794,-0.1732755395191529,0.04112442795958468,0.12950057026118086,1.9917395027444118,-0.24522498192135245,-0.021506801525658446,0.14420728339971892,0.0876502821515763,0.6856806758265802,0.16630225888495728,-0.724685058497297,-0.3581850970561065,-0.022055254987932513,0.5727954510584287,-0.03482024671988251,-0.394478113545916,-0.9317807435037938
0.243913459590905,0.6004717230525588,0.31555805044210455,0.292964707853118,0.2262922065770375,0.3741152936163882,0.24751194959911368,0.4642079254395023,0.20721418136415948,0.49800071884401265,0.4226900591947421,0.28532023225485925,0.4112877871303089,0.2922928904785435,0.2938875745857135,0.4451711529281359,0.7053996295475649,0.38341950294166166,0.245834039866935,0.5998323102530099,0.545221376214943,0.5237190823208029,0.02585079641689704,0.25680890821651536,0.3358133772859117,0.14175652856652046,0.4562814345770422,0.9341114602738416,-0.30760568216916034,1.3617597318833872,0.578015837036447,0.14572917808265604,0.9003441936174804,0.7194108613234428,1.1242670292306178,-0.24522498192135245,3.8914119331492594,1.351771175793514,0.6350250298494087,0.5309109175349233,0.38438852735027257,0.7405425659627067,1.451807619309366,1.2188859405354926,1.3636738439386107,0.9395153423028876,1.432530106392838,0.42578818775161087,0.2639317930459232
0.30827789226698404,0.26910609665652796,0.1705308942894356,0.27575488433181594,0.23854197689189938,0.39752766619705693,0.25125588827480194,0.35458757062713886,0.21684219252675968,0.32202871776939634,0.3430302091250696,0.31318022158064096,0.3433501762025896,0.29265756725697745,0.058299873323098335,0.2573227937916376,0.47617465975216205,0.3075078162118196,0.2837746798646465,0.3985573542284206,0.49127897435139223,0.715566750923745,0.22479604532947933,0.2771067672614883,0.1887374090159747,0.17636286079315255,0.41793223019339143,0.4712297516089266,-0.24298447285297586,0.8397027029616222,0.4642255015997282,0.3948187479140302,0.5389861985081028,0.007895588683129605,0.05675714913635916,-0.021506801525658446,1.351771175793514,2.754724591086646,0.5221244254633919,0.5348574798797835,0.3008267179843907,0.4605983159470806,0.8622155824888313,1.368354823324204,0.5668946547313725,0.3322177211218931,0.7680369815183887,0.22894485792153182,0.44306583602165733
0.1851659609780831,0.17328189441806918,0.045496594583767876,0.2954675409917622,0.3097117604333572,0.36654614638072003,0.22317482087308246,0.5314186271779646,0.11603471937473851,0.43512835981185494,0.37626257219946097,0.22021344951752325,0.464876374747963,0.19819330762839873,0.26125824885360344,0.34457766733344936,0.23923106359327817,0.37238664377922615,0.2961919719447456,0.16615707030574448,0.379109272504945,0.40631535450003015,0.24678389088122152,0.2103243471443211,0.35510539523005574,-0.4481662922979108,0.24884989610890998,0.2937183291874462,0.43519856672817836,0.8285984039583654,0.3750658508662745,0.2508758739587212,-0.06989816251940617,0.4583038597192704,0.570357044393374,0.14420728339971892,0.6350250298494087,0.5221244254633919,2.1093170094124987,0.3836409772765956,0.43194650624347947,0.07875991161982102,0.08239644683358656,0.8901946807988768,0.14802867321216567,0.24624315047225367,0.7294787571590793,0.13138914890986403,0.643646745776423
0.09853354330841413,0.07189835010149132,-0.19554495633510852,0.2280294634875984,0.23884714888634795,0.3054975134560106,0.1793812473432693,0.3062647761751245,0.07523080674844661,0.27448235145947764,0.2699073892268542,0.22672761284819387,0.27621820449990203,0.11466453997383982,0.12574518977470014,0.24342924945053093,0.26551514802763215,0.25259559815672056,0.2328462123007342,0.41939991792626263,0.3204080384044027,0.3621192772655919,0.24319400243077816,0.18775041931611197,0.19840356762343406,0.23035322634036948,0.28174785139929387,0.2568803952415397,0.10147547292470735,0.1634107095996688,0.22393027053060477,0.08613841314413884,0.31618812774589533,0.21262496764288996,0.293754648538342,0.0876502821515763,0.5309109175349233,0.5348574798797835,0.3836409772765956,1.7291570186878356,-0.17994600292324173,0.30605838680640124,0.4315251448544026,0.5745257302546509,0.2806941807551553,0.4811229078375648,0.258694223559718,0.07350612904076778,0.6795705327186475
0.2495754021097242,0.26493032511677894,0.2175049307917954,0.3008063126274514,0.3341898007037315,0.24637103465339738,0.1964962036742043,0.370037924425001,0.09401107969368844,0.47162706178657954,0.3374604495201015,0.2290238079864509,0.36210847942601304,0.3423184408936677,0.3499975834243634,0.23299702457949917,0.37044872763818343,0.3481408704020535,0.2839129007681064,0.2559491976790264,0.3181809619057911,0.34089941589322753,0.44689368050986383,0.3343854208862635,0.2930149808678746,0.10635987607045795,0.37022725204021073,0.3160213422466742,0.4495269956529478,0.8923352946315668,0.3570039462928584,0.3885421071844809,-0.36015312268801764,0.3466578758458429,0.6119483443115628,0.6856806758265802,0.38438852735027257,0.3008267179843907,0.43194650624347947,-0.17994600292324173,2.4640408301555583,0.17423290426892402,0.3348534405049166,0.587874663091057,-0.41710131726313043,0.7322102060377814,1.0945426812597703,0.2965887125895002,0.346049478983438
