0.694995446030496,0.20472777029290984,0.09962929187841521,0.14552243238504897,0.22463229723816416,0.1814244681340556,0.22436683577693958,0.19820308760289362,0.1466434806871791,0.17895127145295864,0.17873419797692217,0.19061246572005908,0.18241892415750827,0.19611704864450052,0.15900591833474328,0.18070951988234857,0.15502895481248954,0.18072595393680868,0.1095135055114399,0.1712377472486402,0.13952348272628892,0.1816164477548757,0.16179159638647025,0.14138684695171544,0.1822891497250532,0.1573621790947386,0.1651495742376793,0.07989485460788442,0.1981834171070853,0.06353104142452917,0.1479531688828547,0.17818704587480672,0.10192942653938371,0.14242501357471454,0.12239590499409388,0.13635403453329997,0.11514994519536542,0.11856846254252774,0.16747841757353082,0.13374353677310416,0.15723008220884208,0.13043679353917303,0.17949002909340825,0.1736950381560496,0.172972971835658,0.1343312730981813,0.12803063675463613,0.012024551867676574,0.1386721924346082,-0.053405335906541104,0.052295576909295025,-0.055495537642006765,0.04473242258963443,-0.011630332800301008,0.07021608161783217,-0.01284920070095386,0.0661915961118072,-0.07126806500152251,-0.04508819582727327,-0.023737869985512385
0.20472777029290984,2.951924038195065,0.270621992807212,0.20480768532175136,0.2705872229151426,0.2876526249862736,0.27706557297206497,0.2981775649434443,0.2935349736300801,0.3768612537130287,0.33348001937591326,0.2978266201623269,0.3475778419302312,0.19182754778422612,0.3667253186317664,0.23237447093173477,0.29636350870807115,0.4428433031561614,-0.06996179015803046,0.32203314253683124,0.32020180194668874,0.2076856486692543,-0.10706119370934902,0.10423617632889703,0.23921082625363596,0.34315977800733577,0.6780273759886212,0.43817906112385,0.42228892094035303,0.05780062081062773,0.30006218056408607,0.2559428623401644,0.1258332305115249,0.31645644487386954,0.47297126037389015,0.15330883072996204,0.2590398683734644,0.21169138786235492,0.21871279093352392,0.31056838596102837,0.1932191959462955,0.2997354378507391,0.19540968993594096,0.14487481884485423,0.6879477590699347,0.28771786221917084,0.2772335827193961,-0.03183866328820614,0.033572879627363196,-0.48390468986988483,0.7664622964743314,0.16897077589076132,-0.2904453779996057,-0.00033780900389556443,-0.2627555464799998,-0.015898091197724572,-0.16172176203591052,-0.04933506499821346,0.3670856077414864,-0.011812126032672468
0.09962929187841521,0.270621992807212,2.596665231526219,0.21186819028192935,0.20449980557635805,0.3566787402769468,0.19022962209756777,0.4774832794880134,0.6869100724300337,0.3601363826029014,0.1465783999287293,0.1993467995526025,0.3735086807414227,0.26036370362466077,0.2870539424497605,0.24584939258964952,0.4689752142045539,0.39755523559407546,0.6021844068520671,0.378685778956442,0.3132746160869479,0.4696301159284494,0.2180468820100961,0.3170678670628482,0.32024939418823106,0.3521739563490894,0.2069705479890416,0.4545806829985717,0.36368591645989357,-0.6392597979116724,0.3307248056652004,0.3061363593050552,0.3609387720491974,0.4673369682381288,0.6119999655866324,0.3396978737654523,0.5348825571939049,0.36813830122779917,0.16306669854874947,-0.5331725549052077,0.3310610335144351,0.32568554893970475,0.5020321133192253,0.6433002646896903,0.19199689188819266,0.6913492513959673,-0.04480525177154869,-0.08620467696462647,-0.8688518588150455,0.10196868140370656,-0.23941084579397584,0.40116523910599633,0.05574469455594938,-0.23949964720414657,0.10377134271185703,-0.045636807866374134,0.18928167124087372,-0.281118793025345,-0.09500762405404274,0.1210893639638239
0.14552243238504897,0.20480768532175136,0.21186819028192935,1.130770878648183,0.8807746150326098,0.4623115727894667,0.4083570355298701,0.4699695898435194,0.2612499903215732,0.4230515566641274,0.40585801925109377,0.40703116714491605,0.4095395479123464,0.4152217752553681,0.34146941241490736,0.4400486962692783,0.39697281393983685,0.3041339918589354,0.19076316737049004,0.3792500816670133,0.3084703963327476,0.36425090981834496,0.3704245114708189,0.31591502125761756,0.3105104279284196,0.3366253374734137,0.2713515484693357,0.14040126943403824,0.440633461602635,0.19075834063407496,0.24920669311098684,0.247014972779994,0.18717793683008974,0.47456807469711026,0.32730530344294795,0.1097887381322127,0.31189371654608106,0.2595363900719724,0.4255574145254471,0.27379751413368747,0.3078753790862242,0.28684650400158723,0.3789244257760683,0.6766830103086745,0.3201639011805329,0.245874424397117,0.31428986835075223,0.10594938237126106,0.24624188403340067,0.07906510742345488,0.1391864654168667,-0.23718358568852835,0.07869624956476237,-0.15186797929109339,-0.03143761451875578,-0.14769682610658244,-0.7925835264773089,0.193271524777821,0.7193957517648061,-0.3554840605795568
0.22463229723816416,0.2705872229151426,0.20449980557635805,0.8807746150326098,1.5624556363550977,0.34117339684114517,0.4332864379590577,0.5291031854862044,0.2693521392975104,0.43666633085728246,0.39897707400329263,0.3970236638591006,0.4622549335720606,0.4191740658187122,0.3638506947223152,0.4417573546904985,0.3623675640931089,0.37778216149556304,0.16963898656894796,0.3281068826445401,0.28175054495735075,0.3485465437080425,0.36039961086276145,0.31548500480119257,0.3290430958650108,0.40196926054185084,0.3149867898655109,0.19832124070573393,0.4643677828054841,0.07246437033554946,0.3091856829243068,0.33185908563488525,0.12307009872522884,0.5425040555897177,0.3609970454120697,0.14747572345116805,0.3302844030551122,0.23232556189535694,0.3702811675318444,0.33153908912563335,0.3016060245175333,0.300147995362323,0.27396288704611843,0.6246565205622875,0.35100877830431465,0.21300298755103045,0.26715942803428777,0.06554448731559,0.2532218469180354,0.08069151937852129,0.21497669050533422,-0.2576930883756202,-0.12415688158929264,0.02146497135444803,-0.020880032138508798,-0.09709530209415433,-0.3350652001703055,-0.006193544069340653,0.442138981926643,-0.334912000132713
0.1814244681340556,0.2876526249862736,0.3566787402769468,0.4623115727894667,0.34117339684114517,1.034375492878133,0.26127156856434397,0.5880519168386206,0.4273856282547625,0.47915108818862745,0.5481314607246518,0.5658934111351683,0.5025041272297606,0.5289297441608999,0.3960843263677123,0.5164227147731812,0.5090889734442736,0.30851419909060546,0.6601874308222307,0.6143867227492502,0.39938793975785447,0.4831118692652937,0.21535769048302944,0.42741107858062194,0.43440533776699986,0.4130882477099374,0.49504402153042326,0.2496457237915714,0.6086495432605671,0.0866905870451879,0.3878419763242682,0.4862610652639022,0.24293167899605975,0.49598342807527596,0.251779125060584,0.2891537164598074,0.39429628904600594,0.3802159795132497,0.48483253167445306,0.3441061842224621,0.4302322732226891,0.3585415494650087,0.5191708023209194,0.37603467810733476,0.532143688254008,0.35242714076656195,0.38587080971048077,0.04701529516604413,0.2564799094347585,0.09894907171022001,-0.01933597558516092,-0.13087399241187808,-0.067362785039047,-0.03145881580946631,0.022901421920627076,-0.075933698452944,0.045097290706514234,-0.10879018806090965,0.11247964192479357,-0.04702871150197711
0.22436683577693958,0.27706557297206497,0.19022962209756777,0.4083570355298701,0.4332864379590577,0.26127156856434397,0.6590828651406447,0.31015455002046083,0.35299997668061933,0.3059167852564203,0.3607377129404118,0.38362781306978666,0.32248231542106726,0.23600548286112813,0.18895634259349048,0.3005066862494927,0.32415034562094835,0.29385589181835475,0.1694315489471402,0.2540674310066964,0.26339659142214045,0.34393904309141504,0.25525640537654315,0.2629142146679814,0.27427301674983084,0.3041140359926286,0.3248680276974544,0.1391824464370826,0.32861279349106653,0.05511849472445998,0.257046289359744,0.25633490437024387,0.181330234450364,0.35852597456058843,0.23615329298279247,0.22894085555840238,0.20412833868658548,0.18752576071865076,0.33064502053695877,0.1901397842336779,0.17293153222720192,0.2369466921291907,0.2639882843829966,0.33495722244940535,0.2481125122743222,0.18172859492471802,0.13250841277534517,-0.0036147011846688897,0.24727839124102616,-0.12950348278131574,0.005554800086862613,-0.04610480074622006,0.17825935911915064,-0.0685959724047872,0.05617045448858729,0.053013797491718216,-0.045344810406352735,-0.08469878461261669,0.0005707279601400143,0.032179403066837114
0.19820308760289362,0.2981775649434443,0.4774832794880134,0.4699695898435194,0.5291031854862044,0.5880519168386206,0.31015455002046083,0.8788085574507342,0.3058253342678416,0.4443972354410657,0.4660000711446091,0.3193240598296047,0.5077499960940388,0.46284878437500465,0.28672781277816034,0.4317402752823406,0.46153147471534245,0.3432558799080948,0.49376348681717563,0.4776410466854157,0.325985756104659,0.40624996135554553,0.22668006467831178,0.3171595199777685,0.3699782006961277,0.3873537465995085,0.3837900018848813,0.1908665815413367,0.5325975171561493,0.07757317083352534,0.3222895836358035,0.401063840449263,0.2073225980340755,0.481968877530674,0.33334267100727255,0.21507493354749527,0.39730706122487214,0.3214791820615438,0.47782697641756244,0.19535590183380755,0.3914821170390263,0.3021859498927021,0.46460449633239326,0.44804915208509877,0.3156200604163397,0.3455936644242343,0.3480508345796258,0.07086894552136458,0.24981742056225206,0.11536493394905163,-0.03289836489339548,-0.09196969861363469,0.09945680886256907,-0.1163252313744557,-0.0027529857580782017,-0.21644680804371788,0.050498580838925666,-0.08674515276190799,0.2702699764611062,-0.04701079379886571
0.1466434806871791,0.2935349736300801,0.6869100724300337,0.2612499903215732,0.2693521392975104,0.4273856282547625,0.35299997668061933,0.3058253342678416,0.9475345431838469,0.3604734260757859,0.2778877668267361,0.32851724438612945,0.37626350596077907,0.3026846419163521,0.2818002886711482,0.2826046417171092,0.38314254409823667,0.4012765484174309,0.4274236637986928,0.2735149338890516,0.32419170155125515,0.5437334704223348,0.2961081017701947,0.36731565434728014,0.31485939593063733,0.3794713946748453,0.3776786432757843,0.3248372777265287,0.3190549746531245,-0.04593010160972469,0.3674271702719901,0.34726760002519375,0.2840968995733831,0.398074499269996,0.37085380964520515,0.32946368607156185,0.2893073004126371,0.24084515197472708,0.3555458532522407,0.11410122943843105,0.2627695693378881,0.29622719287802773,0.4307120117846878,0.44511439439190653,0.3402111818323831,0.34973401637791696,0.19803883576392126,-0.04186453739139669,0.3048492482722425,-0.17248242250229762,0.07870306804788633,0.08872161656897516,0.052596337899935106,-0.056951838434180155,0.15852208013623714,0.2602224508002024,0.06930487410425655,-0.28574020769294906,-0.182434714720028,0.0996438803198077
0.17895127145295864,0.3768612537130287,0.3601363826029014,0.4230515566641274,0.43666633085728246,0.47915108818862745,0.3059167852564203,0.4443972354410657,0.3604734260757859,0.9276621689211649,0.49923530724619136,0.49381313725098674,0.5007045224950479,0.37465592865484226,0.38977438174120893,0.4202405862089339,0.48411223931613045,0.3994083339737297,0.5239375403317162,0.3433848984273432,0.32987095859211313,0.4154685827554012,0.30605368557229623,0.39380287024358596,0.37473206889235794,0.3399550711090477,0.5101511271275875,0.28675840836322763,0.5539816807977284,0.1815996329475369,0.37773889379008396,0.36846027980065815,0.16504875539589914,0.5610751713565846,0.4337636279935823,0.29293233888668296,0.3666816747864882,0.2575863666153787,0.4753202826811431,0.25579217580881175,0.36961501717881995,0.31988543606156855,0.3369460716042295,0.5287485760119635,0.3406062266632778,0.35926714596726805,0.3527246145773085,0.01200939237543007,0.10140932449549758,0.10054247527020253,0.09222459316580105,-0.1092317634963738,-0.04902411816048334,-0.022487051283086524,0.09001392097527139,-0.01950265510553598,-0.11498180818234975,-0.28326550809804546,0.32543278064390674,-0.04486575111534431
0.17873419797692217,0.33348001937591326,0.1465783999287293,0.40585801925109377,0.39897707400329263,0.5481314607246518,0.3607377129404118,0.4660000711446091,0.2778877668267361,0.49923530724619136,0.9493587722918677,0.5208758270842075,0.41559569099794635,0.37276382966385124,0.4077617278759263,0.43179335417283304,0.49944319936847886,0.31823258009453814,0.38282826518963964,0.5276046778648563,0.35928793776107587,0.3545596390904037,0.17780045450309634,0.36882953755457504,0.33478186759629724,0.43317949945705986,0.5926989580289751,0.2579617359988774,0.5205599098697083,0.11234498538023714,0.3837637715119794,0.3785918031466218,0.17442170864274553,0.43855205635883654,0.42808618472669197,0.3047931922369308,0.2532608796748504,0.3062909725960038,0.46038053997309747,0.3685457682178311,0.3069182654993176,0.337507813884545,0.3274755952270115,0.2885635456733849,0.4496821656887826,0.28923745944215545,0.29386181605924416,0.022166262044152195,0.21680749398748564,-0.15704665674212304,0.035201057105676295,-0.04507843724776072,0.15195230821495523,0.010584882374132012,-0.011127069075253916,-0.04562240309625911,0.04448042083420343,-0.04295233167752428,0.0208255763634045,0.05088072875109688
0.19061246572005908,0.2978266201623269,0.1993467995526025,0.40703116714491605,0.3970236638591006,0.5658934111351683,0.38362781306978666,0.3193240598296047,0.32851724438612945,0.49381313725098674,0.5208758270842075,0.8379263432117718,0.37862179817068486,0.38175329004766295,0.36370432582950407,0.45057125627670114,0.4100924803174988,0.2868235161586854,0.4335477417263303,0.42247685107278876,0.31510130331984815,0.36975928698002414,0.23573439514257138,0.3562423396710649,0.3784761239743312,0.361679566875018,0.4949507776259047,0.17532060135153688,0.5030817351142072,0.06379317957350064,0.3354236741210634,0.3903768258002069,0.17256549941921456,0.44341205851143106,0.25832439674051816,0.2821032922063936,0.16955837340579452,0.2621580511104238,0.41150930792565205,0.3471825395327479,0.23619281995669336,0.28836640957012033,0.30285331468709137,0.2951862264130301,0.4884058375267113,0.2562859113414578,0.24539183170374984,-0.006785674512980169,0.17544763306880953,-0.12418240187588356,0.09042428090582531,-0.14305361540767594,0.03239201915824296,0.008692954515185071,0.027203657241413794,0.06538675701659914,-0.04511635464490844,-0.11077656935728789,-0.015056182483163691,-0.03464651129622963
0.18241892415750827,0.3475778419302312,0.3735086807414227,0.4095395479123464,0.4622549335720606,0.5025041272297606,0.32248231542106726,0.5077499960940388,0.37626350596077907,0.5007045224950479,0.41559569099794635,0.37862179817068486,0.9211138664128796,0.39430458022498216,0.30260452231086354,0.4106714387533774,0.38909812071357835,0.3405068933163202,0.4760282437145956,0.32755032221479086,0.32342912462653944,0.4504100734789699,0.24975606944868647,0.3389043104032267,0.34740913200079965,0.3502871831311388,0.416630549730115,0.3055548489999525,0.5633895846512192,0.10468496830621916,0.3156727136385281,0.42931044131657287,0.18382913637383091,0.49542214649800126,0.41573267253301516,0.2588136030197165,0.3119699416677516,0.260132222569966,0.4160988627577846,0.21057740677774298,0.37153209983744706,0.30631739476248065,0.36781272976099205,0.4740540754224612,0.2475147664923111,0.32673220189152424,0.28143601433753107,0.017102779910818197,0.2049598320601214,0.17099468412701882,0.07167409296763648,-0.09441647112126804,-0.18300603102189483,-0.02530118125093824,0.03546805367618564,-0.1181483662613364,0.04184642376044264,-0.12382881190530001,0.14593188813674543,0.0035929815154808306
0.19611704864450052,0.19182754778422612,0.26036370362466077,0.4152217752553681,0.4191740658187122,0.5289297441608999,0.23600548286112813,0.46284878437500465,0.3026846419163521,0.37465592865484226,0.37276382966385124,0.38175329004766295,0.39430458022498216,0.5966896601493472,0.39046641370865826,0.4626100167160333,0.38665292919767497,0.27192606592537766,0.4154828969083729,0.399916876381881,0.2975366382732438,0.37406190498141645,0.22492399903424384,0.3090091174875776,0.3262419330899299,0.2958856163476594,0.26894481137502496,0.15945255593206273,0.4766677682112919,0.15524840567527048,0.2980934631936045,0.44037688055590557,0.1845708752559215,0.43242401723709906,0.3169592971354307,0.21926360650217505,0.2961923104715571,0.2798787006223126,0.39153544349300756,0.2578190043788933,0.4073210184340814,0.2850924014261893,0.46477000388044265,0.39082855312379705,0.3593979435012687,0.2832960495346821,0.33307144755448165,0.07933934555464964,0.3913324783986175,0.04798339166391431,0.029755401084504154,-0.21676127971579454,0.1399937229226586,-0.05716426214139051,0.0071690523251119465,-0.08999830381424967,-0.04559713284906497,-0.06779718209132249,0.20676993653600453,-0.15323196125072777
0.15900591833474328,0.3667253186317664,0.2870539424497605,0.34146941241490736,0.3638506947223152,0.3960843263677123,0.18895634259349048,0.28672781277816034,0.2818002886711482,0.38977438174120893,0.4077617278759263,0.36370432582950407,0.30260452231086354,0.39046641370865826,0.8065034145891741,0.33243524873808733,0.36508071905252704,0.3070823639444632,0.30906153178453005,0.38208814438053723,0.2849679116455462,0.2561506550363166,0.2003076701271165,0.3107161819452012,0.27730078849993817,0.3241009656955262,0.34236414211843935,0.30144800610237615,0.4105071652567461,0.1488513407685377,0.3196457045533731,0.3093274755107915,0.18937130628299434,0.34889143447580095,0.3389294547359682,0.24645301288641475,0.3389348963000787,0.24882855419396935,0.29731375222700723,0.24574605299650878,0.34662208846619036,0.2918861802591409,0.33552799767026686,0.35846622544846063,0.41583455476070724,0.297982267923949,0.27796447732940294,0.062183624275024114,0.12082557848242367,0.27623088424160264,0.055698714180277886,0.03177917808228324,-0.24537408369964553,-0.0333135568810044,0.0477739002892246,0.031509129665791294,-0.17281847018956506,-0.06655160577410521,0.1510158699422041,-0.2018644231193207
0.18070951988234857,0.23237447093173477,0.24584939258964952,0.4400486962692783,0.4417573546904985,0.5164227147731812,0.3005066862494927,0.4317402752823406,0.2826046417171092,0.4202405862089339,0.43179335417283304,0.45057125627670114,0.4106714387533774,0.4626100167160333,0.33243524873808733,0.7919413422128763,0.4538349348440647,0.25461777176019246,0.38834217765704787,0.39573687934594054,0.32528798942502146,0.47743946916552715,0.2380515827225451,0.3655075222494448,0.355173101977892,0.2763347494968273,0.37506034773093155,0.2152156394625122,0.5080926101085619,0.13182222343887795,0.3075212094650502,0.39828649112699305,0.14879006717107462,0.48128959177074676,0.4569359265100066,0.219538542401948,0.293071413275908,0.28952450733374163,0.4232031938616617,0.3255219099841217,0.3661020707068577,0.32734676741615437,0.48955970149883354,0.42965198637778884,0.4114178064404844,0.2474530186565743,0.30347528799677115,0.023826306908037467,0.2961818974459223,-0.211742980451825,0.007829918073423803,-0.1713880385856348,0.15873189893377312,-0.026308659882366307,0.025040381851880067,-0.09251710925594103,-0.11974174360621541,-0.07712008815268186,0.2592067119989243,-0.09938068798319262
0.15502895481248954,0.29636350870807115,0.4689752142045539,0.39697281393983685,0.3623675640931089,0.5090889734442736,0.32415034562094835,0.46153147471534245,0.38314254409823667,0.48411223931613045,0.49944319936847886,0.4100924803174988,0.38909812071357835,0.38665292919767497,0.36508071905252704,0.4538349348440647,0.9948394701455281,0.37095310251441965,0.36893270325398286,0.5327703241137213,0.37163920647455906,0.48155435595205415,0.24782818121676004,0.3503805099362134,0.4180449209835991,0.39764990147402096,0.445107522726097,0.32102821508909163,0.4838146544207793,0.010813686907830307,0.3651499204516182,0.340777064073045,0.28742495935409756,0.43330490983701425,0.46572252863241903,0.2309999353978706,0.43656109540233184,0.3553799818033163,0.4487931119828077,0.29129391471967936,0.3699286167237404,0.3555302554351015,0.5429652107034575,0.5161192723772868,0.5310199796753099,0.33201913237103825,0.3142000321836822,0.03363060060541457,0.17898051762015044,0.10084451914548384,0.024814963011412255,-0.04735569508175087,0.13583061507615232,-0.053446886417950895,0.0718468651164614,-0.0702902580106731,-0.044491801370998056,-0.11284231820535215,0.18047277356457692,-0.011300485894015654
0.18072595393680868,0.4428433031561614,0.39755523559407546,0.3041339918589354,0.37778216149556304,0.30851419909060546,0.29385589181835475,0.3432558799080948,0.4012765484174309,0.3994083339737297,0.31823258009453814,0.2868235161586854,0.3405068933163202,0.27192606592537766,0.3070823639444632,0.25461777176019246,0.37095310251441965,1.0102053782092333,0.20950417678910857,0.07944049774184922,0.2985426731705331,0.37890012491207353,0.445117185951658,0.2355446667364412,0.3119625128855118,0.365371871360815,0.02577081468644556,0.27079138107260897,0.3633231970243569,-0.027175493028765617,0.3223692727517934,0.3134911340533179,0.1472380319088199,0.4025936101765614,0.24201185742154102,0.32193469040413053,0.18467108670710608,0.15584658510006769,0.25100682219494025,0.2430654187301109,0.30062063202071226,0.25183061187271066,0.4687640962696713,0.3750051765315756,0.4554221587445277,0.34810651239539775,0.42749949719035063,-0.035135448929918066,0.05684185470422664,-0.1025528110897432,0.47209855054894345,0.14911309662695874,-0.236865128389207,-0.05419964023356923,0.08286377681441273,0.06914705519162455,0.08788772341694841,-0.038265443446121546,-0.19950957794189628,0.001937591689518438
0.1095135055114399,-0.06996179015803046,0.6021844068520671,0.19076316737049004,0.16963898656894796,0.6601874308222307,0.1694315489471402,0.49376348681717563,0.4274236637986928,0.5239375403317162,0.38282826518963964,0.4335477417263303,0.4760282437145956,0.4154828969083729,0.30906153178453005,0.38834217765704787,0.36893270325398286,0.20950417678910857,2.3341190957723605,0.3605719691934102,0.41331376502624084,0.470116696383326,-0.06916827048971193,0.3927400193579065,0.43584774518305824,0.04990376204044147,0.3268992724486746,0.37241995913934484,0.5661941693833319,-0.0004069104955771931,0.4365349733254625,0.41656049642141396,0.4935806337704063,0.4488119181996169,0.1279175616759749,0.44183407365074734,0.7174092011339023,0.2939282418421614,0.5583182019915292,0.06634413877419432,0.5026203970299568,0.35453313674677994,0.33177217337293596,0.29233178177852076,0.19846816349102017,0.44715951570334106,0.06084289469243372,0.07146210545405014,-0.22786940513491658,0.9695294148503023,-0.33419130751464365,-0.22387307810875737,-0.2401548739447798,-0.1091428021553411,0.18850562069113638,0.04605023952713372,0.3193602701235806,-0.21845168523242786,-0.2548940921050969,0.17571000312189744
0.1712377472486402,0.32203314253683124,0.378685778956442,0.3792500816670133,0.3281068826445401,0.6143867227492502,0.2540674310066964,0.4776410466854157,0.2735149338890516,0.3433848984273432,0.5276046778648563,0.42247685107278876,0.32755032221479086,0.399916876381881,0.38208814438053723,0.39573687934594054,0.5327703241137213,0.07944049774184922,0.3605719691934102,1.457537718646477,0.31740280293535744,0.29852461971858046,0.12888197502971624,0.35440427747174524,0.3718841941471367,0.4109709171936565,0.6357497251235648,0.28004692406776255,0.37737092283210627,0.19636246455914472,0.40949286827751835,0.29512682163220416,0.4133060841901173,0.3658724721404729,0.36052949929407496,0.12269895819451672,0.7112201203128616,0.6329355244701518,0.37531102208493095,0.3295239895139123,0.4986846001337848,0.3880275018874292,0.653007278490796,0.4392966229542873,0.6111904896564293,0.297158526995273,0.20159379301906777,0.28493415653610527,0.44105262579819104,-0.2694141131288402,-0.030480970279537497,-0.15852008600860742,0.3285041920453658,-0.1092417235498647,0.051847893339039844,-0.09411657836968218,-0.05757742684801309,-0.10265553011065512,0.22053938107762813,-0.1160239775826074
0.13952348272628892,0.32020180194668874,0.3132746160869479,0.3084703963327476,0.28175054495735075,0.39938793975785447,0.26339659142214045,0.325985756104659,0.32419170155125515,0.32987095859211313,0.35928793776107587,0.31510130331984815,0.32342912462653944,0.2975366382732438,0.2849679116455462,0.32528798942502146,0.37163920647455906,0.2985426731705331,0.41331376502624084,0.31740280293535744,0.5809938696651883,0.3410318886244976,0.22717963271911756,0.2804741756960964,0.3000329972871104,0.2874475923760585,0.32180786517925475,0.3753409210298547,0.3200184453305614,0.0841214017840634,0.35860431478249605,0.3156788843230247,0.35276509755892604,0.35899757107452357,0.48162302728350814,0.401441605249418,0.31733478544235905,0.28340732058526347,0.3665692745646786,0.3609985635237155,0.4439031419489716,0.4618090122066137,0.450065350421563,0.3828892999155323,0.7080457672286575,0.2960123867475484,0.2564830854492458,0.05392560463307086,-0.050991454354470535,-0.06495664892349666,0.06389118004296636,-0.07681704118097696,0.06280204487872107,0.018844487668439245,0.02778837192400899,-0.019972633315336313,-0.08267499541621826,-0.08339029115354449,0.11771054972184823,0.09084589916480923
0.1816164477548757,0.2076856486692543,0.4696301159284494,0.36425090981834496,0.3485465437080425,0.4831118692652937,0.34393904309141504,0.40624996135554553,0.5437334704223348,0.4154685827554012,0.3545596390904037,0.36975928698002414,0.4504100734789699,0.37406190498141645,0.2561506550363166,0.47743946916552715,0.48155435595205415,0.37890012491207353,0.470116696383326,0.29852461971858046,0.3410318886244976,0.996927044336267,0.3881649516199186,0.35288104684792365,0.3939511868576394,0.33701821988596986,0.36765566008441314,0.23792505070383033,0.4201374668530251,0.1506873694220641,0.3053097265506164,0.389934658878351,0.2744406346922232,0.4430528162588215,0.3669899914384227,0.2773223874052871,0.2981353492943648,0.27761949014558196,0.4016144067370076,0.19986622148239422,0.3259319421193904,0.32073181683002555,0.6915577874028177,0.5717613765685039,0.3235344314348904,0.3695615419221343,0.3175126298976916,-0.15164632313428913,0.5269794232652033,-0.2010322167450372,0.009648903995702039,-0.18513302759724412,0.18205570828799753,-0.03771594565608797,0.0676878821522387,0.03960680963865094,-0.028996098068563996,-0.14837341891382178,0.09172145507725052,0.02985602182657565
0.16179159638647025,-0.10706119370934902,0.2180468820100961,0.3704245114708189,0.36039961086276145,0.21535769048302944,0.25525640537654315,0.22668006467831178,0.2961081017701947,0.30605368557229623,0.17780045450309634,0.23573439514257138,0.24975606944868647,0.22492399903424384,0.2003076701271165,0.2380515827225451,0.24782818121676004,0.445117185951658,-0.06916827048971193,0.12888197502971624,0.22717963271911756,0.3881649516199186,1.5681598239581651,0.4599091611380564,0.37943245765450306,0.14475392400754128,0.17283288619195064,-0.07747318314878548,0.37808421632792144,0.20383963170531474,0.11303596923258892,0.20307919820947937,0.08562737489224091,0.4165400377126463,-0.06666080740653331,0.32223969142629844,0.05927595355844812,0.13679823338450028,0.3344759326994282,0.2517614792521267,0.19976328161569945,0.16964737304736402,0.38422796600026454,1.0696954747660223,-0.03387658924605385,0.24652634767697681,0.267035233338622,0.10413910868390873,0.24617010198477893,0.019861953552484587,0.3578883315842036,-0.03804181850434463,-0.16561161588283915,-0.04874986999264361,0.15639476217567375,-0.020161129530630997,-0.2805701765213129,-0.27100708299792964,0.532939462634651,-0.16527693726478804
0.14138684695171544,0.10423617632889703,0.3170678670628482,0.31591502125761756,0.31548500480119257,0.42741107858062194,0.2629142146679814,0.3171595199777685,0.36731565434728014,0.39380287024358596,0.36882953755457504,0.3562423396710649,0.3389043104032267,0.3090091174875776,0.3107161819452012,0.3655075222494448,0.3503805099362134,0.2355446667364412,0.3927400193579065,0.35440427747174524,0.2804741756960964,0.35288104684792365,0.4599091611380564,0.9578852826397378,0.363601143770488,0.2559638843728004,0.4440394349569008,0.22828924802626893,0.3746168740368992,0.10986727102669988,0.3521708476124408,0.3074302460923405,0.18836024559163486,0.4287754072944978,0.28086899026732404,0.3214201456578798,0.2529452007626095,0.23345452976202305,0.3314854452418779,0.2184520369919176,0.22871950903661126,0.274138407437138,0.22674159632720212,0.5227317646378425,0.1916462444614842,0.2777602193416239,0.1976296317235415,-0.009779370781956917,0.019075059702635597,-0.0028315794787985224,0.05776039421527484,-0.04210162242988552,-0.040710398078630264,-0.013283297760340592,0.23389823019049039,0.02955844187470549,-0.006490499653922242,-0.6221368606229871,0.465782913081007,-0.023981734108686373
0.1822891497250532,0.23921082625363596,0.32024939418823106,0.3105104279284196,0.3290430958650108,0.43440533776699986,0.27427301674983084,0.3699782006961277,0.31485939593063733,0.37473206889235794,0.33478186759629724,0.3784761239743312,0.34740913200079965,0.3262419330899299,0.27730078849993817,0.355173101977892,0.4180449209835991,0.3119625128855118,0.43584774518305824,0.3718841941471367,0.3000329972871104,0.3939511868576394,0.37943245765450306,0.363601143770488,1.2665769210594993,0.2073326672735988,0.3181334580478872,0.2589393389666924,0.5113045096527014,0.12624308553170172,0.2977729229559951,0.32205853773298954,0.23172045889496876,0.43112361519180603,0.36123734972275834,0.2762142080723751,0.2934966980983785,0.2465041937438657,0.3941815877480701,0.25670371467791914,0.3321275429423183,0.28874886108458064,0.41925867959133306,0.5271727883670774,0.3160658500910297,0.3802061011135072,0.25718686896058435,0.011720765147364002,0.11327902467433122,-0.23499342471621804,0.155446846082777,-0.06668118817617337,0.059712871580233806,-0.03890332674452448,0.11439396920088875,0.03019735531603267,0.05168062702238598,-0.18513046029429622,0.03556646895208227,-0.019091194622120358
0.1573621790947386,0.34315977800733577,0.3521739563490894,0.3366253374734137,0.40196926054185084,0.4130882477099374,0.3041140359926286,0.3873537465995085,0.3794713946748453,0.3399550711090477,0.43317949945705986,0.361679566875018,0.3502871831311388,0.2958856163476594,0.3241009656955262,0.2763347494968273,0.39764990147402096,0.365371871360815,0.04990376204044147,0.4109709171936565,0.2874475923760585,0.33701821988596986,0.14475392400754128,0.2559638843728004,0.2073326672735988,1.385525119783596,0.477857391533272,0.35418457620280097,0.3894295149723218,-0.18020000019311586,0.212374047438046,0.36508081267547904,0.23395753439785408,0.254009914516407,0.24661674314852342,0.39524648442070565,-0.18858649940180394,0.27218275777787665,-0.43589992176341097,0.27225783991953734,0.13636905164536106,0.32274442914120327,0.5131113952974041,0.021310558457471592,0.6964403924898012,0.15606592422646087,0.10666118952573857,-0.13846089924791166,-0.1978686016034387,-0.1302544315690312,-0.0971073873901076,0.17147786122531994,-0.2529577872251014,0.13206297103381215,-0.06070223504662847,0.013044286147410085,-0.004619977071444491,-0.12345121500114918,0.07872168036592488,0.06740750795541352
0.1651495742376793,0.6780273759886212,0.2069705479890416,0.2713515484693357,0.3149867898655109,0.49504402153042326,0.3248680276974544,0.3837900018848813,0.3776786432757843,0.5101511271275875,0.5926989580289751,0.4949507776259047,0.416630549730115,0.26894481137502496,0.34236414211843935,0.37506034773093155,0.445107522726097,0.02577081468644556,0.3268992724486746,0.6357497251235648,0.32180786517925475,0.36765566008441314,0.17283288619195064,0.4440394349569008,0.3181334580478872,0.477857391533272,2.160647466016791,0.529975643140544,0.4834794560737317,0.16219186730185134,0.45489365503942375,0.39373688490043274,0.14726406670621614,0.42250103398947775,0.7073234872939151,0.28646482015490743,0.2440645518541761,0.35120172824972595,0.3448808246805331,0.39454387000042207,0.27309586273480113,0.37378227550849336,0.3087983721200789,0.5393024823958106,0.6123910012175786,0.25158416500435393,0.17060309140380234,-0.008532412854065446,-0.03819472179155795,-0.22433310199583262,-0.04228010379335899,0.04294063387330068,-0.12747574771583464,0.24439206986005096,0.009196701569388586,0.05612741779244909,0.2588085612668942,-0.11952561606775586,-0.17926649698462108,0.1894045882128737
0.07989485460788442,0.43817906112385,0.4545806829985717,0.14040126943403824,0.19832124070573393,0.2496457237915714,0.1391824464370826,0.1908665815413367,0.3248372777265287,0.28675840836322763,0.2579617359988774,0.17532060135153688,0.3055548489999525,0.15945255593206273,0.30144800610237615,0.2152156394625122,0.32102821508909163,0.27079138107260897,0.37241995913934484,0.28004692406776255,0.3753409210298547,0.23792505070383033,-0.07747318314878548,0.22828924802626893,0.2589393389666924,0.35418457620280097,0.529975643140544,1.8677050075922728,-0.1584989157407788,-0.20772350311635007,0.369113277581879,0.42890363530029113,0.5321771188917909,0.21808909173839278,1.1995814173602044,0.4030772699880522,0.29741978310770095,0.23425209464134852,0.1243125236928118,0.31093437009032515,0.29057201867472987,0.46555727835593247,0.3945467102701461,0.9069206496480985,0.6493251704886105,0.09710010955415771,-0.05418457069249815,0.07530274265639006,-0.7226904277779196,0.05100428632991145,0.4682772598883922,0.9885661684176713,-1.61402900695895,0.21119336001975936,0.20469653174985292,0.04975152379359277,0.3300066735318217,-0.17202368401469986,-0.2926476363659463,0.21915928640214033
0.1981834171070853,0.42228892094035303,0.36368591645989357,0.440633461602635,0.4643677828054841,0.6086495432605671,0.32861279349106653,0.5325975171561493,0.3190549746531245,0.5539816807977284,0.5205599098697083,0.5030817351142072,0.5633895846512192,0.4766677682112919,0.4105071652567461,0.5080926101085619,0.4838146544207793,0.3633231970243569,0.5661941693833319,0.37737092283210627,0.3200184453305614,0.4201374668530251,0.37808421632792144,0.3746168740368992,0.5113045096527014,0.3894295149723218,0.4834794560737317,-0.1584989157407788,2.282540190877423,0.13988490738581943,0.23980814373933704,0.48905628710080445,-0.34558583567924644,0.9020933177971889,0.1457225659904415,0.3568013426949046,0.11344976941358541,0.1732923311151804,0.48881146436243106,0.21513345955945604,0.09474800320105839,0.24933005432249472,0.19504396568590127,0.0961399549423252,0.3423605375562789,0.33610118680745976,0.35351171391393765,-0.2792756291196143,0.17695814872973414,0.5761437480989976,-0.5077589570690675,-0.20702854208766655,-0.15573653089173364,0.1120157415757645,-0.10011204043800408,-0.08944869755040387,-0.06085363805240905,-0.08266525090208253,0.22545831767135147,0.006527000158617828
0.06353104142452917,0.05780062081062773,-0.6392597979116724,0.19075834063407496,0.07246437033554946,0.0866905870451879,0.05511849472445998,0.07757317083352534,-0.04593010160972469,0.1815996329475369,0.11234498538023714,0.06379317957350064,0.10468496830621916,0.15524840567527048,0.1488513407685377,0.13182222343887795,0.010813686907830307,-0.027175493028765617,-0.0004069104955771931,0.19636246455914472,0.0841214017840634,0.1506873694220641,0.20383963170531474,0.10986727102669988,0.12624308553170172,-0.18020000019311586,0.16219186730185134,-0.20772350311635007,0.13988490738581943,2.6042814504899123,0.1935589002298589,-0.07040948953657318,0.2184360759875191,-0.07585036171509169,-0.024692920370636397,0.20468497660167145,0.538826099882796,0.1750740116637213,0.7666734091060732,0.0326659897564829,0.5533285507981645,0.04042595145292063,0.5962304917151381,0.40960821038842343,0.140908698079277,0.5487443679491513,1.1890505356089687,0.19047709190241108,1.2232279634543428,0.1342468698829138,-0.18784061049107742,-0.8581998188108045,0.7919033213080412,-0.1485815058847728,-0.12377508503595255,-0.13799965562442187,-0.48552108316859693,0.28275193752556843,0.4235081485353586,-0.27325642186431165
0.1479531688828547,0.30006218056408607,0.3307248056652004,0.24920669311098684,0.3091856829243068,0.3878419763242682,0.257046289359744,0.3222895836358035,0.3674271702719901,0.37773889379008396,0.3837637715119794,0.3354236741210634,0.3156727136385281,0.2980934631936045,0.3196457045533731,0.3075212094650502,0.3651499204516182,0.3223692727517934,0.4365349733254625,0.40949286827751835,0.35860431478249605,0.3053097265506164,0.11303596923258892,0.3521708476124408,0.2977729229559951,0.212374047438046,0.45489365503942375,0.369113277581879,0.23980814373933704,0.1935589002298589,0.9301260258217593,0.3176994312773066,0.26019829538537387,0.37695771325022415,0.4624064555644323,0.5327780002458332,0.3978523826488064,0.35536374981189917,0.4496033063345184,0.2927699709503615,0.5059646343757829,0.360067590787344,0.26577901900228795,0.3011740286914245,0.5134367786107199,0.4162858561678208,0.2857223855188845,0.00718340091999556,-0.13566081109279812,-0.057229119828916375,0.1060874810130855,-0.05116281780815766,0.05777735549544181,-0.029846070548032778,0.14181540880808255,0.06182215813699867,0.1962345433448769,-0.21392287875696137,-0.20080537442974283,0.026491160597563863
0.17818704587480672,0.2559428623401644,0.3061363593050552,0.247014972779994,0.33185908563488525,0.4862610652639022,0.25633490437024387,0.401063840449263,0.34726760002519375,0.36846027980065815,0.3785918031466218,0.3903768258002069,0.42931044131657287,0.44037688055590557,0.3093274755107915,0.39828649112699305,0.340777064073045,0.3134911340533179,0.41656049642141396,0.29512682163220416,0.3156788843230247,0.389934658878351,0.20307919820947937,0.3074302460923405,0.32205853773298954,0.36508081267547904,0.39373688490043274,0.42890363530029113,0.48905628710080445,-0.07040948953657318,0.3176994312773066,0.8267309540298104,0.08390889724404767,0.5481976485649512,0.3181599421846913,0.3378843456707609,0.11046645267847587,0.25986921937121354,0.283275247633905,0.2663090047720236,0.32392006809303453,0.2954287863075353,0.35203658730985743,0.2914703466909369,0.36625126589396184,0.1912203907078998,0.18035875648666366,-0.024041272564098697,0.2558003838972945,0.02829989412921459,0.1494603423743158,0.3011301284936495,-0.6090388499784986,0.18481004156751296,0.059993528139454154,-0.03445588103066688,0.5289333472061603,-0.2810970230964693,-0.23195033377711213,0.24428667613125848
0.10192942653938371,0.1258332305115249,0.3609387720491974,0.18717793683008974,0.12307009872522884,0.24293167899605975,0.181330234450364,0.2073225980340755,0.2840968995733831,0.16504875539589914,0.17442170864274553,0.17256549941921456,0.18382913637383091,0.1845708752559215,0.18937130628299434,0.14879006717107462,0.28742495935409756,0.1472380319088199,0.4935806337704063,0.4133060841901173,0.35276509755892604,0.2744406346922232,0.08562737489224091,0.18836024559163486,0.23172045889496876,0.23395753439785408,0.14726406670621614,0.5321771188917909,-0.34558583567924644,0.2184360759875191,0.26019829538537387,0.08390889724404767,2.1580394405036563,-0.12779829215991997,-0.2616541702470171,0.2803020294103747,0.6971567033467961,0.31380998793891635,0.11628443152797126,0.018351903377775956,0.44417546034912575,0.3514683201966863,0.4490733186431552,0.4354570876142593,0.2841980481397541,0.3722305371789642,0.19299711014770118,0.32068275268569035,0.37320615843593646,-0.04597644094246501,-0.06977405828987475,-0.30534149161443286,0.5097221923284189,-0.3116833212899023,0.16582146780411,-0.04310477063257246,-0.09579171595087654,-0.1096777359660393,0.0988675273343477,-0.14739871901582347
