1.941712105852173,0.9627356541128105,1.5284002916210477,0.280797236698046,0.4109086885278632,0.2420009549359919,0.27552844800961235,0.3608586413013898,0.343143699523042,0.42405925913517883,0.24939949108841966,0.25723882256510916,0.1576018648611997,0.24305661281556365,0.3852481663068378,0.12245007208824683,0.07997007003656655,0.5533894456567499,0.31489501187185803,0.17818325178882607,0.343543735455872,0.2664354838713489,0.28108886500959046,0.11687492935536031,0.5993725143508389,0.21281504901519194,0.4667001703197402,0.14883261801920572,0.23142096973438198,0.5742464075548606,0.3606890416603777,0.2285665081112358,0.1747707901560566,-0.654077681363714,0.07156711710145197,0.4874921620629759,0.17899094636029753,0.10912558537682915,0.4584914466427736,0.23754979784367272,0.33555247879529093,0.1224849371496699,0.24650020436689174,0.05815128270543086,0.2525422505196512,0.5396562609227086,0.295960306366149,-0.20925788182125565,0.5669383254117225
0.9627356541128105,2.3306040800478294,2.8821218477768458,0.2730390930958598,0.3634686296390394,0.36839063737576566,0.28547973183386416,0.7872578116274697,0.5957501361107131,0.7061100899441864,0.3788588676408561,0.2606272085535127,0.25493384137550146,0.348807319131748,0.502828893238637,0.020479118688303818,0.2921540075678402,0.6091005115295101,0.3708172542376822,0.42201402361434215,0.4656401070259101,0.3185985124728949,0.2729654378175237,0.310588582526271,0.08456857325906876,0.4538636073682815,0.6717057710400972,0.30817418080237596,0.4180039042527962,0.40730262332278533,0.4545627909914139,0.3148138129098115,0.4081742366432331,0.19682868107791868,0.20415241027204897,0.5696981634079316,0.6189920292802542,0.21703639933621402,0.5000806615417489,0.2768673876475372,0.4905288276532921,0.26411091865386555,0.46597326191790955,0.10889275540906847,0.40862846031920574,0.5777193203317852,0.5988620540973696,-0.22520271111649848,0.5902483068787533
1.5284002916210477,2.8821218477768458,5.549412324992783,0.359099251835053,0.46200681497136364,0.4628355632732666,0.343851421099487,1.3434237582892121,1.0002306192233696,1.091153829684989,0.5009196861777321,0.2787516269727585,0.3708604153993414,0.5029970305185304,0.7538622531218107,-0.0713135764485172,0.3718502411790632,0.7113172901143133,0.5084229415834224,0.33022842332765334,0.6993380639152451,0.4794482000844057,0.3833013699652536,0.42180614948458833,0.07533777792837502,0.671621648201253,0.9276034965803226,0.3946537912774348,0.5266489359326328,0.47397450431953825,0.5645070461446092,0.44440934272802235,0.5716334452194073,0.24629008338050273,0.23552616632312412,0.7764536232039819,0.6986804231847963,0.17644355412594073,0.7625349038354767,0.35865719970646276,0.7118855709868981,0.34459062811642854,0.5512961733345397,0.14175217368639167,0.3192682887104475,0.7992839066648566,0.9056765124374646,-0.3104990425619172,0.8331161095382401
0.280797236698046,0.2730390930958598,0.359099251835053,2.1224752286591775,0.6680854545750635,0.4150498087708894,0.20416918230973374,0.47005962416809133,0.16903560239596813,0.27220902253923723,0.2903883019488089,0.40747728020035007,0.18527337577558559,0.35171151508301596,0.21509794009266783,0.4936573861648675,0.2309673063901737,0.17527266837638875,0.5151907066542802,0.2713436167410042,0.24222905664964134,0.31916137655413374,0.20098150417583363,0.24122090918189049,0.023566103047720718,0.2759356214902551,0.33707336255882464,0.03443964454877966,0.27659310127914216,0.05275391570334761,0.19260808309902808,0.33898502474385667,0.23145062009242517,0.3830740632095056,-0.177203729783815,0.24112303859339962,0.21098702999764937,0.14205805452697456,0.26723068099348346,0.055054070997690926,0.14330539743191914,0.316334267858679,0.25994191397991767,0.11786307970875928,0.2080382082600561,0.26725419441723725,0.3608062696148784,-0.11368716992020846,-0.08616985806326244
0.4109086885278632,0.3634686296390394,0.46200681497136364,0.6680854545750635,1.506736549250804,0.43150422274145633,0.28650594454829903,0.47170882600800346,0.40278612279086995,0.3397239726990035,0.3439113257401542,0.4018458074102873,0.23480308780486386,0.4122775407548549,0.33186375417469566,0.5423802097439873,0.26652353952383895,0.2924905607861589,0.8378898229493488,0.3199750778462027,0.28501072441230507,0.45231759610544553,0.24770621607547688,0.2838234663561552,-0.08509332575563211,0.4318357333298673,0.5301535583262824,0.09610879615317267,0.3253408492391138,0.09118880143065104,0.30872514197212064,0.3994401488074764,0.24594177816484697,0.5640940105381852,-0.04101658178469564,0.4215574816685473,0.3200635822780983,0.18250315617465238,0.23592139878682908,0.09003607422630833,0.2800820907912071,0.4093408110113877,0.31538820469297274,0.07288054869072873,-0.012157823799680861,0.33976962426697305,0.3331147381707019,-0.13900088333542898,0.31098939048893487
0.2420009549359919,0.36839063737576566,0.4628355632732666,0.4150498087708894,0.43150422274145633,0.9063967108375495,0.25806758988062295,0.4701445500224996,0.3124856080067427,0.37635929321388717,0.3780352980539862,0.37467175866667357,0.20528804611269968,0.3426348715368445,0.2931510393191037,0.345821647264298,0.34102481990817124,0.1879729059152493,0.645675676353956,0.4227478127404226,0.3221740161471675,0.34902311246636153,0.1677061523620221,0.29125692633252903,0.1863753658166002,0.3682964009969406,0.45751135560739736,0.18881577449374423,0.4233050998274964,0.1680320101188582,0.286079712201821,0.3454794098622756,0.18399287556134886,0.5057998336346797,0.21443094834914517,0.3036846853788286,0.21367249103573865,0.23445729481826358,0.3463384670369234,0.21975010943522436,0.13482218787259836,0.3205866718458505,0.35255502746277223,0.11284819608268806,0.2947982248301104,0.3281897105445198,0.5132805806515643,-0.12846581634069293,0.5794496265365784
0.27552844800961235,0.28547973183386416,0.343851421099487,0.20416918230973374,0.28650594454829903,0.25806758988062295,0.7638185853856067,0.23034199917672005,0.5344553435249028,0.24248329851969838,0.27279110394562117,0.40907154016923,0.19361200190058495,0.3638060999608427,0.2497149542325392,0.2911260324914887,0.30152817867121695,0.2037474529703482,0.2520087877959723,0.2127093791615549,0.29096044506967705,0.4035764848274576,0.14103451736444597,0.27111334438980944,0.1449784288044395,0.3579248849067071,0.4051460759436802,0.17780284752440573,0.23749031337924698,0.18969619596087767,0.26758362478890974,0.3446719851564834,0.23330760467154663,0.34678079456294797,0.1429863879930966,0.38256904666337527,0.13339264153882383,0.11649366961466469,0.2609702427526545,0.13188832475790088,0.22341792517260792,0.2821901272595572,0.2951477827168105,0.05647569531453368,0.09916916756900931,0.3074446578272926,0.21038999494573718,-0.1310377245574958,0.3503266876762064
0.3608586413013898,0.7872578116274697,1.3434237582892121,0.47005962416809133,0.47170882600800346,0.4701445500224996,0.23034199917672005,1.1463697567735365,0.3299898846054495,0.53827250434643,0.3805561299623527,0.24030819702745623,0.2273956453385694,0.34413561027988165,0.358176789092883,0.2000806322025054,0.35795053279274286,0.2828639684545368,0.4865066521754893,0.37077760280019284,0.37074698327381334,0.27859831984614486,0.1835744448195882,0.2875092735632249,0.031206829598608297,0.41554133124501713,0.45878658553298923,0.23064920341225004,0.34170381704469366,0.15910109750956158,0.3151746869701267,0.3140672160354688,0.27771668016471424,0.5468161550634577,0.22061468494074127,0.34388121815583045,0.3739214759054852,0.1991095234536108,0.4958432590453024,0.2268085664264769,0.3487432188248288,0.29185137180256104,0.36526953815313545,0.12018656894732564,0.2511001490247697,0.38193673080367946,0.6470507282419912,-0.1334105450250794,0.6237510275377351
0.343143699523042,0.5957501361107131,1.0002306192233696,0.16903560239596813,0.40278612279086995,0.3124856080067427,0.5344553435249028,0.3299898846054495,1.2489329244991227,0.1862564109686359,0.19254334165660827,0.15501027297124875,0.24226070820953743,0.45536410909924163,0.3980433177203314,0.15203611862709068,0.3331595004703172,0.1828983327521354,0.37275604600968554,0.3077368286112418,0.3770770281524917,0.6587646227290043,0.09965703068998435,0.3314960706729825,-0.0708137183174981,0.5819287536726819,0.5975981036420988,0.2213533473998335,0.2027114334582586,0.17736528221173106,0.3293386622305746,0.4069180916493549,0.3770011868091789,0.2663147268765571,0.0725002221701359,0.4154814538366447,0.2796522708438961,0.16266928994260357,0.21685178640405853,0.132036499458243,0.27821826106904196,0.3535395693865317,0.3909462116033542,0.03584568025541079,0.1298711634379782,0.40119366624590347,0.2792960842838789,-0.16613279458527946,0.02397740860514685
0.42405925913517883,0.7061100899441864,1.091153829684989,0.27220902253923723,0.3397239726990035,0.37635929321388717,0.24248329851969838,0.53827250434643,0.1862564109686359,1.01462771198419,0.3991801176903012,0.36147754424711626,0.22411710123622608,0.30623470172894557,0.40555785893282303,0.23609442407586378,0.37050517081871065,0.3766847401467841,0.358282416644304,0.24359030879593457,0.30560312138865353,0.22102063098253247,0.23824523093911348,0.2816674718180347,0.17607990070809718,0.3472837435408841,0.48843903018705975,0.2502822757893483,0.3539491456975013,0.26545639863640375,0.3453137712161495,0.29034790159277263,0.2615089480066044,0.5124270860643195,0.2823445359019415,0.4523704414712459,0.34262842155954115,0.1450698276539694,0.3951643704840439,0.21199660474016158,0.4070575979754232,0.2589162946268848,0.3454556016068039,0.11742090658637312,0.17792643576441336,0.43637701452882993,0.6050310900041816,-0.1623385170086513,0.6597438405940038
0.24939949108841966,0.3788588676408561,0.5009196861777321,0.2903883019488089,0.3439113257401542,0.3780352980539862,0.27279110394562117,0.3805561299623527,0.19254334165660827,0.3991801176903012,0.5628204601112888,0.42102846468233035,0.2611314187663202,0.2902255230981168,0.3403747731717174,0.29933505996707716,0.3902195175547135,0.19779381566836213,0.3557619504782108,0.3599200964101018,0.2662399472328675,0.24543487105154735,0.1233575384765194,0.2603897425127153,0.1481878254155922,0.30421096466804914,0.35557696191924265,0.226484459926615,0.29865327645442113,0.2182772210247819,0.29084634383243985,0.2969628054199478,0.20438722858653324,0.3966738891675737,0.2689295729348961,0.3469085857761137,0.22861962700413002,0.18967952528042237,0.3508593776216314,0.19775765983539123,0.25263355303919544,0.3007472392328948,0.2805890343718732,0.0767127967131323,0.20281494932194855,0.3426630236385284,0.41688178184605046,-0.13128489763260268,0.4426730040839689
0.25723882256510916,0.2606272085535127,0.2787516269727585,0.40747728020035007,0.4018458074102873,0.37467175866667357,0.40907154016923,0.24030819702745623,0.15501027297124875,0.36147754424711626,0.42102846468233035,0.9281924264343604,0.18742910815621905,0.36604695942835075,0.159656890923215,0.389048626490095,0.30148349139585123,0.2707857046598885,0.36328899910896206,0.22477887622530934,0.2337059536302796,0.26385146861733105,0.21050975105923947,0.2395656949082617,0.18518928344652758,0.26894632469095703,0.26841634657419916,0.13300798861761193,0.288589223151807,0.15465675902813136,0.25024088324525534,0.3726520632008795,0.13522176023235774,0.3647003343160664,0.17036756479064116,0.3377262122279721,0.018358050621846256,0.1284343007023609,0.3571170842272834,0.17287417941984448,0.1904511662259259,0.25592736985272957,0.24640473456149192,0.06978929717595408,0.11842174729404774,0.2889975957476954,0.35109699851220305,-0.11425416694759466,0.7931023841796163
0.1576018648611997,0.25493384137550146,0.3708604153993414,0.18527337577558559,0.23480308780486386,0.20528804611269968,0.19361200190058495,0.2273956453385694,0.24226070820953743,0.22411710123622608,0.2611314187663202,0.18742910815621905,0.47559732483010486,0.19342233498612552,0.15943321477395023,0.17916233400637288,0.252215642242345,0.10871799374639428,0.22709759669095958,0.20999010506589239,0.18761582312219266,0.20965918005187262,0.0951878642425383,0.1877243227485927,0.09983656919391481,0.1688783110233015,0.19988199960992314,0.1493880225854186,0.22131498840406139,0.19337615854797205,0.17712886497363756,0.2182702965817628,0.14152605244329966,0.24080877376600368,0.17045401448327147,0.2316504331656657,0.1666144000255038,0.10493886676072854,0.2752056908341306,0.12351811766970579,0.17027620191262882,0.19390745418849054,0.19527531803904064,0.07634074460911969,0.10034416042374886,0.23935034954196882,0.265231645983863,-0.09452140317499215,0.28261426217521324
0.24305661281556365,0.348807319131748,0.5029970305185304,0.35171151508301596,0.4122775407548549,0.3426348715368445,0.3638060999608427,0.34413561027988165,0.45536410909924163,0.30623470172894557,0.2902255230981168,0.36604695942835075,0.19342233498612552,0.8167614859740376,0.30875106613385456,0.5366781517773758,0.3998154578380087,0.154248661405909,0.4148722858765333,0.31928148971700976,0.33658958623860585,0.5019245782405172,0.13510412054279394,0.3486809687140134,0.10217195225825601,0.5798938781498733,0.4699580396413256,0.21408761947719468,0.3187323391514012,0.24362072401629262,0.3253267259052279,0.5694324696017958,0.23274031527219638,0.3422291281751223,0.2300967889739545,0.4253605502557879,0.10606892400218786,0.17195895570918165,0.16984824915223368,0.1724792680444374,0.37573513023216776,0.4107626235935967,0.38951935592152903,0.019587870413775185,0.15395983605196334,0.4306874958745747,0.47115660773689594,-0.17867083834288708,0.5733601226505106
0.3852481663068378,0.502828893238637,0.7538622531218107,0.21509794009266783,0.33186375417469566,0.2931510393191037,0.2497149542325392,0.358176789092883,0.3980433177203314,0.40555785893282303,0.3403747731717174,0.159656890923215,0.15943321477395023,0.30875106613385456,1.0600674283994675,0.21911609538289945,0.41782668186183886,0.1158022464501726,0.33644824861204836,0.3937459926270426,0.3102257287134376,0.29374819311937816,-0.03708032342051897,0.2842951248819549,0.11587973683065533,0.4426512098231113,0.5470105625630188,0.29841034276849726,0.23157372263806128,0.24821819469856352,0.34969918471795564,0.2838197252820303,0.3284778720496738,0.3205566952759047,0.25576561516181506,0.3777334760111901,0.38479702391100934,0.1987119625694364,0.2246465665890216,0.15910781928519438,0.3683458734139364,0.3623920173738492,0.2769375818199294,0.01888757273755115,0.04520155586806507,0.40891670014712056,0.40773655132377473,-0.15024296793245,0.4141994210142744
0.12245007208824683,0.020479118688303818,-0.0713135764485172,0.4936573861648675,0.5423802097439873,0.345821647264298,0.2911260324914887,0.2000806322025054,0.15203611862709068,0.23609442407586378,0.29933505996707716,0.389048626490095,0.17916233400637288,0.5366781517773758,0.21911609538289945,1.6197784676637983,0.362194592653385,0.0077472698164067376,0.518794363787102,0.2883495838336736,0.1675530025067654,0.7906157210603129,0.07865146100332931,0.3093429265655507,-0.1046735886973709,0.2238128536532958,0.24757499430668364,0.20537023722622708,0.34588976701414487,0.4454479041810572,0.16746461799995888,0.5386983666912722,0.0033631477968294014,0.35458254504036124,0.44446288999315464,0.2730864157735853,0.13568802674262778,0.12917488529596338,0.3054989464954978,0.20992265491415027,0.25328542201751564,0.5853908608718005,0.3596537366958725,0.05774652521439623,0.267572798268994,0.22878727792993922,0.41418345734733625,-0.10096796701655998,0.5292305936404864
0.07997007003656655,0.2921540075678402,0.3718502411790632,0.2309673063901737,0.26652353952383895,0.34102481990817124,0.30152817867121695,0.35795053279274286,0.3331595004703172,0.37050517081871065,0.3902195175547135,0.30148349139585123,0.252215642242345,0.3998154578380087,0.41782668186183886,0.362194592653385,1.1633892605026,-0.017101950037840406,0.32407869019917057,0.5397173107919507,0.3025790543325488,0.3682387687865942,-0.018095487907678134,0.3359523151312829,0.5901223635631356,0.3803934751711959,0.4325804549278107,0.4100017784925753,0.30922013485102895,0.2815013956206082,0.335110090019428,0.34335505058253596,0.3443270424518266,0.5149805635547521,0.42332376393944315,0.3754381312955701,0.44735975436386666,0.2824129794947277,0.365263451110376,0.25972514629129717,0.33441281747591234,0.4850673820648904,0.38412868582752846,0.040980718827659655,0.336893403994701,0.49975696040241596,0.6606241205747542,-0.19882737615809537,0.5883456275241363
0.5533894456567499,0.6091005115295101,0.7113172901143133,0.17527266837638875,0.2924905607861589,0.1879729059152493,0.2037474529703482,0.2828639684545368,0.1828983327521354,0.3766847401467841,0.19779381566836213,0.2707857046598885,0.10871799374639428,0.154248661405909,0.1158022464501726,0.0077472698164067376,-0.017101950037840406,1.4878162041696228,0.24710905995754961,-0.3353069970862106,0.3604690812762239,0.11278936991704114,0.573257575209704,0.10541514953721794,-0.008881273104425056,0.2929870854123539,0.6570433476838227,0.061304233267900944,0.2764558985500743,0.029462747940090028,0.5488700153411032,0.1701258590640188,0.24749773768423697,0.1199973187857294,-0.07175655362837868,0.709384361280548,0.0663867606853196,-0.12312677072514351,0.21421128174476403,0.09474192910798464,0.2849119355886431,-0.10140666235276932,0.3665043996794451,0.0652448572384742,0.4052017333643322,0.4658244980636168,0.22039401701815234,-0.2269568686612148,-0.09961668505754392
0.31489501187185803,0.3708172542376822,0.5084229415834224,0.5151907066542802,0.8378898229493488,0.645675676353956,0.2520087877959723,0.4865066521754893,0.37275604600968554,0.358282416644304,0.3557619504782108,0.36328899910896206,0.22709759669095958,0.4148722858765333,0.33644824861204836,0.518794363787102,0.32407869019917057,0.24710905995754961,1.2999957896950136,0.3381450733390277,0.33482011682992696,0.4602084678286273,0.20066389885705055,0.3124869181188707,0.029319342330289277,0.39397368894584783,0.5904458274492902,0.20167886932694096,0.40623405247227057,0.26623130307528897,0.3193218368628123,0.39444686884418095,0.22611291196326455,0.48097737025436116,0.18437732402368517,0.4914350653481274,0.18607504664173521,0.19869276493065827,0.2908362650882571,0.183934434758108,0.24984717703959747,0.3872365513767205,0.35884836468744563,0.07926166944233766,0.13781234317338104,0.37622970226119784,0.31467822858666655,-0.162345578997392,0.42031576086668476
0.17818325178882607,0.42201402361434215,0.33022842332765334,0.2713436167410042,0.3199750778462027,0.4227478127404226,0.2127093791615549,0.37077760280019284,0.3077368286112418,0.24359030879593457,0.3599200964101018,0.22477887622530934,0.20999010506589239,0.31928148971700976,0.3937459926270426,0.2883495838336736,0.5397173107919507,-0.3353069970862106,0.3381450733390277,1.4574907401182844,0.10946547770195696,0.29281031368976723,-0.1517180165472724,0.34317116895334,0.20657607599042296,0.2827105061488541,0.24943919036289008,0.4083675950596759,0.26508798451848914,0.6181995460630187,0.22414928181041335,0.26582202290398715,0.2742018647510354,0.327776679765824,0.4715606966745716,0.14098603887391464,0.74101675944018,0.6768325128514077,0.2839937383007649,0.3418868534383333,0.24420087367611268,0.5312876877142082,0.5269191995953123,0.10578408402500036,0.7593134641091767,0.31909082946500167,0.4211924354752669,-0.10626852342742081,0.6657367655491372
0.343543735455872,0.4656401070259101,0.6993380639152451,0.24222905664964134,0.28501072441230507,0.3221740161471675,0.29096044506967705,0.37074698327381334,0.3770770281524917,0.30560312138865353,0.2662399472328675,0.2337059536302796,0.18761582312219266,0.33658958623860585,0.3102257287134376,0.1675530025067654,0.3025790543325488,0.3604690812762239,0.33482011682992696,0.10946547770195696,0.8499933934769062,0.2482593427845114,0.18662109046712624,0.2852032173208629,0.1613941692266335,0.3389268802095502,0.513838466424495,0.26220889773960937,0.3540054439556018,0.309750518722619,0.43011832369103054,0.33708863892773805,0.3502287132170453,0.23665258452122112,0.19409998275336723,0.5996114608196444,0.1526479517610629,0.09769495397320342,0.5684895942540226,0.29509483687906524,0.45769242470886456,0.25644951456606696,0.33351858826722763,0.06091982516356385,0.23372073975900778,0.534708069121868,0.5421128183436303,-0.21813810624795996,0.8022968139514829
0.2664354838713489,0.3185985124728949,0.4794482000844057,0.31916137655413374,0.45231759610544553,0.34902311246636153,0.4035764848274576,0.27859831984614486,0.6587646227290043,0.22102063098253247,0.24543487105154735,0.26385146861733105,0.20965918005187262,0.5019245782405172,0.29374819311937816,0.7906157210603129,0.3682387687865942,0.11278936991704114,0.4602084678286273,0.29281031368976723,0.2482593427845114,0.993685529373855,0.1002853374111389,0.31290697636037673,-0.07501020889180525,0.39220138237138796,0.4182509853610933,0.1928765079516514,0.2890271150473842,0.30166425562665955,0.2353881964612581,0.4880258220472237,0.17077056945441596,0.29292222295525994,0.2414762890019802,0.3216751718551784,0.19696692675582708,0.1458591840397175,0.2556704609120775,0.170521595537281,0.2410121372230609,0.45422703753601057,0.4131288370819925,0.03922911808399097,0.15587800392551776,0.3045770273441649,0.3547366341158427,-0.12628107913515504,0.3111608458730609
0.28108886500959046,0.2729654378175237,0.3833013699652536,0.20098150417583363,0.24770621607547688,0.1677061523620221,0.14103451736444597,0.1835744448195882,0.09965703068998435,0.23824523093911348,0.1233575384765194,0.21050975105923947,0.0951878642425383,0.13510412054279394,-0.03708032342051897,0.07865146100332931,-0.018095487907678134,0.573257575209704,0.20066389885705055,-0.1517180165472724,0.18662109046712624,0.1002853374111389,1.2644552410614194,0.22036336850835556,-0.03905800040107039,0.009980880538738315,0.19614274521193997,-0.1926975637038955,0.3780200875693199,0.3338541732314381,-0.05318785576388069,0.1343998898794144,0.06971148438387824,0.1172527197926359,-0.2483616968043206,0.5622044385239038,-0.12023784488108243,-0.09251235760541685,0.2978906659794206,0.0870138555563717,0.2577267987893907,-0.019481505088110286,0.24108116651998912,0.3238930455842416,0.09008703594684164,0.2810540773865437,0.23247589410085798,-0.15128985090961167,0.18247974157553393
0.11687492935536031,0.310588582526271,0.42180614948458833,0.24122090918189049,0.2838234663561552,0.29125692633252903,0.27111334438980944,0.2875092735632249,0.3314960706729825,0.2816674718180347,0.2603897425127153,0.2395656949082617,0.1877243227485927,0.3486809687140134,0.2842951248819549,0.3093429265655507,0.3359523151312829,0.10541514953721794,0.3124869181188707,0.34317116895334,0.2852032173208629,0.31290697636037673,0.22036336850835556,0.5491358484073665,0.24238149567894793,0.31957737326921626,0.521424371735419,0.36637864130214837,0.31200010824957514,0.5430227088615796,0.2905889207722955,0.33560952412570766,0.5383654098062886,0.2970663622309534,0.29108137222605807,0.5392212690795698,0.24145322419508006,0.19406537978567415,0.272274872865279,0.16147554031255493,0.2939545535302988,0.36465230836305507,0.37168018564854927,0.13967042380279654,0.14620305677369091,0.4574255561460881,0.4230082594966947,-0.20803259662372367,0.5537116287325343
0.5993725143508389,0.08456857325906876,0.07533777792837502,0.023566103047720718,-0.08509332575563211,0.1863753658166002,0.1449784288044395,0.031206829598608297,-0.0708137183174981,0.17607990070809718,0.1481878254155922,0.18518928344652758,0.09983656919391481,0.10217195225825601,0.11587973683065533,-0.1046735886973709,0.5901223635631356,-0.008881273104425056,0.029319342330289277,0.20657607599042296,0.1613941692266335,-0.07501020889180525,-0.03905800040107039,0.24238149567894793,3.853798412139402,-0.031106594361248564,0.1721200023126996,0.3739473404037674,0.3528581179185278,0.42498812441102346,0.35371926966854295,0.06906928800874446,0.28052359181652275,0.08234040809180954,0.42557230667271573,0.40646300516414247,0.1572137683893812,0.1759123517192547,0.4059738346477715,0.21823433235397308,0.06640362395772956,0.1104549497888963,0.15988878539070528,-0.01660742591670823,0.21983029065584506,0.8941397857189408,0.39018434965630455,-0.3815353009218761,0.4304782021026475
0.21281504901519194,0.4538636073682815,0.671621648201253,0.2759356214902551,0.4318357333298673,0.3682964009969406,0.3579248849067071,0.41554133124501713,0.5819287536726819,0.3472837435408841,0.30421096466804914,0.26894632469095703,0.1688783110233015,0.5798938781498733,0.4426512098231113,0.2238128536532958,0.3803934751711959,0.2929870854123539,0.39397368894584783,0.2827105061488541,0.3389268802095502,0.39220138237138796,0.009980880538738315,0.31957737326921626,-0.031106594361248564,1.9696625164744623,0.9273010494389116,0.2872465520349864,-0.07869231614316104,-0.38730339234290917,0.4561853390853128,0.5616294613587259,0.29349319243459104,0.528388122879218,0.3666823761395075,0.4608448073568115,-0.5154758972796407,0.15484179100243092,-0.8161424397862959,0.10247746678333544,0.7054998412469209,0.47577163771630804,0.42768768279089586,-0.07809021487445567,-0.050559184173015546,0.4815878186373749,0.24486219344867244,-0.1844269217466599,-0.28538899882041296
0.4667001703197402,0.6717057710400972,0.9276034965803226,0.33707336255882464,0.5301535583262824,0.45751135560739736,0.4051460759436802,0.45878658553298923,0.5975981036420988,0.48843903018705975,0.35557696191924265,0.26841634657419916,0.19988199960992314,0.4699580396413256,0.5470105625630188,0.24757499430668364,0.4325804549278107,0.6570433476838227,0.5904458274492902,0.24943919036289008,0.513838466424495,0.4182509853610933,0.19614274521193997,0.521424371735419,0.1721200023126996,0.9273010494389116,4.677528253901769,0.7350601787069488,0.23987027733024868,0.20683111918419828,0.8898015846957479,0.4140301194552249,1.3476623965171535,0.5288553285557206,0.16546243357104734,2.0904694129898442,0.4125680194785154,0.17322056985811876,-0.13851977297470558,0.002513652334201887,0.7551842805766035,0.5256911018994558,1.0333373937346142,-0.2815198595276734,-0.45557963888729486,1.2514707539871466,0.011724230833821953,-0.653297199608301,-0.0535329902221749
0.14883261801920572,0.30817418080237596,0.3946537912774348,0.03443964454877966,0.09610879615317267,0.18881577449374423,0.17780284752440573,0.23064920341225004,0.2213533473998335,0.2502822757893483,0.226484459926615,0.13300798861761193,0.1493880225854186,0.21408761947719468,0.29841034276849726,0.20537023722622708,0.4100017784925753,0.061304233267900944,0.20167886932694096,0.4083675950596759,0.26220889773960937,0.1928765079516514,-0.1926975637038955,0.36637864130214837,0.3739473404037674,0.2872465520349864,0.7350601787069488,1.0680229120083733,0.09096389804813794,0.5456339912358953,0.4640597370953298,0.1831804961349109,0.6797015668949413,0.213713104572453,0.977767342789831,0.684527775262351,0.33484794808281293,0.2596012262958652,0.18579779604665753,0.26754180949891315,0.38398342759217613,0.325024711743368,0.3279989641025784,0.1622032118091464,0.09177214745636667,0.5192725296236061,0.2810057478550282,-0.2296666311978115,0.6087548271147715
0.23142096973438198,0.4180039042527962,0.5266489359326328,0.27659310127914216,0.3253408492391138,0.4233050998274964,0.23749031337924698,0.34170381704469366,0.2027114334582586,0.3539491456975013,0.29865327645442113,0.288589223151807,0.22131498840406139,0.3187323391514012,0.23157372263806128,0.34588976701414487,0.30922013485102895,0.2764558985500743,0.40623405247227057,0.26508798451848914,0.3540054439556018,0.2890271150473842,0.3780200875693199,0.31200010824957514,0.3528581179185278,-0.07869231614316104,0.23987027733024868,0.09096389804813794,2.0160278497023505,0.5578673301773276,0.20974941916613038,0.30661933752794623,0.009896024298465504,0.5270626101110774,0.213884328808363,0.669938413112746,-0.13903450154104047,0.10277792343289519,0.5273349972189315,0.3292016286374455,0.60421926820938,0.1270802822370147,-0.014653322727730343,-0.039477248531753814,0.11922957422622746,0.5285504292278378,0.5843013456509333,-0.26511075132587597,0.9414505170578672
0.5742464075548606,0.40730262332278533,0.47397450431953825,0.05275391570334761,0.09118880143065104,0.1680320101188582,0.18969619596087767,0.15910109750956158,0.17736528221173106,0.26545639863640375,0.2182772210247819,0.15465675902813136,0.19337615854797205,0.24362072401629262,0.24821819469856352,0.4454479041810572,0.2815013956206082,0.029462747940090028,0.26623130307528897,0.6181995460630187,0.309750518722619,0.30166425562665955,0.3338541732314381,0.5430227088615796,0.42498812441102346,-0.38730339234290917,0.20683111918419828,0.5456339912358953,0.5578673301773276,3.201269912833828,0.2100303755959256,0.22809527563288995,0.027498627407450182,-0.4269326744592199,1.1141729238413678,0.4998746899497543,0.5305190559995536,0.3150862477949076,1.1400539053833507,0.5754329281188995,0.9247525047979568,0.38870317778889674,0.8357095401401055,0.5162889774375089,0.8825103531660172,0.45987263846402454,0.8054818080141432,-0.11764651626169079,1.8138710960445317
0.3606890416603777,0.4545627909914139,0.5645070461446092,0.19260808309902808,0.30872514197212064,0.286079712201821,0.26758362478890974,0.3151746869701267,0.3293386622305746,0.3453137712161495,0.29084634383243985,0.25024088324525534,0.17712886497363756,0.3253267259052279,0.34969918471795564,0.16746461799995888,0.335110090019428,0.5488700153411032,0.3193218368628123,0.22414928181041335,0.43011832369103054,0.2353881964612581,-0.05318785576388069,0.2905889207722955,0.35371926966854295,0.4561853390853128,0.8898015846957479,0.4640597370953298,0.20974941916613038,0.2100303755959256,1.1129273698657052,0.3161280316198918,0.5275264942020583,0.25845253502342624,0.3436622188318766,0.938532638133613,0.24185548760765488,0.18787017722977006,0.26367191215946423,0.17660296614837026,0.3679020416902779,0.26306815087754576,0.3905206596409465,-0.07216793505839628,0.23871592611972253,0.749323748209655,0.3739532149624301,-0.3520373129215238,0.37534611222116004
0.2285665081112358,0.3148138129098115,0.44440934272802235,0.33898502474385667,0.3994401488074764,0.3454794098622756,0.3446719851564834,0.3140672160354688,0.4069180916493549,0.29034790159277263,0.2969628054199478,0.3726520632008795,0.2182702965817628,0.5694324696017958,0.2838197252820303,0.5386983666912722,0.34335505058253596,0.1701258590640188,0.39444686884418095,0.26582202290398715,0.33708863892773805,0.4880258220472237,0.1343998898794144,0.33560952412570766,0.06906928800874446,0.5616294613587259,0.4140301194552249,0.1831804961349109,0.30661933752794623,0.22809527563288995,0.3161280316198918,0.6204055660341168,0.18434723734311173,0.32479721037121545,0.21602574715079595,0.4060234062124936,0.0124778089496346,0.14350576209274452,0.17212147560867072,0.15636867773649946,0.3490057008822982,0.390256810653711,0.33394252831666854,0.019711822248770067,0.14444672543802153,0.40817514549628553,0.43375653207459186,-0.17013681793448107,0.47865217408653743
0.1747707901560566,0.4081742366432331,0.5716334452194073,0.23145062009242517,0.24594177816484697,0.18399287556134886,0.23330760467154663,0.27771668016471424,0.3770011868091789,0.2615089480066044,0.20438722858653324,0.13522176023235774,0.14152605244329966,0.23274031527219638,0.3284778720496738,0.0033631477968294014,0.3443270424518266,0.24749773768423697,0.22611291196326455,0.2742018647510354,0.3502287132170453,0.17077056945441596,0.06971148438387824,0.5383654098062886,0.28052359181652275,0.29349319243459104,1.3476623965171535,0.6797015668949413,0.009896024298465504,0.027498627407450182,0.5275264942020583,0.18434723734311173,1.9219443572684924,0.11578142560888631,-0.36934837204231186,0.696655620425413,0.5920079993467945,0.20501632115467672,0.14671753713383023,-0.04331397381930385,-0.05782059771382502,0.4469274215264181,0.3502206045023658,0.09635834674995944,-0.16463582879854471,0.6995624894598674,0.4215998425636999,-0.36765826694801795,0.4060028548065104
-0.654077681363714,0.19682868107791868,0.24629008338050273,0.3830740632095056,0.5640940105381852,0.5057998336346797,0.34678079456294797,0.5468161550634577,0.2663147268765571,0.5124270860643195,0.3966738891675737,0.3647003343160664,0.24080877376600368,0.3422291281751223,0.3205566952759047,0.35458254504036124,0.5149805635547521,0.1199973187857294,0.48097737025436116,0.327776679765824,0.23665258452122112,0.29292222295525994,0.1172527197926359,0.2970663622309534,0.08234040809180954,0.528388122879218,0.5288553285557206,0.213713104572453,0.5270626101110774,-0.4269326744592199,0.25845253502342624,0.32479721037121545,0.11578142560888631,2.291194681424524,0.42901389205932866,0.27854863389205475,0.4158937868107513,0.1787482522460579,0.0641171214217756,0.04263878373399264,0.4146306723850963,0.3544798085695405,0.4368552832404139,0.17045184380031464,0.02062598022474568,0.18310325335146257,0.5177743155226433,-0.07109656394383475,0.02737603985742667
0.07156711710145197,0.20415241027204897,0.23552616632312412,-0.177203729783815,-0.04101658178469564,0.21443094834914517,0.1429863879930966,0.22061468494074127,0.0725002221701359,0.2823445359019415,0.2689295729348961,0.17036756479064116,0.17045401448327147,0.2300967889739545,0.25576561516181506,0.44446288999315464,0.42332376393944315,-0.07175655362837868,0.18437732402368517,0.4715606966745716,0.19409998275336723,0.2414762890019802,-0.2483616968043206,0.29108137222605807,0.42557230667271573,0.3666823761395075,0.16546243357104734,0.977767342789831,0.213884328808363,1.1141729238413678,0.3436622188318766,0.21602574715079595,-0.36934837204231186,0.42901389205932866,2.6384817312478996,0.4040516485871269,-0.06755400690151818,0.26042219074237577,0.17451202450750633,0.6800624867633276,0.6260686923138967,0.2631478897210811,0.36600942070700915,0.20648579498480193,0.46493428271561854,0.28562869351721953,0.3300550250949312,-0.0636467644225413,0.9237476616885983
0.4874921620629759,0.5696981634079316,0.7764536232039819,0.24112303859339962,0.4215574816685473,0.3036846853788286,0.38256904666337527,0.34388121815583045,0.4154814538366447,0.4523704414712459,0.3469085857761137,0.3377262122279721,0.2316504331656657,0.4253605502557879,0.3777334760111901,0.2730864157735853,0.3754381312955701,0.709384361280548,0.4914350653481274,0.14098603887391464,0.5996114608196444,0.3216751718551784,0.5622044385239038,0.5392212690795698,0.40646300516414247,0.4608448073568115,2.0904694129898442,0.684527775262351,0.669938413112746,0.4998746899497543,0.938532638133613,0.4060234062124936,0.696655620425413,0.27854863389205475,0.4040516485871269,3.1345599880406176,-0.2692481532893034,0.13154944077093209,0.21236519786293248,0.4675717400627105,0.8406986866406643,0.3011199691236648,0.5276466402086681,-0.37020747150969385,-0.2054733927055197,1.543449827895158,-0.04422329296660782,-0.9014189892882799,0.3976208009776989
0.17899094636029753,0.6189920292802542,0.6986804231847963,0.21098702999764937,0.3200635822780983,0.21367249103573865,0.13339264153882383,0.3739214759054852,0.2796522708438961,0.34262842155954115,0.22861962700413002,0.018358050621846256,0.1666144000255038,0.10606892400218786,0.38479702391100934,0.13568802674262778,0.44735975436386666,0.0663867606853196,0.18607504664173521,0.74101675944018,0.1526479517610629,0.19696692675582708,-0.12023784488108243,0.24145322419508006,0.1572137683893812,-0.5154758972796407,0.4125680194785154,0.33484794808281293,-0.13903450154104047,0.5305190559995536,0.24185548760765488,0.0124778089496346,0.5920079993467945,0.4158937868107513,-0.06755400690151818,-0.2692481532893034,3.9481945690424882,0.41772893167223274,0.7743216191388773,-0.04421938763904481,0.032604185891331676,0.332052245543463,0.587013108256834,0.28231877798927274,0.5318096407402203,0.18781301285486302,0.5880111435992952,0.0601130445518174,0.5878209244410609
0.10912558537682915,0.21703639933621402,0.17644355412594073,0.14205805452697456,0.18250315617465238,0.23445729481826358,0.11649366961466469,0.1991095234536108,0.16266928994260357,0.1450698276539694,0.18967952528042237,0.1284343007023609,0.10493886676072854,0.17195895570918165,0.1987119625694364,0.12917488529596338,0.2824129794947277,-0.12312677072514351,0.19869276493065827,0.6768325128514077,0.09769495397320342,0.1458591840397175,-0.09251235760541685,0.19406537978567415,0.1759123517192547,0.15484179100243092,0.17322056985811876,0.2596012262958652,0.10277792343289519,0.3150862477949076,0.18787017722977006,0.14350576209274452,0.20501632115467672,0.1787482522460579,0.26042219074237577,0.13154944077093209,0.41772893167223274,0.6555268928930613,0.14116151171892996,0.17105686018047553,0.13436250128118235,0.2631623121154875,0.2546884338770988,0.1007612200719481,0.28082254106770493,0.23683627940717925,0.2816893382844828,-0.08635920882113372,0.47360978599753606
0.4584914466427736,0.5000806615417489,0.7625349038354767,0.26723068099348346,0.23592139878682908,0.3463384670369234,0.2609702427526545,0.4958432590453024,0.21685178640405853,0.3951643704840439,0.3508593776216314,0.3571170842272834,0.2752056908341306,0.16984824915223368,0.2246465665890216,0.3054989464954978,0.365263451110376,0.21421128174476403,0.2908362650882571,0.2839937383007649,0.5684895942540226,0.2556704609120775,0.2978906659794206,0.272274872865279,0.4059738346477715,-0.8161424397862959,-0.13851977297470558,0.18579779604665753,0.5273349972189315,1.1400539053833507,0.26367191215946423,0.17212147560867072,0.14671753713383023,0.0641171214217756,0.17451202450750633,0.21236519786293248,0.7743216191388773,0.14116151171892996,3.236419624153598,0.6527795230329538,0.17392279615691222,0.17713677238323927,0.3643650626752352,0.37712647684951517,0.7590795043897133,0.3273416943421356,0.9125399834517676,-0.06850743028250245,2.508094336245677
0.23754979784367272,0.2768673876475372,0.35865719970646276,0.055054070997690926,0.09003607422630833,0.21975010943522436,0.13188832475790088,0.2268085664264769,0.132036499458243,0.21199660474016158,0.19775765983539123,0.17287417941984448,0.12351811766970579,0.1724792680444374,0.15910781928519438,0.20992265491415027,0.25972514629129717,0.09474192910798464,0.183934434758108,0.3418868534383333,0.29509483687906524,0.170521595537281,0.0870138555563717,0.16147554031255493,0.21823433235397308,0.10247746678333544,0.002513652334201887,0.26754180949891315,0.3292016286374455,0.5754329281188995,0.17660296614837026,0.15636867773649946,-0.04331397381930385,0.04263878373399264,0.6800624867633276,0.4675717400627105,-0.04421938763904481,0.17105686018047553,0.6527795230329538,1.7771799504365755,0.0357032435095417,0.2443104825729045,0.31969375023141194,-0.1652875830879203,1.0227323535128534,0.4986232514870018,0.3961964519052274,-0.19855556789519585,0.8207212375948494
0.33555247879529093,0.4905288276532921,0.7118855709868981,0.14330539743191914,0.2800820907912071,0.13482218787259836,0.22341792517260792,0.3487432188248288,0.27821826106904196,0.4070575979754232,0.25263355303919544,0.1904511662259259,0.17027620191262882,0.37573513023216776,0.3683458734139364,0.25328542201751564,0.33441281747591234,0.2849119355886431,0.24984717703959747,0.24420087367611268,0.45769242470886456,0.2410121372230609,0.2577267987893907,0.2939545535302988,0.06640362395772956,0.7054998412469209,0.7551842805766035,0.38398342759217613,0.60421926820938,0.9247525047979568,0.3679020416902779,0.3490057008822982,-0.05782059771382502,0.4146306723850963,0.6260686923138967,0.8406986866406643,0.032604185891331676,0.13436250128118235,0.17392279615691222,0.0357032435095417,2.5113813818555437,0.21115108646340575,0.2793279868178567,0.26821612921790594,-0.49174159459703454,0.7750397119814381,0.7476548718621178,-0.1921241680279822,1.383364548686633
