1.9454765709928015,0.9654584009059506,1.5321551029945963,0.28681986289155414,0.417026747769506,0.24634981588409405,0.27563040711771103,0.3672405775244302,0.3405449305619828,0.4240749846133436,0.24993017600524473,0.25560468649437196,0.15865266339413514,0.24535841337901665,0.3883994586343966,0.13155394313951238,0.08374976026081896,0.5597204351083552,0.3194642029350628,0.17525420164827582,0.34944483129642706,0.2699100522968148,0.277108531992331,0.11305771147477214,0.6018650075541756,0.21044711466210977,0.48063780317166516,0.1600153277407114,0.23623191778849298,0.5817120952427346,0.3682911027936025,0.2328035827503201,0.19008187702978224,-0.6479671931394964,0.07260680173279399,0.49388258692347375,0.18357135534521984,0.10721336077254877,0.45857202426459476,0.23321152830451092,0.33915395999282194,0.1241724386351297,0.24016797832260162,0.060349874604963036,0.24482984493267998,0.5459879518607043,0.30225947292377,-0.2121493174111497,0.5798186726643646
0.9654584009059506,2.332112020447817,2.879187452480168,0.28154221193400547,0.3730222311383218,0.3811786326511808,0.28234706863020126,0.7909876938924468,0.5866052366186526,0.7008572484567966,0.3783106839670967,0.2557221727814259,0.25798970736921234,0.3476837060656159,0.5029182402874833,0.03387544132366995,0.2906226789044242,0.6173164761849169,0.3832224039257466,0.42125492838748524,0.46827501589435555,0.3217999538478022,0.27561829775612495,0.3099455961792026,0.08810750646471364,0.45234463159074345,0.6786063041246255,0.3098530527029073,0.42740651740711966,0.41019084801983713,0.4595687709884733,0.31725427513232957,0.41175180492276187,0.1976075922912813,0.20031704493957958,0.5733830065707293,0.6144330877142107,0.21597738736450003,0.501454609554155,0.27538554388537195,0.48878511740850566,0.265257249972885,0.4625736947131595,0.11005910268335775,0.4087228298623203,0.580615775622274,0.6009334939184656,-0.22741188285957417,0.5927197786030974
1.5321551029945963,2.879187452480168,5.5406651883416655,0.3747334969352121,0.47883958007244126,0.48662146431476916,0.3379228481424912,1.3489727237071611,0.9806783709164127,1.0803088237215253,0.4982219110411721,0.26663103792163884,0.37567042758903657,0.5004901312493096,0.754807020624261,-0.04365791454487132,0.368654953231327,0.7221927307415551,0.5286260294324212,0.32806437650172104,0.7037437015892625,0.4852579082214061,0.3872292487364614,0.419532067472698,0.07705972769167391,0.669574509007319,0.9349274850606345,0.39430067342038105,0.5387295732906943,0.47946599280830476,0.5693942162577426,0.44826563695080235,0.5733927008525252,0.2475933766447108,0.22951291416147582,0.7763879075320153,0.691195118796216,0.17399744177857396,0.7669362397879668,0.35757087741058147,0.7085872094501349,0.3497472778713792,0.5526818973255988,0.14630400967295487,0.3302802433657735,0.8007440425611285,0.9099878781662788,-0.31194571293225704,0.8344312817211329
0.28681986289155414,0.28154221193400547,0.3747334969352121,2.127444942384281,0.6747816437697627,0.41973458768924704,0.21623881070983375,0.4812406317942975,0.17994797268112092,0.27204998208794484,0.2868582165316596,0.40368203683042075,0.18302195999939075,0.35355286574165606,0.21774825460658198,0.49114481618865985,0.22980527361576578,0.17790227711920156,0.5197013203993404,0.27164425528446356,0.24810050440189393,0.3242596664911945,0.2018133205583019,0.24001283363299097,0.023225139394924085,0.2790768893048955,0.3442677698257391,0.03618521716265518,0.2791162554028788,0.05313196226267756,0.19352239652396397,0.34052423920490454,0.23720291315771855,0.39023579976122574,-0.178007480739319,0.24291086229136888,0.2163747557350755,0.1420485929478068,0.2698703593177749,0.056082673500623195,0.14464898486258254,0.31751405145831674,0.26198218069347934,0.11768442351230153,0.19881531547606676,0.26894983888078855,0.3619936581891161,-0.11409723796736285,-0.07982343628676065
0.417026747769506,0.3730222311383218,0.47883958007244126,0.6747816437697627,1.51774029808939,0.4390927942152861,0.2940417434595319,0.4884122797281825,0.4095874077702058,0.33716729493827197,0.34182016994659603,0.4007479214216104,0.2339793738543685,0.41341026510508094,0.33296171885632153,0.5377378403092393,0.2633553912941767,0.29680998335431297,0.8460722965907453,0.322748850582759,0.2873073592947706,0.4554813748760694,0.2512768343515165,0.283102342901917,-0.08384655706224743,0.43539828372879125,0.5342204586930178,0.09410706673969794,0.3290515450097691,0.08906628098418769,0.30888148835200274,0.40026303112534,0.24961041247641153,0.5690705781041354,-0.047367461338342715,0.42114857859080423,0.32166117599440575,0.18358289357466795,0.2390961878199293,0.09071469873030014,0.2789757767139401,0.4102190662306116,0.32110179769176556,0.07315255221361261,-0.010537841889845356,0.3404547918435131,0.33544699337176287,-0.13937384517269813,0.3097668476836106
0.24634981588409405,0.3811786326511808,0.48662146431476916,0.41973458768924704,0.4390927942152861,0.9097627137554366,0.24869868113775045,0.4850297063349585,0.3125364894104682,0.38180056235885684,0.37905731139729854,0.3737731454113394,0.20714156433876724,0.3420272357554695,0.2941992722139693,0.3440812941406874,0.3393678589557241,0.19427108920979722,0.6523852989504932,0.42500584610683456,0.32231262930544236,0.3495024223503793,0.17294491213122457,0.29093540212173574,0.18578088752125194,0.37184173749847393,0.4555975909851249,0.18643091460009126,0.4257298239252246,0.16812793439028137,0.2855358697460608,0.3449052999642979,0.18098582408104652,0.508921426724745,0.21464177457641798,0.30225192138996215,0.2136514058282359,0.23469532337193091,0.34881868141356515,0.22182704707283282,0.13655792113673468,0.3211587895740842,0.3621332688884389,0.1136917695600486,0.3035333520391079,0.3286808541531246,0.5192839224228863,-0.12844618446733908,0.575006858889868
0.27563040711771103,0.28234706863020126,0.3379228481424912,0.21623881070983375,0.2940417434595319,0.24869868113775045,0.7287529295525867,0.22943964535452138,0.5031563072152596,0.2477211943645619,0.2769326146511329,0.41295984336812297,0.19767619024259092,0.3612300853667372,0.24997305143955367,0.3004212313061396,0.29970313799477,0.2067627666762818,0.2536455791266799,0.2104730110662546,0.28416128201874136,0.3928313335039806,0.1402753262574549,0.26601492084572587,0.14118324659890852,0.35386248814952836,0.3957779690111048,0.17691391575443002,0.2406774184927464,0.19043806362743973,0.2660818905521612,0.3438489322544074,0.22983663493482065,0.3374007466659977,0.14552713473111722,0.381468456078703,0.12798881724542452,0.11482344540807558,0.2630770582257206,0.13209255467610542,0.22409837065981955,0.2799734968875124,0.2827199129516886,0.05400932269255102,0.08874760634519485,0.3068296914255626,0.213109288012626,-0.13105601079270038,0.368423657110203
0.3672405775244302,0.7909876938924468,1.3489727237071611,0.4812406317942975,0.4884122797281825,0.4850297063349585,0.22943964535452138,1.1615790016659084,0.3225603540369651,0.5323931736574768,0.3751135814925548,0.22831274174225968,0.2260514273140399,0.34189432949681503,0.36213328849673904,0.2141080134627006,0.35382350530265727,0.2906057329193843,0.5018997459414933,0.3700461906302994,0.37484700661351367,0.2837338290881538,0.18859656156019106,0.2879293950155837,0.031860163217042096,0.4174955157197767,0.46314342805305897,0.22574392864563808,0.3471584057994225,0.1568971487633614,0.3169308748649395,0.31461785350236005,0.27480756713158666,0.5494659227430473,0.21385338336940984,0.3422600270251163,0.37157462786299494,0.1979026483664899,0.49985398804354453,0.227495156101662,0.34773312518159644,0.2948408576615757,0.37019194844865894,0.12163967933800383,0.2551561871864242,0.3813889515807454,0.6490738664796911,-0.13326432350607725,0.6219261859240692
0.3405449305619828,0.5866052366186526,0.9806783709164127,0.17994797268112092,0.4095874077702058,0.3125364894104682,0.5031563072152596,0.3225603540369651,1.2102954683541254,0.1829486468968621,0.1943368464433567,0.15679543376308414,0.2520553247909547,0.44989437769519625,0.39509433884433415,0.1593147682917329,0.3274364133113601,0.1877082758148604,0.37926589365129787,0.3044006578444109,0.3714852209862077,0.6449108255882435,0.0992465535042867,0.32347423381520646,-0.06872613381406456,0.5716644781928354,0.5892815336285457,0.22181662823483256,0.21160812050393735,0.1794441134583477,0.32815622810140505,0.40471009950020514,0.37404953786483297,0.26054836641377943,0.07673022554611231,0.4150488864146618,0.271830624662126,0.16026310964943874,0.21681954421491964,0.13102557033702522,0.27314141234507616,0.3475983166849225,0.3731880380515128,0.034191909841888385,0.11337424502927601,0.39981309335757936,0.27798220894680853,-0.16645883170287054,0.045632208206335054
0.4240749846133436,0.7008572484567966,1.0803088237215253,0.27204998208794484,0.33716729493827197,0.38180056235885684,0.2477211943645619,0.5323931736574768,0.1829486468968621,1.0126310383785364,0.40242970874335743,0.36601225704547546,0.22577575737296166,0.30637299182054206,0.40604460334399206,0.24474127737645482,0.3707056596432508,0.375255286480028,0.3585897988778577,0.2444300020929545,0.3036221885014877,0.22355077230382273,0.24043117950671242,0.28355502858439197,0.1777705745228681,0.3489748318242344,0.48367897028610624,0.2465225436573125,0.35625596783139646,0.26686196004449236,0.34390337488084044,0.2925065142718833,0.2573271473475501,0.5073490015180305,0.2792300338755965,0.4500384262677757,0.33430285518551306,0.14484066747175126,0.39821342073487304,0.21368048475636447,0.40523961683532467,0.26235383025707104,0.3493704484864213,0.11762738412312897,0.18451500884432404,0.4348492769272561,0.6045093213341893,-0.16186226478697352,0.6599051216348844
0.24993017600524473,0.3783106839670967,0.4982219110411721,0.2868582165316596,0.34182016994659603,0.37905731139729854,0.2769326146511329,0.3751135814925548,0.1943368464433567,0.40242970874335743,0.5663686893253115,0.4293130935720254,0.26290036160107855,0.2878573167469855,0.3358005121000618,0.2984322287645748,0.39033984666158345,0.20040129018514005,0.35505955501945985,0.3597800409512592,0.26448608119728173,0.24572921104943116,0.12683998391545734,0.26185297215579767,0.15022822915520928,0.3046467970287434,0.3540045535352393,0.22537182780828235,0.3011605419930975,0.21839175061782756,0.2911294274919214,0.2971451232419317,0.20408944815093277,0.3967135275537553,0.26822299753104856,0.34910370610056873,0.22358426703922457,0.18952826593233082,0.35225080384485413,0.19815324929094963,0.2510362467193503,0.3002925788913537,0.2811011935493738,0.0771908559648873,0.20570069616930126,0.3428752947441519,0.41539334002106426,-0.1319068014025339,0.44133455737707855
0.25560468649437196,0.2557221727814259,0.26663103792163884,0.40368203683042075,0.4007479214216104,0.3737731454113394,0.41295984336812297,0.22831274174225968,0.15679543376308414,0.36601225704547546,0.4293130935720254,0.9422360018896909,0.1863053242573063,0.3718701790424407,0.15317027771337363,0.39331021002492267,0.30472951080570193,0.27349011549968966,0.36342600728088476,0.22574929742906205,0.23278047084949344,0.2665094867522971,0.21316688091203828,0.24154070750923196,0.18614813233077823,0.2741677451760611,0.26948808398031693,0.1342889389237265,0.2914402956420541,0.15733618152781514,0.252131825419441,0.37803814928687496,0.138422911971476,0.3648671453781746,0.17280217487401922,0.3427064525396739,0.01119153679037062,0.12896182597284733,0.35559408574492074,0.17317278026089608,0.19012123767980593,0.2585710813000633,0.24886115814326643,0.06901866348315856,0.11835532468655885,0.2913441774862119,0.3500487968462091,-0.11599690588162988,0.7975471564973515
0.15865266339413514,0.25798970736921234,0.37567042758903657,0.18302195999939075,0.2339793738543685,0.20714156433876724,0.19767619024259092,0.2260514273140399,0.2520553247909547,0.22577575737296166,0.26290036160107855,0.1863053242573063,0.4761829339282353,0.1977160502329819,0.15832843747341893,0.1796192069716329,0.2542759702739381,0.11012960320330976,0.22853189505366725,0.21192914692311166,0.18893349081681293,0.21459603587820147,0.09662983969935893,0.19049187424108008,0.09912286723671113,0.17467618865151333,0.20389318551003002,0.1509722977694076,0.22403800440604457,0.19490582273341406,0.17936355153455452,0.22154271727892305,0.1446472681823555,0.24082492113322881,0.1709902131226855,0.2359323135424238,0.16563716320778407,0.10592781837330813,0.274708295571596,0.12419236559396744,0.1714410213955333,0.19599789547271498,0.19720436387323453,0.07614412890561352,0.10269248911917035,0.24247520242069387,0.2658905807212734,-0.09632061968905122,0.278592184705799
0.24535841337901665,0.3476837060656159,0.5004901312493096,0.35355286574165606,0.41341026510508094,0.3420272357554695,0.3612300853667372,0.34189432949681503,0.44989437769519625,0.30637299182054206,0.2878573167469855,0.3718701790424407,0.1977160502329819,0.8172156534844891,0.3072824113747584,0.5341400052352476,0.39845503344994887,0.15517523658813887,0.4161759173132654,0.3183721024978382,0.33439943573208286,0.4983859778507528,0.1352839494551478,0.34572603982747063,0.10012921885393947,0.5806804003754557,0.4654509680365843,0.2139984897697546,0.32192696855960573,0.2475572500201588,0.3241346218513804,0.5712880667552969,0.23793491480509724,0.34019033174184193,0.22790648038170247,0.42216227109868304,0.09971565888161207,0.17035055202042373,0.1663593290208408,0.1697687473812388,0.3713927423939746,0.4108571576632913,0.3914148370643568,0.019225404969661394,0.14934418356287027,0.4291024578487334,0.4722373874769678,-0.17833163818653838,0.5834534950718014
0.3883994586343966,0.5029182402874833,0.754807020624261,0.21774825460658198,0.33296171885632153,0.2941992722139693,0.24997305143955367,0.36213328849673904,0.39509433884433415,0.40604460334399206,0.3358005121000618,0.15317027771337363,0.15832843747341893,0.3072824113747584,1.0806843252854759,0.23288756880832376,0.4251230798156384,0.10702009581515656,0.3379631962394257,0.4002600049356013,0.3067584986186653,0.2976241598941709,-0.044337574104612976,0.28555669001421446,0.11412682879260577,0.4428059753752234,0.5468652027994457,0.30144055642382395,0.233983446854017,0.2540558057520449,0.3489426673780448,0.2841740027062158,0.3300636315132951,0.3198723472205561,0.25848729967401596,0.37511966846169426,0.3909439650835072,0.20133222693119743,0.22641427416140678,0.1607933266111974,0.3711726939398993,0.3701317182427434,0.27727665256815326,0.01837499465111811,0.05290532201406819,0.409077774749423,0.41359963019078355,-0.15013616473994137,0.41547177754618175
0.13155394313951238,0.03387544132366995,-0.04365791454487132,0.49114481618865985,0.5377378403092393,0.3440812941406874,0.3004212313061396,0.2141080134627006,0.1593147682917329,0.24474127737645482,0.2984322287645748,0.39331021002492267,0.1796192069716329,0.5341400052352476,0.23288756880832376,1.5905078938937063,0.3581846342827296,0.0010550072942814854,0.5111914558854413,0.29094668014819247,0.16998021367251437,0.7803935539275133,0.07612344911141362,0.3100412737892414,-0.1091998592068382,0.22754166538658904,0.24536733769847385,0.20435868854386183,0.34063404384566803,0.4430824814500684,0.16500735470354613,0.5349642490790033,0.0106402038216364,0.3554429333019552,0.4367046909341034,0.26507466766096527,0.13973063257762378,0.12903382481964162,0.3032031350752448,0.2068982157213471,0.2528982798942941,0.5828084312809956,0.36617274550044493,0.057637569160359885,0.255456695382636,0.22581836349071233,0.417757355308367,-0.09774937661525505,0.5421000931118084
0.08374976026081896,0.2906226789044242,0.368654953231327,0.22980527361576578,0.2633553912941767,0.3393678589557241,0.29970313799477,0.35382350530265727,0.3274364133113601,0.3707056596432508,0.39033984666158345,0.30472951080570193,0.2542759702739381,0.39845503344994887,0.4251230798156384,0.3581846342827296,1.1657815053733505,-0.020432799936014222,0.3219327529053699,0.5418936583784796,0.2989568184244341,0.36359825698161025,-0.01901216222050154,0.33762509952351777,0.5936295567368307,0.37959070627782376,0.42975184276838774,0.40748229243781414,0.30913609716531937,0.28107173524779894,0.3348169675578656,0.3419624804560616,0.34433051326655223,0.5082016339559747,0.4176572055768369,0.373035122732713,0.44459385244980765,0.2829583107669759,0.36257721245235286,0.2585622088125304,0.3337034391564365,0.48522735476949674,0.38347697746205384,0.03909645393031737,0.3363508648118967,0.49935390702183646,0.6617496855993613,-0.19865716792369936,0.5892014440253401
0.5597204351083552,0.6173164761849169,0.7221927307415551,0.17790227711920156,0.29680998335431297,0.19427108920979722,0.2067627666762818,0.2906057329193843,0.1877082758148604,0.375255286480028,0.20040129018514005,0.27349011549968966,0.11012960320330976,0.15517523658813887,0.10702009581515656,0.0010550072942814854,-0.020432799936014222,1.4948080484253032,0.25560651313318483,-0.33057524736458643,0.36106140753223087,0.11289452575669526,0.5782664120080717,0.1006787038222205,-0.011155421851559695,0.2924558116477458,0.6524379223108688,0.05897621025783397,0.2817799423808916,0.032802237814964795,0.5463770686385444,0.1708790681492491,0.24670758057446648,0.11761154680026603,-0.07721933684110231,0.707721072483838,0.06763907548731618,-0.12049791577501481,0.22342799315376174,0.1005296716049467,0.28383602468727814,-0.10182052113918724,0.372894729812868,0.06499841291872081,0.41570236442025804,0.46583128846545335,0.22333367550702143,-0.22707205455047236,-0.09696771541978232
0.3194642029350628,0.3832224039257466,0.5286260294324212,0.5197013203993404,0.8460722965907453,0.6523852989504932,0.2536455791266799,0.5018997459414933,0.37926589365129787,0.3585897988778577,0.35505955501945985,0.36342600728088476,0.22853189505366725,0.4161759173132654,0.3379631962394257,0.5111914558854413,0.3219327529053699,0.25560651313318483,1.3121858222987315,0.34241685647639764,0.3351063368257994,0.4627843208797685,0.20685144549046253,0.3123584161447409,0.03515129680764858,0.3960414979321461,0.590794241322187,0.19964519333561503,0.4125809073296829,0.2662100884434105,0.32029371965797854,0.3941934888901116,0.22740380259596124,0.4855791147473719,0.18022170669683607,0.4936660341788523,0.1874991402110762,0.20051659839672445,0.29275500315688163,0.1851448755309891,0.24882463215833628,0.3863469112265302,0.3655084381828219,0.07945805302049945,0.14987472526121032,0.37900208647709377,0.31845486782765436,-0.16425714669852728,0.4097330257106897
0.17525420164827582,0.42125492838748524,0.32806437650172104,0.27164425528446356,0.322748850582759,0.42500584610683456,0.2104730110662546,0.3700461906302994,0.3044006578444109,0.2444300020929545,0.3597800409512592,0.22574929742906205,0.21192914692311166,0.3183721024978382,0.4002600049356013,0.29094668014819247,0.5418936583784796,-0.33057524736458643,0.34241685647639764,1.4543605861661086,0.11226568243472446,0.29295317879231203,-0.1516253712220783,0.34991163130028696,0.22189990820866165,0.2798754155058334,0.265741575755126,0.41706751495894956,0.2757148215973997,0.6140549793551646,0.23551626535540393,0.266276874297763,0.28402701087696336,0.3344751177691615,0.4758005297304233,0.15705937290189698,0.7374205813645905,0.6747632489837644,0.27201604609703517,0.33327817557362305,0.24121680623194178,0.524235917889893,0.5047531436664173,0.10067846224222889,0.7180513826919688,0.32673285335667873,0.4170091068016311,-0.11163355902902752,0.6772536059655696
0.34944483129642706,0.46827501589435555,0.7037437015892625,0.24810050440189393,0.2873073592947706,0.32231262930544236,0.28416128201874136,0.37484700661351367,0.3714852209862077,0.3036221885014877,0.26448608119728173,0.23278047084949344,0.18893349081681293,0.33439943573208286,0.3067584986186653,0.16998021367251437,0.2989568184244341,0.36106140753223087,0.3351063368257994,0.11226568243472446,0.8514672652335201,0.2476827604335722,0.191325801181657,0.27819451834084746,0.15211954396577737,0.3353132419536384,0.4909802264107919,0.2500103150625313,0.34521818165581686,0.3194266099951067,0.42058350695352487,0.33605878578012865,0.33891375108701066,0.22505984387518327,0.18007557269764274,0.5764194899145825,0.15112425840842345,0.09704886498811337,0.5842768903256629,0.3041490950243464,0.4650676852110207,0.2642831510269284,0.35502867327977566,0.0692730651760453,0.2855046140372598,0.5288676078220951,0.5551943210782344,-0.2120199820297695,0.7970054189922973
0.2699100522968148,0.3217999538478022,0.4852579082214061,0.3242596664911945,0.4554813748760694,0.3495024223503793,0.3928313335039806,0.2837338290881538,0.6449108255882435,0.22355077230382273,0.24572921104943116,0.2665094867522971,0.21459603587820147,0.4983859778507528,0.2976241598941709,0.7803935539275133,0.36359825698161025,0.11289452575669526,0.4627843208797685,0.29295317879231203,0.2476827604335722,0.9839100957892224,0.09994855936411835,0.3093201034443161,-0.07643943972578673,0.3892454605413,0.41441346707714116,0.19287197156844818,0.2910365648726612,0.3025099524742638,0.23372311849871563,0.4855799615108749,0.17369425882413214,0.29127606596245786,0.23936665643491117,0.3174422420475366,0.1959447094860335,0.14453277530651917,0.25495238592932284,0.1687787627929262,0.237874999640542,0.4506177438581496,0.41066152583098287,0.03834302252500874,0.14029814416945544,0.3025677874536097,0.3562032995171805,-0.12481442128306522,0.32995013518186034
0.277108531992331,0.27561829775612495,0.3872292487364614,0.2018133205583019,0.2512768343515165,0.17294491213122457,0.1402753262574549,0.18859656156019106,0.0992465535042867,0.24043117950671242,0.12683998391545734,0.21316688091203828,0.09662983969935893,0.1352839494551478,-0.044337574104612976,0.07612344911141362,-0.01901216222050154,0.5782664120080717,0.20685144549046253,-0.1516253712220783,0.191325801181657,0.09994855936411835,1.2713500095014216,0.22126268767805485,-0.038061367643989145,0.012518785451912682,0.20034161090747388,-0.18910750511369528,0.3826939981613531,0.3394698832853571,-0.05378309837554066,0.1339471644425815,0.06579064541921871,0.13011427978535917,-0.23578211236468335,0.5652996411653565,-0.12782239993050815,-0.09454019988269106,0.2928703146821326,0.08752227494258588,0.26032160488358014,-0.02114212268043712,0.25351345804312997,0.32524557772381113,0.07843781564291728,0.28007942411151365,0.2322568475824649,-0.1505010607654374,0.19199612341048097
0.11305771147477214,0.3099455961792026,0.419532067472698,0.24001283363299097,0.283102342901917,0.29093540212173574,0.26601492084572587,0.2879293950155837,0.32347423381520646,0.28355502858439197,0.26185297215579767,0.24154070750923196,0.19049187424108008,0.34572603982747063,0.28555669001421446,0.3100412737892414,0.33762509952351777,0.1006787038222205,0.3123584161447409,0.34991163130028696,0.27819451834084746,0.3093201034443161,0.22126268767805485,0.5469325470206975,0.24348650322840268,0.319918145174659,0.5120248528140003,0.3678540829853826,0.31732009189935234,0.5476381661391716,0.2826602857992722,0.3325410598305379,0.5257398607093523,0.30707616908017643,0.30852728662766477,0.5408300332497279,0.24238940607594311,0.19706545322448846,0.27563909612772747,0.1693873718498558,0.2978010170388042,0.36586532691983475,0.37815779054215376,0.13897740896766056,0.15367931052959197,0.454149880950492,0.423514130108374,-0.20704834849868725,0.5578663909617607
0.6018650075541756,0.08810750646471364,0.07705972769167391,0.023225139394924085,-0.08384655706224743,0.18578088752125194,0.14118324659890852,0.031860163217042096,-0.06872613381406456,0.1777705745228681,0.15022822915520928,0.18614813233077823,0.09912286723671113,0.10012921885393947,0.11412682879260577,-0.1091998592068382,0.5936295567368307,-0.011155421851559695,0.03515129680764858,0.22189990820866165,0.15211954396577737,-0.07643943972578673,-0.038061367643989145,0.24348650322840268,3.859100783208024,-0.029673196921539798,0.16839753794070614,0.37358093619574195,0.35369523952595416,0.4293505196490091,0.35059559584418665,0.06592538986255583,0.2731737688501884,0.08210318250468146,0.42879111983168716,0.4115386682898842,0.16712043940506274,0.1848960133529436,0.4119120760851615,0.22573227255981312,0.07094215419797548,0.11400828954249977,0.17245485199225383,-0.01601397576159387,0.2568571509653763,0.8958390867245655,0.3908992026296122,-0.38329151155961294,0.41077030175389473
0.21044711466210977,0.45234463159074345,0.669574509007319,0.2790768893048955,0.43539828372879125,0.37184173749847393,0.35386248814952836,0.4174955157197767,0.5716644781928354,0.3489748318242344,0.3046467970287434,0.2741677451760611,0.17467618865151333,0.5806804003754557,0.4428059753752234,0.22754166538658904,0.37959070627782376,0.2924558116477458,0.3960414979321461,0.2798754155058334,0.3353132419536384,0.3892454605413,0.012518785451912682,0.319918145174659,-0.029673196921539798,1.9758753627013257,0.9230839101632571,0.2908421535539312,-0.06151303451734364,-0.38365808673076884,0.454231278422011,0.5651747041339118,0.3000265562448516,0.5346407556638918,0.379860957555531,0.4631872856167188,-0.5304373214119473,0.1511282073641612,-0.8286637189436777,0.09685472688502693,0.6936876306683807,0.4742435008708183,0.41905892282738405,-0.08197310295961127,-0.08623590909197583,0.4804198317269672,0.24314283888634178,-0.18562673680527733,-0.2601517717397881
0.48063780317166516,0.6786063041246255,0.9349274850606345,0.3442677698257391,0.5342204586930178,0.4555975909851249,0.3957779690111048,0.46314342805305897,0.5892815336285457,0.48367897028610624,0.3540045535352393,0.26948808398031693,0.20389318551003002,0.4654509680365843,0.5468652027994457,0.24536733769847385,0.42975184276838774,0.6524379223108688,0.590794241322187,0.265741575755126,0.4909802264107919,0.41441346707714116,0.20034161090747388,0.5120248528140003,0.16839753794070614,0.9230839101632571,4.65529405235905,0.723162898477656,0.23635562156318,0.19298290048100758,0.8748249735582814,0.41029493646292325,1.3477441741436424,0.5022752714251223,0.1348535877746485,2.0827342379179714,0.4386089449370212,0.1822286307995125,-0.11324846027676903,0.015781483706328352,0.7384249378294355,0.5301625219984787,1.033561703981417,-0.2905552007647899,-0.43251268403824134,1.248867722544695,0.0122226145067889,-0.6540075339915348,-0.05321422108667291
0.1600153277407114,0.3098530527029073,0.39430067342038105,0.03618521716265518,0.09410706673969794,0.18643091460009126,0.17691391575443002,0.22574392864563808,0.22181662823483256,0.2465225436573125,0.22537182780828235,0.1342889389237265,0.1509722977694076,0.2139984897697546,0.30144055642382395,0.20435868854386183,0.40748229243781414,0.05897621025783397,0.19964519333561503,0.41706751495894956,0.2500103150625313,0.19287197156844818,-0.18910750511369528,0.3678540829853826,0.37358093619574195,0.2908421535539312,0.723162898477656,1.0568179078207187,0.08947759807616565,0.5448318596824141,0.4592377280944836,0.18345114792852046,0.6744980912094624,0.18858454499101834,0.9556980706845394,0.6817865336320352,0.33569188802423133,0.2650863941875807,0.19109866490490943,0.2696388385399225,0.37928983784921677,0.32911194890725826,0.3403419755284143,0.15865971332900655,0.12394206683001002,0.5178169308303918,0.2804267312068507,-0.23076781884445208,0.5871641505676718
0.23623191778849298,0.42740651740711966,0.5387295732906943,0.2791162554028788,0.3290515450097691,0.4257298239252246,0.2406774184927464,0.3471584057994225,0.21160812050393735,0.35625596783139646,0.3011605419930975,0.2914402956420541,0.22403800440604457,0.32192696855960573,0.233983446854017,0.34063404384566803,0.30913609716531937,0.2817799423808916,0.4125809073296829,0.2757148215973997,0.34521818165581686,0.2910365648726612,0.3826939981613531,0.31732009189935234,0.35369523952595416,-0.06151303451734364,0.23635562156318,0.08947759807616565,2.0352003172784072,0.5624678307720689,0.21410040827152482,0.309980488577159,0.009631300883714259,0.5316215264087383,0.21423424988751322,0.686838927030541,-0.1544342600803574,0.10852578647887134,0.514809328257277,0.3248118043826228,0.6107380042981012,0.1297806650850749,-0.012782283294972005,-0.039529442184218624,0.16369597263815547,0.5338612688355586,0.588158945488575,-0.27212882940204647,0.9044690669842803
0.5817120952427346,0.41019084801983713,0.47946599280830476,0.05313196226267756,0.08906628098418769,0.16812793439028137,0.19043806362743973,0.1568971487633614,0.1794441134583477,0.26686196004449236,0.21839175061782756,0.15733618152781514,0.19490582273341406,0.2475572500201588,0.2540558057520449,0.4430824814500684,0.28107173524779894,0.032802237814964795,0.2662100884434105,0.6140549793551646,0.3194266099951067,0.3025099524742638,0.3394698832853571,0.5476381661391716,0.4293505196490091,-0.38365808673076884,0.19298290048100758,0.5448318596824141,0.5624678307720689,3.2178466978939655,0.21420404802616363,0.2324145903999384,0.027362455669798693,-0.44145820976448047,1.100629023041527,0.498230048867569,0.5136610341891457,0.3082942171944066,1.1364669588392227,0.5700854741990171,0.9328012846644826,0.388861881364425,0.8373265595655386,0.5150622756039931,0.8680868094761879,0.4626106835150877,0.8137681960969011,-0.11741776072714451,1.8443250817220367
0.3682911027936025,0.4595687709884733,0.5693942162577426,0.19352239652396397,0.30888148835200274,0.2855358697460608,0.2660818905521612,0.3169308748649395,0.32815622810140505,0.34390337488084044,0.2911294274919214,0.252131825419441,0.17936355153455452,0.3241346218513804,0.3489426673780448,0.16500735470354613,0.3348169675578656,0.5463770686385444,0.32029371965797854,0.23551626535540393,0.42058350695352487,0.23372311849871563,-0.05378309837554066,0.2826602857992722,0.35059559584418665,0.454231278422011,0.8748249735582814,0.4592377280944836,0.21410040827152482,0.21420404802616363,1.1052338301595146,0.3158987955792748,0.5206390599033928,0.24997318988177553,0.3376734803039985,0.936018439434642,0.2510814482190032,0.1958905126277052,0.28350652857639774,0.18909384737127197,0.37095212732028127,0.266984323951595,0.39477543624889017,-0.07348447098773372,0.2718909584198218,0.7484630817827025,0.3786243302293534,-0.352358579006864,0.3724426942879246
0.2328035827503201,0.31725427513232957,0.44826563695080235,0.34052423920490454,0.40026303112534,0.3449052999642979,0.3438489322544074,0.31461785350236005,0.40471009950020514,0.2925065142718833,0.2971451232419317,0.37803814928687496,0.22154271727892305,0.5712880667552969,0.2841740027062158,0.5349642490790033,0.3419624804560616,0.1708790681492491,0.3941934888901116,0.266276874297763,0.33605878578012865,0.4855799615108749,0.1339471644425815,0.3325410598305379,0.06592538986255583,0.5651747041339118,0.41029493646292325,0.18345114792852046,0.309980488577159,0.2324145903999384,0.3158987955792748,0.6239007809226498,0.19167174283425692,0.3224518811529904,0.21331698414011754,0.40332815986750215,0.00709455476898396,0.14292149117009467,0.169971992154143,0.1540729666753995,0.34570141741940363,0.3914485918246029,0.3357863068206556,0.01950168368556493,0.14276829535203217,0.40789584005148916,0.4368979123770653,-0.1703648371925334,0.4875118801205105
0.19008187702978224,0.41175180492276187,0.5733927008525252,0.23720291315771855,0.24961041247641153,0.18098582408104652,0.22983663493482065,0.27480756713158666,0.37404953786483297,0.2573271473475501,0.20408944815093277,0.138422911971476,0.1446472681823555,0.23793491480509724,0.3300636315132951,0.0106402038216364,0.34433051326655223,0.24670758057446648,0.22740380259596124,0.28402701087696336,0.33891375108701066,0.17369425882413214,0.06579064541921871,0.5257398607093523,0.2731737688501884,0.3000265562448516,1.3477441741436424,0.6744980912094624,0.009631300883714259,0.027362455669798693,0.5206390599033928,0.19167174283425692,1.9394580727805506,0.09451518510476642,-0.3940230332716555,0.6890503554994493,0.5973050791244557,0.21200949692465346,0.15899429761825576,-0.03660157593165126,-0.06439371554160409,0.45814922165571975,0.3622818439631925,0.08924876313797286,-0.14731183786415306,0.6995958350222886,0.42906001740999794,-0.36973431792893213,0.4094531269604852
-0.6479671931394964,0.1976075922912813,0.2475933766447108,0.39023579976122574,0.5690705781041354,0.508921426724745,0.3374007466659977,0.5494659227430473,0.26054836641377943,0.5073490015180305,0.3967135275537553,0.3648671453781746,0.24082492113322881,0.34019033174184193,0.3198723472205561,0.3554429333019552,0.5082016339559747,0.11761154680026603,0.4855791147473719,0.3344751177691615,0.22505984387518327,0.29127606596245786,0.13011427978535917,0.30707616908017643,0.08210318250468146,0.5346407556638918,0.5022752714251223,0.18858454499101834,0.5316215264087383,-0.44145820976448047,0.24997318988177553,0.3224518811529904,0.09451518510476642,2.2674574833854533,0.40811557256991243,0.2675566849374697,0.40069026689577764,0.18198381696548788,0.06998027542599668,0.04780204574472989,0.40270689240786917,0.35475899984934695,0.4395377130786453,0.1655716090463478,0.0407468963492809,0.1766888129521129,0.5141120465388881,-0.06945783740542723,0.004629941192541808
0.07260680173279399,0.20031704493957958,0.22951291416147582,-0.178007480739319,-0.047367461338342715,0.21464177457641798,0.14552713473111722,0.21385338336940984,0.07673022554611231,0.2792300338755965,0.26822299753104856,0.17280217487401922,0.1709902131226855,0.22790648038170247,0.25848729967401596,0.4367046909341034,0.4176572055768369,-0.07721933684110231,0.18022170669683607,0.4758005297304233,0.18007557269764274,0.23936665643491117,-0.23578211236468335,0.30852728662766477,0.42879111983168716,0.379860957555531,0.1348535877746485,0.9556980706845394,0.21423424988751322,1.100629023041527,0.3376734803039985,0.21331698414011754,-0.3940230332716555,0.40811557256991243,2.61942945676414,0.3959610516091332,-0.09741801018119274,0.26128620158010724,0.16320995163382307,0.6763140134143566,0.6176868458704512,0.26249531414580896,0.3764393550958494,0.20572656779744208,0.5058521682634167,0.2780697721332704,0.32317313086201016,-0.062245068634490294,0.8729449661444719
0.49388258692347375,0.5733830065707293,0.7763879075320153,0.24291086229136888,0.42114857859080423,0.30225192138996215,0.381468456078703,0.3422600270251163,0.4150488864146618,0.4500384262677757,0.34910370610056873,0.3427064525396739,0.2359323135424238,0.42216227109868304,0.37511966846169426,0.26507466766096527,0.373035122732713,0.707721072483838,0.4936660341788523,0.15705937290189698,0.5764194899145825,0.3174422420475366,0.5652996411653565,0.5408300332497279,0.4115386682898842,0.4631872856167188,2.0827342379179714,0.6817865336320352,0.686838927030541,0.498230048867569,0.936018439434642,0.40332815986750215,0.6890503554994493,0.2675566849374697,0.3959610516091332,3.154339673038747,-0.2725262757984916,0.14243332948595472,0.2194954225535803,0.47466870145212925,0.8429689404183803,0.30012124220913977,0.5143698366807105,-0.3749282939220649,-0.16290868697938868,1.548920984904093,-0.04913599143700488,-0.9090709074593,0.3611940165658913
0.18357135534521984,0.6144330877142107,0.691195118796216,0.2163747557350755,0.32166117599440575,0.2136514058282359,0.12798881724542452,0.37157462786299494,0.271830624662126,0.33430285518551306,0.22358426703922457,0.01119153679037062,0.16563716320778407,0.09971565888161207,0.3909439650835072,0.13973063257762378,0.44459385244980765,0.06763907548731618,0.1874991402110762,0.7374205813645905,0.15112425840842345,0.1959447094860335,-0.12782239993050815,0.24238940607594311,0.16712043940506274,-0.5304373214119473,0.4386089449370212,0.33569188802423133,-0.1544342600803574,0.5136610341891457,0.2510814482190032,0.00709455476898396,0.5973050791244557,0.40069026689577764,-0.09741801018119274,-0.2725262757984916,3.9591527731798193,0.41775461472475245,0.7810851770680178,-0.04655842886315525,0.03595931198445964,0.32796911066364715,0.5758290352369626,0.2810099537793017,0.523893458851919,0.1907635926345931,0.583057275085261,0.059992226368708795,0.5667514775140674
0.10721336077254877,0.21597738736450003,0.17399744177857396,0.1420485929478068,0.18358289357466795,0.23469532337193091,0.11482344540807558,0.1979026483664899,0.16026310964943874,0.14484066747175126,0.18952826593233082,0.12896182597284733,0.10592781837330813,0.17035055202042373,0.20133222693119743,0.12903382481964162,0.2829583107669759,-0.12049791577501481,0.20051659839672445,0.6747632489837644,0.09704886498811337,0.14453277530651917,-0.09454019988269106,0.19706545322448846,0.1848960133529436,0.1511282073641612,0.1822286307995125,0.2650863941875807,0.10852578647887134,0.3082942171944066,0.1958905126277052,0.14292149117009467,0.21200949692465346,0.18198381696548788,0.26128620158010724,0.14243332948595472,0.41775461472475245,0.6563582085583287,0.1359650496670146,0.16591266259283122,0.13227464746864523,0.25744042664523814,0.23025513526753902,0.09945274796882293,0.26303625057929786,0.2421912649389351,0.27808382447765645,-0.09047071091394786,0.4716719328570851
0.45857202426459476,0.501454609554155,0.7669362397879668,0.2698703593177749,0.2390961878199293,0.34881868141356515,0.2630770582257206,0.49985398804354453,0.21681954421491964,0.39821342073487304,0.35225080384485413,0.35559408574492074,0.274708295571596,0.1663593290208408,0.22641427416140678,0.3032031350752448,0.36257721245235286,0.22342799315376174,0.29275500315688163,0.27201604609703517,0.5842768903256629,0.25495238592932284,0.2928703146821326,0.27563909612772747,0.4119120760851615,-0.8286637189436777,-0.11324846027676903,0.19109866490490943,0.514809328257277,1.1364669588392227,0.28350652857639774,0.169971992154143,0.15899429761825576,0.06998027542599668,0.16320995163382307,0.2194954225535803,0.7810851770680178,0.1359650496670146,3.245507443345323,0.6462761671846174,0.1901569203954848,0.17109298398759648,0.3432256845738201,0.38519800425098777,0.7527330015501446,0.3359754622978658,0.9166747878950192,-0.06960647372497658,2.513617974552627
0.23321152830451092,0.27538554388537195,0.35757087741058147,0.056082673500623195,0.09071469873030014,0.22182704707283282,0.13209255467610542,0.227495156101662,0.13102557033702522,0.21368048475636447,0.19815324929094963,0.17317278026089608,0.12419236559396744,0.1697687473812388,0.1607933266111974,0.2068982157213471,0.2585622088125304,0.1005296716049467,0.1851448755309891,0.33327817557362305,0.3041490950243464,0.1687787627929262,0.08752227494258588,0.1693873718498558,0.22573227255981312,0.09685472688502693,0.015781483706328352,0.2696388385399225,0.3248118043826228,0.5700854741990171,0.18909384737127197,0.1540729666753995,-0.03660157593165126,0.04780204574472989,0.6763140134143566,0.47466870145212925,-0.04655842886315525,0.16591266259283122,0.6462761671846174,1.7709892289593214,0.03925310339805763,0.23789684397341412,0.3057031924401251,-0.1618999522604148,1.0116501980931705,0.5039931300432439,0.3951618441015674,-0.20006636068006806,0.8203542527196882
0.33915395999282194,0.48878511740850566,0.7085872094501349,0.14464898486258254,0.2789757767139401,0.13655792113673468,0.22409837065981955,0.34773312518159644,0.27314141234507616,0.40523961683532467,0.2510362467193503,0.19012123767980593,0.1714410213955333,0.3713927423939746,0.3711726939398993,0.2528982798942941,0.3337034391564365,0.28383602468727814,0.24882463215833628,0.24121680623194178,0.4650676852110207,0.237874999640542,0.26032160488358014,0.2978010170388042,0.07094215419797548,0.6936876306683807,0.7384249378294355,0.37928983784921677,0.6107380042981012,0.9328012846644826,0.37095212732028127,0.34570141741940363,-0.06439371554160409,0.40270689240786917,0.6176868458704512,0.8429689404183803,0.03595931198445964,0.13227464746864523,0.1901569203954848,0.03925310339805763,2.5264191128925577,0.2077725981719152,0.24906886436784714,0.27196184058620165,-0.4942698222539102,0.7805181391754326,0.7544805967519587,-0.1918560575510497,1.4187034408700299
