2.4062739282866903,0.17588575028067185,0.6124869196606592,0.07220107654798175,0.6348151918633248,0.03905786489425693,0.5666160829360193,0.37825143546175544,0.1522712823640612,0.5160795084514842,0.2365736723417709,0.3242147055229778,0.33586924272723523,0.6712415978079849,0.20452422689736827,0.34451528694822275,0.17485609144814307,0.43923380553503266,0.20168790594565536,0.06460369999436559,0.23508489634171642,0.25599702768321,0.5461438188736282,0.20023854695459412,0.31878067430118084,0.06288385716183269,0.12418667553957656,0.09683820213604838,0.37400207630758187,0.14510225359687,0.2225949199187598,0.008883973964140387,0.36931746865042675,-0.17065208372248336,0.3012811935364272,0.16950118277224027,0.38423258848559594,0.061682662823369164,0.3902031780549031,-0.047495682928221865,0.3050197614141342,0.14392653196533703,0.1214595790204341,0.07532188048293573,-0.02456852963158648,0.3569276522093205,0.21266989624053867,0.08064769380693808,0.3467906553189686,0.05979230129814714,0.08524435527198308,-0.13218257346172227,-0.06578162942300907,0.055198505669849324,-0.07004297996461188,0.0004808946434019702,0.04310961675949683,0.03705148377661801,-0.03127900113980506
0.17588575028067185,1.9126184633951417,0.13619274892300232,-0.20134847065289238,0.0009490856659935788,0.23881854586080087,0.06343275522134191,0.14739008219590696,0.13608148198423808,0.05984524856214475,0.10638380133644683,0.08544546672681812,0.04461653960806849,-0.03487945514721795,0.29119798323005636,-0.07616195872545704,0.06861045796137823,0.015345161981737108,0.052893357739515805,0.15288693905364972,0.13775358933111,0.02279406587147097,-0.1693268008493924,-0.011747777842045712,0.04678926775594729,0.15328681401648878,0.07811110627266203,0.04671858891193582,0.10717066708664331,0.002235806546683716,0.09539979856389377,0.07853916343772892,-0.02122961663466022,-0.03988917387924975,0.13657541764776698,0.08251366811963126,0.03203354442650124,0.08509279658654899,0.08386695948645902,0.059470612807582125,0.061939445124383305,0.04489502342050372,0.052852229659468924,-0.01442850680273505,0.13635941496606627,0.09279400435753145,0.009301082726664934,0.018383293765741316,0.05169577567659146,-0.06767487427488522,0.24220477688596623,0.19371960651784667,-0.19867984159625024,0.005903714266933742,-0.012410212748052445,0.04100916409318136,-0.013293458259359996,0.08135567010530943,-0.15289505110538
0.6124869196606592,0.13619274892300232,1.9990698624259755,0.16854563698545527,0.21749292737478504,0.10022039802722822,0.1322068906592683,0.42141161783149006,0.3058945641868561,0.5591383264550146,0.32538566589088935,0.23789382335003997,0.2915375735752366,0.31006388856523875,0.25063242146016285,0.21484735946037467,0.2634804375770478,0.37835379061853314,0.19205233366798877,0.232667616453881,0.22923294532904614,0.2880996459500715,0.3732216495367003,0.21189933568854755,0.2690893863547569,0.0652145885469662,0.21655997043212324,0.17910816666961096,0.3748333350055285,-0.22776407487968028,0.2566390217549111,0.0717610773924135,0.32724727757139865,0.28711392992772244,0.3266225849506469,0.19458370565579158,0.5421868410090309,0.13677472918361358,0.37998312316558974,-0.3724863161903147,0.21037431709495227,0.188997516825863,0.2202560946491748,0.0408593315976149,0.10810544157495568,0.46631869984228386,0.10840121444267788,-0.004203020400244197,0.043775839622563095,-0.006670518954875581,0.1705649354692684,0.04680741056119809,0.002406309722031152,-0.07053463697964073,-0.057174816451060595,-0.00748496331420122,0.021179016143731154,-0.06903760757022423,-0.004407948449519731
0.07220107654798175,-0.20134847065289238,0.16854563698545527,1.0614004016647356,0.18288586401323267,0.26230084025395944,0.220386184725167,0.23964717041165515,0.08337353554571326,0.08961423354898035,0.19652385974392642,0.2452497124420512,0.2957306890563844,0.34810990592680224,0.09730415699255816,0.2905519850033571,0.163169907887747,0.23913647859542955,0.13859472638318993,0.10953927450751694,0.13364153954806565,0.1762256031246648,0.20503668108951678,0.1789393745372004,0.1603754649763237,0.11224644557893085,0.05623026041600457,0.11373636154063012,0.15672646748051083,-0.010578508939082038,0.10365245702426983,0.18143712541761864,0.2139820823084131,0.25765022295395906,-0.06223878392849291,0.09803735294001441,0.195644170433254,0.06818698629551397,0.18099479011866643,-0.017624729021361567,0.061213010438899394,0.08048055838458555,0.10745732715088178,0.08071468777704391,-0.07676727568881225,0.13379099787824578,0.15958186946350028,0.0015835948869523794,0.05477626129469599,0.13404954326672755,-0.08582858424971454,0.054035873424177365,-0.07939004184963894,-0.09028869394652066,0.08536015697411907,0.004331396838441046,-0.21408138127740356,-0.051157743166774336,0.15270343893027696
0.6348151918633248,0.0009490856659935788,0.21749292737478504,0.18288586401323267,0.9059276810396721,0.03037188423522477,0.2446008482936068,0.2350530820203856,0.1647796595866065,0.18865943399627508,0.12833342059660702,0.17736342284782852,0.19912461392073721,0.22908862980770042,0.10968143015761177,0.3152165478819745,0.1185821483255886,0.2137047498206686,0.24828202784241118,0.01706922816267659,0.10638435405243651,0.21973632394054282,0.20911698934538903,0.13324200844747056,0.16756049818964816,0.1723161560270344,0.09187730715420706,0.04816962690219672,0.10685680852314863,0.06883799736997638,0.1409957824071684,0.09515369282649239,0.21217804367677434,0.25511094327978484,-0.024979431150628232,0.15899947116948066,0.2848787836947269,0.03720259975566409,0.12710899736568101,-0.03971103235374675,0.16477909372018962,0.14095656678632743,0.04810978370782408,0.02847741078308878,-0.16199567920572705,0.21197073611679818,0.13588173986256355,0.02688902603401154,0.16425896819001226,0.0511202053212757,-0.06527212421137504,-0.12424521036176257,0.07193470109228252,-0.0327035836448211,-0.02665515895056644,0.04091722997102657,-0.09236825124214543,0.021386603072397353,0.05400709806100975
0.03905786489425693,0.23881854586080087,0.10022039802722822,0.26230084025395944,0.03037188423522477,0.7601536852011634,0.07186281002924005,0.30707908119210264,0.15317590117753416,0.0626120899501108,0.2136219155151347,0.22363587653230133,0.21032235027739768,0.155935738259506,0.2572742305506259,0.08259653660499246,0.21612407563880923,0.21144327859974943,0.25443063676519373,0.17959331774502588,0.14708142631510346,0.12322880063586833,0.052643584540372566,0.12006041885558807,0.16077919597814555,0.14421775625004815,0.15132747115600242,0.15392631834175027,0.16948478148756135,0.059715981518889016,0.13658508117572796,0.15209934207261622,0.15015455980928943,0.14629357767428242,0.1908380709103793,0.0818148692968745,0.17736253787648026,0.09976479783770688,0.24380484835195929,0.028534720555815657,0.06015632712544139,0.0939403029237609,0.16790336132430533,0.053256566512156524,0.009693518780709582,0.1634945350396856,0.24094147061755775,0.06605295815824007,0.09274908754428024,0.14087038885623956,-0.28532643142611513,-0.013926721888380388,-0.1000273157684151,-0.01890355604918642,0.039960508570806096,-0.003132687536145118,-0.10611739827425298,0.030732161437880788,-0.02149206683274792
0.5666160829360193,0.06343275522134191,0.1322068906592683,0.220386184725167,0.2446008482936068,0.07186281002924005,0.5276113414384609,0.13588599866498913,0.19132670893240136,0.14793915172188293,0.19029300604500504,0.2717412988820628,0.18833721432314188,0.16072787664182459,0.0735091137113546,0.21144480681892977,0.1459695593897323,0.21970098125796303,0.0893929106231907,0.05021034841573036,0.1230386741585566,0.1984614234535191,0.23086910096301244,0.11799727793118309,0.162510459847351,0.13513230758152392,0.10079569189686673,0.045599711966302234,0.17450456757554964,0.020295802020326183,0.11903300905732922,0.11342885017550872,0.1447505047212441,0.14211020984180894,0.13689409555357795,0.11061137051308367,0.13256476623421118,0.04078723145516238,0.19524531005456394,-0.00418765665234461,0.045686647147133566,0.09594947041979887,0.07177503442704417,0.03686865183677686,-0.028044239681532215,0.15438400216331602,0.04588056223380653,-0.0103373623248577,0.15127933789740575,-0.03095132200639321,-0.03801978223740846,-0.049760608851501485,0.02928063187797982,-0.03984908335209969,0.04185371404875057,0.06010843068525604,-0.07916878928304906,-0.013145152786325054,-0.07642868740149329
0.37825143546175544,0.14739008219590696,0.42141161783149006,0.23964717041165515,0.2350530820203856,0.30707908119210264,0.13588599866498913,0.6471299775351185,0.06284544099261957,0.22539732059299866,0.222560595853064,0.06999255625405292,0.2576506647594336,0.27015966805727115,0.19854333556607578,0.1606145650262951,0.1836905558032813,0.23769045856074864,0.19188569255752727,0.1550575609759299,0.11420998235944069,0.12593170158800535,0.1525009579987281,0.11056707159885093,0.20426686849686318,0.19461341901153487,0.14956204995245426,0.06306662285756152,0.18028330064148315,0.07866833073978621,0.14195880164825864,0.04274050342043878,0.14679118534069746,0.19062771417248603,0.25683522645741613,0.0877309325403742,0.30241059436281015,0.09114771179247518,0.209656768079708,-0.05574492294615156,0.15238541681722517,0.1309870652877479,0.16348681273133286,0.040137600332753334,-0.0010242618866716578,0.21981037509344406,0.2345232010277637,0.07603785063380808,0.12866748520418442,0.10714163907490735,-0.08485793693273289,0.02496963630071707,-0.08543196229878365,-0.051499920852152326,-0.06933520864806769,-0.04839881296043458,0.04159655809179363,0.06567437082713044,-0.0271777450921748
0.1522712823640612,0.13608148198423808,0.3058945641868561,0.08337353554571326,0.1647796595866065,0.15317590117753416,0.19132670893240136,0.06284544099261957,0.522683572335111,0.03781118038514443,0.15714788444348415,0.1638784175194323,0.10637808841596556,0.07353057185391096,0.13984184450694748,0.06756949886990057,0.1435016629041529,0.14463614329668836,0.12084926877206321,0.0858740552448979,0.12267138964795597,0.24729942355471737,0.12925256198470547,0.10759075485104636,0.09710217479924696,0.1181571763363746,0.11800180301911602,0.13180760714508902,0.1510606157612011,0.027399319378530466,0.1377254972602601,0.1499893509564352,0.16223205273113103,0.0332701253110267,0.061132581541533615,0.1480315405135222,0.1338812822167705,0.060916438593031655,0.22715066411642423,-0.07217502420806599,0.013212161748793715,0.051157293617645844,0.03975563720566328,-0.0022675734458572814,-0.0159915334756503,0.14802281720238683,0.06145806781200883,-0.09177820212128907,0.085997102929792,-0.052826551545335915,0.02800141482693443,0.016910291380650647,0.058407118131258304,-0.055289651652193135,0.04304247785599169,0.0754093065945698,-0.04729019401573199,-0.038198677183781754,-0.09670151325762857
0.5160795084514842,0.05984524856214475,0.5591383264550146,0.08961423354898035,0.18865943399627508,0.0626120899501108,0.14793915172188293,0.22539732059299866,0.03781118038514443,0.6973407650585874,0.0583180031695015,0.1567706725221839,0.170666933092152,0.26996486725110613,0.08647691213045111,0.20833632462651455,0.16000049566282754,0.24054590523788386,0.0767053598785357,0.1176379347260684,0.12782630774103854,0.16044430737260437,0.24598971926345417,0.15273349016848842,0.18056785077176155,0.1252647409285469,0.13179865932292809,0.1251670900662797,0.1863556650369529,0.013307231128292327,0.14636439330958223,0.05455316618505304,0.17977870089268147,0.3445280242814058,0.2491714790328062,0.07600177648435018,0.3223045966647368,0.07134560698667226,0.12722810838634746,-0.0572999239407632,0.19759255326237646,0.16164467196084864,0.20948155597328177,0.05541039536958854,-0.045009318659862414,0.24746329257685598,0.17221906787006527,0.0764566591643471,0.18180513982025442,-0.10638136001797008,0.04049231583457115,-0.23954393859665796,0.0074755301753571925,0.07943189102400348,-0.025164540362258323,-0.0023346667857128247,-0.0012220744558040402,-0.06908164739526917,0.10138921713030243
0.2365736723417709,0.10638380133644683,0.32538566589088935,0.19652385974392642,0.12833342059660702,0.2136219155151347,0.19029300604500504,0.222560595853064,0.15714788444348415,0.0583180031695015,0.5583577072924908,0.218907626773464,0.325400350705026,0.11434197870027904,0.24951082317784803,0.1569538434882632,0.18585212190990824,0.22827209657111913,0.10082984575832392,0.21866257719514828,0.1577573745671604,0.15790015762798057,0.2173216108004205,0.15117135105866958,0.17107617621790147,0.0666745688356729,0.17180483306054106,0.12383039812196062,0.2713339914459864,-0.023719245140197572,0.15147434049033134,0.15726754596038456,0.15944239440562905,0.10387027641321687,0.2311306499839301,0.09174376534941718,0.20398905846774873,0.11584294299617202,0.3224173490141633,-0.029922000383979862,0.0031972734826210473,0.10439375503417808,0.1240651749496192,0.020477524759730564,0.07140533101668246,0.19114163903198472,0.10065814649762532,0.020936547439422526,0.062355968854352184,0.018929192412198512,-0.0004393921821306576,0.043789794802552455,0.07867059461935083,-0.03682857613739374,0.034291609953221135,-0.020064995455523486,-0.09149709730127224,-0.0027113709826965264,-0.004594294413497726
0.3242147055229778,0.08544546672681812,0.23789382335003997,0.2452497124420512,0.17736342284782852,0.22363587653230133,0.2717412988820628,0.06999255625405292,0.1638784175194323,0.1567706725221839,0.218907626773464,0.5624672755134047,0.18261667142083873,0.1642248219209831,0.14736752842648285,0.1697767417686584,0.1614831161318961,0.25075823569640643,0.12335740284182566,0.11093087324156851,0.15558137861008664,0.16851265348280398,0.214426450719876,0.13303704973630207,0.18796396181079608,0.10676744272558886,0.14885889605798316,-0.0043232457434725195,0.20377421623937464,-0.06316272988386559,0.13566762129821752,0.16384690461356163,0.15158416938700786,0.16809072865274532,0.2178738292011018,0.10471493735305978,0.10847869154461556,0.06891942721885648,0.26278724070535364,-0.00815413032536747,-0.00583747023969407,0.10069898835184321,0.10062295716848554,0.03168145080198304,0.022498814155739042,0.1564203735121088,0.08593635022581075,0.012060334635715516,0.11582413931180824,0.020005748184021527,-0.02285893674460035,-0.06454589751761416,0.05456332115488306,-0.011570955311873373,0.0741310415284001,0.05216011029790936,-0.15231173093386072,-0.07217757770721239,-0.02254422357343414
0.33586924272723523,0.04461653960806849,0.2915375735752366,0.2957306890563844,0.19912461392073721,0.21032235027739768,0.18833721432314188,0.2576506647594336,0.10637808841596556,0.170666933092152,0.325400350705026,0.18261667142083873,0.7963385372158336,0.26288145681990355,0.03133233526659707,0.3012183036923355,0.1880088930618855,0.30162621633617226,0.1784103685937004,0.09453478339038868,0.155985283644823,0.2156411844529832,0.29434670591039624,0.16460868693564695,0.1897488760607259,0.049147986108942845,0.13409137212603026,0.10864414171730248,0.33133519501996256,0.007835170313397035,0.1348209702448004,0.10837291466317069,0.19773553086045134,0.15569949635792057,0.2628549595419285,0.08551238834464162,0.26301417352627016,0.05382051247708251,0.27189263812841163,-0.012511845348228075,0.10431251042607073,0.1378958807788727,0.18872220705157194,0.06926335251879344,-0.006500079592300725,0.24980300077526404,0.16978711979663563,0.02830919598157836,0.10890001587257701,0.04717851386444467,0.05503632189554655,-0.06423596175042895,-0.029429168479136493,-0.028977937642780966,0.05035407267868758,-0.08406115323828747,-0.07569745114822166,-0.06812549242482714,0.1241311238088968
0.6712415978079849,-0.03487945514721795,0.31006388856523875,0.34810990592680224,0.22908862980770042,0.155935738259506,0.16072787664182459,0.27015966805727115,0.07353057185391096,0.26996486725110613,0.11434197870027904,0.1642248219209831,0.26288145681990355,0.8214356500544651,0.13617459601787285,0.1890889171191503,0.12793203238243234,0.2154213450510768,0.130439518029046,0.06578589341153523,0.15302251801551325,0.11217128590039689,0.30805303614158175,0.14835086348291665,0.1816485238375222,0.06406080440563741,-0.007532561226130279,0.16345251065654653,0.20068136282791488,0.06527567142400008,0.10886993158016094,0.014079220697775978,0.23705862828331556,0.052436344812475694,0.1403037520296033,0.04646413887024776,0.27533043497143705,0.040177576520574076,0.17911621387501103,-0.02053280116599999,0.25042644856660945,0.1059734325276603,0.16001002288558674,0.07331759257812308,-0.08890532740938116,0.1825764463771176,0.2058334644301353,0.10299252710742432,0.2651811544944175,0.11079986757579688,0.04304585698737568,-0.11259577266771303,-0.1643209431664731,0.04714056706055131,-0.08378586216054622,-0.006775646673782693,-0.09043579828716783,0.048597100153133774,0.17946130650500006
0.20452422689736827,0.29119798323005636,0.25063242146016285,0.09730415699255816,0.10968143015761177,0.2572742305506259,0.0735091137113546,0.19854333556607578,0.13984184450694748,0.08647691213045111,0.24951082317784803,0.14736752842648285,0.03133233526659707,0.13617459601787285,0.8081584923413646,-0.02175942122485667,0.20597072377553058,0.1479067596664727,0.1542180785686677,0.17002296556543894,0.13519431931628606,0.06852523624471496,0.1493320451709944,0.12960415033579986,0.1818197246203641,0.08129473355927323,0.1336984539744499,0.2962156302011292,0.18572363483792956,0.04568517828897031,0.1385055634548024,0.12746718929272097,0.1830952442989847,0.11027968260755956,0.1130500843529621,0.07812937920290244,0.2548725657326373,0.08975410446529751,0.2003380719961346,-0.04721667353533005,0.09116048654452137,0.09813702704590326,0.0497948910082404,-0.015346020310491251,0.00012007216831883223,0.17445392793910558,0.12020766612852715,0.07927000497223642,0.10114838355291106,0.3400327083952716,-0.0960316050828335,0.23849601326479172,-0.20457006614595483,-0.08792667070796249,0.02728566845281338,0.056877578353599134,-0.16165159764154186,0.05020861418432059,0.00704233538382249
0.34451528694822275,-0.07616195872545704,0.21484735946037467,0.2905519850033571,0.3152165478819745,0.08259653660499246,0.21144480681892977,0.1606145650262951,0.06756949886990057,0.20833632462651455,0.1569538434882632,0.1697767417686584,0.3012183036923355,0.1890889171191503,-0.02175942122485667,1.0667254256468266,0.21133715023889563,0.2208060754544528,0.1558116546660394,0.1673392995462863,0.12959272313403702,0.477427861360332,0.11624403088878857,0.1786924331556048,0.26120972818589616,-0.0012845814535800118,0.35365092678942184,0.18925739702659491,0.4628351172366395,0.07550692252473942,0.18487391719831975,0.2073976089815398,0.028731135273052835,0.26318266587682265,0.4794704028022144,0.14018770304096126,0.25247333039490594,0.09822814838810834,0.3075171035463349,0.05538775849951432,0.06782984259450105,0.16249455476107127,0.3106964450173015,0.07349411242329601,0.07644782427907285,0.1661736226076238,0.16209051463874613,-0.2000440783526409,0.12411381837953973,-0.20317348440092078,-0.04305448848182933,0.09995263844330546,0.1546414010236936,0.07537399854273759,0.09387727998208449,-0.006426517147097605,-0.1665923235405338,-0.11411605563131752,0.1723686980848628
0.17485609144814307,0.06861045796137823,0.2634804375770478,0.163169907887747,0.1185821483255886,0.21612407563880923,0.1459695593897323,0.1836905558032813,0.1435016629041529,0.16000049566282754,0.18585212190990824,0.1614831161318961,0.1880088930618855,0.12793203238243234,0.20597072377553058,0.21133715023889563,0.5678916241363278,0.20234362031628253,0.13991955891608962,0.27700863094677936,0.21830352059294267,0.23019570786470003,0.1968560278753344,0.17054288806155227,0.1830032653129182,0.013347320801087154,0.3136347646579577,0.4981008998452047,0.2794998356353251,-0.03034474101386761,0.1891771684212377,0.17813516137968696,0.20694429225282268,0.1967428486865303,0.25271263677188543,0.10424759456777244,0.3342126670990638,0.14169562060843074,0.3358481335412439,0.048498832162664145,0.09844035791187106,0.26262224750891255,0.2929734097677691,0.047376588735590565,0.1779784068778042,0.2145017826965105,0.12965422074687738,0.054966405155150604,0.1658978570313432,0.03742055407038533,-0.012783051129811306,-0.14195219850744908,-0.0564544407731541,-0.03681176195001996,-0.019225410470867215,-0.004434420865060978,-0.1281479331899472,-0.006555947117013749,0.06448414523921418
0.43923380553503266,0.015345161981737108,0.37835379061853314,0.23913647859542955,0.2137047498206686,0.21144327859974943,0.21970098125796303,0.23769045856074864,0.14463614329668836,0.24054590523788386,0.22827209657111913,0.25075823569640643,0.30162621633617226,0.2154213450510768,0.1479067596664727,0.2208060754544528,0.20234362031628253,1.1352400204354591,0.16282811005005146,-0.0879895112192446,0.15865368316653636,0.20441006361358732,0.6216827958027911,0.11685126475119481,0.238503479574924,-0.19991498694449927,0.25294152982514323,0.31381170231657957,0.23636503625772512,-0.04410341968596181,0.23405677153843163,-0.05670883530186824,0.3819921429021791,0.18542969985694066,0.21795171182923845,0.12401455614817751,0.37693655267214815,-0.04336100472796476,0.38450308381004145,-0.13268563565223426,0.03862014275152289,0.059351017482109046,0.25289240575776417,0.05903205903305432,-0.038321684432276515,0.211673664990928,0.446760201948281,-0.04300641305919777,-0.13760177239044266,0.1376721606322214,0.18530798820829017,-0.3943377083724075,-0.3406665780892145,-0.11856890861450685,0.09962970985990709,-0.03849234010108891,-0.11481420132589183,-0.03049675443793455,0.060190170127883066
0.20168790594565536,0.052893357739515805,0.19205233366798877,0.13859472638318993,0.24828202784241118,0.25443063676519373,0.0893929106231907,0.19188569255752727,0.12084926877206321,0.0767053598785357,0.10082984575832392,0.12335740284182566,0.1784103685937004,0.130439518029046,0.1542180785686677,0.1558116546660394,0.13991955891608962,0.16282811005005146,0.5298330399625906,-0.023508394415716432,0.1167367218617867,0.1534465301308403,0.040873323768818845,0.09079162167208764,0.13307649815925526,0.02634768935674325,0.13672659787690314,0.12797005173838963,0.11531749935661852,0.07028787300793853,0.1379299527205456,0.03856008750501558,0.1893444149507754,0.08613172084315858,0.07955044878258917,0.1483367543490328,0.26670338553135536,0.01590512647162152,0.21269222919791286,-0.02881141277005839,0.1559312617835218,0.09834869230334717,0.016502168336115088,0.006195560204165773,-0.013823277799460775,0.18290371386227958,0.11411463767172322,0.044697817997706404,0.09252286656833679,0.06494909624310616,0.1515902639614266,0.2061340416209531,-0.19127377221855993,-0.06488607795906468,-0.01007557531235365,0.0032523017305710897,-0.05008119848583947,0.020842932850187942,0.011714890430808502
0.06460369999436559,0.15288693905364972,0.232667616453881,0.10953927450751694,0.01706922816267659,0.17959331774502588,0.05021034841573036,0.1550575609759299,0.0858740552448979,0.1176379347260684,0.21866257719514828,0.11093087324156851,0.09453478339038868,0.06578589341153523,0.17002296556543894,0.1673392995462863,0.27700863094677936,-0.0879895112192446,-0.023508394415716432,1.379032507783583,0.2454686620806075,0.10835555010313763,-0.17516402697185432,0.25449608291830533,0.12592876874328654,-0.0874416865769151,0.33939724875443,0.29400120648095585,0.39054939106424325,0.13406728436039012,0.2566088755554099,0.4752880184722469,0.16589320732314874,0.21561769584176854,0.2756410221871716,-0.1020225374483215,0.5201953553299592,0.6586172539546274,0.6446808084744748,0.07366232123779684,-0.22401483185135276,0.08101004929668863,0.5635978496590972,0.08580995863197717,0.5989747284432576,0.10260577100195799,-0.059778533944160106,0.20795670567450142,0.45010334397996815,0.043954699875344797,-0.23985344759875596,0.21446193642559108,0.24742907162347375,-0.0002027898556963205,0.023347272419725045,-0.053982089203081535,-0.09237083828436507,-0.06552626694026505,0.1346284277270333
0.23508489634171642,0.13775358933111,0.22923294532904614,0.13364153954806565,0.10638435405243651,0.14708142631510346,0.1230386741585566,0.11420998235944069,0.12267138964795597,0.12782630774103854,0.1577573745671604,0.15558137861008664,0.155985283644823,0.15302251801551325,0.13519431931628606,0.12959272313403702,0.21830352059294267,0.15865368316653636,0.1167367218617867,0.2454686620806075,0.4508596847516285,0.15023228627277058,0.18754406269287682,0.16180624919863243,0.11743313761249319,0.07986127027678412,0.07381405937703274,0.17916825839237951,0.2999335967357087,0.003409738760133732,0.19530263436723783,0.12422144863405295,0.2632817922620796,0.03254552698594499,0.13680217988554794,0.17621081376009362,0.2640038717056528,0.132941515094127,0.3018493965388303,0.1450920439456195,0.2480897645745298,0.1963135457302146,0.2826805578999519,0.07643959645576742,0.20799683187729356,0.2750626636059949,0.08167077255383709,0.11588419484736698,0.20709978318614966,9.504142834072464e-5,0.010873231566814667,-0.03608070812268829,0.002316930246422893,-0.028044041029187693,0.044991531165517344,-0.00448985240843496,-0.18115544473017176,-0.01981290868157726,0.13269990644950652
0.25599702768321,0.02279406587147097,0.2880996459500715,0.1762256031246648,0.21973632394054282,0.12322880063586833,0.1984614234535191,0.12593170158800535,0.24729942355471737,0.16044430737260437,0.15790015762798057,0.16851265348280398,0.2156411844529832,0.11217128590039689,0.06852523624471496,0.477427861360332,0.23019570786470003,0.20441006361358732,0.1534465301308403,0.10835555010313763,0.15023228627277058,0.7578098790169926,0.13997568066479893,0.16995788337800335,0.1711825309867705,-0.003715953057445839,0.3179326083749425,0.18994619514232378,0.436574132235488,0.04023549776684138,0.20300813568066428,0.25833920683245637,0.12080228328807932,0.20962346520122288,0.2629910011389193,0.2493957714110532,0.1672238432196597,0.0897890469114525,0.3810729566409817,-0.04148390946308297,-0.012800365272386423,0.1347411800779316,0.22430763672388493,0.030069774704106007,-0.008729677753665666,0.18410504841273564,0.12786767109998207,-0.3991833107810013,0.13083268121918337,-0.08716533257963852,0.0008406257409682263,0.0033321805013260598,0.08436234069925891,0.007921194234130338,0.06094582539974338,0.03298054408603465,-0.10435020107208194,-0.10489380427082554,0.0534460294177172
0.5461438188736282,-0.1693268008493924,0.3732216495367003,0.20503668108951678,0.20911698934538903,0.052643584540372566,0.23086910096301244,0.1525009579987281,0.12925256198470547,0.24598971926345417,0.2173216108004205,0.214426450719876,0.29434670591039624,0.30805303614158175,0.1493320451709944,0.11624403088878857,0.1968560278753344,0.6216827958027911,0.040873323768818845,-0.17516402697185432,0.18754406269287682,0.13997568066479893,1.5353721896337351,0.3424244008568771,0.39319242946667576,-0.12370804985807803,-0.06686663568089328,0.191848219022304,0.3495862933508117,0.09462384253305604,0.0601616565236001,-0.08877266167443373,0.6363886176346838,0.1971415166468017,0.2117738586020895,-0.06801074061518614,0.5971041156161286,-0.0980534245297673,0.4264134196751126,-0.21127177771113823,0.14639861740307236,0.13494268791649458,0.08611397469889119,0.0755224064582111,-0.2056173476012821,0.30795609582995376,0.35733226900170373,0.22956091583424168,0.23903657539849,0.11513789816165368,0.051033281575037705,-0.25202161542147855,0.00011815530947262382,-0.10685124746304243,0.0859587122852058,-0.05842889683862858,-0.18449531676516415,-0.1310229250403394,0.27847184955267973
0.20023854695459412,-0.011747777842045712,0.21189933568854755,0.1789393745372004,0.13324200844747056,0.12006041885558807,0.11799727793118309,0.11056707159885093,0.10759075485104636,0.15273349016848842,0.15117135105866958,0.13303704973630207,0.16460868693564695,0.14835086348291665,0.12960415033579986,0.1786924331556048,0.17054288806155227,0.11685126475119481,0.09079162167208764,0.25449608291830533,0.16180624919863243,0.16995788337800335,0.3424244008568771,0.5544689473778123,0.18730806244164985,0.09476404728262351,0.044785884146803526,0.1890586122731731,0.1793092165458106,0.2428834913205418,0.16705185199051092,0.3615431097928763,0.42480704622641147,0.22798335462705738,0.1426734106854347,0.07144542207288032,0.33309561103626173,0.1498889366020509,0.17905872908070808,-0.09628762827694208,0.09192200586861438,0.10672180069083972,0.13468889955261287,-0.0014031669434539007,-0.1287327690780861,0.19959059471970444,0.18088929523078584,0.05752652476248941,0.2358525978834015,-0.06568772527709679,-0.03757197809800872,-0.05106852646917813,0.16282178468584943,-0.03644330064766239,0.08628106100794061,-0.033023586954844864,-0.08000971708912587,-0.2833621920628778,0.31304853361567836
0.31878067430118084,0.04678926775594729,0.2690893863547569,0.1603754649763237,0.16756049818964816,0.16077919597814555,0.162510459847351,0.20426686849686318,0.09710217479924696,0.18056785077176155,0.17107617621790147,0.18796396181079608,0.1897488760607259,0.1816485238375222,0.1818197246203641,0.26120972818589616,0.1830032653129182,0.238503479574924,0.13307649815925526,0.12592876874328654,0.11743313761249319,0.1711825309867705,0.39319242946667576,0.18730806244164985,0.7661260495020747,0.06392511491646688,0.21757346079784265,0.15884875344082927,0.5576778895773434,0.14842685426883728,0.12249063126893846,0.13505851011505107,0.14759927498606173,0.2594054005396653,0.3579533737533273,0.08192506970623135,0.3543791840499021,0.08430993413554648,0.24552062623316911,-0.0639005006668632,0.05021168706885953,0.14430375227063957,0.19372633521244254,0.06405098441569894,0.07263794382673062,0.26718559791077245,0.22154552615261602,-0.012136478458667742,-0.02312441535086402,-0.1993430633977033,-0.035756768489336635,0.07306958153948878,0.10361694154793363,-0.004138045691950297,0.056008671483012105,0.0701222700698736,-0.05818516543342566,-0.09950047175090426,0.013322079385477352
0.06288385716183269,0.15328681401648878,0.0652145885469662,0.11224644557893085,0.1723161560270344,0.14421775625004815,0.13513230758152392,0.19461341901153487,0.1181571763363746,0.1252647409285469,0.0666745688356729,0.10676744272558886,0.049147986108942845,0.06406080440563741,0.08129473355927323,-0.0012845814535800118,0.013347320801087154,-0.19991498694449927,0.02634768935674325,-0.0874416865769151,0.07986127027678412,-0.003715953057445839,-0.12370804985807803,0.09476404728262351,0.06392511491646688,2.2986159672609734,-0.47438132216495976,0.09568268854194503,-0.18833600269261588,0.01610963610479295,-0.06241102623716623,0.28344302584270276,0.11421795653375719,0.31897998492712853,-0.07395884004671352,-0.02325069289726477,-0.0193734285182906,0.015074985372029528,-1.1572903405791064,0.22084272436895072,0.700432425331079,0.20506030201383624,0.07325834834784603,-0.12398661887758702,-0.5997945934634628,0.3866749541928348,-0.030159576448451717,0.4677080199927249,0.70982395203631,-0.0998236947303754,0.08069304503634442,-0.4867769869918482,-0.05037395550377691,-0.032920778061652924,0.024222021274926484,0.09714135499798332,0.1179057743342774,-0.04831860568702797,-0.056064714672194316
0.12418667553957656,0.07811110627266203,0.21655997043212324,0.05623026041600457,0.09187730715420706,0.15132747115600242,0.10079569189686673,0.14956204995245426,0.11800180301911602,0.13179865932292809,0.17180483306054106,0.14885889605798316,0.13409137212603026,-0.007532561226130279,0.1336984539744499,0.35365092678942184,0.3136347646579577,0.25294152982514323,0.13672659787690314,0.33939724875443,0.07381405937703274,0.3179326083749425,-0.06686663568089328,0.044785884146803526,0.21757346079784265,-0.47438132216495976,2.524471837840659,0.7725774490977989,0.10980027747398881,-0.029084135090846428,0.38642847556669413,0.33862053591109204,-0.0058279732364749145,0.16901570569949617,0.4747981361925136,0.43303497988164025,0.10884218691501626,0.13610950876534486,0.5686383294450895,0.15375908679670783,-0.24889204657294337,0.16304890513988435,0.936387467667738,-0.04330001946822309,0.07365699053364948,0.02721336608690948,0.05360582013921791,-0.1490711502941222,0.39602939398689296,-0.09666963034914444,-0.09296295381099214,0.2893002797729762,0.1057971141371026,0.17746508624271407,0.2305205137851162,0.06372681745385717,-0.0181670071672131,-0.06275723349297191,-0.004683349047458429
0.09683820213604838,0.04671858891193582,0.17910816666961096,0.11373636154063012,0.04816962690219672,0.15392631834175027,0.045599711966302234,0.06306662285756152,0.13180760714508902,0.1251670900662797,0.12383039812196062,-0.0043232457434725195,0.10864414171730248,0.16345251065654653,0.2962156302011292,0.18925739702659491,0.4981008998452047,0.31381170231657957,0.12797005173838963,0.29400120648095585,0.17916825839237951,0.18994619514232378,0.191848219022304,0.1890586122731731,0.15884875344082927,0.09568268854194503,0.7725774490977989,2.0095489177372547,0.23036733388474046,-0.1477361538426281,0.2215592704945243,0.2962044251866247,0.32576076329447756,0.182619092151672,0.12843779019444226,-0.04560190328268127,0.3680611757419962,0.12566238646179054,0.21942574382185828,0.13050224738268634,0.0799827986537208,0.05371950615437077,0.549914751233291,0.027229167232959216,-0.11480954693082156,0.10224469175492332,0.09879660128066088,0.09733140371671652,0.49662147116504407,-0.01752387065619365,0.001044343539859757,-0.00701488824139651,-0.19325021541611787,-0.018267285555284257,0.2997398336872501,0.02198744773215083,-0.13160337490292182,-0.11874840850244227,0.34986451583381734
0.37400207630758187,0.10717066708664331,0.3748333350055285,0.15672646748051083,0.10685680852314863,0.16948478148756135,0.17450456757554964,0.18028330064148315,0.1510606157612011,0.1863556650369529,0.2713339914459864,0.20377421623937464,0.33133519501996256,0.20068136282791488,0.18572363483792956,0.4628351172366395,0.2794998356353251,0.23636503625772512,0.11531749935661852,0.39054939106424325,0.2999335967357087,0.436574132235488,0.3495862933508117,0.1793092165458106,0.5576778895773434,-0.18833600269261588,0.10980027747398881,0.23036733388474046,2.8734971584466913,-0.29406139237161316,0.021223174425990414,0.378869750950687,-0.1342559798521856,0.11695666626182831,0.6825977026886427,0.05553439967908418,0.2575930062286224,0.1558511221235453,0.4884887388249,0.26476078198826036,-0.08184377083777514,0.22528199615462413,0.36700330668043474,-0.07641912152511958,0.635790465797808,0.4600597150307143,0.00023001129020964428,-0.11787477804266347,0.35989643115100217,-0.03773933167235732,-0.04170974140349478,0.240593053182864,0.02433672552106984,0.027039628098870318,0.04404154056636653,-0.011795870691184117,-0.24220207073945127,-0.07501170586381081,0.22935405278601598
0.14510225359687,0.002235806546683716,-0.22776407487968028,-0.010578508939082038,0.06883799736997638,0.059715981518889016,0.020295802020326183,0.07866833073978621,0.027399319378530466,0.013307231128292327,-0.023719245140197572,-0.06316272988386559,0.007835170313397035,0.06527567142400008,0.04568517828897031,0.07550692252473942,-0.03034474101386761,-0.04410341968596181,0.07028787300793853,0.13406728436039012,0.003409738760133732,0.04023549776684138,0.09462384253305604,0.2428834913205418,0.14842685426883728,0.01610963610479295,-0.029084135090846428,-0.1477361538426281,-0.29406139237161316,2.3914016908334337,0.188519950373115,0.039762632116787926,0.16369569503662382,-0.12425078009473932,0.2901953557391454,0.5463560412882524,0.30595976317239265,0.10758033921224458,0.24745689742987026,-0.35241916762008496,0.14027039873836145,-0.06752594878859215,0.012573820934993587,0.036372344770414324,-0.1264110361089194,-0.08517117807483147,0.9798567005206041,-0.1726161426939285,-0.30792019938504184,-0.06598587750574265,-0.071292462172578,-0.08266614501875971,0.13124960854558113,0.07923897823173728,0.03978818119583008,-0.1331779838952061,-0.14585760056525063,0.12126772239504456,0.02530705055930878
0.2225949199187598,0.09539979856389377,0.2566390217549111,0.10365245702426983,0.1409957824071684,0.13658508117572796,0.11903300905732922,0.14195880164825864,0.1377254972602601,0.14636439330958223,0.15147434049033134,0.13566762129821752,0.1348209702448004,0.10886993158016094,0.1385055634548024,0.18487391719831975,0.1891771684212377,0.23405677153843163,0.1379299527205456,0.2566088755554099,0.19530263436723783,0.20300813568066428,0.0601616565236001,0.16705185199051092,0.12249063126893846,-0.06241102623716623,0.38642847556669413,0.2215592704945243,0.021223174425990414,0.188519950373115,0.6375184178657076,0.1058454410770364,0.23987768929254139,0.11207367291700719,0.23686775941197036,0.454905361255355,0.3634840209668929,0.16401459603995433,0.32236020373777335,-0.02732232802143628,0.21824953150963516,0.14380407256474081,0.1535779440190588,0.021546313647888424,0.05079022144884536,0.28771379590144475,0.19244298492540424,-0.05087224129574509,-0.08446677481747762,0.03748227255221772,0.0005212079245251363,0.04271046130488196,-0.027105423208219483,-0.004342398993676131,0.0805477025798884,0.04836307843729942,0.0418826482409991,-0.13204369878559494,-0.04681241331824286
0.008883973964140387,0.07853916343772892,0.0717610773924135,0.18143712541761864,0.09515369282649239,0.15209934207261622,0.11342885017550872,0.04274050342043878,0.1499893509564352,0.05455316618505304,0.15726754596038456,0.16384690461356163,0.10837291466317069,0.014079220697775978,0.12746718929272097,0.2073976089815398,0.17813516137968696,-0.05670883530186824,0.03856008750501558,0.4752880184722469,0.12422144863405295,0.25833920683245637,-0.08877266167443373,0.3615431097928763,0.13505851011505107,0.28344302584270276,0.33862053591109204,0.2962044251866247,0.378869750950687,0.039762632116787926,0.1058454410770364,1.810855018758033,-0.06234195029247145,0.285795762795317,-0.11516687665675908,-0.01770154207916554,-0.24900082841146096,0.2800857477091277,0.17991833421776698,0.012237693867321372,-0.29333749197284154,-0.05191701521642621,0.3076704644089644,-0.003418853224446882,-0.009805044919047528,0.07024209938480888,-0.04816035957912151,-0.1400632989265057,0.09394524268559062,-0.12352829119441577,-0.049630161912261966,0.0206655514689223,0.21480296207135532,0.0007154144511214731,-0.01029680003149663,0.09154421682899998,-0.05479550680808938,-0.1658493904962411,0.07494467645275417
0.36931746865042675,-0.02122961663466022,0.32724727757139865,0.2139820823084131,0.21217804367677434,0.15015455980928943,0.1447505047212441,0.14679118534069746,0.16223205273113103,0.17977870089268147,0.15944239440562905,0.15158416938700786,0.19773553086045134,0.23705862828331556,0.1830952442989847,0.028731135273052835,0.20694429225282268,0.3819921429021791,0.1893444149507754,0.16589320732314874,0.2632817922620796,0.12080228328807932,0.6363886176346838,0.42480704622641147,0.14759927498606173,0.11421795653375719,-0.0058279732364749145,0.32576076329447756,-0.1342559798521856,0.16369569503662382,0.23987768929254139,-0.06234195029247145,1.8761012383457931,0.07278205510789264,-0.2164282056982341,-0.11466255894497605,0.856486946663448,0.11243131736349918,-0.012584565986732979,-0.3976561187372093,0.1788325696663378,0.1524826255307279,0.12166747053982692,-0.04480214582853434,-0.5337225208237483,0.3179539432920442,0.31960086238847174,0.2868019372543372,0.4171679974094923,-0.024232418760814937,0.06519632058000296,-0.30360428706082526,0.09980754604336844,-0.18233166649996194,0.131518966440366,-0.05264048531573708,-0.16945327520032624,-0.22721162748649265,0.3810304226473932
