3.503383956055401,1.4531384492267458,1.87839738279896,0.3096921982202064,1.486055142100434,0.5358117754843721,1.161821908182057,1.2712230279851677,0.9902870679274035,0.7335913331315446,0.8281294659952196,0.7775127368044847,0.9451384035159512,0.8846786232676829,0.8410809609906376,0.8663356875543791,0.6756987384081701,1.0618008742961127,0.9849406528663394,0.4081701557686426,0.7820761477252127,1.0298955187456587,0.1276107437663082,0.4453390590647005,0.8282105574197499,0.8841014265472055,0.5830594112925862,0.36817319231689194,1.0063608415186467,0.6159870113106346,0.5604318229360947,0.722992475061258,0.5493767618428059,0.293488615093043,0.5641630391489083,0.5562143913371346,0.3798516288828674,0.7919156029920095,0.7957593541214498,0.4748486912796917,0.444951724506289,0.7471122801619982,0.9186276712217829,0.19310468661768446,0.786734377352425,0.6709270366251927,1.0378247962792748,-0.14175389788792508,0.6918559674411112,0.04136853447308108,-0.06857770000184193,-0.025478652870943357,0.3477544290484324,-0.2666714193903768,-0.06875753284158674,0.10006146721631685,-0.427639314613912,1.012793803253201,-0.8065642799639451
1.4531384492267458,4.151963103959851,2.102997008008802,0.6601892503127411,0.7644008940058609,0.7584503763645796,0.5867920316538777,0.930416493041436,0.8853746760980321,0.7655547192928032,0.8334336341925341,0.7998699930151659,0.9546657250986811,0.6939656824298962,0.7795723140979397,0.7555191344648013,0.7970456991993304,1.146905911530651,0.8878889381334951,0.8235481886104645,0.6832090752797024,0.8674465113224712,-0.12648467131634286,0.5942333373062166,0.6458299636159857,0.8037965076590732,0.6552057876576723,0.6191323173714381,1.3949682607714093,0.5639843940888171,0.45407673627237083,0.5794661908234314,0.6142900260395813,0.7703691432158779,0.8111221197443177,0.5446483407223036,0.8966878530738114,0.4567250675612104,0.7512536392050851,0.6222243908754526,0.3631278335353,0.6872634433999555,0.67373425851131,0.08951456191573716,0.8997521060741847,0.6271285001091222,0.9629680980104266,-0.13280670655288512,0.44349213226904327,-0.2010175252699248,0.44251316211904346,-0.054075964797342495,0.1597337749938097,-0.314237224189119,-0.025857742760099858,-0.17603495917761103,-0.8213814815742913,0.3569331702843292,0.46489327537596226
1.87839738279896,2.102997008008802,3.689365588436451,0.5598013924921585,0.5448624696635698,0.6957884335779884,0.6503421037450146,1.042557906900692,1.2025054062022789,0.8866550354785463,0.8165418142925572,0.7680858514535508,0.8968735204536065,0.7303917990444304,0.8517461061951848,0.6899259102345869,0.7801963429678276,1.034081511584609,0.822551054088325,0.6340743182628623,0.8462465364517409,0.9283209580223026,0.035354565284328184,0.5509251052656299,0.6912576277402481,0.8074494439280524,0.6538727947519215,0.6029517817134675,1.0861036751232604,0.4569813871231859,0.5343475770521756,0.6774907966209953,0.4770761825477698,0.9451759678700451,1.0195461739187481,0.698450312003876,0.4146536071019028,0.28904293410852927,0.8930532428756723,0.547874856659164,0.5598850833568982,0.8643885742593194,0.84841418321674,0.08034214770352008,1.1079142188274944,0.6135830814093663,1.093578916621648,-0.15588453039102348,0.39706590073969666,-0.3493579794649332,0.4322115481361583,0.08036223202751175,0.21106208836555865,-0.28309218988625046,-0.3395343086754518,0.05617037911810908,-0.1492358643887206,0.32903189495069485,-0.3530275990645813
0.3096921982202064,0.6601892503127411,0.5598013924921585,2.6436296620152615,0.7296881662481953,0.6681643250936908,0.8012053626140507,0.7231461980559614,0.4504805089646955,0.4926809005658423,0.668342180942153,0.768966935293828,0.7123013479934105,0.7215582017825715,0.5515572081573002,0.7554516983102827,0.6660381592703704,0.5037700086464297,0.6898746511996133,0.5371357474436418,0.5103740528583609,0.6461490094029634,0.0024349482939986437,0.5136885317678581,0.5298784231428423,0.7187239776681597,0.5104816212165149,0.3649980299171947,0.6093631986356973,0.24846176578369936,0.37573514474244923,0.688905545526817,0.5318126842473782,0.713075955681128,0.03092617218328545,0.44506755092917105,0.5926853862787995,0.38640290309835,0.4997613594635893,0.18986852191944212,0.3165860022915057,0.50368812425238,0.5840750828776402,0.12160994398418659,0.37506716340625457,0.3723777752825504,0.6078043568123016,-0.09248946554457499,0.3278504341878969,0.22531398178635664,-0.1637029231415356,0.22348628774594645,-0.2320990706778601,-0.15876729118447439,-0.0645542667995817,-0.024746831842591858,-0.23210155175858052,0.05292204152914174,0.14865436207678245
1.486055142100434,0.7644008940058609,0.5448624696635698,0.7296881662481953,2.3206001557540885,0.22994294893570266,0.8650374457373271,1.035896063087367,0.5295079026102123,0.5981343602203715,0.6427120599696912,0.6500152378808558,0.7546835592711661,0.5712323063218179,0.6388682990504115,0.703276052338863,0.5848682224837933,0.7580662034062554,1.0869025653205093,0.18133918608064753,0.3637899119530665,0.6846329617082442,0.10952370926444568,0.42081382012042623,0.5731735197187665,0.6760724723766448,0.38344229302259075,0.22385165808341503,0.6342170659844061,0.5001452986571191,0.43568945674034315,0.490231627777043,0.6368472608992819,0.3461186595141246,-0.12936753467920403,0.583109228593061,0.6026337145098232,0.34242890475673804,0.6037679868354355,0.10552614417378538,0.38385297133513374,0.34670015156476053,0.4169186228364636,0.06949316824821307,0.06664314021375962,0.4588324382405314,0.5234730095997762,-0.08636129315820892,0.5781734391777634,0.6322453448958238,-0.2962746814692899,-0.021455884192224366,-0.08762306116232287,-0.24287014411757687,0.25396266580895926,-0.0312998826617328,-0.48281423755814584,0.58510453597933,-0.1896984815412839
0.5358117754843721,0.7584503763645796,0.6957884335779884,0.6681643250936908,0.22994294893570266,1.4986925632853612,0.16324811236204556,0.6554740301854614,0.6220074340086928,0.5252383278970542,0.7078074768227146,0.6778839447578259,0.6510315109009651,0.6023464633190152,0.5656441161052546,0.5804873466359479,0.7050741306101943,0.5659875211315433,0.8654955321289161,0.7626937373141154,0.7560977796295107,0.7007033920949343,-0.08707796333705334,0.52205041888885,0.5034894575614799,0.6804422884947756,0.4678437060589018,0.49086585180810843,0.7555172007002695,0.1946092764964321,0.3724428915298037,0.6201921456898829,0.3957173050161684,0.6705736106784326,0.6291448754845561,0.13841501243478022,0.5456541532078997,0.648526445447762,0.6200824019420201,0.4592064179613046,0.3031135634569759,0.7441891872794153,0.8337660546118817,0.1542286189519599,0.8041966882472813,0.3768876560436174,1.0504398209697192,-0.04835670475899001,0.547363794487682,0.047971712798465654,-0.09193649674760049,0.23331619368290313,-0.15588333990136166,-0.14787802923665708,-0.10253084468703233,-0.01601436352729554,-0.26397266279791115,-0.11461333006551112,0.381601059836539
1.161821908182057,0.5867920316538777,0.6503421037450146,0.8012053626140507,0.8650374457373271,0.16324811236204556,1.1547158661260972,0.6531473917357453,0.4927513799988035,0.42200080278922825,0.5102807172948577,0.5396910328120023,0.5728434959090958,0.43711290574983447,0.47516983076771824,0.5393923864151324,0.470030345410076,0.5496008586430347,0.48195112459690764,0.25977529269512334,0.390143224113462,0.563459586782106,0.061123316514943786,0.30786086916944566,0.45464799048269827,0.5471271234047846,0.357650138338845,0.24973136488952516,0.4952972726507293,0.3973937495192331,0.34257201270167253,0.4006009135596375,0.40328435005977176,0.38961114601755986,0.14963607988963037,0.4899997265395243,0.41414047076979815,0.25793107295156675,0.4569809588462065,0.14765648989105512,0.2358775429029006,0.37037673123309317,0.3538979470204145,0.0759430335058733,0.2882212347527926,0.3269263747504622,0.2913203151811022,-0.09609913678568326,0.3305718233745352,0.18854681254034356,-0.14592913482433748,0.020077674987413092,0.0015758720574477446,-0.14510906081209898,0.1357702941738503,0.10516318421975442,-0.2692655335828968,0.5829209524785478,-0.6813089751015328
1.2712230279851677,0.930416493041436,1.042557906900692,0.7231461980559614,1.035896063087367,0.6554740301854614,0.6531473917357453,1.4135699624834528,0.5688218133128274,0.5932592645655788,0.7059419499166919,0.5767031611994464,0.7477554011178096,0.6100973155892172,0.5720838952486456,0.6312277590183092,0.6689710050544428,0.7855166554172445,0.8558028152015045,0.5432935707000635,0.5748613900259564,0.6852041338144635,-0.024766050505662145,0.40913130868664777,0.6083945009648832,0.7894959297343412,0.4807925285063668,0.3212603915530122,0.7185620387714737,0.35121964357434304,0.38477536145835023,0.5507461967376206,0.38393544089820925,0.603032005328196,0.489896061794382,0.29458266964261964,0.4668346618643384,0.5130548408294205,0.6977457918999329,0.36252555675439907,0.3090247513737064,0.5611378396791922,0.6630808047822095,0.11938914508615336,0.6132051487454189,0.47655178709113494,0.9263973449312197,-0.06255972149250494,0.571226036887724,0.16855323792406632,0.015254635140112839,0.0318395219620706,0.05605970895559851,-0.2693737722659818,-0.04874720831275576,-0.023999895178777327,-0.2734704350932397,0.7624757381372843,-0.522067869281796
0.9902870679274035,0.8853746760980321,1.2025054062022789,0.4504805089646955,0.5295079026102123,0.6220074340086928,0.4927513799988035,0.5688218133128274,1.0535792496511054,0.5856601355381577,0.6214115255384198,0.5900747862825559,0.6692666275459463,0.5533484108047776,0.6138399743915819,0.5272597382351445,0.59473219438999,0.6721474164589913,0.64912427278586,0.42944919886989213,0.5498415220246812,0.7562835192104044,0.03575941711557441,0.4430786835168687,0.46176837723115766,0.6497773021376938,0.44231629817950596,0.41952393165012813,0.5591399347594915,0.3317227230434115,0.406322746765703,0.5299448418481888,0.4617315550183363,0.6146499188073714,0.5288549917860238,0.4250761560032303,0.3708475701657848,0.409313114491157,0.5937492657016945,0.3904095907001873,0.29751541614180355,0.5408529855282889,0.7527416901479076,0.10537301639103921,0.7569455383776952,0.45045954878520145,0.7587472792303648,-0.12220037033604837,0.3788472445740546,-0.13727017885002327,0.18686337537892783,0.07072091694076234,0.08512303886689726,-0.1924431368467273,0.01035749119366086,0.1583397023880843,-0.23349218853438672,0.009969047120851249,-0.07396077560205529
0.7335913331315446,0.7655547192928032,0.8866550354785463,0.4926809005658423,0.5981343602203715,0.5252383278970542,0.42200080278922825,0.5932592645655788,0.5856601355381577,1.0551489562388683,0.5987637894483019,0.5890640427659017,0.6507035605374123,0.4475385419620354,0.5681655682990313,0.5107862556840104,0.6093375949029849,0.6647675859165014,0.5983373749927415,0.435443368607281,0.4356645329419991,0.577434707731211,-0.002779901978889108,0.4498198254700265,0.442588999106601,0.5090156069341732,0.42674825662788857,0.4197613692176174,0.6996695105052678,0.35542638868554266,0.3876732927236067,0.4572909924923128,0.388156963296521,0.6746273490498708,0.5403023825932699,0.4237257582997745,0.4856907900138855,0.23374405554399727,0.6208673657988621,0.39383285692480763,0.4140331304872062,0.4268812194422603,0.5305873143494501,0.08957299741000868,0.48090207747817815,0.34272550646185473,0.7858022599988734,-0.09756553912129033,0.4501129296632204,0.12608991319155521,0.0688826449980499,0.015437349665271783,-0.09478556595439043,-0.09579071957251763,0.14116910978500036,0.015482850819651289,-0.1423570581954164,-0.2822081227413358,0.2987272732212401
0.8281294659952196,0.8334336341925341,0.8165418142925572,0.668342180942153,0.6427120599696912,0.7078074768227146,0.5102807172948577,0.7059419499166919,0.6214115255384198,0.5987637894483019,0.8960436307054975,0.7017604212782015,0.7396154196186013,0.5490848693073365,0.6392152790325939,0.6192642755454408,0.709257959881281,0.6428272453020735,0.7023270161059978,0.5574161921838889,0.5060544346222884,0.6647988149217718,-0.03563854635347867,0.4705255592792168,0.5213065242037801,0.6672848438209038,0.47198626024584217,0.4261115930405941,0.7003018481561031,0.29818184023444755,0.38279176060976106,0.5274619430558823,0.431575275491879,0.6263819877500842,0.574089867941941,0.36167166002002143,0.42046957012661784,0.38031240192918153,0.6206513736552164,0.3999334635345606,0.2894992185769169,0.49976672039009207,0.654443470561956,0.10984867069821655,0.6403982419339447,0.40224899178223567,0.763542378637502,-0.10445834491368997,0.4369227724809048,-0.010101678552093709,0.061043885078839975,0.0273843756796035,0.052977694202653594,-0.13228166781266684,-0.030330024529917756,0.02710096742469237,-0.33341513683732255,0.042897676206160404,0.15436455796175977
0.7775127368044847,0.7998699930151659,0.7680858514535508,0.768966935293828,0.6500152378808558,0.6778839447578259,0.5396910328120023,0.5767031611994464,0.5900747862825559,0.5890640427659017,0.7017604212782015,0.9360451971270277,0.7011531778623165,0.5585928490051139,0.6019081165435746,0.6083703912300586,0.6280421099225345,0.5586173049042349,0.6901543566628882,0.48624510235927354,0.4999152455947016,0.6349960978054926,0.007040561618424928,0.46028858966557956,0.5305246500203074,0.6339490188735541,0.5027585817359046,0.4277053748836535,0.6639687971589487,0.26169531374244187,0.4004320492245167,0.5623126559285021,0.4567784916130675,0.6096852738427689,0.47182775023434026,0.42778350287712047,0.3986429333464764,0.35023727972584784,0.5883265470840051,0.34773687454666946,0.3018557677030174,0.4941495042749859,0.5927925830145601,0.09772643816855262,0.5109982130985322,0.3830991388567562,0.6888108451700531,-0.08735037559671277,0.44993287022141465,0.03905634854349698,-0.0330704580683367,0.23014880458520892,-0.1266771870395128,-0.15414236448730542,0.024378710769134046,0.0339912977804338,-0.33146543549679364,-0.018259600236808393,0.19941172296214704
0.9451384035159512,0.9546657250986811,0.8968735204536065,0.7123013479934105,0.7546835592711661,0.6510315109009651,0.5728434959090958,0.7477554011178096,0.6692666275459463,0.6507035605374123,0.7396154196186013,0.7011531778623165,1.0611036667038578,0.6328650931870392,0.5839305630828043,0.6745732248754062,0.6526194138248983,0.6815135950815538,0.7047561116776976,0.5531831775736559,0.49943724221732083,0.7494639856043349,-0.015102829251484075,0.5612807031925133,0.5341676195278059,0.6573306061844363,0.5204701490750994,0.44494502133424185,0.7575465613096517,0.4023365397526458,0.3974882621610864,0.5869631846712545,0.5654041521121139,0.6267679111347366,0.5506277434971644,0.4293865389915207,0.516759049728091,0.4008400893661158,0.6525878222264518,0.36229507196822164,0.37553839051084964,0.496896955053313,0.7035234900236286,0.13425645287044022,0.46557388758792123,0.48253193785378845,0.777441854707308,-0.0875013357390187,0.6061752209687143,0.040428133142807174,-0.008669236270627819,0.07578868864907631,0.09267365920967983,-0.24611116472258796,0.06368476512765445,-0.022359731891101305,-0.3953692770635571,-0.4455265125152258,0.7125810539244627
0.8846786232676829,0.6939656824298962,0.7303917990444304,0.7215582017825715,0.5712323063218179,0.6023464633190152,0.43711290574983447,0.6100973155892172,0.5533484108047776,0.4475385419620354,0.5490848693073365,0.5585928490051139,0.6328650931870392,0.8087609090868361,0.5066207800921033,0.6522646247797494,0.5402435161397996,0.47252860270844615,0.596422275922373,0.4892242297114267,0.47954723284589695,0.6427715092252183,-0.019920297614477837,0.4492945919362009,0.46903152223157335,0.620813778150924,0.44279887283440494,0.3502262105596785,0.5744717610322617,0.2935062186572781,0.3183888970316093,0.6681086314495973,0.38275456362588567,0.44663391107511813,0.4609027415842191,0.2845518192427106,0.2958950604668603,0.4890787551192372,0.4559472574327451,0.3469031315604177,0.32525663168632607,0.478120778400112,0.7594525920959261,0.12515344982956814,0.5935898409058324,0.3853418192395866,0.761517604883917,-0.08304443370001123,0.48202613530082344,-0.09508330702220354,0.0022299041327362044,0.08032510784000764,0.13483091299798405,-0.1216275924419803,-0.24306389806396791,0.00701074550221519,-0.20694482696649025,-0.08843030876397755,0.37575591618845733
0.8410809609906376,0.7795723140979397,0.8517461061951848,0.5515572081573002,0.6388682990504115,0.5656441161052546,0.47516983076771824,0.5720838952486456,0.6138399743915819,0.5681655682990313,0.6392152790325939,0.6019081165435746,0.5839305630828043,0.5066207800921033,0.985549547057583,0.554514188943073,0.6454901498929633,0.642721280746702,0.6838987479488061,0.4244791580270224,0.4547878163889062,0.5945070550299638,-0.03218841857526576,0.45194227627029493,0.5209194155097023,0.6288989006612395,0.39729853706151713,0.4963863832943947,0.6216464096461637,0.4201831054766969,0.4015086545902845,0.5006864203738975,0.4751369482787098,0.5266302928172935,0.4450904221329253,0.43080498693032265,0.516744661655894,0.37987175818589486,0.5158580019985893,0.26553768068034567,0.3773000791063499,0.4481767183853379,0.5737095694273249,0.06787020685395215,0.5404566060962599,0.3570522898393744,0.6692129129724738,-0.0653104737213414,0.44499058061992847,0.2322134452922113,-0.15040770534922676,0.453666119864983,-0.26300518504899656,-0.16778713834948403,0.014257992139436198,0.11033434656933762,-0.30872619639245613,0.06818276738574451,-0.013850537991704005
0.8663356875543791,0.7555191344648013,0.6899259102345869,0.7554516983102827,0.703276052338863,0.5804873466359479,0.5393923864151324,0.6312277590183092,0.5272597382351445,0.5107862556840104,0.6192642755454408,0.6083703912300586,0.6745732248754062,0.6522646247797494,0.554514188943073,1.02348284891357,0.6266347517690547,0.5374787397809858,0.6668097071623758,0.45525265442060553,0.452993963292905,0.7426935895749666,-0.012989462645185874,0.47326728341570046,0.5339083673489994,0.5727588903746501,0.4929192337223077,0.44743158914849657,0.6667874830219782,0.3387622737623275,0.3614053405883505,0.5968860456309428,0.4286592736096312,0.5191411090972218,0.5834056101616173,0.36109579728419927,0.3935432897554225,0.4560999028535642,0.5347698678475539,0.34641226009896536,0.3477504428776418,0.45776723245383594,0.7574309702427908,0.14594751187742386,0.5426561785022951,0.4188945487637002,0.7296526554545774,-0.11780333577536548,0.4850414037584218,-0.10369892716833413,-0.06146594390054431,0.16773371767574696,0.032500578153951486,-0.14753197439774662,-0.07198469648350787,-0.003857795583208529,-0.34283117570932037,0.0036404006627603347,0.30443684398428666
0.6756987384081701,0.7970456991993304,0.7801963429678276,0.6660381592703704,0.5848682224837933,0.7050741306101943,0.470030345410076,0.6689710050544428,0.59473219438999,0.6093375949029849,0.709257959881281,0.6280421099225345,0.6526194138248983,0.5402435161397996,0.6454901498929633,0.6266347517690547,1.2141268935340326,0.5973712593210273,0.6907222310917527,0.6348140231695024,0.45882826685897315,0.7014109746056703,0.006618732774402881,0.47415870634168755,0.544300645127817,0.5117522131009727,0.4643435469638809,0.46558388748284124,0.8218351831821118,0.2802522836939889,0.4572265258657078,0.493690429897209,0.49765685477309374,0.6714163879292774,0.5199673326367057,0.4183763877660407,0.693850512153708,0.4230334210739309,0.7565917120295984,0.3684759147269888,0.4082847662626897,0.45510298297685553,0.6929522380232858,0.12010052018283315,0.6193084829430371,0.4509278308418564,0.9165464144854686,-0.10777438634392286,0.42381787704622303,0.2519497350584118,0.0329773069303111,0.0324398949197645,-0.07537194462169011,-0.19710759083760196,0.10436842656730676,-0.004826257264779619,-0.33637218662354673,0.07205770785636291,0.10050993114693116
1.0618008742961127,1.146905911530651,1.034081511584609,0.5037700086464297,0.7580662034062554,0.5659875211315433,0.5496008586430347,0.7855166554172445,0.6721474164589913,0.6647675859165014,0.6428272453020735,0.5586173049042349,0.6815135950815538,0.47252860270844615,0.642721280746702,0.5374787397809858,0.5973712593210273,1.3080909082206402,0.7701515161622586,0.2592194595094516,0.5556234409242004,0.6456508604686073,0.04378125153553289,0.4170442056868924,0.5015576639115653,0.6711213349485814,0.3228878355041968,0.4184145190935501,0.7481736547429593,0.27352973529273966,0.3878928775029542,0.4694362042489996,0.4132964883485179,0.561200504663713,0.4439798774857628,0.43306093768314785,0.482482179995978,0.406049044145963,0.5489822039555409,0.38629923054356097,0.3321848912512879,0.5401620896726091,0.614351658251932,0.08116621376659496,0.7400413996566412,0.46686217176268696,0.7730158441461478,-0.09791439386560952,0.22057594763566143,0.14837199499611947,0.3338271315447913,-0.012269123459810178,-0.1503447766246509,-0.2376736627217007,0.04979235750443316,0.08182749072930717,-0.2563952563833604,0.3204560992034462,-0.3180549374695863
0.9849406528663394,0.8878889381334951,0.822551054088325,0.6898746511996133,1.0869025653205093,0.8654955321289161,0.48195112459690764,0.8558028152015045,0.64912427278586,0.5983373749927415,0.7023270161059978,0.6901543566628882,0.7047561116776976,0.596422275922373,0.6838987479488061,0.6668097071623758,0.6907222310917527,0.7701515161622586,1.3209914571726817,0.3773469907407899,0.6489646437115747,0.7334094941300877,-0.04386882335843234,0.5015019145229848,0.5620328318481351,0.6988531126402691,0.43265235056549184,0.5165839779967477,0.5765137840124571,0.3793454915168379,0.44105747614528085,0.6100628671972823,0.5531815952829594,0.5490695389948476,0.3856110239757054,0.403847500761381,0.4384917805788364,0.49754519513710593,0.6311542979357574,0.3340710231273865,0.3966556095299794,0.6239479372706229,0.7363852426838308,0.0804481830790069,0.7704691556005736,0.4652888661984039,0.7823627588562925,-0.05711698076222412,0.4976074770240869,0.2022211293569309,0.1553426808596235,0.41033631911316354,-0.3679331141299477,-0.27117145612118204,-0.0934287067954735,0.0304529210033374,-0.3124822794877109,0.19978660012477548,0.04468457226606804
0.4081701557686426,0.8235481886104645,0.6340743182628623,0.5371357474436418,0.18133918608064753,0.7626937373141154,0.25977529269512334,0.5432935707000635,0.42944919886989213,0.435443368607281,0.5574161921838889,0.48624510235927354,0.5531831775736559,0.4892242297114267,0.4244791580270224,0.45525265442060553,0.6348140231695024,0.2592194595094516,0.3773469907407899,1.8835955806250007,0.2369274906208655,0.45624769640593427,-0.34019327317826803,0.5043662449276345,0.4043655203394923,0.5972614398964484,0.5570704555686564,0.43850741710571256,0.8533553314638195,0.7894824952699898,0.30142848559074026,0.38262557905741457,0.4439726574416869,0.5410785806614269,0.6655469662609974,0.1320532200675788,1.0164733617405701,0.3959423907766552,0.5301886738692672,0.6347754233781004,0.09735911371074697,0.25634840569821493,0.5163062620808735,0.11520056798548792,0.41472946614901607,0.20213319758662587,0.4894840624368507,0.028148113977243885,1.0650532514763036,-0.23326758397268024,-0.22118118945242093,-0.10547354471244781,0.33832195428138595,-0.0985454444643376,0.42734212496466734,-0.08512412416859019,-0.3389031124467075,-0.1864598865044434,0.49652830402461284
0.7820761477252127,0.6832090752797024,0.8462465364517409,0.5103740528583609,0.3637899119530665,0.7560977796295107,0.390143224113462,0.5748613900259564,0.5498415220246812,0.4356645329419991,0.5060544346222884,0.4999152455947016,0.49943724221732083,0.47954723284589695,0.4547878163889062,0.452993963292905,0.45882826685897315,0.5556234409242004,0.6489646437115747,0.2369274906208655,1.3943300249482198,0.5306238787189745,-0.058854081376942466,0.30708958289352345,0.39070090001474644,0.6379317315462633,0.295173733017895,0.4743653503570197,0.40797171757532047,0.12087426919812536,0.31253603133402574,0.5169520236118573,0.20147301191828812,0.4286102762570986,0.7826277507328389,0.1413396336644272,0.13067203795521667,0.6322756727234419,0.5131016014848742,0.4210386390562504,0.27546396487550673,1.3454833404135578,0.6348224291410218,0.0914073212748104,1.270598022674513,0.29714636957774476,1.068881814224755,0.0002422634387252522,-0.07199039425170309,-0.008866992296389698,0.08878045012157823,0.25092939926322627,-0.14930591716981523,-0.14360116459076527,-0.4483274550280568,0.07497816340966833,-0.20876452057440117,0.17944991367666682,-0.08548190017077248
1.0298955187456587,0.8674465113224712,0.9283209580223026,0.6461490094029634,0.6846329617082442,0.7007033920949343,0.563459586782106,0.6852041338144635,0.7562835192104044,0.577434707731211,0.6647988149217718,0.6349960978054926,0.7494639856043349,0.6427715092252183,0.5945070550299638,0.7426935895749666,0.7014109746056703,0.6456508604686073,0.7334094941300877,0.45624769640593427,0.5306238787189745,1.2307972873132011,0.12974282962721487,0.5147640369868844,0.5491189886518485,0.6070578839028921,0.5063551036079764,0.4542727669012393,0.7415103397508602,0.3759924287906009,0.4608522134994421,0.6143553374455132,0.5690735354790704,0.5764342096078433,0.5234795556414975,0.5033620094352674,0.45565283447131255,0.6115095606456465,0.6530838663399072,0.3642323643578379,0.4176112345332701,0.5321808929522337,1.027213208856348,0.17399115540655616,0.6566345925367149,0.6229430554104299,0.8652724340695148,-0.24758940894716078,0.6022705040082315,-0.09533207358756456,0.01832211910301744,0.09520690843980684,0.05089896996568127,-0.22520009322294815,-0.05332313155481807,0.06761542111702222,-0.3424282381861737,-0.02209670953902025,0.1953299381747573
0.1276107437663082,-0.12648467131634286,0.035354565284328184,0.0024349482939986437,0.10952370926444568,-0.08707796333705334,0.061123316514943786,-0.024766050505662145,0.03575941711557441,-0.002779901978889108,-0.03563854635347867,0.007040561618424928,-0.015102829251484075,-0.019920297614477837,-0.03218841857526576,-0.012989462645185874,0.006618732774402881,0.04378125153553289,-0.04386882335843234,-0.34019327317826803,-0.058854081376942466,0.12974282962721487,1.7536599041238676,0.014715656842892095,0.278223236328509,-0.30388555499035586,-0.016636724157792552,-0.5133397292604462,0.285938203043862,0.09378552078198066,0.31865192728180836,-0.05479961837153051,0.016053699027945647,0.3089782389764912,-0.5036203530578032,0.946835124173319,-0.08159722624048917,-0.09636995263824488,0.26256010475958785,-0.13523413261968775,0.4358883414576103,-0.08513010725576875,0.02355432099694429,0.24618447764217102,-0.6391739973147996,0.20222024395021634,0.10323779749143085,-0.05213237949723043,-0.44809674383352754,0.11665778223835449,-0.0784180089895001,0.022389880874770614,0.17301559371801242,-0.05649076756617439,0.19976009888909468,-0.008845348144582448,-0.043751600240070285,0.008167310495785726,-0.062520981148686
0.4453390590647005,0.5942333373062166,0.5509251052656299,0.5136885317678581,0.42081382012042623,0.52205041888885,0.30786086916944566,0.40913130868664777,0.4430786835168687,0.4498198254700265,0.4705255592792168,0.46028858966557956,0.5612807031925133,0.4492945919362009,0.45194227627029493,0.47326728341570046,0.47415870634168755,0.4170442056868924,0.5015019145229848,0.5043662449276345,0.30708958289352345,0.5147640369868844,0.014715656842892095,0.770265122834264,0.37902112970864527,0.433556605763082,0.3630724055892602,0.44549749859242616,0.4245598637131016,0.6553823539317774,0.30964776794763205,0.4720875743563534,0.6757580192882753,0.4349085794085624,0.3973491805128475,0.38413703643895986,0.5959968755325367,0.3005616439089529,0.436509067529013,0.3040404058595438,0.3475858620487346,0.3041971892919375,0.5883990377123893,0.09299259873066112,0.3445819261288516,0.270767577210445,0.5346580084472647,-0.0075697466279256225,0.6865878302635897,-0.004298024931167577,-0.15286391564599022,0.2822221311676678,-0.047767293039451854,-0.1566441113816048,0.12560186576350632,-0.07250745995311539,-0.15058113540196114,-0.7505048437938696,0.8893301553909921
0.8282105574197499,0.6458299636159857,0.6912576277402481,0.5298784231428423,0.5731735197187665,0.5034894575614799,0.45464799048269827,0.6083945009648832,0.46176837723115766,0.442588999106601,0.5213065242037801,0.5305246500203074,0.5341676195278059,0.46903152223157335,0.5209194155097023,0.5339083673489994,0.544300645127817,0.5015576639115653,0.5620328318481351,0.4043655203394923,0.39070090001474644,0.5491189886518485,0.278223236328509,0.37902112970864527,0.9200489132441872,0.5227649897627913,0.38744847624753714,0.2718273688692786,0.625720312922131,0.34272304323202024,0.35305322084871976,0.4405355130816215,0.35765330262299666,0.5054730727093416,0.3613037945246954,0.4536903249027445,0.3398508631542392,0.34231601223216934,0.45119232374978824,0.231247106459114,0.3078426788060153,0.38747535390170784,0.5563878855147385,0.1376604642988993,0.36949875614320765,0.37947207340607103,0.6258527739632803,-0.0892617667778121,0.20186064904953716,-0.10679758342179099,-0.11406426716811378,0.28972689222526915,0.006299963805775468,-0.15421323790583077,0.026866720479106612,0.03789682487530778,-0.23174081672800273,0.11303961952781018,-0.014949120794189703
0.8841014265472055,0.8037965076590732,0.8074494439280524,0.7187239776681597,0.6760724723766448,0.6804422884947756,0.5471271234047846,0.7894959297343412,0.6497773021376938,0.5090156069341732,0.6672848438209038,0.6339490188735541,0.6573306061844363,0.620813778150924,0.6288989006612395,0.5727588903746501,0.5117522131009727,0.6711213349485814,0.6988531126402691,0.5972614398964484,0.6379317315462633,0.6070578839028921,-0.30388555499035586,0.433556605763082,0.5227649897627913,1.7975119803877257,0.4002399278840502,0.5235299831578767,0.1375850968426734,0.4712153696005425,0.2321323002673854,0.659308784101156,0.44624300235256587,0.37378822193916633,0.4954843814775458,0.13123994387225268,0.17211419662793356,0.5475753120496271,-0.012205735998123244,0.4343620497348987,0.08414157960099132,0.6490942415318541,0.7779481579121217,0.03833732137476685,0.7733586302508856,0.30153249753530287,0.6159603086576001,-0.029629399918860027,0.5703452179587695,-0.17780351024686683,-0.22081182761519724,0.41220702517305113,-0.2309465653546158,-0.1320558070878548,-0.14307582308537636,0.08263904001647994,-0.3030542494703343,0.19165826379256384,0.04614917245154594
0.5830594112925862,0.6552057876576723,0.6538727947519215,0.5104816212165149,0.38344229302259075,0.4678437060589018,0.357650138338845,0.4807925285063668,0.44231629817950596,0.42674825662788857,0.47198626024584217,0.5027585817359046,0.5204701490750994,0.44279887283440494,0.39729853706151713,0.4929192337223077,0.4643435469638809,0.3228878355041968,0.43265235056549184,0.5570704555686564,0.295173733017895,0.5063551036079764,-0.016636724157792552,0.3630724055892602,0.38744847624753714,0.4002399278840502,1.0162270299795664,0.3651605069191696,0.43476710944916863,0.13919108508116732,0.34213683273384077,0.4426446030768509,0.42127677828996185,0.5032311987233176,0.44368751330339423,0.25687085006550125,0.4620258503570592,0.21280220487509843,0.4334193786733979,0.3513718650899974,0.21887159072229867,0.2994349053435064,0.5828929296005835,0.1154848048214188,0.2776596031516582,0.3190054646399263,0.4883508979243666,-0.06285584652719384,0.5442823115477902,-0.10110385010597012,-0.06297601430521961,0.1902919871129332,0.052627204514350254,-0.11971734914650702,0.18182397298683703,0.005775252216304825,-0.1833039734979231,0.021182563051769417,0.12657145410711787
0.36817319231689194,0.6191323173714381,0.6029517817134675,0.3649980299171947,0.22385165808341503,0.49086585180810843,0.24973136488952516,0.3212603915530122,0.41952393165012813,0.4197613692176174,0.4261115930405941,0.4277053748836535,0.44494502133424185,0.3502262105596785,0.4963863832943947,0.44743158914849657,0.46558388748284124,0.4184145190935501,0.5165839779967477,0.43850741710571256,0.4743653503570197,0.4542727669012393,-0.5133397292604462,0.44549749859242616,0.2718273688692786,0.5235299831578767,0.3651605069191696,1.4305273555067473,0.2941663647203162,0.30218189252209865,0.32323224545483176,0.44472645528416505,0.612866134549557,0.25068891638060653,0.9830102236833839,0.2641055726059729,0.5178118592092774,0.33476983430154367,0.28508681118163987,0.36488745490373276,0.31052473185512597,0.47718971439739255,0.6573797667502841,0.11178518420517375,0.8438180845951652,0.10252593678044804,0.4115007681710038,0.0051643901080713605,0.3600760179731795,-0.056191382988182444,-0.10114768410058862,0.8224960149188537,-0.7807147918796102,-0.061574413075106936,-0.14885475222381703,0.07786777893036914,-0.09095225394913592,-0.4484675377687556,0.3848002168206264
1.0063608415186467,1.3949682607714093,1.0861036751232604,0.6093631986356973,0.6342170659844061,0.7555172007002695,0.4952972726507293,0.7185620387714737,0.5591399347594915,0.6996695105052678,0.7003018481561031,0.6639687971589487,0.7575465613096517,0.5744717610322617,0.6216464096461637,0.6667874830219782,0.8218351831821118,0.7481736547429593,0.5765137840124571,0.8533553314638195,0.40797171757532047,0.7415103397508602,0.285938203043862,0.4245598637131016,0.625720312922131,0.1375850968426734,0.43476710944916863,0.2941663647203162,3.383851116227122,0.26259357921900556,0.3476738771955546,0.5032846952812357,0.02068680661764577,0.9396070754381428,0.734571924590834,0.8131024032211834,0.11580372349017631,0.1149635514908739,1.153600738421368,0.40524512691396275,0.6111262517827134,0.4126892097393377,-0.0333216822515139,0.10507864857670293,-0.1477667876123718,0.3826637196820956,1.0442361076200324,-0.1967261906299516,0.8703355867994496,0.6205036106333457,-0.5431471942683989,-0.04304245379414237,-0.10992513346038531,-0.08520390658081743,0.2630280807722505,-0.15827747173142523,-0.5233856912210721,0.3429464963475784,0.11696411930435717
0.6159870113106346,0.5639843940888171,0.4569813871231859,0.24846176578369936,0.5001452986571191,0.1946092764964321,0.3973937495192331,0.35121964357434304,0.3317227230434115,0.35542638868554266,0.29818184023444755,0.26169531374244187,0.4023365397526458,0.2935062186572781,0.4201831054766969,0.3387622737623275,0.2802522836939889,0.27352973529273966,0.3793454915168379,0.7894824952699898,0.12087426919812536,0.3759924287906009,0.09378552078198066,0.6553823539317774,0.34272304323202024,0.4712153696005425,0.13919108508116732,0.30218189252209865,0.26259357921900556,3.8863385843050002,0.42129325653632377,0.15128234383855607,0.7092760340392039,-0.08395531700570436,0.2959397708368172,0.6527150223438768,0.8874820781781046,0.25213665779324945,0.7255402476849488,0.4791694727024738,0.32248853208579,0.09674404935624914,0.5445514023473234,0.12708895374533005,0.4527832223403913,-0.01841975303617897,0.5772252946412737,0.19395574757591316,2.0552255453432156,-0.07055369480402747,-0.624932213644712,0.19883426564466022,0.2314234141775007,-0.09907092545995133,0.6395733439459143,-0.11958436106806301,-0.46513177615621987,-0.23663344760868268,0.6168181759496798
0.5604318229360947,0.45407673627237083,0.5343475770521756,0.37573514474244923,0.43568945674034315,0.3724428915298037,0.34257201270167253,0.38477536145835023,0.406322746765703,0.3876732927236067,0.38279176060976106,0.4004320492245167,0.3974882621610864,0.3183888970316093,0.4015086545902845,0.3614053405883505,0.4572265258657078,0.3878928775029542,0.44105747614528085,0.30142848559074026,0.31253603133402574,0.4608522134994421,0.31865192728180836,0.30964776794763205,0.35305322084871976,0.2321323002673854,0.34213683273384077,0.32323224545483176,0.3476738771955546,0.42129325653632377,1.1292359370962688,0.30190655053564036,0.4694374013494944,0.5509560649637493,0.2016740072754071,0.8627651998728348,0.6712841553013373,0.42933191809172755,0.6094855205986144,0.1562427649699166,0.5941368610533251,0.29552545976345934,0.4571026282487399,0.11933227705877936,0.3132573158114541,0.3897482619839355,0.56712412440249,-0.05474132762739733,0.10453324166258962,0.28589862559322926,-0.14172271072283774,0.29092623565355785,-0.092462261221654,-0.16228605376620575,0.1792096969040481,0.07081961130853894,-0.14119943326418363,-0.02745457260876298,-0.09535961515938415
0.722992475061258,0.5794661908234314,0.6774907966209953,0.688905545526817,0.490231627777043,0.6201921456898829,0.4006009135596375,0.5507461967376206,0.5299448418481888,0.4572909924923128,0.5274619430558823,0.5623126559285021,0.5869631846712545,0.6681086314495973,0.5006864203738975,0.5968860456309428,0.493690429897209,0.4694362042489996,0.6100628671972823,0.38262557905741457,0.5169520236118573,0.6143553374455132,-0.05479961837153051,0.4720875743563534,0.4405355130816215,0.659308784101156,0.4426446030768509,0.44472645528416505,0.5032846952812357,0.15128234383855607,0.30190655053564036,0.8893386332046966,0.35054788418896143,0.42396369485181024,0.42637268319939825,0.25968709477066915,0.18768664290113488,0.4975528986060883,0.35393910411575374,0.29802610695342957,0.3171067360392542,0.5178870299146611,0.6859933493226898,0.09229048915262103,0.5901395791417231,0.35710338577627426,0.7235994496296694,-0.08545669380490406,0.40515206462110515,-0.013319860734483591,-0.04365061887302513,0.4728731178949648,-0.29272777303547887,-0.10939918406949146,-0.35335968657315076,0.03517890094124651,0.04835916228493715,-0.3291699419227079,0.3312484357625121
0.5493767618428059,0.6142900260395813,0.4770761825477698,0.5318126842473782,0.6368472608992819,0.3957173050161684,0.40328435005977176,0.38393544089820925,0.4617315550183363,0.388156963296521,0.431575275491879,0.4567784916130675,0.5654041521121139,0.38275456362588567,0.4751369482787098,0.4286592736096312,0.49765685477309374,0.4132964883485179,0.5531815952829594,0.4439726574416869,0.20147301191828812,0.5690735354790704,0.016053699027945647,0.6757580192882753,0.35765330262299666,0.44624300235256587,0.42127677828996185,0.612866134549557,0.02068680661764577,0.7092760340392039,0.4694374013494944,0.35054788418896143,1.8210400377172102,-0.009671935186686366,-0.320203680735396,0.39565828940828396,1.0618777616722568,0.2739583434121549,0.27506775697158453,0.10458287234238929,0.3397393681866048,0.18407731237102387,0.7691170410642146,0.06702519085042292,0.15436495501415798,0.2864960431799575,0.3682812571540384,0.07124973670157554,0.8138524533075642,0.23525328757992534,-0.39383703411443505,0.5160944197308323,-0.15661068123758579,-0.28717043552840443,0.5430141367829863,-0.01043622366019091,-0.37214548776012013,-0.510478779127745,0.6998265200562529
0.293488615093043,0.7703691432158779,0.9451759678700451,0.713075955681128,0.3461186595141246,0.6705736106784326,0.38961114601755986,0.603032005328196,0.6146499188073714,0.6746273490498708,0.6263819877500842,0.6096852738427689,0.6267679111347366,0.44663391107511813,0.5266302928172935,0.5191411090972218,0.6714163879292774,0.561200504663713,0.5490695389948476,0.5410785806614269,0.4286102762570986,0.5764342096078433,0.3089782389764912,0.4349085794085624,0.5054730727093416,0.37378822193916633,0.5032311987233176,0.25068891638060653,0.9396070754381428,-0.08395531700570436,0.5509560649637493,0.42396369485181024,-0.009671935186686366,2.706273771057998,0.9512343069059441,0.7892016590215621,0.7786035698483424,-0.09887100487925111,0.9470783293536874,0.13107891891888163,0.5472058605616509,0.4205916693789862,0.556232516262055,0.12954294015960924,0.597581619527183,0.38305884072512153,0.7560400152635081,-0.18709255629991953,-0.10900112651288228,-0.4436170005023099,0.35988663630060774,-0.2851866772503805,0.30405031656636217,-0.143564124359364,-0.18099434987193672,0.09564576056378056,-0.2990258434392792,-0.01165909349030561,0.051902441419734
