0.6640779703671686,0.25396720172868315,0.4459441130171015,0.10106616410397777,0.08666385816749053,0.1971533263075304,0.2267713656284272,0.08660353746907454,0.19617482434180064,0.16957811639391143,0.16031851784628118,0.18336590007340317,0.1463477634450051,0.16947786590391223,0.13979882930194396,0.11805364916823084,0.12607828818154904,0.15715785489946604,0.10652660080451573,0.15396028877592438,0.12424587509810048,0.1619896905669443,0.11603931299714713,0.12889759842970613,0.15196165054702018,0.15910132869266255,0.10284374515499163,0.10906433564546471,0.13947411269048385,0.13048129508742684,0.14194729916506865,0.09707468766264477,0.11263223532907717,0.007784394311726281,0.1430366811863854,0.13606216414331518,0.082157234586122,0.08802588805393398,0.14974501600832685,0.1239580110681648,0.07400279481760048,0.1195739777004561,0.15615397902378725,0.11502010393467171,0.2318733000187858,0.24396711701393484,0.16569553091804906,-0.0691414805147686,0.09127016121119055,-0.10429759323436792,0.02567267624150666,0.048945481464453225,-0.027962586137788903,0.02370319714060996,0.10292414473811318,-0.08180410285733059,0.4867984844736996,-0.04257675303354785,-0.4282585723262557
0.25396720172868315,1.588628932177882,0.9742641278341746,0.32454073654803545,0.2429408338919632,0.4711053056835388,0.3514347086323285,0.3687702979964734,0.3983206707349916,0.3155111924548894,0.3851795288948031,0.40421990268424196,0.43489235255683484,0.3327842097174584,0.3288341706765468,0.25220015158852394,0.3773943268306187,0.33456435049996197,0.19946429075429709,0.5265895529707766,0.31851428644905755,0.32766543938456505,0.09667918379151831,0.4101445174717416,0.3221488499705542,0.4322103517648212,0.31908523560553964,0.27600696949203185,0.5286986973163693,0.19212925384764237,0.17187232129804078,0.41220223948962903,0.33178301344534844,0.4386926363528768,0.3091583218185186,0.199296603194231,0.3572353485327708,0.2688933738998377,0.28111464298148314,0.1889246840716093,0.1018356634015197,0.29149004883441704,0.42373867208379606,0.15654787750937646,0.4739439948713187,0.10988750287513431,0.2292879814523139,0.19409993513325433,-0.244382688780057,-0.4303810177139847,0.2596340078016034,0.17608457570253586,-0.06799448981090077,-0.02876581518181743,-0.353720737648711,-0.28241777541188867,-0.5052507348797589,0.299819905322193,0.4951738587557392
0.4459441130171015,0.9742641278341746,1.811547739434356,0.26466399262164536,-0.014111958057226575,0.5696983716240558,0.4141553382597249,0.4962896494893817,0.5390848243923667,0.39292906275588335,0.42367147154910445,0.4110530303942249,0.4692539433026993,0.3598514569338222,0.40637827158486506,0.26698585521098933,0.39836805077655296,0.35407341670427106,0.36057504096158777,0.3779799340316097,0.3827707894693684,0.4372383704762597,0.23230872605534655,0.47770579162509375,0.4101334661343027,0.42575026433158064,0.29417820761613916,0.2755457938990478,0.657553633780927,0.12734093887328954,0.2212412514689699,0.41759613830331355,0.37632657878910564,0.44784501643982133,0.5354202089371082,0.3572455297249542,0.36525130170334186,0.19926485975780672,0.352521515586963,0.11443899812500975,0.07959677668048305,0.3454689811180371,0.4004462637718321,0.19778561761503768,0.41747998738152015,0.4199166283413842,0.26834890685191515,0.025536139999840432,-0.18248740044245468,-0.14891902794807563,-0.08759854367088435,0.19004733130101328,0.024153265082668438,-0.049038961109514154,0.05125143208916523,-0.1682843445050868,-0.18364299550869786,-0.1678720969910243,0.29573087600539777
0.10106616410397777,0.32454073654803545,0.26466399262164536,1.052893314637447,0.7982949672717807,0.6553160842696284,0.470696630742156,0.47454468980074194,0.3942410140646132,0.3292573808251961,0.41218066092290234,0.4807528019699156,0.46979231524987514,0.4015441259589558,0.2793472591266655,0.5094422410763654,0.35308489730424975,0.3291819979719367,0.27807826103421657,0.40967825204176594,0.33852075114373165,0.45070707239478724,0.38006079322407005,0.5496542084408473,0.4530534165567651,0.42810588995054316,0.37432551280753334,0.14275227594859002,0.4640850354263952,0.35422280890009905,0.3038123308257369,0.489966324392883,0.34654826989622695,0.6123418358464897,0.04966117190435728,0.27557414317823276,0.3058016345698678,0.3043600015059275,0.4645188861432136,0.2121791372504724,0.15127284088773224,0.35248395408860334,0.42788310753149056,0.490929568926295,0.11742056602890737,0.15298470201361186,0.3478972127450801,0.22866892719899365,0.29107544878412284,-0.27138145117047935,-0.1150185822472374,0.25070159672019127,0.0762979550229778,-0.12903049208787282,-0.04841205431328388,-0.19438561299603827,0.02170318467294247,0.05761538304525119,0.08381521512961065
0.08666385816749053,0.2429408338919632,-0.014111958057226575,0.7982949672717807,1.4092912022693567,0.7240537696320853,0.49011345949131624,0.4289896495689375,0.4073455501707766,0.3418499298743884,0.4268365798138233,0.48878290012836706,0.47673542840224836,0.40226361277162115,0.2966967045561963,0.6009424800188253,0.36056012863190373,0.36633556401429335,0.27798181496652746,0.46475244060694165,0.352569233666596,0.4781722047867103,0.4433210301855538,0.5655351056271685,0.4585691316962616,0.4059879927262979,0.41211359649739865,0.16111487171562883,0.46693752470997235,0.3695624008247575,0.3508738105491412,0.5657204020435274,0.2790509713502966,0.7240964450062114,-0.05269034876140576,0.3444189940645902,0.2964946745558701,0.3622464687096492,0.5172864620463686,0.27543348788551897,0.17446352418986946,0.3818960320545613,0.3612609210412763,0.5211744645598814,0.027227950893201125,0.017212873508551843,0.3677066358988941,0.31113304176877193,0.6045281102862501,-0.36865440574838704,0.05773447912524646,0.11469600344189183,0.10129780352844099,-0.06069993377485498,-0.10003293360442136,-0.0740542630024502,-0.0026670021713329803,0.04195217620443915,0.08756669015037699
0.1971533263075304,0.4711053056835388,0.5696983716240558,0.6553160842696284,0.7240537696320853,1.11420277999048,0.4606600698826414,0.5619665550689211,0.4778002063495224,0.3510042909095907,0.5300400792380066,0.5299831781792144,0.5783992324236689,0.4296820316758689,0.37016786896164283,0.528880852059592,0.42904047604082046,0.4103566119142771,0.41215476337659934,0.5136228172954093,0.4403815590332481,0.5175031470696589,0.3415667428436816,0.6311629523906594,0.5302652698028429,0.546560696861737,0.4524630572803567,0.25029434655436966,0.6853407720474288,0.3703258885598548,0.37264757831566897,0.6159306932746933,0.31530706915812184,0.7013273238123774,0.31030951209143287,0.3568401020654839,0.38306113632794064,0.349258164713761,0.55773515351048,0.25311762810848115,0.12959254438509848,0.4342579750835308,0.4905312520715694,0.46848614253318843,0.3281142222396328,0.16225891338341578,0.4138406473916768,0.2412776275975933,0.4457807182469032,-0.12098868209951617,-0.40887154870023523,0.2711232622252709,0.015386621693394976,-0.006976132012671169,-0.11858104427830693,-0.08290900513313272,0.13833012396733194,0.11204325086510955,-0.11783826339093384
0.2267713656284272,0.3514347086323285,0.4141553382597249,0.470696630742156,0.49011345949131624,0.4606600698826414,0.6935364615602989,0.2580928187357156,0.4191948648225785,0.26663867963647453,0.336215726300175,0.45057929830490023,0.3735670048759046,0.25611873304164257,0.20221066632037304,0.3969770392238946,0.30630516870582963,0.2876963060633448,0.26240724106288943,0.3574437929594169,0.3026982927893274,0.40546240473800976,0.29777303787238046,0.4559142653492404,0.3671386359439725,0.38673610938508174,0.3147444172766756,0.15667783775790844,0.3547526439621323,0.20154593644203736,0.26369972850310963,0.38850281724698105,0.28710458947646894,0.5028645436276364,0.18723111351182403,0.2528120559405343,0.24373631099575113,0.26489240989732543,0.40226688435505986,0.20442542736941396,0.07154675592331836,0.3056962971675726,0.39270007261120393,0.29585802768627256,0.19840257161226477,0.10852726171925549,0.27363946130274486,0.23976344630204083,0.3297609502802675,-0.3345555593769749,-0.09316762463168766,0.2175876533788555,0.09897463649097699,-0.0740476722605858,0.02712005260767667,-0.018967514910087573,0.07553937580605959,0.007265222573081115,-0.1773159455429705
0.08660353746907454,0.3687702979964734,0.4962896494893817,0.47454468980074194,0.4289896495689375,0.5619665550689211,0.2580928187357156,0.9938693704492308,0.2388641049395258,0.39615171862562437,0.42952487129133343,0.3229406893522183,0.49589341460237896,0.41797764370296053,0.3417611833949071,0.3804783064751701,0.37164032157742005,0.34693492214370186,0.32659247553176635,0.3323186912991492,0.32073101170142837,0.35266139897348325,0.35066483253707637,0.47191989681317964,0.47981374633233503,0.4954233368186929,0.34016629519989794,0.05096337220001377,0.48327227026231306,0.2864168648779297,0.23796954365452974,0.4191627030669527,0.3551530090799526,0.4992475350987594,0.43958552931908007,0.2433750529551326,0.3095228859300026,0.20662289589256522,0.44019132822711804,0.2053622442492039,0.10362415702336134,0.3313708677206884,0.44629175130453164,0.192972388131354,0.2651127934178421,0.2386764706703592,0.38679534632248574,0.1789843217820192,0.5466556215012187,0.05054767126315132,-0.2087546793614297,0.24914762427478418,0.017180712001678897,-0.1668854303990904,-0.18343261932613744,-0.1832699530348728,0.40788233698753074,0.12001492635033469,-0.24876926772927446
0.19617482434180064,0.3983206707349916,0.5390848243923667,0.3942410140646132,0.4073455501707766,0.4778002063495224,0.4191948648225785,0.2388641049395258,0.7483411203204507,0.26386111289631936,0.35343584264807265,0.39177251289503046,0.36963209725696944,0.3681202209907105,0.320992577516474,0.3001097977198848,0.30794325542625833,0.29987931563758247,0.23890013920477354,0.3083246313652046,0.31988265819181866,0.4729130861111075,0.350424925635656,0.41439768973484215,0.3519072784385425,0.3280481249935456,0.27454052813834107,0.255709793839691,0.36911709443472734,0.1904076415942465,0.2358662961132039,0.37295458157760913,0.33801829397169214,0.43025440238991086,0.14551349840296998,0.3376324861656815,0.2516702920883825,0.17840477769996602,0.30346264683174223,0.20399028039034905,0.0527834704372158,0.3013200394098176,0.3290994831857493,0.3032285724523873,0.12830481559917467,0.19536021786917118,0.253923513524507,0.1302809286821175,0.33574377099495073,-0.4164550665379408,0.15669903757927606,0.07407808316113837,0.15923412790045394,-0.10157499410745277,0.14763972211773743,0.07170068365362374,-0.12405803439692327,-0.13117572840977162,0.015754801862408283
0.16957811639391143,0.3155111924548894,0.39292906275588335,0.3292573808251961,0.3418499298743884,0.3510042909095907,0.26663867963647453,0.39615171862562437,0.26386111289631936,0.6796908851957838,0.2624751920379073,0.3083956118218641,0.29962445633668294,0.3341875969827055,0.28252432515318426,0.33281537079795376,0.297293511940865,0.340757192699439,0.2836693881724376,0.18055597257379924,0.23491372457850915,0.3327980067781038,0.3463398036343223,0.34841180100360764,0.32525722998252315,0.2149612211315798,0.22500026709475185,0.14896905963203397,0.2991730085614909,0.4076827048942741,0.26638718461703487,0.24074736774042613,0.25002388986050944,0.37563633089518295,0.2860138370665364,0.27004448456127533,0.33978602457587154,0.13788878219670905,0.34864701280874716,0.173307814536072,0.16981275670152646,0.24484684168178583,0.4054446536099669,0.3504564341156382,0.09328971391127108,0.28400075500653393,0.3900926448014283,-0.10703091067186782,0.5661131514704334,-0.14237037217217569,0.043490775541438466,0.0217400501009765,0.008258704539396384,-0.01885036104920211,-0.04274527143176853,-0.10234216525853047,0.2594026718807429,0.03025093113879787,-0.24490405388914072
0.16031851784628118,0.3851795288948031,0.42367147154910445,0.41218066092290234,0.4268365798138233,0.5300400792380066,0.336215726300175,0.42952487129133343,0.35343584264807265,0.2624751920379073,0.5890451330206081,0.42581196183491377,0.47140525396206123,0.34643254273519086,0.375362752001611,0.34210624727442795,0.354453759371518,0.33902909121205127,0.2856942294502423,0.4231813798620216,0.34294880741638034,0.3543464694539146,0.2656499660995934,0.45215740922862385,0.4061027515621442,0.3802072760062467,0.3367838454958005,0.1770126348814678,0.4449575895872681,0.33842190748199874,0.33135953709413474,0.37099798335377576,0.30873337765504044,0.4974748576835115,0.32632448942718295,0.37420725537302163,0.301623175949831,0.23589695785474413,0.46336526181872456,0.23568696674364303,0.16616298174029961,0.331916440314434,0.34022070394559784,0.37844914987548195,0.23944864066112212,0.26417652566882194,0.3449387853759095,0.06320345538614798,0.32030032772993766,-0.1793400495677909,-0.13764124488371596,0.0774896690127166,0.1191676082456213,-0.020358717542444105,-0.0975968635948716,-0.07747470250882042,0.1445914305800727,0.07123220399534329,-0.1369972906629945
0.18336590007340317,0.40421990268424196,0.4110530303942249,0.4807528019699156,0.48878290012836706,0.5299831781792144,0.45057929830490023,0.3229406893522183,0.39177251289503046,0.3083956118218641,0.42581196183491377,0.709615902267276,0.3835891809688242,0.3805017179006852,0.313312329930165,0.43918203431124037,0.3560096950780345,0.28834190335531856,0.3391710201225219,0.4064717145504105,0.35378036673609675,0.40014953423436755,0.29708110201673127,0.47519118035965197,0.4569242901977919,0.38751006298175417,0.3903490805914274,0.09545817891295265,0.42798613024594356,0.37644051342528845,0.34551293063081545,0.40468670099071563,0.3389467311115223,0.5675832311617854,0.3647457233636348,0.34250769020249,0.31463465504827887,0.264903199513633,0.5295202632651208,0.24497189474348022,0.12366769137796052,0.36289699693416205,0.3820719949537866,0.3799210678972507,0.2815018746550988,0.19491072650862637,0.343758036247018,0.19343039491302438,0.17086219378137704,-0.3235065404312804,-0.1410264063658462,0.259767835341479,0.060262290358747334,-0.06183911270746933,-0.10438476257915784,-0.12185218251052937,0.08351990467448149,0.08369298147928857,-0.0594009554865012
0.1463477634450051,0.43489235255683484,0.4692539433026993,0.46979231524987514,0.47673542840224836,0.5783992324236689,0.3735670048759046,0.49589341460237896,0.36963209725696944,0.29962445633668294,0.47140525396206123,0.3835891809688242,0.802989135590095,0.3608057839886961,0.3340630356251553,0.4421850327117815,0.3332694427271596,0.410867141113386,0.33889961187266465,0.3849189584278286,0.37327756344917984,0.47018205169524,0.31463373064386935,0.633458165353392,0.4500377512065322,0.5451803667375946,0.36595312853162654,0.19858440929702745,0.5531514667123629,0.3682225441391937,0.3099923331140719,0.45477900210008865,0.4050397915564564,0.5514671889357475,0.387379807623324,0.349335764269599,0.29100248583369287,0.25562620178040607,0.36562646399086013,0.20954070273735315,0.25168879956510554,0.38378866751471646,0.19193392343625598,0.4094799015392914,0.21021134176600764,0.17163255603156166,0.3668547573295694,0.18959581976984322,0.3724888530811267,-0.12923669374380056,-0.22351453898598697,0.046420874381241935,0.1354470779831841,-0.054103313733262895,-0.0780610207744021,-0.07503837211948977,0.07979278235363887,0.05954080048567886,-0.05065556342140091
0.16947786590391223,0.3327842097174584,0.3598514569338222,0.4015441259589558,0.40226361277162115,0.4296820316758689,0.25611873304164257,0.41797764370296053,0.3681202209907105,0.3341875969827055,0.34643254273519086,0.3805017179006852,0.3608057839886961,0.6425775743202079,0.34250642269033127,0.32113140933408857,0.30065337595140496,0.2607398411002707,0.256437918352125,0.30803036416915236,0.2866516664052687,0.33763480577951743,0.3116905834657523,0.32995982160754533,0.3436019179824518,0.2628859880979987,0.283468170841389,0.20004171612954605,0.37616534168916455,0.3540834389458541,0.2774985746554782,0.33376739822153906,0.32369071903583724,0.37300063258515015,0.25356914937936326,0.3286033629963113,0.3096803265735513,0.14976746545722727,0.40688918188876,0.2171345818038917,0.22490536895835314,0.28611435022127085,0.24691244882878755,0.32014403776330863,0.22234061619391784,0.17084973691877955,0.3249286662140144,0.1457890176810975,0.49066465160639916,-0.040556847768842365,0.06971195285022377,0.08541690134886,-0.09844707967540521,-0.07755760335984382,-0.1661337320570543,-0.09768965177856889,0.214656717940591,0.0967771017460794,-0.04863089940270795
0.13979882930194396,0.3288341706765468,0.40637827158486506,0.2793472591266655,0.2966967045561963,0.37016786896164283,0.20221066632037304,0.3417611833949071,0.320992577516474,0.28252432515318426,0.375362752001611,0.313312329930165,0.3340630356251553,0.34250642269033127,0.6552204364268331,0.25766998144392933,0.26756478828574043,0.338665472784597,0.294005717377285,0.2886225349965071,0.3152166522991961,0.2775836452702684,0.30634022105057945,0.3038573832118884,0.3883387717767104,0.16937810872704756,0.23240045118619224,0.24978385346116808,0.42535975256962816,0.36310688474760316,0.2717397412528011,0.2591196018535561,0.3539800647179113,0.336059032021014,0.2738963801624308,0.34764813910567033,0.3679767695182539,0.06680332169040021,0.4266971253524513,0.1860680845883123,0.15415944751117822,0.2779793143705648,0.2894957915051272,0.31511861644692296,0.2361054385976177,0.3498758952357732,0.35542381896875797,-0.01638618548687615,0.37911544713255735,0.03009401281966878,-0.171889521633492,0.3826462950573609,-0.228543296289203,-0.1070550190725374,-0.018293476540766167,0.016154956606415794,0.03127974197791706,0.006382042472809995,-0.030830725762258752
0.11805364916823084,0.25220015158852394,0.26698585521098933,0.5094422410763654,0.6009424800188253,0.528880852059592,0.3969770392238946,0.3804783064751701,0.3001097977198848,0.33281537079795376,0.34210624727442795,0.43918203431124037,0.4421850327117815,0.32113140933408857,0.25766998144392933,1.0258534777682484,0.426789419899777,0.35175168107252597,0.594273756448623,0.3052450766903047,0.4240326944525323,0.6087694444417628,0.27290040408063504,0.5478793815510538,0.5238944349872884,0.431153469723809,0.4607058929851055,0.2915383138417088,0.38433500911428675,0.5416002255173983,0.40016902961768863,0.4935513765083006,0.43042797363524615,0.6532237756625644,0.5766985430641207,0.3117507407452395,0.5418001006909672,0.40933382911945204,0.4907093774877018,0.21086046913115905,0.23048819350352384,0.5178158404324753,0.5159570029905376,0.5294611384959681,0.2202894452062025,0.006032895728586611,0.4168479097079149,0.32342747768099644,0.24576250148667808,-0.1912815134795855,-0.2624002079689949,0.2650516254999522,0.002297034500691411,-0.07355824878434591,-0.030992653784669356,-0.1203248918740742,0.11880660526307266,-0.0003020759335174138,0.02370513331759245
0.12607828818154904,0.3773943268306187,0.39836805077655296,0.35308489730424975,0.36056012863190373,0.42904047604082046,0.30630516870582963,0.37164032157742005,0.30794325542625833,0.297293511940865,0.354453759371518,0.3560096950780345,0.3332694427271596,0.30065337595140496,0.26756478828574043,0.426789419899777,0.8902135003364009,0.29779354497887606,0.43550423252262177,0.4881015163174499,0.40402083544615724,0.3351218912370191,0.2106376803461584,0.39104783376080493,0.3699174129061382,0.25076383324154244,0.4598382509193162,0.6317747673737045,0.3621183459304986,0.37933348649731213,0.4406152525355886,0.3329997771699575,0.4170590497313059,0.4311755618109268,0.35031013684504836,0.5001028514310331,0.5764584276249062,0.3493262081640984,0.6065586269142134,0.27757926741764766,0.4644294362569596,0.373151598098999,0.4870437669944007,0.4852770873386892,0.3316157980949288,0.04193426533489251,0.3508277113935164,0.3531238114178163,0.6091102539233961,0.12077507150003197,-0.04478389766521468,0.2761596671026819,-0.09451685707579666,-0.05664446991285794,-0.20633816678848993,-0.07647290386019796,0.007161586586242473,0.12358311212010854,-0.04048875783497276
0.15715785489946604,0.33456435049996197,0.35407341670427106,0.3291819979719367,0.36633556401429335,0.4103566119142771,0.2876963060633448,0.34693492214370186,0.29987931563758247,0.340757192699439,0.33902909121205127,0.28834190335531856,0.410867141113386,0.2607398411002707,0.338665472784597,0.35175168107252597,0.29779354497887606,0.8452020954213967,0.4195566566716616,0.14786910990011382,0.35640138054008463,0.40999592232808235,0.3272425463701677,0.4334779628349028,0.3463559985605411,0.3748312731502377,0.1736413914411297,0.3284383859198485,0.3465574021857941,0.17201423664588286,0.2835597179444009,0.3517390904929997,0.4146015602580513,0.45618670936775774,0.3193858209217275,0.2585509823503635,0.34874987009880126,0.12789237674100498,0.2560379640563152,0.25988779420422514,-0.01063849987720667,0.29367767734222094,0.43514293561295186,0.3639560938540829,0.4773415993320139,0.2960745855805894,0.42464163166700053,-0.11550772138382674,-0.04246250878768434,-0.18780931995571623,0.2821942284362571,-0.002674288903864232,-0.1959026356846384,-0.11693150130979156,0.021926060948582047,0.02400000739579938,0.26869010449180913,0.026270934609762646,-0.36011307358000993
0.10652660080451573,0.19946429075429709,0.36057504096158777,0.27807826103421657,0.27798181496652746,0.41215476337659934,0.26240724106288943,0.32659247553176635,0.23890013920477354,0.2836693881724376,0.2856942294502423,0.3391710201225219,0.33889961187266465,0.256437918352125,0.294005717377285,0.594273756448623,0.43550423252262177,0.4195566566716616,1.3772853164468932,0.19748223243872867,0.5213359855380603,0.4537883500375543,0.053531877599749055,0.4852472672105111,0.3325079330935335,0.17375050933491828,0.35059075988020527,0.4700815793290004,0.3649993596473502,0.522201964386344,0.4274199298067287,0.4234949611159557,0.590608008683269,0.5025716960748406,0.5763964169709572,0.4566964097139744,0.7163745565959602,0.26442881474280006,0.6739339396708175,0.16086262792897285,0.21198732081478355,0.47985457965757305,0.37701366233110495,0.33638894936857405,0.33429913508086795,0.13195612040662594,0.43172432147295403,0.51697290016681,0.516276118420166,0.42569175126486875,-0.23169991655937172,0.22157741678328677,-0.2556387764577238,-0.15160443956626718,-0.023979391490670812,-0.019860987307043963,0.11755687379895376,0.06864820070581734,-0.09279248039122909
0.15396028877592438,0.5265895529707766,0.3779799340316097,0.40967825204176594,0.46475244060694165,0.5136228172954093,0.3574437929594169,0.3323186912991492,0.3083246313652046,0.18055597257379924,0.4231813798620216,0.4064717145504105,0.3849189584278286,0.30803036416915236,0.2886225349965071,0.3052450766903047,0.4881015163174499,0.14786910990011382,0.19748223243872867,1.168119751326477,0.2689482198222587,0.25163912509033426,0.1303120779792522,0.45837454030115554,0.3883648945933215,0.3793100884739351,0.5320242669961225,0.4149606945950618,0.3480321027375962,0.44829199604470615,0.41398442558546183,0.48237437488557416,0.37038806953128134,0.4612217539980102,0.11210055641472677,0.284742723503482,0.6079227002977226,0.597827973866828,0.5815491558822878,0.37834852114491824,0.3425632025836693,0.30745634096899327,0.725852773615937,0.32053258676094526,0.7958014893815254,-0.0696986840275874,0.3579869786392451,0.5300418818626804,0.4726356262432148,-0.3756268239570176,-0.09736020483088989,0.4861278639768394,-0.0388732212295367,-0.026244674147439234,-0.1251567528074921,-0.08919471068144252,0.04736239896835991,0.06341054223129167,0.014583685403670854
0.12424587509810048,0.31851428644905755,0.3827707894693684,0.33852075114373165,0.352569233666596,0.4403815590332481,0.3026982927893274,0.32073101170142837,0.31988265819181866,0.23491372457850915,0.34294880741638034,0.35378036673609675,0.37327756344917984,0.2866516664052687,0.3152166522991961,0.4240326944525323,0.40402083544615724,0.35640138054008463,0.5213359855380603,0.2689482198222587,0.7059577769068518,0.39075512997011,0.25568853849726286,0.4069359413469984,0.37871205135679636,0.21019400565619775,0.3101321425850279,0.3551215036523672,0.44462561678070406,0.4219091073070871,0.43837179590479664,0.3554894294487002,0.5114288118310275,0.510963195219946,0.4755325453127053,0.48463078235992696,0.5496999520296225,0.21895755188783245,0.5447370728144174,0.2812270792058702,0.16798107836969084,0.5458844273811397,0.3528881037781193,0.3784570678974787,0.47394794479493907,0.15257025251855041,0.3707519488805616,0.21344734052535103,0.20535672347032785,0.032196045836124926,-0.19034308768151967,0.23820579345935344,-0.06333090127726597,-0.09157496149526273,0.018229994058363508,-0.025518863671387164,-0.051824332670245055,0.019270977471167298,0.041743893699604226
0.1619896905669443,0.32766543938456505,0.4372383704762597,0.45070707239478724,0.4781722047867103,0.5175031470696589,0.40546240473800976,0.35266139897348325,0.4729130861111075,0.3327980067781038,0.3543464694539146,0.40014953423436755,0.47018205169524,0.33763480577951743,0.2775836452702684,0.6087694444417628,0.3351218912370191,0.40999592232808235,0.4537883500375543,0.25163912509033426,0.39075512997011,0.8436841103718755,0.3946527109305477,0.5001726471071508,0.4554491828653601,0.4007048554850986,0.33568011380507606,0.20313564906049078,0.4435140164515725,0.36419030349957093,0.3124116992446386,0.42668319265222576,0.3897064441402249,0.5966664935731774,0.3669134383313032,0.3052295084704604,0.3790925139575034,0.25637147762241147,0.42028692524967276,0.19842074932958761,0.1257805450650147,0.41404306289856047,0.4126812076439292,0.46704986137202154,0.13824767056073597,0.1715343029402374,0.3754472902618456,0.19149879040911136,0.28418392895076405,-0.2672870956160708,-0.08331909903709497,0.06935499842993521,0.08836106945183896,-0.11542289969501925,0.05503649171731138,-0.03329461838702313,0.026658472101228608,-0.058097581150203643,-0.02642956306238896
0.11603931299714713,0.09667918379151831,0.23230872605534655,0.38006079322407005,0.4433210301855538,0.3415667428436816,0.29777303787238046,0.35066483253707637,0.350424925635656,0.3463398036343223,0.2656499660995934,0.29708110201673127,0.31463373064386935,0.3116905834657523,0.30634022105057945,0.27290040408063504,0.2106376803461584,0.3272425463701677,0.053531877599749055,0.1303120779792522,0.25568853849726286,0.3946527109305477,1.2669798128893317,0.35664610324624824,0.5335098075085773,0.09064034490949503,0.10276308950074026,-0.1807573411023294,0.42231374748847667,0.4745847923779365,0.34218744717740773,0.07487340210728737,0.3389806467789292,0.472912670621205,0.10195909574054703,0.4633438201661148,0.4135998986147923,0.042795147703765364,0.6221754447107846,0.3580871194492807,0.12874593233267673,0.2439657882502308,0.31960985283391274,0.7834326588909336,-0.0747506624539801,0.42758930385790145,0.40670744784173685,0.07540059413505369,0.5868472272970819,-0.039552327710747216,-0.2088177609910026,0.22546263080298468,0.06847592815934857,-0.15632130468916405,-0.021750456937798056,0.03373818667674435,0.08016672957653802,0.0199072360757442,-0.1936804335588316
0.12889759842970613,0.4101445174717416,0.47770579162509375,0.5496542084408473,0.5655351056271685,0.6311629523906594,0.4559142653492404,0.47191989681317964,0.41439768973484215,0.34841180100360764,0.45215740922862385,0.47519118035965197,0.633458165353392,0.32995982160754533,0.3038573832118884,0.5478793815510538,0.39104783376080493,0.4334779628349028,0.4852472672105111,0.45837454030115554,0.4069359413469984,0.5001726471071508,0.35664610324624824,1.473288025378753,0.5571388986841413,0.41380556910392613,0.48364046791896864,0.24084733298082883,0.5626996374906497,0.774417656024585,0.3220672712184451,1.0049997745875958,0.8383594264466139,0.5853072128214619,0.38946000404425474,0.4043176668266918,0.37884893120638524,0.3613732431518208,0.4004218764312684,0.20631332783199396,0.17200902092951703,0.4571860125754446,0.4456405235186043,0.488235817851012,0.007228010621117569,0.26086422579144725,0.5470187149635711,0.02199569676903817,0.8304097838074389,-0.31459178458970244,-0.19628865086138048,0.23778040663667457,0.2524052530837233,-0.11387964945386943,-0.10681029856295281,-0.11425169842442644,0.24632342967977924,0.0878382130253266,-0.2027132105093912
0.15196165054702018,0.3221488499705542,0.4101334661343027,0.4530534165567651,0.4585691316962616,0.5302652698028429,0.3671386359439725,0.47981374633233503,0.3519072784385425,0.32525722998252315,0.4061027515621442,0.4569242901977919,0.4500377512065322,0.3436019179824518,0.3883387717767104,0.5238944349872884,0.3699174129061382,0.3463559985605411,0.3325079330935335,0.3883648945933215,0.37871205135679636,0.4554491828653601,0.5335098075085773,0.5571388986841413,1.0847595527807827,0.3221074947707684,0.37457270246180485,0.1379269453577636,0.5954258102989162,0.6025347785238052,0.344669328578282,0.39820944045662443,0.4248730961262216,0.6710933228021151,0.4135674751881941,0.39783416304914593,0.46059683254149814,0.2795065453406257,0.5844255784577554,0.1915425359823149,0.2007790571692182,0.40327828802307747,0.5343529311549214,0.5586234967648248,0.22696444087455467,0.33812145173028135,0.4846050632775853,0.018862935407601963,0.36718295362321646,-0.5357636212827769,-0.47318850877788143,0.5554319303252524,0.21435707181782934,-0.1458199575280226,-0.05083728390404301,-0.07886341637360063,0.22027084975155165,0.03589291097475399,-0.17642781402504581
0.15910132869266255,0.4322103517648212,0.42575026433158064,0.42810588995054316,0.4059879927262979,0.546560696861737,0.38673610938508174,0.4954233368186929,0.3280481249935456,0.2149612211315798,0.3802072760062467,0.38751006298175417,0.5451803667375946,0.2628859880979987,0.16937810872704756,0.431153469723809,0.25076383324154244,0.3748312731502377,0.17375050933491828,0.3793100884739351,0.21019400565619775,0.4007048554850986,0.09064034490949503,0.41380556910392613,0.3221074947707684,2.0847184026783645,0.2999190685185131,0.28036894324903183,0.050961015681199165,0.016498324278301786,0.26425414410096915,0.33484308645765737,0.2861439175659002,0.4045201574192545,0.4298116860991457,0.05728696807469141,0.008537871699887954,0.3174590662459868,-0.4059152842092039,0.1906103601301104,0.45731064337541083,0.3567770922549407,0.6159530858711406,0.2466746991795785,0.3750821999608836,0.02950297663444961,0.1756733650846485,0.33273494530651593,-0.10386170594243217,0.013117946162302609,-0.21805942252387583,-0.22662211772366156,0.01808772419725307,-0.01090902260154701,-0.05261926408016639,-0.13375936758793228,0.22396772330727735,0.09496738226736033,-0.1871781877620548
0.10284374515499163,0.31908523560553964,0.29417820761613916,0.37432551280753334,0.41211359649739865,0.4524630572803567,0.3147444172766756,0.34016629519989794,0.27454052813834107,0.22500026709475185,0.3367838454958005,0.3903490805914274,0.36595312853162654,0.283468170841389,0.23240045118619224,0.4607058929851055,0.4598382509193162,0.1736413914411297,0.35059075988020527,0.5320242669961225,0.3101321425850279,0.33568011380507606,0.10276308950074026,0.48364046791896864,0.37457270246180485,0.2999190685185131,0.8445668468640355,0.3950448789371724,0.3830083710293013,0.37602966826371137,0.3651318095804606,0.6272491237430708,0.3814361020140385,0.48551913392948176,0.3398262660197641,0.46165188532259227,0.3417703896150807,0.38187475815344685,0.4453431453461914,0.2118567300095005,0.32168593761423103,0.3554235610401822,0.4240410391204765,0.16897470934271844,0.27874081977026804,-0.06950150959808231,0.2803067152928257,0.3548835877422045,0.650823958258243,-0.17390557636685203,-0.17287206423761448,0.35230921349429184,0.0032211570404160213,-0.027513335429682425,-0.0777725923584479,-0.07598965088809816,0.07698403261936111,-0.0020110711810330567,0.03879640331002781
0.10906433564546471,0.27600696949203185,0.2755457938990478,0.14275227594859002,0.16111487171562883,0.25029434655436966,0.15667783775790844,0.05096337220001377,0.255709793839691,0.14896905963203397,0.1770126348814678,0.09545817891295265,0.19858440929702745,0.20004171612954605,0.24978385346116808,0.2915383138417088,0.6317747673737045,0.3284383859198485,0.4700815793290004,0.4149606945950618,0.3551215036523672,0.20313564906049078,-0.1807573411023294,0.24084733298082883,0.1379269453577636,0.28036894324903183,0.3950448789371724,2.0301725559964936,-0.001052109915133738,0.08085531829968765,0.4796086002190053,0.36245344428993076,0.4359737846784387,0.21696252726578225,0.14009722467178937,0.7786358426494517,0.36804052576248214,0.30777292630924974,0.2816856448067564,0.21402198462732092,0.7077378943472888,0.30171073278641714,0.1852272035149142,0.7417132393952776,-0.037532022543347,-0.20701692418175907,0.07422420774486599,0.38331812762813533,0.8459119903323852,-0.2080745048379731,0.3761486136886533,0.35582650588135245,-0.4579761671272026,0.0028860967930934016,0.2170882398114032,0.13004938028568785,-0.05521424065737845,-0.20705920141711093,0.3245617979692746
0.13947411269048385,0.5286986973163693,0.657553633780927,0.4640850354263952,0.46693752470997235,0.6853407720474288,0.3547526439621323,0.48327227026231306,0.36911709443472734,0.2991730085614909,0.4449575895872681,0.42798613024594356,0.5531514667123629,0.37616534168916455,0.42535975256962816,0.38433500911428675,0.3621183459304986,0.3465574021857941,0.3649993596473502,0.3480321027375962,0.44462561678070406,0.4435140164515725,0.42231374748847667,0.5626996374906497,0.5954258102989162,0.050961015681199165,0.3830083710293013,-0.001052109915133738,2.86559148507128,0.3554974380560746,0.060301915165602855,0.7377034426162132,-0.06569379291908135,0.7014187024866718,0.053896624700566734,0.8795598056126565,0.08257674184336353,0.12355772340018109,0.7350117413583014,0.0813343113676137,0.4381619319697953,0.3109821231314077,-0.039274966360378694,-0.28162183797978185,0.2319788758595816,0.49697345523953534,0.39449812233423714,-0.4804649862253788,0.6912310763530355,0.5382894628686561,-1.0059534703144495,0.3836284002090778,-0.1580698644217666,0.05137303444465513,-0.22847086369359954,-0.09138057603781705,-0.34735276263665976,0.1678956831549081,0.2568733888230159
0.13048129508742684,0.19212925384764237,0.12734093887328954,0.35422280890009905,0.3695624008247575,0.3703258885598548,0.20154593644203736,0.2864168648779297,0.1904076415942465,0.4076827048942741,0.33842190748199874,0.37644051342528845,0.3682225441391937,0.3540834389458541,0.36310688474760316,0.5416002255173983,0.37933348649731213,0.17201423664588286,0.522201964386344,0.44829199604470615,0.4219091073070871,0.36419030349957093,0.4745847923779365,0.774417656024585,0.6025347785238052,0.016498324278301786,0.37602966826371137,0.08085531829968765,0.3554974380560746,2.901965165410739,0.4767889426663258,0.22382484560248309,0.7555098762760165,0.24939445152028036,0.4782537038789664,0.2701681528750686,1.2178988090685852,0.3490906402589673,0.7738847386019282,0.08457884715347737,1.0366548002269018,0.4955684632887433,1.0106692408761324,1.0188539838840618,0.031175909208936824,0.47533226438766213,1.2124029639670328,-0.230520250449573,1.779152250431409,0.31704447611456077,-1.0568641654341722,0.548935708858069,0.05231381166704723,-0.04011664190103538,-0.30880777400693976,-0.1779851800883301,0.3243815690230059,0.5700218863072298,-0.5621958552245349
0.14194729916506865,0.17187232129804078,0.2212412514689699,0.3038123308257369,0.3508738105491412,0.37264757831566897,0.26369972850310963,0.23796954365452974,0.2358662961132039,0.26638718461703487,0.33135953709413474,0.34551293063081545,0.3099923331140719,0.2774985746554782,0.2717397412528011,0.40016902961768863,0.4406152525355886,0.2835597179444009,0.4274199298067287,0.41398442558546183,0.43837179590479664,0.3124116992446386,0.34218744717740773,0.3220672712184451,0.344669328578282,0.26425414410096915,0.3651318095804606,0.4796086002190053,0.060301915165602855,0.4767889426663258,1.4119903893710641,0.06454497958162839,0.5222368487665179,0.43813795512044423,0.31788908140672445,0.7662782744851684,0.7721948516580188,0.33414406618159664,0.5840951217530982,0.23097254829076425,0.5060634246406551,0.42756398837931725,0.36585155559833105,0.5655841717746699,0.357105383298691,0.2132590622586815,0.3805144123413277,0.27506620487401623,0.5350713376554287,0.2526805034406398,-0.3744019754751624,0.4616882087196461,-0.2301390709057828,-0.06754172314412832,0.03207502032862744,0.011432340949908616,0.3593507370807728,-0.1074582405202554,-0.20439742194002575
0.09707468766264477,0.41220223948962903,0.41759613830331355,0.489966324392883,0.5657204020435274,0.6159306932746933,0.38850281724698105,0.4191627030669527,0.37295458157760913,0.24074736774042613,0.37099798335377576,0.40468670099071563,0.45477900210008865,0.33376739822153906,0.2591196018535561,0.4935513765083006,0.3329997771699575,0.3517390904929997,0.4234949611159557,0.48237437488557416,0.3554894294487002,0.42668319265222576,0.07487340210728737,1.0049997745875958,0.39820944045662443,0.33484308645765737,0.6272491237430708,0.36245344428993076,0.7377034426162132,0.22382484560248309,0.06454497958162839,2.3125921669689014,0.42477691450885796,0.7585387264196363,0.30790449757951366,0.3491998069734036,-0.28785657367330825,0.39607174433287,0.3273079865005525,0.24261063139643105,-0.14885022989406013,0.38251476737872114,0.26184121895673923,0.03843903548872161,0.24471230061384083,-0.18097174555902612,0.3005728275307585,0.2144555585750748,0.46301849297684333,-0.4004027628927649,0.4184613508411903,0.3004505960598844,-0.107743304978393,0.05978388919286903,-0.06894989900840535,-0.09135889617877278,0.11252629310285055,-0.0065229169611205175,0.036393992545303705
0.11263223532907717,0.33178301344534844,0.37632657878910564,0.34654826989622695,0.2790509713502966,0.31530706915812184,0.28710458947646894,0.3551530090799526,0.33801829397169214,0.25002388986050944,0.30873337765504044,0.3389467311115223,0.4050397915564564,0.32369071903583724,0.3539800647179113,0.43042797363524615,0.4170590497313059,0.4146015602580513,0.590608008683269,0.37038806953128134,0.5114288118310275,0.3897064441402249,0.3389806467789292,0.8383594264466139,0.4248730961262216,0.2861439175659002,0.3814361020140385,0.4359737846784387,-0.06569379291908135,0.7555098762760165,0.5222368487665179,0.42477691450885796,2.1347378582903587,0.2166615682171751,0.5276261484279388,0.26020250562302927,1.1924586720119221,0.2561669733323287,0.204889391868916,0.20902261282542814,0.021784058959447947,0.5818757457978213,0.647097899031452,0.7438008289058171,-0.2271454668575301,0.5050815602131656,0.6018643310298264,0.024605678597849394,0.876245759224183,0.13112582826728916,-0.31541264736349006,0.5133531152722978,-0.03809335468431898,-0.38088600860886046,0.02886296632732519,-0.08518656684446538,0.03634033447546618,0.038826462190713035,-0.019091474280815868
0.007784394311726281,0.4386926363528768,0.44784501643982133,0.6123418358464897,0.7240964450062114,0.7013273238123774,0.5028645436276364,0.4992475350987594,0.43025440238991086,0.37563633089518295,0.4974748576835115,0.5675832311617854,0.5514671889357475,0.37300063258515015,0.336059032021014,0.6532237756625644,0.4311755618109268,0.45618670936775774,0.5025716960748406,0.4612217539980102,0.510963195219946,0.5966664935731774,0.472912670621205,0.5853072128214619,0.6710933228021151,0.4045201574192545,0.48551913392948176,0.21696252726578225,0.7014187024866718,0.24939445152028036,0.43813795512044423,0.7585387264196363,0.2166615682171751,2.2258603267174086,0.5104271109988943,0.4418755243111678,0.6008968427687128,0.3443008474564174,0.7732588081009155,-0.022580556743744786,-0.026890835492084642,0.5191975697717526,0.6352684787295453,0.7296155091713142,0.2364220999338146,-0.010506182892308421,0.4885857944369822,0.4236119166886101,0.19734304470841982,-0.6208367213384139,-0.17436129318042118,0.04372325028006265,0.4619105995847084,-0.17086730613289258,-0.09976953240621665,-0.012704826355387878,-0.40012306704885636,0.02489680690072004,0.4336709047776937
