3.1527865900884047,0.4894938075296378,0.3886207320088121,0.33106747210221643,0.8729758863454327,0.18217262024252293,0.9386171354261876,0.5061294246796149,0.29693958156093875,0.44617545895081334,0.3505110005828523,0.4108832158992512,0.33265443599960537,0.4888395643020467,0.41655374861913724,0.4638712119326442,0.2449348820863029,0.5670624012762113,0.3930038714156647,0.2844129949395055,0.44289207390679286,0.4522113690419462,0.47736437549559707,0.1457631569400732,0.6622264950942565,0.24682528702208445,0.19421856847318633,0.15587382901765853,0.4343056686149581,0.3882304535148413,0.362468496882723,0.3247173304561486,0.430173796663114,0.08539519413288546,0.24083886093657078,0.17141650986721516,0.5588111830336874,0.5707324596863129,0.6025348264523087,0.0681679062546607,0.3160404593827639,0.0835341453017759,0.4046809519639813,0.42789140968916606,0.23288270808959555,0.2621966695880666,0.5054255497875474,0.004273158871050975,0.12972355822267734,0.1236769748374002,-0.19565006234481977,0.19065260668806017,0.02616339152478701,-0.10105369939331132,0.256487953689185,0.06255140407490077,-0.4633867985296201,0.02488048290873198,-0.0998649444771347
0.4894938075296378,1.3225664592201423,0.8968515434909632,0.10321600820708264,0.08914141896931212,0.38172942070097976,0.22987980355583082,0.3271789106010325,0.33474459160623726,0.346904322747132,0.3027188157272257,0.2941520917497253,0.2516082886649043,0.3309553402819807,0.42331161722160665,0.259124778312587,0.3485703346241137,0.4711564616628316,0.21583349600854124,0.34470682396326763,0.2995960469974594,0.28747466467531546,0.2132715009458838,0.19010629672506968,0.18324962704414738,0.2561305838299545,0.11148856167054383,0.38793380338685773,0.46512111043561155,-0.0330949444979766,0.26479729397989776,0.30563352086250434,0.38281646916772877,0.2672084918132569,-0.0018450211470411786,0.2844584341796677,0.5865950218778759,0.300836677293635,0.23000103258387697,-0.04296076706522685,0.29325200053718253,0.20363946088909224,0.15041171003480594,0.1934962994032228,0.0886524444308884,0.3030744710671713,0.23764222887579187,0.00413622951389507,-0.1537289885144417,0.14822530442327972,0.12628000985815407,0.06965970619667787,-0.15194591889165707,-0.2519246695128803,-0.23554022988968545,-0.1401430025093558,-0.5788442841482645,0.17421615217968245,0.5784063127657553
0.3886207320088121,0.8968515434909632,1.6951999040702515,0.060471827794788297,-0.20679258275003798,0.40879495386594195,0.23934280086579807,0.364220790435257,0.4402636267038134,0.38609223036573714,0.3118213742973158,0.3096318700947134,0.24818501347541483,0.29860207197416616,0.3527962987757271,0.22109501724375968,0.3361933430793494,0.4050972807061208,0.17582910730919526,0.18227827382050202,0.29046164747229447,0.34265267381747316,0.19946026919227194,0.21190517607786305,0.1192823492027658,0.25682595866547625,0.08219472559696626,0.31578717440054066,0.3838178712971662,-0.3382980094806756,0.2741185108742944,0.23760110221165126,0.33214470909649313,0.2219264897033592,-0.14023595383496557,0.4317535730241328,0.37383995450952295,0.2899962954730779,0.14685723222063948,-0.20766237462007736,0.3372320215022919,0.2090919771345656,-0.04440019103477583,0.1756731066826997,-0.06890434461844738,0.45664222595122467,0.058863276247319914,-0.05373658470382557,-0.21405069946005387,0.1669650000627692,0.09245263652496404,0.11435664654360779,-0.13727301921371723,-0.2936458746625154,0.05138051943827087,-0.05842250044420845,-0.31675703884255585,-0.27070975668094244,0.4585752625373096
0.33106747210221643,0.10321600820708264,0.060471827794788297,1.2142901193712534,0.5959143699437924,0.3029358397473657,0.394674559368287,0.224088640488621,0.20962233544272846,0.14108474496039672,0.1891679816809366,0.22638403655058614,0.1715867948797017,0.2578710166736216,0.15286506233261724,0.2582693120574046,0.2071958781473696,0.17163087130899982,0.3130692907837846,0.16380813606005723,0.24439630154163153,0.2391575046735829,0.1619711559120828,0.257177857755212,0.2629086646342444,0.24149306457267375,0.1596586583975892,0.14482716859527628,0.20602516138487684,0.1729810752933576,0.21537757522231832,0.2451047012543206,0.23228427403259708,0.2673112721352856,0.1203758662396587,0.1501436864843371,0.29588253671417175,0.21203577100531332,0.23845477854818292,0.033402313351662785,0.21845249899634936,0.14339647452472842,0.20758042140411823,0.19318678473674844,0.010701199500887331,0.04417535508227705,0.18409391248229764,0.028822961292772672,0.20041821221810974,0.13893300044280016,-0.18634110744306773,0.036577725253154704,0.013106462673446489,-0.07880173954190468,0.03480129494054088,0.024810560786729816,-0.3081102588031064,-0.012538483638408494,0.26411978166015154
0.8729758863454327,0.08914141896931212,-0.20679258275003798,0.5959143699437924,1.674771699989268,0.23360269611483495,0.4394655537192051,0.20952246640364666,0.3223088187674113,0.21434564742226722,0.17281428153299583,0.24475479597624863,0.23879616350472843,0.28735984325203595,0.2531627741814519,0.3100896163003579,0.18636423879502476,0.21416811181878148,0.640719101316477,0.142352421802512,0.32087087306695095,0.32475062355997386,0.22767079274187194,0.2855718668100461,0.4106605863113704,0.2917086949596004,0.18957540459403996,0.21522666317893846,0.219504920382364,0.3846293293702629,0.2878310828226336,0.31942712010848634,0.36462460320472884,0.3700774847383219,0.2576349444802904,0.16050903225504953,0.4869983226182103,0.29997447221397916,0.3494391197898148,0.08007535097982413,0.3303774089596329,0.21875610390689945,0.31377123460347706,0.2717809580751023,0.029982226475568335,0.011667157154568836,0.31749958944332757,0.06360132478381077,0.25890966004277977,0.315273389272865,-0.39784906020265964,0.034923952372567686,0.06601215216718509,-0.04226835489627209,0.06376384395989529,0.030012567378549314,-0.5182500697426372,-0.1224239817661424,0.5141785423522094
0.18217262024252293,0.38172942070097976,0.40879495386594195,0.3029358397473657,0.23360269611483495,1.0957497847770468,-0.019694008637049048,0.30175025826178264,0.3252721423798234,0.22595418592486607,0.32106976322020303,0.3601675071965466,0.227496456428548,0.4317785489629492,0.29273070631605363,0.3484679354020075,0.42395644382471476,0.22958885491872935,0.5141510641114373,0.28672522989777965,0.3743963353869066,0.33564562328825714,0.08878237420939075,0.31816987020370585,0.3871328527503414,0.35584517227310486,0.21163567956492121,0.2716132448897437,0.36665443340848775,0.17353471035759718,0.33627953435248387,0.35923582497098827,0.32418858255151706,0.24835590440033534,0.08614635728595926,0.2758699145161279,0.47916429342390643,0.3955634327946624,0.2685282235394017,0.0399457568917873,0.34216427867329735,0.2369447232493266,0.2956069669723595,0.2630253229276383,0.1319315917951031,0.1543376938242404,0.2166650281005259,0.01557089006272964,-0.013067456662752969,0.37252571940744494,-0.25167306975812576,0.016148763174605604,-0.11803580395856642,-0.09520794687445067,-0.23060096097920801,0.021686502529265024,-0.34965890327829524,0.27340351244056815,0.23121277803164045
0.9386171354261876,0.22987980355583082,0.23934280086579807,0.394674559368287,0.4394655537192051,-0.019694008637049048,1.1430046447281537,0.26099352607560217,0.2971701937999526,0.1865035139806209,0.28291226482146115,0.2887684420376653,0.20770346013419436,0.17119906564267065,0.061223962472143546,0.2927910018612048,0.20416443650034943,0.32786536560606355,0.16996959714662524,0.2268991601495467,0.2656964762013006,0.3333882747044124,0.30797006863291576,0.23094092514630432,0.31039769210447943,0.25745038818717814,0.2361931461896681,0.1373931850304983,0.22754671255929668,0.13169992371003988,0.24893780648840516,0.29541002249206066,0.26548414964646977,0.24614649887799103,0.057291662998752664,0.19158614047631242,0.2596925182249022,0.2725249588559858,0.36369533047005126,0.017432439726461413,0.17372015100627228,0.0916234556826708,0.2273225849418713,0.2600382798183287,0.041119342186616316,0.1383492085992732,0.2437136726194017,0.009594077941064427,0.3893153502399015,-0.06254967061771007,-0.07848062466219316,0.10643358649574373,0.11366262116554393,-0.1834464231368413,0.06332504290570418,0.14424268534304227,-0.1643813606778924,0.07394274346047329,-0.31637046026124244
0.5061294246796149,0.3271789106010325,0.364220790435257,0.224088640488621,0.20952246640364666,0.30175025826178264,0.26099352607560217,0.8418775916514787,0.15331652838491328,0.21180431455565787,0.26937504148192654,0.19245391382515806,0.25079018336902265,0.3405468682550158,0.1642908518481895,0.2583511289014959,0.2849280577200025,0.3142747525660109,0.2136836716313537,0.22283018784200295,0.26393700885281907,0.2318296088465787,0.19473767014157725,0.14986901702967526,0.21848129291781562,0.3059762559557273,0.11679606799931797,-0.07411192065214045,0.23221856566052293,0.07896556966122906,0.20810207565699804,0.2132048306548579,0.20274519707071134,0.1757990228599172,0.10552314561158202,0.13364594778802022,0.3256328831359243,0.25644810891524983,0.3399029607195949,0.05357560209944083,0.21191266533902478,0.0901924358864022,0.17034330392557986,0.25335781726170564,0.06355881192785919,0.14539755189105458,0.20963230632091817,0.02031250271077956,0.13890110116866322,0.1832673400682288,-0.033194569371115284,-0.024621923258923557,0.01324628523328726,-0.10430227721093746,-0.05004542309071398,-0.09629820769144463,-0.14222912982701597,0.11872661807344599,0.18708604990008712
0.29693958156093875,0.33474459160623726,0.4402636267038134,0.20962233544272846,0.3223088187674113,0.3252721423798234,0.2971701937999526,0.15331652838491328,0.7996476898484101,0.24187890380810795,0.19648084138258265,0.23666953026489268,0.2160026016991464,0.2480450647871732,0.20539979647301124,0.22334538768860793,0.2777723361362433,0.2917488779505643,0.3057422228942387,0.16138859462339786,0.2560777679423243,0.4640539930173782,0.25229378379798495,0.2729047563877003,0.16878422614006564,0.25853621716865643,0.16555266380188025,0.3165074656930556,0.1909701252775529,0.05766924250397419,0.26033654615523105,0.2683830859533933,0.4024417360437717,0.18514322596256846,-0.02865338738081569,0.23302367924431172,0.3451348235203062,0.2920431910065204,0.2848053336170762,-0.0273612906931751,0.245096607742999,0.14225351317968413,0.14246624609716285,0.23119562898229606,-0.06756960729740566,0.18240581015924962,0.18536063260514202,-0.003929141357773569,0.4791261526936939,0.0908128240760635,-0.0810494128598257,0.0984133069090159,0.0031311798397803572,-0.19960120688232527,-0.059314581146219236,0.10156176206399335,-0.29781976666790405,0.04335691037654531,0.06875011760527429
0.44617545895081334,0.346904322747132,0.38609223036573714,0.14108474496039672,0.21434564742226722,0.22595418592486607,0.1865035139806209,0.21180431455565787,0.24187890380810795,0.6605227994848796,0.252532228339233,0.2572235735038888,0.20809754122212426,0.2404413204374588,0.273875838089126,0.2278424982882364,0.27456106880346987,0.3273081116597811,0.20399379124787662,0.20337038263232432,0.20687797581030617,0.24699777204854897,0.24440939628175964,0.2267414453682338,0.25859991845828784,0.17463781145536392,0.20329626689557584,0.2802365879393416,0.28683016337865785,0.2008209763212089,0.26214129624325466,0.25261319232695645,0.22484236723227474,0.32737586977274297,0.18177806355673135,0.24789832819751392,0.3870198135044228,0.24578205411380277,0.28602504880400603,0.02713315978279154,0.3105882515631321,0.17416593956624862,0.19711926723790868,0.21735351238422007,0.05112613655992139,0.19557709176372876,0.2974669164488164,0.01432354689600515,0.04063969280722946,0.08157200122904518,-0.061804324239743906,0.1139816334032317,-0.0036867291118568017,-0.14661664448218956,0.044668073480678715,0.01313255638481937,-0.24014495197259847,-0.07634052618201513,0.19825043793777308
0.3505110005828523,0.3027188157272257,0.3118213742973158,0.1891679816809366,0.17281428153299583,0.32106976322020303,0.28291226482146115,0.26937504148192654,0.19648084138258265,0.252532228339233,0.624411716659813,0.32553116425188566,0.20409227004501537,0.2562278270789212,0.23667929379851274,0.2764736599227481,0.3196693397921512,0.2544958557399918,0.1983332631658229,0.303367077065076,0.22516113465935986,0.2356060609043783,0.19142091116461146,0.2318833115996869,0.22925243551272398,0.22781943220090542,0.17726842396409356,0.15613309253002805,0.24694514104494533,0.1087331255348608,0.2320555047461894,0.2564783037175201,0.2394535865560857,0.21213931169286548,0.09600469986617557,0.1501921092260574,0.32709530903949424,0.24561981003322217,0.3255489394828251,0.05337316051490275,0.16024130900712186,0.1172791916122591,0.19619257856058955,0.20270093749405388,0.11510589294615052,0.14168018107203906,0.199090913585995,0.024119684130668513,0.16313155983549002,0.0707443543276261,-0.054409788689173226,0.03546128275833728,0.11018600049992835,-0.12976104733118432,-0.057207041015041336,0.023613021503331773,-0.18421587514499294,0.11260255116432467,0.00033939937469369875
0.4108832158992512,0.2941520917497253,0.3096318700947134,0.22638403655058614,0.24475479597624863,0.3601675071965466,0.2887684420376653,0.19245391382515806,0.23666953026489268,0.2572235735038888,0.32553116425188566,0.570441302593001,0.20458206284901534,0.2716272251538372,0.25922396777456186,0.3151938522034962,0.27032257629289136,0.22650890080514796,0.2857105793114183,0.23204591397514227,0.24230917796484944,0.26957223192997826,0.12665886580840766,0.20282592154067566,0.2741820333164478,0.2350987642588651,0.1967992809624874,0.051512343974259446,0.19078549243286783,0.14136347135573332,0.26330379500628115,0.28837078004073796,0.22744131318430874,0.20614418990870945,0.1289639738504451,0.2383361034461647,0.22178692134276135,0.2967129682465657,0.29107691164053384,0.06610263418667046,0.1478798844921645,0.13409535926233354,0.20569855180530827,0.24316818731061438,0.19350941126303375,0.15011138569321425,0.20463454471106474,-0.007843647944380982,-0.02968395784648807,-0.08497670685608659,0.018760185447623486,0.13696148651107132,-0.019714248431250123,-0.09659290897170492,-0.15969717180668128,0.08861996992553714,-0.19972790490066475,0.22057835202358886,-0.20786110979688363
0.33265443599960537,0.2516082886649043,0.24818501347541483,0.1715867948797017,0.23879616350472843,0.227496456428548,0.20770346013419436,0.25079018336902265,0.2160026016991464,0.20809754122212426,0.20409227004501537,0.20458206284901534,0.3864593268332369,0.2016290377179537,0.16699179591940122,0.22875597805478973,0.21041711061970886,0.21868689257301427,0.19221530143524398,0.1795016504643132,0.16795572948995946,0.24759206045657947,0.20308415714016706,0.21116158193587686,0.17918894530034574,0.15477755248066943,0.1024639678082669,0.11832509930940724,0.23824247671020804,0.12063761003848657,0.18217298698535395,0.1843339548376553,0.23803634190389097,0.19256986244451443,0.11660576357607849,0.1379681489249734,0.3020175383508034,0.18970059109131862,0.2510415929958024,0.019588722415659954,0.18136602324342183,0.11102799229017622,0.13930197183372128,0.20207821447118102,0.005461775701679502,0.13221287903703335,0.1814175389275076,0.009561406143332049,0.16302725801613596,0.16182109727221158,-0.08031305145420699,0.014414527933269066,-0.002946811247609531,-0.09010465127779618,0.0044365028521444845,-0.02145093082728395,-0.2024937824839642,-0.028896973149330426,0.19630077100904925
0.4888395643020467,0.3309553402819807,0.29860207197416616,0.2578710166736216,0.28735984325203595,0.4317785489629492,0.17119906564267065,0.3405468682550158,0.2480450647871732,0.2404413204374588,0.2562278270789212,0.2716272251538372,0.2016290377179537,0.5551734657067081,0.4060793785705811,0.3560449082140628,0.3196224447444466,0.278583703119424,0.2895660206049663,0.2389044539440027,0.2938520020951348,0.28795471495225095,0.23142344388617303,0.2772494946392255,0.29748004129139644,0.25518984739600586,0.12157200785135952,0.2767107866805032,0.3140841996792441,0.18402137154673281,0.27070859164745115,0.20558561569652495,0.3093344356547357,0.1975106443874867,0.12197589677136926,0.19260031124884675,0.4759718172856278,0.3058757923271823,0.2558470285297371,0.04931112114979469,0.3346673043064143,0.17971761768766006,0.24363730601666117,0.2095470179859765,0.0550255967852287,0.14865267451751743,0.24882796628226184,0.034521515969756,0.1922150071205694,0.29288304356252665,-0.1378611520404711,0.06171910071287751,-0.09604807938217762,-0.11698861351460392,-0.11924571452211688,0.028179946177381284,-0.36760108231380345,0.1739388948912716,0.2563651631339383
0.41655374861913724,0.42331161722160665,0.3527962987757271,0.15286506233261724,0.2531627741814519,0.29273070631605363,0.061223962472143546,0.1642908518481895,0.20539979647301124,0.273875838089126,0.23667929379851274,0.25922396777456186,0.16699179591940122,0.4060793785705811,0.9046052504821388,0.2976409668008782,0.28375889756389583,0.3508272382457385,0.2248128393355324,0.21420071229822898,0.2997253475917661,0.2204908487359119,0.34391434673121163,0.35009463944310815,0.16618662933746045,0.20980265016234997,0.06867797017041767,0.49598059055663396,0.3411062076435012,0.18049475192255804,0.272552443885834,0.16214652757142464,0.41478379875696597,0.2183710045542991,0.08300360731147327,0.2039348575953267,0.5687732576662363,0.2704050850446124,0.18300257145788418,0.009498049689729993,0.3663131994560765,0.22727745028495155,0.25765020613403145,0.09479817011930412,-0.014785102871678337,0.20670051165219575,0.28507606316777767,0.05841546234898497,0.10135151434310838,0.4429086120775033,-0.21546085010147686,0.20099341900541207,-0.2150658457995539,-0.21767762924295833,-0.040828258694138635,0.05896127386974457,-0.5391373543210615,0.10807507190757129,0.37649189388687004
0.4638712119326442,0.259124778312587,0.22109501724375968,0.2582693120574046,0.3100896163003579,0.3484679354020075,0.2927910018612048,0.2583511289014959,0.22334538768860793,0.2278424982882364,0.2764736599227481,0.3151938522034962,0.22875597805478973,0.3560449082140628,0.2976409668008782,0.6930756687555706,0.3067802847509419,0.2428920931600806,0.25855461708565314,0.24896531815245718,0.26712914025244217,0.4157879800913268,0.20037938832011729,0.2921028845493213,0.2071040531937848,0.24924323144193378,0.18799721545223463,0.27597269078492664,0.2935131836573524,0.19423766239614654,0.2589176964598779,0.19163802610391337,0.28376989911172096,0.21879550119692365,0.19083216281201268,0.17927571568088496,0.3951397917689293,0.31542170296175853,0.2855715214684238,0.09204986514076355,0.2571143362225273,0.17387241425942007,0.31036967219888956,0.21963010113048467,0.09655326630913674,0.1097987821154361,0.23585488766370924,0.005649755367783767,0.38801124244990265,0.18024226079120811,-0.1819495365825397,0.09951252587407988,-0.027770501171762142,-0.08600922710596075,-0.08470487132459407,0.07859748718568775,-0.3361756204958326,0.18523986954889202,0.07110583956989724
0.2449348820863029,0.3485703346241137,0.3361933430793494,0.2071958781473696,0.18636423879502476,0.42395644382471476,0.20416443650034943,0.2849280577200025,0.2777723361362433,0.27456106880346987,0.3196693397921512,0.27032257629289136,0.21041711061970886,0.3196224447444466,0.28375889756389583,0.3067802847509419,0.7558318463019862,0.2817138510454502,0.2588032362696298,0.3181119636248058,0.26653533076330865,0.30734020183147925,0.2258866603431103,0.268056655402877,0.307347750857972,0.24576876881296214,0.19000591909451808,0.41460626081576224,0.32608380534723075,0.14022079320083963,0.27310272418747694,0.19808479392462736,0.39377133664292,0.2443930365625431,0.08051248437123391,0.16228373684416628,0.5453451687113098,0.2974997417162001,0.2885794398575223,0.047412968177211454,0.26899579816706387,0.17844041393650115,0.3073064607716615,0.20857719914758502,0.12397425217009869,0.15218842554825193,0.2386822144672437,0.039883159105543825,0.22548300146097258,0.2346422290778369,-0.0671737838001365,-0.04403587910745561,0.00414348427649379,-0.16663545205630972,-0.07710333494727208,0.019226523989705736,-0.2608234027848444,0.1688052853424048,0.18566678112630333
0.5670624012762113,0.4711564616628316,0.4050972807061208,0.17163087130899982,0.21416811181878148,0.22958885491872935,0.32786536560606355,0.3142747525660109,0.2917488779505643,0.3273081116597811,0.2544958557399918,0.22650890080514796,0.21868689257301427,0.278583703119424,0.3508272382457385,0.2428920931600806,0.2817138510454502,0.7924691703761558,0.17660678713940078,0.14498544134769023,0.290099332887638,0.2800253645799325,0.5541880581244886,0.2817230808110198,0.24783850986727252,0.23717297819077368,-0.05847464374919353,0.2519832916230488,0.31470763223760984,0.10244980824066703,0.31004407256739536,0.16576119778015777,0.3609106348670167,0.25654526134611266,0.006076202212074182,0.2017615412901443,0.5642733080850857,0.27707864004139054,0.2956973965157148,0.041660510145927934,0.3465820689425357,0.21447237210387887,0.21263289939267618,0.14798250335240667,0.019660464869022558,0.33846385291086994,0.46184312369511843,0.027008434490347996,0.08382743699168713,0.2510588829261035,0.1227713656161876,-0.03086075251148818,-0.1348024235733873,-0.3047996043742623,-0.1318702700243922,0.05865470664229397,-0.19368062041589437,0.32488011331021127,-0.18172009781807164
0.3930038714156647,0.21583349600854124,0.17582910730919526,0.3130692907837846,0.640719101316477,0.5141510641114373,0.16996959714662524,0.2136836716313537,0.3057422228942387,0.20399379124787662,0.1983332631658229,0.2857105793114183,0.19221530143524398,0.2895660206049663,0.2248128393355324,0.25855461708565314,0.2588032362696298,0.17660678713940078,1.0298445034825578,0.10929579275078528,0.34001701675092766,0.292997281133857,-0.023935397735952213,0.19735860158358123,0.4052292033980736,0.16145910214987833,0.1447337432146969,0.18648547491281728,0.08166403248602204,0.28690009783623327,0.31393372093727434,0.33713568497522,0.38358045779631356,0.21392021712576514,0.0906492878526525,0.2215365051658628,0.34503084448085425,0.42707043099809083,0.36952060779118634,0.06441270223426135,0.32897895513301584,0.18735395098000482,0.2812821776439587,0.30625083196517483,0.2178656321711406,0.1326608196941065,0.24667484322383318,0.04445222992383418,-0.1677016733778173,0.11674805358457135,-0.0072369680022023085,0.26465377450694366,-0.18560657030426994,-0.1318105675253423,-0.1645275308079809,0.047203391288775785,-0.28943779316573415,0.20176515599264605,0.06365092810834164
0.2844129949395055,0.34470682396326763,0.18227827382050202,0.16380813606005723,0.142352421802512,0.28672522989777965,0.2268991601495467,0.22283018784200295,0.16138859462339786,0.20337038263232432,0.303367077065076,0.23204591397514227,0.1795016504643132,0.2389044539440027,0.21420071229822898,0.24896531815245718,0.3181119636248058,0.14498544134769023,0.10929579275078528,1.071065727739821,0.09259386641717186,0.1649628692872046,0.20858105086174872,0.4169056218270494,0.29366332694533187,0.16695356528823485,0.29118593492642747,0.3113140580180144,0.44957389533799336,0.3174447859410964,0.23229210957175955,0.41092002037420416,0.21181630546980293,0.3198201645464309,0.1736517302693612,0.0017131040549925934,0.6446189156726571,0.2696194323502512,0.48226181744566726,0.1095057730536957,0.03125325959708542,0.1037828207040832,0.3586656503315901,0.2331348185695518,0.3344484055022572,0.030541312853018785,0.2563981496902964,0.09429376670280275,0.436072100596215,-0.02295022521065347,-0.10849719798535847,0.14692709170202878,0.11439737128817631,-0.10132942705794515,0.015875023603895564,0.030932567124877727,-0.15351573834318827,0.0289356946271815,0.12882232456877843
0.44289207390679286,0.2995960469974594,0.29046164747229447,0.24439630154163153,0.32087087306695095,0.3743963353869066,0.2656964762013006,0.26393700885281907,0.2560777679423243,0.20687797581030617,0.22516113465935986,0.24230917796484944,0.16795572948995946,0.2938520020951348,0.2997253475917661,0.26712914025244217,0.26653533076330865,0.290099332887638,0.34001701675092766,0.09259386641717186,0.806241362437779,0.29099067954480934,0.25051758324871787,0.30222748798671817,0.26050735275480275,0.3777028573650426,0.16509372563129537,0.27397012768469176,0.2193449037541582,0.2497352931023762,0.3471340137231797,0.20183524339580355,0.382074972759497,0.18719468204786122,0.20741961545570287,0.36881603484337977,0.36079575471483105,0.44498879057110485,0.24899507334981244,0.10143550210359424,0.5427442828030392,0.3317096652654441,0.31722422650130017,0.24397372055278732,0.12490495535472614,0.19622244957389817,0.294917856055287,0.05238854856220258,-0.026652288045993375,0.40436140132527715,-0.24355504182511153,0.11313787805915229,-0.1266440983628016,-0.14861604675776868,-0.09558789562377912,0.016363786862560507,-0.3677202741446257,0.1386432766245923,0.19016098654167204
0.4522113690419462,0.28747466467531546,0.34265267381747316,0.2391575046735829,0.32475062355997386,0.33564562328825714,0.3333882747044124,0.2318296088465787,0.4640539930173782,0.24699777204854897,0.2356060609043783,0.26957223192997826,0.24759206045657947,0.28795471495225095,0.2204908487359119,0.4157879800913268,0.30734020183147925,0.2800253645799325,0.292997281133857,0.1649628692872046,0.29099067954480934,0.7107852166642107,0.2883386341906883,0.3238430407308341,0.20228640977126514,0.2560732307640606,0.20920546159271472,0.29029682789900163,0.2666555276787363,0.1626230742192149,0.2907033017975582,0.2653405185130126,0.3987055630575647,0.2098858987205991,0.06304379842416553,0.29355294366246537,0.37698532142408625,0.3789880982033319,0.3138852957891693,0.026278520732957028,0.31406882487402493,0.1940286535411358,0.21712669714158483,0.2849865219208684,-0.04515655160322201,0.19954585470316763,0.23405479214332975,-0.05366932986745918,0.6632983455715425,0.21544282859002592,-0.172230495570484,0.054243517993613,-0.006783151140698599,-0.14595167075662446,-0.1006485268481923,0.08278364799390169,-0.2699259990922048,0.12111322861885022,0.00931220461122379
0.47736437549559707,0.2132715009458838,0.19946026919227194,0.1619711559120828,0.22767079274187194,0.08878237420939075,0.30797006863291576,0.19473767014157725,0.25229378379798495,0.24440939628175964,0.19142091116461146,0.12665886580840766,0.20308415714016706,0.23142344388617303,0.34391434673121163,0.20037938832011729,0.2258866603431103,0.5541880581244886,-0.023935397735952213,0.20858105086174872,0.25051758324871787,0.2883386341906883,1.6811900117021357,0.9131231986807095,0.2752173025259569,-0.051530057426010016,0.14062380097830615,0.4822651150952199,0.5361926539919671,0.36434778111835625,0.19933908942824133,0.05499144666621233,0.7786910689460343,0.35277144266036803,-0.012013397709222762,0.10973337561027056,0.7668775317204398,0.11416322771396897,0.502009436192156,-0.01583811300157206,0.33487311179334883,0.18449775818571143,0.22753534387747315,0.2218926676429133,-0.3929318084874424,0.19890455233793639,0.48172245737772507,0.14088138338988945,0.7592807311859021,0.39907116381234353,-0.37295075909172554,0.11900125894791871,0.07485918349957196,-0.30855303269090045,0.23608026099407928,0.02388806471292586,-0.3578020188451331,-0.2726279081014273,0.5890952523657615
0.1457631569400732,0.19010629672506968,0.21190517607786305,0.257177857755212,0.2855718668100461,0.31816987020370585,0.23094092514630432,0.14986901702967526,0.2729047563877003,0.2267414453682338,0.2318833115996869,0.20282592154067566,0.21116158193587686,0.2772494946392255,0.35009463944310815,0.2921028845493213,0.268056655402877,0.2817230808110198,0.19735860158358123,0.4169056218270494,0.30222748798671817,0.3238430407308341,0.9131231986807095,1.5617873978711474,0.4535052603472752,0.14872755336610335,0.36544914905949705,0.6793984720907954,0.4938733219344695,0.5243969711947755,0.5095212779882388,0.31492722633692044,0.6305162627460902,0.40800731761192166,0.18467631503915674,0.49253725851251723,0.6682235135876751,0.314200607267478,0.35237126288666054,0.00486044512213534,0.5044823317356026,0.3144891011309916,0.20842720804716403,0.24370825638123444,-0.23323849848630776,0.17202302394769747,0.4221436701662753,0.07418168228137849,0.3934062941795514,0.3568484560104924,-0.49995582606887695,0.22246964834881694,0.1083183875439845,-0.20477062998479487,0.11736144849315011,0.0765950650753103,-0.30965108482583575,-0.4025860108585227,0.6691909228091344
0.6622264950942565,0.18324962704414738,0.1192823492027658,0.2629086646342444,0.4106605863113704,0.3871328527503414,0.31039769210447943,0.21848129291781562,0.16878422614006564,0.25859991845828784,0.22925243551272398,0.2741820333164478,0.17918894530034574,0.29748004129139644,0.16618662933746045,0.2071040531937848,0.307347750857972,0.24783850986727252,0.4052292033980736,0.29366332694533187,0.26050735275480275,0.20228640977126514,0.2752173025259569,0.4535052603472752,1.9205821139357164,0.23116253353708574,0.45575270723684574,0.37289977839826133,0.5338788408012837,0.6842346974632737,0.4277299276166782,0.4170088463023846,0.09911756729842856,0.5065599370761409,0.5954687209205299,0.2571603639091965,0.3187810188938077,0.5335484334498584,0.3917181563996118,0.11758399499255805,0.21724445831139294,0.27785905322160825,0.6955925663241638,0.5305469710364104,0.5538164301272586,0.12407346371473556,0.4991616768397655,-0.023145928701649627,-0.7245601667125966,-0.0013231685386888876,-0.1720477589037305,0.1561193747801693,0.03453333120977168,-0.014354969933100117,-0.11583765843492207,0.199437430600138,-0.07282600607486615,0.28143325205649034,-0.35894822658657366
0.24682528702208445,0.2561305838299545,0.25682595866547625,0.24149306457267375,0.2917086949596004,0.35584517227310486,0.25745038818717814,0.3059762559557273,0.25853621716865643,0.17463781145536392,0.22781943220090542,0.2350987642588651,0.15477755248066943,0.25518984739600586,0.20980265016234997,0.24924323144193378,0.24576876881296214,0.23717297819077368,0.16145910214987833,0.16695356528823485,0.3777028573650426,0.2560732307640606,-0.051530057426010016,0.14872755336610335,0.23116253353708574,1.7572014372029148,0.47230191990366277,0.49265721585754907,-0.048119574675042374,-0.11237001815110575,0.2558444218331054,0.49033698960277183,0.06386330635268528,0.34607932685883774,0.37372320811375126,0.28746676851812764,-0.14744529409948937,0.29122623624036903,-0.4004417935220536,0.05151554787240295,0.32906939729104073,0.2661799671563961,0.502545674311395,0.0770342881667456,-0.06026311121733385,0.0596783037255576,0.07110218347842043,0.032507739730983275,0.24405011109261202,0.6444960677110079,-0.5850119449173085,-0.02914340396254172,-0.13165849830346998,-0.030250142925066198,-0.18218010978132265,0.036306704588387154,-0.24203305130271932,0.33019348445973956,-0.08437841992338617
0.19421856847318633,0.11148856167054383,0.08219472559696626,0.1596586583975892,0.18957540459403996,0.21163567956492121,0.2361931461896681,0.11679606799931797,0.16555266380188025,0.20329626689557584,0.17726842396409356,0.1967992809624874,0.1024639678082669,0.12157200785135952,0.06867797017041767,0.18799721545223463,0.19000591909451808,-0.05847464374919353,0.1447337432146969,0.29118593492642747,0.16509372563129537,0.20920546159271472,0.14062380097830615,0.36544914905949705,0.45575270723684574,0.47230191990366277,1.5588187144624834,0.6415119104486294,0.0754112511835318,0.6650888607455692,0.3371899781705906,0.32618717354002086,0.06463792674049909,0.2805434662046921,0.6584428741091825,0.3243191830132122,0.18960677021592853,0.4110681452852967,0.10905085990571299,0.11735928480158649,0.10899347387986057,0.3368537861839016,1.1336420219641392,0.5244842316789956,0.7092692751683636,-0.15000314497981496,0.31831948894480183,0.05909489524396849,-0.014906701461081492,-0.03076505616096827,-0.45460542858905917,0.25658628299375996,0.1140997526687628,0.11259974607986774,-0.10649418737041984,0.2225776806676877,0.10088712566338517,0.5975883870076254,-0.7917804808828923
0.15587382901765853,0.38793380338685773,0.31578717440054066,0.14482716859527628,0.21522666317893846,0.2716132448897437,0.1373931850304983,-0.07411192065214045,0.3165074656930556,0.2802365879393416,0.15613309253002805,0.051512343974259446,0.11832509930940724,0.2767107866805032,0.49598059055663396,0.27597269078492664,0.41460626081576224,0.2519832916230488,0.18648547491281728,0.3113140580180144,0.27397012768469176,0.29029682789900163,0.4822651150952199,0.6793984720907954,0.37289977839826133,0.49265721585754907,0.6415119104486294,4.633044668920253,0.4803181366959194,0.19769428151682564,0.3981729012879075,0.535576853386761,0.8621520331534669,0.3785652544160166,0.053850411572157225,0.19733742554315156,0.7189237732758709,0.24484362397236245,0.015932939286876956,-0.059333737526877046,0.4631659373035552,0.4260540492191399,0.7214002098872236,0.10283739057124647,0.03727058288252853,-0.19843565790862874,0.2692717675673735,0.19216001095850338,0.7826929232149086,0.47086344276006026,-0.8755666092595448,0.6702404203068935,-0.18073381960767243,-0.17490666745191052,-0.020946328076125148,0.18887153266336054,-0.37249211754641764,0.2429083694076609,0.23063440815379851
0.4343056686149581,0.46512111043561155,0.3838178712971662,0.20602516138487684,0.219504920382364,0.36665443340848775,0.22754671255929668,0.23221856566052293,0.1909701252775529,0.28683016337865785,0.24694514104494533,0.19078549243286783,0.23824247671020804,0.3140841996792441,0.3411062076435012,0.2935131836573524,0.32608380534723075,0.31470763223760984,0.08166403248602204,0.44957389533799336,0.2193449037541582,0.2666555276787363,0.5361926539919671,0.4938733219344695,0.5338788408012837,-0.048119574675042374,0.0754112511835318,0.4803181366959194,2.2193612190798633,-0.048550229531237006,0.13024243874168467,0.3916334104586581,0.13019108601957524,0.5600152763958841,0.002621126389768768,0.43219459583992226,0.06596688136790312,-0.16486481812569237,0.4344071062178155,0.10759412560794043,0.24139331895015037,0.0006939559102313339,-0.017146893860492,-0.18983939231919733,-0.3303906919953582,0.20464141568678268,0.1720675373668023,-0.07703983196778498,0.8201616623240543,0.8677541367680763,-0.6393031718295583,0.016283216833437548,-0.2573956656683879,-0.03911101081358711,0.1614132585172508,-0.0028152132001827875,-0.4557497902854304,-0.1550917714032524,0.6081927872914024
0.3882304535148413,-0.0330949444979766,-0.3382980094806756,0.1729810752933576,0.3846293293702629,0.17353471035759718,0.13169992371003988,0.07896556966122906,0.05766924250397419,0.2008209763212089,0.1087331255348608,0.14136347135573332,0.12063761003848657,0.18402137154673281,0.18049475192255804,0.19423766239614654,0.14022079320083963,0.10244980824066703,0.28690009783623327,0.3174447859410964,0.2497352931023762,0.1626230742192149,0.36434778111835625,0.5243969711947755,0.6842346974632737,-0.11237001815110575,0.6650888607455692,0.19769428151682564,-0.048550229531237006,2.7532897482019774,0.45136112086641206,0.5091797566452275,0.20630629759960994,0.17644860539661386,1.0642621122863736,0.2625403643421019,0.8570939372171642,0.7820403060434441,0.5349158193163349,0.14867640777445415,0.3692910922799739,0.4275038585244148,1.3570710881587922,0.9056844076261974,1.168132053461283,0.12225632788963933,1.3935925733332541,0.007358610808057708,-1.379115424131165,-0.08521904678031413,-0.27831490956087357,-0.04392414807201757,0.20216371432517136,0.08456367852861749,-0.11512679450589113,0.10195034820348631,-0.08642485072951295,0.7013746379884304,-0.6728602734749364
0.362468496882723,0.26479729397989776,0.2741185108742944,0.21537757522231832,0.2878310828226336,0.33627953435248387,0.24893780648840516,0.20810207565699804,0.26033654615523105,0.26214129624325466,0.2320555047461894,0.26330379500628115,0.18217298698535395,0.27070859164745115,0.272552443885834,0.2589176964598779,0.27310272418747694,0.31004407256739536,0.31393372093727434,0.23229210957175955,0.3471340137231797,0.2907033017975582,0.19933908942824133,0.5095212779882388,0.4277299276166782,0.2558444218331054,0.3371899781705906,0.3981729012879075,0.13024243874168467,0.45136112086641206,0.7853942158758178,0.32264769158039286,0.25460876872547666,0.23217464404483146,0.31092482911991504,0.6480117025855885,0.5331348742604564,0.5549963729142275,0.30055600064282845,0.08434870664248281,0.5596773550400428,0.36507341074923344,0.2701080160472495,0.34956473612316075,0.22727446021336076,0.25900018848616907,0.4042584443952529,-0.007345427547865405,-0.46562592352964394,0.2538848217662338,-0.16576395558850252,0.1252925959359517,-0.038543147829040704,-0.16176335953757262,-0.18273977369954897,0.13189162978366703,-0.10441132930310325,0.12421927708138918,-0.11229444175051137
0.3247173304561486,0.30563352086250434,0.23760110221165126,0.2451047012543206,0.31942712010848634,0.35923582497098827,0.29541002249206066,0.2132048306548579,0.2683830859533933,0.25261319232695645,0.2564783037175201,0.28837078004073796,0.1843339548376553,0.20558561569652495,0.16214652757142464,0.19163802610391337,0.19808479392462736,0.16576119778015777,0.33713568497522,0.41092002037420416,0.20183524339580355,0.2653405185130126,0.05499144666621233,0.31492722633692044,0.4170088463023846,0.49033698960277183,0.32618717354002086,0.535576853386761,0.3916334104586581,0.5091797566452275,0.32264769158039286,3.2027472037308504,0.17828417768658783,0.6575789065429533,-0.24212312666519983,0.3951802122100259,-0.10019782021309949,0.47383044058004203,0.3592486706936717,-0.09745293797111916,0.16236899149891976,-0.0070871493445839465,0.18008282593929595,0.4773500923727583,0.27818026652217903,0.05001444121367263,0.3876339848415455,-0.06379177934754186,-0.4934290039956588,-0.2676645685657136,7.551569017936398e-5,-0.032517307716107856,0.22999757113834418,-0.08392184537493556,-0.49402279854374664,0.09201884476953039,-0.10699174107694513,0.301730456307288,-0.38655971956497065
0.430173796663114,0.38281646916772877,0.33214470909649313,0.23228427403259708,0.36462460320472884,0.32418858255151706,0.26548414964646977,0.20274519707071134,0.4024417360437717,0.22484236723227474,0.2394535865560857,0.22744131318430874,0.23803634190389097,0.3093344356547357,0.41478379875696597,0.28376989911172096,0.39377133664292,0.3609106348670167,0.38358045779631356,0.21181630546980293,0.382074972759497,0.3987055630575647,0.7786910689460343,0.6305162627460902,0.09911756729842856,0.06386330635268528,0.06463792674049909,0.8621520331534669,0.13019108601957524,0.20630629759960994,0.25460876872547666,0.17828417768658783,2.576116106404292,0.004411814838246864,-0.7435381159216581,-0.06843996265217307,1.1247659816171278,0.43871400284213574,0.19594503346117978,-0.28428126263425085,0.2015017090850839,0.10255026586088066,0.4078719618677076,0.03126817473133628,-0.5304360415219542,0.18431832906944437,0.31899672445814914,0.2430618234838222,0.6195193919229639,0.7493655894777018,-0.5830014052508907,0.395469921708808,-0.06327234391771444,-0.5857088159907747,0.15074854261644421,-0.0832568192330178,-0.593493176661487,-0.04082833264726663,0.7552090947177104
0.08539519413288546,0.2672084918132569,0.2219264897033592,0.2673112721352856,0.3700774847383219,0.24835590440033534,0.24614649887799103,0.1757990228599172,0.18514322596256846,0.32737586977274297,0.21213931169286548,0.20614418990870945,0.19256986244451443,0.1975106443874867,0.2183710045542991,0.21879550119692365,0.2443930365625431,0.25654526134611266,0.21392021712576514,0.3198201645464309,0.18719468204786122,0.2098858987205991,0.35277144266036803,0.40800731761192166,0.5065599370761409,0.34607932685883774,0.2805434662046921,0.3785652544160166,0.5600152763958841,0.17644860539661386,0.23217464404483146,0.6575789065429533,0.004411814838246864,1.6222046798334147,0.4361925425401597,0.07597146018937015,0.41432071439168117,0.2550847048906985,0.2029015365420089,-0.02756313221257962,0.1680733837087819,0.2875903791443841,0.5080636769248803,0.3889662254142313,0.14236754244794642,0.014570513138279523,0.2717574978786156,0.08290980531680937,0.24404607440722442,-0.10378802023233058,-0.06902096959480257,-0.0876001032507788,0.15087947043735142,-0.08340663711251854,0.012285758947647218,0.05490951662870112,-0.37020322624367136,-0.044372684266338634,0.3879838282906983
