2.4075616656440544,0.23637217092108032,0.537664945109679,0.011909355121106859,-0.02141343364351187,0.07121682684087575,0.05721538920946541,0.06262054928137704,0.05769313117473827,0.1035478102126728,0.0786957539566161,0.11485949205650116,0.018617300438098734,0.06238538710171629,0.22669210892909977,0.0033027848797425965,0.012806357095971391,0.20967902669687874,0.014856765179597385,0.0820594809039097,0.07699143121972556,0.0604883601421717,0.14533056075469117,-0.5413888028710584,0.05247352460193906,0.25331457962790344,0.07448209052457483,-0.019599740238521287,0.02024258021087282,0.12226999512175517,0.15855516966342184,0.045374838101688623,-0.0008915062451573709,-0.15051412299291067,0.07191462352234644,0.006535514344831539,-0.06250605980372093,0.20631212959930925,-0.03029409949765727,0.061141227779371046,0.07562993264392945,0.05523300351892757,0.16102032851450646,0.06830630441803395,0.22149007552425204,0.15726124778949419,0.06119125925386051,-0.03250747629323988,-0.16900607052891986,-0.07456804123749297,-0.047681404598501724,0.23360469569013873,0.056805793775481714,0.016256385829586224,-0.16616852429727658,0.019489562360885428,0.23552549548297977,0.49806295918122967,-0.6991239840647343
0.23637217092108032,2.321382569172618,0.8101370844531478,-0.15611922874552045,-0.019625335330701293,0.20818485378495769,0.05364373675456288,0.21107985976185245,0.130235706825987,0.35232727575170336,0.14679597810480083,0.15803745840353464,0.081669834726715,0.19081032762699893,0.2829610294459117,0.13699731705101348,0.2220855760895576,0.46088260168856726,0.0469414570866076,0.3386727451963852,0.23579430101446586,0.1426114162499876,0.0459563847146856,0.17246859495037783,0.1679838778825209,0.24084388790632175,0.16358632855435232,0.19782669494439944,0.3494680635770708,0.12310824161513714,-0.014754715632922953,0.19729447582879006,0.16577788812171743,0.26218691814559475,0.1351280651354344,0.1588979322994313,0.2946506509431563,0.2566333160363691,0.12114174802123097,0.052154922747065666,0.18873183931031395,0.2224649804068661,0.2229533550181107,0.00047700348865214553,0.07979443204697031,0.17975763029660452,0.2589411985386048,-0.00900958011852294,0.2672564115275031,-0.0014561403018292119,0.08135073979870075,0.12716286575134533,-0.14144352684983122,-0.0395111740836997,0.03036104128096018,-0.09557603566076693,-0.4810499083782782,-0.03398189908117312,0.5288823903986284
0.537664945109679,0.8101370844531478,1.8356176186808493,-0.024909168180266127,-0.11943069865134408,0.26333171217569823,0.07673995286901546,0.3332478449083381,0.24266898176685442,0.47322540826007115,0.21311033116785402,0.2136378983370733,0.09970825787444411,0.16856030000586683,0.2818761163438219,0.08811427170007374,0.2661415004299987,0.366283594267141,0.07051791083323525,0.22014579881840357,0.23794129323633212,0.20482295354918828,0.06796221287527618,0.2586512951306736,0.3365029761795024,0.26833537487920833,0.13487233443461819,0.17151515313682786,0.3740226593317607,-0.043134135506049505,0.03423826112757087,0.16898632542983663,0.1395794721425756,0.3179569341083763,0.1806466390108835,0.2585967163269904,0.36160385978839876,0.30166040844676123,0.19399079237598688,-0.05332130082918837,0.1553716411142496,0.23688475941076834,0.13424557389447783,0.024793501403569257,0.225705601200446,0.4131733985694891,0.34611038813121264,-0.12707607313787225,-0.05959708075474694,0.02533510901011643,-0.019741018024632174,0.19945425453952897,0.04868043173315734,-0.11181751823051528,0.13192155086601987,0.016515011389459263,-0.1617459437476943,-0.2602975625312662,0.2065068301178894
0.011909355121106859,-0.15611922874552045,-0.024909168180266127,1.6346341390217332,0.21728546624287098,0.2235007044724909,-0.006015635924890736,0.20959547333495251,-0.0966420132531935,-0.02668154975516675,0.12922231649599658,0.2010461350926033,0.0875592875068628,0.11744673258384586,0.12953293852891917,0.21698786340265838,0.07496179242268664,0.07522787849681507,0.1380762178628275,0.15938793184297187,0.09325353505758481,0.07846975723180297,0.10227955183454984,0.11865118780467344,0.11562223467073202,0.0893816359883745,0.1060769071140048,0.05135144789239621,0.16531281166267695,0.081984087865473,0.03688858556759891,0.14770911182151295,0.029479075869565666,0.21683649248517178,-0.07930646538128236,0.07333003154501,0.048669001525442485,0.12423919220516538,0.18996745970634485,0.02765995202504583,0.09196498194297273,0.07233352325873957,0.08817859634679752,0.19512322068383214,-0.11355872089187052,-0.02951630242975349,0.09483247705560079,0.013095213192216668,0.18425588114602387,0.12770533735583292,-0.02735013377777651,-0.11478223283402891,-0.19510664573789116,0.043845955392689186,-0.10374424087139993,-0.05014339481525919,0.014587035227945447,0.03911776565631682,0.10565876134420288
-0.02141343364351187,-0.019625335330701293,-0.11943069865134408,0.21728546624287098,0.7296192810835612,0.23239971646550306,0.12116630438069002,0.1823080426318899,0.024036887139893985,0.0848456318353059,0.10023449009144558,0.17067521652162884,0.097446014050742,0.12495155006560241,0.13724583400715387,0.18555303282747476,0.08763813592590286,0.11341427287235285,0.24779104105757258,0.08441580499320535,0.07933228146310613,0.11382125971291478,0.05296371995434205,0.17761645036612878,0.09726253504314257,0.18291667561154434,0.09377070374271988,-0.009408708234509048,0.1687560258268893,0.04132146587766921,0.03489467401687978,0.1285202929065129,0.0719217255411672,0.14679217491937946,-0.018470448661120537,0.08465650213399661,0.049913034242983594,0.05793362191985614,0.09822019482624612,0.05297550625840356,0.09293827809555688,0.0749719646808322,0.0466060938139803,0.04286694982893234,-0.14883178319628992,-0.013254945861106641,0.10799601780138263,0.015493423568659723,0.3948119420104286,0.04037828525040522,0.2758986272407353,-0.4230092346248243,0.12356722599458322,0.035655059090446806,-0.05667084059449389,-0.033912519075384125,-0.13433993246465703,0.04080690073441547,0.1676456764895127
0.07121682684087575,0.20818485378495769,0.26333171217569823,0.2235007044724909,0.23239971646550306,0.6035944495859177,0.046437734490885674,0.2498542986181751,0.0887934326281996,0.1192567125587958,0.15212023842291209,0.18731256040755037,0.08477289129848471,0.15246565650321772,0.13682855371619357,0.19985733602403044,0.16653326196617851,0.16589227029805365,0.1744150352279467,0.2168486243988695,0.10850374882940339,0.16652533819001603,0.08330501136869838,0.12793969918510045,0.05349437183107208,0.17957319730989615,0.12818036764972845,0.10094097049578955,0.2654770313706738,-0.012539847402536424,0.08925242516133976,0.186420831212948,0.02927271416880903,0.27294613628808384,0.11259322394356838,0.04922795376184697,0.03948112664311757,0.09297535288281153,0.19462138988040345,0.0051964112096252926,-0.058396370532032026,0.08937239139457002,0.1641390736903503,0.06769736352398223,-0.056685906241556096,0.10268473416130997,0.3124000008657818,-0.06616922572869584,0.3748265873104314,0.2529867969733359,-0.7901740728916639,0.2707285771255468,-0.15828178108496965,0.047214868529044975,-0.020996071129941323,-0.03883634934697949,-0.14530650143302432,0.050890335810050855,0.12292721460484583
0.05721538920946541,0.05364373675456288,0.07673995286901546,-0.006015635924890736,0.12116630438069002,0.046437734490885674,0.6718969690481285,0.0691337177180505,0.2512944962802473,0.17774342192878279,0.2051988886636261,0.24727194212562534,0.10723495895638736,0.1822836629887012,0.16946524721178516,0.26006299567113456,0.2366303301263094,0.11205689678586295,-0.009533601693248872,0.06633005212498529,0.1437818794098296,0.22431893547245915,0.04846618906206888,0.28613730914503765,0.23094356912992517,0.2908578481253811,0.16691403871137503,0.1463818220308252,0.12518393204179445,0.16848914971557286,0.12055247644708753,0.234404573763682,0.12520246027226248,0.19048989136623304,0.19631823365219345,0.18988748998067975,0.053910510527578066,0.11686290300826015,0.15176123677897216,0.044026545887057476,0.18717267395977777,0.15971341361946947,0.14213993842226785,0.06125698833324312,-0.1771213571634608,-0.031851875162788826,-0.06447491417302277,-0.015033563120091699,0.4323921332680044,-0.0618060043118548,0.010061196345409964,-0.09604470052219959,0.03487739805027703,0.0655627248459645,0.03713297934260147,0.14970030312270874,-0.11750882333845845,0.0412437039214982,-0.21119701410868125
0.06262054928137704,0.21107985976185245,0.3332478449083381,0.20959547333495251,0.1823080426318899,0.2498542986181751,0.0691337177180505,0.6710403860654971,0.02300672253225896,0.14923817368283102,0.17931066557830516,0.12027576202602655,0.08945021589895419,0.18249330726426366,0.09610272839610333,0.17253949551616596,0.19692572981246054,0.23465942329319894,0.1392071750512019,0.19834999470976983,0.14608562172841705,0.1343016036041066,-0.0038070381685808654,0.2250465530973769,0.1406944989588652,0.2578972950547265,0.13626611492069035,0.15300849818317389,0.20265875295055075,0.08475763255042063,0.023034587311866174,0.2076818334936777,0.15633638746604545,0.20792688488847036,0.15035485641146137,0.0766468870813427,0.17253428015858385,0.15069603011524982,0.2173697891051685,0.04835357561305226,0.12297095811276397,0.13926423377564304,0.14386118601031267,0.04760837124325166,-0.050059746879210325,0.07542683459772923,0.29840122180554435,0.03892146332793087,0.520622456957192,0.09012211833535484,-0.16530877265763233,0.10201101092119677,-0.02077201028453411,-0.029242393211154172,-0.04991917033226655,-0.1167355299861274,-0.025617500605337268,0.08982008082026445,0.0925028392164161
0.05769313117473827,0.130235706825987,0.24266898176685442,-0.0966420132531935,0.024036887139893985,0.0887934326281996,0.2512944962802473,0.02300672253225896,0.5792715981275455,0.048985745421193834,0.1423656356904087,0.125086038417984,0.05127966797048227,0.14483581194270728,0.128535298980339,0.1256102022576151,0.20374115964502026,0.08265719957449705,-0.06506625741860673,0.07466138870243744,0.15399660599717052,0.2451095901364203,0.05948676978448541,0.1971387543266505,0.11608433109951977,0.2895404585358285,0.11937352103350343,0.10967833851681247,0.07878548640654318,0.05952973290191899,0.11834337033724181,0.17950534314129302,0.13515311371437977,0.1609643051762487,0.10835738345827313,0.13430784166412757,0.13667212890340122,0.16104499978685916,0.0921091363632522,0.02334503521425852,0.11857960112197581,0.1574319044051046,0.15688764279776496,0.025280329965243053,-0.014574267795639547,0.09130636054981457,0.09735040753401412,-0.04260395371190731,0.2231306005144278,0.0007105394706930174,-0.06856334639407347,0.023499431206792,0.02125709727784897,-0.013457256743624045,0.09838875722106757,0.0735749028040624,-0.15979435328857813,-0.05108079535021583,-0.04962638921346049
0.1035478102126728,0.35232727575170336,0.47322540826007115,-0.02668154975516675,0.0848456318353059,0.1192567125587958,0.17774342192878279,0.14923817368283102,0.048985745421193834,0.7467390695297399,0.13930850307222084,0.17388448171851842,0.10389016787592173,0.21496810276707778,0.26956119480175394,0.10730440651132936,0.22315635222311633,0.27861092790454617,0.0477905489987329,0.12224810569003153,0.15351728465031572,0.09926715159983503,-0.01739592066504355,0.30602142540513555,0.28608670812255305,0.15071384995809356,0.13390173281922513,0.14603795976990144,0.2722031454817027,0.18282917298150492,0.04908678231085666,0.19223587557456603,0.16622185172124088,0.22459462295710222,0.16284585760638431,0.1277182789796256,0.33382608112308015,0.16401429752345908,0.135153847817305,0.00933137150715776,0.20562421618814497,0.17284621361978003,0.1484895223011471,0.031624800858892806,0.036681632126545904,0.09762384443899007,0.2544367473015481,0.040359349931478286,0.3455817862989579,-0.010756006591985867,0.010164260878286919,0.0438690957821713,0.08689795471704245,-0.05102518511946353,0.09305738691663729,0.05752876988267473,-0.1764745034825314,-0.12265414421925762,0.11599078542828137
0.0786957539566161,0.14679597810480083,0.21311033116785402,0.12922231649599658,0.10023449009144558,0.15212023842291209,0.2051988886636261,0.17931066557830516,0.1423656356904087,0.13930850307222084,0.38972472537386854,0.2053648084486676,0.10380967947408469,0.14343448084672925,0.1972136373305235,0.17611330468535494,0.2381817328025717,0.136461835185848,0.03391639473292843,0.20222272483954798,0.1330140593823998,0.1461136684479204,0.0699073478416917,0.18384478722088204,0.11126668503913514,0.20866729911908205,0.1500038983453327,0.12106321419201317,0.15627886420098974,0.10547099217053918,0.1281055449919006,0.15382009930757748,0.09622030346368347,0.16618175353387998,0.15569892038799707,0.13183560378319448,0.10277740407721164,0.13130842794566175,0.16687417698017232,0.06458543404220954,0.11810717958649765,0.14115947680157767,0.13655241118727848,0.029251828734159713,-0.018298495886563317,0.06251721786250619,0.11512905050183679,-0.02103380364118184,0.25689894257587753,0.023672311986554884,-0.14415351576100738,0.07177917029618533,0.009282421515723635,0.030432329630341586,-0.0018948702702615955,0.003590618802655554,-0.0940849608970966,0.017266368459320315,-0.009401926029508744
0.11485949205650116,0.15803745840353464,0.2136378983370733,0.2010461350926033,0.17067521652162884,0.18731256040755037,0.24727194212562534,0.12027576202602655,0.125086038417984,0.17388448171851842,0.2053648084486676,0.5433571346847477,0.07872423267950864,0.17760216043267443,0.2438708084119454,0.24017589472705655,0.18927212259154297,0.0015087315151662178,0.061968656455428796,0.1935593692963249,0.10015224097103133,0.15628501275048767,0.1050248923645795,0.1683436841407192,0.11058478676831647,0.1818407991324188,0.18825128544410769,0.08552452884276604,0.06467337105713537,0.08153946903900558,0.1137208458453484,0.18907710454189156,0.06285248919839638,0.18817289664685877,0.12481177418042458,0.16440664777574682,-0.02507824977302679,0.1333495145841758,0.19045605077430733,0.05974087457393285,0.10652702430756998,0.11197175265362928,0.13175474149607466,0.05989240536277428,-0.12026110074092583,0.07834309266821812,0.12199667618234357,-0.0417695279785836,0.36634159377959125,-0.03226896611960404,-0.12206397252570923,-0.01396500963604597,0.044150124354990154,0.03486869154901257,0.02227507950971859,0.1057276452666333,-0.12878586354972493,-0.009614294873083037,-0.07024794978274794
0.018617300438098734,0.081669834726715,0.09970825787444411,0.0875592875068628,0.097446014050742,0.08477289129848471,0.10723495895638736,0.08945021589895419,0.05127966797048227,0.10389016787592173,0.10380967947408469,0.07872423267950864,0.26600488201518857,0.08627299083894405,0.021981240394856178,0.10934711034131928,0.11361523686442818,0.08596402925189249,0.05369081274417689,0.022666899836719136,0.07817958257311938,0.11768652768445352,0.026410083274224245,0.16833166404838754,0.1787247807496361,0.05266749257191672,0.08931270349190294,0.062050638513151984,0.2165767095862148,0.10906223097803867,-0.01745511522193304,0.08026823477009533,0.07827095595822296,0.1065021693751687,0.07599395639561576,0.08584830625863642,0.14815186930185648,0.040092237989084525,0.11933110115540349,0.01429633101476678,0.07971947074548945,0.08254786058636923,0.07998889689692756,0.02667718363361032,-0.019951299595250972,0.08497675222641184,0.09957054730378403,-0.014643915758511516,0.15982186486172795,0.0563678970482691,0.003427329255008416,-0.021102561714226843,0.03477732597836585,-0.05776885343145399,0.027790505928730412,-0.020028892489732684,-0.04823198001956516,0.0019400171919611705,0.007736494208358219
0.06238538710171629,0.19081032762699893,0.16856030000586683,0.11744673258384586,0.12495155006560241,0.15246565650321772,0.1822836629887012,0.18249330726426366,0.14483581194270728,0.21496810276707778,0.14343448084672925,0.17760216043267443,0.08627299083894405,0.6404103577654779,0.39605143816438404,0.345156144778869,0.23290072212456955,0.1815901612634393,0.060714775297414196,0.19512901777667466,0.16551520292881697,0.25870319369869266,0.16723365554858097,0.2579358877393134,0.04690022602271627,0.18040629727465035,0.18703833846371853,0.1251431961553455,0.1345679111589799,0.22871358207763226,0.1335695243968527,0.5200144755862218,0.1873167187815524,0.20809935579274877,0.1712341564895545,0.21425423274618263,0.10195596008738343,0.2600991095391865,0.08801041816869558,0.07766261451064817,0.14949741402648836,0.1799205001972222,0.2369552830395863,0.06461055975073657,-0.02902234977481504,0.0773231859847535,0.23953209917685003,-0.07613634880785848,0.38833743557947403,-0.08686754286814659,-0.20280279520312416,0.07456067711892435,0.08752900359953437,0.0866948954220564,-0.16003384331105924,0.035235486971937756,-0.31409661278552925,0.09322171225059692,0.2995163450433822
0.22669210892909977,0.2829610294459117,0.2818761163438219,0.12953293852891917,0.13724583400715387,0.13682855371619357,0.16946524721178516,0.09610272839610333,0.128535298980339,0.26956119480175394,0.1972136373305235,0.2438708084119454,0.021981240394856178,0.39605143816438404,1.1747270791485076,0.15795878899652127,0.18456441108877072,0.34629014697328236,0.07618801596309163,0.28945935037550136,0.22799666512423067,0.117621363314616,0.16256418285024676,0.28229275478496585,0.0612080629443933,0.12768782301650636,0.19303015546192623,0.07846277493600294,0.16267332885310087,0.274422234180127,0.21143596770546197,0.27569113531507716,0.188541724444584,0.2012485447078118,0.06076517414476745,0.17921759330579573,0.27602792069775267,0.303995740202544,0.1078537138067311,0.05729414314955433,0.1810283707252694,0.21753335805771787,0.3051026505118459,0.03943034532107339,0.14479889207765148,0.15848106477763577,0.24691979813913048,0.01928666461257206,0.24312447032837645,-0.015649228863855627,-0.2517968076339709,0.32625617764378245,0.1403312747223075,-0.08192674261279323,-0.05195129825616481,0.09343561548814477,-0.47982502894120194,0.12843149302908635,0.21937652444804
0.0033027848797425965,0.13699731705101348,0.08811427170007374,0.21698786340265838,0.18555303282747476,0.19985733602403044,0.26006299567113456,0.17253949551616596,0.1256102022576151,0.10730440651132936,0.17611330468535494,0.24017589472705655,0.10934711034131928,0.345156144778869,0.15795878899652127,0.6976300987805273,0.24738742349629114,0.07835569236365612,0.092114932349035,0.18806954948580443,0.14428528101431468,0.34482524761941125,0.04639598329074427,0.2259148522393209,0.07282790262165593,0.15917285304683237,0.21893155575346968,0.21013724455869437,0.21926864227977047,0.22648221004769242,0.08303612531924053,0.32999197949270703,0.13211316785716862,0.21831771713164172,0.27395188667291875,0.20462132077018066,0.05979310700944456,0.18731708747748607,0.1733383537905525,0.08912913339770605,0.15321358729406742,0.15779185237601298,0.21078888335374799,0.07476058210510457,-0.12277348478994193,0.03889126840943974,0.15259376911340242,-0.10283674384930035,0.46259600245088645,-0.12639977582316114,-0.20191556622891954,-0.024579918215017395,-0.02198824259648702,0.12695045259787682,0.007200360328120566,0.005396351794643438,-0.3237646946741908,0.000857744396661746,0.2667205330075793
0.012806357095971391,0.2220855760895576,0.2661415004299987,0.07496179242268664,0.08763813592590286,0.16653326196617851,0.2366303301263094,0.19692572981246054,0.20374115964502026,0.22315635222311633,0.2381817328025717,0.18927212259154297,0.11361523686442818,0.23290072212456955,0.18456441108877072,0.24738742349629114,0.6887744673234419,0.14955961465131318,0.040041942668651694,0.2530867449503817,0.21760917993491405,0.2601308838133325,0.046827715193666734,0.17692564208081593,0.20299894123460566,0.2047828882618833,0.19937363129209182,0.2677563572328731,0.1658772567900472,0.15931448963194272,0.1364801701326665,0.22378915490142431,0.18844524372456153,0.21961586983021245,0.24119259102831572,0.19737504118983373,0.3078430244381016,0.26533892180767127,0.24760259809955265,0.08011641068668364,0.1757078603986403,0.24323974561456368,0.21079566270812247,0.052333653321320554,0.13957801605793177,0.11407453893378676,0.24663277066072078,-0.04542426814692638,0.24881265504725228,0.17347100339619098,-0.2780757825910328,0.21542611885636942,-0.05283075312232507,0.009014802771820556,-0.023923596393367694,-0.009995459952049516,-0.2363892864205239,0.02576138735020321,0.06822184217574363
0.20967902669687874,0.46088260168856726,0.366283594267141,0.07522787849681507,0.11341427287235285,0.16589227029805365,0.11205689678586295,0.23465942329319894,0.08265719957449705,0.27861092790454617,0.136461835185848,0.0015087315151662178,0.08596402925189249,0.1815901612634393,0.34629014697328236,0.07835569236365612,0.14955961465131318,0.8371974288496516,0.10300112691974475,0.018163038805479533,0.20014239951426904,0.13428614594482904,0.05189040058223277,0.26789388785610924,0.20719977323514888,0.23400156220438506,0.1036074806719574,0.13025715163709198,0.2771381331642766,0.14297458161227114,0.001055244762701378,0.15139755052153336,0.1595766619576907,0.17117012336722767,0.07734526794388533,0.11423084856436164,0.27354623272935474,0.1682335472748704,0.033191936830458256,0.01715579890726544,0.17441164203333287,0.17464610596965757,0.17018782349751493,0.0232411642541156,0.0482567109561283,0.10089979117614276,0.21129101047851928,0.03341655467277754,0.2707483645125839,0.032835906447633255,0.02110790229201088,0.14254296380167347,-0.068990516579536,-0.08328693456299656,-0.02285660562503406,-0.05328484275438658,-0.2334599166784797,0.06736895161467844,0.21082566210160883
0.014856765179597385,0.0469414570866076,0.07051791083323525,0.1380762178628275,0.24779104105757258,0.1744150352279467,-0.009533601693248872,0.1392071750512019,-0.06506625741860673,0.0477905489987329,0.03391639473292843,0.061968656455428796,0.05369081274417689,0.060714775297414196,0.07618801596309163,0.092114932349035,0.040041942668651694,0.10300112691974475,0.6019424171772144,0.14826770378719845,0.06123932212085949,0.05343916543955749,0.0032070647994987575,0.014133985311339137,0.028616157308200125,0.011274998366372815,0.05926028763245977,0.0629795936740209,0.16445988855729826,0.03143551318071291,0.03668803516534407,0.07663823296010212,0.004876019040435754,0.08861296310528521,-0.0498348037513276,0.10074025529487485,0.041394166664099175,0.07474247746226531,0.052843144824135574,0.03696173638548261,0.06334076899174804,0.03956644336808418,0.009404591067225281,0.0031247406711503653,-0.009923577956428373,0.03277864258011984,-0.01712109687612709,-0.01589889802272285,0.045356186598915646,0.03091536650148088,0.29994296664645415,0.06933475949410782,-0.21714410655125935,-0.02736270224401619,-0.11581767518862679,-0.04514700335718282,-0.04860250248757834,0.11418425060458266,0.10723996691496347
0.0820594809039097,0.3386727451963852,0.22014579881840357,0.15938793184297187,0.08441580499320535,0.2168486243988695,0.06633005212498529,0.19834999470976983,0.07466138870243744,0.12224810569003153,0.20222272483954798,0.1935593692963249,0.022666899836719136,0.19512901777667466,0.28945935037550136,0.18806954948580443,0.2530867449503817,0.018163038805479533,0.14826770378719845,1.31454394534452,0.15703223921285941,0.031266421837963014,0.43286126253640245,0.016795050692010566,-0.18886799649401287,0.09529878511393984,0.2526203783489774,-0.003681705024342888,0.3124614926090622,0.16643973248623514,0.5433414747979232,0.18472078372604653,-0.05867016333221785,0.38787472633055986,-0.05397953970150322,0.24504750340257964,0.19246837887981133,0.3394310499702792,0.21820940090124696,0.253969351331857,0.19277820037578217,0.17761922172422828,0.3297150064177779,0.02836582959239017,0.08219761113495028,0.18781690678684748,0.05897805710134001,-0.05813411281621179,0.10741787522460715,0.16956109166231667,-0.429183625103891,0.37044971137043325,-0.11950391370200694,0.0071142864801146295,-0.05621334200513138,-0.03311618660202054,-0.09176379750353031,0.01585341938256766,0.10916506117189229
0.07699143121972556,0.23579430101446586,0.23794129323633212,0.09325353505758481,0.07933228146310613,0.10850374882940339,0.1437818794098296,0.14608562172841705,0.15399660599717052,0.15351728465031572,0.1330140593823998,0.10015224097103133,0.07817958257311938,0.16551520292881697,0.22799666512423067,0.14428528101431468,0.21760917993491405,0.20014239951426904,0.06123932212085949,0.15703223921285941,0.5901456610670376,0.17216946129417504,0.05339849067178981,0.18726573629275522,0.23832021419984897,0.12664079697665045,0.1496534293418571,0.16495650109484064,0.1550923927776113,0.3081176270186092,0.2135140842581721,0.1506533023008088,0.259916137309921,0.1569187413042645,0.16226806803449356,0.20412396081624545,0.48735000074547136,0.32938413720292725,0.2579025447005881,0.16146815630391423,0.2241748299602021,0.4686226464198627,0.3379907705048774,0.0633365332453737,0.40409572735880783,0.1104972411784019,0.3127539809399405,0.03799544464716146,0.14465539350272488,0.04039465278607115,-0.03207841909592933,-0.004899732332595958,0.04533510584391827,-0.04686023299383561,0.020995313412185333,-0.009651240166185626,-0.26721630070206137,0.04442798572567085,0.2021941348723161
0.0604883601421717,0.1426114162499876,0.20482295354918828,0.07846975723180297,0.11382125971291478,0.16652533819001603,0.22431893547245915,0.1343016036041066,0.2451095901364203,0.09926715159983503,0.1461136684479204,0.15628501275048767,0.11768652768445352,0.25870319369869266,0.117621363314616,0.34482524761941125,0.2601308838133325,0.13428614594482904,0.05343916543955749,0.031266421837963014,0.17216946129417504,0.7228019083270334,0.1680961761544419,0.20612721248640817,0.07309368037869375,0.12936151079716895,0.1792630476538648,0.1297080684105092,0.1710929245228897,0.15646065243565663,0.14056019026110306,0.2670271961215436,0.17136748415119932,0.19585969647720716,0.11848394513508657,0.26916945911944345,0.06259586211108073,0.2330027489087906,0.19849058974686004,0.04456961294969399,0.0860232841110336,0.17029857788661812,0.20018945074332542,0.07826930576344426,-0.046904547838606286,0.21921372667107344,0.205406505879989,-0.26718367574807,0.30941653999777496,-0.0151387857744625,-0.12592200810132195,-0.16536028060896713,-0.0007388993955236193,0.06867429408767377,0.037114040346746556,0.017990792458622357,-0.22998221334891816,-0.054379431991684955,0.1354568578159024
0.14533056075469117,0.0459563847146856,0.06796221287527618,0.10227955183454984,0.05296371995434205,0.08330501136869838,0.04846618906206888,-0.0038070381685808654,0.05948676978448541,-0.01739592066504355,0.0699073478416917,0.1050248923645795,0.026410083274224245,0.16723365554858097,0.16256418285024676,0.04639598329074427,0.046827715193666734,0.05189040058223277,0.0032070647994987575,0.43286126253640245,0.05339849067178981,0.1680961761544419,2.0298224354116425,0.047307883880484514,-0.08649062993187083,-0.19515888308401005,0.047188030320408414,-0.6062081129863373,0.2766570280957444,0.13486719609666495,0.3996423035185285,0.05418906622641348,-0.4167199247386303,0.46533797360131784,-0.41717785753898756,0.5818825375814571,-0.20483036968961582,0.0607132461047989,0.21544076071735677,0.23076787327426002,0.05964623192807108,0.0828365592890851,0.27311159644667043,0.16561244618943174,-0.0631572238659746,0.44305029104913357,-0.04616983029807206,-0.3845189688239871,-0.66476812482998,0.1698439926225442,-0.13305560657624874,-0.04125731293327569,0.06276579768900174,0.004216861882166108,-0.11053716362220908,0.05992745920591141,-0.12320319340823042,0.041455567757621374,0.004477210210639874
-0.5413888028710584,0.17246859495037783,0.2586512951306736,0.11865118780467344,0.17761645036612878,0.12793969918510045,0.28613730914503765,0.2250465530973769,0.1971387543266505,0.30602142540513555,0.18384478722088204,0.1683436841407192,0.16833166404838754,0.2579358877393134,0.28229275478496585,0.2259148522393209,0.17692564208081593,0.26789388785610924,0.014133985311339137,0.016795050692010566,0.18726573629275522,0.20612721248640817,0.047307883880484514,1.8859366384576801,0.860041061774882,0.02177120641351017,0.12177203635882923,0.19437268846324987,0.27896366502879216,0.44760830498894216,-0.248154687099048,0.23076383503021186,0.34101636655151946,0.2867623824696222,0.16538487848158434,0.3112607123645228,0.6501177465847517,0.19501426110954376,0.3456470201856812,0.028884878824099344,0.2952602077828932,0.2268145631667911,0.26465992882181977,0.05498210925147293,-0.010426213572295317,0.09841003018308443,0.39573735982448294,0.04163634229025591,0.8886538816150757,-0.1478644282965349,0.18920628570982206,-0.4113057794282592,0.24979198621863966,-0.07771112851381606,0.025396569583898475,0.07364464217341737,-0.1920941488538087,-0.08921631137733085,0.2577810983934678
0.05247352460193906,0.1679838778825209,0.3365029761795024,0.11562223467073202,0.09726253504314257,0.05349437183107208,0.23094356912992517,0.1406944989588652,0.11608433109951977,0.28608670812255305,0.11126668503913514,0.11058478676831647,0.1787247807496361,0.04690022602271627,0.0612080629443933,0.07282790262165593,0.20299894123460566,0.20719977323514888,0.028616157308200125,-0.18886799649401287,0.23832021419984897,0.07309368037869375,-0.08649062993187083,0.860041061774882,2.737738947229423,-0.21110964279141117,0.21004801381595006,0.19334004677491554,0.9928941553149683,0.8705702630026699,-0.8140306082771013,0.08603202398866047,0.19841519443231684,0.487441018397223,0.1939018363288815,0.4197875486343377,1.4035679002775043,0.30709191956652615,0.6469292819816868,-0.027062236784078392,0.4811621223262749,0.3100429707623159,0.48850703345698704,0.10283048628137538,0.5435503096501098,0.23956349736924887,0.3432111264310716,-0.042004642188306386,-0.5204047556235084,-0.2199347704124996,0.7545913451646221,-0.7196396618414173,0.23787717870273006,-0.11045380776204088,0.08716948517284633,0.06201041021707268,-0.0828202054371052,0.07274850715564812,-0.10793112266900291
0.25331457962790344,0.24084388790632175,0.26833537487920833,0.0893816359883745,0.18291667561154434,0.17957319730989615,0.2908578481253811,0.2578972950547265,0.2895404585358285,0.15071384995809356,0.20866729911908205,0.1818407991324188,0.05266749257191672,0.18040629727465035,0.12768782301650636,0.15917285304683237,0.2047828882618833,0.23400156220438506,0.011274998366372815,0.09529878511393984,0.12664079697665045,0.12936151079716895,-0.19515888308401005,0.02177120641351017,-0.21110964279141117,1.832675122571172,0.06999702504312227,0.16612188303824518,-0.20170163866051746,-0.13663268515563987,0.14981564957140617,0.2555204871733241,0.1438013141206462,0.019570165841960613,0.31307165557289446,-0.08820572358614621,-0.34234458936628204,0.22830517185297744,-0.9578178577700874,-0.03557986614532357,0.5233855184322863,0.17416364827517344,0.16470876846481947,0.024374584310610466,-0.6761734207783128,-0.2760381368411058,-0.037874631260457495,0.28855830631066626,1.3731964637686829,-0.48763428754222354,0.1197901967248607,0.020153907229575982,0.08082702514542163,0.13411919965368851,-0.0014944517584767553,0.0017503213351373161,-0.06453711206139807,0.19507447635881645,-0.20662348590675333
0.07448209052457483,0.16358632855435232,0.13487233443461819,0.1060769071140048,0.09377070374271988,0.12818036764972845,0.16691403871137503,0.13626611492069035,0.11937352103350343,0.13390173281922513,0.1500038983453327,0.18825128544410769,0.08931270349190294,0.18703833846371853,0.19303015546192623,0.21893155575346968,0.19937363129209182,0.1036074806719574,0.05926028763245977,0.2526203783489774,0.1496534293418571,0.1792630476538648,0.047188030320408414,0.12177203635882923,0.21004801381595006,0.06999702504312227,0.6977633468962048,0.19317672010334594,0.1322908186391973,0.28647252358244807,0.15287793468985053,0.24291188725518276,0.19421933380939915,0.20325755639108165,0.1593616080159015,0.25480380504860173,0.2555332646393095,0.24696061586721724,0.21963281444212215,0.08904028879448703,0.23020702388767608,0.1710652749604494,0.39306937904468103,0.022941462035135387,-0.04785665914689099,0.11587322245514375,0.1379748578034974,-0.03529567783095102,0.4118663081041265,0.05926421790976465,-0.10453907245966214,0.13094536981345925,-0.06909231776155329,0.009655760608427188,0.060585369265535066,-0.0008165239392704279,-0.151631617218437,-0.034999529894997966,0.12402179905062544
-0.019599740238521287,0.19782669494439944,0.17151515313682786,0.05135144789239621,-0.009408708234509048,0.10094097049578955,0.1463818220308252,0.15300849818317389,0.10967833851681247,0.14603795976990144,0.12106321419201317,0.08552452884276604,0.062050638513151984,0.1251431961553455,0.07846277493600294,0.21013724455869437,0.2677563572328731,0.13025715163709198,0.0629795936740209,-0.003681705024342888,0.16495650109484064,0.1297080684105092,-0.6062081129863373,0.19437268846324987,0.19334004677491554,0.16612188303824518,0.19317672010334594,1.5539191882421584,-0.2459310912310458,0.20022412258414735,0.04436390795892532,0.2852382237912443,0.8501581278677246,-0.13670813849844093,0.8418057876759932,0.12266205470218015,0.5074832649739944,0.2281829608967757,0.12679349757458105,0.044780036209699337,0.1794446749243307,0.18569182887618305,0.147771844547504,0.07345790888297972,0.024112432757892807,-0.22482976639199465,0.11436982891999313,0.15577502873875662,0.5274330286593083,0.08776792541924366,-0.12759548534630055,0.6254329589803295,-0.8050985976280322,0.06576173338615406,0.14569347752166226,-0.03572312934676292,-0.09784938879035136,-0.07039164165968778,0.31477454456581005
0.02024258021087282,0.3494680635770708,0.3740226593317607,0.16531281166267695,0.1687560258268893,0.2654770313706738,0.12518393204179445,0.20265875295055075,0.07878548640654318,0.2722031454817027,0.15627886420098974,0.06467337105713537,0.2165767095862148,0.1345679111589799,0.16267332885310087,0.21926864227977047,0.1658772567900472,0.2771381331642766,0.16445988855729826,0.3124614926090622,0.1550923927776113,0.1710929245228897,0.2766570280957444,0.27896366502879216,0.9928941553149683,-0.20170163866051746,0.1322908186391973,-0.2459310912310458,2.830697964150606,0.48575659120203635,-0.35596375358291515,0.13171955009841604,-0.16386249361697552,0.7530646832025825,-0.35606814548008275,0.3589293802738303,0.7797421943731819,-0.17396646969280147,0.4200320935020763,-0.09804695311208969,0.5383808193527394,0.14508442249798872,-0.04184733346724292,-0.1084028867494056,-0.22170364834417808,0.16658121322243993,0.06525978417401834,-0.11901977618368006,0.3363999462562939,0.2194155673753306,0.016443630296620694,-0.08357568355191379,-0.08578423973413318,-0.07135871317089594,0.04968963280880506,-0.15587117550053353,-0.3493401782990181,-0.07098491328433357,0.4020730841533743
0.12226999512175517,0.12310824161513714,-0.043134135506049505,0.081984087865473,0.04132146587766921,-0.012539847402536424,0.16848914971557286,0.08475763255042063,0.05952973290191899,0.18282917298150492,0.10547099217053918,0.08153946903900558,0.10906223097803867,0.22871358207763226,0.274422234180127,0.22648221004769242,0.15931448963194272,0.14297458161227114,0.03143551318071291,0.16643973248623514,0.3081176270186092,0.15646065243565663,0.13486719609666495,0.44760830498894216,0.8705702630026699,-0.13663268515563987,0.28647252358244807,0.20022412258414735,0.48575659120203635,2.3008345517964224,-0.11082087450187478,0.2215883927692157,0.2323820548986009,0.06570970853837758,0.313919620986763,0.335738279229553,0.8687456175174717,0.5295392322070569,0.6167586395570291,0.15253750327983207,0.722947816807989,0.36677356377123055,1.0849199462944021,0.21607602473260692,0.6234384371420618,0.06774455853809314,0.5802832950776248,0.15636313376453423,0.8891847354564543,-0.13445414196624836,0.1004086785771845,-0.08074493788697631,0.12845658002707666,-0.010532087853214647,-0.13786869191121273,-0.049497999282160164,-0.2955615501154785,0.7639919237266695,-0.19456364309128754
0.15855516966342184,-0.014754715632922953,0.03423826112757087,0.03688858556759891,0.03489467401687978,0.08925242516133976,0.12055247644708753,0.023034587311866174,0.11834337033724181,0.04908678231085666,0.1281055449919006,0.1137208458453484,-0.01745511522193304,0.1335695243968527,0.21143596770546197,0.08303612531924053,0.1364801701326665,0.001055244762701378,0.03668803516534407,0.5433414747979232,0.2135140842581721,0.14056019026110306,0.3996423035185285,-0.248154687099048,-0.8140306082771013,0.14981564957140617,0.15287793468985053,0.04436390795892532,-0.35596375358291515,-0.11082087450187478,2.2157481984313248,0.10124320302385312,0.09006807161121717,0.05892452868110694,0.0846755384351648,0.1866175204567314,-0.34216415737978245,0.28386008956244846,-0.014706571900843587,0.11681117538142222,-0.001011592190704977,0.17913407289693623,0.05281445572354215,0.13497571053006902,0.07755637618953087,-0.04170786099143695,-0.07749884878999137,-0.05520347350672623,-0.02619120679607371,0.21419457427134264,-0.6914576786987152,0.6668046721569858,-0.15785869076947626,0.05576784097943769,-0.0175171651706403,0.2077203358635223,0.3048295462732392,-0.2106109920909878,-0.3158578798986613
0.045374838101688623,0.19729447582879006,0.16898632542983663,0.14770911182151295,0.1285202929065129,0.186420831212948,0.234404573763682,0.2076818334936777,0.17950534314129302,0.19223587557456603,0.15382009930757748,0.18907710454189156,0.08026823477009533,0.5200144755862218,0.27569113531507716,0.32999197949270703,0.22378915490142431,0.15139755052153336,0.07663823296010212,0.18472078372604653,0.1506533023008088,0.2670271961215436,0.05418906622641348,0.23076383503021186,0.08603202398866047,0.2555204871733241,0.24291188725518276,0.2852382237912443,0.13171955009841604,0.2215883927692157,0.10124320302385312,0.8451480275814847,0.2555238098222564,0.2353822156465006,0.18224049607281637,0.2046348429259753,0.08032925262427933,0.288866854336545,0.0763933833478628,0.052012291505450226,0.15183727322910903,0.1707904701037722,0.2572895749598123,0.063517072234124,-0.10710103369959806,-0.018042914894109977,0.15685996359505272,-0.05436274028829892,0.46440778223649176,-0.03557036169715474,-0.08768775510407764,0.28940741990466484,-0.3601996743007435,0.11845495469358949,-0.12665150639601125,0.029930534203528127,-0.24917727258453992,0.07508926283099117,0.2533925748722944
-0.0008915062451573709,0.16577788812171743,0.1395794721425756,0.029479075869565666,0.0719217255411672,0.02927271416880903,0.12520246027226248,0.15633638746604545,0.13515311371437977,0.16622185172124088,0.09622030346368347,0.06285248919839638,0.07827095595822296,0.1873167187815524,0.188541724444584,0.13211316785716862,0.18844524372456153,0.1595766619576907,0.004876019040435754,-0.05867016333221785,0.259916137309921,0.17136748415119932,-0.4167199247386303,0.34101636655151946,0.19841519443231684,0.1438013141206462,0.19421933380939915,0.8501581278677246,-0.16386249361697552,0.2323820548986009,0.09006807161121717,0.2555238098222564,1.8521145569199164,-0.31020560773968175,0.19010417390616033,-0.17962717983351698,0.9307548571053386,0.3558868009593588,0.0880135257786803,-0.04562076647125141,-0.10599909903870472,0.2568248645916027,0.2957072158401626,0.06454541802402443,0.020360272312939114,-0.13104751747771487,0.5854167583424187,0.28863024002465,0.9236608800292881,-0.08584746849227724,-0.12739852572867655,0.1321735539321171,0.03872608425586555,-0.118148537333424,0.16146399904278727,-0.10784171728501511,-0.2423107634160665,-0.1305926295678021,0.5199732096425265
