1.5634111843509284,0.2614247093632685,1.032234994872619,-0.01009640638544716,0.26534953966210145,0.2657208512530799,0.3701048443708347,0.29661951281453597,0.37093011701271317,0.3100350538077717,0.3018487778972819,0.33880998491345876,0.16586628814650403,0.33148969011244417,0.2759667695632467,0.2869005583187641,0.27281696536505473,0.3256294258287629,0.2591278011271211,0.21878169162428962,0.32258732881852525,0.2535233432129773,0.14099619702918245,0.1260229863065398,0.2763665145754448,0.1855705823914619,0.23956242853011678,0.13744291155938101,0.18738388163918832,0.32691516257869513,0.21448689542361396,0.26966984843434877,0.2144335483093492,-0.08982937382740158,0.3147991697136465,0.24485845486569394,0.13158309119852132,0.17200207668018969,0.17372036059690923,-0.1754035171613749,0.2564765418560732,0.15382416233516671,0.3155140140777303,0.0584886477251672,0.4829898602975887,0.42835450176703216,0.29996835175394904,0.0077769023092761624,0.18103649687013987,-0.15680755131016633,0.04834230279822408,-0.09878463085332022,0.26555272699050464,-0.05520640525380956,0.12469463276633694,0.12520080720491966,0.07792162018608786,0.5417615426258761,-1.1860821538777022
0.2614247093632685,1.8922919712162793,0.26438666819184703,-0.291264795631837,0.07449289093106286,0.25352808454138515,0.11602398280333912,0.09020617995093297,0.21628751201200516,0.17991287488476893,0.10212252511534546,0.04417149407990112,0.09932415785305089,0.055685166272044964,0.12145156854553486,0.06337946891266423,0.06813510839452998,0.08019922808671366,-0.05409288816190135,0.16239536291677345,0.22161257262353354,0.04748451185672592,-0.11436350452664738,0.09164569444717091,0.0544023973203571,0.08462106379016573,0.06305669550037812,0.12166746355868062,0.14126458394456765,-0.014057666109333669,0.09890115609786833,0.08785513374208447,-0.038881734226349295,0.03867902072514495,0.2318808347951595,-0.0020702752000503295,0.015031983295570645,0.08496600484334917,-0.02620338220165323,0.15738735300299198,0.07678570155616893,0.0878952932172087,0.12059911142167914,-0.03025715554024578,0.2644110913154015,0.11397275865346394,0.177575344963132,0.05323655312840102,0.1862417337668181,-0.24582142999973272,0.12730108314152447,0.13851883895712494,-0.03559611418539712,0.04254497513773928,-0.16836037345904808,0.09934120245396406,-0.02373032101207265,0.06014211600320029,0.06915076351366978
1.032234994872619,0.26438666819184703,3.674596485413204,0.39487440064286183,0.21802154796340814,0.4952262801112235,0.28356616388652434,0.8711856359570819,0.653806134750782,0.742355997505315,0.6155592725208384,0.6068911460046809,0.4903175618377331,0.576435996131547,0.44897682313104437,0.6067978749301197,0.6889865124857817,0.6829883795439121,0.49496868651316095,0.43298283410973626,0.46896734929959066,0.5138567189045253,0.35833016346518876,0.5841570316289397,0.5925013978631223,0.6369202734492457,0.4869441792053633,0.35631901519650205,0.7037785564829545,-0.10875250610118502,0.34636903599128116,0.4640315201812711,0.32807906101334045,0.4394120175393999,0.7332751523390143,0.6988485512577759,0.6430983383854527,0.2857647488921986,0.2816335273903644,-0.5515867037235023,0.8482000087235283,0.4080911130653493,0.44986446036716116,0.20481359632205537,1.0190967244134939,0.9935061437399973,0.6494531160064876,-0.03283216482766929,-0.4123582041504543,-0.25927933629408617,0.286101921113205,-0.032397242065092424,0.39330603029369027,-0.24986107676026761,-0.1641048329588238,0.2524708129480899,-0.2183642442570632,0.10290076957330005,-0.7865636512201761
-0.01009640638544716,-0.291264795631837,0.39487440064286183,1.4493407753925205,0.3138058688828614,0.3856423774174198,0.27352536940660094,0.362030859460422,0.18298557119848444,0.2839979601137753,0.3872719238117501,0.4203570621301828,0.25420878458562995,0.3796381575521099,0.2877270954583634,0.3932801345406853,0.3490735991762217,0.36176079434640807,0.30972509173708485,0.2917729888239055,0.23473202978915803,0.2547923199341913,0.20491991526064232,0.33953907749785567,0.3197890625622323,0.3144514850448753,0.2637689664138533,0.20292298026867286,0.39858604347856036,0.14273723372743058,0.1097439934669485,0.33538708402350487,0.21585942158919985,0.4377830948499287,0.1665719127079483,0.2818262688559213,0.3790025243726085,0.203273016204679,0.2562603357563025,-0.0017747872306199677,0.43051511041068125,0.24081917102129213,0.23495717419460926,0.3218578802963382,0.3567673946060806,0.358168107892116,0.3393323138668164,0.08657233962194713,-0.05234923247521935,0.05446494914714338,0.02782961212553487,-0.04248220753301007,-0.002995725180479019,-0.01783832561248883,-0.23504657466363138,-0.011771854092752219,-0.06946376489823872,0.14111203378491805,-0.07473302397906934
0.26534953966210145,0.07449289093106286,0.21802154796340814,0.3138058688828614,0.8980648891499247,0.38810623563817653,0.1896497918527989,0.26901024382354305,0.2563059091538811,0.2778761168066368,0.2602879934009587,0.2920659650176497,0.2263293384680531,0.2818014789687348,0.2734184198599317,0.33994957135147225,0.2561318499129324,0.2336474307757324,0.4147624050098855,0.2189651428436263,0.21742848603088694,0.23466037959418062,0.18797231787669436,0.2786087818596841,0.26315957785207533,0.2898904215480837,0.1678737645053661,0.08989588074865736,0.3883491172917519,0.23079090705693156,0.14489460170814797,0.24789336828730119,0.16922758661292725,0.3512326904772665,0.1542310477967907,0.23331736880262935,0.3199870375047329,0.19315763382622042,0.17401204981391194,0.13944285268061585,0.43564478178696475,0.26448877172817303,0.17910593616696013,0.12214559077147284,0.2860564307593457,0.44747495207322874,0.43261086221409795,0.17526753365244546,0.30757217928050895,0.0024398569488253215,0.060462659345609314,-0.29902199010352765,0.21932686749908792,0.06874367745831762,-0.1310421341181226,-0.011105130983952086,-0.11488532177160599,0.23053230717807033,-0.1317481110435067
0.2657208512530799,0.25352808454138515,0.4952262801112235,0.3856423774174198,0.38810623563817653,0.7001273593684804,0.18698435984815465,0.34298076265225136,0.3120981083307054,0.34206527431030825,0.3187375385279674,0.2967533821612708,0.26978129461784667,0.3324383555979475,0.278111736772354,0.33462268710746623,0.3294965717848281,0.28458163212320503,0.4325411789724616,0.3177342577591755,0.3023958520928673,0.33047012751205107,0.11419197912763031,0.35829160542829636,0.27489963352471297,0.32766810225993187,0.22333071505606156,0.24110778466885116,0.485876042135882,0.1923321905390278,0.1631465274319662,0.31513998501870877,0.20305158829254322,0.33077483361067284,0.24230871267965642,0.18943197672385162,0.3449029552195756,0.23907311006152754,0.2754908687380589,0.06851281783436343,0.351803624147786,0.26161337529228457,0.3032533489138655,0.1516954644118993,0.3625804409415711,0.40687749930198874,0.5241536015614262,0.1363737906056956,0.5135166095397516,0.1241403004014734,-0.12194305278134199,-0.09502824252262786,-0.05508135581990407,0.03734711167113177,-0.09415492334398634,0.011413201053655432,-0.10094413411039946,0.20602762742648814,-0.17554539354314666
0.3701048443708347,0.11602398280333912,0.28356616388652434,0.27352536940660094,0.1896497918527989,0.18698435984815465,0.5529865016627233,0.11110454509064127,0.3409626683923869,0.23226814599505566,0.26516422138815426,0.27560155030405536,0.19754524121031897,0.14711909480282664,0.18708228408321823,0.19901737522383806,0.21533199665813435,0.2423687614092942,0.1619256781119934,0.17728929266653065,0.2574735213876934,0.2234929397881826,0.1548788502178815,0.2544233349078529,0.18441849933653975,0.1346476636843939,0.1631630701601731,0.10180273918177893,0.24538089049239456,0.23689939399125753,0.11183292333291689,0.16299156512757584,0.16411758638975293,0.1433479194683755,0.1423744254896836,0.21729873058082358,0.19637193972659747,0.12387672650875059,0.12154058656513063,-0.04728319056480454,0.17613763959778023,0.14194473678807656,0.17216001694534136,0.10456864582628432,0.27175757535609035,0.22049618010752067,0.11564247033396767,-0.0276919658073183,-0.010647488495453264,-0.1171114497815343,0.012126448778865002,0.002235371234702426,0.13507884592825758,-0.039441759392607634,-0.10749823155899335,0.09199760902096621,-0.08474061573619339,0.20828456931240663,-0.3113721203542172
0.29661951281453597,0.09020617995093297,0.8711856359570819,0.362030859460422,0.26901024382354305,0.34298076265225136,0.11110454509064127,0.8732958749277098,0.16209976273728335,0.34630187984619487,0.4154129543302743,0.3754131357863966,0.29290356301829373,0.3940632687574541,0.24758629917202282,0.38557974285481783,0.3948757619346044,0.36109638851287884,0.3669281808468356,0.34080302301318594,0.20250451141304315,0.26395524121813924,0.13562871314524438,0.3223592906800239,0.373062190224992,0.48498402086152714,0.3036943368711285,0.23430873774997077,0.34627054249348443,0.10655578313185082,0.13564178224148576,0.34627333319687825,0.19581253424764083,0.3462261716364856,0.42400303557065416,0.23398272885900753,0.3670634995869226,0.22968016079591855,0.3063805667427842,0.03910515032603602,0.48528074813548155,0.2757397738227834,0.3724590924671653,0.10531497012271175,0.4869920129487976,0.47519169716717,0.5711760798945178,0.1582981954349445,0.40880863735896106,-0.06454893159167542,0.05509569087021887,0.08380661522939765,0.11310422936667826,-0.11982667536207994,-0.08207897280881561,-0.03180994302782961,0.0012925686390790193,0.2924720941168362,-0.43338586043322364
0.37093011701271317,0.21628751201200516,0.653806134750782,0.18298557119848444,0.2563059091538811,0.3120981083307054,0.3409626683923869,0.16209976273728335,0.846180279818511,0.19306632503436705,0.2497904714460552,0.17996104374270522,0.24284062575734144,0.22096969002529335,0.2226890585209006,0.21990718622517397,0.23243299554679692,0.21897768093652076,0.2488896314398434,0.2707197904536419,0.28477499595380174,0.2706131181291068,0.19532693817104232,0.4111731890444312,0.2090615325274419,0.3491158318449866,0.1924849767994079,0.13401858562953267,0.29138865055712054,0.2507340236842559,0.22085464818172076,0.2177059435047814,0.23974883965398971,0.12824624841038332,0.1908769530682877,0.2791912311415992,0.28773420717272435,0.1838313895166029,0.14837551077140293,-0.06148467550869383,0.26790456294907855,0.19855578380976363,0.23995237499392308,0.09214784464288223,0.4385220266217503,0.41706278187208423,0.24089397799449647,-0.014397185646034467,-0.17046486013237036,-0.21992160612626613,0.06195196774684811,0.019439456639568704,0.21568398398603333,-0.08660483844469712,-0.09638006526740882,0.1609376287530005,-0.08266025795933041,0.22188731697141312,-0.4211018950061308
0.3100350538077717,0.17991287488476893,0.742355997505315,0.2839979601137753,0.2778761168066368,0.34206527431030825,0.23226814599505566,0.34630187984619487,0.19306632503436705,0.9267884597336307,0.3236275681326205,0.33288413905233527,0.26031025509904,0.275557502917494,0.29543941990434797,0.3235066199549266,0.3365352686589876,0.29334532341311875,0.28224257460722013,0.15985645296014217,0.21118790851002606,0.2831197278485399,0.316256227786424,0.3695473051384975,0.32399328017845236,0.3479895872209307,0.19037820373030476,0.16789797138684806,0.4976853302451467,0.07987814247525171,0.21575618145837608,0.26436293877464806,0.08244524683861627,0.46175014655923247,0.3821217395841196,0.28793225715478377,0.35222524994426363,0.1547317697596596,0.17711677217490454,0.0322724504898693,0.5871001674983497,0.26432024681066224,0.18964563389143588,0.16360546039191437,0.31390738749416747,0.5164266214099332,0.5202289814120467,0.1621197339304011,0.31557574559268103,-0.07664021333031235,0.08429107627407917,-0.21449747872881728,0.15510986952439354,0.044551615357807085,-0.1556188095907712,0.16861246269179445,-0.07553494608145404,-0.05152671913414664,-0.12284938204771378
0.3018487778972819,0.10212252511534546,0.6155592725208384,0.3872719238117501,0.2602879934009587,0.3187375385279674,0.26516422138815426,0.4154129543302743,0.2497904714460552,0.3236275681326205,0.6476029364106706,0.41786503541425607,0.2873261689787524,0.31528994380612674,0.35761993017423155,0.32768705556419386,0.3856997242801614,0.35279850600039964,0.29321815873102286,0.3465299834484598,0.3012876241053312,0.22136081855904152,0.14157981577283837,0.3458618440599871,0.3174819649623194,0.37490012212966134,0.2563119272554828,0.22345619893064486,0.4009576962536469,0.17797071877009457,0.152626750953372,0.27497298846767937,0.18261510796760552,0.29007203900903955,0.37949651016371416,0.2866225153197888,0.32792644614740424,0.21619931081594077,0.20661161266464387,0.04990806185783372,0.4457759103531714,0.269409852879299,0.2744226011699363,0.08897590694917963,0.4872945120172018,0.47380949378926956,0.4055063482214696,0.10494200364230312,-0.005533245117180417,-0.10979277475614228,0.07663250043136753,-0.05195051007966729,0.1397769984021379,-0.0398531649412844,-0.19352822834298544,0.04481674646496627,-0.1238592055912775,0.23736724778031587,-0.2633313611406636
0.33880998491345876,0.04417149407990112,0.6068911460046809,0.4203570621301828,0.2920659650176497,0.2967533821612708,0.27560155030405536,0.3754131357863966,0.17996104374270522,0.33288413905233527,0.41786503541425607,0.7224127935008988,0.248681186661106,0.35077778258214054,0.3103971504450356,0.37704980583933223,0.41531839412237176,0.40264425650592733,0.3142111385812651,0.25901955116897757,0.3048773825371435,0.226063622428123,0.126344336460339,0.20640161084740133,0.3521255309195065,0.24489315247325136,0.28640971503060675,0.16649815383009428,0.2550402257978442,0.19668262026311117,0.10852757969413723,0.29900580897371537,0.15376514705483915,0.3221790608896185,0.35750377227501484,0.2981672282097588,0.23323463115383802,0.17505719143271162,0.20165538612561543,-0.03271924448991726,0.40443725111178463,0.22570820674052097,0.2528067636353033,0.11339445480731493,0.5243357710664339,0.4118533323370594,0.42219508235609815,0.09233132781225269,0.2622053819890166,-0.09623578609875445,0.10934545600791537,-0.20294490660886355,0.18217962993011083,-0.01976671125516306,-0.2626209616754212,0.09550045618753168,-0.153768546018442,0.2872725337337735,-0.4480954467922275
0.16586628814650403,0.09932415785305089,0.4903175618377331,0.25420878458562995,0.2263293384680531,0.26978129461784667,0.19754524121031897,0.29290356301829373,0.24284062575734144,0.26031025509904,0.2873261689787524,0.248681186661106,0.47090680717112576,0.20804731144415933,0.17959747988148192,0.23441563501650012,0.26843235230096113,0.29977687286694427,0.25182050164888525,0.22761753538813925,0.1953608919668781,0.3531270134870739,0.13466875100744202,0.3303040911835655,0.22338736378544946,0.3045818602035214,0.21290427010915366,0.18972868458391975,0.4674144693567803,0.10905827440491365,0.04855620390434343,0.19886049312765391,0.20155622502638781,0.2240188449182619,0.22997325071398633,0.24155677447977353,0.28132978915259615,0.14983917900396454,0.18941708579977004,0.0425083733150626,0.3490914151779246,0.1980600415432294,0.22404484375199438,0.10539928046431729,0.2518979000567552,0.36577311486670094,0.304335272876749,0.0207000079282505,0.14009405953761805,0.008326765337746856,0.045009636787703464,-0.06408679579946887,0.036474305202572346,-0.0511018399322847,-0.1066459660917221,-0.053083339099460114,-0.22895417403329985,0.06957700808626914,0.15050040249805066
0.33148969011244417,0.055685166272044964,0.576435996131547,0.3796381575521099,0.2818014789687348,0.3324383555979475,0.14711909480282664,0.3940632687574541,0.22096969002529335,0.275557502917494,0.31528994380612674,0.35077778258214054,0.20804731144415933,0.5204541122272565,0.31872237108084195,0.36852305858826745,0.3223798293716853,0.2831127692723626,0.30388854603933885,0.31142485333081144,0.21938658451927492,0.23859414049882835,0.13861746300804909,0.29347698734595096,0.3143927568913093,0.39286619992819105,0.2504434390195017,0.18320918854346022,0.27344512589947684,0.18362985400306342,0.15819027585337564,0.38259870705626287,0.18285474352803288,0.29190534720929906,0.3407352404192046,0.24716646602387565,0.25739919721056775,0.20429916690935748,0.24791161017859287,0.07323092739529005,0.4609686865924649,0.25506227893289385,0.2858925410910494,0.12096477888424188,0.4498446523258974,0.45440191196116875,0.4922560652380835,0.14307334247556663,0.3523243573790507,-0.03438012509663398,0.04392939239134274,-0.1781395978914022,0.1793803064783476,-0.02046021113612076,-0.11406196479054331,0.03811912473602438,-0.0030246575177994522,0.19494818765009106,-0.3354801828771402
0.2759667695632467,0.12145156854553486,0.44897682313104437,0.2877270954583634,0.2734184198599317,0.278111736772354,0.18708228408321823,0.24758629917202282,0.2226890585209006,0.29543941990434797,0.35761993017423155,0.3103971504450356,0.17959747988148192,0.31872237108084195,0.7468632346816674,0.27447792330457327,0.3520240618565562,0.3404428494772146,0.2875681761965943,0.27951379003774074,0.2790260187255413,0.05723047318721921,0.11674804375306179,0.3068468981499955,0.3282740666547541,0.295409857314284,0.19252547416233762,0.2780107440177576,0.3715444383939379,0.2632901709085307,0.16433384655835534,0.24232437377101373,0.19594663943377075,0.28477227241284664,0.30766395076664,0.2511200840157665,0.34669380782600645,0.15154393594109694,0.23267500528687632,0.063007159147648,0.45981369745031386,0.25064196053156335,0.21218006025123293,0.09123848567634846,0.46088870762547873,0.45380577829479607,0.4091800484597926,0.1638327795183291,0.05735887169322175,0.17691595100082536,0.06109221363921749,-0.08989861177403351,-0.06426872583937812,0.010476147072422039,-0.10923988898461215,0.07352035676868568,-0.11845094425948276,0.2111387061091794,-0.2412975144597545
0.2869005583187641,0.06337946891266423,0.6067978749301197,0.3932801345406853,0.33994957135147225,0.33462268710746623,0.19901737522383806,0.38557974285481783,0.21990718622517397,0.3235066199549266,0.32768705556419386,0.37704980583933223,0.23441563501650012,0.36852305858826745,0.27447792330457327,0.7365058797454035,0.4074078151861572,0.2974482342319543,0.3793675476996653,0.2802038887460212,0.24939677215333628,0.23936110735399355,0.08426102778770837,0.2560616270065016,0.3606252673593643,0.25212773534618893,0.2819365765959555,0.2582308488209853,0.40337721707994073,0.16516154374212397,0.08756527358695873,0.3052342300617991,0.15808703340734717,0.35573747483156304,0.43866532303359973,0.2532692596786425,0.35160446023883885,0.1777763223077901,0.1884573549682007,0.03981704160991443,0.4660944111820293,0.3050896284718213,0.30724687042337767,0.13492255893024946,0.4430449876125686,0.4207313796015029,0.433640228702731,0.12688529207054527,0.16569196689156696,-0.18972991008243473,0.059711478308346604,-0.021268206482901186,0.12263115362809311,-0.018428452104695434,-0.11999313960609799,0.02185322566380956,-0.14902420226633098,0.23321999819411302,-0.2394084242398113
0.27281696536505473,0.06813510839452998,0.6889865124857817,0.3490735991762217,0.2561318499129324,0.3294965717848281,0.21533199665813435,0.3948757619346044,0.23243299554679692,0.3365352686589876,0.3856997242801614,0.41531839412237176,0.26843235230096113,0.3223798293716853,0.3520240618565562,0.4074078151861572,0.9419548039034674,0.2507643155592095,0.3959741794085824,0.3900127513618042,0.38504437728104446,0.19874261832166393,0.03589099349050817,0.21110907475162213,0.33202308472170317,0.19307313168991377,0.2817596399554615,0.5143338359960605,0.3872823583441869,0.1320132866384643,0.15627603366663398,0.2692372584931948,0.2980626425078563,0.3413003870454023,0.5253595694593707,0.3184929389364849,0.5964668356709669,0.2641054616111731,0.20620178048875415,-0.031632525078843406,0.5946109621871183,0.4193675375408304,0.2328866748020616,0.1388975860827816,0.7303895707582135,0.5077525177072136,0.5410291133708157,0.19822657949978817,0.05387934393587062,0.17947925102033457,0.09684337291812359,-0.05124824408529789,-0.14382547653179356,-0.00033844096411621917,-0.27124583413165654,0.035854065386285806,-0.15174911032730518,0.20250272689789067,-0.3695767769820007
0.3256294258287629,0.08019922808671366,0.6829883795439121,0.36176079434640807,0.2336474307757324,0.28458163212320503,0.2423687614092942,0.36109638851287884,0.21897768093652076,0.29334532341311875,0.35279850600039964,0.40264425650592733,0.29977687286694427,0.2831127692723626,0.3404428494772146,0.2974482342319543,0.2507643155592095,1.661177838703274,0.40442466512481134,-0.021139342536185483,0.35970559426766485,0.4069304248969515,0.18838155698020054,0.3698959387134927,0.2958762862949675,0.2914809148591793,0.2530806353225804,0.35825167282261167,0.4161696240822412,0.04279837328700547,0.10285839286473632,0.2535535387662863,0.341209887779706,0.25149490613571057,0.20085706695533817,0.3811965343108666,0.22418872872786985,0.051148710394736854,0.40613533977805133,-0.0469832452736336,0.2759476241330097,0.05791623438473758,0.4024977792180523,0.08370918451505385,0.6876811035363066,0.39443584175089386,0.29245267559511473,-0.19420394241787367,-0.21659774124625641,0.22117175735591033,0.34299907196388874,-0.09020473202400302,-0.3504261880392839,-0.17835957839578917,-0.07801542532027543,-0.06263190764493648,-0.19802816075618532,0.24799530274232018,-0.17552184171315652
0.2591278011271211,-0.05409288816190135,0.49496868651316095,0.30972509173708485,0.4147624050098855,0.4325411789724616,0.1619256781119934,0.3669281808468356,0.2488896314398434,0.28224257460722013,0.29321815873102286,0.3142111385812651,0.25182050164888525,0.30388854603933885,0.2875681761965943,0.3793675476996653,0.3959741794085824,0.40442466512481134,1.0272615439266932,0.10531952212355312,0.3899772614973418,0.33697137698599056,0.06542959560747025,0.27838655398833145,0.2832223363110376,0.18654941012502932,0.2202030799261833,0.3879392700518636,0.48162410966581093,0.3313124845022264,0.15856241433809393,0.3020521275668054,0.34771493172015405,0.26149502565211863,0.22384862318099835,0.325156129676748,0.3989083041335466,0.20392864099142247,0.3620745386305089,0.1087043916768275,0.48040711815811205,0.2626003418895842,0.2129006004200158,0.12001907887052629,0.4934758435069219,0.5053392632078588,0.4127130266468338,0.11826060521632759,0.21504199621597722,0.15602937826565424,0.2065660158630319,0.1780469787801339,-0.30146014534443716,-0.08041470977636957,-0.09168452333918599,-0.03545905892927813,-0.10982309355316452,0.23282630873024612,-0.18278640213964448
0.21878169162428962,0.16239536291677345,0.43298283410973626,0.2917729888239055,0.2189651428436263,0.3177342577591755,0.17728929266653065,0.34080302301318594,0.2707197904536419,0.15985645296014217,0.3465299834484598,0.25901955116897757,0.22761753538813925,0.31142485333081144,0.27951379003774074,0.2802038887460212,0.3900127513618042,-0.021139342536185483,0.10531952212355312,1.1191121455802444,0.06590497321726677,0.15603683661548995,0.06957899535301543,0.45721810783765565,0.27306803899141996,0.44950726209188857,0.3504502387758095,0.2587923751378576,0.20391357059448692,0.4534080676991796,0.08795875306349699,0.23371725353433792,0.3204345889915594,0.19054558079780579,0.3150513357785393,0.14567807138027064,0.6384168017124461,0.44632328048225406,0.26438794529184695,0.06590332521218586,0.2948834101510388,0.34066861243165264,0.5633057479018205,0.13596188606784984,0.5733973275401603,0.363350330565,0.3914340943667241,0.25598569786177233,0.33448907434032127,-0.02368514204567969,-0.20004244233638588,-0.04870128863944647,0.21581834752866189,-0.02448867006299491,0.009687182305759302,-0.038797155538307974,-0.12432791286323482,0.2778887684106752,-0.22854852909983472
0.32258732881852525,0.22161257262353354,0.46896734929959066,0.23473202978915803,0.21742848603088694,0.3023958520928673,0.2574735213876934,0.20250451141304315,0.28477499595380174,0.21118790851002606,0.3012876241053312,0.3048773825371435,0.1953608919668781,0.21938658451927492,0.2790260187255413,0.24939677215333628,0.38504437728104446,0.35970559426766485,0.3899772614973418,0.06590497321726677,1.0763359081288475,0.30102507727708677,0.23529124020425582,-0.10281030840138136,0.2695454778871347,-0.38014625929713003,0.17921463580690397,0.25274260442921953,0.3582100110424386,0.39681203583717567,0.1849313431218581,0.1778080507515875,0.17573381647671224,0.25824560044189016,0.5170470432708144,0.18934207567174882,0.31086615515277527,0.14450713631819448,0.17396083400446852,0.00970912044716494,0.28395375541189005,0.2332655237594378,0.2586157790258764,0.14262329467887538,0.810010984346114,0.30308304925955043,0.4979600278505239,0.05220639275458715,0.22602669416628096,-0.23561382469951217,0.21480833552044096,-0.12885837534789316,0.14956734471685273,-0.007559589087094123,-0.18081767078289046,0.04925681524938593,-0.2380543759026016,0.3040100266650932,-0.2618501658186851
0.2535233432129773,0.04748451185672592,0.5138567189045253,0.2547923199341913,0.23466037959418062,0.33047012751205107,0.2234929397881826,0.26395524121813924,0.2706131181291068,0.2831197278485399,0.22136081855904152,0.226063622428123,0.3531270134870739,0.23859414049882835,0.05723047318721921,0.23936110735399355,0.19874261832166393,0.4069304248969515,0.33697137698599056,0.15603683661548995,0.30102507727708677,1.335971349975166,0.48222399243993985,0.26893161548026573,0.2862413850461804,0.10958848531685202,0.2385918612095136,0.09638500282297266,0.5361708892875885,0.20687642597701428,0.07870224263414546,0.24292275753149042,0.2979194219361399,0.20412974672288509,0.1570388584358243,0.333143202071031,0.23943668866473589,0.18580574557905116,0.2982213720225868,0.04564014298026301,0.25341033663099466,0.21347899504866735,0.3379221079394964,0.19137277488512894,0.16103324487162363,0.43300127766534874,0.42236988827331784,-0.2880025318811134,0.6932809389757822,-0.061330733971082935,0.024798705825889538,-0.2805202210529336,0.18051027007219897,-0.09045819607642835,-0.08456871838510446,-0.04878733619766392,-0.2811328940506404,0.18001724436171346,0.05880345406530239
0.14099619702918245,-0.11436350452664738,0.35833016346518876,0.20491991526064232,0.18797231787669436,0.11419197912763031,0.1548788502178815,0.13562871314524438,0.19532693817104232,0.316256227786424,0.14157981577283837,0.126344336460339,0.13466875100744202,0.13861746300804909,0.11674804375306179,0.08426102778770837,0.03589099349050817,0.18838155698020054,0.06542959560747025,0.06957899535301543,0.23529124020425582,0.48222399243993985,1.6347958630844892,0.3697366181519884,0.4395976459777664,0.13776634910445143,0.11690704139435906,-0.1738821457903954,0.607171603551236,0.2999316970889478,0.2684235167237966,0.09964448405526198,0.2481076927077714,0.3796201954262851,-0.03954010392239159,0.41540958517922316,0.45255228911627365,0.051162999214280754,0.3738232941814133,0.002450697349289892,0.5535402150672856,0.15888749025921087,0.13177954322688737,0.2999050220675773,0.02977419692246138,0.5364825190061236,0.47027638628200896,0.1303433936573872,0.42957100497234313,-0.10108091335961532,0.10548773492085646,-0.34712319364446165,0.4122382990813453,-0.07488644118043132,-0.08007150101573982,0.0147121176822055,-0.11176823522156006,0.04429044634406644,0.025437463534608466
0.1260229863065398,0.09164569444717091,0.5841570316289397,0.33953907749785567,0.2786087818596841,0.35829160542829636,0.2544233349078529,0.3223592906800239,0.4111731890444312,0.3695473051384975,0.3458618440599871,0.20640161084740133,0.3303040911835655,0.29347698734595096,0.3068468981499955,0.2560616270065016,0.21110907475162213,0.3698959387134927,0.27838655398833145,0.45721810783765565,-0.10281030840138136,0.26893161548026573,0.3697366181519884,1.890846966180152,0.3079878389967305,1.009228842366981,0.1446756456072058,0.2484482080758825,0.9380176595153814,0.38971868824310546,0.1544602659706057,0.2552884789769472,0.5045700780536845,0.010022926295145037,0.1268406972499709,0.5986010861020562,0.4859787467074303,0.2544681826485239,0.3154314663964698,0.08174106581884975,0.632161380931083,0.28497602137944056,0.23750788666126818,0.12619211784343165,0.3823306950209245,0.7379346757993622,0.35313917879563184,-0.008285816844035768,-0.06536503373905131,0.019850838513752394,0.024979766566567318,-0.1010877343512614,0.1366184831487178,-0.13448171446393065,-0.1672028497081539,0.05027720924044512,-0.060825781656690864,-0.02404619143540535,0.1635744480237134
0.2763665145754448,0.0544023973203571,0.5925013978631223,0.3197890625622323,0.26315957785207533,0.27489963352471297,0.18441849933653975,0.373062190224992,0.2090615325274419,0.32399328017845236,0.3174819649623194,0.3521255309195065,0.22338736378544946,0.3143927568913093,0.3282740666547541,0.3606252673593643,0.33202308472170317,0.2958762862949675,0.2832223363110376,0.27306803899141996,0.2695454778871347,0.2862413850461804,0.4395976459777664,0.3079878389967305,0.7373205753255034,0.22044055140026134,0.24219181229483147,0.13669628633334527,0.6285421851153995,0.2536364796002665,0.14877773242316883,0.252982409594669,0.19469824352775908,0.4147769130564898,0.3105828498313389,0.3199082634763922,0.47249351061068545,0.19340952650128132,0.22860133053936324,0.01362213505072791,0.51996315011447,0.2680835701665281,0.2689952949531296,0.1448560008014553,0.3887561426888093,0.5520805128402133,0.5101916942671881,0.11617450175063523,0.21082426469060042,-0.15431007007084116,0.09897002579689702,-0.1367336503370487,0.21973437204422058,-0.037783273779842225,-0.1241542628276535,0.04380336729599712,-0.10259858656993442,0.18959983188450957,-0.2647733608485623
0.1855705823914619,0.08462106379016573,0.6369202734492457,0.3144514850448753,0.2898904215480837,0.32766810225993187,0.1346476636843939,0.48498402086152714,0.3491158318449866,0.3479895872209307,0.37490012212966134,0.24489315247325136,0.3045818602035214,0.39286619992819105,0.295409857314284,0.25212773534618893,0.19307313168991377,0.2914809148591793,0.18654941012502932,0.44950726209188857,-0.38014625929713003,0.10958848531685202,0.13776634910445143,1.009228842366981,0.22044055140026134,3.4176509217051043,0.2898592076284705,0.23018571506744198,-0.12416018307877952,-0.3140449257161567,0.35997629581832014,0.42810789119226167,0.061569743165751374,0.260651762199555,0.39688366665950636,0.2609669754065139,0.04723685350256345,0.21452424723714092,0.45003631161556773,0.6155817768949797,1.0578714854873408,0.4683748316585008,0.5064902130344575,0.013661327822720152,1.2275289754112604,0.6378280124072944,0.5177174654719919,0.36357876837739367,-0.03719244912519837,0.11930117374532848,0.1617953914227602,-0.1814775734208328,-0.019593078361801294,-0.08429147381662422,0.08095748581273199,0.03254698839243868,-0.3205020514786002,0.4449047296713037,-0.23885327196102973
0.23956242853011678,0.06305669550037812,0.4869441792053633,0.2637689664138533,0.1678737645053661,0.22333071505606156,0.1631630701601731,0.3036943368711285,0.1924849767994079,0.19037820373030476,0.2563119272554828,0.28640971503060675,0.21290427010915366,0.2504434390195017,0.19252547416233762,0.2819365765959555,0.2817596399554615,0.2530806353225804,0.2202030799261833,0.3504502387758095,0.17921463580690397,0.2385918612095136,0.11690704139435906,0.1446756456072058,0.24219181229483147,0.2898592076284705,0.9459863267651479,0.2666874086966188,0.19597699173123845,0.20552289818589323,0.02436514681371981,0.22452189677537743,0.3346154398477004,0.16342582925603802,0.24858675644745407,0.3849586134408074,0.3577053965361581,0.18861191397528315,0.1773559154152196,0.011009238428526356,0.31642556556456347,0.2543662845230739,0.6229538721663631,0.13152923104282177,0.5567680457819897,0.24531310759342778,0.19721807622958762,0.028527762188492137,-0.023291039651694028,-0.0726764123413599,-0.04759495564694957,0.07311540462269656,0.1046642294359692,-0.07816762794500284,0.022424052034659282,-0.05266387174056499,-0.12091587097330923,0.20375687154964023,-0.11464049427552574
0.13744291155938101,0.12166746355868062,0.35631901519650205,0.20292298026867286,0.08989588074865736,0.24110778466885116,0.10180273918177893,0.23430873774997077,0.13401858562953267,0.16789797138684806,0.22345619893064486,0.16649815383009428,0.18972868458391975,0.18320918854346022,0.2780107440177576,0.2582308488209853,0.5143338359960605,0.35825167282261167,0.3879392700518636,0.2587923751378576,0.25274260442921953,0.09638500282297266,-0.1738821457903954,0.2484482080758825,0.13669628633334527,0.23018571506744198,0.2666874086966188,1.2776705580263437,0.30954232066292153,0.03499148243913784,0.12251052638802616,0.22607796758358042,0.5369919914771228,0.06644779438981442,0.7513996148353607,0.1660227825190278,0.5906887343468056,0.19027976869039812,0.28066683121045766,0.18301468810107152,0.47657098481074384,0.2954459050634487,0.29579650201607366,0.19671706196444855,0.5061403030596767,0.24969027311370343,0.26863070172589176,0.21771458129972537,0.07621122539120202,0.36887257873074086,-0.007761776784489443,0.649812925873216,-0.9533658538880638,0.011490366823556815,0.14578433546781697,-0.0862039739903904,-0.010726402987275991,0.02563253890091269,0.13202236823024968
0.18738388163918832,0.14126458394456765,0.7037785564829545,0.39858604347856036,0.3883491172917519,0.485876042135882,0.24538089049239456,0.34627054249348443,0.29138865055712054,0.4976853302451467,0.4009576962536469,0.2550402257978442,0.4674144693567803,0.27344512589947684,0.3715444383939379,0.40337721707994073,0.3872823583441869,0.4161696240822412,0.48162410966581093,0.20391357059448692,0.3582100110424386,0.5361708892875885,0.607171603551236,0.9380176595153814,0.6285421851153995,-0.12416018307877952,0.19597699173123845,0.30954232066292153,4.160109092363743,-0.026573228286851724,-0.2660164553117833,0.2884411851306787,0.4520370503964185,0.5788879185831454,-0.06028188558287549,0.6942936146027853,0.8457769467955144,0.089318516732054,0.13368269322509221,0.006158761340454267,1.2122308054425,0.27314855522601456,-0.018173578124409073,0.05769622145965352,-0.1778192428985619,0.9299074161530461,0.5596360702814802,-0.03663611572126157,-0.00254698625419201,0.16446160606488067,0.10866664596497413,0.12448449583034392,-0.3071697454340298,0.09785147277749424,-0.16790629952354108,-0.19266830072725988,-0.2905562008928692,0.05113366031234723,0.4107907936183811
0.32691516257869513,-0.014057666109333669,-0.10875250610118502,0.14273723372743058,0.23079090705693156,0.1923321905390278,0.23689939399125753,0.10655578313185082,0.2507340236842559,0.07987814247525171,0.17797071877009457,0.19668262026311117,0.10905827440491365,0.18362985400306342,0.2632901709085307,0.16516154374212397,0.1320132866384643,0.04279837328700547,0.3313124845022264,0.4534080676991796,0.39681203583717567,0.20687642597701428,0.2999316970889478,0.38971868824310546,0.2536364796002665,-0.3140449257161567,0.20552289818589323,0.03499148243913784,-0.026573228286851724,2.992138694706748,-0.17460610958437028,0.05804639720645393,0.6620068185640205,-0.3336340172600795,0.01917775741588437,0.23186223346359067,0.6657508559639779,0.24034293937745052,0.18920965246956006,-0.06483030168128034,0.14482235132985558,0.15521465327430692,0.6450218623995775,0.1744831963597495,0.5735916587098813,0.46578238999005206,0.6262222198937853,0.11423232186102547,1.0941989529304765,-0.24428506219826376,-0.10189138724311425,-0.5233717320961022,0.6166811107725586,0.0441296521788375,0.3319791689748953,-0.18178059697824675,-0.4193748227048028,0.7995200419169035,-0.5770140809388453
0.21448689542361396,0.09890115609786833,0.34636903599128116,0.1097439934669485,0.14489460170814797,0.1631465274319662,0.11183292333291689,0.13564178224148576,0.22085464818172076,0.21575618145837608,0.152626750953372,0.10852757969413723,0.04855620390434343,0.15819027585337564,0.16433384655835534,0.08756527358695873,0.15627603366663398,0.10285839286473632,0.15856241433809393,0.08795875306349699,0.1849313431218581,0.07870224263414546,0.2684235167237966,0.1544602659706057,0.14877773242316883,0.35997629581832014,0.02436514681371981,0.12251052638802616,-0.2660164553117833,-0.17460610958437028,1.83922932889532,0.2126699568553595,0.174963144483909,0.07911340007834454,0.20748134538551047,0.2559863458310953,-0.1017360453258664,0.2524899649019618,0.3661673597935866,0.14839456840610007,0.0756566958863692,0.18480510769273648,0.006723413459039303,0.11764136850607544,0.3644640390735704,0.45794945175610474,0.3831972321017205,0.10104758121300003,0.25293710053205837,0.08799129277592707,-0.0017842313205919075,0.05644487125904059,-0.04568769123204722,-0.030707253830266918,-0.18330008886874247,0.29147605624602846,0.29962511978937645,-0.2216234399969612,-0.21578363596047073
0.26966984843434877,0.08785513374208447,0.4640315201812711,0.33538708402350487,0.24789336828730119,0.31513998501870877,0.16299156512757584,0.34627333319687825,0.2177059435047814,0.26436293877464806,0.27497298846767937,0.29900580897371537,0.19886049312765391,0.38259870705626287,0.24232437377101373,0.3052342300617991,0.2692372584931948,0.2535535387662863,0.3020521275668054,0.23371725353433792,0.1778080507515875,0.24292275753149042,0.09964448405526198,0.2552884789769472,0.252982409594669,0.42810789119226167,0.22452189677537743,0.22607796758358042,0.2884411851306787,0.05804639720645393,0.2126699568553595,0.5602884325417529,0.1325184713558597,0.33299933564807255,0.2589435059252512,0.24319764792339257,0.16237019806475678,0.19379531803593025,0.2892785084669395,0.1294619397407931,0.42789396827823123,0.21766191225929993,0.1618608322109209,0.10768916240488738,0.36244290973218657,0.3894055120854821,0.41218379692676016,0.10508011645802343,0.33851730203782515,0.02515507385909088,0.0517022181837562,0.08517366547157715,-0.15541787726333117,-0.010636564446642367,-0.12074261735917143,0.02206185218777505,0.24393573623109363,-0.03488754866497942,-0.2698895496032853
0.2144335483093492,-0.038881734226349295,0.32807906101334045,0.21585942158919985,0.16922758661292725,0.20305158829254322,0.16411758638975293,0.19581253424764083,0.23974883965398971,0.08244524683861627,0.18261510796760552,0.15376514705483915,0.20155622502638781,0.18285474352803288,0.19594663943377075,0.15808703340734717,0.2980626425078563,0.341209887779706,0.34771493172015405,0.3204345889915594,0.17573381647671224,0.2979194219361399,0.2481076927077714,0.5045700780536845,0.19469824352775908,0.061569743165751374,0.3346154398477004,0.5369919914771228,0.4520370503964185,0.6620068185640205,0.174963144483909,0.1325184713558597,1.8485775578798085,-0.20467508895685588,-0.4543347303674907,0.21706921433993162,0.6990984489683593,0.2299397021858578,0.2120356759972889,-0.08356745786369821,0.07131093381664545,0.2448240319649493,0.38997790675890315,0.1770010655596501,0.31438092794131156,0.5470284337456055,0.47901160258973724,0.11234178395493194,0.3371266235088508,0.20683439113685828,-0.03543082864160993,-0.025538827242009562,-0.03485032244540009,-0.1850497303786316,0.18485140439583503,-0.21000040357118976,-0.23211403415135587,0.32531885370632435,0.02200290485589524
-0.08982937382740158,0.03867902072514495,0.4394120175393999,0.4377830948499287,0.3512326904772665,0.33077483361067284,0.1433479194683755,0.3462261716364856,0.12824624841038332,0.46175014655923247,0.29007203900903955,0.3221790608896185,0.2240188449182619,0.29190534720929906,0.28477227241284664,0.35573747483156304,0.3413003870454023,0.25149490613571057,0.26149502565211863,0.19054558079780579,0.25824560044189016,0.20412974672288509,0.3796201954262851,0.010022926295145037,0.4147769130564898,0.260651762199555,0.16342582925603802,0.06644779438981442,0.5788879185831454,-0.3336340172600795,0.07911340007834454,0.33299933564807255,-0.20467508895685588,1.8703508551387962,0.37252725476059473,0.08518319250316791,0.8682493287022153,0.13761162418302542,0.11230658571279173,0.035950489332482995,0.667382709397843,0.35092696427578063,0.16910678196118759,0.20175448203440097,0.27326030335475243,0.1978076667689911,0.6801011583842734,0.32320341480687276,0.22268012735476414,-0.07885412849714626,0.031488296847028044,-0.08532124616913091,0.06961327511342268,0.08200453917652412,-0.2894742525137245,0.02831193977240844,-0.060392951544031764,-0.05415745123191577,0.11218632906918327
