1.026322078847744,0.2925948474122108,0.44863136398334647,-0.051483459011602284,0.17317626272409506,0.18202565482368135,0.25372278162114054,0.06902921521501351,0.1483703156966158,0.17034550135744222,0.1088279353680949,0.16635210459841937,0.046785289238677405,0.12629122663442335,0.12456482480709183,0.10718437830765176,0.11195408391248458,0.11394895520696101,0.0672348051024626,0.13904048351710316,0.10178451365046959,0.0833329545678128,0.0845584946737229,0.06213086046523428,0.08862920856759769,0.13335485003989186,0.0972664815278814,0.05996772696390375,0.12472485544723226,0.08782675301471457,0.10544534389335111,0.1060527116083777,0.09803139973520841,-0.15964799986472725,0.030315899868118137,0.23892015566790548,0.08375147664923656,0.09271761215578254,0.03476944491846179,0.037660638549479514,0.1333752272149547,0.0944668314416093,-0.028278751235973974,0.005245598808737831,0.1427875247920415,0.19482714781554933,0.027372444930583002,-0.16535132168196634,0.03084372213195998,0.013069403472339779,-0.026801889188213843,-0.006569256184454745,0.03245232869353636,-0.002589088803246314,0.014248912062643868,0.00864516333137706,0.01841537026245848,0.24326218054980686,-0.3109414977753765
0.2925948474122108,3.3934841241669216,1.0519627508955427,0.41274080154494575,0.11607722287229083,0.16100778973716534,0.3014214224392043,0.3909859959433355,0.33582818207236903,0.3381432200765682,0.3138684209016235,0.3700439186537085,0.27195373390813704,0.20379424323732587,0.5036569915669671,0.26592113921090915,0.32321070137539853,0.48070232403888147,0.1304714890102178,0.5648532848237905,0.3772582665811671,0.06858176529912646,0.1123380658335444,0.274330643898807,0.44274214123870664,0.3217299716165128,0.276915913227573,0.20848902942344652,0.6932515984344151,0.1159165685463247,0.44122300547989945,0.17599984044752753,0.2991273453124752,0.36955065240538154,0.10711070151727235,0.6238030135312123,0.5442153778415881,0.32945329151334724,0.33517881948767064,0.17035205601560033,0.3921786308046977,0.3606703697213583,-0.023074882168155907,-0.005828504467433523,0.45395645350332836,0.6083636650440536,0.24965317103395385,-0.37794043272401795,-0.3519566659516734,-0.18849605398240835,0.3336563093835829,0.1039917601057059,-0.009913874798602094,-0.2842381379256853,-0.31091827251324283,-0.2916976664065209,-0.7133735544409427,0.9633898829696607,-0.07255986375158464
0.44863136398334647,1.0519627508955427,2.0411009496150774,0.05612440465682293,-0.37495301713290086,0.25520785852334027,0.19206631874946983,0.253946797034898,0.4181884232692284,0.24848380860683453,0.1463980053022097,0.14213041630532391,0.1478321097493099,0.08349937150716517,0.31731662988895576,0.06903546706107895,0.22375895792569697,0.27238748388075884,0.14707804032137775,0.3153084654422867,0.21082418394364333,0.20763565123254107,0.15516171520953753,0.15045426286164443,0.21676827839529839,0.24790209715058478,0.12056407141826157,0.21010587692511182,0.48837405225862734,-0.16390040353926158,0.24543401944386806,0.12314086138604012,0.14451603955388131,0.24499858206438335,0.1832283061852736,0.6389652925651503,0.2593964026093769,0.2097713194577309,0.2745827116871904,-0.04657282240932187,0.19394870200305783,0.21890074199484258,-0.16628387530578956,0.016417464441913096,0.2646156116285718,0.5584875177416018,0.0892834990908055,-0.4742510470413127,-0.33221637644496266,0.1343697437326453,-0.03730436706993527,0.14148644940186852,-0.14941398536218628,-0.1114176904610928,-0.08495542976785259,-0.04041119291878942,-0.15092952078954128,0.3008320500295401,-0.20942785201944358
-0.051483459011602284,0.41274080154494575,0.05612440465682293,2.3006427833830156,0.46346593600669833,0.3545758890833739,0.4161624846701166,0.6083498766070765,0.20068151117524732,0.43094489593601903,0.447105997828293,0.5625931300130905,0.2615922223985551,0.43082912556151703,0.3185009067892849,0.45686683764694885,0.4098575371444848,0.3885541205479589,0.29739833826975326,0.4195291375386859,0.25996852662131636,0.3312820754673356,0.40022085375505584,0.29937006522308707,0.43243659431162806,0.30531577069221444,0.3337820679692695,-0.13630481416502116,0.5963911071296525,0.14335043217561372,0.2814826423791607,0.3450551885704528,0.155458389733403,0.5714472629551824,-0.28377844512376205,0.41999426463009126,0.32433602177287385,0.23479925549501737,0.3839733680892639,0.14140924909302083,0.24740976424460923,0.2717033850295128,0.29883643333696036,0.04956500038373378,0.0010581138322367494,0.421771048231839,0.5308750193195686,-0.29515408649375136,0.36743985174664745,-0.021460836779111564,-0.025385692887281142,-0.024631021474076073,0.14768665767693145,-0.2422393290321584,-0.2510856486182374,-0.023046356076965684,-0.26920279034227523,0.6960524177654,-0.266215665701206
0.17317626272409506,0.11607722287229083,-0.37495301713290086,0.46346593600669833,1.3685745780666068,0.48167460111761434,0.3516000052948979,0.2574903327576454,0.03920277182405415,0.2945184799287706,0.3452381088958752,0.4456972075201314,0.20507836187863787,0.2838608356545388,0.22829893328043044,0.37992644378564955,0.3081583256300883,0.26179299151922547,0.19088672360909587,0.3286059803477118,0.2165298299830954,0.247707177717983,0.33517293927083486,0.22482943231366712,0.33624481607604806,0.24043064922000398,0.2669170457595777,-0.18643880705110008,0.3827216117809725,0.19147081744134253,0.2378439270753452,0.21978078413090804,0.09680114441672177,0.4341488429423942,-0.22793540621712394,0.302682747143565,0.2463293159023732,0.173344712701744,0.24956524859630264,0.1750565536187046,0.17358945178037669,0.2234203660362235,0.3916225869762577,0.011701123300346467,0.014169350692191553,0.2831586782721583,0.3476327419451576,-0.21683519021622882,0.13782889123471403,-0.13855521346866123,0.09254535103579352,-0.30610625255958995,0.3786123387424756,-0.07769189629010535,-0.13358635561154242,-0.060187513023050865,-0.3384171001818961,0.48889750408328436,-0.021286582332685627
0.18202565482368135,0.16100778973716534,0.25520785852334027,0.3545758890833739,0.48167460111761434,0.9446243302330556,0.22244154350012038,0.2529844032227676,0.18000485593524815,0.2622874037542084,0.27780624612009996,0.2911002596469244,0.16855293127628887,0.19979866192561585,0.26268546450423946,0.2547836200607077,0.29972781119869085,0.228218828098669,0.24065115101064297,0.3754385975770107,0.21593743274761848,0.35062010782934633,0.23892612335502514,0.16809859477436184,0.2965660443509568,0.3560487603277375,0.22555822954993676,-0.00752147199521877,0.5716319088793123,0.03756549165784939,0.1887009361405708,0.23441164608626028,-0.029214871242074197,0.44343363880813136,-0.12162763075747846,0.19954088335043108,0.26194966515516066,0.20139497440796128,0.28942134626774224,0.06755024385888626,-0.006909662803151026,0.2046811671509138,0.4332198191948254,0.01564334497120651,0.19013809777149182,0.18920563651522626,0.38783281720045176,-0.21994282546515992,0.06403842148571295,0.17034283817013737,-0.43240325557066295,0.11761379875917165,-0.1772101800320181,0.0803642944339514,-0.0667861228968517,0.03117648771669382,-0.2240066127234673,0.43742193647916044,-0.20488712764303868
0.25372278162114054,0.3014214224392043,0.19206631874946983,0.4161624846701166,0.3516000052948979,0.22244154350012038,0.6748673435260372,0.14576520338191787,0.22201623518254895,0.35647396051288827,0.27509917529454764,0.41624846349199385,0.1369948052471737,0.23689511142313852,0.1646848415550867,0.2956532581298266,0.27750752390808914,0.22342376216969356,0.14223690828269342,0.2618039759218146,0.19610590779205297,0.24997953912882578,0.2591433270150785,0.20955045786437917,0.25691373260982264,0.21398972598600763,0.22366637217188332,-0.026005086802587812,0.3335106838007345,0.12767052538016738,0.20302107936397348,0.20284489182867801,0.11076212409220276,0.2867563162326915,0.014736507998690253,0.43026503481905043,0.17428973554447455,0.15527092903451536,0.2577075708847886,0.09244699422758386,0.14641035625327056,0.20153612793895256,0.16695678900283595,0.013760548695524673,0.08899233069391817,0.3378951850147154,0.11447340769243249,-0.2907165763170885,0.21904809171201883,-0.09586471014839452,-0.04149877478895249,-0.11142192820258913,0.2317736985598779,-0.10581111898143569,0.013525454970516054,0.06830313835664911,-0.09474341745372887,0.3940156813036951,-0.4475049289839443
0.06902921521501351,0.3909859959433355,0.253946797034898,0.6083498766070765,0.2574903327576454,0.2529844032227676,0.14576520338191787,1.0803112617540902,0.09640037988317281,0.4115463093330589,0.42836213728562433,0.40080003101618694,0.2587704387645503,0.2556014966033779,0.2929511982148362,0.2856977881806532,0.35317257576699895,0.3664588578726043,0.27014383555772,0.4099537588836709,0.20244071842931705,0.2032680924655355,0.24041928225435225,0.22195496734406867,0.3904106426762531,0.28809586026730666,0.2689345288640848,0.0749149077816523,0.5039510127408419,0.0793312116778112,0.2526389517582262,0.25489056211951716,0.03602268037306053,0.5396994857268036,0.20422145679421208,0.33560946158285804,0.24777170086114267,0.23676231165668618,0.429860770725233,0.20911837485618373,0.12496684254122253,0.22013016575725264,0.19454845803497323,0.04313852570487905,0.09315558142553887,0.37893034513791846,0.6079952491894901,-0.26444522796889447,0.11110021051134521,-0.051936283792659875,-0.022389901340336082,0.1827016040240515,-0.0025187689588542584,-0.16543975064332717,-0.14467159319711126,-0.06338245860435675,-0.08301138549169473,0.6449574380683352,-0.39856258842615766
0.1483703156966158,0.33582818207236903,0.4181884232692284,0.20068151117524732,0.03920277182405415,0.18000485593524815,0.22201623518254895,0.09640037988317281,0.677115665241477,0.19392561494811192,0.12197566254750601,0.12224524578071576,0.13182156037964574,0.14782007397174352,0.19247436184835706,0.14621271035780253,0.16718807583483408,0.19066953477078027,0.10653084302609792,0.1296344486383136,0.15938925756304723,0.20262669537714256,0.18951641284077592,0.1379708402241527,0.14490968051893813,0.2468040135153371,0.11763686298005899,0.019645559941815122,0.24668813939230125,-0.006658997924367692,0.16161675749014426,0.12409199175488853,0.10103178659504838,0.2709181023884163,0.05591164193590536,0.2975890519193992,0.15264329020318923,0.08421357303834812,0.1985693396659438,0.05057494315924869,0.1088359077134639,0.14959429536718263,0.12164600526223851,0.015321424571552717,0.05404040743775381,0.23825270620379574,0.15222748592596788,-0.1882859999964069,0.29923688152076106,-0.09326488034985025,0.07067955250053487,-0.017053242112245164,0.11079668184654841,-0.11718160456530322,0.06297274675878313,0.15506113037794655,-0.11839821054164365,0.17540109373691037,-0.19567195881603294
0.17034550135744222,0.3381432200765682,0.24848380860683453,0.43094489593601903,0.2945184799287706,0.2622874037542084,0.35647396051288827,0.4115463093330589,0.19392561494811192,1.1863639830783714,0.23407155888975373,0.319941803855299,0.14055416766316378,0.21363220419676915,0.21672339409023078,0.20107106483206647,0.2666316107498275,0.38068236079768164,0.13307155970403295,0.38366919886241924,0.21178110481253334,0.2310607216060743,0.2768964500029667,0.20581084759534482,0.24772703548812286,0.31486768996848524,0.22627531766743397,-0.016801167971376946,0.47986799106104905,0.11710749327412173,0.2606861239539281,0.2000773535288789,0.0953778425142693,0.4244652071691828,0.022674781350337656,0.4336488749383501,0.3815565618209636,0.223390361699893,0.3277028638697028,0.15079126734028725,0.2082813521747606,0.23159644664978993,0.17044583738032854,0.02836337340924103,0.1574549788295508,0.3722792937603169,0.4875533412159955,-0.2983625869354068,0.33888141207795464,0.08780574026999513,-0.0022615711388182668,-0.24044226050888737,0.17424135587221576,-0.11160307824679666,-0.07898831308738793,0.1205043179547174,0.08369783797702773,0.2654357103385144,-0.3699860631698308
0.1088279353680949,0.3138684209016235,0.1463980053022097,0.447105997828293,0.3452381088958752,0.27780624612009996,0.27509917529454764,0.42836213728562433,0.12197566254750601,0.23407155888975373,0.5687710205071781,0.42116072948002026,0.229567349531206,0.23752986832921477,0.3028038914421865,0.30087030200387666,0.36126444416426395,0.26021393467037984,0.27609754599030595,0.32850480230683066,0.20692265127426615,0.23037145971911677,0.261632098614963,0.19979951060879203,0.32421737145299784,0.18544330838670342,0.2513563303249945,-0.008555782052255984,0.4458271815612883,0.12724411681515205,0.22599891299596234,0.20977483113129422,0.03316827188631665,0.4369223997892747,0.10805735478196336,0.3970826091236838,0.15523114929648674,0.18580076263164313,0.31995634914868215,0.16345705506453184,0.13965515251181643,0.20729522955369561,0.21427843163577848,0.02262031284921767,-0.012436862336476298,0.3654433778470279,0.3385816763104478,-0.30480321353205414,0.0829030156262455,-0.099923717836554,0.03834744689457952,-0.1187683853068531,0.21151473380161306,-0.0714740811855089,-0.08910467261086571,-0.00976715561625511,-0.20090229555080819,0.4376313196175212,-0.19720665005735724
0.16635210459841937,0.3700439186537085,0.14213041630532391,0.5625931300130905,0.4456972075201314,0.2911002596469244,0.41624846349199385,0.40080003101618694,0.12224524578071576,0.319941803855299,0.42116072948002026,0.8129088014272656,0.19986229855012866,0.2713492992125939,0.26128567577373835,0.3528369178381029,0.3858978827440541,0.21378060747253527,0.25443830970349746,0.32002233233726785,0.19374644201053492,0.20300166269651607,0.2526170260487823,0.21688999443430135,0.3652942633777986,0.20964608428570003,0.310055181625146,-0.023913219619295854,0.3818679360289453,0.13136575929873745,0.21103264467074478,0.2486678941751661,0.04330397569381827,0.39565990224203096,0.11510479940916178,0.3931599410406328,0.08101167930993627,0.18508810041627669,0.23624631649290953,0.1647617305646267,0.10169292219058451,0.21078673198392914,0.20360951156859117,0.02227942260962207,0.021783491741910757,0.35691367018085884,0.3171832723410772,-0.3046186843113925,-0.0043063143709486515,-0.24103757036207354,0.07830110955794319,-0.12366968290744408,0.2766627748605174,-0.0681473442564518,-0.160384234642983,-0.02942707415376605,-0.20054104533659312,0.5758053458411937,-0.31644595903001904
0.046785289238677405,0.27195373390813704,0.1478321097493099,0.2615922223985551,0.20507836187863787,0.16855293127628887,0.1369948052471737,0.2587704387645503,0.13182156037964574,0.14055416766316378,0.229567349531206,0.19986229855012866,0.3842564931938994,0.14766347469181723,0.1383350265673482,0.1923508779845393,0.20910165172744452,0.17403758116999826,0.23269381188712623,0.15614076892174694,0.13917087467483927,0.27508733061737145,0.16743674031095224,0.12433089993904267,0.20945293683910143,0.1682414906943582,0.17233351870018904,0.018779646420330226,0.36363472083642023,0.047367369556075845,0.14852149040629536,0.1487176572608429,-0.0015816362017166516,0.29788184062657685,0.10297781614471371,0.30039738960591,0.04349401555668011,0.09499951407547463,0.2757353077179825,0.11252187466839905,0.0868633497689185,0.12779636799200866,0.10898239670056882,0.014174228408416908,-0.08233940697716752,0.24151247265401657,0.1625991222049883,-0.22472793186891857,0.025437651115197527,0.009626266210920005,0.011160820982709048,-0.1350315399523036,0.07684962201638786,-0.029884953111094476,-0.06278916795392124,-0.0270455350138524,-0.23624872811850434,0.15157627949966138,0.11595926865294162
0.12629122663442335,0.20379424323732587,0.08349937150716517,0.43082912556151703,0.2838608356545388,0.19979866192561585,0.23689511142313852,0.2556014966033779,0.14782007397174352,0.21363220419676915,0.23752986832921477,0.2713492992125939,0.14766347469181723,0.5419633539434121,0.19446083979956788,0.31708031574793855,0.23723850112009973,0.1791692183010326,0.20225281100687223,0.27708245080649024,0.17371429383345402,0.24547318129840973,0.24446679163669494,0.2386891259859104,0.2551887858456248,0.2647758320779727,0.229097364234166,-0.06479419715631077,0.3163754884039578,0.17629296617090673,0.18880271795872272,0.37135625071346035,0.06703835483348976,0.28832220678742476,0.05482155695216234,0.34739654618024424,0.14102539243739193,0.1604066174361489,0.1865377370242314,0.1500339223679507,0.21717346547962224,0.20371495030715978,0.17326655848553227,0.03031912513570404,-0.01917354713436166,0.30512486351460905,0.35206687963229344,-0.247925134653609,0.28350490630542313,-0.06269912857242038,0.02346041875579789,-0.3089877910869746,0.33906123137113514,-0.04487561168053032,-0.21957222821964065,-0.03777425035201147,-0.11664872676300372,0.41169056954060834,-0.0842731928798985
0.12456482480709183,0.5036569915669671,0.31731662988895576,0.3185009067892849,0.22829893328043044,0.26268546450423946,0.1646848415550867,0.2929511982148362,0.19247436184835706,0.21672339409023078,0.3028038914421865,0.26128567577373835,0.1383350265673482,0.19446083979956788,0.7023211184123602,0.19462787994598638,0.22126667328938598,0.3811098353987697,0.1833038750181941,0.2984075296311642,0.21280786128516244,0.14384122219938747,0.3150319717124815,0.19695052067148203,0.33259435792634895,0.22031665841633732,0.19101104625433019,0.05609771096304183,0.47296763887328414,0.10768852176906316,0.2500445255708418,0.16269007418908446,0.13195883618602877,0.3711416508937284,-0.021711874737187928,0.44596233621304,0.267754287485323,0.16382965873727162,0.33382751370376407,0.08631091513896717,0.18714792584081053,0.20612757888944114,0.2026820410495014,0.02266706777117083,0.08192742568224896,0.39405916768444177,0.253716148892666,-0.294255111058751,0.0830649429351621,0.1695111083762209,-0.04761049037168256,0.12892027838630268,-0.10786171371099275,-0.16208224424554243,-0.036025519310370895,0.040006105125872195,-0.270953716430927,0.4583969375347084,-0.2309298203694132
0.10718437830765176,0.26592113921090915,0.06903546706107895,0.45686683764694885,0.37992644378564955,0.2547836200607077,0.2956532581298266,0.2856977881806532,0.14621271035780253,0.20107106483206647,0.30087030200387666,0.3528369178381029,0.1923508779845393,0.31708031574793855,0.19462787994598638,0.7464424597774769,0.3788529336833655,0.17332243705667957,0.2983164220096749,0.31684330493675317,0.2004683358620525,0.2785913297940566,0.1962016662673832,0.2144573291024519,0.359988552170281,0.304734961109775,0.30256105584498183,0.024652213037581007,0.42106745320879885,0.1972555099490358,0.22108971008188968,0.24823164367786385,-0.03896341386362097,0.3975767804890088,0.2981515374932597,0.36820201355113247,0.1026195775314855,0.1746661925040006,0.3151568911971267,0.22175269371204048,0.13822090729729758,0.2528154230064021,0.2771637262390932,0.027380584993273303,0.06836960481233681,0.30077515198290555,0.35002108569803964,-0.26759328084338657,0.08543955536123206,-0.23719435631795246,-0.05405269061900164,-0.13432960735170846,0.31648684058722276,-0.05713935765698804,-0.1018946706146098,0.029650444853461768,-0.30862045017232725,0.5318865857454004,-0.15729835459880429
0.11195408391248458,0.32321070137539853,0.22375895792569697,0.4098575371444848,0.3081583256300883,0.29972781119869085,0.27750752390808914,0.35317257576699895,0.16718807583483408,0.2666316107498275,0.36126444416426395,0.3858978827440541,0.20910165172744452,0.23723850112009973,0.22126667328938598,0.3788529336833655,0.9263590595274861,0.09466570032197398,0.33881372055382064,0.4760757174530253,0.23408562186619927,0.3462749346256136,0.2250547116052172,0.2287256200250355,0.36245432766253993,0.09007544055504352,0.28820336098100496,0.0019335670306493552,0.47712793480046634,0.18609121288179137,0.2528022614324383,0.2021232224504587,0.036021220191353114,0.43253009374254564,0.07213176574061365,0.40326643708063786,0.3700779942900153,0.25921083533297257,0.31648078623841336,0.16375591653418772,0.19577332398095357,0.2427903359086699,0.2901106257311919,0.01980313625687751,0.08782223389117509,0.3948040808057236,0.4635644111547331,-0.34162289219201747,0.029886038381449036,0.0966024372415627,0.022629312642653714,-0.3650322478615397,0.18751299202354116,-0.01621278505300543,-0.0658812221290086,-0.061628536759084626,-0.2698066254545237,0.47170105554410174,-0.13811839791173244
0.11394895520696101,0.48070232403888147,0.27238748388075884,0.3885541205479589,0.26179299151922547,0.228218828098669,0.22342376216969356,0.3664588578726043,0.19066953477078027,0.38068236079768164,0.26021393467037984,0.21378060747253527,0.17403758116999826,0.1791692183010326,0.3811098353987697,0.17332243705667957,0.09466570032197398,1.1969935868276302,0.23890645305972336,0.14021418482702314,0.25676766595700967,0.3481946528553059,0.6097576517244874,0.1499542144431237,0.31880663079421795,0.3695115000267073,0.17346632174782306,0.03730447771977561,0.6119622348004403,-0.06977677279871344,0.34667104108712676,0.18737169725323752,0.12757702337231694,0.45698047356321875,-0.19394825837774993,0.6437389148783593,0.2148620228891898,0.10143688185489362,0.44978158491866976,0.1810179692063645,0.24230374416272946,0.21855469842295341,-0.010381358494763066,0.02141644850987354,0.13714716912451372,0.5009077575472154,0.26503599905185027,-0.365173594061986,0.05097448992815753,0.21845792683779816,0.4843702189616389,-0.05319784373119738,-0.5000776593883991,-0.33424590619353317,-0.0277225252819865,0.02636082524693355,-0.16138732029844358,0.40909941875484823,-0.31380105185792195
0.0672348051024626,0.1304714890102178,0.14707804032137775,0.29739833826975326,0.19088672360909587,0.24065115101064297,0.14223690828269342,0.27014383555772,0.10653084302609792,0.13307155970403295,0.27609754599030595,0.25443830970349746,0.23269381188712623,0.20225281100687223,0.1833038750181941,0.2983164220096749,0.33881372055382064,0.23890645305972336,1.6161828287846878,-0.2046716485804573,0.10013001766416434,0.6367802006037706,0.16055319879389082,0.17526540226456214,0.2342303878483804,-0.04101020144906465,0.1031534005448637,0.09922981842335486,0.37139463788198523,0.34934549822831,0.12908262377221344,0.1841317633080673,0.10569950840277373,0.09786545426768539,0.08832782720392149,0.48707292175421607,-0.10653750421256401,-0.07004792581669225,0.223847722098754,-0.019239279717046545,-0.06657033344034269,0.07280812318762689,0.2602467885005049,0.033518769484280606,-0.25151180926983324,0.4192291032129956,-0.04869955699954064,-0.49623941463249566,-0.47698372813817647,0.32566419406026753,0.02681721176205078,-0.6305490971242853,0.015091867258124001,0.14929935227693453,-0.02717663450357326,0.0345894148944909,-0.23509969363713756,0.2533715319041407,-0.007950683113603805
0.13904048351710316,0.5648532848237905,0.3153084654422867,0.4195291375386859,0.3286059803477118,0.3754385975770107,0.2618039759218146,0.4099537588836709,0.1296344486383136,0.38366919886241924,0.32850480230683066,0.32002233233726785,0.15614076892174694,0.27708245080649024,0.2984075296311642,0.31684330493675317,0.4760757174530253,0.14021418482702314,-0.2046716485804573,1.6083173475502586,0.35657472768812,-0.10488132597213613,0.2070085754346783,0.3062150983273864,0.40232418776314915,0.5755705601167966,0.47457639363302623,0.023435423301885736,0.6537844139600649,0.41310609696478656,0.4486446827188137,0.23554886326720625,0.06874887020199912,0.584608277176237,0.08550647268738926,0.47014003053986286,0.7502468269626282,0.7915759323461641,0.4998188209779758,0.3887350255910183,0.5623452005210273,0.48024998222146703,0.47492417995408914,0.0009637011756875962,0.6634988186548334,0.4199670056297069,0.5684857620115872,-0.2183165246975597,0.6928927219230974,-0.09536124102406421,-0.3048902524183585,0.1722000741982135,0.2873623001200332,-0.23559827865264704,-0.15683691888583262,-0.0850184818111113,-0.13614194002174584,0.4576928235648157,-0.21801224453830273
0.10178451365046959,0.3772582665811671,0.21082418394364333,0.25996852662131636,0.2165298299830954,0.21593743274761848,0.19610590779205297,0.20244071842931705,0.15938925756304723,0.21178110481253334,0.20692265127426615,0.19374644201053492,0.13917087467483927,0.17371429383345402,0.21280786128516244,0.2004683358620525,0.23408562186619927,0.25676766595700967,0.10013001766416434,0.35657472768812,0.5389880304284782,0.08527469529266718,0.13906356466276584,0.23955010297261617,0.24131327363282942,0.08261101252606372,0.17997451907303885,0.1155302019774983,0.3249811347364867,0.2828000662473621,0.3213118968100267,0.1380747235084389,0.29811851920203025,0.22373310113066075,0.037993492183809464,0.46209344270051067,0.43395766008229975,0.2037335490595834,0.34517623415801263,0.1810081342882022,0.3540826610022777,0.38264888550962817,0.2214260998613777,0.006557500303228539,0.456008481197671,0.35089325798210136,0.3353463006715363,-0.22269012477570088,0.07225410251056938,0.03733202158228282,-0.017503417939637004,-0.11999610763953183,0.1580978377726913,-0.12011193571628251,-0.04075202638251216,-0.02452463342308812,-0.1766637699247247,0.3266005522610013,-0.18333302737248244
0.0833329545678128,0.06858176529912646,0.20763565123254107,0.3312820754673356,0.247707177717983,0.35062010782934633,0.24997953912882578,0.2032680924655355,0.20262669537714256,0.2310607216060743,0.23037145971911677,0.20300166269651607,0.27508733061737145,0.24547318129840973,0.14384122219938747,0.2785913297940566,0.3462749346256136,0.3481946528553059,0.6367802006037706,-0.10488132597213613,0.08527469529266718,1.9842820011259437,0.4358457194060013,0.04387804786314348,0.21353373133939724,0.3025254748536891,0.1796570579572517,-0.22106320944771388,0.5834538890220822,-0.24801030622237782,0.08842476783693617,0.29729413956319606,-0.22380057385984967,0.5143728963794174,-0.07937353606214548,0.24137285016987392,-0.19774526236156822,-0.030887197813409747,0.5061159734004711,0.05463840364633575,-0.26962245700387727,0.058487399941058435,0.23096880319668026,0.045345811797516435,-0.23480706275106186,0.18886016185841842,0.21863442978713732,-0.32526080363319093,0.10214134063557873,0.1488582617173638,0.011649349145853914,-0.7751661165801538,0.10503320972374106,0.0960006487673812,0.0005966235021107236,0.12726819348502136,-0.2303358411417002,0.21444951012543972,-0.0650387306549825
0.0845584946737229,0.1123380658335444,0.15516171520953753,0.40022085375505584,0.33517293927083486,0.23892612335502514,0.2591433270150785,0.24041928225435225,0.18951641284077592,0.2768964500029667,0.261632098614963,0.2526170260487823,0.16743674031095224,0.24446679163669494,0.3150319717124815,0.1962016662673832,0.2250547116052172,0.6097576517244874,0.16055319879389082,0.2070085754346783,0.13906356466276584,0.4358457194060013,1.403766578787573,0.202067184331328,0.42277725924418075,0.2853233933862719,0.1505401595738673,-0.4791731325946858,0.7625059898915663,0.09065850807374469,0.10721305416557061,0.17653487013087932,-0.15485842116360948,0.5530809231004248,-0.4735086395331288,0.9232271230833053,-0.08776520360225656,0.09413031826702326,0.35781081463232894,0.1720656842373474,0.33048762502455353,0.14792962817061134,0.2571279043100274,0.0700858644030914,-0.41405796296717595,0.6081711272625194,0.26343524933578255,-0.6054217600789145,0.4981061051494408,0.006406200570810559,0.14742260830930554,-0.34341912969866345,0.23697521464797977,-0.15872689562611275,-0.11285136397077816,0.07517165558070059,-0.13461345726916094,0.3295875573398357,-0.1252842060304022
0.06213086046523428,0.274330643898807,0.15045426286164443,0.29937006522308707,0.22482943231366712,0.16809859477436184,0.20955045786437917,0.22195496734406867,0.1379708402241527,0.20581084759534482,0.19979951060879203,0.21688999443430135,0.12433089993904267,0.2386891259859104,0.19695052067148203,0.2144573291024519,0.2287256200250355,0.1499542144431237,0.17526540226456214,0.3062150983273864,0.23955010297261617,0.04387804786314348,0.202067184331328,0.7018473257689621,0.26008884228512935,-0.06570866105983708,0.2029231278423182,0.2989644762421197,0.15374056858001675,0.6188793478509524,0.30992557158442535,0.22110188684399473,0.7080759803532041,-0.052055916550265896,0.10449206239997677,0.6733077277023763,0.4763420520945054,0.18262775175781046,0.2676454310426684,0.17601752439849666,0.368419306626736,0.2670131931856783,0.4348095109906142,0.05026068373381714,0.026733794410275055,0.5846429625789435,0.22988483520992714,-0.4580925632423586,0.2454017730225536,-0.045300027273617066,-0.03266906471001378,-0.07943576675920473,0.2499558305202131,-0.11643650237255487,-0.1161510573846068,-0.06644745041616568,-0.0848707884438508,0.3798051695564195,-0.22130833249484264
0.08862920856759769,0.44274214123870664,0.21676827839529839,0.43243659431162806,0.33624481607604806,0.2965660443509568,0.25691373260982264,0.3904106426762531,0.14490968051893813,0.24772703548812286,0.32421737145299784,0.3652942633777986,0.20945293683910143,0.2551887858456248,0.33259435792634895,0.359988552170281,0.36245432766253993,0.31880663079421795,0.2342303878483804,0.40232418776314915,0.24131327363282942,0.21353373133939724,0.42277725924418075,0.26008884228512935,1.0196123789086462,0.21548686603706144,0.27246338084116334,-0.08118449730618486,0.7507775793018481,0.3415978963938188,0.23800635472496798,0.18318074817574553,0.036447310552643615,0.6152424729105276,0.1243462019772567,0.4842634466005326,0.27967306050651264,0.22310235669018968,0.4800758999241664,0.14511965633760793,0.09392980219984082,0.2525206924717776,0.5056637811785802,0.05246846144289306,0.07054467009213417,0.5194264374703289,0.45546817184597166,-0.4441418403701175,-0.12184104308989077,-0.3106188794938499,-0.11897843129335428,-0.0710210418718878,0.4128854409661662,-0.11491180143707624,0.0011495850570995131,-0.025775319671640394,-0.3993448847763373,0.5851670688942354,-0.19521300278738318
0.13335485003989186,0.3217299716165128,0.24790209715058478,0.30531577069221444,0.24043064922000398,0.3560487603277375,0.21398972598600763,0.28809586026730666,0.2468040135153371,0.31486768996848524,0.18544330838670342,0.20964608428570003,0.1682414906943582,0.2647758320779727,0.22031665841633732,0.304734961109775,0.09007544055504352,0.3695115000267073,-0.04101020144906465,0.5755705601167966,0.08261101252606372,0.3025254748536891,0.2853233933862719,-0.06570866105983708,0.21548686603706144,2.0179477900969656,0.24594219304830778,-0.06181746493229128,0.3138585946922531,-0.5603900458409192,0.0674124147541727,0.3642771844525801,-0.570422050386095,0.7590146541532613,0.27526943834540046,-0.013655609895025083,-0.373190012092355,0.264746518629348,0.33183045039524217,0.22971891487499252,-0.13351588985634866,0.2489330922720375,0.31635685716561207,0.003293906182320828,0.6224521374017693,-0.20492323285197658,0.20012576604392665,0.0958487334061755,0.30262454763980945,0.07999783894156301,-0.1308855887454304,0.18677410512805329,-0.4505454336097838,0.019150974982909567,-0.07973824659649759,0.09128946686104943,-0.12073190564947174,0.3254017943763486,-0.2068086307392142
0.0972664815278814,0.276915913227573,0.12056407141826157,0.3337820679692695,0.2669170457595777,0.22555822954993676,0.22366637217188332,0.2689345288640848,0.11763686298005899,0.22627531766743397,0.2513563303249945,0.310055181625146,0.17233351870018904,0.229097364234166,0.19101104625433019,0.30256105584498183,0.28820336098100496,0.17346632174782306,0.1031534005448637,0.47457639363302623,0.17997451907303885,0.1796570579572517,0.1505401595738673,0.2029231278423182,0.27246338084116334,0.24594219304830778,0.5908062504755123,0.05792924755120833,0.34511330700586745,0.190866186722318,0.2528536288767049,0.23214472872560682,0.09161277333112737,0.3368938571066521,0.13259742805929087,0.33542350197505033,0.24473527031891756,0.2458427671272974,0.2710287548598046,0.17862851738699312,0.13348421329216767,0.21742039092457804,0.4017512508368807,0.007079018950293818,0.13614150755280835,0.2778524116883632,0.2930078161011857,-0.23880535447390575,0.25519816631169434,-0.11926217711912249,-0.08928816138066488,-0.010719418996819776,0.17144498858237675,-0.055035401747012255,-0.08199622355831047,-0.010264282331788823,-0.1419155179654438,0.3257343368074523,-0.12994414391225106
0.05996772696390375,0.20848902942344652,0.21010587692511182,-0.13630481416502116,-0.18643880705110008,-0.00752147199521877,-0.026005086802587812,0.0749149077816523,0.019645559941815122,-0.016801167971376946,-0.008555782052255984,-0.023913219619295854,0.018779646420330226,-0.06479419715631077,0.05609771096304183,0.024652213037581007,0.0019335670306493552,0.03730447771977561,0.09922981842335486,0.023435423301885736,0.1155302019774983,-0.22106320944771388,-0.4791731325946858,0.2989644762421197,-0.08118449730618486,-0.06181746493229128,0.05792924755120833,1.5700517266584684,-0.3989493271875001,0.20596036962362851,0.2704512576963355,0.11514865607137033,0.9233347539569968,-0.5061774512155857,0.8978107826246925,0.41812089223310367,0.3108157898289887,0.05345992389125633,0.10047141967183548,0.16825199203343683,-0.06573283809970776,0.1637695382774522,0.12546432717241723,0.09057112891929685,0.3228384241812454,0.2583986548873326,-0.18881439871577257,-0.25389494399843443,-0.5472635762316137,0.16526944093312257,0.10419353838429213,1.1591342612461542,-1.4075183608968078,0.054107742684672826,0.10841780023732912,-0.06504146239871908,0.09380396418726628,-0.02523407311861902,-0.17745980311974813
0.12472485544723226,0.6932515984344151,0.48837405225862734,0.5963911071296525,0.3827216117809725,0.5716319088793123,0.3335106838007345,0.5039510127408419,0.24668813939230125,0.47986799106104905,0.4458271815612883,0.3818679360289453,0.36363472083642023,0.3163754884039578,0.47296763887328414,0.42106745320879885,0.47712793480046634,0.6119622348004403,0.37139463788198523,0.6537844139600649,0.3249811347364867,0.5834538890220822,0.7625059898915663,0.15374056858001675,0.7507775793018481,0.3138585946922531,0.34511330700586745,-0.3989493271875001,3.1523112101125492,0.3728694359616845,0.28836454127119937,0.2791395841384945,-0.5136823348000995,1.0310895463312948,-0.3451370735975942,1.00553673447083,0.0923868899863624,0.3267006955625967,0.7527092906331824,0.15234123249828438,0.052225417210851534,0.2664849788144538,0.3127608362866333,-0.04797883535139381,-0.09716894479780783,0.7560219556548958,0.822902065431152,-0.9517536548094562,0.7039293149126263,0.4684442494483458,-0.6978229905582914,-0.2940613269733837,0.109016594979068,0.047840777916478686,-0.1388838984258322,0.051595544574672116,-0.39259156097478287,0.5940945995752098,-0.1680134817089914
0.08782675301471457,0.1159165685463247,-0.16390040353926158,0.14335043217561372,0.19147081744134253,0.03756549165784939,0.12767052538016738,0.0793312116778112,-0.006658997924367692,0.11710749327412173,0.12724411681515205,0.13136575929873745,0.047367369556075845,0.17629296617090673,0.10768852176906316,0.1972555099490358,0.18609121288179137,-0.06977677279871344,0.34934549822831,0.41310609696478656,0.2828000662473621,-0.24801030622237782,0.09065850807374469,0.6188793478509524,0.3415978963938188,-0.5603900458409192,0.190866186722318,0.20596036962362851,0.3728694359616845,2.769684450426922,0.3025704952761172,0.03772091658937149,0.795960660176715,-0.49330443401272256,0.14288750352459004,0.5508599108425971,0.6287670088800638,0.15011081352417402,0.006180924744394815,0.07480431624026641,0.49707643070812807,0.29424016222869787,1.8644216796109474,0.11742051255130756,0.327789422411824,0.6114000238833337,0.34994699840626914,-0.46755173068759376,0.37431976484267215,-0.3681729316519586,-0.20780122973266899,-0.6208347141353856,0.984501780888503,0.03532627405580853,-0.0844563735661871,-0.07761699601075252,0.08000056968898839,0.12199525616301629,-0.13277453257956776
0.10544534389335111,0.44122300547989945,0.24543401944386806,0.2814826423791607,0.2378439270753452,0.1887009361405708,0.20302107936397348,0.2526389517582262,0.16161675749014426,0.2606861239539281,0.22599891299596234,0.21103264467074478,0.14852149040629536,0.18880271795872272,0.2500445255708418,0.22108971008188968,0.2528022614324383,0.34667104108712676,0.12908262377221344,0.4486446827188137,0.3213118968100267,0.08842476783693617,0.10721305416557061,0.30992557158442535,0.23800635472496798,0.0674124147541727,0.2528536288767049,0.2704512576963355,0.28836454127119937,0.3025704952761172,0.8939241490722286,0.15701605861100335,0.44771160813119903,0.20986601606014516,0.17197533440707086,0.7855823071496496,0.49753548252064156,0.28981489242325387,0.539928891810237,0.22879671034176952,0.42124468225191974,0.3215573911662904,0.13446779837851525,0.02484413458976723,0.21296032569598308,0.6428054551584841,0.2911086536305408,-0.4866259443696174,-0.22783282615866499,0.1023741093852474,0.0898384440388705,-0.18838156248509724,0.13352150344294889,-0.19885027347636472,0.03436508528669624,-0.04962870347030705,-0.25377453592440596,0.416397764732674,-0.23670524248750602
0.1060527116083777,0.17599984044752753,0.12314086138604012,0.3450551885704528,0.21978078413090804,0.23441164608626028,0.20284489182867801,0.25489056211951716,0.12409199175488853,0.2000773535288789,0.20977483113129422,0.2486678941751661,0.1487176572608429,0.37135625071346035,0.16269007418908446,0.24823164367786385,0.2021232224504587,0.18737169725323752,0.1841317633080673,0.23554886326720625,0.1380747235084389,0.29729413956319606,0.17653487013087932,0.22110188684399473,0.18318074817574553,0.3642771844525801,0.23214472872560682,0.11514865607137033,0.2791395841384945,0.03772091658937149,0.15701605861100335,0.5789277719749107,0.015018928620098237,0.2638266693954123,0.08880916065681055,0.23075123278563583,0.04748749509689799,0.14280584378652939,0.12493710443276035,0.12440704602069082,0.05739028991614015,0.17369006994623826,0.16465011640269442,0.02261882947863674,0.05959110914032508,0.20673592389522047,0.2858418835677691,-0.20343401537353437,0.12536649026481964,-0.009658203578383059,0.039855884212921355,0.1621869549319944,-0.28839967979596304,0.035155229665217606,-0.1852078129765734,-0.048913261384863155,0.022129457732356406,0.27250023728254646,-0.13368269704388558
0.09803139973520841,0.2991273453124752,0.14451603955388131,0.155458389733403,0.09680114441672177,-0.029214871242074197,0.11076212409220276,0.03602268037306053,0.10103178659504838,0.0953778425142693,0.03316827188631665,0.04330397569381827,-0.0015816362017166516,0.06703835483348976,0.13195883618602877,-0.03896341386362097,0.036021220191353114,0.12757702337231694,0.10569950840277373,0.06874887020199912,0.29811851920203025,-0.22380057385984967,-0.15485842116360948,0.7080759803532041,0.036447310552643615,-0.570422050386095,0.09161277333112737,0.9233347539569968,-0.5136823348000995,0.795960660176715,0.44771160813119903,0.015018928620098237,2.5590422296169044,-0.8020842240433368,-0.41008767405134683,0.6264486413343514,1.0611999822126696,0.04166583599004488,0.0071794143363093565,-0.07726909926887868,0.24377469218320352,0.3067603403399413,0.9289439576125379,0.09235148623271545,0.0015727438898398614,0.8234269329807293,0.005629187478788912,-0.553929573344663,0.05318919560948769,0.1785468593404624,0.13097317841643732,0.14605710433745986,0.002114529509822021,-0.33288413310816034,0.040546194999661764,-0.12681326354281122,0.0535824629973417,0.10674675910674006,-0.1844331213364024
-0.15964799986472725,0.36955065240538154,0.24499858206438335,0.5714472629551824,0.4341488429423942,0.44343363880813136,0.2867563162326915,0.5396994857268036,0.2709181023884163,0.4244652071691828,0.4369223997892747,0.39565990224203096,0.29788184062657685,0.28832220678742476,0.3711416508937284,0.3975767804890088,0.43253009374254564,0.45698047356321875,0.09786545426768539,0.584608277176237,0.22373310113066075,0.5143728963794174,0.5530809231004248,-0.052055916550265896,0.6152424729105276,0.7590146541532613,0.3368938571066521,-0.5061774512155857,1.0310895463312948,-0.49330443401272256,0.20986601606014516,0.2638266693954123,-0.8020842240433368,2.2979114276544435,0.2072301011622173,0.07324331209948717,0.1854570184846223,0.30444846430457434,0.7452653281250599,0.11815593021644304,-0.06904911377813233,0.27302971654604713,0.5481273897594814,0.06499359836468717,0.03354833658865203,0.18062154922906898,0.8931249076232018,-0.13020581908224058,0.3380721901094138,-0.33287420145263097,-0.002723453838438204,-0.2747383158460758,0.410347859081728,-0.1441837247008616,-0.02355400041282847,0.12188774451134661,-0.33564303451531263,0.43718346457169005,-0.14521915417165596
