1.2540619862022815,0.7630579633635666,0.1171608871148151,0.07455642595268251,0.23890435232194948,0.09241837542074609,0.31407301154847306,0.16115496280258593,0.14172000648212335,0.18301020338120935,0.17627134899077337,0.20363439004341286,0.20593902439142545,0.18762385190446362,0.16703982295424877,0.2101340439296965,0.16238299571324497,0.25180866738532304,0.11377692759253681,0.0941823599624478,0.19440299394657526,0.17904514182089776,-0.001150806132602875,0.1638044797129264,0.13075194464311835,0.09256202857849112,0.2259297690457058,0.17640632013257995,0.12921365346881972,0.10293818923639447,0.14761094371481523,0.15508257503321055,0.22102823577657174,-0.13000855634500283,0.15656590568027628,0.10836170335297986,0.13426088142188755,0.16265565985336938,0.21587328845887882,0.10420717246561031,0.1539394211543541,0.1617433334326574,0.1030781520740956,0.014874948373173663,0.173989039855315,0.1893091868126958,0.1844805106744679,0.05284450440540463,0.290811562108708,-0.05090979887961402,-0.06576870606103942,0.007391285611041454,0.052733584717962204,0.002415694000225608,0.09932313776218987,-0.023963573765707083,0.07889881122710513,-0.08481427105228788,-0.027983977621233055
0.7630579633635666,5.7941786518666385,0.7543503896190757,0.4898481972087287,0.31160218108649246,0.06304172602166873,0.6487982943814555,0.34418157851002285,0.4908560392365466,0.4437465516771934,0.4854207582111164,0.4430657400271233,0.5446192662980661,0.3804781514803607,0.5682238266256563,0.38287223377672297,0.460460020858318,0.7863987397112301,0.11911555456325068,0.5897882030252303,0.2813461131393044,0.42937011768283656,-1.5045300453239434,0.24452683139533032,0.2384106701809177,0.12692648052150413,0.933929990871168,0.40747795266096976,0.14681518139052438,0.21935244939860257,0.4116573137511829,0.378825716491129,0.23783538343347707,0.16273838904897978,0.570617273441771,0.20746792172809622,0.5204415679293093,0.6778725656908218,0.603273548243624,0.08405206808857334,0.4799124825597969,0.3664948911708409,0.11295109472196399,0.014943175385843438,0.4553582660051344,0.9397521688964985,0.4547660321442991,0.18378389359342695,0.6024468932325115,-0.2370923866970989,-0.15097624936086312,-0.05218563126326431,0.06649056926011607,-0.019386184084352096,-0.8321016159874116,0.11109246935311848,-0.19302746448228147,0.010444762586855711,0.5845058032167663
0.1171608871148151,0.7543503896190757,2.145808021683031,0.6385557695980492,-0.06259471003766999,0.40086533726172774,0.21792211030209815,0.6094900828630966,0.5300760699082444,0.5309135813352599,0.4688951529662977,0.33724539383571506,0.4315279371783391,0.3913391861929742,0.4312141989419348,0.30422260439863186,0.4676430498698216,0.5988153398572454,0.23279047274554343,0.6152959774471954,0.27469975239654065,0.4182979627283406,0.39378300001358163,0.2829984771978123,0.21419625495951644,0.31601511764506757,0.1685141992391732,0.30606239911573496,0.4953123607001827,-0.33641700613651176,0.2734160506735346,0.39812662257409737,0.2688380447434934,0.38617642133049895,0.5173993948634311,0.22643868996042985,0.5149288163619938,0.3478497177168157,0.3847276641552312,-0.5622841899809344,0.32131437454288325,0.34220765715916823,-0.008733815979526617,0.07476876864125702,0.06808766514952577,1.3182690687017804,0.29458070038927087,0.06984568045138335,-0.008370446914010258,0.10809424618560044,-0.04089665369772672,0.2095573741614724,0.029106904077253252,-0.23613682814148534,-0.13221123467547558,-0.2490041947366551,0.21843806722693368,-0.06793209516285946,-0.06243216034089857
0.07455642595268251,0.4898481972087287,0.6385557695980492,2.3658972257404134,0.2163549362217992,0.36056647314519885,0.4284044952455659,0.3303811171305583,0.24691128165801626,0.4847144827532447,0.3265918216995872,0.4165760493332412,0.32307253257733554,0.43678278468428,0.3399626480517365,0.3529498839499398,0.38070101618000746,0.5157581243384046,0.22906581643170368,0.5295060742301605,0.25618287776934473,0.30263243040702814,0.376408273625873,0.27602875399179183,0.2595889381536021,0.30497027393825404,0.18644078885011503,0.12179513882044067,0.4416327138166397,0.1365312933239388,0.27918940691005845,0.43170712848846793,0.09857270857349712,0.5305111560899047,0.1561956894779561,0.2858895724414849,0.36362743063487374,0.27373541770904136,0.2850220840869417,-0.11798809133695964,0.3150498930874961,0.3474748169528286,0.17244950676636414,0.043315267210765354,0.12590690514229527,0.5149625207513318,0.37999581563100326,-0.0018565571654668815,0.042951853456271186,0.10084258592065597,-0.11144217980175328,0.3917698174274047,-0.07885547862849286,-0.1833315748017816,-0.35667868462436175,-0.11064399036374506,0.20702836108277747,0.27834534202730155,-0.3426980191149629
0.23890435232194948,0.31160218108649246,-0.06259471003766999,0.2163549362217992,0.8837288419562553,0.21382407184201596,0.18447356048794275,0.15588393821225546,0.14219269815520758,0.1726087210619421,0.18447692567537158,0.18916294415216212,0.25734614478801116,0.21994742478704152,0.2020018486447183,0.23656712289394383,0.16697407702892317,0.14079633600433195,0.30809380670145253,0.2571682409298836,0.14670348774353661,0.1902263208178387,0.2243996577450357,0.171004880290881,0.14706473700599426,0.18590480928756814,0.18894723832648774,0.07524526328211051,0.2829450092000686,0.2438931009930168,0.17493675788151952,0.1925540467267719,0.09690221596202854,0.3515904096630766,0.0602116211993645,0.12398302571590444,0.30937850545243617,0.17210542209171287,0.17005619447991757,0.1183220281511602,0.23261452180313738,0.22200417017035237,0.1742749149892817,0.05616392425977489,0.0687425726943369,0.14061873311921197,0.2230476665160358,0.10358900588751285,0.37789467254806275,0.12667709981106134,-0.08526680630532894,-0.11904981739359172,0.06642576630414274,0.03312634429065928,-0.012624854273256953,-0.023597180827008388,-0.2198590350765359,-0.14662458748797885,0.4191053384667765
0.09241837542074609,0.06304172602166873,0.40086533726172774,0.36056647314519885,0.21382407184201596,0.6666119686327032,0.11579439623455458,0.31199305888796774,0.2505970236719516,0.2609926027653906,0.24489055980394048,0.18172236921839363,0.2240000289141345,0.31925392403251657,0.2501806933845076,0.2537589030021881,0.27050695906385336,0.2131024928559595,0.2970749618850762,0.44956220710161765,0.2458892144296006,0.26430318314711465,0.20891740553851532,0.2165963430763293,0.20691204838887547,0.2837202026930568,0.2042018294134965,0.08393351540756862,0.42376044566441734,0.15677881112140468,0.21476943293330897,0.3296594095037195,0.028105499184469165,0.3055766901581094,0.01135114333084846,0.15870332955082872,0.3367868686598474,0.3335927844732834,0.23309756158354003,0.048788774445516825,0.26033406632324,0.29091530923226355,0.2357359960692811,0.06047113301639357,0.284189183449514,0.3681045252213362,0.282897468997343,0.09259180281722595,0.4037914708282261,0.13575181395034416,-0.128337408944018,-0.044013690263310166,-0.059963843192149285,0.019549431797358924,-0.050494305304780725,-0.058684956065015545,0.07132727777845656,0.09045891619627845,-0.13521548756157759
0.31407301154847306,0.6487982943814555,0.21792211030209815,0.4284044952455659,0.18447356048794275,0.11579439623455458,0.6492487019227897,0.11455896980338656,0.24631398765298868,0.25855239339322383,0.24690757800157484,0.3276839794730353,0.2710720519103524,0.17752313780817172,0.19649083872549972,0.23768028388338197,0.23709518104883942,0.33247556124662975,0.10684245689169161,0.2704834943338442,0.24737318193998578,0.25073929654296656,0.29403653348743564,0.19688421059280092,0.2724875734305203,0.16029432623290568,0.2947444402989043,0.13493428149263778,0.25801591957974873,0.21731872385229575,0.24972387326254836,0.18777251265503042,0.20804945973827776,0.29402151427911716,0.06848446559539847,0.20646148027039293,0.33755506693484216,0.20020833906065674,0.26167227742684396,0.022097848266056323,0.2652770400224237,0.24717292203243005,0.13764135313513545,0.03490928067274315,0.11765512001908891,0.2923711757505535,0.27542405084271976,0.04292894123793326,0.31228408244212585,-0.05301820864715222,-0.06909526498531554,0.11010233743683544,0.0013790324017749344,-0.10216312910069765,-0.07999364152182933,0.044521607990156226,0.11859866532038316,0.001030633735859744,-0.16682603144852234
0.16115496280258593,0.34418157851002285,0.6094900828630966,0.3303811171305583,0.15588393821225546,0.31199305888796774,0.11455896980338656,0.9063371242892426,0.19689515162740967,0.31525905154977124,0.36265717681655646,0.29729953735272757,0.3135450415053968,0.4027063789463604,0.27008208254054944,0.31797804293534676,0.3505075215096471,0.4665813034380162,0.19880819867169763,0.4863971808706116,0.1834246287180668,0.25551353141612715,0.2933701799395965,0.20936348097177954,0.0825968344633146,0.33639098916100324,0.0983311115588561,0.08519461047573128,0.40043577176761247,-0.04663299229229084,0.16248442390437673,0.3833553522420997,0.05523020448787527,0.30820648311119536,0.18594038726561438,0.12135077869434943,0.15275924804969218,0.14796418019775479,0.35825198734496844,-0.031090782353136708,0.2520995969123519,0.33488181081112006,0.09811142279878714,0.02681371004542216,0.06997575758560193,0.4969951434322233,0.31461037246164403,0.10939476510834151,0.4740271894933871,-0.012646833838245958,-0.09154199042730984,0.1349931286647009,-0.0013381030327788276,0.0061377104939495195,-0.1513202958368441,-0.17128193475922848,0.07376115347818699,0.2697838222944511,-0.21008982036758442
0.14172000648212335,0.4908560392365466,0.5300760699082444,0.24691128165801626,0.14219269815520758,0.2505970236719516,0.24631398765298868,0.19689515162740967,0.5595424745877323,0.2563782569564025,0.19105483255841652,0.17454679376304927,0.2361608583502677,0.2516231654782491,0.22970954257722132,0.18420626556008993,0.21803736816037686,0.2883990368551655,0.10492153317042045,0.2545724438535429,0.2031828102544303,0.36236674485499454,0.2806376438573508,0.1998501982555037,0.20633545110492396,0.19898439726502837,0.2690861160418673,0.19128788999704285,0.22225077299374602,0.09444738207717297,0.23223337640112748,0.2444770947952692,0.21126377935220936,0.15969665644673706,0.22265554156552303,0.21076545772246982,0.2784556858011362,0.24843733531286322,0.2545923290704564,-0.04672963389346002,0.22453522929078232,0.19738073162466158,0.10727350513698768,0.04903488007876328,0.14262405482822293,0.49234526137805856,0.2490973575007614,0.002015945187270744,0.2550394620572328,-0.016183804250160052,-0.07016711065529078,-0.09073449745081337,0.09646712862451248,-0.04708177209322933,-0.001666881653290394,0.07507770127720557,-0.003891043775897654,-0.14905223372717036,0.034275518538076734
0.18301020338120935,0.4437465516771934,0.5309135813352599,0.4847144827532447,0.1726087210619421,0.2609926027653906,0.25855239339322383,0.31525905154977124,0.2563782569564025,0.5618072748958842,0.2517211592253256,0.20634724040307942,0.2898896232340319,0.23390893789057304,0.2737811307305976,0.2388403041083738,0.3056018036787465,0.3714780661141704,0.1446195703602116,0.3849672619273547,0.18804292349312313,0.2506439815057922,0.3357469890439245,0.20101256399515907,0.2869503963304787,0.197895476411023,0.30079314074649094,0.20640452352557834,0.386022805802465,0.15994209522537878,0.2599616296633318,0.22992624518927163,0.12340185168425986,0.39708007800609685,0.3115608609390873,0.1993184730413953,0.42495174437343114,0.2067536668979912,0.28209668070463423,-0.036846919664955034,0.3446621271930774,0.2749098031746557,0.11982718233244,0.04917913285254576,0.05464984584696618,0.5976570497100671,0.3391892313157497,0.10490745958569161,0.24195566788766681,0.11207727525456249,-0.09404419955496575,-0.014162365175808912,0.016521860835654188,-0.03880194243100563,-0.0021521556205895396,-0.02998560384320851,0.1509526817256385,-0.09436502981105144,-0.06993107633916412
0.17627134899077337,0.4854207582111164,0.4688951529662977,0.3265918216995872,0.18447692567537158,0.24489055980394048,0.24690757800157484,0.36265717681655646,0.19105483255841652,0.2517211592253256,0.5422416180971362,0.30678264682025,0.34269901356020815,0.2831410597759317,0.3049325379257951,0.2713880532652285,0.31056947797996126,0.3530403786174248,0.11573261084248454,0.45249255577134667,0.2171496090242456,0.23018995615327548,0.287300324281173,0.20068759081187534,0.20246831361479298,0.239753662894279,0.20322740118165988,0.1731556016887854,0.37235619532730097,0.06876123703343945,0.21705017101363125,0.26635348050828356,0.12040226219416739,0.3250122783665313,0.3358463193976003,0.1549818941833558,0.2684538220892175,0.18422876030080554,0.3184795708235371,-0.0076548309105220645,0.3054733113483795,0.2831520765600528,0.10250865424907252,0.04140724860347617,0.055949098066235464,0.4996839210334387,0.2806140014834964,0.11280538476647141,0.2585226286463078,0.031493204321009355,-0.10785846161489394,-0.09563232549334294,0.13639595868227036,-0.006134829883169861,-0.10632873827749088,-0.06547231837126744,0.056936378777331244,0.044062092631383415,-0.07853115583377007
0.20363439004341286,0.4430657400271233,0.33724539383571506,0.4165760493332412,0.18916294415216212,0.18172236921839363,0.3276839794730353,0.29729953735272757,0.17454679376304927,0.20634724040307942,0.30678264682025,0.607523064754704,0.3130776314109891,0.2662923009874505,0.1711669589352717,0.2712897197315571,0.23742833508524705,0.3888305106842927,0.13700007701026137,0.31282960799333076,0.14946662687145418,0.22665742573558667,0.24974035208847456,0.15533083712131826,0.1020297463246328,0.2306967732298937,0.13654943936956085,-0.01115406805743523,0.23365728885699424,-0.020534845285831552,0.1708430935230057,0.27921848175042857,0.09889098351678915,0.24143194033813947,-0.054299343109850136,0.17209041799134694,0.04984616656864391,0.13179357090983904,0.24594936273507761,0.014460211540901916,0.15866108098788526,0.2305976516393138,0.03183434174088384,0.02057755309348468,0.0370019184762793,0.26064012464838165,0.21542057372976603,0.020541734093351006,0.4168357171931163,-0.10826101895918838,-0.005557511449740773,0.0399860563989571,0.005031380899054125,-0.045111041518984485,-0.15765702154884595,0.009320291840372344,0.06123737557652316,0.12731268805416174,-0.28938176427011536
0.20593902439142545,0.5446192662980661,0.4315279371783391,0.32307253257733554,0.25734614478801116,0.2240000289141345,0.2710720519103524,0.3135450415053968,0.2361608583502677,0.2898896232340319,0.34269901356020815,0.3130776314109891,0.6777941795348185,0.2527994397726845,0.2014964115698657,0.23745133039964508,0.2849015202723548,0.38706179993995066,0.1489641616497226,0.40523006337732537,0.23403341566919786,0.2404856875458071,0.3919702975864423,0.23348425302503623,0.1924680627603502,0.20569945279536447,0.18593855759708489,0.2069256150167887,0.43567418674982517,0.0928166852742708,0.19416628934007107,0.24205259046019137,0.2097552855731209,0.33330273881303785,0.3846178561318863,0.14494117290258393,0.2656176486351298,0.07454207520228892,0.3521264892852856,-0.03105927096425517,0.2970759587057653,0.2738584429111258,0.04324610609577538,0.056487232131333845,-0.1151389142423108,0.5335838538446149,0.30557166035557914,0.12463549272503006,0.41662212208398425,0.17001730684866773,-0.07251697993144703,-0.14545098947305493,0.11340576417420688,-0.08011460596143745,-0.025491932664743214,-0.12279461743169379,0.030815686621991797,-0.2144654819742184,0.24037753136622297
0.18762385190446362,0.3804781514803607,0.3913391861929742,0.43678278468428,0.21994742478704152,0.31925392403251657,0.17752313780817172,0.4027063789463604,0.2516231654782491,0.23390893789057304,0.2831410597759317,0.2662923009874505,0.2527994397726845,0.578694327246446,0.29895876821369327,0.35317596743790275,0.2964343281919646,0.3361354966087181,0.2028025975282331,0.4310750062494964,0.16694648872050924,0.30080744145566796,0.21996735884885443,0.25939730494805474,0.11369242938989935,0.3007056015122064,0.1302771562303534,0.15412115016042824,0.33554617909765505,0.04779140039378295,0.16869498964336785,0.513974901486269,0.07064932956933806,0.2768008362022664,0.2406254924081922,0.17662091111330216,0.08174617046267581,0.20172726623229248,0.21827135945528883,0.03810115355309052,0.26018635810301755,0.31772189515561394,0.17222777812490864,0.04210352301780921,0.06396699185644569,0.37699777305854903,0.2698256768934871,0.06955153510002239,0.5236526491061982,0.040922374985952595,-0.11329000736345313,0.0683335985776102,0.0076385774779321155,0.026428929242872528,-0.12813991222269452,-0.06466013013846661,-0.05105903619049873,0.1621995170203456,-0.019350323330391384
0.16703982295424877,0.5682238266256563,0.4312141989419348,0.3399626480517365,0.2020018486447183,0.2501806933845076,0.19649083872549972,0.27008208254054944,0.22970954257722132,0.2737811307305976,0.3049325379257951,0.1711669589352717,0.2014964115698657,0.29895876821369327,0.5439011580945797,0.24163839510272955,0.27912384194433376,0.2586202939315508,0.17530809163880778,0.3753989148570099,0.2006682087479809,0.2381257416190618,0.24724486608771057,0.22529361063543601,0.2580465454472412,0.20815865470341394,0.2825449982660147,0.282808143436381,0.32569068142909613,0.15475314020805206,0.2307075362267444,0.2907603796539236,0.17722122750036007,0.29792074613356573,0.32813392809507513,0.15156793394171653,0.38566628656664376,0.2193807899431245,0.2574769249344651,-0.023334210873024577,0.30674189924862,0.26023237210294164,0.1710852422202453,0.03526219575173794,0.09893492120222169,0.4737207099963847,0.2753309565713935,0.11681499901752397,0.3056524774831062,0.17916961904887146,-0.1739617820916523,0.1588281988052883,-0.12433006930416518,-0.03837603393945588,-0.029181870572447376,-0.008365085670821067,-0.03448957010289796,-0.04969403440022915,0.10979385551000559
0.2101340439296965,0.38287223377672297,0.30422260439863186,0.3529498839499398,0.23656712289394383,0.2537589030021881,0.23768028388338197,0.31797804293534676,0.18420626556008993,0.2388403041083738,0.2713880532652285,0.2712897197315571,0.23745133039964508,0.35317596743790275,0.24163839510272955,0.7789306899912848,0.33487885091745245,0.31109741903955457,0.21993232365384616,0.3099509828325384,0.1569373717882539,0.46006526392584424,0.18792353709831286,0.2353676350113891,0.10821862342836318,0.22361429306605948,0.16863384046882962,0.20302157445777677,0.356384619689339,0.10051583221340155,0.20174646532199483,0.35143768130652575,0.10745832630564313,0.2377052399106,0.33886532660095237,0.23330438032714404,0.12418071882022252,0.17261364714442695,0.3041881755706744,0.13090158431911034,0.26673240823932054,0.3688371771213163,0.2593253655844664,0.0742698712988019,0.12146894907604779,0.2770294480504432,0.26647031113236824,-0.014939986894037516,0.4141374680363867,-0.10573019726443454,-0.09204858302184693,0.08588596393615852,0.02261921721397596,-0.0186363605523419,0.022312545685565982,-0.05794939184365886,-0.009489514279651551,0.028425957202884284,-0.04353181471894125
0.16238299571324497,0.460460020858318,0.4676430498698216,0.38070101618000746,0.16697407702892317,0.27050695906385336,0.23709518104883942,0.3505075215096471,0.21803736816037686,0.3056018036787465,0.31056947797996126,0.23742833508524705,0.2849015202723548,0.2964343281919646,0.27912384194433376,0.33487885091745245,0.6942889167711442,0.26954929813944317,0.18595576155039464,0.4808741314683367,0.17797333279872474,0.28573224251060336,0.20327806986447053,0.2733331785740089,0.2685852537793846,0.23418773122804365,0.29083002039390965,0.38593192836542917,0.3267975265713606,0.18470733508923343,0.2683929599940125,0.28137390695700365,0.27530416605386054,0.30105583879907954,0.45457699748825525,0.16729062841585546,0.4258186120307045,0.27702648356445564,0.33631633349583695,0.005241628863731419,0.34548194430807555,0.4271701183724401,0.2154457851152025,0.04682120902018931,0.17225353421679937,0.5662465589419954,0.3417601956990429,0.16864596872358162,0.3303731749645852,0.11548961586468426,-0.12155701027597493,0.15024252207240663,0.00390014970481229,-0.07379299603062558,-0.1386300348788335,-0.10586194485055124,0.0543150238048773,0.06150807799680912,-0.0994255039093418
0.25180866738532304,0.7863987397112301,0.5988153398572454,0.5157581243384046,0.14079633600433195,0.2131024928559595,0.33247556124662975,0.4665813034380162,0.2883990368551655,0.3714780661141704,0.3530403786174248,0.3888305106842927,0.38706179993995066,0.3361354966087181,0.2586202939315508,0.31109741903955457,0.26954929813944317,1.3491670721255637,0.11774876165991717,0.3139732470737166,0.2919642703270212,0.29260616157633496,0.5319860217206683,0.22734179933772525,0.06750464932486296,0.41193562370987996,-0.3282761417697413,0.13426534305879068,0.398704534402897,-0.3088316286287777,0.07675630284462888,0.35270717799515083,0.1447774452566374,0.330172615036745,0.27938230045837614,0.1131979229028439,-0.003419172153059373,-0.036197813936861986,0.201895637428444,-0.0700883081215637,0.17101630890353975,0.32860611308587967,0.20442453365377675,0.05540349922782856,-0.07865249057199215,0.3031318571054348,0.48751549249453346,0.015324119473605693,0.28380703876131863,-0.03599417414543495,-0.021281838180657795,0.014746392886743084,0.09839775926761626,-0.04358184855647941,-0.03206772446679815,-0.13132551028171002,0.20813634302816894,0.24996093234967925,-0.44159010215850075
0.11377692759253681,0.11911555456325068,0.23279047274554343,0.22906581643170368,0.30809380670145253,0.2970749618850762,0.10684245689169161,0.19880819867169763,0.10492153317042045,0.1446195703602116,0.11573261084248454,0.13700007701026137,0.1489641616497226,0.2028025975282331,0.17530809163880778,0.21993232365384616,0.18595576155039464,0.11774876165991717,0.6880121506197597,0.14932514289049487,0.17439966706144444,0.17837745969279517,0.09609811341048993,0.14141161866751978,0.08861560125602644,0.1632196298342979,0.10440274566088482,0.09756949723990434,0.22864639452871968,0.06176366978828452,0.10949385278297769,0.2061925405122992,0.09495092577421108,0.15112323743791595,-0.04395575225262764,0.10731729652809262,0.1759046511540507,0.1733838399842091,0.10827541386288911,0.030837841489347262,0.11467462563121777,0.18499559599337537,0.16937888804021958,0.041707499258373616,0.1783515830222982,0.14843732149100972,0.11685072491856899,0.016178441108863687,0.16649720034058665,0.06883251673602794,0.12650954545029827,0.3895894292372904,-0.2211969669343335,-0.14839758650170298,-0.06822417432519667,-0.03588567088295692,-0.03289835097568897,0.07324869810523635,0.03209468338985879
0.0941823599624478,0.5897882030252303,0.6152959774471954,0.5295060742301605,0.2571682409298836,0.44956220710161765,0.2704834943338442,0.4863971808706116,0.2545724438535429,0.3849672619273547,0.45249255577134667,0.31282960799333076,0.40523006337732537,0.4310750062494964,0.3753989148570099,0.3099509828325384,0.4808741314683367,0.3139732470737166,0.14932514289049487,1.8748916868077201,-0.1476640180898841,0.25201199597022006,0.3318569521426246,0.29378143810971397,0.19560542881159004,0.3778614468852415,0.3870057549901317,0.03409676059486509,0.8284693679068793,0.5521038535792953,0.5626637773725666,0.441500503058282,-0.08884386979076933,0.883895541947493,0.2357967658042565,0.3850663639936061,0.8332553342228272,0.5765870364209265,0.5078770454862005,0.10610426972277355,0.821596612043157,0.624179131553132,0.1500005814564821,-0.02108897407505999,-0.08297354452445063,1.295650349340556,0.5132548084279027,0.3550927892790075,0.8259368405302209,0.009973438357966099,-0.1814661010776554,-0.17567834313775263,0.1832597750390823,0.008856288560769893,-0.21709987555856844,-0.07588098812862368,-0.14391796111535354,0.045167752709930606,0.1868974803983417
0.19440299394657526,0.2813461131393044,0.27469975239654065,0.25618287776934473,0.14670348774353661,0.2458892144296006,0.24737318193998578,0.1834246287180668,0.2031828102544303,0.18804292349312313,0.2171496090242456,0.14946662687145418,0.23403341566919786,0.16694648872050924,0.2006682087479809,0.1569373717882539,0.17797333279872474,0.2919642703270212,0.17439966706144444,-0.1476640180898841,0.9211637701479551,0.1698071068606605,0.35512188699962244,0.142805705945246,0.28443620547049947,0.2379696542534075,0.19696287892581538,0.39584623250085765,0.16192978739465155,-0.03129927001832874,0.11469008946514549,0.12684814257690621,0.16858974048616268,0.05016994899674243,0.6596599073638777,0.08347967409397397,0.1605185710267957,0.19193445038920492,0.09283630406996138,0.04155284014482694,0.29971149956050613,0.12020340012564162,0.2894894410322117,0.07352164044339075,0.5769710438065723,-0.07816821333681609,0.19933125795073098,0.09025142230836435,0.1607163928531099,0.09747428532976918,-0.044446078073182016,0.03981168786811739,-0.012712006341354916,-0.04404472394489426,0.06026285218518521,-0.06860919605105077,0.19099824502130994,-0.03129171684322846,-0.14831445572532984
0.17904514182089776,0.42937011768283656,0.4182979627283406,0.30263243040702814,0.1902263208178387,0.26430318314711465,0.25073929654296656,0.25551353141612715,0.36236674485499454,0.2506439815057922,0.23018995615327548,0.22665742573558667,0.2404856875458071,0.30080744145566796,0.2381257416190618,0.46006526392584424,0.28573224251060336,0.29260616157633496,0.17837745969279517,0.25201199597022006,0.1698071068606605,0.5501181825272511,0.2455763138451282,0.2173673270785267,0.13782636712604945,0.20759111413606998,0.23450783967085118,0.18582979106733713,0.2837541175898298,0.1135217323860383,0.23203876826241365,0.3050544956412415,0.1612191026798564,0.20450285029825704,0.24912023792433,0.27132519514997383,0.1660704278568433,0.23207455811069239,0.2946273500353408,0.03387949660521614,0.22572828043043214,0.27232079950026755,0.16943619172047947,0.07101144012960767,0.12156139201782834,0.3905170321566197,0.25979138220102227,-0.08699768953904632,0.3470178413638875,-0.052749166976817204,-0.08604016052828288,0.0036576559398989778,0.04448383096268594,-0.042142110680826475,-0.010566511992175615,0.014009521839069734,0.0033216337358353267,-0.050107798089908166,-0.03302520928342282
-0.001150806132602875,-1.5045300453239434,0.39378300001358163,0.376408273625873,0.2243996577450357,0.20891740553851532,0.29403653348743564,0.2933701799395965,0.2806376438573508,0.3357469890439245,0.287300324281173,0.24974035208847456,0.3919702975864423,0.21996735884885443,0.24724486608771057,0.18792353709831286,0.20327806986447053,0.5319860217206683,0.09609811341048993,0.3318569521426246,0.35512188699962244,0.2455763138451282,3.1199133057345887,0.2760844804851012,0.4168862249357998,0.1949872678934642,0.15326768222996606,0.22120094171842772,0.7781016809267096,0.21314091491003917,0.2549992747561374,0.15121142798308487,0.3472326335777487,0.6832019625655097,0.40416300598679256,0.31313619164676737,0.2557695022460007,-0.35229850808601587,0.18325716443236265,-0.16967151664875083,0.4387967322183506,0.2506736180366396,-0.04529408475343998,0.018803743929420094,-0.7853386004124634,0.8138625294477568,0.504619154717983,0.08308746582640537,0.32882000589182486,0.3888261612543157,-0.1144972847984497,-0.02553477329742894,0.16694397584065898,-0.15515735017822252,0.3982764222256259,-0.1695436117179901,0.057789282050554426,-0.3713711418978143,0.19556863061424182
0.1638044797129264,0.24452683139533032,0.2829984771978123,0.27602875399179183,0.171004880290881,0.2165963430763293,0.19688421059280092,0.20936348097177954,0.1998501982555037,0.20101256399515907,0.20068759081187534,0.15533083712131826,0.23348425302503623,0.25939730494805474,0.22529361063543601,0.2353676350113891,0.2733331785740089,0.22734179933772525,0.14141161866751978,0.29378143810971397,0.142805705945246,0.2173673270785267,0.2760844804851012,0.5929418341120549,0.4027044593918111,0.1643773185773641,0.23203529339997092,0.39488726107989236,0.20690024349164582,0.5673297460465682,0.192656929861513,0.3617123913736978,0.6015884789899758,0.1748958460524344,0.3086039143107846,0.11100527958474171,0.47998194493531743,0.24714668498139855,0.318837302873437,-0.03837097854259996,0.19970663209315828,0.2822927525910221,0.2570529869216487,0.0765038692524955,0.05881386333865479,0.6692446346802542,0.4546708661110447,0.2065463671642783,0.44385508546908514,0.10622928505560186,-0.14975099901192168,0.12198338826755356,-0.002381735060804564,-0.09135347109162786,0.06675901890461013,-0.13948973138428397,-0.022407494643803056,-0.18337294600001702,0.32653760003395954
0.13075194464311835,0.2384106701809177,0.21419625495951644,0.2595889381536021,0.14706473700599426,0.20691204838887547,0.2724875734305203,0.0825968344633146,0.20633545110492396,0.2869503963304787,0.20246831361479298,0.1020297463246328,0.1924680627603502,0.11369242938989935,0.2580465454472412,0.10821862342836318,0.2685852537793846,0.06750464932486296,0.08861560125602644,0.19560542881159004,0.28443620547049947,0.13782636712604945,0.4168862249357998,0.4027044593918111,2.229616653928599,0.0852478895063852,0.789335791489162,0.3737242171224839,0.7422900584520108,1.0969122309359332,0.45116615621029316,0.09723060348760901,0.4184054814647742,0.6784118589831253,0.4581549184507446,0.08224392649605891,1.5056806130502962,0.5645000546688849,0.5677226577931355,-0.10584022735100773,0.4287867479684137,0.2230250832918948,0.4966156415571029,0.1870745306106383,0.618101638951999,0.8272520853187002,0.6443756602655929,0.28969389259706424,-0.08572436391474843,0.09819217382584881,-0.12692219339420827,-0.08426216247659161,-0.0015027276411571939,-0.0755087806694099,0.07777412857805284,0.1694956234909006,0.5337691803546764,-0.15111344250371836,-0.636645629617268
0.09256202857849112,0.12692648052150413,0.31601511764506757,0.30497027393825404,0.18590480928756814,0.2837202026930568,0.16029432623290568,0.33639098916100324,0.19898439726502837,0.197895476411023,0.239753662894279,0.2306967732298937,0.20569945279536447,0.3007056015122064,0.20815865470341394,0.22361429306605948,0.23418773122804365,0.41193562370987996,0.1632196298342979,0.3778614468852415,0.2379696542534075,0.20759111413606998,0.1949872678934642,0.1643773185773641,0.0852478895063852,1.1768379735407255,0.13760005023381336,0.17258697885755966,0.24104491126892022,-0.13992394840947694,0.10213283322735993,0.32182388238374676,0.09242642977146479,0.280051863704482,0.22139392221460832,0.0522357188691083,0.01059736124520012,0.25802865126260544,-0.2284949828385257,0.2009898107102861,0.18393176796903313,0.34102550451728225,0.40986536453780154,-0.030378483470127945,0.34165673482448866,0.1882624076502033,0.1922031074220979,0.1544240285435052,0.5713987656939871,-0.0024862481801644753,-0.04780680760042764,-0.015432104424255147,0.009894595102080378,-0.002168346070847001,-0.02313006977909994,-0.0981119181048649,-0.014579453723427067,0.15316336953828488,-0.049226415321846864
0.2259297690457058,0.933929990871168,0.1685141992391732,0.18644078885011503,0.18894723832648774,0.2042018294134965,0.2947444402989043,0.0983311115588561,0.2690861160418673,0.30079314074649094,0.20322740118165988,0.13654943936956085,0.18593855759708489,0.1302771562303534,0.2825449982660147,0.16863384046882962,0.29083002039390965,-0.3282761417697413,0.10440274566088482,0.3870057549901317,0.19696287892581538,0.23450783967085118,0.15326768222996606,0.23203529339997092,0.789335791489162,0.13760005023381336,2.095798702305312,0.49560876270843307,0.10905656493543942,0.9173703925733049,0.6725534989050098,0.09457254862520584,0.33058766185074007,0.2069946586080912,0.5597806405624518,0.3078645320619025,0.9207385784234002,0.8101701715032891,0.3795956949690081,0.42382175924654525,0.722304286807605,0.21494252649128298,0.34334503497764485,-0.06117742292308784,0.5820962912144246,1.3882429937795595,0.42875564003442385,0.43418962579463444,0.7205526955734695,0.08507626571789428,-0.14359001340413455,-0.08849588793947386,-0.0009075895347581229,-0.03018952636383024,-0.07254465947954516,0.3379312502738319,0.35261038834981795,-0.05137720857032712,-0.5204620972462414
0.17640632013257995,0.40747795266096976,0.30606239911573496,0.12179513882044067,0.07524526328211051,0.08393351540756862,0.13493428149263778,0.08519461047573128,0.19128788999704285,0.20640452352557834,0.1731556016887854,-0.01115406805743523,0.2069256150167887,0.15412115016042824,0.282808143436381,0.20302157445777677,0.38593192836542917,0.13426534305879068,0.09756949723990434,0.03409676059486509,0.39584623250085765,0.18582979106733713,0.22120094171842772,0.39488726107989236,0.3737242171224839,0.17258697885755966,0.49560876270843307,1.781301400467644,-0.2076341274918661,0.09486840659764252,0.17706002134680657,0.13910358561450148,0.897601911423685,-0.1221318895677533,1.974796934983816,-0.07770984942705327,0.3155094656665094,0.2578769036857143,0.16206493692084653,0.17272317110929303,0.3641997057829063,0.07731574859577131,0.5289332868486525,0.10778168144418483,0.11835062837762877,0.5990646180979325,0.24372533714910444,0.41955183806652,0.34132618522150704,0.3522422162909395,-0.24469552380577195,0.3643965027271849,-0.23415892052198892,-0.14187210486915902,0.5018500550344603,-0.08014710884123537,0.009152130927178674,-0.48470348235971156,0.5539722812798487
0.12921365346881972,0.14681518139052438,0.4953123607001827,0.4416327138166397,0.2829450092000686,0.42376044566441734,0.25801591957974873,0.40043577176761247,0.22225077299374602,0.386022805802465,0.37235619532730097,0.23365728885699424,0.43567418674982517,0.33554617909765505,0.32569068142909613,0.356384619689339,0.3267975265713606,0.398704534402897,0.22864639452871968,0.8284693679068793,0.16192978739465155,0.2837541175898298,0.7781016809267096,0.20690024349164582,0.7422900584520108,0.24104491126892022,0.10905656493543942,-0.2076341274918661,2.7047141641054004,0.41739334707688014,0.2829591794027615,0.29456264973836,-0.2167002704912924,0.9597412165465821,-0.15175343968853738,0.36293579116786584,0.9122614254087072,-0.16700396266804815,0.3763229528388313,-0.06202105742229488,0.6601087579548051,0.4883792119378499,0.19249846821633657,-0.03244620899327274,-0.1555310743720577,0.8982092938010663,0.49443439566933256,0.06457869421876138,0.5793213480932176,0.10483431282428193,0.008423324076458258,-0.23050592084494587,0.023890506347616167,0.06243439464559131,-0.030500041795601125,-0.19924682866990776,0.0016559008593187215,0.061221480100635335,0.019454728750191826
0.10293818923639447,0.21935244939860257,-0.33641700613651176,0.1365312933239388,0.2438931009930168,0.15677881112140468,0.21731872385229575,-0.04663299229229084,0.09444738207717297,0.15994209522537878,0.06876123703343945,-0.020534845285831552,0.0928166852742708,0.04779140039378295,0.15475314020805206,0.10051583221340155,0.18470733508923343,-0.3088316286287777,0.06176366978828452,0.5521038535792953,-0.03129927001832874,0.1135217323860383,0.21314091491003917,0.5673297460465682,1.0969122309359332,-0.13992394840947694,0.9173703925733049,0.09486840659764252,0.41739334707688014,3.8669817846254992,0.7303818060299623,-0.0767450351231508,0.35938457876082786,0.42939512197794133,-0.05381876184832746,0.49705242689154355,1.378096448338786,0.5629760520547236,0.6744590815797589,-0.28058849487989695,0.5878329042671084,0.180648797181215,0.3377874194927464,0.09633577246923639,0.41441740213476197,2.4135873746534586,1.5404706652848874,0.2906013330488562,0.34551384818450614,0.061906504385715974,-0.1724778769696627,-0.20205851110247222,0.12268380970376981,-0.002407747918130855,-0.2682287115034944,0.10518857140365225,-0.0710895728591205,0.14490127426458108,-0.06931376469123587
0.14761094371481523,0.4116573137511829,0.2734160506735346,0.27918940691005845,0.17493675788151952,0.21476943293330897,0.24972387326254836,0.16248442390437673,0.23223337640112748,0.2599616296633318,0.21705017101363125,0.1708430935230057,0.19416628934007107,0.16869498964336785,0.2307075362267444,0.20174646532199483,0.2683929599940125,0.07675630284462888,0.10949385278297769,0.5626637773725666,0.11469008946514549,0.23203876826241365,0.2549992747561374,0.192656929861513,0.45116615621029316,0.10213283322735993,0.6725534989050098,0.17706002134680657,0.2829591794027615,0.7303818060299623,0.9009435149854111,0.11106795205164585,0.17400343160693474,0.3600909444556774,0.16456473042040143,0.6458550849176652,0.9431777395646581,0.5901174853416525,0.44916342767684514,0.054657465301501895,0.6467226863019394,0.2254187240631005,0.1697994483179948,0.08181440822459878,0.426931992834187,0.583283677416046,0.4145883779736015,0.05834499255204634,0.12804733579951863,0.10693315215953507,-0.1460596278934038,-0.01839982217027398,0.0439841097244609,-0.05680921540664387,-0.06465614491717928,0.15050248509996778,0.2901755668974327,-0.0872547144564745,-0.41926214435383824
0.15508257503321055,0.378825716491129,0.39812662257409737,0.43170712848846793,0.1925540467267719,0.3296594095037195,0.18777251265503042,0.3833553522420997,0.2444770947952692,0.22992624518927163,0.26635348050828356,0.27921848175042857,0.24205259046019137,0.513974901486269,0.2907603796539236,0.35143768130652575,0.28137390695700365,0.35270717799515083,0.2061925405122992,0.441500503058282,0.12684814257690621,0.3050544956412415,0.15121142798308487,0.3617123913736978,0.09723060348760901,0.32182388238374676,0.09457254862520584,0.13910358561450148,0.29456264973836,-0.0767450351231508,0.11106795205164585,1.0105577888164574,-0.008398006345764975,0.3197200569665339,0.17659064097029964,0.2273785147942323,-0.21375445165034132,0.15796730503992096,0.15864564303364354,0.05235868379222923,0.2254445964916536,0.3706949145506965,0.1039046393675823,0.03784870702144465,-0.041643765749128675,0.3449828693185531,0.22060788683826912,0.010300714967086112,0.48458783041009457,0.06245258602832553,-0.08205039535381448,0.26552047662487455,-0.2513485805136861,0.058632265624504604,-0.15520529407781647,-0.011609828319294744,-0.060231436101453345,0.11245808274776492,0.034301865674556294
0.22102823577657174,0.23783538343347707,0.2688380447434934,0.09857270857349712,0.09690221596202854,0.028105499184469165,0.20804945973827776,0.05523020448787527,0.21126377935220936,0.12340185168425986,0.12040226219416739,0.09889098351678915,0.2097552855731209,0.07064932956933806,0.17722122750036007,0.10745832630564313,0.27530416605386054,0.1447774452566374,0.09495092577421108,-0.08884386979076933,0.16858974048616268,0.1612191026798564,0.3472326335777487,0.6015884789899758,0.4184054814647742,0.09242642977146479,0.33058766185074007,0.897601911423685,-0.2167002704912924,0.35938457876082786,0.17400343160693474,-0.008398006345764975,2.007673817991791,-0.3223532719303079,0.1541152641940547,-0.29182018093585804,0.8538155453182774,0.144960303151981,0.287275168649849,-0.1732480031298121,-0.12096196909660578,0.187848082064246,0.2993196133389149,0.0819985933463017,-0.18401770638840556,0.6452736280639877,0.41324491184140255,0.4529906187602367,0.5999977119138274,0.19147661079087822,-0.24032320412146171,0.3005271711827255,0.10054809313065377,-0.34025741390010106,0.3615585069208387,-0.167150080071917,-0.13727892418972215,-0.3957540473878364,0.616680763302279
-0.13000855634500283,0.16273838904897978,0.38617642133049895,0.5305111560899047,0.3515904096630766,0.3055766901581094,0.29402151427911716,0.30820648311119536,0.15969665644673706,0.39708007800609685,0.3250122783665313,0.24143194033813947,0.33330273881303785,0.2768008362022664,0.29792074613356573,0.2377052399106,0.30105583879907954,0.330172615036745,0.15112323743791595,0.883895541947493,0.05016994899674243,0.20450285029825704,0.6832019625655097,0.1748958460524344,0.6784118589831253,0.280051863704482,0.2069946586080912,-0.1221318895677533,0.9597412165465821,0.42939512197794133,0.3600909444556774,0.3197200569665339,-0.3223532719303079,2.25462731052446,0.16781872064898196,0.26041094767684597,1.0622947527894304,0.03927474521833036,0.20026115626668603,-0.3210264505074088,0.6059343011328119,0.42008844551273544,0.1338401966598062,0.13536016819382082,-0.4952310903871767,0.5011913187557278,0.4534040389068928,0.16563956633196697,0.21727872350478045,0.15516082128655448,-0.19458330584747247,-0.072827390720447,0.057106907362060436,-0.05466951303385975,-0.14509073651440804,-0.0778825104112399,0.05532542125054114,-0.016038760600221615,0.029260200827534888
