0.8835892399322057,0.1538138608188525,0.2936839732807943,0.035105963745389844,0.0038106074787506196,0.09283361582267909,0.07460348178621234,0.047737121119015395,0.08341379256541677,0.09951246662442424,0.0620181121386885,0.09655050039009654,0.04702499633148789,0.07027144983509447,0.13287417460648088,0.0643697735964753,0.016857805785445202,0.10122491246286122,0.016999422644796636,0.047628083965776495,0.03950262592688192,0.06525697278309071,0.11045945008307136,0.04814553978457397,0.11829754057899478,0.029194772187992702,0.03984602261367163,0.0773868714973016,0.11255776349639883,0.06833331495003506,0.06536528962834919,0.08831474683302999,0.035736377374359,0.07781230071652569,0.03117718392110457,0.02420474685480232,0.0959439742337425,0.039313991285209966,0.057857444162985085,0.016558942457686077,0.05251194076362285,0.022487539043548974,0.13586142981080776,0.01582997120911726,0.14726245786870357,0.15487651572668226,0.11666394677533187,0.01955820039112721,-0.014616830015525401,-0.07064974660401614,-0.021781229330926303,0.03154349017184286,0.06511401913481295,-0.0032241524858961034,0.2655722004601528,0.002832881727433898,0.20088870330972844,0.2626224439301669,-0.6979388471308882
0.1538138608188525,1.4702919620087898,0.327357118867082,-0.1033160520761118,-0.09483128935860038,0.18713408460418648,0.14452334738719708,0.12204475885839768,0.18163801371031754,0.1116286717921148,0.1379237559252188,0.10579636909102964,0.12380265515679345,0.1454961418937802,0.326889142682261,0.0726525103899342,0.057609632200647604,0.0015227776682292806,-0.0160037620059871,0.12370256610063918,0.12296099692436756,0.07865033564758096,-0.20075929362025038,0.0521204510152685,0.058135512385111124,0.1884074850765513,0.1464165514253135,0.0753731890378659,0.14275308651272525,0.07842003998016224,0.10508743895321396,0.16427200214476473,-0.021497543037421,0.1385210309942387,0.06060186576093744,0.18202641226577404,-0.0062061511011306855,0.08536359302904717,-0.05447908058740474,0.01583537472247043,0.08305678175031296,0.10474516167724571,-0.03697753904476572,0.010938759570444451,-0.03197469321248151,0.17263979006081145,0.05323311887298929,0.08232628337698425,0.24392178267680745,-0.5242959429343746,0.5065348406554773,0.043118420051312334,-0.05791294627510053,0.02412701148535865,-0.4364618009905132,0.07804398588963761,0.08811055513715,-0.027341805808249534,0.1916795152643648
0.2936839732807943,0.327357118867082,1.7211172248899713,0.07731592110105173,-0.2433808943661271,0.3833987014926908,0.21302707695896517,0.39199428940437564,0.3312366740481528,0.39839322214791967,0.3396716461502517,0.26921876860143223,0.23694885245768108,0.2495343374760504,0.26027262914587124,0.2196811842493976,0.3106970526823794,0.33393177659042467,0.11812622007449428,0.36402319654630994,0.29066907335006525,0.2686295873008563,0.28585272334264167,0.26604696459953936,0.2592015046155014,0.21769534793819506,0.24128789369228623,0.3786781446594029,0.5149616933099873,-0.008174736821629421,0.2642417761467474,0.25109764856974204,0.15591735434618945,0.43528627834725486,0.23177278618712796,0.7316752219728312,0.2214112113014872,0.19435554509528463,0.3088363739502324,0.08442364335185734,0.33242854449782666,0.30478071320984884,0.24515794342727476,0.05033588226873372,0.3105726924804529,0.7508153180451871,0.31002088511282233,0.3257186690168557,0.21975550263109042,-0.13354495436766445,-0.05108352779602234,0.23696996124284453,0.05305757294506744,-0.11439553949732988,0.1373081338715554,-0.020401081629270765,0.039368127814052196,-0.4663511615199318,0.27700338803319197
0.035105963745389844,-0.1033160520761118,0.07731592110105173,0.6283314964197326,0.415631475944439,0.2208568975163328,0.21640408964833774,0.10966582540152389,0.06797356409151599,0.1563281112142696,0.11274309254039151,0.19740747694354072,0.11449971260706272,0.1740678114791764,0.1393520844805033,0.18887445844393919,0.13652334984650863,0.21314341702335618,0.10419801474297524,0.12743871049946215,0.15764359612553838,0.13661571170825842,0.26389935066589865,0.14234001358073034,0.17789143604670224,0.2265106894998682,0.09619972127282611,0.03799903514786384,0.2026116083319618,0.10139085031540827,0.11688558078780822,0.15334769938258624,0.12319863692771225,0.18026536907591295,0.03914860065391964,0.22581904967179356,0.13055669293475827,0.06612208764882578,0.18298408646090492,0.12520821404606466,0.10001744840490114,0.1484061456833723,0.14708798468582193,0.021885096718870636,0.06608484896186531,0.2792242979502067,0.20273496765794877,0.16808706854794891,0.2552627925979836,0.16685606789916105,-0.2426070232680504,0.03609176737097228,0.1004767247379099,-0.041817808930455024,0.012357667640340858,0.018375572678736844,-0.0977914578006986,-0.06335698742716069,0.11788540950044657
0.0038106074787506196,-0.09483128935860038,-0.2433808943661271,0.415631475944439,0.9959552611788558,0.2057959447805636,0.15318196866628705,0.06415621769249762,0.011591358081712421,0.09348043214248372,0.08443903480844658,0.19225984379520095,0.12141400000289149,0.18031698038138347,0.18167103271267449,0.20009040583503213,0.11033802352686548,0.19885282637098442,0.21301860278312404,0.06356050018638876,0.1470729186323668,0.11444225792452131,0.23592508153027317,0.12420346136748855,0.15317549031495906,0.24626843589969574,0.05897701473042226,-0.04434371438053957,0.16958112345665424,0.0646210578269134,0.11491789540309194,0.14056952006427886,0.15510084372947128,0.07331173615253127,-0.022891938810639948,0.1740812023296637,0.190439590741048,0.040842106576675405,0.1339420145176146,0.14326513283437112,0.06491651117560503,0.14157499380215588,0.04218419492338663,0.015413035883462588,-0.07482070435320112,0.2249256739018878,0.1723352724115604,0.20209924046128958,0.34933108941785945,0.2911575282035546,-0.2942428804430823,-0.1762143887298501,0.16784554094479567,0.021570434822196404,-0.048693226635309575,-0.039472044981562884,-0.11880939157887188,-0.1086998563019551,0.3039851457471113
0.09283361582267909,0.18713408460418648,0.3833987014926908,0.2208568975163328,0.2057959447805636,0.6004434261779119,0.09705031808589565,0.24903428083359677,0.19659269578209349,0.17182931477005184,0.20492294390844476,0.19832310946899612,0.17921809617919335,0.2686715370487312,0.2402084680637994,0.2344593791672095,0.2192130215704835,0.1428956758901341,0.1903297518317015,0.3679585139714871,0.21673559607193355,0.19825067485289644,0.08683153334822837,0.16731197138599235,0.18239290753448334,0.2628277705974922,0.214713918065742,0.1952929651726384,0.44233735855416895,0.07568582250790726,0.19180216432008232,0.26463353028516096,0.052029342445256845,0.22979131362872968,-0.054145902248185565,0.2604563675080733,0.36175092126906044,0.18752049423017408,0.26894927896767046,0.1388506850310456,0.15883583829374365,0.19381786738080697,0.17335097324322057,0.05430939319728652,0.12681247847356428,0.35053581304828824,0.2534438507673062,0.2255457921943724,0.5212797880660194,0.3556242796431792,-0.45023971413158437,0.11227523237669162,-0.047138702311806634,-0.015977952843291857,-0.04953637907787554,-0.04732260384399662,0.10321110215605767,-0.04978313919019796,0.04520169878802111
0.07460348178621234,0.14452334738719708,0.21302707695896517,0.21640408964833774,0.15318196866628705,0.09705031808589565,0.7733646673028627,0.14565922964459171,0.16866268870771928,0.18121040987965614,0.24826790900476045,0.2938244881121652,0.148674688566166,0.21447418891875544,0.06884169435445184,0.24314797577440245,0.20515836021801148,0.27364117801509197,-0.003499450386010595,0.10751104877622239,0.20130205085526548,0.21814441985112218,0.44033034865458287,0.21280324754579402,0.24507582118479598,0.3315967669493464,0.13783830383607934,0.07938911042333553,0.18258883511927398,0.24698737225274303,0.1302837863040965,0.24402848249692374,0.1936995951001313,0.22823962583684357,0.0344343001562145,0.42531425492581654,0.028888139940959786,0.06565147292030625,0.20943342799505218,0.14131713596342457,0.16802314612759445,0.1939204638506896,0.1630918794112782,0.019393994773408606,0.024003892793251862,0.4255310020649502,0.22488647326913616,0.2301857121102196,0.47686914780728457,-0.04677206103660764,-0.11050561052915504,0.09827172812818628,0.1751560807105076,-0.08799469027693964,-0.06294932900277048,0.0845115325404817,0.028878491321264348,0.0789640029358638,-0.2533352494793584
0.047737121119015395,0.12204475885839768,0.39199428940437564,0.10966582540152389,0.06415621769249762,0.24903428083359677,0.14565922964459171,0.6854345640763356,0.060953616961435815,0.16949867094941803,0.2880523442128806,0.12689291629613778,0.21411411333121438,0.24848871642660028,0.13717030062452826,0.21083864297946694,0.24741098929735061,0.2225346416054667,0.1256244719519469,0.3374576481781978,0.15630667438499019,0.14783651472332712,0.19130552451602173,0.19879267896647843,0.22603282889844667,0.1948055452873368,0.2662319277767086,0.2572740043746562,0.31449504675696893,0.242713495460337,0.1738900287317897,0.24126820224948559,0.14968787714234658,0.22768248455175885,0.13649174820435492,0.2296709653102163,0.25003129311689876,0.1748970135580047,0.25681223629712785,0.16391163256316785,0.22669102756434212,0.1643259313353203,0.22728702985312718,0.03646502706301234,0.1703528926990537,0.4492350148850023,0.3441608095811597,0.26326983601253523,0.4363061167979892,0.057408582135266326,-0.07485243817300023,0.11879647958755898,-0.05564677720769597,-0.02950569990170783,-0.07960558180582523,-0.08666582422900639,0.14410957378618305,0.14814845485597575,-0.13257108470617737
0.08341379256541677,0.18163801371031754,0.3312366740481528,0.06797356409151599,0.011591358081712421,0.19659269578209349,0.16866268870771928,0.060953616961435815,0.5681052262971608,0.10488121421158021,0.12145728454087959,0.14408993739805956,0.08772637492113816,0.1502803936233867,0.0669556672218455,0.12357437437998717,0.16978283716003453,0.22738770990192125,-0.014125183376264653,0.1343677981129882,0.17122397492131258,0.2781657237357787,0.2880557267451805,0.1688806889931719,0.09945827903231191,0.3629074457884184,0.12473925755296418,0.19267145237728192,0.1129257656467632,0.08831338987014592,0.14415419686237518,0.18609490573997378,0.1495240804299871,0.22983229514162828,0.13588076433558524,0.19348459828239406,0.04808926292482616,0.08451587738166053,0.2302152444949879,0.11677322443433226,0.1778868015014371,0.1457980577877332,0.1778210330430763,0.03183192079198692,0.1305174603590455,0.28608916203877954,0.23612730273217417,0.06142441758709136,0.3883394657900653,-0.059624640828048414,-0.045872108143122745,0.02461312780223314,0.11740711986479108,-0.025225608252440947,0.002212529104158415,0.05090337012725159,0.056743065413790504,-0.04418348693808957,-0.09763516319475862
0.09951246662442424,0.1116286717921148,0.39839322214791967,0.1563281112142696,0.09348043214248372,0.17182931477005184,0.18121040987965614,0.16949867094941803,0.10488121421158021,0.5932118758719435,0.13459983052187144,0.18860734471159885,0.14678165289023562,0.1667713085949414,0.15427950827632608,0.16162435606370673,0.22756523939833853,0.216424364050799,0.046278200590074606,0.2177680094158777,0.1414130700395881,0.13030659641365439,0.19125783976291627,0.17524522487358754,0.18853698638140473,0.19112111114951508,0.16764869534045132,0.255225350401293,0.23810402964924696,0.1972625348685108,0.1882253812863863,0.16849828459979913,0.10399002531317911,0.23173210042753487,0.24769396012045525,0.33225472561131175,0.20682749334132122,0.10809385266176971,0.19425542488974132,0.12989574239989132,0.250648535861087,0.16355254320054388,0.15826192644192955,0.014908652893641752,0.14903208311224683,0.42803595255786053,0.29884734182117717,0.21490343511907464,0.294627467304981,-0.04118537067455162,-0.08146570008125505,-0.036249803653629904,0.1558558174025104,-0.015267161995104913,0.050678805961848844,0.10714381380391998,0.08536110689923433,-0.21009929363443106,-0.03739580456686704
0.0620181121386885,0.1379237559252188,0.3396716461502517,0.11274309254039151,0.08443903480844658,0.20492294390844476,0.24826790900476045,0.2880523442128806,0.12145728454087959,0.13459983052187144,0.4533737734368853,0.19354143465237178,0.17902995641087066,0.21209102052083612,0.15886221745799126,0.19636076886718096,0.27349773745281214,0.19768515165030884,0.08379849332733999,0.2878936940842342,0.18771441504089817,0.1571737773556345,0.2196232837174989,0.20077696358027078,0.18845074583456486,0.07843662981823049,0.255967848544893,0.2625372396200218,0.27065111812309506,0.19417907985368413,0.1894788421161653,0.19415994131214642,0.17022508930620342,0.18487374920445057,0.12173893391368579,0.32114666507213036,0.24411648453891477,0.1537406416237635,0.2355297235814167,0.15123366754423598,0.18644125145776919,0.1932272359817388,0.18014503332680898,0.029929023822682893,0.19293295714055594,0.43706559698529257,0.26906008078712096,0.229210676675705,0.21648101845819234,-0.04349351221976569,-0.04187391235070805,0.07620075940651323,0.07269975208192601,-0.04349262307248167,-0.05869046126240936,-0.049367614332887326,0.07900371867649951,-0.015930176820312728,-0.00692013252096536
0.09655050039009654,0.10579636909102964,0.26921876860143223,0.19740747694354072,0.19225984379520095,0.19832310946899612,0.2938244881121652,0.12689291629613778,0.14408993739805956,0.18860734471159885,0.19354143465237178,0.5736933006282778,0.12352774938339546,0.1861799449396728,0.16881639206286086,0.2389377479267779,0.21702327362514812,0.2215844460357941,0.08917760161446371,0.17352252131830015,0.1689873016993467,0.1653604974556245,0.24293925346071912,0.16262042705752114,0.21697483418617652,0.12160449399927481,0.23668831135765514,0.0694824337811741,0.14847582226720288,0.13605903994890808,0.14514303747625337,0.18441899811234228,0.16174074957347614,0.16885077629041043,-0.029026435915790846,0.2848754812198873,0.08040210926800313,0.10052025154362089,0.2015573227541109,0.12477205486717348,0.09023124175415305,0.16095341618653822,0.12765332847529479,0.029631018397213802,0.11532387567352936,0.3394257468968888,0.22642031618976707,0.2179190919332838,0.42137003341372886,-0.16072231252042815,0.018882045794833113,-0.01937551444669037,0.18957238172986912,-0.032393955682578454,-0.035957136241017366,0.02367753185478062,-0.09113682949066411,0.02394644067312816,-0.08631915574880836
0.04702499633148789,0.12380265515679345,0.23694885245768108,0.11449971260706272,0.12141400000289149,0.17921809617919335,0.148674688566166,0.21411411333121438,0.08772637492113816,0.14678165289023562,0.17902995641087066,0.12352774938339546,0.3163650759484335,0.15791405435881553,0.08366831911601584,0.1655022013464326,0.1687996441740911,0.15397085078790843,0.07767044833364666,0.19349293487467714,0.11682990334438655,0.1571550333406788,0.15094138355022688,0.17386727655409895,0.14306768383135818,0.08335051808530464,0.1928876184034374,0.1713279054511156,0.31329955244723473,0.14298058050282056,0.1355968930236995,0.15522805985179686,0.12304098368251956,0.19075767926285944,0.18316455814976484,0.22828918073150595,0.16374891924992027,0.10179353275386674,0.1666920798071992,0.11049359489557349,0.18542371482199405,0.13342941100813033,0.10898062116009473,0.03014552042923054,0.02425513172102308,0.33641014596144464,0.2158056044347097,0.142707030665829,0.2554935719253849,0.11409804828899407,-0.05818655180327141,0.007454958128212441,-0.04107745962302423,-0.026877100847034225,-0.012394608654133507,-0.07320544020426437,0.007511279049838023,-0.1816768330939057,0.25398327485234934
0.07027144983509447,0.1454961418937802,0.2495343374760504,0.1740678114791764,0.18031698038138347,0.2686715370487312,0.21447418891875544,0.24848871642660028,0.1502803936233867,0.1667713085949414,0.21209102052083612,0.1861799449396728,0.15791405435881553,0.49534169918861665,0.21874909348926694,0.28041982839680885,0.18197551303682155,0.1846817156017587,0.10784270709962132,0.32017169212268914,0.2055800049148928,0.19710499047291263,0.21935291226950934,0.22586783423500026,0.19457541274496887,0.3089052380236474,0.11135814333156711,0.13196608267724824,0.2721467169782819,0.20723786708332362,0.19328559249248384,0.34931120842475005,0.11795543407635109,0.1930305797048139,0.069772816542962,0.30401855517253923,0.24091331062793236,0.1706248993952599,0.2630155534063248,0.18074937425118123,0.20909030527821207,0.1927836818638245,0.193808998995736,0.03438623444667711,0.14370547948073287,0.39765965735067516,0.30783214830913264,0.25558481297285124,0.5917820034393255,0.06274814206088151,-0.20615071751067526,0.04048916909320463,0.1109429944156884,-0.008662257910286799,-0.07496015304875825,-0.01732436140881964,0.13404910222831004,0.0013821332036073348,-0.026702988705102716
0.13287417460648088,0.326889142682261,0.26027262914587124,0.1393520844805033,0.18167103271267449,0.2402084680637994,0.06884169435445184,0.13717030062452826,0.0669556672218455,0.15427950827632608,0.15886221745799126,0.16881639206286086,0.08366831911601584,0.21874909348926694,0.725780574417331,0.12426867695070572,0.13094982454639045,0.11957380222374844,0.10515471938138342,0.21951763337086141,0.15649144647638008,0.058841647002776325,0.3541163119155421,0.19874446456705194,0.26223043580882405,0.08353839371548319,0.1844424409320492,0.10325541788105165,0.16163779764958702,0.1991831352626833,0.1327751621460121,0.14816687532722028,0.16612724653538727,0.17013788636941668,0.03541594140333438,0.1960221987793742,0.3335535562540422,0.1195558983796575,0.2159141212635114,0.12323202178431428,0.08568524981994703,0.16127096409885566,0.17511955020303327,0.042199468957378805,0.18487564819083824,0.34174535175401866,0.2571651921425348,0.2838782067977922,0.2612684060047095,-0.0944428890277512,-0.18274634348553115,0.14955387788261723,0.16391962213835912,-0.02280803528243762,-0.045746281823664636,0.03954916169470241,0.013194154174740675,0.011147019275231134,0.012364243795590868
0.0643697735964753,0.0726525103899342,0.2196811842493976,0.18887445844393919,0.20009040583503213,0.2344593791672095,0.24314797577440245,0.21083864297946694,0.12357437437998717,0.16162435606370673,0.19636076886718096,0.2389377479267779,0.1655022013464326,0.28041982839680885,0.12426867695070572,0.446646985346803,0.2085331205598075,0.15192624167766505,0.11327135037477026,0.23545334858812994,0.1736614124757417,0.2503915131393002,0.19341925540789107,0.205251375858294,0.1860194563277046,0.09990135827829337,0.19120613259955177,0.21370949307034517,0.30242460489720907,0.17715795425499248,0.15509396527369107,0.23348663877392836,0.12998197594539346,0.1928104433536615,0.13683031484907232,0.2393406413304166,0.22483817700293343,0.12546544748996596,0.2557019139454661,0.1567392688664932,0.19452662602258536,0.16495309827905072,0.2174108890806034,0.040054039309375726,0.17514472237068268,0.3261878032525557,0.2638107472421013,0.12044030923525238,0.39257637394886485,0.05978591214083559,-0.19688985087700803,0.06024117523991761,0.09405072407956235,-0.003849116076289213,-0.009542304199362837,-0.022890375655378787,-0.012498464815873389,-0.01329584007448993,0.04185608479805678
0.016857805785445202,0.057609632200647604,0.3106970526823794,0.13652334984650863,0.11033802352686548,0.2192130215704835,0.20515836021801148,0.24741098929735061,0.16978283716003453,0.22756523939833853,0.27349773745281214,0.21702327362514812,0.1687996441740911,0.18197551303682155,0.13094982454639045,0.2085331205598075,0.7500830623887619,0.12060921551074562,0.10707217624988867,0.3297727369067813,0.2155763409566298,0.19474462371494103,0.18845528030174763,0.2022805402175244,0.19103793502106614,-0.14909053637579392,0.37090594361283125,0.9467236129405431,0.31090192236665026,0.16421154370222443,0.21706212744982292,0.12887664784357725,0.29835363962464945,0.13928368070278974,0.12028608499357463,0.32512101065986715,0.5314132857967451,0.173703472009008,0.22081098273018296,0.1363840834893536,0.36562108323599585,0.23796562455536122,0.2821264009627353,0.026617609627978246,0.23611782485111418,0.4481310285246795,0.34342551893673606,0.2549179124240131,0.2949817595846133,0.05850015743523146,-0.20035034772358856,0.07533744371947104,0.09894205191460557,-0.0591612672245534,0.003291517755742166,-0.0567484308724226,-0.0537032885904666,0.00966398344393267,0.1133461262470691
0.10122491246286122,0.0015227776682292806,0.33393177659042467,0.21314341702335618,0.19885282637098442,0.1428956758901341,0.27364117801509197,0.2225346416054667,0.22738770990192125,0.216424364050799,0.19768515165030884,0.2215844460357941,0.15397085078790843,0.1846817156017587,0.11957380222374844,0.15192624167766505,0.12060921551074562,1.3093317053402538,0.08843649856207482,0.0458140047580579,0.28657626932140123,0.24073441024781767,0.6906268085279573,0.18669033684578126,0.29639057627859217,0.6243044299973461,0.16485933621546103,-0.08580226172523872,0.2806428306694602,-0.030644302231167105,0.30371748079184835,0.19476910837417527,0.22389607970095143,0.3335990751816731,0.2068211295095366,0.36437865395226,-0.02714100154870712,0.04672899959621984,0.3748760890180166,0.3154629214991921,0.3401211529493171,0.25528655103550074,0.16659351167039477,-0.010246481884245057,0.13532355648464217,0.6524429256264802,0.5312808226056585,0.26205673075359187,0.3969767130714878,-0.23230000717536015,0.18161044018428968,-0.21735200585958675,0.146688500723718,0.0671068479557291,0.02203460128765446,-0.03431003736892509,-0.0412408017661168,-0.15054112150263738,0.13849892938347613
0.016999422644796636,-0.0160037620059871,0.11812622007449428,0.10419801474297524,0.21301860278312404,0.1903297518317015,-0.003499450386010595,0.1256244719519469,-0.014125183376264653,0.046278200590074606,0.08379849332733999,0.08917760161446371,0.07767044833364666,0.10784270709962132,0.10515471938138342,0.11327135037477026,0.10707217624988867,0.08843649856207482,0.5145698194971291,0.05159171732754555,0.11417668684588764,0.07342117052190247,-0.024129729383457005,0.08015812682711908,0.12313658767680662,-0.11590135314540204,0.14530231465376814,0.04550439018212643,0.12317592953616804,0.056482258633530125,0.11966714875559728,0.09095130565087617,0.10211899945543747,0.06817778589600945,-0.04686284497952126,0.2225687327263857,0.15711615838981377,0.04000115219714966,0.19792469812858712,0.0581337323739426,-0.02855569556107395,0.10382770322122226,0.09061069555885827,0.028081149624607046,0.18117880313209883,0.15092867125063014,0.052717250816498445,0.11927574605066146,-0.03859435009364819,0.05379865007363386,0.11539585679201031,0.15027812131770374,-0.21996137134858018,-0.1069689604434342,-0.02402918918515369,-0.05221376417336576,0.007525765443939888,-0.019499066875592424,0.09446980431269834
0.047628083965776495,0.12370256610063918,0.36402319654630994,0.12743871049946215,0.06356050018638876,0.3679585139714871,0.10751104877622239,0.3374576481781978,0.1343677981129882,0.2177680094158777,0.2878936940842342,0.17352252131830015,0.19349293487467714,0.32017169212268914,0.21951763337086141,0.23545334858812994,0.3297727369067813,0.0458140047580579,0.05159171732754555,1.4114014807629756,0.2965056157531285,0.12625476762082666,0.049249511647277686,0.2781299988087413,0.17708936480158646,0.07613175757019572,0.4663612431945028,0.35009869867233556,0.5072694699615817,0.5676301900878469,0.38667701276164546,0.26924934922861027,0.12085779465954272,0.3096772369052944,0.0550564235721185,0.4822575272111231,1.0176675026343045,0.660572291728429,0.7461754732687269,0.3954854399821261,0.32938906029978376,0.3424151092438226,0.3888205753113273,0.10883429282025832,0.529762038143151,0.5564183353250765,0.4331022239712972,0.6993679635271453,1.0812724528399547,0.2420465918361504,-0.4470611988539896,0.07887889794250148,0.19489296373464604,-0.053079688582898,0.010378476692877602,-0.12172387244811982,0.17248143655223844,-0.1097356918454765,0.10669172453097372
0.03950262592688192,0.12296099692436756,0.29066907335006525,0.15764359612553838,0.1470729186323668,0.21673559607193355,0.20130205085526548,0.15630667438499019,0.17122397492131258,0.1414130700395881,0.18771441504089817,0.1689873016993467,0.11682990334438655,0.2055800049148928,0.15649144647638008,0.1736614124757417,0.2155763409566298,0.28657626932140123,0.11417668684588764,0.2965056157531285,0.6174050589987723,0.17975540644345467,0.23121272197107787,0.16914990067544228,0.14918485666145875,0.20218357523745029,0.1674112155564762,-0.08652006136125191,0.26214607367656345,0.22703593836658756,0.24258333604650617,0.16777948220455083,0.14263156371965807,0.16408908029259126,0.2367920163625899,0.6016568452637681,0.19222603419375095,0.17929521928481792,0.36863859062338555,0.3565363912770101,0.2303668764552772,0.49127537698471185,0.3293055816651462,0.03887361621539013,0.497609667216357,0.5198185608483926,0.3505796366922424,0.4387776229260101,0.44429982819153496,0.03495294322105651,-0.10578103867969996,0.0134069296180563,0.044969006806089874,-0.01453992993136648,-0.0246239988754415,-0.02538177123449812,-0.1394378536591739,-0.0991146347436556,0.263541186943507
0.06525697278309071,0.07865033564758096,0.2686295873008563,0.13661571170825842,0.11444225792452131,0.19825067485289644,0.21814441985112218,0.14783651472332712,0.2781657237357787,0.13030659641365439,0.1571737773556345,0.1653604974556245,0.1571550333406788,0.19710499047291263,0.058841647002776325,0.2503915131393002,0.19474462371494103,0.24073441024781767,0.07342117052190247,0.12625476762082666,0.17975540644345467,0.5018398967215104,0.29286996865057796,0.19166598124275833,0.14181905355876018,0.19622459730116343,0.18122149756087177,0.20505915199834257,0.2930646997189497,0.11572091108643398,0.15083267665638156,0.210315625238522,0.15451543049370042,0.26123962218647695,0.11371905176544,0.238364783067134,0.08248697894147357,0.07983812339845904,0.34132801633585635,0.12404847568820858,0.23370714376073698,0.15125399033635356,0.22345790211426242,0.05337764313483157,0.16376337920622108,0.30506662108414695,0.2722288987973426,-0.11694202279120776,0.4052204353240191,0.05919382495325307,-0.12855685199705494,0.05912106099441028,0.05827468814113107,-0.04931827804555665,0.0025085287376744956,-0.0020337769714247824,-0.018350007800796406,-0.07554421551543261,0.06575280191568637
0.11045945008307136,-0.20075929362025038,0.28585272334264167,0.26389935066589865,0.23592508153027317,0.08683153334822837,0.44033034865458287,0.19130552451602173,0.2880557267451805,0.19125783976291627,0.2196232837174989,0.24293925346071912,0.15094138355022688,0.21935291226950934,0.3541163119155421,0.19341925540789107,0.18845528030174763,0.6906268085279573,-0.024129729383457005,0.049249511647277686,0.23121272197107787,0.29286996865057796,1.7908197599661797,0.48533981231770035,0.5436588503156891,0.3282857042457877,0.05090069297312928,0.10489361645509038,0.21088603578030793,0.3792577130982096,0.04422265550192771,0.19249398736934079,0.511078500778138,0.4333507890143945,0.07949363108420192,0.3436057180176946,0.2820496776659188,0.02675121649020324,0.6785933548236811,0.3416518470497429,0.2293688543207656,0.23880585645582658,0.367825780265961,0.09095459844071796,0.26896859516386035,0.7322845893791848,0.652411993537914,0.42913270494431754,0.6082097970468535,0.04467616331566247,-0.3428569141763736,0.12162556308600322,0.3323008770153533,-0.094444948487639,0.1672862197182372,0.008022362763931068,-0.0780373117556364,-0.056988191937825596,-0.015320765977275785
0.04814553978457397,0.0521204510152685,0.26604696459953936,0.14234001358073034,0.12420346136748855,0.16731197138599235,0.21280324754579402,0.19879267896647843,0.1688806889931719,0.17524522487358754,0.20077696358027078,0.16262042705752114,0.17386727655409895,0.22586783423500026,0.19874446456705194,0.205251375858294,0.2022805402175244,0.18669033684578126,0.08015812682711908,0.2781299988087413,0.16914990067544228,0.19166598124275833,0.48533981231770035,0.7067765828354402,0.25768569469388125,0.034497439112430264,0.2586725481263456,0.36912334354294957,0.1257385546978992,0.3827056571347579,0.21490671354273722,0.2727312941849636,0.4551700721223971,0.320408407188759,0.2541178784175855,0.26156175269636295,0.3303443610314924,0.1649271941141114,0.23499020074844262,0.17289620688994042,0.15081603329919366,0.19558674195031167,0.20503572821554056,0.05072237213158621,0.06800019500365781,0.4733032214210849,0.3901885941555694,0.3153407971005672,0.4605195084620999,-0.08928811714918322,-0.03507815918355093,0.06157838692442299,0.11080391428121736,-0.07100012390635314,0.10041965527152694,-0.09339497945956415,0.10076465858987978,-0.31486285123685603,0.31091573185657195
0.11829754057899478,0.058135512385111124,0.2592015046155014,0.17789143604670224,0.15317549031495906,0.18239290753448334,0.24507582118479598,0.22603282889844667,0.09945827903231191,0.18853698638140473,0.18845074583456486,0.21697483418617652,0.14306768383135818,0.19457541274496887,0.26223043580882405,0.1860194563277046,0.19103793502106614,0.29639057627859217,0.12313658767680662,0.17708936480158646,0.14918485666145875,0.14181905355876018,0.5436588503156891,0.25768569469388125,1.0910550963022565,0.1863635859057948,0.23576269885724285,0.12709487240115006,0.2663501775552874,0.33211354293764966,0.104798946884603,0.1964423252764068,0.13319360183968365,0.4104226826036393,0.18404773606670263,0.25775767419669693,0.1865922103881508,0.09695236148558296,0.40474104995737703,0.13826834463203427,0.21418079182689329,0.1596642060023365,0.2991798051540846,0.06685354443174935,0.35850546473957395,0.510552151309216,0.3636792253792409,0.13191227263801122,-0.04877773979648748,-0.14343812335727152,-0.09011521998187878,0.25527079140493153,0.1377767169031498,-0.1190436883348795,0.012864132475314708,0.026894447791500395,0.05434496149304176,0.043172782718955804,-0.16444688393918144
0.029194772187992702,0.1884074850765513,0.21769534793819506,0.2265106894998682,0.24626843589969574,0.2628277705974922,0.3315967669493464,0.1948055452873368,0.3629074457884184,0.19112111114951508,0.07843662981823049,0.12160449399927481,0.08335051808530464,0.3089052380236474,0.08353839371548319,0.09990135827829337,-0.14909053637579392,0.6243044299973461,-0.11590135314540204,0.07613175757019572,0.20218357523745029,0.19622459730116343,0.3282857042457877,0.034497439112430264,0.1863635859057948,4.018139252413935,-0.7448902627542086,-0.8724965409580417,-0.5822594261575551,-0.5062846589941531,-0.06076951971309583,0.510708111936844,-0.11165107127747793,0.43944706544802675,0.5567867027807009,0.18266665133188345,-1.7908735065555839,0.02340670264037128,0.4033915807548522,0.4776629980794073,0.3870095289364931,0.08590202759217551,0.15311851978358776,-0.11751006964232448,-0.20535186113896398,0.12024810971590721,0.07559164124965943,0.20419089448635133,1.4053903522381062,0.3857928823749694,-0.5766009233464552,-0.06605076206551934,0.05637470270730411,0.1460740928259121,-0.2309292090519324,0.17776937140005916,0.005247677845829814,0.049126104990767354,-0.19353775461183942
0.03984602261367163,0.1464165514253135,0.24128789369228623,0.09619972127282611,0.05897701473042226,0.214713918065742,0.13783830383607934,0.2662319277767086,0.12473925755296418,0.16764869534045132,0.255967848544893,0.23668831135765514,0.1928876184034374,0.11135814333156711,0.1844424409320492,0.19120613259955177,0.37090594361283125,0.16485933621546103,0.14530231465376814,0.4663612431945028,0.1674112155564762,0.18122149756087177,0.05090069297312928,0.2586725481263456,0.23576269885724285,-0.7448902627542086,2.792709310893648,0.45996615080108383,0.1061479586341934,0.5137234318607341,0.47711133793338006,0.1358491354609939,0.4136824324914779,0.16200249491940624,0.42743859684221075,0.21367313701301038,0.853409697668019,0.27266884868395963,0.20531550064098578,0.17436369168485732,0.529212568883654,0.2979663476223446,0.05673341327751837,0.03153826453948699,-0.23180249210534207,0.7358725662524452,0.4084504126701394,0.46335566588148774,0.8184303856460049,-0.03866844096444493,0.15789391130991687,0.08416268298015879,-0.03390557816128306,-0.028677886736595628,0.01325334385290289,-0.17156818292895984,0.1190436496403487,-0.30125529309157645,0.3690227644264062
0.0773868714973016,0.0753731890378659,0.3786781446594029,0.03799903514786384,-0.04434371438053957,0.1952929651726384,0.07938911042333553,0.2572740043746562,0.19267145237728192,0.255225350401293,0.2625372396200218,0.0694824337811741,0.1713279054511156,0.13196608267724824,0.10325541788105165,0.21370949307034517,0.9467236129405431,-0.08580226172523872,0.04550439018212643,0.35009869867233556,-0.08652006136125191,0.20505915199834257,0.10489361645509038,0.36912334354294957,0.12709487240115006,-0.8724965409580417,0.45996615080108383,6.3074598674370215,0.320392577100241,-0.4088922334490974,0.3243750203692048,0.09516163493401507,1.2134634817886052,-0.12383337910654593,-0.06806422841720791,-0.15990080496765427,1.032131425313449,0.19159221257251619,-0.3225040885799289,-0.14940496178599283,1.2320186185869604,-0.2654951402005224,0.48920752546661095,-0.012129036905334133,-0.44142735101619107,0.1746881820471719,0.14792671729780724,0.08976481148581608,0.16352985410609372,0.2540788260002371,-0.417242523904839,0.31572441860343076,-0.012325371631025516,-0.05886146028575839,0.7584246379260149,-0.07126754323129453,0.10817570068013903,0.29324261752588665,-0.07908598298915384
0.11255776349639883,0.14275308651272525,0.5149616933099873,0.2026116083319618,0.16958112345665424,0.44233735855416895,0.18258883511927398,0.31449504675696893,0.1129257656467632,0.23810402964924696,0.27065111812309506,0.14847582226720288,0.31329955244723473,0.2721467169782819,0.16163779764958702,0.30242460489720907,0.31090192236665026,0.2806428306694602,0.12317592953616804,0.5072694699615817,0.26214607367656345,0.2930646997189497,0.21088603578030793,0.1257385546978992,0.2663501775552874,-0.5822594261575551,0.1061479586341934,0.320392577100241,2.4396431603877327,0.22463899476677346,0.1908978494129738,0.15377969937822983,-0.29005524217030487,0.6594965224078309,-0.4432909862313973,0.9160750935823981,0.7093390331735626,0.15725094220719465,0.36106970542974415,0.10631875830489668,0.9222946521319731,0.2372466688506109,0.14380250424809868,-0.030210897159779166,0.021841773927165752,0.6821216840478492,0.4232787322413348,0.09422597332602088,0.480964115767248,1.0582501697461144,-0.9459519436929305,0.1550227115774026,-0.24192565275497485,0.007174312106599649,0.0077928127427603425,-0.18756038628548732,-0.06615949746016159,-0.27511856321407335,0.49611705176641147
0.06833331495003506,0.07842003998016224,-0.008174736821629421,0.10139085031540827,0.0646210578269134,0.07568582250790726,0.24698737225274303,0.242713495460337,0.08831338987014592,0.1972625348685108,0.19417907985368413,0.13605903994890808,0.14298058050282056,0.20723786708332362,0.1991831352626833,0.17715795425499248,0.16421154370222443,-0.030644302231167105,0.056482258633530125,0.5676301900878469,0.22703593836658756,0.11572091108643398,0.3792577130982096,0.3827056571347579,0.33211354293764966,-0.5062846589941531,0.5137234318607341,-0.4088922334490974,0.22463899476677346,3.03249058043676,0.26495271787355795,0.20807778635569074,0.2032059651527636,0.2362131079058805,0.5423663642690524,0.10457767913116275,0.7157115935393731,0.33292217184421924,0.5865120760677957,0.42258504456792245,-0.009495593550052275,0.31749543960140314,1.150463975348765,0.10888451994417013,1.6314432084421802,0.9542786691118236,1.1065010326038693,0.4618651020729296,0.2934707419998573,-0.26585835347531855,0.23721969445639118,-0.2958191061138874,0.2495737599446034,-0.06156405952182285,-0.03880506473105859,-0.0133708414411835,-0.08263483958932037,0.9332022215268945,-0.7998268149725535
0.06536528962834919,0.10508743895321396,0.2642417761467474,0.11688558078780822,0.11491789540309194,0.19180216432008232,0.1302837863040965,0.1738900287317897,0.14415419686237518,0.1882253812863863,0.1894788421161653,0.14514303747625337,0.1355968930236995,0.19328559249248384,0.1327751621460121,0.15509396527369107,0.21706212744982292,0.30371748079184835,0.11966714875559728,0.38667701276164546,0.24258333604650617,0.15083267665638156,0.04422265550192771,0.21490671354273722,0.104798946884603,-0.06076951971309583,0.47711133793338006,0.3243750203692048,0.1908978494129738,0.26495271787355795,0.9402245976051316,0.21773122866731406,0.18168200465041356,0.1509884630957292,0.25162382458306815,0.7029035383820598,0.3008190242684796,0.25181218217663237,0.31329985814680356,0.2678707975524087,0.24596874390752282,0.26019029290715096,0.11767661689197602,0.05510401316041487,0.2849006486271215,0.6838502926056982,0.30713732450674425,0.37615614149916693,0.0798421859382474,-0.16055645390072937,0.13394027796617308,-0.09217646519332466,0.1138592700686402,-0.06262251417776085,0.005318435018833191,-0.027619983473008057,0.2804068200234957,-0.28202745148657354,0.03606257779453193
0.08831474683302999,0.16427200214476473,0.25109764856974204,0.15334769938258624,0.14056952006427886,0.26463353028516096,0.24402848249692374,0.24126820224948559,0.18609490573997378,0.16849828459979913,0.19415994131214642,0.18441899811234228,0.15522805985179686,0.34931120842475005,0.14816687532722028,0.23348663877392836,0.12887664784357725,0.19476910837417527,0.09095130565087617,0.26924934922861027,0.16777948220455083,0.210315625238522,0.19249398736934079,0.2727312941849636,0.1964423252764068,0.510708111936844,0.1358491354609939,0.09516163493401507,0.15377969937822983,0.20807778635569074,0.21773122866731406,0.7342902314967562,0.0729133366343971,0.15307254645453708,-0.09566563135315738,0.3751418272214222,0.1157176486301211,0.1566935437318833,0.1632207580147744,0.1623628402370108,0.21322649542374172,0.14718371157727167,0.0027675737719263273,0.009868794119963026,-0.006637054740359344,0.5044097448480193,0.2787700259045216,0.22111190890947616,0.5372798227371735,0.12604326025941068,-0.12458515949304687,0.15308584827254587,-0.20114148626585274,0.02027824006774686,-0.08410115152296714,-0.01551901367222208,0.5553927529705982,-0.16634504595657187,-0.29716924491219054
0.035736377374359,-0.021497543037421,0.15591735434618945,0.12319863692771225,0.15510084372947128,0.052029342445256845,0.1936995951001313,0.14968787714234658,0.1495240804299871,0.10399002531317911,0.17022508930620342,0.16174074957347614,0.12304098368251956,0.11795543407635109,0.16612724653538727,0.12998197594539346,0.29835363962464945,0.22389607970095143,0.10211899945543747,0.12085779465954272,0.14263156371965807,0.15451543049370042,0.511078500778138,0.4551700721223971,0.13319360183968365,-0.11165107127747793,0.4136824324914779,1.2134634817886052,-0.29005524217030487,0.2032059651527636,0.18168200465041356,0.0729133366343971,1.7618086775102526,-0.4417995719559944,0.33268878132219804,-0.26051224524113914,0.46409925129194973,0.11758999488117688,0.016235812078517865,0.1312997014048303,-0.3174373399129235,0.125995353067819,0.3733548533823484,0.00981017122060553,-0.05144783874275139,0.3649658208134297,0.4153951248844449,0.4237338168880525,0.3924711629014251,-0.10799271285327135,-0.06121074625405899,0.10438124628920133,0.15532936056572272,-0.1211658640483162,0.3236886037195036,-0.10035868065484216,-0.19762211876003732,-0.09956730890321842,0.3596934410481048
0.07781230071652569,0.1385210309942387,0.43528627834725486,0.18026536907591295,0.07331173615253127,0.22979131362872968,0.22823962583684357,0.22768248455175885,0.22983229514162828,0.23173210042753487,0.18487374920445057,0.16885077629041043,0.19075767926285944,0.1930305797048139,0.17013788636941668,0.1928104433536615,0.13928368070278974,0.3335990751816731,0.06817778589600945,0.3096772369052944,0.16408908029259126,0.26123962218647695,0.4333507890143945,0.320408407188759,0.4104226826036393,0.43944706544802675,0.16200249491940624,-0.12383337910654593,0.6594965224078309,0.2362131079058805,0.1509884630957292,0.15307254645453708,-0.4417995719559944,2.6900841194123553,0.14404810685162234,0.4152563682335184,0.08804112831514219,0.06476298891911803,0.5301852101969364,-0.0853957725344692,0.6975873037359469,0.18374335158500432,0.6331126434325796,0.17976190650852314,0.2908492245540281,0.051163527444959604,0.397506482051284,-0.10538938878226783,-0.05385785390292218,-0.4706984581477924,0.18273732226909287,0.12466807118014937,0.3767903094272253,-0.30960521870515034,-0.11234245151075581,0.004106440670395191,-0.22778832006217747,-0.008330831272153998,0.20334042034605218
