2.208073059553898,0.7238388147929447,1.0445102587316668,-0.0761530271611513,0.16043610915096837,0.34755095759681703,0.4258830668701948,0.3885600439465523,0.17792765343772474,0.40269077201347614,0.31975181110210776,0.35671671504633046,0.16652250507273814,0.4280373629885485,0.4636775122820371,0.2837675822308983,0.11871450909960589,0.4248418608969567,0.1673852861684881,0.20492700507045836,0.19111111504989592,0.23559796225897425,0.33011715116763624,0.24150115443864892,0.38355988110301487,0.10028597887164797,0.22809049001146933,0.10424870320676301,0.37836465140086323,-0.013214836137235642,0.2805879887708616,0.3891938809327858,0.19544775751739213,0.3532403834983866,0.09767967352287778,0.2560207442308627,0.36582202266812197,0.15530114461780048,0.35464041577582417,0.03871557959596776,0.2009238012653507,0.1801001332941935,0.1955153015041157,-0.001982090083760768,0.18598631159215695,0.5616003591921741,0.493377020005069,-0.031579202665901834,0.29651970116675275,0.18923468768578444,-0.22401603119582086,0.16405754114033552,0.03916512293107802,-0.16178418168969694,0.37297374694221896,-0.029795685079392495,0.6503034508169139,-0.24588214627057306,-0.679859573959819
0.7238388147929447,4.095738362182117,0.5431687735166105,-0.37795992589632044,0.025839318892982042,0.25156337890133845,0.06037980903433605,0.20264346883179402,0.030799853122536896,0.21392750054625653,0.1184418987749886,0.14508982229287012,0.06862816781708805,0.02919761366468714,0.30636521677934697,0.042928765545994674,0.07817547547239692,0.2631415712597087,0.03304829600722163,0.11741578576889458,0.17875283542506518,0.022909387072009544,0.17060733886220233,0.0183487362661887,0.19130466763823825,0.006806311252991856,0.09689414563242205,0.06633703305041944,0.10403444884071762,-0.09638635072139413,0.11557245090011121,0.07685291052187156,0.07261772621521924,0.29138735082808237,-0.056606161416759955,0.08802860818681894,0.21332901305987542,0.08952281526796836,0.1483209138167343,0.10279740468349495,0.11630576348399578,0.13213479669364928,0.11116820001676521,0.17115758275373927,0.010620751187201474,0.15507584627976742,0.175295170891127,0.004694372485835412,-0.08235373557061205,-0.10304604840169236,0.07822063728670062,0.17311775794367087,-0.16185020733645974,-0.09618437727879756,-0.42040283675696277,0.03651191043139869,0.10874185001409019,0.27578842733571346,0.031226341885308255
1.0445102587316668,0.5431687735166105,2.403543646344161,0.13846466026607496,-0.22203325079819913,0.4634137522714448,0.3033055884185076,0.6334987638348908,0.21567800039642737,0.6781177619202275,0.4372801442672073,0.40271733855821185,0.26453508585900687,0.3789074610286516,0.5180266455196105,0.3089188221945667,0.39008612268776577,0.47531171681322865,0.18571543341882102,0.3993505366192328,0.33325075249427777,0.29356023978311413,0.3441879939075603,0.30543991786438185,0.4253778436267678,0.35528521488976894,0.29618884922631034,0.3296457175963047,0.45655836335107153,-0.2851325795802446,0.382269898132308,0.3417355467916268,0.35860732247973615,0.7662165598884654,0.20127016606835246,0.3651781674364057,0.8798615254619117,0.2512545647234731,0.3213741702885171,-0.017931114391000574,0.36168451994289724,0.3327264154070478,0.2765817897969734,0.05266118560016321,0.24258906295135285,0.7256037779661462,0.7288603601639319,-0.007200602018554677,-0.0063217100608823585,0.434503178174668,-0.32510319821356826,0.3631901067334257,-0.15672179415294143,-0.3105492451574183,0.3372099412942732,-0.24846549677486632,0.006423922688374714,-0.41441924877400343,0.2213763669260782
-0.0761530271611513,-0.37795992589632044,0.13846466026607496,1.424698894326403,0.44917739473973595,0.3103547617118103,0.3558204994357457,0.28928722954419084,0.08627099852548756,0.15106001378452993,0.21447347028637231,0.2612105413532602,0.10810784615835331,0.3142972434911813,0.17068777345634292,0.28865831484867666,0.19565486690895778,0.11906162779420226,0.20728975844332193,0.21486509199700357,0.17319233038000936,0.1764344668365508,0.1410794596959725,0.172544984815488,0.21506916928750286,0.29965826328995415,0.15969495880762705,0.11630477891140528,0.18944802317615184,0.09778646119016077,0.15276946751224948,0.17739669271263947,0.19873087519761193,0.28272025821876934,0.1450958833535408,0.14359691045470024,0.2960817377915072,0.13724018406242958,0.13007343665900162,0.09449054661401388,0.2593178516873592,0.17458330056412502,0.15630790673516362,0.01550540466135792,-0.12113087000591098,0.2507672672023045,0.2421270234918996,0.03979626091273727,0.2298293735861792,0.08294398867642529,-0.13478298725169924,-0.038447753190257124,0.15725814514964412,-0.0502967033313483,-0.005859824273520976,-0.11953901370020655,-0.32766761689811996,0.10560170222043942,0.2358772717866524
0.16043610915096837,0.025839318892982042,-0.22203325079819913,0.44917739473973595,0.933918804944667,0.4017740336802445,0.2166481298704796,0.21928137088846258,0.025499357139636775,0.11434253190429901,0.18960836631391706,0.24755450141004137,0.09955245432428741,0.27766781139050445,0.30155542453239564,0.2661786938371217,0.11733470254866041,0.146389292503863,0.32011079386407254,0.21965416923180903,0.14913636965064464,0.121379643828122,0.15184055356820195,0.15139984096190115,0.2210373106533982,0.14918731333458418,0.14722330114438298,0.052719700690727095,0.1848625267653836,0.22347842654305167,0.15015968238924646,0.1959603599173493,0.20976198021714063,0.12439025272055738,0.0836178276288916,0.1609623138597492,0.16071145108358278,0.14844645781188337,0.19499131994923685,0.14630099914403835,0.2553314815435495,0.15323620822874168,0.11003016626935423,0.004561269484691555,-0.1278170619428858,0.29868357795006073,0.21128338447642675,0.03153249135016564,0.15450273209801682,0.01887816712119488,-0.04792798805069573,-0.20592958100955797,0.3045374783222889,-0.02465089707635145,-0.01930985711002941,-0.099774916756754,0.024876342510108087,0.048048987975323504,0.013549031928805109
0.34755095759681703,0.25156337890133845,0.4634137522714448,0.3103547617118103,0.4017740336802445,0.7569911422962079,0.16601415781450066,0.4482278598907575,0.0852359768004629,0.2320531917726575,0.2721423612952795,0.30977462539918743,0.13219604294039006,0.3103163145487888,0.33709993929570164,0.2957841116590253,0.25325934418097157,0.22188146219453528,0.32423227948061323,0.3764601557886996,0.20562491933897215,0.17871004574012578,0.1788236873254166,0.19038374381940878,0.31724529250755434,0.23591194514671424,0.21188384355286055,0.2492704480237955,0.3117625348621426,0.02761768667620015,0.21952362818653154,0.2849650944775979,0.16704313479688093,0.3072116656506964,0.20725088651408283,0.11861645578230096,0.4087076039739096,0.22308545485715087,0.2745005456798544,0.139488159336164,0.24278419497185977,0.1970216373106154,0.23670650083194764,0.0948247389532844,0.0884496712707992,0.38742645905428397,0.4508398540724737,0.04884135239659909,0.1124076507059695,0.3734754646084099,-0.5915675823414945,0.31793603655458436,-0.16883285279809948,-0.0007975682239901918,0.044203615698453116,-0.1216833973615612,0.1329960904646442,-0.012323750646390118,-0.0779186778524568
0.4258830668701948,0.06037980903433605,0.3033055884185076,0.3558204994357457,0.2166481298704796,0.16601415781450066,0.8231885581589492,0.3733579543941921,0.18245383714747715,0.1593102388495381,0.31136027197104293,0.317788191652821,0.09945349228972829,0.2563591263701792,0.12612518672688913,0.23121103481483057,0.19259699964480204,0.2887113749474844,0.13651271854429006,0.10519826523181633,0.13228615113710496,0.19532791446760694,0.21904152615494965,0.14135907929552854,0.22425193198333188,0.2680856588346139,0.163607836205963,0.1074976454245694,0.10146620663429995,0.06423320280718302,0.18813015720326545,0.22582802462918047,0.19468262830314254,0.18809603427138297,0.06891480559908822,0.22051629634486505,0.20305648253930225,0.08605073931676917,0.24280422266303492,0.05861854780698573,0.1649963636780685,0.129348609894706,0.12752336091178118,0.01370893097019665,-0.028918395126531063,0.3143328669921091,0.113987825013295,-0.020164900968310424,0.30612859939949894,0.2332912725930472,-0.1810830008497795,0.05462588751245549,-0.011590795803499218,-0.1777781905512601,0.008216609821849073,0.08221062483106321,0.13476503302481774,0.08724109576827117,-0.41745585993539347
0.3885600439465523,0.20264346883179402,0.6334987638348908,0.28928722954419084,0.21928137088846258,0.4482278598907575,0.3733579543941921,1.1483757406839432,-0.0787169176323709,0.3591338886095487,0.35397873432282956,0.15110675550279776,0.12264811728560107,0.3582183321772707,0.28280375923913514,0.27694009410253345,0.2539679667841578,0.3254611760504197,0.26887218075691893,0.44324916034443756,0.18945326135574778,0.13900288918761722,0.19274995945083195,0.17026691880275258,0.36457388125391565,0.34140118754826304,0.2171166354590617,0.27707504932551985,0.32431445937125464,0.09630256932934879,0.23980810477948988,0.3126752568991138,0.24028314620297717,0.3610647960914157,0.19982355652844208,0.16375073063697332,0.5342668587909816,0.2652274318778306,0.3352443181946871,0.17535743352294256,0.31260954310389255,0.19736288591068243,0.22962409121702423,0.14955814327235026,0.10651077667307324,0.4380331113269364,0.5595863060314689,0.04898927544743296,0.31365014243585754,0.2969393362342196,-0.27052321750054525,0.11071028451562878,-0.08844430031399116,-0.06288556134685326,0.04745916303809533,-0.22777481592585264,0.28413099682095866,-0.006506707975492533,-0.03324031297475649
0.17792765343772474,0.030799853122536896,0.21567800039642737,0.08627099852548756,0.025499357139636775,0.0852359768004629,0.18245383714747715,-0.0787169176323709,0.8443740578201671,-0.05979760670062162,0.07297450460829308,0.03832355518179189,0.123528339061414,0.0680811983161337,-0.04382377307295249,0.028943863694930877,0.09214515779316235,0.09536981974177672,-0.0654056035506173,-0.013847499901557491,0.07820240574885703,0.31506402316238336,0.13219206725792013,0.09529332467251395,0.006053796729810775,0.3565776350597267,0.06640107806987125,0.052186257354006456,0.11377853049938332,-0.05418498646558048,0.05672432372794361,0.10834177822018919,0.06323713967566273,0.192611107214807,0.06507423786827811,0.025593671412211156,0.12712565345616955,0.0030092668751090035,-0.01008892924125266,-0.038932300693061035,0.028733802871881087,0.07678550438930559,0.11611547572897063,-0.0039106493936353435,-0.10252404029502352,-0.001389474326619943,0.09748009526842688,0.003955711293978539,0.6987108915938673,0.04078524120005127,-0.02429497262438182,0.00918481080440984,0.007731103163837729,-0.05455062349887724,0.013011923029914699,0.2116246034626756,-0.0038287970313587365,0.009828130412305623,-0.2550126770219889
0.40269077201347614,0.21392750054625653,0.6781177619202275,0.15106001378452993,0.11434253190429901,0.2320531917726575,0.1593102388495381,0.3591338886095487,-0.05979760670062162,0.8782502593463114,0.22552146590619476,0.24673738719411195,0.17219488734591337,0.3114302686932955,0.38480474530942377,0.22709750057171926,0.19274931685013377,0.34038313419974636,0.11199004426723401,0.31713825235435644,0.21587771868070021,0.14549680762031553,0.2841537749194728,0.26373024545420065,0.28375894039262345,0.11732013693116707,0.20213630180096143,0.20457824073092779,0.34343451115104295,0.10073397300007474,0.2654740240011804,0.24967259633938252,0.27224533563665465,0.44813629370270597,0.21709332138995993,0.2342559985964564,0.5467378965095355,0.19157568535612582,0.3204096592928528,0.13794321947617358,0.3623382558931214,0.22121187087016253,0.18342204309261848,0.019545364809193683,0.031830205843978165,0.504307305618996,0.6244079634130645,0.024761511662385004,0.16871916750384122,0.24084310136907966,-0.14292062117520335,-0.011261678247633798,0.06569319897334479,-0.12688741757367056,0.24135971602137532,-0.15088882463635284,0.16964890767455845,-0.3233237711406295,0.10210348046736602
0.31975181110210776,0.1184418987749886,0.4372801442672073,0.21447347028637231,0.18960836631391706,0.2721423612952795,0.31136027197104293,0.35397873432282956,0.07297450460829308,0.22552146590619476,0.5517706019489945,0.3292263555706636,0.1371878228901872,0.2378794725944427,0.34520629392904767,0.2472618233277458,0.28451912493644865,0.26785323019848273,0.16906544342433033,0.2802280029048448,0.20096236925092595,0.14685432517045657,0.19809445783556084,0.18648726200055987,0.2683912448429078,0.24667580518755725,0.20262999725293038,0.22024487699322423,0.21066389493671686,0.054660131167633325,0.24173118487074277,0.2230334929666469,0.19658593628430643,0.27361839739657123,0.22769894759632284,0.21012545368137936,0.3733615100138495,0.17112694280458798,0.27897465957956014,0.14195517657615775,0.23891290705701285,0.20338981421709149,0.16802122239574874,0.048150104502060156,0.06455819006771435,0.38581591675703275,0.33459714589002876,0.01910272133337334,0.13404744033458066,0.14775442405917083,-0.14370963385840174,0.09622542449107556,0.008835778104708893,-0.09602961328477473,0.006540655212754085,-0.07708419984935672,0.05415725466313301,0.030772892325267247,-0.12817281206191047
0.35671671504633046,0.14508982229287012,0.40271733855821185,0.2612105413532602,0.24755450141004137,0.30977462539918743,0.317788191652821,0.15110675550279776,0.03832355518179189,0.24673738719411195,0.3292263555706636,0.6871944509490168,0.15516969040892625,0.3217822238506178,0.3256590643793765,0.3571082016268363,0.2730280313297748,0.21289769538801068,0.2054056524474881,0.22272225296012654,0.19942349831561937,0.16496837108885395,0.19178946414951342,0.17997131137351874,0.32856732521675347,0.18423123379100662,0.24760878578998682,0.14122453582163946,0.15545023241190703,-0.035851728466991195,0.23564088583187254,0.27593755812487714,0.2222815633790811,0.321006276994459,0.1290403296809661,0.19888458391938865,0.3219783325413901,0.14490933977772955,0.2602099247496637,0.09288381683352841,0.19882938394016691,0.19564510319362172,0.17567292359942757,0.005463974782720964,0.0028738003935445395,0.3747744057529062,0.33898774179222146,0.005633306362973786,0.08347833303297447,0.10561692155023085,-0.22719136106239585,0.14432639937327643,0.11582676583610949,-0.12880146911676144,0.0002916279733859744,-0.016553876845879924,0.003908129632010077,0.012136996305759077,-0.19380472936017534
0.16652250507273814,0.06862816781708805,0.26453508585900687,0.10810784615835331,0.09955245432428741,0.13219604294039006,0.09945349228972829,0.12264811728560107,0.123528339061414,0.17219488734591337,0.1371878228901872,0.15516969040892625,0.4608231617987591,0.11183322930231755,0.1466394140993509,0.17322153953219188,0.180004134871033,0.1922560523842961,0.08050555443043399,0.09564439593277764,0.1246005011263756,0.19760574053345634,0.13736759680627061,0.10134363199022867,0.14063639978024386,0.09463738132454003,0.15494357968785116,0.14250653083382828,0.28350552075594315,0.06965765550127632,0.1290809133292668,0.15840748548499672,0.08526123504099775,0.18364169335687194,0.1795162716716077,0.14989978823659267,0.20477610835996055,0.05432890240929909,0.18736878463076753,0.08726670239374265,0.12248178054269271,0.1222196562050364,0.12921675804864097,0.07759747729980991,0.010000934710207106,0.23811317911131633,0.24025419048820248,-0.0103000578358034,0.15877555577472968,0.11078474739612024,-0.03780497165822069,0.012785550247590021,-0.053901464872541154,-0.03370031679582902,0.020293980792042858,-0.06001916333107378,-0.020718347001748166,0.016650720955013028,-0.04505286782637181
0.4280373629885485,0.02919761366468714,0.3789074610286516,0.3142972434911813,0.27766781139050445,0.3103163145487888,0.2563591263701792,0.3582183321772707,0.0680811983161337,0.3114302686932955,0.2378794725944427,0.3217822238506178,0.11183322930231755,0.764954752569584,0.3280039658446485,0.4600356883592698,0.17626782011761047,0.20016674106838797,0.1976091549855345,0.30176996188373745,0.21282087704649844,0.23028054979412171,0.2061268035210917,0.23861723083949252,0.3336684745298055,0.3640287772791723,0.25921497260763104,0.17187582408265992,0.32085869861477767,0.09664301794068346,0.23045786507407626,0.4606514363738792,0.2554418868227458,0.3927572902082136,0.19292764318461336,0.19223843333545734,0.4318035998498096,0.2018487095632703,0.13498029187177113,0.10644941378361018,0.3502664359330532,0.22114354585305213,0.23929812007731213,0.018116716926480276,-0.0868946803697593,0.39432673458679884,0.5502792797974205,0.02978830380675734,0.6686438162393437,0.16659171562452682,-0.15741059668714102,-0.033698891762920055,0.14983221282761344,-0.08183869955156575,0.1560435720351798,-0.1462968575484063,0.26556414712134396,-0.19005109982176913,-0.013802102365089055
0.4636775122820371,0.30636521677934697,0.5180266455196105,0.17068777345634292,0.30155542453239564,0.33709993929570164,0.12612518672688913,0.28280375923913514,-0.04382377307295249,0.38480474530942377,0.34520629392904767,0.3256590643793765,0.1466394140993509,0.3280039658446485,1.370464231979927,0.212839498354207,0.2128888622341858,0.466812395590974,0.27530980135933497,0.27213300851377537,0.24624606414457184,0.04113028494380083,0.20736696974532678,0.20931603606912572,0.43000637472509673,0.1339293333155569,0.22311626287477518,0.26673608010275635,0.3526154052554621,0.13737610775316234,0.29142058955703315,0.2613635487013688,0.30025019925247404,0.3531436223493029,0.136183448564383,0.32486236354744574,0.3937257248335285,0.14849768623746418,0.3022111248629701,0.08302275146720627,0.34005562140583956,0.23805812629112522,0.15174803012590715,-0.06302735465890298,-0.00010653794185311502,0.5970721862054668,0.4045560902889074,-0.013585282328339355,-0.04478734258653214,0.30324267382069214,-0.11923295612981652,0.23117492421501482,-0.1441400406408354,-0.2425702372155072,0.23009811876685432,-0.1065865269252085,0.16841036938034445,-0.18909443441610982,-0.07606166638418906
0.2837675822308983,0.042928765545994674,0.3089188221945667,0.28865831484867666,0.2661786938371217,0.2957841116590253,0.23121103481483057,0.27694009410253345,0.028943863694930877,0.22709750057171926,0.2472618233277458,0.3571082016268363,0.17322153953219188,0.4600356883592698,0.212839498354207,0.6443017665523562,0.2868917077067567,0.14303483203961712,0.2147016750473771,0.31214889897101616,0.216914266156411,0.2797632947762849,0.08746169529849215,0.19136368767165768,0.321911117308485,0.2878742821074549,0.27732269974525026,0.21575043543512606,0.3459193539033262,0.10896324854916338,0.22193135651865303,0.34194040892473987,0.1874937945636802,0.31600156005480834,0.2549393678880186,0.18440381853132548,0.4006357746654074,0.18824102494156103,0.18946026964700963,0.13942753664491642,0.28412171486405474,0.22320526692141446,0.24351150413516734,0.03372885335618452,0.006975551023438426,0.3356911588691453,0.4394317205607526,0.01899160771901801,0.36736290628838736,0.06866779541114675,-0.18945749120362887,0.08486680385384845,0.09734963389669962,-0.036909288306992735,0.01112576024779001,-0.07053637343035137,-0.003259996995162237,0.017619048915800694,-0.033457362280333046
0.11871450909960589,0.07817547547239692,0.39008612268776577,0.19565486690895778,0.11733470254866041,0.25325934418097157,0.19259699964480204,0.2539679667841578,0.09214515779316235,0.19274931685013377,0.28451912493644865,0.2730280313297748,0.180004134871033,0.17626782011761047,0.2128888622341858,0.2868917077067567,0.9287973939350833,0.09266492462975,0.1860173154420596,0.4572389498048912,0.3744407105118394,0.189137276521273,0.13951821788510563,0.22162317271177423,0.23779698722585582,0.27010707716926813,0.24042876525825133,0.6211322167656803,0.14117770402099414,0.09479688452603008,0.2917818058830541,0.1827929865629717,0.4341553896589547,0.29725253664058,0.42077101943599254,0.1979533820811698,0.7575404783507202,0.25966008979569466,0.28611754730835764,0.22879432453121287,0.33137299464337083,0.42178136870909033,0.29911932510293354,-0.011225962064188993,0.17078755175558785,0.45777595353124917,0.5850608935326097,0.060746468728588625,0.09602361420260522,0.4276237810992586,-0.2212701598942454,0.08545663516263602,-0.22653232200541384,-0.11473968919424599,-0.1611250440615263,-0.03794112511212884,-0.20118431632876874,0.14608379664155458,-0.15002079918899322
0.4248418608969567,0.2631415712597087,0.47531171681322865,0.11906162779420226,0.146389292503863,0.22188146219453528,0.2887113749474844,0.3254611760504197,0.09536981974177672,0.34038313419974636,0.26785323019848273,0.21289769538801068,0.1922560523842961,0.20016674106838797,0.466812395590974,0.14303483203961712,0.09266492462975,1.17853599022219,0.18106027800793414,-0.0812421467435152,0.11128086679957538,0.16010204624191005,0.5693566897557852,0.06908191611574066,0.25131279559683745,-0.002361898412104425,0.1762196353291195,0.22196352295503002,0.22737962926139607,-0.026023252878244873,0.25438488642428664,0.18328564152379184,0.28188909790563943,0.2796167938506346,0.005053394986380615,0.2807146740994517,0.3152269301821905,-0.018014483702281325,0.313633988954069,0.07884389561232356,0.1604199921490518,0.08081678818827423,0.17755586075530413,0.0052683605631047665,-0.027461736397435193,0.44513556289458134,0.30017061989576194,-0.044402197528296085,0.03136067777364421,0.6048872624491435,0.11747832280683368,-0.10648466447896818,-0.4193610071961241,-0.27285297176366413,0.11321436409293661,-0.06762464632136343,0.17040274437618114,-0.024442917381921336,-0.1728954144944336
0.1673852861684881,0.03304829600722163,0.18571543341882102,0.20728975844332193,0.32011079386407254,0.32423227948061323,0.13651271854429006,0.26887218075691893,-0.0654056035506173,0.11199004426723401,0.16906544342433033,0.2054056524474881,0.08050555443043399,0.1976091549855345,0.27530980135933497,0.2147016750473771,0.1860173154420596,0.18106027800793414,0.6167387018382311,0.1393895963918983,0.14089762560402636,0.08752132159345835,0.02180669872026702,0.07609529025350843,0.18975835677091807,0.06643055882974856,0.12490723651854066,0.2254578724300077,0.1377346907433836,0.16156245994935603,0.16338500291278046,0.17211266005360493,0.22112045661942406,0.04922358595088165,0.05385146892392188,0.20193370797338592,0.20123491800208554,0.12320264507216344,0.20706996758905874,0.07852884340868817,0.23855300359033413,0.13291001080237627,0.07254301955894119,-0.0019330229616343997,0.007342431785650054,0.33948300930606706,0.11301157045290694,0.01171906818982693,-0.18426364265323258,0.09466539648903623,0.0029505955127924364,0.1777828978432914,-0.21672917474181522,-0.07308086135507585,0.024027489556558704,-0.09085981840928517,0.04545215471992177,0.00811656829093806,-0.004650002691919629
0.20492700507045836,0.11741578576889458,0.3993505366192328,0.21486509199700357,0.21965416923180903,0.3764601557886996,0.10519826523181633,0.44324916034443756,-0.013847499901557491,0.31713825235435644,0.2802280029048448,0.22272225296012654,0.09564439593277764,0.30176996188373745,0.27213300851377537,0.31214889897101616,0.4572389498048912,-0.0812421467435152,0.1393895963918983,1.493783220790766,0.3443310075422016,0.13141218953394573,-0.09377597203905196,0.32921931624222356,0.29218445509260005,0.17622955872772744,0.40037088448864094,0.38386106564029754,0.28318204641018657,0.4881889536647494,0.38094298235985724,0.2859134514968519,0.32812213165700643,0.3821616468784179,0.4101494654291627,0.22484559409002755,0.908398429666423,0.6958350127324608,0.5334859572624369,0.35572081195535415,0.32254348499142765,0.35517164706529847,0.5241435939067103,0.24443135942247893,0.5417801593018431,0.46659849152656135,0.5008440093699371,0.05997811712144563,0.3816712747422767,0.1712931022569547,-0.5848891573843044,0.27529497281049664,0.20537486319332657,-0.04727302815919063,0.05749293876798452,-0.24851382632039937,0.1219744326692712,-0.10686076925819109,0.13375770803233972
0.19111111504989592,0.17875283542506518,0.33325075249427777,0.17319233038000936,0.14913636965064464,0.20562491933897215,0.13228615113710496,0.18945326135574778,0.07820240574885703,0.21587771868070021,0.20096236925092595,0.19942349831561937,0.1246005011263756,0.21282087704649844,0.24624606414457184,0.216914266156411,0.3744407105118394,0.11128086679957538,0.14089762560402636,0.3443310075422016,0.6918203350884307,0.16655490745782328,0.06838563008187826,0.19743718374253869,0.1941443563548626,0.35792737990982887,0.18830063024860275,0.21931263381299704,0.19142498530061852,0.14430644476445675,0.28025125683218993,0.21074382531549862,0.32223062240412775,0.31670200956022115,0.2107731110518157,0.2922988589732116,0.5791581282128506,0.2315281171500845,0.21093755355322028,0.20922108524900912,0.43366695451395726,0.580860170485112,0.32272853522676104,-0.09965968028531413,0.1497089497287891,0.44516953596283093,0.48398744222087897,0.03579121634942901,-0.04038763456297264,0.14764882259232995,-0.0905183921778008,-0.08295363562057266,0.08299046996658305,-0.07323582113973238,0.07082748803186002,-0.056584597414772606,-0.1328681220662366,-0.006929432961971441,0.11041907472861553
0.23559796225897425,0.022909387072009544,0.29356023978311413,0.1764344668365508,0.121379643828122,0.17871004574012578,0.19532791446760694,0.13900288918761722,0.31506402316238336,0.14549680762031553,0.14685432517045657,0.16496837108885395,0.19760574053345634,0.23028054979412171,0.04113028494380083,0.2797632947762849,0.189137276521273,0.16010204624191005,0.08752132159345835,0.13141218953394573,0.16655490745782328,0.8191850852338709,0.21594441058683042,0.1608070345033872,0.16062600487724324,0.2423771472759165,0.17929170267156797,0.11850810980985446,0.3914640151746137,0.007503998571239463,0.13716819965890722,0.2564960854334135,0.12142655496743077,0.34811675960815375,0.14525842092844043,0.09680684266902943,0.2999909850676748,0.09208128853231921,0.16280857327961987,0.06028063474970347,0.12328170963928035,0.16751405089704957,0.27070948123521393,0.03674686531398727,-0.016005291878604146,0.17563767016987122,0.34907354221235487,0.009313675245419227,0.5673398255727305,0.11043392448360237,-0.11027071870728505,0.03573944651856949,0.02027643826141205,-0.07290822305904747,0.023338364609544294,0.03943479307242796,-0.04580819967089038,0.017418580269004637,-0.09174607577881132
0.33011715116763624,0.17060733886220233,0.3441879939075603,0.1410794596959725,0.15184055356820195,0.1788236873254166,0.21904152615494965,0.19274995945083195,0.13219206725792013,0.2841537749194728,0.19809445783556084,0.19178946414951342,0.13736759680627061,0.2061268035210917,0.20736696974532678,0.08746169529849215,0.13951821788510563,0.5693566897557852,0.02180669872026702,-0.09377597203905196,0.06838563008187826,0.21594441058683042,1.693055681281655,0.4615847040570713,0.431570352869578,-0.10105493943439352,0.017027163968126757,0.14622614905384052,0.33827960876810076,-0.09666788995329431,0.10614403895653007,0.08566861752931237,0.4012786118753771,0.6209584781423101,-0.0040462508680094685,0.038121520573819685,0.5086230558397653,-0.08247666099050739,0.4276222295036997,0.15012498388308873,0.12541243728993623,0.09897396690864438,0.15448132610447027,0.07520863823159338,-0.3586988014849187,0.428350875679181,0.6210616328140766,0.06947717121196181,0.5107364942177082,0.38359254286264755,-0.2521325888394769,0.010170416356887344,0.12554236787512627,-0.26291314676514177,0.01927781347845696,0.016569607628072375,0.01983778541964445,-0.03308747015089551,-0.040609178414521545
0.24150115443864892,0.0183487362661887,0.30543991786438185,0.172544984815488,0.15139984096190115,0.19038374381940878,0.14135907929552854,0.17026691880275258,0.09529332467251395,0.26373024545420065,0.18648726200055987,0.17997131137351874,0.10134363199022867,0.23861723083949252,0.20931603606912572,0.19136368767165768,0.22162317271177423,0.06908191611574066,0.07609529025350843,0.32921931624222356,0.19743718374253869,0.1608070345033872,0.4615847040570713,1.1659870418988887,0.2860920746669136,0.09110571443615519,0.10715663597680491,0.20965195173912704,0.25579322238528457,0.13212516422166917,0.31603399360904555,0.17667082797626707,0.3144145753466185,0.3261128856489836,0.195395450162443,0.20739513483969133,0.47046262414542145,0.18072128190909545,0.26044051785192923,0.14244881703805856,0.3356767678391939,0.21062039087345677,0.12749298664378686,-0.05548443856740734,-0.11009665303411101,0.4454797720825914,0.4323830213226478,0.02891634457796693,0.3506570114375916,0.050113800814298004,-0.2985165088153653,0.10278527409066429,0.2707701675193462,-0.0836882578673338,0.1772555366746293,0.03944402989718908,0.12891413120722464,-0.31603305915293756,0.012839299617541797
0.38355988110301487,0.19130466763823825,0.4253778436267678,0.21506916928750286,0.2210373106533982,0.31724529250755434,0.22425193198333188,0.36457388125391565,0.006053796729810775,0.28375894039262345,0.2683912448429078,0.32856732521675347,0.14063639978024386,0.3336684745298055,0.43000637472509673,0.321911117308485,0.23779698722585582,0.25131279559683745,0.18975835677091807,0.29218445509260005,0.1941443563548626,0.16062600487724324,0.431570352869578,0.2860920746669136,0.8144307135676521,0.14357644195772637,0.2102259332238176,0.19040271764689704,0.5218728117562369,0.11888454590473528,0.24993052739135393,0.24619321525634458,0.20021687860539852,0.4704970918699483,0.23341121219791586,0.1809973568391028,0.4923889134084113,0.18494691199163493,0.3322654337883691,0.1301473485405777,0.25245456956799195,0.2066521112607386,0.19542349472018775,0.07990665373205685,0.04365459371067596,0.48955660153928926,0.5349776003597196,0.016716222233673122,0.16687762542549883,-0.1811792746730404,-0.2868016926164328,0.3212482779695252,0.15450952798438497,-0.08752159147439532,0.07362357656854276,-0.037133956021627244,0.09770996942710071,-0.06065257954317304,-0.10806659816854691
0.10028597887164797,0.006806311252991856,0.35528521488976894,0.29965826328995415,0.14918731333458418,0.23591194514671424,0.2680856588346139,0.34140118754826304,0.3565776350597267,0.11732013693116707,0.24667580518755725,0.18423123379100662,0.09463738132454003,0.3640287772791723,0.1339293333155569,0.2878742821074549,0.27010707716926813,-0.002361898412104425,0.06643055882974856,0.17622955872772744,0.35792737990982887,0.2423771472759165,-0.10105493943439352,0.09110571443615519,0.14357644195772637,3.4680449994134466,0.139975832262518,0.22200980094651313,0.4211519771948772,-0.3554937539832856,0.08379460259678138,0.5519144553593944,0.2973955289309347,0.6141443402822556,0.14794156062759167,0.25746020876025066,0.5856505505045805,0.20259643183438136,-1.4903630324238168,-0.1697635734698116,0.736077451107985,0.4012790208311937,0.23737540821253902,-0.32254544669914376,-0.7571511953259203,0.33013356720622034,0.49134329593663384,0.1407305561371038,1.985087008230619,0.34191315115182574,0.2673948162944303,-0.42334270457356615,-0.2380681499072221,-0.026113442727036716,-0.12244846152812862,0.07932312501877195,-0.23398327320994308,0.19994314664739354,0.13306949348010164
0.22809049001146933,0.09689414563242205,0.29618884922631034,0.15969495880762705,0.14722330114438298,0.21188384355286055,0.163607836205963,0.2171166354590617,0.06640107806987125,0.20213630180096143,0.20262999725293038,0.24760878578998682,0.15494357968785116,0.25921497260763104,0.22311626287477518,0.27732269974525026,0.24042876525825133,0.1762196353291195,0.12490723651854066,0.40037088448864094,0.18830063024860275,0.17929170267156797,0.017027163968126757,0.10715663597680491,0.2102259332238176,0.139975832262518,0.894470693306639,0.22786580436263348,0.04763140047448292,0.19486909293186472,0.27772309489483454,0.2653230369959971,0.17866370055035194,0.25325005520025967,0.24655770447584802,0.3199845464591365,0.3510939489470801,0.21184231341603238,0.2478544065559009,0.12874624252228223,0.1472789177251121,0.19140238705993104,0.4590065142691347,0.18379672387100485,0.11470461577321008,0.22895789269981756,0.24294663234166272,-0.04529183406957611,0.3159757914454011,0.11073953715954842,-0.22447127128838645,0.16785837485401017,0.028002243832528476,-0.062191570730407875,0.036512001265203396,-0.08563536176759365,0.08992842601287061,-0.02359777645954932,-0.032596575532226106
0.10424870320676301,0.06633703305041944,0.3296457175963047,0.11630477891140528,0.052719700690727095,0.2492704480237955,0.1074976454245694,0.27707504932551985,0.052186257354006456,0.20457824073092779,0.22024487699322423,0.14122453582163946,0.14250653083382828,0.17187582408265992,0.26673608010275635,0.21575043543512606,0.6211322167656803,0.22196352295503002,0.2254578724300077,0.38386106564029754,0.21931263381299704,0.11850810980985446,0.14622614905384052,0.20965195173912704,0.19040271764689704,0.22200980094651313,0.22786580436263348,1.598417360068085,0.06499338209358783,0.16474229121300277,0.2680084751026726,0.19649005222452764,0.8828034610960633,-0.011625091839817534,0.7340548388651845,0.046974003058942435,0.8708974122526554,0.23038387877312982,0.22503831925273138,0.29974916261044776,0.2993805811344534,0.21896964661147733,0.27257623764060773,-0.053420797969377404,-0.06052002246823125,0.4373222183660469,0.4435305433841289,0.11803818469904608,0.36654461173646463,0.547753781632772,-0.3394122450791606,0.6208790805253643,-0.7874260619202738,-0.06874573514356813,0.2834197636232172,-0.13898377009019763,0.04596973595978576,-0.22373629008061743,0.2775428981694318
0.37836465140086323,0.10403444884071762,0.45655836335107153,0.18944802317615184,0.1848625267653836,0.3117625348621426,0.10146620663429995,0.32431445937125464,0.11377853049938332,0.34343451115104295,0.21066389493671686,0.15545023241190703,0.28350552075594315,0.32085869861477767,0.3526154052554621,0.3459193539033262,0.14117770402099414,0.22737962926139607,0.1377346907433836,0.28318204641018657,0.19142498530061852,0.3914640151746137,0.33827960876810076,0.25579322238528457,0.5218728117562369,0.4211519771948772,0.04763140047448292,0.06499338209358783,3.6698880358300605,0.4460744721217344,0.08307549758671195,0.32659944441028427,0.17713039156468124,0.15950878694842477,-0.05463389478715402,0.33022645132372824,0.455704685594399,0.04355736967388179,-0.008979751130228378,0.12098855627973348,-0.025115975275992793,0.17921987739213452,-0.05865629062872844,-0.4102472335314808,0.35971619211609845,0.6104195781787558,1.0207208146389888,-0.13520232968183607,1.2490398680156871,-0.09014143023851914,-0.15053963522348168,0.2746631326817972,-0.0899174904577481,0.06038664326227904,0.22643488044647314,-0.21521423767047354,0.11195770199425273,-0.14599711064078635,0.020717053322223507
-0.013214836137235642,-0.09638635072139413,-0.2851325795802446,0.09778646119016077,0.22347842654305167,0.02761768667620015,0.06423320280718302,0.09630256932934879,-0.05418498646558048,0.10073397300007474,0.054660131167633325,-0.035851728466991195,0.06965765550127632,0.09664301794068346,0.13737610775316234,0.10896324854916338,0.09479688452603008,-0.026023252878244873,0.16156245994935603,0.4881889536647494,0.14430644476445675,0.007503998571239463,-0.09666788995329431,0.13212516422166917,0.11888454590473528,-0.3554937539832856,0.19486909293186472,0.16474229121300277,0.4460744721217344,2.666005411724274,0.20137856812865546,0.07878543399239583,0.15891341078467983,-0.8440260520185513,0.4396344846768713,0.5646839815776432,0.23691105607983373,0.3153745765612019,0.7049806894519466,0.3618040795013327,0.5282658564303496,0.15950297105570468,0.2886209382561728,0.3336918194767107,0.43094230420225343,0.29062369500576835,0.08920674310613615,-0.11144822578580672,0.41340775824013176,-0.2859913225738436,0.08900664349280621,-0.36704343292989455,0.27097991264824967,0.23969219449330853,0.130810361402395,-0.24907433659706435,0.16160803474278995,0.0026376126057393924,-0.0002477802010679665
0.2805879887708616,0.11557245090011121,0.382269898132308,0.15276946751224948,0.15015968238924646,0.21952362818653154,0.18813015720326545,0.23980810477948988,0.05672432372794361,0.2654740240011804,0.24173118487074277,0.23564088583187254,0.1290809133292668,0.23045786507407626,0.29142058955703315,0.22193135651865303,0.2917818058830541,0.25438488642428664,0.16338500291278046,0.38094298235985724,0.28025125683218993,0.13716819965890722,0.10614403895653007,0.31603399360904555,0.24993052739135393,0.08379460259678138,0.27772309489483454,0.2680084751026726,0.08307549758671195,0.20137856812865546,0.7485575868433552,0.20423095256890691,0.25703954932490364,0.26156290416281414,0.2666525817685469,0.5269409108057731,0.6484897674315212,0.2822183702262133,0.4205923407874766,0.17665674903795087,0.48898444562622334,0.27216115180859834,0.18857514705674694,0.026252489739764556,0.1912167359589491,0.639485217500855,0.3536020214776855,-0.04394065950763562,-0.26718084922075086,0.24262025443054652,-0.18961761989172793,0.09259945192970777,0.006040924266021627,-0.1480261525906483,0.11516471195962572,-0.022545898931522305,0.08539404136920059,-0.13158215431362807,-0.08724538473979898
0.3891938809327858,0.07685291052187156,0.3417355467916268,0.17739669271263947,0.1959603599173493,0.2849650944775979,0.22582802462918047,0.3126752568991138,0.10834177822018919,0.24967259633938252,0.2230334929666469,0.27593755812487714,0.15840748548499672,0.4606514363738792,0.2613635487013688,0.34194040892473987,0.1827929865629717,0.18328564152379184,0.17211266005360493,0.2859134514968519,0.21074382531549862,0.2564960854334135,0.08566861752931237,0.17667082797626707,0.24619321525634458,0.5519144553593944,0.2653230369959971,0.19649005222452764,0.32659944441028427,0.07878543399239583,0.20423095256890691,0.7185907986604387,0.16765720354570293,0.2790135102157812,0.14595788002247506,0.2506220469674074,0.27471707086110575,0.20686966676124385,0.021455839516634354,0.07884544496967269,0.29763951310501396,0.21184281294383733,0.1705200708495981,0.008735863758596195,-0.016456358047145125,0.3893461211379881,0.4645389509814043,-0.0005606091839819201,0.747914487688728,0.14400208448505697,-0.10914738165553155,0.15553809167315702,-0.16324014714746815,-0.01739574997918457,0.18754287180651683,-0.17877565109334725,0.5802133343900624,-0.2676479548574245,-0.23991877589621893
0.19544775751739213,0.07261772621521924,0.35860732247973615,0.19873087519761193,0.20976198021714063,0.16704313479688093,0.19468262830314254,0.24028314620297717,0.06323713967566273,0.27224533563665465,0.19658593628430643,0.2222815633790811,0.08526123504099775,0.2554418868227458,0.30025019925247404,0.1874937945636802,0.4341553896589547,0.28188909790563943,0.22112045661942406,0.32812213165700643,0.32223062240412775,0.12142655496743077,0.4012786118753771,0.3144145753466185,0.20021687860539852,0.2973955289309347,0.17866370055035194,0.8828034610960633,0.17713039156468124,0.15891341078467983,0.25703954932490364,0.16765720354570293,2.8154867685545484,-0.45751734617772394,-0.5801823132979641,0.21344208140875476,1.1039753114076944,0.25929819762600187,0.006307165951056503,0.07411266829883403,0.3058906768281755,0.30048198428386036,0.2108174529718071,-0.6907708729386635,-1.0627363905846396,0.865703719494576,0.49472263082770734,0.023166971522125313,1.1071883982803497,0.5686293112166882,-0.20616239914559967,-0.11892478770380714,0.24880664597225058,-0.502084096932921,0.23762330484184568,-0.21056348543037037,-0.11556098533970968,-0.17558379651817096,0.3680536105254208
0.3532403834983866,0.29138735082808237,0.7662165598884654,0.28272025821876934,0.12439025272055738,0.3072116656506964,0.18809603427138297,0.3610647960914157,0.192611107214807,0.44813629370270597,0.27361839739657123,0.321006276994459,0.18364169335687194,0.3927572902082136,0.3531436223493029,0.31600156005480834,0.29725253664058,0.2796167938506346,0.04922358595088165,0.3821616468784179,0.31670200956022115,0.34811675960815375,0.6209584781423101,0.3261128856489836,0.4704970918699483,0.6141443402822556,0.25325005520025967,-0.011625091839817534,0.15950878694842477,-0.8440260520185513,0.26156290416281414,0.2790135102157812,-0.45751734617772394,3.275651612290594,0.5381827865248904,-0.12576296229678924,1.217573732681997,0.2434261648686917,-0.08220931252416715,-0.21374755967283723,0.46086669324455676,0.407677608299415,0.46501009447716984,0.42928009106277115,-0.14301281521940548,0.191740817679653,1.2433376175956283,0.253232597647626,1.2688513254052798,0.0946944242899731,-0.24246517156806854,0.024647738384879193,0.3310695629736168,-0.3722411327247283,-0.08124164813137505,0.10423769422067718,-0.33587722694106614,-0.03314074947207351,0.3407638181026347
