2.035787595502717,0.2689433857177709,0.5744717236987582,0.1292366991427207,0.4947585134591123,0.2887172634110664,0.5787245378118127,0.33234288644549426,0.4064262227188255,0.35213625919708547,0.37379557107702394,0.42587752054222294,0.3300280852554532,0.43763548405234226,0.4373393239198974,0.3527284340637364,0.27324009768208196,0.31462207415700943,0.3278902903580704,0.16264850005248016,0.3359222349795393,0.22950151193667007,0.09908074139069215,0.17224781256738234,0.2901882113335388,0.3247327660288608,0.23840626487103583,0.18837898689770488,0.26067376928646685,0.25743412181145753,0.3590657151131662,0.05010489443109889,0.5159598947631486,-0.13550115348541292,0.07496707524059713,0.4482436089018856,0.18042390380629056,0.13164725110968883,0.3645586514706962,0.12166534573062607,0.22796012551823303,0.18008930998988618,0.2574034592540707,0.16961489054047935,0.2658748430226323,0.6347066848154734,0.23097112923800492,-0.38206997474251136,0.2817243713358787,-0.04115615168951505,-0.1600260390629368,-0.054378279160762176,0.38406664310793337,-0.24012734124076907,0.005448418222998248,0.027313801545135262,0.31255953362057426,0.4088472711684077,-0.7980403498204521
0.2689433857177709,2.292090499863252,0.7238823169265876,0.14685796613967053,0.15588520144050763,0.3459948283022058,0.19327818803576266,0.3791993494168368,0.2273041047241533,0.26689961175206484,0.2760782607475378,0.2513148887192269,0.3181525759951291,0.22387763210437672,0.1587598699321717,0.24049698651226384,0.24848844672442422,0.5580235836515111,0.2991159725959268,0.34119144501831633,0.3764495944284909,0.32197495038150953,0.38138528286646334,0.14652411176020788,0.3707829491297385,0.30729095342714885,0.28433273628071676,0.05557283474770884,0.6231147357746573,0.25797113642074565,0.16507338958702852,0.1647680475404877,0.1865634987830557,0.3450382432259187,-0.08325437797642378,0.4308825470192263,0.35026833071274527,0.19690408092576928,0.26883885426340703,-0.010934170152310681,0.46340357487498585,0.18260736221286566,0.23651321211298873,0.15304655103812537,0.2504710360995914,0.5744440828096407,0.40876920300459063,-0.3200474261986519,0.0903871659329554,-0.3471722298795278,0.5301750392613799,-0.07821260826883905,-0.02574822500652111,-0.17324497512499498,-0.43354857139238623,-0.1481368212445533,-0.4804034461300565,0.3928259058016716,0.23312314118748648
0.5744717236987582,0.7238823169265876,1.8065213814247691,0.29720822123162866,0.0985872330879312,0.3461695221645623,0.29778001664452663,0.42613981785127625,0.49102821610734715,0.3864440889735754,0.32457557444161583,0.2925874553505521,0.32017192547056295,0.275221206407328,0.26916562883763795,0.26476592701298346,0.31963517128195007,0.46076652709387356,0.2974953491166338,0.3352099053726946,0.36599471897873037,0.3591921964043622,0.35157723485634895,0.26415723321522805,0.36659329136575913,0.434469166001565,0.28142731529016074,0.20603859985199496,0.5044042386794317,0.15126132445074175,0.29877493282231665,0.20594109922207052,0.37134287856938075,0.31931965831154185,0.06174370129348825,0.6585766764185194,0.1226169747072428,0.21594781214403247,0.22297968096602708,-0.15943417580237593,0.43488036915234807,0.21036471753608005,0.3174417002645006,0.23578085151677117,0.7887144142334588,0.9544585786400821,0.35846391898961594,-0.6700263152296991,-0.6738423410861849,-0.3141951706636065,0.2723584149455306,0.08348548584632728,0.10400190250130496,-0.289749665088235,0.18178984866020934,0.05711936891287339,-0.06674363265395165,-0.25012197720705276,0.12999756931885473
0.1292366991427207,0.14685796613967053,0.29720822123162866,2.0416197191245087,0.3726165416416078,0.5036768787155937,0.4977547949109443,0.4088215998689966,0.2773792564814086,0.4937835666021675,0.4626354029379226,0.5827584102657878,0.4398169516942033,0.5282847403968791,0.4531830694259728,0.4505899395896347,0.3957247816204994,0.42991549416352237,0.3368553399202921,0.43272643326478366,0.3380054583766481,0.3615057018769237,0.411045269441171,0.2912414147927861,0.3973247476725112,0.5051722411410968,0.3888292588952793,0.12082885843495503,0.7057127602190905,0.3106481914770702,0.23305918616838292,0.36361189619983386,0.021193691052306764,0.6772309063000607,0.21303916087007457,0.4335294065241812,0.2959112160105074,0.21559673590437084,0.34479763450013845,0.17044882219262597,0.3620727526187709,0.27645842710570456,0.33097008782228116,0.41003195383420266,0.18714634537407787,0.4647755702714042,0.4270710960472942,-0.43934695738219726,0.07088015138186274,0.12202230818995065,-0.26517984674282274,0.044102965082063426,-0.05064822283704788,0.06363297420105309,-0.49076067079160535,0.04160684123887766,0.04020291122737054,0.434813360819183,-0.45733957229313377
0.4947585134591123,0.15588520144050763,0.0985872330879312,0.3726165416416078,1.159805175568659,0.301373163063586,0.34053419378007704,0.25085158621767084,0.29183477444365696,0.3672137508705954,0.37655118248753067,0.4403931311425208,0.44551556133134074,0.358495774605604,0.6344213829655068,0.40703851951609626,0.30131818905342067,0.25571432133890365,0.5256100311452926,0.20010906955111424,0.29258110847344615,0.315710963920175,0.21136025790145357,0.2546391898593498,0.07567460678185485,0.3630484548016559,0.2532389901134486,0.11450767606476411,0.42316089606067586,0.13176707971756266,0.2610326777869855,0.30818118047841325,0.2606492948197327,0.36923276409117134,0.11298591939537303,0.4418943371937111,0.2510221637031412,0.12158961561293516,0.2225177984371177,0.18278925609711588,0.26022415487172773,0.25829506581987255,0.19091230158064948,0.030369367346475766,0.015428865345264945,0.3989856892371973,0.24775815131399725,-0.26965263245176363,0.3440060495679354,0.405594158391245,-0.37965731673052233,-0.1527572798372405,0.16772091828189556,-0.04394600370534497,-0.17690539552671625,-0.04519937561235512,-0.1520062732086936,0.11067361946574905,0.10745713898994463
0.2887172634110664,0.3459948283022058,0.3461695221645623,0.5036768787155937,0.301373163063586,0.876640075469294,0.2940021506241984,0.5734781066297876,0.3884673590660409,0.39216304438158517,0.44909526404347155,0.4651877152588687,0.39388645436416286,0.3857119095575686,0.24401026935283632,0.3723346811247632,0.4027873172932586,0.4110016158584193,0.4875200066282108,0.4555862741900275,0.3034230584077531,0.43187837887254654,0.3841856112375384,0.23262510860678623,0.33456529871200147,0.48575628198689813,0.34585133083082464,0.05279906397964782,0.6682087558912839,0.23120641532396297,0.21468173580086894,0.39283267908323877,0.024531539147637248,0.5256843964042479,0.05975592689503657,0.3317180287137965,0.3046241987327848,0.24177061359470456,0.41414118029633956,0.17957440138672265,0.40638751649418353,0.24295577845831695,0.31682006005326896,0.2850081977717958,0.09669354187644784,0.4987941742276945,0.4736711633817092,-0.4413130182931916,0.5047569402099,0.27154957560535975,-0.2550259968765738,-0.08442673291538627,-0.09341069668593834,0.060803563500864584,-0.4147878744235985,0.027086838278033286,0.04721924281528694,0.47949623481639486,-0.4771334651651939
0.5787245378118127,0.19327818803576266,0.29778001664452663,0.4977547949109443,0.34053419378007704,0.2940021506241984,0.653729133300803,0.2935218306519724,0.3712380544324664,0.34084011712887313,0.38725353707438415,0.48260454384642654,0.3509389454149203,0.36721421153517336,0.3235452159556927,0.3767468243425656,0.34164906384024585,0.35276353353718404,0.27381605052836067,0.27068805800731294,0.2954021279967978,0.31644234467606813,0.3001108227417431,0.26242964480741904,0.3406216328675854,0.40025072148644153,0.292560217052424,0.12608957072239063,0.4475587293147984,0.20263233389616697,0.2434923793504003,0.21648916363811022,0.23302778829894333,0.3991506783280017,0.17701587037406608,0.4963152623351741,0.2328422378825324,0.14630727231426482,0.31947775358632075,0.17078426137257743,0.210688396802029,0.2530805398328524,0.22587395449483763,0.172440529900391,0.10626748365857275,0.46596796053271006,0.21334479555467858,-0.2603367123933427,0.24722666058137033,-0.017232989255072436,-0.1209425696490298,-0.004973556737427293,0.21548751716844836,-0.1846128060866851,-0.09262412994663073,0.055157038042753695,0.09280392518889888,0.2045708316294799,-0.49540991069574547
0.33234288644549426,0.3791993494168368,0.42613981785127625,0.4088215998689966,0.25085158621767084,0.5734781066297876,0.2935218306519724,0.8990630509005378,0.20586653763433968,0.4306982583009929,0.43814510120356454,0.26316366598860347,0.4132039557576954,0.37476379408000515,0.11992330399347648,0.35052546310510835,0.3774054534136988,0.4247397356050785,0.3773224825263801,0.4533179367609776,0.2866389727275518,0.45050728795393014,0.4225987781332973,0.2301438253252512,0.35164157247325567,0.428764949497639,0.33547476830565204,0.06899990679167554,0.6460379932607236,0.3211826005714484,0.1955887938258772,0.35106010903949214,0.01506078494146613,0.49947377691885153,0.08782706067465576,0.35231735464399416,0.254837645514305,0.23307523242894707,0.5015281651793251,0.15598297349595538,0.41763321849892304,0.2319920822506004,0.3579103459046107,0.3505025233730769,0.23403097309721724,0.48625810485198545,0.49498264455053703,-0.44204635660773595,0.42008902028446077,0.15388776227332954,-0.02445720504701138,-0.18412141014955105,-0.06999897227868083,0.10429020383085187,-0.3201819376957552,0.004343203110666629,0.07185337583474011,0.47268011948678507,-0.45053445259920655
0.4064262227188255,0.2273041047241533,0.49102821610734715,0.2773792564814086,0.29183477444365696,0.3884673590660409,0.3712380544324664,0.20586653763433968,0.7842065201887191,0.254710083136298,0.3214488370087533,0.3674590697069436,0.2815804408134724,0.30019725687699994,0.26681062256732313,0.2971067247756681,0.2960287483723506,0.2954839032711792,0.29461214075902437,0.27233230347435705,0.2948562955558322,0.24557278764702398,0.20481952424367392,0.2431985062560567,0.13949661818318296,0.5060676821316731,0.2635435474357901,0.1908368730942702,0.3295727030970395,0.1302248849145063,0.2740249257605033,0.24355486653734776,0.26987680137009445,0.26407837494231945,0.17793103863084317,0.44895049477206705,0.11441041139473006,0.1525057721691608,0.16750780902298013,0.08173196342729763,0.22817693275041875,0.2398607870787754,0.2247086044554589,0.11682330563343436,0.2679058891723038,0.4838795519475891,0.21798175243544846,-0.365101009159729,-0.10097177382247528,-0.03358331490722815,-0.057274400620545125,-0.010014379447651617,0.08227264875014476,-0.05341187201387091,0.07494660204761616,0.09178864692418909,0.02730640385565383,-0.04341637975590277,-0.14840532130076792
0.35213625919708547,0.26689961175206484,0.3864440889735754,0.4937835666021675,0.3672137508705954,0.39216304438158517,0.34084011712887313,0.4306982583009929,0.254710083136298,0.827001395574714,0.3794970141312783,0.45474560519033225,0.3957940134627394,0.31632741476465986,0.3435710275495999,0.35008552633085627,0.3685724502454439,0.4460321357638001,0.32683501238038065,0.41086454364032504,0.3062040475525339,0.3877087198509246,0.4135200288905145,0.2542103943281697,0.38519036572971527,0.3913107163566677,0.35581229327452707,0.08002522887500998,0.6783462230936383,0.3002887268624869,0.2285551777627188,0.3598934146611227,0.059011113806463254,0.5520132561365153,0.14190631778924034,0.5132383629263464,0.2372066676170165,0.22561641825226933,0.3610194940072036,0.1813681596311962,0.4462906784203576,0.2771293873281127,0.22848370201098525,0.19007434476988122,0.1991224835970565,0.5766129320852638,0.46442067148695193,-0.5354986796954606,0.34746495187609344,0.013331318196748695,-0.04978282037512391,-0.18487420306425772,0.05718836170318644,0.08017505080724954,-0.1780406480331398,0.05390993220460895,0.15304364690769276,0.09646171405044021,-0.28457814499890854
0.37379557107702394,0.2760782607475378,0.32457557444161583,0.4626354029379226,0.37655118248753067,0.44909526404347155,0.38725353707438415,0.43814510120356454,0.3214488370087533,0.3794970141312783,0.598068965559214,0.47203145052501316,0.4120184482694584,0.37379539090695874,0.4284634698487442,0.373763735608943,0.41096234117154123,0.3695510152048249,0.36902331631298474,0.4294392945218045,0.331657486954036,0.335761207899046,0.317309851812932,0.27197564449558814,0.31582457462708785,0.41952970502617165,0.34823506864621623,0.14674394502063895,0.5427473293353691,0.2816990652277427,0.2739344282567688,0.311185054785517,0.17521650083790574,0.42997506426532134,0.19156914423008134,0.4702695929475338,0.23515810405070506,0.2273652926906499,0.37809860833123615,0.20427761974345948,0.338261867358566,0.2753950521655297,0.28831044069293454,0.1964070823107202,0.26207059731825333,0.5342507009592032,0.3969600685876099,-0.3968306566681959,0.26279390324952373,0.016774871617885604,-0.07698503631655047,-0.027190308895724668,0.09980418909084318,-0.05310782343576721,-0.26295603783219035,0.04943898158438742,0.013525755548410451,0.2741762288476961,-0.3143207634946752
0.42587752054222294,0.2513148887192269,0.2925874553505521,0.5827584102657878,0.4403931311425208,0.4651877152588687,0.48260454384642654,0.26316366598860347,0.3674590697069436,0.45474560519033225,0.47203145052501316,0.8752883718686322,0.3789935603523424,0.3580314036893328,0.4684379954350759,0.3975567538447328,0.40472952855954336,0.4214664928630058,0.38206789241552847,0.36616865920944247,0.3098979813054432,0.326649061378376,0.3917689069909994,0.2553552522363855,0.39006605907420927,0.42063864241509424,0.38195121997973214,0.027783507351850156,0.5614350196399763,0.21389589586358768,0.20368144467428656,0.2838583425878377,0.1908252978845261,0.46576587879345305,0.044099368926419365,0.4821847205523184,0.23921981283484758,0.20241698713812248,0.3699677186641368,0.20743851885818665,0.3372884616578406,0.2435500231619814,0.20611105290822726,0.17407705946181307,0.032108077211567956,0.5417480485096131,0.37152324098699885,-0.3730174049800538,0.5492835070355592,-0.08194483589006045,-0.12406859474250878,-0.049578173264432354,0.26056268803475136,-0.12468451418777803,-0.4184230448773917,0.09316353018540606,0.08102683547847145,0.3539752777405703,-0.5826485971637274
0.3300280852554532,0.3181525759951291,0.32017192547056295,0.4398169516942033,0.44551556133134074,0.39388645436416286,0.3509389454149203,0.4132039557576954,0.2815804408134724,0.3957940134627394,0.4120184482694584,0.3789935603523424,0.6793156174548911,0.36324200640564913,0.35511953503295285,0.37670847801903146,0.34310826847558007,0.3729707986024851,0.37187801969316603,0.3181923030078916,0.3312323111421677,0.4352189233724122,0.34754806557487145,0.2789376632756304,0.31737606624429837,0.3778063807787004,0.3341294137892271,0.16978697455693528,0.5876205783471268,0.32156501139970306,0.23129404760129063,0.2878578037561258,0.16731992918104188,0.4469837630671749,0.23152296396417818,0.4595571077303554,0.2216561385891354,0.1689028775748113,0.3934789195825389,0.16058043281645074,0.35495222176473584,0.2569502826725278,0.2814288713588788,0.23633255598634567,0.19409351931306573,0.5099671916078856,0.40775174280273746,-0.36379929035807457,0.2730133747274121,0.09619971496597973,-0.05480898323348698,-0.10348581082763868,0.012405110430657397,-0.04044431454392861,-0.16713266506582064,-0.032473073167571344,-0.13090676358801961,0.07842987673107792,0.06700272824671392
0.43763548405234226,0.22387763210437672,0.275221206407328,0.5282847403968791,0.358495774605604,0.3857119095575686,0.36721421153517336,0.37476379408000515,0.30019725687699994,0.31632741476465986,0.37379539090695874,0.3580314036893328,0.36324200640564913,0.6555544234202328,0.4169707719580717,0.3846691991686858,0.28959693372536843,0.27869446088996747,0.3137054784496839,0.3627094017635371,0.3106663975562526,0.2731854213600058,0.21821513454879232,0.2371767690165608,0.24169880259055393,0.4160750928661172,0.30192433780731054,0.1444940425022615,0.46936581488026835,0.3087938627941534,0.24963070639876048,0.2637886801977633,0.18391170389846073,0.3393283697191391,0.15111128104199772,0.36682501778823773,0.21198089705268366,0.19347050468784766,0.26284110883358286,0.13926908532461296,0.35661219301519426,0.2449253644025609,0.3335341220222319,0.20585819608841005,0.10458365956823698,0.46692410220899067,0.37560196356723147,-0.36393068472364287,0.44064844865791064,0.05523206667072184,-0.12078764718674674,-0.021288137139947542,0.056887855410624806,-0.03860937935940867,-0.30151388309555993,0.027939213486379455,-0.06065657215984576,0.35706113727154676,-0.12019549053024445
0.4373393239198974,0.1587598699321717,0.26916562883763795,0.4531830694259728,0.6344213829655068,0.24401026935283632,0.3235452159556927,0.11992330399347648,0.26681062256732313,0.3435710275495999,0.4284634698487442,0.4684379954350759,0.35511953503295285,0.4169707719580717,1.42395313118821,0.3382466647043927,0.3451402166075435,0.15067950638512342,0.36671901893148406,0.3354408671032212,0.3456783444283489,0.12374695209516764,0.014420591012581583,0.3017387705516475,0.24714259575153666,0.3021401689729312,0.3180784122255013,0.3215695944488997,0.34621432216191883,0.45477904907370553,0.29429857285073574,0.224715036932772,0.3779424359468649,0.27170495350532475,0.3382720090250676,0.41241520832414225,0.2279576936998409,0.1623632544387961,0.24963006510761876,0.0911006336342961,0.38325102412728473,0.2609284290864218,0.392567591921662,0.12501490413760108,0.3603813236928137,0.5276495292659878,0.3350609206531206,-0.34282663444296996,0.2637531360829558,-0.09208230727348529,-0.3181453052427917,0.30862047364905615,0.197149035915046,-0.12140942752417912,0.08050981421047312,0.132445295462822,-0.2850394864631515,-0.06042649593154041,0.2314183601111901
0.3527284340637364,0.24049698651226384,0.26476592701298346,0.4505899395896347,0.40703851951609626,0.3723346811247632,0.3767468243425656,0.35052546310510835,0.2971067247756681,0.35008552633085627,0.373763735608943,0.3975567538447328,0.37670847801903146,0.3846691991686858,0.3382466647043927,0.7172869536852284,0.37048484268085985,0.3027961548238536,0.3634936433886093,0.30794302219996905,0.2967136119621666,0.33894627135763594,0.1998515486089183,0.246984825715218,0.23413509357617732,0.4019442118205562,0.3330771779049312,0.21109274009341597,0.4943962250402684,0.23222598041765027,0.24664878805730173,0.26819192319557017,0.15715580502043974,0.3975868921638038,0.25356252876562724,0.3925918626981131,0.23757330531096293,0.16040895447794193,0.2860029981084967,0.2101115394900398,0.267850461485997,0.2839992555943883,0.28333202071173413,0.15143731129479393,0.15862254366147455,0.4186064885907985,0.3392606577705299,-0.3347321408854584,0.31036016247013803,-0.03379136774113284,-0.20829001146582532,0.1350639714302295,-0.015325716396269175,-0.02756454612945654,-0.23665547333965264,0.0048624354396642686,-0.06170490384855609,0.24172208564296838,-0.10342549047525548
0.27324009768208196,0.24848844672442422,0.31963517128195007,0.3957247816204994,0.30131818905342067,0.4027873172932586,0.34164906384024585,0.3774054534136988,0.2960287483723506,0.3685724502454439,0.41096234117154123,0.40472952855954336,0.34310826847558007,0.28959693372536843,0.3451402166075435,0.37048484268085985,0.7312189429802228,0.2972232019411855,0.3388652283547161,0.4963001849247,0.3228328231839697,0.35831355447973584,0.22969711030266185,0.27841293693853114,0.45634694161046285,0.3499200148786425,0.32628962627251634,0.2361103674050818,0.5474483132592082,0.2796145229953267,0.2601516997684922,0.2919772923102399,0.24515008145757503,0.4310037391668532,0.19684088442726538,0.4750200311607931,0.42182509283985964,0.27537241200929213,0.33753036496159405,0.24268097956489235,0.3688700713638314,0.3490219367077091,0.2886201622898941,0.10736722063209445,0.33559786924511364,0.5652151602646528,0.42301916819820484,-0.4498865215553236,0.31008466569566673,0.12721812937092644,-0.10918343669150711,-0.02212938168085742,9.363828038163597e-5,-0.043472823738016454,-0.28778697294538663,0.02844763790087496,-0.0077169949300785684,0.24748685824696373,-0.24417756632538162
0.31462207415700943,0.5580235836515111,0.46076652709387356,0.42991549416352237,0.25571432133890365,0.4110016158584193,0.35276353353718404,0.4247397356050785,0.2954839032711792,0.4460321357638001,0.3695510152048249,0.4214664928630058,0.3729707986024851,0.27869446088996747,0.15067950638512342,0.3027961548238536,0.2972232019411855,1.2410135122646722,0.40418288239304934,0.23865833430300679,0.39068899046222133,0.5369968338512993,0.7672537010667076,0.1688305749878764,0.5009034775522504,0.5501132329617204,0.20613833738635348,0.01949468461984099,0.8058339483878726,0.17593769276348523,0.4052143191826525,0.2195996075404863,0.02473791894317882,0.5855984919684539,0.01936509368111801,0.6891632699758927,0.1742788795049336,0.13855604119337567,0.2604383756816479,0.16193231041178843,0.4355382439001866,0.24801106557273536,0.3175453851959412,0.11726883568324299,0.22427170952585102,0.6472398292678938,0.581899489054464,-0.42357078430054385,-0.10343689043658832,-0.02118374877442672,0.5056331943368417,-0.2425397123084473,-0.2075971932899429,-0.14830466015141305,-0.17242995024657923,0.0449435342715178,0.18457868749536366,0.2996730829301301,-0.6473550772269656
0.3278902903580704,0.2991159725959268,0.2974953491166338,0.3368553399202921,0.5256100311452926,0.4875200066282108,0.27381605052836067,0.3773224825263801,0.29461214075902437,0.32683501238038065,0.36902331631298474,0.38206789241552847,0.37187801969316603,0.3137054784496839,0.36671901893148406,0.3634936433886093,0.3388652283547161,0.40418288239304934,0.7280492287445101,0.22167275272818723,0.2903820673142261,0.43490689798210613,0.3313735031649997,0.22890743483847842,0.2776039622861952,0.30216786372639026,0.2471364639906234,0.21031924173219746,0.44771496861896115,0.2370896784399218,0.25209612817537086,0.3026333984084054,0.16133061289737122,0.3776172078916897,0.11886417525551725,0.4301653123552163,0.12316945744626552,0.1446305566183811,0.32546362683011637,0.13078179609893442,0.356419948451968,0.19770429314510185,0.28745615905312705,0.15768681867489948,0.21078380131058508,0.43527450055686917,0.3274289115683141,-0.2279574382076088,0.2697656773920997,-0.07280892224839801,0.2558156492431237,0.18835606402127747,-0.2992145555320414,-0.11581325876616101,-0.16878407142699745,0.004902339234769511,-0.054655243328308914,0.20004506937667657,-0.1325574195190401
0.16264850005248016,0.34119144501831633,0.3352099053726946,0.43272643326478366,0.20010906955111424,0.4555862741900275,0.27068805800731294,0.4533179367609776,0.27233230347435705,0.41086454364032504,0.4294392945218045,0.36616865920944247,0.3181923030078916,0.3627094017635371,0.3354408671032212,0.30794302219996905,0.4963001849247,0.23865833430300679,0.22167275272818723,1.409529435618493,0.3572232338609464,0.21191626082060439,0.24347978358792288,0.3742999752746101,0.5820228996189697,0.48785581221835084,0.5352377740541157,0.09379592664755491,0.775907523385164,0.5797499549210219,0.306197288742891,0.6473004163121937,0.10977887424065513,0.5822827548609398,0.23095633313984176,0.562818019081259,0.5890772619249194,0.6983261280935521,0.3501418423179257,0.25271185408801466,0.6390865077654315,0.5356809275605419,0.27042673264406386,0.10099570396529914,0.23257550799338342,0.786324630421475,0.5156366531312064,-0.7268817569722305,0.910991964662091,-0.0841793998184214,-0.17522562133680672,-0.2171295212970329,0.39321832333772827,0.012095290966031421,-0.2222333706355056,0.05764649459403778,0.03995005176140029,0.1366291807370805,-0.12396040498037521
0.3359222349795393,0.3764495944284909,0.36599471897873037,0.3380054583766481,0.29258110847344615,0.3034230584077531,0.2954021279967978,0.2866389727275518,0.2948562955558322,0.3062040475525339,0.331657486954036,0.3098979813054432,0.3312323111421677,0.3106663975562526,0.3456783444283489,0.2967136119621666,0.3228328231839697,0.39068899046222133,0.2903820673142261,0.3572232338609464,0.6615124188211517,0.29186975632904893,0.23728757661737454,0.28347908924148174,0.2937488584501469,0.41726002849141,0.25641846531595297,0.24624655157381306,0.42444284727559245,0.3594869061206513,0.38386409704011454,0.26686709000899367,0.40149833572551763,0.29792270768351875,0.20124399998093503,0.5819425647460673,0.22708789450682657,0.21464863034464166,0.29799519524973606,0.13855894691506127,0.5506132167739164,0.2863697955227799,0.3160831081849829,0.09739778656643265,0.3296497625292973,0.6064679432239445,0.4119145003477903,-0.4105014486491506,0.3542941437149338,-0.0280586146813653,0.05632747548843256,-0.10536722100207072,0.09620793300744565,-0.09147887625101205,-0.0013406726201243343,0.012836343438331007,-0.1112618669785018,0.030884729390214156,0.038984710250951446
0.22950151193667007,0.32197495038150953,0.3591921964043622,0.3615057018769237,0.315710963920175,0.43187837887254654,0.31644234467606813,0.45050728795393014,0.24557278764702398,0.3877087198509246,0.335761207899046,0.326649061378376,0.4352189233724122,0.2731854213600058,0.12374695209516764,0.33894627135763594,0.35831355447973584,0.5369968338512993,0.43490689798210613,0.21191626082060439,0.29186975632904893,1.669671815011628,0.6528443905399548,0.2147550335685369,0.434941219165754,0.3096182099158859,0.2855254636341442,-0.02212889470445116,0.7869571361127784,0.24053007588492428,0.173711018407455,0.43022584584422396,0.009686496047100037,0.6431805870885596,-0.061770946146614714,0.3692156788737168,0.09746075316063761,0.1219355128978127,0.4850208432645536,0.09189038889462266,0.3010504896481198,0.172582353405774,0.49291053438432286,0.3480182743436084,0.1818342508973939,0.43380678251017163,0.4636776451078986,-0.28955823110919593,0.24955818811458147,-0.1384262324702443,0.21920219469132582,-0.21837742351032344,-0.122119514565644,-0.03154710802451518,-0.2116632090288355,0.04093545899153018,0.002930908121539094,0.2916317728931179,-0.3425487645194867
0.09908074139069215,0.38138528286646334,0.35157723485634895,0.411045269441171,0.21136025790145357,0.3841856112375384,0.3001108227417431,0.4225987781332973,0.20481952424367392,0.4135200288905145,0.317309851812932,0.3917689069909994,0.34754806557487145,0.21821513454879232,0.014420591012581583,0.1998515486089183,0.22969711030266185,0.7672537010667076,0.3313735031649997,0.24347978358792288,0.23728757661737454,0.6528443905399548,1.872894144646818,0.2947050349927373,0.8872175763654363,0.08432399362938554,0.23376300246553824,-0.3824783884703131,1.012675868235763,0.575535975040361,-0.24693889684401532,0.22190487685018923,-0.14372146478398615,0.742784730076738,-0.2458304321990988,0.8854526446882739,0.047370773149906266,0.08280046347186706,0.637710713256901,-0.03702618514668303,0.6107706476889353,0.10186804891029834,0.3833715720694867,0.640656539197334,-0.09039093267817098,0.5827628650600364,0.5872922307043449,-0.44180513076681754,0.15095973102384463,-0.46369509150951294,0.5853944186398706,-0.5056203917938369,0.3842810699140934,-0.0722042425607723,-0.4004311834981768,0.022496671500890637,0.022091733280671676,0.29631152296686863,-0.4219130377896212
0.17224781256738234,0.14652411176020788,0.26415723321522805,0.2912414147927861,0.2546391898593498,0.23262510860678623,0.26242964480741904,0.2301438253252512,0.2431985062560567,0.2542103943281697,0.27197564449558814,0.2553552522363855,0.2789376632756304,0.2371767690165608,0.3017387705516475,0.246984825715218,0.27841293693853114,0.1688305749878764,0.22890743483847842,0.3742999752746101,0.28347908924148174,0.2147550335685369,0.2947050349927373,0.6992488918739911,0.3413869321259858,0.14779230365094795,0.29254510553684987,0.2791559158528146,0.19448135883081863,0.529406012694746,0.25470012685449006,0.4420091057461399,0.5453436420473922,0.2810218448897848,0.2837331001713431,0.4824618962550749,0.23417768265853625,0.21696773783864612,0.3215580154512777,0.06327446664905641,0.44662629874024784,0.26500169308602145,0.3380062005470762,0.2243828908194671,0.337418453981427,0.5233808703175874,0.37194295425155466,-0.33758834175975966,0.3716196343289332,-0.26516290127848735,0.05532462632722358,-0.11152320625479849,0.34436246086019323,-0.07931157701478005,0.12048596919650265,0.024174246783555387,-0.08544170416212742,-0.2386498227025629,0.2249801052646379
0.2901882113335388,0.3707829491297385,0.36659329136575913,0.3973247476725112,0.07567460678185485,0.33456529871200147,0.3406216328675854,0.35164157247325567,0.13949661818318296,0.38519036572971527,0.31582457462708785,0.39006605907420927,0.31737606624429837,0.24169880259055393,0.24714259575153666,0.23413509357617732,0.45634694161046285,0.5009034775522504,0.2776039622861952,0.5820228996189697,0.2937488584501469,0.434941219165754,0.8872175763654363,0.3413869321259858,2.2283327851132904,0.037275865643310986,0.30682915379461323,0.09895596970208019,0.9235361530877304,0.8816424823557533,-0.2089699486057077,0.3027300912665853,0.018804299140328176,0.712451329191738,0.30476043648531065,0.722220211104376,0.48890408328554186,0.362218230537529,0.8766192489721714,0.21728226274639348,0.6547091828342554,0.29967258843641437,0.531473732411796,0.47493520762422653,0.6469306159728905,0.8447188236158583,0.6801547223712985,-0.5908844139006887,0.49480631969017974,-0.7394377234776535,0.5944214808700219,-0.06856549595730109,0.2732831038672708,-0.18585307826883501,-0.05653761608055328,0.04938921641986033,0.13854467711801885,0.06052308701712292,-0.36361683706310644
0.3247327660288608,0.30729095342714885,0.434469166001565,0.5051722411410968,0.3630484548016559,0.48575628198689813,0.40025072148644153,0.428764949497639,0.5060676821316731,0.3913107163566677,0.41952970502617165,0.42063864241509424,0.3778063807787004,0.4160750928661172,0.3021401689729312,0.4019442118205562,0.3499200148786425,0.5501132329617204,0.30216786372639026,0.48785581221835084,0.41726002849141,0.3096182099158859,0.08432399362938554,0.14779230365094795,0.037275865643310986,1.7912326412474027,0.3812233869196588,0.19369979523004083,0.6501380008044363,-0.15257762183495915,0.47008087120267833,0.36311554613077274,0.01817286366803915,0.5554203397860419,0.47494649813770884,0.5562143411327671,-0.18604351768520622,0.24550112709685717,-0.4625287737854769,0.16233367746276867,0.16215363016258721,0.46774966314919136,0.33046962419525266,-0.037378833361218444,0.004638085277715222,0.47379284438482216,0.2378225377755188,-0.5289455944981004,-0.40461460028514057,0.40885960623952866,-0.39871568744669794,-0.2775469807623614,0.008403133763711755,0.05829293254990399,-0.11610916693557546,0.0562701679199714,0.07471499644600993,0.1947455731489306,-0.2685231310241993
0.23840626487103583,0.28433273628071676,0.28142731529016074,0.3888292588952793,0.2532389901134486,0.34585133083082464,0.292560217052424,0.33547476830565204,0.2635435474357901,0.35581229327452707,0.34823506864621623,0.38195121997973214,0.3341294137892271,0.30192433780731054,0.3180784122255013,0.3330771779049312,0.32628962627251634,0.20613833738635348,0.2471364639906234,0.5352377740541157,0.25641846531595297,0.2855254636341442,0.23376300246553824,0.29254510553684987,0.30682915379461323,0.3812233869196588,0.8500506818138847,0.09765143746422056,0.5005908229639814,0.27552337391068754,0.20639832709105427,0.5503540654765061,0.10294291301382551,0.4526917969526804,0.18479720452542722,0.40939736642186336,0.2188333016208503,0.27831769574900345,0.2694345669710124,0.16043415691142338,0.36057367668941925,0.2995012102462348,0.19171984335442527,0.16035413554628095,0.07560814592036752,0.5189513688808776,0.3441427256933909,-0.439049344158078,0.42740180974717795,-0.045376494516072924,-0.13015782355415814,-0.04893984403060592,0.17920278552911112,0.023642488321022486,-0.20508193060561264,0.02684201239209876,0.03443304331462338,0.17808501045567102,-0.1770245130204108
0.18837898689770488,0.05557283474770884,0.20603859985199496,0.12082885843495503,0.11450767606476411,0.05279906397964782,0.12608957072239063,0.06899990679167554,0.1908368730942702,0.08002522887500998,0.14674394502063895,0.027783507351850156,0.16978697455693528,0.1444940425022615,0.3215695944488997,0.21109274009341597,0.2361103674050818,0.01949468461984099,0.21031924173219746,0.09379592664755491,0.24624655157381306,-0.02212889470445116,-0.3824783884703131,0.2791559158528146,0.09895596970208019,0.19369979523004083,0.09765143746422056,1.587811459978041,-0.3628839453755441,0.3072199867038397,0.4510322962925082,-0.03848677725390419,0.7825158096136955,-0.2031424332124398,1.1974578811472434,0.24643288837620855,0.2522611876299558,0.10354874329819563,0.06448481094841654,0.12765247874017793,0.004928699089517725,0.17600525226461333,0.39250293853689056,0.24111970226602109,0.7285353987829737,0.12137956498187352,0.06724360182090186,0.022044540183713247,-0.31078526447482185,-0.21667964774469714,-0.15374468610642272,1.0880735951804008,-1.0473719930395615,-0.0028581563620891414,0.6846948999469012,-0.01229924843278069,-0.13522241065133883,-0.5979962782266109,0.6329645757878403
0.26067376928646685,0.6231147357746573,0.5044042386794317,0.7057127602190905,0.42316089606067586,0.6682087558912839,0.4475587293147984,0.6460379932607236,0.3295727030970395,0.6783462230936383,0.5427473293353691,0.5614350196399763,0.5876205783471268,0.46936581488026835,0.34621432216191883,0.4943962250402684,0.5474483132592082,0.8058339483878726,0.44771496861896115,0.775907523385164,0.42444284727559245,0.7869571361127784,1.012675868235763,0.19448135883081863,0.9235361530877304,0.6501380008044363,0.5005908229639814,-0.3628839453755441,3.1863135002075165,0.3360702290323766,-0.10881944120228387,0.6587196149430635,-0.5846776481268088,1.3281757360529898,-0.4188778395173233,1.184370198791684,0.02528389903749324,0.30602465400185574,0.40728421462286196,0.421911027032146,0.6158955722461228,0.3761719707428136,0.06548021493576779,-0.2766065313789662,0.2883507822845181,1.1421069153833743,0.7575137860642968,-1.525738829190923,0.23477265358812124,0.7040254543185831,-0.4014997804899789,-0.105315076535988,-0.5184319843112081,0.24432139663607952,-0.6807783677080336,0.08908306370192898,0.05582726195504332,0.4968130753691673,-0.5324508822874047
0.25743412181145753,0.25797113642074565,0.15126132445074175,0.3106481914770702,0.13176707971756266,0.23120641532396297,0.20263233389616697,0.3211826005714484,0.1302248849145063,0.3002887268624869,0.2816990652277427,0.21389589586358768,0.32156501139970306,0.3087938627941534,0.45477904907370553,0.23222598041765027,0.2796145229953267,0.17593769276348523,0.2370896784399218,0.5797499549210219,0.3594869061206513,0.24053007588492428,0.575535975040361,0.529406012694746,0.8816424823557533,-0.15257762183495915,0.27552337391068754,0.3072199867038397,0.3360702290323766,2.2071523137455107,0.11888846557999823,0.39225133713649757,0.34534686865445796,0.19269816368873693,0.5196128606418091,0.44374795187177857,0.2975302736516692,0.32913099239687754,0.8375469729347296,-0.19227307747049885,1.1174719014479184,0.23960958532789037,1.0368471346495018,1.0454898420228267,0.8776731000119905,0.7477814988842532,0.9701417607116901,-0.5066175740831094,0.7272212788858615,-0.611872540245577,0.38184330548502016,-0.2531181958508666,0.5300830012729314,-0.05006847762085467,0.11735632371166069,-0.024913118244959728,-0.3089001600737616,0.12979573414042336,0.18168968622504475
0.3590657151131662,0.16507338958702852,0.29877493282231665,0.23305918616838292,0.2610326777869855,0.21468173580086894,0.2434923793504003,0.1955887938258772,0.2740249257605033,0.2285551777627188,0.2739344282567688,0.20368144467428656,0.23129404760129063,0.24963070639876048,0.29429857285073574,0.24664878805730173,0.2601516997684922,0.4052143191826525,0.25209612817537086,0.306197288742891,0.38386409704011454,0.173711018407455,-0.24693889684401532,0.25470012685449006,-0.2089699486057077,0.47008087120267833,0.20639832709105427,0.4510322962925082,-0.10881944120228387,0.11888846557999823,1.4797681552588344,0.27845461220583956,0.5041158067349251,0.13048349060632441,0.36115255234298804,0.29509478390332045,0.21659573639999916,0.2246989167293782,-0.05983429300954295,0.13250385086862537,0.23762120992344435,0.3058884407690742,0.264714396479364,-0.04744279148577082,0.4620169811987627,0.469003420714365,0.2956472824369939,-0.18784125445898994,-0.05101803375683684,0.2215417685072377,-0.07644149679553366,0.15728818129579156,-0.2290961782267665,-0.12456763096507995,0.21484990981611624,0.023161356704782234,0.23006316130345364,-0.1069465508179072,-0.20489098227132985
0.05010489443109889,0.1647680475404877,0.20594109922207052,0.36361189619983386,0.30818118047841325,0.39283267908323877,0.21648916363811022,0.35106010903949214,0.24355486653734776,0.3598934146611227,0.311185054785517,0.2838583425878377,0.2878578037561258,0.2637886801977633,0.224715036932772,0.26819192319557017,0.2919772923102399,0.2195996075404863,0.3026333984084054,0.6473004163121937,0.26686709000899367,0.43022584584422396,0.22190487685018923,0.4420091057461399,0.3027300912665853,0.36311554613077274,0.5503540654765061,-0.03848677725390419,0.6587196149430635,0.39225133713649757,0.27845461220583956,1.7753604609879077,-0.1484087586345043,0.7392486889840113,0.12155474581772115,0.5599320098698912,-0.05733049194609324,0.3723597415377002,0.2854965990646799,0.23063572205679708,0.6397813151816676,0.3722701881531201,0.21674520480866089,-0.061547345861130656,0.26318255618999803,0.7203746253026492,0.48014465752560087,-0.6959656257476575,0.6472108634239954,0.11482173341161983,0.06348324620309224,-0.31417025267778115,0.1290694108536998,0.20478616295619242,-0.0812371098525939,0.10564876828924873,0.05140291156447557,0.0026312962832442063,-0.09182112529575466
0.5159598947631486,0.1865634987830557,0.37134287856938075,0.021193691052306764,0.2606492948197327,0.024531539147637248,0.23302778829894333,0.01506078494146613,0.26987680137009445,0.059011113806463254,0.17521650083790574,0.1908252978845261,0.16731992918104188,0.18391170389846073,0.3779424359468649,0.15715580502043974,0.24515008145757503,0.02473791894317882,0.16133061289737122,0.10977887424065513,0.40149833572551763,0.009686496047100037,-0.14372146478398615,0.5453436420473922,0.018804299140328176,0.01817286366803915,0.10294291301382551,0.7825158096136955,-0.5846776481268088,0.34534686865445796,0.5041158067349251,-0.1484087586345043,2.40484330799914,-0.6435099064661719,-0.19942766673300807,0.40620838886858956,0.5353287632296694,0.1267673217260727,0.12725451648219507,-0.10211561800912865,0.26484735621312394,0.2165424330657985,0.3659395084633428,0.006057517011364875,0.33773751381457273,0.625915312333983,0.18912544583372842,-0.29409944708737445,0.7133813968276962,-0.5084966856094517,0.02282781258413159,-0.03772065692671308,0.6134281057652969,-0.3713735751165042,0.33750617948430484,-0.061615427161886664,-0.144657815942242,-0.2615234493172866,0.32244498058916116
-0.13550115348541292,0.3450382432259187,0.31931965831154185,0.6772309063000607,0.36923276409117134,0.5256843964042479,0.3991506783280017,0.49947377691885153,0.26407837494231945,0.5520132561365153,0.42997506426532134,0.46576587879345305,0.4469837630671749,0.3393283697191391,0.27170495350532475,0.3975868921638038,0.4310037391668532,0.5855984919684539,0.3776172078916897,0.5822827548609398,0.29792270768351875,0.6431805870885596,0.742784730076738,0.2810218448897848,0.712451329191738,0.5554203397860419,0.4526917969526804,-0.2031424332124398,1.3281757360529898,0.19269816368873693,0.13048349060632441,0.7392486889840113,-0.6435099064661719,1.9694126340782616,0.21332694405154126,0.581331722125578,0.34477882545959626,0.24839885925480523,0.2912348647993512,0.2183711782104413,0.5967102687231899,0.42898561299075916,0.46031183232636574,0.2664872550407847,0.12961550545715195,0.4678611577715826,0.5433507981051927,-0.4474243391078348,0.19460583442960794,0.09798381715663552,-0.014044513297128192,-0.2154620191042321,0.010788790278907686,0.05654279211234948,-0.3836925385835411,0.0816678662399684,-0.036097910236320245,0.27918364727319683,-0.2898687566270648
