1.9309840735482808,0.29562086374374674,0.5566295432400614,0.20165691321757404,0.5538680023037064,0.324630086930529,0.568580041445522,0.3739759235849606,0.39097402422924826,0.3302945503976275,0.3962855975026879,0.42180187634765637,0.35711985435266885,0.44048830319233145,0.46710201105401655,0.3786417329997443,0.2840496103204901,0.32662193662033207,0.3679929591169327,0.1971310463261378,0.34065616159699624,0.25143333932912826,0.12902857440298873,0.17571356450213657,0.26633556020790766,0.30850122478124453,0.2598114266203878,0.20271278094782008,0.34903882994265395,0.280362659311098,0.3207000579266972,0.05910997383082632,0.45219394824956705,-0.1300592052495375,0.10622912481715889,0.4417405259105708,0.25027896873930117,0.1497605068562968,0.36514460806435683,0.0886952063224759,0.2760039349411228,0.18684454999911226,0.21338182660448562,0.14322136948586825,0.3564843259678376,0.5645214947954937,0.28824064376200703,-0.42638274485840355,0.28572016366458564,0.07612296515447343,-0.21741474592102913,-0.073261413790749,0.2085815499503484,-0.09586770213494915,0.06383808130662634,0.02109539057015253,0.1925793988081299,0.271998232288278,-0.5440037356956187
0.29562086374374674,2.347277477419142,0.7835787737791782,0.20585325306722235,0.1512540752759866,0.36162437141003945,0.2046849172086391,0.3781046695881195,0.255831484213847,0.3086915088941887,0.2838245002185565,0.27394482657938785,0.31645601481530056,0.2213465100217519,0.1708107192716768,0.23682983514481282,0.27265456513851205,0.6098129877286844,0.3054071400916159,0.3675052263932212,0.4088895531998189,0.371916722223066,0.4805149889691364,0.20109290209079292,0.549263861135168,0.31389695033967024,0.28890157406408934,-0.027842241834596923,0.6881466836888939,0.24594414538983067,0.22470682985506385,0.19880333278298382,0.23875137698551444,0.41777982484908066,-0.139058127806425,0.5387077912385857,0.27962199638758234,0.21794560447352632,0.3194130765991117,-0.020321912606392847,0.4617309260048404,0.1826260273106126,0.24300591106295763,0.16425098522483014,0.18671792334906773,0.6733791640514633,0.4068465609109824,-0.4114519099777052,-0.11064113567846011,-0.4232655492952827,0.6356065406727551,-0.20637258087368257,0.17914892217692355,-0.2345627526906363,-0.35983565855569477,-0.14577900597770996,-0.4840141579983796,0.4373086380418366,0.10381189455053366
0.5566295432400614,0.7835787737791782,1.8451182055425501,0.40603388677293134,0.11053160678727841,0.3701976653781169,0.32152595293589536,0.42250395393808216,0.5099850250781784,0.4210116925140226,0.34970335604057284,0.3138384310669975,0.34662597807568096,0.2815916627688727,0.344681183867511,0.2719736747875306,0.3415968087323465,0.4975473085182618,0.3126596874245057,0.36845491895147836,0.3898002182222024,0.387067468247983,0.4273214319241931,0.3078280159014057,0.46352154176047355,0.42207557570858684,0.3138344314275513,0.15121645632401176,0.5931517274964919,0.1561403176519456,0.31251055766717095,0.2928807842623529,0.41311922777059606,0.39631247754515303,0.03890839472750763,0.7571445854365741,0.16184444709266674,0.23936064572425345,0.2638004812199515,-0.23734102684911285,0.4392447836718193,0.22753171804170833,0.22336717839933884,0.2205024644147206,0.7165952375498036,0.9851667773752436,0.39102694726283893,-0.7496465359738438,-0.6541786793485975,-0.2528050504773475,0.29282172385241484,-0.012493319781167739,0.18955902144494513,-0.29351920723507485,0.06336387339650551,0.12184219809324938,-0.10411899011403845,-0.14717651191384123,-0.06224780350717834
0.20165691321757404,0.20585325306722235,0.40603388677293134,2.103812832105386,0.4147768640378573,0.5343401050145479,0.587392740098237,0.49027689984253114,0.32152132387600185,0.449651734830647,0.4991787335022015,0.6140830456286488,0.4518777034581131,0.559703355718627,0.45455533316092034,0.49473086630649754,0.4103090817575381,0.4861941853968559,0.39436184684815756,0.46357395088818926,0.35132911759053576,0.3877869294052963,0.45835776071125206,0.3076463259396029,0.4390636922069078,0.5179180876830795,0.4166236515205966,0.09639696896762395,0.6957691033260469,0.28809723691715994,0.25422602295240365,0.3471741783180361,0.10233502823451418,0.6778989212614847,0.18391460102969792,0.523191969335874,0.34278395704726894,0.24554676738463993,0.39060036051253644,0.16464004797984122,0.3316563325860805,0.2973966095740664,0.32598648742125597,0.3675563002731655,0.29029338285698764,0.5083313139263916,0.45665624798834475,-0.38140062646262846,0.10378441141079699,0.08031938840844428,-0.2271539196820498,0.12937462003731223,0.061377017298832534,-0.17143174958722623,-0.4657610252419623,0.07325072287917475,0.07129051967763489,0.42065993459389855,-0.533473399215624
0.5538680023037064,0.1512540752759866,0.11053160678727841,0.4147768640378573,1.1707288208434208,0.33918715368943675,0.3861647551139999,0.30866673988492443,0.30508043098570736,0.35404830535321735,0.3795551764480051,0.4499351188205312,0.42285891990166385,0.37193981132429293,0.5526882224752213,0.419659985048837,0.30170206003137484,0.26331631558635094,0.5360972283707139,0.2079662084904981,0.27472289085987023,0.3385155958884207,0.24686696802975927,0.25413635601791407,0.10133619627405098,0.3719377288614799,0.2576443400163116,0.05986907736440048,0.444187464951186,0.10033008992969428,0.2581943116495198,0.31123914428556876,0.25448813505237733,0.38067026593889197,0.05524068638117963,0.4439044849004239,0.24091670306532773,0.12758167395215608,0.24377629557370467,0.22021977773983678,0.2384069722789201,0.25168361658571453,0.1988141873998827,0.065744890364817,0.0214465992296282,0.40555839517668035,0.22243414001084083,-0.30528607063847535,0.28063660792115075,0.3805092868547467,-0.393485985360208,-0.21138597308639326,0.2368859588213093,-0.0338378814434982,-0.20920742166710699,-0.08253676469731751,-0.01180519775234029,0.2339277223038161,-0.11174847409911967
0.324630086930529,0.36162437141003945,0.3701976653781169,0.5343401050145479,0.33918715368943675,0.8711907970655699,0.320017688240546,0.5822565932918097,0.39613807814318475,0.3748399668358264,0.4731971064281192,0.4874358109358605,0.4193301043324551,0.3995897975505726,0.29063562982924857,0.39981674853492954,0.41644159843284656,0.44259885953420547,0.5152321366606735,0.4827972391848523,0.3186347201533376,0.45269797520115945,0.41965781513084377,0.2773495982585766,0.3708085746213012,0.4857747698112134,0.37111546267420903,0.08045616610657233,0.6910976029344305,0.25056582642598746,0.2443736824412221,0.39972941708893855,0.07223167204377316,0.5591303358518442,0.08093946782731236,0.39798724202688784,0.3405237837217458,0.26099588677353175,0.4162059910258886,0.19555928237729886,0.39598697489693924,0.26689464880115904,0.2851501862088923,0.28302746620955743,0.10410846373783378,0.5502582083206762,0.5177927655230347,-0.44344762212219446,0.5587299392292605,0.24172078701473917,-0.2448309754651917,-0.015283236219133545,-0.06763105026456752,-0.043051389519882244,-0.3749560201572416,0.029038283365533987,0.05907935695198197,0.36323753834601835,-0.34554155487994953
0.568580041445522,0.2046849172086391,0.32152595293589536,0.587392740098237,0.3861647551139999,0.320017688240546,0.7723871664195557,0.3886773397518517,0.40452583102755046,0.2888391609490968,0.4153569994581991,0.47939496437625073,0.35283775770151493,0.3634613068749809,0.29329616196802316,0.3900730571488042,0.3366909627304991,0.3612362915604049,0.29334670135044066,0.2722514599540765,0.2774011866058014,0.32562092673105864,0.3074360296857415,0.22754723832818705,0.3079599187848888,0.4135249218264559,0.30384852340245605,0.09177527344900854,0.4380977966525242,0.18981712727368077,0.21494533744229505,0.20051224423585168,0.21890546416287748,0.3543650754497913,0.1565091314060213,0.4709828239870047,0.25097274936434943,0.15103615728036784,0.3201883975140527,0.11317180244705254,0.18356694764931517,0.2479678062201472,0.25818823209858677,0.1664036085170846,0.21380933641592179,0.37618100005074206,0.22680303389668408,-0.24830031428239197,0.24845778550251546,0.02774419582960637,-0.1725344833481835,-0.05406840946780472,0.21371598805983127,-0.15035815402692254,-0.14401393390895256,0.11116690783696132,0.08835992624006037,0.2699330780567375,-0.5610552703875027
0.3739759235849606,0.3781046695881195,0.42250395393808216,0.49027689984253114,0.30866673988492443,0.5822565932918097,0.3886773397518517,0.9208511187575985,0.2182124889687038,0.396764634878892,0.4670101515729045,0.2946344120936631,0.444929193547736,0.371607420068914,0.14794326638947414,0.3658047678233421,0.3895173026778304,0.47661195951841556,0.4149475454830453,0.4657727054632733,0.29989044823666533,0.48091109729930437,0.46807101752871627,0.25936115259184733,0.38341902748334256,0.4293164041122591,0.35829917998478916,0.09350643049225438,0.6679084264014823,0.3298560905232302,0.21600181201013524,0.33844854725164564,0.049788578911305836,0.5286971046710917,0.10331668534962013,0.40801152488051917,0.31223063749413527,0.24674779186184115,0.5062179451432107,0.1840186881201649,0.3900127042404648,0.25098060628293867,0.3347848943237037,0.3429861673315138,0.23826064362969054,0.5206720328122092,0.5468518277916611,-0.40878682259926086,0.47413012695623014,0.16897744865906886,-0.04629160086451816,-0.08100792973658423,-0.07879142166228316,-0.03515424446307434,-0.26595650302124163,0.02194061547346407,0.10644955207188389,0.34535393895336425,-0.3517974784805601
0.39097402422924826,0.255831484213847,0.5099850250781784,0.32152132387600185,0.30508043098570736,0.39613807814318475,0.40452583102755046,0.2182124889687038,0.7962076611591546,0.22985036289567268,0.3456182343813439,0.36697915087845795,0.30444615769271444,0.3078060320045912,0.3167988461514761,0.3129993414954516,0.30340382411850697,0.3139120472264052,0.31577594371362094,0.28337874661850837,0.3014904984193501,0.25124253901131766,0.20932116572242143,0.2526244868393758,0.15405607071215519,0.5064382284362917,0.2732652603888711,0.19171906138310124,0.32859972950035715,0.13728552053719986,0.29016293223384865,0.2617845324032847,0.29220588658714447,0.2672317937307395,0.1878615434610053,0.47269701002710013,0.12362109438533714,0.16084602626522548,0.16794396667779404,0.04699036080188627,0.22290936294816527,0.25059554730013495,0.2324337741128331,0.09466140960919435,0.31040146719528616,0.4752276800442626,0.24833859827058025,-0.35509950135150975,-0.05926476261088666,-0.033777315615265716,-0.041655448355155236,0.007417524066428602,0.09361584319073488,-0.09362696531939786,-0.000411009724666213,0.14262165931988158,-0.036274719672704916,0.0192375096208248,-0.1698332415641734
0.3302945503976275,0.3086915088941887,0.4210116925140226,0.449651734830647,0.35404830535321735,0.3748399668358264,0.2888391609490968,0.396764634878892,0.22985036289567268,0.8785309208460084,0.3839764258671031,0.4555103084656665,0.4170291019022907,0.32028782434768105,0.4057962474552202,0.3608394282008767,0.3792747171522156,0.43867235819705347,0.33154656980789704,0.4239834052721139,0.3203282273504946,0.38514912462678846,0.4193752476441159,0.2894086985095855,0.41502780301845826,0.36306749494554835,0.3677490201875399,0.12525582868229157,0.6776404523449996,0.35755050648518905,0.23364017072144538,0.37184581554566176,0.10537359179168117,0.5788270252793394,0.21671017741839405,0.5621565206341252,0.27421253474408497,0.2308472259925094,0.3850428654871541,0.1605185829687056,0.486469475770551,0.30277567214942286,0.20823244766005125,0.22622160973025293,0.1598795011831405,0.6377827665062084,0.49614363381345195,-0.5373728862541529,0.39052469864367867,-0.027009367433927893,-0.012194710507059628,-0.14715153207746579,0.10214448629851171,0.02513495699157263,-0.13122121647172702,0.03521266469980751,0.06558930169123027,-0.08457977605022172,-0.029944537494219863
0.3962855975026879,0.2838245002185565,0.34970335604057284,0.4991787335022015,0.3795551764480051,0.4731971064281192,0.4153569994581991,0.4670101515729045,0.3456182343813439,0.3839764258671031,0.6189762791011927,0.490321518666701,0.4177940598387483,0.39958795131846375,0.4534665954893872,0.4111367970282997,0.4194303737013483,0.3890991167951314,0.38855274188083605,0.44743659615730197,0.3349818921140444,0.3487702429177936,0.3322878958671133,0.28915365917843516,0.333062483739043,0.43627239184597616,0.37100535421515696,0.15324162981132233,0.5596435525041362,0.2822467168469666,0.2894480606388362,0.32698673032586906,0.18249298572984618,0.45313318722312745,0.21466949460515308,0.5018873848556746,0.26269898905116507,0.2375075135961282,0.3933537367619969,0.19837243441208977,0.3284694346159304,0.29314239409230186,0.279493489595572,0.21196258955918182,0.2848309673255817,0.5379092489199458,0.4151204333724931,-0.4052008104080116,0.32350818205110615,0.012830829209558029,-0.08686981325861685,-0.008933536357426544,0.10960294258779825,-0.06631882986734279,-0.278449056764253,0.08799450510803222,0.03061836778955334,0.26932504662342527,-0.3589832959058329
0.42180187634765637,0.27394482657938785,0.3138384310669975,0.6140830456286488,0.4499351188205312,0.4874358109358605,0.47939496437625073,0.2946344120936631,0.36697915087845795,0.4555103084656665,0.490321518666701,0.8772634984746516,0.3853801743938609,0.4052665231038574,0.5045764376113403,0.45690731837009846,0.40785460060032447,0.4022484716290649,0.3999013640146642,0.38506544701686424,0.310122289338766,0.32560973122155973,0.3763549037136019,0.2685949792436133,0.3850850437974496,0.4285477154641928,0.40750026379053506,0.044394780790589845,0.5732714435770562,0.2257720744459588,0.2090778596848941,0.29544420369871066,0.19271175926876255,0.476096154750986,0.09087731839632023,0.48603296199554574,0.2618165738054749,0.21084728645904452,0.3797517056955262,0.1818004257927609,0.3418154335599496,0.2652315601017127,0.19640678955148494,0.20481380050827333,0.05453779371890823,0.5143906094481929,0.37526721082587744,-0.3913276187677815,0.6456606052161354,-0.1033383214809704,-0.15459645494325266,-0.04444388180490434,0.2630482849379781,-0.07669554062467088,-0.4579113876722755,0.09859174126544198,0.04681431090338222,0.3331867428166919,-0.48210698847277467
0.35711985435266885,0.31645601481530056,0.34662597807568096,0.4518777034581131,0.42285891990166385,0.4193301043324551,0.35283775770151493,0.444929193547736,0.30444615769271444,0.4170291019022907,0.4177940598387483,0.3853801743938609,0.6639025279901274,0.37622724982457556,0.3373602116584348,0.39355021568838,0.3515031413390325,0.38742782591008307,0.3777705782292536,0.3375701257374936,0.3282029005080542,0.4539862507570687,0.3765259204856444,0.2881607187998016,0.3531063652421337,0.39123453093912897,0.34593343485072675,0.14414233317740932,0.6059848357524937,0.3175597153956388,0.24087738334606246,0.30833120357605576,0.17090751773390564,0.4677464593657131,0.21287590133756396,0.48657576147306075,0.21749840808082377,0.179947323559613,0.4175163873739142,0.17277984150896178,0.34541929827663775,0.25796508554125164,0.2968880343527129,0.2579560277894769,0.20603789719671436,0.5349317013837711,0.40858313103210575,-0.3953931816904013,0.2474887821190653,0.07575778279139114,-0.04324394744590285,-0.12900611123514355,0.0674613158937482,-0.0485993137137804,-0.1901442074548371,-0.020417908112633422,-0.03875493805548763,0.1440689740463755,-0.10869615979466635
0.44048830319233145,0.2213465100217519,0.2815916627688727,0.559703355718627,0.37193981132429293,0.3995897975505726,0.3634613068749809,0.371607420068914,0.3078060320045912,0.32028782434768105,0.39958795131846375,0.4052665231038574,0.37622724982457556,0.69236901162639,0.4758142099433507,0.4304363740990176,0.29580330880710176,0.2992755513389448,0.3379182027487769,0.38931599273617123,0.32052899010054037,0.2807012883237606,0.22750667652695805,0.2546632493366588,0.2722508252394856,0.4356819532467567,0.3301680215093912,0.14636143300885052,0.4960897666684533,0.29160934492658186,0.2759803282755391,0.2749257700261682,0.18940722974466498,0.35376890187842985,0.1600978086082634,0.41668717120254944,0.2136956968671484,0.21024133241464882,0.26799663826975567,0.1805195125544482,0.3493870263659285,0.2639780294213633,0.31687699533643404,0.16771176329751053,0.17876720267418028,0.48415092745955446,0.39157727847564006,-0.37831546333287336,0.46834474717540975,0.027937057513454735,-0.1173278247986301,0.00814455429159067,0.0671346761948662,-0.0565368217253004,-0.2487007873501251,0.059695886502173584,-0.06364947698025504,0.31084118194931754,-0.14253804336437198
0.46710201105401655,0.1708107192716768,0.344681183867511,0.45455533316092034,0.5526882224752213,0.29063562982924857,0.29329616196802316,0.14794326638947414,0.3167988461514761,0.4057962474552202,0.4534665954893872,0.5045764376113403,0.3373602116584348,0.4758142099433507,1.4349328933027314,0.3883810596074509,0.3576429401622939,0.18656763311171795,0.37658911966467273,0.374101852999403,0.3520680394363471,0.12922828569771264,0.009688630636485765,0.30975199761421923,0.30519683762630406,0.358709484355247,0.35121331954966495,0.3118527486394112,0.3899555799569938,0.37198387118423776,0.3498258836572782,0.2833136536390596,0.34576069386983144,0.3208180381224473,0.3760846628768628,0.49871585586159367,0.22178438688834193,0.18134140035301002,0.27322829249913805,0.08042356848080427,0.36907912292263406,0.28094996934523875,0.32852983629887694,0.043134380549322726,0.4348431127559507,0.5389803595153988,0.3151585828868567,-0.3737868396493226,0.2977931552451835,-0.11556360851669274,-0.2708844789302602,0.30846321076735217,0.1838365421345423,-0.09269013139699465,0.010189403492704354,0.2579641859392233,-0.23092950172968432,0.09103304028135152,-0.23039261783881446
0.3786417329997443,0.23682983514481282,0.2719736747875306,0.49473086630649754,0.419659985048837,0.39981674853492954,0.3900730571488042,0.3658047678233421,0.3129993414954516,0.3608394282008767,0.4111367970282997,0.45690731837009846,0.39355021568838,0.4304363740990176,0.3883810596074509,0.7486778687860646,0.3795300169536679,0.3217202265862219,0.38273213133987166,0.3364335520233453,0.3032747386546605,0.3542121814840617,0.21757821376687217,0.2560576968174599,0.26693922265992853,0.42532617233155595,0.3615173268440624,0.18962652194590468,0.5212064436779397,0.23089637944366934,0.2618546064386348,0.2846285659433173,0.1578786717226482,0.4206157152441318,0.2477203231506276,0.42162404884459176,0.23566590957853667,0.17602630230548683,0.3118411531512728,0.2418073317810208,0.27466186409520255,0.29775211910906263,0.303815360980335,0.1519488687015757,0.20374943727604342,0.44179266427400427,0.3607730944288047,-0.35879118010127353,0.39051926331423276,-0.06412115382574463,-0.2067559618494337,0.11980332260496265,0.04479065832792872,-0.039054680166493674,-0.26538025556022427,0.054541562530122205,-0.058348542383183356,0.33153003491218813,-0.23805207838180656
0.2840496103204901,0.27265456513851205,0.3415968087323465,0.4103090817575381,0.30170206003137484,0.41644159843284656,0.3366909627304991,0.3895173026778304,0.30340382411850697,0.3792747171522156,0.4194303737013483,0.40785460060032447,0.3515031413390325,0.29580330880710176,0.3576429401622939,0.3795300169536679,0.74729319718398,0.3029691271320208,0.3464636515294571,0.5017028574657315,0.3253331624058225,0.35609937381526563,0.23700872493204614,0.29630706007952845,0.48549345132181854,0.35590024383190594,0.32958943577045213,0.27602404954121507,0.5561517938223314,0.2906252901442609,0.27668656425334565,0.29692856563809283,0.2703051334259217,0.4469856176563531,0.23361906936735424,0.5077608880881396,0.4745630469136424,0.2779096554303234,0.3600615324336955,0.22222429384615008,0.37168090532171916,0.36584249992726203,0.23803882389694508,0.1491144759951444,0.2617331210553455,0.5941719692742714,0.42566475964157363,-0.46828245158279713,0.296575066651331,0.18714192730590712,-0.12246588141634734,0.010733673336380433,-0.051516830839255505,-0.0422160414864889,-0.24141984409493447,0.008164570968265174,-0.022975380350241444,0.18951008281940826,-0.21500301477846792
0.32662193662033207,0.6098129877286844,0.4975473085182618,0.4861941853968559,0.26331631558635094,0.44259885953420547,0.3612362915604049,0.47661195951841556,0.3139120472264052,0.43867235819705347,0.3890991167951314,0.4022484716290649,0.38742782591008307,0.2992755513389448,0.18656763311171795,0.3217202265862219,0.3029691271320208,1.2200891402040286,0.408760909904512,0.254423388732436,0.3972352683654067,0.5521000429344575,0.8147668655757049,0.20926362121826134,0.5215392172146838,0.5428047571889488,0.21666740076003704,0.00991750062213604,0.7820820249055236,0.24077021607001153,0.37589804511648506,0.24549077728774765,0.056846662243951226,0.6212459578279799,0.019682987352054093,0.6894979910522272,0.21674200565680338,0.14448786203225328,0.3325787920086243,0.07265005534076328,0.4393150166582578,0.26673873674812487,0.3945027481752982,0.2089025977964378,0.21248778001738244,0.6186057687665429,0.6030760567703145,-0.390090241400882,-0.0037173261883537787,-0.00974625202935607,0.49561865897599333,-0.2693113712767883,-0.12653267380054897,-0.16874991710118994,-0.16030029165644252,0.05243134848641786,0.027632990970761283,0.2782973758516435,-0.44975474012706246
0.3679929591169327,0.3054071400916159,0.3126596874245057,0.39436184684815756,0.5360972283707139,0.5152321366606735,0.29334670135044066,0.4149475454830453,0.31577594371362094,0.33154656980789704,0.38855274188083605,0.3999013640146642,0.3777705782292536,0.3379182027487769,0.37658911966467273,0.38273213133987166,0.3464636515294571,0.408760909904512,0.7365527634090724,0.23653035597167113,0.28763297469756627,0.4460498098045312,0.37041694181502305,0.25715588817965507,0.30035101393445357,0.32164214947147657,0.26451341353794916,0.19698485663779156,0.45922600129004076,0.23174350624844417,0.2558493869502937,0.32702650045676296,0.17842236359097616,0.41129080682314334,0.08133351976607452,0.4575351204980984,0.1393501257144337,0.15284441534994753,0.346478480499023,0.11221065004710769,0.3214233168365441,0.20608673250123472,0.284851564770951,0.1934980299313809,0.1695805893735095,0.4309886825193303,0.32390994133180534,-0.2408586169616997,0.28328623602124736,-0.04788857983048248,0.2349222311602881,0.19041458470749703,-0.2872989370104007,-0.1221733628210106,-0.18207319312224207,0.009789713983296205,-0.03473048197896744,0.2420627354309893,-0.19514043889002142
0.1971310463261378,0.3675052263932212,0.36845491895147836,0.46357395088818926,0.2079662084904981,0.4827972391848523,0.2722514599540765,0.4657727054632733,0.28337874661850837,0.4239834052721139,0.44743659615730197,0.38506544701686424,0.3375701257374936,0.38931599273617123,0.374101852999403,0.3364335520233453,0.5017028574657315,0.254423388732436,0.23653035597167113,1.4111843471583128,0.3686613683691587,0.23097640904911848,0.27128545391794306,0.4223977761350153,0.6281381331413378,0.4795509852329396,0.542583811534373,0.11610176573570305,0.7789446447440268,0.6180707592071231,0.33961312281801864,0.6419726126822287,0.1468573095716376,0.6398368877946383,0.300586392541465,0.5849322227485492,0.6579556166516836,0.6951648062118181,0.4115785333619046,0.25252221686690207,0.6430701934641169,0.5671819651472416,0.27426389734035367,0.2486222770073803,0.1506987001807362,0.8416606205189442,0.5454632716498422,-0.7380563919641818,1.001807784411585,-0.07351524624312607,-0.1781175434603453,-0.2135295411186133,0.4544119075743473,-0.04102220849816751,-0.22983969020639589,0.0578797405886033,0.0709825451250131,0.07929154039274668,-0.09589283004936071
0.34065616159699624,0.4088895531998189,0.3898002182222024,0.35132911759053576,0.27472289085987023,0.3186347201533376,0.2774011866058014,0.29989044823666533,0.3014904984193501,0.3203282273504946,0.3349818921140444,0.310122289338766,0.3282029005080542,0.32052899010054037,0.3520680394363471,0.3032747386546605,0.3253331624058225,0.3972352683654067,0.28763297469756627,0.3686613683691587,0.6717888125448285,0.3083122552146496,0.27761964521825083,0.29851312134441393,0.35834547933596067,0.4006183361091477,0.2556360636780073,0.19212794264970312,0.42329500076867466,0.37469555754787165,0.3788586955949461,0.2669348043040653,0.3947965811276227,0.3201671130586283,0.17818625092591275,0.5878594718687754,0.22384241104386632,0.22132948851381376,0.36720724939959243,0.132661372432146,0.5850373108435187,0.2938232576635506,0.3460710693462487,0.1421217186415917,0.36894737187639065,0.6312786688251038,0.4285553410865446,-0.43061893588053385,0.36161731198932384,-0.06877753934313065,0.10389801733371212,-0.18501011662945444,0.20526663956462268,-0.09308227103486673,-0.04199070492123025,0.020125225126401233,-0.14435997114404836,0.1245432863100611,-0.04184798065312695
0.25143333932912826,0.371916722223066,0.387067468247983,0.3877869294052963,0.3385155958884207,0.45269797520115945,0.32562092673105864,0.48091109729930437,0.25124253901131766,0.38514912462678846,0.3487702429177936,0.32560973122155973,0.4539862507570687,0.2807012883237606,0.12922828569771264,0.3542121814840617,0.35609937381526563,0.5521000429344575,0.4460498098045312,0.23097640904911848,0.3083122552146496,1.7186439586678985,0.7360390853447805,0.25363755864760634,0.4923508728989038,0.31992943304864546,0.30148035089409175,-0.08275836307639224,0.8089514512393398,0.2502143526570455,0.156085398420155,0.43778500203473264,0.02717218592096388,0.7018995836169148,-0.07553038323906325,0.43272571459797865,0.07111179020182921,0.1371195834801981,0.527686867082769,0.09315479337882948,0.2726128280201403,0.1850235113747901,0.5750527979188167,0.3148339962452749,0.3117233809794377,0.42032421627727357,0.4813161648988239,-0.25470872764069685,0.2393089315178874,-0.25630641504602314,0.25277735759144543,-0.29641093518908096,0.07861118255347058,-0.10983829533101926,-0.18802732396112412,0.014402059410213825,-0.03865089696230855,0.2660646414157282,-0.24031207521241357
0.12902857440298873,0.4805149889691364,0.4273214319241931,0.45835776071125206,0.24686696802975927,0.41965781513084377,0.3074360296857415,0.46807101752871627,0.20932116572242143,0.4193752476441159,0.3322878958671133,0.3763549037136019,0.3765259204856444,0.22750667652695805,0.009688630636485765,0.21757821376687217,0.23700872493204614,0.8147668655757049,0.37041694181502305,0.27128545391794306,0.27761964521825083,0.7360390853447805,1.9807051362202077,0.3471781343573782,0.9741541998889823,0.07177446011014216,0.25678896228924925,-0.436419309514321,1.0983164431296795,0.6107842148427262,-0.2244204735144265,0.2654878883357219,-0.053816741535193016,0.8240527114269245,-0.2832269164801652,0.9722936422538629,0.053642225737399955,0.11006556177630347,0.7008341629161727,-0.06194647683523739,0.6174093843917527,0.12305047526041499,0.3908041387495867,0.6463741393754168,-0.045124243518959224,0.6337874100636611,0.63673334779354,-0.45160704089719006,0.2037548382884509,-0.5096488922542987,0.6541670085650908,-0.5711916274312494,0.5466063629151676,-0.2213471939913937,-0.3920277969549998,-0.047585950158666825,0.08334463485328421,0.20009312975351423,-0.28141878004610044
0.17571356450213657,0.20109290209079292,0.3078280159014057,0.3076463259396029,0.25413635601791407,0.2773495982585766,0.22754723832818705,0.25936115259184733,0.2526244868393758,0.2894086985095855,0.28915365917843516,0.2685949792436133,0.2881607187998016,0.2546632493366588,0.30975199761421923,0.2560576968174599,0.29630706007952845,0.20926362121826134,0.25715588817965507,0.4223977761350153,0.29851312134441393,0.25363755864760634,0.3471781343573782,0.7538699683749209,0.3954404326491001,0.14078827467145355,0.3273122467125587,0.22717637987538292,0.2956454838651195,0.5276865258594933,0.313363579460816,0.5543887595949261,0.5851348629879033,0.3082255621360803,0.1978757088972209,0.5373356919886404,0.24579792385705732,0.2495925498768497,0.36436756464431663,0.06177350575928595,0.4985701791882719,0.27179596127507766,0.1989087163305187,0.21590046578305191,0.23808658002000016,0.6256240426396026,0.4181280832651643,-0.46518349875844583,0.48978709436775103,-0.2307165245764522,0.09452079692316392,-0.1581393326262535,0.3650284903808938,-0.09828329078906767,-0.03358747962389323,0.034623261166002194,-0.00682102210640331,-0.08150339513025605,0.0035751193481324255
0.26633556020790766,0.549263861135168,0.46352154176047355,0.4390636922069078,0.10133619627405098,0.3708085746213012,0.3079599187848888,0.38341902748334256,0.15405607071215519,0.41502780301845826,0.333062483739043,0.3850850437974496,0.3531063652421337,0.2722508252394856,0.30519683762630406,0.26693922265992853,0.48549345132181854,0.5215392172146838,0.30035101393445357,0.6281381331413378,0.35834547933596067,0.4923508728989038,0.9741541998889823,0.3954404326491001,2.348764685105311,0.03776706710234073,0.33112649624981155,0.0517257307838187,1.0261251792391304,0.9390355998952592,-0.19894228291352148,0.3540236291283265,0.13051148991873715,0.8274507109495265,0.346779251267251,0.837299695092792,0.5023977216304278,0.39111927231058896,0.9331724189986785,0.12317614552529532,0.7253734532319898,0.3385728979934786,0.4804409299779634,0.49374777645427,0.5563362623427479,0.9288345126740883,0.7259769803824004,-0.6532649465045283,0.552960057740655,-0.841715245255299,0.6802251110334292,-0.24542620082819872,0.5546042398489169,-0.2549398775352165,-0.08734649497489147,0.0231775431451923,-0.17098476111180275,0.13486161399633034,-0.17269339319415056
0.30850122478124453,0.31389695033967024,0.42207557570858684,0.5179180876830795,0.3719377288614799,0.4857747698112134,0.4135249218264559,0.4293164041122591,0.5064382284362917,0.36306749494554835,0.43627239184597616,0.4285477154641928,0.39123453093912897,0.4356819532467567,0.358709484355247,0.42532617233155595,0.35590024383190594,0.5428047571889488,0.32164214947147657,0.4795509852329396,0.4006183361091477,0.31992943304864546,0.07177446011014216,0.14078827467145355,0.03776706710234073,1.8218183526156266,0.38589598876228143,0.25503510381707434,0.6426907952812746,-0.16006132099212153,0.4664565427618336,0.3822861386000966,0.010734481847338185,0.5544326822098623,0.4928383792674039,0.5537334297600713,-0.19933897835538264,0.23793127438436668,-0.48470948637403233,0.18888940011916336,0.1383540459115516,0.486958559846584,0.4095248388753341,-0.05534933063828397,0.05985661676142754,0.46162537379861984,0.23756087468618672,-0.5090300649739931,-0.34973409926540805,0.48781858300913344,-0.41870971322371303,-0.12737717808352522,-0.16844712198184036,0.030466009785631264,-0.14292421986639245,0.11143351354510674,-0.05657746514958708,0.2559046821575045,-0.16520607524311048
0.2598114266203878,0.28890157406408934,0.3138344314275513,0.4166236515205966,0.2576443400163116,0.37111546267420903,0.30384852340245605,0.35829917998478916,0.2732652603888711,0.3677490201875399,0.37100535421515696,0.40750026379053506,0.34593343485072675,0.3301680215093912,0.35121331954966495,0.3615173268440624,0.32958943577045213,0.21666740076003704,0.26451341353794916,0.542583811534373,0.2556360636780073,0.30148035089409175,0.25678896228924925,0.3273122467125587,0.33112649624981155,0.38589598876228143,0.8646508689095836,0.10324391143740312,0.4944771377347394,0.300778505551044,0.22699496123551277,0.5589815201222674,0.1274868657816443,0.4836213578014418,0.22790657885304236,0.4278719730101728,0.23451355204662278,0.28000481485025225,0.30410038887212676,0.16476911092010113,0.34787679767808355,0.31699481105501903,0.23706311627188847,0.24214763121715957,0.09998046272317393,0.5487201657802909,0.36706880557904675,-0.4372180329346247,0.4717041818119262,-0.06135344635635489,-0.13133374748977925,-0.04151056129092454,0.25039710462270304,-0.03193294299791815,-0.21067540421006656,0.056303781895426064,0.0644650959301362,0.15017505686924792,-0.18481433200780148
0.20271278094782008,-0.027842241834596923,0.15121645632401176,0.09639696896762395,0.05986907736440048,0.08045616610657233,0.09177527344900854,0.09350643049225438,0.19171906138310124,0.12525582868229157,0.15324162981132233,0.044394780790589845,0.14414233317740932,0.14636143300885052,0.3118527486394112,0.18962652194590468,0.27602404954121507,0.00991750062213604,0.19698485663779156,0.11610176573570305,0.19212794264970312,-0.08275836307639224,-0.436419309514321,0.22717637987538292,0.0517257307838187,0.25503510381707434,0.10324391143740312,1.665909668346333,-0.3372478649639828,0.24102053795496003,0.42922111655065637,0.013563452245224712,0.7302617731556383,-0.20882629852367554,1.148019332549254,0.27545673296320045,0.35265798438384444,0.1123217041043266,0.037168746834665686,0.1920779234869108,-0.0024079071502717637,0.2036822606185558,0.1871047894514199,0.19822546967402446,0.48325948812133573,0.1730971571817907,0.013274139554810114,-0.09594341376402693,-0.15643945239658016,0.10680533982516728,-0.2761758784505491,1.2345907883807505,-1.3981856934302175,0.10003753440386585,0.4548514632234576,0.066511551708093,0.04669895769172145,-0.3378010751755169,0.1751461148491302
0.34903882994265395,0.6881466836888939,0.5931517274964919,0.6957691033260469,0.444187464951186,0.6910976029344305,0.4380977966525242,0.6679084264014823,0.32859972950035715,0.6776404523449996,0.5596435525041362,0.5732714435770562,0.6059848357524937,0.4960897666684533,0.3899555799569938,0.5212064436779397,0.5561517938223314,0.7820820249055236,0.45922600129004076,0.7789446447440268,0.42329500076867466,0.8089514512393398,1.0983164431296795,0.2956454838651195,1.0261251792391304,0.6426907952812746,0.4944771377347394,-0.3372478649639828,3.013876000431399,0.5028323606738819,-0.0905091237718522,0.6201541262089932,-0.4063371934592523,1.3497309530901633,-0.3263731216031029,1.2238058507373057,0.06628422473680294,0.30195883538823415,0.502915762271032,0.34832962170725545,0.565319212243493,0.40919761461649146,0.28129500759013504,0.06694700746913834,0.14724995127427015,1.2454809231010482,0.7845305208924015,-1.4290916365165058,0.30635661104948897,0.4562068724530746,-0.36189378051037685,-0.14399732821811592,-0.04139962666617542,-0.004158169808104338,-0.6294686743109124,0.0052313231665170315,0.02198279352908954,0.39369439829634384,-0.28550917283476573
0.280362659311098,0.24594414538983067,0.1561403176519456,0.28809723691715994,0.10033008992969428,0.25056582642598746,0.18981712727368077,0.3298560905232302,0.13728552053719986,0.35755050648518905,0.2822467168469666,0.2257720744459588,0.3175597153956388,0.29160934492658186,0.37198387118423776,0.23089637944366934,0.2906252901442609,0.24077021607001153,0.23174350624844417,0.6180707592071231,0.37469555754787165,0.2502143526570455,0.6107842148427262,0.5276865258594933,0.9390355998952592,-0.16006132099212153,0.300778505551044,0.24102053795496003,0.5028323606738819,2.01343610815399,0.12566040833805595,0.3870512703994443,0.23401321292344607,0.25700352113476677,0.5009009277770896,0.6098605776347618,0.36062852666422845,0.3703379339215702,0.862890711553325,-0.01880191121150152,1.143686968442968,0.26907521049472877,0.7009464546615788,0.7204305759891589,0.9521158656215016,0.8143702535906354,0.9544541505310672,-0.6169626018056088,0.75246711326975,-0.5471018139637641,0.37909681705892234,-0.279894115288131,0.4470108816480887,-0.031202586961132775,0.13582271741482316,-0.05691841676783168,0.0030554542813947807,0.009472999126732457,-0.08703194501764255
0.3207000579266972,0.22470682985506385,0.31251055766717095,0.25422602295240365,0.2581943116495198,0.2443736824412221,0.21494533744229505,0.21600181201013524,0.29016293223384865,0.23364017072144538,0.2894480606388362,0.2090778596848941,0.24087738334606246,0.2759803282755391,0.3498258836572782,0.2618546064386348,0.27668656425334565,0.37589804511648506,0.2558493869502937,0.33961312281801864,0.3788586955949461,0.156085398420155,-0.2244204735144265,0.313363579460816,-0.19894228291352148,0.4664565427618336,0.22699496123551277,0.42922111655065637,-0.0905091237718522,0.12566040833805595,1.4469842341847996,0.339534427111319,0.47843193487395275,0.13388299106227688,0.3175844683645616,0.30861204248852064,0.2543182975450437,0.23636466049362945,-0.009233709737793914,0.0815598737503457,0.28575444300004205,0.31506400045827976,0.20441316076261726,-0.03636697455965589,0.32770873325670985,0.4849719834719695,0.29885223452418663,-0.24453463124039687,0.04029874775647595,0.2729805259747716,-0.09821418669298851,0.1503974922684029,-0.25185431056710156,-0.06515742598444119,0.1346980181827212,0.07967955158040532,-0.10102389770380117,0.05149103578521748,-0.08623419083773497
0.05910997383082632,0.19880333278298382,0.2928807842623529,0.3471741783180361,0.31123914428556876,0.39972941708893855,0.20051224423585168,0.33844854725164564,0.2617845324032847,0.37184581554566176,0.32698673032586906,0.29544420369871066,0.30833120357605576,0.2749257700261682,0.2833136536390596,0.2846285659433173,0.29692856563809283,0.24549077728774765,0.32702650045676296,0.6419726126822287,0.2669348043040653,0.43778500203473264,0.2654878883357219,0.5543887595949261,0.3540236291283265,0.3822861386000966,0.5589815201222674,0.013563452245224712,0.6201541262089932,0.3870512703994443,0.339534427111319,1.7950396088607836,-0.09155657806211882,0.8021675513171526,0.25237922458636586,0.6312271943405304,-0.08566151426381667,0.36023075736422083,0.2800968866169156,0.2015650301720822,0.5951213130430923,0.3950390616748314,0.18404626228791332,0.040552780110509154,0.16123239598252836,0.8067520096132752,0.49542828375474485,-0.6765815515947474,0.6526624775267548,0.029371145950903236,0.13109596952632338,-0.24371452332640067,0.24351750630034624,0.03468580696086618,-0.1055838595633508,0.1586170341385175,0.016476669685327343,-0.10141791101483918,0.003552719043945055
0.45219394824956705,0.23875137698551444,0.41311922777059606,0.10233502823451418,0.25448813505237733,0.07223167204377316,0.21890546416287748,0.049788578911305836,0.29220588658714447,0.10537359179168117,0.18249298572984618,0.19271175926876255,0.17090751773390564,0.18940722974466498,0.34576069386983144,0.1578786717226482,0.2703051334259217,0.056846662243951226,0.17842236359097616,0.1468573095716376,0.3947965811276227,0.02717218592096388,-0.053816741535193016,0.5851348629879033,0.13051148991873715,0.010734481847338185,0.1274868657816443,0.7302617731556383,-0.4063371934592523,0.23401321292344607,0.47843193487395275,-0.09155657806211882,2.3790971924053066,-0.5523266233925279,-0.2120076182924606,0.5551402202686984,0.6079714103595358,0.15708553102868023,0.18067503637749333,-0.07005073358077536,0.278644052220832,0.24025692531280762,0.08899450547874974,-0.08024017448555475,0.19977344109630985,0.6932316063077171,0.1574875250500576,-0.5036258611819714,0.603570560394384,-0.34193133449321095,-0.000519246597964583,-0.09409622228393694,0.5084438841811876,-0.29037476061102946,0.2526256407576185,-0.06897573029109272,-0.0397223725437897,-0.2312773678405772,0.14390488428055034
-0.1300592052495375,0.41777982484908066,0.39631247754515303,0.6778989212614847,0.38067026593889197,0.5591303358518442,0.3543650754497913,0.5286971046710917,0.2672317937307395,0.5788270252793394,0.45313318722312745,0.476096154750986,0.4677464593657131,0.35376890187842985,0.3208180381224473,0.4206157152441318,0.4469856176563531,0.6212459578279799,0.41129080682314334,0.6398368877946383,0.3201671130586283,0.7018995836169148,0.8240527114269245,0.3082255621360803,0.8274507109495265,0.5544326822098623,0.4836213578014418,-0.20882629852367554,1.3497309530901633,0.25700352113476677,0.13388299106227688,0.8021675513171526,-0.5523266233925279,2.0500354969335364,0.24924952072238762,0.6861463627226219,0.35802151756321093,0.28522057189960526,0.35478942824213155,0.2286835898661682,0.6231503696899211,0.474046991466754,0.5136834766952122,0.31616536165858405,0.19862206055407391,0.5759099819108674,0.6171288639262557,-0.4854408588139834,0.2836806514384787,-0.06075233436943266,0.06975703807698633,-0.24580824913591356,0.22108359357517895,-0.07628130151695703,-0.4281110708193525,0.10048065570697377,-0.048299518365082506,0.24144501274452454,-0.20074278148900532
