4.246415241322538,0.41435627293336136,0.6544138205453327,0.12816283369300985,0.6392800572457729,0.5144332401104136,0.8688304586160802,0.6117332013087036,0.5444110302692745,0.6443962167924171,0.4471011456167938,0.7496991528864335,0.40841152275532944,0.9094251354604206,0.5101617269021052,0.4809195354220313,0.5088303200220166,0.4559816250615123,0.48491589263746276,0.5191431057639473,0.5501884105164158,0.4878718494459132,0.32834099417895185,0.6667117761762476,0.536506537121258,0.38194942305501967,0.5484032655595495,0.40597059631099136,0.5641264896860821,0.6168749534074753,0.6068310267153119,0.7700149075593248,0.7119362396204442,0.28864316497854464,0.2972517439695866,0.6559022697785004,0.4282240936024697,0.4017725402534627,0.43934146748907227,0.1918248619070309,0.4128639524409513,0.5182862576503323,0.19033647073902252,0.6077668982690797,0.8969978286461489,0.466972465345515,0.5818611710707521,-0.07113851662301925,1.9381604739956049,-0.07430110700403904,0.02693338804149921,-0.38983052342408925,0.2989514048070398,0.12826801586648057,-0.10365096050970006,-0.07431685697465842,0.7046293242041523,-0.26493504623807723,-0.2650743627588097
0.41435627293336136,3.4998012256694246,1.3880319985637555,0.5719384828182641,0.3377589047069599,0.3399579613632929,0.35557654932799787,0.36716139657211005,0.3012269898162994,0.4353371132131566,0.3116452369605102,0.43702815657096805,0.298077601933747,0.2593844238345291,0.40147902838988125,0.3328992960948664,0.42040319055018105,0.6583168984555098,0.3473953584475904,0.4219514756488145,0.5919779483914199,0.3052542221055095,0.3178431000743293,0.2966490533376291,0.4308352035544236,0.44728080782636037,0.3975663953020587,0.2073364377822637,0.7362017283050406,0.17972288422808708,0.37413358681127135,0.22755766397741925,0.4066809405605604,0.48572082364841057,0.1989760522721233,0.7183208952661259,0.5037342639423317,0.27184615472877754,0.21276580544451892,0.1280270035039252,0.322486311991776,0.27373686414437487,0.41131304964206566,0.10483372350280999,1.5117788057271353,0.4792677126890847,0.4050690585795413,-0.03924717987738236,0.4583690842438252,-0.3899899095911202,0.4455505531616384,-0.270751337295356,0.2425596134109663,-0.09832290311403231,-0.4918892037800346,-0.35536538243085125,-0.7618970925781245,0.9203442135707688,0.09892536323767498
0.6544138205453327,1.3880319985637555,2.6503747099746726,0.25898196986512795,0.24762701556288094,0.4714497454330804,0.41022130372658494,0.3714118961472633,0.4617678006368239,0.5130450848435907,0.35320489312723036,0.44862964031778857,0.31846181810935886,0.3259936790178132,0.5250289454879619,0.42140264259088506,0.48462642441555787,0.4730577217795329,0.4143410550666862,0.36365845549969633,0.4932861391199438,0.41297996607466503,0.3588457461003609,0.4026636637897768,0.41246762577013435,0.37454612626353073,0.43693887939780046,0.33577669955126005,0.49952228093065726,0.057687374180748804,0.4454882660689442,0.37319594344536416,0.5244919794396534,0.541612633607812,0.15926150001992578,0.6008728123378223,0.5331894012208398,0.2831553907355671,0.3262786151413946,-0.269197298433989,0.2764034928782791,0.38776551235659773,0.23958304062990696,0.5072234614703779,1.3963456920546466,0.6115645257747716,0.326647744143422,-0.06365089887952655,0.2686300684999553,-0.011637076836414153,0.20692776519434614,-0.05961398293242471,0.0030133822630754384,-0.12542979822233985,0.0015267182984314484,-0.07630832221876047,-0.00490400462445587,-0.0967021682707406,-0.022667858183084203
0.12816283369300985,0.5719384828182641,0.25898196986512795,0.9036133950889477,0.5157589370166503,0.3086892535328901,0.30032071149886835,0.26419646702025634,0.23456126220272933,0.2357276740294627,0.2449857979486118,0.2785320774383301,0.2481925386638072,0.27054863944406937,0.29516100467304446,0.2632270171059328,0.28233313996979675,0.28748507919303956,0.29158977507131034,0.29095962827069133,0.34444161810488005,0.25142263148434185,0.19626525754798313,0.2415863261039024,0.27417820803583426,0.3853573937634128,0.20228427180571693,0.11110128911339237,0.4397633565968348,0.17077963448434472,0.21361663774426856,0.1978433302840479,0.2369745358918052,0.3623854163633046,0.09075791741171052,0.3237792678939255,0.25367243981225074,0.1716746217601028,0.32940235896770675,0.04425123701071763,0.20876101142250034,0.24565043477076814,0.4181139763674984,0.1550055535243261,0.6436333005968454,0.1714835761474107,0.23057545739145247,0.0012744967977617683,0.017970078930150634,0.17389482323472435,-0.2336122548673933,0.006998406572944318,0.07142361590093557,-0.09936461315979483,0.07886369839839184,-0.22214817772895612,-0.6511164732395818,0.7088407704460865,-0.054833424495918236
0.6392800572457729,0.3377589047069599,0.24762701556288094,0.5157589370166503,1.0295056005173655,0.3363187885683602,0.33838622274374763,0.3243525371039989,0.24692252206143495,0.3478592419917002,0.27122019183134666,0.3543893178542577,0.268650382322205,0.36686989663640085,0.35455943602105316,0.29377054583838313,0.2835961939975728,0.2626843829685016,0.49998125646323865,0.276280944419097,0.29354950040884886,0.2558612713538518,0.1795187663925188,0.3374167798303705,0.2910508630216904,0.2958460021990626,0.22978739712393703,0.20965849853644417,0.36440454244687365,0.18413773817353238,0.3283909737043467,0.34624603368763723,0.35057070966156395,0.3819808096255074,0.17478514483217647,0.34584182655769485,0.3587618823497159,0.19645744436607943,0.3535116108941129,0.09432390607327651,0.1794652980150895,0.2978394578929794,0.12326836286111341,0.3571572544605752,0.2881515575275264,0.23213935208874625,0.23573613769829793,-0.015041146678963922,0.6646868269528793,0.2273834801216014,-0.18310580081029154,-0.13252683938484264,0.11355137659695129,-0.002247031583894752,-0.09950986579237812,-0.15672509517449443,0.08259608925049063,-0.005664499705589724,0.08799947096310431
0.5144332401104136,0.3399579613632929,0.4714497454330804,0.3086892535328901,0.3363187885683602,0.706756822375293,0.2821347481468103,0.3139986393537204,0.2774829544077644,0.2636454436263904,0.2912225867725881,0.25436412129263747,0.23748226685176377,0.3409962792763859,0.3439865011845492,0.2484144824600764,0.3332149047409429,0.25303122857512766,0.38138341427229616,0.4597652166032907,0.35905921345375785,0.2813700939689568,0.22604409422219307,0.3677971498808854,0.30380125641307293,0.3345574673318915,0.27625413790475595,0.2924616407331476,0.44762189055264967,0.28934406544857627,0.31214769894658617,0.3433610483019895,0.34541866296010226,0.3816729186556512,0.18533586974523664,0.30087390015054877,0.5005677048396832,0.27210962046253195,0.4361158480120736,0.04383200578659466,0.13616980069300377,0.28012266240418104,0.33044348601944973,0.5134701011033668,0.6308651764209023,0.20451579680914397,0.3493962509188407,-0.020542344886970817,0.8898464789506464,0.38820621173643194,-0.45468432636436806,0.06058064572822758,-0.08549560824246731,0.025557367735302136,0.03416087829087806,-0.09822264702587985,0.1127909262124584,0.03590932402531869,-0.09215474494630405
0.8688304586160802,0.35557654932799787,0.41022130372658494,0.30032071149886835,0.33838622274374763,0.2821347481468103,0.5972046264512895,0.2507316743602346,0.39130215136164015,0.3014912533220214,0.2705418516553918,0.4530874344915279,0.22833285087854863,0.31651929614567187,0.2774146679516193,0.2790502228065444,0.333022863819289,0.28982385886091516,0.2495510461349274,0.2900232248252971,0.3516060426758101,0.32904943966768624,0.22038900318156326,0.3152051459796824,0.2848879380107437,0.27217607999567256,0.2847147047137479,0.17932653507389631,0.37609924157205665,0.21898161919769937,0.29129769762482166,0.3139696764285515,0.32196810828009337,0.31214845176160155,0.11779736151139332,0.3840913440603611,0.254664270546999,0.1970609112862639,0.30037003458705114,0.07126777535508722,0.21229014880828537,0.2910108991628127,0.23320424248521276,0.2415036939627762,0.6495081282037148,0.20013536620261088,0.23092980891387327,-0.02057497151072444,0.4706423427239361,-0.005292027678704261,-0.037050629427303694,-0.11300258387489295,0.0891415240331441,-0.017763218615716756,0.009126513282268107,0.000651429689729873,0.004968634428223073,0.22203984468376883,-0.35576398845203905
0.6117332013087036,0.36716139657211005,0.3714118961472633,0.26419646702025634,0.3243525371039989,0.3139986393537204,0.2507316743602346,0.9212118901664139,0.17865873293553616,0.346410558372144,0.3552213703683378,0.3342246654776263,0.26014201958907446,0.310941955640715,0.2759795613790595,0.3121132668376573,0.33101846315512684,0.33630513133188805,0.3263423429127055,0.3442898527951738,0.22395576196370331,0.2543517051713741,0.2092927260205591,0.2755504472944172,0.3787231581602794,0.25332013849068075,0.29610929744667497,0.21956373441367616,0.28753249926655927,0.31536557253831743,0.2630440433418026,0.27170117251272363,0.28113417967223714,0.2917429706074258,0.18257864851289315,0.2821950091009593,0.33874320150637804,0.22497388725416262,0.29046701870067465,0.07135082179871712,0.2422714133694029,0.2083034377960817,0.3320326603219327,0.3297393690029083,0.39282946825883036,0.23092112521552652,0.3932069452199308,-0.009488827385418497,0.7271401117959622,-0.027109198852846825,0.022827126192246826,0.09671352203007291,0.0034718276137838205,-0.09823051905342976,-0.06600779634238882,0.01549119108059749,0.027999345129061118,0.4289029240465886,-0.4765878769790458
0.5444110302692745,0.3012269898162994,0.4617678006368239,0.23456126220272933,0.24692252206143495,0.2774829544077644,0.39130215136164015,0.17865873293553616,0.7119878286863852,0.20689430727268343,0.24005402252077315,0.25995238863607706,0.21151044192013704,0.2875294587267549,0.2840819254660746,0.13082098038412618,0.29360075985871265,0.2334539946848137,0.2055158590097291,0.2919887476002147,0.33712451458957016,0.3765058963222907,0.1770557377763177,0.2638533018692549,0.209041700643539,0.3694756845216753,0.24505996125853316,0.1513404469672835,0.3096250819363101,0.1639803468661114,0.26373086485626657,0.26945051793730784,0.27028096234130494,0.2782992889821473,0.10752766620007977,0.3313310807212504,0.23648179874681413,0.18925125797174722,0.3148063358387525,0.053639415027623434,0.22670813984652033,0.27025331504950867,0.22875243720107735,0.19001676563383757,0.7357947657615553,0.27011209629644184,0.20167022684880898,-0.02440929363567676,-0.0814565658423149,0.09372056892535605,-0.06041213702204135,-0.12134948187325371,0.06740837091845664,-0.0638883390294124,0.12856216280308136,0.03779851593536467,-0.012800092273999588,0.11619718834170828,-0.32550360916819104
0.6443962167924171,0.4353371132131566,0.5130450848435907,0.2357276740294627,0.3478592419917002,0.2636454436263904,0.3014912533220214,0.346410558372144,0.20689430727268343,0.942537581498947,0.20898744567927016,0.3099116891948586,0.23483694268279937,0.26524898893286336,0.3259138357832476,0.2891252291627454,0.2906517640638609,0.37096220243267997,0.2649448587214074,0.2473453367170928,0.2903110537137343,0.2375362790892939,0.20476902020993581,0.282883831380296,0.27612407122601335,0.23856529948889818,0.2654325958350885,0.21824711809096312,0.34370574769419104,0.23440150826376477,0.3217254311405305,0.27650616676273937,0.280586438077777,0.4264795294772157,0.23529972341102848,0.38927624949607215,0.3394335644908479,0.17498586262802823,0.26195588532835606,0.06745456782307241,0.23085359796287347,0.24972876233718994,0.16813106222137797,0.298485649798058,0.6039081046961494,0.23184666325733547,0.3160566217967245,-0.02857743606855439,0.716667251597225,-0.010374877263865314,0.1219839328391784,-0.31886299342881774,0.1166717960028863,0.07297232699828236,-0.06195265383850001,-0.038404006478774004,0.07205940015593622,-0.0028135060404833826,-0.05495387038176313
0.4471011456167938,0.3116452369605102,0.35320489312723036,0.2449857979486118,0.27122019183134666,0.2912225867725881,0.2705418516553918,0.3552213703683378,0.24005402252077315,0.20898744567927016,0.4545815531817976,0.29388476633731536,0.28993335142769455,0.2601889476552097,0.37760221813659295,0.24281999476888227,0.31806494715907874,0.24358090481621297,0.21546173960185333,0.30599611758447065,0.2733086746262616,0.24119571552482477,0.1853540218761826,0.24639632339310288,0.28168942997592106,0.278802763497245,0.25433322404959674,0.1922186555657562,0.3230341424220556,0.21688455904287737,0.23730469844937535,0.24487021770637749,0.24065544318307472,0.2513582447311982,0.17239223486995078,0.3104109187150925,0.26717803269944346,0.18788622485339748,0.27318928013205224,0.06883800238859206,0.22988432679549523,0.24276391216112386,0.19883838595986178,0.27077613229986336,0.4478271320078316,0.22065803235734785,0.2515885427086999,-0.021846038173154135,0.2617787132107236,0.12429152007421633,-0.11380932698152676,-0.07975581598869949,0.029820292732438677,0.014667643831714582,-0.054754692871217675,0.008412952162672222,-0.06988836565697289,0.08754297819731019,-0.09032712113467091
0.7496991528864335,0.43702815657096805,0.44862964031778857,0.2785320774383301,0.3543893178542577,0.25436412129263747,0.4530874344915279,0.3342246654776263,0.25995238863607706,0.3099116891948586,0.29388476633731536,0.8716930241576154,0.19857157548761578,0.31606461139272024,0.24367550464343898,0.25488925608328394,0.3279007396572619,0.3828563683530376,0.27548991123011074,0.2388828123224432,0.31790256848249965,0.26095813426155207,0.23969013345863838,0.3126983020267773,0.35148471915219104,0.1993105393655304,0.31426902850413946,0.19463478554264865,0.3832125497850065,0.2365476885473905,0.29278148144033117,0.3308445079514052,0.30994060511336446,0.31736530512431804,0.16184610930935284,0.45182955387125395,0.1360015709730813,0.17158625782824974,0.20821434859533444,0.11018240567501507,0.21835464476651478,0.23211091789306393,0.20243169423702848,0.1891907227138483,0.64358085467357,0.20048989443611928,0.31235458428368124,-0.02067368685378526,1.0537304417169298,-0.2501854826634187,0.22764700263685134,-0.1955438378719739,0.10835557695597905,0.04053219315917691,-0.18981894308472522,0.011057694083085181,-0.013925960777851682,0.3891898700941228,-0.4220949825250704
0.40841152275532944,0.298077601933747,0.31846181810935886,0.2481925386638072,0.268650382322205,0.23748226685176377,0.22833285087854863,0.26014201958907446,0.21151044192013704,0.23483694268279937,0.28993335142769455,0.19857157548761578,0.3956706436722285,0.2516720450222743,0.20203138332231613,0.237465786737051,0.24195739576407269,0.19643990932552316,0.2217795452520023,0.23002594766950324,0.22826110830836674,0.2399467538253825,0.12074382069789201,0.21553816886182178,0.20047285373092733,0.26157292399154897,0.22248033591852454,0.1659704500762812,0.265118657536767,0.1375663337148161,0.2060034404897241,0.23753667330978398,0.2153009434565117,0.2335432298614137,0.14785272234678756,0.27790073203948185,0.19945471132579623,0.14914719658716918,0.23198478856236882,0.06429159154675064,0.18331350934402782,0.20237536812911247,0.12721622582911013,0.18311152660677898,0.3591461830686413,0.1851663232387408,0.18495507944040263,-0.015341374902292558,0.25652574579520476,0.09293850756143204,-0.039566681486420625,-0.0745248479369398,0.019576291679888714,-0.021220456582318567,-0.04105591179793321,-0.03749884560322185,-0.08813372295668706,-0.12344423314101015,0.19766947797631418
0.9094251354604206,0.2593844238345291,0.3259936790178132,0.27054863944406937,0.36686989663640085,0.3409962792763859,0.31651929614567187,0.310941955640715,0.2875294587267549,0.26524898893286336,0.2601889476552097,0.31606461139272024,0.2516720450222743,0.640712872405497,0.381996279571825,0.2882484715340067,0.27695893346017547,0.2260197973035019,0.2717892170363419,0.38613477891387665,0.3127684775360194,0.270220560051119,0.21272047472810698,0.4025378969299809,0.3201260176855782,0.364610714618593,0.3140306473984798,0.237300629274838,0.345140438319059,0.37568109418126167,0.3265083202212593,0.4799710658292228,0.37082003971955374,0.3053635862174326,0.2278470443565047,0.36005523039167314,0.2753419280726091,0.26107263461912117,0.3273453489240972,0.10909570273197955,0.28646548870565613,0.31575948712727314,0.22477378458341082,0.40059107272899286,0.5413023556303851,0.2548034683834571,0.3550475550955489,-0.03116295189510346,1.067041550285926,0.05905126445806878,-0.09918050305789507,-0.19275424006869743,0.16262513387227368,0.04774142339015482,-0.04202375608571451,-0.1361791030001596,0.20919701756388498,-0.07459426163385655,0.07651624879211073
0.5101617269021052,0.40147902838988125,0.5250289454879619,0.29516100467304446,0.35455943602105316,0.3439865011845492,0.2774146679516193,0.2759795613790595,0.2840819254660746,0.3259138357832476,0.37760221813659295,0.24367550464343898,0.20203138332231613,0.381996279571825,1.071989156819468,0.30101208843175725,0.34191105901327834,0.2686405510121123,0.26229841413519756,0.37540223486238966,0.35803276697321323,0.23241503270911623,0.3247874794775284,0.35267830516509757,0.4193671745585754,0.3146199633208142,0.3046344227391476,0.2690416307718054,0.410495713069998,0.4383020613878348,0.33360008639700073,0.315049202435128,0.3423130128068863,0.3718673799958265,0.21772549238107697,0.38676122277769714,0.47386691765778843,0.2455444095719356,0.4494878535940852,-0.004801526573037401,0.3726097916042299,0.3434350869080992,0.2793933278548891,0.5242958964042977,0.4755116757926569,0.3899706698142574,0.37608446898634434,-0.035196600325268904,0.5258050430964946,0.3954683116830826,-0.30566009534721705,0.02304283203498121,-0.04275691153809332,-0.06914374344162201,0.046189197543807355,0.021156213531933917,-0.028972375706278617,-0.011838472768313046,-0.023795617784303492
0.4809195354220313,0.3328992960948664,0.42140264259088506,0.2632270171059328,0.29377054583838313,0.2484144824600764,0.2790502228065444,0.3121132668376573,0.13082098038412618,0.2891252291627454,0.24281999476888227,0.25488925608328394,0.237465786737051,0.2882484715340067,0.30101208843175725,1.401635371524202,0.34378049667691785,0.3251412547020835,0.2954584710587026,0.14660636190645074,0.20847114488954438,0.6228621879676015,0.5256124535258969,0.3543490782118227,0.5261516856452286,0.11449284979747712,0.3571519411608708,0.2168751894357528,0.32423531948437123,0.351333747656531,0.23958752920794005,0.3512590235418305,0.33569089513679823,0.4460193649602423,0.2704944016902513,0.26201823460216317,0.2348318887060027,0.1643860524079828,0.3333312288434868,0.03311809184780334,0.29115917657277796,0.40079619971070257,0.3594899083639655,0.7405888307719406,0.01951473863993554,0.1899742077304087,0.34817023733166225,-0.016958041912807257,0.6378320607109991,-0.5625725929407263,0.13833745167737715,-0.12082554606804323,0.20227946396124527,-0.024426640385409346,-0.1449626448186827,-0.003636335025437248,-0.14938730048053794,0.15872706272245657,0.10151305697104131
0.5088303200220166,0.42040319055018105,0.48462642441555787,0.28233313996979675,0.2835961939975728,0.3332149047409429,0.333022863819289,0.33101846315512684,0.29360075985871265,0.2906517640638609,0.31806494715907874,0.3279007396572619,0.24195739576407269,0.27695893346017547,0.34191105901327834,0.34378049667691785,0.6321499644152718,0.2733500293240778,0.2762820941130937,0.36735415906256014,0.35901122024429943,0.34022370975991495,0.2093970019378226,0.30410247752217856,0.29795184243342615,0.26440526560073196,0.27896925245044957,0.30620256497308573,0.3583408638096673,0.25446918687592424,0.31264331290871383,0.28404843333140783,0.32724134659280335,0.31986179689294597,0.2580502790973101,0.3845853632632135,0.4130905698111904,0.2328947558254536,0.3363344204171497,0.10851623456970687,0.25522869191785363,0.3346103418916624,0.2622159774065509,0.37182550874044273,0.7191899019282252,0.24640260327424465,0.29663731692124995,-0.02237355354574847,0.48057746489556974,0.18273712456403574,0.010170319069202693,-0.08273548804632157,-0.04768740887356518,-0.016650663905604986,-0.14668146789548908,-0.06415782144848248,-0.07895617165164957,0.1995054879542686,-0.15229898037909867
0.4559816250615123,0.6583168984555098,0.4730577217795329,0.28748507919303956,0.2626843829685016,0.25303122857512766,0.28982385886091516,0.33630513133188805,0.2334539946848137,0.37096220243267997,0.24358090481621297,0.3828563683530376,0.19643990932552316,0.2260197973035019,0.2686405510121123,0.3251412547020835,0.2733500293240778,1.1157194909600272,0.25569354717521986,0.023917406965728763,0.4060762428390374,0.27627924361150186,0.49553277421169334,0.20856801576993092,0.32633578897537174,0.4743803231730812,0.17022152978414073,0.12318826429243974,0.4135961362016775,0.1021217057697366,0.42153798297717593,0.24307510566461313,0.23664513179613836,0.3802430256244806,0.052936096514371145,0.5978394212466461,0.07359322493287046,0.07918306962794058,0.4082631500291963,0.2035834352761123,0.42106127781853414,0.17198306155667478,0.3901805768181796,0.17672024176639328,1.248419984737948,0.3039459763628042,0.5656464839391412,-0.02588241057628166,0.46689807006910716,0.0255270747906111,0.5514422129130093,-0.5066614870430098,-0.034839510308047356,-0.03506840057349408,-0.03370448076729258,-0.0014639637058418292,-0.18690912194410172,0.46778068653350763,-0.3991921012659572
0.48491589263746276,0.3473953584475904,0.4143410550666862,0.29158977507131034,0.49998125646323865,0.38138341427229616,0.2495510461349274,0.3263423429127055,0.2055158590097291,0.2649448587214074,0.21546173960185333,0.27548991123011074,0.2217795452520023,0.2717892170363419,0.26229841413519756,0.2954584710587026,0.2762820941130937,0.25569354717521986,0.760358599425428,0.18149717653052247,0.2599974170829271,0.25230982321203405,0.09228527503251005,0.2931466330510499,0.23003028702438222,0.1673286042358366,0.2097221320539806,0.3148493180221407,0.21576932626214682,0.1894138719413391,0.31601095849951527,0.3035049455453527,0.33554647109411134,0.2962071514869342,0.18266292689642108,0.23957180637847503,0.1823617173217167,0.1546645809197986,0.24919613408200536,0.05856216748603471,0.12149580050814435,0.25332724136478824,0.13666427861688218,0.28731015905963814,0.36272796532347107,0.21857787690211644,0.2260235733552236,0.0061894360136028,0.5878281782869597,-0.20267051906701133,0.39419608221737534,0.250216188000512,-0.17204857614389701,-0.09239491204986879,-0.002455327074961773,-0.07832145039685161,0.11156045511123466,-0.028473628915562047,0.009129825203210132
0.5191431057639473,0.4219514756488145,0.36365845549969633,0.29095962827069133,0.276280944419097,0.4597652166032907,0.2900232248252971,0.3442898527951738,0.2919887476002147,0.2473453367170928,0.30599611758447065,0.2388828123224432,0.23002594766950324,0.38613477891387665,0.37540223486238966,0.14660636190645074,0.36735415906256014,0.023917406965728763,0.18149717653052247,1.341261330120952,0.277785718927869,0.21324876709260715,0.06009687059070538,0.3866310913411869,0.33190687029775345,0.4086631424544431,0.41762547152922186,0.3316971160698391,0.4357594031478407,0.5026338276097126,0.30967050490271397,0.32648668422331634,0.33215032332710803,0.36946419581979995,0.44094481250884343,0.324675223633412,0.904732372013336,0.6232012349261311,0.38075042655702346,0.22735478881081855,0.1324149392777924,0.40266549438214655,0.5799492620521436,0.3185592599922711,1.0076806473018407,0.19796121139784056,0.24894986146893922,-0.0037238041231405466,1.0517410813812833,0.12126493642350512,-0.564258585486015,0.03899886354300421,0.186701533512415,0.023405181326709646,0.055683337013715084,-0.13063132371715666,0.08121849553640573,0.0676652487889105,-0.09350935575797012
0.5501884105164158,0.5919779483914199,0.4932861391199438,0.34444161810488005,0.29354950040884886,0.35905921345375785,0.3516060426758101,0.22395576196370331,0.33712451458957016,0.2903110537137343,0.2733086746262616,0.31790256848249965,0.22826110830836674,0.3127684775360194,0.35803276697321323,0.20847114488954438,0.35901122024429943,0.4060762428390374,0.2599974170829271,0.277785718927869,0.7469782767070603,0.26255570414487683,0.25247425384859756,0.2743751621504089,0.2704427157406615,0.38307301146408546,0.23475605021037568,0.2542876005507112,0.4688031488673421,0.29704354600212346,0.38461415641815405,0.2948601428187848,0.2693825847623968,0.3444588787228626,0.305686001975508,0.49969091490544953,0.23438545741502903,0.19601444662727027,0.5574308100986117,0.24447811562241392,0.4639584667476668,0.3052168866780515,0.33391660899257236,0.31431827865022055,1.4559428003408639,0.2998842795076197,0.38768802468623875,-0.03617771020288521,0.5434415957465787,0.20405620050477122,-0.05714926686497849,-0.19661745221595345,0.051797483312550366,-0.010754991561746526,-0.05822183152313866,-0.07612625614600724,-0.2192984116078707,0.26518897122121693,-0.09894113541218688
0.4878718494459132,0.3052542221055095,0.41297996607466503,0.25142263148434185,0.2558612713538518,0.2813700939689568,0.32904943966768624,0.2543517051713741,0.3765058963222907,0.2375362790892939,0.24119571552482477,0.26095813426155207,0.2399467538253825,0.270220560051119,0.23241503270911623,0.6228621879676015,0.34022370975991495,0.27627924361150186,0.25230982321203405,0.21324876709260715,0.26255570414487683,0.7204947682575032,0.3523654906217565,0.27870076880463474,0.3386585078777084,0.23834215248308016,0.27104527655160476,0.16730881453838656,0.3352393246544775,0.206803277278113,0.2249357110820362,0.30163233001203366,0.258810148118561,0.3645618242380835,0.18863999794056827,0.2946041305738848,0.1982116014135742,0.16806707709997817,0.3174873025893756,0.050517696283855176,0.2331292089238663,0.30796382129453437,0.30294350331426484,0.41939093315337356,0.35718129979208385,0.2014299261991421,0.2505004078510332,-0.012320880337342233,0.26016906703647147,-0.2301662616776749,0.06151807251365982,-0.1439854171998994,0.10616992946752345,-0.04668442595957796,-0.040998050165255165,0.020216504539584707,-0.12194560732959635,0.16598715320388763,-0.12403056466471696
0.32834099417895185,0.3178431000743293,0.3588457461003609,0.19626525754798313,0.1795187663925188,0.22604409422219307,0.22038900318156326,0.2092927260205591,0.1770557377763177,0.20476902020993581,0.1853540218761826,0.23969013345863838,0.12074382069789201,0.21272047472810698,0.3247874794775284,0.5256124535258969,0.2093970019378226,0.49553277421169334,0.09228527503251005,0.06009687059070538,0.25247425384859756,0.3523654906217565,1.4499604301239708,0.3820030852850428,0.5726247157164054,-0.0007000282183189754,0.1685192692345727,-0.0726781709328608,0.5059692386804631,0.5129664278899108,0.14088786496285116,0.19813296886144366,0.3071643491087177,0.5143261582006923,-0.11353914407989923,0.6712719936407955,0.28444747972897927,0.09129641608119227,0.5342563799041545,-0.024229964990693097,0.4541267802115616,0.12622053169207587,0.3598638491849303,1.167982278775875,-0.032171373426936364,0.3098919266119686,0.4738758165929059,-0.010768774313351957,0.6625921453183639,-0.05917395210425632,-0.128411139173553,-0.18599654821383982,0.2844593097715478,-0.05614555909771896,-0.357324291655643,-0.03361700932130312,-0.08489300223329467,0.31347780536472053,-0.07784282591283283
0.6667117761762476,0.2966490533376291,0.4026636637897768,0.2415863261039024,0.3374167798303705,0.3677971498808854,0.3152051459796824,0.2755504472944172,0.2638533018692549,0.282883831380296,0.24639632339310288,0.3126983020267773,0.21553816886182178,0.4025378969299809,0.35267830516509757,0.3543490782118227,0.30410247752217856,0.20856801576993092,0.2931466330510499,0.3866310913411869,0.2743751621504089,0.27870076880463474,0.3820030852850428,0.8950635892058426,0.3671039224058186,0.07850572553140957,0.3035711613429853,0.49070693320427905,0.37176081634758407,0.767398450417557,0.38026851044407234,0.42002368993125244,0.8617887542468271,0.43810300177909317,0.3623948859722648,0.4546645516101469,0.6056952935147917,0.28713086031011675,0.25332868998517977,-0.046674349512851085,0.13843576038962602,0.3348551298460522,0.2570638176949438,0.8922812598620271,0.11557343813786458,0.3085027007193363,0.516677178203767,-0.05395399610556333,1.471533576182087,-0.1765650496676723,-0.14076297637491608,-0.0662711419166477,0.24765144315098245,0.021820144518406213,-0.15482200636640703,-0.16701578467915043,0.2667839239780945,-0.07628027412655522,0.1012818392118417
0.536506537121258,0.4308352035544236,0.41246762577013435,0.27417820803583426,0.2910508630216904,0.30380125641307293,0.2848879380107437,0.3787231581602794,0.209041700643539,0.27612407122601335,0.28168942997592106,0.35148471915219104,0.20047285373092733,0.3201260176855782,0.4193671745585754,0.5261516856452286,0.29795184243342615,0.32633578897537174,0.23003028702438222,0.33190687029775345,0.2704427157406615,0.3386585078777084,0.5726247157164054,0.3671039224058186,1.18434921177353,0.12797504585107577,0.27887743638094337,0.16567360235781428,0.5654896415208136,0.5100506006692831,0.24399256137516884,0.2775588706941491,0.3346353372176783,0.47442904849576495,0.2774348610763548,0.40545480828028463,0.38730425432643406,0.23348088031442912,0.3365926417686593,0.02699010492439276,0.3119437714616364,0.2691994491712289,0.42015247907306863,0.6442817588201369,0.23247851048482562,0.33907360344057486,0.42995560069508015,-0.0421888816985769,0.8202067676111057,-0.5115854260978953,-0.2949110830152077,0.11713919482156814,0.354485661375312,-0.01059392418025192,-0.09464012889407508,-0.028971314680442856,-0.07806639059822912,0.27677567450320417,-0.15200324254664416
0.38194942305501967,0.44728080782636037,0.37454612626353073,0.3853573937634128,0.2958460021990626,0.3345574673318915,0.27217607999567256,0.25332013849068075,0.3694756845216753,0.23856529948889818,0.278802763497245,0.1993105393655304,0.26157292399154897,0.364610714618593,0.3146199633208142,0.11449284979747712,0.26440526560073196,0.4743803231730812,0.1673286042358366,0.4086631424544431,0.38307301146408546,0.23834215248308016,-0.0007000282183189754,0.07850572553140957,0.12797504585107577,2.2708168696646434,0.32489272167375904,0.06762413961486399,0.1246081776495227,-0.5531309113888755,0.2690218812802295,0.40837549580014365,0.03808905943541235,0.16110551264944034,-0.01144122420686415,0.30038332929333905,-0.5402272929640797,0.15626719208233383,0.4601868041367553,0.2791599941288507,0.5917977833328846,0.4368265392170472,0.29231861764901074,-0.3105083528688658,1.7348257999642689,0.09118347119137384,-0.030332832672250645,-0.006239572867310813,-0.3641922166610081,0.66146646665976,-0.15785470115015654,-0.3656122949980481,-0.2867722883103455,0.02424396683651786,0.15256018076992894,-0.052169118598139476,-0.35883091734735145,0.4430736154492545,-0.20960449751142582
0.5484032655595495,0.3975663953020587,0.43693887939780046,0.20228427180571693,0.22978739712393703,0.27625413790475595,0.2847147047137479,0.29610929744667497,0.24505996125853316,0.2654325958350885,0.25433322404959674,0.31426902850413946,0.22248033591852454,0.3140306473984798,0.3046344227391476,0.3571519411608708,0.27896925245044957,0.17022152978414073,0.2097221320539806,0.41762547152922186,0.23475605021037568,0.27104527655160476,0.1685192692345727,0.3035711613429853,0.27887743638094337,0.32489272167375904,0.9050845501599882,0.22592781145271587,0.2507079922374915,0.21684104761797557,0.262173146115095,0.3330122705937605,0.33854826948516825,0.2605332210413198,0.18655075325201032,0.38080355903844293,0.30827314529678723,0.252066652215986,0.21538789055043137,0.07039871341882425,0.2911506272010178,0.31645291352488886,0.23522747711655229,0.20878769807058314,0.6251652970606817,0.22728914237142078,0.20419835705260614,-0.019698874257051444,0.5005937999770859,-0.07659374980147295,-0.10230705233643997,-0.001515737930874684,0.08351199488284297,0.005973970909084294,0.0543762179755454,-0.04731863667842164,0.09818926377194902,0.04514597528925446,-0.10791101450735617
0.40597059631099136,0.2073364377822637,0.33577669955126005,0.11110128911339237,0.20965849853644417,0.2924616407331476,0.17932653507389631,0.21956373441367616,0.1513404469672835,0.21824711809096312,0.1922186555657562,0.19463478554264865,0.1659704500762812,0.237300629274838,0.2690416307718054,0.2168751894357528,0.30620256497308573,0.12318826429243974,0.3148493180221407,0.3316971160698391,0.2542876005507112,0.16730881453838656,-0.0726781709328608,0.49070693320427905,0.16567360235781428,0.06762413961486399,0.22592781145271587,1.2384453660139343,-0.04220093601765141,0.5274878044986363,0.45052876582248524,0.2977134157776682,0.832759571764,0.17338621357546713,0.9864762490667415,0.2809377957105932,0.7077330620179918,0.24301935344324735,0.20554067720638491,0.04631517748754084,0.13950633481085425,0.25732948285510715,0.14035283005733903,1.0533367269086022,0.12351552288626468,0.1570333466538187,0.3129409826472619,-0.03607116962992387,1.4098951211936104,0.12617863336166887,-0.055215219869842395,0.4442201542806315,-0.5506074707137092,0.06273508630114517,0.06843183514867657,-0.10922792036001322,0.3447023929227385,-0.45276414829175216,0.30114217924691367
0.5641264896860821,0.7362017283050406,0.49952228093065726,0.4397633565968348,0.36440454244687365,0.44762189055264967,0.37609924157205665,0.28753249926655927,0.3096250819363101,0.34370574769419104,0.3230341424220556,0.3832125497850065,0.265118657536767,0.345140438319059,0.410495713069998,0.32423531948437123,0.3583408638096673,0.4135961362016775,0.21576932626214682,0.4357594031478407,0.4688031488673421,0.3352393246544775,0.5059692386804631,0.37176081634758407,0.5654896415208136,0.1246081776495227,0.2507079922374915,-0.04220093601765141,2.7191418893279447,0.27910571182935223,0.2176261253481843,0.3424752563928531,0.029533722718185877,0.8901615908259057,0.021970303443582667,1.0443654777984186,0.20947680271270408,0.1412597944698831,0.5849609427506663,0.2331343144966634,0.667443570169083,0.11888069559854517,0.38776487060959236,-0.3220474503250152,0.7744160484925549,0.443864937055165,0.32205870814200266,-0.09010166257760382,0.40840996852280115,0.46765629557413013,-0.8990516855461984,0.10648395378382781,0.03641445992649083,0.04146392524406279,-0.04820188952823086,-0.15397781714296488,-0.26664769951965067,0.5070792523955528,-0.3515502429860351
0.6168749534074753,0.17972288422808708,0.057687374180748804,0.17077963448434472,0.18413773817353238,0.28934406544857627,0.21898161919769937,0.31536557253831743,0.1639803468661114,0.23440150826376477,0.21688455904287737,0.2365476885473905,0.1375663337148161,0.37568109418126167,0.4383020613878348,0.351333747656531,0.25446918687592424,0.1021217057697366,0.1894138719413391,0.5026338276097126,0.29704354600212346,0.206803277278113,0.5129664278899108,0.767398450417557,0.5100506006692831,-0.5531309113888755,0.21684104761797557,0.5274878044986363,0.27910571182935223,2.91049643084281,0.30620368658158326,0.2623882096064317,0.5398001889971723,0.1928647003754008,0.9017196349469477,0.3633236850718235,0.9982462088551101,0.42255700682040015,0.4992896918423998,-0.05173725976906624,0.7921166320181499,0.3095443002170958,0.9397805780986008,1.3942159080259227,0.2805806112698549,0.5082524073859165,1.4581289794724903,-0.0692358810727636,2.4982139220399637,-0.3996844726656876,-0.12802790888551321,-0.29492898745467966,0.5982024926992094,0.054986229760401614,0.023948349705698275,-0.22170489189660367,0.24268220801341034,0.13854487897575,0.005293461033802843
0.6068310267153119,0.37413358681127135,0.4454882660689442,0.21361663774426856,0.3283909737043467,0.31214769894658617,0.29129769762482166,0.2630440433418026,0.26373086485626657,0.3217254311405305,0.23730469844937535,0.29278148144033117,0.2060034404897241,0.3265083202212593,0.33360008639700073,0.23958752920794005,0.31264331290871383,0.42153798297717593,0.31601095849951527,0.30967050490271397,0.38461415641815405,0.2249357110820362,0.14088786496285116,0.38026851044407234,0.24399256137516884,0.2690218812802295,0.262173146115095,0.45052876582248524,0.2176261253481843,0.30620368658158326,1.1001970230290967,0.3570026684527027,0.4970146931840385,0.4031891333292464,0.42495648131954106,0.6101926468932631,0.34861287652073175,0.30744990801596445,0.4311980942535727,0.15344047632601568,0.16730516290212935,0.32454449112158823,0.1364972573024525,0.36867265190698667,0.9006122899586535,0.2997971383832736,0.38658612612436133,-0.031780480435905756,1.0385572171375053,0.05904568611830856,0.17889631531440411,-0.18318433475325835,-0.004885969457393403,0.0008891302827521026,0.128073460148751,-0.0583962210679419,0.21164174947204634,-0.2126291135085432,-0.01616972916760033
0.7700149075593248,0.22755766397741925,0.37319594344536416,0.1978433302840479,0.34624603368763723,0.3433610483019895,0.3139696764285515,0.27170117251272363,0.26945051793730784,0.27650616676273937,0.24487021770637749,0.3308445079514052,0.23753667330978398,0.4799710658292228,0.315049202435128,0.3512590235418305,0.28404843333140783,0.24307510566461313,0.3035049455453527,0.32648668422331634,0.2948601428187848,0.30163233001203366,0.19813296886144366,0.42002368993125244,0.2775588706941491,0.40837549580014365,0.3330122705937605,0.2977134157776682,0.3424752563928531,0.2623882096064317,0.3570026684527027,0.6448206462122793,0.3317095459996898,0.3579586275271302,0.20558175145151356,0.38396443109074424,0.17674781551107382,0.24489261042761054,0.32429622520568224,0.1084120886014431,0.2789023431607728,0.3322862776413963,0.13096028902208154,0.33158695878172756,0.554688067053686,0.2132887720971289,0.2847193635702424,-0.0273610328833406,0.9678824740003803,0.08830774337339567,-0.011791056513447482,-0.019329689162324918,-0.12306598710162156,0.05916911289120637,0.037125591934289104,-0.16846615899197212,0.4464571570522361,-0.31306228791315704,0.06242274985419706
0.7119362396204442,0.4066809405605604,0.5244919794396534,0.2369745358918052,0.35057070966156395,0.34541866296010226,0.32196810828009337,0.28113417967223714,0.27028096234130494,0.280586438077777,0.24065544318307472,0.30994060511336446,0.2153009434565117,0.37082003971955374,0.3423130128068863,0.33569089513679823,0.32724134659280335,0.23664513179613836,0.33554647109411134,0.33215032332710803,0.2693825847623968,0.258810148118561,0.3071643491087177,0.8617887542468271,0.3346353372176783,0.03808905943541235,0.33854826948516825,0.832759571764,0.029533722718185877,0.5398001889971723,0.4970146931840385,0.3317095459996898,2.0892231587072834,0.11218714769431856,-0.02852092534403777,0.2420088268856335,0.8384866461379128,0.2797140464491733,0.025986200673924008,-0.2899294753211925,-0.41511255177898804,0.46914158467693245,0.09466009123054618,1.4316319767806887,-0.3951360479794787,0.3570385510558127,0.4751910723031945,-0.09026163693132433,1.825568854995858,-0.2856253175594519,-0.020015924343852572,-0.11217107946919413,0.3168833356926223,-0.054846863350241234,-0.175121579375065,-0.170202944379101,0.232868661673265,-0.1390391292826752,0.33742748471399453
0.28864316497854464,0.48572082364841057,0.541612633607812,0.3623854163633046,0.3819808096255074,0.3816729186556512,0.31214845176160155,0.2917429706074258,0.2782992889821473,0.4264795294772157,0.2513582447311982,0.31736530512431804,0.2335432298614137,0.3053635862174326,0.3718673799958265,0.4460193649602423,0.31986179689294597,0.3802430256244806,0.2962071514869342,0.36946419581979995,0.3444588787228626,0.3645618242380835,0.5143261582006923,0.43810300177909317,0.47442904849576495,0.16110551264944034,0.2605332210413198,0.17338621357546713,0.8901615908259057,0.1928647003754008,0.4031891333292464,0.3579586275271302,0.11218714769431856,1.7825798805085502,0.4840681315737891,0.6032881432987484,0.6436713270220457,0.19152827591750274,0.6764759774953515,0.022506391553166433,0.2531305703560161,0.26191274842236056,0.5253864103319104,0.508467212250217,0.6879870694102577,0.012902314226016372,0.2935348188488107,0.012731367825146545,0.6496480493836695,-0.19179398096767605,-0.19734691593621,-0.06290313165662136,0.258107737016346,-0.02600914385982167,-0.059886353860439515,-0.062202875258496416,-0.05749215413773285,0.10040450574734054,-0.09658626967284394
