2.0655306251344,0.4914683648222551,0.3212095130024867,0.16243004309453613,0.313539180850239,0.3082253906201887,0.30497482490383654,0.4500125908084519,0.31450615594808434,0.320595961767321,0.07072844099187996,0.25474612774600863,0.3017351331226417,0.30276273104326334,0.370241285642444,0.3928527671638143,0.2884779912669994,0.3181483375281381,0.29824605350485633,0.3002063692588623,0.16261901447005614,0.40526518667425493,0.17673880477044462,0.32878172015628193,0.4508191841523233,0.22839839005452847,0.2502290115195954,0.2835062000678374,0.23664648369126645,0.2027801215436021,0.2587759866306001,0.24899111881125732,0.2693702705029891,0.2528642361902227,0.33099994071606653,0.2576930983145776,0.2606077526470717,0.2213760886143096,0.33589655190189804,0.3224522155376693,0.2672796323872572,0.1902940244566306,0.37833418322478857,0.14330930662925687,0.2911791614463995,0.2886777798239475,0.07246806156818913,0.14041623789958335,0.30215499309291355,-0.007733907789901429,0.3062918930095701,-0.02818019324334801,0.05088999542893731,-0.1453509448447182,0.29439551622459653,0.10694446827192075,-0.19982086445999753,0.0705994751036804,0.1960671667641677
0.4914683648222551,0.9047909847343857,0.330056739739747,0.15839085199168532,0.2541598778651657,0.41922802598723735,0.3116837970025597,0.32003243904943607,0.391628194234998,0.44223033332124445,0.30211770416935413,0.35499231519378655,0.3435236601765221,0.3326858527729907,0.34454632821339864,0.3639315323464777,0.32782914082161474,0.3895904874797675,0.34077895724773366,0.338961102613011,0.2573329096866456,0.320373754191591,0.30160292823272183,0.41925405604391586,0.32824943015079483,0.2934609564584343,0.2580817190870816,0.38414541138655556,0.29653558701587,0.3417390557075257,0.24011927385405282,0.30013720220223183,0.31421005668295193,0.35340834991463693,0.37504638360794057,0.3230683255870823,0.3020455994216704,0.23985476432049754,0.40924384030162164,0.3874431687978943,0.310552361664983,0.20577748165845755,0.4431761518793145,0.1645392462799887,0.3383408901824187,0.331894345592615,0.08067294695295563,0.19306489121682582,0.33938256721383936,0.02344018858777034,0.039718222169049855,0.022360115034383194,-0.04055240736802131,-0.03854875538723173,0.012358455633289835,0.03322828622307113,-0.05243475879888942,0.0001610508582127851,0.01512013147879398
0.3212095130024867,0.330056739739747,1.567154777837618,0.4194528033021786,0.10669773242801647,0.37950426640444695,0.20884687176057962,0.23725360725915648,0.3150228365789555,0.3147758635004263,0.3433692127682907,0.28788473572294065,0.2895062360108159,0.24318690978110566,0.2646117176847237,0.2778517838459118,0.2816600145973687,0.2802669692404889,0.3011886772382255,0.27244519228396236,0.23783353647757857,0.33687072424193604,0.27597174665203006,0.3032790028042289,0.3417661690827634,0.18422806726600496,0.2717150968276842,0.25542410692892464,0.2803595637503523,0.4522187004703394,0.2688584511126042,0.3102544656732487,0.321600151442707,0.3443417255412738,0.3672331352556084,0.29538788111775693,0.29048008171035666,0.20241250666818203,0.39433272728473134,0.4140983426179025,0.29876355854724035,0.20420381583076042,0.4435411368921408,0.15072701955395745,0.3292417125321573,0.26293801749586165,0.06449446999542448,0.14548042073329323,0.3502061121410782,0.06346134597478688,0.12336662995667824,0.1050759408324002,-0.003916509266683036,-0.047175733698882324,0.5590826480407624,0.10702374612322224,-0.24364266017483,-0.125205115913458,0.17971800057198495
0.16243004309453613,0.15839085199168532,0.4194528033021786,2.3190116389997946,0.33657456008676523,0.49102858895129176,0.34284965108330384,0.21056688280932184,0.274255949186433,0.29703119600750244,0.3711378907609244,0.2839040378087153,0.3490129220999122,0.26851729381162603,0.2555591070981246,0.2896431374208027,0.2723888679267231,0.21653004827121708,0.3311905354886279,0.2839916507123939,0.25034098729125454,0.32707454916828615,0.31209784272608593,0.3281596104102682,0.41116778502247775,0.1990398596500631,0.28850827439089166,0.21449331374391187,0.30237759036283535,0.32865208613305125,0.23086114757145107,0.2849510478201192,0.329218306542948,0.2978633885675566,0.3280980941702513,0.31736590844488044,0.25130765372408864,0.26399517138752726,0.41483095092715305,0.2795546469473589,0.2519002131478609,0.22815707940017585,0.25244585430141986,0.31833166064646345,0.3837500863575245,0.35015318453690863,0.11282514303591105,0.016632374575349315,0.3696313303062342,-0.023007015895822644,0.20507445169209587,0.15509726007565053,0.127690567378283,0.009064764326352611,-0.2858555270047693,0.12369737854795783,-0.21356847124955536,0.16982541863728864,0.11283333295107835
0.313539180850239,0.2541598778651657,0.10669773242801647,0.33657456008676523,1.3418272729058172,0.3291078927421368,0.4740963655293534,0.45067604115855486,0.3083024711516055,0.40151815640949423,0.30644038176360194,0.3193118867778378,0.3454199706370299,0.34596744890850245,0.3171214606826838,0.3214122211531236,0.33661109932745875,0.30518206304124523,0.31062907081957397,0.23805214267165722,0.3156636835598909,0.3403968806619473,0.24766964912317865,0.2865089591336584,0.30244311904617704,0.2574919976537104,0.2747568198951824,0.2403922808672053,0.32164124548989215,0.3301355609062906,0.1733351156773616,0.261398821622439,0.2545040600429392,0.2604647438569631,0.2930671057873829,0.2708897984026561,0.24451629459715973,0.19697742671331656,0.3173982200323073,0.29123194901228555,0.26539892483242433,0.1738879295098498,0.36555023461014186,0.11821567988693708,0.2846251734534871,0.2443570148550899,0.08436432204332749,0.17685061035217534,0.29140860513204836,-0.09345834085580941,0.050224917517877984,0.010134256173030327,0.15979697912275334,0.0853795172068931,0.23700118842910176,-0.005310763479223744,-0.022575354321242247,0.07421246269225992,0.10115277375709837
0.3082253906201887,0.41922802598723735,0.37950426640444695,0.49102858895129176,0.3291078927421368,1.2972454133579754,0.3369884316963173,0.43230836147477913,0.4360527035391854,0.505414122049957,0.5361543021098931,0.3532700695929024,0.4602040991715843,0.41051363292729953,0.35737717838534133,0.4344478811480359,0.3727349569724018,0.39365439962749904,0.40577418684951716,0.3533336122991531,0.27117015647250303,0.38343492853161487,0.34363503547073376,0.4129376692393847,0.33866671289947026,0.3122756208442214,0.28253523257314844,0.3230178543379824,0.38153396038677534,0.4696719978308121,0.2976850553513862,0.3408129942994003,0.3645633732110261,0.3605736260490727,0.43327139462944864,0.3560076906833006,0.30303063019111426,0.2597904920642419,0.46018990606595334,0.39065172992442365,0.32939485418617553,0.21536962011423566,0.4101095926398469,0.18562376997108687,0.3858569898199647,0.3196490369988224,0.10496406049807204,0.1469904662799358,0.40858465231151975,-0.04767271746999798,0.19146838338038435,0.09266334503294743,0.04434734250779844,0.019242175015662867,-0.010412528982943347,-0.029543957037960873,-0.10923454361326387,0.1081351470705985,0.16720054480400884
0.30497482490383654,0.3116837970025597,0.20884687176057962,0.34284965108330384,0.4740963655293534,0.3369884316963173,0.7887036780062792,0.4658768502298063,0.35195615776755396,0.37745900036212493,0.39656711504503,0.35511569932045206,0.3170541728928161,0.42492638421599854,0.30316176629933955,0.303992920376467,0.3764675000339799,0.40228396163268926,0.3344898007551919,0.32334237705261965,0.3195294015593981,0.33873239596512683,0.2420619238222625,0.3549202059146564,0.26451868213105334,0.33539086863206724,0.34147110729133834,0.2758060372271754,0.36243119004059215,0.36221361416700315,0.29009062218321136,0.28292257741497007,0.31388458815788145,0.346486403821983,0.35411103786222287,0.32137491063663587,0.28182063253475803,0.22529378997068591,0.3550327015851795,0.36060330542565155,0.2926843078384814,0.21685960363626278,0.4104629147294297,0.1395014997645329,0.3088325790876988,0.2806768195142639,0.07941197101520252,0.17757863281682357,0.3120473629474702,-0.04043097090161491,-0.0664425716271727,0.0642997900060377,0.05143192093855961,-0.023635993230803932,-0.015280248983342643,0.14202044707052183,-0.10023183348363769,0.05725765775643606,-0.01598150219683991
0.4500125908084519,0.32003243904943607,0.23725360725915648,0.21056688280932184,0.45067604115855486,0.43230836147477913,0.4658768502298063,0.9767553102045764,0.3785122573598373,0.4425264788330201,0.4519485239248089,0.37486478652244265,0.3523192974983542,0.40041309591512664,0.2803802395498863,0.3539257820086269,0.39778861918659214,0.41536758382655736,0.35221964195802835,0.3422787507158016,0.2773925610807017,0.39043511567252853,0.26886214549913806,0.3649734230569102,0.3669893781124567,0.29395854275156463,0.31086817031591374,0.2796275320360819,0.37188243612607275,0.4716906099068469,0.31850093815430397,0.3000959624077085,0.3060043571939166,0.3318021049414776,0.348002848030435,0.3118423583554769,0.3021567157900914,0.22626398880620596,0.37755877982312114,0.3844343075660093,0.32038809649688393,0.23820195432173102,0.49860859729298485,0.12325660833032465,0.33059398569257925,0.2805612922617903,0.09281839213384264,0.22843508420200315,0.3319202013895889,-0.15017312353742868,-0.07849112824184412,0.0923729380653657,0.03314016675603739,2.9846880878507237e-5,0.43212152212443367,0.018831776011208324,-0.05959372015422433,0.11832636731769618,-0.0056864485020251135
0.31450615594808434,0.391628194234998,0.3150228365789555,0.274255949186433,0.3083024711516055,0.4360527035391854,0.35195615776755396,0.3785122573598373,0.8641603207446965,0.493069365355731,0.3676013273116265,0.44304028799143474,0.43252175349634475,0.44321040502855175,0.2951917755778049,0.3997614903212389,0.3928392512767395,0.44983582500216407,0.4119142113273417,0.37952519396899087,0.3464921164941142,0.36998241672756615,0.3603145955673229,0.40647468374644585,0.295688983645748,0.3656687337520677,0.3253836440950991,0.33571656367146185,0.3824149186264391,0.4409318083673955,0.3046787236665097,0.3269109684021502,0.341312474644205,0.3693458573817252,0.3891254662657194,0.3546943923620961,0.3274163841630481,0.25436157978001694,0.4441140334224602,0.39579581070108233,0.3335688079271123,0.22775735128387956,0.46714817144839194,0.19388493413885594,0.3794059542632784,0.3510709728712066,0.10281865701938823,0.23006603780017212,0.3742661194952971,-0.04220951748735582,-0.002192457631265363,0.0497327337474527,0.0037615815704917545,-0.019764649409146982,0.06205747221628617,0.04758804383377739,0.08440054365444434,0.03367156112870418,-0.21576113320818857
0.320595961767321,0.44223033332124445,0.3147758635004263,0.29703119600750244,0.40151815640949423,0.505414122049957,0.37745900036212493,0.4425264788330201,0.493069365355731,0.9084423376297657,0.519120582064989,0.44686012262144886,0.4052705402489456,0.38503882169647863,0.3417383119070889,0.37169169958265674,0.42211409182773674,0.4312013399983376,0.39548928888932033,0.3032433205506669,0.28558474438977355,0.37389758942973544,0.2549458761205158,0.5034112123689078,0.3458266991770451,0.2961167290473028,0.1801615728561197,0.3404967552840938,0.40023649739287287,0.461727745368516,0.3136606142865622,0.3406610636096351,0.37716689239328727,0.38147440414964584,0.405270880661247,0.36140190816405066,0.3360540268009439,0.26095675088081466,0.44572319722438136,0.4115255809763285,0.3370538149097951,0.24224070452451388,0.478915681610377,0.175116259191747,0.3847997373621386,0.33408694107600434,0.10505981984398276,0.19004182450346271,0.38500424113377213,0.06866964852399213,0.16433304928876225,-0.033119442521472614,-0.10999659174998255,-0.1092916572488022,0.08216676609423454,0.02595853902105082,-0.12307880174542862,0.06471750968545273,-0.020286685430545275
0.07072844099187996,0.30211770416935413,0.3433692127682907,0.3711378907609244,0.30644038176360194,0.5361543021098931,0.39656711504503,0.4519485239248089,0.3676013273116265,0.519120582064989,1.2443241770986635,0.4791742007135237,0.4257556975029487,0.3904327517213341,0.22486082093193294,0.32515882443365524,0.41634833270573435,0.48477945032061104,0.4071329698268527,0.3272419669191104,0.31404335327616184,0.3570876241840933,0.2600425091111898,0.35322594814941394,0.2584932636296409,0.2886333249832889,0.3373707774572709,0.2861402737439547,0.43578384428383005,0.5330798540671894,0.2762228894708968,0.33447807789629186,0.363692134461826,0.38060344096300314,0.38841876880719495,0.3472806740850123,0.2836067425982222,0.25105680416049697,0.40099142385049324,0.40250337655725155,0.31843365851315997,0.22338445944511945,0.4585770747902145,0.15817282187310303,0.3449804896702051,0.24673833662004596,0.10068203931289461,0.2074787191559932,0.3562082063802644,-0.04528351591251145,0.05790973688516431,0.021896337317838716,0.020014753070045844,-0.14313234597082422,0.1204039355622127,-0.04825736962442927,0.09359555113921651,-0.20837232857827637,-0.1824567009488913
0.25474612774600863,0.35499231519378655,0.28788473572294065,0.2839040378087153,0.3193118867778378,0.3532700695929024,0.35511569932045206,0.37486478652244265,0.44304028799143474,0.44686012262144886,0.4791742007135237,0.6464315157529891,0.4131256169039779,0.45916794001287525,0.3026954703507861,0.39826698021648566,0.4531123197466073,0.44687363390182083,0.41842920397413796,0.3912944106931749,0.33013071513962006,0.34680196675023156,0.3058293969900692,0.37677187464117023,0.26282124233470044,0.35367964686101383,0.3706001271545177,0.3276056960209562,0.4341015613802353,0.4349861465293001,0.2761717152485825,0.31679095215666736,0.32821588759773185,0.38837472593620903,0.37414075955092113,0.3497792833406484,0.31306665092639213,0.26270742460267743,0.41992535217103266,0.3913035488929745,0.33516935489414396,0.24993534735213369,0.45333227578417573,0.17693191691529558,0.34984233592087544,0.33436737022018503,0.08977508536383787,0.24041028789428281,0.350074730300425,0.061698212846239546,-0.09308846063355208,0.02254317190438893,-0.016181492513637537,-0.07545002775841378,0.14442230518665866,-0.05883758442252685,0.06862495648685271,-0.07240985072967795,-0.14434508434861756
0.3017351331226417,0.3435236601765221,0.2895062360108159,0.3490129220999122,0.3454199706370299,0.4602040991715843,0.3170541728928161,0.3523192974983542,0.43252175349634475,0.4052705402489456,0.4257556975029487,0.4131256169039779,0.6579104940942199,0.43561403855333175,0.3040165342328924,0.47314871179592227,0.37232545366541947,0.4281243711596403,0.44002263381601786,0.4038886793868642,0.3217226113847565,0.3590523535351059,0.38539078281747186,0.3692903206761969,0.31064225644560567,0.36642419104305446,0.32670334878686236,0.330507940174014,0.3883349580859978,0.45066008533377633,0.2898642453711453,0.3246575218720038,0.33030221152066896,0.35218544727410556,0.36049506257886815,0.3408734652829224,0.2997322383652074,0.24705617823733297,0.4525416420572269,0.3660427028120114,0.3255516707033227,0.20965932264014006,0.3993122976163855,0.20053454707476248,0.37443708675058834,0.33235702063646233,0.10597099951234891,0.21068117963223582,0.38581817715023753,-0.04138224892304218,-0.041521722076677585,0.011155410401186665,0.023545333357851923,-0.02449223304369318,0.13705133576261774,-0.06596776295013228,0.07665961810719663,-0.07256102506031091,-0.16571455217381387
0.30276273104326334,0.3326858527729907,0.24318690978110566,0.26851729381162603,0.34596744890850245,0.41051363292729953,0.42492638421599854,0.40041309591512664,0.44321040502855175,0.38503882169647863,0.3904327517213341,0.45916794001287525,0.43561403855333175,0.865056007558899,0.2987621958197248,0.4374891314139985,0.3879755963396672,0.48609018976926016,0.4336128799665102,0.4544469303351012,0.3296532356312358,0.31881642011245837,0.3055104864512981,0.37762475121993483,0.28892020718544537,0.41019511470359177,0.35321610224205197,0.3071695044025039,0.3839154271170994,0.36993569202149484,0.32089399265407054,0.2941158577309098,0.32116773512492147,0.3543510790977599,0.3570345560696007,0.3177974770845603,0.2937743176016028,0.24003369172602573,0.3881878541587828,0.3735355831078686,0.30848489082018676,0.23859374992767807,0.4610971053336635,0.1592896586731129,0.3258265561996701,0.31149183197821645,0.09034122829727964,0.21915308240431194,0.3352550273285647,-0.0883216540987141,-0.2945269917326638,0.060195913685165886,0.06503663927077898,-0.03790110101874516,-0.036238472721236585,0.017243382523045213,0.0698196138105367,-0.022056296912055046,0.029532621441983348
0.370241285642444,0.34454632821339864,0.2646117176847237,0.2555591070981246,0.3171214606826838,0.35737717838534133,0.30316176629933955,0.2803802395498863,0.2951917755778049,0.3417383119070889,0.22486082093193294,0.3026954703507861,0.3040165342328924,0.2987621958197248,0.6355736837688972,0.38744700875696,0.32829441107974094,0.3152720467838878,0.3728502306661918,0.34539085052789353,0.22489496813730275,0.28524493270795004,0.3361761621197438,0.37643259267780455,0.32593809557420644,0.29058673574695343,0.30308216749677735,0.3107191951877483,0.3177032012843552,0.2889705916509184,0.16316260900082258,0.28578654539503545,0.3145145475584281,0.377578729733475,0.3833414885770869,0.3591363432356372,0.2766613222476754,0.26213614643242894,0.44593665404538935,0.4013231358664537,0.32440114156581984,0.25540087391651123,0.4277496643973496,0.18637213026331248,0.3788384316923856,0.3810427698986709,0.089514189447835,0.18640505966121804,0.3916538386193938,0.049408287230343635,0.030646122256225,0.04372573591024396,-0.026331537572950044,-0.105502636323097,0.06849592007811951,-0.08303115061868155,0.017260577547818123,-0.006317154458390128,0.06017941186753066
0.3928527671638143,0.3639315323464777,0.2778517838459118,0.2896431374208027,0.3214122211531236,0.4344478811480359,0.303992920376467,0.3539257820086269,0.3997614903212389,0.37169169958265674,0.32515882443365524,0.39826698021648566,0.47314871179592227,0.4374891314139985,0.38744700875696,0.9278491229374448,0.3862961353701777,0.43864177538858684,0.5312473433640704,0.4347008871150109,0.29061910025033344,0.40643687409140544,0.4296859336638402,0.35336745197965524,0.2764782042454245,0.5124934686674094,0.3522493133996567,0.35579396216172016,0.4093177682265252,0.3617221893105614,0.25389640224428994,0.2996389657944017,0.2990371750418001,0.3573705876002903,0.3590014106594159,0.31127058771985533,0.3132753357630007,0.24884894018929632,0.3845783910758658,0.3846685757591,0.3294661987921868,0.2314835498131841,0.4832055857816632,0.19478085014327567,0.3363619123603485,0.28135410148636925,0.07768175336399183,0.23582253142154339,0.33687044152561585,-0.010877179879093783,0.07681542801559507,0.020147936827176006,-0.09456046344051734,-0.031018095167532345,0.17582544668545452,-0.10237253118104632,0.0801953777197598,-0.07510006379991169,-0.10075854382831759
0.2884779912669994,0.32782914082161474,0.2816600145973687,0.2723888679267231,0.33661109932745875,0.3727349569724018,0.3764675000339799,0.39778861918659214,0.3928392512767395,0.42211409182773674,0.41634833270573435,0.4531123197466073,0.37232545366541947,0.3879755963396672,0.32829441107974094,0.3862961353701777,0.5868259326444124,0.40941229175942506,0.3911598990653339,0.36533677178628426,0.3102930757419672,0.36140082840282733,0.28653383735925814,0.3488763366628036,0.2933111445371246,0.34919207342841857,0.47890875319125226,0.3370632968860242,0.5274215806129045,0.43517566670450614,0.2603467321908206,0.32105610370931453,0.3308892277421771,0.42147633116646827,0.3856224002922037,0.37144631291528213,0.3214217623358056,0.292417289637379,0.41879863192369043,0.4028494480839413,0.3532465126060521,0.29731055612692053,0.4421385272122259,0.1761468066462322,0.3397627031254449,0.3453794862852609,0.08163262603799383,0.2511380840586905,0.33374049634474634,0.082704858153965,-0.10316696416452982,0.07034521948502945,-0.03786032996839053,-0.08048764969821195,0.13152605668817158,-0.02779978984094437,0.021394715335729318,-0.023976819877349696,-0.0930370252104276
0.3181483375281381,0.3895904874797675,0.2802669692404889,0.21653004827121708,0.30518206304124523,0.39365439962749904,0.40228396163268926,0.41536758382655736,0.44983582500216407,0.4312013399983376,0.48477945032061104,0.44687363390182083,0.4281243711596403,0.48609018976926016,0.3152720467838878,0.43864177538858684,0.40941229175942506,0.7316261367507183,0.47389916945508315,0.41577587506996455,0.33748854366219194,0.35420687287227576,0.30448049519975723,0.4190584865749627,0.27031925155525777,0.3846516236860709,0.3924746772342614,0.31592312950246965,0.39547912813833913,0.4174266430560391,0.27827574004094585,0.32127733424964444,0.3321865162233366,0.3890754809752668,0.37883745127668705,0.3621117299181101,0.3365140991728765,0.28435221890505297,0.4488115521498953,0.41843873685332117,0.3486041983309569,0.2659847308250851,0.48889198001950207,0.19279537918555611,0.3606946514315208,0.33355205246995173,0.09220449352806315,0.27673137606993536,0.35809805807950323,-0.030714776283799514,-0.11954329758004488,0.03361005714586149,-0.0014164870871289572,-0.05845063786102198,0.0640612245682287,0.0030089290916616366,0.14721346404727878,-0.10291870344158865,-0.19147684655897837
0.29824605350485633,0.34077895724773366,0.3011886772382255,0.3311905354886279,0.31062907081957397,0.40577418684951716,0.3344898007551919,0.35221964195802835,0.4119142113273417,0.39548928888932033,0.4071329698268527,0.41842920397413796,0.44002263381601786,0.4336128799665102,0.3728502306661918,0.5312473433640704,0.3911598990653339,0.47389916945508315,0.7654190595801756,0.43118674452258865,0.31203982336410907,0.3802920998251868,0.37173785273058113,0.33780173537554803,0.3253496372730653,0.35599241891696354,0.3349593624111921,0.3145599735621856,0.39458480632116094,0.37692322634624686,0.26379104894871364,0.31160383175977263,0.32292195289389114,0.3870616893562609,0.38473778705598644,0.3565777004034593,0.34423073717460817,0.25164606979103865,0.4735133146680503,0.42300448430768883,0.34806894629319113,0.2792638790723298,0.4686451572606508,0.19954813628131635,0.39521486527412075,0.3515476549951182,0.10337159103172787,0.2531956269197909,0.4032015880759841,0.03746597990893301,-0.04437304596228102,0.07714987034430498,-0.05070145829040192,-0.11652296318036441,0.39113326078245186,-0.024593240526687953,0.01966781482667665,-0.10116597623551266,-0.2090603835636264
0.3002063692588623,0.338961102613011,0.27244519228396236,0.2839916507123939,0.23805214267165722,0.3533336122991531,0.32334237705261965,0.3422787507158016,0.37952519396899087,0.3032433205506669,0.3272419669191104,0.3912944106931749,0.4038886793868642,0.4544469303351012,0.34539085052789353,0.4347008871150109,0.36533677178628426,0.41577587506996455,0.43118674452258865,1.017751652993625,0.38037825859323904,0.3672025874927758,0.760131214635289,0.5142196776276727,0.36198983656712275,0.5346485954817963,0.44586044379326056,0.3765319540077473,0.38625990623254886,0.35430643109694465,0.2898203076406049,0.33803244453024145,0.3476599081979392,0.4718118402427651,0.46437162681337313,0.411108078059126,0.3881656971228996,0.1953133428823948,0.5119559492383725,0.4207073899108275,0.36212744790588375,0.304165079361778,0.5778464955709347,0.21097590462966395,0.44537443528687004,0.4421389610894716,0.0724073760219266,0.31217040577995764,0.41079565115357886,0.09866889473731137,-0.3827938120494037,0.07848205837613585,-0.08865708538446501,-0.003249809919864898,0.15128273786293184,-0.1025778734735077,0.04184093625676487,-0.06910461191558613,-0.06941410710105698
0.16261901447005614,0.2573329096866456,0.23783353647757857,0.25034098729125454,0.3156636835598909,0.27117015647250303,0.3195294015593981,0.2773925610807017,0.3464921164941142,0.28558474438977355,0.31404335327616184,0.33013071513962006,0.3217226113847565,0.3296532356312358,0.22489496813730275,0.29061910025033344,0.3102930757419672,0.33748854366219194,0.31203982336410907,0.38037825859323904,1.3352000365649546,0.348121689846095,0.2712995781271224,0.2619983838162437,0.2328679285619517,0.37531393777161676,0.3141393962478826,0.3148293593344396,0.29569137457344763,0.38694784725932707,0.2857174705307107,0.2777854629294313,0.23706008216573607,0.3073686274217875,0.3479506744705539,0.2771551791007575,0.2542359234070435,0.21062436219483519,0.3289861222691342,0.3149053458011565,0.2886114283354789,0.03505159643629505,0.4161460467926956,0.0852958522962504,0.26309615891658217,0.26430624169820677,0.10482892997446157,0.20732855362465177,0.2947653987948384,-0.04205513966558473,-0.10031309020843358,0.2949087335388503,0.038083571873635244,0.015456753936162016,0.22766593509407307,0.0077601800571016,0.05788441345502853,-0.20414668218554563,-0.3017674450875537
0.40526518667425493,0.320373754191591,0.33687072424193604,0.32707454916828615,0.3403968806619473,0.38343492853161487,0.33873239596512683,0.39043511567252853,0.36998241672756615,0.37389758942973544,0.3570876241840933,0.34680196675023156,0.3590523535351059,0.31881642011245837,0.28524493270795004,0.40643687409140544,0.36140082840282733,0.35420687287227576,0.3802920998251868,0.3672025874927758,0.348121689846095,0.995578970327357,0.3670953506638938,0.3560607649824391,0.25474280866962246,0.43337605120022404,0.36699086074281584,0.3539049335743343,0.3713491487433655,0.5951720500993172,0.3018095822618384,0.33078778038984513,0.3855627092936114,0.42713648748456196,0.4295681843075482,0.3553753258181628,0.39965065860226934,0.2164409235128302,0.43915027738735685,0.4745353339857524,0.387853061019053,0.17142388673113237,0.5284314195464669,0.16481596747291824,0.35031528324918304,0.32037586270015606,0.06114837414503291,0.2763186154316214,0.3536228330935444,0.036529802304080684,0.015092528258633196,0.03377878166871614,-0.033358205757863725,-0.059932222266018215,0.26194473974265914,0.004901394146365105,-0.06842531214754556,0.049257289557727235,-0.10974114559194581
0.17673880477044462,0.30160292823272183,0.27597174665203006,0.31209784272608593,0.24766964912317865,0.34363503547073376,0.2420619238222625,0.26886214549913806,0.3603145955673229,0.2549458761205158,0.2600425091111898,0.3058293969900692,0.38539078281747186,0.3055104864512981,0.3361761621197438,0.4296859336638402,0.28653383735925814,0.30448049519975723,0.37173785273058113,0.760131214635289,0.2712995781271224,0.3670953506638938,2.03252528189308,0.40491355295171244,0.3841611081225954,0.45789178639860223,0.41691904128682533,0.5944509948454838,0.36024004022893547,0.2765888692910268,0.13752668923394584,0.4545941600297294,0.3496991967761377,0.5558336385320143,0.59283748686936,0.4581021885229274,0.4887877434875873,0.08194020291863237,0.538369761994098,0.5481743328152147,0.42615207592914817,0.21851122165596448,0.8735602752079887,0.1902660678600602,0.5737032977733453,0.3782227216456945,0.09846775253553895,0.37748165707616127,0.4739868103472763,0.16692648856042216,-0.2214444445109396,0.1172222568480421,-0.06586085342403618,0.013210100331797911,0.35956041857438203,-0.08441928220655828,-0.017489647690001678,-0.09812000757574711,-0.18471399050080248
0.32878172015628193,0.41925405604391586,0.3032790028042289,0.3281596104102682,0.2865089591336584,0.4129376692393847,0.3549202059146564,0.3649734230569102,0.40647468374644585,0.5034112123689078,0.35322594814941394,0.37677187464117023,0.3692903206761969,0.37762475121993483,0.37643259267780455,0.35336745197965524,0.3488763366628036,0.4190584865749627,0.33780173537554803,0.5142196776276727,0.2619983838162437,0.3560607649824391,0.40491355295171244,0.9023916808926338,0.30018050928531964,0.3611346172581854,0.32846778722646147,0.3361229037278178,0.3300304944285472,0.44856174253835424,0.2971171703482828,0.3296510586952001,0.40188732096021157,0.42138565737811756,0.41659686795107653,0.3878099169850784,0.3621680325992486,0.2361079464852834,0.5095197510544527,0.4674117670998461,0.3501503468562061,0.27600375308655434,0.5802132751506204,0.19460101733744342,0.4136277310795331,0.37513410716505957,0.08611423908871704,0.24542734546966422,0.390940438751239,0.044316212180682685,-0.06468809660706042,0.0039881989864195,-0.05325674267425351,-0.019893130489039162,0.003385950485622684,-0.0036037319886849852,-0.1030082785367321,0.09474698968833772,0.05793001561881211
0.4508191841523233,0.32824943015079483,0.3417661690827634,0.41116778502247775,0.30244311904617704,0.33866671289947026,0.26451868213105334,0.3669893781124567,0.295688983645748,0.3458266991770451,0.2584932636296409,0.26282124233470044,0.31064225644560567,0.28892020718544537,0.32593809557420644,0.2764782042454245,0.2933111445371246,0.27031925155525777,0.3253496372730653,0.36198983656712275,0.2328679285619517,0.25474280866962246,0.3841611081225954,0.30018050928531964,2.100153193854544,0.045413884779753666,0.25194220816347207,0.4656197074923946,0.4004994152640819,0.5223227168662204,0.7152634475649985,0.5313171157188209,0.38025055623184856,0.46274455979648665,0.40947941047734016,0.39926289596635417,0.4260283617260179,0.2929754159153582,0.5323097855833893,0.5282054585592921,0.3998634697024147,0.5246394881487366,0.6987587766190566,0.24937529888109705,0.4498752578905366,0.312867210471583,0.08414081110864384,0.34165268014148525,0.455192661062096,0.13632873641968374,0.010028455214851151,0.1415751232901941,-0.05441869285983645,-0.12002041701707812,0.1913035473633844,-0.13411614754130455,0.04150022828139871,0.029940217131061795,0.18554583414169526
0.22839839005452847,0.2934609564584343,0.18422806726600496,0.1990398596500631,0.2574919976537104,0.3122756208442214,0.33539086863206724,0.29395854275156463,0.3656687337520677,0.2961167290473028,0.2886333249832889,0.35367964686101383,0.36642419104305446,0.41019511470359177,0.29058673574695343,0.5124934686674094,0.34919207342841857,0.3846516236860709,0.35599241891696354,0.5346485954817963,0.37531393777161676,0.43337605120022404,0.45789178639860223,0.3611346172581854,0.045413884779753666,1.539373919449757,0.4291737251535305,0.33302232760650896,0.3778800737805285,0.2783030135978337,0.37931267246127487,0.30552631911925815,0.34632636208592443,0.43751991419981046,0.5446907748775071,0.4074478175859413,0.3760754483879895,0.25374082108652035,0.3883765261811564,0.40069751637413537,0.3964807883438167,0.2527188340987296,0.47977479888283303,0.18251546959941764,0.44497723435972303,0.6005455802663218,0.04617415407596462,0.3183689164854741,0.445917287153172,0.0025200832620799383,-0.06256802398905723,-0.15393700464297666,-0.027019570333430883,-0.06721842828860757,-0.044104383819640165,0.007145834051518351,0.0640597728875074,-0.06575589094212354,-0.28858619930756213
0.2502290115195954,0.2580817190870816,0.2717150968276842,0.28850827439089166,0.2747568198951824,0.28253523257314844,0.34147110729133834,0.31086817031591374,0.3253836440950991,0.1801615728561197,0.3373707774572709,0.3706001271545177,0.32670334878686236,0.35321610224205197,0.30308216749677735,0.3522493133996567,0.47890875319125226,0.3924746772342614,0.3349593624111921,0.44586044379326056,0.3141393962478826,0.36699086074281584,0.41691904128682533,0.32846778722646147,0.25194220816347207,0.4291737251535305,1.5060638649703304,0.2957647994114278,0.48889965561958126,0.41601750388197123,0.28181132083505117,0.33666974636498903,0.32291769439913975,0.5707519785316807,0.37402229399332765,0.3982366978493744,0.3672032486050644,0.3873398818263964,0.47222488930664414,0.5072820724497779,0.42048281549468725,0.36608244468676165,0.6695512572606663,0.1531221051094745,0.18852810517200813,0.24012487857974057,0.06191355126541191,0.43107957616686526,0.20465586954670645,0.08036411143980879,-0.2597434072464651,0.04869360726011235,0.01281152488836132,0.0012054207138381579,0.14370060074627278,-0.014327579498697765,0.17967083672613499,-0.12580534986339492,-0.22597075061224164
0.2835062000678374,0.38414541138655556,0.25542410692892464,0.21449331374391187,0.2403922808672053,0.3230178543379824,0.2758060372271754,0.2796275320360819,0.33571656367146185,0.3404967552840938,0.2861402737439547,0.3276056960209562,0.330507940174014,0.3071695044025039,0.3107191951877483,0.35579396216172016,0.3370632968860242,0.31592312950246965,0.3145599735621856,0.3765319540077473,0.3148293593344396,0.3539049335743343,0.5944509948454838,0.3361229037278178,0.4656197074923946,0.33302232760650896,0.2957647994114278,1.041199089408915,0.45200577513086804,0.32075173115126815,0.22719502543631606,0.42417873680550083,0.33448813811558853,0.47848530149933804,0.5329519128150912,0.41462391835305273,0.4080868556433861,0.41548568011597276,0.512759880183126,0.46337377667723756,0.46184242144356125,0.21465018268739722,0.5278506785779046,0.23292085055517753,0.42920309433131515,0.5623890283352524,0.08580356994419955,0.2658637422459569,0.41559306330621976,0.09319144280938323,-0.043961574261566334,0.130464194097175,-0.11084489192620789,-0.05576441783489876,0.09061020735335673,-0.11194105030012118,-0.005309675908357806,-0.002827199482915567,-0.03215736030417061
0.23664648369126645,0.29653558701587,0.2803595637503523,0.30237759036283535,0.32164124548989215,0.38153396038677534,0.36243119004059215,0.37188243612607275,0.3824149186264391,0.40023649739287287,0.43578384428383005,0.4341015613802353,0.3883349580859978,0.3839154271170994,0.3177032012843552,0.4093177682265252,0.5274215806129045,0.39547912813833913,0.39458480632116094,0.38625990623254886,0.29569137457344763,0.3713491487433655,0.36024004022893547,0.3300304944285472,0.4004994152640819,0.3778800737805285,0.48889965561958126,0.45200577513086804,1.0030366689237475,0.48835376188501345,0.271776561903915,0.3644261825565093,0.38240717338695435,0.5272699278872753,0.44823517581878636,0.4800024820121123,0.39081662614161766,0.3472160807900793,0.4783738171663282,0.46748183309831565,0.44512535389821556,0.4345365836104472,0.4559641974199481,0.20734446315485894,0.42141893614563747,0.4486531308284868,0.056991261353466056,0.29998475263975516,0.3944067840176562,0.08140431269500692,-0.09233131558628013,0.11387364190924004,-0.05196660506605702,-0.09297386698235938,0.08284212398117427,-0.08460404756761848,-0.009005766950691994,-0.005365225336716963,-0.026245162650327683
0.2027801215436021,0.3417390557075257,0.4522187004703394,0.32865208613305125,0.3301355609062906,0.4696719978308121,0.36221361416700315,0.4716906099068469,0.4409318083673955,0.461727745368516,0.5330798540671894,0.4349861465293001,0.45066008533377633,0.36993569202149484,0.2889705916509184,0.3617221893105614,0.43517566670450614,0.4174266430560391,0.37692322634624686,0.35430643109694465,0.38694784725932707,0.5951720500993172,0.2765888692910268,0.44856174253835424,0.5223227168662204,0.2783030135978337,0.41601750388197123,0.32075173115126815,0.48835376188501345,2.40720690341794,0.607011694998429,0.630083540655171,0.6193633306266514,0.5177085674799657,0.5919568360756061,0.47583566178834436,0.4770760308836077,0.3188012807516097,0.8086954329620554,0.5695472273380656,0.5530880719463028,0.24336786776844702,0.6258625565912186,0.27871076939167144,0.5059417928753165,0.38137627802196045,-0.0031556252020833817,0.2897942599812204,0.5376514651397987,-0.02755974305410976,0.009227655708873055,0.0783646012257997,0.033196187928485485,-0.18941728513741213,0.37185171262662553,-0.106993938076532,0.04020334364603464,-0.014201738399520101,-0.13541460926834412
0.2587759866306001,0.24011927385405282,0.2688584511126042,0.23086114757145107,0.1733351156773616,0.2976850553513862,0.29009062218321136,0.31850093815430397,0.3046787236665097,0.3136606142865622,0.2762228894708968,0.2761717152485825,0.2898642453711453,0.32089399265407054,0.16316260900082258,0.25389640224428994,0.2603467321908206,0.27827574004094585,0.26379104894871364,0.2898203076406049,0.2857174705307107,0.3018095822618384,0.13752668923394584,0.2971171703482828,0.7152634475649985,0.37931267246127487,0.28181132083505117,0.22719502543631606,0.271776561903915,0.607011694998429,1.9961496246170678,0.4734054712187326,0.3559428190283561,0.37966728946839773,0.3136098489501712,0.3039340146780706,0.2338201893011033,0.21271649761263445,0.333027091218368,0.5392678820535568,0.30602890321066945,0.38642821119086695,0.6973215244913968,0.3003772235005007,0.39441645701251804,0.270998850836726,0.12258039672294802,0.16845149842308568,0.46902548820892714,0.015582583255907641,-0.0295746643264088,-0.09955266475951564,0.02201918278360901,-0.10826229818449706,-0.015029740641908745,0.13128877642783135,-0.007124107693859002,0.006618424902977396,-0.12857602739600893
0.24899111881125732,0.30013720220223183,0.3102544656732487,0.2849510478201192,0.261398821622439,0.3408129942994003,0.28292257741497007,0.3000959624077085,0.3269109684021502,0.3406610636096351,0.33447807789629186,0.31679095215666736,0.3246575218720038,0.2941158577309098,0.28578654539503545,0.2996389657944017,0.32105610370931453,0.32127733424964444,0.31160383175977263,0.33803244453024145,0.2777854629294313,0.33078778038984513,0.4545941600297294,0.3296510586952001,0.5313171157188209,0.30552631911925815,0.33666974636498903,0.42417873680550083,0.3644261825565093,0.630083540655171,0.4734054712187326,0.8603147113466563,0.5418797624145009,0.6001821396575167,0.6013810173508258,0.5094681457585638,0.4478234661347287,0.41273505117957787,0.5923216548118063,0.57989209252233,0.46353838861302815,0.36601257774521023,0.634162172869124,0.2799018213559771,0.4694070149326758,0.5316575278392989,0.07380207959891431,0.2926177639219808,0.4719666213861282,0.12035809657064703,0.04608181276653386,0.06260340228420602,-0.06209991178319394,-0.09523147255040922,0.09182986069034904,-0.01746825228275233,-0.017494859069640933,-0.008560123883906624,-0.09525094791420614
0.2693702705029891,0.31421005668295193,0.321600151442707,0.329218306542948,0.2545040600429392,0.3645633732110261,0.31388458815788145,0.3060043571939166,0.341312474644205,0.37716689239328727,0.363692134461826,0.32821588759773185,0.33030221152066896,0.32116773512492147,0.3145145475584281,0.2990371750418001,0.3308892277421771,0.3321865162233366,0.32292195289389114,0.3476599081979392,0.23706008216573607,0.3855627092936114,0.3496991967761377,0.40188732096021157,0.38025055623184856,0.34632636208592443,0.32291769439913975,0.33448813811558853,0.38240717338695435,0.6193633306266514,0.3559428190283561,0.5418797624145009,1.4036518337136668,0.7061639262055764,0.6830037111995634,0.5553407453787284,0.3864841571567666,0.4159837215039592,0.9180674422105035,0.639251491972363,0.28760207981963504,0.5743350988208494,0.36636286406227725,0.5189493040912111,0.5340911361448868,0.15850318467160698,0.04544476842142318,-0.5029315616028923,0.48525598653747753,0.036383486787007466,0.07000304241184623,0.010734760767143074,-0.04155290806712532,-0.14911154728566683,-0.010825144653844541,0.15837314048237783,-0.14072163623743583,0.03690520403832333,-0.22025435167521354
0.2528642361902227,0.35340834991463693,0.3443417255412738,0.2978633885675566,0.2604647438569631,0.3605736260490727,0.346486403821983,0.3318021049414776,0.3693458573817252,0.38147440414964584,0.38060344096300314,0.38837472593620903,0.35218544727410556,0.3543510790977599,0.377578729733475,0.3573705876002903,0.42147633116646827,0.3890754809752668,0.3870616893562609,0.4718118402427651,0.3073686274217875,0.42713648748456196,0.5558336385320143,0.42138565737811756,0.46274455979648665,0.43751991419981046,0.5707519785316807,0.47848530149933804,0.5272699278872753,0.5177085674799657,0.37966728946839773,0.6001821396575167,0.7061639262055764,1.482422055347359,0.8734210321473999,0.8020607337345101,0.6627320839961552,0.5389397849925842,0.839368426016885,0.940596813895849,0.6807171266677743,0.7941765659829122,1.0591305444494978,0.21864340146794126,0.5030592634260875,0.7279161098883791,0.04025317287870256,0.5186445996532649,0.47165720456082605,0.40539976016244605,-0.23722645868926984,0.12005661777044344,-0.20687296733784233,-0.16312457225256163,0.10286613170929301,0.03180226920042284,0.03584898520489571,-0.06115405846188897,-0.24325511699419392
