0.48532929664704055,0.2567716449916484,0.3520812853899951,0.0532582647828241,0.1007701809957646,0.08788382273167136,0.11772379944686402,0.1030844002685592,0.0982264886487135,0.1411930868738191,0.09367793380940949,0.10376234112885552,0.10524375179183613,0.11265244376356551,0.10365485273472848,0.0766567697130386,0.06949693239490759,0.10845464283570846,0.09475858473519062,0.07886720269559172,0.08998191136532135,0.10312254283862346,0.05755246678194395,0.03257657132941736,0.12246252803521189,0.06652089417901773,0.10827139336963285,0.08128894618501577,0.12804727949484518,0.18193798297159333,0.09789594919666665,0.08048990452229476,0.04115774214336766,-0.020825120468065814,0.1153991517280652,0.11215093672519659,0.10723472539866234,0.04296601818891009,0.12670355019611307,0.0836423444506206,0.11731408224857764,0.07479946928019394,0.09465448911064048,0.06938985958192802,0.052291396896166804,0.052504344283561155,0.13483040603390603,-0.003024106522681721,0.20271409622695713
0.2567716449916484,2.7760752045109744,1.2869273637613718,0.4462457142191912,0.20668990767904427,0.18680774862916402,0.4207492567395968,0.3759791832699514,0.49877137902700835,0.4655030090076762,0.3932651449239987,0.36128954960530335,0.41655824061433006,0.2441283758793078,0.586507082426689,0.2694849242050486,0.481842194163126,0.4309577653035115,0.2573817629301337,0.6161127980080913,0.43535517841762994,0.3131780569655979,-0.06547011852876124,0.25676582879790827,0.3870510843343518,0.3736603056384664,0.8491833784930395,0.5082300416251813,0.4740137992387839,0.6258482973427738,0.5518941763589004,0.41757642812340395,0.43851306505581433,0.3368619193964746,0.511990016425256,0.5680263290784566,0.9792452431605752,0.31842827485908987,0.4956476077870733,0.30580009016565185,0.32904538466820227,0.4555203439713806,0.5387202377116111,0.15836859688928462,0.4785399734178557,0.29311417180845817,0.5173082351567292,-0.012331043939552283,0.8387304157261815
0.3520812853899951,1.2869273637613718,2.825297980569358,0.5473568466054127,-0.0761249354588929,0.5707505084843303,0.3409401982508737,0.9070737006176819,0.43700920997051546,0.8220527645904329,0.5188239552529491,0.37929820945703474,0.59823595800496,0.440899001470424,0.4474165494366481,0.277245107244673,0.5988681074686004,0.4134335426776989,0.3483677689241316,0.572968445502918,0.4344264506958616,0.5435553275533701,0.24343331671679844,0.5053165868883674,0.5316096574977808,0.35293916900918165,0.7627088639243955,0.5020559106631207,0.5968949609528994,0.8361129146649868,0.5580517050985637,0.35086999658622436,0.2509978432568571,0.4370295097832945,0.7150409159960384,0.6170168255939162,0.7505140913353383,0.31441565621145184,0.740422354224149,0.3494023665500324,0.4091632549441035,0.42433168531699555,0.6048928654954355,0.4131628277559358,0.32479144529114834,0.2561976576648933,0.6104222160733309,-0.008532922470828461,1.0867166666512023
0.0532582647828241,0.4462457142191912,0.5473568466054127,1.971422270138763,0.30180426743628846,0.3641614063441938,0.36713389960039644,0.4568615119847803,0.2764643379995661,0.42312771851856706,0.31892295869028303,0.36588411760210404,0.38651615970955416,0.4742828189307371,0.2806392857655606,0.36275376518320995,0.3220377510241307,0.36305382370224026,0.20884218787707465,0.3213847400566483,0.2940699982177143,0.3530528540275312,0.37749810792265287,0.4687414482158538,0.2651512391650308,0.34847553683675764,0.41123472274769285,0.16149300675714737,0.31460943061993396,0.21960402901467596,0.32985075508069517,0.32065247608812986,0.18916949285322596,0.3958667014559813,0.1140069828541925,0.5068954272672611,0.3891682426165359,0.1965144317488801,0.2970381123137023,0.21027088024649804,0.16587828288075807,0.28914882630170646,0.3542401338992563,0.24561533024537652,0.11411232262922427,0.22057362472691144,0.2943051921119825,-0.012525132962717712,0.3534485815498241
0.1007701809957646,0.20668990767904427,-0.0761249354588929,0.30180426743628846,1.3583635493079846,0.017848596023534835,0.21096470890281663,0.09372089426910636,0.2805681101162993,0.09026372874894238,0.154246251770053,0.2341484466264406,0.1996760214425229,0.13846775349072235,0.19984588268618855,0.3447216730856589,0.09119624761138456,0.2617898412897366,0.40043791606610174,0.13420050641261966,0.184138380964321,0.20743869589609876,0.2834085269826164,0.2415462456728098,0.056820291412683785,0.24972762295999723,0.026535668435161756,-0.01575926493652232,0.108318311141692,-0.14737085926969948,0.1801074744518988,0.3496824214104854,0.15493257112759498,0.38401603488604635,-0.16756373194391164,0.31231684942232,0.2143010910375647,0.1119000626278518,0.03668143803243142,0.10807786295404034,0.0778575676712044,0.20041638034638967,0.07377863525457788,0.04880459541447206,-0.1060731621654919,0.1829826839583801,0.08800087983805373,-0.012472324987413321,0.28793171623856517
0.08788382273167136,0.18680774862916402,0.5707505084843303,0.3641614063441938,0.017848596023534835,0.9902771263558594,0.23787690481492207,0.5522877585473915,0.2578583758669231,0.30564946051311387,0.36571364400219053,0.3527722209046539,0.38715086296301393,0.33665448942303633,0.26632733546903115,0.19326934273398583,0.3485843019310103,0.21054647720842673,0.33791551305675444,0.30137783740646473,0.2242687884791334,0.31070812265107534,0.21709615635031518,0.3120517114348921,0.370985760888199,0.32947805555381793,0.3749123061603648,0.19777083503890175,0.3790718145462559,0.3131059385171045,0.2505292563495777,0.39302467536623176,-0.02027378095431978,0.34042453691744007,0.38224356209590815,0.3030772852847516,0.1933873622280501,0.17358031769432905,0.35821508666054125,0.2000190999283376,0.0810136127440152,0.22254669549256262,0.2881256995240017,0.351451001671801,0.17351895945619744,-0.007429346438121809,0.25605782679771816,0.007491969441818098,0.8332625930643768
0.11772379944686402,0.4207492567395968,0.3409401982508737,0.36713389960039644,0.21096470890281663,0.23787690481492207,0.6036331294954477,0.20285818447748646,0.3767376487020519,0.22172367106941954,0.27624381853396696,0.3766325225756972,0.2893149232727639,0.15095773964994197,0.1432433136837129,0.2333768910663484,0.24969170284935127,0.22787243180774658,0.17432664124353486,0.25302186440488006,0.2021896349181308,0.2783485769261197,0.2557982414066422,0.26757449643053294,0.18943681700094056,0.2590214951772918,0.30140982406187494,0.15053676825924503,0.1812185675657868,0.16914283692795948,0.22414578569441052,0.2225312682972826,0.13845127172118138,0.28439942990555567,0.15987472917244877,0.3279137366169235,0.27626130336358684,0.14551735128816934,0.24742481693581989,0.1519604878817136,0.09565806970744888,0.2061308825061977,0.2417652736744589,0.21537777641500871,0.09023630691231747,0.09718276683202191,0.19927176357256302,-0.0034193500722481786,0.43279584852784947
0.1030844002685592,0.3759791832699514,0.9070737006176819,0.4568615119847803,0.09372089426910636,0.5522877585473915,0.20285818447748646,1.1584073862020652,0.08765711826019655,0.4721893871775761,0.3794969730392225,0.15157720508206446,0.5039377026855384,0.370459993188479,0.17643498848222935,0.2305870428787624,0.3644196010504654,0.28265285708206356,0.25915476854435443,0.34684438236329773,0.26325560522942126,0.4036995091864563,0.20623525960451486,0.32972926852403,0.339670016121847,0.2951518437051574,0.43178215124779296,0.2852675931321502,0.3311287515239343,0.4769606868081056,0.3248411826655938,0.2179203507625673,0.054172717293904646,0.3771472197216388,0.4893676894133359,0.3347509091396186,0.4124903259353443,0.18646422912897315,0.5410463396088164,0.22626025619110346,0.23980153559711387,0.25886400069078036,0.402651553831645,0.3514222817341789,0.16530449643619044,0.08650973442132794,0.3711326931363888,0.001418982346545271,0.8309872023883179
0.0982264886487135,0.49877137902700835,0.43700920997051546,0.2764643379995661,0.2805681101162993,0.2578583758669231,0.3767376487020519,0.08765711826019655,0.8518417419158139,0.12491717287875816,0.20348761692257764,0.26412005583144665,0.25749453788793575,0.2090044654134586,0.18090083218131817,0.22663678471920312,0.24015442242314775,0.2437689616749176,0.2001432587329421,0.2859454458608693,0.24440614864810875,0.28895846221416854,0.30470580050567236,0.34904187542250403,0.07014212890043313,0.3806977463132415,0.36982145254760285,0.16311483086061515,0.10711889927827814,0.19370768909091796,0.2701851052839241,0.27178647548727236,0.1932494823396913,0.16196621730278313,0.11915451446386174,0.4164470237595466,0.29874783992783993,0.1650465442403351,0.1820356208448735,0.1616731983172881,0.13968934356741308,0.23685414447429395,0.27702916880667516,0.20536362013838566,0.1401899321082456,0.19097569703607578,0.20298807634367996,-0.011476201016372011,0.12843688905046816
0.1411930868738191,0.4655030090076762,0.8220527645904329,0.42312771851856706,0.09026372874894238,0.30564946051311387,0.22172367106941954,0.4721893871775761,0.12491717287875816,0.8374636119459822,0.2525685969753463,0.24748760639354606,0.36161849062498663,0.3164576364331733,0.22878469822814107,0.21983727685818827,0.3461819792618803,0.27989308078002245,0.18559510630733742,0.2681857387058002,0.21967019375022284,0.32267875013773223,0.2052163471272308,0.2811721568885128,0.3245167440197616,0.180333270265842,0.4411876255000507,0.24613013417226612,0.3069604657190131,0.4200484230515111,0.31464426673239065,0.16970786718228847,0.10124074575486176,0.39024043153991483,0.37325964105081627,0.3670866073967156,0.4606330297694161,0.15459186977089617,0.42240550512788066,0.19123162090474563,0.2514539295378435,0.23471830899860682,0.36104557746987453,0.25154954916426664,0.10248856883717428,0.15140735216121007,0.3620777883409426,-0.005184325444216903,0.7623437369518239
0.09367793380940949,0.3932651449239987,0.5188239552529491,0.31892295869028303,0.154246251770053,0.36571364400219053,0.27624381853396696,0.3794969730392225,0.20348761692257764,0.2525685969753463,0.6162702358716083,0.32916023422638613,0.33744648931979726,0.22749320579376586,0.3217850621192433,0.2433949016117087,0.37546215414862977,0.23942300777230632,0.21449150800581165,0.3918334132278583,0.24719628384786724,0.25588684624561786,0.2498866281582256,0.3285421716799843,0.21411460466177032,0.27948573791560793,0.363645873787694,0.20619980475887145,0.2616018293979717,0.2779948530092033,0.28849484446603507,0.22407206019690348,0.10871729136490027,0.2784682225361453,0.28598263728569057,0.36677757232792213,0.33722516290927673,0.20369512550557495,0.3456296516353541,0.18154148907214168,0.16223229948369003,0.25029440674170833,0.29171857533630696,0.2582939725926497,0.17825175898792728,0.15348701805772233,0.25507597561982953,-0.0062520437824131634,0.34803590363181636
0.10376234112885552,0.36128954960530335,0.37929820945703474,0.36588411760210404,0.2341484466264406,0.3527722209046539,0.3766325225756972,0.15157720508206446,0.26412005583144665,0.24748760639354606,0.32916023422638613,0.7130454612945181,0.27076603992258574,0.21934190823429686,0.2686887149384855,0.24858975069866787,0.3312957872369272,0.1851623149518898,0.24016544190916722,0.27267128648569483,0.2099989739462617,0.20194515969228813,0.2402076346069174,0.2874410668413659,0.23977297715980947,0.27404877727350746,0.33649779685605685,0.16984100195953372,0.2224195632703052,0.17433275450783542,0.2326442850614637,0.3049849363858271,0.13996296239045558,0.2819465106481247,0.19383565737024028,0.3710296347704161,0.21724200098169702,0.15461595902903366,0.24847769211339463,0.1834236279736877,0.07952180263492657,0.2222597920162335,0.21856354812388307,0.2204369103385504,0.07758092962631521,0.07652103311299183,0.1860467134634034,-0.0012000282867273841,0.6539180828771318
0.10524375179183613,0.41655824061433006,0.59823595800496,0.38651615970955416,0.1996760214425229,0.38715086296301393,0.2893149232727639,0.5039377026855384,0.25749453788793575,0.36161849062498663,0.33744648931979726,0.27076603992258574,0.6652657675630347,0.27043902111648077,0.1401863638318087,0.3017322739419798,0.3226818522145808,0.2546818422795932,0.2561125042742358,0.29697165390330066,0.23764691450396122,0.45655055204438844,0.24919916666843633,0.336410513238594,0.26009701900625626,0.2506332305571703,0.3382018503821028,0.2177218207198243,0.35700570920872116,0.34005450566935097,0.28514902403120546,0.26859347862012795,0.11264063967362188,0.3343198118040805,0.31792254913243756,0.3552828759331693,0.3109912865132779,0.1629354596859163,0.39993003564687146,0.19940248885442505,0.18435293525098287,0.24200485184000095,0.3260272318252709,0.2808044826324928,0.06326691025572301,0.16222569918947488,0.29630210917397853,-0.006572824916197719,0.6064978782986821
0.11265244376356551,0.2441283758793078,0.440899001470424,0.4742828189307371,0.13846775349072235,0.33665448942303633,0.15095773964994197,0.370459993188479,0.2090044654134586,0.3164576364331733,0.22749320579376586,0.21934190823429686,0.27043902111648077,0.9124923084251808,0.26232415327471137,0.3169848924819099,0.28783394106913024,0.18464912884707202,0.20718935708171496,0.23752267561209445,0.22986464578958815,0.18930049055125556,0.2771154085293004,0.39512972808647356,0.3067488676984812,0.3064187870996453,0.37109920186166606,0.20145274943569955,0.2695411248582554,0.35626789456031827,0.2638215543868763,0.2027381817351552,0.09224867926097015,0.198427637035176,0.2944005449052252,0.38203284152770245,0.32169510053760514,0.14020357825827073,0.2269723565197575,0.1663057101238401,0.26307561198048446,0.2367637211047513,0.3278045671376573,0.2576502727579132,0.10214009606297822,0.13108566086105083,0.26437526731255545,-0.006306268717476283,0.6636941504292577
0.10365485273472848,0.586507082426689,0.4474165494366481,0.2806392857655606,0.19984588268618855,0.26632733546903115,0.1432433136837129,0.17643498848222935,0.18090083218131817,0.22878469822814107,0.3217850621192433,0.2686887149384855,0.1401863638318087,0.26232415327471137,0.9044034431814724,0.1347055797183803,0.31454755536338674,0.2819623177700304,0.22118059585396913,0.3743009984109991,0.30000709792918584,0.07947389767269512,0.36551189550573193,0.43776621479280103,0.21381702599160154,0.28277338699818905,0.4529316059745441,0.20594406715608912,0.21407210489973907,0.4152846922542038,0.33480027394544337,0.22832136518371504,0.15403629818096343,0.19773209142605896,0.23793093288667203,0.49877103459899214,0.41435987604196084,0.19471220197467395,0.2445801440011972,0.18236469089733823,0.2878400405574274,0.27600866415671776,0.31051424839318126,0.24573524759236798,0.16398535660394062,0.22093643720594863,0.3273909811713301,-0.013022793204227572,0.45213630955750134
0.0766567697130386,0.2694849242050486,0.277245107244673,0.36275376518320995,0.3447216730856589,0.19326934273398583,0.2333768910663484,0.2305870428787624,0.22663678471920312,0.21983727685818827,0.2433949016117087,0.24858975069866787,0.3017322739419798,0.3169848924819099,0.1347055797183803,1.1446807340149832,0.32862024596962364,0.21032650628604543,0.33394057607665056,0.3177076494621574,0.23214856347693397,0.2682980012545593,0.22397301653549406,0.34973970034987834,0.16569025742833543,0.20693618360883492,0.22140553614240424,0.23859458317325052,0.3276476808102175,0.36290977843238964,0.2913702455579878,0.35135408119311673,0.06558829755444076,0.2868900103027269,0.3796354774686609,0.3601807695738469,0.3386998163375236,0.19059383739788113,0.2729508335584677,0.2116219479918357,0.2829268577957458,0.33138320846065306,0.2531477876949125,0.29665235952307967,0.17257479257662037,0.08795317963968957,0.2906761686012186,-0.002618554334165501,0.6391295970862734
0.06949693239490759,0.481842194163126,0.5988681074686004,0.3220377510241307,0.09119624761138456,0.3485843019310103,0.24969170284935127,0.3644196010504654,0.24015442242314775,0.3461819792618803,0.37546215414862977,0.3312957872369272,0.3226818522145808,0.28783394106913024,0.31454755536338674,0.32862024596962364,1.4740594501718425,0.10265130176932095,0.26395906528097507,0.7724034482545973,0.33023087100423787,0.39493024810031346,0.2216102295387328,0.4358721122448839,0.770097912710194,0.16777467285243158,0.5819879416778863,0.39306379059204377,0.5487266778367453,0.5087408287290726,0.39311263299662685,0.2755823881411358,0.3867947307743839,0.4393177318329733,0.3653882633971217,0.484397954595177,0.7622656542325877,0.4084839368608432,0.5516728190363679,0.2519602175618225,0.1871634615170054,0.38117389021110915,0.4668806999047895,0.37027208779191534,0.41270009717163053,0.16679655157087445,0.35664585565081264,-0.0034652955477191653,0.9048646059875888
0.10845464283570846,0.4309577653035115,0.4134335426776989,0.36305382370224026,0.2617898412897366,0.21054647720842673,0.22787243180774658,0.28265285708206356,0.2437689616749176,0.27989308078002245,0.23942300777230632,0.1851623149518898,0.2546818422795932,0.18464912884707202,0.2819623177700304,0.21032650628604543,0.10265130176932095,0.8091548740000695,0.19246098242512508,0.09051950193776245,0.2621153929568476,0.3416256351091081,0.47128108530460194,0.3029435175486535,0.11297949819676707,0.35828148563583706,0.0955783860857427,0.09131537446355734,0.18670339581600875,0.13214763911040825,0.33980208309909377,0.11269282234233748,0.044647102345576804,0.24634488071867797,0.14632193054297746,0.38883311236078777,0.3588272160203486,0.08580564318122191,0.18711723026601723,0.1324328474087987,0.2359954523769489,0.19034538526963066,0.2817350714408255,0.19085090512128128,0.11843153592717681,0.19035550831153353,0.42413803207040096,-0.012522082655694817,0.3083952648981117
0.09475858473519062,0.2573817629301337,0.3483677689241316,0.20884218787707465,0.40043791606610174,0.33791551305675444,0.17432664124353486,0.25915476854435443,0.2001432587329421,0.18559510630733742,0.21449150800581165,0.24016544190916722,0.2561125042742358,0.20718935708171496,0.22118059585396913,0.33394057607665056,0.26395906528097507,0.19246098242512508,0.7805215410077675,0.1718070186818612,0.22381142891654643,0.3103685966070986,0.17140137638360364,0.24462439886390103,0.27732612269585444,0.18621424146378654,0.18723780699439144,0.15356496115487045,0.2878553135893041,0.32300328326511873,0.22867437031184046,0.3525529646891469,0.09600103975490805,0.2548384097793641,0.19700976190121283,0.31707953149442875,0.20244578309174596,0.12710551676330994,0.2558238748148717,0.19332109755380683,0.23536075270867662,0.21663414753912033,0.19368073721995377,0.15981579885017216,-0.025805303516177835,0.1313371099540872,0.2584250652881382,-0.006800001950101324,0.6241689068495235
0.07886720269559172,0.6161127980080913,0.572968445502918,0.3213847400566483,0.13420050641261966,0.30137783740646473,0.25302186440488006,0.34684438236329773,0.2859454458608693,0.2681857387058002,0.3918334132278583,0.27267128648569483,0.29697165390330066,0.23752267561209445,0.3743009984109991,0.3177076494621574,0.7724034482545973,0.09051950193776245,0.1718070186818612,1.4575873696685175,0.3561981103579552,0.3497463930430595,0.25390571686663166,0.5851602014719467,0.5088560115888884,0.20261561681549942,0.6480633435984714,0.4357093312084121,0.46096035927046464,0.8227245103515853,0.49883503386311373,0.6047969691642179,0.39765191937242533,0.396553790501397,0.38370236947594494,0.5422410916553323,0.9846056272841369,0.6972913920028141,0.557391970371127,0.32378794935358773,0.2378595119119346,0.4960626062140222,0.6719674343832561,0.5016357741023916,0.84367916416573,0.13174969593062574,0.4742206850779948,0.0003833628160379652,0.9488243831223143
0.08998191136532135,0.43535517841762994,0.4344264506958616,0.2940699982177143,0.184138380964321,0.2242687884791334,0.2021896349181308,0.26325560522942126,0.24440614864810875,0.21967019375022284,0.24719628384786724,0.2099989739462617,0.23764691450396122,0.22986464578958815,0.30000709792918584,0.23214856347693397,0.33023087100423787,0.2621153929568476,0.22381142891654643,0.3561981103579552,0.7239928557450969,0.3546037680254471,0.2551079620067424,0.4087425259060437,0.25643034473286513,0.3625217320953205,0.42390702463407903,0.30764886089817656,0.1305986643041971,0.41355932647640986,0.39506580561039867,0.4319943640203038,0.3539572637049182,0.22027570221587967,0.23307404746752836,0.5755751864260644,0.46818072435842734,0.23712413847698469,0.3565120445787945,0.4109776305484881,0.3318690750253548,0.44589462346524905,0.4044337539754153,0.2327260123613843,0.2024043523110281,0.1937834017087798,0.3434454233297047,-0.0075736656190108645,0.754830664675173
0.10312254283862346,0.3131780569655979,0.5435553275533701,0.3530528540275312,0.20743869589609876,0.31070812265107534,0.2783485769261197,0.4036995091864563,0.28895846221416854,0.32267875013773223,0.25588684624561786,0.20194515969228813,0.45655055204438844,0.18930049055125556,0.07947389767269512,0.2682980012545593,0.39493024810031346,0.3416256351091081,0.3103685966070986,0.3497463930430595,0.3546037680254471,1.619069970745995,0.5031809218172367,0.46804007870321995,0.2252180968883801,0.23334026803109875,0.40118834489834804,0.10260313457776041,0.5111755181826039,0.3176384574326385,0.33110155504216554,0.552194502977128,0.16700713211725085,0.3977772441320077,0.06124693541780441,0.563202366961914,0.27775967384803024,0.20960237773866433,0.45569048425764497,0.3559614758276925,0.18315643823785693,0.3025398886413517,0.5448198367508328,0.20467577816815133,0.027609128807301764,0.24595323776311823,0.3371804990336541,-0.016147067392123883,0.7113429058287252
0.05755246678194395,-0.06547011852876124,0.24343331671679844,0.37749810792265287,0.2834085269826164,0.21709615635031518,0.2557982414066422,0.20623525960451486,0.30470580050567236,0.2052163471272308,0.2498866281582256,0.2402076346069174,0.24919916666843633,0.2771154085293004,0.36551189550573193,0.22397301653549406,0.2216102295387328,0.47128108530460194,0.17140137638360364,0.25390571686663166,0.2551079620067424,0.5031809218172367,1.38231184662811,0.8200648248718045,0.16455126830950548,0.29079082756834906,0.3160808328679554,-0.0984256565422985,0.2892078236374587,0.22773501706236157,0.20904138579458337,0.17766358949814018,0.029359023467922334,0.24273002126110352,-0.14100738547908048,0.7499206145851838,0.11337048997924225,0.1451770274148281,0.15034418967198881,0.1048879133500613,0.22292724998974928,0.1864780366980052,0.3470819773847127,0.5348709974871957,-0.060656384624756636,0.27143825051013487,0.309375254275531,-0.024625711934758564,0.19305671969670976
0.03257657132941736,0.25676582879790827,0.5053165868883674,0.4687414482158538,0.2415462456728098,0.3120517114348921,0.26757449643053294,0.32972926852403,0.34904187542250403,0.2811721568885128,0.3285421716799843,0.2874410668413659,0.336410513238594,0.39512972808647356,0.43776621479280103,0.34973970034987834,0.4358721122448839,0.3029435175486535,0.24462439886390103,0.5851602014719467,0.4087425259060437,0.46804007870321995,0.8200648248718045,1.6986665882503222,0.41933128241151335,0.2582623082273631,0.6530508968365951,0.30001034707999596,0.33876516873491197,0.7073404476456829,0.6683623308249574,0.42690433222406293,0.3415140009681482,0.17208963696882318,0.24032793888067291,0.9825580257199501,0.5477931172450339,0.32493322023024696,0.43427770312439534,0.1808454020953968,0.3901602698072561,0.3926108204769683,0.49133003918430973,0.4826570480067717,0.2349373946466646,0.3208422436119561,0.46039575031383684,-0.021491250678894572,0.608406824476011
0.12246252803521189,0.3870510843343518,0.5316096574977808,0.2651512391650308,0.056820291412683785,0.370985760888199,0.18943681700094056,0.339670016121847,0.07014212890043313,0.3245167440197616,0.21411460466177032,0.23977297715980947,0.26009701900625626,0.3067488676984812,0.21381702599160154,0.16569025742833543,0.770097912710194,0.11297949819676707,0.27732612269585444,0.5088560115888884,0.25643034473286513,0.2252180968883801,0.16455126830950548,0.41933128241151335,2.0241474140727695,-0.07946967590883526,0.3676565639568639,0.3997253261269739,0.8099615369070543,0.840083969917423,0.3193957475964502,0.44942915978124925,0.3113419635829471,0.5412969808250635,0.4969303156124491,0.2979740190426251,0.6883522002475432,0.33607245894040183,0.7260793394420629,0.2252591582965377,0.25383146364236503,0.3056655581122317,0.3693211192754273,0.4680607398854562,0.2326083192206208,-0.015535180357538867,0.5066982503555433,0.00812717156939232,1.6128131055823398
0.06652089417901773,0.3736603056384664,0.35293916900918165,0.34847553683675764,0.24972762295999723,0.32947805555381793,0.2590214951772918,0.2951518437051574,0.3806977463132415,0.180333270265842,0.27948573791560793,0.27404877727350746,0.2506332305571703,0.3064187870996453,0.28277338699818905,0.20693618360883492,0.16777467285243158,0.35828148563583706,0.18621424146378654,0.20261561681549942,0.3625217320953205,0.23334026803109875,0.29079082756834906,0.2582623082273631,-0.07946967590883526,1.9272203518374305,0.5775753119876393,0.13431856294267053,-0.2107194615644648,-0.4119036552929064,0.1811585507841988,0.38989390658791456,0.07169368008039265,0.1941194177079583,0.20182222498786861,0.4881232277766128,-0.3726735051746417,0.14854369087974176,-0.6778417514533759,0.3205471412488477,0.26895390961704285,0.3571183811347194,0.23535605880719962,0.20046817488882618,-0.2281164493546905,0.19238329282832187,-0.041853475486372596,-0.015519719624277627,0.034170740036458896
0.10827139336963285,0.8491833784930395,0.7627088639243955,0.41123472274769285,0.026535668435161756,0.3749123061603648,0.30140982406187494,0.43178215124779296,0.36982145254760285,0.4411876255000507,0.363645873787694,0.33649779685605685,0.3382018503821028,0.37109920186166606,0.4529316059745441,0.22140553614240424,0.5819879416778863,0.0955783860857427,0.18723780699439144,0.6480633435984714,0.42390702463407903,0.40118834489834804,0.3160808328679554,0.6530508968365951,0.3676565639568639,0.5775753119876393,2.3091810137380024,0.5462987200349164,0.03129027588603655,0.4499509357851489,0.5351349194425161,0.6189452370507132,0.5730123826185347,0.3103775991960147,0.439332198104184,1.0991718754692206,0.686407812893911,0.3315447412144519,0.3674696002431945,0.3966047873140928,0.16554536470871786,0.5189082803743176,0.8903366354339926,0.4023265822925545,0.373217732063651,0.2828925143894814,0.23618243806600298,-0.011529290413309376,0.6315568747210871
0.08128894618501577,0.5082300416251813,0.5020559106631207,0.16149300675714737,-0.01575926493652232,0.19777083503890175,0.15053676825924503,0.2852675931321502,0.16311483086061515,0.24613013417226612,0.20619980475887145,0.16984100195953372,0.2177218207198243,0.20145274943569955,0.20594406715608912,0.23859458317325052,0.39306379059204377,0.09131537446355734,0.15356496115487045,0.4357093312084121,0.30764886089817656,0.10260313457776041,-0.0984256565422985,0.30001034707999596,0.3997253261269739,0.13431856294267053,0.5462987200349164,1.1195705684986863,-0.04760051574829033,0.7475818757843541,0.4386596494299004,0.11774767817670133,0.827808135813234,0.1518430110619108,0.9798669897382861,0.35911249846782833,0.7715914252287487,0.28369752166385603,0.47207002793542446,0.20120130685824186,0.19297791161659622,0.40246107467016373,0.3651925977009898,0.5725468000075129,0.26101991114809664,-0.08585611017336854,0.3988193218097484,0.023668118327290506,1.2060944848915307
0.12804727949484518,0.4740137992387839,0.5968949609528994,0.31460943061993396,0.108318311141692,0.3790718145462559,0.1812185675657868,0.3311287515239343,0.10711889927827814,0.3069604657190131,0.2616018293979717,0.2224195632703052,0.35700570920872116,0.2695411248582554,0.21407210489973907,0.3276476808102175,0.5487266778367453,0.18670339581600875,0.2878553135893041,0.46096035927046464,0.1305986643041971,0.5111755181826039,0.2892078236374587,0.33876516873491197,0.8099615369070543,-0.2107194615644648,0.03129027588603655,-0.04760051574829033,2.996446215967552,0.5378126776700685,0.08852747365515273,0.7140579960800761,0.05104303013177401,0.486322810174204,0.031985241484168196,0.5545487203629696,-0.6608879083596445,0.1791188033894575,0.32583576173539164,0.3761113073877687,-0.0022225728330039925,0.14338545588835652,-0.16411231023054149,-0.2770297455682985,-0.3504179610604926,0.433763655514747,0.3927272109032182,-0.03823014479301632,1.0577417414796781
0.18193798297159333,0.6258482973427738,0.8361129146649868,0.21960402901467596,-0.14737085926969948,0.3131059385171045,0.16914283692795948,0.4769606868081056,0.19370768909091796,0.4200484230515111,0.2779948530092033,0.17433275450783542,0.34005450566935097,0.35626789456031827,0.4152846922542038,0.36290977843238964,0.5087408287290726,0.13214763911040825,0.32300328326511873,0.8227245103515853,0.41355932647640986,0.3176384574326385,0.22773501706236157,0.7073404476456829,0.840083969917423,-0.4119036552929064,0.4499509357851489,0.7475818757843541,0.5378126776700685,3.4814203785447613,0.7259650067825524,0.44071209467351674,-0.0187021846795422,-0.13069592175188835,1.3844021832796005,0.5294243913594573,1.1777414406510363,0.4197798916751546,1.391581188698476,0.5448836267166131,1.4416534405926695,0.46724927821566814,0.9095461435226513,0.9017618640689977,0.5563473768673031,0.028415734248730586,1.6141604828280174,0.0057332082158492,2.43386083873728
0.09789594919666665,0.5518941763589004,0.5580517050985637,0.32985075508069517,0.1801074744518988,0.2505292563495777,0.22414578569441052,0.3248411826655938,0.2701851052839241,0.31464426673239065,0.28849484446603507,0.2326442850614637,0.28514902403120546,0.2638215543868763,0.33480027394544337,0.2913702455579878,0.39311263299662685,0.33980208309909377,0.22867437031184046,0.49883503386311373,0.39506580561039867,0.33110155504216554,0.20904138579458337,0.6683623308249574,0.3193957475964502,0.1811585507841988,0.5351349194425161,0.4386596494299004,0.08852747365515273,0.7259650067825524,1.0623701284707296,0.33858027350431286,0.250369144506083,0.23254366975669927,0.5325949002110615,0.7894152256044066,0.8405909288422274,0.3042464607908369,0.6146928784511265,0.2052988077322287,0.48915094977302964,0.3944708173724888,0.4797143863076687,0.2808376664556733,0.41437655230573933,0.26290371230349824,0.5013565143929641,-0.012329194295479047,0.7608730620579831
0.08048990452229476,0.41757642812340395,0.35086999658622436,0.32065247608812986,0.3496824214104854,0.39302467536623176,0.2225312682972826,0.2179203507625673,0.27178647548727236,0.16970786718228847,0.22407206019690348,0.3049849363858271,0.26859347862012795,0.2027381817351552,0.22832136518371504,0.35135408119311673,0.2755823881411358,0.11269282234233748,0.3525529646891469,0.6047969691642179,0.4319943640203038,0.552194502977128,0.17766358949814018,0.42690433222406293,0.44942915978124925,0.38989390658791456,0.6189452370507132,0.11774767817670133,0.7140579960800761,0.44071209467351674,0.33858027350431286,2.9554246512124553,0.4178390389114849,0.40607614199275927,-0.18468618849102278,0.7510400776221778,0.015403931162749412,0.38227320247870505,0.21748163077190072,0.5805285773133754,0.0359980389164384,0.5064185010865174,0.3660136669529,0.014630664582372405,0.14118994468382295,0.015228462182741586,0.32520571133479104,-0.0008905687780796508,1.8416210114807696
0.04115774214336766,0.43851306505581433,0.2509978432568571,0.18916949285322596,0.15493257112759498,-0.02027378095431978,0.13845127172118138,0.054172717293904646,0.1932494823396913,0.10124074575486176,0.10871729136490027,0.13996296239045558,0.11264063967362188,0.09224867926097015,0.15403629818096343,0.06558829755444076,0.3867947307743839,0.044647102345576804,0.09600103975490805,0.39765191937242533,0.3539572637049182,0.16700713211725085,0.029359023467922334,0.3415140009681482,0.3113419635829471,0.07169368008039265,0.5730123826185347,0.827808135813234,0.05104303013177401,-0.0187021846795422,0.250369144506083,0.4178390389114849,2.5907640364121804,0.1263609033770266,-0.6426595829579428,0.44681402174566315,0.5808140657908016,0.3771220894926802,-0.01908608382663619,0.38310934172976163,-0.6190494243420489,0.4426611000059305,0.12967325190978435,0.30942521223899594,-0.4307736639868754,-0.061698867702400816,0.09586171456814833,0.026546849728887583,1.5593090703848451
-0.020825120468065814,0.3368619193964746,0.4370295097832945,0.3958667014559813,0.38401603488604635,0.34042453691744007,0.28439942990555567,0.3771472197216388,0.16196621730278313,0.39024043153991483,0.2784682225361453,0.2819465106481247,0.3343198118040805,0.198427637035176,0.19773209142605896,0.2868900103027269,0.4393177318329733,0.24634488071867797,0.2548384097793641,0.396553790501397,0.22027570221587967,0.3977772441320077,0.24273002126110352,0.17208963696882318,0.5412969808250635,0.1941194177079583,0.3103775991960147,0.1518430110619108,0.486322810174204,-0.13069592175188835,0.23254366975669927,0.40607614199275927,0.1263609033770266,1.7832093750079923,0.23785854022343933,0.29491397736414465,0.6790892073691029,0.2901142406607683,0.36137597220818185,0.07061043729242969,-0.14861116540241495,0.3338025513559198,0.3298944980648524,0.29245348418396866,-0.12068230247048038,0.048175165213455357,0.17660982962181287,0.009828077743911848,1.4876162228951548
0.1153991517280652,0.511990016425256,0.7150409159960384,0.1140069828541925,-0.16756373194391164,0.38224356209590815,0.15987472917244877,0.4893676894133359,0.11915451446386174,0.37325964105081627,0.28598263728569057,0.19383565737024028,0.31792254913243756,0.2944005449052252,0.23793093288667203,0.3796354774686609,0.3653882633971217,0.14632193054297746,0.19700976190121283,0.38370236947594494,0.23307404746752836,0.06124693541780441,-0.14100738547908048,0.24032793888067291,0.4969303156124491,0.20182222498786861,0.439332198104184,0.9798669897382861,0.031985241484168196,1.3844021832796005,0.5325949002110615,-0.18468618849102278,-0.6426595829579428,0.23785854022343933,2.66209053413275,0.0216501001370365,0.7286066940598079,0.13938254174191467,0.8180101165031596,0.01937626696279155,0.7899859276264681,0.33057137415315824,0.49826599707478575,0.7186242386109055,0.6697534733854185,-0.13874736876596158,0.6766232942377982,0.02517437820794341,1.0289914443107855
0.11215093672519659,0.5680263290784566,0.6170168255939162,0.5068954272672611,0.31231684942232,0.3030772852847516,0.3279137366169235,0.3347509091396186,0.4164470237595466,0.3670866073967156,0.36677757232792213,0.3710296347704161,0.3552828759331693,0.38203284152770245,0.49877103459899214,0.3601807695738469,0.484397954595177,0.38883311236078777,0.31707953149442875,0.5422410916553323,0.5755751864260644,0.563202366961914,0.7499206145851838,0.9825580257199501,0.2979740190426251,0.4881232277766128,1.0991718754692206,0.35911249846782833,0.5545487203629696,0.5294243913594573,0.7894152256044066,0.7510400776221778,0.44681402174566315,0.29491397736414465,0.0216501001370365,2.7201188818506905,0.2758675389001425,0.28783368803452847,0.33768330039231176,0.4983386750845616,0.3235295500113507,0.6108340687140007,0.4709848926369544,-0.3384747916355502,0.13760852891711106,1.0873872962721505,0.3224707076655438,-0.09536029633814078,-0.33803717450847987
0.10723472539866234,0.9792452431605752,0.7505140913353383,0.3891682426165359,0.2143010910375647,0.1933873622280501,0.27626130336358684,0.4124903259353443,0.29874783992783993,0.4606330297694161,0.33722516290927673,0.21724200098169702,0.3109912865132779,0.32169510053760514,0.41435987604196084,0.3386998163375236,0.7622656542325877,0.3588272160203486,0.20244578309174596,0.9846056272841369,0.46818072435842734,0.27775967384803024,0.11337048997924225,0.5477931172450339,0.6883522002475432,-0.3726735051746417,0.686407812893911,0.7715914252287487,-0.6608879083596445,1.1777414406510363,0.8405909288422274,0.015403931162749412,0.5808140657908016,0.6790892073691029,0.7286066940598079,0.2758675389001425,3.7437627821467383,0.5297371805035975,1.1687385580494027,-0.15157131043678496,0.5307478087597268,0.6265437889637697,1.1343809798497322,0.7420674487312906,1.9204057004339856,0.03757219866903069,0.8276598433037252,0.023500617967841645,1.7904731355669765
0.04296601818891009,0.31842827485908987,0.31441565621145184,0.1965144317488801,0.1119000626278518,0.17358031769432905,0.14551735128816934,0.18646422912897315,0.1650465442403351,0.15459186977089617,0.20369512550557495,0.15461595902903366,0.1629354596859163,0.14020357825827073,0.19471220197467395,0.19059383739788113,0.4084839368608432,0.08580564318122191,0.12710551676330994,0.6972913920028141,0.23712413847698469,0.20960237773866433,0.1451770274148281,0.32493322023024696,0.33607245894040183,0.14854369087974176,0.3315447412144519,0.28369752166385603,0.1791188033894575,0.4197798916751546,0.3042464607908369,0.38227320247870505,0.3771220894926802,0.2901142406607683,0.13938254174191467,0.28783368803452847,0.5297371805035975,0.729510958995584,0.2520933755915137,0.19118147189744464,0.10145321020061142,0.31058210327247143,0.3640532830057173,0.44552423837151517,0.5099436895160441,0.1005704205427687,0.2755468304495155,0.0006138191258780995,0.3598877045596913
0.12670355019611307,0.4956476077870733,0.740422354224149,0.2970381123137023,0.03668143803243142,0.35821508666054125,0.24742481693581989,0.5410463396088164,0.1820356208448735,0.42240550512788066,0.3456296516353541,0.24847769211339463,0.39993003564687146,0.2269723565197575,0.2445801440011972,0.2729508335584677,0.5516728190363679,0.18711723026601723,0.2558238748148717,0.557391970371127,0.3565120445787945,0.45569048425764497,0.15034418967198881,0.43427770312439534,0.7260793394420629,-0.6778417514533759,0.3674696002431945,0.47207002793542446,0.32583576173539164,1.391581188698476,0.6146928784511265,0.21748163077190072,-0.01908608382663619,0.36137597220818185,0.8180101165031596,0.33768330039231176,1.1687385580494027,0.2520933755915137,2.898911442202007,0.4881000060441937,0.4958990591161009,0.23252417690286395,0.7469985712417951,0.5245168148435146,0.6503434770875114,0.07224160587942109,0.7603786959215434,0.014646350968583799,1.415594448070794
0.0836423444506206,0.30580009016565185,0.3494023665500324,0.21027088024649804,0.10807786295404034,0.2000190999283376,0.1519604878817136,0.22626025619110346,0.1616731983172881,0.19123162090474563,0.18154148907214168,0.1834236279736877,0.19940248885442505,0.1663057101238401,0.18236469089733823,0.2116219479918357,0.2519602175618225,0.1324328474087987,0.19332109755380683,0.32378794935358773,0.4109776305484881,0.3559614758276925,0.1048879133500613,0.1808454020953968,0.2252591582965377,0.3205471412488477,0.3966047873140928,0.20120130685824186,0.3761113073877687,0.5448836267166131,0.2052988077322287,0.5805285773133754,0.38310934172976163,0.07061043729242969,0.01937626696279155,0.4983386750845616,-0.15157131043678496,0.19118147189744464,0.4881000060441937,2.7096294081061165,0.0635029054194372,0.5029119990801143,0.4449749658162161,-0.10371454810074796,0.1361590505255311,0.02895380141489594,0.35929960711366976,0.03377512694862254,1.410334457207
0.11731408224857764,0.32904538466820227,0.4091632549441035,0.16587828288075807,0.0778575676712044,0.0810136127440152,0.09565806970744888,0.23980153559711387,0.13968934356741308,0.2514539295378435,0.16223229948369003,0.07952180263492657,0.18435293525098287,0.26307561198048446,0.2878400405574274,0.2829268577957458,0.1871634615170054,0.2359954523769489,0.23536075270867662,0.2378595119119346,0.3318690750253548,0.18315643823785693,0.22292724998974928,0.3901602698072561,0.25383146364236503,0.26895390961704285,0.16554536470871786,0.19297791161659622,-0.0022225728330039925,1.4416534405926695,0.48915094977302964,0.0359980389164384,-0.6190494243420489,-0.14861116540241495,0.7899859276264681,0.3235295500113507,0.5307478087597268,0.10145321020061142,0.4958990591161009,0.0635029054194372,2.7705769863015353,0.20494446339380204,0.36164167821468507,0.3136010796126502,-0.9191720732874247,0.8997997903172674,0.8307992913299096,-0.0785603422480503,0.9131720252293679
