1.051513050256172,0.3219896273665096,0.5153619976084534,0.031165127139785354,0.032138438598482776,0.22120644196119404,0.23882333482326873,0.14782602545896942,0.12000508779050223,0.09854431610889576,0.14878146944680593,0.18431181740100847,0.08027694161961069,0.17343910977700722,0.1666855741749482,0.13545889276168738,0.10588567234147903,0.17657436236065846,0.09014573812529424,0.13586789614224715,0.12503942455839712,0.12143893552526452,0.12477538656591357,-0.009193884972134837,0.13581831736487768,0.20412879635853756,0.19266646918845215,0.0373188721399603,0.04691825742173885,0.05742239937443335,0.17482976480306087,0.18737612461034836,0.07432557971948751,-0.05050569466383863,0.1314904646732551,0.2352300575345586,0.01564223852267321,0.10451570597715608,0.06859050829215593,0.05190050614341954,0.05231835369573553,0.11514989782007412,0.09403198607334608,-4.935187111801212e-5,0.21802534266091295,0.20920968423795644,0.1079827455414422,-0.026557993012511556,-0.1762319028867447,0.05350216441915612,-0.01883598028833331,0.03191643032755675,-0.06638928474856912,0.011394255367059469,0.0456850162478059,-0.1394308120359686,0.22344904611310135,0.3026757692620936,-0.5186106345475701,0.007469953491308017
0.3219896273665096,2.2980508345687314,1.375261002128102,0.1880122055357274,0.038124793071952774,0.41917816437863825,0.23373396759301227,0.3346702718690646,0.059016374190485714,0.20649750289408902,0.22844618601524558,0.1982825616505227,0.14219345462181934,0.22794147046850005,0.13238474270551057,0.17743958732140233,0.23413436624875572,0.3236429332724187,0.1518671036137445,0.48822644850373054,0.21748078419630948,0.11378671275060398,0.04932328613303773,0.045931211981028376,0.17556139705459733,0.347845017633656,0.3531120955888588,0.2561561979790266,0.2564001532904552,-0.17373584828573824,0.3180927491422866,0.22132556367640166,0.0621932396484372,0.366132652898425,0.004929842992599865,0.5012210759454684,0.12077350285250164,0.2690949963740146,-0.02167826223225123,-0.0033166488254063077,0.1276338584428407,0.2205483937190208,-0.0019602192798175715,0.03471092343023047,0.17893945908208805,0.29846892171985656,0.07091737326292503,-0.02087631062805568,-0.7731370174212998,0.005624026563485538,0.04059607479150781,-0.08596032199098996,0.02460545123687293,-0.060633220971331274,-0.4752196265350806,-0.36947167498200884,-0.2100425849931087,0.05676850580605356,0.7958168584832794,0.10490779154207894
0.5153619976084534,1.375261002128102,3.083577125597546,0.21995108176941874,-0.2008680504510813,0.541379848203548,0.38474560320617834,0.23134712746381492,0.27093706666178297,0.3500412711816531,0.2918120464372539,0.31875207075158396,0.2196937239316454,0.22596620098094153,0.2675398228087135,0.20198349282992947,0.2924352269925949,0.28943835361188547,0.1306296229314325,0.19577504458501852,0.21221021071314003,0.22279636444915593,0.09473062972816913,0.2518497547169912,0.275539235941072,0.41065949796560836,0.31291288920110955,0.3562199734736912,0.1453682117561783,-0.6381993295806923,0.3692132947879106,0.2422883263264961,0.06563104165610523,0.4358014092521281,-0.05083732430831719,0.758541401869773,0.020462662528455515,0.1562970377137371,-0.09883403529326369,-0.3480003461634485,-0.01213286137472635,0.17584794364827508,-0.29220361728665806,0.024941820232387446,0.033113420581852036,0.5582630707543473,-0.15668680415553762,-0.13637040277408935,-1.3999885519449649,0.09880959850683788,-0.046689800258264955,0.166805795703207,-0.060371730883619926,-0.12811954766725442,-0.03292697750821836,-7.835119008065913e-5,-0.184018495995876,-0.7033948339136256,0.7574123162135887,0.11608260201029964
0.031165127139785354,0.1880122055357274,0.21995108176941874,1.2331893342560805,0.4236302618295797,0.40309298022842793,0.3545251570598129,0.28850257158929743,0.11007493928555834,0.17202018657727386,0.25345167193563145,0.33123762742628166,0.18353628560719873,0.3191525303211191,0.1909129228687801,0.32789767094726885,0.29672262162862006,0.14136251699861355,0.29645413005999877,0.19866650483316528,0.15426814819984455,0.2129949978993991,0.03813250427630867,0.15384873283535444,0.1943056079958632,0.2608192302603331,0.10902945270714375,0.10426460371767919,0.23467932932465407,-0.09542557095482926,0.14614306694832813,0.23455578038943872,0.0719313554184451,0.29473267589469154,-0.2014358049252289,0.26760810606341734,0.04784833053596308,0.1168960962296098,0.1308205895492488,0.024628762209356617,0.1454308175294299,0.13971198003437443,0.09641145969541565,-0.01080642991363374,-0.10415618326261453,0.13226244486715485,0.05032149515967628,-0.024088716373727802,0.037781762111121026,0.07272864120969659,-0.018138021623078263,0.06340933143084769,0.001786832091634031,-0.1170701946176402,0.03548940545647839,-0.07464428748502287,-0.3171829330339702,0.11408062316478772,0.22822165454494842,-0.06824667069908759
0.032138438598482776,0.038124793071952774,-0.2008680504510813,0.4236302618295797,1.1804701546193932,0.2231619946154028,0.22284299510977731,0.3338240477816639,0.09597288387970879,0.29571784864952094,0.2210151284770367,0.24679996410159014,0.19706766456083658,0.26418536657680797,0.21881206617883334,0.2908112414171465,0.25630374052391697,0.16739367414448428,0.48478844454167525,0.1810097669576324,0.10354680329659889,0.19041693687381564,0.03894454843271495,0.18406682942620534,0.15999711612123702,0.19087224667605757,0.11463273499244976,0.06747582229386992,0.2238027775701459,0.04109234444383911,0.14580888931052696,0.21517944107496978,0.0647752877361874,0.19970655779923918,-0.15223854123281647,0.24807826356224866,0.10994743450130115,0.10113178260672284,0.18311570855535103,0.11806099930923479,0.1989753660999514,0.11247618786551389,0.07142626605363553,-0.0017124627109486742,-0.10321371388605546,0.11668954529822669,0.12148175634335671,-0.008852743135379997,0.1676518203676418,0.19387230756808269,0.04470585779880995,-0.07118996374184837,0.03080924470910657,-0.11190843366546195,-0.0394317715395196,-0.15771591408959224,0.027152290192760685,-0.013627091076337562,0.16120350706230924,-0.21148026872217857
0.22120644196119404,0.41917816437863825,0.541379848203548,0.40309298022842793,0.2231619946154028,1.033360209083278,0.3087084329315648,0.3184819745523718,0.1233096950308944,0.18325182281864877,0.2977165069336432,0.37448194310463934,0.19647525190174428,0.3209841980033491,0.1694598594759167,0.3185574280475125,0.35684549480812816,0.2138783078188018,0.4251680564607432,0.3106675749052445,0.1984029439997589,0.22336521528456033,0.1298547264824495,0.1794729102318089,0.25644300958758454,0.3255945216504667,0.24027132512821206,0.11406863086032729,0.31038628637785853,-0.03282338482067301,0.23979303716913725,0.31152536465121433,-0.07991572720354631,0.3527098120465659,0.13385705824886213,0.37664576167281194,-0.09983953998277208,0.1791352043711741,0.13749141506538268,0.07775128351053716,0.026975628050879396,0.1932458710568137,0.13364778386932863,0.010541920372839686,0.18183843617661857,0.21827140359089495,0.08794630952047834,-0.05401498472116887,-0.2058366603091152,-0.054255223744166414,-0.17345035386507035,-0.05889224114532542,0.010079763405421169,0.098686743446739,-0.06075999119001313,-0.1071808197256344,0.008094362905971318,0.14481321848578804,-0.07351479152202023,0.1338538542967774
0.23882333482326873,0.23373396759301227,0.38474560320617834,0.3545251570598129,0.22284299510977731,0.3087084329315648,0.6889110270459533,0.1133455502667256,0.24645297020306273,0.12075187403491039,0.2545090420371233,0.3681925499410048,0.1560761705162125,0.1283484979991718,0.20560128578677925,0.18480307803110108,0.2543849912559976,0.17380493962341356,0.20773684698172487,0.17903079107670725,0.1510018700802341,0.20187844893239884,0.06610896656403918,0.15026610960085918,0.19514452645196614,0.2415766147114888,0.23459254141190722,0.11775137176035858,0.19426162452916174,-0.051680464649589225,0.17798652175543567,0.17969080307850477,0.0494990454777298,0.24968326370739377,0.03625154013241447,0.27516829741282867,0.022775733761564877,0.10959369006028771,0.15705100584353493,0.029913238791163865,0.033380030553645385,0.13816241394954015,0.09903428480190464,-0.002355066123903765,0.0771746382616248,0.1527096516276817,0.0977383796946238,-0.021673875236738655,0.041923202732142256,-0.07130136145014083,-0.03008676490240785,0.06317785867775884,-0.025553889374634965,-0.01242123103573102,-0.049084169073416464,0.1001795405464805,-0.024866132040982362,0.10639648655988933,-0.24394173697736268,0.07836472339993551
0.14782602545896942,0.3346702718690646,0.23134712746381492,0.28850257158929743,0.3338240477816639,0.3184819745523718,0.1133455502667256,0.8967632349153609,0.11833764927734232,0.3716548652972509,0.2440960823842919,0.09283594976413576,0.21711853404953071,0.3308893131467234,0.11135900297766817,0.2202088190967051,0.23230689719137854,0.27247142179818534,0.2508956805189729,0.21374688109444726,0.1857187445214241,0.18132043078501667,0.09711215214229671,0.11638847647226512,0.22934714048176513,0.3224218180806804,0.13987250912157143,-0.00979686105566914,0.22232507996333234,0.10137350104017272,0.1959777178535073,0.27338773925136034,0.060823706139092694,0.28381928709133397,0.1943769815879811,0.2477864335223851,0.20830864290363044,0.12021075843246996,0.24834120474975235,0.18828553730054393,0.14666733879889643,0.1896021376881687,0.16128682885400294,0.03160436701230597,0.09864682352249445,0.2827300823879183,0.23228813806508636,-0.005114300756720997,0.049441284119966865,0.15299580369526913,0.0268605605695147,-0.2223691869063864,0.15991286177183392,-0.10051937334734923,-0.02959430617510307,-0.5044403798188895,0.21680587168819881,0.2338942393633795,0.19116461345605165,-0.03507360308123305
0.12000508779050223,0.059016374190485714,0.27093706666178297,0.11007493928555834,0.09597288387970879,0.1233096950308944,0.24645297020306273,0.11833764927734232,0.6986677261279964,0.1128059056946204,0.17145750295874443,0.16309321244788022,0.12667742824397676,0.1013548965864738,0.21736709505020096,0.07912015448899354,0.10602808378380976,0.15348126012042793,0.09304610805555032,0.042467080607476934,0.1896266115259035,0.34876668777405984,0.06534393736397853,0.22054159187321395,0.17001177389809072,0.2552408891647694,0.2060123787431222,0.1182551344741024,0.18983159808935224,0.043312150660495034,0.16997737449100722,0.1569513865125125,0.11749176257272138,0.23097524630132288,0.14030248359590217,0.27208590369142527,0.12315623898961851,0.05844330611126532,0.19728342566337678,0.03027161830418021,0.06056480526685194,0.16120868400093946,0.10912871029273628,0.020705788796687732,0.028574463336025983,0.202069386139544,0.13151876901024812,-0.04478482335924118,0.3431479846100293,-0.1818677948346215,0.02910142902036627,-0.08247068007412092,0.17772522611310895,0.02379451445261286,0.04396609591694344,0.18176193831538728,0.04639828988575328,-0.06511972685188085,-0.27452401164406287,0.1523851744137435
0.09854431610889576,0.20649750289408902,0.3500412711816531,0.17202018657727386,0.29571784864952094,0.18325182281864877,0.12075187403491039,0.3716548652972509,0.1128059056946204,1.145556948195761,0.27868681574050674,0.2991120763797053,0.1954202558299918,0.24891480254744536,0.26620949109713,0.240289209286883,0.3338364421958219,0.3587357815523745,0.22961504437517158,0.1321035807815535,0.13577119087515097,0.18114957987615424,0.12751286921943436,0.2691733050777024,0.2725664833326609,0.21621263385894218,0.37524000949882236,0.14532010785311233,0.22998918803668758,0.10102288383995994,0.22372366283802797,0.25279725471702186,0.0020174532928197257,0.30165113883080186,0.22466421821050092,0.3789446961950144,0.20975229931255457,0.07114680414535146,0.2627358389051736,0.12227792638803607,0.1500639979058375,0.15248602161549343,0.11361234440225129,0.026957967274550146,0.05381954699887352,0.23923870876148048,0.317678425976532,-0.024624710077758537,-0.00903002783626823,0.13414993153924495,0.027736753269016833,-0.01745486576582327,-0.14655508265719208,-0.029403353022226096,0.06325792403971016,-0.07633744223508689,0.3277843560909391,-0.321027025198323,0.07671722919859278,-0.028767763195237852
0.14878146944680593,0.22844618601524558,0.2918120464372539,0.25345167193563145,0.2210151284770367,0.2977165069336432,0.2545090420371233,0.2440960823842919,0.17145750295874443,0.27868681574050674,0.481640157456671,0.3894499687434641,0.21096836139187863,0.22508407790953616,0.3151231995104583,0.24958909140400107,0.2925953380214244,0.21035861696762687,0.19614988675160736,0.27072947366377687,0.18249632365086318,0.20138313710853542,0.07243229248061524,0.20299457535956625,0.2637760184452669,0.2661151262985524,0.2759918752603581,0.14784697738007982,0.2790995798185057,0.11460190747640672,0.24459158398886752,0.2297406724166574,0.022848785043752207,0.2801963446510055,0.22889465274904014,0.3426884811312187,0.13102213052410483,0.14755044701050973,0.2683136158176652,0.10882056409420086,0.10162280109597914,0.1856756480034804,0.1488762038094075,0.023064251274932175,0.14466326881318156,0.2128463580385242,0.1978622060513042,-0.009740667713419608,0.02369541145968489,-0.01934998280360402,-0.03496585277919758,-0.002037331742970423,0.06704865378472491,-0.011795713655705508,-0.014823783595529565,-0.005406304960093741,0.016134230303661467,0.039591080602382735,-0.12835510394354313,0.043778335147597484
0.18431181740100847,0.1982825616505227,0.31875207075158396,0.33123762742628166,0.24679996410159014,0.37448194310463934,0.3681925499410048,0.09283594976413576,0.16309321244788022,0.2991120763797053,0.3894499687434641,0.7335552281630268,0.1743036525724851,0.24234083237791293,0.3178649156589115,0.3267395098023688,0.3667665363720465,0.1585609501899291,0.24953064364333458,0.3033804613029219,0.16053290819613436,0.22788752932527936,0.13670793413999674,0.19532312335640717,0.3114094599006856,0.2983002547208495,0.39706794275235197,0.13196040999842137,0.32932307052132703,0.06815680177210245,0.2383801900237027,0.27376824749019685,-0.029068064391481255,0.2975586471165273,0.24814013743637697,0.38324805915320803,-0.01857171821797932,0.16740317812880956,0.2479902687436924,0.09063265312358729,0.03445354536913307,0.17337286430557486,0.15257933419386774,-0.011155352540274855,0.19456092808026076,0.14567837665436836,0.16812670022057633,-0.026886041166531694,-0.006885890995391468,-0.1779454076332327,-0.03919168450853203,0.20762281297798857,-0.09680591804829385,0.07047354237477144,-0.054721687817773666,0.16744087702426802,-0.06794210345117967,0.11227219601771096,-0.4369494345127,0.016181828795519573
0.08027694161961069,0.14219345462181934,0.2196937239316454,0.18353628560719873,0.19706766456083658,0.19647525190174428,0.1560761705162125,0.21711853404953071,0.12667742824397676,0.1954202558299918,0.21096836139187863,0.1743036525724851,0.34202481195427414,0.16101519373584008,0.1168105389515498,0.18049547801133023,0.1761890584383275,0.1436972837687879,0.1729680635594563,0.10118675898408329,0.13327280081823603,0.1628797925080878,0.01355551780495082,0.15941447337177,0.14334565247598224,0.19903629851931504,0.15017150814981148,0.12103460254961382,0.1614517031881039,0.05155469286835703,0.13140479962048066,0.17191232525483632,0.0738404922785255,0.16596605857134739,0.12227448365183607,0.2216378900340396,0.11493492308959655,0.06457827465705945,0.13497760343624157,0.055310208043386856,0.09771954141016269,0.12983473872517057,0.06880457315984873,0.012157683845592878,0.014771993915603498,0.15481486824550417,0.11283044815930311,-0.01560980993212939,0.029092069864974965,0.06226563344253823,0.005120145353155595,-0.057689590313320875,0.02140600994379889,-0.027299491276891696,0.04593683576227773,-0.0416520673492604,0.005575173075361423,-0.10216096868707895,0.08475086479177985,0.007517322973355785
0.17343910977700722,0.22794147046850005,0.22596620098094153,0.3191525303211191,0.26418536657680797,0.3209841980033491,0.1283484979991718,0.3308893131467234,0.1013548965864738,0.24891480254744536,0.22508407790953616,0.24234083237791293,0.16101519373584008,0.5927225454510082,0.23350229487036245,0.39079583547172325,0.26730840806615974,0.20596228686212614,0.21347644848294703,0.23792184327829452,0.17687219526694437,0.2414353516627414,0.07547873119505666,0.17899039455385848,0.2065663811995053,0.3079091366043074,0.06891763995775708,0.13845036925202192,0.2321247121764316,0.10050685362856003,0.20494207849234844,0.387435309687082,0.07659195454499924,0.21453644293652158,0.16723660923822997,0.3498231469263716,0.10149514881647126,0.14895632938289616,0.11200469656506572,0.11442384789925462,0.1902079020774965,0.1957734321097025,0.09278194494886553,0.018286370947391047,0.012337596066945709,0.19617764352395023,0.15611471723215,-0.024106140552004867,0.018189506074102874,0.16882456149429928,0.003644907967509428,-0.12675400329506287,-0.004820106364640865,-0.062015669323014805,-0.021146623413753077,-0.18151378236061552,0.005901632347912073,0.11957414915024388,0.03474048878382329,-0.13153691106705392
0.1666855741749482,0.13238474270551057,0.2675398228087135,0.1909129228687801,0.21881206617883334,0.1694598594759167,0.20560128578677925,0.11135900297766817,0.21736709505020096,0.26620949109713,0.3151231995104583,0.3178649156589115,0.1168105389515498,0.23350229487036245,0.8842900280337411,0.21912961680255977,0.29124278406951565,0.36396931562124935,0.18875963396758205,0.24840830942623507,0.1829551175693662,0.17029585234739186,-0.0017278422044718527,0.2423533901807822,0.20403768854313345,0.2663990698744299,0.12705248357158425,0.33415983270275285,0.23698714047235586,0.12185508003792585,0.21828284810526882,0.24058119397021008,0.06232394167859678,0.2204720284046444,0.16743627932234711,0.2933391576925915,0.29082446516574556,0.12976976024579645,0.18464707867758856,0.07264044736199185,0.19710497505388372,0.18960411360645485,0.204523949015404,0.029609763518842112,0.12989629462003074,0.20210120353781993,0.23936192814875817,-0.009588306448178523,-0.046711832135607374,0.45142787527318334,-0.12001105468333868,0.3180846585849239,-0.5359203806774636,-0.14281975990701623,0.12386493256042287,0.05539617525027831,0.0299477050790338,-0.059702869270500676,-0.14315805917237773,-0.14928070005231162
0.13545889276168738,0.17743958732140233,0.20198349282992947,0.32789767094726885,0.2908112414171465,0.3185574280475125,0.18480307803110108,0.2202088190967051,0.07912015448899354,0.240289209286883,0.24958909140400107,0.3267395098023688,0.18049547801133023,0.39079583547172325,0.21912961680255977,0.6490348210572956,0.3974698812862747,0.16315696509320005,0.24181043758975107,0.22077532626813046,0.18140616547019778,0.3373084956693586,0.038826996852346286,0.1941205141002416,0.23843355523891765,0.23676001945658556,0.2012945533578735,0.19320414782850615,0.2925597760036119,0.19692060640689985,0.19947344471041273,0.3181052974217429,0.0665912219441525,0.24965431030309418,0.2843764988293352,0.344681651823057,0.1522206717122802,0.14162081982806943,0.22840550653937355,0.1343805616753971,0.14511639521954914,0.20981802002565395,0.17357439325208907,0.018686119073676195,0.07691828055148503,0.17746879884048733,0.19627364344041504,-0.04746243821120821,0.13809953092488292,-0.008730463948076724,0.01133145869823242,-0.037607268625713536,0.0272589858994488,0.01019796338917587,0.05872451009310909,-0.029046277298572544,-0.08468783362546697,0.08192240105758147,-0.0765587562615697,-0.0558325949612464
0.10588567234147903,0.23413436624875572,0.2924352269925949,0.29672262162862006,0.25630374052391697,0.35684549480812816,0.2543849912559976,0.23230689719137854,0.10602808378380976,0.3338364421958219,0.2925953380214244,0.3667665363720465,0.1761890584383275,0.26730840806615974,0.29124278406951565,0.3974698812862747,1.0304392083209812,0.18432888129102507,0.26193282229788173,0.41892362520824783,0.1694650233496757,0.24464969265085643,0.1477856036324661,0.23647304492398538,0.2898406152072198,0.16168366150313818,0.327438612426883,0.18040188735400908,0.25716817487425947,0.12085736051436052,0.29216968356532774,0.24674040128581298,0.18398813570691572,0.3503028096919683,0.1803013817451159,0.4328189797572326,0.25345388848825556,0.21428207367577923,0.40840233306840423,0.14413186594549662,0.1347793351055059,0.19963023692808377,0.21537416083246239,0.033778330477239694,0.06887775710475508,0.19435180317461717,0.24474238601373838,0.0035314067059320654,0.0812630605711584,0.24160155517588677,0.06458034995112275,-0.2069535943218186,-0.15925361566312293,-0.0949904287267825,0.14559255355538325,-0.045849780673329656,-0.015293416192585165,-0.08181838552241229,0.06992136088719143,-0.08653292121825985
0.17657436236065846,0.3236429332724187,0.28943835361188547,0.14136251699861355,0.16739367414448428,0.2138783078188018,0.17380493962341356,0.27247142179818534,0.15348126012042793,0.3587357815523745,0.21035861696762687,0.1585609501899291,0.1436972837687879,0.20596228686212614,0.36396931562124935,0.16315696509320005,0.18432888129102507,0.7506438536805676,0.17077813299961722,0.06704713586655128,0.20631958644790266,0.15169872217321634,0.22475757199488142,0.26655830169014516,0.16160526083219215,0.3413595291309,-0.005381943495433182,0.09164243247331111,0.1980337295471812,0.028174577767598928,0.17933722762408155,0.2241280576697468,0.07260047477097314,0.20437322840225153,0.11438432160869486,0.30693593270133035,0.21483575049390902,0.05665190969512497,0.03361839446137654,0.0938729853944561,0.1819856184959784,0.19474803471577093,0.1483146062297991,0.026046908737690132,0.08757206988429474,0.2672160150487613,0.3222103892270302,-0.023625516512593047,-0.1800412742948843,0.48976188812172666,0.06152352162810424,-0.1624023188978856,-0.4060572682794975,-0.16934397831010292,0.028155240266031705,-0.052816133922284965,0.17833847968356042,0.07810674136083197,-0.20497881042512614,-0.05839067796412778
0.09014573812529424,0.1518671036137445,0.1306296229314325,0.29645413005999877,0.48478844454167525,0.4251680564607432,0.20773684698172487,0.2508956805189729,0.09304610805555032,0.22961504437517158,0.19614988675160736,0.24953064364333458,0.1729680635594563,0.21347644848294703,0.18875963396758205,0.24181043758975107,0.26193282229788173,0.17077813299961722,0.7951006721951717,0.24394068066506908,0.1496697418981017,0.17263364506630383,0.012894277830152382,0.13861278008373706,0.1204833929072894,0.16760472723881784,0.1193296739132084,0.16594129465347238,0.18514252899104436,0.05434506849542278,0.16810661899112755,0.2276532300520087,0.0643608464648678,0.18399756600925893,-0.009101838569042314,0.22884377609616832,0.12327242382433111,0.13713448498289582,0.16098581520163746,0.08214950463265043,0.12577125124842356,0.1394194394440792,0.10870907174087234,0.005055109717190045,0.060412460324735885,0.1917994084339296,0.13288755397608898,-0.015129662620139562,-0.01824518616630996,0.03414807562815253,0.1414105578032464,0.2600495200772852,-0.19495455972455034,-0.080661293212377,-0.052906179493051306,-0.08996721872429836,0.06758990781026748,0.06970300731475879,0.0035783719230643874,0.009504194438737101
0.13586789614224715,0.48822644850373054,0.19577504458501852,0.19866650483316528,0.1810097669576324,0.3106675749052445,0.17903079107670725,0.21374688109444726,0.042467080607476934,0.1321035807815535,0.27072947366377687,0.3033804613029219,0.10118675898408329,0.23792184327829452,0.24840830942623507,0.22077532626813046,0.41892362520824783,0.06704713586655128,0.24394068066506908,1.4674277678024712,0.15985149197108925,0.1026928815552905,0.30190558219570296,0.11084883271695324,0.128947956102293,0.2837378197781733,0.4283927993913709,0.024098170079763687,0.6991271204818216,0.45507657887942987,0.38318746499004536,0.24816923673407565,-0.15086197734202156,0.4689668834673617,0.22067897973907127,0.3602236514353118,0.3150956878349749,0.6869581820056458,0.24458545856871058,0.27716881765548534,0.33808643722134557,0.2707445299809589,0.40554785434936474,0.05420225084351127,0.5231480875070361,0.15973090602249332,0.40475025962064765,0.0776721086314643,0.08335795244674366,-0.06928087967842213,-0.03967759617363658,0.17282082801661247,0.0024280676445850337,0.003922071784503676,-0.0955583203513124,-0.12187688421217348,0.012351009248255853,0.1334713232453553,0.019240441845794896,-0.014451612321990404
0.12503942455839712,0.21748078419630948,0.21221021071314003,0.15426814819984455,0.10354680329659889,0.1984029439997589,0.1510018700802341,0.1857187445214241,0.1896266115259035,0.13577119087515097,0.18249632365086318,0.16053290819613436,0.13327280081823603,0.17687219526694437,0.1829551175693662,0.18140616547019778,0.1694650233496757,0.20631958644790266,0.1496697418981017,0.15985149197108925,0.5737962062015631,0.19758291172480766,0.07476617442779668,0.12618485703670942,0.19025214571319415,0.08673806575740795,0.09256547226006906,0.18601637113879357,0.06954735419052153,0.27685560001496123,0.30914045647853694,0.20441393428218152,0.35876087822125446,0.14624775765874867,0.19693654847920022,0.41929857109887614,0.487418758258944,0.1445878629082158,0.3899472710243948,0.19339032595824165,0.23987747138664228,0.41714306350191405,0.2271267269174795,-0.004134265924792398,0.3354548711671832,0.2905746020070433,0.2849589394861999,0.056193430797349876,0.0038767462292685737,0.034434229394381316,0.004324375357493323,0.005426794578789276,0.04921786069221661,-0.04283154294921749,0.02310792714252448,-0.01955289032427604,-0.004031409387485063,0.07031338207508063,-0.056851049990757005,0.1598642987879432
0.12143893552526452,0.11378671275060398,0.22279636444915593,0.2129949978993991,0.19041693687381564,0.22336521528456033,0.20187844893239884,0.18132043078501667,0.34876668777405984,0.18114957987615424,0.20138313710853542,0.22788752932527936,0.1628797925080878,0.2414353516627414,0.17029585234739186,0.3373084956693586,0.24464969265085643,0.15169872217321634,0.17263364506630383,0.1026928815552905,0.19758291172480766,0.5050126829070438,0.1250237793067051,0.20156509173164636,0.19370298427402544,0.19689310154626252,0.1911719093333304,0.09928495165991869,0.2660543732929539,0.14231464399905755,0.19032196619504943,0.24867241418099406,0.12166717967253081,0.26107234659306555,0.20392894532451222,0.33607678940970687,0.13943808031494817,0.10055203765813328,0.2595676266073638,0.09134888779661757,0.10867605844672144,0.1900927206819364,0.13228291258417987,0.0316016434581859,-0.010697713695534421,0.22336405001926246,0.17404895177983834,-0.08899470148944277,0.38438783505337565,-0.09835673605871682,0.028769266361207264,-0.105928039066666,0.13583157972950477,0.02228419509044484,0.04670991094351366,0.05447625880554005,-0.01121758250062474,0.003453559988852744,-0.15288555250677133,0.06759899386331103
0.12477538656591357,0.04932328613303773,0.09473062972816913,0.03813250427630867,0.03894454843271495,0.1298547264824495,0.06610896656403918,0.09711215214229671,0.06534393736397853,0.12751286921943436,0.07243229248061524,0.13670793413999674,0.01355551780495082,0.07547873119505666,-0.0017278422044718527,0.038826996852346286,0.1477856036324661,0.22475757199488142,0.012894277830152382,0.30190558219570296,0.07476617442779668,0.1250237793067051,2.3862183067700315,0.13315945587643907,0.4006969632520004,-0.035283087334407444,0.3879413480705275,-1.1985881027950496,0.6260527177856638,0.20034593918858193,0.23858630297383532,0.06866782205524846,-0.4210082781337346,0.4225594472929112,0.025305281372035533,1.140374369428058,-0.5885943340100942,0.12587082645722933,0.2165503772756817,0.21438950462494222,-0.006953247788396074,0.07538572164023079,0.0306944329810261,0.21336740767007437,-0.12553593101882812,0.3160185398814542,0.18831022999300845,-0.05409786881817422,-0.658323304232633,-0.3323978200228144,-0.07851881856247736,-0.04421291629501519,0.17721349141238568,0.13289777041819112,-0.11371754478964902,-0.04100275747914692,0.08091839247621235,-0.017545681071096643,-0.011469202018951583,0.10309508631914412
-0.009193884972134837,0.045931211981028376,0.2518497547169912,0.15384873283535444,0.18406682942620534,0.1794729102318089,0.15026610960085918,0.11638847647226512,0.22054159187321395,0.2691733050777024,0.20299457535956625,0.19532312335640717,0.15941447337177,0.17899039455385848,0.2423533901807822,0.1941205141002416,0.23647304492398538,0.26655830169014516,0.13861278008373706,0.11084883271695324,0.12618485703670942,0.20156509173164636,0.13315945587643907,0.8694710290992752,0.2541082119384914,0.06696596586529163,0.13442709852989718,0.13477089669734688,0.33619073306455644,0.1865365810595302,0.07908267399797016,0.16528219489797918,0.1141829607726565,0.11414667184926344,0.19175272335868115,0.3797011030727923,0.17427445036201913,0.06663406069931298,0.2592383766924448,0.026573876062170165,0.05910664869433486,0.12591363681895276,-0.011370953367069865,0.03178724855564601,-0.007679398389582021,0.15854243382752414,0.17779001797879723,-0.023670371524855523,0.0017168180790946856,-0.07773323669527624,-0.028684323926925263,-0.05189716776274518,0.0661029056731059,0.013564243484191454,0.15501002555190224,0.13515210374579584,0.05058917305002782,-0.48040171192670944,0.2117195604161336,0.033198938874427666
0.13581831736487768,0.17556139705459733,0.275539235941072,0.1943056079958632,0.15999711612123702,0.25644300958758454,0.19514452645196614,0.22934714048176513,0.17001177389809072,0.2725664833326609,0.2637760184452669,0.3114094599006856,0.14334565247598224,0.2065663811995053,0.20403768854313345,0.23843355523891765,0.2898406152072198,0.16160526083219215,0.1204833929072894,0.128947956102293,0.19025214571319415,0.19370298427402544,0.4006969632520004,0.2541082119384914,1.6979805634337453,0.06255143822715674,0.28157083921062176,-0.1365165164812332,0.7152635417778193,0.15384137529750222,0.44340180984587296,0.1982811452799796,-0.07960111986871157,0.6080022210335192,0.2719712529815399,0.5274375020404224,0.012545364559268843,0.10831613238333729,0.4248036409905357,0.12325243734427838,-0.03812222648320251,0.1683686112452666,0.1260400459460728,0.010094236157275976,0.07769855663314605,0.32110690816427634,0.2597683816127654,-0.026116455664086054,-0.03246040706344996,-0.6366543588253936,-0.1577990857077888,0.08661355521610682,0.4113864229448217,0.08731747683785693,0.008188673920721805,0.013008266942497715,0.026516637322380868,-0.026248486913152912,-0.07436377084560973,0.06636032500898305
0.20412879635853756,0.347845017633656,0.41065949796560836,0.2608192302603331,0.19087224667605757,0.3255945216504667,0.2415766147114888,0.3224218180806804,0.2552408891647694,0.21621263385894218,0.2661151262985524,0.2983002547208495,0.19903629851931504,0.3079091366043074,0.2663990698744299,0.23676001945658556,0.16168366150313818,0.3413595291309,0.16760472723881784,0.2837378197781733,0.08673806575740795,0.19689310154626252,-0.035283087334407444,0.06696596586529163,0.06255143822715674,1.4340874088852,0.3352272333773653,0.29562429114147487,0.2788879711299853,-0.2771306371999581,0.21626849762937989,0.3746974459488068,-0.19464717283362995,0.27382413873454403,0.20834340842074814,0.2598842342751962,-0.25442641548468753,0.1809762479024845,-0.8734875968017957,-0.03663127832936209,0.2801021568642384,0.20464755267179136,0.2464712593633426,-0.016912604173650043,0.10385964673991024,0.18375558222446906,0.05862301273105666,-0.08810447832541346,-0.5300724338462164,0.2609353995981832,0.05781225622261035,-0.1929949379865328,-0.31887450003876744,0.021445446477113193,-0.13040063812195568,-0.09132310865347279,-0.014731701598043526,0.23094968962477555,-0.16593745901900708,-0.05287273226399906
0.19266646918845215,0.3531120955888588,0.31291288920110955,0.10902945270714375,0.11463273499244976,0.24027132512821206,0.23459254141190722,0.13987250912157143,0.2060123787431222,0.37524000949882236,0.2759918752603581,0.39706794275235197,0.15017150814981148,0.06891763995775708,0.12705248357158425,0.2012945533578735,0.327438612426883,-0.005381943495433182,0.1193296739132084,0.4283927993913709,0.09256547226006906,0.1911719093333304,0.3879413480705275,0.13442709852989718,0.28157083921062176,0.3352272333773653,1.8119420357887077,0.22382857816300394,0.26699569193420614,0.29887102332588145,0.340176595572008,0.16350437510319474,-0.11266524391674161,0.3016401257674577,0.35484726042641607,0.7103062552932989,-0.07915347562189602,0.2258478679933685,0.17768119387052925,0.15762326596541396,-0.022810844355567298,0.17051513506704882,0.6351534882676543,0.053558350075954685,0.45281109042091516,0.06966825272094707,0.16823097306700632,-0.008820377248432966,-0.2086100134930573,-0.6267772509884195,-0.07225771932623368,0.09490360715822933,0.19599729309136582,0.3464630968289475,-0.027781778928539468,0.18298854424346572,0.09947995005307203,0.17793584898347806,-0.5381666041616577,0.12024345768383338
0.0373188721399603,0.2561561979790266,0.3562199734736912,0.10426460371767919,0.06747582229386992,0.11406863086032729,0.11775137176035858,-0.00979686105566914,0.1182551344741024,0.14532010785311233,0.14784697738007982,0.13196040999842137,0.12103460254961382,0.13845036925202192,0.33415983270275285,0.19320414782850615,0.18040188735400908,0.09164243247331111,0.16594129465347238,0.024098170079763687,0.18601637113879357,0.09928495165991869,-1.1985881027950496,0.13477089669734688,-0.1365165164812332,0.29562429114147487,0.22382857816300394,2.2648677251674374,-0.5440649293692441,-0.052277515476739776,0.35985244614127476,0.2302551440692523,0.3827649722915702,-0.11417756380693318,0.11796942363220166,0.6996313742150916,0.17884633634385708,0.03240740206674868,-0.05889241799351725,-0.04162391190487948,0.10667842044453522,0.21541728516510117,0.2779052159506187,0.18832824349096028,0.1856333527354087,-0.0013846946698597845,-0.15940741253634785,0.05078965413394467,-0.5764500782466481,-0.033593400357827735,0.0518180030043786,0.3518422510635776,-0.5191792568276711,0.014937801566179522,0.06783286360683224,0.07171590806195391,0.004009585099801552,-0.0883780800138503,0.047310813820616,-0.050811343061284625
0.04691825742173885,0.2564001532904552,0.1453682117561783,0.23467932932465407,0.2238027775701459,0.31038628637785853,0.19426162452916174,0.22232507996333234,0.18983159808935224,0.22998918803668758,0.2790995798185057,0.32932307052132703,0.1614517031881039,0.2321247121764316,0.23698714047235586,0.2925597760036119,0.25716817487425947,0.1980337295471812,0.18514252899104436,0.6991271204818216,0.06954735419052153,0.2660543732929539,0.6260527177856638,0.33619073306455644,0.7152635417778193,0.2788879711299853,0.26699569193420614,-0.5440649293692441,3.2261914017213447,0.7923912526698379,-0.15417533699494348,0.20698412320524076,-0.7173750835571037,0.8558136501593677,0.3723930224234896,0.3490732661659248,0.05361311130997173,0.2374063051968059,0.2252779218297135,0.15309261926806497,0.10852958963574175,0.10587980142752292,-0.06807910570398162,-0.08846292338724035,0.4836352158858439,0.32959953628408195,0.6954515862326889,-0.10593248284265609,0.43075519415620217,-0.3658115431531555,-0.10722324311248589,-0.009654353030472148,0.23155665354346483,0.146827162809689,-0.13481455123890326,0.06041327972787043,-0.12468171565373502,0.059169546024037525,-0.06142434434871221,-0.03163574756712649
0.05742239937443335,-0.17373584828573824,-0.6381993295806923,-0.09542557095482926,0.04109234444383911,-0.03282338482067301,-0.051680464649589225,0.10137350104017272,0.043312150660495034,0.10102288383995994,0.11460190747640672,0.06815680177210245,0.05155469286835703,0.10050685362856003,0.12185508003792585,0.19692060640689985,0.12085736051436052,0.028174577767598928,0.05434506849542278,0.45507657887942987,0.27685560001496123,0.14231464399905755,0.20034593918858193,0.1865365810595302,0.15384137529750222,-0.2771306371999581,0.29887102332588145,-0.052277515476739776,0.7923912526698379,2.7462069248724403,-0.03038323340000714,0.04135582257355532,0.12656799402710225,-0.1371768207864976,1.2049532758460415,-0.18580568089336066,1.502032541260485,0.271859944894448,1.0580615048154094,0.41964144490437266,0.8768048975406042,0.38699653098861914,1.365927664014883,0.3471514714960996,1.030738069383963,0.21262542475725604,1.1528286849490585,0.10234326245339169,1.0594467364278448,-0.2515288984408198,0.016725854374322596,-0.2502942607206475,0.3601674754110996,0.14317028917878893,0.2276368654277752,-0.014552887862965004,0.044676168967895266,0.30924413153068847,-0.443682439678628,0.028558024059658613
0.17482976480306087,0.3180927491422866,0.3692132947879106,0.14614306694832813,0.14580888931052696,0.23979303716913725,0.17798652175543567,0.1959777178535073,0.16997737449100722,0.22372366283802797,0.24459158398886752,0.2383801900237027,0.13140479962048066,0.20494207849234844,0.21828284810526882,0.19947344471041273,0.29216968356532774,0.17933722762408155,0.16810661899112755,0.38318746499004536,0.30914045647853694,0.19032196619504943,0.23858630297383532,0.07908267399797016,0.44340180984587296,0.21626849762937989,0.340176595572008,0.35985244614127476,-0.15417533699494348,-0.03038323340000714,1.7144527957537137,0.2193489384104201,0.09836209128891006,0.27464694904831977,0.21310257230655733,1.0655659915249769,0.04825695005990834,0.2740294498005477,0.21581403272055216,0.19456375489663663,0.17665778641507024,0.30541953435192437,0.13439592514880086,0.0016840226115680081,0.20893841859272036,0.4142297186338913,0.09535121345436354,-0.011245782887560785,-0.8315872570198956,0.04882156597217851,-0.003352754601179325,-0.06285590423115264,0.12306962269336667,-0.09033961789980892,-0.03637756662963947,-0.05435485913163461,0.11796554804807728,-0.0048365217840746575,-0.08131946408503145,0.04825586789232313
0.18737612461034836,0.22132556367640166,0.2422883263264961,0.23455578038943872,0.21517944107496978,0.31152536465121433,0.17969080307850477,0.27338773925136034,0.1569513865125125,0.25279725471702186,0.2297406724166574,0.27376824749019685,0.17191232525483632,0.387435309687082,0.24058119397021008,0.3181052974217429,0.24674040128581298,0.2241280576697468,0.2276532300520087,0.24816923673407565,0.20441393428218152,0.24867241418099406,0.06866782205524846,0.16528219489797918,0.1982811452799796,0.3746974459488068,0.16350437510319474,0.2302551440692523,0.20698412320524076,0.04135582257355532,0.2193489384104201,0.6659097519216487,0.12403018254294745,0.1765359855650362,0.13926201372625185,0.38258985250028343,-0.0213304589661751,0.16602588822642958,0.03661893974196788,0.10791861830491613,0.10347207421612148,0.21243583205759223,0.08270472005270438,0.005536916004704917,0.07571450123133093,0.20557223958614984,0.17794813128676587,-0.01838491870036224,0.03515228523180415,0.08492365002849302,0.005651724645469194,0.12336708585989002,-0.23882091928174945,0.03742028996775479,-0.08708974428772617,-0.17769352626085894,0.2523833059327854,0.0820789067646701,-0.14513453570253831,0.05004051743939138
0.07432557971948751,0.0621932396484372,0.06563104165610523,0.0719313554184451,0.0647752877361874,-0.07991572720354631,0.0494990454777298,0.060823706139092694,0.11749176257272138,0.0020174532928197257,0.022848785043752207,-0.029068064391481255,0.0738404922785255,0.07659195454499924,0.06232394167859678,0.0665912219441525,0.18398813570691572,0.07260047477097314,0.0643608464648678,-0.15086197734202156,0.35876087822125446,0.12166717967253081,-0.4210082781337346,0.1141829607726565,-0.07960111986871157,-0.19464717283362995,-0.11266524391674161,0.3827649722915702,-0.7173750835571037,0.12656799402710225,0.09836209128891006,0.12403018254294745,3.2440877594884583,-0.46806808842424047,-0.17810843860232406,-0.03047860559948154,1.3080220082839353,0.04863449854400703,0.319282692328164,-0.12058986642292577,0.04693729673244898,0.31271800368567065,0.15044549206877267,0.005609915598539114,-0.7204847838467123,0.31952235762485487,0.18138892628498315,0.4600634999558804,1.02389419295767,0.3161732170914372,0.1345440104481683,-0.017409634299321474,0.08586863904598135,-0.5229520335830261,0.13928450092944022,-0.0664960072899044,-0.0028991191249780573,-0.04100899311430338,0.11850990893804543,-0.031340764059212725
