0.8295866401728201,0.20323996495133723,0.3486953752297241,-0.13935477532016022,0.12059718309639407,0.1051891121496777,0.1939789844962804,0.06300362341791509,0.10173164250254312,0.10925630247227698,0.09141935980389805,0.11901370868914474,0.054258301164229424,0.11321355737526476,0.11922814040954072,0.0905192170016649,0.07853866261423573,0.10985775103541648,0.10878365644955615,0.049867770839771564,0.09744949152586116,0.12380719285655645,0.10805606394384956,0.07017690378877477,0.145991136119989,0.10775003715286818,0.1056328248335342,0.10291568646430571,0.03198372427252903,0.04844737936721163,0.1121182277476961,0.08790705032697878,0.13832750735635774,-0.08850204633965024,0.08032257526253861,0.06810188583673445,0.02395895191208022,0.07631236310113773,0.09904664026718492,0.05084188772719319,0.03853032373796002,0.03784564847822551,0.11289732246219114,0.020194830394777877,0.09046785708965363,0.06753157840606284,0.06384387455296897,-0.015278129064531298,0.10990847604611999,-0.0007319533683403189,0.01314678272106704,-0.002668396689048699,0.01680783825290676,0.004667353607272212,0.09641421131471335,-0.0021838756025987865,-0.02308338890338253,0.02296218386469572,-0.10305627766737888
0.20323996495133723,3.1735415955787043,0.43131592533058505,0.13950385449240876,0.1910030735054934,0.012884033450289722,0.22267948237936105,0.22744806385438246,0.2508591556848899,0.19342667557906368,0.0548014535901425,0.149175290232317,0.11265185583167318,0.08348765256742802,0.2313768215089488,0.14547245856531466,0.01516201349629294,0.3468579238862054,0.2672190381678304,-0.07630142750560297,0.3488422250961024,0.2111457244119866,-0.47775369998296985,0.060884796287542335,-0.17506323137759483,0.016661218591037114,0.4513681180534114,0.06306066223853078,0.09955580826639014,0.04927568931208228,0.12648053802528367,0.09952623686699144,0.10662469580273001,0.059323561591817335,-0.025662781686150347,0.22299757040420606,0.19743263748536177,0.27242389698791003,-0.0893774631991128,0.07076852120296587,0.17238456246664716,0.11406078245154067,0.392405615689811,0.06881883202702313,0.3115488561486277,0.14050664490092407,0.11816407287200102,-0.022885081927776642,0.17076191039383212,-0.38864815449391626,0.266532146050904,0.21843916067535443,0.11676682907739268,-0.07428650749007584,-0.3151786347875064,0.07986448758780003,-0.17587980207746096,0.3770959474379969,-0.0046625135390068575
0.3486953752297241,0.43131592533058505,2.8713097783647403,0.07654250214215062,0.1805693229431502,0.524183470471894,0.11057874785214042,0.5691935873150522,0.2777270207546429,0.536158329024653,0.3391204374423957,0.3313273994615512,0.1844935385357529,0.1955520083134162,0.3086637908938076,0.15086738407678355,0.3641139662073154,0.35755799817225664,0.47732195187403376,0.2115972895131417,0.2405939306118029,0.3181083312676355,0.10718110370072609,0.26466319033116875,0.10297173845927304,0.20874565635896727,0.447962000753059,0.29731400890179327,0.24101754829350616,0.21475336253558056,0.21793585352176698,0.2361116404964852,0.24945847349829103,0.28929522911219824,0.2889925803634822,0.1549007506847195,0.33213498164568134,0.2781796175449703,0.30552023226651354,0.24149736860403181,0.11382611094572141,0.2209519171831848,0.447016105162776,0.06016532862862222,0.3127940150512283,0.11586487867809826,0.34197866315391795,-0.013736962394977651,0.38944744638043477,0.0639626708533954,0.09464031632970621,0.050784342710870616,-0.031013980480143713,0.054803337445692074,0.08806264128340476,-0.048442767252882914,0.060660427626472294,-0.13250488817412595,0.0755888781839228
-0.13935477532016022,0.13950385449240876,0.07654250214215062,1.741113720913498,0.1966087373248515,0.13824526740181245,0.31428073853997157,0.1631135814496698,0.10905080754482141,0.15701737991192713,0.09294830694252856,0.22929930201771906,0.09969498828336877,0.3167834433058723,0.11070062726977965,0.2435842847959468,0.14564614122624012,0.1024680551649254,0.12883234614955547,0.1024045689654079,0.15857391929037026,0.1892237216192117,0.11993045180732587,0.15091985281250445,0.2075722946751999,0.12663252932975005,0.09995973337240574,0.07350364866594271,0.15542487750207312,0.03974117705511755,0.18118431711827027,0.24468760026805247,0.051679768684354296,0.31141682298215,0.12355331263996266,0.13074266712809138,0.19602304596549563,0.267399328753407,0.08411464945791577,0.021241125426930633,0.30983733449939954,0.14630297886985702,0.042841055546072676,0.5321516873772341,0.09220877446502657,-0.04594621353913706,0.04687529156710577,0.05092610924967391,-0.058557412641675154,-0.07674503492149883,-0.01686648910692476,-0.08419941805227732,0.04288199696293449,0.044356602545713386,-0.13217876704721035,0.010099917647673182,0.020222612561063075,-0.09426045820354219,0.15022567491196526
0.12059718309639407,0.1910030735054934,0.1805693229431502,0.1966087373248515,0.8781200830638526,0.2697875177020316,0.12966699779249707,0.1959988562318326,0.08489080242607158,0.03780917506542876,0.08988762312926002,0.13019389363170827,0.08025957064791027,0.13769887345175505,0.12024891372116314,0.15570606963527442,0.08715433800773917,0.14152839192370464,0.3340114284590597,0.0533896482713228,0.11789471611065495,0.1557554026296013,0.038772875488975886,0.10031286942788073,-0.0008329759366520961,0.10336340231519751,0.04101116700727966,0.03661999844317575,0.12528513522884227,-0.07199278492164056,0.09989121694044878,0.14360952422288872,0.038218063904479196,0.18985216425665827,0.047904458155171456,0.04120390676341829,0.09884705991161626,0.15390407609652898,0.15083622146329675,0.07167162572990243,0.07057140983194359,0.12414125534370082,0.07222531379131822,0.14114060471512688,0.09095336129383279,0.015073834147080835,0.06343654195888959,0.025328639091507812,0.18008607923723846,0.08661731075276655,0.05472283582679553,-0.10292838856371438,0.05699306583991112,0.00516867266270432,-0.006020877136227497,-0.09156239716772918,0.01373413087313932,-0.022748369752105427,0.12021521021242333
0.1051891121496777,0.012884033450289722,0.524183470471894,0.13824526740181245,0.2697875177020316,0.6371114210797573,0.06890813916917614,0.24150097585244504,0.14575566784233535,0.09058358906262624,0.13483881394053313,0.14646358067197202,0.09400892212693424,0.15761674120719657,0.14379405421308575,0.13428440521578236,0.12545364761793473,0.1661908946347426,0.3163530330882582,0.13967834327409345,0.1202326367500833,0.21113794005938263,0.03231401728231289,0.1398855093641028,0.10998822882768593,0.1854772228268154,0.10476494568680117,0.10680689268700176,0.20213490666437772,0.04818775676150654,0.109136762636187,0.17903651605655907,0.0483965821844846,0.20698040131873588,0.06694594312568909,0.04516815372856715,0.18165548471421977,0.15779579146769374,0.22098745820434693,0.08626980776493656,0.016162395493474275,0.09774091812218713,0.18045066152759467,0.14116747299698926,0.09414758232073908,0.04451823114460753,0.17570757586897548,-0.00012207108409704532,0.3138966124831247,0.18221808411298096,-0.14305605142529268,-0.044462296427244245,-0.12048660738825714,0.0009311656724029029,0.037186666167768466,-0.08530005713759758,0.05587293748228554,-0.040277058016749336,0.07590967083618841
0.1939789844962804,0.22267948237936105,0.11057874785214042,0.31428073853997157,0.12966699779249707,0.06890813916917614,0.48400346665981964,0.022324292182866766,0.1122501961729502,0.08873058842325222,0.12740756314426444,0.20947736275444556,0.0704369593377852,0.06423206897476424,0.07491329278410469,0.12640243744286292,0.10912411931476709,0.08572050273058927,0.08423561030187288,0.05954506192391773,0.12268020252519993,0.13513189371537668,0.12640095629938378,0.07535695917515553,0.13853162689072726,0.043900330826264364,0.07829250077481803,0.059081204815547565,0.10977110915514407,0.014290832447655092,0.13337681646194396,0.0890833688565245,0.08562192581739762,0.13562667222465566,0.06951414503001344,0.11242533824451628,0.1447555764823005,0.11542758993982981,0.06531786361648459,0.021130324039855656,0.10126542922766488,0.10560503318132108,0.018343927171897867,0.16275576996725305,0.08687238474051673,0.009713586587330675,-0.01622685014835869,-0.0050344703967704,-0.02461322465246255,-0.04087137946132,0.004074998464410568,-0.03122453492426649,0.03287477118757938,0.014571473924644295,0.08033161227094412,0.01488766771811595,-0.08596538057547017,0.05386757139975455,-0.11935241062551345
0.06300362341791509,0.22744806385438246,0.5691935873150522,0.1631135814496698,0.1959988562318326,0.24150097585244504,0.022324292182866766,0.6709937504320479,0.045766143763698836,0.15247306007266404,0.14918470875336953,0.0689652103805639,0.10388451291104714,0.1540303132371898,0.08493696750931523,0.09877373746696042,0.16951519511879798,0.2002583419200453,0.20089253681838773,0.13309092006050507,0.0866286694418322,0.13064810681554848,0.006365871973359696,0.11617077883426316,-0.026540582243966663,0.1428971885539088,0.18273412147735213,0.07341796737345473,0.12009673880235464,0.10819978024772801,0.08537570011996025,0.11779023667621925,0.03847312981465045,0.16688503259519497,0.07451752518940073,0.05061318719468416,0.16001276714693025,0.11983911560181111,0.17691182685823748,0.09774654232698043,0.08539014687641511,0.0737581474194634,0.19696605457230457,0.04038077457171173,0.0680728235062468,0.042637259903426504,0.19962944463134055,0.026031202630897903,0.28135809712585624,0.07921298752395271,0.009232013989169785,0.03853751446113763,-0.00508850990631925,-0.020796882512138945,-0.0109853859193895,-0.1172136363278889,0.03293898607275748,0.029618541123652923,0.1179353336494855
0.10173164250254312,0.2508591556848899,0.2777270207546429,0.10905080754482141,0.08489080242607158,0.14575566784233535,0.1122501961729502,0.045766143763698836,0.6535935971477708,0.10139957901302246,0.02503430384846684,0.0703685894810446,0.09051077709969327,0.1441632272527029,0.12263250943102058,0.09334237127248088,0.08755853943988269,0.12600073195864372,0.12202128772731231,0.09518195504818423,0.13056822537763033,0.17280400599122608,0.14734923276168235,0.1332609722179426,0.14785803987843982,0.1731532258733869,0.13501876259506437,0.1521907001614535,0.05283555587188983,0.17797631010920575,0.13713638703721232,0.13971585923915014,0.24706044307142444,0.08708581721211218,0.050481151118860305,0.07134286643358324,0.1885959714439172,0.14233848871735735,0.12499022756459688,0.05668204421403836,0.004853736452190331,0.04900808135494431,0.21298464013178725,0.07765475587531853,0.13183843337562998,0.13211413967322505,0.14564839749025738,-0.028195577116224908,-0.045148633713506824,-0.07753388058876742,0.002625712955003512,0.0557373117743722,0.053577414034685855,-0.08943334417236808,0.039091420533936765,0.0997688791074736,0.02149691013085808,-0.1024466262939611,-0.04547491049293216
0.10925630247227698,0.19342667557906368,0.536158329024653,0.15701737991192713,0.03780917506542876,0.09058358906262624,0.08873058842325222,0.15247306007266404,0.10139957901302246,0.5665176614369931,0.04414568580586629,0.11442462804787226,0.08326593279788311,0.12379613638020572,0.16678139508678078,0.07668074249423724,0.15090399002412985,0.19527155242657174,0.06115183006405562,0.09962602730888458,0.0777616697260898,0.13121008385135194,0.14407669777728138,0.10636619149453608,0.0876086194333576,0.13050554393980096,0.15752034895747077,0.1300925622662751,0.1379296662694227,0.11135172371205915,0.1072137519076284,0.12859901205865942,0.09141727244793658,0.20319452422410403,0.1700967562572181,0.07241613696647661,0.19644663662143463,0.11545871537824423,0.1098269565933695,0.09304896803416131,0.1627465688545989,0.1320492503944262,0.11908180063706868,0.1061180938017908,0.07095679719096,0.0040626355157947144,0.14664335962540764,0.021087925951493287,0.19458423345517806,0.030363887914159816,-0.0015829115193108543,-0.016930393802240894,0.0025787514159803116,0.05298552928307555,0.04920636266722258,0.08377548723912606,0.06394148456725011,-0.13987089790311835,-0.029972341378197983
0.09141935980389805,0.0548014535901425,0.3391204374423957,0.09294830694252856,0.08988762312926002,0.13483881394053313,0.12740756314426444,0.14918470875336953,0.02503430384846684,0.04414568580586629,0.47881513780210205,0.1693046992651957,0.07424891284753775,0.05483105900305147,0.16463281623574144,0.1288155645818496,0.1736547227113015,0.11629273765404126,0.05586709000073408,0.1824666072516,0.13540388582310828,0.09992178774690254,0.1401435532928508,0.10368458232984387,0.1781102763444226,0.1327798708806254,0.1498719763577263,0.13666786764925398,0.18517526442942872,-0.013076161110213279,0.1422023305115845,0.0898727351123177,0.09891074268671132,0.143164040041814,0.19098099522494016,0.0646909099061088,0.10979043686158486,0.08571996323943921,0.1373239976981917,0.12619322360894128,0.023898868166140834,0.1744145340696105,0.17600807631667745,-0.009447969381620009,0.14773062184940822,0.04599042378595251,0.06437055765609759,-0.02085645873144988,-0.056558775928561504,-0.02369390882153423,-0.032183084679542465,-0.052099959076842735,0.010379698881164148,0.07052478804540287,0.05637054035402306,-0.046340679752358685,-0.060392009433887374,0.07817025508369119,-0.018837817690160373
0.11901370868914474,0.149175290232317,0.3313273994615512,0.22929930201771906,0.13019389363170827,0.14646358067197202,0.20947736275444556,0.0689652103805639,0.0703685894810446,0.11442462804787226,0.1693046992651957,0.47107245310519147,0.08203305909686921,0.10790078465883324,0.12189113418476802,0.14986866287521913,0.13429374351128986,0.04922838315236851,0.10808747745764646,0.07872747192634143,0.11195432615405583,0.10066877293558983,0.08407318764207462,0.07910090378454497,0.15508099903017278,0.06896164221098598,0.14217545346166308,0.048942343521008486,0.1149359421754978,-0.022513713347688636,0.11783274708577188,0.13207769490286622,0.08692137510444005,0.12465286210052744,0.06197882514207182,0.08755186324321572,0.08746626260592102,0.1123177271391715,0.059210420195317984,0.03550624706581732,0.05498585628111868,0.11183369109590967,0.10263148408112545,0.1093697880066725,0.07430662365111441,0.020500997533704518,0.025396497599164777,0.027842145236023613,0.16681643007038333,-0.028692338747260796,-0.0005842474214387743,-0.07294990154754408,0.024626755857926095,0.008592002741901169,-0.013123844890245139,0.030704632931297708,-0.07101513893273247,0.06708190577512195,-0.06196400013060996
0.054258301164229424,0.11265185583167318,0.1844935385357529,0.09969498828336877,0.08025957064791027,0.09400892212693424,0.0704369593377852,0.10388451291104714,0.09051077709969327,0.08326593279788311,0.07424891284753775,0.08203305909686921,0.18307496618483934,0.07314993653994907,0.047982356778401535,0.08711041558862914,0.08005053386642359,0.09506717240836426,0.07597915612396057,0.05495840258947431,0.07503623973492543,0.1286343087486507,0.06262860547307435,0.06413614979341534,0.03806307186598543,0.08744174143826552,0.07527999521397603,0.06426340452710565,0.08553752199605455,0.009580989766123978,0.061265750809628976,0.08436065182864608,0.06249712011271388,0.08047625773419208,0.05344176061824477,0.058983217326793146,0.07214875897288844,0.05694313363738642,0.11092849896654801,0.03276251062731438,0.061669047018250066,0.0692104393808565,0.08078663042087814,0.07771749627984724,0.021321434826790976,0.053161665607464006,0.05810545529339695,-0.009548472729086375,0.09809010211489257,0.04882958368017888,0.007487072913549493,-0.02291550242660169,-0.009221616654814956,-0.029836080274267793,-0.003418128844228004,0.004939771133191166,-0.004397652033282312,-0.019084700113628426,0.019240974540599195
0.11321355737526476,0.08348765256742802,0.1955520083134162,0.3167834433058723,0.13769887345175505,0.15761674120719657,0.06423206897476424,0.1540303132371898,0.1441632272527029,0.12379613638020572,0.05483105900305147,0.10790078465883324,0.07314993653994907,0.4005949158703379,0.15545592622154417,0.2152699019812059,0.11229589376241939,0.11287069435490431,0.14141165203671355,0.10347362311484942,0.11168111608559643,0.16903716954132905,0.10279917797897827,0.1327949988548991,0.14106895699618044,0.224977383989545,0.12488007489830706,0.11622485103438104,0.09513071775200192,0.05064309055643043,0.12838520442868967,0.24972059220391518,0.10203909744942934,0.13125189652842517,0.11617334984771245,0.049860845825632036,0.07726929022812884,0.14618352826416656,0.11971499270608135,0.0795583895198805,0.14682774464398016,0.0931462587036005,0.17223175692279832,0.16018607171648278,0.06487658681420236,0.023136689898948532,0.11885844048286617,0.021754071234867983,0.2580357858994477,-0.016099904816216683,-0.020668579628842186,-0.04694647680985338,0.031658559240440094,0.022409609090750914,-0.07577410691461893,0.010712059667099039,0.05021313748524133,-0.11809907139588281,0.16429195691626333
0.11922814040954072,0.2313768215089488,0.3086637908938076,0.11070062726977965,0.12024891372116314,0.14379405421308575,0.07491329278410469,0.08493696750931523,0.12263250943102058,0.16678139508678078,0.16463281623574144,0.12189113418476802,0.047982356778401535,0.15545592622154417,0.5263382030184424,0.12564068344320387,0.15615400377986174,0.19310038956455383,0.12520702791205743,0.15783419104198596,0.13526900190001104,0.07522486489744097,0.2520348914734338,0.13133514170363092,0.24295053939592437,0.230783010777672,0.13530724721420873,0.22202573315740956,0.16351722037700667,0.12919940940916744,0.13794587377847195,0.12598689237806426,0.18163410204383612,0.1577324343354133,0.18666590060077326,0.029181877086136204,0.18912973066905228,0.03549632019288563,0.2253393915671497,0.13076855897335773,0.06280724062361256,0.13995365285852876,0.15657542145672382,0.005800437654916586,0.14768591882118604,0.03525670059150517,0.15342730076155542,0.02740869718631265,0.14580488689814936,0.21028452088724725,-0.04298352685118546,0.00411718873190287,-0.08318708888429101,0.025668091811962127,0.08571466021560246,0.04077909650976909,-0.061584888776292014,-0.029585730284063517,0.01799287012486706
0.0905192170016649,0.14547245856531466,0.15086738407678355,0.2435842847959468,0.15570606963527442,0.13428440521578236,0.12640243744286292,0.09877373746696042,0.09334237127248088,0.07668074249423724,0.1288155645818496,0.14986866287521913,0.08711041558862914,0.2152699019812059,0.12564068344320387,0.6372295274216704,0.046560899424725175,0.12149672418277704,0.17593620998817416,0.0836044088334782,0.09847181745609278,0.11176782947002908,0.07811155343534071,0.1192158065581532,0.16050838127484368,0.10889354729151177,0.12599544002228222,0.0962454877875433,0.11879765514785308,0.0026962431673702163,0.09319235744839409,0.19816235223587872,0.06331304256722524,0.16495478699518906,0.12833968018775052,0.029291724753942473,0.08034789089168717,0.08886726932301894,0.1246007040696323,0.046920173364220524,0.11351694716574309,0.05041647441694292,0.21438184403674748,0.19515075415921385,0.033125607017014065,0.03794165632357613,0.07381492855016092,0.034257248897060895,0.13069671641271252,-0.2406771532994108,-0.004177439597766338,0.0054539839900821395,0.05455164277722823,-0.026922694949201752,-0.016359270957220957,-0.009640863459704356,-0.04571528862593174,0.005019316228021045,0.10900841569463117
0.07853866261423573,0.01516201349629294,0.3641139662073154,0.14564614122624012,0.08715433800773917,0.12545364761793473,0.10912411931476709,0.16951519511879798,0.08755853943988269,0.15090399002412985,0.1736547227113015,0.13429374351128986,0.08005053386642359,0.11229589376241939,0.15615400377986174,0.046560899424725175,0.6812291926964101,0.1160667983776066,0.15368764415948605,0.2177896929328745,0.2126418891012873,0.10796778373615247,0.18683522849154424,0.12007934235486699,0.25110200874819083,0.02841067405839548,0.18397991060904081,0.33231368435563696,0.1510637220633722,-0.09420594020789445,0.21244749084413997,0.06829662199349143,0.20851097365459859,0.1020789179769346,0.23206074045395833,0.032198146046580986,0.32152113445459973,0.2937936215796112,0.1352789877109207,0.1177889428621016,0.2092013333424385,0.4200956348749166,0.2121013273105108,0.13202638639050712,0.3450864864506452,0.009767223471838562,0.07358639370592637,0.13405052512175142,0.09359737656887675,0.274646866193193,0.06291066210884652,0.07196371669070184,-0.06365723136573283,-0.014538367646733304,-0.07175840737727772,-0.00023702279834162125,-0.041263542720294547,-0.009287006659160818,0.05317224628919062
0.10985775103541648,0.3468579238862054,0.35755799817225664,0.1024680551649254,0.14152839192370464,0.1661908946347426,0.08572050273058927,0.2002583419200453,0.12600073195864372,0.19527155242657174,0.11629273765404126,0.04922838315236851,0.09506717240836426,0.11287069435490431,0.19310038956455383,0.12149672418277704,0.1160667983776066,0.7722375599189207,0.1694803383849886,0.023187223373011937,0.16253958663139442,0.20713216088248962,0.21231737825505703,0.12019096529197919,0.07005273889656036,0.36235631377534294,0.017243318350260488,0.17354524403721575,0.1630369272018961,-0.042133673632687704,0.09434277462771554,0.10165927137240328,0.13675738180144356,0.18081878806809196,0.10144871558235845,0.028964761265116577,0.22625339325996244,0.10851858887463227,0.17901035522035438,0.0731426239614755,0.13260075692991183,0.1177286036280103,0.11593560056589917,0.062444931979292656,0.12477573480335033,0.11747432405202324,0.29635032209012524,0.014457272445239167,0.21969460131705065,0.07553428531523329,0.042938969526194616,0.1823519395356157,-0.04128700157638303,-0.10743337740112748,0.017619655206102633,-0.008278562502666864,-0.0943856573609543,-0.006460600036085612,0.10934061624376382
0.10878365644955615,0.2672190381678304,0.47732195187403376,0.12883234614955547,0.3340114284590597,0.3163530330882582,0.08423561030187288,0.20089253681838773,0.12202128772731231,0.06115183006405562,0.05586709000073408,0.10808747745764646,0.07597915612396057,0.14141165203671355,0.12520702791205743,0.17593620998817416,0.15368764415948605,0.1694803383849886,0.8164298147605714,-0.021585240688538683,0.1719176927682741,0.16383695658317962,-0.13240007675734478,0.13035222053014658,0.05577341775140338,0.008918882440649497,0.15748088305244776,0.18990433021492675,0.02821103495700269,0.06275910530094718,0.1481497375287585,0.13193765749065597,0.16347688690261988,0.061867346895677806,0.01129310318449998,0.07441404370860602,0.165877691384021,0.26256971165760423,0.2166970829467527,0.049284035489710026,0.11200897541674969,0.02972273159737049,0.22663345095249032,0.16262898505258064,0.19896187154574865,0.08522452728383817,0.11699726738178948,0.07167190191500404,0.20414385555020273,0.11031485646260598,0.1755715374157288,0.24917271685692757,-0.14450068495687513,-0.1097635958286248,-0.04584773961825519,-0.04373435842949944,-0.012522156941492902,-0.03410231982271194,0.12675735801522517
0.049867770839771564,-0.07630142750560297,0.2115972895131417,0.1024045689654079,0.0533896482713228,0.13967834327409345,0.05954506192391773,0.13309092006050507,0.09518195504818423,0.09962602730888458,0.1824666072516,0.07872747192634143,0.05495840258947431,0.10347362311484942,0.15783419104198596,0.0836044088334782,0.2177896929328745,0.023187223373011937,-0.021585240688538683,1.0227891066671946,0.051216966980033904,-0.11616197756922819,0.18180404097898656,0.15556701931366382,0.22206443880020346,0.20710337582741778,-0.0012929620603620473,0.1945286910226319,0.3516645536498956,0.21334760391536212,0.1074605159456368,0.10992725493903678,0.09085683341674847,0.2990842662728931,0.26319289992885586,-0.13738222964824254,0.5109946901625984,0.14386936833717273,0.32698110426537447,0.23452166523907028,-0.005306827397982484,0.22011726606889442,0.1967966121185852,-0.12777050869600337,0.18514121671162836,-0.014905016560076636,0.10784136641942986,0.1760060727057427,0.3084801851579476,0.1319197725327735,-0.10144305333867226,-0.08355677029463401,0.0027022233452975216,0.01019234148360798,0.2051227690277717,-0.02996488552776391,0.07152489470386998,-0.17274113441644298,0.050820656605249585
0.09744949152586116,0.3488422250961024,0.2405939306118029,0.15857391929037026,0.11789471611065495,0.1202326367500833,0.12268020252519993,0.0866286694418322,0.13056822537763033,0.0777616697260898,0.13540388582310828,0.11195432615405583,0.07503623973492543,0.11168111608559643,0.13526900190001104,0.09847181745609278,0.2126418891012873,0.16253958663139442,0.1719176927682741,0.051216966980033904,0.44121908626709966,0.1952990895688037,0.09949477385859905,0.09417067392527766,0.11928013021273025,0.039345390143108075,0.15709107575866388,0.17025741541134548,0.11744595414022829,-0.028548031385471597,0.2325782979390949,0.08848472877213176,0.1915851212984875,0.03626588145406893,0.109246431649415,0.1140701312917774,0.13816339941878547,0.2614569189932063,0.1503046014530566,0.09494566149031808,0.19127255003045948,0.27456300118602023,0.285865788278548,0.22893815257855582,0.35427123856045706,0.06361743050410754,0.09480560523307563,0.07055898192723321,0.15927185243190237,0.03176888178925022,0.0608174259756692,0.013898279077845844,0.00208109673663685,-0.025465473938765665,-0.09662558323052227,0.024637576116889694,-0.21021880657796257,0.15710002765056316,0.0812889384292604
0.12380719285655645,0.2111457244119866,0.3181083312676355,0.1892237216192117,0.1557554026296013,0.21113794005938263,0.13513189371537668,0.13064810681554848,0.17280400599122608,0.13121008385135194,0.09992178774690254,0.10066877293558983,0.1286343087486507,0.16903716954132905,0.07522486489744097,0.11176782947002908,0.10796778373615247,0.20713216088248962,0.16383695658317962,-0.11616197756922819,0.1952990895688037,1.3636997308556447,0.13405971366584712,0.1276881255816185,-0.24582006335656245,0.14193859025549596,0.27024614598484503,0.028895208585359097,0.03130879796169139,-0.007826746262148748,0.22142332241949064,0.23107458648117035,0.17281501013837985,0.06501107654145657,0.016617762865559712,0.4538503319185816,0.00042451174518211065,0.30969510148535306,0.16755050363385526,0.08555472695481413,0.08193759695455498,0.22836217388337152,0.20242219100896316,0.2621231843562888,0.04794805143253665,0.41930623264633604,0.12085750862004815,-0.5831744222222932,0.2558882628892404,-0.11439585186883156,-0.02325346522159112,-0.2800571548019299,0.08299142116069108,0.037338879717654865,-0.15217740969577973,0.04856638022739031,-0.06759503412029744,-0.040008700211333334,0.12895556500629826
0.10805606394384956,-0.47775369998296985,0.10718110370072609,0.11993045180732587,0.038772875488975886,0.03231401728231289,0.12640095629938378,0.006365871973359696,0.14734923276168235,0.14407669777728138,0.1401435532928508,0.08407318764207462,0.06262860547307435,0.10279917797897827,0.2520348914734338,0.07811155343534071,0.18683522849154424,0.21231737825505703,-0.13240007675734478,0.18180404097898656,0.09949477385859905,0.13405971366584712,1.5998404760235907,0.16063522004525718,0.6565319166315253,0.1719255366618278,-0.08005168915813814,0.285873069091829,0.3034343742767306,0.16017992690998428,0.2269542964605622,0.031168642075417908,0.35902142058341746,0.24418804664974833,0.2357767834986227,-0.039456015527384494,0.40501365339896644,-0.12811997476434597,0.5117802816603639,0.04156617496103485,0.13109856205139772,0.1256271534560574,-0.05806441732372391,0.14022429929481023,-0.16665621014370222,0.04805173282151036,0.1842428260529444,0.07730622899187203,0.13743878029087864,0.5770199117187449,-0.13583433540338286,-0.13348910042535975,-0.07639131668366127,-0.038541604320082995,0.3455253849672093,0.02646911711338989,-0.14312609914283092,-0.1670913395841642,0.053124981448991374
0.07017690378877477,0.060884796287542335,0.26466319033116875,0.15091985281250445,0.10031286942788073,0.1398855093641028,0.07535695917515553,0.11617077883426316,0.1332609722179426,0.10636619149453608,0.10368458232984387,0.07910090378454497,0.06413614979341534,0.1327949988548991,0.13133514170363092,0.1192158065581532,0.12007934235486699,0.12019096529197919,0.13035222053014658,0.15556701931366382,0.09417067392527766,0.1276881255816185,0.16063522004525718,0.3708041230637298,0.15297948482033116,0.04102215859452126,0.11516845559606209,0.2636675656269895,0.04626716657578755,0.39247425215985154,0.05500461046406782,0.16947692553570914,0.36002911945894267,0.10925074766771563,0.23816903416060803,0.005033028434170093,0.3359895655652295,0.14921188617269654,0.13668438418193418,0.11946873516760308,0.026062411253006144,0.030267326345874514,0.1960204253752391,0.07090987352370974,0.11231861425788055,0.03402496996301132,0.23938245023792867,0.022821017105429938,0.18583946315320737,0.0172958153112961,-0.024741277360359467,-0.018333735151697204,0.02087630442224413,-0.005329655021171614,0.1453453988989268,-0.052535629070183,0.03193021450706644,-0.5300679994220593,0.495726975331806
0.145991136119989,-0.17506323137759483,0.10297173845927304,0.2075722946751999,-0.0008329759366520961,0.10998822882768593,0.13853162689072726,-0.026540582243966663,0.14785803987843982,0.0876086194333576,0.1781102763444226,0.15508099903017278,0.03806307186598543,0.14106895699618044,0.24295053939592437,0.16050838127484368,0.25110200874819083,0.07005273889656036,0.05577341775140338,0.22206443880020346,0.11928013021273025,-0.24582006335656245,0.6565319166315253,0.15297948482033116,3.8885083055170386,0.28453913680447956,0.30337223280371406,0.20747287688386945,0.6609101528162233,-0.07751241865738555,0.5114650194822818,0.12540575903132062,0.16652356093868761,0.38838222855715626,0.31655739606250305,0.20932749501428938,0.1645057029615464,0.17117640783441398,0.27137335746535474,0.03263696424705626,0.23663772941816508,0.2703661259575946,0.4059903828887765,0.27131875732047084,0.12984189688800474,0.09902706644496588,-0.036570853597334925,0.04540826108717172,-0.9856885999644945,-0.214131297505329,-0.15656628394350003,-0.24392313682604164,0.043248401259311064,-0.012653755651929856,0.2903278825161264,-0.035217262239895845,-0.039926221602207414,-0.10441189588624696,-0.00047614682681442285
0.10775003715286818,0.016661218591037114,0.20874565635896727,0.12663252932975005,0.10336340231519751,0.1854772228268154,0.043900330826264364,0.1428971885539088,0.1731532258733869,0.13050554393980096,0.1327798708806254,0.06896164221098598,0.08744174143826552,0.224977383989545,0.230783010777672,0.10889354729151177,0.02841067405839548,0.36235631377534294,0.008918882440649497,0.20710337582741778,0.039345390143108075,0.14193859025549596,0.1719255366618278,0.04102215859452126,0.28453913680447956,1.605966935592881,-0.012168457288602323,0.18142589330086176,0.12105183239438479,-0.3721035784482483,0.1482762310654936,0.2641221337402401,0.10288628805586542,0.19566341955743607,0.15269408712188248,-0.012356739122865864,-0.16959488848022652,-0.0630575554100479,0.2560270132432993,0.20276052887076373,0.009571088778208954,0.1872640562179222,0.07499630117917076,-0.14685306735046358,0.06705251722083486,0.011192541039271154,0.00426425277194021,-0.02185987478046127,0.35107947591993033,0.24468435686328893,-0.23776821928461653,-0.024530034465924583,-0.1205424779134652,-0.012893520901652593,0.09170198646775309,0.02857818256328715,0.027810344821086446,0.03748874091997573,-0.0777580818699799
0.1056328248335342,0.4513681180534114,0.447962000753059,0.09995973337240574,0.04101116700727966,0.10476494568680117,0.07829250077481803,0.18273412147735213,0.13501876259506437,0.15752034895747077,0.1498719763577263,0.14217545346166308,0.07527999521397603,0.12488007489830706,0.13530724721420873,0.12599544002228222,0.18397991060904081,0.017243318350260488,0.15748088305244776,-0.0012929620603620473,0.15709107575866388,0.27024614598484503,-0.08005168915813814,0.11516845559606209,0.30337223280371406,-0.012168457288602323,1.7188399983189138,0.24358629034142887,-0.06462593279399302,-0.19480926116404546,0.4156537470002427,0.16259091017882307,0.1881420070114807,0.09815661050189578,0.24503303472875046,0.4788426044571181,0.03912355931549729,0.2810227812416233,0.07459019892619183,0.23667471906952836,0.292264481039033,0.34791096672340444,1.2222999938920014,-0.18633056076232055,0.13802409390887577,0.20116854521834454,-0.03804326603557068,-0.04695142620112996,0.1169983912099811,-0.22494342058481512,0.011422851061162703,0.11981218507598632,0.09864250585437571,0.027886989337573536,0.12336769296555107,-0.042104121031132875,0.07991767880174623,0.08248992318096204,0.03029964988245638
0.10291568646430571,0.06306066223853078,0.29731400890179327,0.07350364866594271,0.03661999844317575,0.10680689268700176,0.059081204815547565,0.07341796737345473,0.1521907001614535,0.1300925622662751,0.13666786764925398,0.048942343521008486,0.06426340452710565,0.11622485103438104,0.22202573315740956,0.0962454877875433,0.33231368435563696,0.17354524403721575,0.18990433021492675,0.1945286910226319,0.17025741541134548,0.028895208585359097,0.285873069091829,0.2636675656269895,0.20747287688386945,0.18142589330086176,0.24358629034142887,1.3452842587456417,-0.15750973270976953,0.19208158764069955,0.2823917443319496,0.0707432338546658,0.7347232269318869,-0.10699172210351418,0.8218602404676297,-0.24414105089484522,0.4867655231373124,0.14050146478798445,0.291621145122548,0.20339730537129153,0.06117801228306305,0.09165301604271475,0.3871700026852209,0.06605873579483879,0.3462300825899486,-0.10931080516937706,0.19825300374784646,0.19356392746167034,0.33310433529293776,0.2702240340205968,-0.064186050254503,0.4428956088796443,-0.3643547298241987,-0.004613811914114642,0.28701946913484716,0.021642711028122624,-0.08672385055823104,-0.37576451467068256,0.35235644287798235
0.03198372427252903,0.09955580826639014,0.24101754829350616,0.15542487750207312,0.12528513522884227,0.20213490666437772,0.10977110915514407,0.12009673880235464,0.05283555587188983,0.1379296662694227,0.18517526442942872,0.1149359421754978,0.08553752199605455,0.09513071775200192,0.16351722037700667,0.11879765514785308,0.1510637220633722,0.1630369272018961,0.02821103495700269,0.3516645536498956,0.11744595414022829,0.03130879796169139,0.3034343742767306,0.04626716657578755,0.6609101528162233,0.12105183239438479,-0.06462593279399302,-0.15750973270976953,1.7963992839453888,-0.2137211551532555,-0.1426554769937809,0.1381745006804244,-0.34495043469119546,0.7048798181762435,0.058191294198239187,0.25529581146865543,0.18880483256066294,-0.05986761870808383,0.23332454037723752,0.11810506758149283,0.28687054826123104,0.3792719480976191,-0.09126597628511103,-0.008103977135372914,-0.11370268668615548,-0.03256708149615499,-0.021567217494935415,-0.001484321703334695,0.15750165216427126,0.32193261843119103,-0.24814570957850016,-0.28789521402844515,-0.09713500046998795,0.07665786301880465,0.10454287997809902,-0.049691200203699284,-0.019591498561132584,0.09737009851881387,-0.09521947966929399
0.04844737936721163,0.04927568931208228,0.21475336253558056,0.03974117705511755,-0.07199278492164056,0.04818775676150654,0.014290832447655092,0.10819978024772801,0.17797631010920575,0.11135172371205915,-0.013076161110213279,-0.022513713347688636,0.009580989766123978,0.05064309055643043,0.12919940940916744,0.0026962431673702163,-0.09420594020789445,-0.042133673632687704,0.06275910530094718,0.21334760391536212,-0.028548031385471597,-0.007826746262148748,0.16017992690998428,0.39247425215985154,-0.07751241865738555,-0.3721035784482483,-0.19480926116404546,0.19208158764069955,-0.2137211551532555,3.07076066474804,0.008266098198170202,-0.07805651301383235,0.38522243682440377,-0.013811548198786909,0.331559166734744,-0.06576521489851705,0.9918375489896736,0.043089125841880856,0.1055867693485068,0.12809131810305904,-0.15195955790997942,-0.7604557351620881,0.22138999353197453,0.07368018576008106,0.2372418616552542,0.03595733855945907,1.1719963230421473,-0.05635049210852429,0.34828057913109806,-0.17814689195904193,-0.08276215390135477,-0.22089396091633984,0.23047636325827592,0.08420898354050324,0.27510118154270086,0.04259040809372943,-0.25272046177436935,-0.25979222489643927,0.28358094357201763
0.1121182277476961,0.12648053802528367,0.21793585352176698,0.18118431711827027,0.09989121694044878,0.109136762636187,0.13337681646194396,0.08537570011996025,0.13713638703721232,0.1072137519076284,0.1422023305115845,0.11783274708577188,0.061265750809628976,0.12838520442868967,0.13794587377847195,0.09319235744839409,0.21244749084413997,0.09434277462771554,0.1481497375287585,0.1074605159456368,0.2325782979390949,0.22142332241949064,0.2269542964605622,0.05500461046406782,0.5114650194822818,0.1482762310654936,0.4156537470002427,0.2823917443319496,-0.1426554769937809,0.008266098198170202,1.3892749142332612,0.13536789196484836,0.1923724149437711,0.18414202090271378,0.30715083277310407,0.5862442014416073,0.33415602822005736,0.30553832994458535,0.23368328205867547,0.05669744816548988,0.42197162335365684,0.1663017252112085,0.020571748562995054,0.322868897599483,0.07112322973071676,0.05081770084978801,0.029131943102104076,-0.06472879950811963,-0.18310642635416444,-0.012353596016379007,-0.04036220523404466,0.07979650373973822,-0.019208875065892764,0.023310618660272907,0.16317145116003706,-0.03323510901323475,0.003527944830131643,0.03863007379705392,-0.12343243851312252
0.08790705032697878,0.09952623686699144,0.2361116404964852,0.24468760026805247,0.14360952422288872,0.17903651605655907,0.0890833688565245,0.11779023667621925,0.13971585923915014,0.12859901205865942,0.0898727351123177,0.13207769490286622,0.08436065182864608,0.24972059220391518,0.12598689237806426,0.19816235223587872,0.06829662199349143,0.10165927137240328,0.13193765749065597,0.10992725493903678,0.08848472877213176,0.23107458648117035,0.031168642075417908,0.16947692553570914,0.12540575903132062,0.2641221337402401,0.16259091017882307,0.0707432338546658,0.1381745006804244,-0.07805651301383235,0.13536789196484836,0.5954408953262218,0.03294890842322519,0.19848758682024392,0.05396723675303067,0.09625182124621054,-0.10559796503955858,0.17231803926912345,0.16282576336461038,0.07463223498320466,0.09895745567377873,0.04360103187662385,0.1762095618887674,0.13196663717619833,0.02738308583412283,0.038668139721506116,0.0381977302029059,-0.05506191716029439,0.18624710904926312,-0.007682297673484897,0.008399698657151226,-0.02132233853598647,-0.07795388423813918,0.03638170026693993,-0.07278886154303288,0.022943939545048454,0.2862874236914745,-0.38641995124171163,0.12987772970378916
0.13832750735635774,0.10662469580273001,0.24945847349829103,0.051679768684354296,0.038218063904479196,0.0483965821844846,0.08562192581739762,0.03847312981465045,0.24706044307142444,0.09141727244793658,0.09891074268671132,0.08692137510444005,0.06249712011271388,0.10203909744942934,0.18163410204383612,0.06331304256722524,0.20851097365459859,0.13675738180144356,0.16347688690261988,0.09085683341674847,0.1915851212984875,0.17281501013837985,0.35902142058341746,0.36002911945894267,0.16652356093868761,0.10288628805586542,0.1881420070114807,0.7347232269318869,-0.34495043469119546,0.38522243682440377,0.1923724149437711,0.03294890842322519,1.7111932245972865,-0.37805871009191916,-0.03413043533050556,-0.33832160307744374,0.4010025121385749,0.15394213147610994,0.029700666295728227,0.06509490154382781,-0.566074090854778,-0.07865914434430984,0.4358487226887125,-0.09841357642290878,0.3031846206089046,0.0704723459271886,0.2992378207171096,0.05582515281806491,0.10664564301221699,0.05922187413926382,0.029375792388083088,0.07362754505589672,0.042743012936817176,-0.1436116078326963,0.2291081517139921,0.12681868296131124,-0.23681840092517947,-0.39064429893521513,0.42317666167884505
