0.9211581224497389,0.3547120748461557,0.3312323275201516,0.17568057240755106,0.0740285401813472,-0.019277005574674218,0.16878168843793911,0.013690486633159731,0.031591189757837174,0.09191105435877207,0.07480642403541239,0.1004758162322113,0.05436699072294308,0.019911857090779465,0.0994486082505967,0.055384999864620636,0.024537444997721012,0.12628420436302004,0.07395340406322463,0.1237062892554966,0.010161438387047313,0.050815766465714986,-0.009728554989556435,-0.23309762470348813,0.07886067520425509,0.12604098721155046,0.05434769205140834,0.08025970314369689,-0.029053750761109432,0.11972928825856824,-0.03674326253636293,-0.0024111727033114434,0.1468375724331762,-0.30582509821707216,-0.03802968305045061,0.04919133076755452,0.05906502636261003,0.06929410364091101,0.005435394625775637,0.05367157138719439,0.036903460334614245,-0.013585963556134305,0.03428074837849279,-0.0027849585592361844,0.12674233974661978,0.11730970201254365,0.021403652609000942,0.007907081052664968,0.0027751085557784333,0.0986348591620384,0.06919403185888397,0.019549733060621154,-0.09066370989642285,-0.0470440973511009,0.10814976808380122,-0.02647046638492488,0.21417196112119313,0.0745524214567653,-0.33681376403813007,-0.054904857328618335
0.3547120748461557,4.656255207557615,0.4585314230649103,-0.1443419725348971,0.041961549339818126,-0.19601544720333514,0.6462585894611634,0.03200602407648132,0.276376064728272,0.1018141833475532,0.21626413864009345,0.18969221379190873,0.13510777568723892,0.0643922406663195,0.4203809596027577,0.12122712417851195,0.019048608436716484,0.5759335699930909,0.34872318052380774,-0.08938514670922829,0.2103143794261116,0.18728221343230736,-0.4871282612885631,-0.1614542408562042,-0.051097458954926636,-0.1578849820432108,0.1645321567051374,0.13218536507631856,0.07331104475899314,0.18568352123900944,0.38420077844102163,0.11249813054573096,0.20758045495218944,0.11078588124053924,0.15074335553002297,0.21182281829401756,-0.07929442314870165,-0.002292716802788706,0.24322580461938467,0.13195656244700682,0.07294601200490274,0.04165683261052535,0.14967284613423704,0.052301410071612014,0.23051633614683684,0.19478059265020167,0.1351965366733466,-0.02460865390319036,0.06638546860034117,0.07004852692663059,0.3135110806243509,-0.06278480947771428,-0.3344246450160008,-0.1336992933164866,-0.6878667664709427,0.15241310158943516,-0.26361776441397883,0.3886435363999526,0.41600490383656263,0.004063478021923377
0.3312323275201516,0.4585314230649103,2.4713934656731014,0.2896636303601277,0.07719985090785392,0.3974166011911307,0.2551506457913804,0.2600440116871765,0.6136152656410881,0.35582262430624817,0.3215735246211593,0.41012100057383233,0.19476974950338685,0.20209178039587378,0.37297136421245414,0.20634645770170082,0.40831206378167073,0.2507678150679329,0.6219465215610074,0.4671542314820895,0.3078589451602611,0.4049928847535636,0.3531488823614045,0.40037899873563343,0.26586511869137197,0.22884195529029458,0.24004062555456313,0.3938245037924401,0.39318183740818563,0.34046182374999717,0.18494807017647952,0.13387760107249155,0.3421868996919635,0.17992614222966277,0.36682914522807375,0.2942681273259673,0.2124355416398365,0.21621708516934976,0.3803697286379943,0.2472268474688554,0.24299946413645124,0.20921013770105742,0.29513929728780514,0.003990964596449754,0.33702456482914944,0.3974384193826124,0.42200306260613185,0.013562675223451587,0.34301634993671254,-0.026236196832124577,0.020183505403158532,0.07781177434593022,0.14474941347367898,-0.21219856119581257,-0.018011522901131838,-0.02242470880186446,-0.48594310310798866,-0.12490870692012225,0.5618855733165987,-0.010319925773610643
0.17568057240755106,-0.1443419725348971,0.2896636303601277,3.1624075955805395,-0.426655580856244,0.057696152829067614,0.015878828771834556,0.1115125274286372,-0.013193425203806494,0.2691408399315178,0.06552373229337044,0.23905727018483922,0.02878020027122822,0.11641400150948376,0.006441505322529726,0.16314416639242565,0.14390475343660844,-0.04739790387401918,0.15582363508875618,0.10181052693535259,-0.002372672685318151,0.06922053486970774,-0.05240055429969698,-0.17474706542488846,0.06368949496799786,0.0524427295860104,0.12600201969076913,0.22152768553621802,0.018690830799212,0.1770207307106133,-0.21988406512433226,0.22417987240078474,0.09188766060772174,-0.06241975811911166,-0.7789499525356747,0.23065881099285218,0.060324577216290656,0.07244908959500096,-0.1489178154916232,-0.15244535920273394,0.10531790191046145,-0.10285318712330098,-0.06318244148630311,0.07004538523314657,-0.13043485018100529,0.03274925243289217,-0.0808462926850914,-0.03042261944029213,0.04180753664682195,-0.08333687103759607,-0.1387280298444304,0.11210401124841629,-0.23133081681018466,0.11967752753973154,-0.4553079127439076,0.006410455860090642,0.1703214197407211,0.42822246896776084,-0.25512842874703473,0.26948872624524517
0.0740285401813472,0.041961549339818126,0.07719985090785392,-0.426655580856244,1.2795932892765705,0.4773056697446344,-0.048123600154024795,0.22800579662427023,0.19286508823198978,0.050887577789591465,0.1701338560009417,0.2251115376973319,0.1422883526694055,0.2463867124030856,0.23373490247867015,0.1996784869863526,0.08852131957929839,0.16452156016898267,0.022848101759311623,0.1533811470829993,0.12314285766172922,0.19074388748393928,0.2504002921531288,0.2465423918632455,0.1419525702136861,0.2332239194964453,0.11478751559347272,-0.009002568797392207,0.2520038549076028,-0.3962892583723689,0.16442210881450858,0.21658453987077023,-0.017475570171352015,0.44270536988677867,-0.1370314993807939,0.11822755977435372,0.0697600869140494,0.08825616022483258,0.09949247419337093,0.01587774930197816,0.07171802211217536,0.24828225999515946,0.09562790695087313,-0.006291871298244468,-0.023874004571849412,0.1953047365003993,0.16145321157823186,-0.004237535737148142,-0.05755542254502946,-0.02310083050815065,0.1867860827319933,0.04993445286188582,0.06956427994502451,-0.1030791960333242,0.04125587574032046,-0.1609721869965617,-0.18551883059479068,0.0281289466335187,0.25659442444015496,-0.1931544929900672
-0.019277005574674218,-0.19601544720333514,0.3974166011911307,0.057696152829067614,0.4773056697446344,0.826109167362558,-0.21160034327838073,0.34054897916161403,0.32622678108826864,0.1557693616085236,0.2142970865681222,0.3119076457019274,0.13210727234105524,0.3037911664876318,0.20677040712726538,0.24130271186875238,0.25126754387424605,0.10204956537035577,0.19448735118507016,0.3182343814461837,0.2322225704196234,0.28086822383165333,0.22691179253839136,0.3968783702206102,0.20665645787758374,0.2401676689492635,0.20250015404040034,0.3006379527935742,0.2740990563751973,-0.06953311073159661,0.21355781154861642,0.33558716247253195,0.022903467981001503,0.2895278439572291,0.10021382136521824,0.150162825856337,0.02045759682793858,0.18471127556847514,0.12348746162513234,0.10280964157223484,0.04625330300725703,0.1695060994517251,0.1795653918617564,0.0031303507597979924,0.012615757722033164,0.2105987350233235,0.21447807993758378,-0.011820052008741538,0.1648102946287488,-0.10467752953379379,-0.2645144255356874,0.2361171111716296,-0.005284267356347739,0.1610235652287068,-0.039110029106343355,-0.07009584838241789,-0.08076883394785483,0.09298502927780743,0.09447561679643862,0.25441087365962656
0.16878168843793911,0.6462585894611634,0.2551506457913804,0.015878828771834556,-0.048123600154024795,-0.21160034327838073,1.0795791492879874,0.07982096491218982,0.21011186703811244,0.028144530461883272,0.21049183803608068,0.20863788344972875,0.12645771294243288,0.042080506615354236,0.11474055340711498,0.11613084250566619,0.16928590070769672,0.21271798169294903,0.22818162408191195,0.14780884195794589,0.15737763115547193,0.17208590638884264,0.23461086137372297,0.277855473483856,0.155860965631162,-0.002315542002653866,0.13612348706410538,0.1671973153834161,0.06552560433239901,0.08352972818380532,0.1606665069514566,0.05910766784017516,0.2111501136547315,0.18802542195633257,0.09485952535700808,0.11628247807540953,0.09143454810597375,0.06093048892951677,0.20856845947224104,0.09005834866128368,0.1763550245562466,0.06704229742438444,0.14231729830272735,0.013422152395015636,0.21247626429722102,0.13097900339092688,0.2517973947705332,0.014768088137542705,0.220004355699294,-0.021389237001479593,-0.0008147513513557824,-0.12076567626120922,-0.025306060289777443,-0.05814769505384866,-0.09382831471623884,0.21441795495396895,-0.057831384810999656,0.06261569527995248,-0.1435730404100652,-0.04298658559866462
0.013690486633159731,0.03200602407648132,0.2600440116871765,0.1115125274286372,0.22800579662427023,0.34054897916161403,0.07982096491218982,0.5996000232735413,0.14266465797448385,0.1543449341622769,0.14460651406582342,0.038999549253834816,0.16105852187555794,0.18991275215132325,0.04786192979675768,0.13659150567783618,0.17847295196553137,0.16529089995651403,0.15816692093454351,0.24701945699324507,0.1316475912132507,0.14533630072708567,0.1377193363596621,0.2503216406486454,0.1574934306740264,0.13468808603556728,0.12324603536096203,0.17996946565373928,0.1514597401178034,0.0911342836977976,0.16869521504141402,0.11620446666253638,0.08138428944582361,0.23749101596094302,0.14637084265850128,0.08813728811379652,0.12841531728887773,0.1406767588815416,0.19924801710548734,0.09111396780688949,0.05574109708224656,0.012381111010197602,0.16321411357285182,0.009501731815858167,0.09566481505850859,0.10043266547735576,0.1825847617826365,0.0011018778121967782,0.1961726903456908,-0.021949523596743653,-0.13658240640419297,0.0840653700498134,0.20326371489125716,-0.12986584456099776,-0.0976734887917305,-0.018956950731313076,-0.018104266246421887,0.15863119640875284,-0.06865749950317876,0.05139956831166435
0.031591189757837174,0.276376064728272,0.6136152656410881,-0.013193425203806494,0.19286508823198978,0.32622678108826864,0.21011186703811244,0.14266465797448385,0.7522261375271849,0.16582534355104966,0.20871674710453633,0.25492856813212633,0.12874924298306345,0.22074771470258367,0.20380304189914114,0.1625364277386642,0.23588233284473256,0.20215052691291924,0.3646885297304484,0.20694947398481875,0.23658259535296824,0.4329015916085716,0.2705089641162206,0.38455810048479083,0.1388835099864033,0.17918645185748996,0.1696722295990848,0.29341341128713816,0.17302738054071434,0.06758845872036966,0.2268956320663976,0.23670147658292803,0.2283562782711327,0.15663423960358216,0.16249529614837083,0.13354511078229764,0.003412657794435616,0.11809426122921442,0.152993219125634,0.11226059988011988,0.0879254277934588,0.1823138633699464,0.18484514510081426,0.0046860348600759605,0.0697967816283662,0.28091421943965184,0.2959979543587801,-0.039708181239222304,0.32897336286002477,-0.19712058214734907,0.06397578865897813,0.050811392778739146,0.06654528433162309,0.015438694846159258,0.010912762818488953,0.12724224100558915,-0.24457550173637774,-0.07031028863631662,0.2002587506131339,0.15460757530320077
0.09191105435877207,0.1018141833475532,0.35582262430624817,0.2691408399315178,0.050887577789591465,0.1557693616085236,0.028144530461883272,0.1543449341622769,0.16582534355104966,0.5152337030065244,0.12855072755265284,0.1746811100682664,0.1319587325905165,0.14954734274661094,0.14390276327523885,0.1282631578540732,0.16784133700027234,0.14550733672109328,0.16783093826157944,0.243452937805132,0.10350935929025247,0.13790348294570526,0.05980533492539315,0.05838270987286489,0.1020786157443681,0.12234816808722505,0.1482703503297274,0.15953051673799898,0.1896603052763588,0.11623883904224447,0.08798533563674624,0.15008084170363406,0.06090524289343257,0.22297893665937085,0.157011393482156,0.12192829491507087,0.15098756107366632,0.12117699901156817,0.14726762430471052,0.09323257178883916,0.1842715070237476,0.006245165815568379,0.13767310074087435,0.008949499548515254,0.17134105454766635,0.1635428797679659,0.23657603183170528,0.006502553922806414,0.10925018984513006,0.019830010594228984,-0.015835943981460262,0.04168598563991882,-0.06902438485285942,-0.011012912457573774,0.04680351915448205,0.021128774767512175,-0.07788662518795138,-0.0720977753967709,0.06787413161510777,0.027183168024132752
0.07480642403541239,0.21626413864009345,0.3215735246211593,0.06552373229337044,0.1701338560009417,0.2142970865681222,0.21049183803608068,0.14460651406582342,0.20871674710453633,0.12855072755265284,0.4025892690165634,0.2702153704706235,0.13309387055946917,0.14782885001834073,0.2408738973209324,0.17947167784103363,0.2273423582359541,0.16328083076584862,0.1314840690335587,0.18582153761903333,0.16233590475511706,0.1878639343205098,0.20833377777361242,0.26969630701301506,0.1470220130883495,0.07648552856277585,0.16286320852393762,0.19637188688743096,0.19509318587822538,0.08089548068130552,0.1809549482646034,0.15993898257887246,0.10120170273883461,0.19153747659344808,0.22401244477179344,0.10857825429194091,0.05336932422576059,0.09279053462379377,0.11711348078130586,0.12683993737729365,0.13784237500238367,0.14955946556501273,0.1300747726816937,0.004948695234960743,0.08975866401570842,0.20372257785347153,0.24670688870971744,0.02085519073283264,0.1652149137879804,-0.11125077365659596,0.013684645398647242,-0.012728477959688109,0.07859154325769853,0.07628812639770209,-0.0788153633033884,0.045214854472808486,-0.05776276495561268,0.07832242430067045,-0.03135127966805304,0.08834325922879449
0.1004758162322113,0.18969221379190873,0.41012100057383233,0.23905727018483922,0.2251115376973319,0.3119076457019274,0.20863788344972875,0.038999549253834816,0.25492856813212633,0.1746811100682664,0.2702153704706235,0.5702206153235018,0.09336622808165018,0.19342945697202396,0.24000450282489252,0.23902850342289997,0.2326927852139815,0.05767697979231907,0.19718789523037653,0.2215261815327349,0.1748711742411923,0.24020798084149753,0.18625015414977808,0.24773714951073808,0.1903240178983422,0.09881429479638124,0.22768972404346086,0.20136963135545147,0.24815155459960528,0.07067786776362607,0.09503044165286416,0.2582211667425044,0.06921399712993638,0.21507537264864418,0.14935129689145002,0.212449464407126,0.010059485364028162,0.11126842980520162,0.06452029280449978,0.11924766352411466,0.17561912554344064,0.18305228919842678,0.14126338164969432,0.00775038535567757,0.08718877960634167,0.24853358982791457,0.22471938707423292,0.008324625158636799,0.11308606987581056,-0.18328244296704696,-0.0294252343596802,0.04005395920242863,-0.05472573273285772,0.19243753661103372,-0.07948677756868593,0.05603695888917129,-0.09506301817479376,0.06583735383315237,0.018530262265561804,0.1253664990209105
0.05436699072294308,0.13510777568723892,0.19476974950338685,0.02878020027122822,0.1422883526694055,0.13210727234105524,0.12645771294243288,0.16105852187555794,0.12874924298306345,0.1319587325905165,0.13309387055946917,0.09336622808165018,0.2871476953808014,0.11568408686424456,0.047307830429605596,0.13543663302262618,0.10885316641616123,0.13281382577190723,0.14268708983461806,0.1329154361250445,0.08122162123668075,0.13591723149156704,0.15473133823397087,0.14607944690477864,0.1100440042219474,0.07960737073180388,0.1232944517008982,0.1081472813932859,0.14294102531321867,0.07793846176889091,0.08190109990497371,0.08912925677524942,0.09122661600155828,0.153522054949485,0.1325426300612258,0.07985745546338165,0.09867760488557525,0.07130017698011254,0.1108767104970398,0.07446286359091384,0.09825355801113114,0.01652349583904877,0.08889843851553415,0.006683556132659128,0.02754873514297729,0.11337290315266431,0.14595447174847848,-0.0002079122175563705,0.15363088581015275,-0.010338850662711402,-0.02109973462975033,0.0035457789776964154,0.090771231127507,-0.056028047585069914,-0.03866103839794576,-0.023867247587701246,0.01163049910503881,0.029120967752836763,-0.005185050861410776,0.013955368683599537
0.019911857090779465,0.0643922406663195,0.20209178039587378,0.11641400150948376,0.2463867124030856,0.3037911664876318,0.042080506615354236,0.18991275215132325,0.22074771470258367,0.14954734274661094,0.14782885001834073,0.19342945697202396,0.11568408686424456,0.46152813329094516,0.2615260667183172,0.2974526212238677,0.21285776750718843,0.1363156012943704,0.18298191832679503,0.18865050455616703,0.17823165887593226,0.2546069468434812,0.23839961579097713,0.2440885343424038,0.1501694889955607,0.20722454369982618,0.18449250996529576,0.16106571371839243,0.20229340319893735,0.11671686620912655,0.1214702847145776,0.3831518699700391,0.10739476923428837,0.24643188237060396,0.1399863756096769,0.20658806290780685,-0.012612975087131731,0.11000505103723121,0.1602778330307054,0.10486432429843374,0.1815556726350725,0.1369227835873071,0.1673999693776541,0.011477458946067073,0.13010747033669043,0.24959515337991536,0.24607335338280986,0.000792554468628448,0.19210762733778827,0.05499349513423956,-0.07617000754865577,-0.019182840575810448,-0.02028800028180026,0.07632849568157869,-0.11788979210512306,-0.005087131754068272,-0.1423625773739868,0.16659956833607265,-0.01587751161739193,0.024963701348378206
0.0994486082505967,0.4203809596027577,0.37297136421245414,0.006441505322529726,0.23373490247867015,0.20677040712726538,0.11474055340711498,0.04786192979675768,0.20380304189914114,0.14390276327523885,0.2408738973209324,0.24000450282489252,0.047307830429605596,0.2615260667183172,0.7554170236827088,0.2142907537021699,0.2293495483708437,0.3076983067749219,0.234687504051048,0.13959742038533868,0.1907829909902523,0.19876367532788605,0.2936396971565209,0.24102661802915124,0.18141100794389853,0.2055248120671203,0.15189564770794378,0.2094119901690178,0.23884094487541713,0.11612496837113716,0.18068506414228003,0.2572778821906684,0.13294894661545456,0.22847516329869796,0.1813089828464899,0.18491165461887524,0.02292342977876067,0.05664033544925021,0.20139285731266954,0.11724634474962078,0.20706371689771366,0.20180032866095945,0.17613055315744816,0.005505100580158452,0.165410283633806,0.2855699633197946,0.29334920384542895,0.032493140544901905,0.18904831623776772,0.22261516951812071,-0.012729400699481813,0.0894015227693097,-0.31280621649855955,-0.004324887943882545,-0.1028914633092913,0.11281159596580975,-0.2607954254651708,0.10688824399841329,0.06607981993268522,-0.045277430157281015
0.055384999864620636,0.12122712417851195,0.20634645770170082,0.16314416639242565,0.1996784869863526,0.24130271186875238,0.11613084250566619,0.13659150567783618,0.1625364277386642,0.1282631578540732,0.17947167784103363,0.23902850342289997,0.13543663302262618,0.2974526212238677,0.2142907537021699,0.4780548391899733,0.2598381157469277,0.09836945196096207,0.16236027564891922,0.22592439530303585,0.1560829507555781,0.30705620784337057,0.1251203731275439,0.19834451613484608,0.1704504745236279,0.18828087505557203,0.20927193867742727,0.19588901275021806,0.18642315433330872,0.09236460342926822,0.12013258285676344,0.2655933221642883,0.08479762560574078,0.2162842099772736,0.25327879462650765,0.15811058431009933,0.030485592765630166,0.11652061163056004,0.13791888797087368,0.12629231809281433,0.18029644791475136,0.16981753187621218,0.19643849244652214,0.016780339509479977,0.15120129561815618,0.23045557844606787,0.23525261474263442,-0.016617643796816742,0.17358195242016902,-0.025827025349166657,-0.07504863995318294,-0.02774928792834819,0.03110418807444066,0.09659647196697277,-0.11349173445787752,0.025493314247618172,-0.13405961627680635,0.1812911031911941,-0.055845267480518025,0.03283698321387139
0.024537444997721012,0.019048608436716484,0.40831206378167073,0.14390475343660844,0.08852131957929839,0.25126754387424605,0.16928590070769672,0.17847295196553137,0.23588233284473256,0.16784133700027234,0.2273423582359541,0.2326927852139815,0.10885316641616123,0.21285776750718843,0.2293495483708437,0.2598381157469277,0.9760243626559307,0.08489015011777391,0.2152419967642271,0.27862231200377535,0.23482688877405775,0.24492649770043318,0.2547855774366145,0.31613682795486703,0.23496442856222108,0.10655674370099408,0.18858247808189516,0.7075854182154929,0.15915400795648627,0.08195029778855048,0.17862097909035873,0.20105479652484934,0.32283071628025806,0.19071955866948018,0.23118688444515267,0.11290205670503699,0.2361772097352866,0.1226774673600751,0.25953496297808726,0.1255115042439518,0.2996839344701666,0.4445479973158518,0.1898639818350966,0.013481871463209616,0.362376114968112,0.2947191469295145,0.47417649706131837,0.08238028217651822,0.11704381128235511,0.06917325581055507,-0.16558519969215882,-0.2737409335974948,-0.0630785246768341,0.12670995591259934,-0.13782193228296316,0.003821486194048182,-0.2382043184196991,0.1687403888772631,-0.0014641140687295007,-0.029634913415414268
0.12628420436302004,0.5759335699930909,0.2507678150679329,-0.04739790387401918,0.16452156016898267,0.10204956537035577,0.21271798169294903,0.16529089995651403,0.20215052691291924,0.14550733672109328,0.16328083076584862,0.05767697979231907,0.13281382577190723,0.1363156012943704,0.3076983067749219,0.09836945196096207,0.08489015011777391,0.7403615793276093,0.15523425126209925,-0.01732154932402782,0.16026593221693572,0.15137077122848996,0.3266912268802063,0.18035241159437496,0.09083236703747857,0.20823365278737282,0.05952789722928509,0.14481116142949946,0.06497925264176535,-0.06613564458397339,0.347901959885859,0.10666899839210771,0.1742153196799288,0.1736000725895223,0.13280918653461274,0.1093906788649642,-0.05431168540646976,-0.006636052004481376,0.27231102935714646,0.11750212486454506,0.061172519109815235,-0.06520512059195492,0.17763046793759923,0.014283468255313373,0.3041853756662678,0.16270943981564875,0.2098631821987454,-0.019559994922950366,0.12165920471395737,0.13159490300678778,0.20693982077561962,-0.001382454208741494,-0.2981699422099088,-0.16900602209037163,-0.08818448116181048,0.12564003096011542,-0.03954793498900885,0.1216630652221093,-0.17266863402701477,-0.07779414384074287
0.07395340406322463,0.34872318052380774,0.6219465215610074,0.15582363508875618,0.022848101759311623,0.19448735118507016,0.22818162408191195,0.15816692093454351,0.3646885297304484,0.16783093826157944,0.1314840690335587,0.19718789523037653,0.14268708983461806,0.18298191832679503,0.234687504051048,0.16236027564891922,0.2152419967642271,0.15523425126209925,1.5011554451704814,0.3198343281539826,0.2601110620460891,0.28563779235164555,0.11174981510242377,0.183288755485066,0.10061091746399374,0.23136690890507491,0.16239111571220644,0.3548341674166033,0.26339536469485797,0.18633079120235302,0.1836741270295809,0.20319650418654664,0.23869777675513917,0.18321031926289685,0.13403688461995003,0.3414811540658799,-0.0007895221452608159,0.15482323751438054,0.27951239774355263,0.12693230713445397,0.26848362648600077,0.12585335639634748,0.1974345816514821,0.007086565709984591,0.2827573636720044,0.3441099201744819,0.25920423143949883,0.009203059309607579,0.16713822702074482,0.27128026313804304,-0.17440361419171035,-0.14665406981928886,-0.18985623750355204,0.04365977199545347,-0.04147498114785967,0.08979199049867101,-0.19483378083725636,-0.009037584235541766,0.15683100012731113,0.10475878041216014
0.1237062892554966,-0.08938514670922829,0.4671542314820895,0.10181052693535259,0.1533811470829993,0.3182343814461837,0.14780884195794589,0.24701945699324507,0.20694947398481875,0.243452937805132,0.18582153761903333,0.2215261815327349,0.1329154361250445,0.18865050455616703,0.13959742038533868,0.22592439530303585,0.27862231200377535,-0.01732154932402782,0.3198343281539826,1.4375234829537469,0.11230488870788362,0.19786473205577992,0.2793956299963322,0.26199880637072126,0.2738057395800678,0.29513242317439403,0.34019166971939857,0.5268486388868655,0.09717912053031456,0.173849866627813,0.04691717167473154,0.2062010241333796,0.12327869394370716,0.2644640475300757,0.3032698755951373,0.08253238687632973,0.6122600792899852,0.6363592654662262,0.09501360943919167,0.2649378764556134,0.26931855916364017,-0.29176642265057473,0.3696723919874667,-0.050142646657661695,0.4739974736941079,0.23730025415990563,0.3184793003386931,0.034802663447544714,0.23140268019689442,-0.04197250551237001,-0.3431680026439526,0.3479257797153745,0.08324988000396492,-0.011597454383477031,0.02935368351685481,-0.035584309505947195,-0.05483822969674871,0.04447752451047658,-0.015120124637782653,0.08942486015787066
0.010161438387047313,0.2103143794261116,0.3078589451602611,-0.002372672685318151,0.12314285766172922,0.2322225704196234,0.15737763115547193,0.1316475912132507,0.23658259535296824,0.10350935929025247,0.16233590475511706,0.1748711742411923,0.08122162123668075,0.17823165887593226,0.1907829909902523,0.1560829507555781,0.23482688877405775,0.16026593221693572,0.2601110620460891,0.11230488870788362,0.5057149494657481,0.1948666405008939,0.1339323392763726,0.28411420157691863,0.1545530356268634,0.28571266852403576,0.12999290603649807,0.13276169970884646,0.268707965659772,0.05793631052250222,0.33165867435723406,0.2079720794114103,0.29105649141775625,0.19882780181989085,0.293632205058031,0.2250363683497864,0.019771847188330596,0.07484478079066496,0.502870049515161,0.2410150915098583,0.2850355203994652,0.32201576219078154,0.2124706618809466,0.02799186192565772,0.5888116617344509,0.3049273408687103,0.4318126408159469,0.07950239873209013,0.18320643512581208,0.05571703043156441,-0.0527859803368713,-0.10767260261019822,0.010602136039483121,0.08394306310301644,-0.032907954578400005,0.009250296826273577,-0.16369752061006457,0.017960489838557605,0.08597917797699225,0.21027391806473664
0.050815766465714986,0.18728221343230736,0.4049928847535636,0.06922053486970774,0.19074388748393928,0.28086822383165333,0.17208590638884264,0.14533630072708567,0.4329015916085716,0.13790348294570526,0.1878639343205098,0.24020798084149753,0.13591723149156704,0.2546069468434812,0.19876367532788605,0.30705620784337057,0.24492649770043318,0.15137077122848996,0.28563779235164555,0.19786473205577992,0.1948666405008939,0.4773236417164933,0.21880949879233247,0.28186061536360146,0.1696195233512424,0.2027444919332505,0.18546228503990786,0.2162225743186184,0.20906284079617243,0.0808016664252719,0.14717691124710047,0.24484567514138736,0.16518218002597793,0.18208385234115035,0.21098127407528192,0.1464973769471946,0.006716505152190328,0.1098047840091146,0.15599907607813276,0.11792473074913544,0.1294353019209368,0.2039138406339792,0.20139431133433905,0.014819351124032609,0.09113020203582543,0.27059901972068257,0.27198338498120384,-0.06083324063917971,0.28401099282891246,-0.09180916097367482,-0.015432981782006293,-0.02089481904484648,0.05758917845823332,0.05205833035378713,-0.052963132234930876,0.06971543877624693,-0.18290307813360376,0.06405254765141492,0.0612581706071471,0.08693137017233105
-0.009728554989556435,-0.4871282612885631,0.3531488823614045,-0.05240055429969698,0.2504002921531288,0.22691179253839136,0.23461086137372297,0.1377193363596621,0.2705089641162206,0.05980533492539315,0.20833377777361242,0.18625015414977808,0.15473133823397087,0.23839961579097713,0.2936396971565209,0.1251203731275439,0.2547855774366145,0.3266912268802063,0.11174981510242377,0.2793956299963322,0.1339323392763726,0.21880949879233247,1.8714310588838055,0.7258292272796709,0.3964826354062906,0.11909389479138988,0.16235115385301577,0.3537918008085917,0.297652797901722,0.18719269107635036,-0.2518625649623716,0.19927929154666285,0.28833388097880897,0.21371670405228715,0.0304688491192284,0.13067480760026232,0.22342007060385696,0.052977705472131285,0.08391083922503079,0.18469075882339764,0.3254125592229573,-0.0006092800064537766,0.16831747486204302,-0.044514585954918036,-0.09620234943117995,0.2683514427638583,0.4274447524542947,0.05174553462697982,0.5028467977743944,-0.016579451588180357,-0.10113599762903566,0.11607897649854773,0.03852076014293047,-0.04892245613350286,-0.012225380959257405,0.010978263135127956,-0.28400813056975915,0.0812110197039858,0.14852206629694556,-0.010019119267522199
-0.23309762470348813,-0.1614542408562042,0.40037899873563343,-0.17474706542488846,0.2465423918632455,0.3968783702206102,0.277855473483856,0.2503216406486454,0.38455810048479083,0.05838270987286489,0.26969630701301506,0.24773714951073808,0.14607944690477864,0.2440885343424038,0.24102661802915124,0.19834451613484608,0.31613682795486703,0.18035241159437496,0.183288755485066,0.26199880637072126,0.28411420157691863,0.28186061536360146,0.7258292272796709,1.6735805581578556,0.3017849085051491,-0.19190791546940322,0.2003878451623846,0.45016979746120656,0.005148936838760416,0.06429132902368766,0.6381007977305767,0.21110745673557604,0.25588642636080083,0.03688527106141442,0.5535137762286559,-0.018039199865264487,-0.1743868485938189,0.137717450158336,0.1914865332497846,0.28748557599419144,0.036389939170411785,0.17066863203475202,0.15223158002850037,0.00436045845183919,-0.08451923968706372,0.3020810742450813,0.4559425147106877,0.06249122011213245,0.5705829527583558,-0.21559724967215207,-0.14075814933408282,0.12191702874386506,0.1988124764768574,0.07234538544326012,-0.0657468307604855,0.07665322116374862,-0.2169009134633422,0.023661216633690908,0.13849905256325296,0.10802296882616241
0.07886067520425509,-0.051097458954926636,0.26586511869137197,0.06368949496799786,0.1419525702136861,0.20665645787758374,0.155860965631162,0.1574934306740264,0.1388835099864033,0.1020786157443681,0.1470220130883495,0.1903240178983422,0.1100440042219474,0.1501694889955607,0.18141100794389853,0.1704504745236279,0.23496442856222108,0.09083236703747857,0.10061091746399374,0.2738057395800678,0.1545530356268634,0.1696195233512424,0.3964826354062906,0.3017849085051491,1.10760778745808,0.23263032249036203,0.1620803748721002,0.17386319389225863,0.5243950085625003,0.1564211008495007,-0.034855916832348385,0.14605640131153427,0.13858561085309287,0.24522191555766398,0.16348062000230745,0.2915374546785055,0.3444999724568749,0.14537296144082057,0.000925835437047173,0.05339950371595151,0.2850027180655798,0.0763142191930712,0.15362198367551472,0.008640339158290228,0.13928779184402926,0.3950991153072612,0.22199571990469114,0.012107298621849397,-0.15109757399679938,-0.3489713957071174,0.04867450550086488,0.19612304296678132,0.1828369386516209,-0.005389830824237107,-0.026970908353510074,0.03448386369233421,-0.0020222002895287864,0.022590493344317595,-0.10135161372763805,0.1004784474627824
0.12604098721155046,-0.1578849820432108,0.22884195529029458,0.0524427295860104,0.2332239194964453,0.2401676689492635,-0.002315542002653866,0.13468808603556728,0.17918645185748996,0.12234816808722505,0.07648552856277585,0.09881429479638124,0.07960737073180388,0.20722454369982618,0.2055248120671203,0.18828087505557203,0.10655674370099408,0.20823365278737282,0.23136690890507491,0.29513242317439403,0.28571266852403576,0.2027444919332505,0.11909389479138988,-0.19190791546940322,0.23263032249036203,2.3333274447198376,0.09864585986318893,0.1001842103224565,0.1400022791007182,-0.21082288733257534,-0.008082174165151314,0.2402143756115125,0.2365789351889935,0.3209906275852704,0.10450910050268364,0.22057143974270055,-0.02899369283428855,0.10361991332230791,0.2961479027360616,0.24263917732067292,0.35455917141840004,0.10185447564486427,0.11105656182493406,-0.07725973125869012,0.6220754026311844,0.1574023335068656,0.12214356679384336,0.06898576548798847,0.6581732772130028,0.17327138648077933,0.05277090229966934,-0.028350984079716483,-0.28113054135692,-0.08462722046075054,0.028013704350060772,-0.03519166851562807,-0.03710259554497622,-0.04116945878142051,0.013557202432155586,-0.0718255675803136
0.05434769205140834,0.1645321567051374,0.24004062555456313,0.12600201969076913,0.11478751559347272,0.20250015404040034,0.13612348706410538,0.12324603536096203,0.1696722295990848,0.1482703503297274,0.16286320852393762,0.22768972404346086,0.1232944517008982,0.18449250996529576,0.15189564770794378,0.20927193867742727,0.18858247808189516,0.05952789722928509,0.16239111571220644,0.34019166971939857,0.12999290603649807,0.18546228503990786,0.16235115385301577,0.2003878451623846,0.1620803748721002,0.09864585986318893,0.41899266523229073,0.22090696311746696,0.10690838455743636,0.08903656566456836,0.09785555930947167,0.26333169572683834,0.09214606684577797,0.2051578609249804,0.1777470502041381,0.1742566419929814,0.1315062415136651,0.1795707655974268,0.07043824710572073,0.13356776032978754,0.215733530058177,0.035527433131287235,0.17186428757724145,-0.011809888935506484,0.12232855813904317,0.20652271493836427,0.19699531382840452,0.018981732101311304,0.18243095086162417,-0.0655781710430389,-0.10204844793954525,0.12659209965637244,-0.021728186121083567,0.0791505048143399,-0.06708497704309534,0.022212315494589765,-0.031819087694665064,0.08788404877777621,-0.04884664225309029,0.11089694753660825
0.08025970314369689,0.13218536507631856,0.3938245037924401,0.22152768553621802,-0.009002568797392207,0.3006379527935742,0.1671973153834161,0.17996946565373928,0.29341341128713816,0.15953051673799898,0.19637188688743096,0.20136963135545147,0.1081472813932859,0.16106571371839243,0.2094119901690178,0.19588901275021806,0.7075854182154929,0.14481116142949946,0.3548341674166033,0.5268486388868655,0.13276169970884646,0.2162225743186184,0.3537918008085917,0.45016979746120656,0.17386319389225863,0.1001842103224565,0.22090696311746696,3.884459331479817,-0.49316348530741394,-0.08547620579740016,0.25123543044494645,0.2722329992460379,0.8010892675068446,-0.08360811760777992,-0.11571499337181415,-0.18389609918917735,0.6907325082203819,0.18802192482832186,-0.1492171557064817,-0.014493806529927737,0.4763152290211656,0.467116478094505,0.13170465076609023,-0.008512103133485568,-0.5144853942322009,0.05789802661817499,0.29319665895530445,0.2055973565979033,0.5789781607331533,-0.22525410953630615,-0.49655087739968795,0.7061210082374615,-0.3363725051726502,0.1372253235421855,0.21293304373263947,0.04745021566487215,0.004354995986955216,-0.049483114256946625,0.5518615971992358,0.25655754492783084
-0.029053750761109432,0.07331104475899314,0.39318183740818563,0.018690830799212,0.2520038549076028,0.2740990563751973,0.06552560433239901,0.1514597401178034,0.17302738054071434,0.1896603052763588,0.19509318587822538,0.24815155459960528,0.14294102531321867,0.20229340319893735,0.23884094487541713,0.18642315433330872,0.15915400795648627,0.06497925264176535,0.26339536469485797,0.09717912053031456,0.268707965659772,0.20906284079617243,0.297652797901722,0.005148936838760416,0.5243950085625003,0.1400022791007182,0.10690838455743636,-0.49316348530741394,2.790120625871506,0.5119074990880091,-0.23478927221140844,0.1788006321970532,-0.0960893593177188,0.7549988022729386,0.2789336996312075,0.6189891939353042,0.5356776883550286,-0.024183497234373023,0.18070385635465408,0.1422834034832481,0.9405147588023243,-0.02601195311194493,0.06820108479110312,-0.037648801081602845,0.05701690578304985,0.4481910420302736,0.3658551315445799,-0.02204837501984776,0.33114395326042645,-0.06468398337459366,0.011349780550480052,-0.10977129650127171,0.1329765872108404,0.08916607531290259,-0.0761535816741174,-0.0951817284452125,-0.1849464721299458,-0.01295828401736626,0.126048688823386,0.0042243971918885515
0.11972928825856824,0.18568352123900944,0.34046182374999717,0.1770207307106133,-0.3962892583723689,-0.06953311073159661,0.08352972818380532,0.0911342836977976,0.06758845872036966,0.11623883904224447,0.08089548068130552,0.07067786776362607,0.07793846176889091,0.11671686620912655,0.11612496837113716,0.09236460342926822,0.08195029778855048,-0.06613564458397339,0.18633079120235302,0.173849866627813,0.05793631052250222,0.0808016664252719,0.18719269107635036,0.06429132902368766,0.1564211008495007,-0.21082288733257534,0.08903656566456836,-0.08547620579740016,0.5119074990880091,3.2820908277557557,-0.5175060117553132,0.12076514804975559,0.18889660618022572,-0.11804362150370298,0.6538567026806074,0.4599788825353413,0.39825942514744184,0.10977913267296345,0.4670367221476334,0.4360112652712631,0.05376463075690408,0.06592049127966712,0.45705503482072635,0.040942013290000585,0.3979552667539631,0.0694275029288764,0.23343047801359101,0.11425126793695987,1.0646942939303192,-0.202354037752065,0.09464611204133484,-0.738160234761061,0.614707681637571,0.042658319960718484,-0.04279092212902739,-0.246385305605849,-0.16264205371183957,0.20876715602872176,0.3343344695466802,0.14425417875064725
-0.03674326253636293,0.38420077844102163,0.18494807017647952,-0.21988406512433226,0.16442210881450858,0.21355781154861642,0.1606665069514566,0.16869521504141402,0.2268956320663976,0.08798533563674624,0.1809549482646034,0.09503044165286416,0.08190109990497371,0.1214702847145776,0.18068506414228003,0.12013258285676344,0.17862097909035873,0.347901959885859,0.1836741270295809,0.04691717167473154,0.33165867435723406,0.14717691124710047,-0.2518625649623716,0.6381007977305767,-0.034855916832348385,-0.008082174165151314,0.09785555930947167,0.25123543044494645,-0.23478927221140844,-0.5175060117553132,1.6363783529298765,0.0897487778591939,0.17617113707911622,0.04953112747752491,0.6172732764100033,-0.03737867219692442,-0.5203632557493334,0.10413581494285187,0.41849275083636733,0.20149079800333242,-0.22998205855146284,0.20182960410785056,0.09757482428810679,0.06982282008593732,0.37917000648753635,0.28067462539990434,0.3541538456016373,0.010180111176768212,-0.14363200059609788,0.007916733201878254,0.14301843470530118,-0.05526312000200294,-0.10100925844474787,-0.011140664710825835,0.007022954931242335,0.19201862992849558,0.10528539057979347,-0.08255041910650543,-0.26290090519145065,0.009924213183574976
-0.0024111727033114434,0.11249813054573096,0.13387760107249155,0.22417987240078474,0.21658453987077023,0.33558716247253195,0.05910766784017516,0.11620446666253638,0.23670147658292803,0.15008084170363406,0.15993898257887246,0.2582211667425044,0.08912925677524942,0.3831518699700391,0.2572778821906684,0.2655933221642883,0.20105479652484934,0.10666899839210771,0.20319650418654664,0.2062010241333796,0.2079720794114103,0.24484567514138736,0.19927929154666285,0.21110745673557604,0.14605640131153427,0.2402143756115125,0.26333169572683834,0.2722329992460379,0.1788006321970532,0.12076514804975559,0.0897487778591939,0.8667402882534021,0.11865195117074445,0.3246553073118282,-0.04370278749154069,0.26704393415524735,-0.08763036991602237,0.16228099468147883,-0.053829689060910686,0.019190052071280696,0.24861523924031007,0.04874069396482291,0.0783119543160963,0.0017494176707577166,-0.005362071216308802,0.2967625752960912,0.2416054635401918,-0.007758240438799462,0.1321231882911827,-0.058107571574891846,-0.004933410425474538,0.315988595555453,-0.4685188342227521,0.26336960932687614,-0.15878411751621777,0.03236157681404492,-0.03771071229760403,0.1485486141166029,-0.10310889762840429,0.33442195548730935
0.1468375724331762,0.20758045495218944,0.3421868996919635,0.09188766060772174,-0.017475570171352015,0.022903467981001503,0.2111501136547315,0.08138428944582361,0.2283562782711327,0.06090524289343257,0.10120170273883461,0.06921399712993638,0.09122661600155828,0.10739476923428837,0.13294894661545456,0.08479762560574078,0.32283071628025806,0.1742153196799288,0.23869777675513917,0.12327869394370716,0.29105649141775625,0.16518218002597793,0.28833388097880897,0.25588642636080083,0.13858561085309287,0.2365789351889935,0.09214606684577797,0.8010892675068446,-0.0960893593177188,0.18889660618022572,0.17617113707911622,0.11865195117074445,1.8770481883611805,-0.24101234448912282,-0.023243260749721488,-0.31550766052678664,0.8057080827997178,0.052668065372684474,0.10088316879162917,-0.02766508029480301,-0.20024316609534087,0.35661200007622,0.0813149966560809,0.015069156981550048,-0.08917471916371955,0.4253465079020355,0.6880646918794466,0.26598927485351587,0.5331406008056654,0.05692727274486804,-0.11704107080981849,-0.21626148741325588,0.15188024695361949,-0.16814915363763938,0.08193245597074761,-0.06755282739082968,-0.11053374167701867,-0.04406272996609835,0.21010584165834295,-0.0563678691572447
