1.8247052930400345,0.29684262848177334,0.5547697651069438,0.12651056979091435,0.5238833061204066,0.2632190408057753,0.5033392687241308,0.30118764886963256,0.3823589449872529,0.3353859015852762,0.3479232680424769,0.37790287433633757,0.33765980956873426,0.3932571859264345,0.46453990449118016,0.3288884857431464,0.2545114505458579,0.2599854662756026,0.31797769494943084,0.18099573266295463,0.32996866028629973,0.21198922604557305,0.08358794792018553,0.18173969288386593,0.2570457809305943,0.2881263341227934,0.2277311411139967,0.21479336786199132,0.2797934538307976,0.2581865564861912,0.32270343956785486,0.07756297098242639,0.4805580516779961,-0.15770317155035837,0.13715653460922916,0.4527904025572066,0.192434136205651,0.13987285967031365,0.31838855393876286,0.06413116913416197,0.26492097635251144,0.18311938046207996,0.18429303894252036,0.09814628865294309,0.32873849835885377,0.5741111773015399,0.2416258270241249,-0.4354694025830908,0.16231194706979318,-0.0390197465347063,-0.22136999163451623,-0.10466374193979452,0.30715499168944077,-0.0768570775599945,0.1888438457589756,0.0491391355818214,0.03673158334053257,0.01516957741279826,-0.21314713329402327
0.29684262848177334,2.1515718877269183,0.7025956228676515,0.19265514865357983,0.146204344386562,0.3732541680671154,0.19794825891820259,0.39105697279786084,0.253387100985119,0.31654263069837135,0.28650305807741855,0.279025809067263,0.3122440987365826,0.2201595814569555,0.14756137934954894,0.22878381642762552,0.26419490648595095,0.5561885357157238,0.2922192511553363,0.38281253092527634,0.37135451913269796,0.35482294283121296,0.4633441246663036,0.19391647907621917,0.42929088792050846,0.30810222392617626,0.30081077192247635,0.009053359545729372,0.7003347647396831,0.26763098734214913,0.14708098405018483,0.2169547174581472,0.16922825910840555,0.4132747929740778,-0.08679874443601161,0.49117690545382947,0.3636934878586196,0.21916784649929077,0.3133059625138408,-0.005057416162874012,0.45761088631075636,0.19503869726054504,0.13732573295962033,0.22074503058888284,0.08146031683802962,0.6137409785778699,0.4063664482253434,-0.43259489943340923,0.16478701466138015,-0.33450587321487385,0.48939379598865057,-0.13830069861646044,0.08926659144913064,-0.12872963518976288,-0.386417654495015,-0.1306618096851714,-0.1744945779374288,0.2591762089897842,0.06043055304387421
0.5547697651069438,0.7025956228676515,1.7388496455588889,0.3697937026765202,0.11676549096051758,0.37379006135327036,0.30713095715034766,0.41947015180149566,0.5117770236126097,0.4229824018985217,0.34704859510824665,0.3198473938764485,0.34362878111151895,0.2830642344575073,0.32416049626195886,0.2673092063138611,0.33071926523047374,0.45226304367643655,0.3010111042605667,0.37189370730207705,0.3718089718683604,0.3670644504129187,0.37754652670369265,0.3024391253698543,0.41084823636205575,0.43957732475628486,0.31977709585890507,0.1824935586114032,0.5683713523335614,0.1363318616899756,0.3197746514050956,0.31272194485744925,0.3822270181939431,0.38016874985120025,0.04816068312677089,0.725659046622676,0.14077328737174447,0.24193559292734332,0.23209698630085632,-0.14057817275125864,0.42194708287887667,0.24386291435236332,0.19063257482957519,0.22798677241917636,0.6833114431824475,0.9796376387965166,0.3678465674513325,-0.8002554331478074,-0.5628792929481898,-0.26831897184521136,0.19117272437063249,0.048693802119416874,0.16582354906726376,-0.21155576173862717,0.0770108352902446,0.12255228081307468,-0.08839073265788884,-0.2636481251344296,0.1603042621661881
0.12651056979091435,0.19265514865357983,0.3697937026765202,2.0161043559354255,0.4020587936665943,0.4849976489065015,0.5330163737078978,0.4310939791466125,0.3012893639428741,0.4547149944173983,0.46629341297669064,0.5830599674878728,0.4435643606771011,0.527593052003498,0.4507704369543909,0.44927839936254393,0.3922360362730653,0.42225949623036957,0.3635617982111668,0.4336527587003806,0.34752431341920154,0.35925776264825715,0.41020518676344686,0.29271641601881854,0.398784368019109,0.4910221847287298,0.3819462450685351,0.10462860883083482,0.6485052827398644,0.2756507344913521,0.23310756852731093,0.35007661907107496,0.10553430586173085,0.6518597877199915,0.18333316659758395,0.48745184077377524,0.3024013243378708,0.22775301049379512,0.3537592436717321,0.14364402015998926,0.33169623336142207,0.2777785154723658,0.3470216887297268,0.32636822268609006,0.2685174717695488,0.4799189290251256,0.4150259470747221,-0.3487909791489095,0.041614936390157446,0.07293099266310375,-0.251478183264734,0.16726844739296404,0.06355191331597082,-0.14996019863249574,-0.4364808878935292,0.07348414211506694,-0.13511177605342894,0.4110107487772266,-0.3496520229369083
0.5238833061204066,0.146204344386562,0.11676549096051758,0.4020587936665943,1.1762014929389863,0.3309287374848963,0.3828371786750945,0.2967308037686758,0.30399371977811196,0.33989485545835724,0.3696318736302434,0.4394726185701628,0.4327748079573774,0.3662632915171979,0.567258355946719,0.4145893212852734,0.2979765173256839,0.2143835918160673,0.521458271126779,0.21199309489054413,0.27941470652701605,0.33313069122943156,0.24768860476799606,0.2781245107802912,0.06369043150417243,0.36354312845106973,0.24596735198249128,0.08336903707037939,0.42985970146043373,0.13818946664104165,0.21281461588943987,0.30811602455745435,0.2808678485802929,0.3760635090383683,0.11501823451007671,0.44452196487190554,0.2899460625744818,0.12290226328932094,0.24424038051497907,0.15311226859964708,0.2362391226726443,0.25817694571523886,0.21721787445538387,0.07736009575682186,-0.0026781494414183336,0.3737419514661512,0.2188272214080028,-0.24161335923826874,0.25486503135895716,0.3910057579642811,-0.4848809030361517,-0.20308516205223706,0.2880617101344387,-0.053833160402550415,-0.0441226256033086,-0.09293012621510625,-0.23481689562249008,-0.009050702419571505,0.253946733428507
0.2632190408057753,0.3732541680671154,0.37379006135327036,0.4849976489065015,0.3309287374848963,0.8174333387123536,0.2760665489598571,0.5282097826895886,0.3812666021766803,0.3777703334525977,0.43931489252850753,0.4544910124280105,0.41244630491515605,0.37604347400162136,0.29947693059612546,0.3637031041028595,0.40148740443950337,0.39143154249324313,0.48951409108038746,0.4629063257104176,0.32111282452665013,0.428739276984642,0.39796061718283327,0.2780362887309884,0.35583134379156606,0.450771018941489,0.3396151317174517,0.08409555471584917,0.6506106429893054,0.2588374129365684,0.21965066892080468,0.3966027622181964,0.10122791643728299,0.5408485788822878,0.09367400765353108,0.3939171784102049,0.3208141491398389,0.2496163790227072,0.3983396171402995,0.14205806835255858,0.40093629299007294,0.25197734569212304,0.30087801588978474,0.2499506283544609,0.09215723763149405,0.5331263764300164,0.4885136935293435,-0.39843745160742894,0.4822756535715617,0.2080375279134265,-0.23388910930450504,0.004655701014028184,-0.021559755897542165,-0.06710845528686246,-0.3222951668539477,0.019678689540920075,-0.11732547854501117,0.292559018656366,-0.14741434098244346
0.5033392687241308,0.19794825891820259,0.30713095715034766,0.5330163737078978,0.3828371786750945,0.2760665489598571,0.7313152019161475,0.3383279552631892,0.40620118262023974,0.3085275117555805,0.3869943052052834,0.4727418649069078,0.34927793366471493,0.32736775821666186,0.30025681851954605,0.3472350485955824,0.31715810042449044,0.3167278237197126,0.2660029752407298,0.25446411053662893,0.2736190810384658,0.30020023285163955,0.27847499172154294,0.23103899543709142,0.2986418995951434,0.4061621818725051,0.2823271503891891,0.10404922198852555,0.38547251723493114,0.16465881704713553,0.22120409331739463,0.22313345087696676,0.2446149111782955,0.336340187182886,0.16482685343850464,0.4853567317552604,0.19861874741856053,0.14199025693490946,0.2883271463925448,0.12705325817255006,0.17014305149107448,0.24532637684358602,0.2524697622160397,0.13173515359056875,0.21343407873883333,0.3908985134969984,0.19342199399265395,-0.25109709963342425,0.1350496146807122,-0.03465919450212825,-0.1783363816880203,-0.04221107123707553,0.2711391139518858,-0.13836648418796,-0.019484348898620385,0.1393506917300354,-0.11122310473217806,0.06138634789584042,-0.258996970039182
0.30118764886963256,0.39105697279786084,0.41947015180149566,0.4310939791466125,0.2967308037686758,0.5282097826895886,0.3383279552631892,0.8524692859861758,0.20546360249663742,0.3989839181205118,0.42658133927027303,0.25692302435362147,0.43328213662093273,0.34926313516616336,0.15895375403129583,0.3300589223761276,0.3742696721362249,0.4245996639747656,0.39141652116631825,0.4447648189463266,0.30312162566719436,0.45408953472857055,0.43583504510104,0.25927482566279136,0.37759144667346023,0.3925539781594333,0.3228128225451814,0.1023643668768282,0.6310554329274235,0.32540196797008447,0.20100565438091536,0.338244834266786,0.07928937907670687,0.5160125424353736,0.11678052525815291,0.40830893868393686,0.28505794792895855,0.23603525193671973,0.4849266411406148,0.13051401253990563,0.3933567727597162,0.23518755793834306,0.331863463785358,0.29273932311671835,0.20089199144653083,0.5063378226362165,0.5082922325415474,-0.37304438032372067,0.4117085474439732,0.12727276932946185,-0.0346598831637992,-0.028569120114182348,-0.05649466322393116,-0.06561886148667019,-0.23666923496146822,0.017036478746842054,-0.052727396795882335,0.2719261858932092,-0.1507127700171656
0.3823589449872529,0.253387100985119,0.5117770236126097,0.3012893639428741,0.30399371977811196,0.3812666021766803,0.40620118262023974,0.20546360249663742,0.8077354723214183,0.25168259134775195,0.3353352285113249,0.37279104674505836,0.30433321192067725,0.29422113424423085,0.31785569745990544,0.2938264962224992,0.2934046559853999,0.29615499653312843,0.30862555554128235,0.27920216866834224,0.2995952362953581,0.23968721630824813,0.20362530343263227,0.2637691920942418,0.15872604274601673,0.5076259929093575,0.2711779214847798,0.20731948530277466,0.29502018421743015,0.12466309349094863,0.3014955299486447,0.2782006140065112,0.3224585686099076,0.25519652975471163,0.19230889511726756,0.5007400942339568,0.09433897496557014,0.16225557079319314,0.15732266259790978,0.0753285751501501,0.2101513821115283,0.25905836304594293,0.2295646742036826,0.08150976412985772,0.33160977027457034,0.5010534785547757,0.23257879124430003,-0.36871672969178393,-0.120325642851398,-0.067398871043132,-0.04310935699237254,0.03749138176654122,0.1310078419782039,-0.11028552531974255,0.11392457335193892,0.15964175673250816,-0.1553112708656898,-0.1930108775100935,0.11365394836968498
0.3353859015852762,0.31654263069837135,0.4229824018985217,0.4547149944173983,0.33989485545835724,0.3777703334525977,0.3085275117555805,0.3989839181205118,0.25168259134775195,0.8351686567715841,0.3834769414831553,0.4522092727915843,0.40893641460815094,0.3218661068597576,0.41036663811009005,0.35299015907634157,0.36928715366666987,0.43424585100305696,0.32821297296373925,0.413091112115106,0.31630462661367076,0.37851281621870214,0.4059541916726513,0.28017954105229853,0.4283043507791539,0.373659274478233,0.3536178602455149,0.10766357941230248,0.6479204354815217,0.33082386773352246,0.2508725448852761,0.3769460257886015,0.10651711231085886,0.5695713878081732,0.19250942912919577,0.5535569529227012,0.23953328351035877,0.2256189081848056,0.3704624391789159,0.16658202444937817,0.4676244860803737,0.2945153887119433,0.23079161829091752,0.20624096578374906,0.17513297400232222,0.6371582112769442,0.4818152959750198,-0.5358042851326487,0.3850753777124851,-0.05721314335183346,0.008953428560357916,-0.1418362242843802,0.13340147271146466,0.00294994281844102,-0.1728248817702468,0.09172509889847552,0.026203651555935837,0.04628625761301586,-0.14436977903587725
0.3479232680424769,0.28650305807741855,0.34704859510824665,0.46629341297669064,0.3696318736302434,0.43931489252850753,0.3869943052052834,0.42658133927027303,0.3353352285113249,0.3834769414831553,0.5926140151534395,0.4713303399784663,0.41552868959251166,0.378760981150313,0.46170341267943144,0.3787074688530981,0.40364789325313966,0.35073643488905526,0.36937309528009443,0.4306530686815878,0.3356458213128209,0.33069050044319825,0.31162449854045593,0.28908354063596775,0.32922328920017124,0.41748729658472217,0.3473795912947871,0.16125427355216282,0.5191459502788641,0.2798216225740622,0.28100916374820606,0.3339232981429472,0.20764628273364194,0.43905835595792747,0.2213225169114708,0.502430607386367,0.23067876318808306,0.22906813612388643,0.37367286185313786,0.18304545648680076,0.32383676415467655,0.2863766820609498,0.3008711638267998,0.18597628700588745,0.3008761030733983,0.5373303289203006,0.3910638981032163,-0.3908665302189937,0.2396628418949472,-0.02315788230086896,-0.08462121379861813,0.01240305150391957,0.14506442527090305,-0.08192735248162536,-0.20374479319568908,0.09878164833230459,-0.13276075981766583,0.16397269717659144,-0.14287095840861205
0.37790287433633757,0.279025809067263,0.3198473938764485,0.5830599674878728,0.4394726185701628,0.4544910124280105,0.4727418649069078,0.25692302435362147,0.37279104674505836,0.4522092727915843,0.4713303399784663,0.8691309751635049,0.3878641290114096,0.37118437393332215,0.5139295556857157,0.4126289426515394,0.3912621234004237,0.37239580380939824,0.37773672970894245,0.35906658986186235,0.3142597848404922,0.3144084164577823,0.36533081989135496,0.2655245643408806,0.3850647857281988,0.41832341428693215,0.3792400391463522,0.04040411257977581,0.5228424598484209,0.2200556088692739,0.20234665550421027,0.3042831410479856,0.2192277772801791,0.4618341945293293,0.08889057845058912,0.48736809434000244,0.22053286990805657,0.19626232598991875,0.35934219685651836,0.1637606257118672,0.3286263321065376,0.2535386460538237,0.24575773090503455,0.18340039561613672,0.10609807920073829,0.5116720809037043,0.35463449943351116,-0.3586929921046242,0.5049587764596769,-0.14421872747219888,-0.1377742188219886,-0.062139462964512816,0.33069179176183433,-0.09781882881856997,-0.3438186001993341,0.13436826893537623,-0.17687421421976396,0.26059124922187343,-0.3365282160553247
0.33765980956873426,0.3122440987365826,0.34362878111151895,0.4435643606771011,0.4327748079573774,0.41244630491515605,0.34927793366471493,0.43328213662093273,0.30433321192067725,0.40893641460815094,0.41552868959251166,0.3878641290114096,0.6649362194997251,0.37356918409890005,0.3499744741812223,0.38548090651413414,0.34682360896199654,0.35554876064061935,0.37571254011469396,0.33851297043804035,0.33400412446903155,0.44843632838926306,0.3809939005073344,0.30100062659227544,0.3301617781685743,0.3782140242939274,0.3399518420388274,0.15356847559046893,0.5913942272495314,0.34237456226707547,0.20751044611605587,0.30546783976201736,0.19195914198979094,0.4684597317480369,0.23517534030087722,0.4857161427007314,0.23652730801803595,0.1792734401295513,0.4213868487799633,0.14570731948745425,0.34117199235057594,0.26061804603697764,0.3197355378338785,0.2686656439823416,0.2192000293784469,0.5165650500106652,0.4061585161395983,-0.3496546828066205,0.24020591420928947,0.06610764692005827,-0.08501474062203337,-0.08650962824071694,0.10731936055090052,-0.08227037840829685,-0.1072227569818044,-0.03160004522973268,-0.1916497262902626,0.012701605413652332,0.15231151859175612
0.3932571859264345,0.2201595814569555,0.2830642344575073,0.527593052003498,0.3662632915171979,0.37604347400162136,0.32736775821666186,0.34926313516616336,0.29422113424423085,0.3218661068597576,0.378760981150313,0.37118437393332215,0.37356918409890005,0.6780734568459403,0.48112625736464276,0.4071506274578727,0.2887552465572067,0.2501191790676277,0.3212152853503252,0.38475068294449505,0.324082112450164,0.26590603974030236,0.2076738751219157,0.25920238275527596,0.24518497758111765,0.4139707751314719,0.3130496583219503,0.15989990684831515,0.47143710259031313,0.3117622321226238,0.2432508512898337,0.28256949968362693,0.20902069751503646,0.34334058458577654,0.18164750244390912,0.4001857102637261,0.20857860600214442,0.20553554647672242,0.25527818558019516,0.1343173581230088,0.3637083068408141,0.2567240140507826,0.3408242902388849,0.1548236400677211,0.15717732723351996,0.46699912727456516,0.37503857074432945,-0.35563254558022434,0.45155681157883965,0.0034145686833854856,-0.14556209267251619,0.025806656370308143,0.09548174762791131,-0.05571475529957924,-0.21672092959501005,0.0501564548105647,-0.22368349486276282,0.2318917680323548,0.09289341917703607
0.46453990449118016,0.14756137934954894,0.32416049626195886,0.4507704369543909,0.567258355946719,0.29947693059612546,0.30025681851954605,0.15895375403129583,0.31785569745990544,0.41036663811009005,0.46170341267943144,0.5139295556857157,0.3499744741812223,0.48112625736464276,1.4299906457558749,0.3903920391396058,0.3505908456390686,0.15950747139533808,0.36782473765056617,0.3835744558187698,0.3556995463688109,0.12596699846091633,-0.0022058175520463766,0.3167238592628664,0.28213816611968273,0.38995179663171725,0.35572822849192504,0.3376632926669247,0.38532131229236577,0.36561301222360676,0.345238910243518,0.31975050732748583,0.36165263102840584,0.3259431494517995,0.3801679356151672,0.5102119296589468,0.1989899190859871,0.1859155625149749,0.2375518667753697,0.1663970707783434,0.3593790629859101,0.30743682017211027,0.34788292439784674,0.05613759752961692,0.47698921592112076,0.5750076565613323,0.30683743584169304,-0.45137088479429144,0.24347984262925165,-0.11529432106137812,-0.3470285151804529,0.2873610177235448,0.1951046941257096,-0.03535447440326486,0.10978578026758894,0.27125085184934244,-0.4053152521671773,-0.14273176099937845,0.1986071515283688
0.3288884857431464,0.22878381642762552,0.2673092063138611,0.44927839936254393,0.4145893212852734,0.3637031041028595,0.3472350485955824,0.3300589223761276,0.2938264962224992,0.35299015907634157,0.3787074688530981,0.4126289426515394,0.38548090651413414,0.4071506274578727,0.3903920391396058,0.7154372129957852,0.3642323249145067,0.2622997034487867,0.35581329843851855,0.32320683141809864,0.3004177034757392,0.32748585991451973,0.19422346973084725,0.26171449311897355,0.23462507861040402,0.39545901333693806,0.3354161465844015,0.21148010418663415,0.4804400826927617,0.25502648982878434,0.22463757476602297,0.2806989892199704,0.18313729849489885,0.3948016832600004,0.2796769269629694,0.40752969060597066,0.23824819879532433,0.16670061310260995,0.2950697466955248,0.20229410262995587,0.2839211287637633,0.29398551960516833,0.30825315763751265,0.14519686473066057,0.1983811940536844,0.42348947271463544,0.3378538328950458,-0.3350338299231618,0.3309751289475244,-0.08247271385965249,-0.24057805602860988,0.12149577836102157,0.0726481781077426,-0.021986560727208473,-0.15719979298297315,0.02286808866247172,-0.20113582253495654,0.11971579220966207,0.09478219014884215
0.2545114505458579,0.26419490648595095,0.33071926523047374,0.3922360362730653,0.2979765173256839,0.40148740443950337,0.31715810042449044,0.3742696721362249,0.2934046559853999,0.36928715366666987,0.40364789325313966,0.3912621234004237,0.34682360896199654,0.2887552465572067,0.3505908456390686,0.3642323249145067,0.7279011425673985,0.2720669408972301,0.3332650783685821,0.493429345482083,0.3192129016042327,0.3461594406682113,0.2308788767236653,0.2937202182353943,0.4608360371042989,0.3437216904896371,0.31464149758863974,0.2658378450967774,0.533699488884767,0.2924215053049956,0.2538522074390034,0.29292428685713245,0.273722594900438,0.4390428610189906,0.22699036570528533,0.4912912445881146,0.4665871085959558,0.27351695659307174,0.3515093000459294,0.2167085727454034,0.36369704022258575,0.36111303399712685,0.24936156098084317,0.15161414835931383,0.2652926680881632,0.5813966435740326,0.41192363100592266,-0.4528752001292942,0.305832248901341,0.17318223987743217,-0.1439910728959035,0.018412988726509892,-0.019205662102269018,-0.05543621007355724,-0.2573978490001272,0.010940364327302016,-0.08343469922972511,0.16086069288050148,-0.08766146066897494
0.2599854662756026,0.5561885357157238,0.45226304367643655,0.42225949623036957,0.2143835918160673,0.39143154249324313,0.3167278237197126,0.4245996639747656,0.29615499653312843,0.43424585100305696,0.35073643488905526,0.37239580380939824,0.35554876064061935,0.2501191790676277,0.15950747139533808,0.2622997034487867,0.2720669408972301,1.1667057039832,0.3711484753865929,0.21583705551214302,0.3748425159044943,0.5137607369863469,0.7561596197646595,0.17760435833798296,0.4979161929074982,0.506136711384219,0.18114115945062667,0.011022495398330025,0.7127296842105613,0.2210085196246662,0.3741062097798736,0.25108207006573935,0.03181151771610046,0.5903164913207187,0.013117755475366881,0.6463373334775965,0.144208015672296,0.12559945717612395,0.3062042308452631,0.09958319216236641,0.4229531739347439,0.246138167452218,0.4182855525538244,0.18012415838000767,0.3163721056302254,0.5946492364720298,0.5683156382733183,-0.37088541769924527,-0.06179073780201884,-0.02898201047643916,0.5455440363960813,-0.24202660512819416,-0.1470567833152353,-0.13241089767737657,-0.16055692499640725,0.10841655292980493,0.04944223054995991,0.28788805856699606,-0.5322502619907137
0.31797769494943084,0.2922192511553363,0.3010111042605667,0.3635617982111668,0.521458271126779,0.48951409108038746,0.2660029752407298,0.39141652116631825,0.30862555554128235,0.32821297296373925,0.36937309528009443,0.37773672970894245,0.37571254011469396,0.3212152853503252,0.36782473765056617,0.35581329843851855,0.3332650783685821,0.3711484753865929,0.7199359298182222,0.223527446460983,0.28773895735549015,0.43307990046770223,0.357931843483898,0.26082737707231424,0.27529593585989454,0.2966554144262239,0.24413347748181316,0.21451062647782604,0.4423655894873631,0.24377456593100386,0.23012919708057877,0.3257919661022114,0.18951808729631334,0.4057707532094657,0.10569434398836612,0.4576353087155487,0.12682448117504994,0.14604194891777397,0.3411200770784231,0.09250459761722875,0.3216567723676719,0.2014764217622172,0.29759672103980156,0.17613550837280906,0.20301935383303613,0.4122600379164432,0.3105114043492617,-0.21219323873159657,0.24470227633025207,-0.03556142890838944,0.23186424181244344,0.23731856360461623,-0.291868690889966,-0.13642070220746216,-0.10127340977132131,0.008007642978706693,-0.1441577252132251,0.09584688543610832,0.029470886374749674
0.18099573266295463,0.38281253092527634,0.37189370730207705,0.4336527587003806,0.21199309489054413,0.4629063257104176,0.25446411053662893,0.4447648189463266,0.27920216866834224,0.413091112115106,0.4306530686815878,0.35906658986186235,0.33851297043804035,0.38475068294449505,0.3835744558187698,0.32320683141809864,0.493429345482083,0.21583705551214302,0.223527446460983,1.3906926435071538,0.3699023054074921,0.21855729528166157,0.25453729454953716,0.42869003451440607,0.6183906015866396,0.4689614565620678,0.5235327137741189,0.11685183855233534,0.7312017730267871,0.6271460654590554,0.3301309986997203,0.642768247091269,0.17904734740960995,0.6194386906215402,0.31246195056961157,0.5807903628327566,0.6364670439525691,0.684608571466959,0.4010290288340008,0.21200514698199752,0.6427889913242905,0.5591037122501866,0.31043252092024426,0.2295327967287745,0.1303814409630352,0.8342909994290043,0.526815485186385,-0.7075121081450522,0.9503053271529891,-0.1330700477950282,-0.19584620835018143,-0.20552648280742078,0.5419701705822915,-0.06825635717423918,-0.18754405248173564,0.04737295036016035,-0.11430912571525165,0.05417655897346216,0.1067900293970891
0.32996866028629973,0.37135451913269796,0.3718089718683604,0.34752431341920154,0.27941470652701605,0.32111282452665013,0.2736190810384658,0.30312162566719436,0.2995952362953581,0.31630462661367076,0.3356458213128209,0.3142597848404922,0.33400412446903155,0.324082112450164,0.3556995463688109,0.3004177034757392,0.3192129016042327,0.3748425159044943,0.28773895735549015,0.3699023054074921,0.6644864842462206,0.31037187500430696,0.2779446420737188,0.30040880734136544,0.3246771145481734,0.3990288604270131,0.25942854543881433,0.19841277544512262,0.41621406156199653,0.3934006417725808,0.34537984855879517,0.27267080722529086,0.38531046902127447,0.3217550865362163,0.18546375543664428,0.5616632090495546,0.21996078008278291,0.2189691258564743,0.36745425894062317,0.13132277831179784,0.5755086986682154,0.29593536486680194,0.37961346659058764,0.17114501143828142,0.40116199873112,0.6063472676229652,0.4299773003343221,-0.40063179201673876,0.3897969437193334,-0.07314850717362342,0.06428389651851113,-0.14322456368294675,0.21320253660065716,-0.09605971658524018,-0.006403176737574594,0.027817729964219978,-0.21389659907037942,0.013902781832431932,0.1498363692346913
0.21198922604557305,0.35482294283121296,0.3670644504129187,0.35925776264825715,0.33313069122943156,0.428739276984642,0.30020023285163955,0.45408953472857055,0.23968721630824813,0.37851281621870214,0.33069050044319825,0.3144084164577823,0.44843632838926306,0.26590603974030236,0.12596699846091633,0.32748585991451973,0.3461594406682113,0.5137607369863469,0.43307990046770223,0.21855729528166157,0.31037187500430696,1.6769076972085746,0.7153101454321034,0.24791825960191943,0.4569901265178897,0.30221102831785207,0.2836116616584269,-0.07730907708216819,0.7759952993089118,0.2548012309673133,0.1261161272411293,0.434264798311364,0.034357269383224955,0.6864149185061748,-0.07761883282655327,0.4126693557009329,0.06641183386187703,0.12933495221503707,0.5141808603583231,0.06685687758651225,0.26334461286882965,0.17182547524219707,0.5930742502440415,0.31019446879256557,0.3008326354871248,0.3894729774474451,0.4596069004182843,-0.18826776138177126,0.23045722466714583,-0.2475054625550259,0.2357648217490846,-0.23380410904762494,0.09315801766401864,-0.13461312909605547,-0.17186765482703656,0.010296325495186795,-0.13997342092253745,0.2491837151902984,-0.14213804782280356
0.08358794792018553,0.4633441246663036,0.37754652670369265,0.41020518676344686,0.24768860476799606,0.39796061718283327,0.27847499172154294,0.43583504510104,0.20362530343263227,0.4059541916726513,0.31162449854045593,0.36533081989135496,0.3809939005073344,0.2076738751219157,-0.0022058175520463766,0.19422346973084725,0.2308788767236653,0.7561596197646595,0.357931843483898,0.25453729454953716,0.2779446420737188,0.7153101454321034,1.9311809724174371,0.33848685627407676,0.9173117537623113,0.05980499809233159,0.23915801195842315,-0.42607026736451625,1.0678624552183424,0.6131405664778191,-0.26177762387658804,0.2607518887652402,-0.06370400251048322,0.8054944969494219,-0.2683715043595676,0.9286384518194223,0.03551809601966251,0.09809887430777424,0.6754903784462308,-0.09196318295027867,0.6150914644425808,0.10472199116305074,0.3910324184573673,0.6305587585525271,-0.10991097596958499,0.5821832076296655,0.6075532777948635,-0.3914756157010464,0.22037927371505214,-0.541962971050243,0.6348983539993925,-0.5200787504874067,0.5687074340295932,-0.19952344297447996,-0.3617631936196438,-0.08042814595221848,-0.08360960347356754,0.2322360726425221,-0.15478643356034277
0.18173969288386593,0.19391647907621917,0.3024391253698543,0.29271641601881854,0.2781245107802912,0.2780362887309884,0.23103899543709142,0.25927482566279136,0.2637691920942418,0.28017954105229853,0.28908354063596775,0.2655245643408806,0.30100062659227544,0.25920238275527596,0.3167238592628664,0.26171449311897355,0.2937202182353943,0.17760435833798296,0.26082737707231424,0.42869003451440607,0.30040880734136544,0.24791825960191943,0.33848685627407676,0.7759586257382204,0.37919657494564707,0.14886235197464587,0.328713829964467,0.2703897031165149,0.2715883098849189,0.5318269287744573,0.3055489267997377,0.5557371375248694,0.6277261865853596,0.3021417543510114,0.24329739283624116,0.5710249427782681,0.2667203220807508,0.25385554385502457,0.3594884185629114,0.06060521472745779,0.4811010182847209,0.2945597573801615,0.1851975392377029,0.21179188665333304,0.20024906267354536,0.6318778701208454,0.4026852202774256,-0.45729867763437926,0.4761744668204976,-0.25782678882315707,0.028104686617844123,-0.10413501328485394,0.4115129458971459,-0.1278607019083688,0.15582208526442043,0.008543787134836722,-0.15873683238797426,-0.3905209016408956,0.4641685122876347
0.2570457809305943,0.42929088792050846,0.41084823636205575,0.398784368019109,0.06369043150417243,0.35583134379156606,0.2986418995951434,0.37759144667346023,0.15872604274601673,0.4283043507791539,0.32922328920017124,0.3850647857281988,0.3301617781685743,0.24518497758111765,0.28213816611968273,0.23462507861040402,0.4608360371042989,0.4979161929074982,0.27529593585989454,0.6183906015866396,0.3246771145481734,0.4569901265178897,0.9173117537623113,0.37919657494564707,2.2749749817480662,0.04820105017538976,0.3266173067876654,0.08492987022843827,0.9703193132790996,0.884275776498787,-0.17147377158448598,0.3979843352794563,0.08633013031452556,0.8047856660059892,0.3681173177906594,0.8346978460038212,0.47413540561308715,0.38617649185396696,0.8967346108140289,0.1940790976999423,0.6880707622612207,0.3489368275576138,0.3948683806299584,0.48221316656428764,0.5440038744279337,0.936326379013559,0.696754067363851,-0.7141750494798157,0.639751683446539,-0.8330615505979518,0.6401271718743919,-0.1679345719824479,0.5019187188448896,-0.18611667003139504,-0.07011294294050494,0.1307637017525147,0.03997108193112049,-0.07595484354704482,-0.19229185768231685
0.2881263341227934,0.30810222392617626,0.43957732475628486,0.4910221847287298,0.36354312845106973,0.450771018941489,0.4061621818725051,0.3925539781594333,0.5076259929093575,0.373659274478233,0.41748729658472217,0.41832341428693215,0.3782140242939274,0.4139707751314719,0.38995179663171725,0.39545901333693806,0.3437216904896371,0.506136711384219,0.2966554144262239,0.4689614565620678,0.3990288604270131,0.30221102831785207,0.05980499809233159,0.14886235197464587,0.04820105017538976,1.7823205742216848,0.36203053812840985,0.24967242681734814,0.5849868167050465,-0.15302889803645908,0.458917846694948,0.39392786500635946,0.05052124285819281,0.5302950963982926,0.5027623558550026,0.5599056395327995,-0.20755153140650776,0.23118566425435666,-0.48428971024743916,0.1551728554097771,0.14138762580632944,0.48381679491648133,0.4313314025952866,-0.07690409493543349,0.07504640059875552,0.4664353074370795,0.2207171817131313,-0.4878704689973671,-0.40012211954954857,0.40281960229642816,-0.4126059182016068,-0.15607584851061626,-0.07163401572575939,0.01866985584841772,-0.052780572369406344,0.1673111309872679,-0.1687611251080579,0.11122285460092364,-0.05313378297676949
0.2277311411139967,0.30081077192247635,0.31977709585890507,0.3819462450685351,0.24596735198249128,0.3396151317174517,0.2823271503891891,0.3228128225451814,0.2711779214847798,0.3536178602455149,0.3473795912947871,0.3792400391463522,0.3399518420388274,0.3130496583219503,0.35572822849192504,0.3354161465844015,0.31464149758863974,0.18114115945062667,0.24413347748181316,0.5235327137741189,0.25942854543881433,0.2836116616584269,0.23915801195842315,0.328713829964467,0.3266173067876654,0.36203053812840985,0.8302384851819865,0.10824285384290963,0.4433887435292745,0.32209243173595076,0.21568958083653866,0.5494340827989079,0.1543037780423106,0.46007278398651746,0.2434115717699595,0.4173371854870267,0.2072024938327612,0.2695232439568542,0.296892703248762,0.12685234820790106,0.3496191648054873,0.30713982926435196,0.2945404398317341,0.22747039857743442,0.16153942111530262,0.537331413277386,0.35264878108696573,-0.3992726431168813,0.3626393254426222,-0.11802208065328226,-0.12200701850847567,-0.03730053201202887,0.31453118424846577,-0.05542544502871214,-0.1312765691225084,0.05024842683038577,-0.11681413797980657,0.09074486461285124,0.005106586838229769
0.21479336786199132,0.009053359545729372,0.1824935586114032,0.10462860883083482,0.08336903707037939,0.08409555471584917,0.10404922198852555,0.1023643668768282,0.20731948530277466,0.10766357941230248,0.16125427355216282,0.04040411257977581,0.15356847559046893,0.15989990684831515,0.3376632926669247,0.21148010418663415,0.2658378450967774,0.011022495398330025,0.21451062647782604,0.11685183855233534,0.19841277544512262,-0.07730907708216819,-0.42607026736451625,0.2703897031165149,0.08492987022843827,0.24967242681734814,0.10824285384290963,1.6936507047782654,-0.33164440537069684,0.2500481198414263,0.4583358669274198,0.012806955876206725,0.7907486287848233,-0.2060618826948187,1.1945665411020283,0.3440404336392248,0.3393320632257638,0.11855432041974226,0.05216323163604395,0.21071457903624327,-0.009986776707891104,0.23580406507803156,0.17805556401906128,0.1654871919205067,0.567748016637751,0.21726926463446997,0.014042213360307466,-0.1338100521680414,-0.25031237657684496,0.07124413604814377,-0.2769178449773285,1.27493087769195,-1.3865726170700845,0.05887026132864495,0.7197502720413804,0.059137174199740336,-0.11760425116417494,-0.7885353598935374,0.7495078277835496
0.2797934538307976,0.7003347647396831,0.5683713523335614,0.6485052827398644,0.42985970146043373,0.6506106429893054,0.38547251723493114,0.6310554329274235,0.29502018421743015,0.6479204354815217,0.5191459502788641,0.5228424598484209,0.5913942272495314,0.47143710259031313,0.38532131229236577,0.4804400826927617,0.533699488884767,0.7127296842105613,0.4423655894873631,0.7312017730267871,0.41621406156199653,0.7759952993089118,1.0678624552183424,0.2715883098849189,0.9703193132790996,0.5849868167050465,0.4433887435292745,-0.33164440537069684,2.9089640462566226,0.541090333450908,-0.14889078712320702,0.5922215956703427,-0.4137320643030699,1.3037651866041091,-0.3209900087897995,1.1367656301893887,0.07593633156208826,0.2738782685480443,0.5003538427372359,0.27921581065615636,0.6001894226577912,0.37526598176948034,0.368540084961089,0.06712360157106352,0.19784394634827274,1.1655213968703475,0.7605993556484235,-1.3239318105029663,0.2524521100309095,0.5077032052574212,-0.3367183410908998,-0.07662736835925434,-0.10319203034997006,0.009022284541724804,-0.6335218958765688,-0.03218622604897065,-0.1942619506985731,0.49714757600362625,-0.18772912102702782
0.2581865564861912,0.26763098734214913,0.1363318616899756,0.2756507344913521,0.13818946664104165,0.2588374129365684,0.16465881704713553,0.32540196797008447,0.12466309349094863,0.33082386773352246,0.2798216225740622,0.2200556088692739,0.34237456226707547,0.3117622321226238,0.36561301222360676,0.25502648982878434,0.2924215053049956,0.2210085196246662,0.24377456593100386,0.6271460654590554,0.3934006417725808,0.2548012309673133,0.6131405664778191,0.5318269287744573,0.884275776498787,-0.15302889803645908,0.32209243173595076,0.2500481198414263,0.541090333450908,2.0150450711930312,0.07123517896684822,0.3903367062865648,0.24354666692909294,0.27351877800709323,0.5121384941839813,0.6043211772042989,0.3642406525648024,0.3707543642490145,0.8337637809915628,-0.03802747284820083,1.1470344515130455,0.2729954399904956,0.6612679900550866,0.7307078362352067,0.8266169748175173,0.7911551306483973,0.9409371298310812,-0.5989276778285451,0.7992060627380007,-0.5460802839080984,0.3547296512424472,-0.2850588210950926,0.4710935546076642,-0.021939477157098423,0.18115712923443314,-0.1592562394536972,-0.23877906700827575,-0.08789566172539132,0.4002118721547331
0.32270343956785486,0.14708098405018483,0.3197746514050956,0.23310756852731093,0.21281461588943987,0.21965066892080468,0.22120409331739463,0.20100565438091536,0.3014955299486447,0.2508725448852761,0.28100916374820606,0.20234665550421027,0.20751044611605587,0.2432508512898337,0.345238910243518,0.22463757476602297,0.2538522074390034,0.3741062097798736,0.23012919708057877,0.3301309986997203,0.34537984855879517,0.1261161272411293,-0.26177762387658804,0.3055489267997377,-0.17147377158448598,0.458917846694948,0.21568958083653866,0.4583358669274198,-0.14889078712320702,0.07123517896684822,1.4844663990234443,0.37452615058318617,0.4914127089928014,0.11622865601750883,0.34189448152068097,0.3598320996899697,0.24187714308422076,0.23794059809570264,-0.013984104115742127,0.14168285363563163,0.23574731909421895,0.33438655308473625,0.1454276769613098,-0.07746247465885313,0.4004417088033546,0.5324163159672812,0.2769818466461148,-0.30383282813656803,0.022959176759231814,0.2807660353058789,-0.10915645528062899,0.1946907545802868,-0.2541694225279772,-0.0821110771123623,0.220246216015188,0.21247586944264343,0.14469367570527683,-0.22690580970911256,-0.16782150239635035
0.07756297098242639,0.2169547174581472,0.31272194485744925,0.35007661907107496,0.30811602455745435,0.3966027622181964,0.22313345087696676,0.338244834266786,0.2782006140065112,0.3769460257886015,0.3339232981429472,0.3042831410479856,0.30546783976201736,0.28256949968362693,0.31975050732748583,0.2806989892199704,0.29292428685713245,0.25108207006573935,0.3257919661022114,0.642768247091269,0.27267080722529086,0.434264798311364,0.2607518887652402,0.5557371375248694,0.3979843352794563,0.39392786500635946,0.5494340827989079,0.012806955876206725,0.5922215956703427,0.3903367062865648,0.37452615058318617,1.800907485534696,-0.06854893989548988,0.7978243513830627,0.25345861372225703,0.6658063318843161,-0.13092677751376933,0.3613743682788565,0.27825960686336776,0.22109732771815824,0.6008470247584314,0.4037370645327262,0.23646209555835798,0.013755538969479746,0.2398266457288824,0.8462568781735762,0.4981876612863212,-0.7172180071087879,0.5891472393882171,-0.03394937153628604,0.18194189735098273,-0.2880072380453898,0.3224101831816523,0.013482824052848804,-0.0472452969054294,0.22691831149703326,-0.13219271377710914,-0.1367642842411327,0.10550321013769853
0.4805580516779961,0.16922825910840555,0.3822270181939431,0.10553430586173085,0.2808678485802929,0.10122791643728299,0.2446149111782955,0.07928937907670687,0.3224585686099076,0.10651711231085886,0.20764628273364194,0.2192277772801791,0.19195914198979094,0.20902069751503646,0.36165263102840584,0.18313729849489885,0.273722594900438,0.03181151771610046,0.18951808729631334,0.17904734740960995,0.38531046902127447,0.034357269383224955,-0.06370400251048322,0.6277261865853596,0.08633013031452556,0.05052124285819281,0.1543037780423106,0.7907486287848233,-0.4137320643030699,0.24354666692909294,0.4914127089928014,-0.06854893989548988,2.350935031935874,-0.5429560641691595,-0.1337997122339806,0.58985075049786,0.658200361031797,0.17235564447634572,0.18599731999014651,-0.050683791627855274,0.2360720608718484,0.2812824118279299,0.09982626459299052,-0.06115469079968901,0.14858966296852463,0.6870213121083389,0.1563516788969656,-0.4754280832360085,0.6765289111982496,-0.36185582828028295,-0.19156057234042426,0.07014491892497705,0.5309696390222329,-0.32676225812411097,0.4774257179870189,-0.03364711242384025,-0.13237504878631817,-0.5733124480085681,0.5470815257504574
-0.15770317155035837,0.4132747929740778,0.38016874985120025,0.6518597877199915,0.3760635090383683,0.5408485788822878,0.336340187182886,0.5160125424353736,0.25519652975471163,0.5695713878081732,0.43905835595792747,0.4618341945293293,0.4684597317480369,0.34334058458577654,0.3259431494517995,0.3948016832600004,0.4390428610189906,0.5903164913207187,0.4057707532094657,0.6194386906215402,0.3217550865362163,0.6864149185061748,0.8054944969494219,0.3021417543510114,0.8047856660059892,0.5302950963982926,0.46007278398651746,-0.2060618826948187,1.3037651866041091,0.27351877800709323,0.11622865601750883,0.7978243513830627,-0.5429560641691595,2.0126368166228215,0.24377208445726095,0.6588584397112432,0.3375632045974055,0.2739410865172274,0.35652335624026105,0.20977637097891663,0.628704971230082,0.4567114121416191,0.561551389427534,0.3060852436958874,0.23217593580775722,0.5549247142841468,0.6060836569726261,-0.4419894887529667,0.2466932877712761,-0.05011372766486739,0.08619002172203698,-0.20290423379384978,0.22296009389049973,-0.08494780026152832,-0.41186259545069875,0.10183073432038028,-0.2243690771301448,0.25821264615727957,-0.08430079138622841
