1.3057461663399574,0.2497256896248919,0.47793372185174715,0.1645862470247505,0.39747696797183213,0.17973819894122617,0.4033963983781074,0.3327020161546227,0.23094960013289814,0.21979021282907682,0.23976435430978957,0.21374344741378848,0.25167590473247,0.3496526355477657,0.23978885990063228,0.2598033458606469,0.24028650629533582,0.22744572329683677,0.22625670889064511,0.19968889867403233,0.21631019011582284,0.27571149420997315,0.16401069838907179,0.16793255168014534,0.25079207969231354,0.2265007341093929,0.18592276849645661,0.014574427925577171,0.31920551185051804,0.1375134925145913,0.17788274771090098,0.22791962070355,0.18293994873505856,0.10996321314343206,0.16781430350160614,0.1987934456723128,0.26985683016668044,0.18211898071968313,0.16863289667916914,0.07555523844576538,0.19423561698939065,0.19953153663810919,0.1707044567351206,0.047347614158288594,0.08400358036233768,0.2633704647952066,0.16990613158198575,-0.11703253890675377,0.18990192543060952,0.026844302600616668,-0.02903928319180836
0.2497256896248919,2.07470919028494,0.769203921617697,-0.08285080815297781,-0.09634670873125645,0.5575960165681489,0.04053235162123999,0.26804493711413896,0.33581321747439824,0.2956840514854798,0.2781437368191408,0.30370654969817457,0.2535231152430817,0.20555172493534968,0.1891340518753425,0.16030160039097624,0.2611388205388379,0.44083876400206123,0.16272683066481258,0.514872727790765,0.23725440580065565,0.2954022109566432,0.15373688536971775,0.22182826967264815,0.2191211512906182,0.20523867927946773,0.25400372405151217,0.23475705975754002,0.31861546170662697,0.07955587259766297,0.22197506353177093,0.24850715511414098,0.1784496562762604,0.3192066438517909,0.18885870146473707,0.26061509719560155,0.36653332172055864,0.28081508718309295,0.2766949949273806,0.09883266826088528,0.15897152741760928,0.24129735241150485,0.253554205540396,0.06997245379893029,0.13962818408115515,0.27623768993664666,0.31016343308629396,-0.09409268286847704,0.1945029752169549,-0.061333413759289836,-0.027459443950627504
0.47793372185174715,0.769203921617697,2.4894746069913265,0.1338396672542051,-0.09439469189332662,0.5387162686569587,0.0422378124961196,0.34280859927703705,0.5968278543830831,0.4779325334713789,0.3635032204905266,0.4034797042233686,0.3489794204898264,0.36601130698692996,0.2884106961972356,0.23466686427163064,0.3426060413674375,0.3667287658723066,0.37565050663696187,0.3931674881988809,0.29127531554898545,0.48485825113623987,0.18613338127821477,0.3747702403137971,0.31369793833557313,0.4093562527420457,0.23031591593648373,0.35946491908412137,0.6714186396098566,-0.013324034495772295,0.3010794355434218,0.3620615792767913,0.30171263551496386,0.3925919996165046,0.2876825056412922,0.47113594469201986,0.5019919978322994,0.32101733347126327,0.23717224540679066,-0.07941801387674528,0.2720116652239393,0.3182901498010834,0.19372303909509536,0.10291918270389643,0.19814846219590226,0.5714492792981021,0.25130049289594125,-0.34232015022758855,-0.053007949158320106,-0.00501757678458921,-0.04824940269612885
0.1645862470247505,-0.08285080815297781,0.1338396672542051,1.9095699961073804,0.872091631402664,0.32812168172459677,0.6515870328096934,0.6227588336704856,0.27668950983542095,0.42377068674031165,0.39095100941841004,0.3792940868195129,0.4789117209659868,0.5458729714336074,0.4364211394827378,0.4813386888935669,0.41193914390528724,0.557804151453847,0.3605866520188899,0.4267393741403568,0.4168674462264345,0.3143046403936398,0.4887604322492886,0.5329068636698611,0.5036693917340987,0.3679900230568419,0.35610156669927845,0.057972125772993426,0.5612186907935137,0.3113853442988858,0.42906333059104085,0.4391274553818268,0.3956450332004367,0.5165738764090553,0.3542629209090667,0.5443348854593064,0.5747861001814385,0.31542543901196285,0.4634521448173455,0.2557828627583427,0.30550201513532677,0.4201991297668847,0.19246860781972858,0.12460466330681853,0.0727711420386143,0.5550601958712654,0.42234462929842564,-0.1918577169616212,0.3266677060936729,0.11135343767666347,-0.12196898074149723
0.39747696797183213,-0.09634670873125645,-0.09439469189332662,0.872091631402664,2.1417211117336734,0.12002980669483006,0.6512370616969649,0.5763733125839571,0.21390024505829125,0.3501587713542675,0.3454027124310401,0.3384077692301673,0.4192876910879316,0.3692603203411105,0.4387816701560961,0.40420528538348327,0.3185712209957565,0.38029521038845715,0.6405815583487144,0.13394324854125836,0.39223618192083765,0.3238335198929788,0.2858569299332028,0.32838403064290417,0.40512202420780824,0.359461519060548,0.23856179515023207,0.04120994653975361,0.49610840152238456,0.13735527601282035,0.34535811588865434,0.38196646348581,0.2812434092328573,0.43721059603661405,0.29895945109114086,0.45220015653814916,0.3976580051919665,0.18831114279519756,0.3702704071658815,0.24994971305234392,0.15647044610982588,0.3683010367091289,0.03883316440814888,0.04058168611353426,0.09786199461374319,0.3989218315900778,0.20392273131367694,-0.1109003709262661,0.24731047524642275,0.05738517450867058,-0.05115377308728246
0.17973819894122617,0.5575960165681489,0.5387162686569587,0.32812168172459677,0.12002980669483006,1.0881597909348164,0.0631734560918548,0.5352883713348766,0.5505920510109786,0.34815557274746395,0.4295584673707186,0.46521189892431103,0.45379775546284334,0.3962827977059655,0.27913744693761516,0.3923377689738951,0.4670399470790678,0.5420963487980964,0.6033726285507479,0.6689318327858155,0.38164685573735013,0.6470283584238159,0.2805421911258579,0.4073351379031391,0.44289591454555055,0.4718426313325918,0.4330722971091064,0.1877636566028102,0.578809503077598,0.17702588141404718,0.37030804680178697,0.4697326741364902,0.24145333074533187,0.5229414043799527,0.2773549418166245,0.38319236645202975,0.548209863047521,0.40445111020266866,0.5132783359944632,0.2595020625439498,0.18184277893760548,0.36936561900056825,0.4908757483922581,0.11125152326835448,0.2295567573595023,0.3544990906936942,0.4779036155667096,0.01718393945170456,0.49732064606928067,0.024033440165208957,-0.02010155195256605
0.4033963983781074,0.04053235162123999,0.0422378124961196,0.6515870328096934,0.6512370616969649,0.0631734560918548,1.0841488325367525,0.5105752780019458,0.26536079346360136,0.30588320718859513,0.3661699013668314,0.31779366745701343,0.41265016810234734,0.2505268736203118,0.331739994178567,0.34012649407124557,0.4072544326744189,0.3917752100199783,0.2157704521891932,0.2159614741019536,0.40553395305676865,0.3316166321548271,0.3625445537362214,0.37382797285007147,0.3985689874365376,0.247929003779098,0.2629649982551291,0.002605956486296491,0.49025035867378947,0.27287912708811884,0.3166613860053741,0.3417581550812033,0.3266854691189089,0.3652481556529837,0.25808187132865656,0.42052911906422064,0.42551351486413613,0.2085347480143552,0.23938278566147472,0.2037449494841877,0.2234849982298534,0.3798420037992197,0.056684268528059294,0.05132887462690653,0.047925304577359634,0.425222945554698,0.23385480383489402,-0.2444557269209481,0.29656946282668356,0.04729598958368296,-0.03909514187839969
0.3327020161546227,0.26804493711413896,0.34280859927703705,0.6227588336704856,0.5763733125839571,0.5352883713348766,0.5105752780019458,1.098808203680073,0.24324117988810867,0.46724828871712004,0.39711314190094454,0.2658320987583459,0.5049863842739912,0.4073704382270652,0.3178637999983573,0.3898981187833,0.437595318200181,0.5601350545889253,0.47503177416898035,0.5239886950170645,0.3774278649512614,0.4439725110111122,0.3274544074779297,0.36483908573126206,0.47166351862409833,0.352758636758309,0.3617889179477544,0.11719867600860713,0.5240774455062607,0.264317981764114,0.36326764798258393,0.3804122078565355,0.26270443606182137,0.46707800233270363,0.2937801833621559,0.35922610506557384,0.5687804792898288,0.3350871684805201,0.47705177233054263,0.23185667580615923,0.28605061824075034,0.35861023552376164,0.3446096916966274,0.10075149517069619,0.12520386538250516,0.41040956330074035,0.46165427373311113,-0.03949297292717825,0.4457440483320374,0.1661957483293758,-0.06099899063683496
0.23094960013289814,0.33581321747439824,0.5968278543830831,0.27668950983542095,0.21390024505829125,0.5505920510109786,0.26536079346360136,0.24324117988810867,1.1934147578211227,0.1953037891598827,0.3602957386648867,0.3532309436276049,0.4387436465093106,0.34950538914339546,0.2600557532199701,0.3347437922696857,0.3932492786687245,0.3742468462894076,0.4344479170317328,0.432393984801591,0.38730868773242777,0.4900211454144801,0.22261289134229723,0.39166176987562695,0.29864015364984836,0.4640219137819349,0.33297540495398503,0.19477218462279836,0.49491880577347147,0.2178001495922907,0.3351593443201464,0.4044357493751628,0.3240944932869977,0.4158467952137893,0.28391276879368127,0.3629919885765418,0.5067424021961278,0.3190830651426361,0.3002201251606241,0.16379714255697503,0.22077526011089413,0.3769378195999616,0.3116230833389906,0.07916065470313713,0.1483968295957974,0.3569800074547275,0.31391289225421554,-0.10550012882235732,0.49796106035362564,0.038545099213739366,-0.006412940958281183
0.21979021282907682,0.2956840514854798,0.4779325334713789,0.42377068674031165,0.3501587713542675,0.34815557274746395,0.30588320718859513,0.46724828871712004,0.1953037891598827,0.9084894201082682,0.284150470480486,0.37734575408637866,0.4075524307543191,0.3127891073861698,0.3303103076627285,0.31008012171134797,0.38180899788391987,0.3917374386761575,0.314499901780938,0.3012359842137072,0.2513845196130749,0.3611607919215755,0.3138024849805542,0.3364294612338218,0.3807504158790524,0.3027658981359471,0.2731243059243212,0.025205188707912808,0.4863622450474092,0.22463287308705562,0.2762613485191184,0.3238111507598886,0.21436955737814756,0.3665481896831578,0.2940959428716453,0.335153416793482,0.3715330373297708,0.22860171587525077,0.3136029059125958,0.15748257068388374,0.19362487484638868,0.274821300189526,0.2157083673094895,0.07343641671550397,0.050574137478143294,0.3405642470072705,0.3251029578571622,-0.15690041204623364,0.3800598685083975,-0.044552992974208616,0.008137307649838348
0.23976435430978957,0.2781437368191408,0.3635032204905266,0.39095100941841004,0.3454027124310401,0.4295584673707186,0.3661699013668314,0.39711314190094454,0.3602957386648867,0.284150470480486,0.7097761826840178,0.4441922124234853,0.464571652964632,0.32228391729046113,0.37842826093336007,0.3585921522467642,0.42313081089043153,0.42366881329763023,0.3252893521739282,0.4665592740942368,0.35408954340784854,0.3347562475863185,0.27180070339185897,0.3587904317176262,0.37828115201212564,0.33829077453935996,0.3392864180383874,0.13034059185567534,0.4919584621432755,0.22297230343234542,0.3358776755313374,0.38019474549486265,0.27991628487611586,0.420385720633762,0.3179487806883084,0.36588134137326084,0.4724236178496343,0.30264354223485856,0.3522872492528292,0.20795157284663068,0.22033404584009475,0.3562862510807057,0.24854117391772257,0.07069181516739016,0.11721698718568967,0.38816475658964417,0.33311210730002183,-0.1285650823697973,0.3721330888934324,0.019518893919659303,-0.02751672295943448
0.21374344741378848,0.30370654969817457,0.4034797042233686,0.3792940868195129,0.3384077692301673,0.46521189892431103,0.31779366745701343,0.2658320987583459,0.3532309436276049,0.37734575408637866,0.4441922124234853,0.7307853415337002,0.38404573266332476,0.31397114592346076,0.31449969294081503,0.37754823198384924,0.39893089877780125,0.3743201483720846,0.3547671451520304,0.3685186470941465,0.32425458874437907,0.37207151129593474,0.2793809104553775,0.36640103082447456,0.41110311408049566,0.3242585223761202,0.35441824019422885,0.09955741552810281,0.5390361635108305,0.19607875872901753,0.33887759320160177,0.41567062227912877,0.26400208455017804,0.4201156792973214,0.30819958009027254,0.4805956404004971,0.3815053759503728,0.2724518629904205,0.3137290703769499,0.21187045696723608,0.15470066893005446,0.34297813205040717,0.18975911738776613,0.060926954005022585,0.10157572661611707,0.3836863851039634,0.296125950192119,-0.19732727042837073,0.34472122023962803,-0.10014443431699052,0.014451834549125077
0.25167590473247,0.2535231152430817,0.3489794204898264,0.4789117209659868,0.4192876910879316,0.45379775546284334,0.41265016810234734,0.5049863842739912,0.4387436465093106,0.4075524307543191,0.464571652964632,0.38404573266332476,0.790725363028198,0.3383758679321635,0.197281286286142,0.3957734486192333,0.4206327202365988,0.47319586265434044,0.4125294765314049,0.3965717229113223,0.37567943755215266,0.45434051474744735,0.3189913376902607,0.4015301339772441,0.39727064490191843,0.39858259880156344,0.3524467806174264,0.09114560868715268,0.5781548894757624,0.23791808677054554,0.3407513258100607,0.4495378502541024,0.3024341327653105,0.4553262200162603,0.34646302989729477,0.3544516401342533,0.4814004085107051,0.2976412490888021,0.40654713012453386,0.22215253662454107,0.24126960245841883,0.3692687103317865,0.29825448072397803,0.08466161076368331,0.05976297245533694,0.41248442958605813,0.36968110323154496,-0.1408337734050543,0.534710775097499,0.03444162506603059,-0.025484477869889638
0.3496526355477657,0.20555172493534968,0.36601130698692996,0.5458729714336074,0.3692603203411105,0.3962827977059655,0.2505268736203118,0.4073704382270652,0.34950538914339546,0.3127891073861698,0.32228391729046113,0.31397114592346076,0.3383758679321635,0.8572002100232193,0.4238432275578234,0.5344579368713551,0.3114967380442924,0.3317296294012469,0.3310484344521844,0.4305424201743914,0.29088556530658116,0.28811175612716655,0.3234535923128807,0.3790767872141148,0.40753319945628064,0.351189743020959,0.33586358671821537,0.06395205764107678,0.44773599887330534,0.2875920953010873,0.2950891083959991,0.3590698364292328,0.2311993484188891,0.367026962181686,0.3226827682966298,0.34688709769764725,0.45150055709553344,0.2900487316655729,0.3454477117577299,0.1807889622381899,0.27437414375408553,0.3108704395155769,0.3665904738025441,0.09435667324082257,0.0926183155371838,0.36318529880800243,0.3519428396572621,-0.08070718846418785,0.5108497390779837,0.07823115525517953,-0.04608729837517432
0.23978885990063228,0.1891340518753425,0.2884106961972356,0.4364211394827378,0.4387816701560961,0.27913744693761516,0.331739994178567,0.3178637999983573,0.2600557532199701,0.3303103076627285,0.37842826093336007,0.31449969294081503,0.197281286286142,0.4238432275578234,1.437616010044086,0.3797018614690965,0.37596808872147996,0.3538824297273802,0.2791642993851859,0.4515005061341998,0.3738793563024611,0.0792116428702429,0.3208669240038195,0.37233724138137203,0.5250218144839436,0.3199549216080331,0.353728530281842,0.131428118195608,0.5517498362276627,0.44775920858202384,0.35978777251635835,0.29325919858195576,0.2756839195341461,0.4048306882316054,0.3946968244337452,0.49691231700361305,0.5489705514461124,0.26343978216160197,0.31733302585049616,0.21788477168973056,0.34402022262222,0.39723470071770683,0.16337843897640714,0.07773492214665263,0.14336831656368715,0.491260028328428,0.38514062217608624,-0.22750484024641102,0.331312730505452,0.09323090721300181,-0.028856129313534165
0.2598033458606469,0.16030160039097624,0.23466686427163064,0.4813386888935669,0.40420528538348327,0.3923377689738951,0.34012649407124557,0.3898981187833,0.3347437922696857,0.31008012171134797,0.3585921522467642,0.37754823198384924,0.3957734486192333,0.5344579368713551,0.3797018614690965,0.7990368498567304,0.3864937954348577,0.36784716664388034,0.36093047093354025,0.3947589596238197,0.30219914841484813,0.39462710344345925,0.307619196673495,0.3808322385220322,0.42231922287636975,0.33635762366603655,0.38073618485302063,0.12180634238052777,0.5145994184159589,0.28548584179352937,0.30854925117978854,0.42932557017248707,0.21399420927423218,0.4139351015484046,0.35481341992055504,0.37544919815352346,0.4319766455546127,0.2780154922491622,0.37321001182721236,0.2303205185133079,0.24642225972138201,0.3372982910023062,0.34110849575666097,0.09935924007968747,0.09856287863743338,0.36245824534834037,0.339664707153136,-0.11154125697594705,0.5042021900205663,0.058012903157495604,-0.020575891685763088
0.24028650629533582,0.2611388205388379,0.3426060413674375,0.41193914390528724,0.3185712209957565,0.4670399470790678,0.4072544326744189,0.437595318200181,0.3932492786687245,0.38180899788391987,0.42313081089043153,0.39893089877780125,0.4206327202365988,0.3114967380442924,0.37596808872147996,0.3864937954348577,0.9255554022315425,0.4533369033310937,0.3779387172952167,0.47336059020007676,0.3047182730913406,0.6690381943100839,0.3261360763751207,0.35810385053311,0.431777438566716,0.3426650928776672,0.39045263193304425,0.09466640878549543,0.48491870532844517,0.17524975893081077,0.3072488315053819,0.4038342147768155,0.2835665615332762,0.4161266903008967,0.2945840124891494,0.2946763585226397,0.46630316564082874,0.3139659744245228,0.35455929588933904,0.20549923962051078,0.17536561904035006,0.32023481723812525,0.43752561856481303,0.08158589744621492,0.1294124157722058,0.3419967102316319,0.34404342160333506,-0.07223145056800084,0.45722358109048006,-0.006375132027230372,-0.01604860702795569
0.22744572329683677,0.44083876400206123,0.3667287658723066,0.557804151453847,0.38029521038845715,0.5420963487980964,0.3917752100199783,0.5601350545889253,0.3742468462894076,0.3917374386761575,0.42366881329763023,0.3743201483720846,0.47319586265434044,0.3317296294012469,0.3538824297273802,0.36784716664388034,0.4533369033310937,1.40559086845695,0.36593275835999733,0.40325754318028817,0.49783136619067514,0.4966734825965813,0.7174395532229454,0.36727929799708386,0.5551881118735493,0.4986410378769041,0.3875977955672676,-0.13118892812636168,0.6978730005502913,0.11740052402085041,0.5110994671816215,0.4363279082275897,0.2897804848755193,0.6931615284533644,0.4384538232692558,0.5343413560252791,0.6789625070142148,0.3138952842629236,0.5852064890841141,0.3389351793255873,0.26381012346636673,0.4775931749378226,0.27011872260404907,0.06203931687266892,0.14788438841336723,0.575386135100938,0.7258212169110244,-0.24503502060473054,0.257982005276495,-0.004435329742250607,-0.05105129020893019
0.22625670889064511,0.16272683066481258,0.37565050663696187,0.3605866520188899,0.6405815583487144,0.6033726285507479,0.2157704521891932,0.47503177416898035,0.4344479170317328,0.314499901780938,0.3252893521739282,0.3547671451520304,0.4125294765314049,0.3310484344521844,0.2791642993851859,0.36093047093354025,0.3779387172952167,0.36593275835999733,1.1116080167440408,0.216886476081733,0.3992042016535217,0.6131684017528617,0.07643431316835834,0.33915275887474444,0.36699750141619736,0.32595142109001524,0.3124499636191299,0.30351367802189244,0.5494689254983756,0.2004343441671264,0.35512601695601725,0.4174163922540638,0.2914472000126773,0.40200565694242935,0.2755012407958763,0.438334771643847,0.48438825014164283,0.2550280023638951,0.42631088912473253,0.19121415915840617,0.18779223133718476,0.3568402596858726,0.23538895484877045,0.060708207983144635,0.2045415266182242,0.37603974620049613,0.2944065676411407,-0.017325770999989686,0.24935412812536858,0.03772255301006544,-0.03872955131378839
0.19968889867403233,0.514872727790765,0.3931674881988809,0.4267393741403568,0.13394324854125836,0.6689318327858155,0.2159614741019536,0.5239886950170645,0.432393984801591,0.3012359842137072,0.4665592740942368,0.3685186470941465,0.3965717229113223,0.4305424201743914,0.4515005061341998,0.3947589596238197,0.47336059020007676,0.40325754318028817,0.216886476081733,1.6614380472171437,0.2751527700257426,0.12906570416425303,0.16611021448492963,0.4309696896230677,0.38850435327800087,0.45813678395864965,0.5641509407163489,0.329644827245132,0.28216738297857474,0.4274238153030831,0.4686444551211573,0.3732038574410246,0.4104985751516023,0.48778594286072124,0.35846996740621545,0.36576079154420565,0.8115231802020288,0.6955287972452264,0.6636438353673051,0.32096366100580875,0.37179482840504574,0.41633245711922984,0.5233430835772153,0.15247580291451907,0.2738820318773914,0.36606800600877276,0.3993333173373107,0.14735321891607556,0.9493622167982704,0.11459285294344515,-0.08450895058240528
0.21631019011582284,0.23725440580065565,0.29127531554898545,0.4168674462264345,0.39223618192083765,0.38164685573735013,0.40553395305676865,0.3774278649512614,0.38730868773242777,0.2513845196130749,0.35408954340784854,0.32425458874437907,0.37567943755215266,0.29088556530658116,0.3738793563024611,0.30219914841484813,0.3047182730913406,0.49783136619067514,0.3992042016535217,0.2751527700257426,1.016766034297308,-0.006866117249097512,0.3341691268437178,0.3231675935063024,0.4186960160533738,0.3128622057683722,0.2777707691550227,0.16523671539844476,0.656396179891896,0.42323692574652655,0.45312851487884,0.36875080144058964,0.2745705651159566,0.5490606790003751,0.6485271852693533,0.6106688846204902,0.78944456106394,0.30650967365507714,0.2265895833031476,0.3824694266028445,0.4146272539832127,0.781016065044787,-0.035500132829670045,0.06041423519462055,0.5255926060948126,0.6156056690287265,0.4750073441813243,-0.41315316121217477,-0.08884824527292987,0.02654157864433671,-0.032234345664132615
0.27571149420997315,0.2954022109566432,0.48485825113623987,0.3143046403936398,0.3238335198929788,0.6470283584238159,0.3316166321548271,0.4439725110111122,0.4900211454144801,0.3611607919215755,0.3347562475863185,0.37207151129593474,0.45434051474744735,0.28811175612716655,0.0792116428702429,0.39462710344345925,0.6690381943100839,0.4966734825965813,0.6131684017528617,0.12906570416425303,-0.006866117249097512,2.9638996773274084,0.2964307416284657,0.2156242360911341,0.4098277057267821,0.48843438426206276,0.4694741122447045,-0.15271002791407295,0.5516918285239082,-0.13359298938601272,0.0654965098706433,0.694607506220361,0.08038800259074705,0.3747047143586077,0.22244738142091605,-0.22962871780018615,0.05230282096073458,0.203047332126776,0.39924186031057235,0.06433094317809145,-0.1435724941582908,0.04206532333407759,1.3074606392106565,0.05064758022933642,0.0015821352008041035,0.014583457101031268,0.2220081391491565,0.2738746048344225,0.8468237561754209,-0.12098438361083666,0.015200272669237272
0.16401069838907179,0.15373688536971775,0.18613338127821477,0.4887604322492886,0.2858569299332028,0.2805421911258579,0.3625445537362214,0.3274544074779297,0.22261289134229723,0.3138024849805542,0.27180070339185897,0.2793809104553775,0.3189913376902607,0.3234535923128807,0.3208669240038195,0.307619196673495,0.3261360763751207,0.7174395532229454,0.07643431316835834,0.16611021448492963,0.3341691268437178,0.2964307416284657,1.84081912127412,0.5361555398709932,0.6368726668917928,0.3997996841104163,0.16301437793937582,-0.9034464095922695,0.8586516024627812,0.25186493391632475,0.1931924888304536,0.30009979632150763,0.3646495158873708,0.5993061062446173,0.3493477388739002,0.45800510347081275,0.5267284290510478,0.11977830039638196,0.6456373555279269,0.4000200429712747,-0.003852996826882366,0.3442490339825491,0.12343226707392743,0.12482034240101603,0.01956299212976133,0.4862235773868668,0.4982709429414928,-0.059679305899979926,0.5386911837537035,-0.007986094400395197,-0.03378935632871159
0.16793255168014534,0.22182826967264815,0.3747702403137971,0.5329068636698611,0.32838403064290417,0.4073351379031391,0.37382797285007147,0.36483908573126206,0.39166176987562695,0.3364294612338218,0.3587904317176262,0.36640103082447456,0.4015301339772441,0.3790767872141148,0.37233724138137203,0.3808322385220322,0.35810385053311,0.36727929799708386,0.33915275887474444,0.4309696896230677,0.3231675935063024,0.2156242360911341,0.5361555398709932,1.1059162800557305,0.43263017789716784,0.2633741102261487,0.319223734059898,0.17061986347603308,0.6226062106570063,0.5873682045488797,0.44918584181654897,0.39993021976113596,0.705814242323808,0.36002487689794505,0.3592012828567385,0.5845411153308412,0.6565847310304619,0.32163851080220585,0.34070586323307106,0.1849667171606804,0.40216134125990693,0.3938776669662612,0.10823529067316824,0.12224872776352512,-0.08952485428275367,0.5944897717714875,0.48706611427367397,-0.34656133036145925,0.6644807802582977,0.0354353244720899,-0.058682226186293436
0.25079207969231354,0.2191211512906182,0.31369793833557313,0.5036693917340987,0.40512202420780824,0.44289591454555055,0.3985689874365376,0.47166351862409833,0.29864015364984836,0.3807504158790524,0.37828115201212564,0.41110311408049566,0.39727064490191843,0.40753319945628064,0.5250218144839436,0.42231922287636975,0.431777438566716,0.5551881118735493,0.36699750141619736,0.38850435327800087,0.4186960160533738,0.4098277057267821,0.6368726668917928,0.43263017789716784,1.1362882216991725,0.4186601758446712,0.35928607830797993,-0.18013870311080044,0.982662156623336,0.3427921941864919,0.3782402419571012,0.4097704448690207,0.2966990470042768,0.6034770821197128,0.4851572056744462,0.530014455648466,0.6157523738937608,0.2858257827997331,0.46239839327181403,0.2961241845569157,0.21954917533549484,0.4394104844077974,0.21095104574213022,0.07821715638862144,0.18783194870716124,0.6381975192584862,0.4681907951751374,-0.40782387311032287,0.3089120662097729,-0.03255527229087219,-0.02191579956545594
0.2265007341093929,0.20523867927946773,0.4093562527420457,0.3679900230568419,0.359461519060548,0.4718426313325918,0.247929003779098,0.352758636758309,0.4640219137819349,0.3027658981359471,0.33829077453935996,0.3242585223761202,0.39858259880156344,0.351189743020959,0.3199549216080331,0.33635762366603655,0.3426650928776672,0.4986410378769041,0.32595142109001524,0.45813678395864965,0.3128622057683722,0.48843438426206276,0.3997996841104163,0.2633741102261487,0.4186601758446712,3.4119498303396383,0.29071542706738857,-0.11934072495534036,0.7352553498271417,-0.648164430916806,0.33135653578248314,0.778595068949906,0.25178387744930786,0.6142113566273981,0.5062950456178176,0.427733242601652,0.43518841793673724,0.363050772666496,0.5797640227741617,0.5030779966686577,0.15373604381996858,0.4730443249860839,0.3206290519515806,-0.03796311043783061,0.4319066072414865,0.37907528788000877,-0.044254283031140346,-0.09977005714978965,1.1858352001917758,-0.06272950253081004,0.0020875763780321597
0.18592276849645661,0.25400372405151217,0.23031591593648373,0.35610156669927845,0.23856179515023207,0.4330722971091064,0.2629649982551291,0.3617889179477544,0.33297540495398503,0.2731243059243212,0.3392864180383874,0.35441824019422885,0.3524467806174264,0.33586358671821537,0.353728530281842,0.38073618485302063,0.39045263193304425,0.3875977955672676,0.3124499636191299,0.5641509407163489,0.2777707691550227,0.4694741122447045,0.16301437793937582,0.319223734059898,0.35928607830797993,0.29071542706738857,1.0933835732356225,0.30345003194840897,0.30616985830866905,0.32137691617105096,0.39287784031418427,0.3905810665211395,0.2960149620169108,0.35481941341447565,0.37698464551309435,0.4914421007546024,0.44567233192633676,0.3470124849975786,0.3127451160272319,0.19283651026122867,0.2714027544225543,0.3337749838400168,0.6162231479199902,0.07051124119071325,0.08875750311191889,0.30355756730405936,0.3373984703553035,-0.006987351786201537,0.5289990386980279,0.04780171485890027,-0.026557840448593488
0.014574427925577171,0.23475705975754002,0.35946491908412137,0.057972125772993426,0.04120994653975361,0.1877636566028102,0.002605956486296491,0.11719867600860713,0.19477218462279836,0.025205188707912808,0.13034059185567534,0.09955741552810281,0.09114560868715268,0.06395205764107678,0.131428118195608,0.12180634238052777,0.09466640878549543,-0.13118892812636168,0.30351367802189244,0.329644827245132,0.16523671539844476,-0.15271002791407295,-0.9034464095922695,0.17061986347603308,-0.18013870311080044,-0.11934072495534036,0.30345003194840897,3.740684293188205,-0.5492128322037376,0.2365716181042059,0.5029562838317587,0.13170474176087194,0.4222847582104954,-0.10427262378851088,-0.19023718556345856,0.9387623716377165,0.34547332214529053,0.25484040494371085,-0.08505647213399312,-0.17742472413562316,0.8280237463109039,0.21858613199285212,-0.14643639458925847,0.28373117084454763,-0.11663879330431459,0.3350603488917956,0.03155584710006299,-0.17347224777157866,-0.4304876226785303,0.20873776638953886,-0.07868944969257922
0.31920551185051804,0.31861546170662697,0.6714186396098566,0.5612186907935137,0.49610840152238456,0.578809503077598,0.49025035867378947,0.5240774455062607,0.49491880577347147,0.4863622450474092,0.4919584621432755,0.5390361635108305,0.5781548894757624,0.44773599887330534,0.5517498362276627,0.5145994184159589,0.48491870532844517,0.6978730005502913,0.5494689254983756,0.28216738297857474,0.656396179891896,0.5516918285239082,0.8586516024627812,0.6226062106570063,0.982662156623336,0.7352553498271417,0.30616985830866905,-0.5492128322037376,3.862316294586895,0.4917921036271099,0.36987652555746614,0.6490606590797164,0.4050183019293847,0.8585358771313321,0.753536968462471,0.9908198094760124,0.8187780566982578,0.2058155587849768,0.698153244503289,0.49778624893892726,0.5313292433484105,0.6478525717564184,-0.25148436642088934,-0.09389944599039647,0.25703067029309223,1.2903582771678204,0.6575990237775948,-1.206729740381236,0.8767047201391988,-0.06837165250738786,-0.004788248758117623
0.1375134925145913,0.07955587259766297,-0.013324034495772295,0.3113853442988858,0.13735527601282035,0.17702588141404718,0.27287912708811884,0.264317981764114,0.2178001495922907,0.22463287308705562,0.22297230343234542,0.19607875872901753,0.23791808677054554,0.2875920953010873,0.44775920858202384,0.28548584179352937,0.17524975893081077,0.11740052402085041,0.2004343441671264,0.4274238153030831,0.42323692574652655,-0.13359298938601272,0.25186493391632475,0.5873682045488797,0.3427921941864919,-0.648164430916806,0.32137691617105096,0.2365716181042059,0.4917921036271099,3.021077752163899,0.40162928862582137,0.10690461574656422,0.42136823585720923,-0.04464110741235433,0.742670731427628,0.664471809807888,1.0762944184201275,0.3557067593153393,0.14577318498969535,0.010651691223809623,1.278818736282054,0.4651665871963428,0.4322248477547126,0.199966090474762,-0.1642669362465773,0.6644870493590448,1.4362477333963675,-0.5185785938572127,1.0286182685636016,0.16332080620769562,-0.027892251531833768
0.17788274771090098,0.22197506353177093,0.3010794355434218,0.42906333059104085,0.34535811588865434,0.37030804680178697,0.3166613860053741,0.36326764798258393,0.3351593443201464,0.2762613485191184,0.3358776755313374,0.33887759320160177,0.3407513258100607,0.2950891083959991,0.35978777251635835,0.30854925117978854,0.3072488315053819,0.5110994671816215,0.35512601695601725,0.4686444551211573,0.45312851487884,0.0654965098706433,0.1931924888304536,0.44918584181654897,0.3782402419571012,0.33135653578248314,0.39287784031418427,0.5029562838317587,0.36987652555746614,0.40162928862582137,1.159827942193469,0.35794382181568946,0.44295484090258547,0.4144546109301093,0.43733111299574245,0.9730686421208651,0.7923594846288425,0.42742580437119737,0.49611851095326587,0.27558542088894394,0.6162355807432389,0.5003602531722174,-0.11342789201663873,0.11452908368427382,0.18815979651545212,0.7444033668690565,0.450627741124489,-0.4393216305853966,0.0016749067661086556,0.07838647708548857,-0.06092825071928474
0.22791962070355,0.24850715511414098,0.3620615792767913,0.4391274553818268,0.38196646348581,0.4697326741364902,0.3417581550812033,0.3804122078565355,0.4044357493751628,0.3238111507598886,0.38019474549486265,0.41567062227912877,0.4495378502541024,0.3590698364292328,0.29325919858195576,0.42932557017248707,0.4038342147768155,0.4363279082275897,0.4174163922540638,0.3732038574410246,0.36875080144058964,0.694607506220361,0.30009979632150763,0.39993021976113596,0.4097704448690207,0.778595068949906,0.3905810665211395,0.13170474176087194,0.6490606590797164,0.10690461574656422,0.35794382181568946,0.7445566067580035,0.25751892958861305,0.5086879843767038,0.3054378068062489,0.4557819097650116,0.33056344543246047,0.32058048293443686,0.4142707077054802,0.2226793331894155,0.22770595320575737,0.37443728097216694,0.3257890676071436,0.05573995128695589,0.06149768617995306,0.4233627802090054,0.28685457788036056,-0.15651675988104527,0.5994228434783405,-0.0018488506163922345,-0.041520714954911324
0.18293994873505856,0.1784496562762604,0.30171263551496386,0.3956450332004367,0.2812434092328573,0.24145333074533187,0.3266854691189089,0.26270443606182137,0.3240944932869977,0.21436955737814756,0.27991628487611586,0.26400208455017804,0.3024341327653105,0.2311993484188891,0.2756839195341461,0.21399420927423218,0.2835665615332762,0.2897804848755193,0.2914472000126773,0.4104985751516023,0.2745705651159566,0.08038800259074705,0.3646495158873708,0.705814242323808,0.2966990470042768,0.25178387744930786,0.2960149620169108,0.4222847582104954,0.4050183019293847,0.42136823585720923,0.44295484090258547,0.25751892958861305,2.2085531015349376,-0.05433624582411254,-0.17820181965578216,0.42926509299267196,1.092281040292468,0.40075052738034395,0.060582962416944726,-0.010450865169626221,0.20838828766784628,0.4061135629696513,0.05088316148023381,0.14438339152114193,-0.2587566133921819,0.6460336998339264,0.38397469956899827,-0.5513065449157711,0.9261531851973707,0.013243511914255823,-0.08663426739708331
0.10996321314343206,0.3192066438517909,0.3925919996165046,0.5165738764090553,0.43721059603661405,0.5229414043799527,0.3652481556529837,0.46707800233270363,0.4158467952137893,0.3665481896831578,0.420385720633762,0.4201156792973214,0.4553262200162603,0.367026962181686,0.4048306882316054,0.4139351015484046,0.4161266903008967,0.6931615284533644,0.40200565694242935,0.48778594286072124,0.5490606790003751,0.3747047143586077,0.5993061062446173,0.36002487689794505,0.6034770821197128,0.6142113566273981,0.35481941341447565,-0.10427262378851088,0.8585358771313321,-0.04464110741235433,0.4144546109301093,0.5086879843767038,-0.05433624582411254,1.9028371607874106,0.7439502319346865,0.5662215951079248,0.6935104865001657,0.33512373256512074,0.6891240072517711,0.35957367388108236,-0.11429374105646418,0.5896736626304702,0.24511715046195223,0.07597606565766678,0.18671863081485413,0.5009881500444359,0.40004092945720926,-0.14636179675860964,0.6552509841347742,-0.06353263660572576,-0.03503141640525558
0.16781430350160614,0.18885870146473707,0.2876825056412922,0.3542629209090667,0.29895945109114086,0.2773549418166245,0.25808187132865656,0.2937801833621559,0.28391276879368127,0.2940959428716453,0.3179487806883084,0.30819958009027254,0.34646302989729477,0.3226827682966298,0.3946968244337452,0.35481341992055504,0.2945840124891494,0.4384538232692558,0.2755012407958763,0.35846996740621545,0.6485271852693533,0.22244738142091605,0.3493477388739002,0.3592012828567385,0.4851572056744462,0.5062950456178176,0.37698464551309435,-0.19023718556345856,0.753536968462471,0.742670731427628,0.43733111299574245,0.3054378068062489,-0.17820181965578216,0.7439502319346865,2.6409222745003063,0.08427508625583055,0.7480371820290286,0.19575238993500454,0.5527674601232915,0.6391290200196921,0.29329671043653455,0.7080838481908077,0.2727058689430057,0.06576795336543051,0.7361311030766348,0.44150566113473744,0.5922082287349097,-0.2462203374951281,0.4159590522551427,-0.11099787539536574,0.01115221420424842
0.1987934456723128,0.26061509719560155,0.47113594469201986,0.5443348854593064,0.45220015653814916,0.38319236645202975,0.42052911906422064,0.35922610506557384,0.3629919885765418,0.335153416793482,0.36588134137326084,0.4805956404004971,0.3544516401342533,0.34688709769764725,0.49691231700361305,0.37544919815352346,0.2946763585226397,0.5343413560252791,0.438334771643847,0.36576079154420565,0.6106688846204902,-0.22962871780018615,0.45800510347081275,0.5845411153308412,0.530014455648466,0.427733242601652,0.4914421007546024,0.9387623716377165,0.9908198094760124,0.664471809807888,0.9730686421208651,0.4557819097650116,0.42926509299267196,0.5662215951079248,0.08427508625583055,3.1076002551356465,0.4202537985713879,0.3327244578524194,0.46669309375200213,0.4694570066481824,0.7614653704389506,0.6887864472985579,-1.0581331350959313,0.0063610433958179126,-0.09396822717203414,1.4776342975668768,0.5189010643794797,-1.0765740457457984,-1.3331324649826066,0.10264219496142654,-0.0981193181674076
0.26985683016668044,0.36653332172055864,0.5019919978322994,0.5747861001814385,0.3976580051919665,0.548209863047521,0.42551351486413613,0.5687804792898288,0.5067424021961278,0.3715330373297708,0.4724236178496343,0.3815053759503728,0.4814004085107051,0.45150055709553344,0.5489705514461124,0.4319766455546127,0.46630316564082874,0.6789625070142148,0.48438825014164283,0.8115231802020288,0.78944456106394,0.05230282096073458,0.5267284290510478,0.6565847310304619,0.6157523738937608,0.43518841793673724,0.44567233192633676,0.34547332214529053,0.8187780566982578,1.0762944184201275,0.7923594846288425,0.33056344543246047,1.092281040292468,0.6935104865001657,0.7480371820290286,0.4202537985713879,3.752900876008441,0.5987048451346182,0.4342178913815371,0.17728319974146975,0.9363734530035946,0.9526255714582473,0.36156115355574314,0.18326839336566064,1.4189183344849154,1.1198266873283007,0.9835702172140262,-0.6697026659588913,0.5651620214701419,0.13498797236907614,-0.08639302827409502
0.18211898071968313,0.28081508718309295,0.32101733347126327,0.31542543901196285,0.18831114279519756,0.40445111020266866,0.2085347480143552,0.3350871684805201,0.3190830651426361,0.22860171587525077,0.30264354223485856,0.2724518629904205,0.2976412490888021,0.2900487316655729,0.26343978216160197,0.2780154922491622,0.3139659744245228,0.3138952842629236,0.2550280023638951,0.6955287972452264,0.30650967365507714,0.203047332126776,0.11977830039638196,0.32163851080220585,0.2858257827997331,0.363050772666496,0.3470124849975786,0.25484040494371085,0.2058155587849768,0.3557067593153393,0.42742580437119737,0.32058048293443686,0.40075052738034395,0.33512373256512074,0.19575238993500454,0.3327244578524194,0.5987048451346182,1.0271479000813224,0.29860686419331334,0.17051477154456474,0.3382998474767628,0.3693568506331525,0.48639382484649446,0.13479691982070757,0.2771952163742949,0.39192531346279197,0.3448060323960579,-0.1566314732732869,0.4105042323858325,0.04590923924508866,-0.050769963884656884
0.16863289667916914,0.2766949949273806,0.23717224540679066,0.4634521448173455,0.3702704071658815,0.5132783359944632,0.23938278566147472,0.47705177233054263,0.3002201251606241,0.3136029059125958,0.3522872492528292,0.3137290703769499,0.40654713012453386,0.3454477117577299,0.31733302585049616,0.37321001182721236,0.35455929588933904,0.5852064890841141,0.42631088912473253,0.6636438353673051,0.2265895833031476,0.39924186031057235,0.6456373555279269,0.34070586323307106,0.46239839327181403,0.5797640227741617,0.3127451160272319,-0.08505647213399312,0.698153244503289,0.14577318498969535,0.49611851095326587,0.4142707077054802,0.060582962416944726,0.6891240072517711,0.5527674601232915,0.46669309375200213,0.4342178913815371,0.29860686419331334,2.7390987212974554,0.8415772866040185,0.057377389949099786,0.21724029691403943,-0.04997639735278596,0.24148416617157212,0.3789798090222468,0.29730256502108277,0.400884745070572,0.003909158022484744,1.46764247880156,-0.00448596537634213,-0.08662781780802982
0.07555523844576538,0.09883266826088528,-0.07941801387674528,0.2557828627583427,0.24994971305234392,0.2595020625439498,0.2037449494841877,0.23185667580615923,0.16379714255697503,0.15748257068388374,0.20795157284663068,0.21187045696723608,0.22215253662454107,0.1807889622381899,0.21788477168973056,0.2303205185133079,0.20549923962051078,0.3389351793255873,0.19121415915840617,0.32096366100580875,0.3824694266028445,0.06433094317809145,0.4000200429712747,0.1849667171606804,0.2961241845569157,0.5030779966686577,0.19283651026122867,-0.17742472413562316,0.49778624893892726,0.010651691223809623,0.27558542088894394,0.2226793331894155,-0.010450865169626221,0.35957367388108236,0.6391290200196921,0.4694570066481824,0.17728319974146975,0.17051477154456474,0.8415772866040185,1.864301767390105,-0.22253343312747412,0.41454843129800606,-0.16045309758226103,-0.07620248626281831,0.8367086920278722,0.49137900060358114,0.17973223889163029,-0.21113063841621083,0.19780955989847263,-0.04329349084327621,0.007141188901262931
