0.9543929242351443,0.2620656411800484,0.37971463982092585,-0.09671652044555215,0.27715756737196146,0.132812159636679,0.19385388267840098,0.15074946397867875,0.0785266527698956,0.2131861970713194,0.11875315906521362,0.17486635579781537,0.07682507591826909,0.15653046003736973,0.16028835012634102,0.09005987534242708,0.09763661058587607,0.1850123393172339,0.07223818195404597,0.06245529040230695,0.10715167250435,0.18847499997848727,0.05193825451199151,0.08796619522636526,0.16940165569600055,0.08880348562486436,0.09140289568865131,0.039289044950346436,0.213990001214581,-0.010260781606470077,0.15310249491693737,0.12398074432067527,0.06068574046965526,0.08310312464220944,0.04079134326878007,0.18877624724372633,0.06370415488447465,0.08437846761636371,0.12050190690397626,0.005492532553202918,0.08151356246872891,0.054204186118613176,0.07131088246111403,0.007315846766296034,0.11075305647937901,0.16973281347397523,0.10475721072775979,-0.1219913126513787,-0.10390867053169793,-0.11614463458454259,-0.008415091021808574,-0.0029325157041457557,0.13405596933074015,-0.03891414833803274,0.0273313295997421,0.03905090223101723,-0.019637824723675756,0.1067749214656339,-0.21798882256140897
0.2620656411800484,1.4407105212437081,0.7110499781983638,0.05965108556645425,0.3137260994929051,0.34436127182146287,0.14671563582348973,0.3154397033367655,0.20311225471049368,0.27102279162087045,0.24692761105403435,0.23654731190527858,0.10691718865705928,0.22076889460927268,0.49771108912705386,0.13398128693806358,0.3162957899213135,0.5232877025163064,-0.14147259108008087,0.3753062016789969,0.2588901517966618,0.2665480420709127,0.07606522315093348,0.07059706105305448,0.28608989203696195,0.38154771315360103,0.19377423387641812,0.3038696019319795,0.4272491820283611,-0.056726658280484815,0.2750685003819504,0.15328468213059926,0.24957213806391587,0.2749377507605605,-0.05665163473277076,0.5215215041380175,0.2176702717652809,0.24225162264707187,0.05717246940056595,0.10146310015944844,0.18280145346974486,0.19646390554040358,0.422660029403513,0.00721576301458816,0.5847284323171662,0.1927261891674052,0.21820258684023777,-0.33907697855585356,-0.9894319388636456,-0.42760594905668975,0.24500433899413548,0.23861281484154562,0.14317118554236635,-0.1998320504971841,-0.28919393635035784,-0.12282821234924084,-0.5172186682538477,0.7580680654901929,-0.012936350484968863
0.37971463982092585,0.7110499781983638,1.6986169573596936,0.039139034246867675,-0.08438081418480813,0.23963024937724237,0.1231228144647486,0.3614501468708117,0.18668769570799254,0.4474988500448246,0.23526596032200198,0.22589303406031697,0.101416078420299,0.17311731996764773,0.3129495920753157,0.05313835097600967,0.29512371120226105,0.3774427588106856,0.11278739328566204,0.11816164781836988,0.15829283578250947,0.4649662822363749,0.06889271158626468,0.16284280670888981,0.2100094913222957,0.2679803020840995,0.17525271207397758,0.14966339761223935,0.31487024951889026,-0.26506238402739934,0.24533996436175828,0.1810844780599021,0.11877988836810398,0.27196504644449365,0.11639014510942411,0.44925030784505104,0.22694381476469158,0.11400228462111084,0.05150781863399271,-0.1256358893153978,0.1805909422534715,0.2124924339843795,0.02063717181768702,0.006384912689091494,0.3229379944759174,0.5751470528032178,0.11330988092910363,-0.30070484393098695,-0.8661566609417577,-0.012211449714433583,0.15330442136874448,-0.0507479485978113,0.01429245714259856,-0.14591172887519135,-0.11138238294119017,0.06377806172470574,0.031135833316582,0.11120301271624669,-0.33109194357841
-0.09671652044555215,0.05965108556645425,0.039139034246867675,2.2783070933553007,0.4804726992853568,0.4621263912640789,0.37705647268023446,0.38543023176604124,0.22219718458234297,0.1004443741284261,0.27521825210315315,0.456040572084102,0.22540270252539343,0.4596563549868541,0.35160696887241266,0.48642525431662914,0.23446373295533973,0.33126146526119665,-0.11733813123813358,0.2957820292062686,0.260738215198108,0.201540346488886,0.36815757574109487,0.34128960288075055,0.41734789202314954,0.4073559119910295,0.267056802273192,0.14242565573970567,0.32141083700719714,0.044960007811127675,0.29745945211151625,0.3811604566573549,0.157867271393075,0.3788954156180675,-0.23406468110886397,0.5525661253091801,-0.018831203465703262,0.20433870290924322,0.1764965633841261,0.20016255018618145,0.17069433074768803,0.15635113353178676,0.3717448987758596,0.07721014261808004,0.40420458447612345,-0.055685403754366605,0.22644909473421151,-0.3773934325951196,0.05659743783038374,-0.36992659476652967,0.11497761257175317,0.13915003473657508,0.14852271218480612,-0.13383352130645,-0.4039420772743226,0.06170179904995894,-0.05317426811210243,0.5560327274363452,-0.23437372107006646
0.27715756737196146,0.3137260994929051,-0.08438081418480813,0.4804726992853568,1.341556723663211,0.42589178322713717,0.18981605045522057,0.30143143737277134,0.14607583575699676,0.10694976268092392,0.21958312284591222,0.35659994137122164,0.18112176578671418,0.2692460298317872,0.3553651728979186,0.28421969324491003,0.1325123591982562,0.31125005385383625,-0.05765156791157833,0.26913172489216547,0.2078875140561266,0.0801400020025097,0.23108124010066938,0.18326301634449965,0.33502712813455726,0.363788712212728,0.1760255188157977,0.10264625962604572,0.2510780383038347,-0.016417980176365237,0.24216185490716569,0.2266413751316418,0.14743330648054212,0.254263576126497,-0.18891351355860173,0.42136584423210405,-0.020666621923011608,0.16768787478665054,0.07768312016922299,0.19347561731728607,0.12614118629496843,0.17780897295615294,0.352045268484782,0.03667543633658649,0.2797954549980335,0.006175859044025967,0.1626417351640438,-0.2466661935957786,-0.30749267809013187,-0.3664065268851221,0.14535567565066898,0.06998153370504552,0.25069317924517076,-0.0887406522432638,-0.2111555416085831,-0.10760344080422034,-0.2705216598935985,0.628940005233951,-0.015406021279291809
0.132812159636679,0.34436127182146287,0.23963024937724237,0.4621263912640789,0.42589178322713717,0.7770709781586098,0.13281707946209792,0.3479059924866573,0.2095441863915779,0.09494108752077288,0.28705599612761423,0.2565558637260395,0.1910923723421062,0.23743207721872062,0.34120923898222455,0.22548445560789748,0.24515632268041457,0.305740554125896,0.07388273934749234,0.33317579153007953,0.24053264351806838,0.31822278453478225,0.14341167923963108,0.23531522524197945,0.27458008971805914,0.3939609699149611,0.21541838409052663,0.2148205732498514,0.4197343019514858,0.04333656575298137,0.2468131581676197,0.2392763737361328,0.11366120150717723,0.25738122505380584,-0.01879575053702069,0.34860135422325145,0.15257018404470332,0.22525118311550377,0.12965037894668344,0.1335743093861271,0.12420466492984708,0.19596255786497233,0.411781502913569,0.04768277079846753,0.30396314393974716,0.12513983071813814,0.2007801704225579,-0.1745354008978318,-0.022078188765839484,-0.02370996317629191,-0.17372126513061997,0.12125410002100134,-0.031874279436823284,-0.020000229582812886,-0.17423630938354864,-0.001499156735359841,-0.17552770991163136,0.5906987900457402,-0.26451227785474846
0.19385388267840098,0.14671563582348973,0.1231228144647486,0.37705647268023446,0.18981605045522057,0.13281707946209792,0.5559423202371575,0.05516219263092396,0.24723342506493937,0.15557868216937365,0.14524632014436717,0.2984101568985406,0.10192334024912669,0.14708113169117312,0.12359465035040679,0.24013972938390704,0.17141324856029733,0.1823859164559161,0.06114473860973813,0.1833454356923593,0.17290467690558448,0.23255426102940255,0.19291743549250842,0.1835701530612232,0.1895564226702972,0.16095033549031273,0.16922066809351585,0.07306941272507357,0.1967931307200147,0.05326519357937121,0.1749060400263664,0.166433455236615,0.13379584647378098,0.19831328718484573,0.003867182770139439,0.2570779092734944,0.10020536169677126,0.12696542088772275,0.20273298855693828,0.10794407418116393,0.10937796441252211,0.10465530186460607,0.23468498744479127,0.032471758864473566,0.2907418498681641,0.07064932549266675,0.1310378445759589,-0.13157471948920038,0.12253861447968485,-0.1199797818578427,0.04405373123363277,0.02946757416627288,0.023822554281455733,-0.06302019518580085,-0.04393418154529059,0.06601677440558604,-0.035633812820671906,0.27176368417342245,-0.3579465519177902
0.15074946397867875,0.3154397033367655,0.3614501468708117,0.38543023176604124,0.30143143737277134,0.3479059924866573,0.05516219263092396,0.9279498498411324,-0.009211774422008094,0.3091448727064127,0.2957657665481538,0.18687114354964596,0.20520236621990062,0.24865696963813755,0.3313248901811342,0.16845093596747102,0.23691110796592807,0.4434325679023975,-0.03990507699044838,0.19653726830528245,0.18560276854258545,0.2627886680303293,0.22111791746135556,0.14795196625553544,0.34751717062632403,0.43402908170571797,0.2067319202883902,0.06652159438624797,0.29352582764255886,0.031827811906226786,0.2297007804100344,0.22503311685971247,0.09389617309572892,0.28714908079422,0.16735358032922126,0.3131546352674859,0.11897166759989058,0.15926206817415373,0.12564375772317482,0.13133200344469756,0.23522501011646985,0.17179354279927891,0.23771523580264034,0.04961385885852819,0.30223433148186274,0.17756354742475766,0.26458378293444623,-0.11085914967881914,-0.07042822658318727,-0.1352688936926989,0.002640330494958688,0.09780140666685215,0.07745879731885238,-0.047066661841728245,-0.2660330276698989,0.013643776153789903,-0.05726997272889941,0.4637973624534553,-0.2782782548548091
0.0785266527698956,0.20311225471049368,0.18668769570799254,0.22219718458234297,0.14607583575699676,0.2095441863915779,0.24723342506493937,-0.009211774422008094,0.8617134095859114,-0.07835230319498644,0.06521900876297078,0.13342724183720023,0.0997310377559198,0.12344574631665985,-0.01011480898711504,0.1706746944024053,0.10945525976738078,0.11274962270034206,-0.030253072361807114,0.1888981119084203,0.18555457652890756,0.16525512648141655,0.20254967328621834,0.23106039988213478,0.04224158748126486,0.27275706005811795,0.13587404464865752,0.09959271880192237,0.143702986638745,0.020815401147321867,0.14883094803131303,0.13603033591724045,0.19377370141001282,0.09631670169780568,-0.09187620139368488,0.28914128497446284,0.07892605304651693,0.1363137543510051,0.16509174198496435,0.09569879124489482,0.06747322890146802,0.06581365006740783,0.2247473284367633,0.03505109287745028,0.3005968478493941,0.029871832075228564,0.08510091981574769,-0.20538665631181857,-0.05000960127805185,0.0021389066109021707,0.026376940987277626,0.04559427561861013,-0.03187296573339306,-0.0967154802686789,-0.02141182611859479,0.03284327951410243,-0.07337809701679415,0.25279779095060945,-0.2531465245802074
0.2131861970713194,0.27102279162087045,0.4474988500448246,0.1004443741284261,0.10694976268092392,0.09494108752077288,0.15557868216937365,0.3091448727064127,-0.07835230319498644,0.9061200521310402,0.23405380147916768,0.1846288703715387,0.07251463899716362,0.1668086036279809,0.3507685842908692,0.05416898388315114,0.21450743229952615,0.396318890780849,-0.022800677583683888,-0.007863452205448419,0.0810731053521232,0.34059795280339333,0.1657654970550233,0.0935619522223239,0.25169969120519864,0.2202643005424754,0.12538282961980435,0.07668633877263584,0.20134746876809634,-0.015936000374558033,0.185607052891002,0.16597138385804275,0.026213493068398142,0.2937752434043314,0.17969071263160658,0.2939367130269904,0.07728002971143232,0.01936467577734153,0.03957142319907642,0.02342910529534098,0.2594309434950594,0.13643823324114812,0.010142303705018063,0.03578036215845353,0.1565419296989274,0.2263702013566516,0.22990305514098244,-0.08985061034552883,-0.27647440100696963,-0.22806043681743848,0.1274832855846179,-0.09490614547689767,0.1639297175284894,0.007535253497091373,-0.14407118575591993,0.06349514560219148,0.04960219040294677,0.007230522493714397,-0.13615927199643627
0.11875315906521362,0.24692761105403435,0.23526596032200198,0.27521825210315315,0.21958312284591222,0.28705599612761423,0.14524632014436717,0.2957657665481538,0.06521900876297078,0.23405380147916768,0.3782592300886618,0.21428677791945405,0.19897530733151464,0.188221585983542,0.2801772856349943,0.17151198216074068,0.27698576070445946,0.28540053222019957,-0.006493770917773494,0.19848425685242954,0.17059261891511035,0.23813384414197136,0.13541420829327064,0.15144596574932154,0.24234167281143137,0.2901662851055889,0.18888846532882442,0.18218123303266706,0.27339015115419096,0.04419949882232051,0.21418379103491889,0.18614458428535402,0.10255131577030975,0.19818991442987605,0.10936733420196329,0.33230046912711175,0.09560242917499025,0.13208587076358852,0.12605231775921638,0.11322860055736882,0.2044792751463566,0.16977360276278092,0.22276964215029427,0.041537133075355434,0.2844968543693245,0.1374374628020315,0.1915982413906116,-0.13260836170346801,-0.14830759824253356,-0.15294239647498575,-0.009406453799962371,0.03188412480729351,0.09176054766169843,0.002220751039442181,-0.15637028803093034,0.020456217482374344,-0.082763911209079,0.30851104259420564,-0.2141406936998152
0.17486635579781537,0.23654731190527858,0.22589303406031697,0.456040572084102,0.35659994137122164,0.2565558637260395,0.2984101568985406,0.18687114354964596,0.13342724183720023,0.1846288703715387,0.21428677791945405,0.7166482620228397,0.09833672559545636,0.24164382787260347,0.2954727959583145,0.21446699396754187,0.19780872624152993,0.19692680658498035,0.01868869690537426,0.24552192330901354,0.17519769885721875,0.1328681805128645,0.18883007517749012,0.15094084853181222,0.3250574051968926,0.25753390427304595,0.24872359841342928,0.0017812027599229173,0.2236675657213687,-0.024530363540188407,0.20759891416718088,0.23354221162848401,0.09708805616711516,0.27282640586595136,0.051236662479999806,0.25945475719326555,0.048531863237110964,0.1412051474507564,0.18790772416270304,0.14570049490845946,0.14070234444861818,0.15891803862844348,0.1746164672630297,0.03574320789819484,0.30690005757843664,0.14282631037277263,0.12550411120695812,-0.09877950543926825,0.046391616661369914,-0.1796950460228959,0.12595508811622216,-0.06667124214725383,0.13653063528009848,-0.05648544782361527,-0.23522532651618874,0.06448948615656115,-0.053362218287185986,0.36837767637833,-0.27091514364162167
0.07682507591826909,0.10691718865705928,0.101416078420299,0.22540270252539343,0.18112176578671418,0.1910923723421062,0.10192334024912669,0.20520236621990062,0.0997310377559198,0.07251463899716362,0.19897530733151464,0.09833672559545636,0.43494819723195893,0.15817562191405782,0.011197738071196414,0.1455704908668128,0.09473280975920327,0.15599421513448283,0.03880162624409866,0.08159740782011202,0.13048474336409244,0.23502989700715504,0.17235407853625895,0.16888009808251736,0.11148276849846606,0.1865976404793786,0.15681588108009814,0.033415936741518514,0.2553217184148711,0.07335719235273835,0.12149709349751528,0.16823434561390868,0.10262034930907794,0.11683941083562664,0.08260992010275255,0.2386104446070892,0.05423991779006528,0.06663252281575477,0.09281302186580356,0.08879916243155393,0.12899723777835867,0.09620285845137946,0.17576851153267975,0.03782517603967497,0.0875631476108736,0.12178655510135679,0.12747861488690512,-0.10994046165802311,0.026089584712714612,0.10291673106615196,-0.016722781081563023,-0.12202123941085602,-0.01390343207189115,-0.011591119603799398,-0.04664963637148081,0.004110731299350084,-0.04359129152244087,0.16854734145484762,-0.1213893629087101
0.15653046003736973,0.22076889460927268,0.17311731996764773,0.4596563549868541,0.2692460298317872,0.23743207721872062,0.14708113169117312,0.24865696963813755,0.12344574631665985,0.1668086036279809,0.188221585983542,0.24164382787260347,0.15817562191405782,0.522072971838283,0.2864774452990081,0.2700942321924429,0.20502812319733493,0.24169073003379155,-0.018970869506931876,0.17590377368510765,0.1663389337594003,0.2266634819651118,0.16655756466662974,0.18681463467527165,0.26348348495155993,0.2977543203847606,0.15048985507837806,0.16439066766847726,0.24439226492483038,0.104277060836012,0.2335237214984279,0.3370182435479735,0.11400699243756923,0.21971693800581746,0.02254935530025911,0.43621472562735525,0.027835125100210977,0.13400174354455147,0.07262113684479052,0.12455775440888596,0.25390314997821184,0.1349963181683454,0.21131001132720814,0.05798905615285347,0.2637020835208152,0.06812615850632621,0.20126350389109496,-0.23339634867006562,-0.12937916535921865,-0.26883911322908444,0.048595833835982774,-0.06395245509837051,0.3083844567574214,-0.05053535651069619,-0.30083755873783086,-0.011405505434253543,-0.043743797734695195,0.3470463332547206,-0.07043406838022927
0.16028835012634102,0.49771108912705386,0.3129495920753157,0.35160696887241266,0.3553651728979186,0.34120923898222455,0.12359465035040679,0.3313248901811342,-0.01011480898711504,0.3507685842908692,0.2801772856349943,0.2954727959583145,0.011197738071196414,0.2864774452990081,1.1899566501213428,0.13676148835979998,0.3296195461211709,0.5392110235168618,-0.1383543465780674,0.3756405130915468,0.2263688888450689,-0.0212151435809335,0.2743914706585639,0.2515263357788715,0.5439393055200509,0.34840983802239556,0.1954712609428811,0.34567711979193844,0.37700581972940794,0.2160285654335739,0.3530531166248322,0.1767271101002235,0.20489209566468541,0.3458937306397712,0.01236900327213192,0.571196670415868,0.19546686273908287,0.2384190142416266,0.06999654419481988,0.12647162889360503,0.2787785570536888,0.23306077735162925,0.46034752037254795,0.05292251711391443,0.4303830338258578,0.19426662529919256,0.360801439971009,-0.32212053062818646,-0.31826991348575356,-0.4145131542710479,-0.0013311708694818086,0.3656333992289262,0.18197018317319735,-0.1114996703160876,-0.2494266750134321,0.06509266626030437,-0.203201835519539,0.7158403396652769,-0.35914782802377737
0.09005987534242708,0.13398128693806358,0.05313835097600967,0.48642525431662914,0.28421969324491003,0.22548445560789748,0.24013972938390704,0.16845093596747102,0.1706746944024053,0.05416898388315114,0.17151198216074068,0.21446699396754187,0.1455704908668128,0.2700942321924429,0.13676148835979998,1.1967720787478344,0.20174075070130032,0.17339604872150713,0.09943086155370195,0.17961886577111116,0.1619251297423113,0.19961781073946355,0.16059801376295024,0.23629878975380936,0.31040648640265717,0.17814716895254465,0.2872939706009854,0.20427161939841892,0.3137949537561099,0.16064007184767487,0.21459781100724587,0.2743430998894518,0.11144116154273787,0.2680879011354689,0.23728163305405814,0.32670445280583094,0.17707724096099237,0.1509306621027469,0.16969752468515611,0.20564773493282568,0.19863930341272046,0.15681055198477187,0.4201291809945198,0.07714844422309003,0.29169107911870984,-0.0007502744666639504,0.2076191435965943,-0.17066216652846258,0.1844012779960216,-0.17452397856108504,-0.01296683328969592,0.04176280840234226,0.041478874208338255,-0.08732044726004276,-0.17846221828591033,0.06112955579546393,-0.14196863056159664,0.3817055720546069,-0.08380470431872764
0.09763661058587607,0.3162957899213135,0.29512371120226105,0.23446373295533973,0.1325123591982562,0.24515632268041457,0.17141324856029733,0.23691110796592807,0.10945525976738078,0.21450743229952615,0.27698576070445946,0.19780872624152993,0.09473280975920327,0.20502812319733493,0.3296195461211709,0.20174075070130032,0.7307919088009308,0.29279182158603256,0.036536930736559066,0.2518295022146323,0.219436788036408,0.3836001990196545,-0.01600332724425423,0.12663970462320015,0.23835850627399077,0.32125210527389797,0.19256052797378453,0.5307168298476046,0.20201214503622325,0.05907374190439392,0.30731380763220745,0.19262849561207798,0.1898147105591997,0.18324885060041335,0.16830764558043382,0.5004361784149546,0.22496374254121607,0.18225812064395136,0.16244403208768235,0.11215463451240035,0.33460938687128106,0.3250582920119151,0.22958518399473396,0.057217454911486644,0.6251477943161461,0.07532922062594488,0.23507295689734092,-0.19317444421799448,-0.5387417666051212,-0.2020827805937147,0.011908671684219822,0.05651674285107072,0.13309129494114316,0.0018864437015461374,-0.327142842006699,0.02236604043101081,-0.14130692466866598,0.27925667971355705,-0.19992793747676077
0.1850123393172339,0.5232877025163064,0.3774427588106856,0.33126146526119665,0.31125005385383625,0.305740554125896,0.1823859164559161,0.4434325679023975,0.11274962270034206,0.396318890780849,0.28540053222019957,0.19692680658498035,0.15599421513448283,0.24169073003379155,0.5392110235168618,0.17339604872150713,0.29279182158603256,1.06164342969479,-0.13843638965656457,0.0689950909966191,0.28270478739712473,0.2498130166569223,0.3848377643644023,0.19375227904076928,0.40751753984354666,0.46875373207665744,0.1612814699376091,0.3194488747818909,0.39171563638468543,0.02695837841617226,0.3962884414092739,0.2100679354266136,0.22843153960657045,0.29961391820507083,-0.0020351338197494113,0.6545105856786544,0.08609982162259781,0.11243541583795792,0.028343806232828617,0.14496941147933762,0.34011489209114293,0.1674957040887995,0.493470139000638,0.05002270681890718,0.5664223260693728,0.06466778823881603,0.5032011340854172,-0.38112671858929675,-0.6282018621715131,-0.34102542912597367,0.21364250180394478,0.2315419857168087,0.06127647244322246,-0.1306568226572428,-0.1619928247932086,0.032767144179669444,-0.1552487957227183,0.6755296447698189,-0.4303644622550277
0.07223818195404597,-0.14147259108008087,0.11278739328566204,-0.11733813123813358,-0.05765156791157833,0.07388273934749234,0.06114473860973813,-0.03990507699044838,-0.030253072361807114,-0.022800677583683888,-0.006493770917773494,0.01868869690537426,0.03880162624409866,-0.018970869506931876,-0.1383543465780674,0.09943086155370195,0.036536930736559066,-0.13843638965656457,1.5410200605455964,0.21199572740899203,0.04734906474541898,0.12999933078767,-0.35589367719262854,-0.022564299621504934,-0.13602895274038773,-0.1964714426660975,0.052328463570614,0.1450232598292776,0.042474680454393565,0.12194671837813237,0.02624374611850105,0.044620769203972656,0.21100542331344893,0.05957679233095443,0.10496777506044376,-0.2769894687218601,0.4674769734917595,0.07614182649931454,0.20423916592673255,-0.004133324409048103,0.1471128324481709,0.036915503380264426,0.08068551577621931,-0.006877526064269707,-0.018903853153700346,0.3884875284757279,0.02199938931031241,0.44327130142530485,0.7677490978242455,1.177379146877591,0.1468819527002871,-0.3193007562825584,-0.7873490258447353,-0.10609483876125154,0.1675310951614454,-0.012479433029485357,0.1666270248944617,0.009719132543962939,-0.27572268334900857
0.06245529040230695,0.3753062016789969,0.11816164781836988,0.2957820292062686,0.26913172489216547,0.33317579153007953,0.1833454356923593,0.19653726830528245,0.1888981119084203,-0.007863452205448419,0.19848425685242954,0.24552192330901354,0.08159740782011202,0.17590377368510765,0.3756405130915468,0.17961886577111116,0.2518295022146323,0.0689950909966191,0.21199572740899203,1.2674566920457824,0.19543083664199903,-0.2792300014156417,0.08045541080047945,0.26848324762805376,0.3044565185069433,0.17663753125519732,0.31127447706556904,0.27941191027118295,0.4272034112427736,0.2747612314843022,0.2671580501388488,0.12830304749159738,0.2208970041328339,0.34621740169964127,0.032022801733151376,0.23854668262191772,0.6065742350608956,0.6072454823425982,0.28820609363429495,0.3166049515999929,0.06788371185051044,0.21620772747578937,0.6991791560599677,0.011636840589603662,0.6032312566307152,0.32168051466952186,0.21908672700227558,-0.0463774079288213,0.2622657845640379,-0.23300768757121948,-0.08952510818044868,0.3779710097266398,0.016810198274911464,-0.11612710308023176,-0.07491026996719292,-0.04844068836110581,-0.058850893141093846,0.5465530028315974,-0.3100468825436803
0.10715167250435,0.2588901517966618,0.15829283578250947,0.260738215198108,0.2078875140561266,0.24053264351806838,0.17290467690558448,0.18560276854258545,0.18555457652890756,0.0810731053521232,0.17059261891511035,0.17519769885721875,0.13048474336409244,0.1663389337594003,0.2263688888450689,0.1619251297423113,0.219436788036408,0.28270478739712473,0.04734906474541898,0.19543083664199903,0.5242780092177531,0.034344215256003015,0.27436734661931866,0.23423166710851892,0.19964566366377284,0.1691152789551587,0.137673080215737,0.2008027105147317,0.2943493337778922,0.21538270728134631,0.29702403834845287,0.1414320249253584,0.3698081135559944,0.13822932153767126,0.029864254224759076,0.5198526468542801,0.17703588348574445,0.15170876544345502,0.35002973430370116,0.23331413245397065,0.2665475267292211,0.21510272370373057,0.5401225314865663,0.07233313807539869,0.7297805969678796,-0.017880846914736962,0.2841985090021248,-0.23120318989421437,-0.2425299649092166,0.07316755899425201,0.09060835444952844,-0.045758823434849494,-0.029285709539099234,-0.05348820301170106,-0.0384349516117919,-0.015130907123763382,-0.2404111537198818,0.4665686312357285,-0.211600528731927
0.18847499997848727,0.2665480420709127,0.4649662822363749,0.201540346488886,0.0801400020025097,0.31822278453478225,0.23255426102940255,0.2627886680303293,0.16525512648141655,0.34059795280339333,0.23813384414197136,0.1328681805128645,0.23502989700715504,0.2266634819651118,-0.0212151435809335,0.19961781073946355,0.3836001990196545,0.2498130166569223,0.12999933078767,-0.2792300014156417,0.034344215256003015,3.508686585477174,0.047607995928504857,-0.31845750076150225,-0.1570210852960714,0.08006217241432693,0.15120825073193164,-0.0977206171093025,0.15992620021532047,-0.2011252893812547,0.07174162078074992,0.442023730236883,-0.055820426370506514,0.3846640298919743,0.28991746403559293,0.015110324099041906,0.22843361809223903,-0.001305540301994521,0.23961629560107536,-0.022590709829039598,0.1403668393882432,0.2636632489133385,-0.19950475340360013,0.05353070517013256,-0.3547549142051862,0.37952829013930106,0.10176907180360095,0.12389703913554599,0.2764179026191687,0.12081743003446681,0.11410059706602266,-0.683359833160944,-0.018036741532305965,-0.11034280797503997,-0.26771930324346277,0.0902387245513618,-0.2494658778454124,0.12788117277779687,-0.19351122090165812
0.05193825451199151,0.07606522315093348,0.06889271158626468,0.36815757574109487,0.23108124010066938,0.14341167923963108,0.19291743549250842,0.22111791746135556,0.20254967328621834,0.1657654970550233,0.13541420829327064,0.18883007517749012,0.17235407853625895,0.16655756466662974,0.2743914706585639,0.16059801376295024,-0.01600332724425423,0.3848377643644023,-0.35589367719262854,0.08045541080047945,0.27436734661931866,0.047607995928504857,1.4665762502717379,0.5918419576158955,0.49473706787338817,0.05518242550293714,0.12053358883807336,-0.36106161911901313,0.4287882561762596,0.33271748076560426,0.21318832069664506,0.11871883121301041,0.25914829493206726,0.3102651099494503,-0.06986225951691473,0.8062616177231106,0.04398683600361161,0.11958156969839114,0.29609221740864305,0.2583037590209853,0.1240252222216028,0.1990889586257083,0.3629397979262115,0.1631161272386164,0.32292076974544864,0.11042661330471717,0.3840174555313372,-0.5536445807487719,-0.5484058717728909,-0.10434922268032631,0.16967733284290326,-0.1857942883836992,0.11505030297877568,-0.08658281736592575,-0.17874642988526593,0.05838607929860596,-0.06115004750930718,0.14777455164823863,0.00792749260952365
0.08796619522636526,0.07059706105305448,0.16284280670888981,0.34128960288075055,0.18326301634449965,0.23531522524197945,0.1835701530612232,0.14795196625553544,0.23106039988213478,0.0935619522223239,0.15144596574932154,0.15094084853181222,0.16888009808251736,0.18681463467527165,0.2515263357788715,0.23629878975380936,0.12663970462320015,0.19375227904076928,-0.022564299621504934,0.26848324762805376,0.23423166710851892,-0.31845750076150225,0.5918419576158955,1.5051936723127692,0.3691237806889657,0.30006617659797474,0.12616062332819813,0.11638802094224168,0.41534779923567633,0.4847278976232951,0.33893957251895773,0.12156273203136446,0.3710272202382826,0.11473622707330505,-0.02889925113090325,0.9584454653646495,0.12992285411492693,0.2117828283694253,0.07571744119510974,0.08230155220535912,0.13981935545262936,0.20844453821074263,0.387266482405047,0.08182603682838907,0.44308632702558975,-0.010854449387562885,0.3181693283066484,-0.7742013069976125,-0.7049634106764585,0.1722949946108825,-0.18575999227222753,-0.07647234220698211,0.11663438051446555,-0.10264548601935614,-0.11975300041361492,0.10931865822438584,0.09852954446116344,-0.24793187912311174,0.2046154052107907
0.16940165569600055,0.28608989203696195,0.2100094913222957,0.41734789202314954,0.33502712813455726,0.27458008971805914,0.1895564226702972,0.34751717062632403,0.04224158748126486,0.25169969120519864,0.24234167281143137,0.3250574051968926,0.11148276849846606,0.26348348495155993,0.5439393055200509,0.31040648640265717,0.23835850627399077,0.40751753984354666,-0.13602895274038773,0.3044565185069433,0.19964566366377284,-0.1570210852960714,0.49473706787338817,0.3691237806889657,1.5485721491416302,0.3152238839146745,0.21205757049654156,0.16774266392403134,0.3303249269826998,0.16123547582236308,0.3756971732057524,0.20473097924323067,0.12537957765110488,0.3995052842159008,0.04933248029714736,0.632949482468225,-0.019897990639803412,0.22270712226826977,0.10656999577690296,0.20357887244068246,0.17621925641640498,0.1982010668910231,0.4809179840348499,0.0822698381877635,0.4909340013718624,0.05013592698091562,0.2948798719883207,-0.4531421796643048,-0.32717642718772333,-0.9316470729857981,0.12115339782538123,0.30214992227990956,0.3801542794573953,-0.029445166796095806,-0.2380710611306601,0.04527658875558527,-0.04335486643856292,0.44640771755860487,-0.2148383706470267
0.08880348562486436,0.38154771315360103,0.2679803020840995,0.4073559119910295,0.363788712212728,0.3939609699149611,0.16095033549031273,0.43402908170571797,0.27275706005811795,0.2202643005424754,0.2901662851055889,0.25753390427304595,0.1865976404793786,0.2977543203847606,0.34840983802239556,0.17814716895254465,0.32125210527389797,0.46875373207665744,-0.1964714426660975,0.17663753125519732,0.1691152789551587,0.08006217241432693,0.05518242550293714,0.30006617659797474,0.3152238839146745,1.6327978850606713,0.22500358867983208,0.4187813510426617,0.15680260333886728,-0.22575967402413183,0.2895841243516376,0.2976661626075874,0.11554403499080475,0.2498570277849286,0.020479871925575353,0.5436057823579545,-0.3890083255666732,0.12781088410345987,-0.8626600508141918,0.051918392964958315,0.5871065344909474,0.20028943474001198,0.515255525379408,0.0073629266158543255,0.35025375587097607,-0.04798024594180414,0.10443846701190895,-0.17614827421729787,-0.7445666184955736,-0.2802861716649327,-0.25929217730985094,0.14690205637121007,0.22573918771766774,0.07903178678999284,-0.20687133490004028,-0.015433626733354872,-0.31301266808134015,0.7471709330502371,-0.2713101645089324
0.09140289568865131,0.19377423387641812,0.17525271207397758,0.267056802273192,0.1760255188157977,0.21541838409052663,0.16922066809351585,0.2067319202883902,0.13587404464865752,0.12538282961980435,0.18888846532882442,0.24872359841342928,0.15681588108009814,0.15048985507837806,0.1954712609428811,0.2872939706009854,0.19256052797378453,0.1612814699376091,0.052328463570614,0.31127447706556904,0.137673080215737,0.15120825073193164,0.12053358883807336,0.12616062332819813,0.21205757049654156,0.22500358867983208,0.5257458060236225,0.16391266557281922,0.22749399381068616,0.0771514104581033,0.19998809229463582,0.19907767562175308,0.15903933134659703,0.20584365093101245,0.13809730189212407,0.26926878134527177,0.20237708007782598,0.18852833745043793,0.1199639022061863,0.15450481102710295,0.17404471746862407,0.16334592507785176,0.3220408002324008,0.033569419310809416,0.26541224280761355,0.22870785490762358,0.14692979491419864,-0.09121278347792983,0.11437385432487152,-0.08550088749344471,-0.032802498946060646,0.0563550380078623,0.016653696682616254,-0.03431129073247043,-0.09164978471884072,0.026529617370598498,0.01167333133199019,0.32798551391295994,-0.27401272599406984
0.039289044950346436,0.3038696019319795,0.14966339761223935,0.14242565573970567,0.10264625962604572,0.2148205732498514,0.07306941272507357,0.06652159438624797,0.09959271880192237,0.07668633877263584,0.18218123303266706,0.0017812027599229173,0.033415936741518514,0.16439066766847726,0.34567711979193844,0.20427161939841892,0.5307168298476046,0.3194488747818909,0.1450232598292776,0.27941191027118295,0.2008027105147317,-0.0977206171093025,-0.36106161911901313,0.11638802094224168,0.16774266392403134,0.4187813510426617,0.16391266557281922,1.7192153120788658,-0.02292893286712974,0.06200992382169149,0.3868680534607251,0.17225154975548376,0.3695612225747046,-0.06977938176476922,-0.14209592619738834,0.7908843765931546,0.01722981855288593,0.13009920427455995,-0.07621151557375841,0.09947832187045148,0.37335761710366144,0.03740279387327674,0.7113539031170052,0.11420243932257336,0.6454685967443482,-0.4042959699056272,0.1568400002462649,-0.47518210569855523,-0.6497832058723673,-0.7124425768121424,-0.13988170270418124,0.9482747184318793,-0.11734023718219395,0.04404923448410882,0.11444431126367673,-0.058469058394569146,-0.13820423035087873,0.4244734851702888,0.018404766280109248
0.213990001214581,0.4272491820283611,0.31487024951889026,0.32141083700719714,0.2510780383038347,0.4197343019514858,0.1967931307200147,0.29352582764255886,0.143702986638745,0.20134746876809634,0.27339015115419096,0.2236675657213687,0.2553217184148711,0.24439226492483038,0.37700581972940794,0.3137949537561099,0.20201214503622325,0.39171563638468543,0.042474680454393565,0.4272034112427736,0.2943493337778922,0.15992620021532047,0.4287882561762596,0.41534779923567633,0.3303249269826998,0.15680260333886728,0.22749399381068616,-0.02292893286712974,2.2837802240461955,0.30280866350153485,0.1766792871333157,0.21589002300098956,0.13934638934656188,0.43708045937225276,0.09335931712611374,0.4923862089545876,-0.034607858520418006,0.1612634747627811,0.2869316334027655,0.1562461676809256,0.16273717454446496,0.138561784706034,0.6247860098792727,-0.04215939720044843,0.4484236938509438,0.2191048853832354,0.3810436263922877,-0.4730653367186298,0.11914644283977034,0.7120810323983228,-0.3809182565502425,-0.10012812980088512,-0.29942904919326124,-0.04859149954776513,-0.12111242651652938,0.021024515085782788,-0.3662374045386517,0.6555042717923438,-0.2965512041334945
-0.010260781606470077,-0.056726658280484815,-0.26506238402739934,0.044960007811127675,-0.016417980176365237,0.04333656575298137,0.05326519357937121,0.031827811906226786,0.020815401147321867,-0.015936000374558033,0.04419949882232051,-0.024530363540188407,0.07335719235273835,0.104277060836012,0.2160285654335739,0.16064007184767487,0.05907374190439392,0.02695837841617226,0.12194671837813237,0.2747612314843022,0.21538270728134631,-0.2011252893812547,0.33271748076560426,0.4847278976232951,0.16123547582236308,-0.22575967402413183,0.0771514104581033,0.06200992382169149,0.30280866350153485,2.1255591839643233,0.23529954297805042,0.02172383331394363,0.3782106047080537,-0.14931723391618004,0.3493327307695988,0.5241618628329556,0.7119358583843651,0.25655866051965776,0.6583645139281615,0.17076877020579936,0.46768444572434137,0.18272831994464894,0.7898503089769557,0.16597787120588575,0.4390237611307248,0.053285937803558066,0.8756881128957493,-0.23255146132611546,0.9294973171624177,0.45938541468590677,-0.3345963250233579,-0.5148916571576937,0.22937380465783858,-0.04724462612715999,0.18655001636736282,-0.10357755888539912,-0.026319029907143587,0.4956285025093802,-0.4826229432290838
0.15310249491693737,0.2750685003819504,0.24533996436175828,0.29745945211151625,0.24216185490716569,0.2468131581676197,0.1749060400263664,0.2297007804100344,0.14883094803131303,0.185607052891002,0.21418379103491889,0.20759891416718088,0.12149709349751528,0.2335237214984279,0.3530531166248322,0.21459781100724587,0.30731380763220745,0.3962884414092739,0.02624374611850105,0.2671580501388488,0.29702403834845287,0.07174162078074992,0.21318832069664506,0.33893957251895773,0.3756971732057524,0.2895841243516376,0.19998809229463582,0.3868680534607251,0.1766792871333157,0.23529954297805042,0.8846768810302277,0.21305873824051427,0.2721159179760866,0.1336104154637554,0.024818032153267024,0.9514318614200609,0.22913696166899325,0.2467719846797082,0.19650434438558034,0.16480953178973412,0.3584216132097896,0.22235812525059936,0.37497622569721994,0.051891111579948114,0.5901493516752264,0.02212558165307175,0.3345320195818087,-0.5982095740553568,-0.6192462053252875,-0.07765145953521299,0.01194106085385099,0.10201304599693527,0.09148348824808744,-0.10683762203636171,-0.1624653930997623,0.04334318914680647,0.010691429928650673,0.2342247841257893,-0.13369804255175044
0.12398074432067527,0.15328468213059926,0.1810844780599021,0.3811604566573549,0.2266413751316418,0.2392763737361328,0.166433455236615,0.22503311685971247,0.13603033591724045,0.16597138385804275,0.18614458428535402,0.23354221162848401,0.16823434561390868,0.3370182435479735,0.1767271101002235,0.2743430998894518,0.19262849561207798,0.2100679354266136,0.044620769203972656,0.12830304749159738,0.1414320249253584,0.442023730236883,0.11871883121301041,0.12156273203136446,0.20473097924323067,0.2976661626075874,0.19907767562175308,0.17225154975548376,0.21589002300098956,0.02172383331394363,0.21305873824051427,0.5555636356431837,0.06151967979003029,0.24385016425314351,0.06738911503621797,0.34280115012305273,-0.016569255026115854,0.10758451864096291,0.08187414356105047,0.13217447351294892,0.27997434355327855,0.09443544284245539,0.11094034367673869,0.05399885450089104,0.2014913595161069,0.10763000627606222,0.15462336093301068,-0.1290137322915688,0.2533502361470259,-0.12925222368179104,0.11421452164768649,-0.0037855931902667297,-0.05168023473740067,-0.01028382096197142,-0.2994116491896474,-0.03288377940910392,0.20495294668947295,0.20581664523190255,-0.19349381344727695
0.06068574046965526,0.24957213806391587,0.11877988836810398,0.157867271393075,0.14743330648054212,0.11366120150717723,0.13379584647378098,0.09389617309572892,0.19377370141001282,0.026213493068398142,0.10255131577030975,0.09708805616711516,0.10262034930907794,0.11400699243756923,0.20489209566468541,0.11144116154273787,0.1898147105591997,0.22843153960657045,0.21100542331344893,0.2208970041328339,0.3698081135559944,-0.055820426370506514,0.25914829493206726,0.3710272202382826,0.12537957765110488,0.11554403499080475,0.15903933134659703,0.3695612225747046,0.13934638934656188,0.3782106047080537,0.2721159179760866,0.06151967979003029,1.5840133964087675,-0.021000247571939405,-0.1542915485129007,0.5448618047468051,0.5058917930766413,0.18643087413438356,0.17356523465325255,0.1447062040697323,0.20131522295765947,0.21226392520160667,0.549351812133372,0.12215438473069794,0.6012715063767186,-0.047404088247342456,0.3352132080626272,-0.4242553783312482,-0.0950951135250545,0.7288742533206256,0.04059251707171616,-0.21505270929502607,-0.29794945508673676,-0.2170593712316992,0.04037388549719042,-0.0907835730487187,-0.2765676247356174,0.44251648979138397,-0.03317180833822847
0.08310312464220944,0.2749377507605605,0.27196504644449365,0.3788954156180675,0.254263576126497,0.25738122505380584,0.19831328718484573,0.28714908079422,0.09631670169780568,0.2937752434043314,0.19818991442987605,0.27282640586595136,0.11683941083562664,0.21971693800581746,0.3458937306397712,0.2680879011354689,0.18324885060041335,0.29961391820507083,0.05957679233095443,0.34621740169964127,0.13822932153767126,0.3846640298919743,0.3102651099494503,0.11473622707330505,0.3995052842159008,0.2498570277849286,0.20584365093101245,-0.06977938176476922,0.43708045937225276,-0.14931723391618004,0.1336104154637554,0.24385016425314351,-0.021000247571939405,1.7176971573789723,0.34922572103789545,-0.06075318185638525,0.4666853085780934,0.19654567778458334,0.05528974576058054,0.08314334458238237,0.3100157851344524,0.23862352789493832,0.5478599604147323,0.10224262189324147,0.2986198993217339,0.16232763403843367,0.19724898944809907,0.31880601697894145,1.0935535237117293,-0.43131012461371765,0.1503863092622845,-0.03732967886587636,0.1890389957653117,-0.07753700736094642,-0.2338541772841898,0.09715297026136518,-0.14848220300381032,0.27000519040539794,-0.08958291661623882
