0.921983036694715,0.3198126333300323,0.47966795986902877,0.13680352471280882,0.17894952484152007,0.19937368793199609,0.21642537369613157,0.23951906964743888,0.097831398585254,0.15297816863141833,0.18643338193887934,0.18155385735561147,0.20692738448693732,0.18219856951760566,0.1614811821252598,0.15190508353094218,0.17273821374182086,0.20005012361529212,0.1215944947169915,0.20915961197145513,0.17404801438084622,0.26798149373616004,0.18958969864923866,0.048231011651205656,0.26481930846926655,0.16801240871149814,0.1764516054374676,0.20659796454820606,0.1987117515080804,0.2071911407538519,0.09397698895779798,0.14259572809950055,0.24088317431632195,-0.053348350497424944,0.2213898924207728,0.0847893025596214,0.2410403451686587,0.12067725501279628,0.22055511605358644,0.15932559802147633,0.2158658637197325,0.16982167794703013,0.24472578168372275,0.008543942959404647,0.1143878541786442,0.3571836283812137,0.2977370926151832,0.07453646335274203,0.3349644626345819,0.068808995625133,-0.05838078781506482,-0.07248246038460646,0.04678395602771475,0.003449039504135383,0.16324127764210286,-0.02885119193543824,-0.010352584990297226,0.18467103390315862,-0.29991770503726695
0.3198126333300323,3.0407173543074295,0.48307910278470434,-0.15028031069026052,-0.0901396183465651,0.12392170807339514,0.027774116974997636,0.07581694103349168,0.06752617643000751,0.11767908387452578,0.049184443175747015,0.10071837935860121,0.05830618061935288,0.12952805037310333,-0.015461438957425078,-0.06916163077444665,-0.018029795585337075,0.0521313043566346,-0.06443373318838845,0.16102181897570358,0.13670123716520347,0.028768225115562204,-0.038755625974757145,0.01559478350130309,-0.0021693763768126564,0.1192746932359585,0.0981703204341514,0.010817958135903192,-0.026081488893100076,0.061792829223938285,-0.036110342840454265,0.14318702771519856,0.00458534954243425,-0.08615689330112893,0.06508251524791073,0.13887026636410982,-0.26937894555230013,0.09022687780861136,0.017594051427184797,0.27931967591887685,0.1353402989618231,0.09547475370435093,0.22340912455055914,0.031139292137940044,0.06601386087772954,0.1786692297174072,0.10318868932659206,-0.04496288999027469,0.6015357512839365,-0.33399592131680406,0.25418204366179725,-0.2480254825938974,0.08838373787267448,0.11750302735566037,-0.6852654390310927,0.06258867967232953,0.10654334673261251,-0.17138153157930802,0.6152444030433316
0.47966795986902877,0.48307910278470434,4.636899673189231,-0.08058443214505458,-0.47457502539695623,0.32905467887877843,0.17992456527996276,0.2811984242497944,0.43632438729797607,0.08129774619571242,0.22991093756476133,0.15140618578427817,0.20749361237665606,0.03205064739003444,0.1923643506410572,-0.05855550130228402,0.20309035483579804,0.2575674484177682,0.013701056575251351,0.25415148269526433,0.24289709633928402,0.2311342607871893,0.285636735966626,0.18444963216649365,0.23151510133803427,0.2690361557776595,0.16259714977986128,0.3085989153192951,0.3299712628823817,0.36819811249701606,0.07768474334311802,0.012858484567913818,0.2745805099206553,0.24866784212279405,0.3975480332982332,0.08416538961049407,0.5843478422071022,0.07037292575371078,0.2620907295643869,0.15296769896470122,0.2099828517049847,0.22590756128493747,0.33496578391492154,-0.046688667950988416,0.2950744440486679,0.4583697835819932,0.42116850161466546,0.12824192549501764,0.0280832003371177,-0.04117575775088098,0.12551779045457154,0.20050125404122648,0.07035178185755199,-0.14576267213892655,0.5226635137286776,-0.15530413356187325,0.05158132328383485,0.3397997725471994,-0.7339593516011167
0.13680352471280882,-0.15028031069026052,-0.08058443214505458,0.7601588149742368,0.5502125045894934,0.3388643333867735,0.2520128264331202,0.36994088161459177,0.016207527223863993,0.25635173870294886,0.27206092792359704,0.292165028653157,0.3109484212116181,0.2630943006844902,0.2319360542713581,0.32102764796392086,0.3194858560552902,0.2433814725396551,0.3045555224741605,0.24895283192705828,0.22091562216842484,0.27638838117555564,0.2612686492948212,0.20153940178494364,0.21638010154460377,0.18748018086190366,0.22061690044132837,0.20955155173006898,0.3527990346340084,0.22824933031701627,0.11175494278523296,0.25666741187752445,0.3504247003988529,0.310580541732621,0.049478737568627064,0.175937257042578,0.483095659179666,0.16877471770607402,0.3369769519264325,0.0885932603910313,0.2616064790033422,0.23371843598648762,0.18870093822188952,0.025818458362025457,-0.05888784221468868,0.4831756340683412,0.41849262608874055,0.03852048722140398,0.29797695827546655,0.35982058751183293,-0.2753967737263661,0.03483740053695395,-0.06834650669255962,-0.11440424254849406,0.007994265291506535,-0.17652391401039944,-0.5198385590913792,0.33329515348008637,0.24599521170479582
0.17894952484152007,-0.0901396183465651,-0.47457502539695623,0.5502125045894934,1.1072865769051645,0.386750819389017,0.20426330032035353,0.391508297372861,-0.08374326629382992,0.324123120873043,0.3092161441377136,0.32858139282155097,0.37928845089654584,0.2410792710611926,0.25399988908250254,0.3833813856618934,0.31530538699833516,0.2817641590334605,0.48634014560984634,0.1998302541526255,0.22115688400210254,0.32971582199356336,0.2974564511556015,0.23687050142958962,0.1752042487301565,0.14118355154845297,0.20093684081724913,0.14127300867818596,0.35698268974092817,-0.004715082203739264,0.16474257213730262,0.23197153390091615,0.32403001449132485,0.27731762706556307,-0.017273644579307346,0.22852122455422977,0.42022396280108876,0.16623510693612242,0.3450649409392169,0.11281094001206865,0.3021431994829976,0.23729118319869572,0.09399870213508116,0.028380464693294565,-0.17849871183773627,0.5355158711771096,0.4105481440324836,0.022820219968222488,0.5037472047426229,0.40696385622844095,-0.17159186836517967,-0.22737074900638304,0.024534301553685633,-0.1035316627002242,-0.12640073442351343,-0.15062960259555297,-0.03080072535697724,0.08748222385647504,0.1046938115745513
0.19937368793199609,0.12392170807339514,0.32905467887877843,0.3388643333867735,0.386750819389017,0.6882890872203162,0.16118378226523106,0.4074253825851545,0.05586048162586418,0.26004112291224657,0.348932619292688,0.29807767906118166,0.3344942741834416,0.2051952980590291,0.24111335826208838,0.2438326732398877,0.36748992213064824,0.28045051929039305,0.3486975352475826,0.3548210010896245,0.2583704627278435,0.3978969999373389,0.3262161569173236,0.26897069556564046,0.23088825633794444,0.21471122893050387,0.23516405135395746,0.3347520747196713,0.37369188122260705,0.08134684734824531,0.21873717293471923,0.22980847403023644,0.32373936310173973,0.3370637949959994,0.27425442348107015,-0.05534264198130275,0.5670888819537547,0.21186497987420125,0.37993042948792705,0.16529788124735645,0.32704325199635914,0.26623038557311024,0.3414353626624,0.03822439547669223,-0.030771225405341968,0.40780365573555066,0.5924031481505689,0.30644350370737633,0.7484780698704001,0.4218362474895902,-0.5958347034566757,0.13352358174434464,-0.15235046869883787,-0.012927137381392784,0.00076015023867082,-0.08084586682089738,-0.046109623813233684,0.19932662551434538,-0.11458598876037088
0.21642537369613157,0.027774116974997636,0.17992456527996276,0.2520128264331202,0.20426330032035353,0.16118378226523106,0.5895299454999072,0.18214142203880596,0.1702726471498316,0.1670350433831673,0.22844495566582512,0.28725801876000673,0.23748878867301895,0.19606967551204244,0.18178242444434256,0.21368754975094784,0.2412594510533935,0.18325131524274504,0.11842176341169863,0.19086675141922163,0.18822475874203126,0.2359528354960082,0.13980582870835292,0.20958834531534828,0.20368900728642195,0.17938722230476273,0.18942062313202043,0.17587053935736935,0.16359809940261555,0.2958457775560706,0.2052483166027166,0.18634885126990267,0.2363860379162709,0.17051785919632162,0.11698139585619989,0.34082061487924936,0.25751080684522437,0.1125768096783041,0.2612234886467929,0.08733565162696785,0.17254397219867734,0.1915979857904486,0.20946169195270803,0.01997428730188185,0.046923166175535345,0.17024394670856838,0.11674104457904795,-0.18517635314014602,0.3434404839026081,0.13821885042941975,-0.19791457760440262,0.05633780169598812,-0.007538073242233871,-0.04341164892458843,0.047840145739683995,0.038974882755121606,-0.0667507839601496,0.17207416546028032,-0.2541590866853197
0.23951906964743888,0.07581694103349168,0.2811984242497944,0.36994088161459177,0.391508297372861,0.4074253825851545,0.18214142203880596,0.859495601769331,0.05295988889656018,0.39701904971976815,0.37814053106078444,0.18678915146958783,0.3745924853467777,0.2137234965758961,0.18707314594315066,0.27650783237772186,0.38331299843947797,0.34431662226976056,0.2972960368162241,0.3148384030040369,0.24716884660159721,0.40611207068121324,0.39300935314943786,0.2373795484369457,0.24641372768315212,0.2976938560866066,0.2686044712489456,0.34001063302658363,0.41977370427092026,0.16026319736530673,0.14647575134669408,0.21329917420590092,0.28088330837808717,0.38669912538697127,0.41159825580254944,-0.08566783320886172,0.5523185512163933,0.19149617513755465,0.42055273034337115,0.24662853333347096,0.28762131262246965,0.25896485850869994,0.29497017663304986,0.0202940421583306,-0.00018383901138643014,0.6550374113190808,0.7543979758350391,0.31470086294709165,0.6351824825249035,0.25924839942919825,-0.2526971679388953,0.026777857019056172,-0.04782841512551815,-0.09454112656363348,-0.020607108190447556,-0.10996989461999065,-0.14650156524760322,0.223965555597497,0.014269767958059005
0.097831398585254,0.06752617643000751,0.43632438729797607,0.016207527223863993,-0.08374326629382992,0.05586048162586418,0.1702726471498316,0.05295988889656018,0.6657847283113995,0.07257815108479558,0.09798376496819554,0.08485099644852762,0.04373381537713722,0.11598583281062101,0.1255584886771333,0.003029489818140778,0.09149928732077,0.05373388301161333,-0.07341105842015759,0.1254730923694675,0.11120903694831695,0.047132994054214804,0.08623965696707996,0.16405523753512255,0.08861411869927602,0.24578710524241867,0.0809029246490531,0.09452154168090815,0.0431996839660773,0.13900924329451728,0.13471513163254836,0.11126840458969467,0.1307182944776435,0.13616314862166384,0.10319001121413149,0.09502801235592344,0.12976707742172577,0.06798480849119272,0.09635174754878366,0.046839280490210716,0.0060983276263026145,0.10648999051565732,0.11781621160675136,-0.014734783122687521,0.12273599434072197,0.2128161192765013,0.1699244780233849,-0.07429394025083683,0.0025034241351436157,-0.10082215901877697,-0.0435480338145263,0.06978288259066968,0.07180338142489215,-0.04082148975602982,0.0501453224073835,0.15475045346222033,-0.07939270056687138,-0.12484269693836633,-0.018427595464515556
0.15297816863141833,0.11767908387452578,0.08129774619571242,0.25635173870294886,0.324123120873043,0.26004112291224657,0.1670350433831673,0.39701904971976815,0.07257815108479558,0.8636280002590928,0.3382943171741409,0.30429429799225405,0.3460708811094736,0.17693543765578,0.2955015779951617,0.27491149423577466,0.32392344255427935,0.2719565656753755,0.2355855132560969,0.15767941261202695,0.1884547475563842,0.29721432052098756,0.3838715810398368,0.31864771695898775,0.22039454864837493,0.13651583383936527,0.22078142943136286,0.26672723076796284,0.39468873147579736,0.15827094256536925,0.16433107511042191,0.1771075797928576,0.13455989266569252,0.30693903406839446,0.4105714558037381,0.18155950742719415,0.2774250441055193,0.11638527331675845,0.3579579120514197,0.21608355834020682,0.28213817131148966,0.19533534714997236,0.0787993131007013,-0.0010066967758707598,-0.12498118424979186,0.7800900593931583,0.602715820905712,0.05042525030100389,0.5008879576460972,0.059868963273783576,-0.06851184965697864,-0.07692962373951082,0.016429452110443946,0.0166449421653082,-0.05183521248011442,0.0835208315094937,-0.07458785431777014,-0.4788901624271104,0.4408425372916283
0.18643338193887934,0.049184443175747015,0.22991093756476133,0.27206092792359704,0.3092161441377136,0.348932619292688,0.22844495566582512,0.37814053106078444,0.09798376496819554,0.3382943171741409,0.4921976837774463,0.31514119613689373,0.38680761949575065,0.2085909912577663,0.2972310246101163,0.2672898634326004,0.3856451744702716,0.2861804684483026,0.23806316413408582,0.3125472361010737,0.2519889705213803,0.3119927405306565,0.27036648367046967,0.27251851348573536,0.25536261418425854,0.2417852588560228,0.25925834650449825,0.34950424401522034,0.34939522412904034,0.202151107802314,0.2491775083907428,0.21258363974231975,0.27987010775547844,0.29382267663588035,0.39849750482056623,0.13452295304132353,0.4436577746897374,0.18700844980377807,0.3599290336733182,0.2211167898394669,0.30660639355842645,0.2625840074848095,0.23502068927330225,0.012332900034118051,0.012667609848496282,0.6124443045534423,0.5498366296595655,0.11965211264433256,0.5185864933162125,0.19677437850265395,-0.21833395889835552,-0.01119301664784144,-0.03834834776219445,0.0013365214262808115,-0.017051681395787135,-0.011863430153224011,-0.06431485004389019,0.0786934878477949,-0.066827606810125
0.18155385735561147,0.10071837935860121,0.15140618578427817,0.292165028653157,0.32858139282155097,0.29807767906118166,0.28725801876000673,0.18678915146958783,0.08485099644852762,0.30429429799225405,0.31514119613689373,0.5693392527584697,0.28922078392948214,0.2675298244565042,0.31700078003382354,0.2766924382814372,0.31968505942244985,0.19484841435186057,0.22248477870537023,0.25440250366166195,0.21576037763467185,0.2124453830328102,0.18016704083276783,0.2211699216578321,0.22794632102478668,0.1945613113093729,0.27484885512675233,0.23148811529034694,0.20701318407067426,0.22402451854816186,0.18596460474783924,0.26707221596250186,0.23295211266874905,0.2279249587479329,0.255579448531166,0.2182677185770542,0.2879089131664064,0.15707273461243174,0.32153820138533973,0.1663527579259963,0.242648652117991,0.22812568461397922,0.19343107717386285,0.020175822939455662,0.01699959857112771,0.4144354131393737,0.37954028166108184,-0.0045829001556013625,0.5746299902197152,0.1869957618419835,-0.2017905206711315,-0.011878652364005897,-0.002086033554772881,0.014988606014546903,-0.08020638890872551,0.04994567489418182,-0.12888489813842885,0.12400649204177669,-0.09405330041642947
0.20692738448693732,0.05830618061935288,0.20749361237665606,0.3109484212116181,0.37928845089654584,0.3344942741834416,0.23748878867301895,0.3745924853467777,0.04373381537713722,0.3460708811094736,0.38680761949575065,0.28922078392948214,0.7175131948740125,0.28942740781945325,0.1517821625085651,0.32786224990740703,0.3218476404797981,0.2677402166026564,0.2883490226030286,0.24807860471303553,0.25235957853189595,0.46277746609212494,0.3091504020116153,0.26616428948573456,0.3223353188466782,0.2301053138945114,0.31940514699167233,0.32465581296269663,0.5287050355175523,0.23970650872043156,0.16431434888407054,0.2710316970004861,0.3191012627509868,0.3214019969973128,0.3869880706190446,0.17619869355141832,0.45763693685957163,0.16539099010649058,0.3794521274864468,0.24011440546146523,0.3319736261816511,0.2627431588498736,0.23694387568411882,0.012424414368429003,-0.10776075544918895,0.7385847474511388,0.5822379072780546,0.08566064011873664,0.5610485966507192,0.18404721214586306,-0.15341286002915908,0.0016393609145525156,0.015841589038382488,-0.06123657144055647,-0.0031970400497055157,-0.1488234239316477,0.005662688030490836,0.04250679708603686,0.044368118665721254
0.18219856951760566,0.12952805037310333,0.03205064739003444,0.2630943006844902,0.2410792710611926,0.2051952980590291,0.19606967551204244,0.2137234965758961,0.11598583281062101,0.17693543765578,0.2085909912577663,0.2675298244565042,0.28942740781945325,0.6801279021344522,0.1923088327037357,0.3259792075179249,0.20419764569122556,0.09191070350860106,0.14933893774188028,0.2878664848209071,0.20738308816348458,0.19441586260885782,0.13735381576066766,0.18780155142961633,0.2851685371241401,0.2383648620088832,0.30992029545519373,0.18445833383710752,0.2584707944214891,0.33881637378232327,0.0874419545358604,0.6064294978301217,0.10858837373728837,0.27598039620052955,0.3107297320476226,0.18344207774551544,0.10235923997487091,0.18693338962092715,0.28129676871580045,0.2681247942890573,0.28713786679429226,0.23209141437388361,0.31561516373247916,0.028292593694926347,0.03399556885714743,0.5259612266872399,0.5036456290048649,0.03117002120740922,0.6263230675131751,0.04218266184609424,-0.062237447353129624,-0.11307935211885746,0.040835274529438685,0.12236103712495618,-0.1354680379937535,0.0021024110638596678,-0.25322001927805665,0.2823973820017213,0.09110283049016672
0.1614811821252598,-0.015461438957425078,0.1923643506410572,0.2319360542713581,0.25399988908250254,0.24111335826208838,0.18178242444434256,0.18707314594315066,0.1255584886771333,0.2955015779951617,0.2972310246101163,0.31700078003382354,0.1517821625085651,0.1923088327037357,0.8845490378017377,0.18805328186283718,0.3084536942061818,0.3031048387115901,0.17735941088412882,0.27603438451971846,0.20637642965651226,-0.018156781630176345,0.024560348449839287,0.2546510046489513,0.20020194752994694,0.2141412498625402,0.19819076957164022,0.3160700661998193,0.16609261774713874,0.312459195959978,0.35404422403854724,0.2084471537335211,0.21648345538468564,0.21779293072234848,0.2531586141614039,0.2303307630866081,0.32187176409101864,0.14926133195977076,0.29488884784035085,0.09718925510151122,0.2093902261642109,0.21172443458938744,0.14084948328558797,0.0010793368792543607,0.09232692002567579,0.3272825731895245,0.3454473949800191,-0.061391638761982344,0.47811348605401516,0.43144679761168864,-0.241451963987024,0.09662643139976039,-0.20567699322530877,-0.048153668274605696,0.03132784013589746,0.19475570962760286,-0.22690921541648718,0.0661245033067117,-0.09801684709744113
0.15190508353094218,-0.06916163077444665,-0.05855550130228402,0.32102764796392086,0.3833813856618934,0.2438326732398877,0.21368754975094784,0.27650783237772186,0.003029489818140778,0.27491149423577466,0.2672898634326004,0.2766924382814372,0.32786224990740703,0.3259792075179249,0.18805328186283718,0.7335819399140764,0.3001136239282846,0.2400240024581434,0.2812466433895614,0.1547548528539598,0.20843934838226386,0.2886832705873289,0.24768478429469895,0.20119926590787468,0.2729674835902065,0.1265600711827642,0.3065235102586162,0.2993700650366811,0.4396172091823313,0.12786628546729742,0.10210823919818085,0.31379969432375143,0.14932614176153333,0.2965087174667221,0.44601528677239927,0.12963332980122103,0.32503507936029086,0.10677167005184011,0.33921841617897114,0.21253892925181794,0.28652163985346174,0.24496081470840272,0.21105640210020077,0.05514438072705243,-0.023236627401911843,0.5171940268594004,0.4840577070555683,0.0918149204694691,0.4556729525607695,0.0988653244836499,-0.12145875841441826,0.053146031623514715,-0.01157429311724366,-0.01069075329030939,-0.011781751773203149,-0.04195828171370762,-0.16959386232454907,0.1823541480927643,0.0011997460032000785
0.17273821374182086,-0.018029795585337075,0.20309035483579804,0.3194858560552902,0.31530538699833516,0.36748992213064824,0.2412594510533935,0.38331299843947797,0.09149928732077,0.32392344255427935,0.3856451744702716,0.31968505942244985,0.3218476404797981,0.20419764569122556,0.3084536942061818,0.3001136239282846,0.7898957004249627,0.36543026136081735,0.2564672129459575,0.40388851071070453,0.3268180203159061,0.3781560719619503,0.329569176957818,0.25969491176667486,0.31874068085227075,0.2046727342562968,0.27862828571716813,0.6291376823662862,0.32588039639141203,0.11572362329551539,0.2788786886816491,0.20750143328469567,0.6084677490785835,0.2561949223677109,0.4758607476769364,0.121893104013854,0.709530842543528,0.24780467944148118,0.4291473937401499,0.2420374422088864,0.4257511688949982,0.36264131966898283,0.32126447185193857,0.0033614609584320955,0.07487391387459684,0.8539707428764608,0.7210808341137035,0.20598281556830655,0.5517472448719596,0.4593266168415232,-0.17657531696004322,-0.1961278339489891,-0.18629940748600107,-0.08179177574016219,-0.03651801111577806,-0.07875025122395891,-0.1611613954389783,0.0658123112024203,0.0213806193996295
0.20005012361529212,0.0521313043566346,0.2575674484177682,0.2433814725396551,0.2817641590334605,0.28045051929039305,0.18325131524274504,0.34431662226976056,0.05373388301161333,0.2719565656753755,0.2861804684483026,0.19484841435186057,0.2677402166026564,0.09191070350860106,0.3031048387115901,0.2400240024581434,0.36543026136081735,0.8429238700061727,0.23883343467629675,0.08883245585231554,0.2605020874442393,0.29380083576320715,0.3521536520909199,0.22698056429453667,0.21384598896850135,0.26864759547553296,0.16924482445416364,0.419215902259826,0.2796705771190168,0.04745595784946331,0.4042992231301625,0.09272727196027354,0.36586745513336544,0.22544373770604018,0.2932561520242673,0.14594103427676075,0.4589270139673071,0.09209241142133147,0.2931163020521493,0.16720871169217638,0.1932537283207562,0.23127049360218266,0.3163985128307035,-0.022779591293395084,0.14456271042325647,0.6396457207960216,0.5059275451969523,0.04254659000509647,0.20786424795364053,0.40050230509736634,0.14580429440890455,-0.36325273479768144,-0.2537514082917972,-0.1509827653287055,0.09233039373869338,0.005466358391133384,-0.05897861123291788,0.11038483793359434,-0.1702707375495296
0.1215944947169915,-0.06443373318838845,0.013701056575251351,0.3045555224741605,0.48634014560984634,0.3486975352475826,0.11842176341169863,0.2972960368162241,-0.07341105842015759,0.2355855132560969,0.23806316413408582,0.22248477870537023,0.2883490226030286,0.14933893774188028,0.17735941088412882,0.2812466433895614,0.2564672129459575,0.23883343467629675,0.6301935708389863,0.13024872870295592,0.19411214156913034,0.2969147290654744,0.15728014875094343,0.17654876498393784,0.178582973683343,0.06697394288559837,0.17195343542225974,0.21209950363721408,0.2715504245366754,0.18398839806242503,0.18705841910473842,0.1727138118309099,0.2678379606105767,0.19424493920406288,0.08049526374838258,0.24505914474526055,0.3933937623504275,0.12238838825912021,0.27973129390557444,0.09339718891158634,0.28268471555876157,0.1914885131596851,0.13293077132774972,0.014103491125194488,-0.05606067827025093,0.36884418302343236,0.26658159229373424,0.005264974765398759,0.39701135124955866,0.14469823907547863,0.02179340449752265,0.1890915741227648,-0.13531982906801504,-0.1170340062325115,-0.01397874797573866,-0.10474343885675144,-0.0352023258296932,0.12784390610725552,-0.017692112919121674
0.20915961197145513,0.16102181897570358,0.25415148269526433,0.24895283192705828,0.1998302541526255,0.3548210010896245,0.19086675141922163,0.3148384030040369,0.1254730923694675,0.15767941261202695,0.3125472361010737,0.25440250366166195,0.24807860471303553,0.2878664848209071,0.27603438451971846,0.1547548528539598,0.40388851071070453,0.08883245585231554,0.13024872870295592,1.019997186236965,0.22559818925909197,0.2484536094736336,0.15104671038838496,0.2509066244991318,0.33848751749343686,0.29043687959855935,0.3436436773507818,0.4492755274330007,0.23516492360132243,0.674609361425814,0.23932912182110702,0.2888844267965091,0.47042671575252865,0.21058818501046858,0.3523182282955484,0.1463310079523821,0.7179447082336888,0.4755408891054738,0.37474453756202275,0.32481939001260235,0.4862234948429121,0.2980912790071413,0.6416238250976535,0.04107661159335505,0.27103046169194234,0.3214413995136441,0.4869401233992659,0.22468924856123101,0.9665670577962076,0.30769073623428556,-0.5286749464648524,0.23957604073373637,-0.04962048600190256,0.007071343798445225,-0.0143851506611233,-0.09909543303247764,-0.14257671542396566,0.21959347969315848,0.016825592011589622
0.17404801438084622,0.13670123716520347,0.24289709633928402,0.22091562216842484,0.22115688400210254,0.2583704627278435,0.18822475874203126,0.24716884660159721,0.11120903694831695,0.1884547475563842,0.2519889705213803,0.21576037763467185,0.25235957853189595,0.20738308816348458,0.20637642965651226,0.20843934838226386,0.3268180203159061,0.2605020874442393,0.19411214156913034,0.22559818925909197,0.4572932747056107,0.21188631147311468,0.24903097290442494,0.19334647599387494,0.23130989976415672,0.19507871435242158,0.19951152619532567,0.3545028355893242,0.23552661224417967,0.24793125370121136,0.27204359014455076,0.20882801405613877,0.4394462652910038,0.18964320729641052,0.2881337596840719,0.2560617012993237,0.48740092992950246,0.16965011818116016,0.3314299323769613,0.22548527437369986,0.4445850292541632,0.3795512123870387,0.33353528860517334,0.005678249833356593,0.10738720335133013,0.6194068825217576,0.514007604107386,0.06354529194981463,0.5657949314913732,0.13795574158031135,-0.07882302298620525,-0.06686849735410058,-0.028653215884859355,-0.04136224033496394,0.03034079443608941,-0.057552063359343916,-0.11277191586719545,0.0653622868398917,0.06979554719896576
0.26798149373616004,0.028768225115562204,0.2311342607871893,0.27638838117555564,0.32971582199356336,0.3978969999373389,0.2359528354960082,0.40611207068121324,0.047132994054214804,0.29721432052098756,0.3119927405306565,0.2124453830328102,0.46277746609212494,0.19441586260885782,-0.018156781630176345,0.2886832705873289,0.3781560719619503,0.29380083576320715,0.2969147290654744,0.2484536094736336,0.21188631147311468,1.766681620479163,0.5191488629619284,0.22746360207036884,0.25982976149907355,0.1700770847236306,0.24102900133477467,0.29465574527660493,0.43383072136086975,-0.07797931787533094,0.03945163891430106,0.138497922950421,0.3328401442611934,0.21221312118422261,0.37571079123211226,-0.1240108107223632,0.4973984401792585,0.1345211039510834,0.3065108770274531,0.18947004258384803,0.2776988108539888,0.24305451314267296,0.47858327809173695,0.022064286471133326,-0.116441334936637,0.5895216478771247,0.5647925523742098,0.35617563203369457,0.3623137994544024,0.2360282881640308,-0.22011056038605784,-0.23509427746125858,0.05317111860249932,-0.03663967461654762,0.0177261847037241,-0.17418289472865492,0.02182725679391333,-0.03280147009494771,0.02481575795914158
0.18958969864923866,-0.038755625974757145,0.285636735966626,0.2612686492948212,0.2974564511556015,0.3262161569173236,0.13980582870835292,0.39300935314943786,0.08623965696707996,0.3838715810398368,0.27036648367046967,0.18016704083276783,0.3091504020116153,0.13735381576066766,0.024560348449839287,0.24768478429469895,0.329569176957818,0.3521536520909199,0.15728014875094343,0.15104671038838496,0.24903097290442494,0.5191488629619284,1.768858068093727,0.4404743296195344,0.41183493066661997,0.05054214572823181,0.15571374517245282,0.32271698282799544,0.7263561133697513,0.27000123174666174,-0.1803396546235912,0.04347475110643107,0.4827257437442585,0.3414415340775575,0.3661793774133544,-0.08423659199476083,0.6757019971062977,0.045331811333379476,0.5247237772498918,0.34231402112759685,0.34418578819994594,0.24284607132360128,0.23465791686488033,-0.03730246044160235,-0.31581191276397136,1.1007261207875096,0.9615121654598977,0.42012315466820815,0.8448610249861279,0.039296108151592755,-0.2347009473560495,-0.20484046985639895,0.23298638654428935,-0.06664675052720474,0.09591820122139799,-0.15855388206375953,-0.03689634157063153,-0.10750120856371442,0.18472884155119806
0.048231011651205656,0.01559478350130309,0.18444963216649365,0.20153940178494364,0.23687050142958962,0.26897069556564046,0.20958834531534828,0.2373795484369457,0.16405523753512255,0.31864771695898775,0.27251851348573536,0.2211699216578321,0.26616428948573456,0.18780155142961633,0.2546510046489513,0.20119926590787468,0.25969491176667486,0.22698056429453667,0.17654876498393784,0.2509066244991318,0.19334647599387494,0.22746360207036884,0.4404743296195344,0.8772361929507252,0.22024755377067956,0.05240193708945524,0.1574372425522816,0.3005108643748563,0.31796805140179746,0.4412534310630369,0.4122971921380106,0.1585900606661887,0.37255392138904686,0.05985819383398643,0.2601544013581173,0.4264893844643677,0.19473239919497745,0.15662040163615568,0.4022122763077264,0.2044252714279825,0.23550229620175053,0.1988880552667454,0.2005535898484957,-0.007339239975506954,-0.08139952620230242,0.5828468848836463,0.4148343651380032,-0.224485675673008,0.797201827852673,0.07659217183605824,-0.29609849753300316,0.14036619742061954,0.027500299575383184,-0.02470919782479671,-0.006524100351261293,0.08208117750243041,0.017602762694596104,-0.33698480113023793,0.25719633497803623
0.26481930846926655,-0.0021693763768126564,0.23151510133803427,0.21638010154460377,0.1752042487301565,0.23088825633794444,0.20368900728642195,0.24641372768315212,0.08861411869927602,0.22039454864837493,0.25536261418425854,0.22794632102478668,0.3223353188466782,0.2851685371241401,0.20020194752994694,0.2729674835902065,0.31874068085227075,0.21384598896850135,0.178582973683343,0.33848751749343686,0.23130989976415672,0.25982976149907355,0.41183493066661997,0.22024755377067956,1.7347956550811607,0.18479469504504548,0.2764350039909121,0.2836689532723623,1.234135126390732,0.536946857211995,0.06719560624497795,0.24100001616655758,0.2383228067033465,0.5077942502132206,0.37296830582057516,0.39310494122780476,0.866900045044587,0.25051680473126203,0.3692878473288498,0.19433869468381196,0.38392540413708154,0.2551650958504212,0.23166485777163395,0.01636740940069519,0.16272605065015025,0.8692558573309499,0.6470312231378621,-0.17427226718287983,0.20870869961310615,-0.06031803423145132,0.0011974295475981344,0.11251479427076738,0.1051144300438732,-0.0317197513158045,0.069575857404887,-0.008944238691803868,-0.13620907584155376,0.19180491165464555,-0.17838619778700146
0.16801240871149814,0.1192746932359585,0.2690361557776595,0.18748018086190366,0.14118355154845297,0.21471122893050387,0.17938722230476273,0.2976938560866066,0.24578710524241867,0.13651583383936527,0.2417852588560228,0.1945613113093729,0.2301053138945114,0.2383648620088832,0.2141412498625402,0.1265600711827642,0.2046727342562968,0.26864759547553296,0.06697394288559837,0.29043687959855935,0.19507871435242158,0.1700770847236306,0.05054214572823181,0.05240193708945524,0.18479469504504548,1.4012942424410701,0.13972917234922846,0.2114598952034832,0.019054256450432204,0.10371201879715077,0.21334071809721866,0.23436948912975228,0.09895329292902487,0.3455259769555904,0.2791069077809138,-0.3179912754485557,0.3989303515867995,0.16620338961210754,-0.17962904850467667,0.15016343283980121,-0.17087405807191094,0.23463998001965533,0.3585191072168669,-0.016131447835558154,0.4774433114404037,0.18980142906546357,0.4500022221819209,0.313252129324358,-0.12773531402726013,0.25133387093639936,0.01143447880339296,-0.2384489642581922,-0.13452890787729438,-0.06887434968744253,0.0160734948878322,0.02596568993028287,-0.13223908812016885,0.3705077850159466,-0.283351289624427
0.1764516054374676,0.0981703204341514,0.16259714977986128,0.22061690044132837,0.20093684081724913,0.23516405135395746,0.18942062313202043,0.2686044712489456,0.0809029246490531,0.22078142943136286,0.25925834650449825,0.27484885512675233,0.31940514699167233,0.30992029545519373,0.19819076957164022,0.3065235102586162,0.27862828571716813,0.16924482445416364,0.17195343542225974,0.3436436773507818,0.19951152619532567,0.24102900133477467,0.15571374517245282,0.1574372425522816,0.2764350039909121,0.13972917234922846,1.0463505435369136,0.3589854888153935,0.27062297919519396,0.2947482922088523,0.13744108501622943,0.3731205447184152,0.3088503480457458,0.2552863722240674,0.3959027837598772,0.26486688270265135,0.36201850969045035,0.19205055928406786,0.35045235451457135,0.24110838674081278,0.3061410163340789,0.23437619302949148,0.33582628242028384,0.02922889028827339,-0.03131661402324981,0.626595366150029,0.45208791686440325,-0.02118265936641374,0.6192932408970241,0.11193847615155005,-0.26833346557042104,0.22448099043773792,-0.02889715176345689,0.005968935432629202,-0.010454393063853462,-0.07561828793437204,-0.08305237179976144,0.0962135394751972,0.09660317776845904
0.20659796454820606,0.010817958135903192,0.3085989153192951,0.20955155173006898,0.14127300867818596,0.3347520747196713,0.17587053935736935,0.34001063302658363,0.09452154168090815,0.26672723076796284,0.34950424401522034,0.23148811529034694,0.32465581296269663,0.18445833383710752,0.3160700661998193,0.2993700650366811,0.6291376823662862,0.419215902259826,0.21209950363721408,0.4492755274330007,0.3545028355893242,0.29465574527660493,0.32271698282799544,0.3005108643748563,0.2836689532723623,0.2114598952034832,0.3589854888153935,1.5684915598537603,0.11984289708909732,0.35634106270671834,0.48952553835483087,0.21371117005543794,1.220882512698896,0.03448845054708965,1.070510924455224,-0.13130913055575097,0.9145028643759058,0.2739157788961685,0.48664309517735066,0.40167451049866226,0.492157848938994,0.3797467933149806,0.3227201366283851,0.004557611601048824,-0.11009364730207831,0.7663066967106722,0.8308785129928589,0.4722939870209228,1.2865296819865433,0.743319187094175,-0.5262791333950176,0.38261629932180824,-0.5774383585354961,-0.09464031368616768,0.30527487871947195,-0.08892577437437436,-0.09480302205650247,0.049045104627159095,0.07200070466781869
0.1987117515080804,-0.026081488893100076,0.3299712628823817,0.3527990346340084,0.35698268974092817,0.37369188122260705,0.16359809940261555,0.41977370427092026,0.0431996839660773,0.39468873147579736,0.34939522412904034,0.20701318407067426,0.5287050355175523,0.2584707944214891,0.16609261774713874,0.4396172091823313,0.32588039639141203,0.2796705771190168,0.2715504245366754,0.23516492360132243,0.23552661224417967,0.43383072136086975,0.7263561133697513,0.31796805140179746,1.234135126390732,0.019054256450432204,0.27062297919519396,0.11984289708909732,3.73220889077345,0.0625471225456114,-0.4973850085728779,0.24225640606283705,-0.13043871920656383,0.8678080539032066,0.3334708652234437,0.401624125907579,0.9252387727302808,0.13503534956975632,0.48095416692138876,0.2616482168699117,0.4072308175223208,0.22790411691448503,-0.15774274127166277,-0.07279039751399066,-0.05210744849756743,1.4618981131124977,1.0354698613820768,-0.1927945702579217,0.0815467468862111,0.07647219600168828,-0.025244198271371684,0.013942231412841335,0.07257242060431479,-0.02664528263518294,-0.006834464077044664,-0.20215784031928058,-0.16482789158617892,0.10662281389416792,0.04806965116807666
0.2071911407538519,0.061792829223938285,0.36819811249701606,0.22824933031701627,-0.004715082203739264,0.08134684734824531,0.2958457775560706,0.16026319736530673,0.13900924329451728,0.15827094256536925,0.202151107802314,0.22402451854816186,0.23970650872043156,0.33881637378232327,0.312459195959978,0.12786628546729742,0.11572362329551539,0.04745595784946331,0.18398839806242503,0.674609361425814,0.24793125370121136,-0.07797931787533094,0.27000123174666174,0.4412534310630369,0.536946857211995,0.10371201879715077,0.2947482922088523,0.35634106270671834,0.0625471225456114,4.626147780496682,0.48391334918293594,0.4430965539047181,0.5479635685399529,0.08387501305328716,0.12054823545581483,1.155453970066713,0.6895959464745872,0.38660310399309444,0.7818205227532914,0.5162759135434383,0.5022706820287736,0.2431289689338242,0.5609840006833375,0.02585489692928318,0.3846862167626933,0.5248556271454587,0.6384113081158528,-0.7332847870397583,2.022378485316181,0.09319338258782657,-0.5368204013810124,1.0271676190568988,-0.23430964116717085,0.015019392658639264,0.2285804789205472,-0.311615771343937,-0.2493854180898884,0.7285119998832702,-0.1474634014676926
0.09397698895779798,-0.036110342840454265,0.07768474334311802,0.11175494278523296,0.16474257213730262,0.21873717293471923,0.2052483166027166,0.14647575134669408,0.13471513163254836,0.16433107511042191,0.2491775083907428,0.18596460474783924,0.16431434888407054,0.0874419545358604,0.35404422403854724,0.10210823919818085,0.2788786886816491,0.4042992231301625,0.18705841910473842,0.23932912182110702,0.27204359014455076,0.03945163891430106,-0.1803396546235912,0.4122971921380106,0.06719560624497795,0.21334071809721866,0.13744108501622943,0.48952553835483087,-0.4973850085728779,0.48391334918293594,1.9285479583251977,0.12445904113524889,0.5692990841020684,0.05829516204435885,0.17474372522265233,0.7106728990429796,0.33805193916186416,0.2539803435502446,0.30715310648111105,0.026693530428754525,0.29451837543750387,0.2478813512643627,0.2269739973866751,0.00152290791981273,0.11825362794694634,0.38074728026868454,0.2430015879487016,-0.4637612474985409,0.5513337197466147,0.510364686738479,-0.36019213674941714,0.38293422793577586,-0.3930675499527323,-0.10166073538173227,0.14435197792286752,0.26812648222870455,0.07599350311255974,-0.06697489182445811,-0.2783022941151363
0.14259572809950055,0.14318702771519856,0.012858484567913818,0.25666741187752445,0.23197153390091615,0.22980847403023644,0.18634885126990267,0.21329917420590092,0.11126840458969467,0.1771075797928576,0.21258363974231975,0.26707221596250186,0.2710316970004861,0.6064294978301217,0.2084471537335211,0.31379969432375143,0.20750143328469567,0.09272727196027354,0.1727138118309099,0.2888844267965091,0.20882801405613877,0.138497922950421,0.04347475110643107,0.1585900606661887,0.24100001616655758,0.23436948912975228,0.3731205447184152,0.21371117005543794,0.24225640606283705,0.4430965539047181,0.12445904113524889,0.9587625418741014,0.061841405691775285,0.3871773836538228,0.2888065866719262,0.2627125341046048,-0.019414932748602093,0.20840422568883926,0.3307458502441689,0.2641090297335472,0.27919437915450485,0.2359786249261999,0.29121009193593717,0.02617427288618914,0.014910051127454953,0.5274440288028016,0.5171961236168519,-0.05720139752755738,0.6568678668299911,0.0885353108360315,-0.1105197102335875,0.12695418626245783,-0.20577203614391149,0.12820108323881013,-0.1571861739483487,0.015981001256237293,-0.23952716446231104,0.2845930086010791,0.07799672052051781
0.24088317431632195,0.00458534954243425,0.2745805099206553,0.3504247003988529,0.32403001449132485,0.32373936310173973,0.2363860379162709,0.28088330837808717,0.1307182944776435,0.13455989266569252,0.27987010775547844,0.23295211266874905,0.3191012627509868,0.10858837373728837,0.21648345538468564,0.14932614176153333,0.6084677490785835,0.36586745513336544,0.2678379606105767,0.47042671575252865,0.4394462652910038,0.3328401442611934,0.4827257437442585,0.37255392138904686,0.2383228067033465,0.09895329292902487,0.3088503480457458,1.220882512698896,-0.13043871920656383,0.5479635685399529,0.5692990841020684,0.061841405691775285,3.0449466552606688,-0.4081767545590066,-0.16654992894236867,0.17979474548733274,1.382108895235079,0.3467745195591349,0.3427623506608696,0.06276999998933393,0.5031508964628075,0.48922287199584225,0.2825201649924014,-0.07008193291156792,-0.61323982096948,1.0307679295021235,0.7380649046982114,0.08691043779451678,1.6762767481447542,0.3633234197668405,-0.5291402636664396,0.14218185632864816,0.06833556577195933,-0.4207675935022089,0.2575148299434569,-0.336978347414535,-0.13660543625434685,-0.04030550040233707,0.39843880548891375
-0.053348350497424944,-0.08615689330112893,0.24866784212279405,0.310580541732621,0.27731762706556307,0.3370637949959994,0.17051785919632162,0.38669912538697127,0.13616314862166384,0.30693903406839446,0.29382267663588035,0.2279249587479329,0.3214019969973128,0.27598039620052955,0.21779293072234848,0.2965087174667221,0.2561949223677109,0.22544373770604018,0.19424493920406288,0.21058818501046858,0.18964320729641052,0.21221312118422261,0.3414415340775575,0.05985819383398643,0.5077942502132206,0.3455259769555904,0.2552863722240674,0.03448845054708965,0.8678080539032066,0.08387501305328716,0.05829516204435885,0.3871773836538228,-0.4081767545590066,2.1145859911222944,0.44001895346871556,-0.2773102074300759,1.2991964510036296,0.14825547365389719,0.2027998617238695,-0.049806781085495855,0.325483620426418,0.21719810077784393,0.11040999967310988,0.07431258041111924,-0.1824994246202511,0.28673534052375954,0.8361135889856148,0.5577153958865767,-0.03851069335292568,0.18365057516393302,-0.3241209268458409,0.20005560261309635,-0.08958569999127225,-0.02328594346710525,0.004894408759604835,-0.0020627427055142818,-0.2477845441859019,0.3714242913696324,-0.21971878106575043
