0.9788840385568153,0.12364792470439069,0.2723888418000214,-0.0021662448999375822,0.11720825829391805,0.08451180510810236,0.26303432379502123,0.0972269708723648,0.16421673449209498,0.10086450226564199,0.0859126358949501,0.14307673582957806,0.05921534642374157,0.2100772074593538,0.10381300631745796,0.07024971053724877,0.12193851669669972,0.10527748264019526,0.05475667570732057,0.09620783125778763,0.12552519122240013,0.12909430910785297,0.1294467460126898,0.08623228357638102,0.1719804065617684,0.06648468945606978,0.11748121513535364,0.043634444576860075,0.15295761520401255,0.07437721389115837,0.09494506879783603,0.09750558472152644,0.11603241307246066,0.12194968452883895,0.06893231987802585,0.1526936915386683,0.11943773077946199,0.07451328188778297,0.10941103910579913,0.013897802809711332,0.17863476369371337,0.09518876237587538,0.06561254644658755,0.15155060590270011,0.18855669742650732,0.11773070834160333,0.09559948483526422,-0.012236852954136254,-0.019429794315653347,-0.1581939217161804,0.017201291830017642,-0.05820483202575012,0.1489954114685751,-0.013669881394514388,-0.21707745827953054,0.05436430445234546,-0.05235642185323779,0.3335067691039878,-0.2529931787667105
0.12364792470439069,1.5102679093108489,0.6358027329449695,0.05978764362556273,0.09335495278891476,0.49747347325089397,0.029305157930213693,0.2376491796891924,0.29663628404256126,0.21497227210253975,0.2077977504860503,0.2985792376492289,0.14186404449400156,0.15516996919992032,0.5071740796483728,0.042506979838338406,0.2995905671675978,0.396566890131294,0.012509014029102008,0.40055041946622216,0.2517847694088113,0.1365646283111497,-0.02752471019183147,0.18633164434351848,0.3132219481447091,0.2319039025327869,0.3322702944728095,0.21410833159564224,0.5086226037378317,-0.07749124622511527,-0.047150847436171484,0.27416204121666876,0.10073217783474042,0.3576460541835766,0.19412959110743847,0.14984420427844528,0.24897524592865514,0.1993871864712659,0.1496960481351873,0.11773181875914385,0.19199339656749342,0.2046770610493499,0.4788489900809503,-0.02214596004309628,0.724131702600333,0.2603518804756441,0.391411173634161,-0.023510375370733024,-0.20207007302275917,-0.23612394735633127,0.2953687600855818,0.3576995685187584,-0.11882009082310889,-0.05721369742329061,-0.08694098124637624,0.06696950135931096,-0.3229567074764368,0.14675587525558664,0.0021411778894320286
0.2723888418000214,0.6358027329449695,1.848634173217526,0.12098902863391049,-0.011934043490391661,0.546180542481288,0.0905087463388253,0.39386201375959734,0.6407544936448202,0.37858261791575015,0.1949762567175291,0.3211075619440806,0.1921247092607954,0.18168778361291857,0.39973895966744644,0.07840660556180311,0.41827325597497395,0.359496419063974,0.3957421549858895,0.2842507622943832,0.31980639324187404,0.38111466301579117,0.12149997951376461,0.2599918918638724,0.2949030964279293,0.2524738186285117,0.3149618618652906,0.3848837713419058,0.39728365468237414,-0.24756914424530205,0.20256991235161848,0.30434839421683996,0.3752854699980904,0.39616930738986605,0.21948571157159957,0.3572308001877161,0.40771940800239875,0.196509032948643,0.2997810796618404,-0.1061271266424251,0.4260710569002961,0.2629008787070062,0.2767096614784063,0.39457509338785246,0.5735914776655555,0.5011917418052441,0.3773806450265406,-0.032357033805959334,-0.3981484603486199,0.15234081757895704,0.17159839388054293,0.17856052399327094,-0.1735660390697078,-0.20781715367642412,-0.17647611317475353,0.13284532098608032,-0.23880210154308562,0.04268121777705432,-0.02942464956791178
-0.0021662448999375822,0.05978764362556273,0.12098902863391049,1.0365426238195723,0.4943698925410269,0.30995164976880546,0.3414004102546201,0.3241203468762947,0.16490558783364553,0.20115780307081402,0.23385108643172012,0.3000908850378086,0.16390953400165464,0.27960246069742173,0.15233396576783464,0.3029977521582305,0.21573459992013422,0.19614185903808937,0.07692903387087194,0.23488235920435457,0.16402709945420865,0.20778437784062695,0.12238449640701039,0.18656187565231427,0.17978611546700865,0.17383107877286558,0.12828485593440458,0.08760934668073377,0.22427653854857788,0.0995504554047692,0.08531072940021528,0.25246482469086196,0.14854791533961131,0.2183461354126879,-0.044638009327584646,0.21514715247986566,0.23139097794113084,0.13835974795327174,0.23238273739650173,0.07640959250287431,0.22384605996647788,0.1642595502340859,0.07971160241093989,0.06102406171873329,0.1948585959668296,0.14633948663898844,0.2312263855467026,-0.012492497014881017,0.17559668788390584,0.0317697243939519,-0.0008140843995449739,0.23504189530822017,-0.09166743462968521,-0.07472221421830662,-0.11362321974653516,0.06580050359991116,-0.22249607135196595,0.1951038324723129,-0.06011907330047211
0.11720825829391805,0.09335495278891476,-0.011934043490391661,0.4943698925410269,1.3548813668404642,0.11159573164864563,0.3645259622422052,0.28095468500336707,0.0298000472263675,0.23219531692620185,0.23867996496101085,0.294158862730038,0.18827983748766816,0.13623500953072035,0.18415753144823255,0.3862092673722074,0.13364608588960047,0.2216752882865972,0.02920719043064623,0.17533799146199416,0.10031248926146505,0.16002176609930824,0.10623061762099,0.1308653419317109,0.10347517519594739,0.15303337309758475,-0.0458181419320016,-0.02163313590351637,0.20297179026002837,0.039552384455066,0.03538746929083243,0.2151008441209808,0.03325216641755758,0.16410370637028837,-0.08398920147154387,0.20615425731140571,0.14555045285204252,0.09924276966541781,0.2309286404381478,0.08127704365429862,0.14931950420873263,0.12879031574646535,-0.19282120554189866,0.01569334466910967,-0.032122546643922514,0.10588118406309364,0.11406454913331127,-0.013262729072122247,0.17586428514549993,-0.0416621023147273,-0.01154548015590452,0.14504426545389845,0.04059338279725817,-0.041998917637676665,-0.09609200876866766,-0.01339932121286809,-0.11187252243934874,0.12353728412657963,-0.02882032143587948
0.08451180510810236,0.49747347325089397,0.546180542481288,0.30995164976880546,0.11159573164864563,1.018946337111367,-0.029932574887309986,0.37722914801884916,0.37184515710223986,0.21650512370783095,0.36257132430689115,0.4169099124546843,0.2027132067256284,0.3298235276027293,0.43446077990258625,0.21840422932303447,0.43058617068829574,0.27174751114228224,0.4768970825419753,0.50490916703688,0.36266809122042143,0.3131058913006965,-0.007675687944796344,0.3210081507701362,0.41035193717549256,0.32342832316578485,0.33287119384982566,0.33260377308117056,0.509013564343569,0.040829854815658186,0.12445366798551095,0.455842271338948,0.26107067046329824,0.4453312046961252,0.23950043292942094,0.1703080205651265,0.46910481958885414,0.2814433685763704,0.45256944127358695,0.15728024881755884,0.37631100554108643,0.3048472656111612,0.4606038438819726,0.19290824601137668,0.7069517011349898,0.2855628409014725,0.6193088478108804,-0.004759649927801849,0.20948707089811347,0.1053418883332059,-0.022203894066326967,0.06685384465204142,-0.23320420099655018,-0.06038988127141896,-0.19734869317785184,0.10060903737933133,-0.3915854407125083,0.27064822407360406,0.003100788542295548
0.26303432379502123,0.029305157930213693,0.0905087463388253,0.3414004102546201,0.3645259622422052,-0.029932574887309986,0.7424837544282151,0.15252353018781514,0.11643831303295303,0.12548931056096002,0.25934392950503854,0.24771056501297353,0.09562443265535484,-0.034940031047434726,-0.07138256078770441,0.24957901978545324,0.15191743385186035,0.13674923431195604,-0.04194822856053358,0.07341690856336466,0.10807144350659287,0.17538315019602854,0.18235380943002602,0.1142796665860217,0.09663479446873645,-0.015680141790430657,0.08364684954593346,0.007357921554425768,0.09579069066750374,0.1459352345403983,0.11876368511873184,0.12462027623197978,0.10766310255476244,0.07575366337055657,-0.02813144560638483,0.2801937753057719,0.1295225239954261,0.058165005943587415,0.12388660221741538,-0.0037122764885700148,0.13138768547940535,0.10448625153573582,-0.08727061525674723,0.10949294682375452,-0.006760769541805006,0.09328980526083556,-0.11686623330449278,-0.013039231976356095,-0.010700572714393118,-0.020300133256480928,-0.001404338612637825,0.07141755781626001,0.12843050361565736,-0.08987558834964768,-0.07406104479408214,0.035688619428110295,0.006174256245550137,0.1513352431828752,-0.28615379627424775
0.0972269708723648,0.2376491796891924,0.39386201375959734,0.3241203468762947,0.28095468500336707,0.37722914801884916,0.15252353018781514,0.7180133155952598,0.1564508787069317,0.26970208135569007,0.25492076420766374,0.13975962304738632,0.16814397834047504,0.212921689781723,0.1345128462655116,0.26069934023625835,0.24871689593003643,0.27890472012123607,0.27330057081266523,0.24036243148141748,0.18758682952800676,0.21030675790919415,0.044018848692848674,0.19145068044181973,0.2066380365103218,0.19721638253047344,0.16337020029906604,0.24629929257432148,0.2614296004942384,0.07442097031905778,0.07044612100600744,0.16555196245584203,0.16709457766628188,0.2284462873796318,0.20019387306133668,0.0921780254984124,0.2974352496360524,0.13436734662645733,0.29887460548858735,0.06921866137480763,0.2425183397997091,0.17035514266096066,0.2189525734380789,0.23436285753316205,0.30283321778989253,0.1776880115200132,0.3635449517789211,-0.0027373069448174856,0.18334166585605466,0.12026270717242143,0.0131779819646261,0.21145488548796093,-0.18434094169862775,-0.07215655471685889,-0.15843742317857273,-0.04513644921996646,-0.11557744216537465,0.28305303349589234,-0.04705726382338609
0.16421673449209498,0.29663628404256126,0.6407544936448202,0.16490558783364553,0.0298000472263675,0.37184515710223986,0.11643831303295303,0.1564508787069317,1.0985085568994126,0.1984366509481718,0.1927354943938188,0.20624085795546207,0.13897495753233324,0.19211661005651468,0.1513479676606669,0.11776228070485315,0.3153004289894806,0.2391522584845269,0.2788014345416053,0.20007317441798553,0.2609908987398581,0.5359029071404731,0.14171333808739295,0.19326754868397883,0.13266965517495347,0.24985782625916672,0.26227977970514643,0.19030989534572706,0.12311070180509538,0.025453661066644918,0.3345491297144245,0.3850457845376948,0.27804454662528055,0.28123450453993276,0.10631404049891748,0.2792690130740117,0.19067949937523074,0.14674639276597004,0.322089899462907,0.0469532619885087,0.2594146948871725,0.20333402037174253,0.2066230419323336,0.2235343960238672,0.4674565977279728,0.28470490134583704,0.3075138968504999,-0.013954535338045661,-0.025410134182847332,0.11882486937931594,0.18441996425236756,0.24398146552788424,-0.02316253049311941,-0.1448954031852106,-0.1395203400496822,0.2952698606552044,-0.26912384712608617,0.12929361860536034,-0.28316182992463074
0.10086450226564199,0.21497227210253975,0.37858261791575015,0.20115780307081402,0.23219531692620185,0.21650512370783095,0.12548931056096002,0.26970208135569007,0.1984366509481718,0.7321779669404677,0.12215568775724331,0.1888083576858437,0.14575968420622076,0.133908258128759,0.19448907880653502,0.14095787605691487,0.20554384700936235,0.28030606137120273,0.21474496099809734,0.07114481979727884,0.13365256617121304,0.18644653309301298,0.13328877309606393,0.15590398993063873,0.19333716434480422,0.18013944811275306,0.16399622184713117,0.16335814069310498,0.1907918907944467,0.06349524361036539,0.11945464820928796,0.16235892776106062,0.2105156027614694,0.1864593405332319,0.10805489707957247,0.23611954781166483,0.14947663990154417,0.05193112009734503,0.20478452394353147,0.040832919782711134,0.3080987628531892,0.12928085476278525,0.07850082980482936,0.1655285711292987,0.20434466167660856,0.21467796763875788,0.26903407909733373,-0.021120102310119217,0.09834999070484529,-0.03399815095992013,0.09827700115393828,-0.008284916544049803,-0.02185366825883607,-0.06533097160438621,-0.12472218840493687,0.0816949122064609,-0.03590483968947789,-0.019573180414524473,-0.008447395471883886
0.0859126358949501,0.2077977504860503,0.1949762567175291,0.23385108643172012,0.23867996496101085,0.36257132430689115,0.25934392950503854,0.25492076420766374,0.1927354943938188,0.12215568775724331,0.8936126545993804,0.32171258777650286,0.16280865047773863,0.05708710440041429,0.1242350304927012,0.35699515827934253,0.31597390014901194,0.2153814889334592,0.21970154457640242,0.3689886450589606,0.2512899676717243,0.266650528322938,0.038436834570030526,0.23354898338296717,0.22005292886281796,0.07852168868131647,0.2377386591721087,0.1799593832019487,0.32570879931564334,0.070318419327029,0.14829614397985225,0.31874969365468075,0.12515070218974475,0.3033839476094882,0.2562064804211451,0.16525268025684495,0.23367405472208522,0.19305602556111498,0.3681714460141812,0.13846494538524304,0.17168027422585197,0.2258753049948276,0.23932628336192588,0.2220173559534762,0.2730560452650124,0.1692483269045705,0.26168318316908984,-0.0004783547765323669,0.21805092497779427,0.09020787969978862,0.03124792878059233,0.26972807548980493,0.06029076829403647,-0.06365265195407961,-0.13485590040541687,0.04250360621513253,-0.11553080950421146,0.17240074558619897,-0.14936040228629247
0.14307673582957806,0.2985792376492289,0.3211075619440806,0.3000908850378086,0.294158862730038,0.4169099124546843,0.24771056501297353,0.13975962304738632,0.20624085795546207,0.1888083576858437,0.32171258777650286,0.6896477271758229,0.1577239778575877,0.1782196037821214,0.35968345681241226,0.18017000555587595,0.2946321079686643,0.09941426388231245,0.1705225282958905,0.3327986622204672,0.23201899811852336,0.19048697327544317,0.08903786528902843,0.19927494362534687,0.28493683349102367,0.1505637871807538,0.23959034539753318,0.13736388337788263,0.31292644880219567,0.056020004662809715,0.09804577317182007,0.3090320359304682,0.1390567120237882,0.2765128206914559,0.1608163389208834,0.299244848064551,0.2146973036295505,0.1902165459721996,0.2985720383724382,0.11049652261127779,0.243760927410973,0.2099597633973966,0.12696599144996054,0.10252030508583534,0.37856229117774703,0.21938112179030025,0.2622918023463363,-0.015363938034246478,0.04167728100062972,-0.04517879219339932,0.025635685361159163,0.06723507495400892,0.058665965504047096,-0.055961971808685264,-0.09153888600546128,0.10499498326773855,-0.27233954724351744,0.1721028774691091,-0.18759339803131206
0.05921534642374157,0.14186404449400156,0.1921247092607954,0.16390953400165464,0.18827983748766816,0.2027132067256284,0.09562443265535484,0.16814397834047504,0.13897495753233324,0.14575968420622076,0.16280865047773863,0.1577239778575877,0.4278002464538349,0.11842296838573219,0.06646482322247078,0.15962496922998456,0.132594422347748,0.13116792050975684,0.15517012974557282,0.12679690760748633,0.13481760269510254,0.15286246784288207,0.07668568857706595,0.1390822308079957,0.1421080009221389,0.11821030524220119,0.05906397439619613,0.10887971425653407,0.21594912573644293,0.036502501505175367,0.04681081403593399,0.15565064069042334,0.0889666361416801,0.16996681572319947,0.11439121118177363,0.11375037650654886,0.14412944899740346,0.07223564370218412,0.21865681877541887,0.0404474775399126,0.17366947964318613,0.11056265717200156,0.05841717270489305,0.14488503132417738,0.07217077411697434,0.12467966770331755,0.1689979586607808,-0.007065560426718504,0.15477911320528248,0.0389547613280452,0.006562243818579493,0.020398710361936374,-0.03961150613376725,-0.04583178859796259,0.02882371144317935,-0.024081964131744623,-0.10040185265083955,-0.11581277115109018,0.16055724720868964
0.2100772074593538,0.15516996919992032,0.18168778361291857,0.27960246069742173,0.13623500953072035,0.3298235276027293,-0.034940031047434726,0.212921689781723,0.19211661005651468,0.133908258128759,0.05708710440041429,0.1782196037821214,0.11842296838573219,0.6787059276690781,0.30367288068734205,0.10277006000321394,0.20456341451218157,0.11253585007031663,0.18239247906363643,0.25941219345032845,0.19589294644921687,0.14949830945693396,0.06518687908004145,0.15804064682483243,0.2425376641605773,0.31632833637017144,0.19659287070236217,0.1557362286800509,0.22855425316381187,0.09961725261032957,0.0853863171747073,0.19925119399684058,0.16766740775879366,0.23129115419082472,0.14406512359555498,0.11685318998866358,0.22973378143977732,0.14752705817336023,0.19719941453813244,0.11972895093624507,0.32003615496092486,0.1757393111999696,0.2402877901581091,0.1215011444356725,0.43178307487953926,0.14532523736584432,0.3966505506751131,-0.008460178579409665,0.1922970453242653,-0.12542523855670226,0.0010023387373201825,0.013068037676936347,-0.025197541684779532,0.03155352823015186,-0.28999408809692384,0.08800253768901375,-0.33561597415789995,0.34953970320801836,0.09872391984809652
0.10381300631745796,0.5071740796483728,0.39973895966744644,0.15233396576783464,0.18415753144823255,0.43446077990258625,-0.07138256078770441,0.1345128462655116,0.1513479676606669,0.19448907880653502,0.1242350304927012,0.35968345681241226,0.06646482322247078,0.30367288068734205,1.2345689196593737,-0.11508988409932988,0.3641867038072449,0.3772231881380537,0.1549624831451743,0.4251101216216864,0.2744805800157435,0.043625310861831024,0.05133401743611904,0.21108684881887246,0.3642099721039051,0.42950083060783395,0.27327830910456496,0.20682836679368222,0.4212941391184168,0.12771677796383776,0.0767622660546041,0.3482778662216996,0.1917202180622439,0.3790514452283595,0.17756501143450693,0.2597252993784689,0.2049825914536315,0.2235293903644211,0.24347105480790754,0.14514982764567602,0.3267397702896243,0.23378473188579646,0.36982537848875485,0.020647611564061988,0.7065237165194567,0.3229961960180035,0.47137314663479424,-0.02762310420133987,0.07410041285390295,-0.2050525714544971,0.050882628771743266,0.11667430771074766,-0.01975665238261558,-0.024524583920446066,-0.2157997644311476,0.21861784538265894,-0.49649963029765304,0.31276184367658105,-0.09237707271086475
0.07024971053724877,0.042506979838338406,0.07840660556180311,0.3029977521582305,0.3862092673722074,0.21840422932303447,0.24957901978545324,0.26069934023625835,0.11776228070485315,0.14095787605691487,0.35699515827934253,0.18017000555587595,0.15962496922998456,0.10277006000321394,-0.11508988409932988,1.0215673308936204,0.20235050322340387,0.21749370904194573,0.18829885505093058,0.08051270604084648,0.14340898475901917,0.4703248906399927,0.03302236594144984,0.1339406865142087,0.052328027107433665,0.14336616895469756,0.011346084237390648,0.19292639623517868,0.2315553049331127,0.0019495150244437718,0.11000387404811299,0.1616685940259413,-0.07295015613012,0.17576982755109588,0.4324746769978734,0.0072632429950675245,0.13622781195062716,0.053047856536776156,0.2937624419918373,0.1447933355349394,0.21365284494401007,0.18490712032646098,0.043027809360150694,0.2923642018356719,0.1434200957283953,-0.009028985756649337,0.1994105433337923,0.0045956214775917485,0.158698024559234,0.08286338258528153,-0.06646767933992853,0.05730081391999001,-0.09141212940468593,0.10624959676711736,-0.012456883908616339,-0.051408148394194976,-0.09789595518802059,0.0529215131853195,0.00982104560248987
0.12193851669669972,0.2995905671675978,0.41827325597497395,0.21573459992013422,0.13364608588960047,0.43058617068829574,0.15191743385186035,0.24871689593003643,0.3153004289894806,0.20554384700936235,0.31597390014901194,0.2946321079686643,0.132594422347748,0.20456341451218157,0.3641867038072449,0.20235050322340387,0.6264688311551435,0.3147512205032589,0.3296298626248809,0.34797550868522065,0.31233046590299585,0.3138222473602649,0.06985440907750746,0.24219350930428582,0.3297083967381866,0.22570601049744335,0.2386979746098108,0.3622311991055793,0.3605876552145872,0.0910767613715429,0.2070366123499068,0.32666984226788703,0.27346419867733035,0.31974122457641396,0.26697256395695845,0.25698185938376816,0.4037382504129375,0.20539673256699947,0.32679515084037514,0.10632648175334203,0.4111414426350131,0.28973213336150216,0.2715345679895393,0.2564017723440947,0.6042815823450421,0.26465481860442425,0.4148867059862813,-0.009471133153034588,0.031959614869879284,0.0374194022834603,0.05668152421939607,0.07414203397975218,-0.18507203215130377,-0.06962148867077787,-0.28090429296936176,0.12322375484223137,-0.2443503019742529,0.23709244828818324,-0.168742979194259
0.10527748264019526,0.396566890131294,0.359496419063974,0.19614185903808937,0.2216752882865972,0.27174751114228224,0.13674923431195604,0.27890472012123607,0.2391522584845269,0.28030606137120273,0.2153814889334592,0.09941426388231245,0.13116792050975684,0.11253585007031663,0.3772231881380537,0.21749370904194573,0.3147512205032589,0.9656835225794278,0.18432729713538407,0.10249970782964854,0.222634783736532,0.212501028411412,0.08075930401972181,0.184400951269482,0.2099447326433648,0.4556571467441691,0.0202075810807159,0.20999676352700933,0.3207188510411279,0.03187232151681611,0.08593755971210396,0.20321676302901767,0.19210743016643514,0.25147118477752406,0.18754203498927038,0.11244143616245933,0.18734269375022555,0.06044155847602189,0.1644713112637993,0.10369796923080263,0.3483249935600524,0.16061838179013108,0.28316403341046936,0.09179047765770852,0.7202291370921161,0.21181189986642499,0.34961855109136825,-0.020674879266842184,-0.07959901230616666,-0.20675522646370395,0.20614968882301202,-0.024231138509438793,-0.08736606357494128,0.015613004979464638,-0.17934320795916273,0.07041582081750224,-0.1555866024726793,0.15477178839164943,-0.12154577239882088
0.05475667570732057,0.012509014029102008,0.3957421549858895,0.07692903387087194,0.02920719043064623,0.4768970825419753,-0.04194822856053358,0.27330057081266523,0.2788014345416053,0.21474496099809734,0.21970154457640242,0.1705225282958905,0.15517012974557282,0.18239247906363643,0.1549624831451743,0.18829885505093058,0.3296298626248809,0.18432729713538407,1.4687302991439688,0.09060547277321676,0.28865783180628035,0.3280143181090733,-0.272237384438219,0.27735358095236373,0.3244849851831237,0.1844379703211716,0.12105463811963282,0.583289924833362,0.11355837110066473,0.286048089202646,0.2773056664359695,0.2308102176123374,0.529435037369976,0.08892441921555079,0.16308465275104506,0.22529475541298463,0.6037148780637344,0.09087797645485357,0.5533694623105565,0.03211188301804786,0.5090789780403591,0.2225955243677067,0.005783616943422544,0.34590201282247807,0.25277637957642685,0.27498606972477646,0.18227813481407332,0.022401916193145004,0.43823596480611576,1.048715423790846,-0.05029023966253603,-0.10023539743432021,-0.668814797943838,-0.18368199879474562,-0.14921176610577327,0.06056518376286764,-0.15032630037740666,0.13854562784692429,0.11525033507675364
0.09620783125778763,0.40055041946622216,0.2842507622943832,0.23488235920435457,0.17533799146199416,0.50490916703688,0.07341690856336466,0.24036243148141748,0.20007317441798553,0.07114481979727884,0.3689886450589606,0.3327986622204672,0.12679690760748633,0.25941219345032845,0.4251101216216864,0.08051270604084648,0.34797550868522065,0.10249970782964854,0.09060547277321676,1.0073804775380892,0.2648865770520515,0.11982405599382102,0.07266587901579169,0.29448372848138155,0.5015930302887839,0.19003339879076564,0.43360677821652654,0.19260283247515286,0.5163507051510046,0.18558124221389122,0.05490918544002758,0.4426612970113893,0.11536476968381264,0.45250092299349276,0.21214089317100754,0.15521882430054434,0.4947728762763591,0.4843730627458599,0.6140007378786706,0.2296733151385122,-0.013931190031631333,0.2729213653785627,0.6160402722977066,0.16322665000558317,0.7434329358763421,0.1937510891193772,0.42304115239530954,0.008239589276463467,0.23146802099245906,-0.14133306340527782,-0.059701022063006426,0.3770742215996295,0.07807316903541425,-0.08812130338225167,-0.11038698140935858,0.07989928341466863,-0.2871185757953693,0.21752410166207534,-0.03026393150158571
0.12552519122240013,0.2517847694088113,0.31980639324187404,0.16402709945420865,0.10031248926146505,0.36266809122042143,0.10807144350659287,0.18758682952800676,0.2609908987398581,0.13365256617121304,0.2512899676717243,0.23201899811852336,0.13481760269510254,0.19589294644921687,0.2744805800157435,0.14340898475901917,0.31233046590299585,0.222634783736532,0.28865783180628035,0.2648865770520515,0.5386269450374134,0.20635144888429438,0.2770010116728243,0.22759562908275482,0.254393914942189,0.16260454306800237,0.35426370666432627,0.23304327914508116,0.24682678747267614,0.20040435851640565,0.30640603921448933,0.26438969490750097,0.327807905303503,0.24544411986785666,0.23793095108892065,0.34440621794668713,0.30761250066734014,0.16319462237630006,0.4226960413315266,0.17791762343902903,0.45954633886075774,0.328130949045433,0.40676061864089574,0.29445306768381524,0.7726313797735258,0.26663993862484264,0.40721575486439765,-0.01690758485588602,0.1630444678348765,-0.12580739355111223,0.08912472217513193,-0.10655994390508686,0.06272688453276122,-0.024201756764904714,-0.19581102554442012,0.09632974208538213,-0.26317103020022703,0.20111800641004582,0.002900963580276331
0.12909430910785297,0.1365646283111497,0.38111466301579117,0.20778437784062695,0.16002176609930824,0.3131058913006965,0.17538315019602854,0.21030675790919415,0.5359029071404731,0.18644653309301298,0.266650528322938,0.19048697327544317,0.15286246784288207,0.14949830945693396,0.043625310861831024,0.4703248906399927,0.3138222473602649,0.212501028411412,0.3280143181090733,0.11982405599382102,0.20635144888429438,1.045027358145118,0.1337097205975858,0.1716706900217359,0.09544039590938168,0.22926407551821865,0.14824611412035993,0.19199714365949488,0.20468259120186347,-0.04591944890560679,0.3177158199637088,0.4079672769027242,0.07087301109237637,0.3384120315176087,0.2629646606820144,0.17293515575855237,0.20865852066591364,0.11162946053357417,0.4671379547712298,0.09419569623871209,0.23187641100090167,0.20327813267112457,0.03269685433399463,0.3515078025918616,0.20437894059768721,0.14938543946642768,0.2886400312029437,-0.0012504670652968765,0.08418914067257638,0.19025063680052082,0.01923538755067296,0.0840820212883296,-0.10716357079424679,-0.06514270956291329,-0.10889558912511015,0.1279293953777149,-0.16166137530615443,0.07942903630007005,-0.1674116106790377
0.1294467460126898,-0.02752471019183147,0.12149997951376461,0.12238449640701039,0.10623061762099,-0.007675687944796344,0.18235380943002602,0.044018848692848674,0.14171333808739295,0.13328877309606393,0.038436834570030526,0.08903786528902843,0.07668568857706595,0.06518687908004145,0.05133401743611904,0.03302236594144984,0.06985440907750746,0.08075930401972181,-0.272237384438219,0.07266587901579169,0.2770010116728243,0.1337097205975858,1.5302512863451785,0.17243144546274958,0.34658609732383594,-0.15817125864444678,0.38288768032070414,-0.0629544310619955,0.09470967927857321,0.3554100074003206,0.40988144632956786,0.059774408829774674,0.2938747670861023,0.2180511980740052,0.0004975291056139221,0.6473654888834687,0.25691563418940766,0.05795404490737122,0.7753275654641744,-0.012301584539520946,0.4779658581126074,0.1518317795274804,-0.005712769914388456,1.0305545032866892,-0.0008234087214484593,0.1352987306832264,0.145444859385417,-0.016945076374170684,0.2930814639732016,-0.7449426823674915,0.07696899177142001,-0.08280126925609642,0.37955569243990067,0.01501926996632597,-0.08767681749020323,0.04750888586931384,-0.028792385109398314,-0.028660333761760994,0.051235095611228985
0.08623228357638102,0.18633164434351848,0.2599918918638724,0.18656187565231427,0.1308653419317109,0.3210081507701362,0.1142796665860217,0.19145068044181973,0.19326754868397883,0.15590398993063873,0.23354898338296717,0.19927494362534687,0.1390822308079957,0.15804064682483243,0.21108684881887246,0.1339406865142087,0.24219350930428582,0.184400951269482,0.27735358095236373,0.29448372848138155,0.22759562908275482,0.1716706900217359,0.17243144546274958,0.6897187777240975,0.30285210577477517,0.03641319681276396,0.3636175574477664,0.24001673302869278,0.2720732476620138,0.45999366149051935,0.09842406637444048,0.5068442120670396,0.5119731659672389,0.38829642839946305,0.15108125502057837,0.33673403751931796,0.3191314837138294,0.16902420534531137,0.21041116222987513,0.019434359969190813,0.4084110093510573,0.23835429616963077,0.3843351903841527,0.26249943294083133,0.1690942212874128,0.3088313514326391,0.35000986123625255,-0.029750409065737317,0.45949352800820703,-0.17158656467359856,0.0024845734447652094,0.008970223488977568,0.1710344419550779,-0.12449936502204392,-0.06336975986100316,-0.04889943141261131,-0.12213352395409541,-0.03954804681934747,0.2735814665040856
0.1719804065617684,0.3132219481447091,0.2949030964279293,0.17978611546700865,0.10347517519594739,0.41035193717549256,0.09663479446873645,0.2066380365103218,0.13266965517495347,0.19333716434480422,0.22005292886281796,0.28493683349102367,0.1421080009221389,0.2425376641605773,0.3642099721039051,0.052328027107433665,0.3297083967381866,0.2099447326433648,0.3244849851831237,0.5015930302887839,0.254393914942189,0.09544039590938168,0.34658609732383594,0.30285210577477517,1.6712825546411063,0.0793204583074243,0.403806762067404,0.26345213753674007,0.8936889648520439,0.49215997460119704,-0.27336984079856946,0.282151707706633,0.17897192026626957,0.6286213770739861,0.3717089020931697,0.2444003072407144,0.36578908118382747,0.26927381994517857,0.6478977238754439,0.11446492422324948,0.36826444969054567,0.24050759083139464,0.5545800453782848,0.6341432196620994,0.5412639271861951,0.31627867933451453,0.48571383128778856,-0.05414587462555296,0.20168950691602688,0.05676570542671086,0.11201938237797439,0.24463691266549464,0.05783236930819347,-0.045498720099478106,-0.16295959488117545,0.17449058684584248,-0.21229104869121185,0.1525717073386596,-0.08681368003176085
0.06648468945606978,0.2319039025327869,0.2524738186285117,0.17383107877286558,0.15303337309758475,0.32342832316578485,-0.015680141790430657,0.19721638253047344,0.24985782625916672,0.18013944811275306,0.07852168868131647,0.1505637871807538,0.11821030524220119,0.31632833637017144,0.42950083060783395,0.14336616895469756,0.22570601049744335,0.4556571467441691,0.1844379703211716,0.19003339879076564,0.16260454306800237,0.22926407551821865,-0.15817125864444678,0.03641319681276396,0.0793204583074243,1.9069637081900899,0.20549301925027844,0.14630199220554482,0.2215393798756844,-0.3048995923992025,0.08457375172585103,0.3736911588920588,-0.1144401770509763,0.4008491554824622,0.31630097031138454,0.15854973270384332,-0.25637606746084796,0.09148201314199234,0.1805417794590611,0.3462394093843945,0.20464986532431034,0.20313755026510394,0.30039653187622783,-0.3581019496882127,1.0949253264874519,0.01717130469961495,0.3450974545611455,-0.0022219984538272204,0.09816896483840241,0.06123158459041245,-0.20932865487688376,-0.2807668146897106,-0.22812619502004786,0.11334445821899326,-0.1540939342130657,0.15603010307832005,-0.22521469246196535,0.18703030576034013,-0.16466645038937372
0.11748121513535364,0.3322702944728095,0.3149618618652906,0.12828485593440458,-0.0458181419320016,0.33287119384982566,0.08364684954593346,0.16337020029906604,0.26227977970514643,0.16399622184713117,0.2377386591721087,0.23959034539753318,0.05906397439619613,0.19659287070236217,0.27327830910456496,0.011346084237390648,0.2386979746098108,0.0202075810807159,0.12105463811963282,0.43360677821652654,0.35426370666432627,0.14824611412035993,0.38288768032070414,0.3636175574477664,0.403806762067404,0.20549301925027844,2.4810229160847816,0.25844682076934944,0.38976385968000493,0.2644081021173508,0.2192145592404436,0.4340277390366452,0.41359935223582367,0.4961529160976077,0.2952896502201842,0.8937368767008907,0.21294808441621696,0.18770346502261742,0.21220570129842456,0.3058562993453757,0.3179477392499325,0.39592616856364,1.9944756348458976,-0.20721010224744812,0.8641253718555266,0.1911991943635061,0.24361289147585968,-0.021635296501201166,0.5784878793953506,-0.23459619209428653,-0.17790794260929713,0.24989019412275382,0.2636006744209619,-0.1159311144581848,0.1698532991598709,0.1003233686700275,-0.15691296406586125,0.06137304617598052,0.032005484075311834
0.043634444576860075,0.21410833159564224,0.3848837713419058,0.08760934668073377,-0.02163313590351637,0.33260377308117056,0.007357921554425768,0.24629929257432148,0.19030989534572706,0.16335814069310498,0.1799593832019487,0.13736388337788263,0.10887971425653407,0.1557362286800509,0.20682836679368222,0.19292639623517868,0.3622311991055793,0.20999676352700933,0.583289924833362,0.19260283247515286,0.23304327914508116,0.19199714365949488,-0.0629544310619955,0.24001673302869278,0.26345213753674007,0.14630199220554482,0.25844682076934944,1.291305898989763,0.06848858801104683,0.16902910535038146,0.3629337672565371,-0.004035645888696723,0.5625683559392831,0.005293813715244757,0.6567711500172366,0.1340667878391466,0.5951133434475577,0.1043723159224987,0.36472107881822063,-0.04708496248852549,0.4190379006823797,0.2344091234709609,0.26531965942782454,0.9065768446953235,0.07873893080672231,0.09488627096432521,0.09502487886094851,0.011166346787174762,0.2692342006709915,0.7444418445097822,-0.008080484129026537,0.7116700535537072,-1.3831106824659334,-0.08452477974577445,0.10914420847090923,-0.01015659978253158,-0.1355962668430555,-0.029372692332818987,0.3346443402056126
0.15295761520401255,0.5086226037378317,0.39728365468237414,0.22427653854857788,0.20297179026002837,0.509013564343569,0.09579069066750374,0.2614296004942384,0.12311070180509538,0.1907918907944467,0.32570879931564334,0.31292644880219567,0.21594912573644293,0.22855425316381187,0.4212941391184168,0.2315553049331127,0.3605876552145872,0.3207188510411279,0.11355837110066473,0.5163507051510046,0.24682678747267614,0.20468259120186347,0.09470967927857321,0.2720732476620138,0.8936889648520439,0.2215393798756844,0.38976385968000493,0.06848858801104683,2.3656406156841725,-0.19881350908112697,-0.6053499715881665,0.4999276962616688,-0.23197405982105282,0.9064348873566537,0.2833939458400569,0.30688935201882933,-0.19965188597553007,0.17898410693291014,0.32401223034540433,0.30281651815661365,0.3566473702016213,0.21912086607875733,0.6141309784102545,-0.16601387058526912,0.6223180433296736,0.19361610055139422,0.525938217672389,-0.04500296045752841,0.1683114869262557,0.29871240057227716,-0.12306622969630815,0.10705855234071196,-0.2521645936037368,0.08864799287427895,-0.17573018036498045,0.014907885586930512,-0.30055768250832293,0.20117401716936462,-0.0016138456929555762
0.07437721389115837,-0.07749124622511527,-0.24756914424530205,0.0995504554047692,0.039552384455066,0.040829854815658186,0.1459352345403983,0.07442097031905778,0.025453661066644918,0.06349524361036539,0.070318419327029,0.056020004662809715,0.036502501505175367,0.09961725261032957,0.12771677796383776,0.0019495150244437718,0.0910767613715429,0.03187232151681611,0.286048089202646,0.18558124221389122,0.20040435851640565,-0.04591944890560679,0.3554100074003206,0.45999366149051935,0.49215997460119704,-0.3048995923992025,0.2644081021173508,0.16902910535038146,-0.19881350908112697,2.5370540666051755,0.3278813841138195,0.24399955237223514,0.5762146740569909,-0.17930312621401032,0.12361690409520909,0.39964403044182417,0.4869063143471299,0.13926535517397964,0.1805822765055115,-0.15214049898550663,0.4114005529010648,0.1754194667814755,0.47858379391014694,0.6267534152595804,0.08301329443694662,0.506189929673001,0.46370211382262033,-0.07870570313100325,1.175196513342975,-0.04335389597073828,-0.10720795296155564,-0.07227113629593798,0.4468447324690407,-0.09081637316270687,-0.03214227183511851,-0.016753315038717832,-0.14261929270096954,0.2365121485312941,0.09494629495457006
0.09494506879783603,-0.047150847436171484,0.20256991235161848,0.08531072940021528,0.03538746929083243,0.12445366798551095,0.11876368511873184,0.07044612100600744,0.3345491297144245,0.11945464820928796,0.14829614397985225,0.09804577317182007,0.04681081403593399,0.0853863171747073,0.0767622660546041,0.11000387404811299,0.2070366123499068,0.08593755971210396,0.2773056664359695,0.05490918544002758,0.30640603921448933,0.3177158199637088,0.40988144632956786,0.09842406637444048,-0.27336984079856946,0.08457375172585103,0.2192145592404436,0.3629337672565371,-0.6053499715881665,0.3278813841138195,1.7299792863603454,0.32645262498361816,0.40959171050905785,0.007926503059228636,0.2965906382597794,0.36020613431347326,0.6648309743863892,0.11895592547449463,0.40255165313779284,-0.0791314331391314,0.20639956299873652,0.25998601863579035,0.028150134346122735,0.745175874318407,0.03140453859069583,0.2494559465271207,0.1979102372910666,0.012357358730629753,0.02851707768831095,0.3357568419178812,-0.11650382733207194,0.1844110854954191,-0.1402652103586488,-0.18544085101046426,0.037043696895309466,0.24229766221079896,-0.010911016430155742,-0.007198758410579255,-0.1721837925587787
0.09750558472152644,0.27416204121666876,0.30434839421683996,0.25246482469086196,0.2151008441209808,0.455842271338948,0.12462027623197978,0.16555196245584203,0.3850457845376948,0.16235892776106062,0.31874969365468075,0.3090320359304682,0.15565064069042334,0.19925119399684058,0.3482778662216996,0.1616685940259413,0.32666984226788703,0.20321676302901767,0.2308102176123374,0.4426612970113893,0.26438969490750097,0.4079672769027242,0.059774408829774674,0.5068442120670396,0.282151707706633,0.3736911588920588,0.4340277390366452,-0.004035645888696723,0.4999276962616688,0.24399955237223514,0.32645262498361816,1.8230073713610668,0.05036564750344516,0.7268798653495244,0.07054153221521797,0.3586335354791394,0.02977471027166898,0.26293491656075046,0.44772321665177794,0.1988418899218641,0.1721165200330308,0.2811272392271483,0.40993249711581836,-0.07943522899356847,0.5611746728037802,0.3706183535821003,0.5967986032237632,-0.028377379675063156,0.29699953989638694,-0.23025851426369134,0.0753824501993389,0.028491759658191042,0.180829379721751,-0.19629318343496666,-0.33448302494235777,0.2460991756087137,-0.2502290877052404,0.14297203915639933,-0.11830978017246196
0.11603241307246066,0.10073217783474042,0.3752854699980904,0.14854791533961131,0.03325216641755758,0.26107067046329824,0.10766310255476244,0.16709457766628188,0.27804454662528055,0.2105156027614694,0.12515070218974475,0.1390567120237882,0.0889666361416801,0.16766740775879366,0.1917202180622439,-0.07295015613012,0.27346419867733035,0.19210743016643514,0.529435037369976,0.11536476968381264,0.327807905303503,0.07087301109237637,0.2938747670861023,0.5119731659672389,0.17897192026626957,-0.1144401770509763,0.41359935223582367,0.5625683559392831,-0.23197405982105282,0.5762146740569909,0.40959171050905785,0.05036564750344516,1.915849969749956,-0.14414601416716416,-0.2966071110171723,0.4108846273450227,0.48010869821065455,0.1015509774657072,-0.005591106722855141,-0.26807668886329644,0.5394547594359016,0.2759268893413542,0.44817716264668744,0.6018580099995701,-0.13307721644230416,0.47130926444695886,0.24635096577743204,-0.04130461525600502,0.7444512233707301,-0.27613704716511794,0.002201071036979457,-0.027838220029604094,0.2724430569668704,-0.28366958788812174,-0.053559020016437316,0.062377250523102765,-0.13533629676480716,-0.0299372869735093,0.2886903089674054
0.12194968452883895,0.3576460541835766,0.39616930738986605,0.2183461354126879,0.16410370637028837,0.4453312046961252,0.07575366337055657,0.2284462873796318,0.28123450453993276,0.1864593405332319,0.3033839476094882,0.2765128206914559,0.16996681572319947,0.23129115419082472,0.3790514452283595,0.17576982755109588,0.31974122457641396,0.25147118477752406,0.08892441921555079,0.45250092299349276,0.24544411986785666,0.3384120315176087,0.2180511980740052,0.38829642839946305,0.6286213770739861,0.4008491554824622,0.4961529160976077,0.005293813715244757,0.9064348873566537,-0.17930312621401032,0.007926503059228636,0.7268798653495244,-0.14414601416716416,1.9824725589020304,0.33066101608348736,0.06883738482766492,0.3058919818581458,0.1972972764606831,0.2275628743581711,0.09173924357010434,0.229707012558651,0.3069537593198799,0.8969247739082203,0.20670881947990757,0.4536016115846462,0.11892453648641206,0.6802217547769955,0.03590897981805498,-0.12455100996037664,-0.19131941221995694,0.03071198043362388,0.2178085793541816,0.1493178378537188,-0.1013146122947546,-0.10508643632935936,0.11607572342615825,-0.3001938100247323,0.165776020102429,-0.026268394558423752
