1.3144160940676675,0.47927263008639615,0.46707216386045336,0.16730232517716387,0.3298258288712677,0.15581079381139623,0.36952895292700555,0.22440985484503834,0.182396888285848,0.2208984254529344,0.23360870395237252,0.2700003206266768,0.2587859727918715,0.27655337216328935,0.17577772027653182,0.1958789800304891,0.20004687635545215,0.31789732205708854,0.20319224575068814,0.12089415120720773,0.19241487227042722,0.408298123191901,0.24834718513990686,0.141534018338413,0.2305832398851502,0.20702534137593118,0.19433016892840577,0.16224767797657824,0.1855498386064992,0.21734813486236174,0.21022733091951382,0.2357097381696708,0.20984549533443442,0.06840413346742778,0.14076219476348856,0.21080048473723684,0.26729332463415917,0.35259520343382494,0.2106795387166938,0.11257977867554368,0.2685264912010784,0.16086299109328567,0.21482433614968524,0.3856192115553592,-0.06575784582138254,0.3073604313100146,0.1976082104881283,0.015161096939820087,0.24149402372354947,-0.07936363887089348,0.0018040468912163747
0.47927263008639615,3.0736096291602286,1.2830966390621437,0.2587971808375921,0.20278913833223863,0.15623519842445582,0.3918627373705546,0.2854755242191993,0.31185109904501995,0.3428634315109273,0.318669469229463,0.32225850277723883,0.28472997145068596,0.19072297777099007,0.35855205860758654,0.1417913037773857,0.34449816127233757,0.34262731010762204,0.18562917019212916,0.38799673956202113,0.2580582307827195,0.30196716814232305,0.09508358709205691,0.14128969896070412,0.2720845192127089,0.46874572354337873,0.24663007520419963,0.2799368775258706,0.41924303134311847,0.0962665799854625,0.28233029720426306,0.1493946454478113,0.23797084458509513,0.3758665009258909,0.33988387676393017,0.2826220161121977,0.647904219542607,0.3509779433563912,0.22302107526333873,0.061443922390365474,0.2936983920286268,0.2882723865022563,0.37325549030346794,0.20772895899252544,0.47716401668262015,0.4437332149979593,0.18133876926449513,0.02276147615812774,-0.00217122132789046,-0.0660096537527108,-0.04431006772130292
0.46707216386045336,1.2830966390621437,2.888870769137128,0.030211786672394842,-0.16192857804648697,0.21003595668385236,0.1516827340906081,0.26334865098333343,0.4081842688897299,0.20222120854521933,0.21226484628160164,0.23490524723140246,0.17134969187293098,0.14466963313885203,0.22682131266863015,0.07111040293536716,0.31674240227271755,0.12276185161491646,0.0672648440192501,0.22823168317674633,0.17518947967078388,0.2754937247213521,0.07500663798982951,0.13865552053996408,0.2263872285259934,0.38390095124011114,0.12504382035650888,0.18991437523497443,0.3115497573257718,-0.4233296990132847,0.18602094715426798,0.09385713820739407,0.11875695073140702,0.40048912571289436,0.2152060420688398,0.2833608877442521,0.32458249107083265,0.22519780491662403,0.07351708168630079,-0.24119079233243207,0.23566176922291415,0.20775969460396196,0.1055234365765613,0.13309773045694176,0.34000095676820613,0.3862638935627463,0.01887138282518476,-0.048435654941497305,-0.30220737262813113,-0.025038150571605522,-0.04834787536240223
0.16730232517716387,0.2587971808375921,0.030211786672394842,1.1549212534355662,0.7293230556904295,0.29590308772056756,0.42074003877030103,0.37994338783735127,0.12770356107345723,0.3887264762838859,0.32818479726760097,0.3644058164792241,0.37889174662547115,0.3167546889704421,0.214561049218231,0.26467947823804855,0.2789021598372227,0.38532236934019687,0.39836012076155713,0.26373517493809934,0.26274674757599187,0.4384583518993364,0.3199825047763784,0.23262159553548503,0.314038568703425,0.2572331147430307,0.2628355234469822,0.1935001866593888,0.2813411727774915,0.24027891155312112,0.2888150389567335,0.29545756372639004,0.2437819215874725,0.3724896218562676,0.20584207795244922,0.2791611874054092,0.31216449307617883,0.35064487811509687,0.346833038095543,0.2392888976543203,0.324878999708823,0.24284326153164357,0.3090966961540087,0.4584670136897903,-0.01807452259018328,0.39075302659706823,0.38896702540495676,0.021734538115654952,0.12279672497417853,-0.06795392224912854,-0.032099366291410344
0.3298258288712677,0.20278913833223863,-0.16192857804648697,0.7293230556904295,1.5170667971518872,0.17443381900667995,0.42287063027292815,0.3481608515875666,0.028683463137993335,0.4299558200149644,0.32536924475650675,0.3458843085763604,0.4132948014520454,0.27814263472948403,0.28592223629089847,0.2924093345155687,0.2428323869008376,0.39002314629050494,0.6377313166286196,0.2703657617228205,0.23598305399390654,0.43007100209933025,0.3362602087601142,0.22949108880573146,0.29135030583612764,0.2164689016860989,0.2759409950307249,0.19240956552612384,0.3164185589858759,0.34718345402418954,0.2799831438788955,0.28858999963420917,0.22632909218736802,0.3461640123202342,0.23747741418403606,0.3445236905979729,0.25260760182778663,0.2625845338900577,0.3329913375637849,0.26643322572035677,0.3579961437347155,0.2574031183472043,0.20080486848884527,0.3961164818502978,-0.11820983955031189,0.41846728870957245,0.3572438532759354,0.019734721560113872,0.16140595460322077,-0.07925304924232564,0.01366099834663315
0.15581079381139623,0.15623519842445582,0.21003595668385236,0.29590308772056756,0.17443381900667995,0.9343053941867103,0.08216412055034149,0.6510799437214316,0.23857620857205236,0.34597939066691963,0.45472478849891984,0.36936079170622693,0.4023419926871891,0.26386313410665163,0.25031503109406755,0.27245315006145315,0.4020838755265957,0.3049350631738516,0.45011764130502163,0.43004229922787374,0.32577695481392144,0.5026188370993191,0.25997939559037697,0.28533421135655845,0.36003420752370235,0.3830743916054759,0.31527389616745993,0.20460203452180042,0.41356819982335075,0.0717826031794873,0.3077586991950019,0.283084603845564,0.16159063330253365,0.5271052216825066,0.22725874780071856,0.20773725928673098,0.4051741603374334,0.4157276185315496,0.3882038822406101,0.3411547248902734,0.2612806879294854,0.3019335250045817,0.42284048414996916,0.41794265470537323,0.18385793540382048,0.3547986397197138,0.6000518122099019,0.0253434906243979,0.06758205076184054,-0.06213523389197841,0.023598058195972788
0.36952895292700555,0.3918627373705546,0.1516827340906081,0.42074003877030103,0.42287063027292815,0.08216412055034149,0.7972276847664234,0.18089024685199015,0.24156405577632045,0.2154045645668003,0.2950123639871075,0.4077615049737196,0.3319594048451804,0.12288288763758973,0.1334065370774377,0.2545137998383254,0.2469853480313139,0.4204066645891053,0.20550699088901317,0.13684519351993812,0.23678536470557945,0.4628048633477366,0.31062570841830583,0.184088731169281,0.26057269915224884,0.25867905138536074,0.25038770359080226,0.15699470267159552,0.19509485858945544,0.18189930784068833,0.26553296005061167,0.1491519929003683,0.24993287068321968,0.20532632909166332,0.11177665398810507,0.271552153856582,0.2619058879610706,0.30421574038978294,0.2592735514516734,0.19053231509281063,0.20543846151476683,0.19552267369604523,0.2680441085675888,0.3691076417673381,0.058508437465761266,0.30905590053028004,0.06320783231223318,-0.008770532809580603,0.28438492798646653,-0.058597474533515985,-0.014980909213960746
0.22440985484503834,0.2854755242191993,0.26334865098333343,0.37994338783735127,0.3481608515875666,0.6510799437214316,0.18089024685199015,1.1285388188863363,0.04482124997835842,0.5557968040294292,0.47853976591442504,0.2343732624427004,0.45524053258101593,0.28254848290251394,0.3236985028710988,0.19400296786323618,0.4758749095163435,0.3893440722946151,0.4270036571965109,0.42881555296931395,0.35511660855441085,0.44989631250580275,0.3045831617760457,0.253097990374862,0.41131823081598223,0.3569238094647734,0.31008285972985616,0.2334862882873557,0.43092433057555807,0.1442902449546834,0.3246623337571127,0.2708628102539593,0.19683552280474065,0.5938860018391328,0.3118848279568894,0.21637966454881263,0.5020600522112747,0.39027266239012537,0.5765738034611595,0.33448353961255983,0.3972818680028279,0.29335130536565696,0.43913485080597636,0.5064039847648832,0.13464147966880285,0.4024159429143103,0.7690888073592702,0.06881308963607143,0.05445483268646984,-0.032123512419155655,-0.00236975445066527
0.182396888285848,0.31185109904501995,0.4081842688897299,0.12770356107345723,0.028683463137993335,0.23857620857205236,0.24156405577632045,0.04482124997835842,0.8235820427539238,-0.007962860663693816,0.13235232243134784,0.22076037802159007,0.18463631809283476,0.14830726894579896,-0.008106690007221458,0.2876165226255259,0.1613464681698019,0.20061386034458328,0.11493138163760734,0.12247555240122524,0.1696232031628618,0.29448438606717986,0.12236123085350593,0.13172773509278898,0.11250772880215394,0.2851850658857265,0.16685360231724156,0.1330817610172011,0.15705017594077827,0.0015251992537049538,0.18202127100597276,0.1489408274533972,0.10316342404882839,0.2118773680763554,0.1497329063925493,0.13406366926604038,0.212863373355943,0.22684121208490798,0.12328789742221193,0.07938482027694228,0.09222380852836237,0.16451960170131463,0.21435015401714577,0.18730758608778067,0.19044953565174813,0.16748919798026585,-0.050307073018814576,0.00203216202511616,0.3349257380649908,-0.01434033831801867,0.006781947984094228
0.2208984254529344,0.3428634315109273,0.20222120854521933,0.3887264762838859,0.4299558200149644,0.34597939066691963,0.2154045645668003,0.5557968040294292,-0.007962860663693816,1.0268615706063677,0.4724333796718629,0.32764048037944715,0.4223118825212424,0.2946368294748633,0.3962214096408112,0.10778085785037421,0.4550451098173944,0.4147113757297576,0.343428812858631,0.346170299884388,0.29640513706409205,0.38229059637754287,0.33679326288627187,0.25417719657505244,0.35545701761721366,0.2171531943734786,0.30015233794554697,0.3048846898883252,0.3793733624999488,0.32599646978082997,0.3247192926532077,0.3069715393618915,0.30549013422613597,0.5823101743372697,0.38006376881183146,0.26461633771348314,0.5518938931401542,0.3726983784196579,0.48247865626457415,0.30387514579217906,0.5146291988434383,0.27330025131207053,0.3736017086907995,0.583504532640347,-0.12163128667424666,0.4759433497675684,0.9291954543279644,0.10193913007703695,0.06241099207757945,-0.07019150900926989,-0.0030878313829216927
0.23360870395237252,0.318669469229463,0.21226484628160164,0.32818479726760097,0.32536924475650675,0.45472478849891984,0.2950123639871075,0.47853976591442504,0.13235232243134784,0.4724333796718629,0.7453809134952859,0.46112517375892953,0.5167010829119578,0.24117210306720044,0.3261234747035754,0.28441487210719735,0.5603834164299527,0.34104230332920454,0.3207553281051365,0.36308665944549917,0.30706158447599946,0.47487307660600586,0.28692052400337287,0.29355227704797215,0.3561261039164399,0.37028840620027026,0.35595598017286184,0.29494531161226945,0.37374812239989136,0.18642143678807968,0.3441143601719245,0.2644277043242274,0.24133251846313955,0.46568723638918913,0.3592732247022141,0.28783513196983224,0.46564527842678527,0.36710293657848514,0.40056860620545204,0.3012769947992894,0.3607648927297847,0.32621094503605613,0.3354597689805471,0.4508570169580158,0.03356571536698574,0.4336728063660956,0.6007895511066107,0.04352137495541086,0.06911915047167218,-0.08008315177964813,0.018785206919370502
0.2700003206266768,0.32225850277723883,0.23490524723140246,0.3644058164792241,0.3458843085763604,0.36936079170622693,0.4077615049737196,0.2343732624427004,0.22076037802159007,0.32764048037944715,0.46112517375892953,0.7724059033047744,0.3886186453861328,0.21604404991022333,0.1817153396436675,0.2538295788189058,0.3649725300218833,0.4444635465999361,0.2983587460711289,0.22184755784843785,0.261390219022525,0.47636445420786744,0.3196912516132813,0.23116053961964175,0.34946756804402557,0.3565603737706652,0.348355341777057,0.18671989870237768,0.28847782884415724,0.08757647569126441,0.3316710886743716,0.25134173670070437,0.2674241804783598,0.37086334519219716,0.16881821987955983,0.3179241879816974,0.3169935550826252,0.35969304665347696,0.2462133835136641,0.25351835179670607,0.24750581843142724,0.25427405458445407,0.30891497744694046,0.3721225236434974,0.04774560545163059,0.37181487964958937,0.34470095543432777,-0.00046595386466026793,0.14349585431061274,-0.10715335205505615,0.008825920740948533
0.2587859727918715,0.28472997145068596,0.17134969187293098,0.37889174662547115,0.4132948014520454,0.4023419926871891,0.3319594048451804,0.45524053258101593,0.18463631809283476,0.4223118825212424,0.5167010829119578,0.3886186453861328,0.8988345294964949,0.26792399572555764,0.07609576802642345,0.3178230128186881,0.4558331958928807,0.4023011652851424,0.3751628363168035,0.24746507415031782,0.3207502480814745,0.7020800444572779,0.3250998653285062,0.24727788701236642,0.2999334120850157,0.2959825777392851,0.37255487467365794,0.3041384533350375,0.3506848828205829,0.26596006043054865,0.32304502460591994,0.27189529419849795,0.25611889762628476,0.3972094450158289,0.3660739433058696,0.2712218344039861,0.4361238582061715,0.36590674530506484,0.4960659742039313,0.2943076660499848,0.381816248823142,0.27898039250842493,0.3455659560989441,0.6197348245437446,-0.13456335007748602,0.4259917568057688,0.5336595584970231,0.015013706368924318,0.35922007123289507,-0.03366566377391452,0.006676095813774366
0.27655337216328935,0.19072297777099007,0.14466963313885203,0.3167546889704421,0.27814263472948403,0.26386313410665163,0.12288288763758973,0.28254848290251394,0.14830726894579896,0.2946368294748633,0.24117210306720044,0.21604404991022333,0.26792399572555764,0.6511669223681301,0.19586648486663463,0.3281418609097799,0.24767154214579878,0.13898718495956647,0.23142618572329385,0.21648665241952128,0.17764875564051513,0.33280161666809094,0.1641369707922145,0.18589558853766433,0.2367780773717447,0.17683745727459038,0.19017951030295652,0.21299102352997762,0.23272051479524195,0.2437216672497337,0.1918498270200711,0.5095748794070171,0.15865697469055073,0.31500233342344097,0.2826155293965595,0.16844950064954686,0.31423474324444334,0.32336571668956016,0.2212147083095936,0.12330494600345591,0.3695059143897696,0.22680408525437334,0.19037115166855245,0.3835539420595484,-0.15507421374511834,0.3117046171549631,0.43290732718052916,0.06238565625873428,0.3771529413707646,-0.04673816603764853,-0.00021830992836718657
0.17577772027653182,0.35855205860758654,0.22682131266863015,0.214561049218231,0.28592223629089847,0.25031503109406755,0.1334065370774377,0.3236985028710988,-0.008106690007221458,0.3962214096408112,0.3261234747035754,0.1817153396436675,0.07609576802642345,0.19586648486663463,1.2047213628167568,0.07486754560215952,0.3592355300379543,0.11029033041493602,0.22897547880548658,0.3276716190956897,0.17544038320192512,-0.04632056651262827,0.2275130168942542,0.2527389010957126,0.3805429015426573,0.13367483158618834,0.16678211272643167,0.21625014706456447,0.37302616536806843,0.3004815119013404,0.18695487436916974,0.21452844395895385,0.107222676751874,0.4875311530144925,0.3364875681529655,0.24750786073681066,0.32672386093141487,0.034911947408373493,0.26820869235345385,0.1420823571783701,0.3803683557918522,0.22683424837717703,0.1797220651843829,0.2218664270298239,0.022679082397396237,0.40421993943835877,0.5125246950703317,0.10652164417298418,-0.15996999629729097,-0.029922141851086336,0.026176509796698656
0.1958789800304891,0.1417913037773857,0.07111040293536716,0.26467947823804855,0.2924093345155687,0.27245315006145315,0.2545137998383254,0.19400296786323618,0.2876165226255259,0.10778085785037421,0.28441487210719735,0.2538295788189058,0.3178230128186881,0.3281418609097799,0.07486754560215952,1.6376673082984539,0.3382413754446167,-0.015111772474592713,0.21681352200690446,0.32662833254414464,0.23117936700238745,0.338452156293483,-0.14866663921690992,0.21831742823920328,0.3102363249589608,0.1828036063057117,0.40204732781586655,0.3032506439193485,0.3054851858831934,0.33461282954970234,0.2805205322837712,0.2404889488891463,-0.04619424289135868,0.29607019857823874,0.5964102399295105,0.2171820865950531,0.492050049881291,0.24029917859330352,0.35007982515240316,0.2768954905676184,0.24490975350995917,0.47200528225397287,0.28042672967242027,0.030966553954781262,0.44219104884949745,0.23524133324710614,0.2412412301536425,0.0050557109859638025,0.20650134780445026,-0.03284755080322636,0.0384755975051732
0.20004687635545215,0.34449816127233757,0.31674240227271755,0.2789021598372227,0.2428323869008376,0.4020838755265957,0.2469853480313139,0.4758749095163435,0.1613464681698019,0.4550451098173944,0.5603834164299527,0.3649725300218833,0.4558331958928807,0.24767154214579878,0.3592355300379543,0.3382413754446167,1.2557333463000189,0.07217802999167161,0.2717712326177905,0.5339440817054268,0.290179524481584,0.45402107314515694,0.10258267622603766,0.31916366795858037,0.40465311016248656,0.40639730418888753,0.38970858332146974,0.52323972135804,0.29812994530644665,0.24595199995571324,0.3405332992462076,0.2471047014167229,0.3540553365236404,0.5219493672694782,0.5368926298089645,0.24393684714116157,0.7767977819208881,0.528435776738021,0.27054878889495004,0.30009551600237877,0.4047836399680937,0.49507325454197476,0.45771180426027686,0.42225153222448997,0.24457535137114814,0.4625349910826275,0.7747302547112027,0.07853285389129527,-0.024639352727457087,-0.1501664876150161,0.017073111259074868
0.31789732205708854,0.34262731010762204,0.12276185161491646,0.38532236934019687,0.39002314629050494,0.3049350631738516,0.4204066645891053,0.3893440722946151,0.20061386034458328,0.4147113757297576,0.34104230332920454,0.4444635465999361,0.4023011652851424,0.13898718495956647,0.11029033041493602,-0.015111772474592713,0.07217802999167161,1.9152512465238505,0.3012500211568401,-0.2943750492891002,0.4098131558281619,0.715375586770451,1.0439969831328573,0.09179283688850055,0.3795386841619204,0.2262985106721822,0.3341659858104752,0.17904680678413562,0.3374691042177376,0.2639045236747458,0.61005633427624,0.18682080041137844,0.5230489921481787,0.37009019376176616,0.05634426506645492,0.5027999368639624,0.4254914875766601,0.3662952063917589,0.41528681030906,0.285233447480075,0.37706459935203795,0.0441932811431479,0.6864408717792362,1.0152254346108152,-0.20251068100201686,0.5702253450283078,0.5831162306049074,-0.033827541018105714,-0.1130144262342722,-0.053396667675713404,-0.002547791151600001
0.20319224575068814,0.18562917019212916,0.0672648440192501,0.39836012076155713,0.6377313166286196,0.45011764130502163,0.20550699088901317,0.4270036571965109,0.11493138163760734,0.343428812858631,0.3207553281051365,0.2983587460711289,0.3751628363168035,0.23142618572329385,0.22897547880548658,0.21681352200690446,0.2717712326177905,0.3012500211568401,0.7991542525295563,0.350870538593419,0.2478265302821186,0.43860941332400294,0.23818056168235838,0.2120270115660464,0.27936962540897864,0.24027996290420015,0.2623236061537282,0.20199713733137906,0.3430206474721561,0.26372183680203715,0.2603515860571881,0.24265184278605287,0.19809317323151218,0.38242313440689324,0.21178836235654408,0.28315269409518307,0.27355070721520697,0.3077648532701917,0.3205281522850467,0.2578921769698228,0.30614150831869574,0.24375995529420144,0.2961417039497078,0.3578941674001161,0.06506565762698777,0.3928081570863469,0.3441661734694054,0.00940553728646533,0.04359388295349972,-0.06692185015504781,0.010567856519949983
0.12089415120720773,0.38799673956202113,0.22823168317674633,0.26373517493809934,0.2703657617228205,0.43004229922787374,0.13684519351993812,0.42881555296931395,0.12247555240122524,0.346170299884388,0.36308665944549917,0.22184755784843785,0.24746507415031782,0.21648665241952128,0.3276716190956897,0.32662833254414464,0.5339440817054268,-0.2943750492891002,0.350870538593419,1.7187825916946737,0.19293844023807247,0.03192003201108383,-0.07771625831591046,0.2978297512124647,0.2437649718272842,0.5652463907307156,0.36481289522479987,0.1588585704973246,0.5416219748692297,0.23662950383655432,0.13227860322236656,0.1475346835431886,-0.24826666963756108,0.619073085972171,0.5365415248551921,0.18831794651098602,0.6560309205724563,0.4598836892572472,0.20061737993269854,0.458637470297821,0.28396372924035324,0.5198587819039774,0.5489531358227878,-0.43803336188533143,1.1876597358776326,0.3024261214117309,-0.028187133014308204,0.08163473956779171,0.40576063109490795,-0.044377686730787146,-0.009402960635732436
0.19241487227042722,0.2580582307827195,0.17518947967078388,0.26274674757599187,0.23598305399390654,0.32577695481392144,0.23678536470557945,0.35511660855441085,0.1696232031628618,0.29640513706409205,0.30706158447599946,0.261390219022525,0.3207502480814745,0.17764875564051513,0.17544038320192512,0.23117936700238745,0.290179524481584,0.4098131558281619,0.2478265302821186,0.19293844023807247,0.5583979685763293,0.36207757812677877,0.26835358143095683,0.2225105023747094,0.2648765922733282,0.25479240774864526,0.27069887638191303,0.2940053547083859,0.23650645802961445,0.28531965719439095,0.3660788808099307,0.19589839010279037,0.4100600608317992,0.3018139066017663,0.22127415519801003,0.21337233805576225,0.606639829969218,0.5628483953007087,0.42303369136709684,0.36262661674165925,0.34456752259939244,0.2955001699775544,0.6945726651931078,0.5944374282287623,0.4304622221950628,0.3560563103292757,0.4731303166175132,0.11236314983256714,0.04701382581431924,-0.020572177307771743,0.0001425798134454423
0.408298123191901,0.30196716814232305,0.2754937247213521,0.4384583518993364,0.43007100209933025,0.5026188370993191,0.4628048633477366,0.44989631250580275,0.29448438606717986,0.38229059637754287,0.47487307660600586,0.47636445420786744,0.7020800444572779,0.33280161666809094,-0.04632056651262827,0.338452156293483,0.45402107314515694,0.715375586770451,0.43860941332400294,0.03192003201108383,0.36207757812677877,2.6943309601533785,0.6758073267279551,0.27948544477013654,0.3708664415983229,0.3582288744141757,0.39036650230064124,0.3986898381270185,0.1008478117785456,0.4149572959666807,0.3834169571644073,0.37036399221190847,0.6242999745427996,0.3738245074509547,0.2924616907040818,0.3480806423579062,0.5806404195628968,0.7983545218889009,0.45429875803416353,0.39764692553472325,0.35324686150384016,0.3753981596658733,0.40224371507248535,1.3641937906771808,-0.8083948948944032,0.6821939932856006,0.4610575614278168,-0.31436550758669807,1.3850079556275088,-0.10441473480170844,0.003887286422102805
0.24834718513990686,0.09508358709205691,0.07500663798982951,0.3199825047763784,0.3362602087601142,0.25997939559037697,0.31062570841830583,0.3045831617760457,0.12236123085350593,0.33679326288627187,0.28692052400337287,0.3196912516132813,0.3250998653285062,0.1641369707922145,0.2275130168942542,-0.14866663921690992,0.10258267622603766,1.0439969831328573,0.23818056168235838,-0.07771625831591046,0.26835358143095683,0.6758073267279551,1.704394779126469,0.4071914793920136,0.3905576898427075,0.10219443500343633,0.1361352309560448,-0.10344080275881079,0.3938359733540356,0.31727527519994403,0.1513217964375736,0.21985017895994363,0.36852276477813106,0.3396751838434918,-0.17807360667152722,0.45802721821684367,0.035017215770376274,0.2887477596593697,0.28586405949342003,0.2795949506543102,0.4817218262214073,0.0193964517252465,0.40022222891233855,1.1954769478474667,-0.8635216690297876,0.5865055921486367,0.6135069718594472,0.01028433135701477,0.3605460253734657,-0.06550070701405208,-0.002561292704419241
0.141534018338413,0.14128969896070412,0.13865552053996408,0.23262159553548503,0.22949108880573146,0.28533421135655845,0.184088731169281,0.253097990374862,0.13172773509278898,0.25417719657505244,0.29355227704797215,0.23116053961964175,0.24727788701236642,0.18589558853766433,0.2527389010957126,0.21831742823920328,0.31916366795858037,0.09179283688850055,0.2120270115660464,0.2978297512124647,0.2225105023747094,0.27948544477013654,0.4071914793920136,0.8019684042114054,0.32436818308870863,0.13611957179547582,0.17012326537231387,0.17579084234814826,0.1949679125394264,0.2769244815011215,0.3530384248600166,0.1694929435141747,0.15929600643272737,0.12465793011141292,0.202106226727756,0.28502373603774406,0.28506883477441125,0.30886838434310576,0.23513438314173984,0.21309005500729294,0.3571957339407269,0.20587874544243492,0.10833478091056642,0.4107095763302232,-0.17461056763792548,0.36778814314459113,0.40209287439947144,0.051057982203864906,0.10743850584238236,-0.11264225282337403,0.01391740175708624
0.2305832398851502,0.2720845192127089,0.2263872285259934,0.314038568703425,0.29135030583612764,0.36003420752370235,0.26057269915224884,0.41131823081598223,0.11250772880215394,0.35545701761721366,0.3561261039164399,0.34946756804402557,0.2999334120850157,0.2367780773717447,0.3805429015426573,0.3102363249589608,0.40465311016248656,0.3795386841619204,0.27936962540897864,0.2437649718272842,0.2648765922733282,0.3708664415983229,0.3905576898427075,0.32436818308870863,1.0748146292580034,0.20255955110547982,0.3019571543379143,0.18346331369261654,0.4793951683405652,0.16815675384455522,0.35128211083493277,0.2323731683302358,0.1836025360628818,0.566766063423454,0.30611187884574936,0.29765109152898395,0.36703906343134635,0.23075373253126236,0.39989838970484215,0.2186928112807042,0.31768932189020527,0.24696635579767956,0.34531930022420654,0.4573907249770477,0.030547362684848603,0.5184441455947535,0.5031666232199882,0.02265595329489954,-0.0940919189461914,-0.10311098891408581,-0.002335356420301822
0.20702534137593118,0.46874572354337873,0.38390095124011114,0.2572331147430307,0.2164689016860989,0.3830743916054759,0.25867905138536074,0.3569238094647734,0.2851850658857265,0.2171531943734786,0.37028840620027026,0.3565603737706652,0.2959825777392851,0.17683745727459038,0.13367483158618834,0.1828036063057117,0.40639730418888753,0.2262985106721822,0.24027996290420015,0.5652463907307156,0.25479240774864526,0.3582288744141757,0.10219443500343633,0.13611957179547582,0.20255955110547982,2.0754608217387145,0.26979919358505006,0.1896577205222247,0.13651212811295751,-0.3883289647286519,0.1795181285660014,0.13291508944331104,0.20501757646273872,0.5248216935387814,0.2558573659159425,0.22405816172134257,0.13229289173913986,0.19198954483344563,-0.4834634473233775,0.25472031111245597,0.10475977964889227,0.5025372658323501,0.6680046721354455,-0.18946709681164564,0.9729429942078833,0.1828067356000072,-0.312625343884682,-0.03606114721495258,-0.0022879855322057658,-0.09409164703336284,0.01855180035824295
0.19433016892840577,0.24663007520419963,0.12504382035650888,0.2628355234469822,0.2759409950307249,0.31527389616745993,0.25038770359080226,0.31008285972985616,0.16685360231724156,0.30015233794554697,0.35595598017286184,0.348355341777057,0.37255487467365794,0.19017951030295652,0.16678211272643167,0.40204732781586655,0.38970858332146974,0.3341659858104752,0.2623236061537282,0.36481289522479987,0.27069887638191303,0.39036650230064124,0.1361352309560448,0.17012326537231387,0.3019571543379143,0.26979919358505006,0.9301927817732366,0.2746827069931177,0.2912171187624441,0.25089038583176715,0.35758873509804856,0.2686334467217534,0.14707080503285294,0.35216901804881146,0.35808331978657115,0.405011691596038,0.49716414070489356,0.4404905418763011,0.26187523602697077,0.31521527606656147,0.3962257611966515,0.3191007233127359,0.615015074992078,0.034072153277191174,0.534340975147885,0.3429321778816847,0.2717939144842259,0.011745412684936781,0.07225952247825054,-0.04059404175921795,0.01979276105529208
0.16224767797657824,0.2799368775258706,0.18991437523497443,0.1935001866593888,0.19240956552612384,0.20460203452180042,0.15699470267159552,0.2334862882873557,0.1330817610172011,0.3048846898883252,0.29494531161226945,0.18671989870237768,0.3041384533350375,0.21299102352997762,0.21625014706456447,0.3032506439193485,0.52323972135804,0.17904680678413562,0.20199713733137906,0.1588585704973246,0.2940053547083859,0.3986898381270185,-0.10344080275881079,0.17579084234814826,0.18346331369261654,0.1896577205222247,0.2746827069931177,1.2353696522995175,-0.08839303236870114,0.6152004081770467,0.3684214789133663,0.19310044455907352,0.7235555818965604,0.3016173907711697,0.823542367631077,0.20407509741135652,0.9995786706227434,0.4729051216863956,0.30491006208263977,0.2638741273949255,0.3345912738391348,0.37656399573030724,0.5360500853204515,0.8875902470740129,0.0693161294686799,0.4921519026129582,0.6172944527753244,0.14187646536114945,-0.02139425738299003,-0.03356546656243865,0.006143632609437969
0.1855498386064992,0.41924303134311847,0.3115497573257718,0.2813411727774915,0.3164185589858759,0.41356819982335075,0.19509485858945544,0.43092433057555807,0.15705017594077827,0.3793733624999488,0.37374812239989136,0.28847782884415724,0.3506848828205829,0.23272051479524195,0.37302616536806843,0.3054851858831934,0.29812994530644665,0.3374691042177376,0.3430206474721561,0.5416219748692297,0.23650645802961445,0.1008478117785456,0.3938359733540356,0.1949679125394264,0.4793951683405652,0.13651212811295751,0.2912171187624441,-0.08839303236870114,2.6472432896263487,0.15930582339198576,0.082108834824539,0.3252688194562813,-0.3136414593337999,0.7357915966520894,0.29800928948999295,0.7415507382221734,-0.3292734145506046,-0.2986899330434553,0.45034895993206614,0.11623795932643236,0.4909105510761476,0.14998274593605906,-0.004252525277915431,-0.4750915260568728,0.3865529724425502,0.4257771246114768,0.4977307463058886,-0.1419864886085079,0.10510562094020917,-0.056911879024493225,0.03226536732280843
0.21734813486236174,0.0962665799854625,-0.4233296990132847,0.24027891155312112,0.34718345402418954,0.0717826031794873,0.18189930784068833,0.1442902449546834,0.0015251992537049538,0.32599646978082997,0.18642143678807968,0.08757647569126441,0.26596006043054865,0.2437216672497337,0.3004815119013404,0.33461282954970234,0.24595199995571324,0.2639045236747458,0.26372183680203715,0.23662950383655432,0.28531965719439095,0.4149572959666807,0.31727527519994403,0.2769244815011215,0.16815675384455522,-0.3883289647286519,0.25089038583176715,0.6152004081770467,0.15930582339198576,4.047549153997981,0.2584326114410696,0.21358027911054123,0.2571372385209068,-0.21331277137744606,1.0064427101573257,0.20474465606101006,1.4932734599733515,0.9462497693549187,0.9081802329407275,0.192492795735152,0.9603680300702171,0.2793367048775663,1.3696053947543463,1.4114059526616805,0.22338913286249876,0.4950242757940334,1.0331441587206682,0.3022209485830187,0.7261104157940315,-0.004125384897316841,-0.008731042679113909
0.21022733091951382,0.28233029720426306,0.18602094715426798,0.2888150389567335,0.2799831438788955,0.3077586991950019,0.26553296005061167,0.3246623337571127,0.18202127100597276,0.3247192926532077,0.3441143601719245,0.3316710886743716,0.32304502460591994,0.1918498270200711,0.18695487436916974,0.2805205322837712,0.3405332992462076,0.61005633427624,0.2603515860571881,0.13227860322236656,0.3660788808099307,0.3834169571644073,0.1513217964375736,0.3530384248600166,0.35128211083493277,0.1795181285660014,0.35758873509804856,0.3684214789133663,0.082108834824539,0.2584326114410696,1.018389061546098,0.17215347452124813,0.23115568564017425,0.2410249179073139,0.39433075418093494,0.4769898401466741,0.6354766046833407,0.5013817366666077,0.40744702994332216,0.24157918489983618,0.37923689591597337,0.2468087988245157,0.2458124951411919,0.5057193011025688,0.19429708585902744,0.4676276067636014,0.5067599362185081,0.004084204657887559,-0.4291548288943464,-0.06395504681869306,0.003585972519755147
0.2357097381696708,0.1493946454478113,0.09385713820739407,0.29545756372639004,0.28858999963420917,0.283084603845564,0.1491519929003683,0.2708628102539593,0.1489408274533972,0.3069715393618915,0.2644277043242274,0.25134173670070437,0.27189529419849795,0.5095748794070171,0.21452844395895385,0.2404889488891463,0.2471047014167229,0.18682080041137844,0.24265184278605287,0.1475346835431886,0.19589839010279037,0.37036399221190847,0.21985017895994363,0.1694929435141747,0.2323731683302358,0.13291508944331104,0.2686334467217534,0.19310044455907352,0.3252688194562813,0.21358027911054123,0.17215347452124813,1.1813123513685984,0.15077086556391373,0.4690702832667638,0.24124257388437173,0.22830879543867813,0.16306199309623065,0.41140309565723665,0.25885050651177216,0.10104209696223146,0.42377631113339,0.2345485444697997,0.13424788758589665,0.4463685331772855,-0.2556995499412639,0.35953599276502696,0.5310329275234785,0.050306717326186016,0.2489789794309585,-0.06508945237051116,0.0222643628039424
0.20984549533443442,0.23797084458509513,0.11875695073140702,0.2437819215874725,0.22632909218736802,0.16159063330253365,0.24993287068321968,0.19683552280474065,0.10316342404882839,0.30549013422613597,0.24133251846313955,0.2674241804783598,0.25611889762628476,0.15865697469055073,0.107222676751874,-0.04619424289135868,0.3540553365236404,0.5230489921481787,0.19809317323151218,-0.24826666963756108,0.4100600608317992,0.6242999745427996,0.36852276477813106,0.15929600643272737,0.1836025360628818,0.20501757646273872,0.14707080503285294,0.7235555818965604,-0.3136414593337999,0.2571372385209068,0.23115568564017425,0.15077086556391373,2.5564591274031967,0.06069534801599467,-0.40954251492324345,-0.1603368165800562,0.9662265575500291,0.6459556131786113,-0.040551956779817336,0.3417506953441534,-0.38733664014176744,0.32996199389563113,0.7782971162055643,1.270181816684,-0.7450599399636707,0.5024596715955869,0.8499634469507397,0.17860126941337268,0.2678644950438944,-0.13950572314553614,-0.018247619269738564
0.06840413346742778,0.3758665009258909,0.40048912571289436,0.3724896218562676,0.3461640123202342,0.5271052216825066,0.20532632909166332,0.5938860018391328,0.2118773680763554,0.5823101743372697,0.46568723638918913,0.37086334519219716,0.3972094450158289,0.31500233342344097,0.4875311530144925,0.29607019857823874,0.5219493672694782,0.37009019376176616,0.38242313440689324,0.619073085972171,0.3018139066017663,0.3738245074509547,0.3396751838434918,0.12465793011141292,0.566766063423454,0.5248216935387814,0.35216901804881146,0.3016173907711697,0.7357915966520894,-0.21331277137744606,0.2410249179073139,0.4690702832667638,0.06069534801599467,2.5799363270919113,0.8763002385700996,0.09151840039760485,0.783049920609487,-0.0029186664962035226,0.4896581785827214,0.23906368777966341,0.38957703562317003,0.46360418155484034,0.8233166299100583,0.5195423676935507,0.7964172391844755,0.5077343356048122,0.8656809000710981,0.11787038610750003,0.21863945620670225,-0.11695555455197797,0.041812834028202156
0.14076219476348856,0.33988387676393017,0.2152060420688398,0.20584207795244922,0.23747741418403606,0.22725874780071856,0.11177665398810507,0.3118848279568894,0.1497329063925493,0.38006376881183146,0.3592732247022141,0.16881821987955983,0.3660739433058696,0.2826155293965595,0.3364875681529655,0.5964102399295105,0.5368926298089645,0.05634426506645492,0.21178836235654408,0.5365415248551921,0.22127415519801003,0.2924616907040818,-0.17807360667152722,0.202106226727756,0.30611187884574936,0.2558573659159425,0.35808331978657115,0.823542367631077,0.29800928948999295,1.0064427101573257,0.39433075418093494,0.24124257388437173,-0.40954251492324345,0.8763002385700996,2.6794604209250537,0.16705948658046843,1.2394765713465863,0.043199300021778346,0.605654935321826,0.32694134163093436,0.6737399086293429,0.5078061520104645,0.5276857730065366,0.41978716451469,0.8755461817184856,0.5983720105758809,0.651264516151883,0.12662691152064223,-0.2922355652193961,-0.0399405648148896,0.03937466790306902
0.21080048473723684,0.2826220161121977,0.2833608877442521,0.2791611874054092,0.3445236905979729,0.20773725928673098,0.271552153856582,0.21637966454881263,0.13406366926604038,0.26461633771348314,0.28783513196983224,0.3179241879816974,0.2712218344039861,0.16844950064954686,0.24750786073681066,0.2171820865950531,0.24393684714116157,0.5027999368639624,0.28315269409518307,0.18831794651098602,0.21337233805576225,0.3480806423579062,0.45802721821684367,0.28502373603774406,0.29765109152898395,0.22405816172134257,0.405011691596038,0.20407509741135652,0.7415507382221734,0.20474465606101006,0.4769898401466741,0.22830879543867813,-0.1603368165800562,0.09151840039760485,0.16705948658046843,2.2163571138890203,-0.25867920994604304,-0.09860906166295018,0.12850470420623608,0.05858881600708302,0.7189311415547139,0.18519554561609233,-0.8901225462490027,-0.46456052026323796,-0.04251228860995571,0.6389089055774932,-0.021297123730241688,-0.45284283973962897,-0.9847899015507344,-0.02997416037571049,0.006695677803685229
0.26729332463415917,0.647904219542607,0.32458249107083265,0.31216449307617883,0.25260760182778663,0.4051741603374334,0.2619058879610706,0.5020600522112747,0.212863373355943,0.5518938931401542,0.46564527842678527,0.3169935550826252,0.4361238582061715,0.31423474324444334,0.32672386093141487,0.492050049881291,0.7767977819208881,0.4254914875766601,0.27355070721520697,0.6560309205724563,0.606639829969218,0.5806404195628968,0.035017215770376274,0.28506883477441125,0.36703906343134635,0.13229289173913986,0.49716414070489356,0.9995786706227434,-0.3292734145506046,1.4932734599733515,0.6354766046833407,0.16306199309623065,0.9662265575500291,0.783049920609487,1.2394765713465863,-0.25867920994604304,4.2551170508040865,1.4891064915027663,0.7053817938231473,0.5897047900517447,0.41944585578429566,0.8077231257764297,1.539470562415842,1.3187960261480922,1.482287815723195,1.00858309743923,1.5969820957525624,0.461744203935827,0.318746616584986,-0.027508297064893196,0.009255171880914376
0.35259520343382494,0.3509779433563912,0.22519780491662403,0.35064487811509687,0.2625845338900577,0.4157276185315496,0.30421574038978294,0.39027266239012537,0.22684121208490798,0.3726983784196579,0.36710293657848514,0.35969304665347696,0.36590674530506484,0.32336571668956016,0.034911947408373493,0.24029917859330352,0.528435776738021,0.3662952063917589,0.3077648532701917,0.4598836892572472,0.5628483953007087,0.7983545218889009,0.2887477596593697,0.30886838434310576,0.23075373253126236,0.19198954483344563,0.4404905418763011,0.4729051216863956,-0.2986899330434553,0.9462497693549187,0.5013817366666077,0.41140309565723665,0.6459556131786113,-0.0029186664962035226,0.043199300021778346,-0.09860906166295018,1.4891064915027663,3.087819876388423,0.6050619647843258,0.6004133416880758,0.33313532011084956,0.5001678129263691,1.1391230106110632,1.6079277246112942,0.6463032520286912,0.38199316949160445,0.8450857851876966,0.275417991180654,0.4999805084190655,-0.0727537504326253,-0.04882027023941103
0.2106795387166938,0.22302107526333873,0.07351708168630079,0.346833038095543,0.3329913375637849,0.3882038822406101,0.2592735514516734,0.5765738034611595,0.12328789742221193,0.48247865626457415,0.40056860620545204,0.2462133835136641,0.4960659742039313,0.2212147083095936,0.26820869235345385,0.35007982515240316,0.27054878889495004,0.41528681030906,0.3205281522850467,0.20061737993269854,0.42303369136709684,0.45429875803416353,0.28586405949342003,0.23513438314173984,0.39989838970484215,-0.4834634473233775,0.26187523602697077,0.30491006208263977,0.45034895993206614,0.9081802329407275,0.40744702994332216,0.25885050651177216,-0.040551956779817336,0.4896581785827214,0.605654935321826,0.12850470420623608,0.7053817938231473,0.6050619647843258,2.2961135804506934,0.4176928009666721,0.47160293166671774,0.08269501502308321,0.16575028851212123,1.0061222079393364,0.1786893580068041,0.28120580386094657,0.8032752028577587,0.15473359767255956,0.7244160123658887,-0.044357171371303926,-0.027234019792448327
