1.0328361392688414,0.28343215948462236,0.48044067098654664,0.045183738502629675,0.2640048411903407,0.18343067706799313,0.23747041638143154,0.20937824229171279,0.10943310668432772,0.1556157472475376,0.12567273965758172,0.16832419805374219,0.0877493574308043,0.1928918503372002,0.16530611202390996,0.1375331304598568,0.06984656239609945,0.21870805056804848,0.08006460924932463,0.11544609233022143,0.12420140491402987,0.17402889689734463,0.1673702039832239,0.04376392976609147,0.19737707222536185,0.1346655601996189,0.10190618878851344,0.06546675487717232,0.1466216783260301,0.21207572886455023,0.10566850254983533,-0.01632697043638808,0.10691672061940861,-0.03891767583141827,0.10877197411516734,0.04407689372720875,0.14385351063527071,0.15600752846764415,0.1664357595252824,0.0566985008697921,0.09680113025577261,0.09836768226855924,0.18091477383298615,0.13519431680380936,0.09272139241213814,0.10407729248798035,0.19972617776484772,0.008430296221948175,0.21118053035548484,-0.08126473480516891,-0.0045463621741468835,0.027714577393987846,0.028489669434003908,0.011285461990445481,0.09602826408226216,-0.010976115839647372,0.03645007920478556,0.1558864581714018,-0.26748577602184814
0.28343215948462236,3.2820062798865512,1.9456543193103195,0.2634856430702938,0.12087562135575974,0.31113170149314895,0.21054035560494253,0.31812810700934796,0.14633668082386428,0.3551355774576278,0.22734894176418946,0.28422613602599256,0.18267932197794468,0.195277607537935,0.2684898258030892,0.1797113648054929,0.3402211181248313,0.39241356915157893,0.15490932091333154,0.48672224617637116,0.28251317555588934,0.2318116085580894,0.2362876561241654,0.3009209894505079,0.3227989433798817,0.22351349460180842,0.26818053522963287,0.31375606917874854,0.862551646764748,0.5637840736499918,0.011056468441903153,-0.02032098702473025,0.3823855154757669,0.3087663709744931,0.35122438637832026,0.23923404603398082,0.6386972817589804,0.03911372527766636,0.29965608697009655,0.17201625391780118,0.32149732921446317,0.2452691727450247,0.30640951281378825,0.09838817022791381,0.13074483290519112,0.14259790990941937,0.3620801340848016,0.004474023275790318,0.015696961378934362,-0.10586566758481965,0.08517294416960217,0.032214912265075626,-0.04874628005934829,-0.057345077238466616,-0.6825111111251809,-0.24794679749937257,-0.6939377069197992,0.4759118727201967,0.8051816976918713
0.48044067098654664,1.9456543193103195,4.242263302886903,0.20940348562648542,-0.07198692317482698,0.4428498494150678,0.25611986926370817,0.3937281433315927,0.3460415766097148,0.35309508183520666,0.22940926917918822,0.3186908556068713,0.14763580983178604,0.23070263427557997,0.3821058013382329,0.1720454828392747,0.31848963092915744,0.42090345433450943,0.1806888221778985,0.41673239792020395,0.3203010433199277,0.34817542175790445,0.2999728567519677,0.38232382998834197,0.39562566643731967,0.21838799134765186,0.26042227338487967,0.38751497987234906,0.8555350527994873,0.525882985595376,0.228723870712413,0.13860932798328632,0.34016718481257807,0.2843825545544799,0.5601643670856133,0.3728408545715978,0.42276977852019787,-0.09219792354315358,0.420102904373594,0.34627885083437543,0.35435462414209135,0.3252429281416459,0.2803072556895557,-0.06402570547065889,0.4084650409066178,0.40659868690726353,0.4753880141199898,-0.04517819518743976,0.3271636724975372,-0.027445565614741242,0.015844635187270667,0.24464119504786147,-0.10598361553799647,-0.10070306316200871,0.12523993627063423,-0.06209512729562771,0.10106748552975815,-0.01808506236242191,-0.14032970400649966
0.045183738502629675,0.2634856430702938,0.20940348562648542,2.318800806761428,0.229975557040269,0.437967740908593,0.38080462867424947,0.40935596645622013,0.26371192366885204,0.2885427935429259,0.3923046055137654,0.5558173329034408,0.27551040012601213,0.4505131244683921,0.32496793491943676,0.4575258282498729,0.28004924013878013,0.20034865990118342,0.3145212552814475,0.28055065612637486,0.2729757915970651,0.38177643504955255,0.2876948783896456,0.3297155710748227,0.3320577188452757,0.3239626845100389,0.3297910576428723,0.030536159519009707,0.18331005314849066,0.2026064392563268,0.15422416055748447,0.2716343174004602,0.36999845638355067,0.2686251937892747,-0.37334995926691716,0.07671597702647656,0.2414237568474298,0.4294645836977505,0.39579719191603646,-0.23633022129948988,0.14934669198110476,0.25489254842684306,0.31861007520031415,0.640185351002801,0.004937616331481786,0.10728436951957705,0.2962441696206855,0.022725505989219887,0.30600710025111727,-0.11145626234080998,-0.03322945231616022,-0.029444591024293244,-0.0070689202484036035,-0.18653875107847606,-0.11831912091786506,0.01438610024091238,-0.07392933877641095,0.2364773086138287,-0.26790920637142934
0.2640048411903407,0.12087562135575974,-0.07198692317482698,0.229975557040269,1.0435005415791831,0.3868261079278655,0.3311835628999564,0.3756110718128158,0.15391787094495332,0.12571971763610693,0.2689620855628117,0.33163104219358563,0.19192291538110837,0.2129003648587582,0.19747559935577466,0.2518870455615542,0.1504220722350494,0.17515103957281003,0.16901364324732585,0.2095233313920265,0.21171793826751958,0.21784084547761515,0.16957280572303143,0.21322226289409474,0.1947961091823464,0.2873765452180429,0.19495354222018246,0.007509489681547443,0.20397787302591186,0.10460253725374875,0.10095867104337625,0.27878105217253935,0.12789274685927232,0.2697460872579141,-0.07568765594478805,0.07929613168593533,0.06397766878984412,0.22426821842342673,0.22874316170682682,-0.006460580715549828,0.12365015799181797,0.22027152303099404,0.17550502975015977,0.19364725332886235,-0.04916341594768368,0.09335166312397625,0.20504625982155805,0.01000086989232286,0.304031970682624,-0.13065296037690338,0.05106262487244146,-0.05648411924933294,0.04674668558914127,0.056763239467229144,0.06361787409794765,-0.05964841253954486,-0.04779796601334874,0.07786817543687029,-0.05495685177167905
0.18343067706799313,0.31113170149314895,0.4428498494150678,0.437967740908593,0.3868261079278655,0.8411038525090804,0.23872731256741245,0.44008120308950766,0.2290201315791707,0.10629635695147169,0.3154830723917301,0.36367939646705444,0.19104991339040933,0.22605927259112005,0.27083485153502657,0.23899434567720576,0.21573929494498875,0.19795823006852442,0.22513941692904724,0.34273148194715514,0.24949887178686583,0.2829146809763433,0.19663827029487255,0.28463079635877453,0.29445525170982556,0.32023103170695744,0.2684757686620672,0.1595780055040503,0.41642911971080127,0.21845916141623334,0.13466842226009393,0.3326929192051801,0.14913394999782878,0.30882088148336684,0.14321324513211764,0.08558969592079721,0.18397782527375087,0.2643558609698298,0.31285707527060613,0.08337231956637321,0.11395167919991678,0.2388455354145464,0.3219655565370927,0.26932706572375875,0.1381982727553437,0.15659771782701126,0.3126808725035277,0.002171720147077507,0.2856293641404112,0.010889129078255655,-0.16998751933634823,0.04851157998592077,-0.13131418284056443,0.020026959581556637,0.058892540149215404,-0.06165794098174564,0.000770177252797242,0.20795579706249237,-0.1830210485403234
0.23747041638143154,0.21054035560494253,0.25611986926370817,0.38080462867424947,0.3311835628999564,0.23872731256741245,0.7330749151187916,0.22750536408657732,0.2610990870073502,0.00856753402201487,0.24087322944560846,0.3665859409994536,0.1703163764489379,0.17999792920341326,0.20590320125998662,0.22520513040622447,0.16129247538474595,0.167933713781936,0.15234742322832528,0.19651089871652533,0.23062444856099154,0.2799960410503444,0.14019634208732182,0.2200082371357797,0.22595300393139595,0.265444290813429,0.2104849577959195,0.0760846396037167,0.20794097773658352,0.1928336056916908,0.13811924672108264,0.20033137181554694,0.19910189187731248,0.24173784121888586,0.061458595524852416,0.10928175920407249,0.1647913761020333,0.20849877677395898,0.2518915324613628,-0.013928684399634114,0.14642423499025992,0.21574371110174526,0.2464985914895434,0.20937163474586024,0.015792340801740395,0.16370813315901667,0.1759084594952246,0.0017087249730257192,0.35276038152401423,-0.015369400989139973,-0.046910792999269056,-0.13297538553979485,0.03639336979493863,-0.11705734905616018,0.08916372638285144,0.03449126275527362,-0.09193180531387507,0.13041832051547458,-0.20911907891654613
0.20937824229171279,0.31812810700934796,0.3937281433315927,0.40935596645622013,0.3756110718128158,0.44008120308950766,0.22750536408657732,0.826884692806655,0.11833544260752436,0.23263163878017096,0.28077117972271187,0.09986662515817718,0.22540400130837432,0.24871005206250002,0.25860125926669897,0.2133544040093965,0.22109496539834023,0.25288840611541397,0.2521412774278671,0.3042651372218617,0.25150471731693985,0.24286007849928598,0.19484827468522833,0.26639784157846785,0.28137631769140575,0.2470290112538095,0.22847374691486882,0.19524829080955328,0.3215808415613323,0.37463657571364745,0.22532397184916342,0.14881999570121146,0.24414070766614226,0.26274362013759556,0.21751070707576167,0.13216203968105666,0.33810650848247,0.2468428015316598,0.4102175143758986,0.18074541127505922,0.21007960073978335,0.22825780541118415,0.3187188701409161,0.2339500886686203,0.18192400206398499,0.23296557404226428,0.3995104858267464,0.015874833905529996,0.2736778095642571,0.10793293301056188,-0.05822474048011437,0.023542731639552093,-0.08364573507827058,-0.11364930671319776,0.07317260625768919,-0.1641892354105936,0.18050851088450084,0.14599433567167536,-0.08870779337867975
0.10943310668432772,0.14633668082386428,0.3460415766097148,0.26371192366885204,0.15391787094495332,0.2290201315791707,0.2610990870073502,0.11833544260752436,0.7411506380838786,0.1605859019856259,0.2077211395567752,0.2834802784230045,0.16373929357537068,0.19778601992544542,0.2927698053352828,0.20231177125180172,0.21219918239441302,0.14060038730901292,0.17626925389777146,0.19553991996169828,0.212799368446198,0.3471192848219571,0.12808659418826082,0.2330289428926791,0.19264256116956785,0.30394659808203583,0.23683906688236647,0.1496426769469871,0.11158331060129018,0.20381504797181657,0.23942711487061238,0.24684555969192154,0.20968599923971706,0.2035818934412113,0.15193626293618245,0.14162046175886472,0.1867836365374553,0.24395968099559617,0.2390114673539994,-0.041758893119100915,0.18842169276800352,0.19935630574084548,0.21777751554231256,0.1924117034280379,0.011453588571719185,0.18114234511541552,0.22027350982276156,-0.002087271298556328,0.47001001393299463,-0.1059067093201591,-0.00044912141205887977,0.019844675841106187,0.04619054770447757,-0.09217651144686444,0.11207585702079224,0.1518652956471522,-0.005874191315518423,-0.011120978034429343,-0.36365737833313183
0.1556157472475376,0.3551355774576278,0.35309508183520666,0.2885427935429259,0.12571971763610693,0.10629635695147169,0.00856753402201487,0.23263163878017096,0.1605859019856259,1.371646968334897,0.24119701505281607,0.36230904722067736,0.2200197749478012,0.3055737967373619,0.2913791231134416,0.27108442865770355,0.3238179348524212,0.4238683874388187,0.308039771492592,0.028462989026340996,0.1123691379119049,0.24508394506412187,0.31578705253906797,0.21607788403648345,0.25819404126780143,0.15246587483373866,0.24455722131925756,0.2393602908430324,0.1832910276845076,0.20866470530458567,0.2708573919466146,0.14262807609542197,0.14862810757208997,0.3631477551414963,0.3539902042831703,0.2582044955527293,0.33013606215559954,0.17825700367398986,0.27805049156903394,-0.0065045317861397054,0.2649207570571203,0.10554757197122273,0.03513393380368042,0.28563060632819104,0.0037406568586663743,0.2091017888832058,0.3699890279481608,-0.01892785997889352,0.11321596167091863,0.017713268927346083,0.011786820146489034,0.11662646014807493,-0.10226722758331079,0.011076237229273252,-0.16196184938222344,0.06374635227294241,0.18038190081470357,-0.5438282032814259,0.22950505599730903
0.12567273965758172,0.22734894176418946,0.22940926917918822,0.3923046055137654,0.2689620855628117,0.3154830723917301,0.24087322944560846,0.28077117972271187,0.2077211395567752,0.24119701505281607,0.5136094707008926,0.3323514518803483,0.2716368190694332,0.25235096400245544,0.3108203579654971,0.26563109261771173,0.2979942966137546,0.15521653837872185,0.19392152401969046,0.31765408832887276,0.2247082166037018,0.2379542455487197,0.13416914954437043,0.24355463912250716,0.24088916800432406,0.2584881125470305,0.26662403694193826,0.15954674824714238,0.25950085060558,0.20151602936699634,0.17656232842530248,0.2567919232553078,0.16177380757328444,0.29199088664011286,0.2060012629638164,0.15338803861783473,0.20311733474633517,0.21245852545100072,0.31947503641135355,0.040762461200782994,0.19262267944943842,0.22446502585993403,0.2056720282886509,0.18884343641629228,0.10016975877190565,0.1975698783604224,0.2549413087124033,0.0011790164329507676,0.2519152117315327,-0.04394816363303118,-0.03978703155502162,0.03754911565346561,0.02323334390361176,-0.018587974044282002,0.0343991531721197,-0.013388139408696972,-0.007605900431125423,-0.017134981633179686,-0.12259550446845381
0.16832419805374219,0.28422613602599256,0.3186908556068713,0.5558173329034408,0.33163104219358563,0.36367939646705444,0.3665859409994536,0.09986662515817718,0.2834802784230045,0.36230904722067736,0.3323514518803483,0.8272874922027457,0.16856086404974854,0.24447532812664854,0.21933479725356358,0.3011945130823104,0.25145350103463127,0.2599681443530605,0.20925049191244008,0.19016029327205208,0.20380179182004557,0.2902815965597949,0.22076524835449307,0.22804900368945738,0.29725198316588763,0.3383339786734895,0.30121048180330245,0.05174970299976336,0.25387746396606825,0.08199477784914434,0.09359667159446644,0.31257124434213135,0.09683103378474277,0.346343913822861,0.1676492524363645,0.14668729888381507,0.07513480903700176,0.22703653729696857,0.2521413265734079,-0.06801754109921497,0.1477233899290192,0.19601804568547004,0.1925563885823078,0.26492186067318924,0.014072084274046893,0.1601742986168633,0.21684986823596883,-0.01020142249984561,0.30687281066293004,-0.203573520499541,-0.04737905864677222,-0.010094478483656091,0.11544903895369932,-0.00881029341694644,-0.03942811140137003,0.10051487812796014,-0.11466096650004769,0.029418983324618588,-0.26888654119877287
0.0877493574308043,0.18267932197794468,0.14763580983178604,0.27551040012601213,0.19192291538110837,0.19104991339040933,0.1703163764489379,0.22540400130837432,0.16373929357537068,0.2200197749478012,0.2716368190694332,0.16856086404974854,0.47293093359657623,0.2458316244800957,0.14229240431265722,0.2517303007474427,0.24766156402493447,0.1241412300013238,0.21379679984720482,0.20512288349505148,0.16893156852916724,0.2642450105306606,0.10918846312175218,0.2137193079161614,0.19468054650507893,0.16342457227635893,0.21022788207500293,0.17893580055942143,0.2503939191803872,0.23909791592658705,0.14974600836449956,0.15018797103653503,0.17408238463322792,0.2339318580562717,0.1996069543450125,0.1415196441487195,0.21763842734340721,0.15908820873407398,0.2663128198152258,0.06932074630157439,0.18123303007535285,0.1712763780874968,0.1859502681613189,0.19612435947911064,0.019656788322553066,0.18979833290185008,0.22334372644598052,-0.0043317678682278414,0.24832210511158462,0.07772035298810705,-0.009543355448762579,-0.06916494455731217,-0.03215123736097166,-0.04160418973176409,0.016582954516672813,-0.07589611588460198,0.02324337868133738,-0.06925711223979848,0.06838871182509322
0.1928918503372002,0.195277607537935,0.23070263427557997,0.4505131244683921,0.2129003648587582,0.22605927259112005,0.17999792920341326,0.24871005206250002,0.19778601992544542,0.3055737967373619,0.25235096400245544,0.24447532812664854,0.2458316244800957,0.7117743516369509,0.32016550529179905,0.39212774393601774,0.2695700605246329,0.1766839319457521,0.1963151109105741,0.2735365836230899,0.21079125540318172,0.28827795152651464,0.17853493507637552,0.2441369943191929,0.2588286061937981,0.26731709565155193,0.21566852976328535,0.21720879810544233,0.16918753120980762,0.26931774532813746,0.1921112509134519,0.17400086133729722,0.2241785948718388,0.197000339388267,0.21031315910595805,0.16588475009771725,0.31125798579653186,0.2715970460504956,0.19759112772381032,0.008584800991350656,0.22599459746799674,0.20904636496816822,0.3023861725849233,0.22960841975168672,0.0914300363533943,0.19411888519272075,0.2898933848440856,0.006217610547224626,0.3449642578217744,-0.017090418429588892,-0.011552490760859633,0.07780309975027865,-0.04987932858785806,-0.0344623227358553,-0.01065574172107842,0.01352093428594156,0.012583382998328601,0.22128251302660185,-0.3059740573004218
0.16530611202390996,0.2684898258030892,0.3821058013382329,0.32496793491943676,0.19747559935577466,0.27083485153502657,0.20590320125998662,0.25860125926669897,0.2927698053352828,0.2913791231134416,0.3108203579654971,0.21933479725356358,0.14229240431265722,0.32016550529179905,0.9456476554415942,0.26302440913693526,0.2654292146605386,0.1466440810765231,0.19106225492489357,0.35471045077832025,0.2591545514157198,0.19037501115421537,0.146246008246211,0.29438447551300906,0.27305577358475136,0.23035376992139317,0.2750521577617649,0.28364677778248065,0.25707195412078465,0.27325066069417897,0.252646039115423,0.24009457231942377,0.29057918120699144,0.22777025243771074,0.19888049107052383,0.17544869771565536,0.4100610149156648,0.20665651567094698,0.2789625037676308,0.01328551161328063,0.24246759660621245,0.2524401919875012,0.23683911849263453,0.12393043573992531,0.1195629441408452,0.20744342313136582,0.2846560422675834,0.014169123309983383,0.2882597285778185,0.23470252682930415,-0.18771768339445857,0.3623789886583031,-0.2785781289329345,-0.11303151229909018,0.07325244276856945,0.06770996945189803,-0.010417371692473698,-0.001912005921883317,-0.11379672862093854
0.1375331304598568,0.1797113648054929,0.1720454828392747,0.4575258282498729,0.2518870455615542,0.23899434567720576,0.22520513040622447,0.2133544040093965,0.20231177125180172,0.27108442865770355,0.26563109261771173,0.3011945130823104,0.2517303007474427,0.39212774393601774,0.26302440913693526,0.5685306289939939,0.29254853280408377,0.1380240149017174,0.2513637256237786,0.24453793149918718,0.2216049263348852,0.3388329630620295,0.1612415444113923,0.24568178426183615,0.27221341862635584,0.2561713285550958,0.2674842056938576,0.20132375662564947,0.1835262225176814,0.2631887620646188,0.16309008042824683,0.2059819435253773,0.17855065045122337,0.2592642241092152,0.2707286716833595,0.18295307306594008,0.2761884423496536,0.25505402536439353,0.23451627279172743,0.014895873945297263,0.23280687386266455,0.23094334682297737,0.2832336474251549,0.2628818933039175,0.05892791005367322,0.19915201914668373,0.2568921284303822,-0.005004511532356914,0.3037802372585005,-0.09720937175767264,-0.033986927711272354,-0.024470929032108756,0.03838497479531499,-0.03179054211579203,0.02958444857129585,0.02345135811520081,-0.06451229060441876,0.11202245180970871,-0.18742574667060513
0.06984656239609945,0.3402211181248313,0.31848963092915744,0.28004924013878013,0.1504220722350494,0.21573929494498875,0.16129247538474595,0.22109496539834023,0.21219918239441302,0.3238179348524212,0.2979942966137546,0.25145350103463127,0.24766156402493447,0.2695700605246329,0.2654292146605386,0.29254853280408377,0.8457418981024405,0.09243479473646674,0.25543400804894223,0.415647642449079,0.2395812436731346,0.281524761886871,0.13752384128279735,0.24534024154024206,0.29356284866974564,0.2512332360285302,0.2950952194493262,0.3364725623418388,0.23189893346538706,0.30049133457630606,0.18627815568813014,0.19707938543574502,0.2310569517623549,0.27921660109439483,0.3302109616211738,0.23545911314603674,0.4126514915069913,0.2797405819194926,0.3028353088645955,0.01724592532551524,0.2825402308358273,0.27104521419640687,0.2553780947354758,0.1973185190079455,0.2685408707598606,0.257748453202145,0.3169140753613714,-0.004784412299694633,0.1458970106807494,0.03086085772613728,-0.07899029318693632,0.1384585519921871,0.012749918542518428,-0.011546745678800267,-0.2284653003177925,-0.013472774460037393,-0.10588417933750506,0.21387682685039736,-0.29134486814782856
0.21870805056804848,0.39241356915157893,0.42090345433450943,0.20034865990118342,0.17515103957281003,0.19795823006852442,0.167933713781936,0.25288840611541397,0.14060038730901292,0.4238683874388187,0.15521653837872185,0.2599681443530605,0.1241412300013238,0.1766839319457521,0.1466440810765231,0.1380240149017174,0.09243479473646674,1.1512391336757812,0.2670706292751077,-0.19469969763533093,0.23905021997582926,0.2444766876483497,0.4185777713876843,0.18878703350156614,0.17874800052626927,0.26604623815304385,0.07719517456087306,0.22155805453705169,0.2664722369778816,0.15191595493142254,0.4322245337840014,0.06220248200175907,0.32773963475881157,0.24263262671991764,0.15793518752781763,0.19420444700427417,0.298277976046825,0.24469386891896566,0.14157431639359352,0.1588325772366278,0.16874942075811286,0.1562555376670441,0.3532643156487951,0.06849539837425411,0.3541073058573186,0.377927042452015,0.5643727017435766,-0.0258963496127146,-0.07051940925536981,0.08231257412255401,0.0808888610103313,0.2415906277093826,-0.19299497854275013,-0.16266178655466149,0.15797659569720204,-0.031556459363255115,0.2770516958579587,0.2724000423210254,-0.6731137844069432
0.08006460924932463,0.15490932091333154,0.1806888221778985,0.3145212552814475,0.16901364324732585,0.22513941692904724,0.15234742322832528,0.2521412774278671,0.17626925389777146,0.308039771492592,0.19392152401969046,0.20925049191244008,0.21379679984720482,0.1963151109105741,0.19106225492489357,0.2513637256237786,0.25543400804894223,0.2670706292751077,1.0261787680918517,0.005717984799775857,0.24790952398203114,0.3412520246499795,0.022774343432713985,0.22489365203804798,0.14943800586429534,0.14652605313464706,0.16797981130605857,0.1783150187853745,0.1624484224875937,0.2807348306964724,0.2693898684128201,0.21708658195682176,0.2686127464007187,0.18753294478521462,0.13703177635564065,0.22269361881484762,0.3414406767292287,0.3375300474769323,0.24173748413210847,-0.016636551532624926,0.24734412459639113,0.21759464258806732,0.24951471015983143,0.18253357827342465,0.10784593782962203,0.2372681677915676,0.2695168335790306,-0.0122176611971962,0.11121764259809937,0.3573861308624138,-0.0764233632766134,-0.21515399463879165,-0.05786793998275792,-0.0870668862938937,-0.05144560899686085,-0.010815630116576044,0.023859970720921168,0.17826493564402732,-0.20029603074922886
0.11544609233022143,0.48672224617637116,0.41673239792020395,0.28055065612637486,0.2095233313920265,0.34273148194715514,0.19651089871652533,0.3042651372218617,0.19553991996169828,0.028462989026340996,0.31765408832887276,0.19016029327205208,0.20512288349505148,0.2735365836230899,0.35471045077832025,0.24453793149918718,0.415647642449079,-0.19469969763533093,0.005717984799775857,1.156744611222642,0.184463458394958,0.20049368414836838,0.06446513343911969,0.3315751013290818,0.3266508304237275,0.30996544496301837,0.3997012786788228,0.3202222347630915,0.3609490725600003,0.5215335497324296,0.10942829869154515,0.2370767754379623,0.2828631543859882,0.19500798654831847,0.32005392168693736,0.14278407082003175,0.5006680224982734,0.2178880994263383,0.2740307255843013,0.15051243818542076,0.28853572023588053,0.23954664561414757,0.4111910160005424,0.17677794725849372,0.2739397274505383,0.21147475591063744,0.2178440732734635,0.040197546748120434,0.43329706532199447,-0.12538929824978773,-0.10985882311113962,0.11068257475094148,0.05025907923899111,-0.03136989201417989,-0.03360891012062247,-0.0913235238554648,-0.1295424537938353,0.2713782117784892,-0.07245816166469
0.12420140491402987,0.28251317555588934,0.3203010433199277,0.2729757915970651,0.21171793826751958,0.24949887178686583,0.23062444856099154,0.25150471731693985,0.212799368446198,0.1123691379119049,0.2247082166037018,0.20380179182004557,0.16893156852916724,0.21079125540318172,0.2591545514157198,0.2216049263348852,0.2395812436731346,0.23905021997582926,0.24790952398203114,0.184463458394958,0.5287696727985483,0.2545907956363584,0.11964808268678787,0.2697630104035036,0.19900663207757216,0.30603725810061316,0.1868167919256304,0.2040199992047644,0.203420093643375,0.3292755692359313,0.3182287806274143,0.23150268507297608,0.31947030727782594,0.2445990258218286,0.17853860228823182,0.22980961976200218,0.3129735955541545,0.34471537871249663,0.2546706113991882,0.0693228268665354,0.3474307202923276,0.41481462180830925,0.3670335624091584,0.14096468704380843,0.23961797528773135,0.27610902676706184,0.3615756721018678,0.015748692913571623,0.1093480493919363,0.10512034528024797,-0.06942684790973688,0.026328335557738423,-0.04454310637895398,-0.09450696388621119,0.2507137808748665,-0.05982683632261286,-0.10078980059911524,0.11231108909291995,-0.1970346719406484
0.17402889689734463,0.2318116085580894,0.34817542175790445,0.38177643504955255,0.21784084547761515,0.2829146809763433,0.2799960410503444,0.24286007849928598,0.3471192848219571,0.24508394506412187,0.2379542455487197,0.2902815965597949,0.2642450105306606,0.28827795152651464,0.19037501115421537,0.3388329630620295,0.281524761886871,0.2444766876483497,0.3412520246499795,0.20049368414836838,0.2545907956363584,0.8513620319569992,0.24058091051436764,0.3003682790253146,0.2954073101049447,0.2674631561272396,0.26983567767499544,0.18801404634579724,0.26053524170338804,0.36480656540524703,0.2427101121499389,0.20665292208322653,0.3211554996393395,0.2581652484203529,0.18834212684430932,0.22031153386200147,0.28508559171980125,0.3542099532969221,0.2927614475547118,-0.015841276872579756,0.2544354355207042,0.2529642322012853,0.36086653692242954,0.30514949937813246,-0.05020546127027027,0.2975514994527162,0.3402810411030071,-0.05168820531836439,0.719386101586701,-0.047013635631240884,-0.029709010389211605,-0.17519039729519986,0.05821307968525078,-0.09331002254583182,0.08415212494833707,0.016249443941713033,0.014203294632646694,0.15208715201322295,-0.39592428187585976
0.1673702039832239,0.2362876561241654,0.2999728567519677,0.2876948783896456,0.16957280572303143,0.19663827029487255,0.14019634208732182,0.19484827468522833,0.12808659418826082,0.31578705253906797,0.13416914954437043,0.22076524835449307,0.10918846312175218,0.17853493507637552,0.146246008246211,0.1612415444113923,0.13752384128279735,0.4185777713876843,0.022774343432713985,0.06446513343911969,0.11964808268678787,0.24058091051436764,1.3175351386533447,0.3233418997950325,0.43012605326726067,0.016540840386392173,0.08309046441296353,-0.041710339320004335,0.35879532287266436,0.313237235606593,-0.05349174624672975,0.052390588038699316,0.23372475582400307,0.29257652258109046,0.03162419037941781,0.19581656484792406,0.18892374159721895,0.02087486300715501,0.35901077385671315,-0.13597279969891546,0.1743216918994108,0.07605376691466452,0.1903187469645309,0.42097159049933053,-0.12346398127475146,0.18045553766660619,0.36042318287834774,-0.010998357984366222,0.11893679105206581,-0.09761531760505694,0.0656908118912628,0.047623932765778886,-0.02295592401522998,-0.11104462646321722,-0.11950197358117212,-0.0407127603397769,-0.08072214333642222,0.052987087491909154,0.040969347221290295
0.04376392976609147,0.3009209894505079,0.38232382998834197,0.3297155710748227,0.21322226289409474,0.28463079635877453,0.2200082371357797,0.26639784157846785,0.2330289428926791,0.21607788403648345,0.24355463912250716,0.22804900368945738,0.2137193079161614,0.2441369943191929,0.29438447551300906,0.24568178426183615,0.24534024154024206,0.18878703350156614,0.22489365203804798,0.3315751013290818,0.2697630104035036,0.3003682790253146,0.3233418997950325,0.848128753387889,0.33703149055987325,0.22973891553135065,0.28219712538965014,0.27015944259215074,0.43769456743984847,0.5037229744850672,0.21597082076400428,0.6373058659775507,0.5504180582006936,0.3384096675649472,0.20330714477503123,0.2589698039685326,0.37433224021558587,0.3035477250389347,0.2725696314086446,-0.04743365374400141,0.2693374832928804,0.2715253837262841,0.28073104931309184,0.1923782348770655,-0.009882246932930076,0.31557129809931356,0.40563947613615686,-0.00601110105683403,0.33368331834393605,0.0625054136167105,-0.12316975410553938,0.09926576199457904,-0.007486444560566192,-0.11094126117864063,0.07991697303961352,-0.08683058179683718,0.01331965462826838,-0.05926644155653278,0.03402353145190561
0.19737707222536185,0.3227989433798817,0.39562566643731967,0.3320577188452757,0.1947961091823464,0.29445525170982556,0.22595300393139595,0.28137631769140575,0.19264256116956785,0.25819404126780143,0.24088916800432406,0.29725198316588763,0.19468054650507893,0.2588286061937981,0.27305577358475136,0.27221341862635584,0.29356284866974564,0.17874800052626927,0.14943800586429534,0.3266508304237275,0.19900663207757216,0.2954073101049447,0.43012605326726067,0.33703149055987325,1.0351208465603736,0.11417414450388523,0.2683405127307193,0.17794791591206208,0.5463920490581147,0.5100542518399878,-0.08137836178928706,0.1747159981767876,0.2179781011772308,0.3581984432455932,0.30611685587677157,0.20242551866550468,0.44701738338914115,0.22306881891039373,0.4406416599410774,0.03468410812205065,0.25051936993931045,0.1999848264866963,0.31347773252528294,0.34071860657102376,0.13656577808673276,0.31416984778974044,0.3939098042905526,-0.006983903423945267,0.2882274131715677,-0.2434413578733896,-0.06428834504970903,0.04655646894180981,0.07769747993506763,-0.07638067026709297,-0.04650788721320565,-0.014718896858162267,0.004926514064840952,0.12128488502959595,-0.1391212703031938
0.1346655601996189,0.22351349460180842,0.21838799134765186,0.3239626845100389,0.2873765452180429,0.32023103170695744,0.265444290813429,0.2470290112538095,0.30394659808203583,0.15246587483373866,0.2584881125470305,0.3383339786734895,0.16342457227635893,0.26731709565155193,0.23035376992139317,0.2561713285550958,0.2512332360285302,0.26604623815304385,0.14652605313464706,0.30996544496301837,0.30603725810061316,0.2674631561272396,0.016540840386392173,0.22973891553135065,0.11417414450388523,1.332808893911142,0.268061073316297,0.17697003471539524,-0.14326589275300275,-0.031043606368748776,0.23280015110691996,0.37330538940088936,0.1761620354116282,0.2792846085611305,0.22183224306811056,0.15624647187379545,0.08338159053799346,0.43242705835965056,-0.5103042924902849,-0.012577767806683137,0.23616509687060716,0.3239804458867472,0.4445416958692572,0.15371632188971474,0.0235421460188173,0.24272635300298848,0.16668173365361913,0.009683175155154234,0.053052590458048735,-0.04055483240413714,-0.10670273099604896,-0.12416651577297916,0.12986372950124697,-0.011643500422569283,0.009948963283657762,0.03613917694718247,-0.07451705709231231,0.4376992649026401,-0.5377393971291378
0.10190618878851344,0.26818053522963287,0.26042227338487967,0.3297910576428723,0.19495354222018246,0.2684757686620672,0.2104849577959195,0.22847374691486882,0.23683906688236647,0.24455722131925756,0.26662403694193826,0.30121048180330245,0.21022788207500293,0.21566852976328535,0.2750521577617649,0.2674842056938576,0.2950952194493262,0.07719517456087306,0.16797981130605857,0.3997012786788228,0.1868167919256304,0.26983567767499544,0.08309046441296353,0.28219712538965014,0.2683405127307193,0.268061073316297,0.87414632994358,0.25492704695338736,0.17253574778719286,0.29860878981184513,0.16683031296108944,0.4025802090062825,0.23008634733764186,0.277568299394035,0.24943422464095308,0.21855646444114601,0.24476729339025716,0.2576278662384592,0.23320277979781703,-0.06435180490856174,0.256782415031715,0.21446058700889928,0.3998740055648195,0.2296776875989744,0.02156258253894683,0.23338783402906085,0.24116691414871416,0.0023225152840973123,0.39216031689638614,-0.003468909033316463,-0.06796762434273375,0.08940100481309565,-0.013892916679396707,-0.05073636740900616,0.18719622286209261,0.029122644314954888,-0.03773657213306935,0.03031710600092215,-0.25098156873547206
0.06546675487717232,0.31375606917874854,0.38751497987234906,0.030536159519009707,0.007509489681547443,0.1595780055040503,0.0760846396037167,0.19524829080955328,0.1496426769469871,0.2393602908430324,0.15954674824714238,0.05174970299976336,0.17893580055942143,0.21720879810544233,0.28364677778248065,0.20132375662564947,0.3364725623418388,0.22155805453705169,0.1783150187853745,0.3202222347630915,0.2040199992047644,0.18801404634579724,-0.041710339320004335,0.27015944259215074,0.17794791591206208,0.17697003471539524,0.25492704695338736,1.3542835449756914,0.11668911537849103,0.31490857015792517,0.4082527866000397,0.05087388624834815,0.546460649005956,0.1351417495918531,0.6035494787808843,0.26481423914968716,0.6526916840710015,0.23254289480027998,0.10546551098668526,0.219045908337138,0.31258556371924107,0.18791293572127413,0.31641509772495324,0.10499196952489785,0.2158764507909673,0.25229444989841526,0.26087337261177423,0.004221530675448973,0.04880605110180756,0.2276197394756492,-0.0909875993760625,0.6425808779679667,-0.7246057563301561,-0.034339567092424375,0.20068505447283186,-0.045657688404364766,0.13194414310835467,-0.07885970391225525,0.2158616481214555
0.1466216783260301,0.862551646764748,0.8555350527994873,0.18331005314849066,0.20397787302591186,0.41642911971080127,0.20794097773658352,0.3215808415613323,0.11158331060129018,0.1832910276845076,0.25950085060558,0.25387746396606825,0.2503939191803872,0.16918753120980762,0.25707195412078465,0.1835262225176814,0.23189893346538706,0.2664722369778816,0.1624484224875937,0.3609490725600003,0.203420093643375,0.26053524170338804,0.35879532287266436,0.43769456743984847,0.5463920490581147,-0.14326589275300275,0.17253574778719286,0.11668911537849103,2.9858656799783856,0.7609574524652901,-0.13395734347028532,0.2267629917073873,0.1391908153740127,0.46090925659087834,0.28350976221453184,0.24487052204338183,-0.12746182045592194,-0.4346134765058501,0.7260977093829262,0.4406567659958539,0.16537032011030242,0.15222939746699732,0.15329872473790537,-0.3847146284254825,0.3154059621029602,0.4397440229306722,0.5375715355934094,-0.08858078939188196,0.7191710105534449,0.47773366595848027,-0.32694744895056277,0.06640966571202879,-0.3374901940731162,-0.026884669426314574,-0.09967979054603122,-0.2946566042125986,-0.3209472092118173,0.33700104073184206,0.12769927647513635
0.21207572886455023,0.5637840736499918,0.525882985595376,0.2026064392563268,0.10460253725374875,0.21845916141623334,0.1928336056916908,0.37463657571364745,0.20381504797181657,0.20866470530458567,0.20151602936699634,0.08199477784914434,0.23909791592658705,0.26931774532813746,0.27325066069417897,0.2631887620646188,0.30049133457630606,0.15191595493142254,0.2807348306964724,0.5215335497324296,0.3292755692359313,0.36480656540524703,0.313237235606593,0.5037229744850672,0.5100542518399878,-0.031043606368748776,0.29860878981184513,0.31490857015792517,0.7609574524652901,2.368538670053747,0.3631370842168062,-0.12400965451305468,0.5552768523555214,-0.06311856667806358,0.500559402893632,0.28072152289587293,0.48384749468623045,0.37262214956660017,0.7922770302296084,0.13511229491661786,0.7281510477661383,0.31830866823512693,1.0127985433246698,0.4025679144761262,0.3268022727933312,0.3486170280799991,1.0269778868491708,0.1014814798491714,0.9858889894662237,-0.20738335214004322,-0.11160202736752466,-0.1403881425841359,0.20276179397877298,-0.1092468305539564,0.2513962071259334,-0.3572527831362134,-0.24385663677819763,1.340313261464993,-1.0427387998717095
0.10566850254983533,0.011056468441903153,0.228723870712413,0.15422416055748447,0.10095867104337625,0.13466842226009393,0.13811924672108264,0.22532397184916342,0.23942711487061238,0.2708573919466146,0.17656232842530248,0.09359667159446644,0.14974600836449956,0.1921112509134519,0.252646039115423,0.16309008042824683,0.18627815568813014,0.4322245337840014,0.2693898684128201,0.10942829869154515,0.3182287806274143,0.2427101121499389,-0.05349174624672975,0.21597082076400428,-0.08137836178928706,0.23280015110691996,0.16683031296108944,0.4082527866000397,-0.13395734347028532,0.3631370842168062,1.5609290938409826,0.08333524485219442,0.5577200604643652,0.17667471127140247,0.2859250856470067,0.26889376754253386,0.552515732333429,0.597292460403984,0.1871501816577243,0.052929174425864735,0.2998005270420986,0.2838046549448649,0.2768271429546113,0.1881570637548538,0.4914376298787649,0.4832480882309353,0.5082011798216162,-0.0014942475293723873,-0.12146522249536375,0.316539427286181,-0.17239727525172957,0.32277447121249253,-0.18344105223743548,-0.16794178751897193,0.4166971120986439,-0.007955299909828904,0.6867914954945142,-0.30824159950574737,-0.6292543688046937
-0.01632697043638808,-0.02032098702473025,0.13860932798328632,0.2716343174004602,0.27878105217253935,0.3326929192051801,0.20033137181554694,0.14881999570121146,0.24684555969192154,0.14262807609542197,0.2567919232553078,0.31257124434213135,0.15018797103653503,0.17400086133729722,0.24009457231942377,0.2059819435253773,0.19707938543574502,0.06220248200175907,0.21708658195682176,0.2370767754379623,0.23150268507297608,0.20665292208322653,0.052390588038699316,0.6373058659775507,0.1747159981767876,0.37330538940088936,0.4025802090062825,0.05087388624834815,0.2267629917073873,-0.12400965451305468,0.08333524485219442,2.38401321822154,-0.1944622846338606,0.6452544486078672,0.18279452306692914,0.3695839858621871,-0.30889402136606087,0.5971199738553111,0.06544749454483725,-0.1879200915097513,0.32310499083136196,0.2632905535840338,0.10907483823072293,0.03693347469389097,-0.08028278770809727,0.4189333319274958,0.20361010711721636,-0.0441988967787643,0.08274992903421875,0.1701034672770384,0.0203804338213649,0.3197732819530802,-0.12595406174000104,9.918374187379094e-5,0.34654447283390116,0.189563392534787,0.011644427125441097,-0.3991892719203812,-0.3932913711932207
0.10691672061940861,0.3823855154757669,0.34016718481257807,0.36999845638355067,0.12789274685927232,0.14913394999782878,0.19910189187731248,0.24414070766614226,0.20968599923971706,0.14862810757208997,0.16177380757328444,0.09683103378474277,0.17408238463322792,0.2241785948718388,0.29057918120699144,0.17855065045122337,0.2310569517623549,0.32773963475881157,0.2686127464007187,0.2828631543859882,0.31947030727782594,0.3211554996393395,0.23372475582400307,0.5504180582006936,0.2179781011772308,0.1761620354116282,0.23008634733764186,0.546460649005956,0.1391908153740127,0.5552768523555214,0.5577200604643652,-0.1944622846338606,1.6845218170675007,-0.1668581058568498,-0.16259861490465077,0.025091039486909012,1.0491933446010602,0.28958140881294864,0.16942028852131794,-0.09712969965581306,0.053366531851728134,0.31751584374729636,0.39161832450524287,0.13588946212884845,0.12678231565358564,0.2888066160198086,0.48386038055042946,0.039372549761378085,0.3141060731753785,0.20601669670103542,-0.2869891540198856,0.2016714977008082,-0.047722586613542915,-0.27268094897241063,0.22365727482713288,-0.18561673330597064,0.007032117705565615,0.18927570321371487,-0.05917058102003669
-0.03891767583141827,0.3087663709744931,0.2843825545544799,0.2686251937892747,0.2697460872579141,0.30882088148336684,0.24173784121888586,0.26274362013759556,0.2035818934412113,0.3631477551414963,0.29199088664011286,0.346343913822861,0.2339318580562717,0.197000339388267,0.22777025243771074,0.2592642241092152,0.27921660109439483,0.24263262671991764,0.18753294478521462,0.19500798654831847,0.2445990258218286,0.2581652484203529,0.29257652258109046,0.3384096675649472,0.3581984432455932,0.2792846085611305,0.277568299394035,0.1351417495918531,0.46090925659087834,-0.06311856667806358,0.17667471127140247,0.6452544486078672,-0.1668581058568498,1.7720274863765402,0.5010034989082209,0.36861706146424633,0.20955730521634827,0.31945934904801926,0.2665109906217456,-0.037489314947358965,0.38065446755231824,0.23812764842931228,0.26242903477372787,0.3510201599151623,-0.09200983365132025,0.2744313792346864,0.2890707904074913,-0.029808172888608604,0.09261841953367415,-0.11757695702917728,-0.004546202322550643,-0.1810142351942576,0.14164259699004697,-0.04247832401388433,-0.3097717786322359,0.10017557358461551,-0.22096849588529122,-0.4087901558943455,0.6833965102115099
