0.43566841988636307,0.11670246419117326,0.17684299471479978,0.050179826469744226,0.10167952919332023,0.08778177222934294,0.08448166127510214,0.07597920171644944,0.04283158533673863,0.12104292413363846,0.059209418930545446,0.08390315716526188,0.03241532871121616,0.06210260481807182,0.1145270674843046,0.060041988390216024,0.057598196249172645,0.08353511347290747,0.06959029136189587,0.0444004115542944,0.0584859535689988,0.07300520805081522,0.031172933455790853,0.026174844697961875,0.19643162247553383,0.04443152611035642,0.10465744814180425,0.05019045158697605,0.05452994099742487,0.0741149128030387,0.09029548900435846,0.05742802820869684,0.059246125780464454,-0.03364984983270749,0.030614565800531415,0.08912781450072117,0.056931561607450186,0.10467606972009126,0.02832940034156354,0.005490784794848618,0.06352716773364017,0.043665188477717894,0.0916079961797438,0.05258990808651073,0.09149100286464558,0.07649712782566985,0.0935657958736116,-0.005913849827363839,-0.06480464949016797,-0.030788752171041624,-0.004749294156615526,-0.009621285634003536,0.04198342625967576,-0.007078967689220124,0.0247823401820359,-0.0058027766203355684,0.051107126111007636,0.11454363297748692,-0.18312165357969504
0.11670246419117326,1.9530796899985226,0.641133156437191,0.1864351333746203,0.058939778299418884,0.24339718600402507,0.22927943363296602,0.24611382491578151,0.18363621904844535,0.25029224148430523,0.16481211852587765,0.21429307775787063,0.10231480289262607,0.18309983885228892,0.29899273456581393,0.17334083289310454,0.27152528059915265,0.3866624789518734,0.09817305347540795,0.3257891197314493,0.18338869778313066,0.1863528850644069,-0.0799570908161397,0.10158136003683514,0.26731462053333394,0.20469695044664682,0.2935815978463469,0.2653243687875414,0.24532433770258805,0.14762416888062138,0.17565600863283887,0.18269306504208535,0.24208014557418275,0.2804818296071389,0.09399880336123034,0.19198862784552764,0.547068976989428,0.31585933412910794,-0.08031896466038346,0.08112641263530067,0.14275915046057833,0.20325925040716378,0.33219455481824023,0.06754399425397385,0.34994709214386305,0.2065307684299226,0.26210342159307676,-0.019778572148896428,-0.10554770924255205,0.0359588231695931,0.17979115900257672,0.060571899526236234,-0.10434322352201682,-0.16832439062216095,-0.25286717138527537,-0.10091214531933744,-0.2038785834706337,0.24653054804209726,0.16608849442398016
0.17684299471479978,0.641133156437191,1.558373057574947,0.007388951944521087,-0.2287079555807474,0.24544525342846396,0.25682940317825914,0.22721229619205055,0.2979541050684994,0.354321834525266,0.1279835806257786,0.16508280381139792,0.07698075832174099,0.10482330641646073,0.265945122172639,0.05232406149937324,0.28049819840160106,0.2562764073687424,0.04603598808629968,0.23813462033139152,0.16002983277601696,0.21403394910551826,0.04635821264176928,0.19932512724939777,0.35958338008651886,0.16864677114849771,0.23752957391320528,0.24014671217225392,0.1831154743508387,0.06317233722354272,0.2098686309295022,0.11529572349605434,0.15973658854603393,0.21210782611597362,0.13752256099960794,0.28893939860230367,0.35920923005279703,0.2670420715925455,-0.016716212543431773,-0.08386723744393122,0.19103434388492707,0.2702141561187076,0.18711416982557752,0.10966436694649546,0.3247907029014027,0.2922968668929195,0.20221249473533665,-0.03667077508489107,-0.26318123153606665,0.03551608562289505,0.03954272412502889,0.10770732360747234,-0.08178886058656804,-0.15280545192658762,0.027956739546943592,-0.010909880836704577,0.07205276131261884,-0.22210058257791257,0.11221391391791867
0.050179826469744226,0.1864351333746203,0.007388951944521087,0.9610730675646196,0.4558734395561094,0.3140999121259953,0.18156046809800117,0.2285321855767032,0.056400776223023134,0.0253706594450349,0.15744392412338795,0.18948980481278035,0.09565555206096547,0.19713127904159378,0.15806122527070185,0.24131969764696798,0.16625939075683008,0.11317812306251362,0.2271245461261978,0.1799051459734642,0.17765007232343297,0.1612898848365945,0.04468750372575037,0.045658112576700424,0.0754828675650142,0.2023754940196375,0.058104131573671315,0.07497074036505716,0.19255568672115914,0.07764165757257524,0.10232010250335732,0.167522958727381,0.12322382907704175,0.2701642213656618,-0.11559203140696357,0.03452997026689938,0.20388702509115317,0.18335319778807488,0.1857257925080628,0.036048977370740976,0.11227759567831655,0.1696688381536576,0.2581377813657817,0.13828694533656946,0.1611205717586987,-0.02633667661496498,0.15892265396648178,0.014183524405491902,0.014457064010312014,-0.0014624476477461924,-0.03713814986701889,-0.04355506388252158,0.07041831312262334,-0.03654502104864997,-0.03592383082999597,-0.08512036148954555,-0.49032722387401523,0.5068939886249224,0.0423651885853041
0.10167952919332023,0.058939778299418884,-0.2287079555807474,0.4558734395561094,0.9151730126357887,0.2666399945744172,0.14486692214546154,0.18162673062149123,0.08394111680231525,0.08428826285056613,0.1605671649261913,0.20289908734816062,0.1204857895538741,0.24646740893389768,0.20148583200651113,0.2641802651287078,0.12260705479996484,0.10436265159212894,0.3189619318127757,0.17129483828719877,0.14708875669107455,0.16448803976974372,0.09654463777129864,0.12392761393525409,0.05808889432961301,0.19518163712704972,0.019722758825278394,0.048940552062062714,0.16353585282674446,0.040591115581142784,0.14535139981162962,0.21788810912790654,0.09252866780801398,0.34061701196199323,-0.07262774069406902,0.09429101293883597,0.20240584719863963,0.1499620864412307,0.31920586865521844,0.12014244772189475,0.13239710341667651,0.16652781842201675,0.05238101569490168,0.2085898935515812,0.16782979664453437,0.00033420143291833113,0.15312962227654203,0.019322274836801084,0.20528533862434958,-0.00589086714730785,0.0026496020094048047,-0.1626792252289291,0.17727618294873335,-0.010966191112615431,-0.07978399073505593,-0.09314297955530045,-0.012801975103952585,0.01948989160251653,0.12418873840980328
0.08778177222934294,0.24339718600402507,0.24544525342846396,0.3140999121259953,0.2666399945744172,0.7502925597642807,0.24806620794486284,0.26973100679165274,0.1422593508251539,0.19755593053206313,0.2324627063019822,0.20034286568498152,0.12046304705339002,0.2428969977063777,0.2527158245493738,0.24096080892464916,0.2923200478116977,0.21208375261323562,0.34798411897828013,0.3362715810059695,0.23722189095548166,0.2491625706698886,0.01639166555327329,0.2071606310516714,0.24419240755442037,0.32128998947926196,0.17576481968177057,0.2933348697069837,0.2973364516677053,0.09745446971832232,0.21718255029270836,0.26832516962649744,0.03949531194432453,0.34917927582533287,0.05540430773850404,0.125141837973288,0.29795573930313296,0.2628082630692448,0.34789912288477165,0.11479552433739836,0.16352482667143042,0.2470600798773186,0.23949967129725888,0.2551749943340722,0.34486924172243705,0.054075394451403046,0.2615081908908709,0.01843597688679017,0.3419664052973759,0.1076202076781604,-0.1535956086665005,0.10083352203179995,-0.1440238261681499,-0.021184619083235805,-0.023872373018879255,-0.03385387025762049,0.06052723326530693,0.1128756770379758,-0.09352188341111327
0.08448166127510214,0.22927943363296602,0.25682940317825914,0.18156046809800117,0.14486692214546154,0.24806620794486284,0.5619233682939521,0.18108583367721234,0.34689897071475895,0.23654956878955963,0.1968028221055851,0.3034112053106721,0.10441855971381495,0.25803795041784416,0.1305552187430897,0.2524766600931306,0.26977534578193196,0.2218837161834842,0.08254725603938345,0.21903974577854474,0.19636627396217432,0.3071141635559329,0.15010083302292587,0.18814321150067043,0.16605276570847916,0.19240673137171427,0.22372619841577718,0.1562834811282227,0.16393089727798904,0.18718011547976565,0.21511120427095112,0.24155178157614757,0.15598231817501773,0.3089628694434526,0.10183279428694161,0.2459486804539507,0.2554301020302588,0.24734073607582133,0.1826337602510221,0.06582354438295664,0.19519411056926594,0.2663716964074934,0.1928078046337682,0.21664783979330737,0.23402487596808444,0.11992272764768153,0.2373108141901011,-0.011048196762618118,0.200485391424553,-0.05069807146897261,-0.009046574938881367,-0.09955293087531818,0.11482058922557772,-0.05926815329086784,-0.025520703266140837,0.04110444010392676,0.06419068301358634,0.04673522703525239,-0.12927215572220807
0.07597920171644944,0.24611382491578151,0.22721229619205055,0.2285321855767032,0.18162673062149123,0.26973100679165274,0.18108583367721234,1.0446700207223252,0.07879984460328411,0.2358749590770506,0.24885486751524163,0.18279713311478968,0.11551998717499481,0.23013475539164183,0.1677517807230769,0.1818299633832742,0.2698026002023774,0.34776092708644835,0.18805390076750433,0.2897832555543008,0.20485713055947244,0.16309622173359875,0.13936862753896495,0.07863032332394913,0.08818789087531204,0.2856743825781496,0.33617717888950455,0.014057154987159738,0.22815166926736888,0.28133446303258447,0.18174690131260698,0.22348597975888534,0.1722341949976058,0.29298853773794703,0.26818850836569363,0.1233370730891465,0.3611900857879544,0.30015207958963397,0.17572447555534754,0.2172672759115827,0.17923752428620446,0.15634122714502566,0.4324456936176706,0.14281618127694282,0.27472591181045763,0.14820306973774292,0.4262840915113433,0.036447562413508355,0.43521755061449285,0.18726405671499008,0.004797871127081689,0.004154259037210575,-0.05141457391588309,-0.033317662463760146,-0.15991104747485754,-0.04527999710601248,-0.02437736971885313,0.597374130825296,-0.4633286377808069
0.04283158533673863,0.18363621904844535,0.2979541050684994,0.056400776223023134,0.08394111680231525,0.1422593508251539,0.34689897071475895,0.07879984460328411,0.6875569911794914,0.2321161498333039,0.15756169130797154,0.20146045624086487,0.10184832967088203,0.25361116728276206,0.011077883828757636,0.20343412030484376,0.2235473993514574,0.22257352465744012,-0.021269220070144063,0.18135620646028114,0.1347539094184219,0.39283720420251095,0.1389551830809791,0.20498157174299797,0.01762059746255147,0.14951022242888062,0.16542502820915866,0.13163776744981484,0.05076030586946912,0.17156994129395572,0.16878207653232463,0.2330619668844823,0.20350256068096667,0.1316168826353715,0.11118817803275463,0.21910652314684892,0.2716706788574137,0.20671186546956127,0.12260222668899359,0.032440377861770876,0.1402691998283851,0.20956613537954508,0.10718132634081656,0.16973979390018004,0.14392299087938087,0.13621003367152115,0.21566532748597145,-0.03259569815050953,0.17337003039814378,-0.054145230961347546,0.028309146586747887,-0.1668013525733186,0.12823919458706606,-0.021088803758673235,0.06845018937883186,0.06075245516931329,0.1226616392700687,-0.20188444739167902,-0.056477678944816194
0.12104292413363846,0.25029224148430523,0.354321834525266,0.0253706594450349,0.08428826285056613,0.19755593053206313,0.23654956878955963,0.2358749590770506,0.2321161498333039,0.991865151989486,0.1864099513527762,0.30619423201858187,0.10160139145144557,0.2069943638328798,0.2995443551158267,0.14414974945278633,0.2894888916875573,0.31329743272227745,0.09288836373615403,0.22275894361396273,0.12426454476011226,0.18985411589893228,0.14839965240909478,0.2072677269166978,0.2821692300889742,0.1804467071590497,0.35249986902271924,0.16067937003226818,0.26186012239635,0.18996187577643706,0.2609247267069556,0.21661371666313264,0.05449424309749125,0.48873420195253586,0.26452450177142156,0.3392306842681554,0.3074736811311793,0.2110229312863469,0.13717591020827904,0.08173588598957655,0.2572817780262177,0.20416325883877173,0.2720832234159514,0.10023258109456337,0.1911626490022767,0.286711691053201,0.34543715651682555,-0.007769671810944372,0.1640301587151883,0.0497313385837815,0.03609450433578936,-0.00038560551499500884,-0.037297654684298735,-0.07023700787048331,0.048964245666241454,0.05273650105737955,0.2324971765201639,-0.09218238118171371,-0.25272841902398246
0.059209418930545446,0.16481211852587765,0.1279835806257786,0.15744392412338795,0.1605671649261913,0.2324627063019822,0.1968028221055851,0.24885486751524163,0.15756169130797154,0.1864099513527762,0.47790781115938086,0.25753622453698277,0.1647658984538179,0.17666280766919507,0.2172108674004474,0.2165084456782383,0.28069260972346183,0.201270894178076,0.13857650291986048,0.23160893523194842,0.16035696323598475,0.19856074955754105,0.07306062461160438,0.16198353107992322,0.13063756416418015,0.20713013831329916,0.17680732779328806,0.1553374641224568,0.18513252140643907,0.12193363085815427,0.17051743516355142,0.1835915497462017,0.13105685395163716,0.21633391961136292,0.20673453829441432,0.16556196290515057,0.20556609366782583,0.16638243514948733,0.19227420888491248,0.14766579294115512,0.13810736657747572,0.1804881141914316,0.17291543092565323,0.14033939725983952,0.15404123251762739,0.0974677585731762,0.21911276452960168,0.00958208759919918,0.2577997297174868,0.007553250428946388,-0.002685552664236578,-0.03974090058849048,0.00756122494723958,0.024268327548398753,-0.06669500918610195,-0.010283955403873418,0.017307557966111015,0.13574045642088758,-0.1585819903814231
0.08390315716526188,0.21429307775787063,0.16508280381139792,0.18948980481278035,0.20289908734816062,0.20034286568498152,0.3034112053106721,0.18279713311478968,0.20146045624086487,0.30619423201858187,0.25753622453698277,0.6265435843999815,0.10649715789848871,0.3161211046242749,0.239482136651401,0.3178444628572421,0.275232866886208,0.18586214851201616,0.14538868085536139,0.21883255322858305,0.17330966594336658,0.24921954032599958,0.1502786317086469,0.14661689976448328,0.17617218119118305,0.20693050241961938,0.28102013407135246,0.09946355553876889,0.19176317919842456,0.11874719006278753,0.23533036052619305,0.2942168906399634,0.16858691284347493,0.3160465621157225,0.20459948321434912,0.2755457873755119,0.1672490723973449,0.211833552141455,0.21593549267343345,0.14513486993074043,0.13366506433021308,0.18008287306171977,0.21846796598679144,0.14208426628976453,0.1916000631004832,0.12075963967861304,0.22214216162617023,-0.00858843420647369,0.19149750052119094,-0.17454129378848493,0.007946744535488938,0.005806702687101791,0.11531956298497895,-0.044789351696114976,-0.11432760789762154,0.022645901971497434,-0.0010712121065559385,0.1889932138786858,-0.2270758478707375
0.03241532871121616,0.10231480289262607,0.07698075832174099,0.09565555206096547,0.1204857895538741,0.12046304705339002,0.10441855971381495,0.11551998717499481,0.10184832967088203,0.10160139145144557,0.1647658984538179,0.10649715789848871,0.3243354447527734,0.1293396611972215,0.008710051760246437,0.15836417938455852,0.11721294518833286,0.15148124172355087,0.07520902212174474,0.11452856878158844,0.09143055345181046,0.13388246263030065,0.08466231394488266,0.09282659806254649,0.07348483420331035,0.1144568830779976,0.03697795911758336,0.06409728086765944,0.14256764209468772,0.10903901499345997,0.08521771398207494,0.13023658776538774,0.08975762138558308,0.14220749231191157,0.13474700510119964,0.0883912555358463,0.1060772232720908,0.08980589403938709,0.15351942584632713,0.0671916792593364,0.1118948440546052,0.07517908900260077,0.07377430388967078,0.14214068398063404,-0.004922153278215732,0.09513369436356794,0.15850587297176943,0.0006593809884950241,0.16963894420803172,0.08035579029263316,0.009568622590815505,-0.06848403730168609,-0.005810420177680414,-0.02518500861602074,-0.016669248403829884,-0.04244504530369183,0.02738323087429671,0.01400835238538828,-0.04426460740037432
0.06210260481807182,0.18309983885228892,0.10482330641646073,0.19713127904159378,0.24646740893389768,0.2428969977063777,0.25803795041784416,0.23013475539164183,0.25361116728276206,0.2069943638328798,0.17666280766919507,0.3161211046242749,0.1293396611972215,0.8019576833128796,0.1518496669899356,0.5650914638098634,0.3171693331061367,0.06712578422284535,0.21081364109989664,0.3245156577591105,0.2063994463569824,0.4402580136441609,0.09299351767943433,0.15596678599352115,0.17480135585322518,0.31782266417516086,0.3163362991542289,0.347610379517836,0.19370648613600058,0.3895045548710269,0.29191575006298054,0.6755047894042802,0.2719549635759016,0.32401594995794064,0.19051786329338508,0.3669663604375281,0.23404416371766004,0.4256535054573701,0.2544184489765291,0.196308007390023,0.32513257916900556,0.20897933929658233,0.2713841295405148,0.3654640680743513,0.31847485589680286,0.14111132438627078,0.3453036921691613,-0.01546976869265848,0.2290586300508693,-0.06511678534468891,0.026589917287377616,-0.17297745922836788,0.2079165701197739,-0.0322402406048388,-0.17611870005120947,-0.11548690601073933,0.10410837468574567,0.2298242990502942,-0.14473874396126388
0.1145270674843046,0.29899273456581393,0.265945122172639,0.15806122527070185,0.20148583200651113,0.2527158245493738,0.1305552187430897,0.1677517807230769,0.011077883828757636,0.2995443551158267,0.2172108674004474,0.239482136651401,0.008710051760246437,0.1518496669899356,1.1374527786890827,0.10758530217009332,0.23526155315906486,0.10353173229157217,0.23558964556077558,0.23477792850152732,0.1509019941839309,0.1061099510107815,0.029848922403448885,0.21191538529930332,0.2881470328607667,0.2686129837261603,0.30733220171135117,0.31604442510221153,0.20997571956887623,0.15330351305746964,0.22534681395871375,0.15875464828702907,0.13375564212588698,0.3337820526817842,0.17974592442310924,0.25449576605794105,0.2162137906106602,0.15965513400228967,0.2032949156278375,0.07213519550720895,0.18591183698230013,0.20525115578965833,0.25618245280784363,0.09507059719063587,0.27111936920730867,0.03445866496914402,0.1653783546201118,0.016660345273145468,0.26268448356971386,-0.04572835041327494,-0.0825646348047641,0.3257744194042413,-0.11885035956447984,-0.09332289317238725,0.06253608332908328,0.06570282171458176,-0.012709074824187906,-0.07383996644374503,0.03065626155218785
0.060041988390216024,0.17334083289310454,0.05232406149937324,0.24131969764696798,0.2641802651287078,0.24096080892464916,0.2524766600931306,0.1818299633832742,0.20343412030484376,0.14414974945278633,0.2165084456782383,0.3178444628572421,0.15836417938455852,0.5650914638098634,0.10758530217009332,1.0210804335129935,0.23926934115592732,0.15246422423190434,0.22892000456814612,0.313488970521117,0.15510326266243613,0.5132588025856992,0.050369637984192736,0.17169814004271944,0.02178933154634574,0.244249621233636,0.20259599135720438,0.2875085174399053,0.20246374985760843,0.2897901422943707,0.19905746020243972,0.49846283739654806,0.20376531433404507,0.3046421194880649,0.3086860916744856,0.20149800110043484,0.22968580648866896,0.32772314007634135,0.3058258124803241,0.1604333476834602,0.2375778127496466,0.1404029269041388,0.26341663308379876,0.3459488108716881,0.18335217087681147,0.05070156282982351,0.2772174287287992,-0.020542320905116693,0.4926286076742635,-0.2804134682403974,-0.0669547831985338,0.005764678789129131,0.19423705391294876,-0.046076270336338175,-0.1099080826289864,-0.03288327691720897,-0.026099892891366504,0.2552383091778854,-0.1762678605860196
0.057598196249172645,0.27152528059915265,0.28049819840160106,0.16625939075683008,0.12260705479996484,0.2923200478116977,0.26977534578193196,0.2698026002023774,0.2235473993514574,0.2894888916875573,0.28069260972346183,0.275232866886208,0.11721294518833286,0.3171693331061367,0.23526155315906486,0.23926934115592732,0.7877544504719256,0.14623219234977336,0.1962493001248496,0.34435422642100166,0.24505980642749284,0.3139673557523691,0.03389693472415819,0.171697660355736,0.44737381631291556,0.22120050100945526,0.33578371278570174,0.482279079050446,0.17470306579753136,0.32236466034548855,0.3233395721331799,0.3061362030755532,0.2829625286787218,0.2971918300409165,0.212434560137929,0.3565216478587208,0.4408991986122872,0.38549571163503743,0.14588664655022876,0.13337040487506774,0.325383670161299,0.4847606783543561,0.32503644207994997,0.27884254149586324,0.5026449222505915,0.2025231441592868,0.3996809513754309,-0.006041695060385306,-0.19395036798312795,0.19085495556652649,0.09153631478595033,-0.13603195765306597,-0.12590349451171376,-0.03985447948824758,-0.10817689865519493,-0.06026848850184995,0.03961715918273666,0.16901211005016145,-0.1635664359127795
0.08353511347290747,0.3866624789518734,0.2562764073687424,0.11317812306251362,0.10436265159212894,0.21208375261323562,0.2218837161834842,0.34776092708644835,0.22257352465744012,0.31329743272227745,0.201270894178076,0.18586214851201616,0.15148124172355087,0.06712578422284535,0.10353173229157217,0.15246422423190434,0.14623219234977336,1.1032672556318812,0.0900155433425798,0.108010539126099,0.19250571507025582,0.12875047468750642,0.23237157853938367,0.21291155658390448,0.14133801704841525,0.21836363986185087,-0.0248459321593966,-0.013923087608354368,0.32765108771421453,0.0367736895083198,0.15853120030539408,0.10853583799652738,0.05756900385498775,0.3098897667804834,0.14121589558558156,0.09657383511292174,0.3874749080984207,0.09733500890141866,0.19571126767243097,0.09803760456316363,0.19834056186114696,0.22190553278140882,0.11450081842821264,0.08462918359136333,0.14027076970908722,0.19580846349898748,0.4898052034807471,0.0017389874036712056,0.1460467255506806,0.5097000509848643,0.26211784993624926,-0.24260431589867085,-0.41107044598079406,-0.09676835953269008,0.015622265473735198,0.03848168482586709,0.04623934188345831,0.0679582957455777,-0.14686879170180542
0.06959029136189587,0.09817305347540795,0.04603598808629968,0.2271245461261978,0.3189619318127757,0.34798411897828013,0.08254725603938345,0.18805390076750433,-0.021269220070144063,0.09288836373615403,0.13857650291986048,0.14538868085536139,0.07520902212174474,0.21081364109989664,0.23558964556077558,0.22892000456814612,0.1962493001248496,0.0900155433425798,0.8309087624459293,0.11186885451772714,0.1985426552682322,0.16517570306545773,-0.06684597528099256,0.09625068971750562,0.22061705929077025,0.2034265145846939,0.17572335329991404,0.377987837109247,0.1290815054364144,0.12441617799690466,0.2059773747931058,0.2346609335897989,0.16615830316130156,0.22249689078199886,0.030447499675069725,0.12781495435862344,0.18053001558425702,0.22200381030476807,0.4287962912172117,0.11755059871466507,0.213950102299989,0.12978687038578982,0.14745138347334116,0.25109452108202224,0.3295921834630545,-0.03237883780483621,0.1144104539905343,0.037265266018976756,0.2885451507942723,0.07344548482538092,0.0805024821479831,0.3420296754254061,-0.3062567873398438,-0.08029362867519703,-0.05002692388281969,-0.046577576568550716,0.015954914653487452,0.10654926689173125,0.013719690021240637
0.0444004115542944,0.3257891197314493,0.23813462033139152,0.1799051459734642,0.17129483828719877,0.3362715810059695,0.21903974577854474,0.2897832555543008,0.18135620646028114,0.22275894361396273,0.23160893523194842,0.21883255322858305,0.11452856878158844,0.3245156577591105,0.23477792850152732,0.313488970521117,0.34435422642100166,0.108010539126099,0.11186885451772714,1.1626912581157727,0.07748241373536645,0.20223313909179838,-0.028549843726831014,0.30089436120407964,0.3738997642906162,0.3638380669355402,0.18468819033298373,0.17578141206109826,0.33691988828786057,0.2265400662600764,0.21789096874090175,0.27923886579527996,0.09283533364995974,0.3724000072828314,0.21434406115115265,0.1962605913341286,0.5538630886956173,0.2486804363254066,0.4079896319014049,0.2328714183004786,0.15866134673581983,0.3255534843533825,0.20679962736121957,0.05021061519150114,0.3854767557765816,0.20634723972131924,0.19069833451185808,0.016816236565222777,0.3091953832388246,-0.15258195731204052,-0.07836558830217849,-0.08050920208822326,0.20402547008486188,-0.04510895024980657,0.001312402189368699,-0.05996470793562888,0.07448102691760014,-0.0935213491401657,0.04332672955813128
0.0584859535689988,0.18338869778313066,0.16002983277601696,0.17765007232343297,0.14708875669107455,0.23722189095548166,0.19636627396217432,0.20485713055947244,0.1347539094184219,0.12426454476011226,0.16035696323598475,0.17330966594336658,0.09143055345181046,0.2063994463569824,0.1509019941839309,0.15510326266243613,0.24505980642749284,0.19250571507025582,0.1985426552682322,0.07748241373536645,0.6789745235145787,0.148931647838038,0.26924739995811886,0.0802717700179523,0.06356797533103205,0.15685368587881005,0.15490591739794127,0.2542512552503768,0.16601373109868742,0.33201145791960746,0.29612891907166744,0.2032411715046823,0.2265213879087876,0.233145180453973,0.25025865768314304,0.3066289201209967,0.2400183913135742,0.2835481360494563,0.5364476041828811,0.2150533266810627,0.40735245652417673,0.3258334702002352,0.2022466998412603,0.42397586382906144,0.6116516592551124,0.016096451012325628,0.3704123010536827,0.03403101424411273,0.0025218468058269008,0.149445425191993,0.02028649735996416,0.01923896376189553,-0.06323946810814016,-0.04526269309709304,-0.0759056907813801,-0.049935479685500925,-0.044389503369422746,0.150799777316861,-0.04898269731412383
0.07300520805081522,0.1863528850644069,0.21403394910551826,0.1612898848365945,0.16448803976974372,0.2491625706698886,0.3071141635559329,0.16309622173359875,0.39283720420251095,0.18985411589893228,0.19856074955754105,0.24921954032599958,0.13388246263030065,0.4402580136441609,0.1061099510107815,0.5132588025856992,0.3139673557523691,0.12875047468750642,0.16517570306545773,0.20223313909179838,0.148931647838038,1.0979460173684998,0.09142599387362862,0.17201272802170728,-0.0076736350289485,0.24974833702627375,0.32307895399932085,0.31169657407090046,0.026351745673293032,0.254549139437378,0.20526122257731125,0.40997168178061294,0.32259653763071355,0.2052755168830432,0.19688912583367305,0.25070746270445915,0.2791980901726504,0.38770938531185084,0.17189281612251822,0.0776820462513739,0.20086921879027378,0.2863611044810041,0.28929053397538346,0.36869749535062046,0.17551715988108194,0.14063450268718736,0.2573882578477035,-0.09883658623816724,0.430431976216335,-0.19586652841766708,-0.024288493022583485,-0.14615175027789906,0.14023253194352678,-0.03779577732186912,-0.0444812905317081,-0.0012569694986987086,0.040457613083969717,0.11979786846588454,-0.1730514181808712
0.031172933455790853,-0.0799570908161397,0.04635821264176928,0.04468750372575037,0.09654463777129864,0.01639166555327329,0.15010083302292587,0.13936862753896495,0.1389551830809791,0.14839965240909478,0.07306062461160438,0.1502786317086469,0.08466231394488266,0.09299351767943433,0.029848922403448885,0.050369637984192736,0.03389693472415819,0.23237157853938367,-0.06684597528099256,-0.028549843726831014,0.26924739995811886,0.09142599387362862,1.565931430869005,0.14085115084570682,0.21628249135974542,-0.09157458846221125,0.13089384397130255,-0.44701600522722734,0.2944398934785074,0.35827322744167306,0.37748947548121764,0.04149319569798457,0.16338404694229722,0.30739321858361646,0.18108036710095446,0.5892319887364345,0.002986413008721305,0.07422075991641856,1.1075595876842488,0.25333870064642255,0.4337668236656144,-0.033054196448777926,0.0073377968910136974,0.7869075109207535,-0.15319890286706464,0.1329587990660736,0.4172322399441408,0.041822450626638245,0.20333875750408661,-0.041226080317937654,-0.04867151448197634,0.019156893539065446,0.20375283846893666,-0.09331366292758264,-0.16214688355373608,0.003031528559095169,0.053468558163880346,-0.09168296877884384,0.045129213639390056
0.026174844697961875,0.10158136003683514,0.19932512724939777,0.045658112576700424,0.12392761393525409,0.2071606310516714,0.18814321150067043,0.07863032332394913,0.20498157174299797,0.2072677269166978,0.16198353107992322,0.14661689976448328,0.09282659806254649,0.15596678599352115,0.21191538529930332,0.17169814004271944,0.171697660355736,0.21291155658390448,0.09625068971750562,0.30089436120407964,0.0802717700179523,0.17201272802170728,0.14085115084570682,0.8034621659549093,0.446744844690986,0.12248538266196593,0.03606940232695346,0.1248787906905461,0.13014422476197268,0.17777809951725287,0.17987261067433113,0.13965918681275355,0.1024260392151266,0.22194179759316232,0.22516972498569984,0.18864242351149418,0.2388712967907008,0.14866867759642458,0.19549539369233726,0.07277144723718305,0.16413069929147,0.2346906528914879,0.0074158851637552555,0.17827172120795015,0.09254987951046832,0.005998467050956914,0.20801805621395006,0.0009602418275360783,0.3093105458402513,-0.18241030779355,-0.0016363824096103353,-0.06520151175615978,0.14230101557705793,-0.016101229520901233,0.12324128132968809,0.04286223009896727,0.2143598850303836,-0.6855622527833636,0.42698860051095516
0.19643162247553383,0.26731462053333394,0.35958338008651886,0.0754828675650142,0.05808889432961301,0.24419240755442037,0.16605276570847916,0.08818789087531204,0.01762059746255147,0.2821692300889742,0.13063756416418015,0.17617218119118305,0.07348483420331035,0.17480135585322518,0.2881470328607667,0.02178933154634574,0.44737381631291556,0.14133801704841525,0.22061705929077025,0.3738997642906162,0.06356797533103205,-0.0076736350289485,0.21628249135974542,0.446744844690986,3.51028833637475,0.4561788154226699,0.5914828795827491,0.46831431879809465,0.35003796297288675,0.3444617046156357,0.6032550323989045,0.13094578767411805,0.1628622003598166,0.3780396544650333,0.14041710447076564,0.6257769393478747,0.007045792177765905,0.6298442547431983,-0.2229121479418804,-0.11449849508207537,0.498947513830445,0.49492982206879405,0.5320561650024797,0.36493216865356526,0.6051298808841801,0.3409735508175823,0.39577919529976224,-0.07092289154131068,-2.0512745833871997,-0.44474021068177544,0.1347738023047416,0.24555788789434818,0.18009467292963632,-0.21078495202692504,0.11114063125713321,-0.044993128357455815,0.12355609388742143,-0.1487597716541835,0.16484966606262422
0.04443152611035642,0.20469695044664682,0.16864677114849771,0.2023754940196375,0.19518163712704972,0.32128998947926196,0.19240673137171427,0.2856743825781496,0.14951022242888062,0.1804467071590497,0.20713013831329916,0.20693050241961938,0.1144568830779976,0.31782266417516086,0.2686129837261603,0.244249621233636,0.22120050100945526,0.21836363986185087,0.2034265145846939,0.3638380669355402,0.15685368587881005,0.24974833702627375,-0.09157458846221125,0.12248538266196593,0.4561788154226699,1.543829062640201,0.1412825395736748,0.35982082694253953,0.289060994848314,-0.3256098492072596,0.25383232665723543,0.35936345992137053,0.15734687191907648,0.34897085726261284,0.2723378362118077,0.2736964665827222,-0.16164571458269436,0.08425339112370826,0.3642252800295113,0.309411248129792,0.1286947327914143,0.3067314404123958,0.106391205042579,-0.03833153436332216,0.40911123539273125,-0.07184866267198664,-0.045962149096714984,-0.007954868484868118,0.8255203524879232,0.3682403760426247,-0.12290638741337143,0.03852593380670906,-0.3606444549052313,-0.10954114417441325,-0.025804855309799504,-0.0342879373855985,-0.009499405068057836,0.20121124289689948,-0.1623024432796708
0.10465744814180425,0.2935815978463469,0.23752957391320528,0.058104131573671315,0.019722758825278394,0.17576481968177057,0.22372619841577718,0.33617717888950455,0.16542502820915866,0.35249986902271924,0.17680732779328806,0.28102013407135246,0.03697795911758336,0.3163362991542289,0.30733220171135117,0.20259599135720438,0.33578371278570174,-0.0248459321593966,0.17572335329991404,0.18468819033298373,0.15490591739794127,0.32307895399932085,0.13089384397130255,0.03606940232695346,0.5914828795827491,0.1412825395736748,2.2157471313840946,0.5998180310137965,-0.03534192829267247,0.39105786790046243,0.6254689784674492,0.3112489351007479,0.43643739102918305,0.3471161633698396,0.48359865494626225,0.9376032659275556,0.3406319668445869,0.6364623359022904,0.01238101764138315,0.36627428769590487,0.34041876383472497,0.08068920567936122,1.482601802647921,0.004879856650058734,0.29180932053944547,0.33959392981576636,0.18944455506382626,0.008602876010761849,0.7949158892519402,-0.13423839083459266,-0.2307851769934088,0.6610392726893846,0.02109431360499122,-0.14353714067009124,0.009966677398811926,0.01802957352336941,0.10515619747635359,0.5224593398149929,-0.5390574575386893
0.05019045158697605,0.2653243687875414,0.24014671217225392,0.07497074036505716,0.048940552062062714,0.2933348697069837,0.1562834811282227,0.014057154987159738,0.13163776744981484,0.16067937003226818,0.1553374641224568,0.09946355553876889,0.06409728086765944,0.347610379517836,0.31604442510221153,0.2875085174399053,0.482279079050446,-0.013923087608354368,0.377987837109247,0.17578141206109826,0.2542512552503768,0.31169657407090046,-0.44701600522722734,0.1248787906905461,0.46831431879809465,0.35982082694253953,0.5998180310137965,2.0978536356939346,-0.24179978872952737,0.4393826117125266,0.4287999523673078,0.4655483542563999,0.399007451139488,0.1733822458874056,0.14947127417410921,0.6265578351985657,0.0820501664774471,0.5334161351946932,0.13730086089350713,0.026897486253355835,0.5896182947531929,0.14655842925859247,0.5522542472043959,0.7229718462474546,0.6455377809392767,-0.06945636145561906,0.10608644856356368,0.020322011035102595,0.01723798521185263,-0.18964427804444917,0.015120892594636564,0.9058073812881643,-0.7373115235931572,-0.08439531009231657,0.059683892436584195,-0.08350544666209132,0.17612252783628451,0.005807591403794779,0.13336593548123923
0.05452994099742487,0.24532433770258805,0.1831154743508387,0.19255568672115914,0.16353585282674446,0.2973364516677053,0.16393089727798904,0.22815166926736888,0.05076030586946912,0.26186012239635,0.18513252140643907,0.19176317919842456,0.14256764209468772,0.19370648613600058,0.20997571956887623,0.20246374985760843,0.17470306579753136,0.32765108771421453,0.1290815054364144,0.33691988828786057,0.16601373109868742,0.026351745673293032,0.2944398934785074,0.13014422476197268,0.35003796297288675,0.289060994848314,-0.03534192829267247,-0.24179978872952737,1.9063723832403656,0.11063530718233822,0.05232950452257256,0.22853794591877635,-0.30033124643471926,0.7017587834903165,0.2826819134304849,0.3226117310297425,-0.18126675187974117,-0.2309620499779541,0.517939066782275,0.2448696437682575,0.33428915087463384,0.023835264119074516,0.07491981608955793,-0.28574841583884825,-0.00882063805201758,0.41234897756840544,0.27754553624932493,-0.028113268604690343,0.7245823442806588,0.47053752540899807,-0.15169266357752798,0.08022713117519652,-0.320724261401829,-0.05481786021005023,-0.0013222557359437058,-0.009285701097910866,-0.06527007917254724,0.15206417392044094,-0.19729675815772596
0.0741149128030387,0.14762416888062138,0.06317233722354272,0.07764165757257524,0.040591115581142784,0.09745446971832232,0.18718011547976565,0.28133446303258447,0.17156994129395572,0.18996187577643706,0.12193363085815427,0.11874719006278753,0.10903901499345997,0.3895045548710269,0.15330351305746964,0.2897901422943707,0.32236466034548855,0.0367736895083198,0.12441617799690466,0.2265400662600764,0.33201145791960746,0.254549139437378,0.35827322744167306,0.17777809951725287,0.3444617046156357,-0.3256098492072596,0.39105786790046243,0.4393826117125266,0.11063530718233822,2.9465037142681623,0.28543792113162664,0.338694325567348,0.4663002774871898,0.1315040710335924,0.5998866246946734,0.28733004809032126,0.7579460276612804,0.9664658547136165,-0.11537079428708248,-0.03908657596575912,0.9181789557810698,0.40019800243661285,1.0172119219677265,0.9739653707883593,0.46378186424861134,0.2090126607081997,1.3464807015950089,0.10806837009635346,-0.050780077461040594,0.043513863653340576,-0.06784357616401275,-0.2024619638563254,0.26035738834188504,-0.04605117968474163,-0.04288682134809112,-0.17983946213081706,0.0842643697682353,0.37436274459367275,-0.19917813074197646
0.09029548900435846,0.17565600863283887,0.2098686309295022,0.10232010250335732,0.14535139981162962,0.21718255029270836,0.21511120427095112,0.18174690131260698,0.16878207653232463,0.2609247267069556,0.17051743516355142,0.23533036052619305,0.08521771398207494,0.29191575006298054,0.22534681395871375,0.19905746020243972,0.3233395721331799,0.15853120030539408,0.2059773747931058,0.21789096874090175,0.29612891907166744,0.20526122257731125,0.37748947548121764,0.17987261067433113,0.6032550323989045,0.25383232665723543,0.6254689784674492,0.4287999523673078,0.05232950452257256,0.28543792113162664,0.9819556039459266,0.27653805437213497,0.2231243772240255,0.3270532654306299,0.21873606872942258,0.8678700766471026,0.22711098816100164,0.4928058359583936,0.6434182291016081,0.24947229622034361,0.5174421893230212,0.24990564932738354,0.35807728100123826,0.4125408053527915,0.4410930346254485,0.2204839697775813,0.33139371080857033,-0.010835463623351641,-0.2568539481044882,0.07533094750182252,-0.004790441627172135,0.19448752610380268,-0.018813980371624798,-0.13034004357311876,-0.026316499337330015,-0.027499106930758445,0.14442683117635913,0.0020454873538343996,-0.07537757551001763
0.05742802820869684,0.18269306504208535,0.11529572349605434,0.167522958727381,0.21788810912790654,0.26832516962649744,0.24155178157614757,0.22348597975888534,0.2330619668844823,0.21661371666313264,0.1835915497462017,0.2942168906399634,0.13023658776538774,0.6755047894042802,0.15875464828702907,0.49846283739654806,0.3061362030755532,0.10853583799652738,0.2346609335897989,0.27923886579527996,0.2032411715046823,0.40997168178061294,0.04149319569798457,0.13965918681275355,0.13094578767411805,0.35936345992137053,0.3112489351007479,0.4655483542563999,0.22853794591877635,0.338694325567348,0.27653805437213497,0.798183428429078,0.24284321979091586,0.32987319638075563,0.1736493675341901,0.335447278784441,0.1794062008812932,0.4040316270774228,0.26325001317294905,0.20257685133059797,0.29500247263623725,0.16014528209934303,0.2783207978285616,0.31230601613849285,0.30448998599066157,0.14567324035202892,0.3103032549092386,-0.012096863812550627,0.3020052750297338,0.025058174507840262,0.009938097779281537,0.2154697078867896,-0.2642212894553209,-0.009891061794412634,-0.14521506851205862,-0.12209805839321311,0.17562012169178215,0.17135377350676398,-0.1590584782886113
0.059246125780464454,0.24208014557418275,0.15973658854603393,0.12322382907704175,0.09252866780801398,0.03949531194432453,0.15598231817501773,0.1722341949976058,0.20350256068096667,0.05449424309749125,0.13105685395163716,0.16858691284347493,0.08975762138558308,0.2719549635759016,0.13375564212588698,0.20376531433404507,0.2829625286787218,0.05756900385498775,0.16615830316130156,0.09283533364995974,0.2265213879087876,0.32259653763071355,0.16338404694229722,0.1024260392151266,0.1628622003598166,0.15734687191907648,0.43643739102918305,0.399007451139488,-0.30033124643471926,0.4663002774871898,0.2231243772240255,0.24284321979091586,1.7135252167940456,-0.1328731433544649,0.21843092465616104,0.0995025103726736,0.8607252400523893,0.599578814870467,-0.20652190262079742,0.18199534108698073,-0.10677286426806945,0.28507107639146384,0.532894999712846,0.5492403280983048,0.45504854322480387,-0.0951826317671429,0.42861321028801275,0.013641354994786909,0.10690075118853197,-0.0356905189715124,-0.011859988668428682,-0.09517711076554138,0.10599881044215723,-0.138305880119674,-0.21209072749108945,-0.1064150084038713,-0.08745472669656035,0.1943135171926006,0.1371553944995605
-0.03364984983270749,0.2804818296071389,0.21210782611597362,0.2701642213656618,0.34061701196199323,0.34917927582533287,0.3089628694434526,0.29298853773794703,0.1316168826353715,0.48873420195253586,0.21633391961136292,0.3160465621157225,0.14220749231191157,0.32401594995794064,0.3337820526817842,0.3046421194880649,0.2971918300409165,0.3098897667804834,0.22249689078199886,0.3724000072828314,0.233145180453973,0.2052755168830432,0.30739321858361646,0.22194179759316232,0.3780396544650333,0.34897085726261284,0.3471161633698396,0.1733822458874056,0.7017587834903165,0.1315040710335924,0.3270532654306299,0.32987319638075563,-0.1328731433544649,1.6602557118594619,0.335632085746508,0.37852640263377085,0.40639601229960787,0.2320760274283821,0.3803629960651119,0.12631150662965993,0.4386329973716594,0.31223843225541675,0.36032950130358227,0.2881073570221455,0.2898876563530396,0.3164650514507214,0.37005120895445404,0.008171514001340021,0.4314908977860022,-0.024304715496537555,0.009526627917351002,0.07938037592022033,-0.021961511066913984,-0.16584723574655727,-0.04865465072983116,0.02578775133128839,0.007071273600429805,0.008675546711830871,0.029377592375607765
