0.8405098078339543,0.1423728330137213,0.24784904914638764,0.09408849482686572,0.13451629255575423,0.07574073372881827,0.11558721648891225,0.03582523312344123,0.08973542638356563,0.1400982255502651,0.06704490981429552,0.07896775013622069,0.055735818927227794,0.04727020636636936,0.07669996293485658,0.052558159505823404,0.04713013173204913,0.08642803764419073,0.08616067190691179,0.042825988995175084,0.04859259728543117,0.07441213391650008,0.01595805039934236,0.055207837374482385,0.04114410751616836,0.05380948318491477,0.04813668744919231,0.05006865823546805,-0.01780045617777997,0.07328596189386732,0.10345791620817507,0.05078962700359448,0.10915488446645673,-0.08174546899620556,-0.015698661962440037,0.0543712510377346,0.04434496653372198,0.13439251895546395,0.05072504966551091,0.026168221242388646,0.07339102587040171,0.039463964140967166,0.09091194716529807,0.023839032003573294,0.062235275021541595,0.09413651506027906,0.08273655805935662,-0.00728717142349727,-0.013029499995433538,-0.018217051356603776,0.008067075549445694,0.03446054913942597,0.00455900207374844,-0.021019563947240163,0.11176251308584775,0.025546139007201034,0.0034507239212321,0.15770024371392427,-0.3128068016069279
0.1423728330137213,3.069564610636865,0.23854479258227548,-0.010178194812056172,0.16113347541232242,0.2726181849789394,0.19093052949263042,0.10438754153636313,0.1460977521979784,0.22817038518427707,0.17214882440278897,0.14667673642592896,0.08519509942205002,0.12547937713489796,0.399436199548564,0.09504243077222951,0.22020043198483616,0.285587127476991,-0.28514779440379473,0.18329042168189036,0.18356797661184168,0.11471676534992997,-0.09867583729947459,0.058895888479845934,0.28488235175322224,-0.015989073209048656,0.1946786437570754,0.20185560944131145,0.3714182490070906,0.009233206395836347,0.20256201592680503,0.0687094924036263,0.11191332693334477,0.21322295901599708,0.12212264098924483,0.18284257072110355,0.48172731802351537,0.09862293831932109,0.13558461299849606,0.00044431600859240206,0.198539060075353,0.16836590020345338,-0.15772274824871324,-0.00920946763995142,0.05852505918357615,0.08619432282551236,0.14665379131807327,-0.01782190986564861,-0.06713457758034536,-0.1587688595564897,0.2440363638617047,0.19663830058200996,-0.14720025567027303,-0.018592465434381353,-0.45032687587232184,0.0029379257272425566,-0.11062798127515434,-0.4601423775903322,0.9135517202429034
0.24784904914638764,0.23854479258227548,1.7899401829876331,0.1884546076382278,-0.19297727373902973,0.3742072553432339,0.33159471577400185,0.3273284361076346,0.5720177610657439,0.4345927534545168,0.2784533694818256,0.26094368617976255,0.2187720562832955,0.2594651692325391,0.22774267095894463,0.23480354591080724,0.3535158162563546,0.30626069623887753,0.5480266339174618,0.2704207683717778,0.2898301671134379,0.41352989409620455,0.1289691213994434,0.24834793988914897,0.2846019851435517,0.34511207367881286,0.2211046189282142,0.3289675042826007,0.27502646616896587,0.08653336834594544,0.3218935603977446,0.18089448086344923,0.3704129017403068,0.2073135429204974,0.2524971426809239,0.39597554144505265,0.5053797455416494,0.36781502474024586,0.28675089343474747,-0.007419531557127509,0.37472138416149603,0.280157368351596,0.18882662685865448,0.09435347865979703,0.12029169834457613,0.4455859059395009,0.20610945386713264,-0.0380152649273275,-0.14573503871819415,0.27429396062855027,-0.08268718358356633,0.1691651971499476,-0.06404500880095199,-0.24308474408583922,0.0940620562451763,0.06067034401736041,-0.2876776948473408,-0.33479709071833574,0.3718630236378154
0.09408849482686572,-0.010178194812056172,0.1884546076382278,1.2695235314045399,0.5205138588252131,0.4399969847132196,0.2678025464694551,0.3541912766303521,0.13792129537032102,0.16701604487220062,0.22929936175544086,0.23791229442160808,0.19013207779965252,0.23159149323212222,0.19914281071703954,0.23844163153811893,0.14150956276190613,0.2579081623142125,0.007999352394344014,0.198151081435271,0.18575928234278602,0.19411015972227771,0.2324965135340226,0.16015835885344581,0.24667587067890245,0.2808426835816635,0.1222440500097797,0.022450859627431995,0.2869746706997878,0.0509423004482347,0.16107972537842552,0.14166334586975077,0.10128592318442411,0.3056514833036767,-0.13708304468257243,0.20552641599264895,0.27985996479584235,0.18980064702888766,0.12963648439816497,0.0695156031057088,0.1594159330282325,0.17684405821214755,0.2196693840853368,0.06313678268742028,0.07194560554200158,0.17171907605780035,0.16038186401634213,-0.0139870597632469,-0.07628863220777742,0.17758642208642522,-0.06449977313168657,0.13779034893209038,-0.09772532705086882,-0.11640909679746914,0.04899732546936149,-0.10342660726534475,-0.2859880677839541,0.019234878425559356,0.28097769009020757
0.13451629255575423,0.16113347541232242,-0.19297727373902973,0.5205138588252131,1.1486250718402902,0.3415345890851533,0.3095661301848661,0.4318926593768969,0.21603930839474542,0.11164716166791702,0.22492488213371956,0.23152296343589243,0.22031689126578075,0.276261421106664,0.16725936551882112,0.2628440725209009,0.11108019719045072,0.2055291656342796,0.010783487591148375,0.18874508489684116,0.1749202249637223,0.23678416019819296,0.23835393162772223,0.14185376410954403,0.22580367407726007,0.3253790917791378,0.12055834564488904,-0.04458961329083833,0.3241054197485234,0.03484805205619949,0.08310149495196623,0.17010621613138216,-0.004914490774978212,0.39044585565597206,-0.086984248844661,0.1632111117365643,0.16788327770548872,0.14191025891764222,0.10442145163240449,0.08767780844377511,0.13307691376713107,0.16902436001446633,0.17039763328799182,0.06003778604521801,-0.030810655266875674,0.06514144297776286,0.1283774868837456,-0.007917994111213437,0.3664001227487133,0.004552046014867552,-0.017382387905061785,-0.009098112913702945,-0.0007922916818205558,-0.0009828454250083414,-0.024500258547359124,-0.1517241328664429,-0.2758829799534947,0.06466918890446578,0.3120561673244306
0.07574073372881827,0.2726181849789394,0.3742072553432339,0.4399969847132196,0.3415345890851533,1.0012552222467708,0.3694802333695923,0.52961130179849,0.39903536100091647,0.21033110783964065,0.31818774633281555,0.2297560548199895,0.24206742200506978,0.26145881266175247,0.1850196696363227,0.2593070712139266,0.2590416622423674,0.30664847623423025,0.3773658808335752,0.30271276212191917,0.2967542497611694,0.3473196686239554,0.14507202045372328,0.21087402457617382,0.32673932390589894,0.4453874698789621,0.19685847217804514,0.1336386790768041,0.3074196152371159,0.10356752834166806,0.2908319948553806,0.2191619162882618,0.18266019803856473,0.3261183099604437,0.06547100805511026,0.21927120475481296,0.3591241083194095,0.3424443577216639,0.20377027645558332,0.09506754902792568,0.25317614295388574,0.26768497657569673,0.3246669611754016,0.0879323254614808,0.12773934612383023,0.23769032872855972,0.19957791754640364,0.0023531006780864562,0.44514390759696587,0.2096818419525323,-0.11608968689583617,0.08194044642863868,-0.03183312846528996,-0.13622972883937656,-0.07158085981838397,-0.02961956828802661,-0.28159155702471184,0.34064278494493094,-0.06696595829177722
0.11558721648891225,0.19093052949263042,0.33159471577400185,0.2678025464694551,0.3095661301848661,0.3694802333695923,0.6816810651530778,0.22371371649949404,0.5839411178687856,0.20282491159006186,0.25263023578592225,0.2967892288586351,0.22215318129528744,0.293774504674193,0.059315574793672166,0.27105135903594674,0.2369841380768849,0.21486807620707052,0.3565920199341707,0.2155081784849769,0.252044459780219,0.4263450570110505,0.1710816566844049,0.2039396514511821,0.22593024619600513,0.32659192499467055,0.19080751326518922,0.14817171034277546,0.22350761222961874,0.16048802231156215,0.19785154159380605,0.2187850682875694,0.2059071274376773,0.2654090894740344,0.06815085728941384,0.2559542757456847,0.34883232766507005,0.3105263850706347,0.2561573326479731,0.10545443539518665,0.2605990130610136,0.23711890356035553,0.2845337661412737,0.09449467795902448,0.11473200675872944,0.2250483930278133,0.19449444857707435,-0.02339798458096175,0.197542366919584,0.12193166044053691,-0.05633681677149999,0.06614173590463225,-0.028860533131697064,-0.10167572686555115,0.008844472818936982,0.09462480426239167,-0.21696760259382167,0.06586923809150447,-0.04467763644260434
0.03582523312344123,0.10438754153636313,0.3273284361076346,0.3541912766303521,0.4318926593768969,0.52961130179849,0.22371371649949404,1.1841524307382247,0.08902339045751204,0.142127200068603,0.330091722887775,0.21431051466833898,0.27592540116084274,0.28960073773147643,0.23457726022923725,0.2726965503895623,0.28597432421642643,0.3337235987249924,0.30075951121389977,0.2671247666980065,0.2723746717001148,0.19392882986693177,0.14082390227450867,0.16265405950661424,0.32091331653287525,0.5309217437747389,0.20125694498322527,0.13850380412385635,0.21783691950122333,0.1557229304250832,0.2502741482698288,0.15759726763907778,0.09977789291107698,0.3178233831535073,0.2336560690626185,0.1516134568709439,0.28038085642338034,0.29008639954999105,0.18442283360586553,0.07968195616964127,0.1847897754659497,0.2509932273936236,0.3798420788931116,0.0645664836451082,0.16244250987558906,0.20863824382675944,0.24218454495108865,0.02822588016899429,0.4046129799872167,0.24836252838921644,-0.09438237080040181,0.10130562919259933,0.0036138655316492667,-0.2169424889320061,-0.10137393011935085,-0.05749124194101677,-0.3481327397753132,0.6221722388243371,-0.27070773508796475
0.08973542638356563,0.1460977521979784,0.5720177610657439,0.13792129537032102,0.21603930839474542,0.39903536100091647,0.5839411178687856,0.08902339045751204,1.1665374483594821,0.23950999231131967,0.21586904504125856,0.25275468176799554,0.21330883877822207,0.3742256710574553,-0.08753250271095606,0.2875127205009189,0.27069986307869903,0.173285339155973,0.5593001558504571,0.18755293726923025,0.28455996327045907,0.697880518172897,0.1347865514616048,0.26105212023778906,0.15759208749620843,0.40473459809951223,0.2054972486146473,0.23737737003784545,0.11368750370752372,0.1839495727675301,0.2500338450411199,0.25676929951186334,0.37336524273717586,0.12074034841333242,0.07810322427089725,0.3161608220519097,0.3501586695205542,0.4327476154290526,0.2916256491284107,0.12394739379999402,0.3491940963942343,0.26568797301749414,0.3172853565582315,0.127507257607935,0.06748602712572267,0.3102030967384646,0.18369116533569085,-0.05587856126075091,-0.04801051453651835,0.10263838073706197,-0.05064340471043774,0.07781505922494839,-0.019809688676384225,-0.10067626771983083,0.12818020177686792,0.13841046598545975,-0.2548474754311912,-0.110455129324397,0.03381019759429684
0.1400982255502651,0.22817038518427707,0.4345927534545168,0.16701604487220062,0.11164716166791702,0.21033110783964065,0.20282491159006186,0.142127200068603,0.23950999231131967,0.694090406424066,0.2083793963525157,0.21440304707479985,0.1503606771157544,0.17882916026069792,0.20877796920092265,0.1761338247354224,0.1652414942729067,0.23535274088513855,0.2157308228937357,0.10375482556928518,0.13201192482907328,0.22006989987566783,0.20436856446094712,0.15262523651719742,0.19144985147129612,0.15820424139165007,0.1661941573109378,0.12487396666662863,0.24543412465345532,0.15941907361897845,0.11884029623148451,0.16093940188834086,0.10668809483361649,0.2972186167895904,0.14888325235390598,0.24111313671426177,0.25850038104844925,0.14637315845698987,0.2173614965738493,0.04980224250348461,0.26968657257448975,0.14362254301528007,0.0884213555937461,0.07974038219269168,-0.04239888268237953,0.16910242485694146,0.2178813267470856,-0.020999935248893292,0.13556698882887025,-0.03376557940567096,0.00533800729948601,0.0004094766349976763,0.009205341862318002,-0.016121172516981426,0.05313172302629281,0.06837742083781882,-0.055839967406601354,-0.3556012871984559,0.24543906737489052
0.06704490981429552,0.17214882440278897,0.2784533694818256,0.22929936175544086,0.22492488213371956,0.31818774633281555,0.25263023578592225,0.330091722887775,0.21586904504125856,0.2083793963525157,0.47020305546116165,0.30483937707294134,0.2416912215281765,0.2568832619511331,0.21945011680817264,0.2628673236772977,0.30903393032554594,0.23261717618290653,0.18333561335006504,0.2583121423431816,0.23041168857716776,0.24191565808823148,0.11507692896105637,0.17800643059510507,0.2610296431177803,0.3323121642682739,0.2118306618624943,0.20657668890706735,0.22269653248227048,0.1751795467213076,0.23092558479175593,0.1873356179279106,0.14955441918045367,0.2439158049523422,0.26454174706901995,0.20000984061563623,0.25409926623016027,0.2553564568920116,0.19215177657595925,0.0989746205253561,0.2051415060752254,0.2311621407877443,0.2141104503941038,0.074038297087819,0.12491132547665446,0.1619398590071108,0.21206183076019475,-0.011188896312240765,0.056868129089864904,0.05634042936036624,-0.028030568430157256,0.02368428317492315,-0.0064601000583081394,-0.03613232939104522,-0.057828390007639535,0.012405088712283838,-0.23232264152034135,0.09370986337430763,0.05213591763197146
0.07896775013622069,0.14667673642592896,0.26094368617976255,0.23791229442160808,0.23152296343589243,0.2297560548199895,0.2967892288586351,0.21431051466833898,0.25275468176799554,0.21440304707479985,0.30483937707294134,0.5282852408131306,0.23009043349974073,0.3401612330539802,0.18183843820141155,0.3137804565623963,0.2864224444599719,0.17975475572748545,0.23146754007312223,0.19658168563495212,0.2115375445339219,0.2860597949638116,0.13739756975847955,0.1731653414740603,0.2626501798968427,0.33558247010279946,0.23631720984336083,0.1810097535722719,0.26085062224268624,0.18438963944027398,0.1507507203818417,0.2123826905293148,0.1081772099552736,0.25708180040073453,0.2399534943640214,0.2648290727664207,0.20416178493439394,0.23002458914038543,0.1895006305073185,0.0939741872949714,0.22556804367547778,0.21371444771758433,0.22385934883837108,0.06642609638215405,0.07268530315048174,0.12349066487189381,0.19119060963866297,-0.014716663922004044,0.47658092984880773,0.015577493055464388,-0.014644572320847827,0.013580984132442636,-0.03603838232030495,0.003239539055999099,-0.006836439091374286,0.06384101366349924,-0.28089366001212085,0.12536237693911972,-0.051149445134002214
0.055735818927227794,0.08519509942205002,0.2187720562832955,0.19013207779965252,0.22031689126578075,0.24206742200506978,0.22215318129528744,0.27592540116084274,0.21330883877822207,0.1503606771157544,0.2416912215281765,0.23009043349974073,0.45889160410990554,0.22601608474504026,0.06129358785990221,0.24710436148739526,0.19445037639373064,0.17225454121681932,0.29970423500450316,0.14750531709389542,0.169440847544927,0.2356822114764365,0.11623485745560458,0.1797380126126103,0.21507930099791978,0.27160843560040654,0.19745510975139313,0.15168192636945957,0.20534546465320944,0.1565185327414847,0.16461598341335154,0.20489464204377575,0.14022882503902168,0.2194494958451046,0.1975642043389997,0.17158467129242141,0.17569728267636286,0.21323776641394315,0.14334666787221392,0.06303729009229103,0.18215307592087238,0.16741700636448076,0.19568029244351995,0.07575981124611657,-0.008303939719911125,0.15249234471162512,0.17076783827897055,-0.006519953222223266,0.21439169115510517,0.08990150223394888,-0.03779532617371731,0.016274280737466302,0.009042137418931047,-0.058246546256598364,-0.012870637644763245,-0.012766205975695753,-0.1585512553479026,0.09752150624029916,0.015948752367303653
0.04727020636636936,0.12547937713489796,0.2594651692325391,0.23159149323212222,0.276261421106664,0.26145881266175247,0.293774504674193,0.28960073773147643,0.3742256710574553,0.17882916026069792,0.2568832619511331,0.3401612330539802,0.22601608474504026,0.9347555857561372,0.3407334576970011,0.4725322206381262,0.30059924148664097,0.1952662146026039,0.2237757116887061,0.178041149282615,0.26331753878770947,0.40043691752690286,0.19070835612684928,0.20981032560597396,0.47773087845903556,0.454659855814431,0.16843704320790565,0.2162903809396628,0.2954928006390952,0.33733766715479496,0.1437692115938661,0.15716690987522877,0.11875256797367001,0.256140932944904,0.3123625974039816,0.2551327769230869,0.2420490644042444,0.2725221497824251,0.11383359554978686,0.11597255253259119,0.30319741674108514,0.26697744268874957,0.40874158364312557,0.10671157200634133,0.05368954551060796,0.07696619613180312,0.26476776602848273,-0.013342369833134764,0.5086775119203899,-0.0024651543827336185,0.015441637174496049,-0.10537748827145157,-0.013681646731909315,0.069797191786385,-0.1139323045554611,0.021115365520891126,-0.5738019721390446,0.48485190295810093,0.07847593855948987
0.07669996293485658,0.399436199548564,0.22774267095894463,0.19914281071703954,0.16725936551882112,0.1850196696363227,0.059315574793672166,0.23457726022923725,-0.08753250271095606,0.20877796920092265,0.21945011680817264,0.18183843820141155,0.06129358785990221,0.3407334576970011,1.0398045680097792,0.18282739469880488,0.2044307285945,0.3554133383253676,-0.025658631484728245,0.2676664960172301,0.18562423775964526,0.05236355498324745,0.1058475030041137,0.08807987981481129,0.3959063604956218,0.3231618123660692,0.12249273591575326,0.22222855693938767,0.2808934203031395,0.2064065453542055,0.25153503457259435,0.05146770776295212,0.08907045950233342,0.2617365262138862,0.23035830305168142,0.1690748068729098,0.19885821323304068,0.09640213848610699,0.019146003896302853,0.06136819576254544,0.18427159873296708,0.1840251782143632,0.2275269465617321,0.024173317821357503,-0.04251091633512102,0.12824817837306993,0.2776365743038333,0.004908867119665903,0.08188779325286971,0.12735569882095835,0.03550821592973608,0.04672123737656313,-0.1631505768889568,-0.05679454164639308,-0.07566262537065012,0.11286549973054584,-0.38005904957200987,0.1942997556716136,0.1397812241774385
0.052558159505823404,0.09504243077222951,0.23480354591080724,0.23844163153811893,0.2628440725209009,0.2593070712139266,0.27105135903594674,0.2726965503895623,0.2875127205009189,0.1761338247354224,0.2628673236772977,0.3137804565623963,0.24710436148739526,0.4725322206381262,0.18282739469880488,0.8125957691570517,0.30121188012934846,0.196493066386483,0.30766114956078,0.15720030646774025,0.22930666387443496,0.5264142484607068,0.11412418747335817,0.2200625543338843,0.3224778635708643,0.4893203224300637,0.24809061162402576,0.257326536618247,0.2544573558740794,0.2560012461223167,0.2012420636865368,0.2700396207097723,0.11843771014333024,0.28772130420769987,0.42120644261006474,0.22857778217777205,0.13759482954766372,0.2881523443478724,0.0904814153044494,0.11735622630018991,0.23656863806224734,0.2387933128285317,0.3581168564836247,0.11695532568541368,-0.04266542835196026,0.09964637362828484,0.23035052821339339,-0.025706990681812373,0.5104447279614186,0.008960167789194307,-0.04216369985762376,-0.014199415221089147,0.003974154613448005,0.011980787766764879,0.028514970489944825,0.00606926125638724,-0.45775505483798834,0.15871777095764705,0.16909439992960928
0.04713013173204913,0.22020043198483616,0.3535158162563546,0.14150956276190613,0.11108019719045072,0.2590416622423674,0.2369841380768849,0.28597432421642643,0.27069986307869903,0.1652414942729067,0.30903393032554594,0.2864224444599719,0.19445037639373064,0.30059924148664097,0.2044307285945,0.30121188012934846,0.9014576871660434,0.21771476948768162,0.33851976387768595,0.2750213641016023,0.37960135391935546,0.28615159775132837,-0.03778585820896637,0.2671381185139053,0.2748693751256053,0.42883414843512074,0.23595907602675584,0.6117511692246831,0.15507218574127304,0.24345427580191745,0.40139386853063713,0.2131238828967871,0.3862318360381062,0.1627253516422911,0.5310733316858727,0.3168310353411463,0.49500373806373865,0.38740799401290843,0.20980348025698484,0.08280098356889364,0.36114128672464474,0.42461299243115946,0.17316120940678054,0.08962324235627964,0.31814576821731844,0.19334792373838638,0.25093849507248744,0.0039364923166769995,0.11650163343380843,0.34329284545102484,-0.01604388459579794,0.005275007535205892,-0.30519756403951886,-0.06182569123993661,-0.3979345541790746,-0.014403233577285032,-0.26810180365025066,0.31377301952479913,0.00411512088640532
0.08642803764419073,0.285587127476991,0.30626069623887753,0.2579081623142125,0.2055291656342796,0.30664847623423025,0.21486807620707052,0.3337235987249924,0.173285339155973,0.23535274088513855,0.23261717618290653,0.17975475572748545,0.17225454121681932,0.1952662146026039,0.3554133383253676,0.196493066386483,0.21771476948768162,0.8891984811438236,0.16176482967572506,0.07187391040497873,0.25095006826885946,0.20422394000663524,0.289266960649978,0.1304517776355428,0.40081605435770346,0.49640114288987097,0.11006146192326496,0.23828191303221177,0.20800944050798104,0.05507783883068368,0.5334626336255327,0.16780169321793495,0.1658910403701368,0.3235647892237579,0.14343711964661066,0.2416308786694075,0.27978081953817296,0.24770666573538866,0.006485601172258555,0.08297437693639904,0.1938371134325441,0.2251677673948238,0.3551399470106604,0.0818270907308998,0.049994858183311605,0.20719775712860797,0.4671702844178243,-0.010606833897743896,-0.1791297339105626,0.18632245987616525,0.0940623763848444,0.052688467322664245,-0.2618479967262478,-0.14676165005279063,0.04923172258721431,0.09258530730093091,-0.2187582158652689,0.08531297312828261,-0.0008607686106755923
0.08616067190691179,-0.28514779440379473,0.5480266339174618,0.007999352394344014,0.010783487591148375,0.3773658808335752,0.3565920199341707,0.30075951121389977,0.5593001558504571,0.2157308228937357,0.18333561335006504,0.23146754007312223,0.29970423500450316,0.2237757116887061,-0.025658631484728245,0.30766114956078,0.33851976387768595,0.16176482967572506,2.3239792582601853,0.3406266963070345,0.3285996039231376,0.44047945387901755,-0.28616343181048304,0.28790217148186836,0.27687506203994205,0.48673528639143343,0.24789732927695826,0.5107633147436581,-0.012425106350411403,0.2718102875537484,0.5483946709633346,0.2986681912963033,0.5204709465387659,0.11343597930910013,0.26240194854623716,0.21225966175131367,0.37318681308679297,0.5892744727468068,0.31769132651646403,0.07447118041728965,0.4012238486949335,0.2715863579716131,0.49457925212456766,0.06363887310111277,0.026513376584628434,0.4463898012854779,0.22408912701995193,0.02619720770540696,0.1949493813228216,0.6172330465914421,-0.16155684758217626,0.2706633313865319,-0.350298641440187,-0.25465807511257005,-0.0019355332756396631,0.14549023457157878,-0.10714154151794952,0.7551553122718642,-0.7693485109844308
0.042825988995175084,0.18329042168189036,0.2704207683717778,0.198151081435271,0.18874508489684116,0.30271276212191917,0.2155081784849769,0.2671247666980065,0.18755293726923025,0.10375482556928518,0.2583121423431816,0.19658168563495212,0.14750531709389542,0.178041149282615,0.2676664960172301,0.15720030646774025,0.2750213641016023,0.07187391040497873,0.3406266963070345,1.4947479463354802,0.14341103398755364,0.162552421307902,0.057924374663346635,0.21708489861033942,0.2623783457021528,0.17989176378331428,0.29094264993181285,0.22220205098941614,0.4251983939162009,0.2452002651931421,0.1850394609433926,0.14122963636995556,0.2559316631452815,0.28099110987617093,0.018628048077102895,0.12043333065787905,0.8383605254568233,0.4260815077783826,0.5003783611911888,0.2535635070059947,0.2447999285321326,0.1675736784300312,0.4263642480901619,0.004749251619019251,0.6593102589462326,0.28189003201726226,0.16825908170966414,0.04023437541224822,0.6618713482308076,0.14035727795069788,-0.11264123125803717,0.30891828203076,-0.10475858922615308,-0.10609524380152027,-0.0393893765305338,0.023618926880632506,-0.11858537095502218,0.2351251435537498,-0.17202267030249163
0.04859259728543117,0.18356797661184168,0.2898301671134379,0.18575928234278602,0.1749202249637223,0.2967542497611694,0.252044459780219,0.2723746717001148,0.28455996327045907,0.13201192482907328,0.23041168857716776,0.2115375445339219,0.169440847544927,0.26331753878770947,0.18562423775964526,0.22930666387443496,0.37960135391935546,0.25095006826885946,0.3285996039231376,0.14341103398755364,0.6720691323647783,0.26526189359940733,0.1510170320290829,0.26146038501742325,0.23836041957190188,0.31742939944515336,0.1641016034506386,0.279164737527984,0.1937773266391971,0.3788650918297041,0.34926622734989937,0.17817157045194887,0.3225357203022305,0.2258149847342782,0.2780235112830986,0.37417645127933163,0.4731269230388622,0.3888810177498109,0.24218573169059712,0.1945418943046952,0.4179582986340983,0.5566460440405574,0.33666088035990127,0.11452964984895257,0.2617554273160276,0.1922063100466767,0.32719046036635613,0.00963370462451088,0.0854780117020107,0.15822426703424683,-0.03647071080038371,-0.10090204010683708,0.018812290014996,-0.08274464108254848,-0.03241450248904274,-0.025063303684119437,-0.3246110262975523,0.16331855848211946,0.21163556263925426
0.07441213391650008,0.11471676534992997,0.41352989409620455,0.19411015972227771,0.23678416019819296,0.3473196686239554,0.4263450570110505,0.19392882986693177,0.697880518172897,0.22006989987566783,0.24191565808823148,0.2860597949638116,0.2356822114764365,0.40043691752690286,0.05236355498324745,0.5264142484607068,0.28615159775132837,0.20422394000663524,0.44047945387901755,0.162552421307902,0.26526189359940733,0.8273474446997802,0.1551993131901075,0.261303559138087,0.22724984645064605,0.43827870398147123,0.24139767614188185,0.2358569599193088,0.22818020851065823,0.24218361607477776,0.22545236352347497,0.29744464463026454,0.25971651931274825,0.2303111573716706,0.2312318067083644,0.31407972728706685,0.25651443445257854,0.3885029792828798,0.20756504006868465,0.12558345902107454,0.3185671408262505,0.2630758031511171,0.3663293538117576,0.13728817382831698,-0.029247782386336116,0.22767919084230487,0.2270840430276925,-0.06062986977836691,0.42988760432593126,0.08832174495577232,-0.05851268542117856,-0.011402792777278464,0.013519358327238263,-0.044483017855115305,0.09393937809337459,0.07296682967232299,-0.34865852890895854,-0.012014305334840542,0.10828566836615403
0.01595805039934236,-0.09867583729947459,0.1289691213994434,0.2324965135340226,0.23835393162772223,0.14507202045372328,0.1710816566844049,0.14082390227450867,0.1347865514616048,0.20436856446094712,0.11507692896105637,0.13739756975847955,0.11623485745560458,0.19070835612684928,0.1058475030041137,0.11412418747335817,-0.03778585820896637,0.289266960649978,-0.28616343181048304,0.057924374663346635,0.1510170320290829,0.1551993131901075,1.7650363596221534,0.2645446916746788,0.1028421406547973,-0.4251075031414867,0.04021616897944811,-0.35904758605456066,0.8577736106906778,0.5446212512114411,-0.73065055515847,-0.0007853990676456654,-0.04327354090013348,0.45261818080259736,-0.38783733242172147,0.4684269956314845,0.6551062989279813,-0.1721019377044424,0.7296964090014392,0.18200538710169512,0.2681049403958833,0.1643701471003392,0.1543624092271218,0.22819490278263121,0.3169794048052761,0.16382820746953985,0.42190056466076786,-0.03683415853985219,0.25025730080589476,-0.2170491705661691,-0.04286124280252226,-0.1964055878340943,0.3027290654116138,-0.008618989893966488,-0.05446101657224235,-0.07315879738211974,-0.1324904259611627,-0.16830842481972422,0.3750057044351645
0.055207837374482385,0.058895888479845934,0.24834793988914897,0.16015835885344581,0.14185376410954403,0.21087402457617382,0.2039396514511821,0.16265405950661424,0.26105212023778906,0.15262523651719742,0.17800643059510507,0.1731653414740603,0.1797380126126103,0.20981032560597396,0.08807987981481129,0.2200625543338843,0.2671381185139053,0.1304517776355428,0.28790217148186836,0.21708489861033942,0.26146038501742325,0.261303559138087,0.2645446916746788,0.7042346876145065,0.08074071485277425,0.17913358561604864,0.19812488841716075,0.3115385375399231,0.13739464845332497,0.5348115611463038,0.3376417756231387,0.31764001618149623,0.6684229590904378,0.12608945639813599,0.12286823584317239,0.40494141779347564,0.4661699053955347,0.38375946384054893,0.21744994943806364,0.055722862293234664,0.4706839168701106,0.26523323250582426,0.18158204449534865,0.1378767423032801,-0.17228232280515085,0.24982601774999907,0.3402897790773198,-0.0010085846279205464,0.1250208546922643,0.07354278895035417,-0.08135643059621102,-0.06476017787738808,0.12457900561843824,-0.08683816725711387,-0.16131150684084694,-0.139270840212786,0.008755351552292867,0.0033778603733188896,0.2950196292612012
0.04114410751616836,0.28488235175322224,0.2846019851435517,0.24667587067890245,0.22580367407726007,0.32673932390589894,0.22593024619600513,0.32091331653287525,0.15759208749620843,0.19144985147129612,0.2610296431177803,0.2626501798968427,0.21507930099791978,0.47773087845903556,0.3959063604956218,0.3224778635708643,0.2748693751256053,0.40081605435770346,0.27687506203994205,0.2623783457021528,0.23836041957190188,0.22724984645064605,0.1028421406547973,0.08074071485277425,2.1838884236704317,0.43006193511973073,0.22417213400972733,0.15994059282769302,1.0351492773373316,0.13171661511075025,0.6278447087248472,0.17559316591464205,-0.10368059984529138,0.6325864745960413,0.40303005258591684,0.2734072515752548,0.19830775769857206,0.24066588126715657,0.08517071904828356,0.07951881015780855,-0.009542859099152683,0.22766074654368693,0.31963357405913284,0.02897427356204931,0.1703412976220248,0.31777503654325795,0.28609858583331566,-0.08535830889582924,-0.29320819465618897,0.05652182964290152,0.02223131477278064,0.08004768387180689,-0.05117591760246371,-0.04958154840338613,-0.09788350261150142,0.003967429613543997,-0.381286969584813,0.16174225830145708,0.19335188354528576
0.05380948318491477,-0.015989073209048656,0.34511207367881286,0.2808426835816635,0.3253790917791378,0.4453874698789621,0.32659192499467055,0.5309217437747389,0.40473459809951223,0.15820424139165007,0.3323121642682739,0.33558247010279946,0.27160843560040654,0.454659855814431,0.3231618123660692,0.4893203224300637,0.42883414843512074,0.49640114288987097,0.48673528639143343,0.17989176378331428,0.31742939944515336,0.43827870398147123,-0.4251075031414867,0.17913358561604864,0.43006193511973073,2.8222492425454706,0.3003679205311449,0.5883979312551322,-0.38464609569613906,-0.23905405342668534,1.0111846170148928,0.5468019447560525,0.15430498846080007,0.2968407024029955,0.9092089375754037,0.1020234045982628,-0.7399744873521296,0.6333391882421481,-1.1609112970562603,0.09079196475250104,0.35702671334941716,0.32345500323361825,0.7090430247247969,0.07333984809208458,-0.7654464239514231,0.07179024065169423,0.138678015357599,0.05083273710689564,0.7824047412173596,0.3370365209451203,-0.01613440641448775,-0.19998270132996387,-0.2813718670299869,-0.07112354036400745,0.2957817660065892,0.02095583206151577,-0.627294597621002,0.5935704052145641,-0.2616392083443226
0.04813668744919231,0.1946786437570754,0.2211046189282142,0.1222440500097797,0.12055834564488904,0.19685847217804514,0.19080751326518922,0.20125694498322527,0.2054972486146473,0.1661941573109378,0.2118306618624943,0.23631720984336083,0.19745510975139313,0.16843704320790565,0.12249273591575326,0.24809061162402576,0.23595907602675584,0.11006146192326496,0.24789732927695826,0.29094264993181285,0.1641016034506386,0.24139767614188185,0.04021616897944811,0.19812488841716075,0.22417213400972733,0.3003679205311449,0.8581790848896916,0.2514386029545811,0.16350614826110949,0.1434844823771318,0.23460666178298564,0.242954987436554,0.22030909443973568,0.20110358296430522,0.3051554728236463,0.22362006192046924,0.2227299439662923,0.2903287605724259,0.1315212045899687,0.10205096484084292,0.24191439996316208,0.17829815089978396,0.1813806655021865,0.03199675441866262,-0.054727028839726806,0.19895085239346377,0.1376120552461871,-0.006813456877635006,0.46123621112629964,0.010721866870940587,-0.047814538884561456,0.07470130667119547,0.025629115693315364,-0.02667340957343484,0.03295600831939741,0.015123883308587847,-0.07479948740148304,-0.12258492948449089,0.11085711188574299
0.05006865823546805,0.20185560944131145,0.3289675042826007,0.022450859627431995,-0.04458961329083833,0.1336386790768041,0.14817171034277546,0.13850380412385635,0.23737737003784545,0.12487396666662863,0.20657668890706735,0.1810097535722719,0.15168192636945957,0.2162903809396628,0.22222855693938767,0.257326536618247,0.6117511692246831,0.23828191303221177,0.5107633147436581,0.22220205098941614,0.279164737527984,0.2358569599193088,-0.35904758605456066,0.3115385375399231,0.15994059282769302,0.5883979312551322,0.2514386029545811,1.4020389163565796,-0.21462471246956663,0.17725485247606612,0.7354043607237744,0.2058182360522693,0.8399104591757368,-0.11805876750615117,0.9807289051534218,0.13085528910296854,0.33927553439811353,0.41607421034684866,-0.0336115123604607,0.0775756883330819,0.35851631774243076,0.2735747217093479,0.2273106268351063,0.12162561678735047,-0.2662607861914699,0.09130614586479742,0.22308143220648666,0.050649217861195306,0.006528457619159875,0.4945422705746599,-0.03157885240744657,0.4830031031945911,-0.903452465420059,-0.08959870666723334,0.08475233721721383,0.05672816552344523,-0.2201877776930094,-0.011223320601219078,0.3157765766846864
-0.01780045617777997,0.3714182490070906,0.27502646616896587,0.2869746706997878,0.3241054197485234,0.3074196152371159,0.22350761222961874,0.21783691950122333,0.11368750370752372,0.24543412465345532,0.22269653248227048,0.26085062224268624,0.20534546465320944,0.2954928006390952,0.2808934203031395,0.2544573558740794,0.15507218574127304,0.20800944050798104,-0.012425106350411403,0.4251983939162009,0.1937773266391971,0.22818020851065823,0.8577736106906778,0.13739464845332497,1.0351492773373316,-0.38464609569613906,0.16350614826110949,-0.21462471246956663,3.047426471884746,0.23169007217916698,-0.7676013179821835,0.10575316518621009,-0.5051620725602097,1.0866739485516148,-0.06005716184010701,0.5563911075019691,0.6715372130404998,-0.46482937136652,0.6797966079132379,0.054482805228405214,-0.04922475095742641,0.17023086584552516,-0.21458611373922504,-0.09137483992171766,0.34170569641179876,0.19309743960242906,0.2704041963469867,-0.13195188401193603,1.20724063771314,0.29914377622797544,-0.23952535687218662,-0.0132180018404739,-0.14162233744855882,0.06914605002375748,-0.2705010152292454,-0.1840419037972727,-0.27234432145154264,-0.5117435665564234,0.9898636584443563
0.07328596189386732,0.009233206395836347,0.08653336834594544,0.0509423004482347,0.03484805205619949,0.10356752834166806,0.16048802231156215,0.1557229304250832,0.1839495727675301,0.15941907361897845,0.1751795467213076,0.18438963944027398,0.1565185327414847,0.33733766715479496,0.2064065453542055,0.2560012461223167,0.24345427580191745,0.05507783883068368,0.2718102875537484,0.2452002651931421,0.3788650918297041,0.24218361607477776,0.5446212512114411,0.5348115611463038,0.13171661511075025,-0.23905405342668534,0.1434844823771318,0.17725485247606612,0.23169007217916698,2.4585613482847086,-0.13747247647346958,0.10350576631970539,0.3914884821121838,-0.0522851936503537,0.25584782987200166,0.5166972323323147,0.8661597267817888,0.5574441556541102,0.5771264709859462,0.23636099461980106,0.7817806525071455,0.41220233875990725,1.0913305002366172,0.3166880205937762,0.5489998441738153,0.1256031604242783,1.2099060972318962,0.011870706234059617,0.07309512115419674,-0.05589021848044813,-0.1131653065503781,-0.30751664127257533,0.3521644476385446,0.07634247873569577,-0.10932111093143884,-0.027954870913499696,-0.19230709484142158,1.6232369259563202,-1.2249270224162985
0.10345791620817507,0.20256201592680503,0.3218935603977446,0.16107972537842552,0.08310149495196623,0.2908319948553806,0.19785154159380605,0.2502741482698288,0.2500338450411199,0.11884029623148451,0.23092558479175593,0.1507507203818417,0.16461598341335154,0.1437692115938661,0.25153503457259435,0.2012420636865368,0.40139386853063713,0.5334626336255327,0.5483946709633346,0.1850394609433926,0.34926622734989937,0.22545236352347497,-0.73065055515847,0.3376417756231387,0.6278447087248472,1.0111846170148928,0.23460666178298564,0.7354043607237744,-0.7676013179821835,-0.13747247647346958,2.3737447530634617,0.3803362325921577,0.8008554019405455,-0.011546610190442322,0.4880777203541382,0.283987172839689,-0.14233948194596657,0.8418950615394554,-0.5877179514438327,-0.004643377008723872,0.3265213891368014,0.30557215265485127,0.3169546219399914,0.07630632393098687,-0.5083975866469825,0.3373095082695131,0.21455679243853057,0.0009099407191427597,-0.9424323340276484,0.3633497562581129,0.05039704826869097,0.2526275799181419,-0.33947238916595873,-0.20735464023634553,0.10621852096602669,0.08479226231134074,-0.07430284784643779,-0.031554361822706135,0.04823538888017839
0.05078962700359448,0.0687094924036263,0.18089448086344923,0.14166334586975077,0.17010621613138216,0.2191619162882618,0.2187850682875694,0.15759726763907778,0.25676929951186334,0.16093940188834086,0.1873356179279106,0.2123826905293148,0.20489464204377575,0.15716690987522877,0.05146770776295212,0.2700396207097723,0.2131238828967871,0.16780169321793495,0.2986681912963033,0.14122963636995556,0.17817157045194887,0.29744464463026454,-0.0007853990676456654,0.31764001618149623,0.17559316591464205,0.5468019447560525,0.242954987436554,0.2058182360522693,0.10575316518621009,0.10350576631970539,0.3803362325921577,0.6862073988759866,0.17248242263642805,0.30094287776923107,0.28899730192240713,0.21291072281971843,-0.1393003507585638,0.33267040562610434,-0.017121775044490205,0.04379692828218204,0.17139660182316863,0.1643785317444668,0.10243393190865221,0.0720626322437175,-0.263002103201017,0.17619580429336398,0.15695885489329955,-0.024233321166722024,0.3262158506673983,0.015480151099314993,0.0005782188536064082,-0.019027471133392256,0.014725675402971284,-0.04166625655179648,-0.1713570058527548,0.015231901389686425,0.3568025857384575,-0.07010247639189938,-0.2244683694115792
0.10915488446645673,0.11191332693334477,0.3704129017403068,0.10128592318442411,-0.004914490774978212,0.18266019803856473,0.2059071274376773,0.09977789291107698,0.37336524273717586,0.10668809483361649,0.14955441918045367,0.1081772099552736,0.14022882503902168,0.11875256797367001,0.08907045950233342,0.11843771014333024,0.3862318360381062,0.1658910403701368,0.5204709465387659,0.2559316631452815,0.3225357203022305,0.25971651931274825,-0.04327354090013348,0.6684229590904378,-0.10368059984529138,0.15430498846080007,0.22030909443973568,0.8399104591757368,-0.5051620725602097,0.3914884821121838,0.8008554019405455,0.17248242263642805,2.1427222348812145,-0.5042422572789019,-0.2547918367342027,0.3334384933560028,0.8543786876597839,0.5554261181545342,0.1265525852003746,-0.05498295746373588,0.7377626828681619,0.3048971962721521,-0.022917657608382738,0.15803278042588614,-0.6962588539283276,0.47638579754289384,0.28564460294020483,0.045418792761409386,-0.6251884542359238,0.26241974884366576,-0.09241493998057744,0.031487873291881976,0.026923619590676066,-0.2682937316899569,0.06579383673488454,0.007191456667855936,-0.12368314290818758,-0.4275169984705707,0.7423774882669256
-0.08174546899620556,0.21322295901599708,0.2073135429204974,0.3056514833036767,0.39044585565597206,0.3261183099604437,0.2654090894740344,0.3178233831535073,0.12074034841333242,0.2972186167895904,0.2439158049523422,0.25708180040073453,0.2194494958451046,0.256140932944904,0.2617365262138862,0.28772130420769987,0.1627253516422911,0.3235647892237579,0.11343597930910013,0.28099110987617093,0.2258149847342782,0.2303111573716706,0.45261818080259736,0.12608945639813599,0.6325864745960413,0.2968407024029955,0.20110358296430522,-0.11805876750615117,1.0866739485516148,-0.0522851936503537,-0.011546610190442322,0.30094287776923107,-0.5042422572789019,1.7015938032243978,0.3259647616421368,0.1818942143902731,0.5885908789204063,-0.07956758016755824,0.18299881231908824,-0.020838135193589284,-0.0787627527551148,0.24431136491409058,0.24760285958527126,0.06844334224502135,0.12129633545578292,0.06668261746615582,0.1838141797118814,-0.014313179634694244,1.0074887149572909,0.0837884912369214,-0.10812270645688583,-0.04592613515612921,0.019720330049021313,-0.024615675504531902,-0.1805592617743151,-0.05295148583620426,-0.16891036901530415,-0.297330428844244,0.5591805490919974
