0.950865109721335,0.19077035444394866,0.15524295294313967,0.19504914410502205,0.3651782350520916,0.1668354403858151,0.25464024035052735,0.1842213001743364,0.11754957882297949,0.17486665272936894,0.16977944766933792,0.19012044351265733,0.1737715417038331,0.1648104852198941,0.12505401741837294,0.133162640982861,0.14529858940994764,0.14493557449550373,0.020955523986591364,0.08179117752964106,0.1365158798462198,0.18288528343952348,0.11511904148102563,0.05444130242886364,0.14569602879847496,0.12211569709630818,0.1441431488210472,0.02113581368104254,0.07873966863051254,0.07056335713700095,0.08558922302536362,0.13419968022991904,0.10967264482845196,-0.09730147840242183,-0.016612305068787837,0.11559738111530372,0.12392708826179939,0.19857413249349956,0.11814737555443554,0.11685876088958642,0.1530181404161906,0.08649421605027398,0.12251262695743095,0.030888430555373162,0.16019101625661186,0.07897894808810021,0.09124271292500621,-0.03356527165407955,0.05188790870335599,-0.07024733550823901,-0.016427512376976604,-0.002058590167065949,0.07624314511174747,-0.010407589646157855,0.1356900380851871,0.0033157818969522875,-0.04661645919101437,-0.0828979350414079,0.015980100440373724
0.19077035444394866,2.2868084804691855,0.2730445830466249,0.02273452743496691,0.13963768589692177,0.4984950401700128,0.1541892684023734,-0.02412105962338207,0.2205817789456157,0.02318075592015684,0.1507540057469958,0.1541248059329373,0.18689105128231898,0.08925010318842024,0.2310200828540966,0.04166232747424341,0.21406067896228126,0.269007646155998,-0.2151504344513172,0.08375068206599852,0.0650762089808955,0.17198100823931636,-0.05628851972086404,-0.056736589098788016,0.028095522305773148,-0.18962663820711137,0.12618115110537448,0.007263645452539308,0.30494598189556477,-0.08714348921755,0.1501189534664121,0.11045697091356907,-0.16497225417192934,0.21759027704698633,-0.08080915456080526,0.197273556107929,-0.007004040284002144,0.029102827547202306,0.2729725737193151,0.07917596297149107,-0.1767155545673903,-0.0013483056952593,-0.03529180481124389,0.045983297120770296,0.29434300124925616,0.2489041202137906,0.09775930483272813,-0.21507791235087034,-0.36569082925282725,-0.9765375814823888,1.2118695042868153,0.3528212299053009,-0.26832673330458745,-0.08133240828308272,-0.37908775033304315,0.04374047637870934,0.03788921088581932,0.13620608092492265,-0.10066536960522761
0.15524295294313967,0.2730445830466249,2.8735812007357397,0.12860985171117825,0.08537383775604544,0.2603142952448905,0.19951241602456446,0.09715872165548887,0.17935500473148197,0.05842476526081278,0.053355933806261656,0.16778453526232692,0.14774002581139148,0.04138766017804101,0.18219003958696678,0.11335497103919673,0.31546615233161784,0.2215634577928236,0.1826677411362977,0.09127492224689233,0.13231359657944677,0.3858793426827736,0.2487430165485496,0.1335489453920698,0.1797938809714426,-0.0482860376497727,0.10124448872134127,0.15634683469859811,0.2080072695861934,-0.39806977610975913,0.12200188559704864,0.10444476806353133,0.30178693250685595,0.33353885262580923,-0.02062873086972672,0.49944646384501623,0.42393540466425694,0.11990364841128248,0.126218798930854,-0.9377415235158834,-0.012312368739344324,0.04846725711965304,-0.09856576447332577,-0.015237019278673295,0.014593765781523941,0.8745674030594696,-0.002521171700007795,-0.49335401088134834,-0.9985713144974399,-0.013383231848374947,-0.019695761168168638,0.2541856252320273,-0.018591349790162297,-0.30150763266778313,-0.32237752822463295,0.007086196139398436,-0.05283574208360949,0.3709356721596692,-0.6894281547352582
0.19504914410502205,0.02273452743496691,0.12860985171117825,0.7713719859721407,0.6664386175202477,0.38248320856561513,0.3303190578553025,0.45231580175246583,0.17193903923504847,0.31779883219515465,0.3594248747427471,0.3629404814518643,0.38626626689614146,0.32871122263691777,0.23545861302790347,0.30383929529724424,0.2849276369444689,0.318511027066911,0.054551425849108534,0.3754579608512798,0.270070948242472,0.43581165463594773,0.48956281570971477,0.3134235428312071,0.3639212073546573,0.3135009631110934,0.2703232386319995,0.12121007522157204,0.454313589300093,0.1873071769406462,0.1397808043704373,0.2833704774998291,0.24374432412579553,0.4039582914019395,0.04378308285572416,0.2606085802901438,0.3763402773099087,0.32608807756759334,0.3397475626271072,0.061547974313738665,0.2452315054133711,0.2588689289881369,0.2778639669243644,0.044134835406075226,0.02706302025564602,0.1770726478002176,0.293362255122633,-0.04571879963352955,0.48352860313344304,0.19645570613899335,-0.2895850469944362,0.10321961717010236,0.0796724393627452,-0.11370144061313314,-0.06148971489618351,-0.04685571500925844,-0.2721249915584065,0.19147627241758447,0.07188403835164348
0.3651782350520916,0.13963768589692177,0.08537383775604544,0.6664386175202477,1.8168412455658398,0.21193577090804955,0.2883105221143169,0.5595245399426094,0.24887925120235824,0.32016400189361366,0.4015060324449977,0.491968943796077,0.4078872234378487,0.3734038587100891,0.3330365728223181,0.41338594746880913,0.19132591967633397,0.3274179857822306,-0.02227734937525889,0.30423418951811815,0.2348206694718819,0.36233939992168906,0.5256614407849777,0.2928385474161744,0.3746110089139396,0.35380956196698576,0.2923643199018275,-0.014164667170829244,0.4157938168963157,0.06236458492572248,0.11325580548010737,0.36878303743664403,0.18880615465199108,0.4361124977727586,-0.2280216414217616,0.25676268862198953,0.21110105446685587,0.4335872261513915,0.3254407627405485,0.14796316345054453,0.1958983291337129,0.2613888718018114,0.28575241332256235,0.047734429235776,0.07215076043570867,0.12955763303779516,0.25666895626523106,-0.02226625905632496,0.4446401785291073,0.0989903970450858,-0.14397406195351908,0.278283132661963,0.04264534427333251,-0.09190337593758559,-0.2623908258778924,-0.0423282808588145,-0.09620412890219367,0.27027460767172967,-0.03748326250184525
0.1668354403858151,0.4984950401700128,0.2603142952448905,0.38248320856561513,0.21193577090804955,1.2362938279437095,0.28354683370247097,0.21273385322196423,0.10074230459842624,0.24730120081781443,0.3813615589812457,0.301491801358632,0.4496904239566743,0.3622812740410773,0.26809307828814577,0.2308430794524601,0.4882842988890058,0.34526594892284157,0.3522736590494062,0.6245412058276717,0.3378719855908738,0.6304464557232115,0.3827097754488666,0.33822237967271274,0.3307252311239104,0.35083531967081777,0.32079166883097987,0.16139027598571923,0.6975902155287917,0.2213056170371189,0.27319588018049484,0.3515189605187856,0.17468282703097948,0.4882120364896967,0.1525906498772617,0.2948988867396167,0.491013587088215,0.40378089087636404,0.33150261529129404,0.029636405932755995,0.22808676624931243,0.3069241659982291,0.3771867996665069,0.051233651486477766,0.13770242622718473,0.19324100748745987,0.36455950574170726,-0.14298706120640722,0.6259550022561502,0.12899396883928446,-0.24678070852135994,-0.1729080244126223,0.0010383117335643428,0.029822494664981332,-0.28383195791933463,-0.02372628374254587,-0.20882478323757578,0.2563515475449952,0.06097268391700431
0.25464024035052735,0.1541892684023734,0.19951241602456446,0.3303190578553025,0.2883105221143169,0.28354683370247097,0.7152051346444451,0.1744273833725855,0.21147097571797438,0.22490168517295914,0.2620204031316861,0.3149913568613802,0.28347580988880305,0.19407394069932388,0.13351170670071902,0.20803363825368487,0.30939828568544786,0.2532765564047723,-0.003332028053840994,0.21422270554688494,0.24026196351490878,0.43300214625850686,0.37982600049983894,0.266968003672846,0.2854874765359916,0.2553054433482072,0.22758770228148167,0.13412737789468954,0.28707250359769854,0.1328644785485918,0.15957666653794808,0.24367212981048073,0.253139622438984,0.29205424771627214,0.08319768934306065,0.24591320343858755,0.30544469323352147,0.2445598308056244,0.25078319332094656,0.02085848247861212,0.17663905637549077,0.2074579505046637,0.22818598434695753,0.03591404554501265,0.009655906965992066,0.15636886050191817,0.17647475676384042,-0.09081907929804697,0.38779456209150714,-0.218350651539614,-0.1764164317230068,-0.05571899470306375,0.10863818548944537,-0.03740496052684618,0.015357469213334292,0.03557516946511624,-0.12364110395875505,0.03721512241223516,-0.04512325455415773
0.1842213001743364,-0.02412105962338207,0.09715872165548887,0.45231580175246583,0.5595245399426094,0.21273385322196423,0.1744273833725855,1.3053180293641096,0.05733424727546848,0.41155266890212955,0.5146792492274758,0.3491385779473973,0.4415193730627129,0.4222756660786793,0.21951718633069986,0.36502692634942824,0.3226485250453353,0.4078621869004977,0.2679113975273401,0.6098858301755392,0.2741406454884354,0.4251600265305211,0.5327221060032851,0.3411920987133502,0.49491245137862305,0.357706212584249,0.35139527784846264,0.3660038719541747,0.609261479940267,0.4287863174302547,0.21048234999211368,0.2880615240512496,0.1583501383731356,0.6075909995370911,0.6872966028498098,0.23666083758395556,0.5581296866065599,0.2982077878238721,0.6568497798306545,0.006008080248909926,0.28681473017788284,0.3427675645190847,0.3145248656966924,0.02384554984497645,0.14008160566315586,0.2242348825880816,0.508806594840236,0.01991811694364882,0.8727153787014585,0.3100862966205572,-0.29654157859821734,0.10761333789660123,0.18342859782286516,-0.24472105674263125,-0.24990261743930553,-0.03857735255196618,-0.23751953475157528,0.607199788212143,-0.3053314988344198
0.11754957882297949,0.2205817789456157,0.17935500473148197,0.17193903923504847,0.24887925120235824,0.10074230459842624,0.21147097571797438,0.05733424727546848,0.7391485319451837,0.14849498314608642,0.12952881561968388,0.16932044460395612,0.17013370964738653,0.14223726010577403,0.14851715626444664,0.09966443050620567,0.10908852781601525,0.16022767509713434,-0.3184694131152436,0.07793464834451795,0.1296432806667537,0.20429834581401307,0.3239973310713169,0.16590666120104783,0.20410049929556368,0.1846251061186328,0.13618614506724955,-0.0034855116868290166,0.07007609515160482,0.014411842167324636,0.02414241238450229,0.13760756652654482,0.1841658300371077,0.15706887143950735,0.0022829232436175156,0.1368141991109096,0.11672168968639127,0.0713593171449777,0.16061927822864158,0.027319783672682077,0.06500661271574054,0.10534348416481179,0.09749525136166799,0.022252224803780554,-0.052621964551726116,0.12206954052263873,0.1117310941113062,-0.05858000275951499,0.1260831815067063,-0.4133935193852233,0.015504243318607901,-0.12048104980888216,0.3296742175687281,-0.036887045236955546,0.08114626178447963,0.06152994953078334,-0.05786699200236489,-0.1265249701651421,0.03408161866571115
0.17486665272936894,0.02318075592015684,0.05842476526081278,0.31779883219515465,0.32016400189361366,0.24730120081781443,0.22490168517295914,0.41155266890212955,0.14849498314608642,1.0125035651968353,0.30010690390814326,0.29525650346483684,0.35225848989830233,0.2770939228194926,0.12132628949044999,0.2563106136981599,0.2729924452612046,0.2614505054434911,0.14078730235130102,0.47425586651740886,0.20407345242952446,0.42626190616327164,0.36609042291994504,0.21509228504094005,0.30517594324095837,0.21815996805834112,0.3053980353101842,0.07556446456984678,0.5799953047405122,0.25107575983201935,0.16283576952545084,0.2665738494505339,-0.04473413288353991,0.46293141810575117,0.35073212082222077,0.25188390180874975,0.21860721557781057,0.23764879231489192,0.37249946154357905,0.1318813599152849,0.12931596076739058,0.24218406554872687,0.24479839665344658,0.03768617589572654,0.1136192222429203,0.15202782427412556,0.28084135451535636,-0.12455385974907274,0.41079379283327955,-0.13539445529541067,-0.034433308553409134,-0.3252047650520855,0.24377748944730265,0.014594637221790453,0.07649272450802702,0.019701920757659596,-0.06437338738522985,-0.23942990416763982,0.14541683129173316
0.16977944766933792,0.1507540057469958,0.053355933806261656,0.3594248747427471,0.4015060324449977,0.3813615589812457,0.2620204031316861,0.5146792492274758,0.12952881561968388,0.30010690390814326,0.631935291101865,0.36463763575527125,0.517038268576013,0.37003748046190765,0.33477461801129643,0.31776642435427965,0.39371070472156666,0.3672719518875113,0.1306334981497142,0.4859698667198495,0.273794218107079,0.4950620310846742,0.5172791391967261,0.34171343451195074,0.43397645117161754,0.29269304812041985,0.34729657918995466,0.24586451569862047,0.6038719165948495,0.3331455674958079,0.20221839802111138,0.30898854829871547,0.22383385516611876,0.4696769396974682,0.3986218206547103,0.2438005400441788,0.4969334866241417,0.3034913479807561,0.47863988716073425,0.03341471641334749,0.24405701703609026,0.308275665212672,0.29558316394494677,0.011274927719808913,0.11486742488310397,0.15320623747794196,0.39380668224681115,-0.05270208770825904,0.6961635084845484,0.1514085763776006,-0.2681037876151333,-0.14968772195740027,0.1965098332624339,-0.033742879602864505,-0.19410610514527277,-0.004194783017618191,-0.22285895335668118,0.20986027573097382,0.00863222737640682
0.19012044351265733,0.1541248059329373,0.16778453526232692,0.3629404814518643,0.491968943796077,0.301491801358632,0.3149913568613802,0.3491385779473973,0.16932044460395612,0.29525650346483684,0.36463763575527125,0.6714187879975116,0.3322260560369469,0.2922371775653412,0.260884981880436,0.3016589749819956,0.25718150216294816,0.2571348333349149,0.061240425619295,0.3167783695310729,0.20938886863015133,0.33158644574313223,0.39570052087602925,0.27402541896396604,0.3968258325712302,0.3035219848211761,0.3243154235726768,0.2138630770389382,0.34085000781981334,0.1936333612368197,0.1275400542946882,0.2975541486584871,0.17712493187894143,0.37186907685213294,0.2942352432330899,0.20332727585931484,0.3595440678852353,0.2753151526129869,0.3338521095176384,0.02056117022306984,0.19222944220177687,0.24938346303647355,0.2539668012750202,0.03350980874470804,0.07719434462796765,0.06678588450875912,0.2616336711996507,-0.012722861805672905,0.580708321391834,-0.03653225138337147,-0.22377391174191483,0.0485115293994759,0.07453977160433965,0.018074800520176983,-0.1251708053314844,0.028751625291103138,-0.17229126307453443,0.2210828102714987,-0.07734355782545159
0.1737715417038331,0.18689105128231898,0.14774002581139148,0.38626626689614146,0.4078872234378487,0.4496904239566743,0.28347580988880305,0.4415193730627129,0.17013370964738653,0.35225848989830233,0.517038268576013,0.3322260560369469,0.830569216834365,0.393373026724505,0.2170162609334504,0.32511146120746803,0.3590193585631948,0.3578357208327501,0.09761447303470773,0.487604265043519,0.2914814392213243,0.690246575616977,0.5420345754026147,0.37670701185543753,0.4234069670884667,0.26452760621506294,0.3844842852630057,0.23477255613604636,0.7279329375751507,0.33276007344375264,0.19379405438544103,0.36468127950185514,0.2668481898507953,0.4888937993086841,0.346423007641053,0.3219132748734295,0.49100464387764325,0.32300067411602745,0.47938282355733813,0.028799320391886162,0.2514582975162378,0.3181815039243595,0.3180939813794877,0.007976468434512482,0.0669993961458355,0.21661654929475438,0.382059173713633,-0.14623348473162964,0.6790469427577276,0.13039448794642275,-0.27737837098494666,-0.29017740117365687,0.2052874792313742,-0.023748846615217496,-0.20746193493493525,-0.03988976731711408,-0.2533753868906497,0.014886371103670902,0.2576337454306713
0.1648104852198941,0.08925010318842024,0.04138766017804101,0.32871122263691777,0.3734038587100891,0.3622812740410773,0.19407394069932388,0.4222756660786793,0.14223726010577403,0.2770939228194926,0.37003748046190765,0.2922371775653412,0.393373026724505,0.5683215803936067,0.25601470968462803,0.30426245323144663,0.28794548703028666,0.2649824089132103,0.12521220997586235,0.4745493198409771,0.25417839819514304,0.4418670640797336,0.3852179073630299,0.30342079864980753,0.3562265446291398,0.36746593715827397,0.29175549454385835,0.16228387233271743,0.4856377508461544,0.30279095593648075,0.1868961664209832,0.3382683784441832,0.1560647504343582,0.38094802030864533,0.312423326876155,0.2147790308910985,0.39262465426130255,0.33345018230178003,0.29270733416089334,0.07295943231032875,0.2766053761691181,0.2979834761714016,0.32515360676530136,0.026676782312119406,0.10639967323410973,0.11970299925703791,0.3361688145579737,-0.024110693760126298,0.6652334316800306,0.20989950133464874,-0.2594708311914251,-0.16246048693233842,0.21028328509847896,-0.02188326292764607,-0.23182726346395605,-0.010567714066575232,-0.17990532694191366,0.26971373601066395,-0.0024898740170068404
0.12505401741837294,0.2310200828540966,0.18219003958696678,0.23545861302790347,0.3330365728223181,0.26809307828814577,0.13351170670071902,0.21951718633069986,0.14851715626444664,0.12132628949044999,0.33477461801129643,0.260884981880436,0.2170162609334504,0.25601470968462803,0.7107795792354482,0.19909605192974084,0.26478793114509686,0.31394452497540054,0.08703478968490959,0.27078650001167126,0.2057714137764491,0.1763458608926421,0.41050852134376214,0.23394855709844034,0.3605019556560686,0.22890828829470697,0.20819322538340726,0.24004175474437725,0.3737529786685536,0.18394651774199958,0.15114127732029825,0.17726127394235758,0.199906355959049,0.32303096367730155,0.22112854442360852,0.15521518568852524,0.4403843048263443,0.1281110231798927,0.2720325110072282,-0.09829722099708318,0.22103474062715606,0.19809654207213104,0.13903152554567236,0.00023783733808510943,9.461019947396021e-5,0.09751704105339207,0.266047423368072,0.017451033617996655,0.4843764329155282,0.36592916878786325,-0.2942581351953933,0.19691351227377452,-0.10289311165609363,-0.012605769133413046,-0.1691795576150987,0.07473647860574677,-0.19822141691798895,0.2170744648830761,-0.07226995866687488
0.133162640982861,0.04166232747424341,0.11335497103919673,0.30383929529724424,0.41338594746880913,0.2308430794524601,0.20803363825368487,0.36502692634942824,0.09966443050620567,0.2563106136981599,0.31776642435427965,0.3016589749819956,0.32511146120746803,0.30426245323144663,0.19909605192974084,0.6657584229023621,0.24880174886360334,0.2726719663633112,0.14967250453941733,0.27956323030138264,0.17770283519824617,0.3600120743200179,0.4030823172155497,0.27341186127470696,0.391386570147714,0.2775814379123304,0.2951510930202116,0.2597194868440033,0.37569251762167094,0.2877628431546055,0.14770622154224233,0.27754020821242076,0.14980309275250814,0.37891488530450224,0.4576122331903154,0.17561156868139113,0.37470691853362176,0.21561798905606339,0.3048034843275415,0.02755777198044787,0.2366591290984241,0.29900741476124515,0.25045510525816556,0.05498841939511579,0.0419769424223951,0.07146453677613931,0.30852121310477265,0.0008974698927798602,0.6127739712500512,0.08976474589396861,-0.28773814731718245,0.005927196931771532,0.15851680910978036,-0.002614847557515201,-0.14266045267134883,0.044148010330096195,-0.19695973393670277,0.22086122452400395,-0.031203239614179236
0.14529858940994764,0.21406067896228126,0.31546615233161784,0.2849276369444689,0.19132591967633397,0.4882842988890058,0.30939828568544786,0.3226485250453353,0.10908852781601525,0.2729924452612046,0.39371070472156666,0.25718150216294816,0.3590193585631948,0.28794548703028666,0.26478793114509686,0.24880174886360334,0.8010466410681427,0.36421017113387294,0.20511060938157072,0.4492073583064433,0.2974938359696306,0.6217413793953858,0.4300865684790206,0.3457772960679781,0.34913628376585737,0.2878453894978535,0.29449378533196674,0.3007766676514826,0.5152136418813259,0.24560487010812485,0.2963375770264591,0.2863710466346089,0.35396300912975165,0.40230109716261714,0.28946589711767756,0.26949445210203754,0.5761950656294387,0.34000774207102996,0.34275693169761845,-0.03643723963571205,0.24560527505774746,0.294630559905266,0.3459947184548434,0.019555193124139676,0.10658001862210831,0.2424788467477815,0.3568575687056571,-0.13341422564074773,0.5628892399476407,-0.011972956736364577,-0.12152789872202756,-0.27197233627772754,0.07243723992229541,-0.03047627257910265,-0.14286592531297113,0.001502986500594534,-0.18655226397130123,0.176981580246861,-0.02312865810005766
0.14493557449550373,0.269007646155998,0.2215634577928236,0.318511027066911,0.3274179857822306,0.34526594892284157,0.2532765564047723,0.4078621869004977,0.16022767509713434,0.2614505054434911,0.3672719518875113,0.2571348333349149,0.3578357208327501,0.2649824089132103,0.31394452497540054,0.2726719663633112,0.36421017113387294,0.8033423856837991,0.13623119350490534,0.2512681689848425,0.29190205825310367,0.38439113912413214,0.594777657992455,0.24779012823386348,0.31114027615467305,0.3206342573779742,0.21749813776859764,0.2637458848221653,0.514555539125732,0.18234961210335254,0.3873625097349736,0.25588183830134065,0.18639357742842189,0.46191504094479496,0.3054712126606987,0.24851652067937274,0.4443130766706215,0.23725911533942767,0.35848170767647475,0.0060698374314493335,0.22042985043649962,0.2666089169899141,0.22502623230899146,0.0038592896961789714,0.11487983411404071,0.2337349111486566,0.4525682876364309,-0.07462802971017359,0.4915189116750263,-0.04937823019171513,0.09226463845328516,-0.15067600998034095,-0.05407080521400669,-0.09126137900439503,-0.18452677490660327,0.06005182804912723,-0.14448682456047485,0.32430251778216274,-0.2551568814195691
0.020955523986591364,-0.2151504344513172,0.1826677411362977,0.054551425849108534,-0.02227734937525889,0.3522736590494062,-0.003332028053840994,0.2679113975273401,-0.3184694131152436,0.14078730235130102,0.1306334981497142,0.061240425619295,0.09761447303470773,0.12521220997586235,0.08703478968490959,0.14967250453941733,0.20511060938157072,0.13623119350490534,1.2911066383667267,0.3246654435124204,0.16802162507790294,0.17690188841385945,-0.08550456121127924,0.12466618895689659,-0.04641254024832679,0.1687372850932213,0.08194641201342238,0.33642158950622514,0.1719169310220566,0.1358629028849328,0.33516531533252863,0.11538654316232236,0.18314745008689035,0.13391544244373269,0.22892960407568833,0.13719613849334378,0.30564442977000017,0.2656652951095347,0.03612672156996308,-0.05860117921922692,0.25149375264992935,0.18420250654886697,0.1642679156150525,-0.014622739442904346,0.08483620019216262,0.13248775771192808,0.10516170148371005,0.03364761478960679,0.31680904574830615,0.8890527237844305,-0.09358197252469978,0.09923061280521081,-0.43729783372529657,-0.14282714795499338,-0.15578032651124119,-0.00234149868531175,-0.07940169565670352,0.26886992446589847,-0.13374203515590202
0.08179117752964106,0.08375068206599852,0.09127492224689233,0.3754579608512798,0.30423418951811815,0.6245412058276717,0.21422270554688494,0.6098858301755392,0.07793464834451795,0.47425586651740886,0.4859698667198495,0.3167783695310729,0.487604265043519,0.4745493198409771,0.27078650001167126,0.27956323030138264,0.4492073583064433,0.2512681689848425,0.3246654435124204,2.272002079924412,0.19927300027841166,0.5032318045378151,0.6445685299471312,0.335342495647191,0.5781885333277286,0.2544542207503493,0.5651542970126103,0.022244291629538452,1.2743078885798058,0.45136846320849844,-0.03148629270493258,0.29353924204232823,-0.2547250003809965,0.8411578720986748,0.6185157277536365,0.24230926762237906,0.5270387665423069,0.24462299460434803,0.5799382103625556,0.16409789222044496,-0.10267627945000818,0.5537981546118229,0.4427727933149173,-0.019417543677486635,0.5450126186416115,0.19819272398065002,0.378897466771803,-0.13481498146248422,0.5631149846032403,-0.25256956888541676,0.04687265122697311,-0.3722595914850645,0.5620135145180919,-0.036840053016665104,-0.26864629827314324,-0.08235075236499817,-0.26420528204521676,0.31358817081886725,0.04298287720190806
0.1365158798462198,0.0650762089808955,0.13231359657944677,0.270070948242472,0.2348206694718819,0.3378719855908738,0.24026196351490878,0.2741406454884354,0.1296432806667537,0.20407345242952446,0.273794218107079,0.20938886863015133,0.2914814392213243,0.25417839819514304,0.2057714137764491,0.17770283519824617,0.2974938359696306,0.29190205825310367,0.16802162507790294,0.19927300027841166,0.6948165740454311,0.4366757541471437,0.3010880288684418,0.3968162999052019,0.22659778464697666,0.42578093438138953,0.21020247128334846,0.35556107037190215,0.21973171137020278,0.26333987666294584,0.4393374777276131,0.3072629840297067,0.5687131721211763,0.1994795593649691,0.18351578016463826,0.25058241106381696,0.5446112731022007,0.4909166305953614,0.3130990356102011,0.083608385380789,0.3797651504655023,0.31559887186123176,0.4609573134978966,0.05799395420569846,0.12053802550419085,0.10995766697766039,0.30810394220425397,0.05096828592783881,0.7254324534362591,0.35745329351873706,-0.4177514320210674,-0.048260551140259414,-0.005443335774257385,-0.06633959181077945,0.000582600639709958,0.0014530118175115,-0.2201809327095794,0.07534671336266277,0.09180535874363326
0.18288528343952348,0.17198100823931636,0.3858793426827736,0.43581165463594773,0.36233939992168906,0.6304464557232115,0.43300214625850686,0.4251600265305211,0.20429834581401307,0.42626190616327164,0.4950620310846742,0.33158644574313223,0.690246575616977,0.4418670640797336,0.1763458608926421,0.3600120743200179,0.6217413793953858,0.38439113912413214,0.17690188841385945,0.5032318045378151,0.4366757541471437,2.3664014409422283,0.7623133804948776,0.5581316666625611,0.5140074765118461,0.3733999688193396,0.4880870871713558,0.3122410447248678,0.8160066467534736,0.4946669490313973,0.2527273483614941,0.5763853239859348,0.5062556670209379,0.5566253411378098,0.25966473175937504,0.7791843671793535,0.5735400322715751,0.5539167233695261,0.3954936944760944,0.004082989467483097,0.4234367143959193,0.40795969460634995,0.7303832514418102,0.0578726204838592,-0.16074016495038573,0.8344052715393673,0.4730074464479124,-0.8502467128381693,0.5962248722976428,0.005144135960331312,-0.3281950654022215,-0.41026452905848165,0.19836311059669215,-0.0007704831757103498,-0.25361373347009347,0.006573185079642087,-0.32610105593331173,0.15277796983600567,0.058374154795285405
0.11511904148102563,-0.05628851972086404,0.2487430165485496,0.48956281570971477,0.5256614407849777,0.3827097754488666,0.37982600049983894,0.5327221060032851,0.3239973310713169,0.36609042291994504,0.5172791391967261,0.39570052087602925,0.5420345754026147,0.3852179073630299,0.41050852134376214,0.4030823172155497,0.4300865684790206,0.594777657992455,-0.08550456121127924,0.6445685299471312,0.3010880288684418,0.7623133804948776,2.0823908126486286,0.6863603286258173,1.0041758670904697,0.2994261236992234,0.4145276026242499,0.2751374262743657,0.8445820773074499,0.449871336703663,-0.29458476001473965,0.3218119785253961,0.6082417593256582,0.6487729912733016,0.381358702812921,0.3911522533540942,0.7439506655335404,0.04623277391037947,0.504194213419258,-0.2274252313279572,0.5055860896957145,0.38318841051815833,0.23287114791993843,-0.056336449470546314,-0.4747270111055636,0.392406872174568,0.5334475423188199,-0.14618777321340204,1.037011744108685,-0.09282522705509666,-0.6511548934613828,-0.37791947432431083,0.6358332490738497,-0.102183603004402,-0.12382733657394947,-0.06531406748602028,-0.38197172498345705,0.2140313201177135,0.18863512525037182
0.05444130242886364,-0.056736589098788016,0.1335489453920698,0.3134235428312071,0.2928385474161744,0.33822237967271274,0.266968003672846,0.3411920987133502,0.16590666120104783,0.21509228504094005,0.34171343451195074,0.27402541896396604,0.37670701185543753,0.30342079864980753,0.23394855709844034,0.27341186127470696,0.3457772960679781,0.24779012823386348,0.12466618895689659,0.335342495647191,0.3968162999052019,0.5581316666625611,0.6863603286258173,0.8839480390890622,0.5276779375788361,0.44548247917857564,0.2779248765615302,0.5870884572427486,0.23049140146217964,0.5665958559421364,0.2948932879072373,0.3696774369577296,0.9780910823668957,0.1920958861253561,0.3728862119152598,0.20953624379029312,0.8340562816342981,0.4742485896384955,0.21074390880348165,-0.14910711504139482,0.5229733532443842,0.3955381881399562,0.42072176166426234,0.017800419364559457,-0.1463663663651165,0.09073118611859997,0.4270253084305738,0.14106813450912878,1.3013075475794755,0.33739969845633366,-0.7916050799939075,-0.09627762896349618,0.22844187106799416,-0.10435225983019861,-0.13080750355245652,-0.06693496403588318,-0.16058093667568585,0.10064789223483059,0.16674798442842967
0.14569602879847496,0.028095522305773148,0.1797938809714426,0.3639212073546573,0.3746110089139396,0.3307252311239104,0.2854874765359916,0.49491245137862305,0.20410049929556368,0.30517594324095837,0.43397645117161754,0.3968258325712302,0.4234069670884667,0.3562265446291398,0.3605019556560686,0.391386570147714,0.34913628376585737,0.31114027615467305,-0.04641254024832679,0.5781885333277286,0.22659778464697666,0.5140074765118461,1.0041758670904697,0.5276779375788361,1.5937636827790724,0.2620751486145567,0.45465576198724467,0.2583130198923046,0.7237130219592597,0.6268548170705719,-0.28753812082538893,0.2874536631266748,0.3494748636225626,0.6356256358376087,0.544253752003694,0.271869061384438,0.8468778229439167,0.3232502246724843,0.5942245230971054,-0.1660652507124437,0.4073621039792233,0.37403443899770467,0.3946952305014126,0.06071603834392344,0.01409614541461715,0.21274347696705492,0.5419186318410277,-0.030851231024768968,0.7918046790952792,-0.12331432106068521,-0.8143084358982599,-0.10591656260021987,0.5468039300064882,-0.047543522900994964,-0.1708146597788112,-0.010754252567161145,-0.23580678119134194,0.26551392146223135,-0.04295944934298605
0.12211569709630818,-0.18962663820711137,-0.0482860376497727,0.3135009631110934,0.35380956196698576,0.35083531967081777,0.2553054433482072,0.357706212584249,0.1846251061186328,0.21815996805834112,0.29269304812041985,0.3035219848211761,0.26452760621506294,0.36746593715827397,0.22890828829470697,0.2775814379123304,0.2878453894978535,0.3206342573779742,0.1687372850932213,0.2544542207503493,0.42578093438138953,0.3733999688193396,0.2994261236992234,0.44548247917857564,0.2620751486145567,2.1478571615218853,0.3391817223970439,0.2994383257939997,-0.2069630252379804,0.005326884915249509,0.36061508512469,0.54031476553552,0.355139215482566,0.219725477599009,0.2982081113083507,0.030851216249022886,0.12266478872712154,0.7189028203942589,-0.7321956668208128,0.26768085541472425,0.7651540160678522,0.5612799468968408,0.7909398888881324,0.012400127995212739,-0.11294078540495435,-0.25163751110969357,0.1992927535480058,0.3856921260961622,1.3988573212088948,0.4708643645317907,-1.0443206660531434,-0.24470913693135063,-0.03190957363987493,-0.012564980561060623,-0.2112695179045194,0.05315196776102738,-0.19765937629080396,0.33113427559535175,0.01224364087711355
0.1441431488210472,0.12618115110537448,0.10124448872134127,0.2703232386319995,0.2923643199018275,0.32079166883097987,0.22758770228148167,0.35139527784846264,0.13618614506724955,0.3053980353101842,0.34729657918995466,0.3243154235726768,0.3844842852630057,0.29175549454385835,0.20819322538340726,0.2951510930202116,0.29449378533196674,0.21749813776859764,0.08194641201342238,0.5651542970126103,0.21020247128334846,0.4880870871713558,0.4145276026242499,0.2779248765615302,0.45465576198724467,0.3391817223970439,0.8431926394623196,0.19688986277090298,0.41451454045369424,0.3208166988691581,0.10515617495810373,0.3113444714214858,0.1332585891349771,0.40460216774704083,0.34362074401504666,0.27717706680625304,0.4241459086616525,0.3314974512139402,0.27884023579146056,0.10876910842266588,0.18187467819091452,0.3099198589978432,0.610030436089214,0.009862022739832499,0.22315888343741536,0.06551099875828519,0.2869454862924705,-0.06258112345634201,0.6405805478724879,-0.03175097606432746,-0.28279554271857876,-0.07787423073827786,0.16914430684862336,0.02068794251902553,-0.10267925158308924,0.030391255800027717,-0.10803163958879293,0.1073451716338382,0.02402404540094893
0.02113581368104254,0.007263645452539308,0.15634683469859811,0.12121007522157204,-0.014164667170829244,0.16139027598571923,0.13412737789468954,0.3660038719541747,-0.0034855116868290166,0.07556446456984678,0.24586451569862047,0.2138630770389382,0.23477255613604636,0.16228387233271743,0.24004175474437725,0.2597194868440033,0.3007766676514826,0.2637458848221653,0.33642158950622514,0.022244291629538452,0.35556107037190215,0.3122410447248678,0.2751374262743657,0.5870884572427486,0.2583130198923046,0.2994383257939997,0.19688986277090298,1.909366734437583,-0.0367922529125685,0.3913168429995715,0.5600535295462422,0.22435591959586812,1.2168811763812568,0.0863757248281756,1.225685335801798,-0.12995591965693373,1.1336324641655535,0.24206525209713278,0.2629505319815154,-0.33478972637821613,0.3030828828255712,0.3552230504477678,0.34517507933319064,-0.012978940493745338,-0.04415431120759079,-0.20097377009042508,0.37395622483712637,0.36404941001786273,1.5417438294120163,0.8501207916021453,-0.7424786847526005,0.8862176384728715,-1.0830282967326885,-0.08563261394376401,-0.027724746214539613,0.019924276422268718,-0.1975663978810332,0.20034280176887762,0.029153650141488435
0.07873966863051254,0.30494598189556477,0.2080072695861934,0.454313589300093,0.4157938168963157,0.6975902155287917,0.28707250359769854,0.609261479940267,0.07007609515160482,0.5799953047405122,0.6038719165948495,0.34085000781981334,0.7279329375751507,0.4856377508461544,0.3737529786685536,0.37569251762167094,0.5152136418813259,0.514555539125732,0.1719169310220566,1.2743078885798058,0.21973171137020278,0.8160066467534736,0.8445820773074499,0.23049140146217964,0.7237130219592597,-0.2069630252379804,0.41451454045369424,-0.0367922529125685,3.4945090610331997,0.5756598994887789,0.022389562249995772,0.3188244728060162,-0.5737107617643311,1.2958186833614143,0.589870817156933,0.4780172675533788,0.1057179872402555,0.020021420087786394,1.133973217993762,-0.11228895529412322,-0.1729562504730501,0.26359016629535387,-0.15694133665413793,-0.07624464583484049,0.05411600841643038,0.4224112035534066,0.6267708562281874,-0.5010645214577296,0.9584260281050255,0.5344929398306769,-0.6629841891510467,-0.3996961714103219,0.14377241834041524,0.05494324116614757,-0.6124490796808806,-0.07799548066180942,-0.3598087682523381,0.5141279905302496,-0.135218063914195
0.07056335713700095,-0.08714348921755,-0.39806977610975913,0.1873071769406462,0.06236458492572248,0.2213056170371189,0.1328644785485918,0.4287863174302547,0.014411842167324636,0.25107575983201935,0.3331455674958079,0.1936333612368197,0.33276007344375264,0.30279095593648075,0.18394651774199958,0.2877628431546055,0.24560487010812485,0.18234961210335254,0.1358629028849328,0.45136846320849844,0.26333987666294584,0.4946669490313973,0.449871336703663,0.5665958559421364,0.6268548170705719,0.005326884915249509,0.3208166988691581,0.3913168429995715,0.5756598994887789,2.189182957879537,0.3209949122635485,0.1721958004661155,0.27386981252616427,0.260554549069272,0.8906204771392408,0.3232322417217752,0.9967079121471781,0.645954686865932,0.6301427217007859,-0.04091575469200403,0.8347735014238539,0.3746861807261888,0.7348235304495292,0.14887577679873085,0.3980728054883584,0.1706775796043749,0.9811209622075547,0.09672207740830185,1.4781664579601452,0.4357406985527104,-0.8545038867348105,-0.3596190991993649,0.5251452747975687,-0.017651934328273524,-0.36793784006473323,-0.08115909250325946,-0.24324810312892883,0.5794621014264828,-0.20687743630194622
0.08558922302536362,0.1501189534664121,0.12200188559704864,0.1397808043704373,0.11325580548010737,0.27319588018049484,0.15957666653794808,0.21048234999211368,0.02414241238450229,0.16283576952545084,0.20221839802111138,0.1275400542946882,0.19379405438544103,0.1868961664209832,0.15114127732029825,0.14770622154224233,0.2963375770264591,0.3873625097349736,0.33516531533252863,-0.03148629270493258,0.4393374777276131,0.2527273483614941,-0.29458476001473965,0.2948932879072373,-0.28753812082538893,0.36061508512469,0.10515617495810373,0.5600535295462422,0.022389562249995772,0.3209949122635485,1.5494541377390154,0.2695326046380311,0.48136643562425496,0.16060896764311944,0.3848752926095868,0.1518394355586632,0.6080407208593902,0.6616266230909664,0.22661920223818677,0.023384358485826057,0.1965690216037802,0.27893590352628717,0.3674638353981949,0.0890388311837075,0.4526057575682983,-0.04040596026625597,0.35071122564273155,0.1446538627100789,0.7599675866474226,0.6474001990766277,-0.15232361985376383,0.1256163249632706,-0.43704634637839757,-0.0586453761184645,-0.10468801580689291,0.13488313295959084,0.06432771723235095,0.05791872949969441,-0.29200059993970395
0.13419968022991904,0.11045697091356907,0.10444476806353133,0.2833704774998291,0.36878303743664403,0.3515189605187856,0.24367212981048073,0.2880615240512496,0.13760756652654482,0.2665738494505339,0.30898854829871547,0.2975541486584871,0.36468127950185514,0.3382683784441832,0.17726127394235758,0.27754020821242076,0.2863710466346089,0.25588183830134065,0.11538654316232236,0.29353924204232823,0.3072629840297067,0.5763853239859348,0.3218119785253961,0.3696774369577296,0.2874536631266748,0.54031476553552,0.3113444714214858,0.22435591959586812,0.3188244728060162,0.1721958004661155,0.2695326046380311,0.6011029901226538,0.21841827739189268,0.29774113692743803,0.1700346628823329,0.25361970204941836,0.21656375349340834,0.4836349388257244,0.1119520173701111,0.12557147570828922,0.28012477479437725,0.3143176547362576,0.41378586096425357,0.029838794336264716,0.11678169882604031,0.10816532134878408,0.25743608072778684,-0.06057988368413038,0.6626441539243841,0.06119708522276873,-0.2158336508872212,-0.0019458792366367033,-0.09487141713443714,-0.0017164077256319253,-0.2185598085184137,-0.01876199813918392,0.11968837670459466,0.060373569344518326,-0.10168263382569835
0.10967264482845196,-0.16497225417192934,0.30178693250685595,0.24374432412579553,0.18880615465199108,0.17468282703097948,0.253139622438984,0.1583501383731356,0.1841658300371077,-0.04473413288353991,0.22383385516611876,0.17712493187894143,0.2668481898507953,0.1560647504343582,0.199906355959049,0.14980309275250814,0.35396300912975165,0.18639357742842189,0.18314745008689035,-0.2547250003809965,0.5687131721211763,0.5062556670209379,0.6082417593256582,0.9780910823668957,0.3494748636225626,0.355139215482566,0.1332585891349771,1.2168811763812568,-0.5737107617643311,0.27386981252616427,0.48136643562425496,0.21841827739189268,2.65919243618772,-0.4101249228667077,-0.036433964298919694,-0.09568663859301205,1.4322400580816401,0.5378707523554211,-0.07682724904050574,-0.45211481869325926,0.5453637443679141,0.39791865274897903,0.4603963360188591,-0.025717184084761428,-0.5597568053293231,-0.059435073315212326,0.3104357368403256,0.49482037426596853,1.8029004729088982,0.6888558384708106,-1.2030082346570754,0.012439722890920189,0.15591737515781331,-0.2948780429412176,0.15618703827965771,-0.042260872783479314,-0.28566767585528946,-0.06593621048952696,0.399318611570671
-0.09730147840242183,0.21759027704698633,0.33353885262580923,0.4039582914019395,0.4361124977727586,0.4882120364896967,0.29205424771627214,0.6075909995370911,0.15706887143950735,0.46293141810575117,0.4696769396974682,0.37186907685213294,0.4888937993086841,0.38094802030864533,0.32303096367730155,0.37891488530450224,0.40230109716261714,0.46191504094479496,0.13391544244373269,0.8411578720986748,0.1994795593649691,0.5566253411378098,0.6487729912733016,0.1920958861253561,0.6356256358376087,0.219725477599009,0.40460216774704083,0.0863757248281756,1.2958186833614143,0.260554549069272,0.16060896764311944,0.29774113692743803,-0.4101249228667077,1.6504519414207843,0.7041525190092722,0.45356236438517267,0.466566365343329,0.033811782203461635,0.8170407158712294,-0.1861666620482888,0.0035817685900553457,0.3497295726926147,0.287051652808357,0.07376037537577788,-0.2043505379238967,0.40881902706465567,0.5107615678015589,-0.3006189602464138,0.6100331045959851,-0.2395002825618621,-0.12849369464875338,-0.16431025440876898,0.262979598495683,-0.07437833144883416,-0.3546683309242539,0.035515638174410204,-0.27525395797739366,0.404138156276167,-0.11597653035435064
