0.9004773604713996,0.2261033671936756,0.24857861851993698,0.03105180276428906,0.1706265381177451,0.07238245583904193,0.16971209569951531,0.1311539085192949,0.08782974083582794,0.13237400023823598,0.07051594199296753,0.10848330720674497,0.03586115214339266,0.11100456489237408,0.08670289272989089,0.08859542702150584,0.09179020411588616,0.07682554012739877,0.061219425659788614,0.02259323830073298,0.08779609341737067,0.09622921695533997,0.057013950254706576,0.04438871553319492,0.09662779637650099,0.08410792424471548,0.04607113263775583,0.02421257582409272,0.09010345682573208,-0.05477886810669183,0.08815914822448313,0.058939643407018905,0.030345108803721925,0.07159817162931997,0.06085881528331855,0.1010300249722936,0.06298606714112426,0.10806267907489524,0.05677226425412337,0.013048275945044992,0.11383749373353334,0.08948842676159542,0.10428700463382551,0.12525365469857586,0.11838540088033785,0.002562257077342937,0.0782707344261007,0.011333073602803815,0.010764180977678393,-0.03698084913171903,-0.020156356709795334,-0.006432368035622875,0.048061527386414615,0.011650886299468253,0.13634013958255717,0.0884390073680689,0.00018974503446866697,-0.04158225791114326,-0.21336160693845202
0.2261033671936756,2.720251818315962,0.22517524847890483,-0.12353238918260874,-0.028785214091203753,0.1583869815219841,0.17872871693452813,0.023697763951450502,0.13419067160456932,0.22336846290747125,0.1184408319742471,0.0843345185822041,0.045964853666723024,0.07999490338505584,0.27275950017269124,-0.0020869324299252366,0.13145388460582294,-0.016559031834243718,-0.03273506296327267,0.18372672617782954,0.03797620043207508,0.024177684965057802,-0.29738416632964126,-0.05616087364740617,0.05669289171058957,0.21873950149877158,0.08427265650825537,0.049188103164754055,0.2440400094238429,-0.09448916981067648,0.055808781113251306,0.007667114764568158,-0.05295043169617288,0.04308642277618916,0.14480382084099744,0.01970803228312123,0.18166553891084086,0.09200529541217267,-0.05968532699804092,0.04939933137029217,0.12239757929705064,0.05993086532882485,0.06203583780405161,-0.03176256001305459,0.17932558569361592,0.09762665718994028,-0.1279289834271282,0.01806241124998192,0.18652439612187424,-0.11764876511394128,0.12132302429478968,0.06435844808634986,-0.002073208955113891,-0.008046658682611223,-0.47938865134221126,0.09667679100592153,-0.05008346696442247,0.12371808865960818,0.3388691006060833
0.24857861851993698,0.22517524847890483,2.001686099082222,0.16834991380115413,0.0037978925080168367,0.2277817441025146,0.023613152960595567,0.428595254206614,0.1515143898657749,0.3727673677512043,0.19564881207955842,0.22065348344390756,0.10146197406532524,0.1716412600602936,0.22242774313444377,0.16697620258949822,0.22045252432495774,0.2537547666225076,0.17790122076972922,0.11620992100266729,0.2131797733343383,0.2089915268513468,0.11954348630202447,0.12407552095990773,0.24207343148284954,0.12636826296770565,0.09358402914962172,0.18066403908645368,0.3510562599041897,-0.45209407138037255,0.21193598185244275,0.17650243678248478,0.08524487692089794,0.32488776029058314,0.24111514983899845,0.2171617837035251,0.21056728985689532,0.2974225105051385,0.1716517118483412,-0.3245138887213441,0.32290265691486425,0.21548787787625084,0.2544142647612216,0.277194191899819,0.31688139790326886,0.4282644219528176,0.30650189180489196,-0.08542771988133056,-0.6774033648698501,0.13849877492348892,-0.033435338408391566,0.20511248787132405,-0.06887108605220188,-0.10678292116720295,-0.10246447381745938,-0.040493379053462925,-0.11895275631409702,0.20229728133262548,-0.2426645116178565
0.03105180276428906,-0.12353238918260874,0.16834991380115413,1.0120685947860912,0.433890799346188,0.27097271101305326,0.2203439512801915,0.3027071955052786,0.1205817247745364,0.18777726389566,0.1804019487270276,0.22725892212159562,0.10808714363183643,0.2718261005720607,0.1905535277243926,0.2730339931893389,0.215023408261004,0.1986485237949504,0.16072459350480106,0.10467801474332303,0.21358837800251682,0.20596181651231374,0.21162132654823068,0.20369453824254197,0.2508087491513723,0.17219902797097603,0.09724272351284231,0.06107418533745058,0.19118466348036245,0.1318904387085245,0.19050291585836635,0.13221477048798547,0.1790731509054166,0.2194424617149795,-0.017091548285152667,0.18005068408509137,0.08313048132779524,0.22273233137965148,0.21800116855575855,0.0783939611891812,0.243760113364188,0.1713286984213684,0.25389145382080325,0.3383104480131306,0.24253912950638912,0.03417365432219263,0.3868094831135459,-0.01103577364147142,-0.3963670165159798,-0.02163492494658051,-0.04206063803835763,-0.11860680323635159,0.030156087555992445,-0.03571744319517439,-0.18091332611965544,-0.10277219675054908,-0.4912091863251412,0.5066982441982145,0.08106699751507171
0.1706265381177451,-0.028785214091203753,0.0037978925080168367,0.433890799346188,1.0744391603389492,0.10029457999561449,0.2745948869127851,0.2036806098957357,0.03330183386258247,0.2129422264749318,0.11959739215200363,0.2406722759238244,0.083436682075966,0.18630273599524114,0.1602643308798949,0.2522784515502477,0.1548473532121724,0.1751661144385587,0.2586259041849604,0.018839039071204496,0.15877333113442868,0.16829559948990022,0.19519305215437996,0.16386004659447842,0.18634515650300934,0.16709357445654732,0.0931389465247862,0.046634424907116806,0.0658948901696707,0.11042759617379547,0.18992741814397388,0.13815325039159645,0.1723845668364504,0.07695334572614361,-0.056481692378286825,0.20975025866748193,0.17011025448449021,0.26962523510522163,0.10527069064208289,0.0837518959760209,0.14582658357420453,0.16240963597093303,0.15048728884492216,0.31828534707737366,0.07366475926845653,-0.1011203773516566,0.06936957281810864,0.12665200441824853,0.11586919124409384,-0.03160764548088037,-0.10220282922796421,-0.1568659359051026,0.04192177241536016,0.047082276763726776,-0.10180725019935631,0.03641403216081648,-0.13403134986652576,0.21228985803887657,-0.05880153045047511
0.07238245583904193,0.1583869815219841,0.2277817441025146,0.27097271101305326,0.10029457999561449,0.8315926516141906,0.03652769553206511,0.37257187235900296,0.218201154343382,0.12651988460139602,0.20984164145130918,0.15755632818990248,0.08181495980668049,0.24262096073750453,0.19584129697817537,0.16467897069721493,0.2388851805691269,0.051872181470789376,0.2272518889496172,0.18995080566677802,0.15150476002599314,0.17177936383427894,-0.01604695727343024,0.10715577882726479,0.21701089366928858,0.18726185290180164,0.14225515046979845,0.08533467295762849,0.22234675294216724,0.07841905324464267,0.14882902243944585,0.10001431739262194,0.04716624210527292,0.23872748899135365,0.20294647669702753,0.049195957013063674,0.1933448110705378,0.22887194641482816,0.22613059936894256,0.08281367479135161,0.17657130814103156,0.15697720134506007,0.33092896863848725,0.18499134355313743,0.28182526554770626,0.09081419398625838,1.0407001599241863,-0.046949101044330574,-0.30313791347486624,-0.058602224727900575,-0.1672829868397182,-0.22589270847169643,0.09008667257689838,0.03175628400358084,-0.11619368469657429,0.0550145188019498,-0.14595936689883285,0.48334172894634075,-0.3086072859256413
0.16971209569951531,0.17872871693452813,0.023613152960595567,0.2203439512801915,0.2745948869127851,0.03652769553206511,0.6145875230575437,0.03444269008472251,0.18204851053794371,0.1728726087593729,0.1296029865278916,0.21005883928756172,0.0873777365361663,0.13317724148151983,0.08999943412250126,0.17422623603157383,0.18254294932596002,0.18183995394757768,0.07274658825406888,-0.004111892988786852,0.1325042777968658,0.1905968959770571,0.20096750985139583,0.11537822398413677,0.1507416336066966,0.1812093594442123,0.10504052908368586,0.0322752662732989,0.12609054140775786,0.0403305966264284,0.12548739040803653,0.12232725842183301,0.05964162818525578,0.13348524023527453,0.03206529125511022,0.19598681316844324,-0.01044112367915011,0.11724198119572647,0.0874354188354143,0.09099230547547625,0.07216228389597995,0.10995876501048582,0.11802259465864136,0.20409349183821573,0.10868571570770454,-0.0519124785705216,-0.36602063148399266,0.06019008007277582,0.3531512562627161,-0.09740697730961732,-0.021523670221442054,-0.04972570582028939,0.01554478205342709,-0.009759972547506978,-0.01941846758594438,0.09390624024734534,-0.06958801829456919,0.08751356234494481,-0.17411483535148722
0.1311539085192949,0.023697763951450502,0.428595254206614,0.3027071955052786,0.2036806098957357,0.37257187235900296,0.03444269008472251,1.0664177217005328,0.04806964703426664,0.1959052101025526,0.245002669998551,0.1992118889568876,0.07781781788995501,0.29844144013037843,0.17546432751676347,0.2065424718428145,0.20079260187866815,0.17042523841797189,0.2219841484914017,0.2597639388755128,0.19747769540452903,0.12641501404403652,0.11131286666414786,0.16615486024320117,0.3159836224644854,0.16257108736563466,0.14858097328336692,0.21359799626337334,0.2288816872706461,-0.004520039342056209,0.21783777314117653,0.13413430421652092,0.1649737876902513,0.25562860832899736,0.2737923828303173,0.09268847783161027,0.2338527041212334,0.19954534855137718,0.3911058269001776,0.0899074359307638,0.35210295631883487,0.1758308609331724,0.26844596290878237,0.16060717330161578,0.33715548276515056,0.12442178486485292,0.8646223060423992,0.03471963491840097,-0.12700161449539465,0.1395199836614802,-0.06647614751745955,0.08355755537322672,-0.030007088530661898,-0.10053817976948862,-0.20601320533847384,-0.06971145894384108,-0.08906255279102834,0.5296231897207043,-0.24799391386835293
0.08782974083582794,0.13419067160456932,0.1515143898657749,0.1205817247745364,0.03330183386258247,0.218201154343382,0.18204851053794371,0.04806964703426664,0.5188592146664512,0.04450710790422948,0.095226120462426,0.08412009413907169,0.06485036163121713,0.14142988401819795,0.08734251147974242,0.07658548117427737,0.14175868203838068,0.048314563256521635,0.013099592180336517,0.07016140040571471,0.11112736556752206,0.26655008746379455,0.09620716558569196,0.10276030833212531,0.08916713034695246,0.20270528232899804,0.11605729407163107,0.009536536789653337,0.08062775604438989,0.07097043413814093,0.0938772299018279,0.10269199853691181,0.06664325170628863,0.16652533204601425,0.05133376896441423,0.10306403038946924,0.026208864118524012,0.10580391805217225,0.10364707968647358,0.062077611687845785,0.12623741340103084,0.09833164145997549,0.09700277810653178,0.13550980055897233,0.18548170429139668,0.16384379238717756,0.2809832645279026,-0.12321239821086992,-0.12233089919562826,-0.09365915233747962,0.04079046610790485,-0.14875932665102198,0.1088834341465774,-0.02655108054237784,-0.022805130875699915,0.08572979750393997,-0.1199314013103554,0.07168288701754294,-0.12532702031358256
0.13237400023823598,0.22336846290747125,0.3727673677512043,0.18777726389566,0.2129422264749318,0.12651988460139602,0.1728726087593729,0.1959052101025526,0.04450710790422948,0.7661199997207067,0.09819502899064134,0.15105203899339922,0.07800416991774507,0.1331736224059619,0.19196811522481524,0.19130902988479626,0.16658999964415086,0.22732907284618512,0.09829730306873488,-0.03799919191851877,0.17509352719123414,0.17890926072486907,0.2766777777938091,0.1365054784946017,0.18191837883748155,0.12911879952561384,0.1047569731381356,0.13976439547518713,0.22869094707943222,0.08619494612700894,0.16206357859314938,0.10939675510579647,0.11192268795215311,0.2326848933931061,0.18456198272734034,0.24010777054822804,0.12636932263361006,0.13070739872612025,0.15329246370197058,0.040435187351420765,0.24619094664387373,0.170027731230613,0.08790936504390989,0.30198301142057493,0.13374912471522823,0.07308190979914768,0.16417753446166497,0.03976711848757318,-0.04266270532498576,-0.01754032668647179,0.0125994069330359,-0.13014562959535173,0.01778943060499105,0.034969537549294764,-0.003388681307945717,0.08508823205652036,-0.1741506151030531,-0.30702476653084426,0.3607804231842816
0.07051594199296753,0.1184408319742471,0.19564881207955842,0.1804019487270276,0.11959739215200363,0.20984164145130918,0.1296029865278916,0.245002669998551,0.095226120462426,0.09819502899064134,0.3761986082189163,0.18927289497071054,0.14279804672357846,0.15912896075396005,0.19840379956494908,0.16466522628861197,0.20084521243991357,0.17492435318849012,0.08430518152382961,0.1777629927608616,0.15006058201332975,0.14126738749354156,0.10263498237577025,0.1232058366603102,0.18630047506907244,0.15085909451987495,0.18186429219845948,0.1118379198654215,0.22317201917340254,0.018197725468728256,0.15621267125594515,0.12712924702518744,0.08716806943759241,0.1675367557103678,0.1721473541026512,0.10479557639464145,0.07217685810481085,0.11890179874065916,0.19803082127466257,0.10284897027124118,0.23867128621095715,0.13379719810255633,0.17775906075698117,0.08942690200001922,0.25528993212686224,0.10409370713284943,0.3045297991405697,0.007458594659138391,-0.03129648029176419,-0.019928930089964877,-0.006629642630175963,-0.0134764838858673,0.06303103923641719,0.017266354533139436,-0.15385616760469517,-0.006354458201854748,-0.11441097041384218,0.3386443706054843,-0.1856191543424723
0.10848330720674497,0.0843345185822041,0.22065348344390756,0.22725892212159562,0.2406722759238244,0.15755632818990248,0.21005883928756172,0.1992118889568876,0.08412009413907169,0.15105203899339922,0.18927289497071054,0.5150673402977046,0.09719708752091387,0.18818611939414848,0.16814823936788154,0.20534334190182973,0.19216860795610477,0.22049008023950623,0.1261818070898262,0.08766004236747287,0.14261978619034624,0.1550387983026004,0.11376846222876362,0.12356991915024931,0.2404327585677364,0.1841692270935833,0.1552557687251073,0.0752172770614448,0.1344184585200151,-0.002372507190208372,0.19366208183678463,0.1780059188124855,0.055456626894303876,0.17838589688959913,0.11574879207070699,0.21627161704664583,-0.07919730313650182,0.14117192277427304,0.16071740452387084,0.08527099838698808,0.21001291134721511,0.120153695983558,0.14443943303569756,0.170853745724747,0.2632178813581554,0.03582794412238615,0.12173681268220934,0.059642179294606995,0.18065563975753152,-0.16330520027359208,0.031731688127590765,-0.0072303265327765985,0.03449534691578859,0.023298971158480265,-0.20802953906572966,0.08052031985038305,-0.05653427938835094,0.3060007117141155,-0.368938592827521
0.03586115214339266,0.045964853666723024,0.10146197406532524,0.10808714363183643,0.083436682075966,0.08181495980668049,0.0873777365361663,0.07781781788995501,0.06485036163121713,0.07800416991774507,0.14279804672357846,0.09719708752091387,0.27922807475916245,0.07200963187900256,0.034865415327531755,0.10215871638161207,0.09977466291659308,0.11952577482254338,0.058661523322950805,0.13282376948166488,0.1183235752890094,0.10201686667331455,0.14967026100895953,0.14218036341321205,0.10552138764678883,0.06107888784453116,0.1094272073945049,0.10341846602836395,0.19186001537563627,0.0766516508645358,0.09912766972187201,0.12265624193785343,0.10439593828472593,0.14220685359366186,0.10968333906981846,0.07389666172600978,0.07144151167046135,0.08450706848120888,0.1577501358327899,0.06746091004817692,0.1412981719210926,0.09551297571741077,0.1511972214033098,0.11970867030122352,0.11608169011094364,0.06953562334732274,0.06995037819804953,0.05421798857840061,0.14542298083600105,0.04132764170939211,-0.009131768312538122,0.005876822632445487,0.0012481573284875106,-0.02483679638628269,-0.06280133002958581,-0.028440226679742536,-0.050299841518735476,0.18733410433134615,-0.0994847151680895
0.11100456489237408,0.07999490338505584,0.1716412600602936,0.2718261005720607,0.18630273599524114,0.24262096073750453,0.13317724148151983,0.29844144013037843,0.14142988401819795,0.1331736224059619,0.15912896075396005,0.18818611939414848,0.07200963187900256,0.5037210617481749,0.2397220322110469,0.22685137872103145,0.19985442033180673,0.14146364666390987,0.10290056928705224,0.19573523922649128,0.15049001262230643,0.17764529371755844,0.09356839643725746,0.1570754796460197,0.22702188655552027,0.22857691479265807,0.0477717713129091,0.09636861413672917,0.16375446040935013,0.050680606488474944,0.15056089959224972,0.11415464413837131,0.11311542903044382,0.14396680345948218,0.12556868581261588,0.12090377646051975,0.13167686747973767,0.17191500250054173,0.13177529679102346,0.12205288158567708,0.24405124954573953,0.14077614656617343,0.2379792470991529,0.17023645053320813,0.25531654577858104,0.021237495445416234,0.4428672824264842,0.010650830648401083,-0.05078204217792871,-0.057627658928165314,-0.03335831333751954,-0.059840756403217246,0.06679310904370578,0.04389359061728299,-0.15604658364333657,0.036989024277683503,-0.2594179642971796,0.3664279972212236,-0.00321497423939534
0.08670289272989089,0.27275950017269124,0.22242774313444377,0.1905535277243926,0.1602643308798949,0.19584129697817537,0.08999943412250126,0.17546432751676347,0.08734251147974242,0.19196811522481524,0.19840379956494908,0.16814823936788154,0.034865415327531755,0.2397220322110469,0.6349617266520202,0.1921551806582215,0.2541821789044182,0.23020932791018506,0.10839578824351734,0.15038309159550925,0.17799426215464983,0.13776954620099605,0.09195789483136954,0.11837605535196828,0.24986985352791247,0.17272878608269243,0.16719944268685835,0.17292809289236571,0.23229247126724983,0.03188021504006016,0.18141116316159833,0.06732871584222,0.1557960246655752,0.14859243317772963,0.15128419747904429,0.13877103875558786,0.24210854845579557,0.11991512665605093,0.14626359898957306,0.07210662660166577,0.26600169510585675,0.17775054207596802,0.21404059580305002,0.08490253488578146,0.21188015227824164,0.08612569624521475,0.3488987452388943,0.032463131394238266,0.01213892987811727,0.12451051581996553,-0.051553564867100145,0.016878580151261407,-0.06324772209985097,-0.03243268101137491,-0.11063344305804246,0.0804444371324881,-0.2776917698427199,0.24776002122648944,0.08575130780996014
0.08859542702150584,-0.0020869324299252366,0.16697620258949822,0.2730339931893389,0.2522784515502477,0.16467897069721493,0.17422623603157383,0.2065424718428145,0.07658548117427737,0.19130902988479626,0.16466522628861197,0.20534334190182973,0.10215871638161207,0.22685137872103145,0.1921551806582215,0.6217667619273421,0.20589330225073454,0.2113660648805057,0.13026289675863884,0.09715117786179833,0.17073117543984273,0.3344044800621976,0.11358121882995156,0.16249252254255514,0.26999996803784465,0.109227738249839,0.17616788365070232,0.15415853177546565,0.2742241088389435,0.08103901878805865,0.17929925497351273,0.15225022679123723,0.08446397714688413,0.21634735211664916,0.2568951095401639,0.13617802379231386,0.06786445152285552,0.13435991501227956,0.22255219353414873,0.14232064439478823,0.28601995581584405,0.15275043657216453,0.25701644945718377,0.19601219611872364,0.23789856908759893,0.07364284970353724,0.22182706209825487,-0.09210473512394855,0.10959881650232446,-0.07092800082784459,-0.0033051506822098804,-0.06179458311816382,0.03300503717754197,0.010199635693862045,-0.07649446666444269,0.032214771575075025,-0.28513646070883325,0.228113489860009,0.04083722800923618
0.09179020411588616,0.13145388460582294,0.22045252432495774,0.215023408261004,0.1548473532121724,0.2388851805691269,0.18254294932596002,0.20079260187866815,0.14175868203838068,0.16658999964415086,0.20084521243991357,0.19216860795610477,0.09977466291659308,0.19985442033180673,0.2541821789044182,0.20589330225073454,0.43275206955770196,0.2948528891050865,0.10801894298280283,0.05729148234604326,0.16826988134842327,0.22910522930131225,0.16209237454205766,0.11818284827037481,0.2220799191672134,0.1803926016109876,0.18284888987205689,0.115376020633513,0.21844231350360743,-0.00726119706523024,0.17360059116013385,0.12278897471069818,0.11441094383540414,0.18343809929657698,0.13981591606347069,0.14366160950925919,0.11586443940013501,0.15412468352626213,0.16913088904273363,0.0890887075135321,0.23333310624820183,0.14819048537498294,0.2186491101926142,0.18093650016527785,0.20918475732201441,0.08198014910465434,0.32724261660504406,-0.04471352388787217,-0.07584661193845514,-0.018855939223501515,-0.026162222773718855,-0.09893862203215509,0.01878942706363779,-0.006190657152089792,-0.08010043882916697,0.02458304642936558,-0.1830617712968825,0.2066341569045336,-0.004880688404150505
0.07682554012739877,-0.016559031834243718,0.2537547666225076,0.1986485237949504,0.1751661144385587,0.051872181470789376,0.18183995394757768,0.17042523841797189,0.048314563256521635,0.22732907284618512,0.17492435318849012,0.22049008023950623,0.11952577482254338,0.14146364666390987,0.23020932791018506,0.2113660648805057,0.2948528891050865,1.071237048867769,0.08131994813992592,-0.15231898925402326,0.2367089590358438,0.17685417177535984,0.6108267778455683,0.21797141220703473,0.3181199952086983,0.2425691022400591,0.23299346391115303,0.2290510670199299,0.2833960670102409,0.05095659823730623,0.27362632906557144,0.22063195475380168,0.29396298781207547,0.2993285653542429,0.09167768338273029,0.4531329687628444,0.030852140929837416,0.06301547890191711,0.17127964623030326,0.056763808018942895,0.24602468542384395,0.17019346302854996,0.262497869621994,0.2290893625238952,0.28924790216393487,0.047880934492569804,0.11763797151983293,0.06868329023167778,-0.16576248237116314,-0.06641864603107152,0.13414163155168524,0.0025986708689943196,-0.11440760143183093,-0.0665742410175005,-0.1855987821720442,-0.021897199735886715,0.03044910650431109,0.17201387497692294,-0.13261615074670657
0.061219425659788614,-0.03273506296327267,0.17790122076972922,0.16072459350480106,0.2586259041849604,0.2272518889496172,0.07274658825406888,0.2219841484914017,0.013099592180336517,0.09829730306873488,0.08430518152382961,0.1261818070898262,0.058661523322950805,0.10290056928705224,0.10839578824351734,0.13026289675863884,0.10801894298280283,0.08131994813992592,0.5671960282212999,0.04401549994391623,0.13827299923208394,0.08104960576301061,-0.012313183360556238,0.10749991730327488,0.12783667705431842,0.010704846578636424,0.1142018339796688,0.17016615147987807,0.09020896213726522,0.009995204988661898,0.1547838163773521,0.09337969850828119,0.1391259884802358,0.06850888191629904,0.06988377154496878,0.1453382725759592,0.20045397691391842,0.21880802318641213,0.15836316452106877,0.019512535852580424,0.0949391674513793,0.13605430077025202,0.19373976114338898,0.1847350488606828,0.11889620350875024,-0.019728707024805683,0.11557026385589642,0.1580086065102786,0.14436551996453711,0.1148450912324934,-0.03375943757738402,0.12086881784594743,-0.177052420011627,-0.05764546494626628,-0.07340119929994549,0.005693170784841196,-0.010873508714978568,0.22924336999675585,-0.16593576680064234
0.02259323830073298,0.18372672617782954,0.11620992100266729,0.10467801474332303,0.018839039071204496,0.18995080566677802,-0.004111892988786852,0.2597639388755128,0.07016140040571471,-0.03799919191851877,0.1777629927608616,0.08766004236747287,0.13282376948166488,0.19573523922649128,0.15038309159550925,0.09715117786179833,0.05729148234604326,-0.15231898925402326,0.04401549994391623,1.3918143708904047,0.11311316874645398,-0.02444270318598907,-0.26563145747094025,0.19076271471097397,0.08523219075478511,0.09831399849445512,0.17479075026244273,0.24024089404131002,0.2733305972644888,0.22877777066570404,0.19772188270835056,0.09882092089411015,0.22070508797879795,0.1844036606262582,0.2835498396076871,-0.15464995094516534,0.6703737967498918,0.3526790563692701,0.30141018244176315,0.3300053202947589,0.1729847432951071,0.12085885808641295,0.4924683611932669,-0.3170793011126209,0.549351447565631,0.3779933402507452,0.18103761627372897,0.34858806901024064,0.9088281115544069,0.174821112956027,-0.11243363699458173,0.1938505019177844,0.04925720017130421,-0.0788960169176441,-0.11290381132745086,-0.0635224320887457,-0.12203892899414524,0.502040042516709,-0.20477683488307508
0.08779609341737067,0.03797620043207508,0.2131797733343383,0.21358837800251682,0.15877333113442868,0.15150476002599314,0.1325042777968658,0.19747769540452903,0.11112736556752206,0.17509352719123414,0.15006058201332975,0.14261978619034624,0.1183235752890094,0.15049001262230643,0.17799426215464983,0.17073117543984273,0.16826988134842327,0.2367089590358438,0.13827299923208394,0.11311316874645398,0.6020392128101468,0.1516146940645663,0.34612743041678534,0.23865837587241995,0.23892478920108762,0.06730139420071264,0.2034264071673901,0.27675860290140913,0.25581978907593833,0.12528157492187897,0.3266940218561216,0.177277448542743,0.3074228552129418,0.19532178696534588,0.1982859579411598,0.5282589134037283,0.1979622388645321,0.29276727555233495,0.31155020198259065,0.30330355591937425,0.4883057236494656,0.5062751806318314,0.39438719263447497,0.40244243959806975,0.6123265548314758,-0.07651205728179962,0.4709926554122347,0.20913339264887396,-0.3084277322714154,0.021597483767388456,0.06260452353462083,-0.11668701434383302,-0.04166727703873394,-0.034542519851850056,-0.04503530767339357,0.022166023594699723,-0.2247551913648106,0.17781297504365584,0.037068143769519696
0.09622921695533997,0.024177684965057802,0.2089915268513468,0.20596181651231374,0.16829559948990022,0.17177936383427894,0.1905968959770571,0.12641501404403652,0.26655008746379455,0.17890926072486907,0.14126738749354156,0.1550387983026004,0.10201686667331455,0.17764529371755844,0.13776954620099605,0.3344044800621976,0.22910522930131225,0.17685417177535984,0.08104960576301061,-0.02444270318598907,0.1516146940645663,0.6497566080474113,0.15413716018612586,0.15013275173010657,0.19085727454392357,0.15380755559076495,0.20731289358957938,0.05547798012705188,0.1697792258966557,0.08362424165219985,0.1521900294529502,0.18969188447969698,0.1100644326888761,0.1844044748729152,0.10435480477536932,0.11448387120826774,0.0038699019479076307,0.18308608899285247,0.17387000104594058,0.08556004354823264,0.2659288943581159,0.1362736378751112,0.12160636195066975,0.298328007170418,0.11822319080895696,0.21462005144451396,0.28497050159635817,-0.3205327188970522,0.061273252021482365,-0.09161705154610116,0.023027813333097998,-0.21021968477790004,0.11054406318822772,0.00884982749043353,-0.041176071303376,0.06736523750799572,-0.18562270963524094,0.06795511523555263,-0.014749743280879232
0.057013950254706576,-0.29738416632964126,0.11954348630202447,0.21162132654823068,0.19519305215437996,-0.01604695727343024,0.20096750985139583,0.11131286666414786,0.09620716558569196,0.2766777777938091,0.10263498237577025,0.11376846222876362,0.14967026100895953,0.09356839643725746,0.09195789483136954,0.11358121882995156,0.16209237454205766,0.6108267778455683,-0.012313183360556238,-0.26563145747094025,0.34612743041678534,0.15413716018612586,2.1283964309824888,0.6745641115275474,0.47524289751573817,-0.0464132915753309,0.12459324485679732,0.3204832151520732,0.29930166052362683,0.4009200342690378,0.1421314707861251,0.26189548973073945,0.6737307158853676,0.49304842732906035,-0.023050495336096356,0.34851097467447395,0.24133093745259995,-0.11899735397631628,0.4730730665170448,0.10556303835297849,0.07998427260675445,0.27910158176717065,0.11499792740018483,0.39998027080169457,-0.015507061975777775,0.11613984099564671,0.3965016749741339,0.33649146087103365,0.22658072451483743,0.1728623921439349,0.04555091071083006,-0.16246950714056027,-0.04536626980513888,-0.14148321719220222,0.02391345427853304,-0.02172852907972802,-0.04561427395456928,0.016540877008077316,0.048117676611865313
0.04438871553319492,-0.05616087364740617,0.12407552095990773,0.20369453824254197,0.16386004659447842,0.10715577882726479,0.11537822398413677,0.16615486024320117,0.10276030833212531,0.1365054784946017,0.1232058366603102,0.12356991915024931,0.14218036341321205,0.1570754796460197,0.11837605535196828,0.16249252254255514,0.11818284827037481,0.21797141220703473,0.10749991730327488,0.19076271471097397,0.23865837587241995,0.15013275173010657,0.6745641115275474,1.02079057649738,0.25168013574559817,0.019053454429980743,0.11658710177458531,0.3517417224203271,0.11808427220641592,0.6456374558690904,0.2277978577751977,0.38546690670822675,0.6530043835447361,0.29272204561383663,0.014720318031748161,0.21625143130682062,0.30807345422626203,0.17664753256155394,0.31124540132943734,0.0640862562818015,0.186640149889854,0.20144641888454157,0.2161535113532967,0.2469189856750732,0.24547659092057478,0.17659837165063144,0.662065135932587,0.20758443615150207,0.1803609324789359,0.16553604350790285,-0.006100309084954387,-0.026187562323187138,-0.05670608615658421,-0.11152891745711922,-0.15422782743723198,-0.0800669168388069,0.0029665403394295064,0.48223295030544944,-0.4009764074194332
0.09662779637650099,0.05669289171058957,0.24207343148284954,0.2508087491513723,0.18634515650300934,0.21701089366928858,0.1507416336066966,0.3159836224644854,0.08916713034695246,0.18191837883748155,0.18630047506907244,0.2404327585677364,0.10552138764678883,0.22702188655552027,0.24986985352791247,0.26999996803784465,0.2220799191672134,0.3181199952086983,0.12783667705431842,0.08523219075478511,0.23892478920108762,0.19085727454392357,0.47524289751573817,0.25168013574559817,0.7635718322885935,0.13495553650435865,0.23810808898663474,0.135083486698488,0.34165722505781465,0.07245069603183699,0.2719077626913104,0.1920619735851887,0.19292549938956094,0.33350136430309835,0.1827081929748124,0.2933139663266886,0.04145989050568839,0.14453172717451632,0.26872274181914646,0.10752407591777974,0.254334917344014,0.1996403917681779,0.2695601056979339,0.21576617694457206,0.28881854556499303,0.05360747954084769,0.3592871528551574,0.034314823677968,-0.12297148920032697,-0.22490263260443874,-0.04198922788300778,0.11193022349923279,0.13447083182312725,-0.014734714941488895,-0.1556159257315357,-0.002363603572090293,-0.16928132861701486,0.3174514039687005,-0.10072243365382019
0.08410792424471548,0.21873950149877158,0.12636826296770565,0.17219902797097603,0.16709357445654732,0.18726185290180164,0.1812093594442123,0.16257108736563466,0.20270528232899804,0.12911879952561384,0.15085909451987495,0.1841692270935833,0.06107888784453116,0.22857691479265807,0.17272878608269243,0.109227738249839,0.1803926016109876,0.2425691022400591,0.010704846578636424,0.09831399849445512,0.06730139420071264,0.15380755559076495,-0.0464132915753309,0.019053454429980743,0.13495553650435865,1.3098258925620336,0.05228491029690957,-0.0640473993180405,0.017034130952806197,-0.05359670062832239,0.050860962453822794,0.2512467966927557,-0.02953443255032059,0.12599063720865117,-0.040807574175048364,0.19376788924808275,-0.33520791267153716,0.10838567162029591,-0.42254447445879195,0.11247035216614643,0.13565252618089815,0.0543800933336526,0.28237349240541393,-0.0005607284326832809,0.3531695779634426,0.029995193816727776,-0.3017691408318545,-0.030714376408224036,-0.02215316265491743,-0.2217231584141799,-0.007016332966068786,-0.11199841630917498,0.060269319542461425,0.07890073841941486,-0.16669682693580265,0.06396050728911126,-0.07738090881943095,0.2945766380965354,-0.23476406301308617
0.04607113263775583,0.08427265650825537,0.09358402914962172,0.09724272351284231,0.0931389465247862,0.14225515046979845,0.10504052908368586,0.14858097328336692,0.11605729407163107,0.1047569731381356,0.18186429219845948,0.1552557687251073,0.1094272073945049,0.0477717713129091,0.16719944268685835,0.17616788365070232,0.18284888987205689,0.23299346391115303,0.1142018339796688,0.17479075026244273,0.2034264071673901,0.20731289358957938,0.12459324485679732,0.11658710177458531,0.23810808898663474,0.05228491029690957,2.1324864513082886,0.3346271083841437,0.17484459060577898,0.14078823842649024,0.4074377599885855,0.10546066596023279,0.3351436789294933,0.09344452317775744,0.36776659568814696,0.06307764011675952,0.14797648373848957,0.1724873114937558,0.20007065299186855,0.37506993554543533,0.5374486582741498,0.21796456891064298,0.11436903074267894,-0.5357811096845572,0.23438853506704915,1.0062116670853625,0.18170976562692184,0.12178382456919933,1.010369634152398,0.07780005058371282,-0.056731698632489745,0.25221269821845743,0.07107410935926088,-0.09338496221223053,-0.13519904333846675,-0.02198994826033505,-0.10675501533547387,0.18018797614126097,-0.1107626425598611
0.02421257582409272,0.049188103164754055,0.18066403908645368,0.06107418533745058,0.046634424907116806,0.08533467295762849,0.0322752662732989,0.21359799626337334,0.009536536789653337,0.13976439547518713,0.1118379198654215,0.0752172770614448,0.10341846602836395,0.09636861413672917,0.17292809289236571,0.15415853177546565,0.115376020633513,0.2290510670199299,0.17016615147987807,0.24024089404131002,0.27675860290140913,0.05547798012705188,0.3204832151520732,0.3517417224203271,0.135083486698488,-0.0640473993180405,0.3346271083841437,1.3278679900529822,0.1728996542860659,0.28309787952159665,0.2712916840436178,0.14958997179738787,0.7260475996740913,0.12520274469977768,0.8238229357764679,0.08620770425569764,0.7157690000655066,0.1282357362971809,0.32312271633590767,0.2195801223710078,0.44841607190086424,0.3460377089160427,0.2535636340997097,0.11805378967469159,0.4076983304816109,0.2217992441677504,0.38926990545108886,0.3779090487316211,0.4986405840634321,0.5691441282221583,-0.07527044049750038,0.5124676597786912,-0.8426531107832023,-0.07550010498535724,-0.022236814423167276,-0.016607056082647627,0.01718936592904691,0.09269093691582898,-0.018786820262060897
0.09010345682573208,0.2440400094238429,0.3510562599041897,0.19118466348036245,0.0658948901696707,0.22234675294216724,0.12609054140775786,0.2288816872706461,0.08062775604438989,0.22869094707943222,0.22317201917340254,0.1344184585200151,0.19186001537563627,0.16375446040935013,0.23229247126724983,0.2742241088389435,0.21844231350360743,0.2833960670102409,0.09020896213726522,0.2733305972644888,0.25581978907593833,0.1697792258966557,0.29930166052362683,0.11808427220641592,0.34165722505781465,0.017034130952806197,0.17484459060577898,0.1728996542860659,2.0355328552243677,-0.15304486252873745,0.1102654485504289,0.07226057925639294,-0.03365117904072594,0.5886064387984188,0.42847078798967475,0.21412872262482074,-0.07117291555830078,-0.26446995536315826,0.3981848007196062,0.01745236616205838,0.5084577496701124,0.18597165111221886,0.40810061010079185,-0.17444045199110228,0.32396741813936003,0.07186177827281992,-0.38749917111142507,-0.09058063188996823,0.5409289734692563,0.015901707362316702,-0.1641491265153767,-0.002646154461056637,0.0011284226142469845,0.026022581719116544,-0.20367544588062425,-0.05643092868781368,-0.3557872858391053,0.33184109875405077,0.15648310666178775
-0.05477886810669183,-0.09448916981067648,-0.45209407138037255,0.1318904387085245,0.11042759617379547,0.07841905324464267,0.0403305966264284,-0.004520039342056209,0.07097043413814093,0.08619494612700894,0.018197725468728256,-0.002372507190208372,0.0766516508645358,0.050680606488474944,0.03188021504006016,0.08103901878805865,-0.00726119706523024,0.05095659823730623,0.009995204988661898,0.22877777066570404,0.12528157492187897,0.08362424165219985,0.4009200342690378,0.6456374558690904,0.07245069603183699,-0.05359670062832239,0.14078823842649024,0.28309787952159665,-0.15304486252873745,3.265545852453466,0.25946927390758734,0.05986992104792065,0.6832997682429996,0.2421927752378559,0.2823804907072366,0.41655533688429447,0.42663502297580974,0.23522098172501602,0.6376010142392735,0.10250638213146343,0.2979148969911747,0.08126374928225268,0.7791185370759379,0.5277361910516685,0.7502527165596735,0.6079937129089447,1.5871549001387801,0.25314482337747385,0.08913805280239137,-0.23448800441311066,0.14116628336481898,-0.9176581257294706,0.3494928786357311,-0.10854386040540631,-0.1543601457016978,-0.06597862823897722,-0.1770348038220689,0.5223457704560411,-0.39513244978943357
0.08815914822448313,0.055808781113251306,0.21193598185244275,0.19050291585836635,0.18992741814397388,0.14882902243944585,0.12548739040803653,0.21783777314117653,0.0938772299018279,0.16206357859314938,0.15621267125594515,0.19366208183678463,0.09912766972187201,0.15056089959224972,0.18141116316159833,0.17929925497351273,0.17360059116013385,0.27362632906557144,0.1547838163773521,0.19772188270835056,0.3266940218561216,0.1521900294529502,0.1421314707861251,0.2277978577751977,0.2719077626913104,0.050860962453822794,0.4074377599885855,0.2712916840436178,0.1102654485504289,0.25946927390758734,0.7333138255313872,0.18544861446309602,0.27350640154029254,0.22370655888349075,0.22213834810125188,0.8548368973829006,0.15445407792303997,0.41744839815687074,0.32345753604131094,0.24588515835105149,0.6334980650035981,0.31915422285757966,0.2723378883354168,0.46891923666088065,0.4340267539923041,-0.019264533446145496,0.4880764020358617,0.24657007840422185,-0.2917725605010399,-0.006681253486126862,0.0791048977945175,-0.03843948569965522,-0.009276997745595665,-0.04032222417791754,-0.15127504164206576,0.012725402989752213,-0.036487457763471266,0.14532512428165315,-0.11021022362728651
0.058939643407018905,0.007667114764568158,0.17650243678248478,0.13221477048798547,0.13815325039159645,0.10001431739262194,0.12232725842183301,0.13413430421652092,0.10269199853691181,0.10939675510579647,0.12712924702518744,0.1780059188124855,0.12265624193785343,0.11415464413837131,0.06732871584222,0.15225022679123723,0.12278897471069818,0.22063195475380168,0.09337969850828119,0.09882092089411015,0.177277448542743,0.18969188447969698,0.26189548973073945,0.38546690670822675,0.1920619735851887,0.2512467966927557,0.10546066596023279,0.14958997179738787,0.07226057925639294,0.05986992104792065,0.18544861446309602,0.8529218869445054,0.2514311569251603,0.3064614835446603,-0.06141774872589174,0.30953278912667664,-0.09426413676157813,0.3153677288420685,0.06945297711699149,0.08289932301017146,0.09823872262113255,0.13041111655693058,0.17677422061316445,0.26011183001097354,0.1841636944276326,-0.03964347893985377,0.09731556516683927,0.09224258134814095,-0.010108225148229302,0.08439953597050191,0.014389068336938237,0.20493340181895806,-0.11468302675096115,0.010523137124228999,-0.12822667296903184,-0.08354697954804104,0.30564269947423034,0.14152131559378553,-0.35289321166453047
0.030345108803721925,-0.05295043169617288,0.08524487692089794,0.1790731509054166,0.1723845668364504,0.04716624210527292,0.05964162818525578,0.1649737876902513,0.06664325170628863,0.11192268795215311,0.08716806943759241,0.055456626894303876,0.10439593828472593,0.11311542903044382,0.1557960246655752,0.08446397714688413,0.11441094383540414,0.29396298781207547,0.1391259884802358,0.22070508797879795,0.3074228552129418,0.1100644326888761,0.6737307158853676,0.6530043835447361,0.19292549938956094,-0.02953443255032059,0.3351436789294933,0.7260475996740913,-0.03365117904072594,0.6832997682429996,0.27350640154029254,0.2514311569251603,1.618363496100289,-0.005410656968383443,-0.22915854772177305,0.0893771500033393,0.9538214791979165,0.20931014448670288,0.2829919673127899,0.05752732916189784,0.004800104699348407,0.2811149093992023,0.12586070164466043,0.06838148992386833,0.320336922519799,0.3264012901854973,1.2712474588795388,0.272176565266879,-0.18299581118848804,0.4587846107135639,-0.10641942425197685,0.03477403827829179,-0.16627019227235396,-0.25462941588336674,-0.03698796047360986,-0.11523779664449152,-0.009376869286389969,0.18149145383361248,-0.039711513806201706
