1.0694132853071172,0.1659454568802863,0.4071528012695275,0.12929002990821956,0.32889283737432246,0.14869173871242375,0.3460139782801235,0.28432165984620766,0.19994723449886823,0.22581970123006384,0.2035652119462057,0.18164422381080653,0.23378628782442126,0.2798589486445029,0.2032444617046494,0.2116421462655569,0.21930072619009625,0.21310539152804991,0.18672083833426145,0.1647075023856262,0.16566880458652164,0.27008953963760324,0.15875509844102292,0.12584565009081755,0.20809163147735274,0.23848441156630168,0.16165973801153047,-0.06019314611351727,0.2944147319183328,0.08234918510648148,0.15326511877463814,0.18992213137875924,0.15548625883095596,0.10902974818644806,0.13180140257442702,0.13721315064439685,0.24783773654400865,0.14423823125806737,0.1888706616071617,0.04858981667940503,0.14143841651437794,0.1563363515520341,0.17177280327658934,0.0282947799498874,0.04367218789974243,0.21554232152256364,0.14141098038917496,-0.09300409590594302,0.2484697142087264,0.18009775515453855,-0.010079903835935926,-0.07951564704452492,-0.03162338232133687,-0.06153426015051557,0.34519019174764565,-0.006047632560602661,-0.01716173433868528,-0.36790498561771806,0.17165101281246697
0.1659454568802863,1.7451174080871028,0.5960672559047079,-0.06695997306411848,-0.10018084874810695,0.45068849989528786,0.013576275124411114,0.2412539818347513,0.2666644854232241,0.16204438601829893,0.21051652034042975,0.21623311544051996,0.1958765505732231,0.16311157892331976,0.1385221493136615,0.1325239720778786,0.1908644356303237,0.3732525529096873,0.16482553971714223,0.38739866317681393,0.21983706800280065,0.18229806695518402,0.12926349415689384,0.18807078721816567,0.1480476336975083,0.14021710731633943,0.17920087200397913,0.26465146200989886,0.24313205545834762,0.10075742339855358,0.17233950881405577,0.15196267247758366,0.1657550673295847,0.2234251321278553,0.12787547734425403,0.23162952812854498,0.37979169097571974,0.21596396764484013,0.16506282477823422,0.09686581740404868,0.1706071935877087,0.21685822913640249,0.15003188456620392,0.06178921717861796,0.14925972217775738,0.21340966516555956,0.26772407370981954,0.01894779165024221,0.03814832829857232,-0.06691478056215139,0.2786619647209371,0.090206716212461,-0.1444745743419341,-0.10340670606885645,-0.42009631633695316,-0.10524064211407332,-0.12534964376427393,0.5107984866934863,-0.05489380070202062
0.4071528012695275,0.5960672559047079,2.1896580102326864,0.1329115638851143,-0.150723121811296,0.46249309547499134,0.07815504857618044,0.29804955627858165,0.6083592297348457,0.4775174393182462,0.3215139221657765,0.4071983369038926,0.30297524047065466,0.29587615508255544,0.2568846921080718,0.21227771482090663,0.2924425322365453,0.3593537299591247,0.35770904687434907,0.3283135032748012,0.25371081856140304,0.4515775604501014,0.15465341026976576,0.31355454204640676,0.2922040320867591,0.4216979744402405,0.22377252820707233,0.3183190165364136,0.5752283938771007,-0.06691216394838484,0.30678510009191584,0.36848609249355435,0.2442485153917963,0.33204713497604826,0.20681354813728345,0.4269965205773147,0.4234588514841088,0.2949764465221529,0.22711515250145206,-0.1296862826187028,0.20230527259520875,0.27553374256766383,0.21948563729809684,0.04960293800925829,0.24886067598670764,0.5578964615698605,0.2069085006406072,-0.2681200707997936,0.06216564054240559,-0.07156598571690247,0.182059529402389,0.30281321497182484,-0.19048244411498538,-0.19306378230424617,0.5255884767319012,0.13154154752184716,0.13671324874640217,-0.5379282883543434,-0.32638036659625724
0.12929002990821956,-0.06695997306411848,0.1329115638851143,1.56030324571214,0.7428104843714706,0.30729551028012625,0.5776318864827285,0.5672743505659764,0.2660258177880446,0.35587139252830824,0.34106453354500965,0.32088052068423545,0.41747476425674473,0.42791583750300893,0.34692774885544914,0.39383909820704577,0.37548493917837805,0.5007358889709609,0.31505575193750346,0.3679305685779901,0.3609246714670903,0.33061684056544405,0.43962356330610697,0.45305463082620834,0.404401716313927,0.36818262622166537,0.30054989065214194,-0.05476159769261467,0.4953539749262045,0.2434824629551516,0.3762155443996874,0.3865112483459938,0.33579636234719507,0.43925271156408935,0.2913352690286395,0.47230548383271315,0.5499789519671644,0.2717656348794421,0.4901000243407004,0.23654538807173744,0.1992408429515066,0.3669827904429539,0.16989288290977106,0.08965409435724223,0.1554973701327693,0.5088698760968728,0.37754879527129037,-0.185654661852835,0.36045438057737306,0.4938655026578867,-0.1864430929889533,0.006080186335255212,-0.08578622614232874,-0.20632352604706639,0.059197224713575865,-0.10725142797037383,0.032854253387073915,0.06356693845722766,-0.2310165926862539
0.32889283737432246,-0.10018084874810695,-0.150723121811296,0.7428104843714706,1.8352236436437719,0.12417929398231703,0.5640740967413364,0.5195866359042083,0.1322138259459453,0.27801245279352066,0.3014420821142511,0.23706931257324015,0.3785698139185172,0.2965331410920048,0.34549144178705504,0.31610981680904304,0.3123841353901366,0.3210956586120877,0.49893614332415553,0.1538695218192471,0.32127577220664083,0.32574494996520625,0.2791180056693919,0.2845556797171358,0.3001958876111721,0.3236770459882239,0.19873246399890204,-0.10326350855227469,0.4275639874695326,0.12454720035955281,0.2823313976415989,0.32665897517913717,0.24506224200811166,0.3757025453016106,0.2739809708935066,0.37043295875387783,0.3833544813965041,0.15736649829212,0.437137582418139,0.26340229198208676,0.10186545215229632,0.30810383102170946,0.03498768067421067,0.04224613726944451,0.09609642949650031,0.345595102777368,0.19703715378726472,-0.14557121306720425,0.2715340949832066,0.6549517025153154,-0.3642361321804516,-0.29818181204990013,0.009259483475956036,-0.04135099021551816,-0.002704663904020091,-0.18833240875434107,0.01067497423422259,0.03185015280229061,0.10465085772373425
0.14869173871242375,0.45068849989528786,0.46249309547499134,0.30729551028012625,0.12417929398231703,0.9264902069501395,0.06747686117864495,0.4743737270716057,0.4688230274431746,0.27084250600308596,0.35427231371974544,0.3790281912793954,0.3634962083897216,0.3327848274065838,0.23848062571617415,0.32347739404056797,0.4015922911946814,0.4657960538326414,0.5203980194220132,0.5837999009439695,0.31931420795706394,0.5351866458776908,0.23465790712232484,0.3636240833453103,0.3583679612897375,0.39629487111405864,0.3764367006833586,0.20850808152680017,0.48341822292386677,0.13919482513403017,0.33995926935168663,0.4452370222278252,0.21082136547561747,0.4308417439692582,0.21710916073293896,0.3307277078884336,0.48197490006622795,0.35567251527337757,0.5133208529445411,0.23538530452321954,0.13580343823906174,0.308238167401016,0.43080429879318827,0.09233731631953679,0.24052858045468323,0.3481887053264029,0.4067589100213347,-0.03133660056703394,0.4879599387501382,0.3536646070947167,-0.2781072003542216,0.3007618184687457,-0.2894595404165464,-0.08493083491480617,-0.0017176722026558413,-0.07924490865092287,0.16684221319810913,0.08849768188915239,-0.19185515549720858
0.3460139782801235,0.013576275124411114,0.07815504857618044,0.5776318864827285,0.5640740967413364,0.06747686117864495,0.9396601585015678,0.4727947731366312,0.24050215405696404,0.2794030918506339,0.319587397011943,0.2720435157478499,0.36303435348350466,0.2070444499678969,0.2858703148896843,0.2936946658595752,0.35897149590349287,0.3873260192200663,0.18474446983287096,0.20646622367724743,0.3347523425786618,0.3532072877298979,0.3559500908498085,0.31514984657061546,0.34493365335344967,0.2798287817371923,0.22450233125526822,-0.12481724646199013,0.4332503968945486,0.20607911231972062,0.29150012818886634,0.2822612777703099,0.31521974933251184,0.3464678517651168,0.17535507718206234,0.3766413507260705,0.4415339238731649,0.1814605658731664,0.3037162513832141,0.15312410519132655,0.1543866636424536,0.3207682845783275,0.07038052740912726,0.0400692473673133,0.049923395662764505,0.4119418777237001,0.23137667468273534,-0.2058306869006503,0.33495046098518594,0.2694882840120415,-0.0647162564078356,-0.2304203954867737,0.11515266171403574,-0.17245618867630558,0.1550416054293866,0.050581254718689614,-0.05395635791386966,-0.08640419615303653,-0.09984532205339926
0.28432165984620766,0.2412539818347513,0.29804955627858165,0.5672743505659764,0.5195866359042083,0.4743737270716057,0.4727947731366312,0.960302000612093,0.2157190934962408,0.36151757810846386,0.3459790353893222,0.2158218814580916,0.4221789279813791,0.3418432955059897,0.2785382607030861,0.32440040006479576,0.3994120421402782,0.5494618224691159,0.4225371634097957,0.4764187351416833,0.33052987691783225,0.40551293658896187,0.3406329558493986,0.3475733183221078,0.3915531894245702,0.3555808763211874,0.31247913153975027,-0.001679456113488272,0.4746445467617318,0.22069947337713514,0.35119228918269996,0.37127540118277397,0.2796989730377052,0.4277388193067445,0.20725704300434028,0.3542090589751261,0.5772721466069732,0.30600754852775386,0.5659934987778613,0.24749200832903648,0.2146433417028572,0.3205938332066509,0.2772791296636701,0.08207077980499591,0.15907284205241026,0.44895468786650394,0.44272128704551234,-0.07903801755940565,0.48918499179381386,0.5616516798403023,-0.08350596046231594,-0.08440443047630038,-0.08807123044938642,-0.22347412090124444,-0.029848955617194126,-0.11111223039095372,0.11777200053346208,0.21519313265268977,-0.2172072792720723
0.19994723449886823,0.2666644854232241,0.6083592297348457,0.2660258177880446,0.1322138259459453,0.4688230274431746,0.24050215405696404,0.2157190934962408,1.0443170859965518,0.191438653720337,0.3203367169686974,0.33550122903773183,0.3505608539647946,0.29076398923066965,0.22620920916425855,0.28009574729253284,0.3166761691412604,0.3414484669364724,0.385738494925886,0.3913909078255442,0.3268354016520675,0.398188616726468,0.17691672651656834,0.354843384074794,0.2834442298083012,0.397386353548649,0.3022412922702012,0.19002676513781497,0.40754557002160463,0.17256254651658087,0.3291075416202887,0.4158672069507902,0.2828160620522876,0.362477576814067,0.19362353568496168,0.3753847613201701,0.39478078355672536,0.30641617858727743,0.292194800651387,0.10865065980152935,0.17102087131709262,0.31930462340126076,0.27065599745584407,0.04849125526380684,0.17025826160423332,0.40913903563507686,0.2787015826364585,-0.11831019161168091,0.4710630998547018,-0.16609404131006159,0.09582888106527991,0.18691946553584068,0.05276492616111806,-0.1219949299155137,0.24112641594622367,0.056327095776170184,0.22342688799276533,-0.20128991951339603,-0.34909562669944416
0.22581970123006384,0.16204438601829893,0.4775174393182462,0.35587139252830824,0.27801245279352066,0.27084250600308596,0.2794030918506339,0.36151757810846386,0.191438653720337,0.865471620722443,0.2521577289720587,0.35387649415580114,0.3937767870159041,0.25081409486160194,0.2715414477933622,0.2619829270798262,0.348679548040781,0.3310128351858613,0.2502012556835134,0.22548778374712694,0.19368606452253576,0.40405699865747746,0.27368183102419136,0.2290373236101947,0.32226839112661293,0.34771874455323837,0.2383061059452238,-0.058173873389018804,0.44981386589122957,0.09007957317169339,0.2234393013290649,0.24587617953588067,0.1553125085900042,0.3104372873426658,0.30376680264251965,0.21169572083887822,0.2995135144178976,0.17137098012925525,0.27567214269226514,0.050888581016138634,0.1318369334661176,0.21449113371582895,0.2492580257212126,0.030027917909942,0.031592589044010945,0.25254085756802663,0.22130220322994637,-0.12364744221050764,0.3654298298372247,0.11657596833928616,-0.0352552530440379,-0.00704749271732005,-0.11673031988456198,0.03543686776879093,0.814689875759669,0.10302794412264811,-0.17691147371961136,-0.9172394441385473,0.2944820212556468
0.2035652119462057,0.21051652034042975,0.3215139221657765,0.34106453354500965,0.3014420821142511,0.35427231371974544,0.319587397011943,0.3459790353893222,0.3203367169686974,0.2521577289720587,0.5882008559304581,0.36250432278212574,0.3976327158294311,0.26263119041533906,0.3089744395819696,0.28865633506762683,0.3596536031782754,0.3605579746352083,0.27047952107829076,0.40027804502319586,0.29841442500884374,0.28993071330738013,0.24077846206743425,0.309578161172053,0.30933651042749155,0.3013615746568846,0.2872707288734276,0.053647658064496444,0.41541297188360127,0.1820362580519922,0.29439003513468465,0.3439525425511073,0.2383237275957516,0.3555884119307667,0.2632581030893268,0.3425026298066438,0.4046670443458972,0.2631824035245478,0.344191523448048,0.17804282669454013,0.1728197261279001,0.3018779478884008,0.19461041414448912,0.04881058359060139,0.1234787530826923,0.3718924247370097,0.2859405249701727,-0.12156068881717019,0.3289307313075572,0.16545259744131197,-0.039173326760359777,-0.052615819535722336,0.07028420213103408,-0.06977857342535933,0.13286165879458758,-0.056275504928991575,0.06895371595442765,-0.1606199211536209,-0.04027231250894241
0.18164422381080653,0.21623311544051996,0.4071983369038926,0.32088052068423545,0.23706931257324015,0.3790281912793954,0.2720435157478499,0.2158218814580916,0.33550122903773183,0.35387649415580114,0.36250432278212574,0.617672996603091,0.31310674310012443,0.25525225917424327,0.2590255830100537,0.3185722884486894,0.3197415425542682,0.2997092635537047,0.2940462032059573,0.3001582291233606,0.26096985610084505,0.3319093274797255,0.20673452381172322,0.28666294319085134,0.3464085568815594,0.2801230623296704,0.3006046941633015,0.12841537122954416,0.42765210264743286,0.14189077939250908,0.2875149892134898,0.3418608001837581,0.19894323073505865,0.330305252473205,0.24815632550077724,0.386157513802054,0.29031316170027827,0.22791933997494457,0.2295515525750529,0.11066090821379299,0.12406042651203286,0.27358977461751777,0.2028774628495908,0.037868841043609214,0.10346511281373277,0.32795557209126425,0.22636723235617834,-0.14736721695231614,0.29415879490293206,-0.16770139111030957,-0.0015816481664350116,0.16297213153709822,-0.0615929686021977,-0.010009353090788445,0.29559694014975774,0.09129096116311762,-0.015703879357160708,-0.2729244741618968,-0.13347532913900753
0.23378628782442126,0.1958765505732231,0.30297524047065466,0.41747476425674473,0.3785698139185172,0.3634962083897216,0.36303435348350466,0.4221789279813791,0.3505608539647946,0.3937767870159041,0.3976327158294311,0.31310674310012443,0.7129232751602925,0.2747570518158747,0.15486287869537596,0.3215225049963059,0.38619143082940544,0.4214733995402501,0.33975810574375753,0.31709179626122225,0.31592070844702164,0.4473151406456346,0.3208260772554349,0.3150944074178306,0.3176853643408071,0.40862723397907513,0.28576330449594795,-0.039072755464770875,0.5374463944921632,0.1258703998705757,0.27555190718385136,0.33272680412199246,0.2852657705537596,0.4016657354508617,0.3360433227125535,0.27292459632539645,0.49560202208796483,0.22944818505177075,0.40175274069675654,0.16614247447951055,0.17597148744898403,0.3148648154616306,0.25274864386517226,0.05498721926467498,0.04454765112891424,0.32842339056242875,0.28736989580280725,-0.08898822692653431,0.4174014430128287,0.3613075208219307,-0.07025003995754374,-0.0908520978043672,-0.06691339234821872,-0.06944525045979508,0.3469052812496102,-0.07399060123427048,-0.21491500817363793,-0.5020643882302854,0.454138090920511
0.2798589486445029,0.16311157892331976,0.29587615508255544,0.42791583750300893,0.2965331410920048,0.3327848274065838,0.2070444499678969,0.3418432955059897,0.29076398923066965,0.25081409486160194,0.26263119041533906,0.25525225917424327,0.2747570518158747,0.6775323186281182,0.3346352866980092,0.41993524760685763,0.2635412775328607,0.2841791027937882,0.2747095707908924,0.34774341981237855,0.23608243058326006,0.24665340802761537,0.2687903087094541,0.31007124853341655,0.3227831042036381,0.30204115226660394,0.2757996226342341,0.026156769086810024,0.37571273598274185,0.22432176343009733,0.2444818382247258,0.3131575720180072,0.1848096334643346,0.29740766580916556,0.2555719796186857,0.27280054548620825,0.3720784918977344,0.23755436984728207,0.3154818484667751,0.1661144369987037,0.20097344043919443,0.25292330819560416,0.3077382210688328,0.06997887811530781,0.09929132857415353,0.3027890321176801,0.2920814749847476,-0.08463921857092921,0.4744978317590624,0.1909984941306966,-0.0384080862397048,0.044079223338000094,-0.08193674548951174,-0.057563784158856324,0.03999085331248637,-0.05411807694404985,0.07575035440891498,-0.004231674340276747,-0.04413100549740651
0.2032444617046494,0.1385221493136615,0.2568846921080718,0.34692774885544914,0.34549144178705504,0.23848062571617415,0.2858703148896843,0.2785382607030861,0.22620920916425855,0.2715414477933622,0.3089744395819696,0.2590255830100537,0.15486287869537596,0.3346352866980092,1.1573681108181921,0.2935830532412317,0.3153733211209602,0.32338449142883524,0.23678515158570157,0.3793369977912983,0.2986654031091308,0.08497207911784195,0.2747057493670567,0.3115388727143129,0.42625141676292416,0.2894060387385924,0.29745931470601517,0.07004436759818741,0.4541393107656619,0.3460221796088448,0.3154838177218945,0.2881878702629332,0.23082434196134427,0.3436724833901779,0.28514860072335513,0.40843120968258634,0.4573377812190733,0.2274633900265302,0.32440856947121643,0.19572855266892863,0.2585004718955511,0.3201355305979416,0.160102832809857,0.060045567697444104,0.13820285221344586,0.435479156282589,0.3289401874946633,-0.21614665290757737,0.3711863392078031,0.21577812600043095,-0.020581653761034775,-0.009085063806081494,-0.055076207630980534,-0.0831663462726623,0.04907000343271397,0.00885243274294648,0.1668942214980319,-0.059366794474440494,-0.09589796422077417
0.2116421462655569,0.1325239720778786,0.21227771482090663,0.39383909820704577,0.31610981680904304,0.32347739404056797,0.2936946658595752,0.32440040006479576,0.28009574729253284,0.2619829270798262,0.28865633506762683,0.3185722884486894,0.3215225049963059,0.41993524760685763,0.2935830532412317,0.6434313274855477,0.319900687833093,0.31977203079303335,0.29614822819110564,0.3137217194491377,0.2437121745387133,0.3621073204524044,0.26412270918831954,0.3020402221943835,0.34944399050345126,0.30030639343793314,0.30684957379666467,0.06911843749071246,0.4283714497326232,0.21322345439295548,0.2505281195468,0.32752777788504694,0.19073333161549139,0.34624483196412414,0.2812763031984962,0.28114762238755414,0.379440862366212,0.22160785143042463,0.3218027711385782,0.16828778277336098,0.17021309860476133,0.27263507620001237,0.3115087963537059,0.07591104479268995,0.09360145367866128,0.2931702227558562,0.2791643398229151,-0.09178820138326226,0.4452178433689819,0.05614156072801499,-0.04174689429356696,0.04438823261487548,-0.032684430839505306,-0.05798497746630979,0.09553977779551967,0.02583383087246288,-0.08185077748720944,0.023830709942299334,-0.06193509628794727
0.21930072619009625,0.1908644356303237,0.2924425322365453,0.37548493917837805,0.3123841353901366,0.4015922911946814,0.35897149590349287,0.3994120421402782,0.3166761691412604,0.348679548040781,0.3596536031782754,0.3197415425542682,0.38619143082940544,0.2635412775328607,0.3153733211209602,0.319900687833093,0.7933199514115903,0.41898750292700987,0.3221574773662738,0.39877605632582225,0.25607155692702516,0.6108130014624286,0.3160938524916269,0.2912410706605621,0.3320568097214341,0.3559508630681654,0.3268236293709275,0.0007488286558087618,0.44468456884105784,0.10344782753529885,0.2688854418735332,0.34255899852244,0.24390975591689093,0.3528655885383473,0.26863870422599634,0.22836488323546777,0.45212240163405476,0.25428010499034315,0.3959062247834316,0.18124115222201895,0.1390919301204645,0.2695915905586347,0.375934500450725,0.060413825641326614,0.12763171726122008,0.30080187916461415,0.2920780076083009,-0.0646083112029017,0.4388126070415125,0.5627278158919599,-0.13084282574362663,-0.0989688663261082,-0.24192225692087296,-0.05472352534478587,0.24708307642310656,-0.06342776156717315,-0.04687584437742464,-0.2440498016310867,0.12426398541591456
0.21310539152804991,0.3732525529096873,0.3593537299591247,0.5007358889709609,0.3210956586120877,0.4657960538326414,0.3873260192200663,0.5494618224691159,0.3414484669364724,0.3310128351858613,0.3605579746352083,0.2997092635537047,0.4214733995402501,0.2841791027937882,0.32338449142883524,0.31977203079303335,0.41898750292700987,1.2688501203380171,0.3503787886699986,0.3416315416314745,0.42734285296660013,0.4701510896108647,0.6712922698159686,0.3095716674117116,0.43070547501832335,0.5316065954483933,0.32279719221540715,-0.19768792497099236,0.6252677217311785,0.07052519141287829,0.47091253290153645,0.37907367090711297,0.2857847695458648,0.5833698071577271,0.29964859896347995,0.4611192228295809,0.7269019772814382,0.2636470212815611,0.6107447003359667,0.2974684529465967,0.24513310914966532,0.41450185300282233,0.22973446338610523,0.04650130351779212,0.17059155306209603,0.5442399435914257,0.646198930773687,-0.14061713477033372,0.330018611883507,0.6485940758182738,0.25957715130226205,-0.24647912130318977,-0.32622346161107635,-0.26427836108886,0.09605547887226305,-0.012116686185053563,-0.012069773557733256,-0.02045780393219619,-0.06329178621908471
0.18672083833426145,0.16482553971714223,0.35770904687434907,0.31505575193750346,0.49893614332415553,0.5203980194220132,0.18474446983287096,0.4225371634097957,0.385738494925886,0.2502012556835134,0.27047952107829076,0.2940462032059573,0.33975810574375753,0.2747095707908924,0.23678515158570157,0.29614822819110564,0.3221574773662738,0.3503787886699986,0.9383817237426084,0.19199077991547034,0.34220869483961014,0.4924802298662121,0.08744467241298119,0.29710999137652366,0.29386535319160056,0.2997028361685924,0.26467979775343276,0.2761027728746334,0.4681289531365099,0.14777576419619,0.32450872863226726,0.37436643412709075,0.2554346219510201,0.3285159332322564,0.20346116160279398,0.3776048221236929,0.46858133639914223,0.2254537651104454,0.4086258832092102,0.17357510334023712,0.15968624771751194,0.30699030962704466,0.19630001532024763,0.04387162504777094,0.22507115381143872,0.35630091401438496,0.2613940038523996,-0.0018679545637724896,0.24613239708703413,0.2537240574732188,0.042814129673823455,0.22636210093461862,-0.2679378081533881,-0.14621744160749814,0.011145906511050694,-0.06485363883307993,0.08271295792492293,0.0411557549980783,-0.09429217633764009
0.1647075023856262,0.38739866317681393,0.3283135032748012,0.3679305685779901,0.1538695218192471,0.5837999009439695,0.20646622367724743,0.4764187351416833,0.3913909078255442,0.22548778374712694,0.40027804502319586,0.3001582291233606,0.31709179626122225,0.34774341981237855,0.3793369977912983,0.3137217194491377,0.39877605632582225,0.3416315416314745,0.19199077991547034,1.401186742974623,0.23003731441895656,0.10261180222515776,0.13944719970494387,0.4039272764940844,0.33391549882346033,0.3683893848105582,0.4910262662297971,0.23471584714186416,0.23982748145925717,0.3832168886358936,0.4290635703312078,0.4168753759688567,0.3470105646627355,0.42665587445118097,0.2497144729475142,0.3785819170684417,0.6533750369903291,0.6081160626130427,0.6645892143450831,0.3102717153546436,0.26238880651637225,0.34809321497767626,0.4278806754339376,0.12192406597656809,0.2622190239405982,0.4112260244726324,0.370046327670883,0.025539352835777504,0.9107955260797345,0.2405426863412527,-0.29469471158993393,0.10785119360948436,0.1098918745813599,-0.16167518266717654,0.006105705847794065,-0.1473518979173828,0.3617411755243236,0.03574969367721735,-0.2803018284916793
0.16566880458652164,0.21983706800280065,0.25371081856140304,0.3609246714670903,0.32127577220664083,0.31931420795706394,0.3347523425786618,0.33052987691783225,0.3268354016520675,0.19368606452253576,0.29841442500884374,0.26096985610084505,0.31592070844702164,0.23608243058326006,0.2986654031091308,0.2437121745387133,0.25607155692702516,0.42734285296660013,0.34220869483961014,0.23003731441895656,0.8402221914093483,-0.005520853941885596,0.2900980525711779,0.277247049632485,0.3286019116925779,0.2727860616014442,0.22470253722854094,0.12152849269258319,0.5379992762804804,0.3393544942578641,0.3831987678598295,0.31263282837635153,0.23097737111351255,0.44258281139615313,0.5353912486798912,0.5358405830515802,0.6891803205672156,0.2595652925013125,0.21949493448726895,0.33116027496234496,0.3384570677117899,0.6508124625877241,-0.05675762358239433,0.04348436263412039,0.4904719537561952,0.5371712292874368,0.3979440245355727,-0.32423212598317824,-0.10558456829135902,0.19089734313398546,0.03168231630359248,0.05678494862567366,-0.06440990988475837,-0.08311956155173834,-0.09755665821583617,-0.06502536355703735,0.011708464746444311,0.10186946731884232,-0.0992224371145464
0.27008953963760324,0.18229806695518402,0.4515775604501014,0.33061684056544405,0.32574494996520625,0.5351866458776908,0.3532072877298979,0.40551293658896187,0.398188616726468,0.40405699865747746,0.28993071330738013,0.3319093274797255,0.4473151406456346,0.24665340802761537,0.08497207911784195,0.3621073204524044,0.6108130014624286,0.4701510896108647,0.4924802298662121,0.10261180222515776,-0.005520853941885596,2.5643640726794437,0.31687650881374196,0.13947751178852205,0.33507127636808615,0.5418361449786995,0.383019556279989,-0.241916543526361,0.5414386349708338,-0.19495495508284727,0.059583497828611304,0.4905192268199221,0.11217944492929403,0.3444521780494752,0.22721241635030195,-0.24103950014265316,0.15444093029099748,0.13308946247844003,0.41083003996578993,-0.025742438525845075,-0.14456288416974314,0.039328241485651984,1.1207974078345433,0.03350630897924318,-0.02830367992585445,0.0008565205674751405,0.17325122280894947,0.23798845807793903,0.755933861700542,0.4710761125965607,-0.1695772786986329,-0.3150695539925773,-0.2886993304822439,-0.042193986962687155,0.6126459793502937,0.10282122896130666,-0.4074469044403227,-0.5126892279096533,0.20892313651239258
0.15875509844102292,0.12926349415689384,0.15465341026976576,0.43962356330610697,0.2791180056693919,0.23465790712232484,0.3559500908498085,0.3406329558493986,0.17691672651656834,0.27368183102419136,0.24077846206743425,0.20673452381172322,0.3208260772554349,0.2687903087094541,0.2747057493670567,0.26412270918831954,0.3160938524916269,0.6712922698159686,0.08744467241298119,0.13944719970494387,0.2900980525711779,0.31687650881374196,1.5687649059158741,0.42542436274032125,0.488826828996291,0.43561839041682054,0.13014309498761373,-0.8610015119100665,0.7528661884521707,0.1707458447354074,0.1801686390129748,0.20230972579469966,0.34708508505229463,0.5065934254398032,0.2760977806250769,0.36018552858012604,0.6107556814248559,0.08745087375256495,0.6325784446344674,0.3343014930208922,0.014668522426568381,0.299454926270839,0.11451285572806155,0.0987967289523582,0.03513312172083495,0.408762548373975,0.4353262938827443,0.017128325895207904,0.48417916584317516,0.6732800755761604,0.0456396084451224,-0.2626959124097923,-0.1629191916358457,-0.16582230658807567,0.0964380389682745,-0.015401922935004902,-0.22339897424587507,-0.07092638380009592,0.20078933608466143
0.12584565009081755,0.18807078721816567,0.31355454204640676,0.45305463082620834,0.2845556797171358,0.3636240833453103,0.31514984657061546,0.3475733183221078,0.354843384074794,0.2290373236101947,0.309578161172053,0.28666294319085134,0.3150944074178306,0.31007124853341655,0.3115388727143129,0.3020402221943835,0.2912410706605621,0.3095716674117116,0.29710999137652366,0.4039272764940844,0.277247049632485,0.13947751178852205,0.42542436274032125,0.9417412529909293,0.3535221730545523,0.18797377978184407,0.2822888941567531,0.15729710336687683,0.4865805591485908,0.5287899556628777,0.40283953030614644,0.4174662587195932,0.5813751476340612,0.29429839792403756,0.23644158559167047,0.5585223175938151,0.5321084715960892,0.3038171806724016,0.3427886675984674,0.19337502738266288,0.32604342554572535,0.334211813991319,0.07826577622676097,0.09950263408781883,-0.02551562170678587,0.5789815256190292,0.4390429161633628,-0.31304107136491566,0.6050830758055546,0.10192582727834167,-0.07883493337979013,0.08898607218494216,0.08523764359867773,-0.14275181604984336,-0.18347720017681188,-0.13475773435415658,0.3161355794337881,0.18489470850106107,-0.2960991599548051
0.20809163147735274,0.1480476336975083,0.2922040320867591,0.404401716313927,0.3001958876111721,0.3583679612897375,0.34493365335344967,0.3915531894245702,0.2834442298083012,0.32226839112661293,0.30933651042749155,0.3464085568815594,0.3176853643408071,0.3227831042036381,0.42625141676292416,0.34944399050345126,0.3320568097214341,0.43070547501832335,0.29386535319160056,0.33391549882346033,0.3286019116925779,0.33507127636808615,0.488826828996291,0.3535221730545523,0.9439949741759088,0.3242468423150917,0.30846900220088985,-0.12291152805008275,0.7727312012062616,0.30115033283304554,0.31536794852906747,0.33613610983622316,0.251951776282662,0.4981777963021866,0.34722482660592174,0.4435498712266361,0.4817690994150177,0.24597271875099866,0.3521987417508274,0.18860450085485608,0.15682855718081642,0.34717976562924785,0.2220148640229218,0.05833869791392868,0.12423504031908289,0.539472647128697,0.3832199305271912,-0.32075926537898397,0.30248386583098763,-0.34494590282262133,-0.05415253081955838,0.12304713540936023,0.23225398944588757,-0.07725472104275853,0.18487656678043832,0.02861549325487688,0.036334964564759306,-0.14961218291243064,-0.08176096730576775
0.23848441156630168,0.14021710731633943,0.4216979744402405,0.36818262622166537,0.3236770459882239,0.39629487111405864,0.2798287817371923,0.3555808763211874,0.397386353548649,0.34771874455323837,0.3013615746568846,0.2801230623296704,0.40862723397907513,0.30204115226660394,0.2894060387385924,0.30030639343793314,0.3559508630681654,0.5316065954483933,0.2997028361685924,0.3683893848105582,0.2727860616014442,0.5418361449786995,0.43561839041682054,0.18797377978184407,0.3242468423150917,2.9060571957988155,0.24552862583078502,-0.23519468539634344,0.6876177466079771,-0.6142604929258395,0.3086985817199781,0.5952829420243553,0.24903093914202018,0.5320120053891816,0.43578472346237507,0.31245811698925213,0.5495541579269927,0.2803837205247406,0.6090674674201748,0.3734883519776872,0.13807026440782752,0.40232210173522,0.31640817097037377,-0.04185233159869179,0.38167846804949784,0.3331292392897209,-0.01590233983555974,-0.02303257303836789,1.0323488464385684,0.7917355618380492,0.057003727973266125,-0.22661386141105574,-0.4063782710033116,-0.139535613497719,0.5198531098366976,0.09811581232644587,-0.27888047712672404,-0.5386731299061897,0.2541118937802517
0.16165973801153047,0.17920087200397913,0.22377252820707233,0.30054989065214194,0.19873246399890204,0.3764367006833586,0.22450233125526822,0.31247913153975027,0.3022412922702012,0.2383061059452238,0.2872707288734276,0.3006046941633015,0.28576330449594795,0.2757996226342341,0.29745931470601517,0.30684957379666467,0.3268236293709275,0.32279719221540715,0.26467979775343276,0.4910262662297971,0.22470253722854094,0.383019556279989,0.13014309498761373,0.2822888941567531,0.30846900220088985,0.24552862583078502,0.9016177144158047,0.24905092214675145,0.263225039973697,0.25863325336153714,0.34821917309568096,0.3839159574639007,0.2440960575562292,0.30594324958166086,0.29030784158433,0.42875059612649036,0.3449401663036598,0.30711390117910137,0.32072170681730033,0.1651051160617985,0.1964306484072279,0.27154080088338073,0.5146739839618286,0.05127546204819994,0.0877073085205277,0.30776692344363143,0.2861329540689272,-0.05941750405113838,0.5224293415731416,0.09377677524149541,-0.16032600540588232,0.1485405093598006,-0.009365150577674813,-0.06210703289951274,0.16842401029826,-0.0435598526584503,0.19984919215718455,-0.16406719631355188,-0.11565990740839055
-0.06019314611351727,0.26465146200989886,0.3183190165364136,-0.05476159769261467,-0.10326350855227469,0.20850808152680017,-0.12481724646199013,-0.001679456113488272,0.19002676513781497,-0.058173873389018804,0.053647658064496444,0.12841537122954416,-0.039072755464770875,0.026156769086810024,0.07004436759818741,0.06911843749071246,0.0007488286558087618,-0.19768792497099236,0.2761027728746334,0.23471584714186416,0.12152849269258319,-0.241916543526361,-0.8610015119100665,0.15729710336687683,-0.12291152805008275,-0.23519468539634344,0.24905092214675145,3.306080839185036,-0.5045489375069253,0.17783561551744445,0.3890094882957146,0.1887198681060737,0.2662994859822806,-0.1279952444806793,-0.16366943615562216,0.7315614390163541,0.1185744909496349,0.21983933951660717,-0.19194041646017163,-0.12256555452850318,0.5835630632396362,0.15946722676971317,-0.10004831526866027,0.22189076960787835,-0.004289199995805149,0.22330047495786695,-0.030396719019079983,-0.23247056562802687,-0.355621035684878,-0.5858163507209261,-0.2543944728009554,1.141646918437324,-0.3733773557304356,0.013154213038206315,-0.5228242428036127,-0.06770964544584415,0.4374624645573971,0.47042572267756033,-0.4084879405981194
0.2944147319183328,0.24313205545834762,0.5752283938771007,0.4953539749262045,0.4275639874695326,0.48341822292386677,0.4332503968945486,0.4746445467617318,0.40754557002160463,0.44981386589122957,0.41541297188360127,0.42765210264743286,0.5374463944921632,0.37571273598274185,0.4541393107656619,0.4283714497326232,0.44468456884105784,0.6252677217311785,0.4681289531365099,0.23982748145925717,0.5379992762804804,0.5414386349708338,0.7528661884521707,0.4865805591485908,0.7727312012062616,0.6876177466079771,0.263225039973697,-0.5045489375069253,3.110998894505611,0.3395206316559429,0.31379982470308404,0.4922556394856427,0.35154267383016097,0.7016551022089855,0.627014490646309,0.7391293180866202,0.8038291156952135,0.1631754392710372,0.6395802165253186,0.3710683109318553,0.4381893032209401,0.5311563924682922,-0.08112017533075004,-0.07987892608416233,0.22160411241162006,1.0229758675391198,0.5324610789116465,-0.8907522545898525,0.7459587443841204,0.4819181031570987,-0.06609741956308253,0.007009655598399333,-0.2560967930182497,-0.09733283566516025,0.36148659427383234,-0.03509256255590877,-0.19724048026938323,-0.43658714962772815,0.36108737796169965
0.08234918510648148,0.10075742339855358,-0.06691216394838484,0.2434824629551516,0.12454720035955281,0.13919482513403017,0.20607911231972062,0.22069947337713514,0.17256254651658087,0.09007957317169339,0.1820362580519922,0.14189077939250908,0.1258703998705757,0.22432176343009733,0.3460221796088448,0.21322345439295548,0.10344782753529885,0.07052519141287829,0.14777576419619,0.3832168886358936,0.3393544942578641,-0.19495495508284727,0.1707458447354074,0.5287899556628777,0.30115033283304554,-0.6142604929258395,0.25863325336153714,0.17783561551744445,0.3395206316559429,2.5450505356301516,0.3273981466165141,0.13707043284228934,0.34595794967059373,-0.027303523703197344,0.5397783587642407,0.6224656861824078,0.7555217957378011,0.3205415946401865,0.11801369422607794,0.07454428812641523,1.0216124286838162,0.37664329841283906,0.27812671783812387,0.16657977724066803,-0.14513164350884064,0.6215989050247708,1.214863404857794,-0.4938080023921293,0.858362223706278,-0.45101028731290554,0.15572567777164958,-0.2120346651868746,0.5340603368970059,-0.023347992428461622,-0.3002176153774603,-0.1581115973100319,0.25382298934940034,0.6590944003159771,-0.4741696850493664
0.15326511877463814,0.17233950881405577,0.30678510009191584,0.3762155443996874,0.2823313976415989,0.33995926935168663,0.29150012818886634,0.35119228918269996,0.3291075416202887,0.2234393013290649,0.29439003513468465,0.2875149892134898,0.27555190718385136,0.2444818382247258,0.3154838177218945,0.2505281195468,0.2688854418735332,0.47091253290153645,0.32450872863226726,0.4290635703312078,0.3831987678598295,0.059583497828611304,0.1801686390129748,0.40283953030614644,0.31536794852906747,0.3086985817199781,0.34821917309568096,0.3890094882957146,0.31379982470308404,0.3273981466165141,0.9934374979039926,0.39396949431657546,0.36833783057699315,0.35609981282632536,0.30689261863905504,0.8556962938391012,0.6889168134995634,0.3891204406789637,0.525427607467447,0.2626912070137792,0.48964182691307984,0.4228332157416839,-0.07934801839309759,0.08633669196697388,0.23212054978175412,0.7123657722103947,0.40783329650466826,-0.3981890811845218,0.13377869644638352,0.34767249067159606,-0.07775249054040032,0.1314273145745306,-0.09427193938286121,-0.1881871460968236,0.013916641256998954,-0.03617086062250801,0.30292718838676597,-0.018148054261206203,-0.30178621046402515
0.18992213137875924,0.15196267247758366,0.36848609249355435,0.3865112483459938,0.32665897517913717,0.4452370222278252,0.2822612777703099,0.37127540118277397,0.4158672069507902,0.24587617953588067,0.3439525425511073,0.3418608001837581,0.33272680412199246,0.3131575720180072,0.2881878702629332,0.32752777788504694,0.34255899852244,0.37907367090711297,0.37436643412709075,0.4168753759688567,0.31263282837635153,0.4905192268199221,0.20230972579469966,0.4174662587195932,0.33613610983622316,0.5952829420243553,0.3839159574639007,0.1887198681060737,0.4922556394856427,0.13707043284228934,0.39396949431657546,0.8884758733900194,0.166024973025131,0.41625067980833325,0.17522072852908607,0.5502037726159043,0.147926915267504,0.3565363788161032,0.4765802212184436,0.2730675768686717,0.20839043751085826,0.320469865082049,0.23972403660343608,0.04063899264298758,0.14380784119433596,0.5592931537273854,0.29083310730645734,-0.25998763662070834,0.6614139024688235,0.24089500114863688,-0.06832437777180166,0.07418005732187302,-0.06360388128763757,-0.11112523146872899,-0.06718508160760057,-0.14493727089869132,0.9370526894755109,-0.20474699584250852,-0.5878542230621303
0.15548625883095596,0.1657550673295847,0.2442485153917963,0.33579636234719507,0.24506224200811166,0.21082136547561747,0.31521974933251184,0.2796989730377052,0.2828160620522876,0.1553125085900042,0.2383237275957516,0.19894323073505865,0.2852657705537596,0.1848096334643346,0.23082434196134427,0.19073333161549139,0.24390975591689093,0.2857847695458648,0.2554346219510201,0.3470105646627355,0.23097737111351255,0.11217944492929403,0.34708508505229463,0.5813751476340612,0.251951776282662,0.24903093914202018,0.2440960575562292,0.2662994859822806,0.35154267383016097,0.34595794967059373,0.36833783057699315,0.166024973025131,1.8264585803282551,-0.0033037595698606095,-0.20472467895995075,0.3534651195747585,1.031114209206915,0.3215850709974996,0.09649312817309545,-0.02454334594717101,0.1513783135453657,0.34171323078548527,0.10349211257203081,0.11879982290405192,-0.23321897043459697,0.5291375070671889,0.34367936299865603,-0.3593062585859471,0.7952582572551784,0.10897631792709411,-0.009877990058812925,-0.05653758748521282,0.1232844692734397,-0.2611612525597568,-0.059256250192085524,-0.07297598600545237,-0.14041701117150246,0.05682028164662664,0.17929762747026348
0.10902974818644806,0.2234251321278553,0.33204713497604826,0.43925271156408935,0.3757025453016106,0.4308417439692582,0.3464678517651168,0.4277388193067445,0.362477576814067,0.3104372873426658,0.3555884119307667,0.330305252473205,0.4016657354508617,0.29740766580916556,0.3436724833901779,0.34624483196412414,0.3528655885383473,0.5833698071577271,0.3285159332322564,0.42665587445118097,0.44258281139615313,0.3444521780494752,0.5065934254398032,0.29429839792403756,0.4981777963021866,0.5320120053891816,0.30594324958166086,-0.1279952444806793,0.7016551022089855,-0.027303523703197344,0.35609981282632536,0.41625067980833325,-0.0033037595698606095,1.5484317271938608,0.5508299826974874,0.475582821011677,0.635281692780252,0.2807316110801671,0.6057633472828239,0.26410060308479355,-0.09752531281675168,0.4794165419297853,0.24815143788107757,0.06259871054034628,0.1242498240847406,0.43648720404916475,0.34416468438076914,-0.08796821684218406,0.6096039696070383,0.08494703297904677,-0.10177890842181665,-0.07283298669286556,0.1214569278772445,-0.14210141387957312,0.1439659840988417,-0.015119127506014582,-0.0020534925591190645,-0.21703975087632427,0.09935357790310329
