0.4265413759001471,0.17986389496037883,0.08435960547533365,0.05594081909300158,0.087483182883689,0.06514366351242042,0.13777364749332935,0.10126348786097338,0.05526167653891198,0.057066590797414884,0.07377834109903086,0.06492982579637002,0.07175146429804566,0.0782008554122093,0.06593056478541556,0.061226500490344865,0.07141442231722606,0.08183713618927588,0.027362228899530695,0.0689884891335541,0.06834346212117531,0.0953044913158595,0.05957840630610389,0.040954213027076816,0.07424741843864666,0.08059888304650537,0.06180809921277979,0.03831682802427831,0.058924404619575294,0.04163899021406587,0.0646152626641409,0.06761357330756226,0.058204085734776895,0.004974156859010589,0.04133306253926497,0.07245704233554218,0.07727292380454917,0.0853179082252374,0.05438594511185418,0.04724265746733993,0.07876402045754129,0.0628735098295307,0.04841885370500262,0.07164884858122114,0.03110898930147245,0.1001540391440424,0.08411297320357171,-0.00796294143368829,0.033002560548661304,-0.012284767437311564,-0.008911319560663385
0.17986389496037883,7.953210274512125,0.39528070180672203,0.13813851798747812,0.1341190884877024,-0.055608767455848626,0.5260050894951167,0.47320109658264314,0.14666610440382502,0.39356948919892937,0.31374743653693304,0.15027813647356553,0.41647568141703506,-0.00967111686633798,0.6787498723826283,0.3534433685694795,0.2645040978392128,0.5288152461510243,0.5022181058106054,0.1962472455202184,0.5030182972051247,0.4380101307227255,-0.34776103436329914,0.22795229820256252,0.2600082822270205,-0.05984319147641966,0.6034715530231487,0.5739079711879812,0.9067108989808341,0.3520205833252582,0.4866467043852651,0.20417999245257498,0.5433107081749184,0.28292054047879384,0.6102990513429848,0.5979721728919782,1.1562220170519304,0.08661670857186302,0.025468501009331224,0.036715083884627554,0.38567810459466256,0.34954880204860694,0.039395273792834314,-0.1966279402800455,0.23413918496638136,0.6442478794288686,0.447682486110039,-0.28945472452071974,0.1025576116371916,-0.13419180540055803,-0.015484123640697274
0.08435960547533365,0.39528070180672203,2.1821292376445287,0.40904544744957355,-0.38627609337257224,0.33408574092290616,0.17808395717869174,0.4099993046845938,0.46705882513668917,0.4517887642528002,0.3758939112976545,0.3070428988649714,0.34896168279481593,0.2672191302430089,0.311213063415479,0.2439716978827792,0.40130411750732864,0.39355177549722803,0.33256580859041573,0.4389217277069953,0.34516687937554297,0.5699765567656906,0.19091405652412127,0.3377606845614571,0.34952138359003915,0.37506461474930364,0.30176592722555695,0.35559860391404147,0.5138323047687028,0.005228010445201043,0.41885755114781403,0.32928174932281923,0.36602412337516366,0.5927111209918839,0.4021278058119595,0.4320280208987685,0.5788289881914112,0.704879162829635,0.39184911063472566,-0.12590807091842374,0.31703573748465297,0.34718587797135625,0.31743112496112497,0.44106904925729506,0.2679490262565252,0.6505297314858777,0.5933716368075105,-0.1822720210341807,-0.19820234102039688,-0.09747933757702476,-0.04665014968587339
0.05594081909300158,0.13813851798747812,0.40904544744957355,2.423618172397552,0.351667005987553,0.2961042361760748,0.6610192151125777,0.4185661287379776,0.29369630720368906,0.42022052098789586,0.3639560290312593,0.4422679866191107,0.3928935094629442,0.4585606372778081,0.17045952103709344,0.37478088025352774,0.37957340936929956,0.4495764878908246,-0.0025357734278974023,0.40763366605889256,0.3631075634924127,0.37149439338968543,0.40397064491562124,0.3826245838201033,0.3588687833363893,0.4594601464363193,0.3065425354758214,0.2492755002147024,0.26275824865949166,0.2148386970201348,0.35038694494058237,0.40080464979602287,0.3198211621209637,0.5373565548789179,0.2664486863296206,0.33338161518993786,0.3498104999123974,0.5417919891480006,0.3588387413436669,0.20502309201946606,0.367697540049362,0.36021548000184844,0.28405550694862364,0.6729275331698712,0.03922027835071746,0.5331080153958886,0.5570705158535603,-0.026144606062479713,-0.21651183053861917,0.01723062815482437,-0.08255583844836277
0.087483182883689,0.1341190884877024,-0.38627609337257224,0.351667005987553,1.7838811230624223,0.8965098585259146,0.2820850129882652,0.26927454467761547,0.27162716940887865,0.22644749684998716,0.22956658109844558,0.23684934613936498,0.35485665065285016,0.21776271918412482,0.15475886945190295,0.24320616756979532,0.27859305077284985,0.2583398086421807,-0.006916632188409016,0.2628442496825301,0.22927044306598857,0.2717117733854758,0.27327576049165203,0.23197709565490443,0.2017168093292945,0.3866320319079363,0.22042617532245415,0.10867737351512882,0.22053956814244535,-0.01719945436717418,0.17842406867926103,0.2947210635019843,0.11001886423605622,0.41696178887854374,0.12396143697499601,0.043182326727956535,0.13612634126148018,0.32130999472645183,0.2813184997861896,0.25966685346779367,0.02153374537211249,0.2271529111758391,0.18239997082365533,0.3393103794513783,-0.03229569504027427,0.12472570770552319,0.37298691229998676,0.044223367219842435,0.5648989416849561,0.03775170684328839,-0.005590577526770345
0.06514366351242042,-0.055608767455848626,0.33408574092290616,0.2961042361760748,0.8965098585259146,1.1587863593008658,0.0725510392791465,0.39030180631480765,0.40904412490712005,0.2442576853912989,0.29013543732449154,0.2584889456842734,0.3602337170904097,0.2832965609218757,0.17678213322308334,0.2496171017494407,0.37380230652651647,0.3033414059200073,0.10143396770693669,0.3636517661660226,0.28379693932507005,0.423861460026419,0.25370374905028054,0.2752581527580635,0.263626326215681,0.4921848783290127,0.26957078675228746,0.18904826208548836,0.33672535896520533,-0.07489953451296054,0.25521633018029655,0.3544397937197107,0.13505757044425826,0.5250654293930657,0.22468074685408998,0.08584599368998541,0.25023067409222577,0.5058912981471629,0.3587827201838303,0.2065222280232856,0.033368154755050256,0.28901533792819173,0.2765222583427774,0.4332147018748715,0.11931141450202609,0.21773208851329276,0.4852568080134979,-0.008856990465030582,0.5329730383788791,-0.024038731442942985,0.03019429240004281
0.13777364749332935,0.5260050894951167,0.17808395717869174,0.6610192151125777,0.2820850129882652,0.0725510392791465,1.0237692561498328,0.24831775087184194,0.12708373565549944,0.27076398209939667,0.2532465800506814,0.2433895087980026,0.2572458104904923,0.07352703235508015,0.11133979377293673,0.1916629962233196,0.2866230855984608,0.29079967802749923,0.10752598357961535,0.1756131543907063,0.22515876301559515,0.3054304005939935,0.21686722664953134,0.2162186091431698,0.2204572244629171,0.15797045775908053,0.2088601019677753,0.14153397750683636,0.18217301900311483,0.19296085663492749,0.20816707427158326,0.17531129559811348,0.22880590657242048,0.30486961903534116,0.13045654259787662,0.24593639307973647,0.2386608422382122,0.27260341910204766,0.20977131253785977,0.11225314060765178,0.20420269594399623,0.19234441772165797,0.1602152771068145,0.2861704137520786,-0.034005388813741655,0.31670561559296,0.25544257732761877,-0.06238925663981208,0.0012803556751936622,0.01951115998847193,-0.02584972639193368
0.10126348786097338,0.47320109658264314,0.4099993046845938,0.4185661287379776,0.26927454467761547,0.39030180631480765,0.24831775087184194,1.3146852455264062,0.09256001996185002,0.21649203564617073,0.4075495617156356,0.2166625756182651,0.31970335284083584,0.26750726792044766,0.2806797077696933,0.22571843391976015,0.3762181631869587,0.41544497870119257,0.137281760528079,0.4108532401510806,0.3009759943942607,0.2891620260105719,0.22988424689469575,0.2314114716241758,0.3663404279496712,0.6077509512810142,0.35588058026546887,0.01847574934649553,0.33491332890425457,0.008409324792820179,0.2701038212938886,0.30599831069209554,0.1357351813671939,0.47711719103565575,0.21790262829482088,0.18600820163617915,0.2623955672392833,0.37625745781872033,0.3946123247334399,0.149071096131797,0.25032884339402917,0.30017137281995193,0.24020076515052033,0.19452815855359185,-0.03702714676024057,0.3586285481813956,0.5243564138458394,0.029600100609435975,0.3787394247661416,0.027987402820225802,-0.008854834453574935
0.05526167653891198,0.14666610440382502,0.46705882513668917,0.29369630720368906,0.27162716940887865,0.40904412490712005,0.12708373565549944,0.09256001996185002,0.8734967765017903,0.18637446247259598,0.15337939780863424,0.20900208517570698,0.2851408743389254,0.31001960130069384,-0.022693894587664108,0.2694412663493651,0.24771621470222732,0.2642564003606395,-0.010607843603016746,0.24009370062173585,0.23330303163150756,0.38775349087831135,0.21393880094451417,0.24835315638333533,0.15272020792801433,0.2947710515455974,0.19536334719934625,0.22889941809644096,0.23215269046603693,0.11700377637146331,0.24365919545829498,0.2859696429214461,0.20344349986858115,0.3529509838579805,0.21301710508793067,0.2459733937710897,0.269137871411617,0.3890552555953432,0.1804892945513013,0.12703599170230545,0.1294672154643351,0.24661958676693194,0.24255276568969597,0.3344408706744533,0.14419776876920265,0.3165127409645515,0.340700324054375,-0.13007965534331367,-0.11837696077787567,-0.0633910075314611,0.02318517116017275
0.057066590797414884,0.39356948919892937,0.4517887642528002,0.42022052098789586,0.22644749684998716,0.2442576853912989,0.27076398209939667,0.21649203564617073,0.18637446247259598,0.7300321500840712,0.20446675518031332,0.21142902377575512,0.2639599821568095,0.13828251096659494,0.23418701494813635,0.18126415522116712,0.26396687407447694,0.32231465542408416,0.048070411871294884,0.35777498454202394,0.23267064214148034,0.2554273772376994,0.17942572083339622,0.22942263861589285,0.2142010051753305,0.19772092323945065,0.2678573848480772,0.2437726296874778,0.3492584804557718,0.20928527334909622,0.2754805957398567,0.19737118269449277,0.22615266632333847,0.39312613864319046,0.2977559025942974,0.271465075994505,0.3430684366440365,0.31504633352997174,0.2991751519980214,0.10710540762779319,0.33582506263947615,0.23809244760546328,0.16214149380895132,0.27911072518327745,-0.03471754728569967,0.3887787314103612,0.4892131946385283,-0.001608544748342307,0.27041985157056514,-0.024792659812363824,-0.016187018233127595
0.07377834109903086,0.31374743653693304,0.3758939112976545,0.3639560290312593,0.22956658109844558,0.29013543732449154,0.2532465800506814,0.4075495617156356,0.15337939780863424,0.20446675518031332,0.5522550376228125,0.2923595513136476,0.37614486088712656,0.23341604744164654,0.285043041660859,0.22574474095290153,0.3072039971040793,0.28579133705357707,0.08207494390056959,0.32444443743743934,0.2548313953183782,0.2694382469227876,0.18805623859318865,0.2381401005300687,0.24308653450666223,0.33270809985509114,0.28396680596295415,0.17846995210514316,0.3370188298865962,0.07232805878019957,0.2463828652549594,0.2656839636371963,0.18587378144516845,0.34046589685827805,0.2362288269775109,0.25118126933152735,0.26561918888587494,0.29578136242019476,0.25802000408167536,0.14184373951826293,0.2057010277751751,0.2580075715329822,0.19451927845117553,0.1959112478828361,0.051653580048304545,0.3634805666459382,0.3638784424013098,-0.05940166922196971,-0.03591533201483292,-0.017825971580143964,0.005403605596955008
0.06492982579637002,0.15027813647356553,0.3070428988649714,0.4422679866191107,0.23684934613936498,0.2584889456842734,0.2433895087980026,0.2166625756182651,0.20900208517570698,0.21142902377575512,0.2923595513136476,0.7682159524416533,0.24876693996994817,0.30444016825816855,0.12121255342681732,0.2448226393051113,0.24865216504295742,0.2454838191620736,0.0718513988090386,0.2285426068732313,0.20921109697340942,0.16594213757039192,0.18404654330783943,0.1913376924672221,0.2477735464649943,0.40434228422302637,0.281740963303538,0.012366323346149321,0.12215689503647946,-0.056144642003590185,0.2157969608601818,0.31388770177229447,0.13322132530300632,0.3029116785663475,0.10406323942823828,0.08068228947370101,0.20678141617392515,0.3205353961129863,0.15121951533727834,0.11191166833398336,0.1319974853934283,0.2231771949644935,0.1539931707993734,0.2030183276014191,-0.008660684933113246,0.19698392246902569,0.3805357958582274,0.07893661808999805,0.5671546785697598,-0.016736980808840816,-0.001934623158131492
0.07175146429804566,0.41647568141703506,0.34896168279481593,0.3928935094629442,0.35485665065285016,0.3602337170904097,0.2572458104904923,0.31970335284083584,0.2851408743389254,0.2639599821568095,0.37614486088712656,0.24876693996994817,0.7315496949335641,0.21766166225091574,0.15660579016758305,0.27444138409297375,0.2914916673952707,0.3328087033893668,0.15551246783804132,0.28604300662215787,0.2723183392499709,0.4110002603448572,0.21258401080321257,0.27258170399767645,0.24322696875096125,0.2681719022382595,0.30427713008189833,0.23866050393575466,0.4800563578951072,0.13647207526809202,0.26754955013558746,0.30586519102544274,0.2098461304655982,0.4036062824881915,0.32428213178607973,0.3059251772341207,0.286906322053126,0.2972621216350847,0.3304636651016063,0.14649626087834763,0.217810380755898,0.26851716136608367,0.22615514630451242,0.2755699820836782,0.01758504480289385,0.4084581051261705,0.3960222609629965,-0.1132752709124764,0.06899031223363286,-0.012271057358989155,-0.0036716509030289544
0.0782008554122093,-0.00967111686633798,0.2672191302430089,0.4585606372778081,0.21776271918412482,0.2832965609218757,0.07352703235508015,0.26750726792044766,0.31001960130069384,0.13828251096659494,0.23341604744164654,0.30444016825816855,0.21766166225091574,0.6749529285060747,0.15827139096965395,0.34497380586461684,0.22706445381504287,0.15569162499263628,0.11075584365768028,0.2158693684194084,0.22706998337630085,0.2877514373236622,0.17165510470163461,0.23634801695972105,0.2132088165800442,0.3426053516344151,0.17901427704920553,0.1746732970475428,0.18287708150567916,0.07816667649508055,0.2113837301800912,0.3830603548144176,0.1467347314612585,0.27537107054093596,0.1973227333980844,0.16754530353853675,0.23960873777249098,0.32178453059142376,0.15836612077947207,0.12528292495255022,0.18706127717033955,0.24708750418016373,0.23293377932941467,0.26752259592003086,0.05532183363421361,0.24747311600171887,0.3806713914757588,0.005925382481431917,0.3801426676869971,-0.011839751474619908,0.0022136415013831404
0.06593056478541556,0.6787498723826283,0.311213063415479,0.17045952103709344,0.15475886945190295,0.17678213322308334,0.11133979377293673,0.2806797077696933,-0.022693894587664108,0.23418701494813635,0.285043041660859,0.12121255342681732,0.15660579016758305,0.15827139096965395,0.9193673531795704,0.07426846930508017,0.21400667664177953,0.13790668885062973,0.18083462910077502,0.16965575536153865,0.17660042673834228,0.13450182253568904,0.102393285521997,0.19298670721265057,0.24258859614826686,0.16644383894401613,0.20553173256168894,0.24795422326772842,0.3030735512756746,0.14808105123845475,0.16676774542755277,0.14343624116726636,0.21493520329086047,0.24365737481705455,0.21785392795983471,0.20412635359276932,0.23993214143233238,0.1246805703485707,0.17712025342717516,0.04297950810649596,0.16573234551050026,0.15966965556513152,0.10080335582048434,0.13505648139280738,0.002138551254119408,0.26661888602440587,0.26482691797896857,-0.02746174167858803,0.03666577089978312,-0.07868225337929971,0.023458622052585396
0.061226500490344865,0.3534433685694795,0.2439716978827792,0.37478088025352774,0.24320616756979532,0.2496171017494407,0.1916629962233196,0.22571843391976015,0.2694412663493651,0.18126415522116712,0.22574474095290153,0.2448226393051113,0.27444138409297375,0.34497380586461684,0.07426846930508017,0.8964577728880242,0.28047907756945095,0.2583394195192726,0.27187936998547574,0.2349481932646859,0.2554033284226371,0.4037248981852068,0.1327261445256655,0.2547766774205391,0.26584899202593837,0.21879669452174813,0.25679533031232,0.2675018753810348,0.30523958910243887,0.20506269564437735,0.2759142812482417,0.34819292640138716,0.15486400652106475,0.3750602096724876,0.41617067863988844,0.22519114989209446,0.4148116843846954,0.3469928980919264,0.2841438905166156,0.18972656907212362,0.2280607130918186,0.3523023313824656,0.2824725960006246,0.300890975464214,0.17287325819433635,0.322848143517787,0.423077670602778,-0.053861427845184266,0.2738505084162514,-0.022047978019302215,-0.0030604986081451836
0.07141442231722606,0.2645040978392128,0.40130411750732864,0.37957340936929956,0.27859305077284985,0.37380230652651647,0.2866230855984608,0.3762181631869587,0.24771621470222732,0.26396687407447694,0.3072039971040793,0.24865216504295742,0.2914916673952707,0.22706445381504287,0.21400667664177953,0.28047907756945095,0.7143560485503456,0.27461570202916646,0.18724384075481362,0.2886805743947507,0.2753924572125393,0.5719001559660255,0.24442113251609637,0.2723215323703281,0.31327285915243536,0.20724914866154964,0.3029582519524776,0.25729628456183906,0.3228895357889243,0.12408372183954496,0.28844725674880795,0.27555437837822744,0.2798364483198134,0.3853994316462721,0.26234182945588375,0.28112440107171416,0.44605319715022795,0.4126744645562274,0.2834422301064286,0.16722643158893272,0.17548774303095915,0.2662836916731398,0.2838282529181688,0.33207171637671107,0.15977881449888512,0.38845902415631983,0.5119787967137178,-0.14252020749886785,0.1995717716241396,-0.06207288525201556,-0.0007768012335288471
0.08183713618927588,0.5288152461510243,0.39355177549722803,0.4495764878908246,0.2583398086421807,0.3033414059200073,0.29079967802749923,0.41544497870119257,0.2642564003606395,0.32231465542408416,0.28579133705357707,0.2454838191620736,0.3328087033893668,0.15569162499263628,0.13790668885062973,0.2583394195192726,0.27461570202916646,0.9132782016651464,0.03862413453229096,0.27727180179602595,0.28933118890098947,0.3774054346434154,0.41634033124630104,0.26365335621154257,0.3032540541495984,0.3189893894429847,0.24054509598508508,0.22605933888458454,0.39292153539245717,0.11470558765554151,0.3341750604026085,0.24441907854806788,0.23920687204679525,0.4912896808362739,0.3098295108904915,0.4050160802328293,0.3304745731170882,0.31969205193678685,0.36907640444322365,0.1577404818067191,0.2794276852024668,0.2718778236878931,0.23753238699156357,0.33895487136676966,0.001092498282327524,0.4465022046930464,0.44073005977054025,-0.11197793019454552,0.06307202602049768,-0.07534228379275142,-0.01066747757167922
0.027362228899530695,0.5022181058106054,0.33256580859041573,-0.0025357734278974023,-0.006916632188409016,0.10143396770693669,0.10752598357961535,0.137281760528079,-0.010607843603016746,0.048070411871294884,0.08207494390056959,0.0718513988090386,0.15551246783804132,0.11075584365768028,0.18083462910077502,0.27187936998547574,0.18724384075481362,0.03862413453229096,1.4829585069988978,-0.34135949790278236,0.1483256068387994,0.46706539119793866,-0.15827308615024527,0.15105241859874893,0.23915286572208921,-0.12004049649280833,0.12144300266143153,0.23429551538201193,0.12406079902784053,0.2443826584886279,0.16200246610388133,0.12514911147048835,0.2919199777217253,0.10958487376620979,0.18293413449177198,0.06821430591493508,0.3136535123597736,0.32058492033096236,0.34631584738392546,-0.1081954107085727,0.0014152339909644712,0.05331891719583875,0.22453684902007942,0.1787033514332348,0.10418295913063381,0.12833360802414168,0.12879746738718348,-0.030450585786849053,0.21594258134866473,-0.0403765842073038,-0.019494138980414327
0.0689884891335541,0.1962472455202184,0.4389217277069953,0.40763366605889256,0.2628442496825301,0.3636517661660226,0.1756131543907063,0.4108532401510806,0.24009370062173585,0.35777498454202394,0.32444443743743934,0.2285426068732313,0.28604300662215787,0.2158693684194084,0.16965575536153865,0.2349481932646859,0.2886805743947507,0.27727180179602595,-0.34135949790278236,1.7662058872725415,0.35815663197494046,-0.12176148460331612,-0.06481431260312698,0.24628851176530664,0.1514358132176978,0.6503548686035152,0.4264923165215678,0.32784714908320967,0.34151698712394213,0.23982589968019108,0.4748766069246547,0.2794263907207048,0.1971723184478141,0.5513499574427626,0.5159645698060794,0.24287333457110424,0.7449750624249344,0.4897100226354222,0.6209700343400077,0.38584243211534913,0.7155965531747346,0.6091243879234907,0.2113829803483207,0.054806255635241705,0.1639702537091359,0.5666318168344007,0.601296379769375,0.33638006693554723,0.6350409034799033,-0.003650212313772213,-0.03876263832124972
0.06834346212117531,0.5030182972051247,0.34516687937554297,0.3631075634924127,0.22927044306598857,0.28379693932507005,0.22515876301559515,0.3009759943942607,0.23330303163150756,0.23267064214148034,0.2548313953183782,0.20921109697340942,0.2723183392499709,0.22706998337630085,0.17660042673834228,0.2554033284226371,0.2753924572125393,0.28933118890098947,0.1483256068387994,0.35815663197494046,0.609997549775862,0.28947728394562655,0.13369805335490495,0.25538254935232263,0.20711843089725418,0.42104891930836297,0.2609305344917662,0.3324460894435057,0.2869125913707917,0.18497600228148975,0.3656211645700262,0.3051868500165934,0.3038718762514477,0.333587168112137,0.28649747635358574,0.3787319701612213,0.36494668320090123,0.4421726839765145,0.32320835122288116,0.23639428680915303,0.4693733794247609,0.3885125695780091,0.24230413267249595,0.3063432131211508,0.0505363702917113,0.4676826320943548,0.4756873860100856,-0.005862113393743029,0.17340629527246032,-0.006337339026636799,-0.013726943305010763
0.0953044913158595,0.4380101307227255,0.5699765567656906,0.37149439338968543,0.2717117733854758,0.423861460026419,0.3054304005939935,0.2891620260105719,0.38775349087831135,0.2554273772376994,0.2694382469227876,0.16594213757039192,0.4110002603448572,0.2877514373236622,0.13450182253568904,0.4037248981852068,0.5719001559660255,0.3774054346434154,0.46706539119793866,-0.12176148460331612,0.28947728394562655,2.3183085718941228,0.3228916098980137,0.3505384507044077,0.24116673324417703,0.019822444803484048,0.35819972136763834,0.3490039188979839,0.5142430339559381,0.14217373348434675,0.344502672710275,0.4909280080636265,0.47296751886997496,0.40940524806985423,0.1322868326334131,0.5767945856801591,0.3166450440053732,0.6245034206814682,0.39338001659301064,0.17391116211129545,-0.1113593891892472,0.23361752030654842,0.5911846318863516,0.4799347754434396,0.15397917147144627,0.5085925883044493,0.4634380932035297,-0.8418992684728682,0.3955925569644416,-0.12268781415123434,0.030486127313852654
0.05957840630610389,-0.34776103436329914,0.19091405652412127,0.40397064491562124,0.27327576049165203,0.25370374905028054,0.21686722664953134,0.22988424689469575,0.21393880094451417,0.17942572083339622,0.18805623859318865,0.18404654330783943,0.21258401080321257,0.17165510470163461,0.102393285521997,0.1327261445256655,0.24442113251609637,0.41634033124630104,-0.15827308615024527,-0.06481431260312698,0.13369805335490495,0.3228916098980137,1.319529281143023,0.28191788007286556,0.38912059697455387,0.08348858599463936,0.019377874206453448,-0.10373640796911057,0.21607067560362478,0.14854846695271393,0.06835697901284979,0.15266569834705504,0.177608554367145,0.3831101809479069,-0.06274847274688351,0.28735060446517424,-0.026798476997874503,0.2227801639249466,0.3948708814455708,0.1691395759773794,0.13930302119927268,0.08052663943561672,0.23014251004912684,0.7635438904217057,-0.16350169011906407,0.29578723532550155,0.3955437743882386,-0.020906297886586492,-0.0600354635120704,-0.006243845152543395,-0.01386503059891355
0.040954213027076816,0.22795229820256252,0.3377606845614571,0.3826245838201033,0.23197709565490443,0.2752581527580635,0.2162186091431698,0.2314114716241758,0.24835315638333533,0.22942263861589285,0.2381401005300687,0.1913376924672221,0.27258170399767645,0.23634801695972105,0.19298670721265057,0.2547766774205391,0.2723215323703281,0.26365335621154257,0.15105241859874893,0.24628851176530664,0.25538254935232263,0.3505384507044077,0.28191788007286556,0.6419210053155039,0.27460472758587556,0.22982927512438164,0.23904085533153427,0.2942772287094929,0.20523544310289243,0.40939695887974187,0.25939993081980256,0.3124701327752106,0.48005805836899296,0.2496348781028976,0.17697732819132542,0.3114617522141,0.3922463616274132,0.38655901414333377,0.11783353987151636,0.08709589168029797,0.2132518535785817,0.2712382746772604,0.23436488142614248,0.3785618381179964,0.034153821759472576,0.40652327050968734,0.393160447678,-0.08760395403617055,0.06060286711508549,-0.04821812927548365,-0.009400380192800201
0.07424741843864666,0.2600082822270205,0.34952138359003915,0.3588687833363893,0.2017168093292945,0.263626326215681,0.2204572244629171,0.3663404279496712,0.15272020792801433,0.2142010051753305,0.24308653450666223,0.2477735464649943,0.24322696875096125,0.2132088165800442,0.24258859614826686,0.26584899202593837,0.31327285915243536,0.3032540541495984,0.23915286572208921,0.1514358132176978,0.20711843089725418,0.24116673324417703,0.38912059697455387,0.27460472758587556,1.1843185458182857,0.2182592697775062,0.20851327404886122,0.13167541601126148,0.31105425506516793,0.23044944789772354,0.2117227373702466,0.22516799498740248,0.20551643406989345,0.5155764161715832,0.28936897198970524,0.1614683329516075,0.314126682484223,0.4312326471229704,0.31028158221831664,0.09170281111341352,0.13168579069010958,0.2118934134797482,0.2623910321665447,0.4298719053110235,0.03204540074433107,0.4286403531066684,0.46087680664345326,-0.04478980326213129,0.03162859588303098,-0.03733333422815261,-0.014191931665819224
0.08059888304650537,-0.05984319147641966,0.37506461474930364,0.4594601464363193,0.3866320319079363,0.4921848783290127,0.15797045775908053,0.6077509512810142,0.2947710515455974,0.19772092323945065,0.33270809985509114,0.40434228422302637,0.2681719022382595,0.3426053516344151,0.16644383894401613,0.21879669452174813,0.20724914866154964,0.3189893894429847,-0.12004049649280833,0.6503548686035152,0.42104891930836297,0.019822444803484048,0.08348858599463936,0.22982927512438164,0.2182592697775062,2.655629987453092,0.33445043357369114,0.2529780298060794,-0.11138181821847891,-0.4615278464044928,0.2861972872843097,0.5318558473050023,0.033392971603196674,0.5726737425774504,0.3014079031089508,0.08856143734104968,-0.11784552454500298,0.49991095705400757,0.3325417750222347,0.30344654509361907,0.4291553761399755,0.5718614131072337,0.1696143368399305,0.247763492785054,-0.18379254494915123,0.2704315623956904,0.4082399980390098,0.2880879032139513,0.554178767669193,-0.09994609204110194,0.001170711286906701
0.06180809921277979,0.6034715530231487,0.30176592722555695,0.3065425354758214,0.22042617532245415,0.26957078675228746,0.2088601019677753,0.35588058026546887,0.19536334719934625,0.2678573848480772,0.28396680596295415,0.281740963303538,0.30427713008189833,0.17901427704920553,0.20553173256168894,0.25679533031232,0.3029582519524776,0.24054509598508508,0.12144300266143153,0.4264923165215678,0.2609305344917662,0.35819972136763834,0.019377874206453448,0.23904085533153427,0.20851327404886122,0.33445043357369114,0.9668085989163633,0.33978117223537296,0.26366885713086013,0.14521501739515014,0.3676253403097728,0.2868969829423053,0.3298747412181288,0.3350703048864872,0.3288872256870047,0.28789626941468804,0.4707537346263705,0.4355113455600754,0.20054688943512797,0.18338829598860887,0.33239085084841524,0.3165935081688338,0.2577127090834263,0.14133105230361365,0.02249401514153876,0.47769581177447984,0.40611238928129934,-0.03813325175330153,0.19590131664262675,-0.0005639466607460943,0.006529193207932754
0.03831682802427831,0.5739079711879812,0.35559860391404147,0.2492755002147024,0.10867737351512882,0.18904826208548836,0.14153397750683636,0.01847574934649553,0.22889941809644096,0.2437726296874778,0.17846995210514316,0.012366323346149321,0.23866050393575466,0.1746732970475428,0.24795422326772842,0.2675018753810348,0.25729628456183906,0.22605933888458454,0.23429551538201193,0.32784714908320967,0.3324460894435057,0.3490039188979839,-0.10373640796911057,0.2942772287094929,0.13167541601126148,0.2529780298060794,0.33978117223537296,1.2322733311424885,0.2620934163070039,0.49589072240714316,0.4243940188836444,0.19759773246110907,0.5606435803452873,0.2955626344490502,0.6538476629614757,0.4868679615522854,0.6282730726897846,0.4125781032938962,0.1685020257586635,0.14200215445968087,0.4946082578263584,0.3426178019224953,0.2632967604303796,0.5203613378066991,0.12696470133465554,0.5223193347642826,0.32177552412091515,-0.06773340098013023,-0.056665475020699164,-0.08728831037293504,0.014799983535957243
0.058924404619575294,0.9067108989808341,0.5138323047687028,0.26275824865949166,0.22053956814244535,0.33672535896520533,0.18217301900311483,0.33491332890425457,0.23215269046603693,0.3492584804557718,0.3370188298865962,0.12215689503647946,0.4800563578951072,0.18287708150567916,0.3030735512756746,0.30523958910243887,0.3228895357889243,0.39292153539245717,0.12406079902784053,0.34151698712394213,0.2869125913707917,0.5142430339559381,0.21607067560362478,0.20523544310289243,0.31105425506516793,-0.11138181821847891,0.26366885713086013,0.2620934163070039,2.3113041333646547,-0.009264833359405278,0.21418601737372917,0.24370449920411894,0.06554303132786801,0.656689640416752,0.47470669860279546,0.7923624478607574,0.16689499978816638,-0.4246530034203249,0.45713954117573974,0.08593657217816396,0.26715271580630406,0.23125325225889304,-0.12310668524643635,-0.31084562988529885,-0.19123948893024287,0.6510703661946001,0.4437016837650129,-0.5360792605502521,0.20031022618067595,-0.10349208904369864,0.010903889296766873
0.04163899021406587,0.3520205833252582,0.005228010445201043,0.2148386970201348,-0.01719945436717418,-0.07489953451296054,0.19296085663492749,0.008409324792820179,0.11700377637146331,0.20928527334909622,0.07232805878019957,-0.056144642003590185,0.13647207526809202,0.07816667649508055,0.14808105123845475,0.20506269564437735,0.12408372183954496,0.11470558765554151,0.2443826584886279,0.23982589968019108,0.18497600228148975,0.14217373348434675,0.14854846695271393,0.40939695887974187,0.23044944789772354,-0.4615278464044928,0.14521501739515014,0.49589072240714316,-0.009264833359405278,2.619411510667265,0.34073898843966244,0.01808601756756492,0.5250642800455194,-0.098744215682861,0.5579205403042409,0.5203347240874547,0.5386477085804381,0.6092169387857741,0.2215801924703255,0.00649012012883514,0.7373040720439279,0.1802200186109854,0.6347356782751286,0.6463604281428353,0.09617287367895504,0.5972268734757613,0.3340341935077875,0.08480018935219837,-0.00040627218223780205,0.056080599716650095,-0.007257118000256309
0.0646152626641409,0.4866467043852651,0.41885755114781403,0.35038694494058237,0.17842406867926103,0.25521633018029655,0.20816707427158326,0.2701038212938886,0.24365919545829498,0.2754805957398567,0.2463828652549594,0.2157969608601818,0.26754955013558746,0.2113837301800912,0.16676774542755277,0.2759142812482417,0.28844725674880795,0.3341750604026085,0.16200246610388133,0.4748766069246547,0.3656211645700262,0.344502672710275,0.06835697901284979,0.25939993081980256,0.2117227373702466,0.2861972872843097,0.3676253403097728,0.4243940188836444,0.21418601737372917,0.34073898843966244,0.9271251788384403,0.2768553303381874,0.3769242910200181,0.3897602845429068,0.45361798697000677,0.536318439921258,0.6725768729345591,0.5942666101276087,0.40595954856055205,0.15710517677578403,0.543329719802,0.36039884340464706,0.26778521664485777,0.3302211045302924,0.10681165323675597,0.5964208631976688,0.5276439989367546,-0.04426681729514773,0.2115607783464341,-0.04007594972246968,-0.01797993941728902
0.06761357330756226,0.20417999245257498,0.32928174932281923,0.40080464979602287,0.2947210635019843,0.3544397937197107,0.17531129559811348,0.30599831069209554,0.2859696429214461,0.19737118269449277,0.2656839636371963,0.31388770177229447,0.30586519102544274,0.3830603548144176,0.14343624116726636,0.34819292640138716,0.27555437837822744,0.24441907854806788,0.12514911147048835,0.2794263907207048,0.3051868500165934,0.4909280080636265,0.15266569834705504,0.3124701327752106,0.22516799498740248,0.5318558473050023,0.2868969829423053,0.19759773246110907,0.24370449920411894,0.01808601756756492,0.2768553303381874,0.7063975281031752,0.15449332457365497,0.35663471738560326,0.1950243924069166,0.26501607897218776,0.21932988952503507,0.37581387828960094,0.20440984417964533,0.1553077350772558,0.2257721318151804,0.32820530259661246,0.22544323296710872,0.22132951031743311,-0.0037271680062981967,0.3634427362182585,0.45065580258963933,-0.0775791646581642,0.42282458652626015,-0.03658896156338799,-0.0005275359417400097
0.058204085734776895,0.5433107081749184,0.36602412337516366,0.3198211621209637,0.11001886423605622,0.13505757044425826,0.22880590657242048,0.1357351813671939,0.20344349986858115,0.22615266632333847,0.18587378144516845,0.13322132530300632,0.2098461304655982,0.1467347314612585,0.21493520329086047,0.15486400652106475,0.2798364483198134,0.23920687204679525,0.2919199777217253,0.1971723184478141,0.3038718762514477,0.47296751886997496,0.177608554367145,0.48005805836899296,0.20551643406989345,0.033392971603196674,0.3298747412181288,0.5606435803452873,0.06554303132786801,0.5250642800455194,0.3769242910200181,0.15449332457365497,1.4293176674798618,0.032150673526485825,-0.09845995913656985,0.3145345726641185,0.9533634880482583,0.5951162041611444,-0.14229713392581878,0.04000228069160881,0.11172351017726853,0.3215041558769927,0.28233143330718014,0.46798854628980735,0.1286181858670205,0.5213958026850452,0.46813169901357893,-0.1689754136775153,-0.06807927352511411,-0.049689380406019036,-0.04242711969455391
0.004974156859010589,0.28292054047879384,0.5927111209918839,0.5373565548789179,0.41696178887854374,0.5250654293930657,0.30486961903534116,0.47711719103565575,0.3529509838579805,0.39312613864319046,0.34046589685827805,0.3029116785663475,0.4036062824881915,0.27537107054093596,0.24365737481705455,0.3750602096724876,0.3853994316462721,0.4912896808362739,0.10958487376620979,0.5513499574427626,0.333587168112137,0.40940524806985423,0.3831101809479069,0.2496348781028976,0.5155764161715832,0.5726737425774504,0.3350703048864872,0.2955626344490502,0.656689640416752,-0.098744215682861,0.3897602845429068,0.35663471738560326,0.032150673526485825,2.0240755231457626,0.7682504497457854,0.24003950346700856,0.3893682795966628,0.4363308222973704,0.8822337568135955,0.0007704621022132618,0.2056641827046392,0.39899595044046077,0.3383418337403919,0.5000374197838366,-0.3831093450342367,0.3756732050300192,0.7805302823864118,-0.031927685304330704,0.8320676798797553,-0.11582419703952399,-0.011662472167729965
0.04133306253926497,0.6102990513429848,0.4021278058119595,0.2664486863296206,0.12396143697499601,0.22468074685408998,0.13045654259787662,0.21790262829482088,0.21301710508793067,0.2977559025942974,0.2362288269775109,0.10406323942823828,0.32428213178607973,0.1973227333980844,0.21785392795983471,0.41617067863988844,0.26234182945588375,0.3098295108904915,0.18293413449177198,0.5159645698060794,0.28649747635358574,0.1322868326334131,-0.06274847274688351,0.17697732819132542,0.28936897198970524,0.3014079031089508,0.3288872256870047,0.6538476629614757,0.47470669860279546,0.5579205403042409,0.45361798697000677,0.1950243924069166,-0.09845995913656985,0.7682504497457854,2.1156916888328174,0.16617295714063904,0.8907467344271198,0.11645951552848312,0.5326823533388143,0.2149226301920834,0.42020759217584996,0.3797180349965434,0.299114649613962,0.2570172571527549,0.4189991255088315,0.4404153870703953,0.5510401381894058,0.1486931790136909,0.7058310031700914,-0.14504809602345434,0.015608865829993197
0.07245704233554218,0.5979721728919782,0.4320280208987685,0.33338161518993786,0.043182326727956535,0.08584599368998541,0.24593639307973647,0.18600820163617915,0.2459733937710897,0.271465075994505,0.25118126933152735,0.08068228947370101,0.3059251772341207,0.16754530353853675,0.20412635359276932,0.22519114989209446,0.28112440107171416,0.4050160802328293,0.06821430591493508,0.24287333457110424,0.3787319701612213,0.5767945856801591,0.28735060446517424,0.3114617522141,0.1614683329516075,0.08856143734104968,0.28789626941468804,0.4868679615522854,0.7923624478607574,0.5203347240874547,0.536318439921258,0.26501607897218776,0.3145345726641185,0.24003950346700856,0.16617295714063904,2.1918761218185576,0.007925922076636366,-0.08355499883761972,0.23000455720929783,0.16514865325739653,0.7338131012080896,0.2918475794225772,0.047963535080417785,-0.33772495612427295,-0.33921012787809673,1.1282287783009803,-0.17624212871206799,-0.9806404500483064,-1.2682890893196719,-0.1154089019479696,-0.026832997501406053
0.07727292380454917,1.1562220170519304,0.5788289881914112,0.3498104999123974,0.13612634126148018,0.25023067409222577,0.2386608422382122,0.2623955672392833,0.269137871411617,0.3430684366440365,0.26561918888587494,0.20678141617392515,0.286906322053126,0.23960873777249098,0.23993214143233238,0.4148116843846954,0.44605319715022795,0.3304745731170882,0.3136535123597736,0.7449750624249344,0.36494668320090123,0.3166450440053732,-0.026798476997874503,0.3922463616274132,0.314126682484223,-0.11784552454500298,0.4707537346263705,0.6282730726897846,0.16689499978816638,0.5386477085804381,0.6725768729345591,0.21932988952503507,0.9533634880482583,0.3893682795966628,0.8907467344271198,0.007925922076636366,3.776767034989718,0.7632405602424054,-0.5940870005369849,0.1484085531233963,0.34480635761383543,0.5424171471719387,0.6026168294058428,0.46467006088427243,1.7374037293751858,0.5026008822386434,1.1144537379689134,0.30182247862155115,1.1134540560888342,-0.07276857119737304,-0.024891667724016974
0.0853179082252374,0.08661670857186302,0.704879162829635,0.5417919891480006,0.32130999472645183,0.5058912981471629,0.27260341910204766,0.37625745781872033,0.3890552555953432,0.31504633352997174,0.29578136242019476,0.3205353961129863,0.2972621216350847,0.32178453059142376,0.1246805703485707,0.3469928980919264,0.4126744645562274,0.31969205193678685,0.32058492033096236,0.4897100226354222,0.4421726839765145,0.6245034206814682,0.2227801639249466,0.38655901414333377,0.4312326471229704,0.49991095705400757,0.4355113455600754,0.4125781032938962,-0.4246530034203249,0.6092169387857741,0.5942666101276087,0.37581387828960094,0.5951162041611444,0.4363308222973704,0.11645951552848312,-0.08355499883761972,0.7632405602424054,3.2761889358258833,0.38765397168263654,0.4480453734474739,0.40870919382965726,0.45518807263442274,1.0345621789668342,1.4523826252813172,0.7630695449031052,0.480497866956682,1.1108120676211455,0.2747187307201553,-0.2876072259698043,0.037264682277974234,-0.0041511679919626066
0.05438594511185418,0.025468501009331224,0.39184911063472566,0.3588387413436669,0.2813184997861896,0.3587827201838303,0.20977131253785977,0.3946123247334399,0.1804892945513013,0.2991751519980214,0.25802000408167536,0.15121951533727834,0.3304636651016063,0.15836612077947207,0.17712025342717516,0.2841438905166156,0.2834422301064286,0.36907640444322365,0.34631584738392546,0.6209700343400077,0.32320835122288116,0.39338001659301064,0.3948708814455708,0.11783353987151636,0.31028158221831664,0.3325417750222347,0.20054688943512797,0.1685020257586635,0.45713954117573974,0.2215801924703255,0.40595954856055205,0.20440984417964533,-0.14229713392581878,0.8822337568135955,0.5326823533388143,0.23000455720929783,-0.5940870005369849,0.38765397168263654,3.308206519372563,0.3246904660552105,0.31378498673598715,0.23988003793445828,0.2963167143135548,0.44041559177179435,-0.3409659111888478,0.36911026705840017,0.41516980533433,-0.0791231353504332,0.28397624397881327,-0.09522868472716964,-0.03813851708028147
