0.9473646014485417,0.14985849523518707,0.21170312672954403,-0.008192793768656866,0.11635961670684841,0.05843176385678868,0.2808927315891306,0.006000557882506933,0.08996656464120596,0.12316157501509131,0.10689753754274729,0.17038166900894375,0.046883880557851754,0.2154214690194833,0.10816802699805464,0.13032280967733856,0.10021915219211211,0.1256001599848461,0.0769451073623299,0.030881479400175132,0.12033597663602026,0.11977093990513804,0.0729945503682845,0.07975216679203177,0.07613392753104686,-0.0302180615556793,0.14906594684641805,0.008199319553236781,0.19591441474964874,0.10545561183842012,0.12628405932338688,0.091377999580791,0.11158524825227863,-0.11157340205082511,0.1026994073715408,0.06409565517259228,0.10960257086420312,0.2216377761187676,-0.03168531303333002,0.07982882362836287,0.17133203742472047,0.11766729286687012,0.17895645519590647,0.035371723873982866,0.08648150940359706,0.3332488518878844,0.09223166852086485,0.1318651535590055,0.13129494055955787,0.0061646037369483975,0.004193021446581422,-0.07626310455517034,-0.0029913253075411045,0.06587769770837434,-0.04570394272611765,-0.07049986992526786,0.03135691304966617,0.7781877573639022,-0.7608269325991015
0.14985849523518707,3.400737430791709,0.43245999705775645,0.09866879908487815,0.134666778895542,0.137368671040232,0.3386250636850252,0.1694190828770745,0.2929466075960603,0.31151066769259883,0.20377494120687045,0.23966929596174516,0.15031030837076714,-0.09999804672953497,0.4050111987467983,0.018298042765461944,0.1921560932797426,0.4773864281753414,0.1271818691124267,0.1729936968690667,0.3181485819784563,0.19865506042709444,-0.14468167855881345,-0.34339419165358975,0.15784570639004897,0.15344444261346005,0.7269596650165097,0.28558779793072675,0.5824141974100867,-0.19937799771354872,0.19149864618244802,0.17876861540741315,0.2695510773901829,0.1338734911750649,0.20515537397899422,0.27047303946486556,0.5590228028803189,0.17182063096577277,0.06665530485892343,0.1211229286019496,0.33334628745599226,0.3176355706209962,0.020389145589964262,0.02598444470270519,0.24569948100022182,0.41925856966194874,-0.0004281108091664608,0.10963400289541994,-0.11303557117316995,0.03525548078662429,0.21663198639936898,0.14458411717210293,-0.3258807460856558,0.01587956434745058,-0.15235453308147326,0.07145221701070295,-0.04772976945496191,-0.1496298531635911,0.3377595444017368
0.21170312672954403,0.43245999705775645,1.5735051561327138,0.23431048227539517,-0.06010072254894909,0.39313042896225736,0.2782992326181912,0.2733829111431326,0.388246287527574,0.3384219459845917,0.3390038061341893,0.28037579925406764,0.22388394427509414,0.0808614026022319,0.3067031792773181,0.16589635974163333,0.3666841361724767,0.28769320231901474,0.18354893036390707,0.2964296733105078,0.28890739722996267,0.3286779114807921,0.24843674774881636,0.21217099748921095,0.2336548320535774,0.1802007772373378,0.15442183109036003,0.24320946781956276,0.6563627490634116,-0.5573234841187414,0.24430893472729387,0.21822907807601521,0.17329063058686114,0.34568818838957266,0.29261288527086093,0.4493867568113297,0.4103085832680964,0.40408258613996545,0.27465800508005284,0.02128297112472604,0.28491292485146064,0.32060865981125714,-0.011776927404425663,0.1882220702207467,0.15188730763209934,0.5610586290140489,0.06976180897779992,0.026959842761934166,-0.45093219158124676,0.18007133594873956,-0.07560782385494492,0.18513837223367144,-0.10961463466116891,-0.1794561758358565,-0.25110973885443016,-0.020135589363135566,-0.08335032028819701,-0.5555031092471818,0.7504599491113219
-0.008192793768656866,0.09866879908487815,0.23431048227539517,1.2058764155559907,0.2927120759543353,0.3219479370145086,0.3300252233332023,0.26733065610136564,0.2638098863753133,0.22929188932857575,0.24756625593092765,0.34216761791417066,0.18282202741628745,0.3616650468301549,0.27119263032639995,0.3309908387585218,0.21988918548196063,0.3048017194217566,0.23150108686767545,0.2354825957155004,0.23138980905939008,0.29619808586309876,0.3194780563921611,0.23947667624850483,0.28687106663306067,0.2248752968871469,0.1570336270263055,0.03155079643394845,0.3479853188778122,0.09702076104132648,0.2064800373114438,0.18090315014531239,0.12958421128755085,0.33502657970930594,0.008877763017653554,0.2488323406859462,0.31443977232313747,0.3066746249035281,0.2559243959816881,0.12751102323255226,0.1939165309429997,0.2256491797624852,0.39447072423171975,0.12398586627942157,0.12842766007437448,0.2330541935286666,0.2628655470053932,0.08745568125270987,0.2337669942238465,0.007875796910553267,-0.08540190670238951,0.05428118349822482,0.06271709980868083,-0.04519914993878557,-0.04023479137346445,0.06944437792806835,-0.3216495953811708,0.46434774392044276,-0.28809603091184793
0.11635961670684841,0.134666778895542,-0.06010072254894909,0.2927120759543353,0.6849855955448223,0.22103745031937286,0.2027025205251658,0.1529985885051625,0.14558156987074874,0.1671137470644132,0.14548213992808526,0.21256259623946575,0.12484356001980526,0.13570917898809762,0.24931294582995528,0.21390897022153016,0.09977483208840614,0.20309327543969805,0.32235917774077016,0.1084849661881089,0.16030145089399342,0.18643718898618059,0.2185461051252929,0.14538041123212544,0.23705980769722332,0.16122125677185212,0.14887262329208095,-0.042324029889753735,0.15782446397248548,0.2066741078122229,0.11585629332136492,0.13919058347239152,0.10659347963264959,0.29247437475218996,-0.005964766841098764,0.18775275770367936,0.23253184915678776,0.1714745078483862,0.20797553363152702,0.09970542268077555,0.11777187640601604,0.15310441342459458,0.2502294431110885,0.09296028580299952,0.07824075309979256,0.11113009893503756,0.1823457237462901,0.08544796834187603,0.2318981252450448,0.008423956839931083,-0.08250308457003487,-0.1702585217932422,0.26307481165965174,0.007787315776992156,-0.07613194707003439,0.05378845944216729,-0.14829860093276884,0.22404725614563903,-0.11612140255850992
0.05843176385678868,0.137368671040232,0.39313042896225736,0.3219479370145086,0.22103745031937286,0.6983198274175895,0.11777278952666362,0.38274637002848544,0.2562961893156771,0.13696588863682677,0.29319264486571023,0.24620815500609636,0.17806778653836733,0.16938744912910772,0.23406434392186146,0.2158273314587686,0.2917714760367334,0.23452055231162436,0.35760879166581894,0.30098396757676676,0.23554350198149196,0.2709627721313215,0.17437813294512783,0.19050963622538275,0.25109796084175856,0.25666761388476006,0.2508180478838507,0.1263472362827458,0.38893854548074536,-0.0729303347274766,0.20153027496767753,0.18097689397381936,0.0839038375008447,0.2583772473844932,0.1616771637941387,0.18200782484944536,0.3478731231487043,0.3026567362895739,0.3181806167600797,0.15116481280720995,0.20699880592714076,0.22912001339611174,0.30617413775402824,0.15082865284425945,0.16393289781372297,0.26136135905840235,0.40772854356177585,0.09916351793041792,0.20021027368405792,0.2598518657839951,-0.22426648046864361,0.03403811191661742,-0.09059655427498302,-0.009816363858345436,-0.12331551864963923,0.09020959280681165,-0.18204980705322818,0.43212047235677675,-0.38364845885422477
0.2808927315891306,0.3386250636850252,0.2782992326181912,0.3300252233332023,0.2027025205251658,0.11777278952666362,0.5863906018636578,0.052630939660084766,0.24733270645544056,0.15733890787985239,0.16600783724350246,0.30517499589563324,0.11786447535786958,0.015152896083080692,0.1607723592762049,0.1524903709050464,0.15028037059647936,0.2529576625888341,0.1291397445309755,0.10331059339662117,0.18201627536004983,0.22887166922980684,0.1934562819819001,0.1196332517664184,0.1816517046434486,0.13593541426599393,0.18861601711942233,0.04532344438059562,0.2179027964864847,0.0461593108844254,0.1814801971774594,0.1611310759894573,0.14541816420971224,0.19603606084103892,0.056366740996212736,0.2374026574106744,0.17908401769568466,0.23414857349460902,0.11097930411995592,0.07779543121064271,0.10265238219468592,0.18117429799399576,0.1930691538492239,0.06199035730405256,0.12796968998410993,0.2787352824368779,-0.005727343670582262,0.05152403643665592,0.059225603624395454,0.011538566327946486,-0.010220905732576214,0.025099497240124457,0.04105476182877712,-0.07352073268584669,-0.006614199878484016,0.0740268257807422,-0.0658669106871238,0.24520612382751714,-0.327462883748586
0.006000557882506933,0.1694190828770745,0.2733829111431326,0.26733065610136564,0.1529985885051625,0.38274637002848544,0.052630939660084766,0.8226537623839201,0.1164937494285935,0.2564626560144816,0.28801855812409544,0.1469102345940075,0.21771654481775068,0.15161626804552503,0.18710693996582117,0.1880796058961228,0.2946018419096405,0.25834511377929686,0.24332672873054748,0.27681063633479835,0.20047657005481265,0.1870855864936817,0.18895596501852757,0.1053602779807395,0.2697630464116305,0.19614143589183303,0.27049944238869594,0.09174105236011548,0.2816574251182318,-0.07213574599244899,0.12143375444288429,0.14494877639053155,0.10167103326978304,0.27368072617079714,0.31067149406190697,0.09863833728834573,0.34531254021818186,0.24678025258321445,0.34794849674877176,0.1996943435244785,0.24235533633126466,0.21252254734307904,0.288964698543792,0.14191283402979998,0.1161774122791169,0.3125215968299622,0.4744840303120957,0.15814560688840196,0.20804186270875483,0.05306970500787671,-0.08028058440197977,0.11979194188009293,-0.015350906904054412,-0.04999983525780009,-0.1855687106914734,0.00995736168162164,-0.09236846717870177,0.6608101496476922,-0.5624817472442784
0.08996656464120596,0.2929466075960603,0.388246287527574,0.2638098863753133,0.14558156987074874,0.2562961893156771,0.24733270645544056,0.1164937494285935,0.7650442410440175,0.17838635817785498,0.1527412100718695,0.21405850953103922,0.14089777399945055,0.09108127059793399,0.09685620951554928,0.1323064681780851,0.17421230086398784,0.30982216699801124,0.1454923697289399,0.07600904655736762,0.1988287824097575,0.3934865506225237,0.19357010053556528,0.14362251906249848,0.15703223663934973,0.2138978947724505,0.21653487254041012,0.10243338175128909,0.273586010470728,-0.018336713572801845,0.29858159725730055,0.15457175506169502,0.18365617331939713,0.08103654457128029,0.10238260231854793,0.28545324379934317,0.18219839023978723,0.2703046001204518,0.08741792731116305,0.0772384456455024,0.12761363615251603,0.1972272959321595,0.25387099323062234,0.07665259330384719,0.15321727058437465,0.2489443745819952,0.08480087777442724,-0.07504965433273757,0.011119746669181025,0.20174021722427282,-0.08321439758447124,-0.013972390995165408,-0.05967839416962059,-0.05050438738241955,0.11111126438765759,0.2744441050068288,-0.12618245678173198,0.10302353389070971,-0.41905894630914586
0.12316157501509131,0.31151066769259883,0.3384219459845917,0.22929188932857575,0.1671137470644132,0.13696588863682677,0.15733890787985239,0.2564626560144816,0.17838635817785498,0.7632648359787922,0.17623725292988165,0.17708965707733565,0.1436177353459696,0.09124018220356665,0.25203103088428797,0.1604593568173763,0.19271205755152881,0.3233686378053193,0.11872867849177152,0.13045174045222774,0.16613551549003275,0.20252339362486763,0.29502656927980775,0.050417981974716954,0.2541113788098547,0.1419442449939919,0.2577093400265221,0.0016928344710370356,0.35042862833222205,-0.01682441809847686,0.09976299129467203,0.1772181966812572,0.11199200046299931,0.37056267135257737,0.17511441918846263,0.27339198830120764,0.2742791568898327,0.16016436804890397,0.2532520973217326,0.11058587440217543,0.2119325031271721,0.19245535056936486,0.07532951853496454,0.1254906640307682,0.005343726116690959,0.2949667725329151,0.21306420126313572,0.0770501339264505,0.06548466720843109,0.04439675933412626,0.011228041905444918,-0.1353661391595309,0.13788687612804526,-0.05200588295115928,-0.3534088642832333,0.010340514271122335,0.06881429408881852,0.004967936996284231,0.14298032167708727
0.10689753754274729,0.20377494120687045,0.3390038061341893,0.24756625593092765,0.14548213992808526,0.29319264486571023,0.16600783724350246,0.28801855812409544,0.1527412100718695,0.17623725292988165,0.5582877595333806,0.22642744519466576,0.1662126307781029,0.1685021809351504,0.23739907750465736,0.2021563531267616,0.3280039790467081,0.19232216131483973,0.16581128895905248,0.32019930663968693,0.24017147270553876,0.18843863832381028,0.17565159724196586,0.16445472875124842,0.23842620907123402,0.19947018665160043,0.26681680452406326,0.11774289654675353,0.3196342910514254,-0.06962979147293925,0.16057943995019108,0.16417378767255297,0.13605103938103597,0.25026005130302936,0.24621926382167847,0.21053719312911937,0.3219824721882203,0.2813748403114305,0.23900441909377276,0.1752845052877626,0.2508289629831957,0.2545707560213822,0.22693900522934327,0.13383781912911763,0.13438660769247646,0.3314478076874817,0.2603122106027335,0.1506562089272676,0.028954408719771573,0.022248551092721936,-0.09195806679780805,-0.05760222414054646,0.17134755181915423,-0.026728777973998124,-0.17849720776063413,0.0200206550342316,-0.13042910435395125,0.304066182971497,-0.18591693020906536
0.17038166900894375,0.23966929596174516,0.28037579925406764,0.34216761791417066,0.21256259623946575,0.24620815500609636,0.30517499589563324,0.1469102345940075,0.21405850953103922,0.17708965707733565,0.22642744519466576,0.5973680728694419,0.1250244390925733,0.1442907076592241,0.2549279569040299,0.20622861038171947,0.2224900158880576,0.19913003694645276,0.165367616564835,0.19508566892975698,0.18710835974769033,0.2134229916227147,0.21244049004559676,0.14235390269049863,0.2813384348080028,0.1600392666574015,0.27219778825576096,-0.017986302634654224,0.27109524031609294,0.04661399028910597,0.11463156007797573,0.1985328456366616,0.12931630938869032,0.22525185320471505,0.19932554090500443,0.17145844900741944,0.21581045295591306,0.25982570619224715,0.1856078808116946,0.13701134550485436,0.16536648809157858,0.19599586993410997,0.24952128918395747,0.0914655622854104,0.10531818603945317,0.348659283663708,0.21001983576742592,0.15220055941354932,0.29298993790091843,-0.032443208821722254,-0.05846625930222013,-0.07593750792486163,0.13224332003864395,-0.0018616295124117,0.03158303380221971,0.0591025852915585,-0.15673526786135647,0.366248096474778,-0.5606582915749
0.046883880557851754,0.15031030837076714,0.22388394427509414,0.18282202741628745,0.12484356001980526,0.17806778653836733,0.11786447535786958,0.21771654481775068,0.14089777399945055,0.1436177353459696,0.1662126307781029,0.1250244390925733,0.34004094840454424,0.10162798649686558,0.05301970097532943,0.15442104347419536,0.14348499143817986,0.13682418798183396,0.1225306941116806,0.13129551260964065,0.12722511235429393,0.1779590293015964,0.12612632277001123,0.08475971388926046,0.13632946630609832,0.13073063305961471,0.1087500652455847,0.06241883445681815,0.2789017060047295,-0.08767133757526767,0.07021591243694084,0.14251987536520624,0.0834887746447753,0.18341116539062008,0.1630864110503992,0.12746697681823368,0.15855114624503988,0.1377648088426933,0.20254186109573202,0.0932004049411737,0.12050399727694178,0.13262243641379143,0.11358315603316607,0.0930573101688447,-0.009817466100805894,0.17700949681783984,0.1357682189133333,0.03274151284517762,0.10854585743159832,0.13625257346853403,-0.049581562864867604,-0.008565212065296436,-0.025712108412716737,-0.05081135527746208,-0.0639030096128256,-0.008024715621437863,-0.07502295475307089,-0.02709080550069084,0.11237488495207919
0.2154214690194833,-0.09999804672953497,0.0808614026022319,0.3616650468301549,0.13570917898809762,0.16938744912910772,0.015152896083080692,0.15161626804552503,0.09108127059793399,0.09124018220356665,0.1685021809351504,0.1442907076592241,0.10162798649686558,0.6762408951108075,0.1789339475567931,0.303855093245355,0.17944009901783695,0.10724945481118862,0.1116888136796392,0.18795524566956592,0.16048789168227828,0.15708475116037438,0.19188815549619412,0.1970241830286241,0.1614340340359505,0.08556537132114739,0.04434059006041493,0.004821124944755089,0.319916938919501,0.09787625598375568,0.10013550675604105,0.08207878075987786,0.05640717712393469,0.0950900735643331,0.17275109957999568,0.06856537473185353,0.259464303502758,0.21475913812984007,0.10350662505902365,0.15168990817396885,0.2629014823565639,0.1684090789913755,0.33535201955799543,0.11578394966685011,0.06841256673799763,0.11807982237981159,0.24882505679169573,0.1646826348537228,0.44029983151845437,0.038828413586391775,-0.06853055022634534,-0.09422447518419819,-0.03391786413204591,0.13439805194793378,-0.27828726994659303,-0.04996480825731194,-0.2647605248175075,0.6942243672016815,-0.20781963923458108
0.10816802699805464,0.4050111987467983,0.3067031792773181,0.27119263032639995,0.24931294582995528,0.23406434392186146,0.1607723592762049,0.18710693996582117,0.09685620951554928,0.25203103088428797,0.23739907750465736,0.2549279569040299,0.05301970097532943,0.1789339475567931,1.1369643580135784,0.1774295860817433,0.18532274961016124,0.42813243129734607,0.17611594705565492,0.2946854847315409,0.3013756184094095,0.1520232944926479,0.5427019113864581,0.3052886943483843,0.4639081723728434,0.23433446154395754,0.28748390471821056,-0.08223759902906073,0.40008020406710654,0.18569201313259145,0.19423621847174857,0.10330633466501442,0.13821997862858507,0.416466606928947,0.21931922971687268,0.3361151118721278,0.5093804947507053,0.2428985573880786,0.3289410905457512,0.20015992551405382,0.3533758728437753,0.3213693683079667,0.2715942181782961,0.1713137536609344,0.1548547613120501,0.3761564656342098,0.2510390225256171,0.263077937441167,0.15484611997497605,-0.046162278260526775,-0.07154520694649291,-0.07422185905534165,0.14482266176965972,0.03207264437393767,-0.33015411044317244,0.16252290697087027,-0.3128564811238019,0.4983296582974634,-0.10803011750431736
0.13032280967733856,0.018298042765461944,0.16589635974163333,0.3309908387585218,0.21390897022153016,0.2158273314587686,0.1524903709050464,0.1880796058961228,0.1323064681780851,0.1604593568173763,0.2021563531267616,0.20622861038171947,0.15442104347419536,0.303855093245355,0.1774295860817433,0.8188373860225223,0.25317734571284983,0.17747134604462866,0.18952485427697907,0.17606236544543344,0.22425036060832598,0.39337680158878596,0.30939573124566383,0.25274688003434326,0.2902022457497194,0.10045375132753029,0.186547551583811,0.07224640277891645,0.41742153612513855,-0.036762125122382944,0.10802466491250448,0.2250596674694199,0.09125677321750024,0.24321217844201798,0.43226976756913016,0.17412466580644437,0.2465141784773201,0.30662603948882594,0.29025924750828036,0.2802219222978415,0.2529694488398892,0.24779805493269239,0.45081801126502624,0.19669495401658574,0.13598275625043715,0.1541263805144324,0.22197365575249195,0.018452343473330312,0.3428464203949736,-0.08960455044371102,-0.10549821975067716,0.03314534653222122,0.04193845570334267,0.025418919064422747,-0.25331053236575396,0.0007138737080075159,-0.2500346876220419,0.5206123496361915,-0.1221754144820199
0.10021915219211211,0.1921560932797426,0.3666841361724767,0.21988918548196063,0.09977483208840614,0.2917714760367334,0.15028037059647936,0.2946018419096405,0.17421230086398784,0.19271205755152881,0.3280039790467081,0.2224900158880576,0.14348499143817986,0.17944009901783695,0.18532274961016124,0.25317734571284983,1.0091644755192177,0.04382564383429774,0.22600539906082256,0.427687994375121,0.3369272696956197,0.22169895447166812,0.07071859176937753,0.3222983490659318,0.20929183429885756,-0.04491159575692126,0.41108301989682805,0.6365033222793921,0.3083426427342562,-0.14242056034917108,0.31955405053420505,0.15062762940563948,0.29894468646096256,0.16866503813128916,0.33368716794653136,0.31956041598655566,0.5833352243850298,0.4294491745661121,0.16206267102568003,0.2591585429010699,0.5148708765863648,0.3924455417101487,0.29433945400151473,0.2460075347420211,0.262863724400214,0.3056708923620443,0.3785188890105175,0.2826676441345532,0.12137190986310942,0.0800977879678193,0.018356105805925987,0.16561283158840065,-0.06873979925381411,-0.07395186897462662,-0.6360133174833108,0.04013437607681128,-0.09863366004899748,0.40038402278928875,-0.12805620886948138
0.1256001599848461,0.4773864281753414,0.28769320231901474,0.3048017194217566,0.20309327543969805,0.23452055231162436,0.2529576625888341,0.25834511377929686,0.30982216699801124,0.3233686378053193,0.19232216131483973,0.19913003694645276,0.13682418798183396,0.10724945481118862,0.42813243129734607,0.17747134604462866,0.04382564383429774,0.9837881209606024,0.18049570218630254,0.0681856703212388,0.3068242182313437,0.28862843189035514,0.6821965081138698,0.1741517912344088,0.331708049873663,0.46658685968818847,0.028541979842365447,-0.3064955867080643,0.3925510080098227,0.06311400938871332,0.3695173124828672,0.1638760782471831,0.08683521501972959,0.38671005924164653,0.18709023997479376,0.35536165672499925,0.3370520469848179,0.2742160667659777,0.3165087917676946,0.23850192683106178,0.18285790076901484,0.30654715382147285,0.3653938793076803,0.07274294931451805,0.25908618807844624,0.42725631650535323,0.2664110701788242,0.09420038800586117,0.02300765008746238,0.2787259172665394,0.05846901184779162,-0.15552217842461985,-0.10791714370477538,-0.05691506277310882,-0.06710215011354781,0.18523154238959633,-0.12336962533638111,0.5419545178029923,-0.6239496524567374
0.0769451073623299,0.1271818691124267,0.18354893036390707,0.23150108686767545,0.32235917774077016,0.35760879166581894,0.1291397445309755,0.24332672873054748,0.1454923697289399,0.11872867849177152,0.16581128895905248,0.165367616564835,0.1225306941116806,0.1116888136796392,0.17611594705565492,0.18952485427697907,0.22600539906082256,0.18049570218630254,0.6358666776734401,0.09663803528242518,0.18671065495299208,0.20455613551398394,0.04475931055371353,0.18230025142301784,0.15003282755931704,0.058364917262954,0.0946043102145635,0.296896429863728,0.10047870342102429,0.014825771598372556,0.2637586560694443,0.13486098240347572,0.10718211404959559,0.17187424192726175,0.029629368351449862,0.19876637305485192,0.2183618194405666,0.272743753408074,0.20666646722088855,0.10152224003173911,0.17992058712358086,0.16245416113828104,0.2740498481894651,0.09438960958535571,0.18596967529969413,0.11014836856527685,0.144563955306414,0.06322430679362433,0.029761613811739612,-0.16718055244218827,0.1520123119466244,0.5661814035276096,-0.30778999439893295,-0.1496508500004575,-0.04559499241044359,0.08575799182344977,-0.10725235653217115,0.2391362332048997,-0.18295087848233202
0.030881479400175132,0.1729936968690667,0.2964296733105078,0.2354825957155004,0.1084849661881089,0.30098396757676676,0.10331059339662117,0.27681063633479835,0.07600904655736762,0.13045174045222774,0.32019930663968693,0.19508566892975698,0.13129551260964065,0.18795524566956592,0.2946854847315409,0.17606236544543344,0.427687994375121,0.0681856703212388,0.09663803528242518,1.1716531248339703,0.1816082129644933,0.08992153995744172,0.1753539011301912,0.3539742615825857,0.26966056513474873,0.3958757152057768,0.44110375538763114,0.14509368559422506,0.41097226428901684,0.014807187268676369,0.20320764193600857,0.23479140521666167,0.13253850550936846,0.38686687726604907,0.15999663938863037,0.1379458470530531,0.5476626348463463,0.3120641176476104,0.5377467555979835,0.26580826425468507,0.347229558559632,0.22848657912356152,0.18076266026302304,0.190629887919232,0.11407111894370442,0.3157829139272579,0.1601212874736393,0.42812259574847245,0.8425405634243487,0.01272530514066181,-0.20413432546336513,-0.05809320803483205,0.21671854404753513,0.012673487596627172,-0.3461542896879859,0.008347449918891577,-0.09343966027470656,0.18146677406951014,0.012416606341858899
0.12033597663602026,0.3181485819784563,0.28890739722996267,0.23138980905939008,0.16030145089399342,0.23554350198149196,0.18201627536004983,0.20047657005481265,0.1988287824097575,0.16613551549003275,0.24017147270553876,0.18710835974769033,0.12722511235429393,0.16048789168227828,0.3013756184094095,0.22425036060832598,0.3369272696956197,0.3068242182313437,0.18671065495299208,0.1816082129644933,0.5690652462514694,0.2345758775339404,0.2550641208834771,0.2142716211754319,0.23965354819787274,0.17451178802134493,0.21152228535164588,0.15077795035225774,0.299071353113811,0.06545759251552953,0.3120898185545947,0.15927302846726918,0.24588690118463172,0.23076328033739504,0.4437679772824154,0.3577230583597711,0.5163270367997208,0.4443620809249048,0.15769076680527597,0.30536295036755756,0.44478999323459656,0.5366519273453284,0.4285750932309849,0.1595824253127249,0.46168971583414803,0.34767793213673914,0.3341117240177652,0.2533615565835709,-0.0773826956160642,0.15460983064723716,-0.021552770117674133,-0.08166880731683845,-0.0013431335081797464,-0.004648009938230938,-0.08795046685526532,0.023367111489654528,-0.20378510741946076,0.40992619578944506,-0.16554021400796873
0.11977093990513804,0.19865506042709444,0.3286779114807921,0.29619808586309876,0.18643718898618059,0.2709627721313215,0.22887166922980684,0.1870855864936817,0.3934865506225237,0.20252339362486763,0.18843863832381028,0.2134229916227147,0.1779590293015964,0.15708475116037438,0.1520232944926479,0.39337680158878596,0.22169895447166812,0.28862843189035514,0.20455613551398394,0.08992153995744172,0.2345758775339404,0.7863786400912645,0.29773550888329153,0.16531076687358087,0.2326123601473561,0.18449662463720304,0.19646823998663,0.09504079876214452,0.46070450960575715,-0.0375069256074065,0.1928776079826862,0.2684227122006328,0.19016751155979475,0.24106179561483823,0.21760758528414204,0.3247455913411044,0.18981934215817806,0.3779197390491592,0.24200580394271684,0.16807400889689608,0.1636553039514326,0.24445408993879825,0.46326450927792195,0.15520821985110117,0.15977696233184266,0.21215332043374527,0.1638164645812461,-0.2947082499857853,0.2567662171438557,0.09539100231298726,-0.10291996995090186,0.03356049089231953,-0.048259909223512844,-0.06777642519763304,-0.0641204449450316,0.11051626918128764,-0.17183553503678037,0.32332045745832805,-0.26611816685455697
0.0729945503682845,-0.14468167855881345,0.24843674774881636,0.3194780563921611,0.2185461051252929,0.17437813294512783,0.1934562819819001,0.18895596501852757,0.19357010053556528,0.29502656927980775,0.17565159724196586,0.21244049004559676,0.12612632277001123,0.19188815549619412,0.5427019113864581,0.30939573124566383,0.07071859176937753,0.6821965081138698,0.04475931055371353,0.1753539011301912,0.2550641208834771,0.29773550888329153,1.557803299666877,0.5782858685638154,0.6131020251022796,0.19341566471936067,0.06148387520893018,-0.7498650988357212,0.6884757553519004,0.34842338342249474,-0.07667388499856678,0.1026050701737059,0.05738748557855324,0.5709741146637419,0.22252584120357854,0.4486365245598166,0.4385594178969898,0.16472592102960784,0.6441149696937586,0.3160545179607226,0.279110517282176,0.2924807110546498,0.19933306532542372,0.28171071205109366,-0.11896151485512496,0.5828358220877398,0.39677295291453085,0.22906777703271872,0.3902480388485089,0.17710256514931574,-0.10350855245056707,-0.5507247060988062,0.368896053349664,0.05010610572757699,-0.4804622312874787,0.008301229237466169,-0.23044287453990855,0.3631574830953794,-0.008404199546862902
0.07975216679203177,-0.34339419165358975,0.21217099748921095,0.23947667624850483,0.14538041123212544,0.19050963622538275,0.1196332517664184,0.1053602779807395,0.14362251906249848,0.050417981974716954,0.16445472875124842,0.14235390269049863,0.08475971388926046,0.1970241830286241,0.3052886943483843,0.25274688003434326,0.3222983490659318,0.1741517912344088,0.18230025142301784,0.3539742615825857,0.2142716211754319,0.16531076687358087,0.5782858685638154,1.4376548539108585,0.4100043695998215,-0.1683569675226516,0.039565279986019865,0.3822496166346986,0.22337938225695989,0.5797045711336419,0.7423278149414684,0.06426136273817286,0.1978055853070458,0.08581796369127112,0.07161308157411844,0.4950179222838591,0.3420889900024498,0.38019244571139,0.15809583892486825,0.10083019510704529,0.5154030555513245,0.23293785849509427,0.09880945809888303,0.2569986793020698,-0.0723659775528397,0.3112073365745109,0.21422648305797043,0.282473180241426,0.16536337632520354,-0.18484122719838555,-0.11333370039283124,0.221438128833636,0.0934837402726029,-0.04121654933521717,-0.1153447435542885,0.05127848404974321,-0.13223026255660134,-0.01961826000260048,0.155541155098563
0.07613392753104686,0.15784570639004897,0.2336548320535774,0.28687106663306067,0.23705980769722332,0.25109796084175856,0.1816517046434486,0.2697630464116305,0.15703223663934973,0.2541113788098547,0.23842620907123402,0.2813384348080028,0.13632946630609832,0.1614340340359505,0.4639081723728434,0.2902022457497194,0.20929183429885756,0.331708049873663,0.15003282755931704,0.26966056513474873,0.23965354819787274,0.2326123601473561,0.6131020251022796,0.4100043695998215,1.0267668917032806,0.20808668377569461,0.34227228767287177,-0.27352481000708284,0.4736839036668549,0.29170346378481704,0.06654556965527995,0.17243175906594158,0.10843896320925026,0.5680814867658857,0.37569290735703875,0.2718218276214872,0.4548055565555295,0.2654779523046732,0.467782249396287,0.22068083701720675,0.23682347472850668,0.28084374061073186,0.27030900892175547,0.20253682587613353,0.11740916464465896,0.4859031178060863,0.385545105573879,0.18254663419332953,0.1758028956532856,-0.1793822772923086,-0.1402158137081186,-0.24529617077531501,0.38133504082545494,0.038578092282894945,-0.21503966857161985,0.10660678253301913,-0.15315379999035678,0.3199602348733678,-0.30453768408723464
-0.0302180615556793,0.15344444261346005,0.1802007772373378,0.2248752968871469,0.16122125677185212,0.25666761388476006,0.13593541426599393,0.19614143589183303,0.2138978947724505,0.1419442449939919,0.19947018665160043,0.1600392666574015,0.13073063305961471,0.08556537132114739,0.23433446154395754,0.10045375132753029,-0.04491159575692126,0.46658685968818847,0.058364917262954,0.3958757152057768,0.17451178802134493,0.18449662463720304,0.19341566471936067,-0.1683569675226516,0.20808668377569461,2.132131590382422,0.2569884086179304,-0.4814404310911751,-0.21609405686164854,-0.24972936477423455,0.10472470799571142,0.4056718040074164,0.12005920476571331,0.5846834480706957,0.3360161699898999,0.0097123966899148,-0.049640692863826254,0.22179122556781833,0.3347319299522922,0.24789752984902197,-0.4955495295318906,0.18990430239607975,0.4728079320023208,-0.07121936137782824,0.5762014664680605,-0.0977846004273551,-0.23191681313827678,0.017052323930036424,0.4031676283643638,0.7252096019173547,-0.31595367795685014,-0.40918455706137397,-0.02284209937901066,-0.07878820981326498,0.18954594600820324,0.07260959050873292,-0.1282270049514567,0.07499101387641031,-0.3499631626508598
0.14906594684641805,0.7269596650165097,0.15442183109036003,0.1570336270263055,0.14887262329208095,0.2508180478838507,0.18861601711942233,0.27049944238869594,0.21653487254041012,0.2577093400265221,0.26681680452406326,0.27219778825576096,0.1087500652455847,0.04434059006041493,0.28748390471821056,0.186547551583811,0.41108301989682805,0.028541979842365447,0.0946043102145635,0.44110375538763114,0.21152228535164588,0.19646823998663,0.06148387520893018,0.039565279986019865,0.34227228767287177,0.2569884086179304,1.4565517607579808,0.25447552801381845,0.1840719460371497,0.16429624675971108,0.07724710348837643,0.19116404202439577,0.28177152530625105,0.021132993215233813,0.42807369008729146,0.07077636948799938,0.4252961399511956,0.3057839467149876,0.22754114884722326,0.28316085630280513,0.45580676986874874,0.2687549025236266,0.41094355894798806,0.22637953725518745,0.15682046565901853,0.5998269751097377,0.25041843888174037,0.4220732937004729,0.6428509258345703,0.03669653224994587,-0.17097461296653568,-0.19783235910261787,0.09400142331089785,0.24862484563191145,0.050174104195775934,0.12623466012767157,-0.05867156738396823,0.8396219791725402,-1.136829070736628
0.008199319553236781,0.28558779793072675,0.24320946781956276,0.03155079643394845,-0.042324029889753735,0.1263472362827458,0.04532344438059562,0.09174105236011548,0.10243338175128909,0.0016928344710370356,0.11774289654675353,-0.017986302634654224,0.06241883445681815,0.004821124944755089,-0.08223759902906073,0.07224640277891645,0.6365033222793921,-0.3064955867080643,0.296896429863728,0.14509368559422506,0.15077795035225774,0.09504079876214452,-0.7498650988357212,0.3822496166346986,-0.27352481000708284,-0.4814404310911751,0.25447552801381845,2.8366868111652535,-0.24604028657580804,-0.25457384740231465,0.7227851625272181,0.0829515427952722,0.4164984626770776,-0.16983081556551066,-0.04965468490079453,0.646518377050942,0.21825828389350063,0.2911815263766741,-0.23347147804496773,-0.09976396538475382,0.6688304989608937,0.14401727408623932,0.2762871808942199,0.39230967620026147,0.1962642138417699,-0.5711061849007172,-0.22967585415838981,0.14077566463041313,-0.23798218032796542,-0.553255159476302,0.1376277914036568,1.4527434802004267,-0.8121982124151345,-0.20171592488868872,-0.040587670280082255,0.11477284926359674,0.0867765329798786,-0.25801808935019677,0.9992726342101458
0.19591441474964874,0.5824141974100867,0.6563627490634116,0.3479853188778122,0.15782446397248548,0.38893854548074536,0.2179027964864847,0.2816574251182318,0.273586010470728,0.35042862833222205,0.3196342910514254,0.27109524031609294,0.2789017060047295,0.319916938919501,0.40008020406710654,0.41742153612513855,0.3083426427342562,0.3925510080098227,0.10047870342102429,0.41097226428901684,0.299071353113811,0.46070450960575715,0.6884757553519004,0.22337938225695989,0.4736839036668549,-0.21609405686164854,0.1840719460371497,-0.24604028657580804,3.1331772530626356,-0.5973705904472872,-0.13974963170027135,0.29339447019404735,-0.11861508429029645,0.41517170153477845,0.21773605588255307,0.5922644309146097,0.08717727751775578,-0.14965587954613382,0.5979414698757696,0.2823075185927079,0.5792742019830364,0.2976528217862307,-0.36624959826808595,0.017749194063477823,-0.21929075996874983,0.6688242705205907,0.2153113230066214,-0.08162409124790113,0.5825901087814249,0.6450869628618018,-0.2666603330926465,-0.42714676127212364,-0.2543295032485775,0.26139742533813043,-0.9910755100227496,0.022526941935866022,-0.1316227958152711,0.10243157274412143,0.7199175719716623
0.10545561183842012,-0.19937799771354872,-0.5573234841187414,0.09702076104132648,0.2066741078122229,-0.0729303347274766,0.0461593108844254,-0.07213574599244899,-0.018336713572801845,-0.01682441809847686,-0.06962979147293925,0.04661399028910597,-0.08767133757526767,0.09787625598375568,0.18569201313259145,-0.036762125122382944,-0.14242056034917108,0.06311400938871332,0.014825771598372556,0.014807187268676369,0.06545759251552953,-0.0375069256074065,0.34842338342249474,0.5797045711336419,0.29170346378481704,-0.24972936477423455,0.16429624675971108,-0.25457384740231465,-0.5973705904472872,3.15104352911285,0.29330219156797116,-0.04599475934089762,0.2537476623642265,-0.2016459334861895,-0.32077866115030185,0.24930578182407812,0.6089092643030928,0.5027544560424408,-0.3656694672833778,-0.1955469180117095,0.3596599454957763,0.03790967533724762,0.7277965348239192,0.05042111113690913,0.24894464926549928,0.7092068631198283,0.6296312720403707,0.47641201603997335,0.06409704020048074,-0.0678257222779432,-0.10455732906075806,-0.48792291507839936,0.3237028204746626,0.2882127056901367,0.8322421803632162,-0.1819597483000905,-0.20385543274600748,0.9618318087892959,-1.4432883477019436
0.12628405932338688,0.19149864618244802,0.24430893472729387,0.2064800373114438,0.11585629332136492,0.20153027496767753,0.1814801971774594,0.12143375444288429,0.29858159725730055,0.09976299129467203,0.16057943995019108,0.11463156007797573,0.07021591243694084,0.10013550675604105,0.19423621847174857,0.10802466491250448,0.31955405053420505,0.3695173124828672,0.2637586560694443,0.20320764193600857,0.3120898185545947,0.1928776079826862,-0.07667388499856678,0.7423278149414684,0.06654556965527995,0.10472470799571142,0.07724710348837643,0.7227851625272181,-0.13974963170027135,0.29330219156797116,1.611212656398409,0.13009004565750418,0.28965671517301356,-0.03750968472604545,0.04765318234559836,0.5245484056922107,0.25928989869141206,0.588361180033794,-0.20505103044618223,0.036457006284111214,0.42842153967508256,0.3046761524118829,0.26505897575631454,0.1061010416793813,0.33481296396542465,0.17479037512789655,0.06934964868597163,0.15917042683531973,-0.4052295418266323,0.1069897303933199,-0.0369693523407927,0.6198919793231494,-0.44083074906064545,-0.11705872489945751,0.22566838872077785,0.2707278850267128,0.010059932311581879,0.06016397814435307,-0.4002308965313524
0.091377999580791,0.17876861540741315,0.21822907807601521,0.18090315014531239,0.13919058347239152,0.18097689397381936,0.1611310759894573,0.14494877639053155,0.15457175506169502,0.1772181966812572,0.16417378767255297,0.1985328456366616,0.14251987536520624,0.08207878075987786,0.10330633466501442,0.2250596674694199,0.15062762940563948,0.1638760782471831,0.13486098240347572,0.23479140521666167,0.15927302846726918,0.2684227122006328,0.1026050701737059,0.06426136273817286,0.17243175906594158,0.4056718040074164,0.19116404202439577,0.0829515427952722,0.29339447019404735,-0.04599475934089762,0.13009004565750418,0.7918132068873355,0.15544852547246338,0.32704737507942555,0.19639119058067817,0.2485536177306709,0.005164220509875525,0.3467579714911013,0.25941325979588337,0.14839109147358695,0.06640533470156072,0.16382396965447776,0.15263110155105705,0.09181744613049773,0.14649755816636886,0.1698866393937198,0.06218523353169806,0.035146757968622974,0.18037092677002958,0.11959166862012757,-0.04770859254238372,-0.0466896948646267,0.03956697452620645,-0.04867802524199686,-0.15335909606417852,-0.06093744124492387,0.3052140908465305,-0.16238294710932338,-0.004042191139056356
0.11158524825227863,0.2695510773901829,0.17329063058686114,0.12958421128755085,0.10659347963264959,0.0839038375008447,0.14541816420971224,0.10167103326978304,0.18365617331939713,0.11199200046299931,0.13605103938103597,0.12931630938869032,0.0834887746447753,0.05640717712393469,0.13821997862858507,0.09125677321750024,0.29894468646096256,0.08683521501972959,0.10718211404959559,0.13253850550936846,0.24588690118463172,0.19016751155979475,0.05738748557855324,0.1978055853070458,0.10843896320925026,0.12005920476571331,0.28177152530625105,0.4164984626770776,-0.11861508429029645,0.2537476623642265,0.28965671517301356,0.15544852547246338,1.5932287896501396,-0.036639571499023464,0.048410333027317114,0.15020437358365457,0.7632376265423062,0.3640239457449425,-0.19237856155134003,0.016099374487424063,0.009020139009535192,0.2868907192548347,0.28518114224301194,0.15342345642205238,0.2203867029753884,0.07712015970048335,0.44790840066203297,0.3327464179989218,-0.06416415915876358,0.20563417114666482,-0.1716145127071292,0.02988155875380323,0.08890996819199116,-0.1911830169585814,0.00805226440878936,-0.0642367969928634,-0.0704535122989894,0.23683844324635797,-0.07821394197102806
-0.11157340205082511,0.1338734911750649,0.34568818838957266,0.33502657970930594,0.29247437475218996,0.2583772473844932,0.19603606084103892,0.27368072617079714,0.08103654457128029,0.37056267135257737,0.25026005130302936,0.22525185320471505,0.18341116539062008,0.0950900735643331,0.416466606928947,0.24321217844201798,0.16866503813128916,0.38671005924164653,0.17187424192726175,0.38686687726604907,0.23076328033739504,0.24106179561483823,0.5709741146637419,0.08581796369127112,0.5680814867658857,0.5846834480706957,0.021132993215233813,-0.16983081556551066,0.41517170153477845,-0.2016459334861895,-0.03750968472604545,0.32704737507942555,-0.036639571499023464,1.7286348970292125,0.2323455248024491,0.42905307437939966,0.46152865911380464,0.10212968265127279,0.577904519727438,0.0745888832858783,-0.06738710703244805,0.2833351020195846,0.1700338443971637,0.13794181601962266,0.06676076923399255,0.055165376723206705,0.3093539930657343,0.013855699568036154,0.21723285232074097,-0.03319267368529636,-0.13908003245812994,-0.1592409139393034,0.4202072905310626,-0.22528213085789234,-0.6209115089447633,0.030886117146112262,-0.10276611544949711,-0.282341238951807,0.8651233756991275
