2.874405559143599,1.5768108455204604,0.42498153123379406,0.030164359209088585,0.6786713822663415,0.38518153181656634,0.8048747070217941,0.45213290466435124,0.5657916725198717,0.5068643214576428,0.7086600743874153,0.5804892084360017,0.14680537904744934,0.3957787961989395,0.44614378911948943,0.37674333947240807,0.3661424236375417,0.4633850256274703,0.39273723228044427,0.30673871008383924,0.4840069675291141,0.4309722455416762,-0.1628460035464187,-0.20556927249959975,0.07173366681193585,0.4009310982762941,0.3934396476778369,0.08897024271099281,0.25823032740198976,0.0812557132889373,0.4500122285211438,0.19725545756603574,0.1344525570910384,-0.5948033062337931,0.2571225422934137,0.3216132559036637,0.33094819004613324,0.5659129381493797,0.3753902324121624,0.29853657570327435,0.5406906996102497,0.26323042739985747,0.1267645668996172,-0.018290227363961627,0.6427427989347583,0.22871056950908009,0.1596888934325361,-0.12830671849808337,0.2698369949660764,-0.7354323622846543,-0.062060869498458,0.06377574114361251,0.6249902559278877,0.14482193585225311,0.07367027838567732,0.2254889551347105,-0.1963665613099657,-0.047413582253893624,-0.3661505077628604
1.5768108455204604,6.0962523624279985,0.6246395878905268,0.027172815141409595,0.4829855071613066,0.14725613961099548,0.658320066539679,0.2985911663305316,0.743473680073739,0.5298911763063268,0.35045190369315876,0.5871299134538244,0.1518928749408504,0.23305252366170182,0.6285533354462489,0.3183612066286506,0.37420992219117133,0.2722915762980232,0.3151936678022669,0.3931667672210947,0.5935025794922633,0.4434896581344742,-0.8503207871784569,-0.23151373025713468,0.27153491384004785,0.5901656110214368,0.3544019975560685,0.08675447056327752,0.7654978104025099,0.1433870195556643,0.6372670648156704,0.09720212902362184,-0.0650096816190939,0.029003624238506307,0.4297161245058311,0.29856739747525946,0.6657024491530914,0.536239187128059,0.2880345397685528,0.3462896023744604,0.3103938139460282,0.3720981162315223,0.4799201376061452,0.07600555863936492,0.8852258723537575,0.17805875568379673,0.13927496590939348,-0.07326837900229978,0.3241604255886514,-0.9882873959459232,0.2658734292139738,-0.09829134016153424,0.6271089687696562,0.13666406442297258,-0.7172677525349058,0.41034457247299533,-0.32977306381940513,0.63249269206096,-0.33478800152284605
0.42498153123379406,0.6246395878905268,4.021435259347227,0.03329239550437409,-0.25691954748700857,0.623172144287178,0.3140913426475253,0.1849275297031385,0.7741034641084891,0.19551424452079177,0.48642278194863575,0.2962214518117491,0.07934869497000133,0.20104519946347926,0.5076471187873708,0.17413600566356488,0.4224155382398116,0.2970486073764038,0.35747162645316394,0.6489816795585841,0.4382526776581282,0.4840799667605893,0.4039433308489418,0.45614069247088285,0.292956619175349,0.22085844429414273,0.11137181028284497,0.4265718559842171,0.7320459124770649,0.6111142167120402,0.3053638898220481,0.24482713672912335,0.24756994371645308,0.4405033507802718,0.5654258427114277,0.22299394439089473,0.612526423300557,0.6441193460853063,0.4071432311422584,0.27174602226514677,0.25265858879388964,0.38530390609282406,0.6531249723883507,0.07100813742598318,0.5977521742615496,0.31866916197368744,0.4671624093561362,-0.060752058538744956,0.3655884041259732,0.17628764091162072,-0.1338322019167004,0.018060919804091708,0.039355970412103855,-0.1282014688659396,0.206641929990052,-0.15609605901288182,-0.20612082664361794,-0.04102910052297656,0.18307977362490738
0.030164359209088585,0.027172815141409595,0.03329239550437409,1.499980839870146,0.38469829582798476,0.29279132408922265,0.34775136762785686,0.30654519411910186,0.15098376601009683,0.3908118869083054,0.38043229465347356,0.362261410558711,0.11420481121986711,0.36704158068905474,0.34923123486169766,0.29645128533479065,0.2966123954638927,0.4215209498471689,0.04851509599033567,0.32113299662295053,0.2413592992412365,0.19524302426312853,0.606527429847886,0.32813477101095334,0.2517166199822111,0.17809028019636353,0.2590671452432525,0.20006139277658944,0.32487792096846985,0.09804489393005696,0.12935660311159253,0.3800320869094207,0.3205024443564225,0.394015371147388,-0.07231720288753617,0.22292444046968837,0.39320289408655557,0.3508216753909934,0.11346587406135966,0.03179421141010122,0.19486636190278647,0.25306801290250336,0.39209192717064884,0.08407007152509212,0.05713544446769357,0.2894215109494537,0.2719338363991506,-0.046811762227099894,0.2028241352223114,0.3942840501246131,-0.11441554632338827,0.5901066397778437,-0.24735618938072113,-0.17825708986866537,-0.2481091354693841,0.0035911425197228185,-0.22398053237592286,0.28503200766270204,0.05169913310941568
0.6786713822663415,0.4829855071613066,-0.25691954748700857,0.38469829582798476,1.0074694526211112,0.356203367618851,0.45255063043939797,0.3686522373759246,0.2396669359491255,0.39771010462035383,0.45485016255019634,0.41490277435275646,0.1293944046168254,0.2889348569669376,0.3265828405341398,0.30901318032971936,0.24351796180207666,0.3295701357866039,0.19603463522400172,0.2857716885727141,0.2652579900812677,0.24348493492519552,0.31101499488969586,0.15898878302512925,0.08924275091170017,0.23504732820264815,0.1591603713957985,0.011986344199965648,0.23180896090495645,-0.0041300674568314506,0.17104257156796357,0.26770116201930255,0.16104940944594504,0.16351863225679544,-0.02327837565999454,0.20624164587886792,0.2589288597276028,0.2954192069231215,0.16645248349976843,0.10892507847561833,0.22570324297518912,0.2258651179283334,0.1594343150814991,0.027176870095749532,0.14372072337804612,0.17205611556307784,0.16574560548962367,-0.038591263574112945,0.2863821069177749,-0.19595728710902297,0.04490303840810668,0.17812757620681732,0.2774839900927141,-0.017215488050684936,-0.19610560966889107,0.03345342570342603,-0.22135033704521623,0.19478476877398565,-0.007149056453681023
0.38518153181656634,0.14725613961099548,0.623172144287178,0.29279132408922265,0.356203367618851,0.7720932024856813,0.26855033419001456,0.2922430888374059,0.3601847707386056,0.25564562112922057,0.4373319347379884,0.31131682010264566,0.11192774723407298,0.27932226479493216,0.3792451338386305,0.27380804602474546,0.31148179850377783,0.263586402564847,0.28111632503075357,0.4313714589578959,0.3317273397035346,0.3301956085714496,0.3209618706642019,0.31135432683710695,0.17851313299201663,0.23209398969747858,0.21604075891615734,0.252301897251598,0.387287161240308,0.23030416404945192,0.21203054753123757,0.308665085611303,0.2678570973779564,0.2969184605274321,0.05649636037983225,0.21031085388205573,0.4812605842928061,0.45562353610014344,0.23338779222201894,0.09862498379500524,0.25679915371596573,0.29428466794141744,0.42337925225859774,0.042343663325916374,0.24997295083248128,0.23538408322715965,0.3062188644221704,-0.030956295620604698,0.4391445452605471,0.3223505098379425,-0.2575244027297371,0.1903429611639503,-0.27747138616591493,-0.12028381532674905,-0.05626180014792635,-0.05855369253061683,-0.20994457795874252,0.14382782651881018,0.12841062669010062
0.8048747070217941,0.658320066539679,0.3140913426475253,0.34775136762785686,0.45255063043939797,0.26855033419001456,0.7733938510317305,0.18413878385381158,0.37344795697508243,0.3751535552709431,0.5129595436402061,0.46937942605529476,0.10210102493931701,0.2426029548900233,0.23901082504387297,0.2764923886721199,0.34032325810291847,0.27485967623142826,0.17372791855172134,0.2998967456477446,0.32938809035812305,0.2971891679187522,0.2242351804457609,0.16219015028421657,0.20235888240726632,0.18711992245935188,0.23684007476299884,0.0962706373397788,0.329142366711596,0.055439320540913675,0.22216460786881703,0.25324294014099197,0.23329027679990016,0.12683389146972973,0.034707542314394206,0.31443031964968027,0.28734582500699307,0.3834208335336716,0.1600094557744842,0.10353701802218371,0.21396129774049166,0.24884018923188733,0.23071781554635148,0.0279157259962616,0.2493032280241511,0.2609855299489527,0.10737225593669103,-0.05838637076623458,0.15922193337605622,-0.19967544986851365,-0.025793471001971588,0.26005226525052555,0.22839362069063748,-0.10293244908991143,-0.17367866847584504,0.17406597461628076,-0.24186685355547727,0.18672874652667673,-0.2812966854028576
0.45213290466435124,0.2985911663305316,0.1849275297031385,0.30654519411910186,0.3686522373759246,0.2922430888374059,0.18413878385381158,0.8734381309589777,0.2121143344297988,0.37474327935796325,0.4798101746344774,0.2821723140502527,0.1422757099070169,0.27098584052107894,0.30017642010422785,0.26108567893545753,0.29441527298602505,0.3858279646094991,0.31459656938965985,0.35728964816916037,0.25148841352598755,0.2437108513052598,0.35142364466889864,0.20917193211299345,0.1738875841784139,0.28309588090158183,0.3829048788140187,0.19316178379600682,0.30561459512936995,0.2813935826883373,0.2179749993701655,0.23012485770102595,0.12419716073943866,0.2799491281686853,0.3198024874749218,0.14196913428537547,0.38247016750932067,0.30772076064061094,0.32731648037952865,0.24884462592149623,0.26573266738193224,0.2560072414268031,0.3735976993944761,0.038829956057401784,0.23938579535797352,0.1839841463657506,0.3736261496281722,-0.0233139349563743,0.4727916019460858,-0.02193820460721584,-0.12889444188751364,0.23992853176643078,0.1347581825545423,-0.045615935204024155,-0.1052679750701181,-0.053124789366621204,-0.13383845661872626,0.1512256130058686,0.09746619798310922
0.5657916725198717,0.743473680073739,0.7741034641084891,0.15098376601009683,0.2396669359491255,0.3601847707386056,0.37344795697508243,0.2121143344297988,0.9949520453435095,0.2419122355993954,0.2552067031823087,0.3283842693259673,0.08444689880744156,0.2570400619964467,0.3248168578474688,0.23049897999887622,0.325965437850748,0.3052203698384916,0.36946188617837283,0.28014638603828373,0.3537170290925598,0.5542058845688346,0.1851131043489239,0.1895487792828575,0.1665165245216967,0.24175759307281122,0.3209068487661476,0.2144693630380382,0.3955777207606179,0.17067549135978757,0.3198423615468991,0.2637916219757628,0.237963308791004,0.2510300534940016,0.1997044352787503,0.25568428844593943,0.3719256963922924,0.45861066287863184,0.1831937367058987,0.12294964569016786,0.2254999998846422,0.2977009841846305,0.4434372289960899,0.053718144603580764,0.3414327117178475,0.2452181718803978,0.2242304450863896,-0.043837951081452255,0.14809057002904788,-0.09752081679956848,-0.033297859932368994,0.06664715342117235,0.13287899042242843,-0.09894908299612667,-0.014670725308897008,0.16238147214630394,-0.24925150082619318,0.0477582453710567,-0.029917426894277566
0.5068643214576428,0.5298911763063268,0.19551424452079177,0.3908118869083054,0.39771010462035383,0.25564562112922057,0.3751535552709431,0.37474327935796325,0.2419122355993954,0.8513466079944441,0.42176591786579726,0.28511991959975935,0.12574910882846674,0.2250973983944231,0.2690061958038676,0.23380740527779958,0.2619215569572786,0.3448343514900351,0.3668358760737032,0.18503738173375017,0.2091519083248922,0.24856015515756308,0.30629933081151733,0.17957593967445465,0.22438121720197224,0.18888742055398736,0.25051704279704884,0.13658149939641145,0.3030359097184949,0.17218928961866783,0.19575810912809605,0.20024630981521765,0.2095272304202429,0.211981366539814,0.15505788167650864,0.17791749857869016,0.3365767395806268,0.25857869048743437,0.19325845577440232,0.11651367566242267,0.2724352434130544,0.2250886822741449,0.24444688399581002,0.049251919482808264,0.12482163666778542,0.22448411865808632,0.25081677064972896,-0.044024594878323615,0.24519969939445904,0.016945507093462896,-0.02203520811683451,-0.03740400745612373,0.2262292891766776,-0.05584050302109934,-0.01836408205834385,0.07023158875919351,-0.13715771822469813,0.013677368205292926,0.005505821240459334
0.7086600743874153,0.35045190369315876,0.48642278194863575,0.38043229465347356,0.45485016255019634,0.4373319347379884,0.5129595436402061,0.4798101746344774,0.2552067031823087,0.42176591786579726,1.2012578587630223,0.42730650028409994,0.11275974616026464,0.30611913516119593,0.39139424865833095,0.29262432802714555,0.34313173222870436,0.3654893587630527,0.19666715067785517,0.5903123886069307,0.3764885751202199,0.24711868136250217,0.3817433801792276,0.265330513115343,0.12705316031632286,0.21223838447744872,0.25109102314660664,0.15495073225578831,0.4169317837707142,0.2207913073899397,0.25475746943517213,0.2871646081633733,0.1761306820924615,0.26775454864896325,0.2233611996172065,0.25718465559418113,0.41625296240868764,0.42287321359429153,0.33693315358317033,0.24329098207984515,0.22324493689006744,0.3089678748417003,0.31786371806703934,0.00551062097545932,0.38963428794900734,0.26762822540829356,0.29025750226605546,-0.04249998662037752,0.1307333552001816,-0.2496995458583705,-0.05717775706785639,0.27379373187525735,0.2811064280215198,-0.09341815103454243,-0.12242839293856754,-0.08314875208138407,-0.23982590341405666,0.1871742684831141,0.023814715999550182
0.5804892084360017,0.5871299134538244,0.2962214518117491,0.362261410558711,0.41490277435275646,0.31131682010264566,0.46937942605529476,0.2821723140502527,0.3283842693259673,0.28511991959975935,0.42730650028409994,0.723986929381301,0.11336180366649315,0.2513946103847528,0.34241009277256446,0.325843611816257,0.3514716007773265,0.22574845643112418,0.2336105232050183,0.33801741244350086,0.2879312130450362,0.2996323672109411,0.20726246487189376,0.16652370220407461,0.1810095152687807,0.26901449794792404,0.2751991781447073,0.09617110036044396,0.33800642638952033,0.1331151398779881,0.18786166965780826,0.24042689036869724,0.14064765965241083,0.20441371821007703,0.14584887466323107,0.3059465703645497,0.27711231600921077,0.3623635765525866,0.17144662058634014,0.1602611385795813,0.22449846645339844,0.2515674456251374,0.22968069275092842,0.02780979265911953,0.21603824560692092,0.21115269274515996,0.17878503842040797,-0.05156448056308453,0.40305207861480474,-0.10878075015886247,-0.044767713663690575,-0.009974894222326038,0.19941001153817967,-0.049885959633739034,-0.280233169952487,0.11941688126356424,-0.25316216610403125,0.2763063090102993,-0.2091714864424378
0.14680537904744934,0.1518928749408504,0.07934869497000133,0.11420481121986711,0.1293944046168254,0.11192774723407298,0.10210102493931701,0.1422757099070169,0.08444689880744156,0.12574910882846674,0.11275974616026464,0.11336180366649315,0.20845886978789563,0.09026894406032608,0.07435166823422126,0.11671971651542537,0.12263950720579604,0.09786675452817874,0.1283927054156643,0.1093579185231085,0.08992886107308,0.10865904886031306,0.1182278493471297,0.08199030075500871,0.07741364144721144,0.09763215233370402,0.08600311335405485,0.07834632262854542,0.1520002178054035,0.09830326020430988,0.05599039348384526,0.08135609796411838,0.05427305020942591,0.08587560723003147,0.098935779576408,0.07153934805156097,0.10734402897035811,0.09507778693624111,0.12212976764895815,0.07852455009189362,0.09398553940170637,0.0860990912871068,0.08119123648729946,0.021764987697702125,0.05065408693324154,0.07869736175991839,0.10313880888442721,-0.014373836155197457,0.1839084336949927,0.04653147388344231,-0.0392013108833197,0.026914292393646313,0.008587900692144632,-0.027669143517398045,-0.06567012156906188,-0.01719399412282959,-0.03384432119983852,0.0725827229199063,-0.023178243480465877
0.3957787961989395,0.23305252366170182,0.20104519946347926,0.36704158068905474,0.2889348569669376,0.27932226479493216,0.2426029548900233,0.27098584052107894,0.2570400619964467,0.2250973983944231,0.30611913516119593,0.2513946103847528,0.09026894406032608,0.5975498492915882,0.3394155931112219,0.3215690973945402,0.20816425052025642,0.23934855500838104,0.21566677756620184,0.3236263324044412,0.20932355260521662,0.26597505783172726,0.3235577206528207,0.25498344507263726,0.17019354531264166,0.209573045719531,0.25994656433549246,0.18733687432910176,0.33246695406250304,0.2757693026520539,0.16330034528859383,0.4674796576464452,0.2544445070963783,0.16842022401287854,0.13412676823725606,0.16038309804730494,0.2588271407038939,0.37457645390484917,0.0863977989205767,0.08141488335305534,0.3050730582946503,0.24778959209234042,0.30071979256694537,0.039479257957744616,0.0450224353194053,0.218577761555461,0.26880051345854444,-0.06564408485358228,0.46328380806383207,0.01873801023737678,-0.12995308532096478,0.18084810150833994,0.04511422316564573,-0.022432387427610848,-0.08859108676170481,-0.016859038817487394,-0.19637090547711433,0.13369211879916645,0.17330505956692127
0.44614378911948943,0.6285533354462489,0.5076471187873708,0.34923123486169766,0.3265828405341398,0.3792451338386305,0.23901082504387297,0.30017642010422785,0.3248168578474688,0.2690061958038676,0.39139424865833095,0.34241009277256446,0.07435166823422126,0.3394155931112219,0.9762346072936128,0.27731594405498966,0.3603529635903727,0.48276544586186365,0.18786800617781782,0.4753704312740864,0.33877635276819096,0.2828162183065169,0.4774936567283607,0.26590204003596635,0.21680462246586404,0.2588960650908565,0.31654154147071756,0.3429565259842609,0.45454175287001725,0.27082939477313195,0.27656155856930204,0.2850871954205384,0.25358831466380627,0.2990015287474819,0.2969901199162764,0.16297676509132097,0.5757589860850642,0.4380420892287423,0.2602722891340494,0.2074008522705198,0.29487793005331897,0.3138605800404258,0.4838733508174096,0.040710334086544335,0.34728935519648096,0.2362653872621022,0.37168825492782376,-0.0415392847199478,0.4552889878876606,0.46426048216579385,-0.11081213951327396,0.07404469019515915,-0.16523409903951308,-0.03833052183035932,-0.13021782163159165,0.058559118834722264,-0.3323882950466575,0.22726007933851602,0.035777482091347734
0.37674333947240807,0.3183612066286506,0.17413600566356488,0.29645128533479065,0.30901318032971936,0.27380804602474546,0.2764923886721199,0.26108567893545753,0.23049897999887622,0.23380740527779958,0.29262432802714555,0.325843611816257,0.11671971651542537,0.3215690973945402,0.27731594405498966,0.5330954950320419,0.30593039904459307,0.22125309297010423,0.22869394315580563,0.28251509046181117,0.2267124803166574,0.35069744752727605,0.2280450390150079,0.18802540387114888,0.11244241201379956,0.2251093954180819,0.23110148251533347,0.18862203398532057,0.3411018694319552,0.17833093313277107,0.1864683519843142,0.2604327586739094,0.13482713610339783,0.18580050592502864,0.2589486157757274,0.17605708154205085,0.26522741944014877,0.327847314428044,0.16804378871430622,0.1577966537605,0.249263227541841,0.26604004347105914,0.2602646986839264,0.04070317140354303,0.17316375363398898,0.16589016575524254,0.22332401319812495,-0.047788859711002676,0.37839902606652637,-0.09126567740271713,-0.11773227110557928,-0.0009080308152323425,0.08303158786764775,0.008856091117311837,-0.14662473723947642,-0.00683912213595496,-0.18772985122208175,0.16339916361958645,0.06281938747637607
0.3661424236375417,0.37420992219117133,0.4224155382398116,0.2966123954638927,0.24351796180207666,0.31148179850377783,0.34032325810291847,0.29441527298602505,0.325965437850748,0.2619215569572786,0.34313173222870436,0.3514716007773265,0.12263950720579604,0.20816425052025642,0.3603529635903727,0.30593039904459307,0.9595987010635674,0.2896974365627391,0.3098742223332597,0.4784154507912435,0.35165680858937437,0.29761524006357243,0.28844584857066397,0.30183384951839076,0.32599938696115893,0.1310226690255744,0.40471317442066346,0.4815849980049739,0.40117847026870984,0.22712836732687952,0.3040087299266125,0.20749787061843858,0.4137357965621862,0.2798262339283078,0.3512026445035523,0.2754864588089339,0.6477619897220565,0.5151332790782681,0.17439930768786094,0.20624030953363545,0.3019489223837052,0.41787659460120957,0.49306328482473954,0.05899476913384517,0.3441186559486589,0.3711014078148524,0.3201777851384594,-0.03622540542084453,0.3465078277777781,0.48094238744338713,-0.11248968107985992,0.4091622775080735,-0.1633064503384605,-0.23543382768207835,-0.46930536277326984,0.07219172091229382,-0.2848716876299098,0.49945721820881633,-0.31585686351495623
0.4633850256274703,0.2722915762980232,0.2970486073764038,0.4215209498471689,0.3295701357866039,0.263586402564847,0.27485967623142826,0.3858279646094991,0.3052203698384916,0.3448343514900351,0.3654893587630527,0.22574845643112418,0.09786675452817874,0.23934855500838104,0.48276544586186365,0.22125309297010423,0.2896974365627391,1.1363490549265816,0.21151168286048616,0.20081419367588904,0.3471132498155937,0.30500819602943136,0.7362892066136453,0.15016861535698206,0.21236119124643751,0.25898173329170043,0.4015491802465796,0.3500978340101906,0.33335971035226164,-0.07750122698919863,0.45703299519750845,0.15955953861650862,0.3133777656066674,0.2590484982104841,0.30734315119233774,0.08570037596400057,0.6124357113242455,0.36684997197525887,0.2818221245964133,0.201438214366763,0.23639542314915904,0.23217750868892492,0.5622467637741664,0.04602439581229104,0.44082533516533373,0.2476491589915608,0.45170164483787695,-0.04638419234254534,0.1497215322555214,0.2632381326082105,-0.0516398710805114,0.24557109380537526,-0.003925858237738347,-0.03646835859535894,0.07277251523033305,0.06617439606591399,-0.16424719061907048,0.03489821974821389,-0.051615580486093944
0.39273723228044427,0.3151936678022669,0.35747162645316394,0.04851509599033567,0.19603463522400172,0.28111632503075357,0.17372791855172134,0.31459656938965985,0.36946188617837283,0.3668358760737032,0.19666715067785517,0.2336105232050183,0.1283927054156643,0.21566677756620184,0.18786800617781782,0.22869394315580563,0.3098742223332597,0.21151168286048616,1.5082772612757032,0.08980449950271509,0.28336620065744494,0.36689888403151527,-0.10962447183685615,0.14931902476218678,0.291297514731142,-0.017354573259907934,0.33364489954448845,0.2389707161137165,0.33724885299394536,0.3466361922683891,0.32703703982710786,0.1943863460061837,0.31760345328528883,0.09456785338015561,0.12898104101371913,0.2826753146472904,0.38778628548482025,0.3858519274219452,0.13087191871711246,0.004062663085036128,0.3584447943446772,0.27376667005443633,0.34881362240100405,0.08239957625210097,0.17055986279368673,0.3123465802035844,0.19680837926209063,-0.07325119245600517,0.09059897223215861,0.5571637655343044,-0.14707741729339996,-0.1641298046914244,-0.01749314733938589,-0.13928878426057248,0.05809297261019926,0.0729821029006195,-0.10320967374408657,-0.01770610757399418,0.00565201574382773
0.30673871008383924,0.3931667672210947,0.6489816795585841,0.32113299662295053,0.2857716885727141,0.4313714589578959,0.2998967456477446,0.35728964816916037,0.28014638603828373,0.18503738173375017,0.5903123886069307,0.33801741244350086,0.1093579185231085,0.3236263324044412,0.4753704312740864,0.28251509046181117,0.4784154507912435,0.20081419367588904,0.08980449950271509,1.120656716797356,0.2548498375323792,0.21150226599654542,0.5253665545704254,0.40582899299451297,0.22663338284074075,0.34410515858797913,0.2889131612457043,0.335095860383592,0.6160796621264674,0.5795194239853483,0.176945371374218,0.3510847499670297,0.19509320051638004,0.43064768006711635,0.36490934046369344,0.23952446825400533,0.5960201182772158,0.5635257902796205,0.4481527413865159,0.35407338674978683,0.22845428061927603,0.38107510673413064,0.48941970229323156,-0.010116643979757338,0.48037932503852393,0.2552515975503852,0.40082878289738344,-0.037987342112714595,0.7163143383626848,0.04755486548664196,-0.1627689663629782,0.28040484652972436,-0.024666878893964884,-0.10640863146002844,-0.19193542894086085,-0.11113297911293786,-0.2384904919838598,0.2925876080770699,0.07800311703151684
0.4840069675291141,0.5935025794922633,0.4382526776581282,0.2413592992412365,0.2652579900812677,0.3317273397035346,0.32938809035812305,0.25148841352598755,0.3537170290925598,0.2091519083248922,0.3764885751202199,0.2879312130450362,0.08992886107308,0.20932355260521662,0.33877635276819096,0.2267124803166574,0.35165680858937437,0.3471132498155937,0.28336620065744494,0.2548498375323792,0.6405084022244035,0.26621705855753874,0.2858171072200496,0.23992363796119004,0.22078483369477994,0.08492270115836556,0.2916849779394737,0.2716152938437902,0.2805904500878453,0.2188308301091851,0.3059207913155969,0.17784492293499696,0.3165307604108066,0.1225044065673826,0.20374279416569824,0.24166401489814074,0.5692093163714276,0.510043527974542,0.23950120357254048,0.16868287900668882,0.35801224568634016,0.3209803950229677,0.527417637929143,0.07361861954794072,0.5075645836343922,0.2550233276023091,0.27748700118258085,-0.026437740124093494,0.2630635239256024,0.09538191493948982,-0.139890845819836,0.21233995883568263,0.06052772670080447,-0.08974449005222249,-0.13686435833320362,0.014149132512416687,-0.2702826385721242,0.24182600986378094,-0.013696043756334948
0.4309722455416762,0.4434896581344742,0.4840799667605893,0.19524302426312853,0.24348493492519552,0.3301956085714496,0.2971891679187522,0.2437108513052598,0.5542058845688346,0.24856015515756308,0.24711868136250217,0.2996323672109411,0.10865904886031306,0.26597505783172726,0.2828162183065169,0.35069744752727605,0.29761524006357243,0.30500819602943136,0.36689888403151527,0.21150226599654542,0.26621705855753874,0.8366753301404807,0.1665673864906836,0.1333793079730253,0.04121284941481775,0.2791143788003035,0.3144006601867935,0.1830969454693299,0.3906795211353779,0.029181601094350352,0.29560502000110844,0.2623441130227491,0.10849083481006003,0.2477065957180274,0.23969167218012102,0.20635379452613364,0.2519394933313233,0.41785749856625465,0.2633909318808921,0.14891280352881894,0.19176525119732682,0.26334466343213503,0.3086034636202047,0.0593812175724392,0.29051234365479595,0.16944100349090604,0.18666941683652605,-0.041623379482958425,0.20130623645441362,-0.09179402790798219,-0.09097806944360666,-0.10250756135500816,0.05849032627406053,-0.025684495119716946,-0.04708183028489563,0.07069722818727832,-0.186023758101584,0.05332195072243497,0.023056859693939804
-0.1628460035464187,-0.8503207871784569,0.4039433308489418,0.606527429847886,0.31101499488969586,0.3209618706642019,0.2242351804457609,0.35142364466889864,0.1851131043489239,0.30629933081151733,0.3817433801792276,0.20726246487189376,0.1182278493471297,0.3235577206528207,0.4774936567283607,0.2280450390150079,0.28844584857066397,0.7362892066136453,-0.10962447183685615,0.5253665545704254,0.2858171072200496,0.1665673864906836,2.2946492292432725,0.7906067577618776,0.46288103239278133,0.12930658390875474,0.2741744795653757,0.40265626534570276,0.4373602174846043,0.5482752936453266,-0.32897941774390443,0.38120827668225427,0.5579539071599829,0.4129300680669971,0.142572632555074,0.09546778001984917,0.649142524979082,0.3721526548434369,0.392992396127297,0.26622987437652296,0.4725829950709025,0.258393928550469,0.4385821769420785,0.00830976274848176,-0.016035662362019195,0.3232192765615795,0.6252778561004573,-0.04806666173594767,0.974136538652926,0.7519972714374829,-0.2241953984382858,0.4650191244868677,-0.21281710189998232,-0.1022825094090053,-0.05948018915474847,-0.272468931195282,-0.2755410964655746,0.23445952950820678,0.2898788715425788
-0.20556927249959975,-0.23151373025713468,0.45614069247088285,0.32813477101095334,0.15898878302512925,0.31135432683710695,0.16219015028421657,0.20917193211299345,0.1895487792828575,0.17957593967445465,0.265330513115343,0.16652370220407461,0.08199030075500871,0.25498344507263726,0.26590204003596635,0.18802540387114888,0.30183384951839076,0.15016861535698206,0.14931902476218678,0.40582899299451297,0.23992363796119004,0.1333793079730253,0.7906067577618776,0.8830904025613262,0.4228212325096365,-0.048713720933990255,0.3938957177113111,0.48933193437609135,0.18581036177368068,0.7234567060138718,0.11421627052072657,0.3426938764286779,0.6659029879555538,0.19770348074961583,0.25891212623679555,0.1517269720846528,0.6493868897580728,0.4893677012182105,0.21368082607411054,0.1583607634113786,0.4422187812437687,0.34466282776977325,0.49212023245002406,0.06463444295992841,0.010835817331701546,0.3714292526556507,0.448770730439102,-0.027043086070846743,0.800091508000425,0.49082856716727025,-0.18806171899000287,0.23516632257295714,-0.11824733758724679,-0.22705279614908108,0.051873721102384286,-0.24945917550040872,-0.054059617658925065,0.11073342889696738,0.25254268698873805
0.07173366681193585,0.27153491384004785,0.292956619175349,0.2517166199822111,0.08924275091170017,0.17851313299201663,0.20235888240726632,0.1738875841784139,0.1665165245216967,0.22438121720197224,0.12705316031632286,0.1810095152687807,0.07741364144721144,0.17019354531264166,0.21680462246586404,0.11244241201379956,0.32599938696115893,0.21236119124643751,0.291297514731142,0.22663338284074075,0.22078483369477994,0.04121284941481775,0.46288103239278133,0.4228212325096365,2.1556671578126902,-0.2595214532122961,0.8073526896843354,0.3374177298526388,0.9210598248099024,0.683763828340657,-0.019342913433749456,0.2493722900288687,0.454061458653077,0.5142896205047999,0.14309129023890327,0.45761465733721585,0.7759023370442819,0.5361243980502581,0.4346142797007492,0.006972493000601355,0.3164922666675111,0.3071020594074143,0.556242950862936,0.15260728386038686,0.33503767108312354,0.6775814010829713,0.43807458490648954,-0.1940704365030821,-0.13731483499916736,0.21811401925716592,-0.12701319713707362,0.25768690439838704,-0.067405135628649,-0.20949801919958594,0.11946033611638833,0.21657705296041613,0.0008881843978395274,-0.12096840638426092,-0.1496450358866436
0.4009310982762941,0.5901656110214368,0.22085844429414273,0.17809028019636353,0.23504732820264815,0.23209398969747858,0.18711992245935188,0.28309588090158183,0.24175759307281122,0.18888742055398736,0.21223838447744872,0.26901449794792404,0.09763215233370402,0.209573045719531,0.2588960650908565,0.2251093954180819,0.1310226690255744,0.25898173329170043,-0.017354573259907934,0.34410515858797913,0.08492270115836556,0.2791143788003035,0.12930658390875474,-0.048713720933990255,-0.2595214532122961,2.9794065185193075,-0.6889106788767868,0.14013773160298215,-0.35971977662348686,-0.27382807823977495,0.1170150003832988,0.2607992980630001,-0.32986402573200646,0.3370728916829012,0.3976155697053409,0.06323228745015763,-0.5093315473223756,0.04506237324324122,0.25896308026987813,0.32354410509488724,0.12210990047787906,0.22465128941568846,-0.15390486106264564,-0.018596888991579873,-0.04149450021173451,-0.19775777104833714,0.018935299141329,0.042123526740110925,1.055613147246601,0.4865224632469123,-0.34480007350583747,-0.19373208889232624,-0.3501526853908158,0.14093952936254775,-0.07675583635826189,0.041152767935213004,0.09606765751026775,0.027939060386670843,-0.10894723694836475
0.3934396476778369,0.3544019975560685,0.11137181028284497,0.2590671452432525,0.1591603713957985,0.21604075891615734,0.23684007476299884,0.3829048788140187,0.3209068487661476,0.25051704279704884,0.25109102314660664,0.2751991781447073,0.08600311335405485,0.25994656433549246,0.31654154147071756,0.23110148251533347,0.40471317442066346,0.4015491802465796,0.33364489954448845,0.2889131612457043,0.2916849779394737,0.3144006601867935,0.2741744795653757,0.3938957177113111,0.8073526896843354,-0.6889106788767868,2.823908484870298,0.6632430531043078,0.2779238343937758,0.3779078532248924,0.5178141583633231,0.24302023584293567,0.7403956735154492,0.25656740760177893,0.45348370308599967,0.5733001962390853,1.1715069536169886,0.9803586925962896,0.18192944788048032,0.22226970075569547,0.6038488156455994,0.4578416293545626,0.9697386035272342,-0.058342854719584926,0.5552079423498311,0.5597176364303819,0.412600048519333,-0.06335292523954376,0.6659294522996222,0.11475587868518507,-0.22325905460951473,0.5208859865828194,0.07229304331726676,-0.28111229843931834,0.26881336227367975,0.024614524217800797,-0.06100490483435842,-0.12279170836837587,0.18238809211573545
0.08897024271099281,0.08675447056327752,0.4265718559842171,0.20006139277658944,0.011986344199965648,0.252301897251598,0.0962706373397788,0.19316178379600682,0.2144693630380382,0.13658149939641145,0.15495073225578831,0.09617110036044396,0.07834632262854542,0.18733687432910176,0.3429565259842609,0.18862203398532057,0.4815849980049739,0.3500978340101906,0.2389707161137165,0.335095860383592,0.2716152938437902,0.1830969454693299,0.40265626534570276,0.48933193437609135,0.3374177298526388,0.14013773160298215,0.6632430531043078,1.311020469294866,0.10465286348432722,0.4192803909850258,0.4154192660613587,0.20723631943971826,0.8612907434207574,0.14559768194425907,0.8562268172971599,-0.06829875727239411,0.8120640831614893,0.4645679482498181,0.19182183732910787,0.23676679981399112,0.37428200658825417,0.42529330506359564,0.6885642340019683,0.07883734809630921,0.1140260091546556,0.3482419238524412,0.42873922090909655,0.07198779897118926,0.6908430319653825,1.2230262024921943,-0.15119483543713136,0.690298701440807,-1.032298514772167,-0.3447555304991308,0.4071401224671256,-0.10558544673573028,-0.0397491700843761,-0.23768134296200116,0.3861807493633558
0.25823032740198976,0.7654978104025099,0.7320459124770649,0.32487792096846985,0.23180896090495645,0.387287161240308,0.329142366711596,0.30561459512936995,0.3955777207606179,0.3030359097184949,0.4169317837707142,0.33800642638952033,0.1520002178054035,0.33246695406250304,0.45454175287001725,0.3411018694319552,0.40117847026870984,0.33335971035226164,0.33724885299394536,0.6160796621264674,0.2805904500878453,0.3906795211353779,0.4373602174846043,0.18581036177368068,0.9210598248099024,-0.35971977662348686,0.2779238343937758,0.10465286348432722,3.026205763404597,0.5542865000031898,0.04048239728601544,0.3733740353731396,0.0727690012065026,0.6861761846572249,0.25511528939678996,0.5411858395644916,-0.17670921386798355,-0.06421714989869541,0.19006353180774907,0.13185062546578044,-0.0509756498839905,0.2072192951725827,0.3720995953609697,-0.012383200195603747,-0.11941518874022786,0.510448929643085,0.4420108121728724,-0.28557428796898426,0.48440521268354675,0.12357231783379057,-0.29459322444372116,0.03357924089957608,-0.07934286296709428,0.03796906371058151,-0.30527177913706915,0.1931008624727039,-0.39662808172781006,0.2741337023274685,-0.014065517900690671
0.0812557132889373,0.1433870195556643,0.6111142167120402,0.09804489393005696,-0.0041300674568314506,0.23030416404945192,0.055439320540913675,0.2813935826883373,0.17067549135978757,0.17218928961866783,0.2207913073899397,0.1331151398779881,0.09830326020430988,0.2757693026520539,0.27082939477313195,0.17833093313277107,0.22712836732687952,-0.07750122698919863,0.3466361922683891,0.5795194239853483,0.2188308301091851,0.029181601094350352,0.5482752936453266,0.7234567060138718,0.683763828340657,-0.27382807823977495,0.3779078532248924,0.4192803909850258,0.5542865000031898,3.088168227467882,-0.05760838454951573,0.24530112539808943,0.367507515725487,0.1573602694001522,0.6333103221697712,0.24126230917885352,0.7940792763682163,0.45811171944125784,0.5579847319970137,0.4654578611500817,0.6567931776078627,0.41926002304070736,1.07098066965905,0.14491905941548405,0.22857496660120633,0.4713676144297134,1.2111711377942678,-0.135353662969609,1.2894411686721792,0.30372612593548654,-0.11247599580788403,-0.7288014748091228,0.3698820383006208,-0.18630929786091036,0.1250243914511081,-0.4047550769801906,-0.11020389578602753,0.3407109316406082,0.3013318357632725
0.4500122285211438,0.6372670648156704,0.3053638898220481,0.12935660311159253,0.17104257156796357,0.21203054753123757,0.22216460786881703,0.2179749993701655,0.3198423615468991,0.19575810912809605,0.25475746943517213,0.18786166965780826,0.05599039348384526,0.16330034528859383,0.27656155856930204,0.1864683519843142,0.3040087299266125,0.45703299519750845,0.32703703982710786,0.176945371374218,0.3059207913155969,0.29560502000110844,-0.32897941774390443,0.11421627052072657,-0.019342913433749456,0.1170150003832988,0.5178141583633231,0.4154192660613587,0.04048239728601544,-0.05760838454951573,1.1637295983277258,0.09730824745487276,0.35100529132787106,0.06741454657611469,0.4650736890657578,0.13560023696606086,0.5025866915945769,0.5213613718885863,0.05455174950277661,0.11125088071024349,0.1545344432773931,0.3406216368684549,0.663958735892191,0.1035608730989291,0.5150166976968671,0.2672724694955313,0.18246020469270888,-0.010753956771851323,-0.14344510594539125,0.0813383096255546,-0.017089132456022952,-0.016612752311540604,0.10455380641339397,-0.16055367178683294,0.2559505880479758,0.14446519441720584,0.047548859805823275,-0.1583759612035066,-0.11140965501348651
0.19725545756603574,0.09720212902362184,0.24482713672912335,0.3800320869094207,0.26770116201930255,0.308665085611303,0.25324294014099197,0.23012485770102595,0.2637916219757628,0.20024630981521765,0.2871646081633733,0.24042689036869724,0.08135609796411838,0.4674796576464452,0.2850871954205384,0.2604327586739094,0.20749787061843858,0.15955953861650862,0.1943863460061837,0.3510847499670297,0.17784492293499696,0.2623441130227491,0.38120827668225427,0.3426938764286779,0.2493722900288687,0.2607992980630001,0.24302023584293567,0.20723631943971826,0.3733740353731396,0.24530112539808943,0.09730824745487276,0.8314402388250158,0.28708599631973925,0.270422934199109,-0.057966972679790355,0.24679775234846704,0.043319095171245846,0.40407113107798803,-0.006028463931287678,-0.02060539918560172,0.23503668676599163,0.2420522695308346,0.22343836637379993,0.03753385255580153,-0.07426848629082324,0.2841931497264562,0.19527405475244747,-0.09496797885685003,0.32232257598038744,0.18918343124248158,-0.04901268076986282,0.5816894719344919,-0.46278851223967143,-0.06246432298075723,-0.09959470958231074,0.028901726205479622,-0.16559983322807406,0.12487166962950584,0.08051125257357432
0.1344525570910384,-0.0650096816190939,0.24756994371645308,0.3205024443564225,0.16104940944594504,0.2678570973779564,0.23329027679990016,0.12419716073943866,0.237963308791004,0.2095272304202429,0.1761306820924615,0.14064765965241083,0.05427305020942591,0.2544445070963783,0.25358831466380627,0.13482713610339783,0.4137357965621862,0.3133777656066674,0.31760345328528883,0.19509320051638004,0.3165307604108066,0.10849083481006003,0.5579539071599829,0.6659029879555538,0.454061458653077,-0.32986402573200646,0.7403956735154492,0.8612907434207574,0.0727690012065026,0.367507515725487,0.35100529132787106,0.28708599631973925,2.0192811211960016,-0.10017515720718533,-0.20759188383389465,0.015809156443311656,0.959969192674828,0.5571252916486075,-0.21609009394923578,-0.2409044930456755,0.35038454922749573,0.4628851591546779,0.7197918994464834,0.06360958264562233,-0.45746173082374986,0.5828640578911621,0.3693764661739767,0.04228986172151845,0.7605022485988875,0.9366645565871228,-0.2694328873252714,0.4331269569088529,-0.11798674589953805,-0.5580462627354076,0.33036143644932847,-0.009730931227641073,-0.09822457751219124,-0.13336437524391456,0.23331262338016598
-0.5948033062337931,0.029003624238506307,0.4405033507802718,0.394015371147388,0.16351863225679544,0.2969184605274321,0.12683389146972973,0.2799491281686853,0.2510300534940016,0.211981366539814,0.26775454864896325,0.20441371821007703,0.08587560723003147,0.16842022401287854,0.2990015287474819,0.18580050592502864,0.2798262339283078,0.2590484982104841,0.09456785338015561,0.43064768006711635,0.1225044065673826,0.2477065957180274,0.4129300680669971,0.19770348074961583,0.5142896205047999,0.3370728916829012,0.25656740760177893,0.14559768194425907,0.6861761846572249,0.1573602694001522,0.06741454657611469,0.270422934199109,-0.10017515720718533,1.3455315209077177,0.2691915250725276,0.22208045913008323,0.3284677141840095,0.15665089429222237,0.14364593881599433,0.02745241467136794,-0.07078129281348149,0.2812342165392822,0.5944104587635081,0.1369978807033677,0.08939006783248613,0.22395549177612234,0.31859214783678236,0.009335573409991414,0.0576322586236956,0.2584559323378777,-0.027627776843663316,0.16145421075470368,-0.20741186943056933,-0.20571443814045992,-0.189324443678617,0.07036509930479655,-0.2892360632390397,0.1855029826476451,0.18048835335708394
