0.9072332291284281,0.16914424897385605,0.3057414072213343,0.05333251800911053,0.2876447844134444,0.09345656109951377,0.19339750702112246,0.152341455085184,0.0887497137457973,0.23648039449603267,0.125593897328193,0.17285067067657534,0.04655318430513949,0.19541226904490103,0.1591802224442894,0.1731339066854203,0.11625099852381408,0.15754499817967788,0.053274023986345904,0.0967999683777863,0.11507491076613205,0.04349487574012173,-0.04303637016099524,0.00036412477185894396,0.12472862786904979,0.2229140990258302,0.1035504548202411,0.2708867077007319,0.008902627059701526,0.021946487814125743,0.18060359326618355,0.1488346489818401,0.12178351032960828,-0.11975040781579215,0.05980808892597779,0.1280008533996456,-0.0009327499250783457,0.09062415530879285,0.05034548443320267,0.046174360627321526,0.16449161440224166,0.11261175193637599,-0.0219092047874283,0.06750939171429121,0.2078916982686379,0.20659017540716898,0.10140486808293274,0.006655432194016082,-0.06402982118277271,-0.09728463526080157,0.05558758621352608,0.13996677211406405,-0.0992925413665773,0.017752921351150246,-0.3152717557415993,0.017488093887890792,0.11783353401089604,0.40314742585536084,-0.5048596523364157
0.16914424897385605,1.2742189594769937,0.6397225298382235,0.11753897462379269,0.1455961498992164,0.3393498523021267,0.02258232665016507,0.3583742748420805,0.0897336801362547,0.24134270459185897,0.19248511097543172,0.11414126548713502,0.06055104186097941,0.20718495421591102,0.1416293409382508,0.17133071952301718,0.1603087925090782,0.38626441721280447,0.03336186146512098,0.326745176860417,0.2872630534191947,0.12353935441415899,0.09163325022677812,0.025333099977468677,0.4057608207244257,0.3495995094207502,0.17012290040300707,0.3445991799232589,0.34719870653928375,-0.17392685087174,0.2724996251243764,0.0812428901591873,0.09376756883351389,0.24010757150691528,0.19749039918174094,0.23041916846495045,0.13054238552951752,0.15957393918872562,0.2795913867400264,0.1457794344712077,0.21682772967044617,0.26359473729260147,0.24717828415900253,0.10429899891711808,0.6686386156715188,0.27384343502523745,0.1736973956836716,-0.01598146772647677,-0.3317820814029029,-0.2645194886133031,0.2546327326919246,0.3195600513016946,-0.35322662421367457,0.0362353373241885,-0.195552591401983,-0.20059942517740972,-0.3813604928299852,0.2336558732847394,0.3262149210765598
0.3057414072213343,0.6397225298382235,1.4695606112908022,0.06954007891544035,-0.03396339429852502,0.13512571036839166,0.023615902483277947,0.29527395940924406,0.25267624646848613,0.2563400832797562,0.06476688418796196,0.07901351681986582,0.0398547807396308,0.1589379121506308,0.13516851371803382,0.10269676490413963,0.19136798802823293,0.25294966987236395,0.0663955066035967,0.10423292038186333,0.20634805482636018,0.12317572755977538,-0.007998863353416277,0.07001915455175524,0.29780626313689157,0.27520884482308994,0.14818425023558868,0.4259099045797473,0.17604091116698878,-0.4884335568996798,0.2998064829991643,0.10001684345561376,0.056573600012346195,0.06275206960418551,-0.026101282345421188,0.38672989074059005,-0.02774211649673829,0.07659241250092252,0.13764434243540447,-0.1071557077568372,0.31139520016715844,0.2074679036257883,-0.06190610557339637,0.0901400493884098,0.5573513309804426,0.45489624190552186,-0.028883453245687845,-0.07103205549597835,-0.7009119915382258,-0.10929301552644045,0.18849115644817027,0.41823852687048363,-0.348741062234983,-0.0766196901427292,-0.24204076357490867,0.0074906120247266615,0.03486484412610757,0.060806966104900995,-0.20588535769534963
0.05333251800911053,0.11753897462379269,0.06954007891544035,1.106175745454566,0.5443160686607086,0.44479745935532633,0.2864538258452395,0.18593559830837225,0.18651663950908107,0.2304390316395835,0.2751259075607008,0.32013634625722037,0.15723669441721438,0.32956074594706586,0.2737693526270245,0.3322604000660833,0.20524205187091685,0.2572535678848079,-0.004277996806170329,0.20122856043657172,0.21462376776886033,0.1689278624171432,0.17577447605242805,0.22126237221666076,0.2649430092849351,0.3124160875289929,0.141532233550215,0.13926761986242406,0.29081946319817215,-0.02108600809767223,0.25948954328378787,0.17936676737601262,0.011356831727776878,0.39075169492100986,0.26675202302435114,0.17381167857943466,0.04959764285350199,0.08838586335963429,0.17669877697583394,0.1684895748469946,0.03511147780534338,0.20844360937484846,0.31880047495064395,0.06578767395853435,0.2269091880305502,0.09943720219539053,0.16466445347866068,-0.02633024760108083,-0.05125815043780099,-0.27292659927945023,0.029365595957929785,0.18845843194083695,-0.04454484983670992,0.08007173415610139,0.13524183619459396,0.12558209149850486,-0.24145906750784626,-0.019177853026786023,-0.033060794044944795
0.2876447844134444,0.1455961498992164,-0.03396339429852502,0.5443160686607086,1.1894145370256268,0.3299822282611082,0.15841721241644094,0.2163607420403172,0.15418943425773896,0.24349799535567618,0.21135218234271494,0.2474802152545261,0.15016300942418837,0.29101030669935035,0.2891668210297398,0.3404582087875269,0.1359173963689428,0.23895834789150838,0.009428646508681332,0.19136860332608188,0.17915545883894304,0.1121763876000422,0.15900401197847996,0.17641571204024958,0.18343438405789936,0.2953245949193835,0.08775638054074873,0.0691020194077833,0.227334609241903,-0.01643568690742566,0.2266583835867052,0.17821033047242643,0.007910373272294446,0.39078245400611067,0.25946390269196923,0.1258342293519781,0.06455466519872642,0.08530886276311087,0.12066342514513592,0.16568085114039718,0.009925135232305924,0.18431475519469015,0.22031089881632468,0.059134925146951414,0.11812249695489829,0.06100683436415146,0.1531438653365478,-0.007853331280948986,-0.012403086244348323,-0.32845775697506,0.042906947540580914,0.11327303493184229,0.05857357777337737,0.1172446894324887,-0.013649162561378355,0.024202018162060274,-0.17930914058850134,0.08080827066212225,-0.024259629572825864
0.09345656109951377,0.3393498523021267,0.13512571036839166,0.44479745935532633,0.3299822282611082,0.9328748320244722,0.0710704337832147,0.41201629038022985,0.16579250854993033,0.31400388859061984,0.3601703068780986,0.28954903834565665,0.1284178176470647,0.35177543247984233,0.20430471281271262,0.28938772313059324,0.27038377907099315,0.2995062559876451,0.16236791089405206,0.3489706141754548,0.23337785515143744,0.17090118363257273,0.12812901753726802,0.17422369408192928,0.38821733754903187,0.4055214952782177,0.18585445744002074,0.1844937333014674,0.4191296992269845,-0.04568941523291841,0.295960518145833,0.21976294885686395,0.0050718881006727645,0.38240396345973054,0.2882315655466844,0.13253874238854985,0.10455402554719676,0.18588986020485465,0.30373163439632817,0.20341315145288463,-0.044021294345287024,0.2056883716028269,0.32871258493207434,0.08411636318828171,0.3243393827465289,0.13666162248035985,0.20898452925964447,-0.014477247904293392,0.03180819872927282,-0.15860282640198084,-0.03690014022880125,0.12683405219866623,-0.08100975758733527,0.09765805760062501,-0.006237526419226229,-0.058529899683009486,-0.1603428149281557,0.1794330510903979,-0.05103316340316404
0.19339750702112246,0.02258232665016507,0.023615902483277947,0.2864538258452395,0.15841721241644094,0.0710704337832147,0.5638479994245007,0.020105719677542815,0.21710631586246712,0.17106793814273333,0.235986925720135,0.31072992818803136,0.12453432835816139,0.09288899424681409,0.18397994415495103,0.2186803277498418,0.17984793765371576,0.14631639589676287,-0.004593672917862106,0.06288869746218201,0.15246374766129678,0.14965776069423478,0.11602960767897484,0.15996848983542403,0.11916387079247134,0.17171860108334544,0.1755323783608432,0.07822921935993452,0.12539971452386536,0.16408552319445904,0.16076155778350362,0.16067467048430412,0.12088473278759708,0.20721835012611692,0.13120926509462671,0.190359692313149,0.032536322051073936,0.040881477286932,0.09533681059712294,0.08039375526095881,0.12405617991134112,0.15490398827548735,0.14236423108092475,0.06284749160738198,0.10397479328908645,0.14736459025923881,0.14996453858847975,-0.012244091511328343,0.06291782747426367,-0.12132169286394119,-0.005439618567642428,-0.08601749857584258,0.22167397917833714,-0.013991506577888255,-0.034490622931225685,0.12092535698921417,-0.05597952366303528,0.055584770744381284,-0.19347310217202576
0.152341455085184,0.3583742748420805,0.29527395940924406,0.18593559830837225,0.2163607420403172,0.41201629038022985,0.020105719677542815,0.694673420791386,-0.024337434501964426,0.26535786045615317,0.29676621772536105,0.14343270592256616,0.10889164219852021,0.26484957532975717,0.11532533229638979,0.20924611296942627,0.24306910630996015,0.215318001394464,0.18209706062273087,0.2904559565189249,0.15143301602171644,0.11195809568324709,0.04016729598773242,0.07969718812590426,0.28685344210796354,0.25598113600087646,0.15789107689842152,0.19273865353722447,0.2671457197995879,0.0373165173110854,0.19530403533532573,0.1672834068532109,0.07739819836338478,0.26557845563363053,0.11473499748372366,0.15899525529281025,0.15024900563951157,0.16888306564646785,0.19588337542559542,0.08149054601268071,0.09436813998118936,0.12911667383909806,0.1932651329635919,0.07870868489394511,0.22971371384280248,0.1971876885020193,0.1911461174994248,0.0047091240665107755,-0.033829265555074164,-0.11098695097177652,0.02519936490377109,0.08623141195236128,0.03552207137811143,-0.008285431290722857,-0.1303805434722782,-0.21614769011562704,0.025827535233820104,0.29227357720010905,-0.05834775595087605
0.0887497137457973,0.0897336801362547,0.25267624646848613,0.18651663950908107,0.15418943425773896,0.16579250854993033,0.21710631586246712,-0.024337434501964426,0.6405030727997398,0.08361423136527744,0.09544265920649614,0.11225172548521073,0.08089583909412124,0.15687513731345393,0.19146542505837155,0.15883240658637163,0.17003582906290202,0.12068420922709763,-0.06553326971730417,0.08385353060778306,0.17772367314977877,0.09143177220233416,0.02044681175692259,0.1924527232697151,0.05712434186622182,0.30789745206955593,0.12573515251573208,0.1983695525064047,0.010510309243538052,-0.05132602753889678,0.2770620646890684,0.11464289844680829,0.10212229720824599,0.04416892221580777,0.11534780466087445,0.17302131711100058,-0.05063014481555236,0.0488284206814326,0.05234948804314845,0.08312109733139479,0.09534382166127642,0.17768918067017156,0.08506232077431196,0.02836751125671231,0.2881548392934815,0.18483089008335343,0.07037204055084548,-0.024162568474242987,-0.18953145329997015,-0.20445243587737574,0.09513214665342067,0.08985197160839946,0.08896890786322709,-0.016919809478549312,0.030487973512261377,0.24663306317017716,-0.1345837214547061,-0.04493795271352989,-0.2653501052275911
0.23648039449603267,0.24134270459185897,0.2563400832797562,0.2304390316395835,0.24349799535567618,0.31400388859061984,0.17106793814273333,0.26535786045615317,0.08361423136527744,0.9250444871980787,0.2281252424873706,0.2879046505371382,0.07679601192715463,0.21763811528380483,0.2787683945244915,0.17695320714204874,0.24832064035673357,0.3046259247955844,0.13380416518004545,0.1515999808167309,0.15419012895399728,0.15005821257217686,0.23387757425677508,0.16753463519057563,0.2559004290290816,0.19958218928284469,0.2634726248578848,0.08184639513451993,0.27308709892000904,0.16605913937433048,0.17650042599047144,0.17536422930441892,0.09260090189332833,0.4702721082803215,0.23891450635461434,0.2722839591043483,0.23747108492657526,0.09177588011174663,0.20033871383751656,0.10048580299632265,0.1893882134839021,0.14894771074738594,0.17420904231718778,0.1133021564408418,0.2942686004430609,0.2671636935166152,0.2948268447050757,-0.020400563240504863,-0.1108528665691682,-0.01062336456723066,0.053102467640142655,-0.10413975491433677,0.07253905015827895,0.028575220196419608,-0.20273077385532953,-0.05304005646788791,0.1015564940216087,0.13420610006201716,-0.1588541592238867
0.125593897328193,0.19248511097543172,0.06476688418796196,0.2751259075607008,0.21135218234271494,0.3601703068780986,0.235986925720135,0.29676621772536105,0.09544265920649614,0.2281252424873706,1.1008961525375154,0.34614997855252877,0.1332726897389076,0.17881376980176358,0.2965099866309008,0.35547373635305135,0.2645465771633132,0.20332351194927198,0.085335270966649,0.40271400421198233,0.265974578883395,0.11287656859826019,0.10422091324286238,0.217686601124591,0.12876656547851456,0.11524602693680022,0.28804764335816807,0.12211017549656417,0.23238720777872346,0.29846531511797897,0.2795736452532208,0.22542665752409738,0.20932619218242396,0.3263978873153266,0.21205307819487076,0.2669164167515754,0.17040696687611578,0.20763595148828562,0.23265034240007568,0.2113503309993392,0.05283296399849462,0.27338174134692184,0.24386837576319895,0.10443659116073097,0.5341032019298287,0.26355425427835877,0.3002648286780157,-0.00020384774545268,-0.23518125141933252,-0.5578239348266928,0.13208219358408552,-0.25034347275385616,0.7145970549449351,0.02174842829002457,-0.22153075325006635,0.02805462600758139,-0.0654695350108788,0.2701187055488406,-0.2572634067955955
0.17285067067657534,0.11414126548713502,0.07901351681986582,0.32013634625722037,0.2474802152545261,0.28954903834565665,0.31072992818803136,0.14343270592256616,0.11225172548521073,0.2879046505371382,0.34614997855252877,0.7639641290568175,0.12315464809264745,0.17029613570621352,0.22643513063642015,0.24581842366651538,0.21767493696689777,0.1336016691914617,0.09023612557697945,0.18704698221953733,0.15957407099284784,0.12023629405291551,0.1240961862154802,0.14073834226941592,0.16909188302327066,0.11532882594786208,0.2187554389615195,0.10052881936320232,0.22519417727353444,0.15791082618601038,0.113148674106733,0.22788822955200247,0.09877759574072581,0.2867619486622531,0.14107029173538982,0.2213297324413267,0.0639553293010658,0.10056546914210113,0.17014742037176184,0.10437521750509449,0.06320978685500499,0.1621011230106537,0.1792992304455544,0.06575149648497612,0.17672248164559692,0.17578532227806387,0.1749684617438123,0.0022973376421336887,0.06537010661059096,-0.2646758830819345,0.012837928578160894,-0.026039489776176233,0.23632668153740577,0.00900106284636121,-0.09298982863075267,0.0885568968846458,-0.079782037650589,0.15877341298642464,-0.292689459063995
0.04655318430513949,0.06055104186097941,0.0398547807396308,0.15723669441721438,0.15016300942418837,0.1284178176470647,0.12453432835816139,0.10889164219852021,0.08089583909412124,0.07679601192715463,0.1332726897389076,0.12315464809264745,0.38936054248784824,0.09124151251515035,0.11933869560127035,0.12707938336214375,0.15789923747743906,0.08849275689598947,0.08174719507117509,0.0898045943448173,0.10115230630820062,0.23969392964661462,0.0975457688870975,0.13750315550614325,0.15039482997311807,0.11643984552360342,0.13640066403282225,0.016169323378998634,0.19202729659848217,0.09883710060659742,0.1034644359390288,0.151737280121294,0.07398154233143972,0.20904738287917204,0.1277109671465553,0.13279211222009785,0.07030513085927377,0.055841714360306896,0.13961619355988317,0.06274558564659281,0.08576563086221507,0.10066449499163412,0.13955082323942086,0.06628330103888917,0.01031228201117687,0.14289694120988855,0.12447068564761275,-0.04073514178526065,0.10584864794471666,0.07362588397970388,0.0018058970028175967,-0.1537969083891031,0.0714240357457594,-0.015348507104093774,0.1382988833723256,-0.007015156775497477,-0.08285377309933344,-0.18191108990314273,0.17785429375492154
0.19541226904490103,0.20718495421591102,0.1589379121506308,0.32956074594706586,0.29101030669935035,0.35177543247984233,0.09288899424681409,0.26484957532975717,0.15687513731345393,0.21763811528380483,0.17881376980176358,0.17029613570621352,0.09124151251515035,0.5542942329732691,0.24563445319738136,0.27042217387545747,0.20434300719890283,0.15425049158895537,0.06063644716301126,0.25855126621885605,0.19377758402950862,0.11119471243053378,0.08737093786715786,0.1332704856108819,0.27445524846171737,0.2992949729962401,0.03411307757969194,0.1880904314785147,0.23061666318298568,0.026138447956067963,0.17388388774922212,0.12730860388975548,0.01314721826868913,0.20978735047800323,0.15365917467613469,0.17138875576734405,0.05638081993276731,0.1242345423601487,0.22149189564798344,0.14008120214528227,0.14164896090883777,0.18137093645437993,0.23120739210919167,0.07302071235943193,0.31634444756340524,0.12389572188284749,0.15507033699638667,0.003907796889543449,0.055519037351248725,-0.21032953128975512,0.06160195293336129,0.11515591609945874,-0.05690641336502489,0.052060640956050244,-0.13371128504168625,-0.004631926262843066,-0.18795975428838066,0.2579826056509254,-0.07488616441920236
0.1591802224442894,0.1416293409382508,0.13516851371803382,0.2737693526270245,0.2891668210297398,0.20430471281271262,0.18397994415495103,0.11532533229638979,0.19146542505837155,0.2787683945244915,0.2965099866309008,0.22643513063642015,0.11933869560127035,0.24563445319738136,0.765703956601273,0.2076801311282719,0.1720479229063087,0.1863311268364956,0.053263547204723,0.25047848328138334,0.18667376735346738,-0.0044492754046442035,0.07307816070419408,0.15926774006553526,0.222902763043368,0.20696203309975797,0.16273060993855662,0.18971038041182728,0.19198403338834574,0.10641970425000372,0.23947832107036987,0.11093220209798055,0.08870913788655634,0.2729565052592161,0.24042155373074853,0.1944068406120965,0.1733042383668851,0.10047110971274889,0.1185171758213408,0.11879059215702384,0.16771110947340562,0.19363595505341472,0.2142337213405798,0.05175475062743524,0.3478510943218389,0.16173776894826933,0.1818815251674062,0.02074117581515604,-0.17304275203632938,-0.1621717412842675,-0.006746947956954363,0.22539793276458894,-0.055480545554862495,0.04550978034460841,-0.04337529636065361,0.11709865046628429,-0.18146287036604744,0.08615489777389856,-0.12420941794612984
0.1731339066854203,0.17133071952301718,0.10269676490413963,0.3322604000660833,0.3404582087875269,0.28938772313059324,0.2186803277498418,0.20924611296942627,0.15883240658637163,0.17695320714204874,0.35547373635305135,0.24581842366651538,0.12707938336214375,0.27042217387545747,0.2076801311282719,1.0889508076226588,0.18487542950349342,0.11501336785871917,0.09204950413059992,0.22044423232698424,0.17356921556117905,0.05498785946432602,-0.07101119516020303,0.09696240551545708,0.14061775496415135,0.19016557704666778,0.08957056891579504,0.3538840754829616,0.18562461936639196,0.16091834717873824,0.21009558020414845,0.22886323340018486,0.04220956659476023,0.2128554836300212,0.2939788192557207,0.1551140878396845,0.0324330412231818,0.0962073384427516,0.09738240887502236,0.1500942511211575,0.07884275337919436,0.17780324142758067,0.23790801442644005,0.07394381689962015,0.25593724774546456,0.06280475901309887,0.15905542482245205,-0.00780037430267792,-0.1462950788123959,-0.6993200880197806,-0.032368269714110075,0.1462405134111386,0.18972222540764225,0.12851431433542584,-0.026243352356867235,0.035523346587416536,-0.25195655339160067,0.1739048742245537,-0.12355105753402275
0.11625099852381408,0.1603087925090782,0.19136798802823293,0.20524205187091685,0.1359173963689428,0.27038377907099315,0.17984793765371576,0.24306910630996015,0.17003582906290202,0.24832064035673357,0.2645465771633132,0.21767493696689777,0.15789923747743906,0.20434300719890283,0.1720479229063087,0.18487542950349342,0.6929410225462502,0.06192794901082554,0.08812964286786705,0.23572591961490486,0.2211572355332256,0.2464328692157756,0.10994913420802487,0.16241552105072873,0.32383133319190216,-0.03402671342815433,0.21570889507107582,0.06054329710521892,0.35372911220573644,0.1931099536965867,0.11981549205131531,0.1182957888480506,0.08687719006821418,0.28380635919022396,0.15732443682890496,0.2872590428654482,0.28803131609503085,0.15110036520134443,0.3061571136155649,0.11662950840768041,0.15636945364268504,0.20145180810883997,0.24786705054477132,0.07854245984599349,0.38622617379782087,0.24013003830051566,0.23277030236611412,-0.043660771014041984,-0.045571882040981934,0.1786845172293905,0.02929887002432922,-0.2673799575111669,0.18974623644442362,-0.028773132595214204,-0.009561558502104366,-0.0403703670983096,-0.10150433848563287,0.045686188138275796,-0.01606152738858623
0.15754499817967788,0.38626441721280447,0.25294966987236395,0.2572535678848079,0.23895834789150838,0.2995062559876451,0.14631639589676287,0.215318001394464,0.12068420922709763,0.3046259247955844,0.20332351194927198,0.1336016691914617,0.08849275689598947,0.15425049158895537,0.1863311268364956,0.11501336785871917,0.06192794901082554,0.8095747630252002,0.07690918566514539,-0.012496900974787123,0.24041403741649936,0.26460236477298704,0.46943574317873943,0.12950787270501382,0.3961865935887751,0.472164886085699,0.0977414699768406,0.06011708332555669,0.3047272840006508,-0.11729344122157842,0.36008663182546463,0.16077225906197565,0.09221546536575044,0.3363958095757804,0.23177497345424186,0.24525551122953007,-0.03659995277055035,-0.007183785380398474,0.3336600001373846,0.20803952414382698,0.2416024637193545,0.2067113773089687,0.23960214001696972,0.12231231178998037,0.5683560773121462,0.22772707075070014,0.3437515210992952,-0.056746149294296416,-0.20145093724689725,0.08755051815401037,0.26883792648299104,-0.01186825832702432,-0.33712317936928576,0.030418282243894687,-0.09992634536743943,-0.030053280276185097,-0.06143663673658616,0.1807116784930627,-0.18154852475998104
0.053274023986345904,0.03336186146512098,0.0663955066035967,-0.004277996806170329,0.009428646508681332,0.16236791089405206,-0.004593672917862106,0.18209706062273087,-0.06553326971730417,0.13380416518004545,0.085335270966649,0.09023612557697945,0.08174719507117509,0.06063644716301126,0.053263547204723,0.09204950413059992,0.08812964286786705,0.07690918566514539,0.877547052630636,0.09888918836679528,0.08121055119792975,0.13306797903459833,-0.0689355159960602,0.005308426725482414,0.170235353073336,-0.0063466589657104,0.05163727705905217,0.12515549129480835,0.15803675056434588,0.1345308997200349,0.08198839834273305,0.09003611324038763,0.11200020741171987,0.11218596436932107,-0.027765764524070535,0.1359775099909708,0.15567528123226382,0.08664507177456354,0.25697096564543775,-0.015314779072289859,0.13888881298325859,0.048812958515566655,0.0789824468007253,0.0454205229561317,0.08013741088714302,0.07552018081029843,0.08954692285752645,0.03410255832394218,0.26829609800373166,0.4237927221811457,-0.0834282504290996,-0.19156640070020486,-0.08447024272883465,-0.08264970122227082,-0.1504640834483125,-0.07195701674405391,0.07056706258429425,0.18967266075685205,-0.05369735473822722
0.0967999683777863,0.326745176860417,0.10423292038186333,0.20122856043657172,0.19136860332608188,0.3489706141754548,0.06288869746218201,0.2904559565189249,0.08385353060778306,0.1515999808167309,0.40271400421198233,0.18704698221953733,0.0898045943448173,0.25855126621885605,0.25047848328138334,0.22044423232698424,0.23572591961490486,-0.012496900974787123,0.09888918836679528,1.2143964417162851,0.18892433154786573,-0.1044015986352669,-0.23314894015182472,0.09643817065864609,0.25047227941932854,0.26869302434011255,0.2193759441615834,0.5182295788293143,0.23902960562235218,0.2615774295223964,0.331921174561438,0.24009969994990576,0.18540686934083944,0.3147532925124089,0.22016025586791818,0.1395387118904994,0.5563599397312237,0.5198765452342056,0.3642474530785546,0.28261254234215194,0.03926372531788698,0.160937961725009,0.3933120791475409,0.08728549028082616,0.6319333705762405,0.20543965813850196,0.1793570933735869,0.10725063963730054,0.10265444829322674,-0.4062102800145119,-0.044772368419954314,0.27536440008274954,0.10568333602420593,0.013801065570267258,-0.0389978230695542,-0.03339374395245596,0.01976839995803642,0.2137348947277947,-0.199993963179078
0.11507491076613205,0.2872630534191947,0.20634805482636018,0.21462376776886033,0.17915545883894304,0.23337785515143744,0.15246374766129678,0.15143301602171644,0.17772367314977877,0.15419012895399728,0.265974578883395,0.15957407099284784,0.10115230630820062,0.19377758402950862,0.18667376735346738,0.17356921556117905,0.2211572355332256,0.24041403741649936,0.08121055119792975,0.18892433154786573,0.4763237984106954,0.242815438880838,0.18680943063561076,0.14152226439070317,0.2519463862783832,0.13321135245282895,0.10673619350692237,0.15354614233993727,0.269977592927712,0.11015254933098147,0.23731115186072477,0.10057528076948152,0.1723587043823818,0.19294113079349268,0.16638338058261623,0.3226659980378643,0.05945985476592196,0.09833476436008423,0.5778579547437472,0.23374175950957013,0.31636760788944096,0.4480056049192358,0.3093923860178666,0.15297885696552427,0.8385952692536914,0.19529600802702116,0.27311247939260574,0.001904245506919935,0.10707737241985578,-0.13357507681153627,0.14484889425492728,-0.1944552125761141,0.1584241469125885,0.02012250638256005,-0.11535605726116968,0.018766553655837372,-0.27642565644763695,0.1560128633997334,0.02055274002526645
0.04349487574012173,0.12353935441415899,0.12317572755977538,0.1689278624171432,0.1121763876000422,0.17090118363257273,0.14965776069423478,0.11195809568324709,0.09143177220233416,0.15005821257217686,0.11287656859826019,0.12023629405291551,0.23969392964661462,0.11119471243053378,-0.0044492754046442035,0.05498785946432602,0.2464328692157756,0.26460236477298704,0.13306797903459833,-0.1044015986352669,0.242815438880838,1.1415345272389599,0.7267424874546369,0.21836601062152772,0.24089812795838927,0.011929949615861444,0.19786699183429532,-0.3470018503885892,0.5259087000046111,0.19516195101240846,-0.15778760992097737,0.23092623590610745,0.032425837608000545,0.4005619980930029,-0.00582008007840267,0.35637475498694193,-0.03312257258660816,0.009619280253530952,0.811461261465402,0.1397944682291881,0.3079936379786278,0.22526663192813204,0.27299201279569985,0.21365828230406017,0.1463654526009445,0.30313634159762054,0.3185353609511804,-0.20624338246672602,0.9458203280793823,0.16164394551821976,0.06205732205424057,-0.5242961952786965,0.19754528534578905,-0.055200986660105686,0.05480517516342438,-0.03987489684612516,-0.10520133416774333,-0.12497328443162943,0.13528206527456063
-0.04303637016099524,0.09163325022677812,-0.007998863353416277,0.17577447605242805,0.15900401197847996,0.12812901753726802,0.11602960767897484,0.04016729598773242,0.02044681175692259,0.23387757425677508,0.10422091324286238,0.1240961862154802,0.0975457688870975,0.08737093786715786,0.07307816070419408,-0.07101119516020303,0.10994913420802487,0.46943574317873943,-0.0689355159960602,-0.23314894015182472,0.18680943063561076,0.7267424874546369,2.0905652812757167,0.4601705601789028,0.3436666765712076,-0.27083848096096796,0.17162831563190212,-1.1704908431918,0.8853133459694889,0.2654679789562203,-0.7858508690444468,-0.09191221759877159,-0.16063353177229941,0.6014776338379959,-0.07140038588724686,0.4890454278808177,0.10672465014833869,-0.17975574336777214,1.0739668931764916,0.28725951244468606,0.386179095883956,0.15576479869862686,0.45488542782231906,0.3372336163144938,0.13993959517510363,0.2721016542562596,0.4547444392501462,-0.06496390966550475,1.0918487804384591,0.3099486742165888,0.05688168301608496,-0.5912416414454809,0.3478758675222129,-6.937485770488816e-5,0.19708348211229731,-0.06915662580056897,-0.21522133334376276,-0.30437877857565754,0.4552451586792094
0.00036412477185894396,0.025333099977468677,0.07001915455175524,0.22126237221666076,0.17641571204024958,0.17422369408192928,0.15996848983542403,0.07969718812590426,0.1924527232697151,0.16753463519057563,0.217686601124591,0.14073834226941592,0.13750315550614325,0.1332704856108819,0.15926774006553526,0.09696240551545708,0.16241552105072873,0.12950787270501382,0.005308426725482414,0.09643817065864609,0.14152226439070317,0.21836601062152772,0.4601705601789028,0.7979705470699451,0.13724340467576085,-0.07234779425173102,0.11963687067378188,-0.3063247861854017,0.26682003663860254,0.19344330307846525,0.2586176451688325,0.06069681427658326,0.1363241789222288,0.2781795605360581,0.16495378029376387,0.3036234369242573,0.19189670488490942,0.08642875402964315,0.12873330087867058,0.10859860504497748,-0.06402216211663253,0.13012730144203605,0.19665886697210921,0.02394504118042823,0.04911540289953808,0.21216133820919042,0.19963722942125742,-0.06538152173993075,-0.0602988456117944,-0.062212628457638225,-0.020099131841255842,-0.30079637666752806,0.44899728767296815,-0.0432060944448339,0.3188946412953887,0.07255959040199589,-0.046368423602433054,-0.5759267535038315,0.4863916206421053
0.12472862786904979,0.4057608207244257,0.29780626313689157,0.2649430092849351,0.18343438405789936,0.38821733754903187,0.11916387079247134,0.28685344210796354,0.05712434186622182,0.2559004290290816,0.12876656547851456,0.16909188302327066,0.15039482997311807,0.27445524846171737,0.222902763043368,0.14061775496415135,0.32383133319190216,0.3961865935887751,0.170235353073336,0.25047227941932854,0.2519463862783832,0.24089812795838927,0.3436666765712076,0.13724340467576085,2.1012202634546817,0.20830840675945755,0.14069140130897873,0.19647168463074052,1.0750330865027713,0.05223770916413466,0.3590523749230282,0.17540219838062734,-0.17780857379650017,0.6345857313209677,0.28597064879550077,0.63403867576951,-0.11734723929470525,0.1384336170069152,0.5017022155248093,0.20666803246448165,0.47359888312265613,0.1988316560690236,0.35454464379833994,0.11075099781907621,0.6697626715982259,0.39108750921665325,0.2934946497535704,-0.11236547934689209,-0.4294970851596071,-0.44896264940065533,0.28507813926294334,0.1426495850116438,-0.06022193599402609,0.012162605463403496,-0.08417218438959526,-0.11084726270303921,-0.13243461280239008,0.1207754868954383,0.029419251011780792
0.2229140990258302,0.3495995094207502,0.27520884482308994,0.3124160875289929,0.2953245949193835,0.4055214952782177,0.17171860108334544,0.25598113600087646,0.30789745206955593,0.19958218928284469,0.11524602693680022,0.11532882594786208,0.11643984552360342,0.2992949729962401,0.20696203309975797,0.19016557704666778,-0.03402671342815433,0.472164886085699,-0.0063466589657104,0.26869302434011255,0.13321135245282895,0.011929949615861444,-0.27083848096096796,-0.07234779425173102,0.20830840675945755,2.0614160647971347,0.13667277262708508,0.6739778044335244,-0.24463229951564402,-0.5091244924290503,0.6271822102252105,0.4672489890752837,0.005431468720507968,0.1883695337014213,0.12242666068681397,-0.021519678056695638,-0.6360363799067001,0.06453282627584012,-0.08368551303540707,0.09239333210329526,0.4398742981234977,0.09350883094586224,-0.023020432812435827,0.006991080830772792,-0.05964345473463122,0.07865127494701543,-0.0040347882202780485,0.06643181114094837,0.3320243453414073,0.12002051342290337,0.08306841118343361,0.5635254308910935,-0.8598437011488116,0.015821742796064617,-0.144886691532688,0.018567559301984206,-0.03867988749680365,0.3832166448418456,-0.3916788658156797
0.1035504548202411,0.17012290040300707,0.14818425023558868,0.141532233550215,0.08775638054074873,0.18585445744002074,0.1755323783608432,0.15789107689842152,0.12573515251573208,0.2634726248578848,0.28804764335816807,0.2187554389615195,0.13640066403282225,0.03411307757969194,0.16273060993855662,0.08957056891579504,0.21570889507107582,0.0977414699768406,0.05163727705905217,0.2193759441615834,0.10673619350692237,0.19786699183429532,0.17162831563190212,0.11963687067378188,0.14069140130897873,0.13667277262708508,1.5644152778330713,-0.053169794958744986,0.12788566882476193,0.24374757283560525,0.0891152291686217,0.22370139652918064,0.3971220271536039,0.3232234515189845,0.3279885250750908,0.297139996777031,0.4606477861048818,0.1535347431878478,0.1208688440745368,0.13072443431321296,0.1781008634468374,0.11470027113035106,0.27062648183083127,0.056869216031935586,-0.06497748401758792,0.49254184684409547,0.20355348087347402,-0.0007825467038116141,0.2541085013218704,0.07731926856349434,-0.1384852059781823,-0.16850206781917068,0.37889939734707684,-0.04431274787117826,0.09136642655155759,0.0018927782254075402,0.16468405331016867,-0.08387639051888157,-0.12419783878171127
0.2708867077007319,0.3445991799232589,0.4259099045797473,0.13926761986242406,0.0691020194077833,0.1844937333014674,0.07822921935993452,0.19273865353722447,0.1983695525064047,0.08184639513451993,0.12211017549656417,0.10052881936320232,0.016169323378998634,0.1880904314785147,0.18971038041182728,0.3538840754829616,0.06054329710521892,0.06011708332555669,0.12515549129480835,0.5182295788293143,0.15354614233993727,-0.3470018503885892,-1.1704908431918,-0.3063247861854017,0.19647168463074052,0.6739778044335244,-0.053169794958744986,3.9231460545568875,-0.5424116813864841,-0.1755864272903046,0.7385998531906278,0.3968431781851302,0.2968347221293189,-0.1917677216499746,-0.0015771205796787514,0.518063932994946,-0.09829584900223501,0.25252362129024397,-0.07012697836248127,-0.09269335433816583,0.8910224552593267,0.2350841341514652,-0.025823704024570973,0.362321267224151,0.6182023343968035,-0.2553850956632358,-0.17442948489128116,0.17961226514884554,-0.583797955166087,-1.0021926442132916,0.12032528976607296,2.2732744820858453,-1.7156125664841877,0.015238794074929571,-0.5319351816756795,0.14310359721950003,0.14737483950914002,0.6487555848846162,-0.8005100918665174
0.008902627059701526,0.34719870653928375,0.17604091116698878,0.29081946319817215,0.227334609241903,0.4191296992269845,0.12539971452386536,0.2671457197995879,0.010510309243538052,0.27308709892000904,0.23238720777872346,0.22519417727353444,0.19202729659848217,0.23061666318298568,0.19198403338834574,0.18562461936639196,0.35372911220573644,0.3047272840006508,0.15803675056434588,0.23902960562235218,0.269977592927712,0.5259087000046111,0.8853133459694889,0.26682003663860254,1.0750330865027713,-0.24463229951564402,0.12788566882476193,-0.5424116813864841,2.515052138015705,0.202037627333154,-0.42276723091178653,0.04986096065526833,-0.43636577743939,0.8612224988739112,0.188098681243041,0.6489801344765178,-0.12202120919813894,-0.027245234752459442,0.7818344054399085,0.19781279743239344,0.7783243241420689,0.20501721482698418,0.4543573924990356,0.1065967609207827,0.22883990389542747,0.3285827811066329,0.4021391915274496,-0.10562889599623619,0.7115664464003265,0.10460583998638105,-0.10890591122259413,-0.3200058377569916,0.18830316342637712,0.08717128819429301,0.06582053906345317,-0.1456981281391473,-0.31205086870908755,0.011520242234749916,0.26995513591163217
0.021946487814125743,-0.17392685087174,-0.4884335568996798,-0.02108600809767223,-0.01643568690742566,-0.04568941523291841,0.16408552319445904,0.0373165173110854,-0.05132602753889678,0.16605913937433048,0.29846531511797897,0.15791082618601038,0.09883710060659742,0.026138447956067963,0.10641970425000372,0.16091834717873824,0.1931099536965867,-0.11729344122157842,0.1345308997200349,0.2615774295223964,0.11015254933098147,0.19516195101240846,0.2654679789562203,0.19344330307846525,0.05223770916413466,-0.5091244924290503,0.24374757283560525,-0.1755864272903046,0.202037627333154,2.888156408384706,-0.18041352797005517,0.28051919298601335,0.5467413034430216,0.2526242779667469,0.3397743713374992,0.35463295970228714,0.7124087062910982,0.3036010665250269,0.17739849208896202,0.06365339949574221,0.4035260353960409,0.13664731212535275,0.5527807309645699,0.2777562285485608,1.1564424433513534,0.6624003437802278,1.1517586412257004,-0.020623075312679425,-0.10495277516395722,0.06457957796463323,-0.03645911942362537,-1.4836667596431266,1.3880261678030248,-0.012819038910624171,-0.19878282273577733,-0.06267262459826306,0.045568621477655495,0.6116408616731008,-0.4829642113134039
0.18060359326618355,0.2724996251243764,0.2998064829991643,0.25948954328378787,0.2266583835867052,0.295960518145833,0.16076155778350362,0.19530403533532573,0.2770620646890684,0.17650042599047144,0.2795736452532208,0.113148674106733,0.1034644359390288,0.17388388774922212,0.23947832107036987,0.21009558020414845,0.11981549205131531,0.36008663182546463,0.08198839834273305,0.331921174561438,0.23731115186072477,-0.15778760992097737,-0.7858508690444468,0.2586176451688325,0.3590523749230282,0.6271822102252105,0.0891152291686217,0.7385998531906278,-0.42276723091178653,-0.18041352797005517,1.9254606153483598,0.3022344269394237,0.40154376652251106,0.05015359862101156,0.5264304654408221,0.17906972853853956,-0.019454097888257943,0.27697904286631786,-0.5013331328626601,0.11852696102787219,-0.2922799172771916,0.21692758163227044,0.02515104249171196,-0.12480434283857689,0.647096646437251,0.23202174630435374,0.09570550864842817,-0.09220067537483766,-1.594314981361881,-0.3389534650424782,0.24104599443061145,0.18563717377152864,-0.12145112606785376,-0.009965078939945126,0.024263274837925376,0.12146268838124281,0.14634554448455533,-0.11589981361932807,-0.20399118114667378
0.1488346489818401,0.0812428901591873,0.10001684345561376,0.17936676737601262,0.17821033047242643,0.21976294885686395,0.16067467048430412,0.1672834068532109,0.11464289844680829,0.17536422930441892,0.22542665752409738,0.22788822955200247,0.151737280121294,0.12730860388975548,0.11093220209798055,0.22886323340018486,0.1182957888480506,0.16077225906197565,0.09003611324038763,0.24009969994990576,0.10057528076948152,0.23092623590610745,-0.09191221759877159,0.06069681427658326,0.17540219838062734,0.4672489890752837,0.22370139652918064,0.3968431781851302,0.04986096065526833,0.28051919298601335,0.3022344269394237,0.9651705042650971,0.28359217326741787,0.26696762790836376,-0.036915319964495374,0.2370431889354908,-0.10509535970738336,0.17729681218701523,0.014882887948914713,0.03562304601958872,0.10056401308588588,0.0760265002254472,-0.0764242969164917,0.05908570899973582,0.17178625431792865,0.2677235782075902,0.23405300423435518,-0.06994346079425894,-0.196683400194222,-0.07513643862924842,0.07087180768620373,-0.04034781635645306,0.06335079389019022,-0.025887642050235582,-0.2734135454266028,-0.021868587866073208,0.47775881670976533,0.2093822613164116,-0.6379683208572092
0.12178351032960828,0.09376756883351389,0.056573600012346195,0.011356831727776878,0.007910373272294446,0.0050718881006727645,0.12088473278759708,0.07739819836338478,0.10212229720824599,0.09260090189332833,0.20932619218242396,0.09877759574072581,0.07398154233143972,0.01314721826868913,0.08870913788655634,0.04220956659476023,0.08687719006821418,0.09221546536575044,0.11200020741171987,0.18540686934083944,0.1723587043823818,0.032425837608000545,-0.16063353177229941,0.1363241789222288,-0.17780857379650017,0.005431468720507968,0.3971220271536039,0.2968347221293189,-0.43636577743939,0.5467413034430216,0.40154376652251106,0.28359217326741787,1.9722954129874672,-0.1085331684759835,0.23184542952069587,-0.19063548367800837,0.7799933946624777,0.23063774662845868,-0.5090275583320353,0.0540515921033062,-0.4220139653016293,0.1877824601482654,-0.031155441592896276,0.09129501773193253,0.7016071117868896,0.2982384048802565,0.3650957000284594,-0.0031119743802436924,-0.9482725752804283,0.15424931039053,0.02806101401604854,-0.5815788981576406,0.5099967428705127,-0.10192372363625204,-0.17501480672151928,-0.0306286286690927,0.16096869172551498,0.11670882156268042,-0.22839389385962558
-0.11975040781579215,0.24010757150691528,0.06275206960418551,0.39075169492100986,0.39078245400611067,0.38240396345973054,0.20721835012611692,0.26557845563363053,0.04416892221580777,0.4702721082803215,0.3263978873153266,0.2867619486622531,0.20904738287917204,0.20978735047800323,0.2729565052592161,0.2128554836300212,0.28380635919022396,0.3363958095757804,0.11218596436932107,0.3147532925124089,0.19294113079349268,0.4005619980930029,0.6014776338379959,0.2781795605360581,0.6345857313209677,0.1883695337014213,0.3232234515189845,-0.1917677216499746,0.8612224988739112,0.2526242779667469,0.05015359862101156,0.26696762790836376,-0.1085331684759835,1.7165190855160384,0.44643704408918033,0.42376353530770916,0.4197326972955396,0.08136780514853918,0.43206893055997364,0.12629129610712517,0.22733331787291994,0.16324641952961244,0.5741683579829322,0.18489938306047224,0.3735700895602269,0.13198808855874958,0.36962473327531503,-0.09017213235477135,-0.0985840526042897,-0.13094640227296092,0.04640315547410268,-0.32296005482357043,0.31930344392048354,0.029817027691370224,-0.0061245249120805015,-0.07314644733277421,-0.11379606531744271,-0.03159352094763509,0.11982518090091211
