1.0515116467874879,0.32374009429729816,0.5867230007811783,0.06004216501617249,0.021156380821111685,0.2196251734492542,0.2553491903501564,0.09896144977216707,0.12713629238373456,0.09111228550334395,0.14512303424328743,0.18999441070124196,0.08417255330031564,0.16336614534118676,0.16243872169835477,0.1234702644320666,0.09586846590130063,0.1543512023383117,0.08539158815690871,0.1322002180677995,0.11971618822767129,0.11814248996123601,0.1193658609460995,-0.016052922515719957,0.12013659991442474,0.19595340705782047,0.1788433468118574,0.05054069032191633,0.030362996143708416,0.03816911172959378,0.16871770177626233,0.17595783610018512,0.07308344309508438,-0.04305837514360887,0.09667441625832324,0.23565060931196488,0.035718721687157735,0.10370780447265059,0.05418387494231663,0.04553236307103756,0.06159737369025071,0.11128566875317565,0.1266132375956786,0.005010394952526809,0.21724527726604556,0.21882736258903,0.08935474491801111,-0.029910558022875126,-0.2173626443635719,0.07330555004497047,-0.021397507994856735,0.063573790326293,-0.0851315024699875,-0.0015173317673316652,0.053815832001721936,-0.04875082556657357,0.18419166270951984,0.3128040859108077,-0.5765034628066715
0.32374009429729816,2.432869485189532,1.265680489062271,-0.004588147658925346,0.02317930412396418,0.37080157773718914,0.1763547888936647,0.315796744744495,0.07192438614394178,0.23559481301401106,0.20002134491996107,0.12103399723425083,0.11718907960061248,0.2201855513273943,0.1565345487179404,0.17835754788537245,0.23286396835982878,0.3895798155080448,0.11490158918848585,0.4525040959306614,0.24532635194391747,0.11587258693502905,0.0015636360793921645,-0.03158775279469902,0.13778791041067723,0.3963686150424684,0.3486949556100035,0.28222954345230317,0.3576452558088686,-0.04176579908588815,0.22012152594001586,0.209456927627154,0.07112122766995257,0.3876356161721393,0.12599218538022605,0.4467260871952724,0.27948330935883997,0.2536702459492039,-0.06489111529477463,-0.05956919018313116,0.12939456262142762,0.25327900696545064,0.16804525533087597,0.025333525751584273,0.3062613359134297,0.21171998596294353,0.13682469773479972,0.004418426594546662,-0.6757476591783751,0.06898280238095479,0.06285485439786151,-0.19907231482723314,-0.02463819013806936,-0.055885003084789844,-0.6651206399638976,-0.3962302207633382,-0.5058500790239113,0.4153233632183497,0.7680671792128696
0.5867230007811783,1.265680489062271,2.9794484296019816,0.2010990339314542,-0.21633445592677128,0.5570102030228776,0.4221163627004657,0.22623817203121124,0.3083297071235349,0.34428275841101136,0.30292820903067136,0.35602452080309177,0.20048129559269245,0.24000898267744844,0.3091053890643706,0.2218822302510075,0.2980155953094283,0.3485161312494009,0.13045761680172754,0.2106450211670048,0.23145356080429114,0.24481062593141006,0.1076205193900454,0.18370308130770574,0.27242989224526254,0.47454753702871266,0.33429178150185973,0.38859789990775223,0.23010026322661822,-0.5177650642036928,0.32426394229119126,0.2667834119461271,0.04124247830298016,0.4402228569905984,0.02232839712495773,0.7547049095530306,0.12185221935472193,0.17259273692802915,-0.11805079537080183,-0.3003240980117839,-0.0015564290801493637,0.20733440822233248,-0.07882513701229596,0.01969945496070406,0.16582132596698068,0.5394470746023118,-0.075031699468533,-0.1159410898418497,-1.2643426688460333,0.14392832319731308,-0.02812737834872819,0.13435624338343677,-0.134815531663145,-0.1158816037482435,0.02840295229200766,0.05566692429595182,-0.10774497381698955,-0.5782245585710829,0.4705893261710109
0.06004216501617249,-0.004588147658925346,0.2010990339314542,1.2027362938741593,0.38947433445769497,0.4087345022814004,0.3990003361516818,0.18284085791758,0.17164356094962196,0.23555231674866886,0.27993436235553754,0.39800686174614686,0.18661546711449228,0.29460294308879154,0.22956938122534146,0.3251550253014574,0.3062952795983806,0.1688026557224598,0.2978557936035873,0.18507705925829326,0.1530532274520981,0.23634870528244725,0.04998733268732301,0.19984778635179207,0.2098758665739908,0.25258160428781135,0.14500819648819113,0.13984776873137264,0.24957833399341145,-0.07690640976714129,0.15415653747071256,0.26830193944722097,0.04014961886056997,0.2712195528037589,-0.18322034250484032,0.30082992756827026,0.0226940593690323,0.1132361416910464,0.15013018689039145,0.04414845948571715,0.12280160511441594,0.1410338167156882,0.10351291415808606,-0.014071280079538255,-0.05235635113669052,0.1567727156840643,0.09527337784261102,-0.019216836446836708,0.16738401848499593,0.08369312355675787,-0.02591144138245291,0.11007545372495472,-0.06401996690330664,-0.07598061379529004,0.07860117195337529,0.12646788582523785,0.02267983873864156,-0.09934283354811677,-0.10895393646635108
0.021156380821111685,0.02317930412396418,-0.21633445592677128,0.38947433445769497,1.1394346580380554,0.2352413169971407,0.2249243095922261,0.2545350357001478,0.12468419728241494,0.3043719969156508,0.23400435801808872,0.27468895237803725,0.19920484343240583,0.2439028959640421,0.21812396978731383,0.30564706396809,0.24601653930406314,0.15333814006974136,0.47423934622608904,0.16912271045795668,0.13542496579274863,0.21178045491499348,0.05084216352546973,0.18813869752671375,0.1671912464517772,0.19276827759549342,0.15937862360152355,0.07356980178468832,0.2491848415140672,0.09371784192812732,0.11808289710830343,0.22782964440922618,0.06307850234067405,0.19538607921079693,-0.08732629035031844,0.24277276118958468,0.09406951602150682,0.10490595799854457,0.19211868231149595,0.10829866400605324,0.14178958914545128,0.1332723235454283,0.11780481602942339,0.000830117740117516,-0.01884309452906319,0.09908434690697579,0.15476903715076748,-0.007767387514398263,0.2621722621784718,0.0868976634703153,0.036343293160143876,-0.10666005619639299,0.06449583012990065,0.026909052688454106,-0.07688088750744443,-0.04204544242295268,-0.006838583298682699,-0.0008975009975701636,0.09078936829550596
0.2196251734492542,0.37080157773718914,0.5570102030228776,0.4087345022814004,0.2352413169971407,1.0364595990590388,0.3199018964393282,0.2318096499885369,0.12216896085324724,0.20162399832186395,0.30417702502949284,0.4088439061318314,0.20082265960587817,0.34234355092118324,0.22191013466061194,0.3444845691990062,0.3804634016001363,0.23253700703946845,0.4274263945156778,0.3037755520620114,0.1961687573337407,0.22968859882700685,0.11325172038766713,0.16956799806852432,0.24416541889045454,0.3466518300027005,0.21797476079119588,0.1493075088744792,0.3428541010981305,-0.025216376377246205,0.21145687439579125,0.3199857736765281,-0.028060260578881578,0.350775596528663,0.11968888588627881,0.4035433598583696,-0.019724854171766282,0.18564323256401252,0.10495369221180477,0.054156595139007294,0.06354705083075535,0.19957657252550695,0.1470215164460788,0.005478106204331363,0.15189572725180694,0.2257007315708339,0.08945546393746213,-0.04101245731118885,-0.19564011981089552,0.05261125869159552,-0.18127478812671616,-0.027825217108424498,-0.04414384806277689,0.00967736469805487,-0.0387803584444931,-0.010688827729588825,-0.014329461309251576,0.09901884940051761,-0.13960371393742715
0.2553491903501564,0.1763547888936647,0.4221163627004657,0.3990003361516818,0.2249243095922261,0.3199018964393282,0.7256408800939762,0.06516731352231726,0.2527235764316695,0.13494730195962865,0.2644324073280273,0.40031961461593035,0.16456440423224775,0.14889170842108718,0.242142749243339,0.19398884592947305,0.26822583597364685,0.16497224165416344,0.2163123876721053,0.19321563802107283,0.14230400034264484,0.20583267442867503,0.07531037067960673,0.15220789864430959,0.19566017817056863,0.24283073764855853,0.19134303438962047,0.1358804594362146,0.21890868633669835,-0.05370334185157686,0.16852652608667096,0.1913625612402326,0.04734736249888822,0.25785238527385423,0.0037479928664386005,0.3033185670605514,0.05685885114735917,0.11902105895770342,0.15107622516754643,0.042181094321373604,0.06351983454559698,0.138082332642212,0.10154250406313262,-0.0002389030736247637,0.047818499856805315,0.17928336235187425,0.09570774692860884,-0.01716957113782467,0.024076184256524247,-0.0020838298084817075,-0.023674453438119893,0.1067665800598375,-0.05845349565161564,-0.058291349844601464,0.04353195721100535,0.10359827541824533,0.05559852611841019,-0.060581434041838036,-0.17410130255417564
0.09896144977216707,0.315796744744495,0.22623817203121124,0.18284085791758,0.2545350357001478,0.2318096499885369,0.06516731352231726,0.766199111299621,0.16187141218691253,0.4200199629893848,0.2609557850118617,0.1144382811311575,0.21677268574266542,0.31267200286627,0.172942293706725,0.22774695618295446,0.2276765631628836,0.2775722701037577,0.19633526927601233,0.18309890353652233,0.1965452300390988,0.19992988657609737,0.07777665928656963,0.1317988689594055,0.2263709494129159,0.32503087278532805,0.15993304268138578,0.03616636442284364,0.2894724492412872,0.16289178067880505,0.14763307935670386,0.2665145699598506,0.05028345490896233,0.297033092686147,0.27976463617114583,0.24646000666508314,0.2662422310331817,0.10844980885556607,0.2442207512783432,0.12949979648646606,0.1251790157973561,0.2009016131339034,0.20108306879523358,0.020763284913625273,0.15451467637438243,0.22433482206906405,0.2649278323454927,0.0033012251684622425,0.1442590571802919,0.13382603446716482,0.03207752299965438,-0.18151840398515962,0.09153053214229467,-0.05282459765812801,-0.12528119541040994,-0.24215314880736472,0.031768661852980704,0.30836660526791837,-0.01480335639264586
0.12713629238373456,0.07192438614394178,0.3083297071235349,0.17164356094962196,0.12468419728241494,0.12216896085324724,0.2527235764316695,0.16187141218691253,0.7017347168737122,0.09729193300545777,0.16798081179903251,0.1363803926421455,0.12785365230398907,0.14742995759962776,0.2604174528330391,0.0936120706583206,0.12583930007299643,0.16244783702860954,0.10685715948325374,0.06834532560012077,0.1846583029122254,0.3528713994685534,0.06245558600641406,0.20508364891091452,0.15859525652705989,0.28479065825664646,0.12138648628473436,0.14996486309025353,0.22025522090768906,0.038899254125260276,0.16207420293970268,0.17890287550778927,0.16113727154238622,0.245255397266802,0.09404515037515977,0.3066959167366651,0.2011203071678144,0.0752195710836713,0.17462914986444,0.04055479579820811,0.10673019343216805,0.1680263826701748,0.10247355650101535,0.022191180853959765,-0.04492312115416531,0.22317732701002524,0.12234463905174531,-0.036012514524443096,0.2901294538529942,-0.0462985989206332,0.03598629028302352,-0.03316830198806095,0.10762994156229413,-0.07849312206183555,0.13089363233907,0.06910745760386583,0.07406816049959064,-0.21305880291525722,-0.016677262600087738
0.09111228550334395,0.23559481301401106,0.34428275841101136,0.23555231674866886,0.3043719969156508,0.20162399832186395,0.13494730195962865,0.4200199629893848,0.09729193300545777,1.1272678312092992,0.2682791883865234,0.2860010352797613,0.19697925061897287,0.2500741552222658,0.25083353833649297,0.24261152282258183,0.32380358809198057,0.3541403166053539,0.23773874901823455,0.15353868832789824,0.14824302924726848,0.1768340899170575,0.13235676863050722,0.23905855113749092,0.267015138812166,0.22908481346253595,0.35581330967435953,0.12734753867088575,0.26889499416158985,0.14158530922366824,0.18150677818685168,0.25756148392029526,-0.0034550325567641134,0.3125843726852952,0.22894234603216218,0.3474402210331473,0.27435427519630035,0.08867644537865331,0.2705746951274505,0.13662240038790074,0.15511166293268155,0.16856926137678738,0.20184735672817186,0.03233670309504091,0.12652788066348145,0.24012484193381742,0.341726695746911,-0.013817464119980288,0.013888796058168618,0.1015250521488899,0.03943050470474646,-0.04842580535713382,-0.11389428142516836,-0.006082190364649458,0.04527577254906424,-0.07762234279060921,0.29236356530659824,-0.29061257226848375,0.1175753974032853
0.14512303424328743,0.20002134491996107,0.30292820903067136,0.27993436235553754,0.23400435801808872,0.30417702502949284,0.2644324073280273,0.2609557850118617,0.16798081179903251,0.2682791883865234,0.4838243777573116,0.3858192533638553,0.21973041971495103,0.23768759486453006,0.3333602673362022,0.24801724262619124,0.29576070554099615,0.23463766424353935,0.20471719505176159,0.2754768936425404,0.1873130826130064,0.19891840280572287,0.06825018917260828,0.18695106386055424,0.2554162226177007,0.2920914102427699,0.2130615372545741,0.15744378142118845,0.31435905639867706,0.12062064161848263,0.22172338571002526,0.23403486695578743,0.03872277536262559,0.2901671722996522,0.19265718469872417,0.350826462150011,0.1927764242295213,0.1532801482175456,0.24732321931888918,0.10221123880745718,0.12906803686032134,0.1943742219877934,0.17056955745219693,0.01874656313585941,0.13111932856221475,0.23397796724270647,0.21094738943943808,0.005673509903916261,0.035024730605519465,0.09319656165517297,-0.033280862802487335,0.012577241587356064,0.02648438932380689,-0.08831444324812573,0.009677240891001561,0.03671934075931712,0.020408422719335986,-0.006963098564671654,-0.12080780312530175
0.18999441070124196,0.12103399723425083,0.35602452080309177,0.39800686174614686,0.27468895237803725,0.4088439061318314,0.40031961461593035,0.1144382811311575,0.1363803926421455,0.2860010352797613,0.3858192533638553,0.780817818946153,0.19323431097727709,0.24863096004410493,0.3403608717145076,0.3220331903271825,0.369958478245626,0.1687950157146976,0.27617086515150135,0.3205352829743736,0.16171489742735634,0.2145631916281802,0.15265967408810302,0.17963582458560295,0.3050245088806936,0.3226553307813757,0.37155595605311975,0.13844163026271844,0.3332956511870818,0.04488196080397981,0.22129293082713,0.28628995799825047,-0.007351882044121949,0.2818580146039673,0.21882166250981772,0.3824852959327331,0.022467586589117215,0.18538790252641596,0.22532145115899524,0.11625984790036904,0.052924009857981597,0.17707892975690767,0.16617189643931865,-0.009274064136251113,0.19507411628265162,0.18192071358497916,0.17318974081718924,-0.02235960781940726,-0.028465088335690777,-0.06679771686567337,-0.05705335739042788,0.2732473312509289,-0.2054723532931233,0.041474452676498304,0.07586992762517289,0.19922165727336616,0.04248424286176066,-0.09189280219717574,-0.38787282541084467
0.08417255330031564,0.11718907960061248,0.20048129559269245,0.18661546711449228,0.19920484343240583,0.20082265960587817,0.16456440423224775,0.21677268574266542,0.12785365230398907,0.19697925061897287,0.21973041971495103,0.19323431097727709,0.3451908978309892,0.15958258488906604,0.1363481550689617,0.18268082325055318,0.18524637576210207,0.16134928486814687,0.17652337199319104,0.11384585145756632,0.14156876782910813,0.16458532188642944,0.024621953682089952,0.14844979845746065,0.15044581060170426,0.21736975185951576,0.15428636321567554,0.1269774589195244,0.20073809380867969,0.08184351252173216,0.11691976472774737,0.1781211294547485,0.07922680376189735,0.17630993519505322,0.13725629446759374,0.23200684947267447,0.14187320874094655,0.07481246801490171,0.1330453164425867,0.06208561342018479,0.0977491211094752,0.14108764927819803,0.11174324656843146,0.010117255419258845,0.04079085385691887,0.15408064533486482,0.13747387243809095,-0.006738322220141625,0.06212106310437883,0.061087124960622234,0.00891794863961762,-0.06831767390535241,0.009169593579520888,-0.02450262004488949,0.052641576196122176,0.00795605085099175,0.01385576887210069,-0.08514028399286891,0.01027460809470767
0.16336614534118676,0.2201855513273943,0.24000898267744844,0.29460294308879154,0.2439028959640421,0.34234355092118324,0.14889170842108718,0.31267200286627,0.14742995759962776,0.2500741552222658,0.23768759486453006,0.24863096004410493,0.15958258488906604,0.5780826994756955,0.20378755528517292,0.3921051339815794,0.257723058233344,0.21338923741982618,0.206767014737383,0.22575112741692313,0.21093402796730007,0.26703968051341653,0.0969398479247553,0.16632920143344287,0.21751642065936025,0.33503230738438616,0.1053261861988642,0.15104752103884364,0.28235585373747935,0.12976549075079113,0.18354577457124466,0.4070636812368551,0.09828252588521498,0.22833884914633795,0.22223683696105415,0.3740449870787445,0.11215289954069381,0.15738994559761105,0.09989193966409063,0.09566766433068567,0.1488065010346341,0.22030976284427228,0.12974373482027912,0.011629373739612113,0.06451763211009207,0.19482526163595015,0.18537667909201652,-0.01940871543917009,0.10418143866318509,0.10823053963835672,-0.013703640141937095,-0.14014259509354146,-0.0073102114746015495,0.01635757695224128,-0.08765088103722056,-0.057609035557465764,0.0012057954230098047,0.16339427865341186,-0.09594840564631908
0.16243872169835477,0.1565345487179404,0.3091053890643706,0.22956938122534146,0.21812396978731383,0.22191013466061194,0.242142749243339,0.172942293706725,0.2604174528330391,0.25083353833649297,0.3333602673362022,0.3403608717145076,0.1363481550689617,0.20378755528517292,0.7452195631747587,0.19738348802318778,0.24995338068947934,0.3225857301283958,0.18423805270517937,0.2518315416817019,0.19897091468469882,0.19163567214479096,0.05849790629186781,0.22731359964342837,0.24580730062268547,0.29844113148103435,0.17204192370275265,0.2740061311202986,0.32773184544888867,0.11507886572049998,0.21027283909611744,0.2425777069902078,0.005372714417703524,0.25765357863334587,0.20272816538710903,0.33061519111646226,0.21644424371953536,0.1342351339094849,0.18101920837351468,0.09553017357122509,0.15894294779342505,0.2004305984241649,0.20429131461763425,0.0322864547323891,0.16679930064255888,0.22708074730622754,0.2376376167803426,-0.01563009309252866,-0.029448389547535352,0.2756770935545669,-0.1179991029945649,0.2020381306647578,-0.35677087571140564,-0.01709480147914102,0.10294705613645143,0.053550962586440085,0.0617369951370121,-0.11622933810489892,-0.08486305266024603
0.1234702644320666,0.17835754788537245,0.2218822302510075,0.3251550253014574,0.30564706396809,0.3444845691990062,0.19398884592947305,0.22774695618295446,0.0936120706583206,0.24261152282258183,0.24801724262619124,0.3220331903271825,0.18268082325055318,0.3921051339815794,0.19738348802318778,0.699929071003146,0.4342451840181241,0.196585690966944,0.25729501199434274,0.21404245922572088,0.21082570553498298,0.3695018887030824,0.057088437481772045,0.18465024141711223,0.2371164201066668,0.2701837232241333,0.19429616943872074,0.20998584051928212,0.335360434838761,0.2122361407142778,0.18256661085143894,0.3473459067746665,0.12037851523995617,0.2545371622284298,0.3080947868504933,0.3759727037812704,0.21094541816289566,0.15504492623464472,0.21072690232967156,0.13064537682694277,0.13489826256364984,0.23720968354399075,0.19831183273816902,0.014887713684134354,0.09990123367343796,0.20145913707476226,0.22799493110006425,-0.040672703323853004,0.19138369513598755,0.06236177563728854,-0.0053991383075944165,-0.027760665475781345,-0.03839175470178424,0.00560357807479078,0.05178404017884058,0.004231153761412161,-0.049564333579840344,0.01737843078654845,-0.06031778394083184
0.09586846590130063,0.23286396835982878,0.2980155953094283,0.3062952795983806,0.24601653930406314,0.3804634016001363,0.26822583597364685,0.2276765631628836,0.12583930007299643,0.32380358809198057,0.29576070554099615,0.369958478245626,0.18524637576210207,0.257723058233344,0.24995338068947934,0.4342451840181241,1.0689544346844113,0.22350773328210707,0.27156075196804436,0.4192012784765544,0.19932311753924448,0.2735993703329393,0.1616160657952767,0.22386993703874522,0.2853066766142479,0.20168289699896225,0.2813322730728276,0.1864962715867256,0.32712936346523147,0.1336398797189551,0.268564131094852,0.2627474384582973,0.16771122004088238,0.3633581277703933,0.16526259518197972,0.4467773807257605,0.31285108345200446,0.22161349777099562,0.38877226551149663,0.15095639234802008,0.16085644961502202,0.22936275578253024,0.2898051477925538,0.03010408351664761,0.11994617133476201,0.23977519095724162,0.28521127335094165,0.016140677883556515,0.12865017760451314,0.3676003933052875,0.053693257160328356,-0.20962683646048813,-0.2182628328790499,-0.13006609909511946,0.11180509240604629,0.001989534550754516,0.0029597658802651863,-0.09933430629831792,0.06168053748694928
0.1543512023383117,0.3895798155080448,0.3485161312494009,0.1688026557224598,0.15333814006974136,0.23253700703946845,0.16497224165416344,0.2775722701037577,0.16244783702860954,0.3541403166053539,0.23463766424353935,0.1687950157146976,0.16134928486814687,0.21338923741982618,0.3225857301283958,0.196585690966944,0.22350773328210707,0.7568418233765821,0.1620046543610055,0.08062822976258494,0.22680891703596084,0.17512374380068724,0.2357497723599176,0.2735339371161875,0.19353842382434913,0.3687827572622982,-0.04522993355207504,0.10169822411901111,0.3060868290851745,0.0263910292466413,0.17858553599696325,0.23377967675787475,0.005738210135468486,0.24869418304522453,0.1286139783984581,0.36348813579144285,0.20070806738607294,0.05614802800429947,0.021251824464148538,0.09211555319944399,0.2141036533380931,0.21676252904883506,0.14875683479754595,0.023074000469696876,0.08413145030923347,0.30412791993553684,0.3309383279864418,-0.022801953800091274,-0.21668760855338312,0.4700064126485325,0.06888581615134856,-0.23490300716526413,-0.3325976756261012,-0.14603242246081805,0.02950007926882098,-0.06797436396833914,0.089296302116177,0.016425681180697572,-0.049941506135930944
0.08539158815690871,0.11490158918848585,0.13045761680172754,0.2978557936035873,0.47423934622608904,0.4274263945156778,0.2163123876721053,0.19633526927601233,0.10685715948325374,0.23773874901823455,0.20471719505176159,0.27617086515150135,0.17652337199319104,0.206767014737383,0.18423805270517937,0.25729501199434274,0.27156075196804436,0.1620046543610055,0.7981863238154134,0.2425598702478483,0.14865687561741656,0.18290288261060078,0.0007773745750827289,0.1407799304208013,0.1301535003407359,0.18653988853999895,0.13217786893731018,0.1846038939513055,0.23333748533531598,0.08040280048413298,0.14844834459091577,0.22850455679613377,0.03423662551703838,0.1883124729042964,0.009402373801536142,0.23794696018023076,0.11742928429821148,0.13530264794411115,0.1466893956049407,0.07407332423150909,0.1250445602440506,0.14232882836761443,0.13378648143566485,0.002903013165019701,0.08048941293048842,0.1792179626679155,0.13887519122733608,-0.014952494505412445,-0.005267481036762358,-0.03438416561774889,0.14884406911117185,0.24735424091915184,-0.13843441497708597,-0.051624335479415,-0.04967682666252437,-0.009411204941725317,0.05179403078928392,0.055905141461891676,-0.06635037313172892
0.1322002180677995,0.4525040959306614,0.2106450211670048,0.18507705925829326,0.16912271045795668,0.3037755520620114,0.19321563802107283,0.18309890353652233,0.06834532560012077,0.15353868832789824,0.2754768936425404,0.3205352829743736,0.11384585145756632,0.22575112741692313,0.2518315416817019,0.21404245922572088,0.4192012784765544,0.08062822976258494,0.2425598702478483,1.4676328147434603,0.16324427890172605,0.10924754913674765,0.2729753772228808,0.10733928764169,0.11292729242332424,0.31151960817057484,0.43692291242963854,0.05204932765477942,0.7364317975771268,0.4689390445870354,0.3629745931372634,0.2477991972644101,-0.11586205430602951,0.4654596724271992,0.23717869387600238,0.3783381622694808,0.3639887975198919,0.6938987177054282,0.23199116512153878,0.2548501052506003,0.3347515551399089,0.2759337179490458,0.4082099780833162,0.042774612619814,0.5381561639603941,0.170951913641369,0.41741711730074504,0.08195759548087175,0.08665302243805592,-0.018096034910943033,-0.04330574495155877,0.18144371832209275,-0.021234767596900354,-0.018871451486694113,-0.12042132347047535,-0.010817556340655161,0.005998898308894685,0.1262935859253734,-0.08526522540700722
0.11971618822767129,0.24532635194391747,0.23145356080429114,0.1530532274520981,0.13542496579274863,0.1961687573337407,0.14230400034264484,0.1965452300390988,0.1846583029122254,0.14824302924726848,0.1873130826130064,0.16171489742735634,0.14156876782910813,0.21093402796730007,0.19897091468469882,0.21082570553498298,0.19932311753924448,0.22680891703596084,0.14865687561741656,0.16324427890172605,0.5586143784461985,0.20821774992794398,0.0796439794666922,0.1199661701916565,0.2110748198854598,0.15014451157734462,0.0760482649695393,0.22752607443075948,0.18434474825915292,0.2595903314931691,0.30582191144900717,0.22585706837322944,0.39421526969914733,0.1910646286084839,0.22687788854436863,0.4938936335391788,0.4512280439749696,0.14140545541544872,0.3215519622147755,0.15877080086278317,0.21834518195590477,0.4147002616688181,0.17693226190768507,-0.01567118727348039,0.2212856469929156,0.25734678503507896,0.2652180655606055,0.06202361064166413,-0.028545506157755102,0.06574921252025687,0.013225834927171823,-0.05911320654555339,0.030151028519330166,-0.06490005514613251,0.009840497689503803,-0.03413955157847957,-0.06317084343596917,0.045124172511500006,0.034682924875672566
0.11814248996123601,0.11587258693502905,0.24481062593141006,0.23634870528244725,0.21178045491499348,0.22968859882700685,0.20583267442867503,0.19992988657609737,0.3528713994685534,0.1768340899170575,0.19891840280572287,0.2145631916281802,0.16458532188642944,0.26703968051341653,0.19163567214479096,0.3695018887030824,0.2735993703329393,0.17512374380068724,0.18290288261060078,0.10924754913674765,0.20821774992794398,0.5241929155613311,0.1299538601149559,0.18681941384758707,0.1853837248562885,0.22739136479321348,0.1488516071683277,0.12862517828953368,0.3033570039571168,0.15363765999650572,0.1760793994947338,0.27319465087762906,0.17730681189108993,0.27039337416746245,0.20030507602579548,0.3684350970039996,0.2123541835137398,0.11586038918924804,0.23610155351476905,0.09114929177345316,0.1251821094285966,0.20663197401194477,0.1467518375729522,0.029565415353737835,-0.03899349760925623,0.23843102342222786,0.18622607157979865,-0.08094261274322645,0.38884449965598467,0.006969600614002403,0.02446575904698487,-0.08458838544086066,0.06372061212766562,-0.031354327552136914,0.08789543555301307,0.025034442800973913,0.006546059687856503,-0.09221796226522283,-0.030786951585910546
0.1193658609460995,0.0015636360793921645,0.1076205193900454,0.04998733268732301,0.05084216352546973,0.11325172038766713,0.07531037067960673,0.07777665928656963,0.06245558600641406,0.13235676863050722,0.06825018917260828,0.15265967408810302,0.024621953682089952,0.0969398479247553,0.05849790629186781,0.057088437481772045,0.1616160657952767,0.2357497723599176,0.0007773745750827289,0.2729753772228808,0.0796439794666922,0.1299538601149559,2.4031128491583305,0.1158264182362451,0.38531035369486877,-0.04135589374306656,0.39571145405516667,-1.1771858351227467,0.6345754824269729,0.236568730552029,0.21503079103055936,0.07379110953385974,-0.29598384498483343,0.39372573160175195,0.07158316844545634,1.2016359686872802,-0.47727498826633336,0.13804260170183424,0.20123893222702186,0.19557182449235191,0.004005167016867083,0.08701204831093917,0.0017090148181197744,0.199875635446511,-0.15689240666144555,0.3308307502011868,0.19387164739021778,-0.04538498228668201,-0.6946350693372271,-0.25150226611136933,-0.08809027404656718,-0.028604659402877496,0.12116984222793732,0.08603959586895592,-0.04763457499686344,-0.003081846416221065,0.04451677196552879,-0.13745110780009062,0.041261771900435805
-0.016052922515719957,-0.03158775279469902,0.18370308130770574,0.19984778635179207,0.18813869752671375,0.16956799806852432,0.15220789864430959,0.1317988689594055,0.20508364891091452,0.23905855113749092,0.18695106386055424,0.17963582458560295,0.14844979845746065,0.16632920143344287,0.22731359964342837,0.18465024141711223,0.22386993703874522,0.2735339371161875,0.1407799304208013,0.10733928764169,0.1199661701916565,0.18681941384758707,0.1158264182362451,0.8578613131169326,0.19774474574106388,0.051534653742664145,0.08092066163990552,0.09897049989166816,0.2745950481526298,0.25301130596109755,0.01716778816292842,0.14394708401554052,0.11978079391263706,0.08626180956203638,0.14703080678990732,0.24089169266834773,0.31494676863727855,0.06973361169983637,0.2752642766817976,0.06626756306155675,0.07430964262778056,0.12689111499764108,0.2098099323946369,0.060286490953450775,0.11801950729418123,0.14251048638817126,0.2169035376354435,-0.0014000558595952345,0.07728539477024025,0.000785918760700041,-0.023016903040085336,-0.035227688554080545,0.023261215934773948,-0.027021963477815422,0.2740982756785542,0.1074353563707225,0.11943712261513466,-0.642864393986149,0.33040345404486193
0.12013659991442474,0.13778791041067723,0.27242989224526254,0.2098758665739908,0.1671912464517772,0.24416541889045454,0.19566017817056863,0.2263709494129159,0.15859525652705989,0.267015138812166,0.2554162226177007,0.3050245088806936,0.15044581060170426,0.21751642065936025,0.24580730062268547,0.2371164201066668,0.2853066766142479,0.19353842382434913,0.1301535003407359,0.11292729242332424,0.2110748198854598,0.1853837248562885,0.38531035369486877,0.19774474574106388,1.6743322518468062,0.0973626939178837,0.23150735458595637,-0.10715331035236096,0.7117305950344972,0.2157865571669616,0.39040995535242107,0.21798649183788146,0.043376822545205605,0.581318141207423,0.26404481475638325,0.49918465975513654,0.17236205967004828,0.12384131289798761,0.37625982851395745,0.09974479626020248,-0.03854968591676264,0.1888417742437899,0.22957901337919703,0.005991652815752598,0.11530874039267526,0.31742727266136067,0.2960791586333324,0.00014047010723974317,-0.00020940790503467505,-0.46068044474556796,-0.1608034098042881,0.159916329745679,0.24697325412214483,0.008963650791463287,0.04914209863240899,0.03745093679450433,0.027468676600663777,-0.10392947564108468,-0.024392811976721728
0.19595340705782047,0.3963686150424684,0.47454753702871266,0.25258160428781135,0.19276827759549342,0.3466518300027005,0.24283073764855853,0.32503087278532805,0.28479065825664646,0.22908481346253595,0.2920914102427699,0.3226553307813757,0.21736975185951576,0.33503230738438616,0.29844113148103435,0.2701837232241333,0.20168289699896225,0.3687827572622982,0.18653988853999895,0.31151960817057484,0.15014451157734462,0.22739136479321348,-0.04135589374306656,0.051534653742664145,0.0973626939178837,1.4858941949924533,0.3396565803732809,0.35617646915626305,0.4005945527481067,-0.24786388829059267,0.22694321882040305,0.4194252337879567,-0.1361280430014063,0.2949423751371977,0.2754113353760526,0.40790874934289634,-0.1657825467038099,0.2048188535768379,-0.8930325328984939,-0.053019040967773656,0.35794789761553963,0.26229745253661335,0.16224906889031168,-0.03828484441401929,0.07319837807630127,0.2629418722538375,0.08438062970007255,-0.08863537689286045,-0.6001692456679824,0.2955078608568882,0.04828466412292013,-0.17650767096268544,-0.3273557909939079,0.005214559903657808,-0.14450741436410183,-0.046637111805895574,-0.0933631074616783,0.19719311394679181,-0.08483271833788698
0.1788433468118574,0.3486949556100035,0.33429178150185973,0.14500819648819113,0.15937862360152355,0.21797476079119588,0.19134303438962047,0.15993304268138578,0.12138648628473436,0.35581330967435953,0.2130615372545741,0.37155595605311975,0.15428636321567554,0.1053261861988642,0.17204192370275265,0.19429616943872074,0.2813322730728276,-0.04522993355207504,0.13217786893731018,0.43692291242963854,0.0760482649695393,0.1488516071683277,0.39571145405516667,0.08092066163990552,0.23150735458595637,0.3396565803732809,1.860302246362253,0.20158402802867254,0.21814372995181297,0.3229542003129253,0.262432572254409,0.18672027873655414,0.06377049055849096,0.2309811982108707,0.3822713845052419,0.6592762658065676,0.009067582262747726,0.2564936198618323,0.11945537877769305,0.1486095698451088,-0.06004279783202682,0.15810094155044893,0.6367326998781426,0.07762368439661474,0.46270003402707005,0.02539172844195349,0.1464849718000473,-0.003658911595718637,-0.24994602304537653,-0.6372709172131633,-0.08259610403111496,0.13773209233123637,0.08296950149351888,0.384722203573552,0.12029340512398067,0.07498477946944787,0.12272779621569002,0.030299490392953838,-0.33589332550422774
0.05054069032191633,0.28222954345230317,0.38859789990775223,0.13984776873137264,0.07356980178468832,0.1493075088744792,0.1358804594362146,0.03616636442284364,0.14996486309025353,0.12734753867088575,0.15744378142118845,0.13844163026271844,0.1269774589195244,0.15104752103884364,0.2740061311202986,0.20998584051928212,0.1864962715867256,0.10169822411901111,0.1846038939513055,0.05204932765477942,0.22752607443075948,0.12862517828953368,-1.1771858351227467,0.09897049989166816,-0.10715331035236096,0.35617646915626305,0.20158402802867254,2.272267305316171,-0.4262323785816485,-0.04850507642813887,0.356616937347766,0.27363641089781515,0.4396370327034304,-0.08799788207819223,0.14209281309302346,0.7850101238870731,0.20610678543782404,0.05466825956233744,-0.07808276046215892,-0.05236211203923499,0.1133977689244717,0.2501470082638612,0.22237244478154308,0.18506341016085257,0.18284270704643873,0.06489016276865658,-0.13457111829795296,0.07233649457958077,-0.5184295660087906,-0.07283175617361715,0.055209726815708474,0.30742022392072854,-0.43190833162685266,-0.0015747365988189495,0.03387027170618434,0.04938300213388587,0.05541961893415205,-0.08383857733225938,0.026672199743427237
0.030362996143708416,0.3576452558088686,0.23010026322661822,0.24957833399341145,0.2491848415140672,0.3428541010981305,0.21890868633669835,0.2894724492412872,0.22025522090768906,0.26889499416158985,0.31435905639867706,0.3332956511870818,0.20073809380867969,0.28235585373747935,0.32773184544888867,0.335360434838761,0.32712936346523147,0.3060868290851745,0.23333748533531598,0.7364317975771268,0.18434474825915292,0.3033570039571168,0.6345754824269729,0.2745950481526298,0.7117305950344972,0.4005945527481067,0.21814372995181297,-0.4262323785816485,3.404724365004943,0.877022167883468,-0.1921017346053046,0.2942641593474687,-0.5298454979560322,0.8565657941278093,0.42002307791870447,0.5301681415296845,0.34993685575079186,0.2973851671649398,0.18804440956866061,0.12979545182663216,0.1968658870078405,0.20572358461794385,-0.042243465928255695,-0.13997085270758125,0.46829278137850716,0.46087585741904535,0.7719767423671579,-0.09739404946909862,0.28179754243036115,0.022381054627657024,-0.1275151417523261,0.11792566740170458,-0.013646434798698525,-0.02168429673790811,-0.16271312617526365,-0.004759753705252025,-0.1972412432824419,-0.08140507231640529,0.3055894599585978
0.03816911172959378,-0.04176579908588815,-0.5177650642036928,-0.07690640976714129,0.09371784192812732,-0.025216376377246205,-0.05370334185157686,0.16289178067880505,0.038899254125260276,0.14158530922366824,0.12062064161848263,0.04488196080397981,0.08184351252173216,0.12976549075079113,0.11507886572049998,0.2122361407142778,0.1336398797189551,0.0263910292466413,0.08040280048413298,0.4689390445870354,0.2595903314931691,0.15363765999650572,0.236568730552029,0.25301130596109755,0.2157865571669616,-0.24786388829059267,0.3229542003129253,-0.04850507642813887,0.877022167883468,2.6738655542643843,0.03223229670921575,0.0639623786569209,0.2772735096734208,-0.07483054483895998,1.1935576175855096,0.008910151967883117,1.4224559699248982,0.2776989703824927,1.0531831086656889,0.3593088198299383,0.8382936137681086,0.37462454646351917,1.092094316554213,0.3447315773977028,0.7812198783433361,0.24795278242763027,1.082196983905403,0.07992993591527757,0.8443145608723276,-0.31655188041544036,0.02193142266985228,-0.24634582224462243,0.4630375984760477,0.07401288170764851,0.1592770077739938,-0.062390849305409356,-0.011555033289271542,0.26985584251109856,-0.2045780019874727
0.16871770177626233,0.22012152594001586,0.32426394229119126,0.15415653747071256,0.11808289710830343,0.21145687439579125,0.16852652608667096,0.14763307935670386,0.16207420293970268,0.18150677818685168,0.22172338571002526,0.22129293082713,0.11691976472774737,0.18354577457124466,0.21027283909611744,0.18256661085143894,0.268564131094852,0.17858553599696325,0.14844834459091577,0.3629745931372634,0.30582191144900717,0.1760793994947338,0.21503079103055936,0.01716778816292842,0.39040995535242107,0.22694321882040305,0.262432572254409,0.356616937347766,-0.1921017346053046,0.03223229670921575,1.688951978175988,0.19909680980943967,0.08511992590573687,0.26467678460425115,0.18575139378429706,0.9316436624701459,0.14008876773799442,0.26681014513000334,0.17129743186026036,0.18201033671606923,0.16578849739374088,0.30374904505094336,0.3402883048772249,0.024772427981454837,0.3438737326096946,0.3745607502725063,0.1395993264532816,0.023915908675221195,-0.7018300324812419,0.1159886344088713,-0.0001985676809031104,-0.034500940839582994,0.04387829347732032,-0.10193188407998297,0.027574474363734263,0.028524949925138193,0.12791937861650393,-0.006356627593714686,-0.20860367629428878
0.17595783610018512,0.209456927627154,0.2667834119461271,0.26830193944722097,0.22782964440922618,0.3199857736765281,0.1913625612402326,0.2665145699598506,0.17890287550778927,0.25756148392029526,0.23403486695578743,0.28628995799825047,0.1781211294547485,0.4070636812368551,0.2425777069902078,0.3473459067746665,0.2627474384582973,0.23377967675787475,0.22850455679613377,0.2477991972644101,0.22585706837322944,0.27319465087762906,0.07379110953385974,0.14394708401554052,0.21798649183788146,0.4194252337879567,0.18672027873655414,0.27363641089781515,0.2942641593474687,0.0639623786569209,0.19909680980943967,0.7009733990061232,0.16552152350868707,0.1961303037765022,0.1822099822339978,0.43773613113023485,0.019973455714381017,0.17795110839951822,-0.001955189602665871,0.08324685927817162,0.1125725386083628,0.23456316634265695,0.09934445274628963,-0.00517091907254926,0.055901711690600514,0.21298767873079594,0.19020293582761816,-0.016056151687284595,0.06225216757075293,0.07003293262202352,-0.00787787255139444,0.12497826483532436,-0.2467273534944611,0.0389996975253954,-0.08551811801086129,-0.09243498959708074,0.2096519050289143,0.11009514998944497,-0.23107223416391426
0.07308344309508438,0.07112122766995257,0.04124247830298016,0.04014961886056997,0.06307850234067405,-0.028060260578881578,0.04734736249888822,0.05028345490896233,0.16113727154238622,-0.0034550325567641134,0.03872277536262559,-0.007351882044121949,0.07922680376189735,0.09828252588521498,0.005372714417703524,0.12037851523995617,0.16771122004088238,0.005738210135468486,0.03423662551703838,-0.11586205430602951,0.39421526969914733,0.17730681189108993,-0.29598384498483343,0.11978079391263706,0.043376822545205605,-0.1361280430014063,0.06377049055849096,0.4396370327034304,-0.5298454979560322,0.2772735096734208,0.08511992590573687,0.16552152350868707,3.168888864996194,-0.37060692250380955,0.06675163987002915,0.16710865396905356,1.1170987708522055,0.10007301684795117,0.315560517028186,-0.08095661523227468,-0.03401310488764149,0.3563686522811634,0.21336224230116288,-0.02289132863063583,-0.7115692560727553,0.1772881037947954,0.19019493600410312,0.4158741259052285,1.0132081167900664,-0.3266497356932081,0.15387806425168118,-0.34072017507972174,0.384532433263228,-0.07235522589490724,0.13941964030607662,-0.009362615513481417,-0.06403424287045795,-0.076257111123458,0.18460417554452324
-0.04305837514360887,0.3876356161721393,0.4402228569905984,0.2712195528037589,0.19538607921079693,0.350775596528663,0.25785238527385423,0.297033092686147,0.245255397266802,0.3125843726852952,0.2901671722996522,0.2818580146039673,0.17630993519505322,0.22833884914633795,0.25765357863334587,0.2545371622284298,0.3633581277703933,0.24869418304522453,0.1883124729042964,0.4654596724271992,0.1910646286084839,0.27039337416746245,0.39372573160175195,0.08626180956203638,0.581318141207423,0.2949423751371977,0.2309811982108707,-0.08799788207819223,0.8565657941278093,-0.07483054483895998,0.26467678460425115,0.1961303037765022,-0.37060692250380955,1.950667763640796,0.31086857819504743,0.3560858440158545,0.23403422623578352,0.19803302104318027,0.1887997623229416,0.039856032112805764,0.07328633099111863,0.269372989814537,0.5798521792463901,0.13858184388047595,-0.10390569232043642,0.31754345552404933,0.4002880055704182,0.008188443869885499,0.4857779089165405,-0.25427655338670885,-0.0294570234149723,-0.2197230099316523,0.26278551015578294,-0.08115777839787496,-0.08455731340172665,0.0245549914069721,-0.20800483314858614,-0.09924960946190389,0.3699786571277727
