0.3446023460247237,0.07861016593665754,0.14541548871559187,0.018795143604236016,0.06341360558566062,0.0396265609083943,0.052195272156801364,0.024554719663793162,0.055403169155386504,0.0335241355732497,0.03360037586782748,0.04918468531106857,0.014835110122050436,0.04861082236286873,0.04229811186290907,0.03572584234661634,0.015991561979345044,0.04779702031351237,0.02344809801051987,0.007282400249053118,0.04672757292354236,0.05766667060496502,0.03167862738469583,0.026515217162059086,0.035929562925715766,0.02093680722266954,0.021282726045131265,0.014132900117855519,0.029752514145652772,-0.011129946308250732,0.037796242756257925,0.027850179136323323,0.00943895319342056,-0.024995992953537768,0.018026098643632686,0.03247518495410612,0.023579994458259628,0.06997405262951525,0.02081333502573651,0.011032342032748029,0.044830668913285736,0.02481001363119795,0.024533511246882425,0.06135915449587495,0.048978979738855316,0.04319861374814531,0.0333275816312316,-0.007430924610391854,-0.019543506602470014,-0.010881319626018751,0.009883707108823367,-0.005984599150468915,0.022360561810236747,-0.000223570792169415,0.04418542807340443,-0.0005534311596308888,-0.010889272425997087,-0.04203283780573422,-0.01789126768832673
0.07861016593665754,1.4485333187465985,0.3888692929309351,-0.15060510612800415,0.00727843243916525,0.15539222196930183,0.06611211123626892,0.09187638951001857,0.15663420950628212,0.06759236558542969,0.10987066746595407,0.08472931466492926,0.043675415942175666,0.032382831041257935,0.16379936722804644,0.026873907185608434,0.10073433786225151,0.1944183486846301,-0.013360248077177,0.12467658677515048,0.12123905900789833,0.05850069989672229,-0.10562660464951609,0.03328298044793497,0.08579656776867431,0.15359366007026892,0.10589709074568616,0.15871435423206068,0.1666510330874675,-0.0959994291875631,0.031484728280935854,0.07688442954379401,0.0806401268359817,0.11988840018965521,0.06597316043977325,0.03014826328586453,0.15186459417871362,0.11725711111220187,-0.017451156266530935,0.00937557671949007,0.07100587143582106,0.07712770736722983,0.13621861634882415,0.009559417986252606,0.2067468269219067,0.1072828037797172,0.07776094410457016,-0.004321943006368828,-0.10993946916846767,-0.1652601371029671,0.26880550998945046,0.16118359100743213,-0.12890961651263494,-0.04425722110176748,-0.24936898822879613,0.002363798327216133,-0.010636447049401226,0.21332283943241528,0.036893357076982644
0.14541548871559187,0.3888692929309351,1.5061648717056537,0.05969804463426425,-0.15766758020303712,0.1555259367409129,0.05004833355205626,0.22995625425172495,0.2950588280961609,0.22772168941197454,0.19760006993141396,0.10620564160564133,0.052806795385681365,0.094692871167667,0.1727435332219078,0.06280632810333689,0.24984607231542308,0.1033898264586138,0.18676719294514998,0.1224138674843193,0.09550281364174457,0.23436924763019099,-0.0005665195325863553,0.10742001142769854,0.13282189118895635,0.1536116761419481,0.07103216122500437,0.13097297645369266,0.22960760662180063,-0.40107677287748,0.10584155013189854,0.07701203768738954,0.14105464683679542,0.25015305504021085,0.0848784915467431,0.1548593131035507,0.15931611681387178,0.22944729192754745,0.10521455977884775,-0.21423762358937867,0.12143049054705128,0.13795250728032493,0.059346469559620134,0.11804857266811551,0.18286649532506716,0.3138682539445061,0.16474766968777804,-0.024206801586123854,-0.2598790176871944,-0.020997344388705787,0.01954688100245504,0.2054213027859456,0.032677540560806816,-0.1834846111139509,-0.1631882162344668,0.09879847244239887,-0.07462831737732722,0.06674700733982558,-0.23948014209248553
0.018795143604236016,-0.15060510612800415,0.05969804463426425,1.7302903911014444,0.3528273298898293,0.28970629264135594,0.2293391747875909,0.23227994769976873,0.04823093282648393,0.20402155727835494,0.16117400574472004,0.2764049265343779,0.06812850722363305,0.2965286926700306,0.1023447547713922,0.24313873063671085,0.14321837007358157,0.21025289324267496,-0.023053012591958733,0.07575121311799164,0.2007680932434508,0.22627726440206072,0.204415534703828,0.09281338801478357,0.15023264743415168,0.14124743083946553,0.08718570784714678,0.017024292142777654,0.15010941879349102,-0.0199977129844546,0.07192843319521301,0.159437815917051,0.07774648098657043,0.2239806374347181,-0.07241293960338978,0.1276841751793879,0.05743982695576938,0.16370009546311418,0.1313857677882309,0.11315647394719901,0.029039804195717465,0.12622264701157046,0.1030864491712498,0.17992090230040741,0.04607744766668115,0.06599723447906741,0.16921242535816064,-0.004181043598479809,0.0792500376506919,-0.03123494947854929,0.013161210791161377,0.15021746116074466,-0.04360237948286836,-0.0263573108084859,-0.2514255843477309,-0.00506053737370524,-0.09463697605201947,0.3524642680907783,-0.050305161625778215
0.06341360558566062,0.00727843243916525,-0.15766758020303712,0.3528273298898293,1.3367832231074632,0.18164693112414648,0.10839936479723845,0.14695170361352625,0.039619405498328895,0.10777045405226465,0.10387754604453005,0.1891193949015147,0.07045426049471051,0.1527203836556399,0.11558710574563515,0.1845625346076775,0.021630875330696252,0.13898480795528606,0.0051039293844947625,0.07424311437755594,0.07447512205173801,0.08899748043546646,0.1530701857053994,0.10243170609521186,0.09459125298211564,0.16059722906797658,0.06172945777626902,-0.07731838582458185,0.11121194173632933,-0.06323300475512438,0.08264571864805194,0.11881726878713439,0.03321336216174551,0.1146694238063561,-0.10219069342978014,0.12925426147590705,-0.00820725194448048,0.02979187798392213,0.06038744095084906,0.12302546448576185,0.01968360332433638,0.12653842182318897,-0.09572036057754274,0.06627084441930951,-0.07180332539704821,0.0006119490181440781,0.059337026950909026,0.006935768916294794,0.038890933404790246,-0.07128659920304216,0.11166694079035193,-0.09831305447697986,0.14970636277913538,0.0235046423395161,0.03384531815022746,-0.03710948768631581,-0.0697486898631658,0.04671165801546352,0.1383185608690006
0.0396265609083943,0.15539222196930183,0.1555259367409129,0.28970629264135594,0.18164693112414648,0.590956818884513,0.09226848352295056,0.22077973739392195,0.07083689163896363,0.12461285695260979,0.1691737817432207,0.15325806949342416,0.07405128153251483,0.17567278253899155,0.16055313175468894,0.15696985698210764,0.1748182533491016,0.1487699246749966,0.13996010455777444,0.20037324547158414,0.27458657216390225,0.24372491942119806,0.05873166530959857,0.1332011801415209,0.1389936566238357,0.16541577900966917,0.11067519869972221,0.09740276576315697,0.2016661521212469,0.004798927526332853,0.10527134684574604,0.16737435929054456,0.013980323046993115,0.20294674491282905,0.07647773720697013,0.049308248891534436,0.18162555472745068,0.21332429917879858,0.20960713871281988,0.0953911501106646,-0.0037303859429741143,0.1443827120864442,0.20619588829369376,0.19605696292973443,0.19569852565427395,0.07610000082761544,0.20299791399790393,-0.009028949340546818,0.02132112111242464,0.11286032271313284,-0.18843946140403167,0.10745990496244674,-0.054272538224723964,-0.03186649430410439,-0.07714494633726385,-0.03521074186487696,-0.04831897411123867,0.11967853076529297,0.061086323603838456
0.052195272156801364,0.06611211123626892,0.05004833355205626,0.2293391747875909,0.10839936479723845,0.09226848352295056,0.4766036932234769,0.032860883740553654,0.19844485524440394,0.10450298280252492,0.11306203796437635,0.25409161283397713,0.04497824105375112,0.07497337160488335,0.06761490707928484,0.10028498769230591,0.12323018824993906,0.12549171909716883,0.07726808981929338,0.08589042608159075,0.22685262880236826,0.16527462629689424,0.14051090284989287,0.10251019171013395,0.10578626418455155,0.026367826308558367,0.09435515538193939,0.022492148431739564,0.07098768226739961,0.055658726359597926,0.0962103996320384,0.1195534408196561,0.1310696632816409,0.13870544555371994,-0.037608352861902714,0.0773718433266656,0.09462931122803903,0.1554046788690062,0.10867091030285286,0.09134194990069172,0.03471851905878427,0.09083199203479529,0.13396753611897108,0.1264111397666088,0.08766786537523737,0.08364902785649876,0.17304334050181105,0.004769853863200426,0.0734502186626519,-0.06679829695088618,0.016243389129704543,0.05413964056372699,0.05954144908255763,-0.0492211225288155,0.040200873368464785,0.03806634306106201,-0.044066321678380704,-0.006392024517824044,0.02817365248398506
0.024554719663793162,0.09187638951001857,0.22995625425172495,0.23227994769976873,0.14695170361352625,0.22077973739392195,0.032860883740553654,0.701652515062968,-0.041383545619759536,0.12890663160137186,0.17594854445664312,-0.021168594304131354,0.10080918762975151,0.17773263663014363,0.0953877658823197,0.12161358902313524,0.2349822616961248,0.13541523794924742,0.09630743360706538,0.12140991519711333,0.12440499172694097,0.1295410640211002,0.03819259223339482,0.05949652578775921,0.12285641919769934,0.17188536281720848,0.07225769516261153,0.02309541532162152,0.16283078276405616,0.05411454457344363,0.043656031205004255,0.07397958873928284,0.035224839978314264,0.18045613105779973,0.10599165092034954,0.10879859587452882,0.13461357066162982,0.09342756842041008,0.12113537734886458,-0.003851628493603721,0.042649959513135015,0.09497424890764626,0.08809738026615377,0.06574692677936554,0.09301985875672333,0.10724508223676421,0.10770348884977106,0.0005357506485201632,-0.013807147086279935,0.04412714604914648,-0.05891721826305432,0.07104215784679487,0.04805421031985479,-0.09407433051094984,-0.13745994052597987,-0.0914435240139069,-0.0741252689709976,0.21745053481942175,0.016675485584707286
0.055403169155386504,0.15663420950628212,0.2950588280961609,0.04823093282648393,0.039619405498328895,0.07083689163896363,0.19844485524440394,-0.041383545619759536,0.7803397001155076,0.0057993055829781955,0.058247379962499894,0.10169050950393459,0.029619079568267096,0.09970247191121107,0.16445508629438688,0.05524172699342346,0.12890946298428735,0.06560746786584112,0.025585588851734415,0.01990614873475333,0.16891646378051117,0.16177475604615293,0.16511692233396036,0.14738598557724633,0.07296311987205023,0.11024031752910433,0.058126275321904515,0.09607554501617167,0.03940683863391308,0.009530947575178606,0.10505762511265765,0.07501292995745408,0.18574938341017275,0.14106880522218218,-0.025543673058760156,0.10498198315298264,0.04344544363156538,0.1627790742514801,0.04998927133198045,0.01940558532265981,0.050477847951975595,0.09610844557575123,0.04844097679155869,0.1644719247697917,0.039031780084465034,0.12329964277956691,0.12383139543534695,0.008056028747114882,0.0792109119494268,-0.18621506144299815,0.07536260647860674,0.14694370350138605,0.05975276884668738,-0.07301860780073077,0.06241269396534932,0.1438184510179614,-0.09517805009878987,-0.0875928271336852,-0.08241736465796791
0.0335241355732497,0.06759236558542969,0.22772168941197454,0.20402155727835494,0.10777045405226465,0.12461285695260979,0.10450298280252492,0.12890663160137186,0.0057993055829781955,0.5103911148388008,0.1228870236852184,0.12695235881630254,0.06172725547084473,0.12356614621561356,0.1029036413500506,0.10794543909339256,0.1696908895733628,0.11028105210372874,0.04174312827066628,0.12093594114099175,0.07192911549285101,0.1017528579333528,0.06160239676888651,0.11987524064413842,0.11930915838555393,0.08459818806408749,0.1030381161140639,0.0556891045233995,0.16288098907236062,-0.06759127687662284,0.09574363162975763,0.08274493803210482,0.06734309805635269,0.15349058476519833,0.06958496214455948,0.09900567312703645,0.11527549529700468,0.08585382310321649,0.10297904074408708,0.045005738777708665,0.11662159744302417,0.07934361111468544,0.09068766464007724,0.06753620801343375,0.040561093516595904,0.10013683293268215,0.18493016286833283,-0.00542176176669703,-0.017309783996987342,0.007782585391491327,-0.02556825111780888,0.0275969649685484,0.030216293931523374,-0.02741890203624286,0.06958531892493047,0.09512347729745861,-0.02305540146683418,-0.10434949974782602,-0.06186079045747091
0.03360037586782748,0.10987066746595407,0.19760006993141396,0.16117400574472004,0.10387754604453005,0.1691737817432207,0.11306203796437635,0.17594854445664312,0.058247379962499894,0.1228870236852184,0.35390684495232444,0.14820182882017613,0.07960864235211029,0.1015919679213204,0.1636631756508945,0.11538826651253567,0.23683995592290624,0.0981265068869414,0.06622915589293747,0.14202669128354015,0.09463456208925176,0.11773806007821654,0.07646962502770142,0.10718349990311843,0.11711292669612869,0.11428819346270731,0.11036666933666534,0.06846604135487733,0.15961353987117055,-0.042577045900779,0.09961536190230921,0.101540830391733,0.08863516796690488,0.1401683229968373,0.07716135652221641,0.1284340094492812,0.10124416837098754,0.09773940216359442,0.11548580325659123,0.03413636608506364,0.051083250931878564,0.11093406768576847,0.08126345480604927,0.058231399558773315,0.03409142615751467,0.10720826590241662,0.12036652798624758,0.007169908443065994,0.0013126594120469112,-0.01626528963581386,-0.03544869620962224,0.10782245261147304,0.03677067771778475,-0.07760085251726663,-0.0881314422802976,0.018011444452383108,-0.04660827986740975,0.07334029490433154,-0.0480591070232807
0.04918468531106857,0.08472931466492926,0.10620564160564133,0.2764049265343779,0.1891193949015147,0.15325806949342416,0.25409161283397713,-0.021168594304131354,0.10169050950393459,0.12695235881630254,0.14820182882017613,0.6705195324017897,0.043783687698144946,0.14102019894357581,0.10327924826711994,0.1941921905442024,0.08383179703111872,0.18435450670351264,0.057695990427795524,0.0701311968426607,0.1711298315772456,0.1513413410504219,0.16152117975622204,0.09519177927261013,0.14352036737907387,0.08278297280111675,0.1690908627322848,-0.04056981595663806,0.09422348078629218,-0.05174234804243864,0.09080303586746107,0.17418325311150182,0.06088295493147695,0.12039380823402118,0.011698645920239512,0.11861215404375872,0.02465656709765921,0.15363314198151884,0.08727643867001011,0.13491239578093303,0.028212184964343568,0.10339983111347661,0.1704555451461044,0.09251360340559639,0.11685499301562977,0.07478983143079125,0.1377518984320729,-0.005594230221551307,0.012712883922571383,-0.09584348867931147,0.022860973405413522,-0.030531486338405415,0.10434624413378638,0.028842121084862456,-0.010331194434471723,0.04554529128242092,-0.09384052616569093,0.07883978243966067,0.006549381797752601
0.014835110122050436,0.043675415942175666,0.052806795385681365,0.06812850722363305,0.07045426049471051,0.07405128153251483,0.04497824105375112,0.10080918762975151,0.029619079568267096,0.06172725547084473,0.07960864235211029,0.043783687698144946,0.18057114198756447,0.0650185586161239,0.03861431602652551,0.07246753827278968,0.07497971574259484,0.05672550739131997,0.04280018976302885,0.02334185018769789,0.04410812549753575,0.07675851241756483,0.056631559025409825,0.04851890803387928,0.066841986443752,0.06212412415527665,0.06292637360900083,0.04306629271926685,0.10173788707425048,0.016924144495272474,0.03249042233946665,0.06932294244546307,0.04013771317550702,0.06511391155955454,0.0574896570939861,0.06049759218164039,0.031219844098006908,0.030916751721138204,0.052315062373897075,0.02589032234745238,0.0557809677454531,0.05060156055556328,0.04615269742962635,0.06679155372409436,-0.02193034265122451,0.048952850033516376,0.047470144719796194,-0.0016326732472000238,0.03245710266556251,0.0208209972532141,-0.0033772135944378666,0.010081989329848995,-0.015949440908159723,-0.019109804042566726,-0.03654780272887873,-0.004081181176514712,-0.010052350510708227,0.016031914400413468,0.008165499909858393
0.04861082236286873,0.032382831041257935,0.094692871167667,0.2965286926700306,0.1527203836556399,0.17567278253899155,0.07497337160488335,0.17773263663014363,0.09970247191121107,0.12356614621561356,0.1015919679213204,0.14102019894357581,0.0650185586161239,0.5660688045439037,0.11916670508259214,0.2937390569569748,0.123299128876753,0.12214533187721827,0.03600842850952172,0.034242094484968226,0.0943469923235327,0.24457464444753602,0.16467295409674784,0.1222103470477632,0.09969634873414558,0.13625263317819503,0.028754327366323048,0.08937147521040818,0.07853825504141877,0.06298781688344172,0.08485798013226137,0.08253896670050315,-0.004220568691574199,0.10507600529863168,0.14136559392470277,0.14351752730113126,0.08116860790496898,0.14498418952477235,0.09629349989497189,0.10154720409979073,0.15285847561053953,0.11656694482445804,0.03345424383920397,0.2376451224537116,0.06810344788709423,0.04479710473519639,0.08512497131875775,-0.025118683908799094,0.09421534475072409,-0.04918976074254759,0.02186408761889685,-0.05273345231192531,-0.01614774089649033,0.08721204799055163,-0.1573472567105014,0.03721084259513192,-0.18836597914239864,0.15150167383843555,0.033495318383243676
0.04229811186290907,0.16379936722804644,0.1727435332219078,0.1023447547713922,0.11558710574563515,0.16055313175468894,0.06761490707928484,0.0953877658823197,0.16445508629438688,0.1029036413500506,0.1636631756508945,0.10327924826711994,0.03861431602652551,0.11916670508259214,0.6003019092023021,0.13059991980432675,0.19353847295922214,0.10279282590189409,0.06876557361912465,0.1431112427636755,0.04536531283293719,0.15258238732546947,0.11327077075013264,0.14657156395889173,0.11993125533740359,0.13031171294239144,0.10783794217055351,0.13374712944768744,0.12432349593363143,0.004581703954818541,0.12001433243067808,0.05590896937989644,0.08057650530439193,0.12719413870179858,0.09253087129554294,0.11663751200817875,0.17999437064872326,0.13885579568901088,0.12664423741315814,0.047850207624584695,0.1367202876959835,0.12519088153853833,0.07184565173412362,0.13916702770714,0.05262716305010607,0.06689533650872025,0.11703515368344249,-0.005176990642608738,0.04268124968628946,0.12278397380348208,-0.09168853800573887,0.07998293492608578,-0.07588709085640104,0.029017280440763387,-0.04206378620514697,0.10362068179936258,-0.1417782874000949,0.015385493570231092,-0.010106173010662663
0.03572584234661634,0.026873907185608434,0.06280632810333689,0.24313873063671085,0.1845625346076775,0.15696985698210764,0.10028498769230591,0.12161358902313524,0.05524172699342346,0.10794543909339256,0.11538826651253567,0.1941921905442024,0.07246753827278968,0.2937390569569748,0.13059991980432675,0.4781296600950974,0.13728287313595045,0.10122139244527263,0.09201196591865354,0.05820446683334919,0.08737635781709195,0.23356941632893985,0.13794222459623198,0.11953682117023275,0.12093379932919551,0.09118550821483665,0.11434810901941456,0.08689624609722858,0.13494778047451908,0.0818289168114907,0.09178998319173014,0.13556981306240332,0.038706964946655674,0.11436538143590337,0.1651364355827959,0.14363056744460187,0.0655624793149206,0.16242429747460435,0.10523788537953549,0.11174422119450925,0.1433041114638968,0.1668756716328148,0.10494779733174202,0.19912032728523774,0.060101891751245924,0.05336210145274424,0.11174237478702534,-0.013919966086679319,0.0843323032216341,-0.06794504346398647,-0.04927688532962982,0.017515533011691606,0.054563597516689315,0.04956718052303465,-0.0955032158691453,0.039588721298522506,-0.14398838731286645,0.09196195977216008,0.015538171603086803
0.015991561979345044,0.10073433786225151,0.24984607231542308,0.14321837007358157,0.021630875330696252,0.1748182533491016,0.12323018824993906,0.2349822616961248,0.12890946298428735,0.1696908895733628,0.23683995592290624,0.08383179703111872,0.07497971574259484,0.123299128876753,0.19353847295922214,0.13728287313595045,0.9900878364272578,-0.03406395133555852,0.15068889741734037,0.26545396195277365,0.09315742761538323,0.17275529473709675,0.08287882301252583,0.10783111965138445,0.1785471065615667,-0.12490257508630977,0.1488078117343841,0.15385418273138984,0.2481313921769774,-0.03012828336637068,0.12978246366737137,0.08285226136329875,0.22834921740075212,0.23345317550460318,0.061053692980926076,0.122883493284841,0.33357026277101987,0.15285571747979249,0.18060621864585552,0.02336864641329424,0.05034267469189765,0.13612123048892702,0.15141223515757143,0.09288876537361242,0.02787435006099212,0.1626266423691635,0.3104946515283401,0.018304599684180054,0.02731208970639784,0.05524365037797798,-0.013204715473321915,0.12498058407575267,-0.05755823539674718,-0.14075030954985399,-0.07614021356635088,0.030372994891584553,-0.040648111506905046,0.05902186142269807,-0.10132946666728988
0.04779702031351237,0.1944183486846301,0.1033898264586138,0.21025289324267496,0.13898480795528606,0.1487699246749966,0.12549171909716883,0.13541523794924742,0.06560746786584112,0.11028105210372874,0.0981265068869414,0.18435450670351264,0.05672550739131997,0.12214533187721827,0.10279282590189409,0.10122139244527263,-0.03406395133555852,0.9143315948230444,0.13364303073794018,-0.2769300564035218,0.18813574631721636,0.28105437416784596,0.2472139650929451,0.12541373520122037,0.08919517206304561,0.24829001886888982,0.02091742375621859,0.17203481142937452,0.03836472800055645,-0.014619525549099956,0.054311905870374814,0.06858567039739685,0.028107964981732816,0.03545448507324974,0.06159910302075442,0.08698936414453855,0.10648428966518853,0.07552438850127706,0.08378302548970275,0.12627886672466054,0.15043754733865777,-0.00014967701400508222,0.25618023420858305,0.24745900917632757,0.20024910127337453,0.09714480007751163,0.05719142203750736,-0.03733248942909554,0.015252029467099864,0.002751185560463755,0.2846659318062589,-0.08497238082265485,-0.24250946819612804,0.0024552220209331003,-0.14563227216198021,-0.030242735913073027,-0.13327950700840188,0.12325385893867374,0.2294028529541249
0.02344809801051987,-0.013360248077177,0.18676719294514998,-0.023053012591958733,0.0051039293844947625,0.13996010455777444,0.07726808981929338,0.09630743360706538,0.025585588851734415,0.04174312827066628,0.06622915589293747,0.057695990427795524,0.04280018976302885,0.03600842850952172,0.06876557361912465,0.09201196591865354,0.15068889741734037,0.13364303073794018,1.072860909273323,0.0426838969794092,0.12398440297367548,0.33699860050965713,-0.2400335390900087,0.033612457206427,-0.02004866487761095,-0.07766082351825375,0.008855329413371355,0.15802876184601494,-0.017053072537694305,0.14433230404750222,0.07661044746857923,0.11812752193349058,0.09347949077695605,0.019333551650856085,0.026111198213473054,0.09786401779742303,0.21100385843170869,0.0685969986181655,0.28378288975011967,-0.08958053162152381,-0.018218903785524765,0.0878048150565077,0.0007894319930646902,-0.015243903527866295,0.19690395649518064,0.1274042205205526,0.11772756962740959,-0.018373257042823835,0.07073317486215665,0.3135883505161423,0.018179290612194622,0.016309883111036216,-0.21349986822982953,-0.1258757161791198,-0.09365731459707745,-0.03149410101535588,-0.010958964861808605,0.03865403028593812,0.010399750980778208
0.007282400249053118,0.12467658677515048,0.1224138674843193,0.07575121311799164,0.07424311437755594,0.20037324547158414,0.08589042608159075,0.12140991519711333,0.01990614873475333,0.12093594114099175,0.14202669128354015,0.0701311968426607,0.02334185018769789,0.034242094484968226,0.1431112427636755,0.05820446683334919,0.26545396195277365,-0.2769300564035218,0.0426838969794092,1.0403890677253733,0.08676904522089855,-0.211282274790463,-0.1389197759899032,0.05530021330391625,0.11698792623903526,0.28525627162247297,0.23817074803831764,0.1898551884684903,0.26022905214354,-0.03211281754415719,0.20215412324637477,0.12455838520946212,0.21416633977863253,0.302743864068289,0.14650127951752184,0.005714762545467236,0.41824496965017516,0.27817102757195883,0.2961009931653931,0.19895093262044078,0.09472769530952407,0.24580552832770394,0.43429232608758844,-0.1456678900972173,0.44518543484581086,0.09322306917734273,0.30845366956714704,0.0842768158532885,0.010491582718065147,0.1472862684690632,-0.2766676048448921,0.2571808745921932,0.001979640289629349,-0.05708087103966783,0.07851510423651202,-0.01219736388225016,0.0692694491549839,0.000648544607753082,-0.04691808954998597
0.04672757292354236,0.12123905900789833,0.09550281364174457,0.2007680932434508,0.07447512205173801,0.27458657216390225,0.22685262880236826,0.12440499172694097,0.16891646378051117,0.07192911549285101,0.09463456208925176,0.1711298315772456,0.04410812549753575,0.0943469923235327,0.04536531283293719,0.08737635781709195,0.09315742761538323,0.18813574631721636,0.12398440297367548,0.08676904522089855,1.0575300113370254,-0.10189245366575668,0.023739505179020737,-0.059832937312944534,0.12298051597323376,-0.28552072697714853,0.03875317509469311,0.13303493354400417,0.03602265634498285,0.2226076949598934,0.08568966724448594,0.10130482644661243,-0.046753930226675386,0.17689833917227063,0.3446840257992313,-0.042144863818602725,0.3336898645425925,0.18735101290438982,0.09072331344005663,0.187666485013823,0.055274326041614336,0.09004964262871479,0.24605212780469804,0.2667463914548196,0.5488198034400139,0.0495484809153224,0.29618278737359865,0.029781056201397493,-0.27096303235256575,-0.12230958940080303,0.03345792674821282,0.016733701577364323,0.0869922239924705,-0.009760044724304803,-0.2183306902066816,-0.02796956487871338,-0.007762844053471672,0.15816245307717736,-0.12394113672832555
0.05766667060496502,0.05850069989672229,0.23436924763019099,0.22627726440206072,0.08899748043546646,0.24372491942119806,0.16527462629689424,0.1295410640211002,0.16177475604615293,0.1017528579333528,0.11773806007821654,0.1513413410504219,0.07675851241756483,0.24457464444753602,0.15258238732546947,0.23356941632893985,0.17275529473709675,0.28105437416784596,0.33699860050965713,-0.211282274790463,-0.10189245366575668,1.558434846348042,0.2498474398584288,0.07877037884850756,0.17944292098892245,0.173818778258803,0.07654816269167292,0.08736075390926105,0.05426029133667038,-0.004451950012659077,0.21114182690753136,0.3402113532170741,0.20191505263638368,0.3031959738006502,-0.024452272093385765,0.03712404608898331,-0.026295565202250612,0.42843371380024314,0.4399882652623312,0.003408485355528339,0.16696068909410902,0.20920056221606775,0.09966095012900515,0.48861149114477415,-0.2560729524407961,0.24769870507823813,0.31061039949371727,-0.18390769626491318,0.9054259928186603,0.11896215799878573,-0.008456929258178987,0.014629965184030033,-0.06542994833590579,-0.0792916927299796,-0.08602345817215241,0.014765135624015017,-0.09965196397182487,0.1452549670087505,0.03275487169331639
0.03167862738469583,-0.10562660464951609,-0.0005665195325863553,0.204415534703828,0.1530701857053994,0.05873166530959857,0.14051090284989287,0.03819259223339482,0.16511692233396036,0.06160239676888651,0.07646962502770142,0.16152117975622204,0.056631559025409825,0.16467295409674784,0.11327077075013264,0.13794222459623198,0.08287882301252583,0.2472139650929451,-0.2400335390900087,-0.1389197759899032,0.023739505179020737,0.2498474398584288,1.6413306278404993,0.16108735917927225,0.28060297192714,-0.19531712535678103,0.056041331340557034,-0.19115332187580547,0.1619781178815205,0.04282922852928651,0.2120613345864391,-0.05484446024277521,0.1242357843376737,0.296130078113049,-0.13983002627677482,0.4081492713941264,0.09433471230558829,0.18467700148950428,0.18391115369099176,0.29502078715811825,0.1517325167167662,-0.012044065500579812,0.11404206277607472,0.7347637129305009,-0.34290225791920076,0.11715457439950958,0.1451584679604952,0.026079258495374152,0.00021955204734005232,-0.22522785693117267,0.07517567441903743,-0.06997041180161527,0.1767716384438118,0.03601745069161564,0.04515032970293938,0.09178477289281092,-0.19037654446995803,-0.02359561118100886,0.11150820868178393
0.026515217162059086,0.03328298044793497,0.10742001142769854,0.09281338801478357,0.10243170609521186,0.1332011801415209,0.10251019171013395,0.05949652578775921,0.14738598557724633,0.11987524064413842,0.10718349990311843,0.09519177927261013,0.04851890803387928,0.1222103470477632,0.14657156395889173,0.11953682117023275,0.10783111965138445,0.12541373520122037,0.033612457206427,0.05530021330391625,-0.059832937312944534,0.07877037884850756,0.16108735917927225,0.6482702033401837,0.07616915806162616,0.2186108668686555,0.07308807565138009,0.07238245146320274,0.11175829344872748,0.09614120289183194,0.12660548542954958,0.021548316303461688,0.09200075138050395,-0.07145722399059444,-0.006057499116905378,0.16327305820705104,-0.03144993201525137,0.08290663270601631,0.08419416889276676,0.02631898678102541,0.10786692925580894,0.08791912410789886,0.0587289354647711,0.10558602720441045,0.039413610760734595,0.09213798216618863,0.04993552490765187,-0.0010337567570929704,0.0004891128535558495,0.008829096874537002,-0.06279073025730253,0.04225915619852387,0.006798970841309092,-0.01657356359433232,0.3484732461182882,0.13964326639471117,-0.19231091692140181,-0.4799157202915003,0.5250294811251662
0.035929562925715766,0.08579656776867431,0.13282189118895635,0.15023264743415168,0.09459125298211564,0.1389936566238357,0.10578626418455155,0.12285641919769934,0.07296311987205023,0.11930915838555393,0.11711292669612869,0.14352036737907387,0.066841986443752,0.09969634873414558,0.11993125533740359,0.12093379932919551,0.1785471065615667,0.08919517206304561,-0.02004866487761095,0.11698792623903526,0.12298051597323376,0.17944292098892245,0.28060297192714,0.07616915806162616,0.8515917354724173,-0.03401530127176306,0.12014616756203507,0.011204392989788165,0.3799261038668062,0.09606150428498496,0.16822325959918571,0.11329393610905375,0.10057509028407731,0.38232579144610984,0.11153100591020582,0.2731200116885254,0.10330837337492133,0.18617048495564376,0.1766187531681929,0.09380918140716263,0.09876785227190585,0.08873603822502958,0.11686799968936895,0.16895736612152323,0.014910315406637696,0.16878345205838524,0.15515288093626098,-0.007268337975023674,0.016231829255877597,-0.1260344978327963,0.01949990986991435,0.044927108167168696,0.13708517275825666,-0.03884038569445366,-0.03793371827772088,0.061678613322661675,-0.033635401280501236,0.02440823968845833,-0.060462887125158224
0.02093680722266954,0.15359366007026892,0.1536116761419481,0.14124743083946553,0.16059722906797658,0.16541577900966917,0.026367826308558367,0.17188536281720848,0.11024031752910433,0.08459818806408749,0.11428819346270731,0.08278297280111675,0.06212412415527665,0.13625263317819503,0.13031171294239144,0.09118550821483665,-0.12490257508630977,0.24829001886888982,-0.07766082351825375,0.28525627162247297,-0.28552072697714853,0.173818778258803,-0.19531712535678103,0.2186108668686555,-0.03401530127176306,2.1502213729623696,0.09931730932337243,0.26773185994063237,-0.1335974764144472,-0.24385384105577754,0.18349689257201313,0.3322800384751727,0.20184682395188155,0.019772544393729944,0.005518119257819459,0.09627194869560733,-0.36160401261765346,0.03320718204036456,0.25537913725769484,-0.05688008103404591,0.3946353484591774,0.3734392061827292,0.0029406741406645133,-0.15602353624302587,0.25363167564080935,0.06630490943562488,-0.10874051250838973,-0.011403021242415701,0.277289021459427,0.3524443707856634,-0.2769608353397987,0.10212873406069506,-0.2779409026810302,-0.03538943635050208,0.1584933431847153,-0.019384297786637146,-0.09292003609989007,0.09525302201951695,0.20076279730961263
0.021282726045131265,0.10589709074568616,0.07103216122500437,0.08718570784714678,0.06172945777626902,0.11067519869972221,0.09435515538193939,0.07225769516261153,0.058126275321904515,0.1030381161140639,0.11036666933666534,0.1690908627322848,0.06292637360900083,0.028754327366323048,0.10783794217055351,0.11434810901941456,0.1488078117343841,0.02091742375621859,0.008855329413371355,0.23817074803831764,0.03875317509469311,0.07654816269167292,0.056041331340557034,0.07308807565138009,0.12014616756203507,0.09931730932337243,0.5511281030495587,0.10336796811708208,0.10975870563373974,0.038309829577923095,0.1397618324758372,0.13340238228395238,0.13113062314575208,0.10603178019703215,0.11599776507513644,0.16991431938524337,0.17261077011314527,0.22583265130688884,0.04903974801124863,0.12734661800085037,0.15451324509804945,0.13338886173937206,0.41395426709472977,0.008363738722724804,0.13374742824775046,0.08769781944364281,0.10604281833271419,0.01023768086745283,0.031037076992522186,-0.028644917119534197,-0.10234283317992308,0.036321779270757665,0.044158728543360073,0.06016365010396868,0.06953588477389754,-0.0004409729074072602,0.024318650549608425,-0.026980571122977498,0.03452353563556635
0.014132900117855519,0.15871435423206068,0.13097297645369266,0.017024292142777654,-0.07731838582458185,0.09740276576315697,0.022492148431739564,0.02309541532162152,0.09607554501617167,0.0556891045233995,0.06846604135487733,-0.04056981595663806,0.04306629271926685,0.08937147521040818,0.13374712944768744,0.08689624609722858,0.15385418273138984,0.17203481142937452,0.15802876184601494,0.1898551884684903,0.13303493354400417,0.08736075390926105,-0.19115332187580547,0.07238245146320274,0.011204392989788165,0.26773185994063237,0.10336796811708208,1.1186216683718735,-0.13864620737909358,0.17332633876225967,0.1975726004084609,0.06908889407393135,0.3724510033476188,0.054468946372619474,0.4270783422260174,0.09425760711326292,0.3849321720229615,0.17642698597744147,0.23000010980231558,0.06686862847855103,0.40356203536572743,0.23003639128966893,0.12533847063922438,0.3740341285520081,0.26298368005509104,0.07360850768944795,0.14502186077612705,0.03668046094464412,0.0252820816410566,0.225774419373762,0.03853212700021497,0.4870983761609468,-0.7911308802632099,-0.01350799612585005,-0.1719649403134948,0.010669424037367302,-0.04669600972311488,-0.00461251731387774,0.04107699392727909
0.029752514145652772,0.1666510330874675,0.22960760662180063,0.15010941879349102,0.11121194173632933,0.2016661521212469,0.07098768226739961,0.16283078276405616,0.03940683863391308,0.16288098907236062,0.15961353987117055,0.09422348078629218,0.10173788707425048,0.07853825504141877,0.12432349593363143,0.13494778047451908,0.2481313921769774,0.03836472800055645,-0.017053072537694305,0.26022905214354,0.03602265634498285,0.05426029133667038,0.1619781178815205,0.11175829344872748,0.3799261038668062,-0.1335974764144472,0.10975870563373974,-0.13864620737909358,1.8836325603468165,-0.24956736126506324,-0.2506784210595193,0.12701115502100452,0.12354391466525863,0.32509283763467817,-0.04109416652167468,0.3260927238870638,-0.27571500283566924,-0.2500598771846676,-0.04741920594195677,-0.05948159431821792,0.16675943558219225,0.03432479687169812,-0.09305165301056344,-0.3290344261283656,-0.389011944199061,0.12740035918939102,0.016993044244644987,-0.02762892599470437,0.02362013977760249,0.03574447125425261,-0.253603352739903,0.06809704513305662,0.07685550869929932,-0.01997724787349685,-0.03280577250668546,0.0228750221953042,-0.028762116929395665,0.061599790724481164,-0.0357208734601282
-0.011129946308250732,-0.0959994291875631,-0.40107677287748,-0.0199977129844546,-0.06323300475512438,0.004798927526332853,0.055658726359597926,0.05411454457344363,0.009530947575178606,-0.06759127687662284,-0.042577045900779,-0.05174234804243864,0.016924144495272474,0.06298781688344172,0.004581703954818541,0.0818289168114907,-0.03012828336637068,-0.014619525549099956,0.14433230404750222,-0.03211281754415719,0.2226076949598934,-0.004451950012659077,0.04282922852928651,0.09614120289183194,0.09606150428498496,-0.24385384105577754,0.038309829577923095,0.17332633876225967,-0.24956736126506324,3.0967919231647123,0.09924922018277962,0.19899182440280272,0.05362097045107651,-0.3528015709176543,0.2945657070726839,0.5960530287530171,0.0060407839149883725,0.14462881531679467,0.040171950008924845,-0.1677373984730216,0.11252973526907041,0.10683616280127423,-0.047041256325456714,0.15069983357669584,0.7079481477895053,0.42419932266119886,0.08782670412451166,-0.0175007347733402,0.12370419467905633,-0.13202525338493806,-0.039320980657791216,-0.029487065678379654,0.12259087932569891,0.003499823424357357,0.28770203835045344,-0.19725343381610405,0.09103432591339448,0.02078962833369891,0.3374314989822613
0.037796242756257925,0.031484728280935854,0.10584155013189854,0.07192843319521301,0.08264571864805194,0.10527134684574604,0.0962103996320384,0.043656031205004255,0.10505762511265765,0.09574363162975763,0.09961536190230921,0.09080303586746107,0.03249042233946665,0.08485798013226137,0.12001433243067808,0.09178998319173014,0.12978246366737137,0.054311905870374814,0.07661044746857923,0.20215412324637477,0.08568966724448594,0.21114182690753136,0.2120613345864391,0.12660548542954958,0.16822325959918571,0.18349689257201313,0.1397618324758372,0.1975726004084609,-0.2506784210595193,0.09924922018277962,1.1051048457870198,0.14593719423640544,0.14089809764544753,-0.030592581178901623,0.15864292575229752,0.4230072457608174,0.2756927010696128,0.25362673068874286,0.35897624763316566,0.15698887763984948,0.23424297689181348,0.1680383791425451,0.03765999619650312,0.3137123288053919,0.28039595731753714,0.18986202046411738,0.19404426639336522,0.007091439457739926,-0.09445029220379976,0.1345325283716556,-0.08179939645161564,0.07796974781005055,-0.011839013371622364,-0.05064671936753828,0.1510454997111785,0.06744771100504617,0.019552688581894722,-0.14255918420811858,0.04634665513896602
0.027850179136323323,0.07688442954379401,0.07701203768738954,0.159437815917051,0.11881726878713439,0.16737435929054456,0.1195534408196561,0.07397958873928284,0.07501292995745408,0.08274493803210482,0.101540830391733,0.17418325311150182,0.06932294244546307,0.08253896670050315,0.05590896937989644,0.13556981306240332,0.08285226136329875,0.06858567039739685,0.11812752193349058,0.12455838520946212,0.10130482644661243,0.3402113532170741,-0.05484446024277521,0.021548316303461688,0.11329393610905375,0.3322800384751727,0.13340238228395238,0.06908889407393135,0.12701115502100452,0.19899182440280272,0.14593719423640544,0.6672768010283252,0.15361819454245196,0.11334203075655026,-0.007604938011674121,0.1458924804979589,-0.13962562977882206,0.08565932926481602,0.16148547185180614,-0.024575502124275728,0.024619845999827413,0.2105446270038779,0.017622446303815247,-0.0813291004233769,0.10455800202483674,0.17491945600120337,0.15804786698509926,-0.03423180651914168,0.2310870595638032,-0.009010162764308943,-0.05393164464228156,0.09820377223675278,-0.0006965518065078033,-0.08072652772781115,-0.06891547463178609,-0.08479935462580043,0.3288672011154298,-0.048373821569385654,-0.09787184305556154
0.00943895319342056,0.0806401268359817,0.14105464683679542,0.07774648098657043,0.03321336216174551,0.013980323046993115,0.1310696632816409,0.035224839978314264,0.18574938341017275,0.06734309805635269,0.08863516796690488,0.06088295493147695,0.04013771317550702,-0.004220568691574199,0.08057650530439193,0.038706964946655674,0.22834921740075212,0.028107964981732816,0.09347949077695605,0.21416633977863253,-0.046753930226675386,0.20191505263638368,0.1242357843376737,0.09200075138050395,0.10057509028407731,0.20184682395188155,0.13113062314575208,0.3724510033476188,0.12354391466525863,0.05362097045107651,0.14089809764544753,0.15361819454245196,1.7935095924467566,0.19937614755008562,-0.5297877082739353,-0.09182001002814531,0.17533277756828383,0.39174280476720647,-0.03371270258307049,-0.05566934007071659,-0.3099202511706325,0.30564498354651354,0.04362952553478333,0.3168340735764159,-0.2866043013158978,0.13769243442902473,0.680849663882285,0.12469800574380682,0.27180160119324803,-0.1544311156042872,-0.10498726288229407,0.1463958162748219,0.1359901798417669,-0.1968480291361846,-0.003682736566560519,0.047354880790369126,-0.050810227075811565,0.09069156066142268,0.17311272449711265
