0.8778402188514706,0.13913501470106152,0.2425219280553079,-0.01962274856806697,0.0989349292308245,0.0405583973383004,0.25913547283226296,-0.03429444785526257,0.08505559405865282,0.11031625491502979,0.09302986716737066,0.15422637083306556,0.05797290938960169,0.1888193540134405,0.08725150173946222,0.11679235910465126,0.08190469084039263,0.10945080504658523,0.07606639028036226,0.017611961811523923,0.10659414898287889,0.11343049153940496,0.05586692003074472,0.08043850806874947,0.05549733514069376,-0.027500175643575098,0.08935799198307731,0.026661328193685933,0.1657394206340287,0.0634274954590389,0.12818198567124617,0.07976839646007927,0.09707045659403045,-0.09800526674505759,0.0856512194095961,0.05926506117964346,0.09004735283691237,0.21467268310681917,-0.019762824971447306,0.05430294089560792,0.1419606541869773,0.1037750006955135,0.1645759213561014,0.032332109574731205,0.09019297915956401,0.2702278977454231,0.04834158123193459,0.09741476152160629,0.07751546958252473,-0.028442757861580955,0.021616069049377486,0.006487469815229816,-0.04066277013667597,0.015365264318524982,0.03057647627108988,-0.060379544467606634,0.0060161429703190035,0.5168741499708962,-0.5310596691926117
0.13913501470106152,3.4282268060481007,0.4821626551245366,0.1280640309923226,0.14477164673147092,0.1338387029545656,0.3609295399006134,0.1980849725313491,0.30604640556340357,0.34334982393597435,0.2071829701921648,0.25154386028538095,0.15132039082409318,-0.10865933018480926,0.4171918113134015,0.037629295639812745,0.19658640384793227,0.4917536712661146,0.1365688937556732,0.18581690080976895,0.3325054790995555,0.22025622882567628,-0.14412203647734848,-0.3584653774117641,0.16820389599335717,0.18593067502350677,0.7271554354418701,0.30463096426280245,0.5612550504826167,-0.27354235152248935,0.19279140379494072,0.18127397931415537,0.3280807611936497,0.20686127844630162,0.21140353415616006,0.294500877201394,0.579819772798685,0.1633586780412295,0.09637318035957912,0.10838216205640802,0.2759886758067139,0.33195757034042445,0.014479877601688904,0.04203795541126182,0.18806357567074972,0.3862999166629768,-0.03134644159150541,0.06495499669766701,-0.15284339048645415,-0.10117999645622057,0.24807296539869558,0.14507577413275988,-0.2197762241771969,-0.15308088374958836,-0.1174038067207897,0.09421373247185358,-0.07932513587106298,-0.5154610116844128,0.7019805249870844
0.2425219280553079,0.4821626551245366,1.5863218006212052,0.2501058747154965,-0.04999237024053377,0.3882343724632599,0.29840078948847043,0.31173209667061585,0.4023182478228576,0.3743068235242881,0.34978075704391,0.28823301023577425,0.20695430882053015,0.09547015610688124,0.3251899612393112,0.17626791572741582,0.37667920547364353,0.2784526123314608,0.17511648902475194,0.3183882834277819,0.29675079059164217,0.33161547582958156,0.24405658088752422,0.20122333103037582,0.25407339397477335,0.17480270704005368,0.23295575767152568,0.2587514789603788,0.6856850254959127,-0.5626962730205632,0.24226494323480818,0.22333474508813175,0.20888833101418267,0.36349791283484895,0.31892123075284295,0.47078215762078107,0.43174071086012705,0.37587550376851836,0.27162955105755787,0.01568015742277058,0.29236671322139945,0.32943875287472024,-0.06159942790463902,0.20946711448417502,0.10050807262849461,0.5611105530922121,0.04678746181253659,0.019664914123924782,-0.4352896701828791,0.12254045080512509,-0.09755302514462602,0.16008422659336075,-0.0333714934215723,-0.177238499443423,-0.27879871552436514,-0.008141970171622472,-0.08363495863124458,-0.7893113196521964,1.0043483963412174
-0.01962274856806697,0.1280640309923226,0.2501058747154965,1.2060726566860247,0.28210000418655345,0.3116923388178225,0.3353942704900232,0.26119767642232794,0.2563798881206466,0.23098415492049026,0.23716369625502093,0.3349012412532798,0.18116114897311061,0.3451513181934696,0.2645181127574506,0.32059919729003583,0.21789896901936376,0.31680591237629757,0.2336076664819624,0.23545877906578866,0.22582083593461497,0.29246604248888,0.3034824919250185,0.22071498407707885,0.2761060103276999,0.24516689273187797,0.17098404169738304,0.033476172581389775,0.3323050854579359,0.07188796853336303,0.22117937574069732,0.1954968037857706,0.1566979268165702,0.34736588774420074,-0.0002772115267346715,0.25240050131667324,0.3167886311880942,0.3014720833582185,0.25957423856999345,0.11998563412194649,0.1598463776822417,0.21929209503388555,0.3610759868241733,0.11575570046756622,0.13262782301158846,0.22017825693324486,0.2502054048971446,0.0636653929287009,0.22287579137026392,0.07641026778205959,-0.06160918090360433,0.07212221551485361,0.028810391828001304,-0.11851645811192217,-0.051555037678603456,0.07601969487548339,-0.25888585689262333,0.3363624514093399,-0.22980645444807943
0.0989349292308245,0.14477164673147092,-0.04999237024053377,0.28210000418655345,0.7012066480820867,0.22962558082090176,0.18690417496446657,0.13660636629767894,0.1261315324300447,0.13954294628921224,0.13581351084327492,0.19841555279522702,0.12925019014677205,0.13361961135863637,0.2566813725167315,0.21228020577233675,0.09315182164850132,0.1959865863300434,0.3249119486376893,0.09800709469191009,0.16116498645588176,0.17667991648811507,0.22421416319005188,0.15220081594595156,0.22691192981049918,0.15549462902635916,0.109740210323779,-0.030978643012033544,0.22062698810598672,0.18539789958697656,0.10899347677948601,0.13068276457683306,0.07804879536873259,0.29465278995397415,-0.005087037230246106,0.20607184310563798,0.25396780073866426,0.1276738081069399,0.2050734359451822,0.08916830420121202,0.12745320916532357,0.15321855192175035,0.17717267138234533,0.09205326739875215,0.06077531162794517,0.0715329120551561,0.1351628111848864,0.07830870841478234,0.2097186313862501,0.1380508664955728,-0.12528007778239658,-0.16673759725070303,0.11254298611169565,0.09064874988393577,-0.09297023053981171,0.04987036983049467,-0.1750394925573659,-0.05173687694383533,0.22088838415575562
0.0405583973383004,0.1338387029545656,0.3882343724632599,0.3116923388178225,0.22962558082090176,0.6956541386318765,0.10489858352550603,0.3666870945607593,0.23661410393255056,0.1251232335495836,0.287250476889685,0.234521918487655,0.17887012111996617,0.16742067579018977,0.235260959466816,0.22036752456093656,0.278047254415048,0.2296283839749674,0.34420962659346105,0.2983921872668713,0.23139153047013508,0.26168275311802,0.17621758748792404,0.19088747590275545,0.2508311011165474,0.24776328226698602,0.2426702726428471,0.11169706721290056,0.4148421445085043,-0.05626171676874979,0.19506909713848022,0.18039699450588204,0.06429338542860569,0.25757836187588146,0.1692670640325604,0.18547256082160535,0.34966185300785657,0.29206974796806084,0.31234482562533467,0.1457679077901219,0.21603329712352742,0.22522387448670095,0.27829597287370134,0.1509205087721478,0.15731849803136558,0.25339958812834634,0.40136562408150506,0.1025128446032931,0.19134278527789617,0.260732025798495,-0.27087894549483993,-0.008914859229314034,-0.06610539949897673,0.04921642040433264,-0.13937079293472415,0.07882527267892128,-0.17960195006183063,0.38330594121749095,-0.3038568599918847
0.25913547283226296,0.3609295399006134,0.29840078948847043,0.3353942704900232,0.18690417496446657,0.10489858352550603,0.5808212128933291,0.04915225647013294,0.2319343427164941,0.1626978308504255,0.15752853368468558,0.3018571871394829,0.11795409014249333,0.012849029245694785,0.1616975586802607,0.15525356586820419,0.13892861584200838,0.24936659144354079,0.11829189044276023,0.09847794815491363,0.17837676345649697,0.22353235468478191,0.18266675051956277,0.10328677674136082,0.18671874229341046,0.13994842611767638,0.20372300222664003,0.054032515757066045,0.21700376773813665,0.0332524466898184,0.17025968920800463,0.15408900937246117,0.15785466502647372,0.20988989286955784,0.06795445771300915,0.22992557554273385,0.17324558946180452,0.22044354949178405,0.10256941415507284,0.06510457732174099,0.08360951548677512,0.17879977758741225,0.1797441652697572,0.06584753453251775,0.10275269215689245,0.2745872164982227,-0.02991597817885122,0.03853531559204521,0.04780890029987916,-0.0627372255281134,-0.012531410406990864,0.05466897608016766,0.03451395023719923,-0.09504349987074248,0.04812000377764493,0.06785465723832014,-0.08002677955018311,0.08675836648020979,-0.1799059976598967
-0.03429444785526257,0.1980849725313491,0.31173209667061585,0.26119767642232794,0.13660636629767894,0.3666870945607593,0.04915225647013294,0.7975056617691386,0.10470580600177436,0.2583563234375056,0.2761385866976246,0.1281332743124929,0.216717622111143,0.126576060022609,0.18442289138514248,0.17226709169259463,0.28219312724368234,0.2519869663171674,0.2238239196118259,0.2789134551653262,0.19332762409114848,0.1743649905156021,0.1859105294128969,0.09730349448774978,0.25894572530890886,0.20751692929206902,0.26330230265500115,0.07459208416795586,0.27854218037945644,-0.08863173513127146,0.11553264359001518,0.14774190346121482,0.11047364859318111,0.2866098130292597,0.3031196516771617,0.11589446028372356,0.3448663761799124,0.23329721794261635,0.35230555647182493,0.1812346240112123,0.22468699159981997,0.20769199659011714,0.24267921266512463,0.13991785191647518,0.10672905044011011,0.2947229608808318,0.4474508541439959,0.13969720945457884,0.165428708281907,0.11071732132338889,-0.07125883223427709,0.047120366370780174,0.05410987912650378,-0.08097156696799722,-0.17627373702325533,0.006882327872215114,-0.08082738300163834,0.4945047924881419,-0.401732934926795
0.08505559405865282,0.30604640556340357,0.4023182478228576,0.2563798881206466,0.1261315324300447,0.23661410393255056,0.2319343427164941,0.10470580600177436,0.7312784588754508,0.18559678425345436,0.14768294681943606,0.2000085695399789,0.1441895826258553,0.1058811795348445,0.10166271354634668,0.14446038729290436,0.17553990111896348,0.2962694500126238,0.1291403895289481,0.07762589474156702,0.20140236871080422,0.3815314282074961,0.19490038139970262,0.13865311890178098,0.14632098387161077,0.19895733616855835,0.21352917890142098,0.10521116832271045,0.2998678141204544,-0.03373769363724059,0.27952721388048585,0.15271865674448207,0.18836733468085978,0.08856398175539275,0.11763841260637348,0.28884027767716747,0.1951958068751112,0.25439781356454394,0.07685199417772416,0.07429843264702382,0.1333379580693816,0.2009803009011591,0.20976350087263468,0.0899846236126395,0.12356716529989237,0.23102216809381415,0.0596296181326081,-0.07750392953661908,-0.001301294413850124,0.18308214363229172,-0.08499488357518134,-0.015524227118860943,-0.0588818262081203,-0.047303841314354646,0.04100835245990937,0.22869544927991808,-0.11594686524925639,-0.07316806065367318,-0.13604616134806458
0.11031625491502979,0.34334982393597435,0.3743068235242881,0.23098415492049026,0.13954294628921224,0.1251232335495836,0.1626978308504255,0.2583563234375056,0.18559678425345436,0.7820015083221236,0.17933845197144113,0.17355922952915676,0.1413828394078898,0.08137917094514437,0.2566694246823893,0.15173562988580375,0.20742106456250609,0.306222878357997,0.125115434411287,0.13141369478005838,0.16269732895100297,0.19897283932719073,0.2685224318617754,0.045998284974762715,0.24506240071823068,0.1303280566176772,0.2762265054967284,0.05387648193234947,0.3361708870552725,-0.060055937793134326,0.11211883626184774,0.17902260881463494,0.13794938848401705,0.37753755631406366,0.17045570795787213,0.2854528132178718,0.26982819250192835,0.14710695215025174,0.24713464456760323,0.09319249185280645,0.19296496980615774,0.18746950046066055,0.04484716022908049,0.12460321669975372,-0.028651893235064504,0.2770488702291405,0.17679823860815672,0.05868402587093391,0.04740541381987872,0.004966581191444251,0.03951734208032665,-0.009415753073466525,0.11215845053515937,-0.11395295757862477,-0.38037006032940873,0.035636977062577756,0.0867010472954246,-0.12503903773936004,0.2672142381276763
0.09302986716737066,0.2071829701921648,0.34978075704391,0.23716369625502093,0.13581351084327492,0.287250476889685,0.15752853368468558,0.2761385866976246,0.14768294681943606,0.17933845197144113,0.5597967473043168,0.22190673919638454,0.16868248958411547,0.1643426344563351,0.242133919852523,0.19273442357768875,0.3324163125204688,0.17947027270543017,0.15899242594686466,0.32304242264154487,0.23701320550164118,0.18023042553734075,0.17227350307048656,0.16817058376469796,0.23767352224951085,0.1951152301069461,0.2652849873406301,0.12736244067921143,0.32969201166984247,-0.07577805088000582,0.15929603917741206,0.16683098949645425,0.13984704411006546,0.25907247635300323,0.24712295881613686,0.22713024853170885,0.3264803832861013,0.26788451587156137,0.2344870452013821,0.16763030300272108,0.24662178679100882,0.25329370559227604,0.1933449207054467,0.13272924936247144,0.12119674093708621,0.31547386109625747,0.24251451124415083,0.1422138911925101,0.0018256712285935985,0.06866765468010903,-0.10278184284405079,-0.058519918080284984,0.17272962202047032,-0.023013594224991267,-0.2167403622221,0.022433069618002864,-0.11781797221521735,0.22957166148234767,-0.08284818261723768
0.15422637083306556,0.25154386028538095,0.28823301023577425,0.3349012412532798,0.19841555279522702,0.234521918487655,0.3018571871394829,0.1281332743124929,0.2000085695399789,0.17355922952915676,0.22190673919638454,0.5957803107151528,0.12410923936060814,0.13252030222380368,0.2576570818537703,0.19938361904570254,0.22365196604667423,0.18603227276206102,0.17142412863507053,0.18912092713650036,0.17954909021608934,0.20291536695966375,0.1954774627874902,0.14298780492652072,0.2851196292361836,0.13764559277511842,0.26810540254014986,0.017322025329590013,0.2556372994150674,0.04216293340017351,0.11461400440030838,0.1916750320753815,0.13039964156296896,0.2337647035578011,0.1920009409129797,0.1740910685875852,0.20216530701796143,0.25872637671452264,0.17599962031852412,0.12696530576542545,0.15870612522132124,0.18862999466405808,0.23545287443011834,0.09187638419793567,0.0904429713996053,0.33618494633661744,0.18615936477174208,0.14933842499836583,0.2729108980608668,-0.12922021388514507,-0.03414394310290772,0.027545578060107285,0.11341011870741138,-0.020674490203805886,0.052962619893409495,0.05597991977481297,-0.15223191018164747,0.2746088485502417,-0.4721149818761411
0.05797290938960169,0.15132039082409318,0.20695430882053015,0.18116114897311061,0.12925019014677205,0.17887012111996617,0.11795409014249333,0.216717622111143,0.1441895826258553,0.1413828394078898,0.16868248958411547,0.12410923936060814,0.3392738226651515,0.11043097509192173,0.05164902236920727,0.15503373409891355,0.13724275247547674,0.13511140979860647,0.11240137956076357,0.12943871778036292,0.12659587396598598,0.17662186502661853,0.12186213371195763,0.07548364680847625,0.1357435869765545,0.12323939404362598,0.1358778973041655,0.055632475569450904,0.29329976539360025,-0.0696151325574085,0.06623870334813514,0.142495517940208,0.07973490163280547,0.16830386660626329,0.16936346465457497,0.1276212349153238,0.1526837202607933,0.1258158955345939,0.18241784548488554,0.09481890449811577,0.13056181295356567,0.13172048439911582,0.11015548583765171,0.0902699828767833,-0.02179123999995251,0.19468290483170958,0.13943104071830442,0.039732570321708675,0.12295914725441273,0.1357891289803039,-0.0708294924330219,-0.06312178657538843,0.0057025102323128695,-0.006769197966201285,-0.07264867421879713,0.0028453085663442085,-0.07218200742700365,0.05207330849728716,0.03275615601931088
0.1888193540134405,-0.10865933018480926,0.09547015610688124,0.3451513181934696,0.13361961135863637,0.16742067579018977,0.012849029245694785,0.126576060022609,0.1058811795348445,0.08137917094514437,0.1643426344563351,0.13252030222380368,0.11043097509192173,0.6432855942990677,0.15435592164353573,0.2836703327568411,0.18083622379177502,0.10587108467374236,0.13200061334318006,0.18083902958489403,0.1494154821846843,0.1608806972748889,0.1705055668703656,0.20220176019754638,0.1300652186178131,0.09646861343410411,-0.007905724326321242,0.023667473004628996,0.27689206135911104,0.06242534828481706,0.13112735702976533,0.0964525582914485,0.059789165122072774,0.10060406169880504,0.1353045426965099,0.0729542988903765,0.2504438067683956,0.2314383958207705,0.12032336108636911,0.1396517221118563,0.22788540399147483,0.15409429803620436,0.3295112237291036,0.09942449430250834,0.1048008532855496,0.06295473415242027,0.2427028386219755,0.1331762528094366,0.4066447488535524,0.12114415939529802,-0.03356175656912832,-0.020230008091297012,-0.0791176387026789,0.04521695876711851,-0.3074675713199111,-0.03343721665337084,-0.21382813795483557,0.6583399669803071,-0.2220809867999676
0.08725150173946222,0.4171918113134015,0.3251899612393112,0.2645181127574506,0.2566813725167315,0.235260959466816,0.1616975586802607,0.18442289138514248,0.10166271354634668,0.2566694246823893,0.242133919852523,0.2576570818537703,0.05164902236920727,0.15435592164353573,1.1488373157361662,0.1692113881210436,0.19408391496025504,0.41112505224115936,0.1895967803164981,0.30010243264115605,0.30193218399919514,0.1511082438692206,0.5421605420055963,0.32617478726558846,0.47679910186855484,0.22467089243101365,0.2689522117567142,-0.05575499040961767,0.39078453111912764,0.17748751902380197,0.19992369821215988,0.10272526332124048,0.1442028169505752,0.4559797149595114,0.21135930637295772,0.35887128775547983,0.513542302525854,0.2410032335401698,0.3360790630055826,0.18783764740864228,0.34109125786618194,0.3224569677557079,0.24895139867807192,0.17359498490115324,0.14698720959360134,0.3374942679018205,0.23619227262788586,0.24544593450987437,0.10450916693106746,-0.08837147335250116,-0.06984932944038556,-0.0042420057469274375,0.16487461381155413,0.0023095995456744135,-0.3286114016757742,0.16455127186524954,-0.3188031630336424,0.31202965607257255,0.097433931271056
0.11679235910465126,0.037629295639812745,0.17626791572741582,0.32059919729003583,0.21228020577233675,0.22036752456093656,0.15525356586820419,0.17226709169259463,0.14446038729290436,0.15173562988580375,0.19273442357768875,0.19938361904570254,0.15503373409891355,0.2836703327568411,0.1692113881210436,0.803753406063263,0.24347637561489743,0.18075795611560921,0.19518537172140984,0.17003104919278647,0.21947890970029063,0.3965164617830689,0.29791328283649554,0.2534989665348905,0.28060787276653765,0.11975411944648463,0.17306269768170934,0.07342509530283867,0.4203950814002647,-0.036405605683573455,0.12926130100663213,0.23287054935647192,0.09286611325809813,0.25167442085163855,0.42070280693761636,0.17686450979825205,0.25150516147173035,0.3076721484534033,0.2909472979866324,0.2678691165908929,0.23222296937275197,0.2408243266069373,0.424776791682187,0.1787288162374032,0.16514069616044544,0.12342727572560276,0.22064711552904093,-0.005726289602627431,0.32830822078875105,0.048416971228083,-0.11065655528454546,0.027382988911049656,-0.05110136091901323,0.009435938078195668,-0.24487553276684185,0.013177371350482827,-0.2305832516340668,0.4819549219491866,-0.11967658224809014
0.08190469084039263,0.19658640384793227,0.37667920547364353,0.21789896901936376,0.09315182164850132,0.278047254415048,0.13892861584200838,0.28219312724368234,0.17553990111896348,0.20742106456250609,0.3324163125204688,0.22365196604667423,0.13724275247547674,0.18083622379177502,0.19408391496025504,0.24347637561489743,1.0111160547424705,0.020179015655498147,0.20861698063868028,0.45406855483721054,0.3249784835927108,0.2134148828684803,0.0751647929591938,0.3482738947372058,0.22203378106271596,-0.040173001248526005,0.42338255277185793,0.6253542784037202,0.3047174372816314,-0.12876892658455155,0.3286396877649331,0.16388546227428155,0.31496649211676114,0.18903293132801735,0.32745636855438454,0.3413343611251457,0.5806721709469642,0.4203791402385321,0.16782060058620904,0.2434153164237422,0.5040609177677978,0.3816022884964694,0.24744253485914872,0.2507479070558537,0.2301300798757604,0.28810195960888413,0.3698017162002949,0.26911085033039345,0.11165509724724852,0.03801360849050605,-0.0014833416160268352,0.1277260234752888,0.04747558703260274,-0.08468500655390021,-0.7367622592310589,0.06447106054721406,-0.0657806682899866,0.38582559263231003,-0.09926654103157015
0.10945080504658523,0.4917536712661146,0.2784526123314608,0.31680591237629757,0.1959865863300434,0.2296283839749674,0.24936659144354079,0.2519869663171674,0.2962694500126238,0.306222878357997,0.17947027270543017,0.18603227276206102,0.13511140979860647,0.10587108467374236,0.41112505224115936,0.18075795611560921,0.020179015655498147,0.9906415195433774,0.17359430725828134,0.06195370628116748,0.3062856031505475,0.2885668221114439,0.672935193275645,0.16483739066485684,0.3057803200319919,0.4677607854212848,0.04069449206644827,-0.3214539346507887,0.3739718883767778,0.09710138361040979,0.3755407168354977,0.16472537990779526,0.07760894283930607,0.3636622247648896,0.18534206537533113,0.33011063350274966,0.31984506330576057,0.28828787962042446,0.29571043208393155,0.23484321125329713,0.18649723041622,0.3020638548549196,0.39348924424064813,0.059461714005048294,0.2872817095718478,0.4450449354867555,0.29169619928929585,0.09031493452785469,0.025284819393047508,0.24434434131326205,0.06227018236301708,-0.18301982836052125,-0.10014489440027767,-0.04164309137304409,0.013626978096214753,0.15527802828317952,-0.12487603406685419,0.7016790782144338,-0.808675731060944
0.07606639028036226,0.1365688937556732,0.17511648902475194,0.2336076664819624,0.3249119486376893,0.34420962659346105,0.11829189044276023,0.2238239196118259,0.1291403895289481,0.125115434411287,0.15899242594686466,0.17142412863507053,0.11240137956076357,0.13200061334318006,0.1895967803164981,0.19518537172140984,0.20861698063868028,0.17359430725828134,0.5958242428311,0.11757642657780967,0.18588462271595307,0.190325416440652,0.06235910384085957,0.1718825707230601,0.1656354217221273,0.07058272023580292,0.13608988033030717,0.22082561367156667,0.1261752451201708,0.059466823378852174,0.23634054486882566,0.1349301442386827,0.1049529136629177,0.16914901667529994,0.06087533310953536,0.1803167917245586,0.23440363607810893,0.2619991809029755,0.20996753399124032,0.10503460912089341,0.20101660410264433,0.16510534609977154,0.25110110944584874,0.11065551346588492,0.17823887969804614,0.1390688981031552,0.16265758597686847,0.08078480702896473,0.06794586482573198,-0.13251246792160612,0.12033950089215917,0.35443171837626225,-0.19967480973144047,-0.0898991046676363,-0.04474860915829991,0.06492441983722787,-0.11660977886269218,0.20819743707330945,-0.15347759467186928
0.017611961811523923,0.18581690080976895,0.3183882834277819,0.23545877906578866,0.09800709469191009,0.2983921872668713,0.09847794815491363,0.2789134551653262,0.07762589474156702,0.13141369478005838,0.32304242264154487,0.18912092713650036,0.12943871778036292,0.18083902958489403,0.30010243264115605,0.17003104919278647,0.45406855483721054,0.06195370628116748,0.11757642657780967,1.1877324368925537,0.18850418515185932,0.09371308927497872,0.17248569854620674,0.3783196659097167,0.27054048138976894,0.3928598435165807,0.42646888562738317,0.18450988491182574,0.3881980638534965,-0.001437847909711687,0.2298386248560517,0.23368538099798536,0.15073034260388032,0.4044320471730723,0.14493655532566269,0.13861141661741405,0.5806426940744511,0.337487454406787,0.5667869404608523,0.26657691428699526,0.34353075280410905,0.2340431328338955,0.2008537261463262,0.20207560494039192,0.1377802634251628,0.27973440465887994,0.1597216019106547,0.4239876224238697,0.8434040519758365,0.04273287371381061,-0.1846953415022971,0.0782269073657653,0.14747938052440634,-0.06027277063938005,-0.40724521026321037,0.02106953904227274,-0.09026184538807756,0.1200547691600488,0.10790566379786244
0.10659414898287889,0.3325054790995555,0.29675079059164217,0.22582083593461497,0.16116498645588176,0.23139153047013508,0.17837676345649697,0.19332762409114848,0.20140236871080422,0.16269732895100297,0.23701320550164118,0.17954909021608934,0.12659587396598598,0.1494154821846843,0.30193218399919514,0.21947890970029063,0.3249784835927108,0.3062856031505475,0.18588462271595307,0.18850418515185932,0.5676586428044452,0.2376463104081683,0.25444125571835996,0.23228484652102913,0.23503242540344704,0.1866383539710453,0.1972153224458302,0.16228460221208205,0.29774422674319584,0.0715885517319706,0.3373292698261187,0.17101842115568633,0.24446541010985204,0.24793224645266915,0.45341760131674297,0.3865343867125536,0.5185375372157843,0.4449271180324133,0.16583900846409858,0.29615989096543377,0.43816913892050785,0.5354137001267291,0.39030171111862993,0.14956974534068782,0.4764453480730772,0.31493445375385826,0.32133174341538695,0.22102977494016704,-0.12926220771351962,0.15659142249341695,-0.039527266557619574,-0.06787916948068802,-0.006623656351782251,-0.01041024358750383,-0.05430559764872147,0.026419816366161118,-0.19465373562561866,0.32104907170137487,-0.09650477262243845
0.11343049153940496,0.22025622882567628,0.33161547582958156,0.29246604248888,0.17667991648811507,0.26168275311802,0.22353235468478191,0.1743649905156021,0.3815314282074961,0.19897283932719073,0.18023042553734075,0.20291536695966375,0.17662186502661853,0.1608806972748889,0.1511082438692206,0.3965164617830689,0.2134148828684803,0.2885668221114439,0.190325416440652,0.09371308927497872,0.2376463104081683,0.7829210132386865,0.29846242621034713,0.16262590671389862,0.2289338709707849,0.18874703892485392,0.21324462928765808,0.08405700891169919,0.4816249499459735,-0.023185407537998977,0.19341162291662914,0.2717345471791228,0.19393033856167208,0.24460076449038193,0.22738680080425036,0.3257845899906583,0.202637006588982,0.37497358165396266,0.23193430700331055,0.16591588993232045,0.1667844010497536,0.2469165790552664,0.4349275104094345,0.15217321691212407,0.1641155128145734,0.20658206457058897,0.16400230892884332,-0.30036260252017966,0.26160686409672684,0.14867022548632583,-0.11941868646277481,-0.009431172014646154,-0.07380830327590998,-0.049365446573101275,-0.09415066246328549,0.0937340447183929,-0.15900320448957972,0.3017142521500676,-0.2088749042260903
0.05586692003074472,-0.14412203647734848,0.24405658088752422,0.3034824919250185,0.22421416319005188,0.17621758748792404,0.18266675051956277,0.1859105294128969,0.19490038139970262,0.2685224318617754,0.17227350307048656,0.1954774627874902,0.12186213371195763,0.1705055668703656,0.5421605420055963,0.29791328283649554,0.0751647929591938,0.672935193275645,0.06235910384085957,0.17248569854620674,0.25444125571835996,0.29846242621034713,1.5455496110904139,0.6082411161777027,0.6026483848600087,0.17242848496773935,0.0289657587973271,-0.6981456697865737,0.6824884009475735,0.3603410700563129,-0.044395273374736366,0.10180368449481006,0.04938493522600902,0.581224542950895,0.19641106386147242,0.4690794214338722,0.43475514495920775,0.15839600333223205,0.625192714150405,0.3034924759193562,0.28341458741949277,0.2889766285934251,0.1939926474205002,0.2689928683782769,-0.10055752287685013,0.5416735340301637,0.3913207114366531,0.22607571552922945,0.3758906946033858,0.1592572832468191,-0.10786704896340148,-0.4551038443030189,0.30591683599970043,0.07269574172673503,-0.4570897074825226,0.03545065618725606,-0.22914057177255187,0.28680536572874,0.04504503437657368
0.08043850806874947,-0.3584653774117641,0.20122333103037582,0.22071498407707885,0.15220081594595156,0.19088747590275545,0.10328677674136082,0.09730349448774978,0.13865311890178098,0.045998284974762715,0.16817058376469796,0.14298780492652072,0.07548364680847625,0.20220176019754638,0.32617478726558846,0.2534989665348905,0.3482738947372058,0.16483739066485684,0.1718825707230601,0.3783196659097167,0.23228484652102913,0.16262590671389862,0.6082411161777027,1.4610196707934273,0.4398222963218301,-0.1821301665662338,0.05222836677250503,0.3593137052409274,0.2608369124436349,0.6077955911491404,0.7327056217153328,0.05791780022037107,0.19437519584397012,0.10267055023920967,0.08691682735301914,0.49584606281915083,0.3885763521704454,0.3754646352840984,0.16380447068406925,0.11640172341190828,0.5551721828004565,0.2533114309538202,0.09903567864777214,0.28459342185619446,-0.06267384092212772,0.3153648915340225,0.23292223958603187,0.31828944755554867,0.2107103865306829,-0.1152145537721036,-0.15102950778605384,0.14957730377177955,0.09421963679694387,0.023675255554476894,-0.22438178281153656,0.06321547800014554,-0.13173726009886982,-0.13523541623513477,0.3078655933226528
0.05549733514069376,0.16820389599335717,0.25407339397477335,0.2761060103276999,0.22691192981049918,0.2508311011165474,0.18671874229341046,0.25894572530890886,0.14632098387161077,0.24506240071823068,0.23767352224951085,0.2851196292361836,0.1357435869765545,0.1300652186178131,0.47679910186855484,0.28060787276653765,0.22203378106271596,0.3057803200319919,0.1656354217221273,0.27054048138976894,0.23503242540344704,0.2289338709707849,0.6026483848600087,0.4398222963218301,1.0660793632130223,0.17993779035431814,0.3305388725295461,-0.21232211460848963,0.46583977452298936,0.29559447470980565,0.06976321901511691,0.1646251827386214,0.12024991966899139,0.619375391982324,0.3644528233953885,0.28882133057495457,0.4428947970214178,0.26588849770324785,0.45785589108826796,0.1987906149156596,0.20770736786594998,0.27556305220400884,0.2542518736371364,0.20183656790387808,0.08359790412852634,0.46450177390052916,0.35802104319889394,0.1757577044152587,0.13691694233218873,-0.3589040101498479,-0.17062450684084027,-0.0400342955956754,0.374153456766606,0.017094365529411147,-0.21545135600732593,0.11234642837411506,-0.15012427740251486,0.16118075441506682,-0.13589098389396628
-0.027500175643575098,0.18593067502350677,0.17480270704005368,0.24516689273187797,0.15549462902635916,0.24776328226698602,0.13994842611767638,0.20751692929206902,0.19895733616855835,0.1303280566176772,0.1951152301069461,0.13764559277511842,0.12323939404362598,0.09646861343410411,0.22467089243101365,0.11975411944648463,-0.040173001248526005,0.4677607854212848,0.07058272023580292,0.3928598435165807,0.1866383539710453,0.18874703892485392,0.17242848496773935,-0.1821301665662338,0.17993779035431814,2.105975519940558,0.2874537488245734,-0.43347154255113546,-0.24235858847972136,-0.2632398482631369,0.11684550318043387,0.4066314726517631,0.1492230352339083,0.574133994693384,0.32425328009042287,0.0008998581991852567,-0.03825060751769216,0.23750908311654295,0.30563711531063775,0.25143949201379223,-0.4912730750754468,0.19732702500882124,0.5146153837845471,-0.05850387037634345,0.5961940836157497,-0.13156064052627703,-0.2296832802649108,0.012419501403065886,0.41883540268370784,0.6338482748973681,-0.31025932048394295,-0.29417314848234044,-0.02170681655104545,-0.12682640020181776,0.12468328036975074,0.0568891782535809,-0.1125186303360639,0.1295796084687166,-0.31021983537481435
0.08935799198307731,0.7271554354418701,0.23295575767152568,0.17098404169738304,0.109740210323779,0.2426702726428471,0.20372300222664003,0.26330230265500115,0.21352917890142098,0.2762265054967284,0.2652849873406301,0.26810540254014986,0.1358778973041655,-0.007905724326321242,0.2689522117567142,0.17306269768170934,0.42338255277185793,0.04069449206644827,0.13608988033030717,0.42646888562738317,0.1972153224458302,0.21324462928765808,0.0289657587973271,0.05222836677250503,0.3305388725295461,0.2874537488245734,1.3703149874689378,0.34580978832284576,0.11079878899990603,0.07228478300711827,0.11748997834756873,0.2081423338993267,0.35755301024238134,0.1059403290253293,0.36271871870615696,0.10437338626159674,0.38316712990687396,0.3270141386593531,0.23060544996259938,0.22807331505769246,0.3067571126634783,0.24677520050956225,0.39878060151607087,0.18428607604090574,0.11379069060359473,0.5246489856430545,0.19567498550006987,0.3253622967398612,0.49304205479179547,-0.07853981058822665,-0.10180720827049321,0.12658036709833836,0.07933768896890059,-0.05327326860064725,0.04567720689162343,0.11068787130879314,-0.043924934012180415,0.8087076294073839,-1.0506700291122073
0.026661328193685933,0.30463096426280245,0.2587514789603788,0.033476172581389775,-0.030978643012033544,0.11169706721290056,0.054032515757066045,0.07459208416795586,0.10521116832271045,0.05387648193234947,0.12736244067921143,0.017322025329590013,0.055632475569450904,0.023667473004628996,-0.05575499040961767,0.07342509530283867,0.6253542784037202,-0.3214539346507887,0.22082561367156667,0.18450988491182574,0.16228460221208205,0.08405700891169919,-0.6981456697865737,0.3593137052409274,-0.21232211460848963,-0.43347154255113546,0.34580978832284576,2.6585305594272155,-0.16426199077345496,-0.21257156546092817,0.6532828718924057,0.09934934238346745,0.4516818755999373,-0.13130451866840087,0.02856944161737762,0.6519977201661683,0.2455135322016985,0.24825244924912976,-0.2254902043518857,-0.10344735933778501,0.6585720039602982,0.16124049375788518,0.1690979364400437,0.39814977953417036,0.11794413896466249,-0.4767167581927557,-0.20417846465494424,0.15288492747767257,-0.20241731045883823,-0.3725900857347385,0.06489441224962213,1.0060653376762243,-0.5222021288076991,-0.14707127116533597,-0.06487146335108224,0.07716274805469699,0.08413539059943277,-0.4222886225066587,1.1220513938871217
0.1657394206340287,0.5612550504826167,0.6856850254959127,0.3323050854579359,0.22062698810598672,0.4148421445085043,0.21700376773813665,0.27854218037945644,0.2998678141204544,0.3361708870552725,0.32969201166984247,0.2556372994150674,0.29329976539360025,0.27689206135911104,0.39078453111912764,0.4203950814002647,0.3047174372816314,0.3739718883767778,0.1261752451201708,0.3881980638534965,0.29774422674319584,0.4816249499459735,0.6824884009475735,0.2608369124436349,0.46583977452298936,-0.24235858847972136,0.11079878899990603,-0.16426199077345496,3.204328315921219,-0.679040945436548,-0.12362960360919142,0.2976049345960388,-0.13022351652613384,0.4552538419102766,0.15834321032585252,0.67911113285317,0.052384919761770704,-0.23668237363621444,0.5631080907349205,0.22622640048690734,0.529324639549016,0.28491163764499394,-0.4888310631324436,-0.013487202669313903,-0.367341251884794,0.6217599997293788,0.12186363812548813,-0.12254440670525021,0.4942171200928535,0.5807329263420303,-0.3391827340523279,-0.36770019300434553,-0.21938833309388278,0.29577461995239956,-0.9934351898794185,0.08044650321282373,-0.13341684554922537,-0.35338474304976913,1.188642883165425
0.0634274954590389,-0.27354235152248935,-0.5626962730205632,0.07188796853336303,0.18539789958697656,-0.05626171676874979,0.0332524466898184,-0.08863173513127146,-0.03373769363724059,-0.060055937793134326,-0.07577805088000582,0.04216293340017351,-0.0696151325574085,0.06242534828481706,0.17748751902380197,-0.036405605683573455,-0.12876892658455155,0.09710138361040979,0.059466823378852174,-0.001437847909711687,0.0715885517319706,-0.023185407537998977,0.3603410700563129,0.6077955911491404,0.29559447470980565,-0.2632398482631369,0.07228478300711827,-0.21257156546092817,-0.679040945436548,3.1344989429055037,0.3104034320347797,-0.06540621833285548,0.20201073178614962,-0.2046929320220154,-0.35823751894508726,0.22404173279376555,0.5955111716303724,0.5848921476124388,-0.31231835767488525,-0.15978077871679902,0.3654986571823571,0.04285820167024594,0.8631559983562629,0.04311216071595748,0.32887141268860703,0.7192312470498293,0.6696461470927249,0.4912622821328829,0.046186654113232396,-0.23782591959010146,-0.050448613252134844,-0.23933625514723705,0.21251158680377488,0.21473028200323974,0.8921576682331299,-0.18189198243404914,-0.2056861557118028,1.2476979780814879,-1.7864949838856097
0.12818198567124617,0.19279140379494072,0.24226494323480818,0.22117937574069732,0.10899347677948601,0.19506909713848022,0.17025968920800463,0.11553264359001518,0.27952721388048585,0.11211883626184774,0.15929603917741206,0.11461400440030838,0.06623870334813514,0.13112735702976533,0.19992369821215988,0.12926130100663213,0.3286396877649331,0.3755407168354977,0.23634054486882566,0.2298386248560517,0.3373292698261187,0.19341162291662914,-0.044395273374736366,0.7327056217153328,0.06976321901511691,0.11684550318043387,0.11748997834756873,0.6532828718924057,-0.12362960360919142,0.3104034320347797,1.5797876284981942,0.1282403195458388,0.2913396697299238,-0.050758130700071506,0.08024033396755054,0.48542488924746446,0.31036458510542597,0.607077367681115,-0.1890358026395718,0.06145599879556283,0.46441247243866995,0.32997053395353504,0.29915694729910935,0.13924421646853757,0.3507807656547056,0.21549221304932142,0.11109582425663381,0.1865482611161156,-0.34868563286380644,0.16345844082774896,-0.05497084509238688,0.4649436943581439,-0.3846737318014551,-0.100660658537243,0.12740537362126136,0.2229098864869704,0.011403241003341667,0.131142346901737,-0.38679800080985194
0.07976839646007927,0.18127397931415537,0.22333474508813175,0.1954968037857706,0.13068276457683306,0.18039699450588204,0.15408900937246117,0.14774190346121482,0.15271865674448207,0.17902260881463494,0.16683098949645425,0.1916750320753815,0.142495517940208,0.0964525582914485,0.10272526332124048,0.23287054935647192,0.16388546227428155,0.16472537990779526,0.1349301442386827,0.23368538099798536,0.17101842115568633,0.2717345471791228,0.10180368449481006,0.05791780022037107,0.1646251827386214,0.4066314726517631,0.2081423338993267,0.09934934238346745,0.2976049345960388,-0.06540621833285548,0.1282403195458388,0.7934844654200937,0.16923797853454453,0.32095228853931745,0.20044083468988308,0.24518019662865276,0.016021715725278288,0.33669433794339265,0.23888254900229236,0.1476058782813071,0.06341075808630106,0.1726669748082185,0.16690432084295848,0.08939794527476895,0.134210989707954,0.17509344694358472,0.06070644534385761,0.03683748470420306,0.19147987254550594,0.16351944795087014,-0.05182546178898951,-0.022680121681116546,-0.0048038650037673875,-0.04887348019989835,-0.24131842247563245,-0.05317908768378106,0.3115014355076255,-0.043420750357140894,-0.05138751713768012
0.09707045659403045,0.3280807611936497,0.20888833101418267,0.1566979268165702,0.07804879536873259,0.06429338542860569,0.15785466502647372,0.11047364859318111,0.18836733468085978,0.13794938848401705,0.13984704411006546,0.13039964156296896,0.07973490163280547,0.059789165122072774,0.1442028169505752,0.09286611325809813,0.31496649211676114,0.07760894283930607,0.1049529136629177,0.15073034260388032,0.24446541010985204,0.19393033856167208,0.04938493522600902,0.19437519584397012,0.12024991966899139,0.1492230352339083,0.35755301024238134,0.4516818755999373,-0.13022351652613384,0.20201073178614962,0.2913396697299238,0.16923797853454453,1.6704191194229776,-0.006201708055299657,0.034418441750070236,0.1761032259459999,0.7589470077884467,0.32926433373877834,-0.21046046809669952,-0.00747841369247218,-0.05351498225508403,0.2812281846593162,0.22224768979777546,0.13637054121758865,0.14423485367032368,0.0916688528921682,0.4205243378432883,0.2984487904116977,-0.04954740329577959,0.18723415859957487,-0.15544491349453327,0.12720276792234791,0.09916246503125016,-0.30208259238710217,-0.044217669708920736,-0.04839944033322262,-0.04495742430440263,0.1782857936222249,-0.02270807521982313
-0.09800526674505759,0.20686127844630162,0.36349791283484895,0.34736588774420074,0.29465278995397415,0.25757836187588146,0.20988989286955784,0.2866098130292597,0.08856398175539275,0.37753755631406366,0.25907247635300323,0.2337647035578011,0.16830386660626329,0.10060406169880504,0.4559797149595114,0.25167442085163855,0.18903293132801735,0.3636622247648896,0.16914901667529994,0.4044320471730723,0.24793224645266915,0.24460076449038193,0.581224542950895,0.10267055023920967,0.619375391982324,0.574133994693384,0.1059403290253293,-0.13130451866840087,0.4552538419102766,-0.2046929320220154,-0.050758130700071506,0.32095228853931745,-0.006201708055299657,1.7567625205824497,0.25434054681579754,0.4639433255524345,0.48129029656540145,0.06370294337764762,0.5602181477384036,0.07444475621272756,-0.0533042895858792,0.30196369793825795,0.13143141521911358,0.14880492987827001,-0.000958726234609138,0.08483764326849841,0.2814040697565021,0.0254116692833141,0.24898426152371486,-0.10184028709892129,-0.16896810923603425,-0.13801227188430998,0.41098789718910156,-0.17429836690692418,-0.6141600042871338,0.07109868849323173,-0.114453022845607,-0.5262997188174028,1.0898356960293727
