0.4942591586894638,0.15054047975419732,0.2614831885619977,0.05911474709835343,0.0624978498684996,0.029253550477979635,0.06917215198196314,0.019125489447843803,0.02098705059330116,0.0632431602273629,0.044773493715712154,0.05351396717188718,0.0408525206500461,0.017059876967072445,0.04736060733171947,0.036777315764860374,0.024699273655269582,0.04401237931231985,0.044873567898440304,0.0033444166255018584,0.037482154116848396,0.028779571888838403,-0.012463034863027925,-0.02800316173572942,0.030802585851956988,0.0335668346123268,0.05045628811500221,0.041699704080287045,-0.0027683398109652484,-0.018035738850663535,0.036953934476384946,-0.0028336379652805772,0.027220640902338833,-0.05148612528161254,-0.021632147832398228,0.051325815793169895,0.021894061075297448,0.013991031414751443,0.013701247552677303,-0.005199309618794722,0.039662727442848045,0.006170762579815116,4.487348847181642e-5,0.007424959414370341,0.019281010043227964,0.03719503122217336,-0.01885710553153374,-0.010767142819156037,-0.03764092492108298
0.15054047975419732,2.1563522870621603,1.5097290900904072,0.34433326734225955,0.4215383750166463,0.4295654523092567,0.5930046465364648,0.5440570497381761,0.5122723344268718,0.6608130710236723,0.5477154992634921,0.4820410999624,0.5606752083625048,0.41796300176926204,0.5228620435182729,0.42411850448324845,0.4467228875834838,0.6548795556874861,0.43873059614432436,0.6396687049208798,0.47860041559646876,0.42730926822712395,0.1623451806617283,0.35090293207032003,0.4622324367016965,0.46514368405514867,0.8015141741195239,0.43588507176808167,0.532695949876677,0.27468939703643536,0.5580433867041158,0.3848211641379534,0.18330280139302785,0.7773675040161245,0.38798495387167137,0.7637771360720984,0.5988700978707866,0.35481697600427625,0.49315864162183587,0.20971161994271767,0.5127820367698336,0.48917448937900443,0.48709448303760594,0.0922543575535206,-0.06566539900759924,0.7125089854011374,0.5473103219467499,-0.11418553241382769,0.4094732490123219
0.2614831885619977,1.5097290900904072,3.0784586629212614,0.30189341312468715,0.21067305585757234,0.5265224489076451,0.5216222886079435,0.4774407413999182,0.5064167150184836,0.6027131015253047,0.5103142799373754,0.47948942957258983,0.5217411402489558,0.3907504487981843,0.45221514833216625,0.37638233849046143,0.45054084149514345,0.4893184644008241,0.41722490515944205,0.3573616755528356,0.4381771867217042,0.4502017018985057,0.1519805664600265,0.28890809945440915,0.4208420330300208,0.4672598899305792,0.701528638335021,0.47621708583473166,0.40074985087167714,-0.03213779370533608,0.500736617064502,0.3338374690626755,0.18996439936724713,0.6947992337142849,0.22868248015370893,0.8114468808933536,0.4932143300754564,0.22008186418207748,0.3461215190844227,0.009660501559358341,0.40436572225204265,0.42106562365166555,0.4274423979171761,0.11709039159490563,-0.05957203237170484,0.7240134561102766,0.350049893700542,-0.1553303903836128,0.04459692356040431
0.05911474709835343,0.34433326734225955,0.30189341312468715,1.2937867839368864,0.5275632654258027,0.5472628479001477,0.35740817248831486,0.49768373641074337,0.33118190185581886,0.45190403963895315,0.45765131074223464,0.46940609343585143,0.4383734690749178,0.42403139292142145,0.30442633063024155,0.465972539059612,0.3670936504545754,0.38365381546550575,0.45613063736188847,0.33115272490655756,0.33180343667279477,0.4440152373821941,0.3057137573180023,0.3517246272229181,0.4065697001714725,0.352593929170023,0.3607296551909119,0.22096632724489945,0.507791741679976,0.23138982760982327,0.33299370105791704,0.4151222280613602,0.18539693801249194,0.599274132988195,0.05787650161050624,0.43936426815070634,0.3608029218464015,0.20422021289201547,0.41740030685423996,0.10363799218484172,0.27963946734092276,0.31964121579890187,0.37917481153545995,0.21891435075086474,-0.16947509299452532,0.44339862527328144,0.5578152044966311,-0.06250775109966403,0.23096293448467956
0.0624978498684996,0.4215383750166463,0.21067305585757234,0.5275632654258027,1.5369307847937794,0.40714376975168765,0.5314448683395496,0.5792888864330317,0.44426098112744666,0.5449692760686607,0.5042844683668518,0.5359173921333529,0.554291923032767,0.5097270619966848,0.4246736098541376,0.5863469295516842,0.3823485311472665,0.45881530389780834,0.7372232310284974,0.34414928414068874,0.3758551124837488,0.5423464317284185,0.425558571313517,0.4558298030814778,0.45809465613734135,0.3921841288013845,0.42363296530364775,0.15521309877464456,0.6105822050557644,0.2616904159526767,0.37230947264730985,0.49877881973423954,0.2692987270351875,0.7792533074808827,0.09765067336924924,0.540661881445267,0.4564709118365295,0.2158217687734734,0.5014994487261565,0.14759323920688638,0.29820463477842374,0.4033562613133872,0.46306004085281854,0.13955270543330814,-0.26104686080327527,0.5260889215771324,0.6663277792842067,-0.06074219642266342,0.4643531817574057
0.029253550477979635,0.4295654523092567,0.5265224489076451,0.5472628479001477,0.40714376975168765,1.405884317197692,0.2479054359739171,0.6644372790839623,0.5372790138988018,0.41200633883457877,0.6465503711158462,0.5953289159011536,0.5597911621480147,0.5881406608189435,0.4143287959135966,0.5046077813892161,0.5111882078348602,0.42050977285265,0.806682543207688,0.6805426596003207,0.5526410452564525,0.5944448301680827,0.24986905725013972,0.583503181964789,0.5337101792554728,0.5815881598062048,0.5003411115509672,0.20449359881213888,0.7482801037990932,0.33448307183674736,0.4919140971361941,0.5930175949371941,0.3904860740653426,0.7547324389214576,0.40930438268229136,0.4736991936996381,0.756847592435154,0.41259461462529506,0.5296612779103417,0.29568193478387356,0.43786115427906147,0.5465337904405606,0.5071019415103087,0.08634980417855168,0.02169736395867491,0.6575273496182236,0.7038439667064974,-0.03512555809503951,0.5480007919556963
0.06917215198196314,0.5930046465364648,0.5216222886079435,0.35740817248831486,0.5314448683395496,0.2479054359739171,0.979413185913696,0.3859658663704034,0.37425330579194227,0.42632941846907896,0.49746275332014106,0.5132742196507385,0.5022443597623192,0.43542485303221884,0.3003876978159237,0.46252227342852625,0.3980918013874805,0.4781108448850016,0.3434460141483026,0.31811943822793515,0.39466668974361907,0.5934487073764296,0.47148566464759195,0.4364909055839926,0.43237121702648507,0.38177640334444896,0.45550902858766273,0.12895332287488817,0.5659030489760489,0.3623112326297172,0.3692730388735713,0.4211475267391713,0.21175018023431616,0.7144472600531184,0.3440293189078379,0.5908621422351276,0.38802613113793094,0.18368615651522924,0.478581402571386,0.20662742100769327,0.31587830312702586,0.4100000305951623,0.4579130030481716,0.14520432464787666,-0.22391202312874725,0.5565577665197775,0.5257685971027369,-0.09283486318513154,0.4889584163982802
0.019125489447843803,0.5440570497381761,0.4774407413999182,0.49768373641074337,0.5792888864330317,0.6644372790839623,0.3859658663704034,1.064924021433805,0.43172401855168124,0.6537441691026565,0.5925065503940022,0.45913062529690873,0.6586496101094557,0.5346397082888987,0.36120706057991603,0.47940875389413556,0.5258793368836355,0.5085144370066693,0.5694506962841231,0.5468922532949828,0.41506526950613776,0.5654514361089569,0.38708691760245784,0.4935532464616121,0.5491189782119946,0.5345283175507479,0.5890982784547294,0.23804552081910244,0.7468617787079008,0.44936136709981367,0.4477975900012681,0.49210062380546316,0.22781521334233387,0.8294936416747476,0.5546987620627175,0.5226128370847459,0.6168118430926666,0.3192403342554053,0.5978333949689869,0.29897984857994314,0.40927937013650156,0.5025203150274037,0.5184104467857412,0.15000050983736388,-0.1417035394741811,0.6153356072416444,0.8848624305795779,-0.056477051141965044,0.4569117372723622
0.02098705059330116,0.5122723344268718,0.5064167150184836,0.33118190185581886,0.44426098112744666,0.5372790138988018,0.37425330579194227,0.43172401855168124,1.1046449819969248,0.30579221488919534,0.39618119414876996,0.32873886065906105,0.520057369539924,0.4844615427156055,0.2797341895976138,0.3621203001083961,0.38248459409482377,0.40110512486441774,0.4763119774969857,0.39416182956434953,0.40575209869613077,0.5684872072925328,0.3987589437650644,0.46612539564696753,0.349206003547773,0.4978849874076134,0.4706295537217341,0.16852218541974293,0.5508017440318551,0.3777863690945847,0.3780949650658248,0.4707528639283373,0.34485436514170387,0.6104698452627635,0.3343708311451627,0.49386410577099654,0.5076792198398992,0.24266589963634688,0.47024925490879926,0.2060735385851072,0.3625589280845326,0.41946630480892305,0.443439961979128,0.12406056227206959,-0.1842516190388216,0.5288411636669087,0.5813272781788776,-0.05911862911033619,0.624975102737732
0.0632431602273629,0.6608130710236723,0.6027131015253047,0.45190403963895315,0.5449692760686607,0.41200633883457877,0.42632941846907896,0.6537441691026565,0.30579221488919534,1.3987892184108,0.5258102340421563,0.5225174264973154,0.5368521597599123,0.4550504053349154,0.5354089357879436,0.45968347316974695,0.489533775787682,0.6337684345749,0.43463864322652906,0.39515061557404635,0.34234847513888167,0.5113605727175426,0.49399576557855085,0.4082477729766233,0.5618457047578627,0.3962247606587676,0.7127100216179539,0.21254861372230788,0.7459912123704572,0.4544406217533886,0.4409283549362553,0.42154317852781054,0.0792899287526665,0.8733291838236733,0.46611220325198455,0.6294760491109967,0.46095244724661755,0.23398815323798514,0.5502934893661863,0.23368812470637476,0.41244912794570765,0.4454659059708071,0.48797751060718386,0.17236563373033606,-0.29360217808909267,0.5970685416834044,0.9857910665005495,-0.0829234440629727,0.2916537261947438
0.044773493715712154,0.5477154992634921,0.5103142799373754,0.45765131074223464,0.5042844683668518,0.6465503711158462,0.49746275332014106,0.5925065503940022,0.39618119414876996,0.5258102340421563,0.842339324886419,0.5629536489452017,0.5735275097243105,0.477589134749687,0.43682635703970085,0.5094444682547868,0.527022555403451,0.4812623348956692,0.5157988297307067,0.535222530569486,0.47289702338443734,0.5374306923749754,0.38077283871388856,0.490118900539131,0.5207896366734976,0.5534481632801078,0.5843699629627809,0.21399291593950875,0.7123289066212384,0.36087230147468846,0.4708768961006545,0.4783289987621648,0.278452021357279,0.7769230553587442,0.4836255628720085,0.5813542834416703,0.6108835692370582,0.3125425194749514,0.525478574028008,0.2948446373005771,0.4032578265369431,0.5190795122182471,0.49510500019228093,0.08405322364167804,-0.09517422018211043,0.6394627256524289,0.7708785892446203,-0.07310179160876797,0.3700510037710034
0.05351396717188718,0.4820410999624,0.47948942957258983,0.46940609343585143,0.5359173921333529,0.5953289159011536,0.5132742196507385,0.45913062529690873,0.32873886065906105,0.5225174264973154,0.5629536489452017,0.8260819776481804,0.46797788017998465,0.495827348406142,0.38824260865033977,0.49371792831982164,0.46989239147439393,0.4366447996066348,0.5143575114559652,0.43872768283947594,0.4094479549646885,0.48431879543784734,0.3540818028813325,0.4534670964303504,0.5229992479199156,0.4731304970578659,0.5006765575559557,0.1715690470021147,0.6256425322274118,0.28905977457812304,0.41759935914211854,0.4823686972566055,0.2750935706387661,0.7181174255902907,0.4199006948923704,0.4923008908146778,0.504468883584631,0.26066468952167965,0.46864908882766293,0.24107182022470783,0.3172700971702696,0.45432012684104595,0.4315666063176304,0.11072931685673787,-0.16263423978367683,0.5636891351855532,0.6744853320336948,-0.0612320479882873,0.43653973997671003
0.0408525206500461,0.5606752083625048,0.5217411402489558,0.4383734690749178,0.554291923032767,0.5597911621480147,0.5022443597623192,0.6586496101094557,0.520057369539924,0.5368521597599123,0.5735275097243105,0.46797788017998465,0.8692634351436037,0.4890073738073249,0.30787604352905673,0.5080341986156992,0.4691604352489107,0.502643362146571,0.5165239341987181,0.4272183378668425,0.42917643571533765,0.678045832938484,0.4481882203390244,0.48949067117192036,0.47921640134902593,0.4912723421253281,0.5903030483331551,0.1711335122079268,0.711261857017821,0.41457174098811983,0.42144771252329305,0.4913942604338491,0.27792015620958216,0.7727597191026594,0.46784333305830456,0.5567321397162498,0.5308167172949667,0.2544685306691471,0.5450354153626451,0.26486928118790315,0.38221816572457123,0.47528065163485683,0.4991805651343156,0.1415888138727965,-0.22937913805899388,0.6128032035258517,0.7671319527988362,-0.0720020273016772,0.5093980956336308
0.017059876967072445,0.41796300176926204,0.3907504487981843,0.42403139292142145,0.5097270619966848,0.5881406608189435,0.43542485303221884,0.5346397082888987,0.4844615427156055,0.4550504053349154,0.477589134749687,0.495827348406142,0.4890073738073249,0.8728190970573595,0.3694865852119773,0.5930399248504742,0.4861710006035379,0.453273449308206,0.5136685153301596,0.4694877706121667,0.41530462867094486,0.5860632919776656,0.4258553501110913,0.5841089085737647,0.524890151025859,0.5012580208269782,0.3879545783081422,0.1690046548232352,0.7077662204158307,0.46090835463955426,0.40258098286408417,0.7171391918478117,0.34978816869791385,0.7720200327850678,0.47516470642825653,0.49769069444057473,0.5416040799570377,0.28664200681445295,0.4592702540330825,0.22650863571743274,0.3826165662954879,0.509747902412395,0.5010627198957727,0.1537336704907727,-0.3013909360466219,0.605592304896362,0.8406191936341105,-0.06223273844435617,0.593103675589323
0.04736060733171947,0.5228620435182729,0.45221514833216625,0.30442633063024155,0.4246736098541376,0.4143287959135966,0.3003876978159237,0.36120706057991603,0.2797341895976138,0.5354089357879436,0.43682635703970085,0.38824260865033977,0.30787604352905673,0.3694865852119773,0.8831474957988092,0.3148816728953081,0.3361374781803238,0.4420863653123,0.3889248825426937,0.40911717108852536,0.341287709107168,0.28680139736007043,0.3807498572331021,0.4062565840212033,0.477413711281195,0.39745181070168983,0.43422623823237083,0.11753817963838283,0.5674839061046454,0.3613518584037699,0.35856726614950657,0.35485144921888073,0.2549344608285435,0.5917568376868664,0.3146472927741,0.4821282591548022,0.5356527436379018,0.22775845482098714,0.33950282364979634,0.1724726960758306,0.38049857273250187,0.4051154822626345,0.3868580160099164,0.08664425703306793,-0.10213166214516518,0.5327868725149748,0.6164272758904127,-0.057037790697421466,0.32552475295912175
0.036777315764860374,0.42411850448324845,0.37638233849046143,0.465972539059612,0.5863469295516842,0.5046077813892161,0.46252227342852625,0.47940875389413556,0.3621203001083961,0.45968347316974695,0.5094444682547868,0.49371792831982164,0.5080341986156992,0.5930399248504742,0.3148816728953081,1.0862322644697788,0.46909366634768496,0.4053382885424044,0.5211371149933844,0.39827789786937406,0.40993004169354363,0.5699067738791923,0.29060660374717856,0.4714589482334847,0.4839387073575655,0.4489129670767205,0.4495413683449444,0.2517683230431006,0.6484495752574491,0.44277713994968865,0.39160058932217073,0.5220554518290158,0.21050485559664084,0.7475441524590972,0.5908357592466021,0.4861346694755687,0.5426248513799887,0.23692457764182845,0.46553789310885757,0.27421488079619183,0.3461940188419185,0.5195078872158428,0.5012758157764423,0.13952476175967113,-0.11662510438450399,0.5601105131478896,0.7566567217468266,-0.06353796781985836,0.366643081321877
0.024699273655269582,0.4467228875834838,0.45054084149514345,0.3670936504545754,0.3823485311472665,0.5111882078348602,0.3980918013874805,0.5258793368836355,0.38248459409482377,0.489533775787682,0.527022555403451,0.46989239147439393,0.4691604352489107,0.4861710006035379,0.3361374781803238,0.46909366634768496,1.117625894883917,0.24472675864543036,0.43158897869405743,0.6145174037003369,0.4079929510756034,0.2926138397925658,0.20053826156907975,0.4647976921539293,0.4970418512522671,0.39226433620405027,0.6465656002854628,0.7036542901044595,0.49554609959886115,0.38365929727848397,0.4881932916361677,0.4616115340935702,0.316695180068266,0.6984684480095764,0.4499878374840099,0.651880428654801,0.6304637517293584,0.34877154625583867,0.5510822526408252,0.2662271078913684,0.4899558880676906,0.5544062707300922,0.4693138717003862,0.12142585888585367,-0.14682793331941354,0.6235567026440882,0.8299234387441514,-0.09329347774503367,0.33727477793586147
0.04401237931231985,0.6548795556874861,0.4893184644008241,0.38365381546550575,0.45881530389780834,0.42050977285265,0.4781108448850016,0.5085144370066693,0.40110512486441774,0.6337684345749,0.4812623348956692,0.4366447996066348,0.502643362146571,0.453273449308206,0.4420863653123,0.4053382885424044,0.24472675864543036,1.1514161605440083,0.3630191388922775,0.13391747620743444,0.42769509793232974,0.7501643880540698,0.8443847845580807,0.4711709411486575,0.5651449375235825,0.49295903477952013,0.23138077159866757,-0.10030950480931723,0.8311960988138212,0.4494754427425233,0.38126004516835127,0.43344515415086904,0.16257417614500272,0.8137879886556033,0.43774937136655273,0.6084271301176486,0.4002704462622516,0.10725907073852206,0.44414534901438313,0.2123355983741409,0.2978443508216968,0.4227112645393179,0.5290328746426881,0.19810240583024655,-0.24659687064480199,0.588211309720237,0.8295249848253308,-0.08364421930959745,0.2074330546815487
0.044873567898440304,0.43873059614432436,0.41722490515944205,0.45613063736188847,0.7372232310284974,0.806682543207688,0.3434460141483026,0.5694506962841231,0.4763119774969857,0.43463864322652906,0.5157988297307067,0.5143575114559652,0.5165239341987181,0.5136685153301596,0.3889248825426937,0.5211371149933844,0.43158897869405743,0.3630191388922775,1.337714857451711,0.4813744482595124,0.4505298217866712,0.4896556287862077,0.146728254860912,0.5130536155307565,0.44231071836464664,0.38718421253307306,0.41752299104942,0.28798099130420896,0.5127351430584546,0.3334423995123277,0.4333802704125155,0.4731347231527505,0.48162526703765046,0.6090588737513665,0.27956543746181134,0.4439259047316483,0.7441099416904117,0.31710485464680804,0.5153381424052484,0.19148077306895198,0.37384709694088303,0.4598004133863106,0.45311535502657413,0.12121939166869604,0.015104731834240919,0.5866777751032728,0.5497783800075035,-0.007564825396410981,0.3884516883536422
0.0033444166255018584,0.6396687049208798,0.3573616755528356,0.33115272490655756,0.34414928414068874,0.6805426596003207,0.31811943822793515,0.5468922532949828,0.39416182956434953,0.39515061557404635,0.535222530569486,0.43872768283947594,0.4272183378668425,0.4694877706121667,0.40911717108852536,0.39827789786937406,0.6145174037003369,0.13391747620743444,0.4813744482595124,1.7974900522246557,0.3886042382990508,-0.1241791749658307,-0.07419147820098035,0.5434225884442396,0.46189847089425473,0.53853215264464,0.6846287516325039,0.49276913665680083,0.6330793272434652,0.6416364534739522,0.6297385541298313,0.4622788011417296,0.4226156355032683,0.7338871657625512,0.5602295813374586,0.5911902289164404,1.2607541692409496,0.8964977221815738,0.5412280326194109,0.46880502534413676,0.8157161931966525,0.7542624865544096,0.5107742666213148,-0.03365720068217223,0.2999937007575009,0.7847509592349894,0.7036023032115133,0.003974471608992752,1.09729399057454
0.037482154116848396,0.47860041559646876,0.4381771867217042,0.33180343667279477,0.3758551124837488,0.5526410452564525,0.39466668974361907,0.41506526950613776,0.40575209869613077,0.34234847513888167,0.47289702338443734,0.4094479549646885,0.42917643571533765,0.41530462867094486,0.341287709107168,0.40993004169354363,0.4079929510756034,0.42769509793232974,0.4505298217866712,0.3886042382990508,0.8426800176341025,0.4513930462864707,0.34684346637819763,0.4119890024063587,0.3926064103621726,0.4726583013855524,0.37828606765742273,0.12067046861662328,0.5635210596966731,0.3957606619636579,0.43406527805301676,0.3812095220878477,0.3444363481899057,0.6070957696540179,0.42573131353374305,0.5899969286805754,0.6654826556623735,0.25348257175198136,0.4724804721565472,0.3067164586526974,0.499517184024775,0.515493027516657,0.4864361077173658,0.08002657227233974,0.10665025776455132,0.5796993598573156,0.6776064984567495,-0.08386329392351657,0.3346262085481979
0.028779571888838403,0.42730926822712395,0.4502017018985057,0.4440152373821941,0.5423464317284185,0.5944448301680827,0.5934487073764296,0.5654514361089569,0.5684872072925328,0.5113605727175426,0.5374306923749754,0.48431879543784734,0.678045832938484,0.5860632919776656,0.28680139736007043,0.5699067738791923,0.2926138397925658,0.7501643880540698,0.4896556287862077,-0.1241791749658307,0.4513930462864707,2.2977992680916293,0.9279177352248589,0.5233074896326919,0.4853744058925718,0.4441607832065616,0.4100075752162855,-0.24220305687474325,1.121259923701155,0.5296305364864804,0.28989750448825263,0.6641167866912141,0.07749409094450296,0.9832750711971944,0.574972524050838,0.5063816496919623,0.2370768781333802,0.018297596310359827,0.658076760208708,0.24406137875041264,0.054737571923659654,0.3866218788359159,0.7269857799878028,0.2808078955286008,-0.4080499892895388,0.5296442126015525,0.9643617955463953,-0.09693048116398674,0.38104441515156195
-0.012463034863027925,0.1623451806617283,0.1519805664600265,0.3057137573180023,0.425558571313517,0.24986905725013972,0.47148566464759195,0.38708691760245784,0.3987589437650644,0.49399576557855085,0.38077283871388856,0.3540818028813325,0.4481882203390244,0.4258553501110913,0.3807498572331021,0.29060660374717856,0.20053826156907975,0.8443847845580807,0.146728254860912,-0.07419147820098035,0.34684346637819763,0.9279177352248589,1.8786837103174803,0.6501207721030136,0.6482346700120265,0.26327071323240986,0.27786586540476704,-0.671600650631189,1.0699766945154086,0.7092890511246144,0.1828663933216544,0.4574221141962651,0.3310237816144823,0.8600449539874417,0.43754066836674405,0.5847946327417465,0.38297961252636037,-0.03952826596412493,0.576503720757167,0.2613695261692966,0.21276163430697426,0.42586421379411127,0.5583852398753029,0.26567451593388647,-0.5315005477518812,0.5956021180555694,1.1151153117115857,-0.05975565725967985,0.4307806760131818
-0.02800316173572942,0.35090293207032003,0.28890809945440915,0.3517246272229181,0.4558298030814778,0.583503181964789,0.4364909055839926,0.4935532464616121,0.46612539564696753,0.4082477729766233,0.490118900539131,0.4534670964303504,0.48949067117192036,0.5841089085737647,0.4062565840212033,0.4714589482334847,0.4647976921539293,0.4711709411486575,0.5130536155307565,0.5434225884442396,0.4119890024063587,0.5233074896326919,0.6501207721030136,1.380734365982895,0.512408755831952,0.3873214053314434,0.5559384723117551,0.034971689478748354,0.6445019259722733,0.7824325563640755,0.5137947628657139,0.7247233725595442,0.935040947219683,0.7266548382368173,0.6564204155779949,0.5615766547643912,0.7858653381027758,0.3261614367340192,0.4962493164650059,0.2909075824169855,0.5623383542141169,0.6369668882876867,0.4836669303945294,0.15628358707002585,-0.5484082301334238,0.8190010052895029,0.9143155613249214,-0.08284052803645178,0.9655819048002772
0.030802585851956988,0.4622324367016965,0.4208420330300208,0.4065697001714725,0.45809465613734135,0.5337101792554728,0.43237121702648507,0.5491189782119946,0.349206003547773,0.5618457047578627,0.5207896366734976,0.5229992479199156,0.47921640134902593,0.524890151025859,0.477413711281195,0.4839387073575655,0.4970418512522671,0.5651449375235825,0.44231071836464664,0.46189847089425473,0.3926064103621726,0.4853744058925718,0.6482346700120265,0.512408755831952,1.6650844443719424,0.5339330494328807,0.4625661028374061,0.16509592544325444,1.2649206714010988,0.6002923151896299,0.5062890415618694,0.5108808150699846,0.04831504329691369,0.9958319227097757,0.56877532651132,0.6866243628540143,0.5233430538423602,0.2830000821362442,0.5068611631634684,0.24304052463827847,0.34498390338103935,0.505636137727705,0.5685795835484481,0.20207484564674144,-0.20727453292204326,0.8634272611179526,0.9996411409243822,-0.15427089212381118,-0.04364086741948646
0.0335668346123268,0.46514368405514867,0.4672598899305792,0.352593929170023,0.3921841288013845,0.5815881598062048,0.38177640334444896,0.5345283175507479,0.4978849874076134,0.3962247606587676,0.5534481632801078,0.4731304970578659,0.4912723421253281,0.5012580208269782,0.39745181070168983,0.4489129670767205,0.39226433620405027,0.49295903477952013,0.38718421253307306,0.53853215264464,0.4726583013855524,0.4441607832065616,0.26327071323240986,0.3873214053314434,0.5339330494328807,1.6742651672654834,0.5152600376255009,-0.003805397876093556,0.7887249766941633,0.2091802976822553,0.4200594510499814,0.4819397271970662,0.49043587011129675,0.6200727361796972,0.5919844656645655,0.43680851422831785,0.9468184847970279,0.3497330209634135,-0.2375611541732927,0.18307325260523624,0.4365062216225534,0.7080098870538256,0.4748914929536959,-0.05323683485581487,0.1168791159581141,0.6126933559858682,0.768893013663725,-0.018504198523761076,0.46905723407639016
0.05045628811500221,0.8015141741195239,0.701528638335021,0.3607296551909119,0.42363296530364775,0.5003411115509672,0.45550902858766273,0.5890982784547294,0.4706295537217341,0.7127100216179539,0.5843699629627809,0.5006765575559557,0.5903030483331551,0.3879545783081422,0.43422623823237083,0.4495413683449444,0.6465656002854628,0.23138077159866757,0.41752299104942,0.6846287516325039,0.37828606765742273,0.4100075752162855,0.27786586540476704,0.5559384723117551,0.4625661028374061,0.5152600376255009,2.0322911957263963,0.32069291263309413,0.33698558795081224,0.3309336392072419,0.6441470830953803,0.44121881529487916,0.4542286120449808,0.778133398993091,0.5512199184052846,0.7210916747790024,0.7886088874536027,0.4091465277807394,0.4924922203819325,0.34889840539628086,0.6472898964282042,0.6094521578032658,0.49950055247043745,-0.04120167473280076,-0.2634111633928599,0.7833624246005361,0.6954772096377184,-0.08414344647628788,0.8849660502735587
0.041699704080287045,0.43588507176808167,0.47621708583473166,0.22096632724489945,0.15521309877464456,0.20449359881213888,0.12895332287488817,0.23804552081910244,0.16852218541974293,0.21254861372230788,0.21399291593950875,0.1715690470021147,0.1711335122079268,0.1690046548232352,0.11753817963838283,0.2517683230431006,0.7036542901044595,-0.10030950480931723,0.28798099130420896,0.49276913665680083,0.12067046861662328,-0.24220305687474325,-0.671600650631189,0.034971689478748354,0.16509592544325444,-0.003805397876093556,0.32069291263309413,3.4596813081271143,-0.4679159636542002,0.10195070609057746,0.47890449148851805,0.14366478424798054,-0.16511499168228327,0.20825488171300408,-0.07467797145230332,1.0964121525322927,-0.1347905552170539,0.2808852142923092,0.4316007514826124,-0.04311158616650031,0.5691164546303649,-0.006518802079700174,0.34376441439301664,0.39168523767773983,-0.17489890083907098,0.45642276234020834,-0.32759818438599775,-0.1837433281177543,-0.1549424220202001
-0.0027683398109652484,0.532695949876677,0.40074985087167714,0.507791741679976,0.6105822050557644,0.7482801037990932,0.5659030489760489,0.7468617787079008,0.5508017440318551,0.7459912123704572,0.7123289066212384,0.6256425322274118,0.711261857017821,0.7077662204158307,0.5674839061046454,0.6484495752574491,0.49554609959886115,0.8311960988138212,0.5127351430584546,0.6330793272434652,0.5635210596966731,1.121259923701155,1.0699766945154086,0.6445019259722733,1.2649206714010988,0.7887249766941633,0.33698558795081224,-0.4679159636542002,3.679720629894694,1.2123417676748505,0.24619774720510382,0.7845313273280337,-0.4086626203728869,1.6486585530803448,0.8314324107011305,0.78109909230583,0.6621131159611428,0.2841438098584019,0.7294555655492929,0.4585729683851197,0.27956454390594726,0.671082241493427,0.7211286931375609,0.09086583533144643,-0.0645440587390062,0.9246434562181475,1.91718379823064,-0.15299759746719452,0.8343967085759666
-0.018035738850663535,0.27468939703643536,-0.03213779370533608,0.23138982760982327,0.2616904159526767,0.33448307183674736,0.3623112326297172,0.44936136709981367,0.3777863690945847,0.4544406217533886,0.36087230147468846,0.28905977457812304,0.41457174098811983,0.46090835463955426,0.3613518584037699,0.44277713994968865,0.38365929727848397,0.4494754427425233,0.3334423995123277,0.6416364534739522,0.3957606619636579,0.5296305364864804,0.7092890511246144,0.7824325563640755,0.6002923151896299,0.2091802976822553,0.3309336392072419,0.10195070609057746,1.2123417676748505,2.850908471703805,0.3920503738766678,0.481155092261636,0.29557289713398777,0.6062722293367068,1.129915039479085,0.8120334075701454,1.0855918078472688,0.36673153982673984,0.920141978527441,0.4280048344772081,0.9789931103456975,0.7466730704361692,1.0347202196252994,0.5117419130032097,0.06492219155818671,0.8751979088785633,1.1126051648152655,-0.11906828828985866,0.9937376064830592
0.036953934476384946,0.5580433867041158,0.500736617064502,0.33299370105791704,0.37230947264730985,0.4919140971361941,0.3692730388735713,0.4477975900012681,0.3780949650658248,0.4409283549362553,0.4708768961006545,0.41759935914211854,0.42144771252329305,0.40258098286408417,0.35856726614950657,0.39160058932217073,0.4881932916361677,0.38126004516835127,0.4333802704125155,0.6297385541298313,0.43406527805301676,0.28989750448825263,0.1828663933216544,0.5137947628657139,0.5062890415618694,0.4200594510499814,0.6441470830953803,0.47890449148851805,0.24619774720510382,0.3920503738766678,1.1638653005181854,0.3796105824900951,0.42806188533176526,0.6205333006418103,0.39900409371316325,0.9866526913443868,0.681577587587138,0.4161557528250435,0.46050815598753936,0.23407302316317743,0.7202423576760077,0.5391614450616277,0.4711214970125237,0.09454864337108117,-0.21970048962109356,0.873737083321418,0.5825287513135446,-0.15494094949082543,0.11120172919479755
-0.0028336379652805772,0.3848211641379534,0.3338374690626755,0.4151222280613602,0.49877881973423954,0.5930175949371941,0.4211475267391713,0.49210062380546316,0.4707528639283373,0.42154317852781054,0.4783289987621648,0.4823686972566055,0.4913942604338491,0.7171391918478117,0.35485144921888073,0.5220554518290158,0.4616115340935702,0.43344515415086904,0.4731347231527505,0.4622788011417296,0.3812095220878477,0.6641167866912141,0.4574221141962651,0.7247233725595442,0.5108808150699846,0.4819397271970662,0.44121881529487916,0.14366478424798054,0.7845313273280337,0.481155092261636,0.3796105824900951,1.281651996328637,0.4536556514242426,0.8528807569526635,0.3975912178234717,0.5019174837987792,0.34863928557542245,0.29875800146893583,0.423072206248256,0.18000027067144037,0.3141831452314845,0.5054840200368739,0.48032672956012534,0.1644015166811432,-0.5901812387240611,0.6728143470260328,0.9576177197321002,-0.08676151608891162,0.46640418172860015
0.027220640902338833,0.18330280139302785,0.18996439936724713,0.18539693801249194,0.2692987270351875,0.3904860740653426,0.21175018023431616,0.22781521334233387,0.34485436514170387,0.0792899287526665,0.278452021357279,0.2750935706387661,0.27792015620958216,0.34978816869791385,0.2549344608285435,0.21050485559664084,0.316695180068266,0.16257417614500272,0.48162526703765046,0.4226156355032683,0.3444363481899057,0.07749409094450296,0.3310237816144823,0.935040947219683,0.04831504329691369,0.49043587011129675,0.4542286120449808,-0.16511499168228327,-0.4086626203728869,0.29557289713398777,0.42806188533176526,0.4536556514242426,3.4333422772093196,-0.3742940191633037,0.24775717873699832,-0.11393481261287644,1.6541830543344056,0.301313564206339,-0.17303543949201738,0.012651937332880326,0.4681711454729784,0.7507404638620954,0.06745952514486177,-0.009333331730769215,-0.7795988239648979,0.8273939767836235,0.6602290239330705,-0.01471925076773892,1.1551263781542256
-0.05148612528161254,0.7773675040161245,0.6947992337142849,0.599274132988195,0.7792533074808827,0.7547324389214576,0.7144472600531184,0.8294936416747476,0.6104698452627635,0.8733291838236733,0.7769230553587442,0.7181174255902907,0.7727597191026594,0.7720200327850678,0.5917568376868664,0.7475441524590972,0.6984684480095764,0.8137879886556033,0.6090588737513665,0.7338871657625512,0.6070957696540179,0.9832750711971944,0.8600449539874417,0.7266548382368173,0.9958319227097757,0.6200727361796972,0.778133398993091,0.20825488171300408,1.6486585530803448,0.6062722293367068,0.6205333006418103,0.8528807569526635,-0.3742940191633037,2.608044679414028,0.8079391425057291,0.9590475563023013,0.7581419506035475,0.3659602217504019,0.94269068138362,0.29930854042904337,0.3737249089479963,0.7894164144068072,1.1243624183883842,0.35847773624499835,-0.37207106059057493,1.0337097892500484,1.5705285340135835,-0.14112338015261675,0.7033251362242323
-0.021632147832398228,0.38798495387167137,0.22868248015370893,0.05787650161050624,0.09765067336924924,0.40930438268229136,0.3440293189078379,0.5546987620627175,0.3343708311451627,0.46611220325198455,0.4836255628720085,0.4199006948923704,0.46784333305830456,0.47516470642825653,0.3146472927741,0.5908357592466021,0.4499878374840099,0.43774937136655273,0.27956543746181134,0.5602295813374586,0.42573131353374305,0.574972524050838,0.43754066836674405,0.6564204155779949,0.56877532651132,0.5919844656645655,0.5512199184052846,-0.07467797145230332,0.8314324107011305,1.129915039479085,0.39900409371316325,0.3975912178234717,0.24775717873699832,0.8079391425057291,2.5336982764874123,0.11417703034579509,0.8895763186308943,0.3157931568717608,0.5279885999505655,0.7744523620271223,0.3091067280938974,0.7713742777129067,0.5370552084843332,0.19141183611751444,0.2415575322716055,0.6576915164964956,1.1606475165775034,0.04005554788449003,0.19345628751471675
0.051325815793169895,0.7637771360720984,0.8114468808933536,0.43936426815070634,0.540661881445267,0.4736991936996381,0.5908621422351276,0.5226128370847459,0.49386410577099654,0.6294760491109967,0.5813542834416703,0.4923008908146778,0.5567321397162498,0.49769069444057473,0.4821282591548022,0.4861346694755687,0.651880428654801,0.6084271301176486,0.4439259047316483,0.5911902289164404,0.5899969286805754,0.5063816496919623,0.5847946327417465,0.5615766547643912,0.6866243628540143,0.43680851422831785,0.7210916747790024,1.0964121525322927,0.78109909230583,0.8120334075701454,0.9866526913443868,0.5019174837987792,-0.11393481261287644,0.9590475563023013,0.11417703034579509,3.5281353950558105,-0.14438115097212154,0.33455024200454575,0.7544274615895089,0.29554473199994036,1.1324220084344092,0.6777928556207753,0.9726880817745013,0.005321055811833304,-0.800554380087285,1.5541461836818735,-0.036190594761315094,-0.6295768895474945,0.1897749079823751
0.021894061075297448,0.5988700978707866,0.4932143300754564,0.3608029218464015,0.4564709118365295,0.756847592435154,0.38802613113793094,0.6168118430926666,0.5076792198398992,0.46095244724661755,0.6108835692370582,0.504468883584631,0.5308167172949667,0.5416040799570377,0.5356527436379018,0.5426248513799887,0.6304637517293584,0.4002704462622516,0.7441099416904117,1.2607541692409496,0.6654826556623735,0.2370768781333802,0.38297961252636037,0.7858653381027758,0.5233430538423602,0.9468184847970279,0.7886088874536027,-0.1347905552170539,0.6621131159611428,1.0855918078472688,0.681577587587138,0.34863928557542245,1.6541830543344056,0.7581419506035475,0.8895763186308943,-0.14438115097212154,5.011570646992585,0.8565799470519269,0.23705559958231293,0.35046914317426214,0.9195164365728258,1.352442583921157,1.0111086627238828,-0.019323561486048826,2.257837129283593,1.1363967356727636,1.6532889594503675,0.11099940273329442,0.9113044482781631
0.013991031414751443,0.35481697600427625,0.22008186418207748,0.20422021289201547,0.2158217687734734,0.41259461462529506,0.18368615651522924,0.3192403342554053,0.24266589963634688,0.23398815323798514,0.3125425194749514,0.26066468952167965,0.2544685306691471,0.28664200681445295,0.22775845482098714,0.23692457764182845,0.34877154625583867,0.10725907073852206,0.31710485464680804,0.8964977221815738,0.25348257175198136,0.018297596310359827,-0.03952826596412493,0.3261614367340192,0.2830000821362442,0.3497330209634135,0.4091465277807394,0.2808852142923092,0.2841438098584019,0.36673153982673984,0.4161557528250435,0.29875800146893583,0.301313564206339,0.3659602217504019,0.3157931568717608,0.33455024200454575,0.8565799470519269,0.8685279044803799,0.2566840378837891,0.2516550603568591,0.49443375262311057,0.44545590593408624,0.30102790033462007,0.003865925409871268,0.2865273612821297,0.428284805571158,0.4980879179864318,-0.007470743834188116,0.4866740657282191
0.013701247552677303,0.49315864162183587,0.3461215190844227,0.41740030685423996,0.5014994487261565,0.5296612779103417,0.478581402571386,0.5978333949689869,0.47024925490879926,0.5502934893661863,0.525478574028008,0.46864908882766293,0.5450354153626451,0.4592702540330825,0.33950282364979634,0.46553789310885757,0.5510822526408252,0.44414534901438313,0.5153381424052484,0.5412280326194109,0.4724804721565472,0.658076760208708,0.576503720757167,0.4962493164650059,0.5068611631634684,-0.2375611541732927,0.4924922203819325,0.4316007514826124,0.7294555655492929,0.920141978527441,0.46050815598753936,0.423072206248256,-0.17303543949201738,0.94269068138362,0.5279885999505655,0.7544274615895089,0.23705559958231293,0.2566840378837891,1.815972702715102,0.542661473436824,0.43975229608131516,0.30457457911480507,0.7102353872334007,0.390388694474172,-0.12155775612322628,0.5784757434996154,0.7177026778952327,-0.14025143414500071,0.7752328262526212
-0.005199309618794722,0.20971161994271767,0.009660501559358341,0.10363799218484172,0.14759323920688638,0.29568193478387356,0.20662742100769327,0.29897984857994314,0.2060735385851072,0.23368812470637476,0.2948446373005771,0.24107182022470783,0.26486928118790315,0.22650863571743274,0.1724726960758306,0.27421488079619183,0.2662271078913684,0.2123355983741409,0.19148077306895198,0.46880502534413676,0.3067164586526974,0.24406137875041264,0.2613695261692966,0.2909075824169855,0.24304052463827847,0.18307325260523624,0.34889840539628086,-0.04311158616650031,0.4585729683851197,0.4280048344772081,0.23407302316317743,0.18000027067144037,0.012651937332880326,0.29930854042904337,0.7744523620271223,0.29554473199994036,0.35046914317426214,0.2516550603568591,0.542661473436824,1.1014559643362607,0.21238592077857735,0.3441959386857836,0.22908802583021615,-0.18112168377660132,0.4165172092029875,0.41972887565684347,0.452517492118929,0.012865355179975255,0.3176756292002359
0.039662727442848045,0.5127820367698336,0.40436572225204265,0.27963946734092276,0.29820463477842374,0.43786115427906147,0.31587830312702586,0.40927937013650156,0.3625589280845326,0.41244912794570765,0.4032578265369431,0.3172700971702696,0.38221816572457123,0.3826165662954879,0.38049857273250187,0.3461940188419185,0.4899558880676906,0.2978443508216968,0.37384709694088303,0.8157161931966525,0.499517184024775,0.054737571923659654,0.21276163430697426,0.5623383542141169,0.34498390338103935,0.4365062216225534,0.6472898964282042,0.5691164546303649,0.27956454390594726,0.9789931103456975,0.7202423576760077,0.3141831452314845,0.4681711454729784,0.3737249089479963,0.3091067280938974,1.1324220084344092,0.9195164365728258,0.49443375262311057,0.43975229608131516,0.21238592077857735,2.8565847024830404,0.6566803250333955,0.05835529809601801,0.0995052727233679,-0.8176566386195593,1.3382530525309246,0.6610973269175721,-0.10101697951968833,1.7974391765824906
0.006170762579815116,0.48917448937900443,0.42106562365166555,0.31964121579890187,0.4033562613133872,0.5465337904405606,0.4100000305951623,0.5025203150274037,0.41946630480892305,0.4454659059708071,0.5190795122182471,0.45432012684104595,0.47528065163485683,0.509747902412395,0.4051154822626345,0.5195078872158428,0.5544062707300922,0.4227112645393179,0.4598004133863106,0.7542624865544096,0.515493027516657,0.3866218788359159,0.42586421379411127,0.6369668882876867,0.505636137727705,0.7080098870538256,0.6094521578032658,-0.006518802079700174,0.671082241493427,0.7466730704361692,0.5391614450616277,0.5054840200368739,0.7507404638620954,0.7894164144068072,0.7713742777129067,0.6777928556207753,1.352442583921157,0.44545590593408624,0.30457457911480507,0.3441959386857836,0.6566803250333955,1.3628726953204329,0.5813498670785592,0.0039965171727496685,0.18815089756413364,0.8134260618418218,1.0869541966906073,-0.05546372363557979,0.4910955240881182
