1.0865931734072705,0.1396296662397728,0.30325875098437033,-0.034282884445526685,0.11019337247703792,0.08437459657165919,0.263186718375279,0.07971143480436113,0.17627563377722694,0.10439023377335235,0.07238228437654044,0.14093197675552213,0.0806550840235512,0.20672257676316422,0.0878853964316362,0.07419518648074518,0.11209355905600318,0.09231075996329932,0.08608002278347295,0.09580034946628409,0.12368111377034353,0.14343194170005413,0.13394889706587215,0.09654363300288818,0.1838715207741218,0.05369107277467773,0.1312011052694202,0.10398352793490936,0.16803338462919307,0.06264637911281527,0.10793745866237299,0.07067811317338459,0.12358996801598172,0.11886532394662587,0.10146157893079415,0.14964690715273418,0.16947492675971373,0.0702156056359464,0.1450417741223223,0.0033823724768954075,0.19011382302312657,0.10245257176711925,0.09784595283319991,0.19477318363007937,0.13064542602760087,0.10708301227749605,0.0675048761097059,-0.013771911331660051,0.003876180004490174
0.1396296662397728,1.5498908296650606,0.6022634157655086,-0.0161854212603975,0.04885383771848019,0.4484828324403063,0.033306645526617946,0.2041647481104173,0.19267192093832586,0.2085091656643202,0.13865256418668015,0.22938145030868665,0.10942804638807972,0.08857125668563691,0.4198826998916627,0.015494031785911066,0.23372426789058945,0.346862493393831,0.011516118995077413,0.3589834349922915,0.19926332530492782,0.09253974472825041,-0.05355305057160889,0.15059354834234315,0.2752940200913397,0.29598798113267827,0.3882720485514745,0.17177358473895954,0.49894932948954357,-0.07983124479957858,-0.014158710243843702,0.22936159032209888,0.08106364912475819,0.29273514489774327,0.21150948598136982,0.1190505796255482,0.3142038593572606,0.18497506848845913,0.1243564315108458,0.09745918964144352,0.17722032961944087,0.19543467054630412,0.5838196282369846,0.010155862713706929,0.6131980128828428,0.20540170630279778,0.3385780333667953,-0.02651956166221317,-0.11761707932413129
0.30325875098437033,0.6022634157655086,1.9799974799726858,0.04718987815751574,-0.07319705244789207,0.49268328262405114,0.04196312332773563,0.3985298032137792,0.5848406126181976,0.38397523199087874,0.13111961240624861,0.25899336611210827,0.16276558463641883,0.162062675502543,0.319547526900811,0.0811345558519641,0.3452263781484763,0.30230156806677144,0.36394507135849097,0.24379580043352303,0.2761554542564652,0.34851288196331737,0.1434060189045664,0.2235542651904311,0.2577243297829822,0.27240708006534864,0.36490194392175135,0.376795443241752,0.36698587738856076,-0.27403585579900497,0.19735820527431241,0.19656080777573773,0.34573508144993104,0.33747968347683194,0.3557023396353697,0.24912135563190982,0.3653518328496853,0.16448550759149566,0.3061301836052306,-0.10586855372287725,0.4351305334746432,0.25408650431571983,0.4256814572715989,0.5416284720492726,0.5423619867589522,0.41445116862093956,0.3590071843945702,-0.040759747775645866,-0.32231916496542
-0.034282884445526685,-0.0161854212603975,0.04718987815751574,1.1132708225447985,0.49246364950006416,0.27592032917299864,0.33542169502724034,0.3000047345973155,0.14866300513334904,0.21605108670301765,0.23376689451227312,0.27778378979890733,0.16911734739299922,0.2717418105526595,0.07763976903443798,0.3009392790414062,0.16860508209159594,0.133595603715804,0.054443171555011105,0.20601852140465407,0.1423643503888769,0.19897702990583985,0.14857333158504166,0.19351753200750446,0.13792979736164435,0.14785390847084073,0.12353056588187628,0.049384142441733225,0.16822323821157786,0.10081118729038545,0.11195294577851733,0.22093557263299704,0.14230246934337404,0.1717279975274225,-0.050216807843095304,0.1936675220417984,0.20199087607861288,0.11418819304295308,0.23561812444715619,0.09167604230840348,0.22468172773864423,0.15273138861175176,0.07349667839754594,0.07438069212263063,0.13518426267840783,0.11225798972416427,0.21165112241127845,-0.016136525179613812,0.2512908295314616
0.11019337247703792,0.04885383771848019,-0.07319705244789207,0.49246364950006416,1.4649504142058627,0.07566116396259298,0.3515578977437737,0.25513788253248887,0.053291096965952515,0.275047367452902,0.2524012009897482,0.2931407711988774,0.210582838705906,0.14431824110207772,0.17326036304377296,0.38621975457342383,0.10413265535496459,0.1758595877216376,0.02259052175103989,0.14873434077392525,0.09826490952034345,0.15994460424773257,0.11824094498201973,0.1249229532612124,0.059866693169431696,0.145894600408832,-0.050025130963478694,-0.025235351345094137,0.15968725356665228,0.02806165245914931,0.08891948319468294,0.20130264312858082,0.03625929416598508,0.13918935889318143,-0.11030633360385561,0.19009564505875548,0.14145647311094794,0.06988563223522237,0.20907773989114753,0.09177016470576728,0.1464246415743584,0.13003333175246068,-0.19651356856649668,-0.013244309461836993,-0.10727400658039028,0.08678199645598474,0.09644458121279964,-0.013907692799928319,0.2506771657958887
0.08437459657165919,0.4484828324403063,0.49268328262405114,0.27592032917299864,0.07566116396259298,1.0043654569539888,-0.00404960818974366,0.35309276920513294,0.3143510943435002,0.1954964421245449,0.3586199658036115,0.35896584190021213,0.17202071982461414,0.2422706245815573,0.2863470657900096,0.2155461502168647,0.35499920637177473,0.21257333995164301,0.4386088988943611,0.4943096476243259,0.3117527708960233,0.2920609603070056,0.02710091291674516,0.3241064146777943,0.4213424476600268,0.2507764408719131,0.36827165475435913,0.28013041066171895,0.4381147614597231,0.048776932855658206,0.15239021727806648,0.4172984875699407,0.24787287644745395,0.39870637716767365,0.28499435596205214,0.13248087634040806,0.39964896822215845,0.27113289135638213,0.5158351463574938,0.1769339337944281,0.3233659714855324,0.28400087180134925,0.5354481417560591,0.2869579395972791,0.6258203930027432,0.25393173468705416,0.5744357490577008,-0.011532297738193992,0.28337704427534216
0.263186718375279,0.033306645526617946,0.04196312332773563,0.33542169502724034,0.3515578977437737,-0.00404960818974366,0.7534058470159211,0.11825717522972834,0.16169654200016542,0.1198973823298894,0.2915610608610633,0.27127923604636295,0.12113535959106637,0.003029764424575117,-0.07304884788036577,0.23627749083826152,0.15205900714011134,0.07479231497277708,-0.0012558751121979368,0.09095430754861837,0.14211980122541978,0.19179716116542106,0.21527564431732554,0.14132288868813567,0.1025327996707656,-0.045396375795034576,0.11090103477914338,0.0688668389605718,0.10049044998126731,0.17266261503405575,0.14730618110497287,0.11258571704378219,0.1291084499066593,0.07814430942705766,0.011239627816463905,0.2667668577485866,0.18057848091630704,0.0534713043235014,0.159355817387478,0.020333199855925015,0.16778768968344984,0.12756654945906226,-0.05681439197302239,0.1714053111615124,-0.03989893548910788,0.04986455095978132,-0.13494982761105676,-0.013235046448017459,0.07104445759487701
0.07971143480436113,0.2041647481104173,0.3985298032137792,0.3000047345973155,0.25513788253248887,0.35309276920513294,0.11825717522972834,0.7536611525229814,0.21276244397321092,0.32602634504015987,0.27152361209869924,0.14482189950369473,0.1832982741983787,0.20952628295816503,0.10110204571430555,0.24550077031154385,0.22301233616541158,0.22927568814376484,0.26823710911319815,0.23461215705634228,0.169233403956023,0.22971404886553468,0.06318277690522388,0.17130609666529423,0.19523595045694422,0.21940329564262892,0.18944266861686412,0.20852091443246823,0.2040678869167578,0.044981669194936215,0.12193384392717803,0.15789744748543888,0.16168516573803382,0.20336173622703732,0.25574985297045427,0.07716803139714587,0.25117296913267456,0.12864893762613588,0.35345810451514914,0.09604090669059115,0.24960297341578386,0.1697619744749641,0.26565027271297753,0.269177479311157,0.3194255983258266,0.1739884840375791,0.39830559337695326,-0.01020621760275832,0.23751476966487203
0.17627563377722694,0.19267192093832586,0.5848406126181976,0.14866300513334904,0.053291096965952515,0.3143510943435002,0.16169654200016542,0.21276244397321092,1.0960180012650749,0.16772214980422243,0.13864108444125026,0.13340269014289363,0.12508464056396648,0.14900606572968048,-0.0668121981332022,0.14274748468537724,0.23286959302419522,0.14006479209091893,0.2579695301506252,0.12407275687573427,0.21306491410888898,0.5324090393523122,0.184421714358099,0.22089531554652816,0.001971386998773867,0.1963743093276922,0.24428676814756126,0.19113504394913142,0.05757639713925883,0.042910346925694086,0.28642544041386636,0.24546004712767072,0.2595567419990097,0.18218769625264644,0.13803164794294048,0.2084167573445035,0.23221053249850865,0.0973151507748813,0.2966047687409779,0.019772825767192345,0.2593172072975252,0.17920984681405153,0.17159523013949066,0.3168524349033621,0.26145022074946567,0.1591300165623493,0.20720780896193322,-0.01071413282996033,0.10664642300918947
0.10439023377335235,0.2085091656643202,0.38397523199087874,0.21605108670301765,0.275047367452902,0.1954964421245449,0.1198973823298894,0.32602634504015987,0.16772214980422243,0.8124425103397309,0.09927717390147267,0.18018536640309388,0.15516273458552218,0.1460942039510226,0.17903340084210953,0.17591383648788286,0.1936170471600457,0.2981366407654305,0.21397115728662092,0.0633424677700325,0.12991003793561692,0.18885298298730616,0.15067247386198812,0.1546658825893754,0.1848198629557962,0.19697050948127198,0.18131121129374297,0.175759066545071,0.19812367421685473,0.08486967418417195,0.10399380578648669,0.1078919815491664,0.20503265430085993,0.17296166154264217,0.16235844412019435,0.1964973452127161,0.17262853408190854,0.04368243822367916,0.23666799322759202,0.047977422534224254,0.3378777895388626,0.1368280970510693,0.14251292670974314,0.22283490496783834,0.19459808167456435,0.1892235454309659,0.3029635017277449,-0.023827970540964,0.1886778602151683
0.07238228437654044,0.13865256418668015,0.13111961240624861,0.23376689451227312,0.2524012009897482,0.3586199658036115,0.2915610608610633,0.27152361209869924,0.13864108444125026,0.09927717390147267,1.0035756288794293,0.3123652328076645,0.17970450451935485,0.020398873713891305,0.04427456415349945,0.4068080206181799,0.30396364898334716,0.21116477276377707,0.24940144829033783,0.36183240937854494,0.2534555605600335,0.2718682174634599,0.04070121785898587,0.25030601418550785,0.1842056749772508,0.09034398062056323,0.26029194806576317,0.21916061331204856,0.3181143833448028,0.0676419123391976,0.1922378295309266,0.3229468622134273,0.12962640672075093,0.28235521697485505,0.28273278497572285,0.15009915978536104,0.2861233645350209,0.17917254496003993,0.37855855832641216,0.15067008235737928,0.16941236959510358,0.2415012769615068,0.26482360483767986,0.23762284376179468,0.19330306422013904,0.11980923010842792,0.2191614467618382,-0.00021960267503191473,0.2838203588273067
0.14093197675552213,0.22938145030868665,0.25899336611210827,0.27778378979890733,0.2931407711988774,0.35896584190021213,0.27127923604636295,0.14482189950369473,0.13340269014289363,0.18018536640309388,0.3123652328076645,0.6651197717220514,0.1410697685664496,0.12897351259963488,0.2476439514153095,0.18564454152102813,0.23559836823995695,0.06389176663029647,0.16459348500620027,0.2950243292688343,0.2054917011808461,0.1581542134938043,0.11404237008239065,0.1989785714927675,0.2622000559949564,0.10511716770202073,0.270065822589297,0.17228545327082007,0.2626184117902922,0.07550354375555975,0.12477462171591275,0.2512503222069671,0.1449033301777699,0.22904770489980517,0.19042631345382371,0.2553063141307128,0.23389148773293758,0.15782593221895386,0.2990930151744786,0.1150311666255889,0.21516209910826134,0.20362639998435658,0.19657854778293812,0.17904840030165625,0.24527360618889685,0.16498285112622757,0.19706753465637247,-0.01552069820102334,0.13576179339123018
0.0806550840235512,0.10942804638807972,0.16276558463641883,0.16911734739299922,0.210582838705906,0.17202071982461414,0.12113535959106637,0.1832982741983787,0.12508464056396648,0.15516273458552218,0.17970450451935485,0.1410697685664496,0.46117914446302105,0.11166776237172002,0.0273837484814279,0.17399878035788888,0.11757457081596122,0.14620658286930965,0.14778597200440555,0.11478086238409926,0.1347012165441198,0.15352063700681065,0.09841299682213167,0.12521617104278654,0.15644246363743144,0.12438493230644417,0.06968966342631501,0.10126711870553805,0.20619007531205433,0.05318614182340859,0.08390531120754859,0.15740490249225472,0.08072092067958091,0.1631197093660657,0.13586951466461286,0.10031711831386063,0.1197648199184113,0.06200590818569469,0.23816329855141688,0.06053596473686629,0.17233544486721197,0.11003387058827405,0.07580270239542655,0.17701580716197599,0.0681418810124896,0.10548657724557495,0.1682033864020627,-0.009916833560738606,0.19837431417853696
0.20672257676316422,0.08857125668563691,0.162062675502543,0.2717418105526595,0.14431824110207772,0.2422706245815573,0.003029764424575117,0.20952628295816503,0.14900606572968048,0.1460942039510226,0.020398873713891305,0.12897351259963488,0.11166776237172002,0.6272385344288365,0.1847654719920248,0.11396470814089382,0.15338589012497006,0.10773181413705928,0.14560086493002758,0.21130874436040079,0.1334649635596211,0.14367537359649477,0.0645531940704705,0.13949537782406515,0.2140041273425651,0.3023810315932285,0.18984082430864246,0.12770142870018228,0.16782415795189867,0.06531918716807009,0.1065104286247753,0.14623287313334934,0.14333417737022275,0.1751892364607731,0.1292625343568911,0.11688284774915181,0.20312852794941902,0.1228386358858761,0.20666562052560952,0.09802111490882932,0.28146969925582616,0.1464219122932666,0.24383072408623443,0.10830901469057112,0.3466831967022547,0.14293209814890004,0.34101768522063697,-0.011424732705873564,0.18714178713836133
0.0878853964316362,0.4198826998916627,0.319547526900811,0.07763976903443798,0.17326036304377296,0.2863470657900096,-0.07304884788036577,0.10110204571430555,-0.0668121981332022,0.17903340084210953,0.04427456415349945,0.2476439514153095,0.0273837484814279,0.1847654719920248,1.1846030290150857,-0.13005265710373923,0.26296490337633244,0.3954243855033157,0.08700879153116822,0.3409618135774454,0.18157055791222237,-0.0658131396531667,0.01959013690129427,0.18668140394831334,0.3091742177432261,0.4137153934909212,0.27265289657300706,0.1874654763614414,0.3737931673432685,0.12770197460912142,0.036006790438438935,0.23112409832091452,0.15289538733253105,0.28924306142153566,0.1841412689146321,0.20850495438022215,0.16345704586583684,0.1702576765929896,0.17246990511500795,0.1239898672777645,0.26472568940563296,0.18937407101251708,0.43278947704841547,0.028228444754683807,0.530311323514282,0.27469193626420624,0.3542822347503572,-0.031666904520994195,0.11147044050247648
0.07419518648074518,0.015494031785911066,0.0811345558519641,0.3009392790414062,0.38621975457342383,0.2155461502168647,0.23627749083826152,0.24550077031154385,0.14274748468537724,0.17591383648788286,0.4068080206181799,0.18564454152102813,0.17399878035788888,0.11396470814089382,-0.13005265710373923,1.1298430712910477,0.21632230883448814,0.23183818872088183,0.24064432934087682,0.0903501007673592,0.15829771657358638,0.5346324716499874,0.050103482997420096,0.15970689338226948,0.06329429035083345,0.14957692178816265,0.07004532179172389,0.2158025885501916,0.1846881119135839,0.017029217340714456,0.21213423957732905,0.2394697847112975,-0.01887062628235943,0.19552047911845394,0.44889430008386216,0.03197928882010006,0.16953195804593107,0.06021974005676629,0.34242218651833195,0.14985714891338195,0.19231160098711908,0.21774078825188806,0.13437902420000059,0.34215732611759164,0.0812930846608573,0.05396747115414364,0.22823627818820924,0.006512977524151434,0.21052563714102115
0.11209355905600318,0.23372426789058945,0.3452263781484763,0.16860508209159594,0.10413265535496459,0.35499920637177473,0.15205900714011134,0.22301233616541158,0.23286959302419522,0.1936170471600457,0.30396364898334716,0.23559836823995695,0.11757457081596122,0.15338589012497006,0.26296490337633244,0.21632230883448814,0.5853908001119786,0.28229783846448436,0.29824916413873576,0.31735260594712894,0.2661555149529986,0.2728431896292624,0.06723418001770536,0.2406382907174343,0.31710434652644104,0.18148794411739747,0.2830558510665844,0.358687556930187,0.3120481143511518,0.12101200527440406,0.21469585433763844,0.2471324299844153,0.28020721551422956,0.2771590770278519,0.35532410919097396,0.19732749713801012,0.38195196115947777,0.1775060276257672,0.31995927023508125,0.10635868642305223,0.36169583842351116,0.2848765509722233,0.381527670348472,0.34112700183896116,0.4365941971323459,0.2197723967024141,0.3642427521222102,-0.015793302766163718,0.13621150367363882
0.09231075996329932,0.346862493393831,0.30230156806677144,0.133595603715804,0.1758595877216376,0.21257333995164301,0.07479231497277708,0.22927568814376484,0.14006479209091893,0.2981366407654305,0.21116477276377707,0.06389176663029647,0.14620658286930965,0.10773181413705928,0.3954243855033157,0.23183818872088183,0.28229783846448436,1.0623890025852538,0.2137225126932513,0.07320342831663355,0.18303960305643743,0.17406299024035154,0.029915241549959965,0.1889134339241691,0.19108769875418677,0.5349660747732091,0.04254406719314606,0.22068622086445172,0.31192633328832914,0.049611983318994815,0.11194980197278906,0.17518293313156771,0.20787779720540603,0.2207330683629429,0.23366849289942992,0.0670429185544767,0.23203746346038276,0.04700924931516385,0.1521211987012236,0.08424316722527299,0.3209649863284853,0.15977244439059332,0.40578425106154203,0.12566387462894119,0.5765277019341926,0.20294998735278497,0.3350576169011889,-0.023251771426192672,0.030812009990403268
0.08608002278347295,0.011516118995077413,0.36394507135849097,0.054443171555011105,0.02259052175103989,0.4386088988943611,-0.0012558751121979368,0.26823710911319815,0.2579695301506252,0.21397115728662092,0.24940144829033783,0.16459348500620027,0.14778597200440555,0.14560086493002758,0.08700879153116822,0.24064432934087682,0.29824916413873576,0.2137225126932513,1.4345387551901694,0.08427849808668145,0.28415890272697,0.3102817470199047,-0.24576764726953132,0.2954737191489684,0.36780490716372305,0.11560728462567185,0.1807081122010122,0.4687518052280503,0.0805365014713206,0.32795751892247,0.19768872419459618,0.16737755205417812,0.552298373156227,0.0886353649880389,0.31586017409203543,0.187771431291777,0.3672413846420723,0.07114168272091748,0.5394806501911664,0.08646440709311871,0.4809128260937128,0.21830515134635184,0.12843217840021634,0.32841166274667993,0.364340794979863,0.23922239528682504,0.16644858785595049,0.010762742654033295,0.4317251971562156
0.09580034946628409,0.3589834349922915,0.24379580043352303,0.20601852140465407,0.14873434077392525,0.4943096476243259,0.09095430754861837,0.23461215705634228,0.12407275687573427,0.0633424677700325,0.36183240937854494,0.2950243292688343,0.11478086238409926,0.21130874436040079,0.3409618135774454,0.0903501007673592,0.31735260594712894,0.07320342831663355,0.08427849808668145,1.0636710570971806,0.2156910555720937,0.07351566015438799,0.03203062410798328,0.2604855998637688,0.5032046871990246,0.2232232415177525,0.4607372105029052,0.2001934524277418,0.5170011010700714,0.14034723356107442,0.032245583035566044,0.3836249214736358,0.04368471485752137,0.3966332816765269,0.26011834408271595,0.08253656755203194,0.5150257200203453,0.5014323116026163,0.6697409712086038,0.28532286886316116,-0.017409024852240086,0.2657136638755984,0.7517984635674306,0.19072228990135687,0.8608899948313673,0.13301913249670702,0.37437324336621297,0.010961018702989671,0.20920840941498317
0.12368111377034353,0.19926332530492782,0.2761554542564652,0.1423643503888769,0.09826490952034345,0.3117527708960233,0.14211980122541978,0.169233403956023,0.21306491410888898,0.12991003793561692,0.2534555605600335,0.2054917011808461,0.1347012165441198,0.1334649635596211,0.18157055791222237,0.15829771657358638,0.2661555149529986,0.18303960305643743,0.28415890272697,0.2156910555720937,0.5025255571566478,0.18001623208069745,0.2720967026644797,0.22483579425824088,0.2212593277899447,0.13120396672366935,0.33749985652513836,0.26360233905253033,0.22295873579837863,0.19769044553376813,0.3584776868752357,0.22291232064261357,0.31109844922300245,0.20652580836078024,0.27813209086575846,0.37545848278013233,0.3064760112106366,0.13730936393795407,0.4398930810267894,0.16078057823268294,0.4173667828631711,0.30919945159575346,0.29671357706817747,0.32912750599422586,0.5744743355730653,0.22014316217465157,0.3126566968178159,-0.023014077049147232,0.18562350231468636
0.14343194170005413,0.09253974472825041,0.34851288196331737,0.19897702990583985,0.15994460424773257,0.2920609603070056,0.19179716116542106,0.22971404886553468,0.5324090393523122,0.18885298298730616,0.2718682174634599,0.1581542134938043,0.15352063700681065,0.14367537359649477,-0.0658131396531667,0.5346324716499874,0.2728431896292624,0.17406299024035154,0.3102817470199047,0.07351566015438799,0.18001623208069745,1.1346152720251648,0.15572690652791493,0.18441028710445376,0.04757655060404923,0.18842385272830958,0.18314305092402874,0.19808408090228485,0.1652893750300369,-0.05101451816750807,0.31434981253988575,0.353387115609452,0.056759581825786616,0.32339963506487457,0.339212584788359,0.1072720603789116,0.18595038674863093,0.07559616876760032,0.4569184694378817,0.09603055559975995,0.19786827104851012,0.20136581330112424,0.10016559578303362,0.4336243708630819,0.055673885182450526,0.09529929349996392,0.25164179019268457,0.0003667736306250865,0.16689124876969735
0.13394889706587215,-0.05355305057160889,0.1434060189045664,0.14857333158504166,0.11824094498201973,0.02710091291674516,0.21527564431732554,0.06318277690522388,0.184421714358099,0.15067247386198812,0.04070121785898587,0.11404237008239065,0.09841299682213167,0.0645531940704705,0.01959013690129427,0.050103482997420096,0.06723418001770536,0.029915241549959965,-0.24576764726953132,0.03203062410798328,0.2720967026644797,0.15572690652791493,1.7260886904034134,0.14603852851899674,0.3647943875559614,-0.19911192884022152,0.33579755329058936,0.012412087206688566,0.11558582764636523,0.38218171911678767,0.5035099964166412,-0.021121257278497882,0.2691460476738677,0.18920615539187227,0.014492364952510807,0.7451077866993542,0.40753468618865024,0.035946807628076526,0.9568599765416377,-0.03885224797321902,0.5851563752309299,0.14342405853768567,-0.26231823721961894,1.2521497662709902,-0.15554276978639442,0.12285047315559246,0.11926467544493187,-0.01324149973522917,0.3922294174496361
0.09654363300288818,0.15059354834234315,0.2235542651904311,0.19351753200750446,0.1249229532612124,0.3241064146777943,0.14132288868813567,0.17130609666529423,0.22089531554652816,0.1546658825893754,0.25030601418550785,0.1989785714927675,0.12521617104278654,0.13949537782406515,0.18668140394831334,0.15970689338226948,0.2406382907174343,0.1889134339241691,0.2954737191489684,0.2604855998637688,0.22483579425824088,0.18441028710445376,0.14603852851899674,0.7341808954436504,0.2757557529559688,0.04410628415063159,0.3434031265494782,0.269410299610777,0.2318955677487454,0.5064003046184458,0.1991584479007601,0.5855798164876302,0.49610481023372066,0.3192404873424305,0.15047784320090973,0.31728565898713246,0.2773150010428193,0.1517382571586238,0.18920173024699338,0.03139765616300863,0.45572985688246126,0.23168501835740518,0.32644559631541153,0.25911365417160304,0.23110941177007718,0.26008809486988577,0.33661800665913116,-0.036543094372528194,0.5050345289500782
0.1838715207741218,0.2752940200913397,0.2577243297829822,0.13792979736164435,0.059866693169431696,0.4213424476600268,0.1025327996707656,0.19523595045694422,0.001971386998773867,0.1848198629557962,0.1842056749772508,0.2622000559949564,0.15644246363743144,0.2140041273425651,0.3091742177432261,0.06329429035083345,0.31710434652644104,0.19108769875418677,0.36780490716372305,0.5032046871990246,0.2212593277899447,0.04757655060404923,0.3647943875559614,0.2757557529559688,1.878188125770764,0.10815311009185248,0.46582523521547103,0.31221655210997196,1.0435051025817628,0.5598593773960617,-0.41114435606727723,0.22657946994193626,0.17957369170311752,0.6684435808183647,0.4470656447048333,0.22549214297584677,0.4271317907737,0.2712123816914334,0.697161901665614,0.10274126328416713,0.3939639194413527,0.24542701686094412,0.6760297562738629,0.7269860636812358,0.49910102833630426,0.2765799977364766,0.4583405236124384,-0.05730562839288821,0.2351232761507915
0.05369107277467773,0.29598798113267827,0.27240708006534864,0.14785390847084073,0.145894600408832,0.2507764408719131,-0.045396375795034576,0.21940329564262892,0.1963743093276922,0.19697050948127198,0.09034398062056323,0.10511716770202073,0.12438493230644417,0.3023810315932285,0.4137153934909212,0.14957692178816265,0.18148794411739747,0.5349660747732091,0.11560728462567185,0.2232232415177525,0.13120396672366935,0.18842385272830958,-0.19911192884022152,0.04410628415063159,0.10815311009185248,2.0639985161604417,0.29682170660086793,0.12702740501940546,0.1617619889990137,-0.34908563369256584,0.002271140090789638,0.34453963281027894,-0.1292847206947283,0.44286526052151554,0.3901905087218027,0.05928452949665233,-0.4264820524597326,0.10243133504108519,0.21543169620197392,0.3961823434893176,0.1229231514158467,0.2114011497865917,0.6675023190258239,-0.2974114871453744,1.209513668416348,0.07725046539566939,0.39206925254680036,0.0013556006638023807,0.13110939922311476
0.1312011052694202,0.3882720485514745,0.36490194392175135,0.12353056588187628,-0.050025130963478694,0.36827165475435913,0.11090103477914338,0.18944266861686412,0.24428676814756126,0.18131121129374297,0.26029194806576317,0.270065822589297,0.06968966342631501,0.18984082430864246,0.27265289657300706,0.07004532179172389,0.2830558510665844,0.04254406719314606,0.1807081122010122,0.4607372105029052,0.33749985652513836,0.18314305092402874,0.33579755329058936,0.3434031265494782,0.46582523521547103,0.29682170660086793,2.709190276464925,0.30666315758549917,0.5118756391215054,0.16916649191120953,0.11429022529230183,0.45780334471564893,0.2771231473516785,0.5103767350728396,0.39732266358650337,1.00614485781808,0.14102792640210812,0.24298153332607209,0.34231471365729993,0.41594003420814524,0.44309455939080683,0.40196447379906447,2.0412638166803374,-0.1597801624465678,1.2286849524763317,0.11576297663443474,0.20652027497776432,-0.028019160872817528,0.320838784630066
0.10398352793490936,0.17177358473895954,0.376795443241752,0.049384142441733225,-0.025235351345094137,0.28013041066171895,0.0688668389605718,0.20852091443246823,0.19113504394913142,0.175759066545071,0.21916061331204856,0.17228545327082007,0.10126711870553805,0.12770142870018228,0.1874654763614414,0.2158025885501916,0.358687556930187,0.22068622086445172,0.4687518052280503,0.2001934524277418,0.26360233905253033,0.19808408090228485,0.012412087206688566,0.269410299610777,0.31221655210997196,0.12702740501940546,0.30666315758549917,1.0217729773929045,0.012595158335267271,0.2780810895741134,0.33680357063948385,0.022888595250829185,0.666636303913889,0.017641989390555425,0.8268908581683261,0.234885961612877,0.32265277599635594,0.11702920128315324,0.3519774019878666,-0.01303026246799845,0.47610007891470935,0.24944532584274537,0.261629258112526,0.9967655312700838,0.22281558682554684,0.19376657735639297,0.2009218997088958,-0.014872628038056519,0.2514801464941263
0.16803338462919307,0.49894932948954357,0.36698587738856076,0.16822323821157786,0.15968725356665228,0.4381147614597231,0.10049044998126731,0.2040678869167578,0.05757639713925883,0.19812367421685473,0.3181143833448028,0.2626184117902922,0.20619007531205433,0.16782415795189867,0.3737931673432685,0.1846881119135839,0.3120481143511518,0.31192633328832914,0.0805365014713206,0.5170011010700714,0.22295873579837863,0.1652893750300369,0.11558582764636523,0.2318955677487454,1.0435051025817628,0.1617619889990137,0.5118756391215054,0.012595158335267271,2.6143688969045824,-0.20122463932539789,-0.6827962139400081,0.5705573816280926,-0.20658934461689385,1.0010507809685845,0.2500549494220846,0.3680914853785216,-0.3457373359165595,0.17523529155861722,0.3252562892148327,0.31618690382934705,0.2583471295450528,0.21278138228172633,0.7590601865766814,-0.20961368146455156,0.4703662874714837,0.24634810772349913,0.48690817048146634,-0.05772874693748001,0.18411666241362287
0.06264637911281527,-0.07983124479957858,-0.27403585579900497,0.10081118729038545,0.02806165245914931,0.048776932855658206,0.17266261503405575,0.044981669194936215,0.042910346925694086,0.08486967418417195,0.0676419123391976,0.07550354375555975,0.05318614182340859,0.06531918716807009,0.12770197460912142,0.017029217340714456,0.12101200527440406,0.049611983318994815,0.32795751892247,0.14034723356107442,0.19769044553376813,-0.05101451816750807,0.38218171911678767,0.5064003046184458,0.5598593773960617,-0.34908563369256584,0.16916649191120953,0.2780810895741134,-0.20122463932539789,2.7844037244444513,0.335278945118894,0.19250070578196574,0.5528948192747273,-0.23508178978987962,0.13365322328955528,0.5231836640890889,0.5452417749915884,0.11870132504867655,0.1501972456656432,-0.175020522660757,0.5104158334634742,0.1575373844964435,0.20838101610211415,0.6042413273453879,0.13999277231428234,0.5005432941950086,0.411008474115568,-0.09202351616880565,1.1442717775935332
0.10793745866237299,-0.014158710243843702,0.19735820527431241,0.11195294577851733,0.08891948319468294,0.15239021727806648,0.14730618110497287,0.12193384392717803,0.28642544041386636,0.10399380578648669,0.1922378295309266,0.12477462171591275,0.08390531120754859,0.1065104286247753,0.036006790438438935,0.21213423957732905,0.21469585433763844,0.11194980197278906,0.19768872419459618,0.032245583035566044,0.3584776868752357,0.31434981253988575,0.5035099964166412,0.1991584479007601,-0.41114435606727723,0.002271140090789638,0.11429022529230183,0.33680357063948385,-0.6827962139400081,0.335278945118894,1.8108810852737318,0.20758266450406268,0.3469613589428401,-0.051347574970275055,0.42590540348858913,0.37584968145242176,0.6814758224523512,0.09271864477103771,0.3728183213658926,-0.0505816834693443,0.3165467031428358,0.2730792105240768,-0.1849533081753651,0.8155409968923121,0.12757901738757815,0.2014524972095497,0.20946873817647357,0.010908050883664576,-0.03362467481218281
0.07067811317338459,0.22936159032209888,0.19656080777573773,0.22093557263299704,0.20130264312858082,0.4172984875699407,0.11258571704378219,0.15789744748543888,0.24546004712767072,0.1078919815491664,0.3229468622134273,0.2512503222069671,0.15740490249225472,0.14623287313334934,0.23112409832091452,0.2394697847112975,0.2471324299844153,0.17518293313156771,0.16737755205417812,0.3836249214736358,0.22291232064261357,0.353387115609452,-0.021121257278497882,0.5855798164876302,0.22657946994193626,0.34453963281027894,0.45780334471564893,0.022888595250829185,0.5705573816280926,0.19250070578196574,0.20758266450406268,1.7975649416985802,-0.1335575028334561,0.7479450579020538,0.18515965165275333,0.19052123397695125,-0.05312522263863075,0.1991776294727286,0.309365949591467,0.2094279834639968,0.1636883164601518,0.2646107993002325,0.5762179108855905,-0.09473672396225893,0.46188123525844954,0.21366101787743533,0.5288835271599597,-0.02463073317459104,0.3723199764678756
0.12358996801598172,0.08106364912475819,0.34573508144993104,0.14230246934337404,0.03625929416598508,0.24787287644745395,0.1291084499066593,0.16168516573803382,0.2595567419990097,0.20503265430085993,0.12962640672075093,0.1449033301777699,0.08072092067958091,0.14333417737022275,0.15289538733253105,-0.01887062628235943,0.28020721551422956,0.20787779720540603,0.552298373156227,0.04368471485752137,0.31109844922300245,0.056759581825786616,0.2691460476738677,0.49610481023372066,0.17957369170311752,-0.1292847206947283,0.2771231473516785,0.666636303913889,-0.20658934461689385,0.5528948192747273,0.3469613589428401,-0.1335575028334561,1.9697541356241342,-0.2552872152984688,-0.24185335445500078,0.4507999298915216,0.4141003413834957,0.061201874652716495,-0.01831937821628171,-0.2468341958154271,0.6842803247779854,0.2382876148044039,0.06009000043702102,0.6478493049497622,-0.047998443188077,0.349034585569866,0.17416355303510508,-0.05695167317990321,0.7377008717736067
0.11886532394662587,0.29273514489774327,0.33747968347683194,0.1717279975274225,0.13918935889318143,0.39870637716767365,0.07814430942705766,0.20336173622703732,0.18218769625264644,0.17296166154264217,0.28235521697485505,0.22904770489980517,0.1631197093660657,0.1751892364607731,0.28924306142153566,0.19552047911845394,0.2771590770278519,0.2207330683629429,0.0886353649880389,0.3966332816765269,0.20652580836078024,0.32339963506487457,0.18920615539187227,0.3192404873424305,0.6684435808183647,0.44286526052151554,0.5103767350728396,0.017641989390555425,1.0010507809685845,-0.23508178978987962,-0.051347574970275055,0.7479450579020538,-0.2552872152984688,2.194620767240066,0.3779160607763379,0.03633004269741389,0.304940286303934,0.1646968722091828,0.19538253932742605,0.08930984648183415,0.22388273666715866,0.29603038515267577,0.9044961340639659,0.24152624791850028,0.38223686348705715,0.010213639168169,0.6407717575929357,0.03947919928897973,-0.17178221844664934
0.10146157893079415,0.21150948598136982,0.3557023396353697,-0.050216807843095304,-0.11030633360385561,0.28499435596205214,0.011239627816463905,0.25574985297045427,0.13803164794294048,0.16235844412019435,0.28273278497572285,0.19042631345382371,0.13586951466461286,0.1292625343568911,0.1841412689146321,0.44889430008386216,0.35532410919097396,0.23366849289942992,0.31586017409203543,0.26011834408271595,0.27813209086575846,0.339212584788359,0.014492364952510807,0.15047784320090973,0.4470656447048333,0.3901905087218027,0.39732266358650337,0.8268908581683261,0.2500549494220846,0.13365322328955528,0.42590540348858913,0.18515965165275333,-0.24185335445500078,0.3779160607763379,2.1573069471393147,-0.16871688770302337,0.10962654560650766,0.10669485438189086,0.5344269016678731,0.2562807583076428,0.19190155370290818,0.32744938044462385,0.7338513805159615,1.2056134010531958,0.5681369415789356,0.12079025635261294,0.4418814686795129,0.03940105779919686,-0.03519490948815376
0.14964690715273418,0.1190505796255482,0.24912135563190982,0.1936675220417984,0.19009564505875548,0.13248087634040806,0.2667668577485866,0.07716803139714587,0.2084167573445035,0.1964973452127161,0.15009915978536104,0.2553063141307128,0.10031711831386063,0.11688284774915181,0.20850495438022215,0.03197928882010006,0.19732749713801012,0.0670429185544767,0.187771431291777,0.08253656755203194,0.37545848278013233,0.1072720603789116,0.7451077866993542,0.31728565898713246,0.22549214297584677,0.05928452949665233,1.00614485781808,0.234885961612877,0.3680914853785216,0.5231836640890889,0.37584968145242176,0.19052123397695125,0.4507999298915216,0.03633004269741389,-0.16871688770302337,2.580589135980701,0.05290512624034331,0.08121923231957606,0.4559877866560273,0.4057600898034312,0.9761552545389772,0.3437654961555021,-0.5094727370274065,-0.5845938834095787,0.2988900316545257,0.6777086485255505,-0.2928989832489114,-0.18704828652168207,-0.06938645188631011
0.16947492675971373,0.3142038593572606,0.3653518328496853,0.20199087607861288,0.14145647311094794,0.39964896822215845,0.18057848091630704,0.25117296913267456,0.23221053249850865,0.17262853408190854,0.2861233645350209,0.23389148773293758,0.1197648199184113,0.20312852794941902,0.16345704586583684,0.16953195804593107,0.38195196115947777,0.23203746346038276,0.3672413846420723,0.5150257200203453,0.3064760112106366,0.18595038674863093,0.40753468618865024,0.2773150010428193,0.4271317907737,-0.4264820524597326,0.14102792640210812,0.32265277599635594,-0.3457373359165595,0.5452417749915884,0.6814758224523512,-0.05312522263863075,0.4141003413834957,0.304940286303934,0.10962654560650766,0.05290512624034331,2.8404375136717865,0.33962693149431034,0.37356507293138336,-0.28795287172813067,0.6613503759322121,0.3883297461060074,0.1811297653114428,0.8507765781132113,0.392314081452035,0.2466987851576145,0.3657784077658292,0.02794439196698306,-0.44622235653625536
0.0702156056359464,0.18497506848845913,0.16448550759149566,0.11418819304295308,0.06988563223522237,0.27113289135638213,0.0534713043235014,0.12864893762613588,0.0973151507748813,0.04368243822367916,0.17917254496003993,0.15782593221895386,0.06200590818569469,0.1228386358858761,0.1702576765929896,0.06021974005676629,0.1775060276257672,0.04700924931516385,0.07114168272091748,0.5014323116026163,0.13730936393795407,0.07559616876760032,0.035946807628076526,0.1517382571586238,0.2712123816914334,0.10243133504108519,0.24298153332607209,0.11702920128315324,0.17523529155861722,0.11870132504867655,0.09271864477103771,0.1991776294727286,0.061201874652716495,0.1646968722091828,0.10669485438189086,0.08121923231957606,0.33962693149431034,0.6403295409613111,0.29872866865691855,0.16026222936765586,0.006783594765210306,0.16890587705379564,0.38886259532917594,0.10755598167490321,0.4371234007498905,0.14171085956560878,0.27404668312843894,-0.00903234826152015,0.19548768796386518
0.1450417741223223,0.1243564315108458,0.3061301836052306,0.23561812444715619,0.20907773989114753,0.5158351463574938,0.159355817387478,0.35345810451514914,0.2966047687409779,0.23666799322759202,0.37855855832641216,0.2990930151744786,0.23816329855141688,0.20666562052560952,0.17246990511500795,0.34242218651833195,0.31995927023508125,0.1521211987012236,0.5394806501911664,0.6697409712086038,0.4398930810267894,0.4569184694378817,0.9568599765416377,0.18920173024699338,0.697161901665614,0.21543169620197392,0.34231471365729993,0.3519774019878666,0.3252562892148327,0.1501972456656432,0.3728183213658926,0.309365949591467,-0.01831937821628171,0.19538253932742605,0.5344269016678731,0.4559877866560273,0.37356507293138336,0.29872866865691855,3.3320940695649375,0.6978550418018455,0.18243288571121907,0.19994851986797846,-0.2837279759141845,1.427920628163982,0.9543678743361836,0.03414897923030129,0.46246575735860196,-0.07050097685998293,1.5268981630367409
0.0033823724768954075,0.09745918964144352,-0.10586855372287725,0.09167604230840348,0.09177016470576728,0.1769339337944281,0.020333199855925015,0.09604090669059115,0.019772825767192345,0.047977422534224254,0.15067008235737928,0.1150311666255889,0.06053596473686629,0.09802111490882932,0.1239898672777645,0.14985714891338195,0.10635868642305223,0.08424316722527299,0.08646440709311871,0.28532286886316116,0.16078057823268294,0.09603055559975995,-0.03885224797321902,0.03139765616300863,0.10274126328416713,0.3961823434893176,0.41594003420814524,-0.01303026246799845,0.31618690382934705,-0.175020522660757,-0.0505816834693443,0.2094279834639968,-0.2468341958154271,0.08930984648183415,0.2562807583076428,0.4057600898034312,-0.28795287172813067,0.16026222936765586,0.6978550418018455,1.1262235426125786,-0.07477887697064244,0.17135648628166814,0.3726721262915186,-0.7567044416445388,0.9736010277627899,0.20627864252129618,0.2775636934371304,-0.02509297715545377,0.3668574805994251
0.19011382302312657,0.17722032961944087,0.4351305334746432,0.22468172773864423,0.1464246415743584,0.3233659714855324,0.16778768968344984,0.24960297341578386,0.2593172072975252,0.3378777895388626,0.16941236959510358,0.21516209910826134,0.17233544486721197,0.28146969925582616,0.26472568940563296,0.19231160098711908,0.36169583842351116,0.3209649863284853,0.4809128260937128,-0.017409024852240086,0.4173667828631711,0.19786827104851012,0.5851563752309299,0.45572985688246126,0.3939639194413527,0.1229231514158467,0.44309455939080683,0.47610007891470935,0.2583471295450528,0.5104158334634742,0.3165467031428358,0.1636883164601518,0.6842803247779854,0.22388273666715866,0.19190155370290818,0.9761552545389772,0.6613503759322121,0.006783594765210306,0.18243288571121907,-0.07477887697064244,3.5591865754150387,0.37901585637890567,-0.18364393397971687,0.5671534528040988,0.2244777636910917,0.44696688458200773,0.31573810251303686,-0.045102989799076315,1.014927687596416
