0.9139243793432342,0.15742159685769927,0.2975622704932436,0.05028317798224347,0.053549583536240904,0.053908331313349885,0.1348319042449619,-0.002545932213426975,0.04889893081200742,0.059041980149354155,0.01682935882409421,0.05992533125341136,0.020994378559613815,-0.003382333033847359,0.016427929385094433,0.024182897013894433,0.02979798101886089,0.06470869020680044,0.016832631346749217,0.008533347211458613,0.03808303420343862,0.03158093342332101,-0.0064717119286685195,0.002498664025175302,0.0063290375984642435,0.0195091700170661,0.03529555807739046,-0.0043787113449714,-0.013171119069228514,0.038722433651009226,0.062075049575580646,-0.020423301775398913,0.060967987985933426,-0.0976364876635283,-0.003313295285386312,0.011965965811725529,0.004779660086439941,0.01595678275334492,0.006408315777195476,-0.004255244788109396,0.03237251991929659,0.02509009945090405,0.09985747370874679,0.004863376243522442,0.1722139244673212,0.07212510362456016,0.045987225100763016,-0.0024929559137831948,0.013113158793907084,-0.016480519929101007,-0.01875574049712607,-0.06608562364756111,0.1058038044885316,-0.002631101822763447,0.11212646227666699,-0.04469642232134024,0.10855900564654597,0.4343955825511889,-0.6199073262033501
0.15742159685769927,1.442362496417803,1.2015290454364986,0.10393675333354227,-0.05104179052050296,0.4392204228163011,0.17162950662857807,0.17002748145406232,0.39524586090554237,0.33590966196088706,0.2089374926871906,0.23766267988201875,0.11705858121151898,0.09049793680581963,0.31029990572242167,0.1339206121672808,0.2847548381995604,0.31090251130000457,0.13716221820642996,0.4518912548200329,0.31308765498797836,0.19793332069068947,0.10145777185464064,0.17121221734120293,0.1890431518800745,0.22515645977326076,0.19995989429080702,0.24911088515331864,0.2738432172090448,0.06117655688351796,0.12552630266663994,0.0763759884470267,0.17302502185129923,0.25141946290232586,0.28289661936825294,0.26743973851962827,0.5838966043316883,0.24555042264136684,0.24547344594746887,0.033783313041394036,0.4244148604728719,0.25259547497862755,0.36733772270366094,0.04160292961223268,0.5431079513613356,0.2828148990836564,0.18498095092240396,0.007100033421994425,-0.31330694819789867,-0.07476412400787351,0.025015437910447292,0.15981554980978838,0.008397923219091804,-0.0939266838118185,-0.05567172647497321,-0.1094130336686218,-0.7170179430060929,0.07944892514622946,0.6332102568633634
0.2975622704932436,1.2015290454364986,2.4631999804737683,0.01635163580635772,-0.3040051770339177,0.46004101874471237,0.19523193919550252,0.06988777297861329,0.6790487874693896,0.3356819717937317,0.12657501998540385,0.24743889593510515,0.08595507796237109,-0.013940893133673584,0.3231141139601255,0.025785262405883518,0.2527504939729995,0.2150605203434822,0.11578327895988413,0.2142794260628553,0.2625747847609306,0.2026070742366951,0.15755122124127496,0.12261177266922826,0.1833858970693156,0.12384444880125114,0.20386055175280898,0.24708789967195643,0.09583644352935193,-0.261365641371393,0.13534941329963676,0.006934036546040377,0.242731951500965,0.14030957253428367,0.250293846342518,0.3324154657849927,0.5107715530919064,0.14625086884870225,0.1750288506203211,-0.12294943397943316,0.39398335203241924,0.18484994544930822,0.13387330875944303,0.06294950913640548,0.5087834394644929,0.38043814374484747,0.001775700748660568,-0.02695016786524289,-0.6347167252544292,-0.18460567967630734,0.04493076236944827,0.37692346491991,0.03443246810197842,-0.18415587548486279,0.094567529004334,0.08702715010370995,-0.43235173647255914,-0.6630202716017976,0.7328188428481903
0.05028317798224347,0.10393675333354227,0.01635163580635772,0.7573409825697771,0.45565070384392736,0.33618888806551567,0.27640196419886237,0.3033574868149946,0.048579684360052854,0.0795608732907728,0.20780622673530783,0.27072691471946775,0.13686521912084118,0.1585441879982451,0.14470491124529525,0.21454248856375338,0.1609852902908743,0.11722866870966193,0.23878699560347727,0.15234256881019503,0.14377929959772878,0.13508842732626766,0.0725129554802201,0.09753499017283669,0.17793503071118522,0.16695431308811337,0.13089673741626587,0.018931414460000233,0.24087843866993028,0.035816451528356046,0.01171885946286279,0.16335649491911175,0.05717874185564489,0.217736271001131,-0.11706744850474296,0.11213997945174342,0.2320195585391036,0.09762373872809914,0.2037796778593474,0.04324614749924731,0.1338718386154417,0.12488868987780492,0.2310384028332865,0.02833972200694667,0.14354360764364127,0.13201238975255597,0.09767903471983799,0.002399762395897331,0.05068742001211078,0.24381805080508087,-0.09454360468487458,-0.02929491259308637,-0.10641227964857417,-0.07701807428998482,0.008001352840365657,-0.006705457246151258,-0.3025437151857111,0.348293588940528,-0.09335655140956022
0.053549583536240904,-0.05104179052050296,-0.3040051770339177,0.45565070384392736,1.2627904526374398,0.034846481336837834,0.26668907703077654,0.4229171764261799,-0.10355742008681137,0.1309594554096583,0.2204679601020459,0.29934431672862305,0.18225328765998605,0.2253433871683267,0.1276559633223783,0.2711129704256612,0.13581465787696195,0.12433222065229407,0.34600723240472836,0.09905473812531644,0.11106720482797872,0.12225720337040852,0.06613864860194225,0.11623860255950771,0.18549268252815612,0.16329468755609974,0.11761839212213775,-0.0800047375807044,0.29086952691314527,0.01591834412273056,-0.009931201771254389,0.2137472965900449,0.024985032466141838,0.3145028697128769,-0.2513376194175781,0.13196901674443753,0.19025022478542133,0.05773410027096528,0.23997652946269912,0.08453123401379344,0.08686848216719807,0.11973341933430975,0.103034202660435,0.012209771803235138,-0.034862364337751715,0.1247267535540303,0.08243995138967378,0.0035657055855525667,0.1654068493480933,0.4066402910469183,-0.12097384514166987,-0.21957151396799562,-0.06800400948925532,-0.07899096192499015,-0.17268588968970108,-0.0806171919215818,-0.050420182767140075,0.2381143035792059,0.046406881017671806
0.053908331313349885,0.4392204228163011,0.46004101874471237,0.33618888806551567,0.034846481336837834,1.2904209484558506,0.20446148740656567,0.25993833659419563,0.3446296012408314,0.20506653131575742,0.30301561254433484,0.30956595918164287,0.143971827290719,0.09379579084475079,0.28207717710745,0.1677393133348563,0.2814347548172853,0.1974890167068496,0.5053286085338083,0.39083250136084063,0.2672368376692019,0.18214299598053188,-0.05270564666047949,0.11417849323601648,0.22259056586518156,0.2560865921730305,0.1982759909153667,0.22906791578284394,0.3306038481135328,0.014968172644795613,0.15633806850204876,0.13392872292535227,0.06207220172363195,0.23796123726834603,0.24208487601796533,0.12279241031494764,0.4675167047082722,0.20200149611375998,0.3586087175856803,0.1402641654488319,0.313715840106683,0.21570418420496712,0.43397649766689905,0.0349912784151111,0.5267339711795712,0.21292950773233893,0.187743075478692,0.025935025108463818,0.03430773748055059,0.2473130992391001,-0.12888050456202654,0.02140220849026787,-0.19778301054769373,-0.03764485583228645,0.0015675564083517434,0.06101904329016549,-0.4832687262245844,0.46633897696884513,-0.1414884731732583
0.1348319042449619,0.17162950662857807,0.19523193919550252,0.27640196419886237,0.26668907703077654,0.20446148740656567,1.1363767929717794,0.18132969788700584,0.22604589962863883,-0.02598766558302634,0.18226099928027917,0.3144858618518884,0.14219048312622068,0.2693816307813262,0.04020113864403641,0.24875743041365905,0.2397714916456045,0.12822341034436335,0.038186510594110344,0.044778749357223556,0.16203600389267278,0.23603729484233296,0.11929150644560431,0.08803092723552357,0.15815439669903553,0.19145115371388544,0.15748239779129164,0.014962806129307548,0.15904574588559967,0.05375653628391401,0.0787280582029469,0.2227883502232583,0.05905253635001283,0.20560385262184122,0.1377933159266612,0.1516705324189762,0.01730766440567201,0.04707715566203948,0.14967392931044585,0.04714253859797239,0.10712018999471,0.1561800094725599,0.2905088706165995,0.034991206981559074,0.17282418256795087,0.15793910485716278,0.04125429014371992,-0.02357180144501017,0.15360790114126388,0.10590385744739474,-0.08555359980496693,-0.3455943587876093,0.23764275799143927,-0.03357828684177096,0.10208231608020484,0.09529925644449394,-0.2286167687216759,0.5531018225176901,-0.6888869626453391
-0.002545932213426975,0.17002748145406232,0.06988777297861329,0.3033574868149946,0.4229171764261799,0.25993833659419563,0.18132969788700584,1.058319094580659,-0.09134123256378242,0.040068607440895625,0.294176587077601,0.09024435226102757,0.1832270612701771,0.14412209487247338,0.17099107292842328,0.17347967578418863,0.2348782350244389,0.2942501525286534,0.3345296345676128,0.35050510120346906,0.17373371279881053,0.13487934860668535,0.007578824903573566,0.08583697098539193,0.2721591712470786,0.31143691300834025,0.1781038453996808,0.11788870309480792,0.3053276652432444,0.1366764054909986,0.23665188212751942,0.12450116144050039,0.030781043120917034,0.3076178897559621,0.2179112763364602,0.12062787810741446,0.46296410438678154,0.1752420577051795,0.325548150789683,0.154925670478712,0.18200155862214826,0.17697013579442492,0.37347187246550057,0.02932536955785732,0.3767524671779203,0.25407196532115855,0.27543595759084516,0.027431284803707722,0.09726927900690396,0.2611061590911888,-0.025897994067626946,0.03995201009499239,-0.07934418641486159,-0.23217952089151664,-0.1175314122166678,0.07028725100061668,-0.05932961313522014,0.5400954974682572,-0.44669854433191075
0.04889893081200742,0.39524586090554237,0.6790487874693896,0.048579684360052854,-0.10355742008681137,0.3446296012408314,0.22604589962863883,-0.09134123256378242,1.0582865632413208,0.1559269845661196,0.08573528565486314,0.23656328500343143,0.054659012665385386,0.148738444928407,0.24677411489223727,0.026644252490458004,0.17552930747829762,0.1323388688116453,0.03364302899992075,0.13604408350796388,0.19719934740578554,0.2764555699420178,0.22882587992786949,0.12013150797788873,0.14663049037160292,0.17341156535660446,0.15070585950227453,0.1484692429097907,0.09502245380450516,0.008176272164607668,0.10023800328428314,0.1523311881269042,0.20963623666184578,0.08956971466888888,0.15284762035906058,0.2033172352390743,0.2225663455249527,0.09861885606461708,0.17375442267812727,0.008647530123866203,0.2213461841953701,0.14551468671887482,0.20024344672033154,0.03378908265064369,0.17821791528522862,0.19689952750825382,0.07431622992536496,-0.03261628809114722,-0.13783011253752217,-0.2897164716275404,0.07475756161445021,0.04904559431805342,0.16573851496555803,-0.030628636236556425,0.065625363342544,0.23385148638198694,-0.47585019207049595,-0.15756331232008491,0.24531324840408694
0.059041980149354155,0.33590966196088706,0.3356819717937317,0.0795608732907728,0.1309594554096583,0.20506653131575742,-0.02598766558302634,0.040068607440895625,0.1559269845661196,1.279325891887654,0.2049984141018963,0.3608627782089338,0.14513159828258598,0.13320614769309794,0.29578692240281773,0.1321520361721913,0.25294923375089096,0.3165578526324611,0.20415039852702568,0.1295974666721895,0.13121453251522094,0.0912442243805683,0.08933905772027433,0.13125551102641841,0.1765741217806182,0.12522090686226006,0.2098506677235165,0.180270202651599,0.3759650052741649,0.06260243293735882,0.08917982110706041,0.16500444225620325,-0.03818997711494135,0.3293569197144061,0.2815276093695304,0.14717443614262762,0.20169597446919954,0.05419520260418428,0.22704417590333834,0.1359855222630599,0.17134612874090874,0.12691882616933217,0.11938193401969295,0.04260916332651251,0.14082211415827842,0.10674401611913319,0.21707857213383291,-3.328452964214099e-5,0.07181178732655225,-0.04017132799174006,0.03262562719524854,0.05419655619578305,-0.11886383846703891,0.10047278730081985,-0.23832789941182317,-0.00809655111670161,-0.1657457780481826,-0.11871091048331271,0.47298210753978875
0.01682935882409421,0.2089374926871906,0.12657501998540385,0.20780622673530783,0.2204679601020459,0.30301561254433484,0.18226099928027917,0.294176587077601,0.08573528565486314,0.2049984141018963,0.5627795775403877,0.30680664086734727,0.18285446938637345,0.17080568396323423,0.2750376491738341,0.21869038067809132,0.249662937431244,0.20559435989044283,0.19848799250131915,0.3106584639605722,0.2153396862187673,0.1615261307724444,0.08502989886985911,0.13993124945810573,0.24010365830886396,0.20738020319811223,0.21990660903425469,0.16865596900946336,0.3597386495118812,0.12117857014739752,0.15176522598827144,0.17634783563697953,0.05675127088065571,0.28158369233277103,0.2739016929343911,0.18273134433220756,0.29905067411099756,0.14716177771122976,0.2943651193565866,0.16056603059332902,0.26102513952902845,0.2029858940204934,0.2884927441940035,0.02161216650936476,0.26124031380377416,0.20346689045361732,0.1944985509300305,0.006312670363706544,0.056595476559134765,-0.0537540013112222,0.007918699165007096,-0.02157020160058629,0.01893079489440094,0.01694999648718695,-0.07312475071192434,0.05614023743590429,-0.22196745227249254,0.21739846298379964,-0.029182465570628088
0.05992533125341136,0.23766267988201875,0.24743889593510515,0.27072691471946775,0.29934431672862305,0.30956595918164287,0.3144858618518884,0.09024435226102757,0.23656328500343143,0.3608627782089338,0.30680664086734727,0.8355534191897545,0.12035581488055751,0.2101552007871496,0.2382970600039777,0.24435158499981016,0.24406966220318357,0.0708061410322913,0.16888569073967563,0.20533265135172266,0.18365366698873964,0.16391983592949616,0.07432812915312052,0.12192864512831231,0.24953703785055134,0.2584607326159705,0.29957542966759604,0.1102357819292738,0.31263593352009994,0.014279858760770056,0.01487631691698595,0.2163067816663646,0.009744456509753422,0.22918089953186296,0.29722893988337246,0.10906811488765535,0.14714555929851925,0.10159918028460102,0.24361338415036943,0.13645949585501205,0.1711008845377122,0.18262331446323055,0.22097758342394264,0.03024566799377896,0.1380211927823913,0.11345507121053372,0.07811631750909255,0.006025069652271394,0.23709663769822767,-0.07173487655116524,-0.046469067410413505,-0.12631009485136266,0.06304013126229627,0.10393131078630512,-0.0555148963295401,0.04669543243278707,-0.31599521086303456,0.10317184325492884,0.15267266662190174
0.020994378559613815,0.11705858121151898,0.08595507796237109,0.13686521912084118,0.18225328765998605,0.143971827290719,0.14219048312622068,0.1832270612701771,0.054659012665385386,0.14513159828258598,0.18285446938637345,0.12035581488055751,0.3336450801738074,0.1378757359153077,0.09510521841798986,0.17104394112012944,0.12404121938764227,0.15608713368065022,0.14304402109347317,0.09401632380273514,0.10292107129518961,0.1796160363037553,0.06902654946105977,0.09368345187681863,0.13234774006861136,0.1297229055372458,0.1386764334550627,0.0895180125026535,0.23345475940859567,0.07895973228882204,0.07028670060425002,0.13942013901982755,0.0368786208540994,0.18128072036585963,0.12479722292212159,0.12099196136767844,0.148636823042214,0.05593375547405926,0.13398357219647988,0.06308579007188181,0.10128463481670022,0.10653755604185629,0.1676158907688812,0.022481946726533582,0.020981261907378364,0.136697756208871,0.12982470096403545,-0.01191364156045082,0.16119995687571717,0.11536330936781398,0.04520412163315336,-0.10256925465971026,-0.05047592839796602,-0.05181303754054888,-0.016654521730960898,0.002687671209704538,-0.1040943619464955,0.10865088166186991,-0.019182540944729338
-0.003382333033847359,0.09049793680581963,-0.013940893133673584,0.1585441879982451,0.2253433871683267,0.09379579084475079,0.2693816307813262,0.14412209487247338,0.148738444928407,0.13320614769309794,0.17080568396323423,0.2101552007871496,0.1378757359153077,0.7007297626843206,0.1453491466845308,0.304073656369695,0.19878849971015497,0.11671497820150308,0.08384429367838583,0.138501560028393,0.1696368589001061,0.2000405200151924,0.17862602866863755,0.20316678763840892,0.20844414586626897,0.19125134965682236,0.1286710866044747,0.06869896670143119,0.34478231445325896,0.07867859676210698,0.018312630526714967,0.5862587327960439,-0.0475625965688046,0.20961557058393832,0.20277965140004622,0.168144143554664,0.07366355526759324,0.10717381432857952,0.18189768403926096,0.14534793004019364,0.13597085338555367,0.16761364037909846,0.22819230612142685,0.0340310219644107,0.06357983477859712,0.12816705996755515,0.1363280836921363,-0.02463606985569404,0.12161658988145384,-0.05226883945346568,0.012840861551037799,-0.18696702322913702,0.11662272905823833,0.08020340767716239,-0.24850345524200212,0.06780838696300073,-0.2636363644571752,0.18230062495069135,0.2332912507524268
0.016427929385094433,0.31029990572242167,0.3231141139601255,0.14470491124529525,0.1276559633223783,0.28207717710745,0.04020113864403641,0.17099107292842328,0.24677411489223727,0.29578692240281773,0.2750376491738341,0.2382970600039777,0.09510521841798986,0.1453491466845308,0.741151670661886,0.10329206437703216,0.21311991368028405,0.30437019074006993,0.19573498370873485,0.2373780432206806,0.21847335939225357,0.09377787544957458,0.22687478272509592,0.121030954249993,0.27773038328588795,0.15715012635533154,0.15668700233327842,0.27161554559574236,0.2910028468355652,0.06197632197076772,0.11497057666957543,0.19636605329105314,0.10034278082343616,0.24670612154163254,0.15427373408148176,0.20131715396838787,0.30990790840502,0.12513890607178316,0.25485000953660025,0.08352596519560296,0.2863956923442177,0.1630642504522991,0.2686835830370207,0.025692147972321888,0.28232907389903933,0.2113058049339894,0.18829375771159704,0.009657000811789987,-0.1611677134397432,0.2576058690538669,-0.18636936288019737,0.4968760911856023,-0.41018327307078206,-0.045136877254355126,-0.0450914094833669,0.17805034886515864,-0.4296059188178911,0.13912533423236423,0.08283739834565235
0.024182897013894433,0.1339206121672808,0.025785262405883518,0.21454248856375338,0.2711129704256612,0.1677393133348563,0.24875743041365905,0.17347967578418863,0.026644252490458004,0.1321520361721913,0.21869038067809132,0.24435158499981016,0.17104394112012944,0.304073656369695,0.10329206437703216,0.725119335484776,0.2504109685980436,0.1232406752374641,0.15817039664952928,0.1642947065256139,0.19445090939894524,0.28352983181280966,0.08928958514662488,0.1518839089111908,0.2518690485112671,0.26437925588940253,0.20018744314492465,0.16031984930414714,0.34649468159979596,0.17633973623636953,0.06654617671063119,0.23752456812639186,-0.0009505645600823733,0.18914521457203742,0.42416532741672713,0.142743177273057,0.22263051513888388,0.12398870817631522,0.16202103201423537,0.14773980718047322,0.17801723012633086,0.23367093606606573,0.3142742601208267,0.037037510773723525,0.13862845311725097,0.1378755450949282,0.18177679280373166,-0.015436641936783653,0.25324153268994565,-0.2943619533706888,-0.009433687622992874,-0.11004086859528062,0.2121066705004029,0.08120528205573337,-0.04715574174901071,-0.002467906026809209,-0.30547819616170624,0.22375818598923977,0.08973137403831213
0.02979798101886089,0.2847548381995604,0.2527504939729995,0.1609852902908743,0.13581465787696195,0.2814347548172853,0.2397714916456045,0.2348782350244389,0.17552930747829762,0.25294923375089096,0.249662937431244,0.24406966220318357,0.12404121938764227,0.19878849971015497,0.21311991368028405,0.2504109685980436,0.6484442445782236,0.17091044973042252,0.19647718935267797,0.3449006118102964,0.2774722245716253,0.2509851873077907,0.05820964668695476,0.18293964047994568,0.1979615292515915,0.18074171560423968,0.19711664032779477,0.3215737290365818,0.21762160497646213,0.14014396478452115,0.19502128126222032,0.17537596046156714,0.18691603838515022,0.22199631374892484,0.34398074745688456,0.25337908913637347,0.40528303619209144,0.1965799195029487,0.2997734449679197,0.14672741884696971,0.3814328450802752,0.2777592944843648,0.3199697409936589,0.04397899219459105,0.4471311463507815,0.2471789898802052,0.2033078539684486,0.0011780119552882006,-0.03808496854227073,0.02155324776019994,0.007081176286881244,-0.016708324657218773,-0.0026327518461812835,-0.0021400351685468347,-0.07503594021246764,0.01697230168820202,-0.2966061879267785,0.15014072303146028,0.03871062622338548
0.06470869020680044,0.31090251130000457,0.2150605203434822,0.11722866870966193,0.12433222065229407,0.1974890167068496,0.12822341034436335,0.2942501525286534,0.1323388688116453,0.3165578526324611,0.20559435989044283,0.0708061410322913,0.15608713368065022,0.11671497820150308,0.30437019074006993,0.1232406752374641,0.17091044973042252,0.8509558334522199,0.15712196502962306,-0.008648806809330497,0.18088909906642825,0.15493368751393952,0.29450061295686725,0.05024482997901549,0.18295498808384503,0.20023543182295914,0.06980651437281003,0.17756146887693244,0.2671174457976081,-0.007871344370934117,0.27225327736958976,0.12216975609713064,0.02956393320367569,0.3054699955896681,0.19661084863554915,0.1501606010912161,0.26147604955401926,0.027361230863263846,0.2134009337675434,0.11156322810006461,0.11698594489046213,0.11835543761712393,0.36749722800525886,0.04168613902264868,0.39901877631151145,0.20079650710173372,0.3928268198476205,-0.01536773025368187,-0.09012798453423783,0.15984156624080015,-0.016155737196347882,0.17897621125406601,-0.17922718823846684,-0.0958817570554614,-0.026377218523761025,0.09450380810963162,-0.13918899780458818,0.4939439430191328,-0.48700647557523846
0.016832631346749217,0.13716221820642996,0.11578327895988413,0.23878699560347727,0.34600723240472836,0.5053286085338083,0.038186510594110344,0.3345296345676128,0.03364302899992075,0.20415039852702568,0.19848799250131915,0.16888569073967563,0.14304402109347317,0.08384429367838583,0.19573498370873485,0.15817039664952928,0.19647718935267797,0.15712196502962306,0.9782212874378494,0.14089447847634734,0.1869226590417389,0.10206069476336715,-0.153494899295035,0.11669594857088254,0.17639034123903582,0.13747509763448623,0.11185491455577423,0.21945655490632307,0.23835608346137455,0.06591142479711969,0.18045135366725656,0.1188971118391447,0.14402473217034956,0.19776945529975926,0.042102111498397536,0.09981026060273583,0.4793766341548116,0.1115309631794185,0.3446324451590003,0.0856836269780449,0.20762692271461,0.14880931990304438,0.1671773144610674,0.01876258634134289,0.3132212182369832,0.1906169295205714,0.11367255282784246,0.03857997552386679,0.03842641771112845,0.23952427862497364,0.20278908746440488,0.15785884159718389,-0.3639359852104587,-0.1587504446452071,-0.09429932561567513,0.01743644434809415,-0.1481127862477254,0.1991792520519212,0.014940422600298426
0.008533347211458613,0.4518912548200329,0.2142794260628553,0.15234256881019503,0.09905473812531644,0.39083250136084063,0.044778749357223556,0.35050510120346906,0.13604408350796388,0.1295974666721895,0.3106584639605722,0.20533265135172266,0.09401632380273514,0.138501560028393,0.2373780432206806,0.1642947065256139,0.3449006118102964,-0.008648806809330497,0.14089447847634734,1.4866959175326997,0.3485003092776484,0.2000677193908712,-0.10621106944827612,0.25758566347810485,0.2873921934674252,0.41744211575403245,0.28859332455942915,0.33718804593880963,0.21711036447422588,0.4981816913026672,0.4323776049447429,0.08093114708519329,0.32696146732632414,0.18151458682138805,0.3533592083646486,0.3290124490107957,1.0865190427133173,0.6258879546111974,0.45366753377452745,0.23247556096245037,0.7504627195271992,0.4174901835129762,0.5056892698178073,0.010302971543481521,0.813454028365855,0.4330519376799563,0.24782909553008955,0.08369314488445219,-0.027277737388957737,-0.06278000219890853,-0.06627453215555769,-0.06167345121924282,0.19807465238764935,-0.08660827191435314,0.0096885589371303,0.008285650853486634,-0.22627862342160876,0.07428632532711,0.13407502859288128
0.03808303420343862,0.31308765498797836,0.2625747847609306,0.14377929959772878,0.11106720482797872,0.2672368376692019,0.16203600389267278,0.17373371279881053,0.19719934740578554,0.13121453251522094,0.2153396862187673,0.18365366698873964,0.10292107129518961,0.1696368589001061,0.21847335939225357,0.19445090939894524,0.2774722245716253,0.18088909906642825,0.1869226590417389,0.3485003092776484,0.6032357260743696,0.2521372463925532,0.1643701208228355,0.19966885491291336,0.18091500025132765,0.24248086078335918,0.142749296987042,0.25289485054235616,0.21458211883829975,0.20492364786202388,0.2923109371203936,0.14558081791395835,0.25762315497165583,0.2031464294917604,0.23567029341720072,0.4164414544433752,0.5743258728218071,0.19998916184875518,0.3506187646510869,0.1589235217798015,0.6491073193899636,0.3793168163216974,0.45945202300472765,0.045865656341929434,0.8536111326181065,0.33391257700654864,0.2172828569118238,0.002988944815275513,-0.31440182756358204,0.05078229901347858,0.016548874251193117,-0.04398141387040288,0.03634268457555767,-0.049734590261825036,0.01563403281588028,0.025284117550680055,-0.3769605183000422,0.20006157486166062,0.0598884882255049
0.03158093342332101,0.19793332069068947,0.2026070742366951,0.13508842732626766,0.12225720337040852,0.18214299598053188,0.23603729484233296,0.13487934860668535,0.2764555699420178,0.0912442243805683,0.1615261307724444,0.16391983592949616,0.1796160363037553,0.2000405200151924,0.09377787544957458,0.28352983181280966,0.2509851873077907,0.15493368751393952,0.10206069476336715,0.2000677193908712,0.2521372463925532,0.7795039328597593,0.3194818012978497,0.1961905913719952,0.20868034811569308,0.2156525181930662,0.18423526183661557,0.1459570265145224,0.18589357188377842,0.2235089427996508,0.11813655810151728,0.1709635502348053,0.2097434866068764,0.18317081096445645,0.19661476621377025,0.31568685804504637,0.3423651692223738,0.17099724405109046,0.21050790271495612,0.0821326893691642,0.28857398483781643,0.23947604313305756,0.3764776972974849,0.053567933731960664,0.09086436576302774,0.28931501232335455,0.20185021312134468,-0.08830602683981435,0.4154193169638051,-0.16613265250268552,0.05229857315196001,-0.1506720261959091,0.1638624429489106,-0.037948837608656166,0.04727883456587611,0.036398725674820685,-0.26523144553129235,0.11354473953970068,0.0015419422314354545
-0.0064717119286685195,0.10145777185464064,0.15755122124127496,0.0725129554802201,0.06613864860194225,-0.05270564666047949,0.11929150644560431,0.007578824903573566,0.22882587992786949,0.08933905772027433,0.08502989886985911,0.07432812915312052,0.06902654946105977,0.17862602866863755,0.22687478272509592,0.08928958514662488,0.05820964668695476,0.29450061295686725,-0.153494899295035,-0.10621106944827612,0.1643701208228355,0.3194818012978497,1.695384957760116,0.2565890776712631,0.5196371124987568,-0.13697798072796752,0.06189531658714675,-0.0935513550352345,0.41704078050822146,0.08282728596427318,-0.3178049764747714,0.17473105356656543,0.15249542478135145,0.2583634942800337,-0.15897866632930038,0.44906418572825285,0.30775519634007303,-0.0385088183310041,0.43544546414908814,0.04234957292617407,0.24650906482887838,0.07906357229402945,0.14232059840653505,0.10374573700840502,-0.07773365319666732,0.32085401815597625,0.1850459590245666,-0.055425043142364946,-0.2077826407146296,-0.05241526541123467,-0.039006111252782964,0.16064002539945266,0.02680359981507806,-0.08143985574052956,-0.04591759990008857,0.035118083902569465,-0.26810477870044275,-0.28624314209666724,0.48419597124931
0.002498664025175302,0.17121221734120293,0.12261177266922826,0.09753499017283669,0.11623860255950771,0.11417849323601648,0.08803092723552357,0.08583697098539193,0.12013150797788873,0.13125551102641841,0.13993124945810573,0.12192864512831231,0.09368345187681863,0.20316678763840892,0.121030954249993,0.1518839089111908,0.18293964047994568,0.05024482997901549,0.11669594857088254,0.25758566347810485,0.19966885491291336,0.1961905913719952,0.2565890776712631,0.5698784769810739,0.1662149858483966,0.089109253837408,0.12662276140458895,0.21013825781235107,0.15437081141056858,0.40443739271181894,0.08213320080481006,0.23828819415920746,0.40426871070127535,0.27628091202470517,0.12978412643634488,0.29340270546838737,0.37664403297520693,0.17496360678791398,0.1714186688872076,0.03457169427627151,0.32364984292010973,0.18331651465693555,0.13659404568022354,0.02994615077593674,0.031881903792151056,0.21899289027591898,0.22834470271212454,0.009102130172172502,0.15319379959671217,-0.0788612070526634,0.07808759625961431,-0.04303558007193507,0.051542313998549666,-0.036200071748170394,-0.0001763583915320356,-0.11830194341550596,-0.13394133242352765,-0.39300035257490323,0.6363142494574304
0.0063290375984642435,0.1890431518800745,0.1833858970693156,0.17793503071118522,0.18549268252815612,0.22259056586518156,0.15815439669903553,0.2721591712470786,0.14663049037160292,0.1765741217806182,0.24010365830886396,0.24953703785055134,0.13234774006861136,0.20844414586626897,0.27773038328588795,0.2518690485112671,0.1979615292515915,0.18295498808384503,0.17639034123903582,0.2873921934674252,0.18091500025132765,0.20868034811569308,0.5196371124987568,0.1662149858483966,1.1897703660917063,0.18950158245894672,0.18341906785877607,0.07236006277302477,0.7442118237278544,0.2048097444919832,-0.21794439770538934,0.18725243090576962,0.023239338174885837,0.28092290987391894,0.19272302213773623,0.24794992140060976,0.5577172300843561,0.15196727576098484,0.2992566260490425,0.09597230525389346,0.2764989044386703,0.19340781801059742,0.2827199268842423,0.059191156420519114,0.2726011290791185,0.3828618407464196,0.22284063834086487,-0.02533054065719143,-0.23450649604653798,-0.22128391440062156,0.0025805277558037056,0.11834726469625204,0.07620027798893932,-0.057735754244751206,-0.08046354992188207,0.13367095076639687,-0.26081132687666114,0.05655393514382154,0.10084786251232424
0.0195091700170661,0.22515645977326076,0.12384444880125114,0.16695431308811337,0.16329468755609974,0.2560865921730305,0.19145115371388544,0.31143691300834025,0.17341156535660446,0.12522090686226006,0.20738020319811223,0.2584607326159705,0.1297229055372458,0.19125134965682236,0.15715012635533154,0.26437925588940253,0.18074171560423968,0.20023543182295914,0.13747509763448623,0.41744211575403245,0.24248086078335918,0.2156525181930662,-0.13697798072796752,0.089109253837408,0.18950158245894672,1.4759910241210987,0.1471157523833209,0.26097068159914827,0.4099488780853563,0.11289884502602147,0.3181572385649536,0.19087762662576674,0.028060687037998123,0.298641898151333,0.442168780612139,-0.01061501485246997,0.38942923580671884,0.23980723782144983,-0.21453646991151712,0.06502921567147965,-0.07836282591631079,0.2836912033516954,0.5167141302798676,-0.014826103760099891,0.4304005603990819,0.018798439570379757,0.20665937978368198,0.046302941368609,0.6473711972779752,-0.15486865613927997,0.03007981753159718,-0.012305043318486968,0.015596986018301907,0.005301336148591069,0.05432701095755347,0.048330477720005295,-0.2874299048841437,0.5600974842861646,-0.3455287283056545
0.03529555807739046,0.19995989429080702,0.20386055175280898,0.13089673741626587,0.11761839212213775,0.1982759909153667,0.15748239779129164,0.1781038453996808,0.15070585950227453,0.2098506677235165,0.21990660903425469,0.29957542966759604,0.1386764334550627,0.1286710866044747,0.15668700233327842,0.20018744314492465,0.19711664032779477,0.06980651437281003,0.11185491455577423,0.28859332455942915,0.142749296987042,0.18423526183661557,0.06189531658714675,0.12662276140458895,0.18341906785877607,0.1471157523833209,0.8951322667901028,0.22398157559792198,0.10131724391176399,-0.01067645048611116,0.1322478117480609,0.16941998767962127,0.17488972470710265,0.2085249092440557,0.2642317497791968,0.17025061455621643,0.2421091637033609,0.15299601885330755,0.20056553714903247,0.1400700964292796,0.23524164651472285,0.17895045167855883,0.2787084844141261,0.007729517156988624,0.06722769434730305,0.20775226775973332,0.07056189860378415,0.01264761641926254,0.28966884987404706,-0.09470092860258812,0.004852659993944276,0.000735211199030748,-0.01130257732525115,0.04265164918209225,0.0038295871131472036,0.06581128507580132,-0.12506494814560432,0.09486399158108891,-0.0227864944638529
-0.0043787113449714,0.24911088515331864,0.24708789967195643,0.018931414460000233,-0.0800047375807044,0.22906791578284394,0.014962806129307548,0.11788870309480792,0.1484692429097907,0.180270202651599,0.16865596900946336,0.1102357819292738,0.0895180125026535,0.06869896670143119,0.27161554559574236,0.16031984930414714,0.3215737290365818,0.17756146887693244,0.21945655490632307,0.33718804593880963,0.25289485054235616,0.1459570265145224,-0.0935513550352345,0.21013825781235107,0.07236006277302477,0.26097068159914827,0.22398157559792198,1.1877797282297908,-0.1919589317540789,0.11167780131796236,0.3810475430630957,0.16346013180127492,0.5190838824639026,-0.0298069675057793,0.6859002214675625,0.17743164126962832,0.4188683371920875,0.21133738482570733,0.09692748241733498,0.0902463253716404,0.3827920067569538,0.2367623312266752,0.3241761855057021,0.05695573814091693,0.32748506558386387,0.1747298422726814,0.13982796549475995,0.044594603472812494,-0.026376269917348066,0.05439895912998878,0.002908815294213399,0.8231853666159475,-0.8407811830115863,0.007238027559388084,0.1314431711439194,0.09241779897391707,-0.20050028338606504,-0.05771217940331233,0.12619993601890808
-0.013171119069228514,0.2738432172090448,0.09583644352935193,0.24087843866993028,0.29086952691314527,0.3306038481135328,0.15904574588559967,0.3053276652432444,0.09502245380450516,0.3759650052741649,0.3597386495118812,0.31263593352009994,0.23345475940859567,0.34478231445325896,0.2910028468355652,0.34649468159979596,0.21762160497646213,0.2671174457976081,0.23835608346137455,0.21711036447422588,0.21458211883829975,0.18589357188377842,0.41704078050822146,0.15437081141056858,0.7442118237278544,0.4099488780853563,0.10131724391176399,-0.1919589317540789,2.8391005319925933,0.2523064417510712,-0.40218701920147887,0.4051724308936543,-0.6001610117142835,0.7673519804703522,0.3247871503197919,0.14626899859195144,0.1761583224782781,0.028534834099843767,0.42467085623429685,0.26816912329439857,0.11332847041423086,0.1754455179733999,0.3549028687758596,0.006667896278887124,0.4073770235277649,0.16621732853383742,0.37196355721840024,-0.027018317032533337,0.6445324639201443,-0.15216907040990607,0.07562340555451158,-0.15634113180665307,0.029559124278452368,0.08033751698276768,-0.24383869356955773,-0.0489074826550022,-0.5140586317920907,0.3941144158266226,0.3078877178681715
0.038722433651009226,0.06117655688351796,-0.261365641371393,0.035816451528356046,0.01591834412273056,0.014968172644795613,0.05375653628391401,0.1366764054909986,0.008176272164607668,0.06260243293735882,0.12117857014739752,0.014279858760770056,0.07895973228882204,0.07867859676210698,0.06197632197076772,0.17633973623636953,0.14014396478452115,-0.007871344370934117,0.06591142479711969,0.4981816913026672,0.20492364786202388,0.2235089427996508,0.08282728596427318,0.40443739271181894,0.2048097444919832,0.11289884502602147,-0.01067645048611116,0.11167780131796236,0.2523064417510712,3.101479485497152,0.6213345048291832,-0.07525842596374105,0.3717431615884204,-0.12448147420129885,0.30890018611334163,0.282994973209285,0.9494727286271519,0.37259930801459595,0.24402236907337144,0.06233101330294457,0.5471612600041549,0.2307082945942324,0.4300728587671067,0.02829452776476554,0.41473109420482307,0.31306253816142243,1.3301774621453977,0.02557954455746615,1.008013389285043,-0.20672024690318483,0.1797765962174274,-0.901739413917461,0.6141902754382769,0.047528726382376915,0.3064264537714432,-0.2629574762119946,-0.1409089676761932,0.6756906603263927,-0.5660809200003077
0.062075049575580646,0.12552630266663994,0.13534941329963676,0.01171885946286279,-0.009931201771254389,0.15633806850204876,0.0787280582029469,0.23665188212751942,0.10023800328428314,0.08917982110706041,0.15176522598827144,0.01487631691698595,0.07028670060425002,0.018312630526714967,0.11497057666957543,0.06654617671063119,0.19502128126222032,0.27225327736958976,0.18045135366725656,0.4323776049447429,0.2923109371203936,0.11813655810151728,-0.3178049764747714,0.08213320080481006,-0.21794439770538934,0.3181572385649536,0.1322478117480609,0.3810475430630957,-0.40218701920147887,0.6213345048291832,1.9907457374206936,0.016329684085197776,0.33931594199018755,0.16258594959157985,0.42499881950939267,0.27174710514829153,1.0647191117102897,0.3143651579068641,0.1659056493880178,0.041498698954285006,0.40175021308726816,0.2900375068202526,0.35928197211406093,0.050968276926459125,0.6875520112317325,0.4001087757119018,0.4407032021697016,0.025281347485400545,-0.1398991745239671,0.05086812081917884,0.061422917763743146,-0.033931571322731,0.038256345370909474,-0.13881629413715085,0.12882690563832552,0.19674520087733013,0.27535762496799043,0.07521869853267657,-0.5748902862378074
-0.020423301775398913,0.0763759884470267,0.006934036546040377,0.16335649491911175,0.2137472965900449,0.13392872292535227,0.2227883502232583,0.12450116144050039,0.1523311881269042,0.16500444225620325,0.17634783563697953,0.2163067816663646,0.13942013901982755,0.5862587327960439,0.19636605329105314,0.23752456812639186,0.17537596046156714,0.12216975609713064,0.1188971118391447,0.08093114708519329,0.14558081791395835,0.1709635502348053,0.17473105356656543,0.23828819415920746,0.18725243090576962,0.19087762662576674,0.16941998767962127,0.16346013180127492,0.4051724308936543,-0.07525842596374105,0.016329684085197776,0.9128538801506059,-0.13212397277321575,0.23924987029147315,0.11337676119067829,0.152398001638905,-0.03399642510598935,0.10769796337367057,0.1906681787460613,0.12876193059351007,0.05866710023603637,0.12742317393603397,0.13508473074377947,0.024675977094767598,-0.026981061178319294,0.11403171628728026,0.06178970672920096,-0.03377483019353433,0.13361330159241352,0.022106472817314884,0.038402737406134174,0.2615709103173131,-0.4489749812339427,0.07502137712162182,-0.2594401836428446,0.1266026207964357,-0.22369838446684742,0.033596174420304416,0.30074115725749073
0.060967987985933426,0.17302502185129923,0.242731951500965,0.05717874185564489,0.024985032466141838,0.06207220172363195,0.05905253635001283,0.030781043120917034,0.20963623666184578,-0.03818997711494135,0.05675127088065571,0.009744456509753422,0.0368786208540994,-0.0475625965688046,0.10034278082343616,-0.0009505645600823733,0.18691603838515022,0.02956393320367569,0.14402473217034956,0.32696146732632414,0.25762315497165583,0.2097434866068764,0.15249542478135145,0.40426871070127535,0.023239338174885837,0.028060687037998123,0.17488972470710265,0.5190838824639026,-0.6001610117142835,0.3717431615884204,0.33931594199018755,-0.13212397277321575,1.717382519294298,-0.23940898096286856,-0.22825552174747288,0.2407847511662178,0.3746496234662303,0.2201739699702383,-0.09499528967165932,-0.2012132183907057,0.5778447926885503,0.19500751832033436,0.06645501639753824,0.021079912479900098,-0.09680877120800468,0.3641269700208993,0.16943169628772992,0.08211018231373769,-0.10702321879283247,-0.0027307387611685548,0.12644282558079734,-0.010332264754249969,0.20446446581866598,-0.20785871514801768,0.24698645472237135,0.016065491356688267,-0.09521582944948384,-0.25266490613691744,0.09895646110173317
-0.0976364876635283,0.25141946290232586,0.14030957253428367,0.217736271001131,0.3145028697128769,0.23796123726834603,0.20560385262184122,0.3076178897559621,0.08956971466888888,0.3293569197144061,0.28158369233277103,0.22918089953186296,0.18128072036585963,0.20961557058393832,0.24670612154163254,0.18914521457203742,0.22199631374892484,0.3054699955896681,0.19776945529975926,0.18151458682138805,0.2031464294917604,0.18317081096445645,0.2583634942800337,0.27628091202470517,0.28092290987391894,0.298641898151333,0.2085249092440557,-0.0298069675057793,0.7673519804703522,-0.12448147420129885,0.16258594959157985,0.23924987029147315,-0.23940898096286856,2.6676930813126285,0.19355154826929843,0.3381379877058022,0.2759423460954546,0.013660749862817841,0.4126548771511694,0.13163772120888542,0.13474562269966123,0.2113111667071455,0.8064280551695906,0.05898033094259119,0.19127516743792666,0.051924313074847066,0.24464312191253024,0.010543984266381203,0.1483322251809486,-0.05485354791068208,0.0471186414189005,0.008423079851275068,-0.021309242405602977,-0.10265855162078351,-0.15049875738029653,0.05580187973338904,-0.4260981759335197,0.032732832656484606,0.4790977627894415
