0.8432207623867671,0.16307399888187327,0.3342758569972761,0.0046833946596404885,0.07932439847527475,0.09163593457913943,0.20346399422905653,0.08626466119764122,0.1436940439967956,0.12576685200256338,0.0960624468408019,0.1354660827818648,0.12001774871041246,0.12193263324877464,0.08241641912601592,0.09316340642764487,0.11682779790029774,0.12108919050278409,0.10905022946752085,0.08920432623614995,0.08343395982596802,0.13035543226605076,0.0615219395816387,0.057560341152984744,0.11790459129308697,0.08421950787284965,0.10541011200655273,0.06424449220653776,0.14354426658008845,0.033060485305136486,0.08288167522003574,0.12027741579918619,0.037992351369486706,0.025194397883418224,0.07668974963142805,0.0754731797688839,0.07333137837776228,0.09039078741855967,0.1118034776508748,0.025515166070738185,0.02180789154288039,0.05353225439867377,0.1727935415453952,0.025972883545589433,0.09675720506144297,0.11953524239108228,0.11842904916893965,-0.0330527341498809,0.11833397758421609,0.049262801730953716,0.023337343639061987,0.032358013683677515,-0.05143567132673747,-0.05344714863894327,0.15076277935877566,0.012016906495826799,0.13581271932234612,0.4932982157604379,-0.7575705511637025
0.16307399888187327,1.635868978466272,0.9897188493243441,0.22174637447331158,0.15336147092547522,0.3854057786307219,0.1720343847887724,0.4315278990711116,0.36010332637635645,0.34285742518963547,0.3006849794862862,0.23304489024347808,0.31590733140665755,0.24215710258595546,0.4748758852045522,0.2092818361704673,0.33425173213264764,0.41357367752388074,0.2855535824905767,0.4452001604850308,0.4005128389271792,0.2986484158927848,0.020952644753583365,0.24938503862166475,0.2388945348529727,0.22239009373351665,0.23795933652206044,0.31052479567263486,0.4046833502303023,0.09978702632968882,0.32020360804891673,0.204492706809973,0.31420213177913836,0.2818611791555608,0.2859703538723856,0.3015302151278354,0.4103112585107294,0.27111101857904535,0.4472112350718757,0.09929440450342898,0.1936293565263776,0.23896738372143,0.25449995103683465,0.10772840054445401,0.4329421891540449,0.35844270952285473,0.2733702820735437,-0.06521845907160301,0.021737558505023104,0.11854520879332578,0.13035161448631824,0.07121251462072345,-0.07629639636198654,-0.1759900953744956,-0.31770435432749894,-0.12511544554361434,-0.40745456658244905,-0.14203967606842877,0.8038071264714644
0.3342758569972761,0.9897188493243441,1.9657634553973031,0.15672453471863823,-0.061423519542823934,0.3866524156163282,0.16748301941707036,0.5004266226585692,0.6083280337116562,0.37627140615400373,0.2235989366623433,0.1427423808059042,0.318968422962988,0.22495589886746412,0.38691082305906727,0.11896315719422017,0.4137475331353861,0.29419142619521593,0.28063703719877925,0.3361653727896303,0.3618347069647109,0.38715364672712765,0.10770143038305219,0.3013842464506142,0.27600172196786926,0.2063514170208015,0.20553754487960865,0.33154554144514187,0.43652092552204064,-0.05678966969796413,0.32267124515520124,0.2484413464641622,0.41006921768921656,0.2717790384470818,0.32196218267427446,0.39112484925520336,0.4847679723010328,0.2536174915118198,0.41687578175858225,-0.07471253044910513,0.22260773139967902,0.2136564210032439,0.1254354337128056,0.1323411134616905,0.3191995294083016,0.47390588952711804,0.2601406988101108,-0.10908981616099661,-0.0006149940755009228,0.21658327393699806,0.0914020404751691,0.1439230359735498,-0.0975210391297589,-0.2628274007338744,-0.029098989254527606,-0.048842167574477055,-0.1188404832300241,-0.6209228975028183,0.7256261109572297
0.0046833946596404885,0.22174637447331158,0.15672453471863823,1.1762826608979855,0.566105190710616,0.4483790902202717,0.3776913369173501,0.3877002510556937,0.2310978656947465,0.36109808304183605,0.35995915996867534,0.45247696982607327,0.3189752183191212,0.3299801288240407,0.26369870278633456,0.3649794108113975,0.32750374444683966,0.3223583207174833,0.3822382543535322,0.2569780548702352,0.2720112402564783,0.3155573233886021,0.251602299179954,0.19491929284456672,0.31384440930567453,0.2639622929884263,0.2590983411749777,0.029748147867904,0.38830248696368946,0.0691507419863257,0.1986204441831208,0.2778890659580747,0.11715292475508345,0.44116013391593584,0.031815775938907984,0.18249327435799095,0.22665348787222378,0.20974106513275245,0.40063575437663274,0.13931055194702668,0.08419394635316547,0.2015323642186543,0.33624314819035916,0.150371459221076,0.11548648477830342,0.1865516851485811,0.28474312345749986,-0.04808821479882491,0.24910611776395086,0.05225507707534713,-0.03790010989952888,-0.055037459232693035,0.10842339908774544,-0.05025453941077646,-0.03621255524065756,-0.01657765843560699,-0.20856456476492347,0.23463321335906956,0.0074909678931388834
0.07932439847527475,0.15336147092547522,-0.061423519542823934,0.566105190710616,1.1433603087757476,0.38623915564197603,0.31494294279246876,0.34341368825482155,0.21787064808583767,0.3643954911012152,0.35991661156333743,0.44778547637957605,0.3431792836727784,0.28739484213632077,0.2543746143494875,0.4028173160805259,0.3022000382297735,0.3120393898980495,0.5330756475000542,0.272490623697192,0.25583397073221,0.3092909634827055,0.2534502467094375,0.19205346384871014,0.2997738241070267,0.29307850890813036,0.2753103745530502,0.021784376419903932,0.3686388045689909,0.131249954879389,0.2415754561289267,0.26383088744908845,0.11381570475857065,0.46759196476096593,0.062156966025958785,0.20331738489824555,0.32227658342623833,0.2084669977502514,0.41409512151332034,0.1935533927983256,0.11351873363696165,0.24815380473509244,0.31152315623737764,0.1457098675871709,0.16756107370345139,0.18937060704074424,0.31637253577995467,-0.05048517888974799,0.20347900856401469,-0.0025025075299052344,0.06802374126968871,-0.2080672125377454,0.21713240369855177,0.020913293523204052,-0.10348351360232994,0.01831011680294936,-0.14515191358835966,0.22926273848128423,-0.03353058597553303
0.09163593457913943,0.3854057786307219,0.3866524156163282,0.4483790902202717,0.38623915564197603,0.9356644829800169,0.19451112894666753,0.5409467771892125,0.3277878937835666,0.35625229471506153,0.41154681517266467,0.4292512915904575,0.3675054475631382,0.36205223839621986,0.35638946559445694,0.3762995551172252,0.43078869902960387,0.29937661243015407,0.521847363271725,0.3867410618555563,0.33381653579850196,0.3890064832456816,0.09308522124463206,0.23552928259891842,0.3582765115592459,0.3389752363127025,0.3149724108426965,0.17609267543201454,0.45758501815952685,0.07923889384190365,0.2634282578278742,0.3381467195110562,0.13139313428038,0.44109182551890275,0.19519719165520363,0.22496711326527669,0.2756796513364674,0.2863104543758994,0.5076714194488205,0.18096248238586263,0.06936166060331278,0.251536019682805,0.41062482903923936,0.10703371069997362,0.2026391062077706,0.23782512092006977,0.3632176240970457,-0.09230413784307505,0.17914377809334353,0.17949021012900163,-0.28819924404103514,0.06412600611764213,-0.05243387055179513,-0.027989136350080723,-0.08400386384228282,-0.036149431579644994,-0.11841392502529637,0.3250810556521286,-0.08463461727136516
0.20346399422905653,0.1720343847887724,0.16748301941707036,0.3776913369173501,0.31494294279246876,0.19451112894666753,0.6688042746140538,0.19806939247771557,0.3442849760035403,0.25350825281184813,0.28258839798734037,0.41672759695722017,0.23400982092121317,0.13497845136276165,0.07479604251227856,0.22953434606769663,0.27792696650223714,0.25283403377304575,0.2379508171752566,0.18137859214093108,0.20207506195409455,0.30101039660289186,0.24696961433349154,0.12622684467923068,0.21592626462247183,0.1721535168003492,0.22753402480751478,0.02629772577845537,0.23788678227464635,0.053047340754055795,0.16137917697798249,0.17905311352821923,0.11648269704328548,0.2732005865680828,0.04400305061778698,0.1843826460745581,0.14617030336998998,0.15643986008345934,0.23274158965423047,0.08575018100069799,0.08149594549449826,0.13120627477733263,0.2954295054193893,0.09461462667608392,0.05142380341854716,0.16171181869609727,0.1438403768926884,-0.04999534129618289,0.28199182956529834,0.002391999315961431,-0.018788527873796413,-0.0013918395848504898,0.05211546217311324,-0.06749571029860048,0.11214618464528199,0.08634247604050528,-0.0608363061642119,0.29503146900660354,-0.4876900254422272
0.08626466119764122,0.4315278990711116,0.5004266226585692,0.3877002510556937,0.34341368825482155,0.5409467771892125,0.19806939247771557,0.9340958156724449,0.16947016694135728,0.3967646809510492,0.40396936129628297,0.14478261456843367,0.3906897573435279,0.3424731183478921,0.29574271615189474,0.28216100453651494,0.4265730204250037,0.3374441482590978,0.39139223824212904,0.3425641889855995,0.2777385793767966,0.2791581196763178,0.13958486455428343,0.20222289062798737,0.32336719322937907,0.26030436711995836,0.25523820786178497,0.08210129961365906,0.5085411631697556,0.11699673530744538,0.23277066606181215,0.2825321701361699,0.04078907026436377,0.40259413867507376,0.24078338346155662,0.16075756431810226,0.33217597393256215,0.2336229370035308,0.6419785403381333,0.20356845398887713,0.009375619618509934,0.19715568031770628,0.3715553064904874,0.12932410307965586,0.35254813719646316,0.24271591257063926,0.3843294620021301,-0.06703715086262453,0.15322352498295974,0.16927860161233496,0.043103513712499326,-0.11729394770440658,0.08316578185595327,-0.04630728246990789,-0.0404915943518017,-0.15858630529082743,0.0070049833294597115,0.3846870370663352,-0.08351301438924204
0.1436940439967956,0.36010332637635645,0.6083280337116562,0.2310978656947465,0.21787064808583767,0.3277878937835666,0.3442849760035403,0.16947016694135728,1.09274297197651,0.09004036339728567,0.17921246772958707,0.22292914341701406,0.253438381634089,0.18182086532308991,0.047867928787518485,0.17987871415876963,0.29796509186374004,0.24909449909924347,0.2684926810382503,0.1649729078185134,0.2982863645793886,0.5548370140317984,0.22456479014873937,0.2286137356504689,0.20677076734247862,0.2779586552867015,0.2374891374454706,0.23428330839269257,0.1580780155684413,0.11281302122236449,0.2796024935523223,0.21966733850854375,0.380151398506041,0.18596522260121265,0.17331080299815776,0.32846407405096517,0.2938974040278595,0.16757339667248466,0.23269733270376916,0.03848271118090431,0.2668760929623704,0.18366560954504843,0.23936968964244812,0.13661500904463222,0.01027854943764939,0.264724504766384,0.22364498461387708,-0.09757823956742094,0.7031703068777588,0.0026479624246586414,-0.07168131841801231,-0.00759571831483516,0.03084612894515372,-0.0445455224580735,-0.011016939509044997,0.21271770075710833,-0.14304117427643784,-0.16654781665481308,0.051000256088576425
0.12576685200256338,0.34285742518963547,0.37627140615400373,0.36109808304183605,0.3643954911012152,0.35625229471506153,0.25350825281184813,0.3967646809510492,0.09004036339728567,0.9264626409533407,0.4004640799987352,0.4393126322280193,0.38309595903870775,0.2712827460613542,0.42683950872710863,0.2822700605291322,0.3866111251122993,0.36683553060659085,0.36379537480582974,0.2707789054959114,0.22574307676286257,0.22871544943082336,0.27613894897069585,0.20982604683757106,0.4099602366913829,0.176676586514604,0.2866508623996968,0.10721340727100101,0.5830178079840929,0.10647701358667956,0.25281064648286816,0.2805327868497239,0.04473103976553344,0.5421852478750059,0.2524691536331286,0.2075807654790141,0.3816099880757145,0.19861158626464184,0.46804125710140543,0.13971748106755572,0.02432796041450927,0.1934728367821715,0.29415937996022523,0.15879766229050515,0.3011072071102488,0.23281729932387044,0.32377880263069203,-0.0759725855460772,-0.09163440145032317,0.04723752465511018,0.11531240639836103,-0.025642510923699346,-0.0021494277396922282,-0.024440687723989028,0.01078787282297442,0.007102356130831749,-0.058024337065462596,-0.10576218101569078,0.15230117911671587
0.0960624468408019,0.3006849794862862,0.2235989366623433,0.35995915996867534,0.35991661156333743,0.41154681517266467,0.28258839798734037,0.40396936129628297,0.17921246772958707,0.4004640799987352,0.6972032499531655,0.42091835890264817,0.3649412903231699,0.24327555893024583,0.3609073955081192,0.31874900238321036,0.3917689381847662,0.3217191878851944,0.33639785774248054,0.37712545567652384,0.29740069644278605,0.2738970540379521,0.1985782040336522,0.2019612340643947,0.3316150217718165,0.2118598243859291,0.30833945998295353,0.11916626720159265,0.47101590635836527,0.1146756953246036,0.26260281369749533,0.2575349398981711,0.09820627255887197,0.400966150089352,0.25587874798284127,0.2357871436424658,0.2831342858751622,0.24021032945117113,0.5148456983549196,0.20921945355406138,0.054366628635130906,0.23182843091334268,0.3544465900593149,0.11151686960971283,0.31023866944367845,0.24308170566523155,0.33370984981137325,-0.0762623560086471,0.11041064353547886,0.015243610143506876,0.011828243886119713,-0.05980149795991116,0.10282275788666041,-0.011824264961952009,-0.04853367043482739,-0.024679426938376475,-0.07849625493383451,0.26171254393152227,-0.16439279737204615
0.1354660827818648,0.23304489024347808,0.1427423808059042,0.45247696982607327,0.44778547637957605,0.4292512915904575,0.41672759695722017,0.14478261456843367,0.22292914341701406,0.4393126322280193,0.42091835890264817,0.9566360997916287,0.2735254598829542,0.24390459209400897,0.32395306786507533,0.35154082875351494,0.3232483993284781,0.3243235791387651,0.3612309749231304,0.2622868485502657,0.25450021948943213,0.2900325098102854,0.27915705888186326,0.1634982604376895,0.35017743024613124,0.2336955457048973,0.33606016282588513,-0.03394738502188417,0.38666910313187325,0.018354574300116243,0.1830387007836101,0.27432964837032836,0.0765704443198149,0.43544972022276984,0.08612896974851135,0.22573299003020147,0.05724214808340972,0.20548158894655624,0.24593294835922577,0.14284109629097874,0.03755882619398099,0.20009513162119225,0.3439262624749003,0.09091447219075662,0.13179530374715903,0.2151229634242809,0.2538139142879237,-0.07675075593475551,0.07556261569500632,-0.09726512117932927,-0.02389716146560782,-0.12658747625249986,0.22234383274867484,-0.019239508493241988,-0.051874462291535105,0.09626043701905967,-0.1900338633057915,0.2056405156794659,-0.20287401953568324
0.12001774871041246,0.31590733140665755,0.318968422962988,0.3189752183191212,0.3431792836727784,0.3675054475631382,0.23400982092121317,0.3906897573435279,0.253438381634089,0.38309595903870775,0.3649412903231699,0.2735254598829542,0.763277481090544,0.2929373031391105,0.14773963970846532,0.3380973241086818,0.34175877360692697,0.35628457287590515,0.3644924659226259,0.22592665988012395,0.250403491288259,0.3937560589332172,0.26113768586593344,0.21418368057318224,0.36755880162185467,0.20219020278258673,0.2875740980668783,0.14757979168627242,0.6489193658646101,0.076294162043053,0.2099410454279387,0.3264569641952116,0.023999217944716725,0.4120716009924694,0.3210107631688253,0.21190797033208228,0.24244474802442476,0.16639478148423548,0.7034852882533058,0.21219148933772844,-0.06933352077395297,0.18961763232989778,0.3114228338139898,0.19155961718106185,0.30350136170570174,0.23122799072892936,0.3289035193655329,-0.11246878235212064,0.2074619282693382,0.06273166012048578,0.11730826182617267,-0.09831649105676583,-0.03327559974896299,-0.017715291578299507,-0.05143054250989838,-0.07690941462306984,0.029088447410085167,0.07731356940973984,-0.029725045829330967
0.12193263324877464,0.24215710258595546,0.22495589886746412,0.3299801288240407,0.28739484213632077,0.36205223839621986,0.13497845136276165,0.3424731183478921,0.18182086532308991,0.2712827460613542,0.24327555893024583,0.24390459209400897,0.2929373031391105,0.5469795175898358,0.27513644073539767,0.33056571126088546,0.24106884335803366,0.24582739671023188,0.30217880344828724,0.2119744443304955,0.22295754819316174,0.26935705546375555,0.15779421052110928,0.1974350824194083,0.34310726602492286,0.2340340060117545,0.2020742813382343,0.12051902460746054,0.37343577326718863,0.098729440079875,0.1797737484332968,0.348927924260298,0.060232340829294705,0.31410795661960056,0.2015069374591436,0.16456886915628036,0.17267866711579233,0.1708072598492637,0.374302606054425,0.14727980051442893,0.03760912978945137,0.18769412566872487,0.2734058342366288,0.12010108645339437,0.1929519628705164,0.17417538393015594,0.30358300606146,-0.0612003295631268,0.2816446433179163,0.06408711133294388,0.009213541289015782,-0.10551425208701415,0.032100936725259724,-0.010062901743687498,-0.15554759004273647,-0.015833541046511433,-0.04199707855074441,0.1970071297685099,0.04470724733528476
0.08241641912601592,0.4748758852045522,0.38691082305906727,0.26369870278633456,0.2543746143494875,0.35638946559445694,0.07479604251227856,0.29574271615189474,0.047867928787518485,0.42683950872710863,0.3609073955081192,0.32395306786507533,0.14773963970846532,0.27513644073539767,1.079889060709285,0.18962018020874485,0.28636999993980716,0.26297606092914405,0.25274327506736477,0.4004404367491591,0.28598486529659883,0.09960653896734413,0.1315034245589464,0.19741936651539665,0.32843141047088037,0.17972789601304262,0.21414466066477061,0.2104435511332991,0.35100918628976074,0.1956980186144216,0.2887717404035901,0.19634624681666724,0.20063256448981917,0.38345731443366354,0.2122201105906515,0.2580530030416618,0.41011272876799565,0.194376697737043,0.33240382179571815,0.06490134585335297,0.23998263604522427,0.23055558845894292,0.244701820582388,0.08339845979199637,0.231047807660162,0.2694867671432136,0.2612249767290291,-0.02735576428266069,-0.07338166722396489,0.1154131579002577,-0.06112758900443529,0.12775105276475748,-0.0207640023339692,-0.09529468126166846,-0.019379932319974553,0.03893686784718031,-0.2636373822319107,0.04358759749083156,0.1379859894113993
0.09316340642764487,0.2092818361704673,0.11896315719422017,0.3649794108113975,0.4028173160805259,0.3762995551172252,0.22953434606769663,0.28216100453651494,0.17987871415876963,0.2822700605291322,0.31874900238321036,0.35154082875351494,0.3380973241086818,0.33056571126088546,0.18962018020874485,0.8247320836766397,0.3221782424218745,0.28883512013535323,0.394458998788175,0.23811624756172087,0.2539005419682962,0.4468331131743651,0.11614661483048111,0.18740612883470406,0.3111416040586038,0.2971499452432402,0.30112897027464786,0.20968397863714958,0.48493798638105495,0.09176548408770363,0.192921500790806,0.30899070476311963,0.012154694963581392,0.37972037949195503,0.3851020898050335,0.2023849258951855,0.19130642455677832,0.18001684232679277,0.47476726326224644,0.2777996292305755,0.0224709406476659,0.2971778889189651,0.40330652948462764,0.10220129675600613,0.2927687261999082,0.1759242248627214,0.3484955178360824,-0.11105794199393643,0.2529723047669318,-0.19740896730601287,-0.003905225347671844,-0.05522478819176788,0.03671958578093034,0.044110288097442434,-0.057112309342084666,0.03101671038240719,-0.1580557905659159,0.337165175062065,-0.14063712987676966
0.11682779790029774,0.33425173213264764,0.4137475331353861,0.32750374444683966,0.3022000382297735,0.43078869902960387,0.27792696650223714,0.4265730204250037,0.29796509186374004,0.3866111251122993,0.3917689381847662,0.3232483993284781,0.34175877360692697,0.24106884335803366,0.28636999993980716,0.3221782424218745,0.8661712800434603,0.22068341392954008,0.39700542176912496,0.42697080394170955,0.32300243498714765,0.37892489204405155,0.09582269721655583,0.2304196942744323,0.32878603399020284,0.11914664416872227,0.29542255502370557,0.22912883011966864,0.38400646727591026,0.13296868494149247,0.28796961571659885,0.23069557290720308,0.22304890910671804,0.3284285228892269,0.2512739756760346,0.2689345947176677,0.4613261807005046,0.2896622772964938,0.33776557988114425,0.16168935290806127,0.15511825606144347,0.24953117982831116,0.38812694503816425,0.10031891319707903,0.3357136662976866,0.3117394725051718,0.33436150687926913,-0.08325655640283953,0.08447529842662627,0.258952495473704,0.11113130390524964,-0.1086586936489202,-0.011989440508681008,-0.07150382886941269,0.03891531838193,-0.01427742198346136,-0.11230140055864737,0.10748297128421723,-0.01691200229901328
0.12108919050278409,0.41357367752388074,0.29419142619521593,0.3223583207174833,0.3120393898980495,0.29937661243015407,0.25283403377304575,0.3374441482590978,0.24909449909924347,0.36683553060659085,0.3217191878851944,0.3243235791387651,0.35628457287590515,0.24582739671023188,0.26297606092914405,0.28883512013535323,0.22068341392954008,0.9657862438992042,0.3132177766585554,0.049246503606766884,0.27075592490349343,0.3433963706274275,0.4380713300217789,0.16606167840291733,0.3555574743251021,0.2258778670321774,0.2020043074709038,0.14792515451806348,0.5226317541037926,0.05814934777384968,0.2718225823327504,0.27149081818533555,0.04755695398606528,0.373989474502467,0.19022345073687072,0.24877315423348234,0.1552887272322191,0.08821199257504267,0.5313396901409486,0.16406688847696532,-0.0004036149349903534,0.1146371509785515,0.33932968743634917,0.20928410253909335,0.4177812460766552,0.2076086908097542,0.24255774103640465,-0.0949434593462067,0.004963527111455836,0.17703192755783118,0.33108126019507084,-0.15083846391868594,-0.22491948186391036,-0.04842146546965276,-0.12146057700401468,-0.05850808292466917,-0.04992845500473764,0.2626868725248167,-0.13257933634321678
0.10905022946752085,0.2855535824905767,0.28063703719877925,0.3822382543535322,0.5330756475000542,0.521847363271725,0.2379508171752566,0.39139223824212904,0.2684926810382503,0.36379537480582974,0.33639785774248054,0.3612309749231304,0.3644924659226259,0.30217880344828724,0.25274327506736477,0.394458998788175,0.39700542176912496,0.3132177766585554,1.087064740641149,0.3170521764805942,0.3201447722477243,0.358705360861443,0.07140973601196648,0.22667762715591358,0.30049635948203013,0.20272857551669982,0.2696761199784903,0.26350352213649586,0.4105660714212951,0.10373303156388372,0.28121546422061666,0.31163123000858367,0.19439313869168381,0.33493836275384586,0.14513369946139185,0.23049321214345864,0.39787477808573074,0.26701973231735243,0.5475858629235737,0.20263790763054473,0.09966708043068094,0.2327250194204918,0.30866771189253017,0.12218114377016603,0.4374420891340751,0.32550787511999635,0.3815985369295233,-0.06636131026639476,-0.0435335140623904,0.017449429247565092,0.37450706507659903,0.19818693066366136,-0.21725032017738996,-0.11739843964435016,-0.12371244490989865,-0.00022461462426751975,-0.07388735404563855,0.1761537513329557,-0.008304196669287485
0.08920432623614995,0.4452001604850308,0.3361653727896303,0.2569780548702352,0.272490623697192,0.3867410618555563,0.18137859214093108,0.3425641889855995,0.1649729078185134,0.2707789054959114,0.37712545567652384,0.2622868485502657,0.22592665988012395,0.2119744443304955,0.4004404367491591,0.23811624756172087,0.42697080394170955,0.049246503606766884,0.3170521764805942,1.1189187522582278,0.27040046838959475,0.2160790570287662,-0.014196424237767733,0.2193563531951922,0.2591858013234308,0.27355755652334857,0.35127520873627316,0.27016395941207066,0.2710397820756326,0.21113164771160803,0.34883900151936925,0.2065902418569427,0.21510584086795662,0.43544995684629234,0.27865807813555005,0.15172833521891185,0.6342109733172672,0.5289558579299302,0.49793414116841217,0.29524649466330527,0.1640433723924809,0.34348445626009066,0.5668025392795363,0.03069474534063557,0.5569010478417513,0.3081342542767019,0.5424068217707919,-0.013003384814943385,0.2827297785368156,-0.02138999290293703,-0.07695794399827878,0.19027200201423422,0.01465726580058818,-0.07299770563041287,0.016145930680626475,0.0012816947458944338,-0.09944726911796034,0.09949210138942571,-0.017795388626933195
0.08343395982596802,0.4005128389271792,0.3618347069647109,0.2720112402564783,0.25583397073221,0.33381653579850196,0.20207506195409455,0.2777385793767966,0.2982863645793886,0.22574307676286257,0.29740069644278605,0.25450021948943213,0.250403491288259,0.22295754819316174,0.28598486529659883,0.2539005419682962,0.32300243498714765,0.27075592490349343,0.3201447722477243,0.27040046838959475,0.5924890256832118,0.301545833690885,0.16617687079407487,0.2332001288830622,0.21427932508204187,0.2224100568641757,0.21627657114132115,0.2385104587994951,0.23360602808099215,0.07218446158761468,0.30671126165777096,0.22923358529341542,0.3491784440636686,0.17990411808374918,0.1864764978013043,0.35252564592506586,0.27975439866394264,0.21402129000995887,0.4188971295042684,0.15729925875580597,0.28407026686497044,0.24056349679053762,0.28801081235930326,0.12445296538610683,0.301428569487634,0.3024994665696052,0.2688332538433923,-0.06182267240536092,0.17908281419117564,0.06832320346411552,0.0680020188306942,0.023057176989843955,0.0035942182793444006,-0.08018617971734167,-0.043072105975296975,-0.002128783109220805,-0.21437432173702758,-0.04262281079596665,0.24070620322595668
0.13035543226605076,0.2986484158927848,0.38715364672712765,0.3155573233886021,0.3092909634827055,0.3890064832456816,0.30101039660289186,0.2791581196763178,0.5548370140317984,0.22871544943082336,0.2738970540379521,0.2900325098102854,0.3937560589332172,0.26935705546375555,0.09960653896734413,0.4468331131743651,0.37892489204405155,0.3433963706274275,0.358705360861443,0.2160790570287662,0.301545833690885,1.0451437060273463,0.30085896321458533,0.23938513166754413,0.2830380231919072,0.28205671195342086,0.3169838009582276,0.21576258988486174,0.3683317757021575,0.10174062419797542,0.2475453264412389,0.3170388544283687,0.23667811285571008,0.29434997725829387,0.24111401101257696,0.37920447655858874,0.18462441793782705,0.19320042122705824,0.4574833262368175,0.178398182798558,0.13692048259111128,0.25356153324432557,0.39474555635888053,0.14980080248319966,0.032675652154784275,0.316646628492788,0.30302054654017335,-0.22165773974732048,0.774792672990311,-0.08937669393256782,-0.04917591255770831,-0.13262751898566325,-0.004493395633816473,0.005547576355197166,-0.03108678073718652,0.08735700190421632,-0.12972086629144952,0.09307216710094657,-0.0620548756523248
0.0615219395816387,0.020952644753583365,0.10770143038305219,0.251602299179954,0.2534502467094375,0.09308522124463206,0.24696961433349154,0.13958486455428343,0.22456479014873937,0.27613894897069585,0.1985782040336522,0.27915705888186326,0.26113768586593344,0.15779421052110928,0.1315034245589464,0.11614661483048111,0.09582269721655583,0.4380713300217789,0.07140973601196648,-0.014196424237767733,0.16617687079407487,0.30085896321458533,1.3313703209105916,0.19235694816546162,0.3578943695675466,-0.037476454948116696,0.1569909887904418,-0.27224057939789204,0.4981608386487792,0.16294755893837878,0.0382981057932158,0.1799272537838882,0.012883296290074904,0.41908291167536305,-0.05096917842238202,0.40733299218068775,0.08587783703111886,-0.004871602053656992,0.42547499817331896,0.006537941882636186,0.08101262355657006,0.016108180881412065,0.1975916949081788,0.3258596119845505,-0.08168184166943575,0.19190048095046444,0.05086280769344928,-0.09946637413507368,0.1743697942731834,-0.10987180422574792,0.16016299066050674,-0.20227938309602678,0.19554505621147597,0.028066771107120362,0.01674933517381871,0.00055872101159232,-0.03171967553666827,-0.1285242644701415,0.08790840380016382
0.057560341152984744,0.24938503862166475,0.3013842464506142,0.19491929284456672,0.19205346384871014,0.23552928259891842,0.12622684467923068,0.20222289062798737,0.2286137356504689,0.20982604683757106,0.2019612340643947,0.1634982604376895,0.21418368057318224,0.1974350824194083,0.19741936651539665,0.18740612883470406,0.2304196942744323,0.16606167840291733,0.22667762715591358,0.2193563531951922,0.2332001288830622,0.23938513166754413,0.19235694816546162,0.4606810131582362,0.18218501077584237,0.12669212714723033,0.16158806349654598,0.24635597249396238,0.18905299826348354,0.26428672312189944,0.21675772923365424,0.2549684429769435,0.4925204897912598,0.1720196521776386,0.19568318887436112,0.35058757425222675,0.3596799031978766,0.15264234507252872,0.20562203803273113,0.04246508983530215,0.22689109306059618,0.19924942867652234,0.10725212005659354,0.12443598792678771,0.1315708609349669,0.237310210259377,0.12012173260451804,-0.06190857736475769,0.06466720356044404,0.03626347003695535,-0.0017417468990374725,-0.0400074598099142,0.06832990095618897,-0.05984892096598283,-0.044801876956697254,-0.06124841472163512,-0.0064895009277415976,-0.48398466225703557,0.5746312719266421
0.11790459129308697,0.2388945348529727,0.27600172196786926,0.31384440930567453,0.2997738241070267,0.3582765115592459,0.21592626462247183,0.32336719322937907,0.20677076734247862,0.4099602366913829,0.3316150217718165,0.35017743024613124,0.36755880162185467,0.34310726602492286,0.32843141047088037,0.3111416040586038,0.32878603399020284,0.3555574743251021,0.30049635948203013,0.2591858013234308,0.21427932508204187,0.2830380231919072,0.3578943695675466,0.18218501077584237,1.8773529827484245,0.05235219464434058,0.3553977600908771,-0.011418835743136306,1.562132042099107,0.2980764791500332,0.27861359332384233,0.3379130278039355,-0.2744540577601474,1.0063425137379336,0.42556546054704697,0.11498738460549658,0.5530121442327721,0.23083931425015602,0.7697858645113399,0.15007743970068724,-0.13475144449592086,0.17782459140379409,0.4328029865522685,0.23378991258215687,0.48395670759134807,0.21518786603277446,0.5446633701197865,-0.15330810251347474,-0.15409237637840884,-0.28225311309874695,0.002124640958138081,-0.13757813302916963,0.15374572334080788,0.05954001562525222,-0.00975577639032829,0.044865668346039056,0.03767193401537997,0.1905381376523417,-0.28083910827625796
0.08421950787284965,0.22239009373351665,0.2063514170208015,0.2639622929884263,0.29307850890813036,0.3389752363127025,0.1721535168003492,0.26030436711995836,0.2779586552867015,0.176676586514604,0.2118598243859291,0.2336955457048973,0.20219020278258673,0.2340340060117545,0.17972789601304262,0.2971499452432402,0.11914664416872227,0.2258778670321774,0.20272857551669982,0.27355755652334857,0.2224100568641757,0.28205671195342086,-0.037476454948116696,0.12669212714723033,0.05235219464434058,2.5334703344145244,0.2589748385268564,0.35345881633861476,-0.12293290714174604,-0.7610712286666196,0.07395427633829173,0.46954148984434774,-0.07703850231216537,0.3878827763757907,0.22862942363005842,0.055783392379730505,-0.5391001072489375,0.12706199784114114,0.07712683179508241,0.3403403220282988,0.3401039223333083,0.36872260612777197,0.23544202592358174,0.05814327687857825,-0.12942256453842882,0.022512924035440328,0.17325489602264732,0.04024297235233881,0.7420610082322817,0.34582078977319214,-0.21244822664013688,0.17850641044216373,-0.5101556355927328,-0.022153577636408933,-0.16035443164107063,-0.00017480588107469513,-0.08724595501661223,0.42093786317504567,-0.25285516003299646
0.10541011200655273,0.23795933652206044,0.20553754487960865,0.2590983411749777,0.2753103745530502,0.3149724108426965,0.22753402480751478,0.25523820786178497,0.2374891374454706,0.2866508623996968,0.30833945998295353,0.33606016282588513,0.2875740980668783,0.2020742813382343,0.21414466066477061,0.30112897027464786,0.29542255502370557,0.2020043074709038,0.2696761199784903,0.35127520873627316,0.21627657114132115,0.3169838009582276,0.1569909887904418,0.16158806349654598,0.3553977600908771,0.2589748385268564,0.7810831693009672,0.2082023029473548,0.38418481032148855,0.17191599899801677,0.26725667873630476,0.2546591900380558,0.06281362615645351,0.32740848995202115,0.3085174293386184,0.3919237205928641,0.22688793622809467,0.23962676248303227,0.36307439337833824,0.25497004891519404,0.12385086777279643,0.23738979685662168,0.5728273648302629,0.020081714290873208,0.22410631711425352,0.29014911228439527,0.2740258529269623,-0.11412737587153429,0.24444332997683552,-0.02854696290979125,-0.09423979622314205,0.05630985181838918,0.045643513131028476,-0.004394757858057614,0.03789457709769308,0.0667997410347718,-0.028787999748494886,0.231232716697724,-0.2693195456472637
0.06424449220653776,0.31052479567263486,0.33154554144514187,0.029748147867904,0.021784376419903932,0.17609267543201454,0.02629772577845537,0.08210129961365906,0.23428330839269257,0.10721340727100101,0.11916626720159265,-0.03394738502188417,0.14757979168627242,0.12051902460746054,0.2104435511332991,0.20968397863714958,0.22912883011966864,0.14792515451806348,0.26350352213649586,0.27016395941207066,0.2385104587994951,0.21576258988486174,-0.27224057939789204,0.24635597249396238,-0.011418835743136306,0.35345881633861476,0.2082023029473548,1.2916536536537795,-0.12707028389492941,0.009510314732264616,0.35006788455319354,0.19254408101757833,0.522368784082296,-0.06444610223815456,0.6689934251186452,0.4378699354103056,0.36039652980406817,0.14445793018655792,0.11117301734958662,0.15789126349548246,0.319561123897966,0.30378765844629113,0.12861207679104378,0.11908742603597983,0.35056354780423415,0.15199802583712124,-0.0010005878776526338,-0.06275239002673029,-0.17854338262813807,0.06787011612120387,-0.00587237145920483,0.6732071208486884,-0.8213942156281212,0.0020836211025561384,-0.07552134115011433,0.059820338842563416,-0.01576106990788541,-0.24585939352121605,0.284674464204359
0.14354426658008845,0.4046833502303023,0.43652092552204064,0.38830248696368946,0.3686388045689909,0.45758501815952685,0.23788678227464635,0.5085411631697556,0.1580780155684413,0.5830178079840929,0.47101590635836527,0.38666910313187325,0.6489193658646101,0.37343577326718863,0.35100918628976074,0.48493798638105495,0.38400646727591026,0.5226317541037926,0.4105660714212951,0.2710397820756326,0.23360602808099215,0.3683317757021575,0.4981608386487792,0.18905299826348354,1.562132042099107,-0.12293290714174604,0.38418481032148855,-0.12707028389492941,3.827664108375847,0.36657084295693976,0.04873216151388833,0.49377101695465614,-0.8485216640542821,1.3523226120838836,0.6628380046225516,0.011110875535065476,0.6463115400021783,0.14547018749549917,1.253628006889055,0.31323772838730946,-0.42215943073434237,0.13693394935538006,0.44773004780344566,0.19125101767894884,0.9246790662980388,0.19523258176200714,0.7211277722243216,-0.23428849465296184,-0.11861136386928528,-0.34994115220946914,0.2405810400306431,-0.1665244315601013,0.03293848175475696,0.152684575336785,0.003451373915613917,-0.18198334609719352,-0.0019520742800546594,0.36699803990759655,-0.288617926575444
0.033060485305136486,0.09978702632968882,-0.05678966969796413,0.0691507419863257,0.131249954879389,0.07923889384190365,0.053047340754055795,0.11699673530744538,0.11281302122236449,0.10647701358667956,0.1146756953246036,0.018354574300116243,0.076294162043053,0.098729440079875,0.1956980186144216,0.09176548408770363,0.13296868494149247,0.05814934777384968,0.10373303156388372,0.21113164771160803,0.07218446158761468,0.10174062419797542,0.16294755893837878,0.26428672312189944,0.2980764791500332,-0.7610712286666196,0.17191599899801677,0.009510314732264616,0.36657084295693976,3.1738883152712574,0.30146390698634695,-0.14398282268077744,-0.009973580096187309,-0.45064117172692597,0.5251686519354531,0.46019501474408253,0.6370314740897102,0.1605132642300225,-0.1132425366778049,-0.05838630907290917,0.8708542282404051,0.0563314807114721,0.43435434594557626,0.26249615104682417,0.691417322247638,0.28993597844820124,0.20829179634439107,-0.015113557275119503,0.12161068616002835,-0.13383013724095197,0.04455271772127125,-0.6253049356740715,0.6695621752966102,0.027189813402992296,-0.012500932367327628,0.043805424591537495,-0.25570088999618656,0.2562350220244891,-0.11322611088043251
0.08288167522003574,0.32020360804891673,0.32267124515520124,0.1986204441831208,0.2415754561289267,0.2634282578278742,0.16137917697798249,0.23277066606181215,0.2796024935523223,0.25281064648286816,0.26260281369749533,0.1830387007836101,0.2099410454279387,0.1797737484332968,0.2887717404035901,0.192921500790806,0.28796961571659885,0.2718225823327504,0.28121546422061666,0.34883900151936925,0.30671126165777096,0.2475453264412389,0.0382981057932158,0.21675772923365424,0.27861359332384233,0.07395427633829173,0.26725667873630476,0.35006788455319354,0.04873216151388833,0.30146390698634695,1.0207619899351013,0.20634930657770814,0.41432361780228727,0.24489236234313475,0.303477864749784,0.4967371675675717,0.4152023104936071,0.27546858529937096,0.37258734903561325,0.07508584553658527,0.2661128042603871,0.2375414358029436,0.1935711019556258,0.15481691497062383,0.4041668921512335,0.30693567913433223,0.15951313289004346,-0.10125798247837059,-0.32694241021557785,0.0865954251824248,0.03760346046703888,0.022711675932292133,-0.016117237801763155,-0.0703126759035555,-0.0901084053184817,0.06353026733126414,0.05993337829562339,-0.22580364882426543,0.1271356691807337
0.12027741579918619,0.204492706809973,0.2484413464641622,0.2778890659580747,0.26383088744908845,0.3381467195110562,0.17905311352821923,0.2825321701361699,0.21966733850854375,0.2805327868497239,0.2575349398981711,0.27432964837032836,0.3264569641952116,0.348927924260298,0.19634624681666724,0.30899070476311963,0.23069557290720308,0.27149081818533555,0.31163123000858367,0.2065902418569427,0.22923358529341542,0.3170388544283687,0.1799272537838882,0.2549684429769435,0.3379130278039355,0.46954148984434774,0.2546591900380558,0.19254408101757833,0.49377101695465614,-0.14398282268077744,0.20634930657770814,0.7525731945363197,-0.048569370673330496,0.37277100773312793,0.17160794708595473,0.18116797948309396,-0.036184647302526865,0.20861256192682748,0.511806890235878,0.19842270126518194,-0.13388051646382426,0.19690918033887514,0.20563664125653772,0.1170740974792741,0.2616374013276566,0.15274847689134596,0.2661230059194416,-0.10878602440086889,0.20106037708923685,0.09574003254750718,0.0472263464265142,0.13703188512396158,-0.29657347702919473,0.04204065352582626,-0.131601285413638,-0.010297549427195091,0.22300418469309313,-0.07143088823195826,-0.03657622996289923
0.037992351369486706,0.31420213177913836,0.41006921768921656,0.11715292475508345,0.11381570475857065,0.13139313428038,0.11648269704328548,0.04078907026436377,0.380151398506041,0.04473103976553344,0.09820627255887197,0.0765704443198149,0.023999217944716725,0.060232340829294705,0.20063256448981917,0.012154694963581392,0.22304890910671804,0.04755695398606528,0.19439313869168381,0.21510584086795662,0.3491784440636686,0.23667811285571008,0.012883296290074904,0.4925204897912598,-0.2744540577601474,-0.07703850231216537,0.06281362615645351,0.522368784082296,-0.8485216640542821,-0.009973580096187309,0.41432361780228727,-0.048569370673330496,2.0692129923518836,-0.4691119662319417,-0.3519493855947447,0.4625533446199281,0.6795815406892332,0.12985553009227419,-0.36234913342076835,-0.20784221527847763,0.6724587717462189,0.28147470981821787,-0.10417435605426387,0.0586918013412271,-0.26716947439086514,0.39312774598445177,-0.0939333031829043,0.03618025662605854,0.15872760932712854,0.20041981470912976,-0.057958280942026964,-0.05052104731272111,0.2391831288495078,-0.3198898365969244,-0.024928008558259683,0.08748376662252674,-0.21461969804583422,-0.8252256341408332,0.94716714280279
0.025194397883418224,0.2818611791555608,0.2717790384470818,0.44116013391593584,0.46759196476096593,0.44109182551890275,0.2732005865680828,0.40259413867507376,0.18596522260121265,0.5421852478750059,0.400966150089352,0.43544972022276984,0.4120716009924694,0.31410795661960056,0.38345731443366354,0.37972037949195503,0.3284285228892269,0.373989474502467,0.33493836275384586,0.43544995684629234,0.17990411808374918,0.29434997725829387,0.41908291167536305,0.1720196521776386,1.0063425137379336,0.3878827763757907,0.32740848995202115,-0.06444610223815456,1.3523226120838836,-0.45064117172692597,0.24489236234313475,0.37277100773312793,-0.4691119662319417,2.7645532543930402,0.33023972153649317,-0.21889203433056037,0.8238953918844226,0.27147350192984104,0.8967054427380949,0.17741034529566388,-0.5061010703784077,0.27000746266719894,0.6609022876594657,0.3105767267271649,0.1672241841834188,-0.12122239277218706,0.9073349234447138,-0.057746716709324346,-0.0450690821477925,-0.2989565638798856,-0.16443981875412547,-0.07276724320369658,0.054829110934742166,0.1023890882978322,0.005926249296975053,0.022774304601067386,-0.06159303544897802,0.1365019406199283,-0.10345772710084666
