1.0479963202607836,-0.0012688512066913078,-0.0013577058884447293,-0.0010722000755326263,-0.00014374633806335646,0.001621482986252344,0.004487244356038375,0.0033343602010747764,0.0013581844219214395,-0.00037031150497030094,-0.001656954094622153,-0.002464441624265324,-0.002998802050163668,-0.003556354199140002,-0.0035775771346264282,-0.0026646099896312464,-0.0006030066931224013,0.00146767820391713,0.0029147931465250796,0.002989275826843583,0.002645254931483929,0.0021914660222806244,0.0018474451265388728,0.0016567415843058177,0.0014485576483784332,0.001297259355282081,0.0010928415037630647,0.0009030419978491507,0.0007337174140570272,0.0005318943744002006,0.00031195330400728805,6.245793835435506e-5,-3.532658852245507e-5,-1.8055706064857327e-5,-3.8374267657325485e-5,-7.763507590916137e-5,-0.00011194401166738393,-0.00016721925461870698,-0.00025832220406875285,-0.0003955224917534485,-0.0005791067492595858,-0.0008255906006062949,-0.0011128690313861756,-0.0009294995246567287,-0.0007659613653526378,-0.0006450069378025756,-0.0005395114147364567,-0.0004373053448053785,-0.00035297440433001525,6.826349710963371e-5,0.0008318288589376369,0.0012475991980037333,0.0015458605891717804,0.001026624258760957,-3.733301435466321e-5,0.00016443925404952952,6.371961523349459e-5,5.437173236688366e-5,4.00370834959394e-5
-0.0012688512066913078,1.0472315076088363,-0.0021252986442583206,-0.0022051077060258033,-0.0016776444956998649,-0.00021262630017769362,0.003019359410694557,0.0038096975264092277,0.0032122357202733704,0.0019324969528933316,6.908386841221596e-5,-0.0017645111143680542,-0.0032210967150302296,-0.004455011401034658,-0.0048504135682893084,-0.003851931598003785,-0.0011581280800361893,0.0015637331350988966,0.0034485160755631595,0.0035217039580441706,0.00306477691703878,0.0025090885909660634,0.0021311976204903475,0.0019616509175465224,0.0017643703147203807,0.0016178819148806682,0.0013836675969416984,0.001148127594443561,0.0009312142402891146,0.0006827701228854963,0.0004225458624766375,0.0001269703697846301,-1.259136682672098e-6,-2.9702444161837495e-6,-3.883623438956494e-5,-9.137030204274367e-5,-0.00013745843819771693,-0.00020643589397653132,-0.0003130977920470391,-0.0004658508443345558,-0.0006535729357145923,-0.0008796866731351682,-0.0010745240237216107,-0.0008611339137763375,-0.0006798942094841448,-0.0005572760454838658,-0.00045331432554076754,-0.0003496491290155199,-0.00026630992213182506,7.686951669922298e-5,0.001062247979486973,0.001576628431560958,0.0019948508843890926,0.0012191170482459823,-3.097713064273444e-5,0.00026367518334319783,2.2315344895244985e-5,-1.4360018425321744e-5,-1.3985933028136096e-5
-0.0013577058884447293,-0.0021252986442583206,1.045906323551964,-0.004204373457190972,-0.00522079102309411,-0.005403316583040326,-0.0026470461251675635,0.0034478949482718087,0.006874612320784807,0.007254255751260879,0.004563148416874686,0.0007546001248475252,-0.002552908526335651,-0.005039579089016023,-0.006167095610254751,-0.005277896505611032,-0.001981926376056479,0.0013448518083739715,0.003595906333678293,0.003604476430142168,0.0030078104292618523,0.00238476025009574,0.0020524893309179907,0.0019952550385478906,0.0018998619053041143,0.001824676765538704,0.0016071568080648106,0.0013457519723651314,0.0010902738872115997,0.0008133720065343819,0.0005446797461257516,0.00024049753143606356,8.024016424671461e-5,3.1402054491897494e-5,-2.9255225457443368e-5,-9.327349982708964e-5,-0.00014944075254743415,-0.00022451805201194222,-0.00032797767606408885,-0.0004613327992714422,-0.0005878405467192381,-0.0006783882770156624,-0.0005715261157954287,-0.0003684675223102134,-0.00021506316995384582,-0.0001384946757090176,-8.041962914783484e-5,-1.5642175026383154e-5,3.15339224784197e-5,8.027776224749874e-5,0.001257249825247053,0.0018207326684437563,0.0023878309563327856,0.0012404236527225837,-8.640088536536069e-6,0.0003782374111976347,-0.0001879364330783535,-0.00022572294144043774,-0.00017196572290868273
-0.0010722000755326263,-0.0022051077060258033,-0.004204373457190972,1.041468560234388,-0.01203444566190772,-0.016432245290068155,-0.016124803566579575,0.000636697390468068,0.013033227905141321,0.01766774356082713,0.013933681892837746,0.006565006378712289,-0.00018824547736839633,-0.004871794515998727,-0.007186066322828606,-0.006683648521534681,-0.002958880906117986,0.0006996502856034017,0.003046982209065875,0.0028488377219099493,0.0020934977220383667,0.001491539306835809,0.0013633478303064872,0.0015890684175785866,0.0017516323831624422,0.0018737481165801912,0.0017588862092405883,0.0015100454795873542,0.0012343094510930575,0.0009429287916536722,0.0007036433372892121,0.0004396732285415252,0.00023345738358897255,9.438675807600589e-5,-1.994527348802008e-6,-6.633960727286081e-5,-0.0001234682482451819,-0.00018594190863822956,-0.00025208602970291027,-0.00031024646945153946,-0.0002718573815359738,-4.469000002368965e-5,0.0006931792706137044,0.0008240869387567029,0.0008760815899733325,0.0008210611664448439,0.000753836864604196,0.0007067476826559246,0.0006545907667252855,0.00012056849065717032,0.0013866670048496683,0.0019151982578604237,0.0026984801881359253,0.0010675088455544017,5.1181388373587654e-5,0.0006770577261024308,-0.0005641095051337687,-0.0006169678781037455,-0.0004738165887748966
-0.00014374633806335646,-0.0016776444956998649,-0.00522079102309411,-0.01203444566190772,1.0264063992411927,-0.03503918584837485,-0.04161735648286547,-0.008096215768434167,0.0203201829878885,0.03373928457003758,0.029670969648695006,0.017642372430524984,0.005580579695091968,-0.0026492125762696273,-0.006653256605413523,-0.006948025131270837,-0.003413542953486397,-0.0003733048408715577,0.0011553911189448947,0.0002802429812848544,-0.0007427143972125821,-0.0011791064060864222,-0.0008192536312312315,-8.274187099630342e-6,0.0007170212465134636,0.0012832219689758726,0.0014711304728115813,0.0013490757112037252,0.0011285738400630765,0.0009052094985583095,0.0008248715860163874,0.000757932087624953,0.0005058366094198029,0.00019077185339085625,4.362868182350716e-5,7.906909906473398e-6,-2.6862627718545557e-5,-2.9336177694134023e-5,2.8167338895659663e-5,0.00018741654142973236,0.0006357077662264886,0.0015878328046461127,0.0036477543751883856,0.0035413741193884444,0.003312022845421443,0.0029386930431629823,0.002574072135119273,0.0022565207839177715,0.00196823245883003,0.00017307802868444044,0.0010116945554870345,0.0011848915511441609,0.002113951826903852,0.00015294675850549644,0.0001755994072869483,0.001017890530816454,-0.0013618801480301266,-0.0014132849009821985,-0.0010740307102238226
0.001621482986252344,-0.00021262630017769362,-0.005403316583040326,-0.016432245290068155,-0.03503918584837485,0.9885402333003374,-0.08277567816411158,-0.029635240423002147,0.023196787785389007,0.05232801498814499,0.0507827006066832,0.03583447703564804,0.017814132969579448,0.0044196461679821206,-0.0016713953040363091,-0.003351240023097778,-0.0014531063546634484,-0.0012128819646944954,-0.0026354532685184152,-0.005340226248122861,-0.006956371204738448,-0.007051364908778487,-0.005755258561347061,-0.0038936911988421796,-0.002103678905678756,-0.0006769011583820208,0.00016641762802426687,0.00040779595012992756,0.0004087480898013304,0.00044021238983199675,0.0007871594006452349,0.001222998128932251,0.0009579895688695644,0.00034057579735611177,0.00013934073678078642,0.0002032076416844399,0.0002520524272281022,0.00041075700286748304,0.0007558164029934781,0.0013852000673550934,0.0026498156642347603,0.004987293729126695,0.009430640422842146,0.00880370398507824,0.007985783062805804,0.006975946521932598,0.006021773777489514,0.005158093011597541,0.004397855092532752,0.00021758172457905293,-0.000657898969247752,-0.001528803668642958,-0.0008207712537346976,-0.0020801790698475216,0.0004231092657614862,0.0016085596073505298,-0.0026027720734655762,-0.0027657548860146775,-0.0021139320932499705
0.004487244356038375,0.003019359410694557,-0.0026470461251675635,-0.016124803566579575,-0.04161735648286547,-0.08277567816411158,0.9146157658315515,-0.07422887035068043,0.004186413216210272,0.056237769599272486,0.06650073584001472,0.06342895708688427,0.046413095383571704,0.026543480975850412,0.015168589500736084,0.008430649447664607,0.004033699432204657,-0.0029033328922559226,-0.011004371228742033,-0.016813605601223344,-0.019019104396544417,-0.018084776477621082,-0.014944384254191442,-0.011227034212843977,-0.007588631810540967,-0.0047229440022394315,-0.002732314940783719,-0.0017740593960999908,-0.0012931398671605526,-0.0007165608283432396,0.0004264404483848982,0.0018341776878359115,0.0016438335308385991,0.0005911082904599431,0.0003495478177170606,0.0006073090398921062,0.0008080396824939657,0.0012503643720907494,0.0020794404316081326,0.003498903095373014,0.006081173895809369,0.010623054272885745,0.01870772946897253,0.017306393224104575,0.015555084548343761,0.013526386279233527,0.011611076030930803,0.00983528963108415,0.008284047506708431,0.00018505651501755325,-0.005027175667754061,-0.00826752527483655,-0.008805969347136193,-0.006348602450638253,0.0008087413308397142,0.002125306685784299,-0.004285363478270786,-0.004694281170722673,-0.0036070007388800803
0.0033343602010747764,0.0038096975264092277,0.0034478949482718087,0.000636697390468068,-0.008096215768434167,-0.029635240423002147,-0.07422887035068043,0.9556642961920035,-0.07224071304639978,-0.028280729298132003,0.01850522697165025,0.05702659989668105,0.06787188513641775,0.05305758822980771,0.03589904787575531,0.019668463184803642,0.007758570861273883,-0.003103521192761892,-0.011674411105121438,-0.016897877645975248,-0.01843018627037622,-0.017024683218497694,-0.013739948469335822,-0.010091859875031195,-0.006516264914552751,-0.0037498051011902868,-0.0018588723085817087,-0.0009650149386585362,-0.0005547770410046526,-0.00012528767076591354,0.0007911333961936289,0.0018220694770574926,0.0015319983146309345,0.0005844579017451521,0.00036617299865696474,0.0006300852296974139,0.0008753611243314816,0.0013289427879278539,0.0021420283744325377,0.003436693020583585,0.005730910404263301,0.009670948546672485,0.01647352932194952,0.015032483581851289,0.013368215675581281,0.011488155523201014,0.009749946362902887,0.008088473829014158,0.006667562500981048,0.00027767125573295223,-0.0059293451922587705,-0.009160666266917566,-0.010804427769705402,-0.00411116645547495,0.0007757972884663862,0.0008697924779185255,-0.0032310841260839544,-0.0035842582259697363,-0.0027812879975271155
0.0013581844219214395,0.0032122357202733704,0.006874612320784807,0.013033227905141321,0.0203201829878885,0.023196787785389007,0.004186413216210272,-0.07224071304639978,0.9108139211292999,-0.11833624179696658,-0.016173443348151496,0.046995602526122636,0.07215191425476566,0.06716384344099888,0.045756294616745186,0.02254257345022333,0.0049398941404349556,-0.005358396064106944,-0.01145043806543319,-0.013859317529118868,-0.014221557110870609,-0.012375973749212552,-0.009135107296916394,-0.005736577021947234,-0.002525123757816169,-0.00029617784685755745,0.0009651674271199156,0.0013779124430901497,0.0013564709068415832,0.0013631432774315751,0.0016068787160061903,0.0018964317621985292,0.001505986301219989,0.0008009006455409644,0.0005507974004962865,0.0006149814911154282,0.0007045371568415637,0.0009044085196872261,0.0013309468021860606,0.002059809083615667,0.0034429185191869817,0.005945391475878943,0.0103408521335663,0.009448995288699271,0.008365198035859337,0.007099531299991986,0.005937479712675106,0.004774932265844587,0.003803837952784674,0.00017572523776025886,-0.004664122811107416,-0.006784855980742259,-0.008962449785360678,-0.0009158844380065313,0.00040076475018126315,-0.00247777604304161,-0.0031420753968372486,-0.002332797560113017,-0.0013824841568046674
-0.00037031150497030094,0.0019324969528933316,0.007254255751260879,0.01766774356082713,0.03373928457003758,0.05232801498814499,0.056237769599272486,-0.028280729298132003,-0.11833624179696658,0.9032520120846317,-0.08002882748509933,-0.0011604950428012121,0.06163231956396283,0.07105028266070766,0.05212486212969648,0.023750115931114757,0.0036234537401189197,-0.006774366389300106,-0.009421660802400183,-0.00935259885807033,-0.008934522415027587,-0.007131145092790035,-0.004213459687034124,-0.001137621619168784,0.0017120912867592333,0.0034267445878353323,0.0040037956496740855,0.003804837126089245,0.003216267070562053,0.0027019875953608417,0.002292028734801076,0.0016828454958424386,0.0011469198026187594,0.0006978687507523924,0.0004857777574902767,0.00041000206046947835,0.00041199819274422505,0.00036315650223228685,0.0004116972008348301,0.0005426559638335825,0.0009863881315835502,0.0019695155147888797,0.00392001083594833,0.0033238055472632343,0.0027290558818954874,0.0020890264272816483,0.0015476635075174594,0.000966997223412994,0.0005211093549937965,0.00022554817426875785,-0.0019290912035258086,-0.002298857554934303,-0.004446119091226807,0.002679438369314565,-4.862940678875066e-5,-0.002100269029698476,-0.0005904074926400682,6.21881885970466e-5,0.00024858771354248414
-0.001656954094622153,6.908386841221596e-5,0.004563148416874686,0.013933681892837746,0.029670969648695006,0.0507827006066832,0.06650073584001472,0.01850522697165025,-0.016173443348151496,-0.08002882748509933,0.9033013429612458,-0.09032669865072764,0.00044288855720527547,0.052376968778035,0.05246380020467098,0.0338669114671434,0.013056975147506377,0.0027521803608292813,-0.0031763553772690234,-0.0025800759088683884,-0.002608298813782621,-0.0019252818713832289,0.00012433740014969533,0.002663985520420191,0.0050635915565848694,0.006441773735301959,0.006536808001009861,0.005987659564879699,0.005063981112463033,0.004183891117946302,0.003052803789248378,0.0017450647555560057,0.0011013885507597217,0.0008588498425840665,0.0005272788154267055,0.00014220317461076682,-0.00014698556771121962,-0.0005586617315046106,-0.0010373899845675866,-0.001597536964576281,-0.0021761939758979066,-0.0026886002438132692,-0.0029931771793272363,-0.0023653012353542615,-0.001982172272307856,-0.0017983939230837227,-0.0016599498229033665,-0.0016702823517999266,-0.0016471126323415232,0.0003153158176940474,0.0003689613044542115,0.001645087303295849,-0.0005624323556823668,0.003959459736857539,-0.00038088314147971807,0.0020328602863022927,0.0033131941532891047,0.0023829972270986554,0.0013084383740446794
-0.002464441624265324,-0.0017645111143680542,0.0007546001248475252,0.006565006378712289,0.017642372430524984,0.03583447703564804,0.06342895708688427,0.05702659989668105,0.046995602526122636,-0.0011604950428012121,-0.09032669865072764,0.8975492151349574,-0.1145099486582861,-0.019605952939032084,0.03637063215124989,0.041678002103053176,0.03715453373205754,0.022947341563093707,0.010808253884749071,0.007338714667744399,0.004493531004873364,0.0024544597296864475,0.002848530292189073,0.004537493448129489,0.006435066683079598,0.00764184103178623,0.007425470145075383,0.006581745366721253,0.005368889294404768,0.004233701925870578,0.0029379505138031783,0.0011357062629677149,0.0004553962391630168,0.00040770908373224176,0.00022965784080111046,-0.00010883928596395815,-0.00033804600742613446,-0.0008574346743956867,-0.0015179377911187075,-0.002427935866377392,-0.0035413780191889295,-0.0049425392042488385,-0.006561786068755606,-0.005376376123721549,-0.004424692267478983,-0.003727163012027623,-0.003156259690642897,-0.00277073066169652,-0.002439199992403334,0.0003087203456224855,0.0014103565335461493,0.003869152473194951,0.0012545402434146343,0.0015528329380206118,-0.00042477872650786483,0.0011859763739848247,0.003003500968224724,0.002632322316093031,0.001580884256579762
-0.002998802050163668,-0.0032210967150302296,-0.002552908526335651,-0.00018824547736839633,0.005580579695091968,0.017814132969579448,0.046413095383571704,0.06787188513641775,0.07215191425476566,0.06163231956396283,0.00044288855720527547,-0.1145099486582861,0.8728200407586911,-0.11555578375278987,-0.02967834399096727,0.03516388132594992,0.0527380541639123,0.04278999130744972,0.02286304223053741,0.015603077207579006,0.009952498914017636,0.005653894551499112,0.004708563715736107,0.00583928304634944,0.0073706924104439955,0.008461759158156534,0.008095256956483752,0.007175815242391043,0.005928537369844301,0.004706770244986615,0.0030512196287408983,0.0011931996219670359,0.0005026340835222386,0.0005142950414444973,0.00018726051987187395,-0.00036271276896528826,-0.000832962254280135,-0.0015179992359061047,-0.00242697045135759,-0.0035800210013531906,-0.005055679567300417,-0.006971145916429802,-0.009339662054529595,-0.0070201722281958215,-0.00532648124815395,-0.004143317774858817,-0.00324928284441048,-0.002588741457380739,-0.0020783940087240535,0.0001648013224569663,0.0017369392774184047,0.004568763817324667,0.0020629518387354235,0.0006836126740215898,-0.0004063784385119136,-0.0004414254118658369,0.0014379454769174456,0.001803794542366784,0.0012729351303135672
-0.003556354199140002,-0.004455011401034658,-0.005039579089016023,-0.004871794515998727,-0.0026492125762696273,0.0044196461679821206,0.026543480975850412,0.05305758822980771,0.06716384344099888,0.07105028266070766,0.052376968778035,-0.019605952939032084,-0.11555578375278987,0.8791584266259945,-0.09513105513916414,-0.0013750252349730633,0.04255592693359293,0.040366564621859925,0.029801390456066962,0.02059362137799088,0.013016434948244006,0.007418119942537011,0.005747363891219588,0.006749986397457335,0.0081553322294256,0.009037289364343016,0.008365623592459829,0.0070291842085246975,0.0054712232177075845,0.0040489891855717015,0.0025343873810551626,0.000552908123385809,-0.0001653646120059991,-0.00015984014191929496,-0.00034441786882793903,-0.0007385886242249462,-0.0010433527398674327,-0.0016428074869262084,-0.0024208644641159254,-0.0034734440161366337,-0.004797152585444545,-0.006604273462802542,-0.00877464982515433,-0.0067087028984822075,-0.005051577356321817,-0.0038397947849012123,-0.002894222541946421,-0.0021173964281674834,-0.00152308914761539,-4.7959001042406076e-5,0.002806370567443121,0.005144351722285299,0.0047976989590858546,0.003911638610781689,-0.00038949425110209246,-6.447012629498778e-5,0.0011795630845013768,0.0015042544650373823,0.0010524080825170252
-0.0035775771346264282,-0.0048504135682893084,-0.006167095610254751,-0.007186066322828606,-0.006653256605413523,-0.0016713953040363091,0.015168589500736084,0.03589904787575531,0.045756294616745186,0.05212486212969648,0.05246380020467098,0.03637063215124989,-0.02967834399096727,-0.09513105513916414,0.9519226905629009,-0.04930448098144925,-0.013024964270651803,0.011694440284345665,0.02290579144108778,0.019120584130466526,0.013174086724678302,0.008375316607261266,0.006821573449640132,0.007799125120597312,0.00886052773764047,0.009233028481088472,0.008262985886560532,0.006739580036806828,0.005191189265557149,0.0038005933328213825,0.002204071367506538,0.0005146073522074292,-0.000170020976386911,-0.00023375513215554783,-0.0005877465182966573,-0.0011288069233372279,-0.0016261406048118888,-0.0022631445076523324,-0.0030765958978277177,-0.0040374912902630235,-0.005200960858460267,-0.006731579364407815,-0.008439436182492465,-0.0061551066413236466,-0.004397979592354072,-0.003141335423787407,-0.002187249754495548,-0.001348947534590406,-0.000727135229394705,-0.0002860724070805271,0.0038735437016086394,0.004862994410170586,0.0083146144768555,0.00398993502422821,-0.00037397601774259053,0.00013200943006252557,0.0012495735717075926,0.0014858396867832545,0.000976488047158587
-0.0026646099896312464,-0.003851931598003785,-0.005277896505611032,-0.006683648521534681,-0.006948025131270837,-0.003351240023097778,0.008430649447664607,0.019668463184803642,0.02254257345022333,0.023750115931114757,0.0338669114671434,0.041678002103053176,0.03516388132594992,-0.0013750252349730633,-0.04930448098144925,0.9721346384508851,-0.0583511154957868,-0.020986681704767234,0.009328663504719158,0.01102914787329325,0.009022280472721978,0.0068606975907590465,0.00621848587004782,0.00701013269307643,0.007401898766448254,0.007126711199760204,0.006020918791882255,0.00459153649188995,0.0033283007440810465,0.002228951447639817,0.0011921855042229931,5.395627740433815e-6,-0.0004695171471110042,-0.0005706831132460418,-0.0007894019758833828,-0.0011497317210283347,-0.001495853228395597,-0.0019706735955833028,-0.0025455621598611993,-0.003188800490011808,-0.0038523815645324683,-0.004650410013085558,-0.005136327516062297,-0.003528611646629889,-0.0022043689896715348,-0.001261695822053926,-0.0005473671152663211,0.00016294851215473258,0.0006704076931715004,-0.0005522980648390962,0.0034223322756325,0.003161349994385361,0.00834913661876049,0.0021302939832619277,-0.0003379931211831896,0.00017249778102497904,0.0016876979286790347,0.0018469095702709085,0.0012287800728482507
-0.0006030066931224013,-0.0011581280800361893,-0.001981926376056479,-0.002958880906117986,-0.003413542953486397,-0.0014531063546634484,0.004033699432204657,0.007758570861273883,0.0049398941404349556,0.0036234537401189197,0.013056975147506377,0.03715453373205754,0.0527380541639123,0.04255592693359293,-0.013024964270651803,-0.0583511154957868,0.985571445599606,-0.036216784534819475,-0.011027229678893235,-0.004173309893820116,-0.00032973897473429186,0.0019927401611214085,0.003211077904667808,0.0038424104205978566,0.0035013059239546486,0.002777373745681101,0.0020329909746389153,0.0014401035457675523,0.001084513578418158,0.000742834581497481,0.00035533588611395307,0.0001858499618827096,0.00010916424160347941,-1.2840488779646463e-5,-0.00022744103378407755,-0.0005217207441107974,-0.0008595752494514089,-0.001165650833566365,-0.0015391116670136283,-0.0018143591655708873,-0.001980653545286464,-0.001953925548868576,-0.0012122753422289109,4.201845384706399e-5,0.0009641500367220011,0.0015028955082494516,0.0018510264980484145,0.0022622276068720755,0.0025103750245934527,-0.0007919219568134408,0.0007472707068640932,-0.000305267052812836,0.0029781205685604985,-0.0009447907784036535,-0.00025919318702689566,0.0002757917371422898,0.00222175270365109,0.002260615505815586,0.0015973040048633054
0.00146767820391713,0.0015637331350988966,0.0013448518083739715,0.0006996502856034017,-0.0003733048408715577,-0.0012128819646944954,-0.0029033328922559226,-0.003103521192761892,-0.005358396064106944,-0.006774366389300106,0.0027521803608292813,0.022947341563093707,0.04278999130744972,0.040366564621859925,0.011694440284345665,-0.020986681704767234,-0.036216784534819475,1.01161173737089,-0.02878357791174582,-0.019758002170445293,-0.01191687297982756,-0.005982930063808599,-0.0026089329584580764,-0.0012301888948211364,-0.0011285119198484116,-0.00135860056983737,-0.0013600816747826585,-0.0011736456455238291,-0.0009078107630111258,-0.0006783235691002863,-0.00026338991640960916,0.00041072220380082043,0.0006286295109732318,0.00039696929958957467,0.0003419190844334215,0.00033499043716068104,0.000288602695005909,0.00034800962791721755,0.00044735531365182037,0.0007798908557093722,0.001396775078744882,0.0025381779807680995,0.004807433751286355,0.004984769410391547,0.005054707516490574,0.00489611769379497,0.004680106622256337,0.00462412110137424,0.004494420180886116,-0.00099336866571899,-0.002427862731898726,-0.0038901104114789833,-0.0038414584037992925,-0.004225521075721385,-0.00015591279678727773,0.0005652807030259445,0.0022707827273920436,0.0021894967173702864,0.0016720677812553028
0.0029147931465250796,0.0034485160755631595,0.003595906333678293,0.003046982209065875,0.0011553911189448947,-0.0026354532685184152,-0.011004371228742033,-0.011674411105121438,-0.01145043806543319,-0.009421660802400183,-0.0031763553772690234,0.010808253884749071,0.02286304223053741,0.029801390456066962,0.02290579144108778,0.009328663504719158,-0.011027229678893235,-0.02878357791174582,1.0115334416449893,-0.03213838134485733,-0.025492024903813408,-0.01874879337186492,-0.012623468984421364,-0.007909311834005351,-0.004317312214806271,-0.0019832492785820514,-0.0007541514413213585,-0.00022299529983343347,-0.00016558084467093427,3.221990994278798e-5,0.0006415302147173205,0.0016561767555846895,0.0017991213682448338,0.0012402708272169153,0.001135165106270846,0.0012858675688999979,0.0014880985472397062,0.001927746200550177,0.0025280061244671364,0.003491574127816462,0.004845993780184822,0.006966269962743437,0.010327010455534514,0.009787453878438107,0.009169200279085384,0.008365653748969502,0.007597579669469251,0.006990099367242878,0.006414885430345305,-0.001124071488677875,-0.004911202785771033,-0.006690607461820532,-0.009205522008122845,-0.006514317369285965,-9.169983866151726e-5,-0.00012439672544099678,0.0010990900729641931,0.0010997037884031863,0.0010391927363590197
0.002989275826843583,0.0035217039580441706,0.003604476430142168,0.0028488377219099493,0.0002802429812848544,-0.005340226248122861,-0.016813605601223344,-0.016897877645975248,-0.013859317529118868,-0.00935259885807033,-0.0025800759088683884,0.007338714667744399,0.015603077207579006,0.02059362137799088,0.019120584130466526,0.01102914787329325,-0.004173309893820116,-0.019758002170445293,-0.03213838134485733,1.0132521411654076,-0.036234964875050166,-0.032682904861285826,-0.024215484921279277,-0.014270700236085369,-0.0048120206431298655,0.0015172425807089833,0.004050722265796026,0.004248300993699625,0.003199124095019982,0.002654702096121504,0.002859492560588797,0.003287352140283214,0.002857425862043692,0.0017207273447526256,0.0014423095659156322,0.0016742793361956545,0.002137473524756464,0.0028888324488682998,0.003964653911443831,0.005460290470445552,0.007508786232488612,0.010544169039087005,0.015064131836500115,0.01404393048610513,0.012957920120318914,0.011623835038648582,0.01038661014372539,0.00922170972541845,0.008192032871392899,-0.0011358509093779437,-0.005429541484551812,-0.007458462809425175,-0.010162906522415683,-0.006633661380250121,-0.00012222334741237342,-0.0010036246116881403,-0.0005866428536253983,-0.0003730505560183873,2.009769071518749e-5
0.002645254931483929,0.00306477691703878,0.0030078104292618523,0.0020934977220383667,-0.0007427143972125821,-0.006956371204738448,-0.019019104396544417,-0.01843018627037622,-0.014221557110870609,-0.008934522415027587,-0.002608298813782621,0.004493531004873364,0.009952498914017636,0.013016434948244006,0.013174086724678302,0.009022280472721978,-0.00032973897473429186,-0.01191687297982756,-0.025492024903813408,-0.036234964875050166,1.0050371367905526,-0.04428192299412117,-0.03425376506916448,-0.019639830937270585,-0.004753193753772948,0.0052272104648750746,0.008876143723248383,0.00863048587248988,0.006473309215159169,0.0051627422352663885,0.004876360513271217,0.004630009067922011,0.003608449990547809,0.0019554297637294025,0.0015084039700349772,0.0018116237382417187,0.0025200467217832145,0.003567705257707262,0.005098504584977059,0.0070680629754558974,0.00970634833947963,0.013413603660067136,0.018646108171543538,0.017114899438242626,0.015594008617114925,0.013821717300403186,0.012221309503469517,0.010616281315203861,0.009239003812541495,-0.0010969908873118392,-0.0048921800897715586,-0.006836614784053006,-0.009061332859773924,-0.005915187917281807,-0.00015498273414575953,-0.0014268349534332604,-0.002165240916518847,-0.0017746183563725048,-0.0009969113371345783
0.0021914660222806244,0.0025090885909660634,0.00238476025009574,0.001491539306835809,-0.0011791064060864222,-0.007051364908778487,-0.018084776477621082,-0.017024683218497694,-0.012375973749212552,-0.007131145092790035,-0.0019252818713832289,0.0024544597296864475,0.005653894551499112,0.007418119942537011,0.008375316607261266,0.0068606975907590465,0.0019927401611214085,-0.005982930063808599,-0.01874879337186492,-0.032682904861285826,-0.04428192299412117,1.0016137134566354,-0.03778608166625639,-0.022094684845650768,-0.005524618794677831,0.005671885902581373,0.009780488552477906,0.0095056838774984,0.007111529533548616,0.005661048609838793,0.005280108935763472,0.004762432553556979,0.0035410857833602888,0.0017350566145993619,0.0012885344914319136,0.0016961479106819483,0.0025762034381451204,0.003816692693186208,0.005615517641297112,0.00783127707665094,0.010729014554364778,0.014634013715093477,0.019900009276842837,0.0179179838401125,0.016085129073219087,0.01408350988612437,0.012327241906243711,0.010535484758779003,0.009028625616847396,-0.0009994291954203655,-0.00390766208321676,-0.005529429080439706,-0.007160185384114029,-0.004876800600818415,-0.00017315556004741855,-0.0015016813361423036,-0.002949130577201309,-0.0025035312429530884,-0.0015539448665215722
0.0018474451265388728,0.0021311976204903475,0.0020524893309179907,0.0013633478303064872,-0.0008192536312312315,-0.005755258561347061,-0.014944384254191442,-0.013739948469335822,-0.009135107296916394,-0.004213459687034124,0.00012433740014969533,0.002848530292189073,0.004708563715736107,0.005747363891219588,0.006821573449640132,0.00621848587004782,0.003211077904667808,-0.0026089329584580764,-0.012623468984421364,-0.024215484921279277,-0.03425376506916448,-0.03778608166625639,1.017564682332154,-0.020238093962347253,-0.007977997919061286,0.00044142054382260884,0.003944573977387876,0.0043609508000700715,0.0032290760352255456,0.002739117388807045,0.0030180401376632923,0.003059083240149266,0.00233367906222423,0.0009575227323828132,0.00079754953138624,0.0013969434067215845,0.0023606652864378392,0.0036657017437954588,0.005492976016268081,0.007685651340708059,0.010453318181925323,0.013997082325362087,0.01850418425754576,0.01579558591801826,0.013610989691973057,0.01159868675622681,0.009941948001000253,0.008332904701622242,0.007017694929217411,-0.00088564302479124,-0.0029821443930825864,-0.004240085250843848,-0.005441359762774241,-0.004094264544943104,-0.00015147661221893302,-0.001306065360406066,-0.0026629089536881045,-0.0023264752723543454,-0.0014500968020397054
0.0016567415843058177,0.0019616509175465224,0.0019952550385478906,0.0015890684175785866,-8.274187099630342e-6,-0.0038936911988421796,-0.011227034212843977,-0.010091859875031195,-0.005736577021947234,-0.001137621619168784,0.002663985520420191,0.004537493448129489,0.00583928304634944,0.006749986397457335,0.007799125120597312,0.00701013269307643,0.0038424104205978566,-0.0012301888948211364,-0.007909311834005351,-0.014270700236085369,-0.019639830937270585,-0.022094684845650768,-0.020238093962347253,1.0324241451238585,-0.011965177721115544,-0.008610166498386054,-0.006301585515261982,-0.004634481736110504,-0.0034952326875322503,-0.0022785199990717764,-0.0008335611081313548,0.00032103546110277484,0.0005611208775622285,-6.149084484559863e-5,0.000295480672935974,0.001233041477509817,0.00231379000329968,0.0036862179001861217,0.005460420159790193,0.007525311077462525,0.010000101848707435,0.012981423919141383,0.01650341692669109,0.012848202489884398,0.010243916403076052,0.008255349988595678,0.006767553938167244,0.00546625145430695,0.004455222870115949,-0.000791253081927565,-0.0023684633434119455,-0.0033549266222045898,-0.004339181654328321,-0.003698902192808308,-0.00013709893886879038,-0.0009439055827740004,-0.0017601413714478926,-0.001628056016271916,-0.0009390786290955398
0.0014485576483784332,0.0017643703147203807,0.0018998619053041143,0.0017516323831624422,0.0007170212465134636,-0.002103678905678756,-0.007588631810540967,-0.006516264914552751,-0.002525123757816169,0.0017120912867592333,0.0050635915565848694,0.006435066683079598,0.0073706924104439955,0.0081553322294256,0.00886052773764047,0.007401898766448254,0.0035013059239546486,-0.0011285119198484116,-0.004317312214806271,-0.0048120206431298655,-0.004753193753772948,-0.005524618794677831,-0.007977997919061286,-0.011965177721115544,1.0334774377545806,-0.017695702161979982,-0.016851786799180923,-0.013981337020806364,-0.010477594218072215,-0.007561229349809839,-0.0049691534378044815,-0.0026396641970923515,-0.001355937238245437,-0.0011046389916147203,-9.61824412415013e-5,0.0013216862994931925,0.0025957664127129526,0.004037846739984337,0.005710798660151772,0.007583304190275159,0.009706801089133675,0.012058762453577275,0.014575492863255301,0.009846384724607023,0.0067891885397629356,0.004833145712158375,0.0035383857521269616,0.0026093573706627736,0.00195062154096977,-0.000671557573805899,-0.0019001347688874458,-0.002673909141704431,-0.0035264235566810844,-0.0034604133119580764,-0.00015446657631448119,-0.000467075665607309,-0.0005764639851381363,-0.0006832099589807524,-0.0002443398744686618
0.001297259355282081,0.0016178819148806682,0.001824676765538704,0.0018737481165801912,0.0012832219689758726,-0.0006769011583820208,-0.0047229440022394315,-0.0037498051011902868,-0.00029617784685755745,0.0034267445878353323,0.006441773735301959,0.00764184103178623,0.008461759158156534,0.009037289364343016,0.009233028481088472,0.007126711199760204,0.002777373745681101,-0.00135860056983737,-0.0019832492785820514,0.0015172425807089833,0.0052272104648750746,0.005671885902581373,0.00044142054382260884,-0.008610166498386054,-0.017695702161979982,1.025120840725332,-0.02431872465731297,-0.020937716007511785,-0.01604329069956838,-0.012045156175248857,-0.008519188466627437,-0.005063934035655987,-0.0029239948238038234,-0.0020052490487102643,-0.00034249961433814553,0.0016731130734402122,0.0032292234385135218,0.004738035522270868,0.00629169413731996,0.007973562044416228,0.009841511598084595,0.011750176844988745,0.01359870620263923,0.008072401989827073,0.004665233201882398,0.0027128959436716013,0.0015336055725318348,0.0008671577493577573,0.00044836135281798906,-0.0006282311418720908,-0.0016831032556858987,-0.0023535822811917755,-0.0031791818598012013,-0.003603532432665448,-0.0002168355035024904,-6.415081064160792e-5,0.0003485621055639974,3.740975331954507e-5,0.00027348749252241146
0.0010928415037630647,0.0013836675969416984,0.0016071568080648106,0.0017588862092405883,0.0014711304728115813,0.00016641762802426687,-0.002732314940783719,-0.0018588723085817087,0.0009651674271199156,0.0040037956496740855,0.006536808001009861,0.007425470145075383,0.008095256956483752,0.008365623592459829,0.008262985886560532,0.006020918791882255,0.0020329909746389153,-0.0013600816747826585,-0.0007541514413213585,0.004050722265796026,0.008876143723248383,0.009780488552477906,0.003944573977387876,-0.006301585515261982,-0.016851786799180923,-0.02431872465731297,1.0233003999454762,-0.022980103078127253,-0.01852650753999684,-0.014635238079094006,-0.010483917886467563,-0.006011426195589208,-0.003617775026348331,-0.0027684516614039497,-0.0006487995857020592,0.0020596891039328666,0.003933739035555103,0.005409356466838222,0.006641822683982725,0.007909508470680685,0.0093252555576661,0.010708350803837415,0.011928385248844804,0.006835948361115255,0.0037083870429229166,0.0019735621831607213,0.000940128375129425,0.0004249705650577843,0.00011144074697028302,-0.0005655122389639413,-0.0014420741733693829,-0.0020075000384819327,-0.0027694914148786646,-0.00351106270857247,-0.0003200878081915399,0.00023484015935589113,0.000840617007387865,0.00038747715021779757,0.0005275366143131796
0.0009030419978491507,0.001148127594443561,0.0013457519723651314,0.0015100454795873542,0.0013490757112037252,0.00040779595012992756,-0.0017740593960999908,-0.0009650149386585362,0.0013779124430901497,0.003804837126089245,0.005987659564879699,0.006581745366721253,0.007175815242391043,0.0070291842085246975,0.006739580036806828,0.00459153649188995,0.0014401035457675523,-0.0011736456455238291,-0.00022299529983343347,0.004248300993699625,0.00863048587248988,0.0095056838774984,0.0043609508000700715,-0.004634481736110504,-0.013981337020806364,-0.020937716007511785,-0.022980103078127253,1.0270255659952217,-0.019544589056215186,-0.016604429878213495,-0.011045286872511035,-0.004331702790779042,-0.0026440453244213624,-0.0038034935607082457,-0.0016035377035284186,0.002325089984738272,0.0047037872946208365,0.00603548724727324,0.006656802410960751,0.007217181376045364,0.00793856921626804,0.008679410595335552,0.009289764585024087,0.00568482119568965,0.003364867287380745,0.0020613523420718424,0.0012223610353923786,0.0008135833868025198,0.0005284433347200982,-0.0005216163089770216,-0.0012520147268740098,-0.0017434476251529593,-0.0024427319546571073,-0.003338426458621545,-0.00042089299633140824,0.0004343700190529909,0.0011341465988567998,0.0005504435352686296,0.000613712973187456
0.0007337174140570272,0.0009312142402891146,0.0010902738872115997,0.0012343094510930575,0.0011285738400630765,0.0004087480898013304,-0.0012931398671605526,-0.0005547770410046526,0.0013564709068415832,0.003216267070562053,0.005063981112463033,0.005368889294404768,0.005928537369844301,0.0054712232177075845,0.005191189265557149,0.0033283007440810465,0.001084513578418158,-0.0009078107630111258,-0.00016558084467093427,0.003199124095019982,0.006473309215159169,0.007111529533548616,0.0032290760352255456,-0.0034952326875322503,-0.010477594218072215,-0.01604329069956838,-0.01852650753999684,-0.019544589056215186,1.0290068018436593,-0.01837499736441311,-0.01026391548588205,0.00031711827408139795,0.0004169445072092868,-0.00497651433976218,-0.0032070724528276955,0.0024086124699829294,0.005419907204010387,0.006613869249745348,0.006425403962411148,0.005990392309021517,0.005658384713901538,0.005495300074001844,0.005333732130267348,0.004224565318726098,0.00326708444169156,0.0026327621643097514,0.0020742500938827433,0.0017383786037689412,0.0014237420139269193,-0.0004815954504307359,-0.0010757996406912118,-0.0014974386141019748,-0.002117409567902867,-0.0029404801026242187,-0.000491777442173823,0.00046384658778807057,0.0012278619312156808,0.0005351661846879467,0.0005848075067003374
0.0005318943744002006,0.0006827701228854963,0.0008133720065343819,0.0009429287916536722,0.0009052094985583095,0.00044021238983199675,-0.0007165608283432396,-0.00012528767076591354,0.0013631432774315751,0.0027019875953608417,0.004183891117946302,0.004233701925870578,0.004706770244986615,0.0040489891855717015,0.0038005933328213825,0.002228951447639817,0.000742834581497481,-0.0006783235691002863,3.221990994278798e-5,0.002654702096121504,0.0051627422352663885,0.005661048609838793,0.002739117388807045,-0.0022785199990717764,-0.007561229349809839,-0.012045156175248857,-0.014635238079094006,-0.016604429878213495,-0.01837499736441311,1.0303669967409421,-0.01357446830136775,-0.0055079319448941965,-0.0033193159558377225,-0.004562887619706132,-0.001893538761869369,0.002469032777304871,0.004892731347881302,0.006277802632209538,0.006338564666245607,0.006005633142887792,0.00584610730398032,0.005954052268844195,0.006239473179681744,0.005169828895552688,0.004157389691665356,0.003434693620976157,0.0027644141848302277,0.0023219580623889007,0.0019108613558672719,-0.00036129565247345035,-0.0007666653541966468,-0.0010676370006037555,-0.001552555728920159,-0.0023062377820069033,-0.000492622002936973,0.0007243175259108618,0.0012487102595228107,0.0005762912152482953,0.0005497463617177105
0.00031195330400728805,0.0004225458624766375,0.0005446797461257516,0.0007036433372892121,0.0008248715860163874,0.0007871594006452349,0.0004264404483848982,0.0007911333961936289,0.0016068787160061903,0.002292028734801076,0.003052803789248378,0.0029379505138031783,0.0030512196287408983,0.0025343873810551626,0.002204071367506538,0.0011921855042229931,0.00035533588611395307,-0.00026338991640960916,0.0006415302147173205,0.002859492560588797,0.004876360513271217,0.005280108935763472,0.0030180401376632923,-0.0008335611081313548,-0.0049691534378044815,-0.008519188466627437,-0.010483917886467563,-0.011045286872511035,-0.01026391548588205,-0.01357446830136775,1.0202381084878547,-0.04401147724190426,-0.02990162492662518,-0.0018625543458364554,0.0065723324107904105,0.0022505973955343687,0.0013918770552172454,0.0033302795332865722,0.005889676940939904,0.008491266400219348,0.012020912989502435,0.015963535514507396,0.020701819009086225,0.013797763731636745,0.009194125842599163,0.006343094052875639,0.004406625781601306,0.003215146878004078,0.0023752150306624383,-0.00020313741829407696,-0.0003285533695455179,-0.000452116334459147,-0.0007227354839599839,-0.0015058169948391758,-0.00040007454060643033,0.0020196342538301216,0.0011323288885902534,0.0007905199983046805,0.0004623180729414465
