1.1834368615800643,0.48910367797728627,0.7684969218250466,0.0955581539237909,0.04361195294245208,0.23665544849979483,0.27354192397781674,0.1160279404272985,0.12999542011402151,0.11081870367574151,0.1528607278204831,0.19254549853834171,0.10207445174472665,0.19577667868888904,0.16326984601022332,0.14527372309079423,0.1334122296384769,0.16171210472456535,0.0970764112675193,0.16319475393869773,0.13161883243332673,0.13264770589101385,0.18974678703797615,0.035525633039158434,0.15953065590102256,0.21750232535483993,0.14733321207911151,0.020236663838054097,0.0799129346502269,-0.01968326673768972,0.1897555420507084,0.17004912751357104,0.13899292200013091,0.013511313874778613,0.05940489960977645,0.3163266027142671,0.07446591224182429,0.12095657662971479,0.038337715913752,-0.012750367048156035,0.11147149127617992,0.11930529273903799,0.003361549788888579,0.01860343418999464,0.05781718723393085,0.24306485290778165,0.04583097584945613,-0.03388807301684293,-0.3645758289232005,0.005632348590936121,-0.04869394868277553
0.48910367797728627,2.377853482079269,1.5364038873369528,0.14951255586870685,0.01987453439978713,0.45981934602590374,0.3138560347442311,0.2516089871103073,0.15727976695809298,0.349430491940559,0.2872385054581429,0.3464302302506959,0.16273353825495315,0.2509771998224978,0.2541864521993654,0.23127274763765734,0.3244806499733859,0.4459676315098901,0.16363276206017316,0.5444646123019966,0.2211498665491792,0.17946481751158366,0.08314230351739113,0.17135728041716758,0.26472770348464086,0.3736720420215764,0.513050410410349,0.29982702302865666,0.33842581433789326,-0.11762514406574462,0.36949359150661576,0.26457159306343814,0.09437344989171473,0.4124566740489607,0.16248508068059886,0.598516781454358,0.1373415888430691,0.2983899975918508,0.06102427727578336,-0.025801442121288418,0.08609745144116426,0.23658656461619795,0.11338886655791668,0.01978579967560253,0.2336359453887977,0.3874303941078031,0.1651526343341862,-0.05000750918812206,-0.7317237261087363,-0.09079395983963023,-0.0434865299276718
0.7684969218250466,1.5364038873369528,3.4351943214858336,0.244095898334362,-0.2235031073991491,0.6829438463122809,0.4756682775572511,0.3355854119395212,0.2978873024245394,0.41242848371450574,0.3492801027188587,0.43147569084263204,0.22047693610099744,0.3326705487017556,0.32158589831654855,0.26932752642750735,0.3633758039266472,0.408256496371466,0.16666798565724666,0.25532155581236476,0.20391283052965548,0.2656251542701153,0.16588562780552238,0.24029115740631013,0.3599860655991242,0.559797593392292,0.3858886353625369,0.3587230467922302,0.25184814324968385,-0.646616397014841,0.3848808888051118,0.3391229823192835,0.03729733287600429,0.5325510747603353,0.07419768190252204,0.840893478057418,-0.10087159680297685,0.1921844748193684,-0.1452047046288238,-0.29948907731489227,-0.09401737957581438,0.19877855723309493,-0.11457045823641727,0.04312453036086893,0.140792891902802,0.6368161034939184,-0.09878410214132136,-0.17011426379847605,-1.5022267633650972,-0.1548536741266518,-0.014455744403980246
0.0955581539237909,0.14951255586870685,0.244095898334362,1.459939053972194,0.5167580889562057,0.4876311014353191,0.44248759919702646,0.3481101801547596,0.16565500974198905,0.318826908072694,0.29822810302515795,0.4055208518083615,0.2234462255200288,0.3868597884817869,0.2109061620040032,0.3745047265482712,0.3606599410484776,0.18949949762724339,0.37046865269346313,0.2537115461765836,0.18040110028801734,0.2661111692727743,0.14395537660763805,0.2182455616517361,0.2502431666176176,0.3084203571285586,0.1564281546401902,0.08164768628363424,0.2764664852287308,-0.10236937538490005,0.2042307174564081,0.339785429052508,0.11247288181944272,0.34677832166465244,-0.22250603563489324,0.38184433963997905,0.01461073614215819,0.15879392171878892,0.17828650224037576,0.04554180748879807,0.15548663460172857,0.16352642444830834,0.0811422418197607,-0.005073176102352339,-0.09886448329027246,0.24612709849865463,0.10459382364387503,-0.031350888464289975,0.09448027266043064,0.04376495775012508,-0.08730001489098982
0.04361195294245208,0.01987453439978713,-0.2235031073991491,0.5167580889562057,1.3705391131632798,0.3098751170947973,0.31231778124535586,0.32855566297856204,0.16421984006528215,0.3583096789667476,0.2720012719594008,0.33771178151006953,0.23155989646782274,0.2776738670112082,0.2464091278917973,0.3426554499698558,0.2934271784903682,0.1883885485264325,0.5828194869757054,0.20962910681451288,0.15374206158585974,0.250116153878179,0.09776663194225903,0.2445708720564076,0.21471879183586443,0.22337631812011227,0.16391157966897577,0.07579345743180022,0.2715746075724763,0.06690142671633834,0.17097563470480404,0.2628064120549175,0.07014450755748554,0.2526955750832453,-0.15917929405390002,0.28243195941744004,0.08755243490584302,0.12237267291283661,0.23951779541574716,0.11724954577338702,0.18104069262714212,0.1467220231057041,0.14690089672625628,-0.003973705214518085,-0.06007732632753684,0.1415634099805053,0.17609859233864114,-0.01514237398198372,0.3040632344469281,0.020834911937318297,-0.017217563818741975
0.23665544849979483,0.45981934602590374,0.6829438463122809,0.4876311014353191,0.3098751170947973,1.1945527529758178,0.3707745568185077,0.3029394538969596,0.15021078918713385,0.2629387287112898,0.34972126988123836,0.4745614122113633,0.22903223142718868,0.3908197810877935,0.23429805063271522,0.38521801080914075,0.4461920427135706,0.2649279084213259,0.5337385905962712,0.35305925536837246,0.19383304468006346,0.2653999183006775,0.14964868137375836,0.2775153991980259,0.2887820535638863,0.3797622381166219,0.19436980140819426,0.12884080663184594,0.3958297013992062,-0.08333265296205233,0.25744623475994216,0.3564487749912097,-0.05652079906818123,0.42735984440753405,0.1230699441994142,0.4446041795636025,-0.03491172192753591,0.201287121976523,0.1414114563286294,0.07232736845242961,0.0606772615212489,0.20666425576039052,0.10303603953394946,0.01327965665979526,0.1066892065839929,0.2589960966704892,0.08072621378287068,-0.06013297434490487,-0.25481060116100407,-0.07134383447836222,0.012102979715429925
0.27354192397781674,0.3138560347442311,0.4756682775572511,0.44248759919702646,0.31231778124535586,0.3707745568185077,0.8237747957543746,0.159919374311342,0.2716201352284815,0.1706545274589361,0.29470242257978474,0.42603296229979837,0.1885146585220201,0.17926110497004163,0.24234256314293742,0.22227383529886083,0.30846269120327097,0.19371678023518046,0.25226922432536036,0.21725440223431686,0.14918498550388576,0.2310195991066292,0.09868200460231662,0.20112038253535383,0.22522547569500048,0.2925399148904205,0.21082766887251148,0.11004190456185212,0.25468916110030915,-0.07357365694557079,0.18559914206469044,0.21952106497835827,0.03376777645408831,0.3069596341367575,0.04427393807803773,0.32896924971049507,0.03070441899389758,0.12756551131967445,0.1744951591711767,0.06510480171179676,0.056192677433733726,0.1508028741780159,0.09495498865247168,0.009817375624454944,0.03696033762131467,0.1636521625851397,0.09663766064122649,-0.0303774480843562,0.013066382785919655,-0.03741866837917266,0.011775719506632674
0.1160279404272985,0.2516089871103073,0.3355854119395212,0.3481101801547596,0.32855566297856204,0.3029394538969596,0.159919374311342,0.8842000812202656,0.21967127313278983,0.4898621006419893,0.2884621780167816,0.1881699569996121,0.26300767579732687,0.33870817381772705,0.16940962949786523,0.24866367506532863,0.25113654319909184,0.27282966777625894,0.26366240642159144,0.23463456705198937,0.2122360921593966,0.23786768177304277,0.162217190034708,0.19800457261701676,0.2781501777044684,0.35870861057816716,0.2453121555567267,0.018403780596768216,0.29111088143378766,0.10727429568894147,0.2191587228209602,0.2802526273508299,0.06954361963290823,0.3585164005525032,0.24728219993277262,0.28845803518642754,0.2916094881086771,0.13624208864835688,0.30142526362951216,0.11125486335036235,0.1735878413796932,0.20226078568386047,0.16642706800769158,0.024847781725363612,0.07754390932515114,0.2835252451507822,0.25013823966970433,-0.018883292737918667,0.07513151423013503,0.12164735057290704,-0.0822236827951329
0.12999542011402151,0.15727976695809298,0.2978873024245394,0.16565500974198905,0.16421984006528215,0.15021078918713385,0.2716201352284815,0.21967127313278983,0.7781363083567675,0.11444072635109519,0.18359359438608328,0.15449505305992273,0.14467707725175946,0.17571223794493088,0.2890489370397746,0.10484841549181703,0.12607582039971976,0.1849115219572773,0.12393482678608861,0.07305839703897016,0.19045732233508217,0.3892607831128223,0.06723092405971824,0.22819075116701792,0.16265899016080296,0.3531861398800822,0.1569106557161323,0.15586226083176988,0.24533171098569584,0.024362193173741133,0.15957763153323082,0.21072175038745267,0.10026194617910877,0.267381712270367,0.14464840134648996,0.27068637241460203,0.1668985713673698,0.07304039131540994,0.1707349387460829,0.0778790746283845,0.1053798541541039,0.1777846046982788,0.14154179911855266,0.03808931250291475,-0.0006745347538574544,0.1691273112447194,0.12741261794446218,-0.05397976339353982,0.3386948684675815,-0.0166463918955449,0.022548832560980798
0.11081870367574151,0.349430491940559,0.41242848371450574,0.318826908072694,0.3583096789667476,0.2629387287112898,0.1706545274589361,0.4898621006419893,0.11444072635109519,1.2975635105441565,0.34686587606375363,0.39266042655093447,0.2384778801578273,0.3304713402336189,0.2840351765121694,0.3242700833556659,0.39042640683148444,0.36443531269220547,0.28069095437256064,0.209667150150455,0.17924366141624815,0.22727205370632633,0.20576294798226907,0.2666635783562067,0.36243094839218737,0.284572365173963,0.43131094099012307,0.10220242561106228,0.35410337812961834,0.1652719572387753,0.2524755141829602,0.275367067484766,0.013162233215602863,0.4236248292478676,0.27449305406377705,0.46078871765289275,0.25654236811804454,0.11612655693576415,0.3221095975906986,0.13253108855870485,0.19323357249561687,0.19675376152950025,0.20786498747490384,0.03302209737657348,0.06756364650266858,0.303097421499637,0.36625477728262396,-0.03506671941343409,-0.09521694802496629,0.010086802972115054,-0.02983362124257907
0.1528607278204831,0.2872385054581429,0.3492801027188587,0.29822810302515795,0.2720012719594008,0.34972126988123836,0.29470242257978474,0.2884621780167816,0.18359359438608328,0.34686587606375363,0.5597161723453967,0.4519587563365521,0.24750616470237488,0.2734586275100796,0.38896011204904163,0.29057066701740664,0.3513793280613132,0.25069490584704485,0.2342180140087973,0.31568344228685147,0.18673310957484585,0.22512083785317502,0.09081880705413382,0.2632223093866914,0.2972562884078269,0.32527533214080995,0.26434553865179106,0.17423225832114989,0.3530594246613946,0.1259207762084473,0.25002682959802086,0.2701392080401411,0.006630419681426346,0.3434549353173505,0.27597386571877425,0.36301111590256424,0.169460558969518,0.16556342714360234,0.28563499399783715,0.14078568627512011,0.12302512000389784,0.2064361002900034,0.19325693484186937,0.03836532040496453,0.1395889448569951,0.2002448809799839,0.22906445907739187,-0.009436908928382899,0.05325012282414004,-0.04500961114770375,0.017268793073110304
0.19254549853834171,0.3464302302506959,0.43147569084263204,0.4055208518083615,0.33771178151006953,0.4745614122113633,0.42603296229979837,0.1881699569996121,0.15449505305992273,0.39266042655093447,0.4519587563365521,0.8224243054909061,0.21346241715251407,0.3130215213723246,0.3715333326319002,0.37620918239715123,0.4749076728157072,0.21792299909374999,0.3076747108855674,0.3518892026452085,0.16829374159691243,0.2517470832042839,0.1708453560006761,0.277734021893924,0.3593215621804062,0.35992106211797,0.3124688209924657,0.10459457749808174,0.4031869972663861,0.04277770765268002,0.2528227884437002,0.3268933289998672,0.008017797246087229,0.39388064950697155,0.2596937278416218,0.4591506613505874,0.026155867247149082,0.18525784099455972,0.26913979617948136,0.1464244747119875,0.06864424261929897,0.20420523578435038,0.15891656590918896,0.013713325690950065,0.10011204125234793,0.20015061395682054,0.19338795373477502,-0.02302837239346223,-0.022349081962639517,-0.12838302006281652,0.03741516416286846
0.10207445174472665,0.16273353825495315,0.22047693610099744,0.2234462255200288,0.23155989646782274,0.22903223142718868,0.1885146585220201,0.26300767579732687,0.14467707725175946,0.2384778801578273,0.24750616470237488,0.21346241715251407,0.40203225514354995,0.19251937706411945,0.1384668729748508,0.20893611299130346,0.1952881304213925,0.15864287059197568,0.20780078245968328,0.1332064109399612,0.1484607226389041,0.18627213388519878,0.035486407834954485,0.17294669593464734,0.17164906908329114,0.2394757251902975,0.17733224894882732,0.13137823409821928,0.2082279115635762,0.08452306179587574,0.13851936166969975,0.20663751904781397,0.08254972472561069,0.20463371164013872,0.14936260758383751,0.23257696186261742,0.15067342226205832,0.08372544317816255,0.1572321078597779,0.07755446456834175,0.112668489480101,0.1487633732097163,0.12796874960836388,0.02231091890693465,0.03728517844895711,0.16703098475094064,0.14631273347483076,-0.009511514529042153,0.08793073658194442,0.008161735627145202,-0.015340298451801845
0.19577667868888904,0.2509771998224978,0.3326705487017556,0.3868597884817869,0.2776738670112082,0.3908197810877935,0.17926110497004163,0.33870817381772705,0.17571223794493088,0.3304713402336189,0.2734586275100796,0.3130215213723246,0.19251937706411945,0.6875061770818222,0.2538081351485941,0.4634268198652458,0.3166974038463013,0.2146496265447208,0.25989097551718054,0.28398448206243837,0.2204429278897636,0.3140107491878347,0.1562200384478937,0.26426900576463563,0.27756412049130313,0.34848182477732453,0.08069313870871657,0.14512983004783025,0.30803368547050997,0.1016750498432607,0.2399873704390098,0.46896262721551246,0.12262107928407742,0.28577002166593685,0.20190723753726755,0.44022777046248684,0.11373988819015489,0.18328828739176925,0.14469827307835054,0.0935455873016189,0.18320517315751408,0.23176032569537025,0.08901172530949826,0.025299773627508893,-0.012783026507569906,0.2654835220680727,0.18738589865529998,-0.03313588516145364,0.05589025356298404,0.004174481729499093,-0.03915534522462338
0.16326984601022332,0.2541864521993654,0.32158589831654855,0.2109061620040032,0.2464091278917973,0.23429805063271522,0.24234256314293742,0.16940962949786523,0.2890489370397746,0.2840351765121694,0.38896011204904163,0.3715333326319002,0.1384668729748508,0.2538081351485941,0.8813955854716996,0.2570436795867834,0.3063858306460077,0.3221512812798105,0.2006036242551601,0.2987246381533192,0.21140685995273756,0.2273992105181931,0.06391299808430882,0.30641163936053906,0.3152584783303414,0.275202070621778,0.16222480029664318,0.2672223342307598,0.3717893174302985,0.2069540563637952,0.23848940648487038,0.24836848932215772,0.0108003777808487,0.3426066388217482,0.2656522693313052,0.38966852008205005,0.22355555485594547,0.15853627057014152,0.27021564872609083,0.1386248280721696,0.1733590576558179,0.2291895772427758,0.238483254784106,0.05972974489487283,0.17296769398896422,0.2307423590158043,0.27480081199807926,-0.010041623893353916,0.038912746609121966,-0.08308880567689751,0.03338968765991892
0.14527372309079423,0.23127274763765734,0.26932752642750735,0.3745047265482712,0.3426554499698558,0.38521801080914075,0.22227383529886083,0.24866367506532863,0.10484841549181703,0.3242700833556659,0.29057066701740664,0.37620918239715123,0.20893611299130346,0.4634268198652458,0.2570436795867834,0.7765177191230941,0.4830047093687513,0.1945942887026156,0.29373715981989545,0.2558424806165363,0.20881877120413922,0.40770096187550076,0.07355205639076147,0.26327390116582616,0.28152065667302795,0.2746251301962853,0.17839284264327304,0.21723307721638138,0.35697767866521224,0.21435950341530785,0.22293507802812104,0.39718792409656745,0.10842931249753725,0.3051701673222667,0.3156431789820856,0.40902710368144046,0.20279035565607526,0.16860756526482867,0.25752134517333347,0.1584721481863232,0.16469259284534046,0.2473838766980178,0.187278208771255,0.035733797585644156,0.0659350446905724,0.22729410509647724,0.2416337076177939,-0.04587311968741988,0.22231350142496373,-0.023793011995360453,-0.0005618145876159169
0.1334122296384769,0.3244806499733859,0.3633758039266472,0.3606599410484776,0.2934271784903682,0.4461920427135706,0.30846269120327097,0.25113654319909184,0.12607582039971976,0.39042640683148444,0.3513793280613132,0.4749076728157072,0.1952881304213925,0.3166974038463013,0.3063858306460077,0.4830047093687513,1.1941141778317756,0.12640787690787578,0.3140264163075943,0.5345009932475213,0.18637069873663442,0.2967919152652679,0.24662770844047013,0.2902117381104413,0.4068405461071567,0.15074144154175742,0.3906427612386669,0.14397353967340468,0.3825505675549503,0.16422961449322548,0.3236888571819541,0.3006118038064984,0.1802673915839207,0.4464334121810964,0.2382607993512903,0.5300823462186458,0.24001291050331303,0.2829576336308555,0.5186517810843706,0.18591557140781131,0.10063873674972805,0.22515014834679836,0.24711091697521334,0.05537727155028239,0.14066924895952793,0.24263820093726152,0.2843061467005767,0.012881301689310764,0.1408388214484562,-0.059221271055321836,-0.01855530265150084
0.16171210472456535,0.4459676315098901,0.408256496371466,0.18949949762724339,0.1883885485264325,0.2649279084213259,0.19371678023518046,0.27282966777625894,0.1849115219572773,0.36443531269220547,0.25069490584704485,0.21792299909374999,0.15864287059197568,0.2146496265447208,0.3221512812798105,0.1945942887026156,0.12640787690787578,0.7196791323990226,0.1709537273040532,0.09671790128938629,0.2148437621228954,0.1841338319293059,0.3224846179830328,0.3493220252614387,0.29599575734455236,0.3202911782485491,0.0366572242698112,0.017588786604980512,0.36404217088352486,0.0765605698468182,0.1611790381405812,0.2049489708404037,-0.0398708105233095,0.31329421398728957,0.19690207219796,0.37282998975662435,0.14682281465075098,0.07590188079575051,0.09441204399211722,0.10957947493241128,0.13936404430749172,0.20273813392780837,0.15428226303091314,0.05243025712951165,0.125822319409492,0.25142725303650865,0.32370275472679455,-0.03295053310511436,-0.20827554407219118,-0.07858378425073696,0.0083054446345481
0.0970764112675193,0.16363276206017316,0.16666798565724666,0.37046865269346313,0.5828194869757054,0.5337385905962712,0.25226922432536036,0.26366240642159144,0.12393482678608861,0.28069095437256064,0.2342180140087973,0.3076747108855674,0.20780078245968328,0.25989097551718054,0.2006036242551601,0.29373715981989545,0.3140264163075943,0.1709537273040532,0.9073510010251339,0.2852312284706826,0.16317040149501963,0.2161156508494699,0.06238865480236834,0.1994273459373769,0.17498662007241525,0.19790301313889025,0.13428996939880408,0.13486604244685765,0.26629562627584036,0.0999530117903481,0.18971666615166322,0.24315003537877114,0.05010433872243859,0.26764616454710477,0.021342631935934622,0.31367285609086965,0.0817793418315956,0.1590925600830548,0.1996803713428176,0.08050687959518484,0.16521683776019777,0.16076760043347582,0.1453009429280255,0.016624426786153997,0.029799013766235373,0.2205434761276161,0.14753983559662426,-0.027870316625627625,-0.016940311292357006,0.010518618889192163,-0.02320764228632806
0.16319475393869773,0.5444646123019966,0.25532155581236476,0.2537115461765836,0.20962910681451288,0.35305925536837246,0.21725440223431686,0.23463456705198937,0.07305839703897016,0.209667150150455,0.31568344228685147,0.3518892026452085,0.1332064109399612,0.28398448206243837,0.2987246381533192,0.2558424806165363,0.5345009932475213,0.09671790128938629,0.2852312284706826,1.7739139711203065,0.196399414305472,0.13127292814919972,0.3866184941891819,0.15811080197385224,0.12696297455738179,0.34145040462423004,0.4903125535945493,0.011011296544468268,0.8087663567232052,0.5627839332651603,0.4860404230927599,0.2882994325323874,-0.09308231209019242,0.5700021862724955,0.24620405577984833,0.4548751923004812,0.4647421894023518,0.8348911108468012,0.3084774077714352,0.298857272862719,0.4692061246364564,0.3307662573122718,0.4904686600502586,0.0624852194497127,0.5699522783664057,0.2568642029415865,0.5048529499328775,0.09413832312223622,0.10481433297566123,0.07265125884230812,-0.06018679722256055
0.13161883243332673,0.2211498665491792,0.20391283052965548,0.18040110028801734,0.15374206158585974,0.19383304468006346,0.14918498550388576,0.2122360921593966,0.19045732233508217,0.17924366141624815,0.18673310957484585,0.16829374159691243,0.1484607226389041,0.2204429278897636,0.21140685995273756,0.20881877120413922,0.18637069873663442,0.2148437621228954,0.16317040149501963,0.196399414305472,0.6330304138215398,0.21004577049233805,0.09490645935592068,0.13839730712657305,0.205820387519995,0.10051630314587326,0.11249764207629764,0.21821784486189666,0.0886523416193588,0.3345838959402854,0.33978194641828674,0.2296888529479612,0.38327751876702615,0.16663072833591275,0.21908034285474673,0.44743597171612,0.5748351620694313,0.16776669807939748,0.43702888731330625,0.23297781395608677,0.31398157912069,0.46209062320509076,0.2760990925127464,0.007055885035063559,0.3657476993576781,0.2653153863577718,0.31408375766885577,0.07672617977458124,0.05018961665891131,0.05224551477173522,-0.02961450536529182
0.13264770589101385,0.17946481751158366,0.2656251542701153,0.2661111692727743,0.250116153878179,0.2653999183006775,0.2310195991066292,0.23786768177304277,0.3892607831128223,0.22727205370632633,0.22512083785317502,0.2517470832042839,0.18627213388519878,0.3140107491878347,0.2273992105181931,0.40770096187550076,0.2967919152652679,0.1841338319293059,0.2161156508494699,0.13127292814919972,0.21004577049233805,0.5920709800781374,0.1570774658341496,0.23824745506933745,0.2084289243979914,0.25441778127352316,0.1552953422673698,0.126098887419447,0.33069602796997366,0.14201145409446073,0.19516934359358648,0.31677566909856353,0.14005622897555217,0.3096360194718994,0.21413546350511306,0.36627301900549963,0.19252979763895597,0.12212166754179808,0.2672073784414861,0.12416394872162488,0.14420580883153356,0.2144853104030394,0.15894501049339568,0.050704340339684406,-0.04661651247925438,0.23372240929684493,0.1947021522815044,-0.10296497194861509,0.44440448121021237,-0.020062102230356784,0.005056362081824904
0.18974678703797615,0.08314230351739113,0.16588562780552238,0.14395537660763805,0.09776663194225903,0.14964868137375836,0.09868200460231662,0.162217190034708,0.06723092405971824,0.20576294798226907,0.09081880705413382,0.1708453560006761,0.035486407834954485,0.1562200384478937,0.06391299808430882,0.07355205639076147,0.24662770844047013,0.3224846179830328,0.06238865480236834,0.3866184941891819,0.09490645935592068,0.1570774658341496,2.9223970064426585,0.159536643179884,0.43826885360165796,-0.0008301293400688718,0.34866430382963765,-1.4681734001583466,0.7219495075841106,0.18041855796214185,0.31685395639506303,0.10829795614510049,-0.36240599655991657,0.4969626016504524,-0.05235581344402711,1.4280035707775882,-0.572442213990065,0.1702338606779993,0.22687377801156547,0.21892711803083312,0.09040286499236631,0.09607730087629893,-0.02659195523810144,0.24071010359660677,-0.30448092872656246,0.5120432661071945,0.21381276072140973,-0.0807539887855558,-1.0022641477221683,0.04368197948908546,-0.07033086234448796
0.035525633039158434,0.17135728041716758,0.24029115740631013,0.2182455616517361,0.2445708720564076,0.2775153991980259,0.20112038253535383,0.19800457261701676,0.22819075116701792,0.2666635783562067,0.2632223093866914,0.277734021893924,0.17294669593464734,0.26426900576463563,0.30641163936053906,0.26327390116582616,0.2902117381104413,0.3493220252614387,0.1994273459373769,0.15811080197385224,0.13839730712657305,0.23824745506933745,0.159536643179884,0.9953329482066616,0.29650419758484003,0.15512093414878964,0.0860650643826652,0.1364168484476272,0.46254229884620685,0.23143797172988995,0.05130875035085365,0.23326587091285114,0.10019366038341808,0.1394967901532618,0.26340204343584184,0.40761067473602125,0.14546231203400353,0.0946272987055846,0.25617228475327675,0.0966128558471332,0.03510398145975666,0.16071998795867057,0.07630262376064609,0.03708041847478929,0.09339126604456587,0.16075356259281653,0.2339755919334487,-0.032011793644200766,-0.021142075733189405,-0.13950814434895273,0.056797552360226496
0.15953065590102256,0.26472770348464086,0.3599860655991242,0.2502431666176176,0.21471879183586443,0.2887820535638863,0.22522547569500048,0.2781501777044684,0.16265899016080296,0.36243094839218737,0.2972562884078269,0.3593215621804062,0.17164906908329114,0.27756412049130313,0.3152584783303414,0.28152065667302795,0.4068405461071567,0.29599575734455236,0.17498662007241525,0.12696297455738179,0.205820387519995,0.2084289243979914,0.43826885360165796,0.29650419758484003,1.9158078939969074,0.15837143899645179,0.16147493899078613,-0.15325044562548515,0.823897320608019,0.1250144774153114,0.4826800614329441,0.26514495762764717,-0.029875118186745483,0.6734492991615781,0.2885549703112044,0.5361956968513997,0.15159220026607687,0.11688179745682958,0.3870366789882784,0.1445133610852368,0.016889746577103532,0.20003041527390314,0.165864965862501,0.007530920937729517,0.08232576473808828,0.3931935732318528,0.331927244330331,-0.02664096554860628,-0.08275356186496041,-0.05814286301628642,0.006169408196776874
0.21750232535483993,0.3736720420215764,0.559797593392292,0.3084203571285586,0.22337631812011227,0.3797622381166219,0.2925399148904205,0.35870861057816716,0.3531861398800822,0.284572365173963,0.32527533214080995,0.35992106211797,0.2394757251902975,0.34848182477732453,0.275202070621778,0.2746251301962853,0.15074144154175742,0.3202911782485491,0.19790301313889025,0.34145040462423004,0.10051630314587326,0.25441778127352316,-0.0008301293400688718,0.15512093414878964,0.15837143899645179,1.6325519656470622,0.38773656855094274,0.29076571352295416,0.3992213258993951,-0.315264128786432,0.24942157649195035,0.42269285030229103,-0.178421188687528,0.37261603340474686,0.2510128038932821,0.38089120282523187,-0.2539129250889316,0.22072994554480607,-0.9849351203366166,-0.07466569154945177,0.3030022690594484,0.23566746795299232,0.23643595082161242,-0.006646482294914816,0.022961281660812956,0.28266475269002866,0.046515381754704634,-0.09637074939183439,-0.6147526210284366,-0.05243115597728755,-0.00258130412002596
0.14733321207911151,0.513050410410349,0.3858886353625369,0.1564281546401902,0.16391157966897577,0.19436980140819426,0.21082766887251148,0.2453121555567267,0.1569106557161323,0.43131094099012307,0.26434553865179106,0.3124688209924657,0.17733224894882732,0.08069313870871657,0.16222480029664318,0.17839284264327304,0.3906427612386669,0.0366572242698112,0.13428996939880408,0.4903125535945493,0.11249764207629764,0.1552953422673698,0.34866430382963765,0.0860650643826652,0.16147493899078613,0.38773656855094274,1.9412663501995917,0.25806537245637634,0.17687137267252884,0.3877444684681359,0.3769952488798262,0.1438753722301932,0.09658940974209008,0.28402576551027736,0.22493027039524713,0.6944397005916276,0.36720231939788744,0.26598111401526053,0.1686038934807305,0.15983377855403902,0.19665759729451013,0.21519638598246604,0.8319165351474721,0.09068984319325028,0.47756309079644044,0.16487623408857097,0.2320121904590956,0.08114173108618823,-0.136750322959212,0.10216597150432226,0.0027713475671128176
0.020236663838054097,0.29982702302865666,0.3587230467922302,0.08164768628363424,0.07579345743180022,0.12884080663184594,0.11004190456185212,0.018403780596768216,0.15586226083176988,0.10220242561106228,0.17423225832114989,0.10459457749808174,0.13137823409821928,0.14512983004783025,0.2672223342307598,0.21723307721638138,0.14397353967340468,0.017588786604980512,0.13486604244685765,0.011011296544468268,0.21821784486189666,0.126098887419447,-1.4681734001583466,0.1364168484476272,-0.15325044562548515,0.29076571352295416,0.25806537245637634,2.5934779064365037,-0.6177743350961323,0.0706422878566313,0.410115717914681,0.21508695884596965,0.461491205075826,-0.14348410072238282,0.17814571764386158,0.8456602494687856,0.25279032705866056,0.03973263056076045,0.0036142371970241858,-0.011301987545389991,0.14442917778008363,0.2645778297415849,0.38173161289582663,0.25245633749318347,0.3151124190023357,0.03815652631074877,-0.17276696824808804,0.1036764848552711,-0.49652243135178653,-0.02279124605722619,0.046075894475926
0.0799129346502269,0.33842581433789326,0.25184814324968385,0.2764664852287308,0.2715746075724763,0.3958297013992062,0.25468916110030915,0.29111088143378766,0.24533171098569584,0.35410337812961834,0.3530594246613946,0.4031869972663861,0.2082279115635762,0.30803368547050997,0.3717893174302985,0.35697767866521224,0.3825505675549503,0.36404217088352486,0.26629562627584036,0.8087663567232052,0.0886523416193588,0.33069602796997366,0.7219495075841106,0.46254229884620685,0.823897320608019,0.3992213258993951,0.17687137267252884,-0.6177743350961323,3.9399509478482106,0.8739950678034489,-0.22028841309523212,0.31757306327328383,-0.7193953076391111,1.0187750847207855,0.44036342908953247,0.4327403758408398,0.14439278810269907,0.2668980955784152,0.18934391426403385,0.16093500445387238,0.08651119320226555,0.13880996618550442,-0.1405820142033275,-0.122632699471911,0.47565083774501066,0.48003051455415485,0.876912937857127,-0.11872790637261259,0.5389463846897234,-0.11908762662124461,0.03727950297378109
-0.01968326673768972,-0.11762514406574462,-0.646616397014841,-0.10236937538490005,0.06690142671633834,-0.08333265296205233,-0.07357365694557079,0.10727429568894147,0.024362193173741133,0.1652719572387753,0.1259207762084473,0.04277770765268002,0.08452306179587574,0.1016750498432607,0.2069540563637952,0.21435950341530785,0.16422961449322548,0.0765605698468182,0.0999530117903481,0.5627839332651603,0.3345838959402854,0.14201145409446073,0.18041855796214185,0.23143797172988995,0.1250144774153114,-0.315264128786432,0.3877444684681359,0.0706422878566313,0.8739950678034489,3.188208397161383,0.03152306486189569,0.05551691491814735,0.21555120531863653,-0.201197317307812,1.2906725362877194,-0.19514887282062104,1.9422949630889843,0.33313355126425215,1.238510595024245,0.4410716318053713,1.1665101090708199,0.459289733599894,1.497739683892617,0.41843648859281496,1.1494938374343926,0.24297985461870208,1.3325946188357356,0.13512486907271243,1.1110442315436628,0.13647754913660662,-0.01567005755537459
0.1897555420507084,0.36949359150661576,0.3848808888051118,0.2042307174564081,0.17097563470480404,0.25744623475994216,0.18559914206469044,0.2191587228209602,0.15957763153323082,0.2524755141829602,0.25002682959802086,0.2528227884437002,0.13851936166969975,0.2399873704390098,0.23848940648487038,0.22293507802812104,0.3236888571819541,0.1611790381405812,0.18971666615166322,0.4860404230927599,0.33978194641828674,0.19516934359358648,0.31685395639506303,0.05130875035085365,0.4826800614329441,0.24942157649195035,0.3769952488798262,0.410115717914681,-0.22028841309523212,0.03152306486189569,2.022986713177956,0.23559818990239761,0.08071669668874398,0.3058725880874031,0.2354577387169191,1.16128749440032,0.13704519892236233,0.34483471681675404,0.24940837603074856,0.2544464150702808,0.26492064545325517,0.35074530121078357,0.32448055102792395,0.02219756073595054,0.32610205663393466,0.43492754691556845,0.11883757567784939,-0.012133172236253363,-1.0184949197846045,0.06914129887486412,-0.04726940274589578
0.17004912751357104,0.26457159306343814,0.3391229823192835,0.339785429052508,0.2628064120549175,0.3564487749912097,0.21952106497835827,0.2802526273508299,0.21072175038745267,0.275367067484766,0.2701392080401411,0.3268933289998672,0.20663751904781397,0.46896262721551246,0.24836848932215772,0.39718792409656745,0.3006118038064984,0.2049489708404037,0.24315003537877114,0.2882994325323874,0.2296888529479612,0.31677566909856353,0.10829795614510049,0.23326587091285114,0.26514495762764717,0.42269285030229103,0.1438753722301932,0.21508695884596965,0.31757306327328383,0.05551691491814735,0.23559818990239761,0.741183302509106,0.21364022036526278,0.28598674389718143,0.1434261377766993,0.49254830850131115,0.027939792112321025,0.19182005508375305,0.042993211017560984,0.06677898467779764,0.15363741085233001,0.24398148352209967,0.0803381024919843,0.014897790876738414,-0.07692418003976628,0.2528548737586757,0.16760636758380953,-0.01935915520285244,0.030432860317407977,-0.0010075133624047744,-0.022237126368790723
0.13899292200013091,0.09437344989171473,0.03729733287600429,0.11247288181944272,0.07014450755748554,-0.05652079906818123,0.03376777645408831,0.06954361963290823,0.10026194617910877,0.013162233215602863,0.006630419681426346,0.008017797246087229,0.08254972472561069,0.12262107928407742,0.0108003777808487,0.10842931249753725,0.1802673915839207,-0.0398708105233095,0.05010433872243859,-0.09308231209019242,0.38327751876702615,0.14005622897555217,-0.36240599655991657,0.10019366038341808,-0.029875118186745483,-0.178421188687528,0.09658940974209008,0.461491205075826,-0.7193953076391111,0.21555120531863653,0.08071669668874398,0.21364022036526278,3.6871972697874704,-0.5484044259744281,-0.039787971449717116,0.010743884818156165,1.2503955434004383,0.10871256347934585,0.33686371893285727,-0.09726696956816482,-0.06778788249883579,0.344526348598375,0.23782456362352078,0.025432595971333224,-0.6962990707684764,0.2536476599814827,0.1793767132901905,0.48584916842599324,0.9797130796884538,0.09859899823065388,-0.1292790366429854
0.013511313874778613,0.4124566740489607,0.5325510747603353,0.34677832166465244,0.2526955750832453,0.42735984440753405,0.3069596341367575,0.3585164005525032,0.267381712270367,0.4236248292478676,0.3434549353173505,0.39388064950697155,0.20463371164013872,0.28577002166593685,0.3426066388217482,0.3051701673222667,0.4464334121810964,0.31329421398728957,0.26764616454710477,0.5700021862724955,0.16663072833591275,0.3096360194718994,0.4969626016504524,0.1394967901532618,0.6734492991615781,0.37261603340474686,0.28402576551027736,-0.14348410072238282,1.0187750847207855,-0.201197317307812,0.3058725880874031,0.28598674389718143,-0.5484044259744281,2.2278027037919172,0.38612898666421785,0.3404009616316725,0.10773456821276556,0.22746903291433393,0.1966071145075469,0.08445424896009188,0.011539883027543423,0.2689061168627015,0.5789767784474261,0.1658422428833232,-0.04501523200856548,0.40849454292098475,0.4731470329818402,-0.018154685744289932,0.5616723361319067,-0.07945549939774893,-0.01695034432254858
0.05940489960977645,0.16248508068059886,0.07419768190252204,-0.22250603563489324,-0.15917929405390002,0.1230699441994142,0.04427393807803773,0.24728219993277262,0.14464840134648996,0.27449305406377705,0.27597386571877425,0.2596937278416218,0.14936260758383751,0.20190723753726755,0.2656522693313052,0.3156431789820856,0.2382607993512903,0.19690207219796,0.021342631935934622,0.24620405577984833,0.21908034285474673,0.21413546350511306,-0.05235581344402711,0.26340204343584184,0.2885549703112044,0.2510128038932821,0.22493027039524713,0.17814571764386158,0.44036342908953247,1.2906725362877194,0.2354577387169191,0.1434261377766993,-0.039787971449717116,0.38612898666421785,2.992208537661513,0.016303131456295156,1.0969940591248877,0.09130999909784183,0.5335715828310886,0.48938248317589167,-0.07265671955897875,0.39763235836659294,0.5475246868738922,0.19302794650050425,0.888573664679005,0.26524512934640454,0.6946446096285602,0.03890076883462982,-0.09224238744293121,-0.09119127594494493,0.07097209077988076
0.3163266027142671,0.598516781454358,0.840893478057418,0.38184433963997905,0.28243195941744004,0.4446041795636025,0.32896924971049507,0.28845803518642754,0.27068637241460203,0.46078871765289275,0.36301111590256424,0.4591506613505874,0.23257696186261742,0.44022777046248684,0.38966852008205005,0.40902710368144046,0.5300823462186458,0.37282998975662435,0.31367285609086965,0.4548751923004812,0.44743597171612,0.36627301900549963,1.4280035707775882,0.40761067473602125,0.5361956968513997,0.38089120282523187,0.6944397005916276,0.8456602494687856,0.4327403758408398,-0.19514887282062104,1.16128749440032,0.49254830850131115,0.010743884818156165,0.3404009616316725,0.016303131456295156,4.364346265451684,-1.0391207742966824,0.23756305684299636,0.17041836335369343,0.4588132942975452,0.3528094645231531,0.5108973950012967,-0.22639183431023846,-0.3447963056827442,-0.19855212696993957,1.0477407244919648,-0.3748461311560217,-0.037264227111925466,-2.6028359779445553,-0.0013141276257785115,-0.041672701931865515
0.07446591224182429,0.1373415888430691,-0.10087159680297685,0.01461073614215819,0.08755243490584302,-0.03491172192753591,0.03070441899389758,0.2916094881086771,0.1668985713673698,0.25654236811804454,0.169460558969518,0.026155867247149082,0.15067342226205832,0.11373988819015489,0.22355555485594547,0.20279035565607526,0.24001291050331303,0.14682281465075098,0.0817793418315956,0.4647421894023518,0.5748351620694313,0.19252979763895597,-0.572442213990065,0.14546231203400353,0.15159220026607687,-0.2539129250889316,0.36720231939788744,0.25279032705866056,0.14439278810269907,1.9422949630889843,0.13704519892236233,0.027939792112321025,1.2503955434004383,0.10773456821276556,1.0969940591248877,-1.0391207742966824,5.993729529314874,0.39170705160648633,1.2923601518682586,0.3366652876680657,0.8101922612285775,0.6649274237005679,1.6584868746008479,0.16752734249601184,2.5008545665648976,0.8760053422888322,1.556389595991965,0.23536915142020842,1.139496917280507,0.2500236791019527,-0.10745999956924086
0.12095657662971479,0.2983899975918508,0.1921844748193684,0.15879392171878892,0.12237267291283661,0.201287121976523,0.12756551131967445,0.13624208864835688,0.07304039131540994,0.11612655693576415,0.16556342714360234,0.18525784099455972,0.08372544317816255,0.18328828739176925,0.15853627057014152,0.16860756526482867,0.2829576336308555,0.07590188079575051,0.1590925600830548,0.8348911108468012,0.16776669807939748,0.12212166754179808,0.1702338606779993,0.0946272987055846,0.11688179745682958,0.22072994554480607,0.26598111401526053,0.03973263056076045,0.2668980955784152,0.33313355126425215,0.34483471681675404,0.19182005508375305,0.10871256347934585,0.22746903291433393,0.09130999909784183,0.23756305684299636,0.39170705160648633,1.0463905716130553,0.1357719641202401,0.15567968053345763,0.3599789662542115,0.2322074283383059,0.2752440719537471,0.042141743409274075,0.47894186940161665,0.06772002329552423,0.3484411520029232,0.11188782619793668,0.029448643712439822,0.052883921140061775,-0.044767986021702684
0.038337715913752,0.06102427727578336,-0.1452047046288238,0.17828650224037576,0.23951779541574716,0.1414114563286294,0.1744951591711767,0.30142526362951216,0.1707349387460829,0.3221095975906986,0.28563499399783715,0.26913979617948136,0.1572321078597779,0.14469827307835054,0.27021564872609083,0.25752134517333347,0.5186517810843706,0.09441204399211722,0.1996803713428176,0.3084774077714352,0.43702888731330625,0.2672073784414861,0.22687377801156547,0.25617228475327675,0.3870366789882784,-0.9849351203366166,0.1686038934807305,0.0036142371970241858,0.18934391426403385,1.238510595024245,0.24940837603074856,0.042993211017560984,0.33686371893285727,0.1966071145075469,0.5335715828310886,0.17041836335369343,1.2923601518682586,0.1357719641202401,2.522295063296681,0.5861050406883472,0.24798258893677688,0.3041534530856056,0.5753401891672959,0.20999859981035915,0.6796631792474471,0.11732398194393032,0.6798304379950104,0.11887088389628539,1.344926476090322,0.07090627257950206,-0.024884822833778592
