0.5292290509339963,0.3003978120959848,0.3417690693294376,0.02866547190314631,0.033832126399878565,0.10779730929212264,0.15192340154877518,0.08622093519195523,0.14553080256671883,0.08146716220964569,0.10652361699754084,0.11100029344301517,0.05770604464817411,0.11706990396555317,0.13267703008770382,0.09732468885051447,0.08878956763338915,0.1256433577640573,0.06512100043217667,0.10631949751570105,0.10931870195300485,0.09811259987695685,0.08075420869607154,0.05256774248771252,0.12020322474125392,0.0941287443304094,0.12588395514851186,0.05756318619448635,0.10357093232045216,0.006949222183874049,0.12571354152669356,0.11372142952953132,0.04190333062925286,0.03870068982697932,0.10573413955589812,0.12272771880905696,0.06493007197930639,0.06272120744217702,0.10442956144644051,0.012576336965462155,0.08914129450566675,0.0787606066654686,0.09332762683255279,0.030351718039097707,0.08921707378487517,0.12310503326889506,0.07311235284347628,-0.0021725120332491956,0.04748076333786913,-0.03622927103416978,-0.0021552048953130654,-0.0019123518621330696,0.006536061111059154,0.017417108100506676,0.07098890956253905,0.0002736541425608465,0.08553218547180456,-0.04549611163858697,-0.08833621862319906
0.3003978120959848,7.22186386012719,0.3740589560732536,0.35237208554913985,0.38029356160453914,0.009534065666794912,0.5678017039753631,0.25564348568452916,0.8659385704304532,0.5740745194758093,0.380904886929088,0.42829752462205184,0.2565437702530907,0.24068845030458214,0.686368121769054,0.3138509488558193,0.40380383548281656,0.8378277844552477,0.28431238693621086,0.4336502079803917,0.5038492380003972,0.08896456549647815,-0.8579529277059673,0.11698451998950803,0.19113142941845268,0.6380691614163386,1.0463524198145793,0.9582159235684319,0.4349780632696497,-0.21190750419087545,0.35671850587154674,0.26617398845293216,0.10821490780474492,0.3661386552227569,0.4024143162417032,0.45309110838640804,0.158475090606272,0.21373169540290368,0.04005930987401618,0.1187931475456472,0.10897676983565381,0.21168063127544606,0.3039474596303048,-0.16928474160884063,0.37487188545741285,0.04742106379989635,0.1842854661465422,-0.0025480487905713426,0.15367644546848594,-0.161814376551394,0.46448193025752893,-0.44964014323286183,-0.12608112161461216,0.02521113340573292,0.11718025981047435,0.08812794667558081,-0.4997170921634599,-0.2261313806189769,0.42176991763143457
0.3417690693294376,0.3740589560732536,2.5355732005671423,-0.020056803242193645,-0.7600684440524061,0.21938828703322988,0.16549056656564082,0.22826613803612275,0.46828595306270626,0.0969307248346198,0.049304890074217636,0.057103740292595295,0.08412806845248083,0.12515126344243463,0.21220994303716798,0.07418391433287705,0.18371547523348522,0.18557521771202598,-0.18123301896848557,0.2442061755115722,0.20599380257480773,0.18503821012982932,0.27475559017261014,0.1762380678770791,0.17768799526083304,0.25472983694981294,-0.01523244781131343,0.013314628484242499,0.39144648118270803,-0.38895906688584947,0.10534746702983262,0.056451102139279695,0.08446222632346058,0.19804551487482705,0.3518036783497999,0.13040385451963082,0.10754093374844803,0.15843998591546407,-0.010349818139910842,-0.41216123659158677,0.03311232357826321,0.10658806585591225,0.10159838858624097,0.12796385331662313,0.2897756605775301,0.30859143236599934,0.05120785366578847,-0.016043426777559464,-0.03548860838648278,-0.07602146767395876,0.10162303774389046,0.15590842114576928,-0.08676059159523246,-0.02833324783047408,0.11011787196678034,-0.2135363915678304,-0.5540954262756925,-0.3162575000667881,0.8375209629836818
0.02866547190314631,0.35237208554913985,-0.020056803242193645,1.1074776309694983,0.6029288932456995,0.36946953140751415,0.33030959630923395,0.372683418356278,0.26333437139930127,0.32486241173208846,0.32610792956198054,0.3664342442652004,0.19221082016744295,0.31065651839352626,0.22769868220157505,0.31750449258897645,0.28832971261968504,0.33448418520761924,0.47294985732621064,0.2616976946184155,0.2898444041723495,0.25607969557115495,0.097521612775599,0.32172515991482226,0.2509153881768527,0.3222549439557934,0.23108589375574878,0.1543189815477318,0.24649811439259062,0.21557999069258502,0.22425663038300347,0.28690284235508523,0.33089437903394986,0.26348868819172294,0.05834995948919581,0.3004394582115184,0.33833224469746676,0.14432674731863335,0.3165597541164217,0.11946762082183204,0.2926575936997733,0.2259302844233438,0.2505201024257268,0.09026042388284446,-0.05895931446425104,0.2946512498609738,0.2724838577406847,0.021223041547703495,0.1630800418016159,0.16430372928361622,-0.052753565233471945,0.048184233994196225,-0.025381476511400887,-0.14884377291416287,-0.0018580179950695508,-0.022012389113437187,-0.0874344554839323,0.11522785993630659,-0.09946787186180228
0.033832126399878565,0.38029356160453914,-0.7600684440524061,0.6029288932456995,1.5859774583605846,0.43645992347047313,0.2380033961842764,0.2871216030340118,0.14460193395518225,0.36549832731033793,0.4071694213662316,0.44511978221732706,0.20663460264824357,0.2917384823470477,0.240610540720571,0.34982036542021144,0.28297594924023256,0.31927914775799215,0.9311852773767895,0.23127903955883752,0.3268889338547845,0.2519112164550335,-0.07037596783699245,0.31757459284585465,0.22825277438842692,0.27322632209082415,0.2744324178842861,0.2444133433976397,0.14145122707305982,0.4131274490600958,0.2846727943830455,0.29531884824413923,0.40794975191884064,0.2324312885565399,-0.03478486031000385,0.35647726860112844,0.4462308333331809,0.1249831984192649,0.388046707945556,0.2910020041558074,0.4242271452377323,0.2690242903939496,0.27019234811004955,0.034011699647051766,-0.16487774501482927,0.3454870991712388,0.2959167752866577,0.038659553314185684,0.13185027745568845,0.2802284841634857,-0.05606663630976849,-0.09854372552007297,0.03684591959207128,-0.15617455628776525,-0.04829410018708582,0.0147661636995153,0.010413114007580162,0.12849121704419889,-0.14134945903272397
0.10779730929212264,0.009534065666794912,0.21938828703322988,0.36946953140751415,0.43645992347047313,0.8208468234488029,0.132930903949262,0.33597521131206226,0.2451952536016549,0.2282845499354489,0.33656874038794693,0.3670088422176438,0.1809519110914796,0.336801250146196,0.2276933703065414,0.27585161557628163,0.291507111079351,0.20438678982278052,0.6014603407959533,0.3908621898352213,0.2952795781312711,0.24235691196904044,-0.018861496906357644,0.30544410348161044,0.2613411337181756,0.2891397096673995,0.22103955872684714,0.2636288776079717,0.29158581389048477,0.1424441530592976,0.21863558438984723,0.33841392269199155,0.23435824206372774,0.2766897315583837,0.10597331792410776,0.24249857029021904,0.29342637274408245,0.20988222510588161,0.32540784634205927,0.12088397770852082,0.2769569539293668,0.22292707531505318,0.3216666170035405,0.07970332041022403,0.06052887754317869,0.27523863400907794,0.25714271714917164,0.029063827539839035,0.18889675290042074,0.08894386580855594,-0.2887999325309174,0.2816158910396539,-0.10478298598827628,-0.025309332349770296,-0.0016282564203495926,-0.04181381772926608,0.14039316588585501,0.08518247693844723,-0.19484656045080342
0.15192340154877518,0.5678017039753631,0.16549056656564082,0.33030959630923395,0.2380033961842764,0.132930903949262,0.5274202545003233,0.17606485845423492,0.2166910899612505,0.15373510597924253,0.23206586216793249,0.2582016894140643,0.12126950257907758,0.1066199127009874,0.11540404548688334,0.1763053613476739,0.20518238422012727,0.24602673894168797,0.16877613000878666,0.16676136999059107,0.19846947427808823,0.19161057449744304,0.07450192254487369,0.17129055723223474,0.16271444440856883,0.2099562467549081,0.22839735946743406,0.1105286810958014,0.16573370859356396,0.07415984077543059,0.16245541548328557,0.16740646473070814,0.173752176890899,0.1716472666851558,0.09183891214950818,0.22288598367807416,0.1388175652494578,0.0952285385056067,0.2258408924290513,0.06915407681874008,0.13558094450515956,0.14965163621513253,0.13174093317266966,0.034515043734571114,0.015314041130042626,0.13732543439240144,0.09970358361065493,-0.0027842997500031165,0.1242896550336718,0.02102488004261789,-0.017636395942208057,-0.049314405319219504,0.0014057217763313017,-0.051588746294080355,0.023501000183231716,0.06319373008893635,-0.04470344873550981,0.027067361993376095,-0.1354111076008271
0.08622093519195523,0.25564348568452916,0.22826613803612275,0.372683418356278,0.2871216030340118,0.33597521131206226,0.17606485845423492,0.8351647984945139,0.14546112185156843,0.2549504273099855,0.19628091859607746,0.10907393478853997,0.18757999435634454,0.2985544983348164,0.09225829676411322,0.20899972622953392,0.22507654732702412,0.3066762471727899,0.34276683725924767,0.2687252094232251,0.2163047451634795,0.20622778203343647,0.022797844709376725,0.2534094564168495,0.21783054627152557,0.29374212842581404,0.16805813381810963,0.17384036834171454,0.274185860501135,0.045829043743257594,0.16782772884908378,0.28462180632310424,0.15368840900336128,0.2366740586064103,0.18386473136346615,0.1619182996213475,0.2637865270394011,0.13681646072740505,0.33361851971494916,0.11901984944785432,0.16498465074044374,0.17973376964925566,0.2221347815238327,0.08318044427641855,0.08416568542588747,0.1948335480434359,0.26799569167194065,0.01727895134508444,0.3187990841814558,0.10014275776021117,0.06231276027084799,-0.024505971957872213,-0.018988852970990018,-0.04288137785349484,0.02476326786607851,-0.16675557826063225,0.21908422907872566,0.05459015117800834,-0.07857973722784373
0.14553080256671883,0.8659385704304532,0.46828595306270626,0.26333437139930127,0.14460193395518225,0.2451952536016549,0.2166910899612505,0.14546112185156843,1.2243115378577498,0.252396870651148,0.11560187000809946,0.22917688651445434,0.10834105144810746,0.20287941587288763,0.29811820782494364,0.21046977596537675,0.2562734300359471,0.40737449168805245,0.28486845493909274,0.1706686615838659,0.33859548815917734,0.23198704039568407,0.20688426016932474,0.2745687042900321,0.19231572625343413,0.4091374727835886,0.32247050624539225,0.12481649702140532,0.22451110227651225,0.07331775466687354,0.3151579841074967,0.22166544142048109,0.360071783643356,0.25210029827919606,0.20365556915624486,0.29601644884812645,0.400101086755693,0.10658346399760586,0.2210878746833445,0.03125854542293427,0.28705398743012855,0.2452897557007816,0.24308475881640812,0.05775917558507166,0.021020217065783317,0.3330167496628018,0.2493924374226164,0.02620825685985488,0.23064918656847266,-0.06718522377277224,0.2820134000036308,0.034739089525873644,0.002289038347037942,-0.16431604390439333,0.19304024553266477,0.09871830526508475,-0.14523723742921826,-0.16782121876802494,-0.0008600669519212211
0.08146716220964569,0.5740745194758093,0.0969307248346198,0.32486241173208846,0.36549832731033793,0.2282845499354489,0.15373510597924253,0.2549504273099855,0.252396870651148,1.046371533673496,0.3289251125707418,0.35550564903876625,0.176053743239965,0.2179966544851848,0.28724280554449166,0.2662112796189109,0.33518861021609964,0.48371471089585666,0.3809006053611442,0.1292529173766626,0.19828154478787396,0.2573570656354915,0.2159788637985903,0.3146305400003797,0.2495199527952958,0.20585819534185004,0.35820580429423804,0.17603158450369183,0.3091235993554285,0.2767142478132427,0.2650537600513507,0.2689261571840826,0.3124129857409651,0.2903998274071544,0.3165872832709349,0.3325610970354953,0.5037331357184586,0.07435652456245725,0.30646746919038204,0.15151369610519644,0.2971769637030065,0.3203531660547796,0.25844282929026297,0.05459159710861155,0.07606464882076518,0.300469563458334,0.41734969458010523,0.01718142842179385,0.18280523314650898,0.06310401234091988,0.14725942414401857,0.16993481595624482,-0.2497361620798319,-0.07077958902170356,0.18007217441527806,-0.014842072896088068,0.14407566337683703,-0.16909750926761433,-0.16396637250976842
0.10652361699754084,0.380904886929088,0.049304890074217636,0.32610792956198054,0.4071694213662316,0.33656874038794693,0.23206586216793249,0.19628091859607746,0.11560187000809946,0.3289251125707418,0.8138624977839447,0.5169091341276808,0.15010896536733173,0.2269213829412182,0.2885584849065297,0.27880667137301407,0.2883756359345403,0.2597620927206609,0.3852069222248834,0.36363025777795915,0.25148951175945516,0.15735453997280752,0.040166291517241284,0.27077881085383815,0.2527432457984577,0.23741463579128996,0.2825160839385682,0.19347280017063148,0.2696100206151509,0.17211434510036294,0.22263500361727045,0.28516422539421876,0.20840297021823334,0.2598065270882655,0.21745910381970265,0.2846578808781779,0.2570999195726027,0.1840378801570727,0.3633866233554364,0.19095183810365882,0.21788179892451984,0.24027310836096186,0.2366543398675436,0.03461554817997881,0.11999204922138815,0.24733865361832544,0.21922441968647932,0.024343206792739974,-0.04704787714504408,-0.07456332682570078,0.027070913910811848,0.031744088007627826,0.09120814868837723,-0.007927091259810393,0.06120886112567188,-0.013781649784799056,0.12936506811441773,0.009517851243818716,-0.2730039603617937
0.11100029344301517,0.42829752462205184,0.057103740292595295,0.3664342442652004,0.44511978221732706,0.3670088422176438,0.2582016894140643,0.10907393478853997,0.22917688651445434,0.35550564903876625,0.5169091341276808,0.7443328142039373,0.14491709537433037,0.22999215347343577,0.2858601832139535,0.30324147094882475,0.2858788729362359,0.27633558114136286,0.44295094313104416,0.2911636010377249,0.2437172604618684,0.1627066842373809,0.04972858284609838,0.24622233448500075,0.28599158672516994,0.24330161433655378,0.27600882867031656,0.21908215688542418,0.2135042673436789,0.15204868261936288,0.24154574520695582,0.2913226050257606,0.23240619629045717,0.2220680350458366,0.15077337143897399,0.3368983560633043,0.1974818044312035,0.15692307922984342,0.3265362065177904,0.16563081123211434,0.23571175898932303,0.21196522066753287,0.19648102499545048,0.02321016981055633,0.08117487696734439,0.2492063021685629,0.20364252112893413,0.022755915248758734,-0.0021735245116884083,-0.12283663163061109,0.047624677770575025,0.1833265589722586,-0.0719258437527978,-0.048984313919415684,0.05382185238563922,0.06607668219392769,0.018661328226716314,-0.008303685317482854,-0.2714392546467712
0.05770604464817411,0.2565437702530907,0.08412806845248083,0.19221082016744295,0.20663460264824357,0.1809519110914796,0.12126950257907758,0.18757999435634454,0.10834105144810746,0.176053743239965,0.15010896536733173,0.14491709537433037,0.31945167768457167,0.14816148433416676,0.08808211510735903,0.14492720856591892,0.14974771958763053,0.14237519145104996,0.19354150197713688,0.1288329434985245,0.12052284022718644,0.212214348693946,0.04893700880966812,0.16248568837897112,0.11946565591286454,0.10723311693947243,0.14990294924930173,0.08662888057574492,0.2173724103648109,0.09993124588903025,0.09746533705223426,0.1673368263817362,0.12937631595397747,0.14625256508658127,0.14639104954110843,0.13944143894039068,0.20088940329670993,0.06596064641839057,0.17925344118557177,0.060445246579979316,0.10852017310749844,0.13663610775043605,0.17101147767937663,0.04633211366623295,0.053728298545731946,0.14386172792450583,0.15099269764055429,-0.006840339348731913,0.18881326035934012,0.05621125938873844,-0.03617767547552524,0.024597059683399744,-0.004110421806184116,-0.046287375785459696,0.036642139198541944,-0.040451031056804115,0.017082554684977328,0.0033218113416859847,-0.0484120861574845
0.11706990396555317,0.24068845030458214,0.12515126344243463,0.31065651839352626,0.2917384823470477,0.336801250146196,0.1066199127009874,0.2985544983348164,0.20287941587288763,0.2179966544851848,0.2269213829412182,0.22999215347343577,0.14816148433416676,0.4382827572335424,0.27713698117728286,0.2819056520608993,0.2077228871474893,0.1923142498902947,0.31390022162905007,0.26203051131836286,0.20614179077430214,0.17069350468436098,0.0630329792337302,0.26078412925826056,0.21057829919088025,0.2795816500931335,0.19159910375114417,0.14856288770062995,0.23475357547077663,0.17994621235368605,0.19248182040331782,0.32229960357548615,0.18828241578555605,0.20907001574575204,0.15359655605890565,0.21585733351654493,0.2532048315498362,0.14237634221620005,0.17069065604591008,0.07171251853536674,0.21881246965526607,0.18576043760247524,0.22018118268515627,0.062296350028446544,0.047513353187277625,0.21445122183885423,0.25117752088447615,0.030109721462777093,0.3049809092583007,0.0357113059320205,-0.005315785702507066,0.01744238898231263,0.0008602922473803767,-0.028669025937816204,-0.015607514101445586,-0.05327227593598068,0.1811339638427832,0.044717565991930705,-0.1564462101735571
0.13267703008770382,0.686368121769054,0.21220994303716798,0.22769868220157505,0.240610540720571,0.2276933703065414,0.11540404548688334,0.09225829676411322,0.29811820782494364,0.28724280554449166,0.2885584849065297,0.2858601832139535,0.08808211510735903,0.27713698117728286,0.8021542524151392,0.27248889249188485,0.26310836117226405,0.19478285967140793,0.2515464019669803,0.2888928238717225,0.2911275655797936,0.0807319685725683,0.23174626956921127,0.3005423015759087,0.30403189843047146,0.2542213676153133,0.3077168734430059,0.11301684802498617,0.23456841338449652,0.3140923038612045,0.25965746598677375,0.2259257536495419,0.3053903272096848,0.236722630267931,0.2502734525795167,0.31693119028809236,0.400360341623364,0.14740031420358515,0.18783876412007333,0.054181960643135206,0.3354598424119399,0.27854096320853095,0.2896981144118661,0.049398669857485714,0.047825148535405135,0.345973160620247,0.27366235744392325,0.05145670593068023,-0.039036248394582945,0.12614688034556185,-0.1471941640145002,0.32584742201757716,-0.13195830498786076,-0.09719889257400649,0.10942595062066468,-0.0038384704435276756,-0.054312129314301474,-0.06128756512976694,-0.02928380180779392
0.09732468885051447,0.3138509488558193,0.07418391433287705,0.31750449258897645,0.34982036542021144,0.27585161557628163,0.1763053613476739,0.20899972622953392,0.21046977596537675,0.2662112796189109,0.27880667137301407,0.30324147094882475,0.14492720856591892,0.2819056520608993,0.27248889249188485,0.5659863440846219,0.2701544440892964,0.21891475288972778,0.31758674062437536,0.2178847444664929,0.22293471329877673,0.20087520418409655,0.13815535839921858,0.26403203033359185,0.2680005976955534,0.2283590980250622,0.23953558806721165,0.15057768852642725,0.29458454710209847,0.21601875232542295,0.2009954894827253,0.2710926400676221,0.21496911033309996,0.22055860839116628,0.24420180257113247,0.27282369402756834,0.3148520647879024,0.11739052564398378,0.22404265470115464,0.12277889028858262,0.2561098514487401,0.2404079303255849,0.2556583242096807,0.0794228810150099,0.048345000003776666,0.2499559050294835,0.2531161441267087,0.020288822898838734,0.14654728553619342,-0.023531197978919737,0.013824242037676196,0.03935298915373305,-0.0013987165452935097,-0.052444036683948515,0.04050944752779833,-0.012809000233859485,0.0006918845361569229,0.025804185996478626,-0.10820686622111966
0.08878956763338915,0.40380383548281656,0.18371547523348522,0.28832971261968504,0.28297594924023256,0.291507111079351,0.20518238422012727,0.22507654732702412,0.2562734300359471,0.33518861021609964,0.2883756359345403,0.2858788729362359,0.14974771958763053,0.2077228871474893,0.26310836117226405,0.2701544440892964,0.5925436258061193,0.2598396487309406,0.3104313715126721,0.33576040747652314,0.25354505655378096,0.3347778905783664,0.1955000581809747,0.2767716101834486,0.24821525725304824,0.20370992624297798,0.32324234630978593,0.21959881959699498,0.2538787410325115,0.21418958126766743,0.25443937528214383,0.22571679756131274,0.31413026140356803,0.24669497303492322,0.25663437268611666,0.32398696879763056,0.4416864057201817,0.1802964322671992,0.2904907789274952,0.1414596434335941,0.2899111563928962,0.35995800580475273,0.3470118574330265,0.08501042539938013,0.1140807620398594,0.31199065182710295,0.29872554014846825,0.013277740759754653,0.1626676641836795,0.13373784884237677,0.04002478528133286,0.027620692060910723,-0.11555277673637421,-0.08593323579811088,-0.009861889054698324,-0.020253537410187344,-0.039505694538243825,0.044667236023227336,-0.09535139030429826
0.1256433577640573,0.8378277844552477,0.18557521771202598,0.33448418520761924,0.31927914775799215,0.20438678982278052,0.24602673894168797,0.3066762471727899,0.40737449168805245,0.48371471089585666,0.2597620927206609,0.27633558114136286,0.14237519145104996,0.1923142498902947,0.19478285967140793,0.21891475288972778,0.2598396487309406,1.2311518104553114,0.36129983004222255,0.048611836180729465,0.3716711089407296,0.3157754365232012,0.32828707694229536,0.33592806106880696,0.15818797765816608,0.3883854672040433,0.15506411648907695,0.030945558242603977,0.31008366784349883,0.11178497879889476,0.24263857722906024,0.2664527832990598,0.28371380781640376,0.29391691901261846,0.28803809080672427,0.2678207311612623,0.49571239322682875,0.04236760605438943,0.1818755826653509,0.1931690864509588,0.3410889511286726,0.34698764080398736,0.3240403147716429,0.06579915088434894,0.157405322707853,0.4201080328969979,0.5802195998767532,0.013442785596205695,0.29613765048286894,0.31692448377750476,0.5851896508616036,-0.3621809940556636,-0.32844317470383155,-0.19729100882971312,0.09464773123818616,0.004913131726083132,0.09712238306251836,0.15765359782793734,-0.450219432421209
0.06512100043217667,0.28431238693621086,-0.18123301896848557,0.47294985732621064,0.9311852773767895,0.6014603407959533,0.16877613000878666,0.34276683725924767,0.28486845493909274,0.3809006053611442,0.3852069222248834,0.44295094313104416,0.19354150197713688,0.31390022162905007,0.2515464019669803,0.31758674062437536,0.3104313715126721,0.36129983004222255,1.1186509862517269,0.3175548298960972,0.3740890851386224,0.25412514477348463,-0.08182446608299301,0.35436875286213565,0.2488068123099725,0.2567357000504609,0.2114660101302369,0.35241974471065873,0.22883245961713522,0.266603274134309,0.28129433102935997,0.33888031859998996,0.4653543779849442,0.22146267972125666,0.04198912981323255,0.2965118717878861,0.49839502316990847,0.17399324600676935,0.42870350896357223,0.2141445905693129,0.43089285099588304,0.2901209544983803,0.28251557212588085,0.039808093826336856,-0.0718015412134913,0.3913615614634438,0.2719691889161541,0.05349566620161102,0.09095544265304062,-0.048761659754534184,0.33407091048823595,0.495608296860907,-0.31167858001758686,-0.19065092764501826,0.030972638775698415,-0.00905703062147444,0.10815998897109004,0.05732136243655782,-0.19838464350232035
0.10631949751570105,0.4336502079803917,0.2442061755115722,0.2616976946184155,0.23127903955883752,0.3908621898352213,0.16676136999059107,0.2687252094232251,0.1706686615838659,0.1292529173766626,0.36363025777795915,0.2911636010377249,0.1288329434985245,0.26203051131836286,0.2888928238717225,0.2178847444664929,0.33576040747652314,0.048611836180729465,0.3175548298960972,1.156803808580522,0.139046438847846,0.0937182927515089,0.049513027922901784,0.3782556576585118,0.2535183374261947,0.31321485454204495,0.3324825280331791,0.14641644452998048,0.31977184373232526,0.33334198770145435,0.17568890248731112,0.2674018805227433,0.302120665163494,0.3354119549905508,0.1931440669026329,0.18980120137359233,0.466378371871169,0.5344250059140008,0.32005982077409273,0.1461798318650483,0.17285626054114872,0.3160608084004482,0.2916521383174328,0.0004588969145416083,0.17904401430001535,0.1493368563853331,0.20904546948720842,0.10671690483217297,0.2697269908055911,0.005712681935736916,-0.17881431729186684,0.23921669147011315,-0.002944580190509504,-0.03021737394753426,-0.03262426403131432,-0.059859950302302345,0.0766022850970559,0.0608714676075155,-0.1086449882618347
0.10931870195300485,0.5038492380003972,0.20599380257480773,0.2898444041723495,0.3268889338547845,0.2952795781312711,0.19846947427808823,0.2163047451634795,0.33859548815917734,0.19828154478787396,0.25148951175945516,0.2437172604618684,0.12052284022718644,0.20614179077430214,0.2911275655797936,0.22293471329877673,0.25354505655378096,0.3716711089407296,0.3740890851386224,0.139046438847846,0.8137353694180247,0.2787343786343931,0.19772336105440075,0.25469681774349245,0.19998350553823685,0.31519141180747967,0.18198650790489201,0.054802897796462004,0.2450951392616681,0.1900431354778455,0.3136260456445099,0.20628150656126779,0.2961484655496762,0.16935088621652708,0.32330553656966904,0.2962472220472811,0.38244055282655903,0.09639342983598749,0.27684254187764945,0.16839511686687,0.5322969876680256,0.3389448561317628,0.41035325234633396,0.08977788826240006,0.14302195633821096,0.44719547091858486,0.3124534544146836,0.020572083029472703,0.04419432475795052,0.13924248664902397,0.08045786098821006,0.08523618720799173,-0.07760640385846995,-0.13902358005375123,0.09130171431540121,-0.027054717235595178,-0.31021317511340346,0.05216931243799479,0.1250657160345012
0.09811259987695685,0.08896456549647815,0.18503821012982932,0.25607969557115495,0.2519112164550335,0.24235691196904044,0.19161057449744304,0.20622778203343647,0.23198704039568407,0.2573570656354915,0.15735453997280752,0.1627066842373809,0.212214348693946,0.17069350468436098,0.0807319685725683,0.20087520418409655,0.3347778905783664,0.3157754365232012,0.25412514477348463,0.0937182927515089,0.2787343786343931,1.101640689680315,0.4299414712399818,0.32861465635600307,0.1633667190453433,0.13794274986440674,0.2744907383267664,-0.02125257548102929,0.23478321641935213,0.38001204770988584,0.24472723992676917,0.26191264420689886,0.41098904954357257,0.19227881298022761,0.2736395814594469,0.3296711436432977,0.47622076275919867,0.10431810326058592,0.3104478371171156,0.06761224605789053,0.2814466483926291,0.3497010545236736,0.477471648311855,0.16725726749255826,0.0010487291039598338,0.4383682497131554,0.40331285211401696,-0.11787553989971332,0.9704684969157416,0.16545873889866644,0.04540439725956786,-0.1291296345502655,-0.06609322244295927,-0.12064417278024055,0.001107717817501802,-0.002136182943532444,-0.1143716016940397,0.08182269334645934,-0.039138298997595626
0.08075420869607154,-0.8579529277059673,0.27475559017261014,0.097521612775599,-0.07037596783699245,-0.018861496906357644,0.07450192254487369,0.022797844709376725,0.20688426016932474,0.2159788637985903,0.040166291517241284,0.04972858284609838,0.04893700880966812,0.0630329792337302,0.23174626956921127,0.13815535839921858,0.1955000581809747,0.32828707694229536,-0.08182446608299301,0.049513027922901784,0.19772336105440075,0.4299414712399818,1.7014981477613356,0.4020670729893153,0.3552853863158826,-0.13659456477599521,0.056090904675813166,-0.9522987282441262,0.21781202076952186,0.675850062698907,0.2573528446848506,0.02274105645652867,0.5635808066888749,0.17762131896040276,0.3092499479594567,0.4171807704830622,0.6780618837190642,0.052286904778511355,0.4585189575690343,0.049624975629724684,0.457387476311152,0.4307685003864244,0.26712513285351475,0.2109565364095384,-0.15378738571957423,0.599899177100034,0.5027172729595227,0.026194090195936548,0.11186992676230617,0.326582043704464,-0.10439498636967112,0.16905522086119706,-0.03681979778254045,-0.2255539117224774,0.072519082812323,-0.03171387559700444,-0.18990393908627298,-0.06499490936939446,0.0037791749472569766
0.05256774248771252,0.11698451998950803,0.1762380678770791,0.32172515991482226,0.31757459284585465,0.30544410348161044,0.17129055723223474,0.2534094564168495,0.2745687042900321,0.3146305400003797,0.27077881085383815,0.24622233448500075,0.16248568837897112,0.26078412925826056,0.3005423015759087,0.26403203033359185,0.2767716101834486,0.33592806106880696,0.35436875286213565,0.3782556576585118,0.25469681774349245,0.32861465635600307,0.4020670729893153,0.954747390647877,0.29151108862198427,0.354092460516072,0.24365446571395574,-0.08873360462423494,0.3067855056683274,0.828612933076869,0.06878561592955912,0.36794790372170116,0.8039465240792254,0.3182663479283895,0.35272582082604353,0.344395604661764,0.7462589177174321,0.21921707456744022,0.23341700507145077,-0.03399606029221058,0.3561416811578706,0.4289452733839014,0.3045279606715135,0.065627494421584,-0.08300354540775723,0.3563448515490914,0.5480719320741898,0.07018230037964784,0.5869082543079526,0.1274512405675567,0.005413060531288344,0.16927309381094427,-0.08662499841961,-0.1471080446509375,0.08599244426618326,-0.1178484717142051,0.15056764065933084,-0.14568497766036848,-0.023088073220050388
0.12020322474125392,0.19113142941845268,0.17768799526083304,0.2509153881768527,0.22825277438842692,0.2613411337181756,0.16271444440856883,0.21783054627152557,0.19231572625343413,0.2495199527952958,0.2527432457984577,0.28599158672516994,0.11946565591286454,0.21057829919088025,0.30403189843047146,0.2680005976955534,0.24821525725304824,0.15818797765816608,0.2488068123099725,0.2535183374261947,0.19998350553823685,0.1633667190453433,0.3552853863158826,0.29151108862198427,0.9541016541745355,0.12305611778748715,0.2741185788384008,-0.0066516729093526,0.3689487614246709,0.2772004533212748,0.2579532839122002,0.21010019477273126,0.2268573409932301,0.29852053407112616,0.23974339269979061,0.3536989935280468,0.3115770884128072,0.13403928881932725,0.3184028995589833,0.05982088698578767,0.2677067412036131,0.2776538089910137,0.2603158444073747,0.09075097357110648,0.032530853599595067,0.3487852183065622,0.25635094787363205,0.011601101403019643,-0.16858883148291579,-0.38940241501734146,-0.32646722605568695,0.4637045792953178,0.1539551990690502,-0.04179017252586826,0.09872512659012085,-0.01949644324475488,0.0480095533007773,-0.06544837252170015,-0.10349137770255604
0.0941287443304094,0.6380691614163386,0.25472983694981294,0.3222549439557934,0.27322632209082415,0.2891397096673995,0.2099562467549081,0.29374212842581404,0.4091374727835886,0.20585819534185004,0.23741463579128996,0.24330161433655378,0.10723311693947243,0.2795816500931335,0.2542213676153133,0.2283590980250622,0.20370992624297798,0.3883854672040433,0.2567357000504609,0.31321485454204495,0.31519141180747967,0.13794274986440674,-0.13659456477599521,0.354092460516072,0.12305611778748715,1.6434881754270285,0.3421568044434601,0.26088891420067456,0.18718965084786052,-0.04368801339632888,0.18029541502984173,0.39858055721302027,0.15056265512650188,0.3842104017006791,0.15006476375220876,0.16782344667955565,0.10802564886485813,0.16851472567787038,-0.6842749913301248,-0.08457389697869645,0.31129204886857503,0.18351841475693906,0.2109562555557676,-0.04323671796986467,-0.10781750374572216,0.04853864158851713,0.19974557264784065,0.0784704011884796,0.8144902141129139,0.17534682987866151,0.30403173812226797,-0.41305474007113835,-0.15716047326108143,-0.07958846096209976,-0.21815854710862204,-0.09087558747908801,-0.23086481650011276,0.49857956292038363,-0.07713938231571955
0.12588395514851186,1.0463524198145793,-0.01523244781131343,0.23108589375574878,0.2744324178842861,0.22103955872684714,0.22839735946743406,0.16805813381810963,0.32247050624539225,0.35820580429423804,0.2825160839385682,0.27600882867031656,0.14990294924930173,0.19159910375114417,0.3077168734430059,0.23953558806721165,0.32324234630978593,0.15506411648907695,0.2114660101302369,0.3324825280331791,0.18198650790489201,0.2744907383267664,0.056090904675813166,0.24365446571395574,0.2741185788384008,0.3421568044434601,1.61846497290417,0.3589949634204242,0.27175264012044426,0.31747568781095636,0.3530728506284999,0.2902892592114552,0.32543144757139053,0.27616100305502495,0.38822013665141863,0.5899797941456528,0.40646664201669236,0.1971043675781355,0.17392616857586785,0.23481448829858065,0.2323816935425564,0.3994021997083738,0.8391503311395372,-0.0849487487700009,0.37250756149133346,0.14317550327224704,0.24202497917288554,0.020959250149352005,0.24087586947309986,-0.1857594197959107,-0.22870621210808809,0.10206802634661691,0.05323599349292066,0.08131993898713762,0.19026050942232003,0.16566577908825703,0.32279548229877475,0.0035329533775227753,-0.5402875359912455
0.05756318619448635,0.9582159235684319,0.013314628484242499,0.1543189815477318,0.2444133433976397,0.2636288776079717,0.1105286810958014,0.17384036834171454,0.12481649702140532,0.17603158450369183,0.19347280017063148,0.21908215688542418,0.08662888057574492,0.14856288770062995,0.11301684802498617,0.15057768852642725,0.21959881959699498,0.030945558242603977,0.35241974471065873,0.14641644452998048,0.054802897796462004,-0.02125257548102929,-0.9522987282441262,-0.08873360462423494,-0.0066516729093526,0.26088891420067456,0.3589949634204242,2.397200982876218,-0.06941871162390607,-0.4056585408181711,0.17276134586015224,0.23378535859566896,-0.23819957908712608,0.039083303145668755,0.11341502582382879,0.21221790118508319,-0.1672004627537919,0.05556111674925793,-0.05868165519191907,-0.03435131180961266,-0.08375587767438827,-0.16306536664019428,0.4296964402305122,0.293013765291072,0.31648808444577337,-0.30877248873166346,-0.19952477588702874,-0.02002173799436316,-0.08981512089819328,-0.551719952208441,0.1925607865432365,0.10732592883876813,-0.29011357942506655,0.25843551062681386,0.24508077406135306,0.031823984353862994,0.2807031196412911,-0.15856279587137692,0.011238540019923837
0.10357093232045216,0.4349780632696497,0.39144648118270803,0.24649811439259062,0.14145122707305982,0.29158581389048477,0.16573370859356396,0.274185860501135,0.22451110227651225,0.3091235993554285,0.2696100206151509,0.2135042673436789,0.2173724103648109,0.23475357547077663,0.23456841338449652,0.29458454710209847,0.2538787410325115,0.31008366784349883,0.22883245961713522,0.31977184373232526,0.2450951392616681,0.23478321641935213,0.21781202076952186,0.3067855056683274,0.3689487614246709,0.18718965084786052,0.27175264012044426,-0.06941871162390607,2.1438182261161534,-0.2244428323501099,-0.04084045367136982,0.2941781045641533,0.003225999432403836,0.7526975802463051,0.44154162974558875,0.1906890840633205,0.4122771509162922,0.09097764565170735,0.09629582409861442,0.08685182946683395,0.10246747226221634,0.3002453171343203,0.2521636142241833,-0.02630955647071594,0.4301382520571193,0.22278292602354768,0.24244086071868573,0.005380382597863001,0.3193261141898368,-0.0509355434929365,-0.10079633799083172,0.21509057831913558,-0.10002161677027534,0.02991794487223939,0.028745555290268333,-0.095649449462538,0.003456455101364215,0.16176930120380537,-0.25210211466982513
0.006949222183874049,-0.21190750419087545,-0.38895906688584947,0.21557999069258502,0.4131274490600958,0.1424441530592976,0.07415984077543059,0.045829043743257594,0.07331775466687354,0.2767142478132427,0.17211434510036294,0.15204868261936288,0.09993124588903025,0.17994621235368605,0.3140923038612045,0.21601875232542295,0.21418958126766743,0.11178497879889476,0.266603274134309,0.33334198770145435,0.1900431354778455,0.38001204770988584,0.675850062698907,0.828612933076869,0.2772004533212748,-0.04368801339632888,0.31747568781095636,-0.4056585408181711,-0.2244428323501099,3.2574984066072026,0.13714821347107883,0.20321364124874827,0.8740979491990986,-0.1273401152787882,0.5042291755855893,0.3799592310343487,1.0954348170742805,0.23802879230439491,0.6650420718968652,0.04078916408313164,0.7152687201006496,0.5005204313622688,0.44268454141251684,0.11029809701277732,0.09158696483521889,0.36528075438575125,1.3434024415930912,0.10134201015466138,1.2130319369994675,-0.1264458447483239,-0.16570276026821776,-0.03602811208513874,0.1715340711603916,-0.04794288232657606,-0.046027763851156,0.020568583134670946,0.00012093020442144753,0.32972101310369,-0.3256654712990434
0.12571354152669356,0.35671850587154674,0.10534746702983262,0.22425663038300347,0.2846727943830455,0.21863558438984723,0.16245541548328557,0.16782772884908378,0.3151579841074967,0.2650537600513507,0.22263500361727045,0.24154574520695582,0.09746533705223426,0.19248182040331782,0.25965746598677375,0.2009954894827253,0.25443937528214383,0.24263857722906024,0.28129433102935997,0.17568890248731112,0.3136260456445099,0.24472723992676917,0.2573528446848506,0.06878561592955912,0.2579532839122002,0.18029541502984173,0.3530728506284999,0.17276134586015224,-0.04084045367136982,0.13714821347107883,1.22033234553172,0.2646792229993142,0.18577523275636634,0.10109799920908188,0.24982928747509175,0.6608811326195224,0.2778539786009325,0.13585117726957868,0.3309977077059681,0.12924283448327678,0.2792268758671118,0.3226394262053518,0.2641698231797246,0.06582185834959792,0.33463059944083695,0.45468597280076334,0.23825364613404984,-0.015992963006463093,-0.24938168202737518,0.08588263839732499,-0.033951033156170735,0.11010732770591007,-0.02264659643861861,-0.1293075375644288,0.2985222541574146,0.04575027687846075,0.22764291860121894,-0.37840280753517574,-0.10520427526616863
0.11372142952953132,0.26617398845293216,0.056451102139279695,0.28690284235508523,0.29531884824413923,0.33841392269199155,0.16740646473070814,0.28462180632310424,0.22166544142048109,0.2689261571840826,0.28516422539421876,0.2913226050257606,0.1673368263817362,0.32229960357548615,0.2259257536495419,0.2710926400676221,0.22571679756131274,0.2664527832990598,0.33888031859998996,0.2674018805227433,0.20628150656126779,0.26191264420689886,0.02274105645652867,0.36794790372170116,0.21010019477273126,0.39858055721302027,0.2902892592114552,0.23378535859566896,0.2941781045641533,0.20321364124874827,0.2646792229993142,0.7480302180515956,0.19671102458994486,0.282484785103599,0.09624145630944214,0.2964501815169264,0.21299660135770482,0.16234792550044794,0.15565158778402693,0.06126069761531866,0.13425011267663672,0.19717989221773213,0.16786962983937218,0.04503981287960416,0.09758169847765367,0.17533965612031424,0.29264438625888567,0.013678007704709004,0.5161844636586176,-0.003100772560637692,0.040998712616746036,0.09778746145930513,-0.14712565577337253,-0.016596975147993912,0.041649149175373254,-0.03810232551336428,0.8362612648969275,-0.1333095851743973,-0.6694819857896325
0.04190333062925286,0.10821490780474492,0.08446222632346058,0.33089437903394986,0.40794975191884064,0.23435824206372774,0.173752176890899,0.15368840900336128,0.360071783643356,0.3124129857409651,0.20840297021823334,0.23240619629045717,0.12937631595397747,0.18828241578555605,0.3053903272096848,0.21496911033309996,0.31413026140356803,0.28371380781640376,0.4653543779849442,0.302120665163494,0.2961484655496762,0.41098904954357257,0.5635808066888749,0.8039465240792254,0.2268573409932301,0.15056265512650188,0.32543144757139053,-0.23819957908712608,0.003225999432403836,0.8740979491990986,0.18577523275636634,0.19671102458994486,1.9224027363126568,0.003745619700103064,-0.03756203989041676,0.28295773066997604,0.9769694753225083,0.2199240937153484,0.2989330062015642,-0.11868190414968832,0.41903726658355755,0.40294614060440226,0.37695369754301267,0.028523513116890643,-0.5017174492406546,0.5192715724723981,0.48352927830746245,0.11331485704980897,0.45003976126638684,0.443571516267821,0.045390104092994356,0.5442362316109088,-0.25678928433989945,-0.40471242334146257,0.03239168508580333,0.013368087396351478,-0.18703292766773064,0.01909984634126884,-0.044812738270830696
0.03870068982697932,0.3661386552227569,0.19804551487482705,0.26348868819172294,0.2324312885565399,0.2766897315583837,0.1716472666851558,0.2366740586064103,0.25210029827919606,0.2903998274071544,0.2598065270882655,0.2220680350458366,0.14625256508658127,0.20907001574575204,0.236722630267931,0.22055860839116628,0.24669497303492322,0.29391691901261846,0.22146267972125666,0.3354119549905508,0.16935088621652708,0.19227881298022761,0.17762131896040276,0.3182663479283895,0.29852053407112616,0.3842104017006791,0.27616100305502495,0.039083303145668755,0.7526975802463051,-0.1273401152787882,0.10109799920908188,0.282484785103599,0.003745619700103064,1.6285678548743696,0.24971097707875026,0.09114643320463357,0.5147032197998463,0.1763757301466295,-0.008225432704996751,-0.07772521590026599,0.08244529977016901,0.39359462102718007,0.3136285090004401,0.1584850792039876,-0.20619478023667084,-0.08763043040265595,0.2277294669216082,0.0407212852274745,0.2595477442641678,-0.0737293722951795,-0.0372670601878985,-0.09058576812215771,0.004859039797560317,0.0201999604593056,0.034650093368860685,0.0017676196162921252,0.11639009457060574,0.013440774167170884,-0.16699495252570304
