1.9528128267793377,0.2706771058569966,0.6847325424057276,0.15383929320462705,0.2818869132014115,0.30688200134465693,0.29725936776735923,0.07056099935082678,0.09998193770082701,0.26491586141932644,0.15539578270356155,0.18245236178642468,0.071166798103192,0.14505330019275295,0.20643175647907694,0.13400390914036114,0.1603626893419685,0.17750654300994065,0.14359828551911175,0.13056799160770927,0.2104344775479968,0.17505039260990435,0.06611808558014909,0.1064821906124741,0.22511462488578643,0.15309637003782786,0.18864210762232572,-0.006133307442453677,0.17836630996821937,0.2579916024523602,0.20397368799281487,0.11938703234740942,0.16971308165156515,-0.2463999514858098,0.20669158029112827,0.1521867172991198,0.12121628008792174,0.2179162722351038,0.15873613397136102,0.18106788761196504,0.27885085971175716,0.16046040435565825,0.050183996812983,0.05652674761093346,0.16752760947926656,0.32398879929313723,-0.025569259917547743,0.02752146962932319,-0.14403561889705443,0.07254416617306889,-0.08350242673619676,-0.3087721609152886,0.1351822041552291,0.1335137492302446,0.010735557018397533,-0.016174761781085026,0.014431885758898299,0.026560141166700475,-0.09789356373096764
0.2706771058569966,3.044926494001161,0.14537101572093117,0.08801773569708503,0.3668553477926578,0.15366672780383311,0.3026641751759533,0.09881219193348828,0.3895996373306705,0.11762216976776675,0.23872522004402852,0.2216364073794834,0.1047066647505436,0.18201123191276658,0.5945471112012259,0.24323469912336662,0.2512529042677063,0.1968325631005976,-0.1858317793055393,0.21818398072032366,0.3102353394193471,-0.030778967470309736,-0.3039494646399634,-0.049717685231539514,0.18529392116111934,0.36211558602681565,0.5443350190643875,0.501442604725293,0.40121485408377466,-0.10719711575368532,0.3093594037824145,0.22058570150192178,-0.3172107579473192,0.25676777177971855,0.32151726178928525,0.2268254079157153,0.21676786797689546,0.1838923446566823,0.006180546716101905,0.10249558587317767,0.058765747794934285,0.169941504593187,0.10546295825366625,0.0074093639578447675,0.4857298208437732,0.16903778121531904,0.08520414571614456,-0.25376314152294266,0.042546285564662514,-0.3961068869053328,0.4487756748495613,0.24926384116266964,-0.1273637885291056,0.07435805528667222,-0.2478860192342695,0.012510512845051199,0.04114196403119149,0.2730459980771966,-0.16860121959243776
0.6847325424057276,0.14537101572093117,2.239000068313307,0.13693695453764518,-0.3226478217827868,0.5046275851295087,0.37352788783199947,0.318701156227248,0.2528093672640531,0.6323829694523528,0.3364034428850897,0.34849364692605533,0.13988095008326928,0.3083040908421796,0.33605224133033135,0.2749914893643119,0.38510919975768687,0.3993954580333359,0.3408639681587299,0.6590791305288844,0.3398465253556371,0.446937817306128,0.43194868952994603,0.3919868084087061,0.4545973829423127,0.2731063621103012,0.29193943479062556,-0.10078305017954409,0.5902429434238667,0.5655114835138442,0.33572362020908003,0.29902006452665775,0.46005230347756715,0.35249921896025854,0.518909235557353,0.3798883316496885,0.5187801318912958,0.6141971512899967,0.41017188352121964,0.48092785562888696,0.36947730617027885,0.5028870947985578,0.5136049301365612,0.06572581081129668,0.12419201530996217,0.6812633117818014,0.34795311336899415,1.1018472586880466,0.3487957457067762,0.12111437251920841,-0.1792260238227311,-0.06786279460154025,-0.03078629801005736,0.056507678475486565,0.11712713391539864,0.13744501021145586,-0.08432156577340728,-0.08086984853308936,-0.13815619241993893
0.15383929320462705,0.08801773569708503,0.13693695453764518,0.809169873931222,0.3573742980942356,0.3011315964107779,0.2257106312589294,0.09990489015167721,0.12856815779007108,0.11958241422085475,0.1455910138974143,0.17105087458071216,0.08931952386345812,0.1527531828678547,0.1628598888690427,0.17274343828933755,0.1457814259258773,0.17768011073540874,-0.08930516882590232,0.20730954211733224,0.13110968241151602,0.1323358204320462,0.18900480117378096,0.13220042847226554,0.14493948380483845,0.1995771605331642,0.14730150870291425,0.0011873081783570947,0.18211823174010638,0.06364113428140705,0.13604542013277637,0.16193391969626325,0.10866236026656557,0.21421167493325866,0.0969634138847437,0.16018374319568107,0.1477883759200561,0.19254122945871455,0.07893439083439044,0.14560211755266514,0.07912152248288626,0.18098042214939694,0.18519272604078757,0.07082639876108106,0.05095084411559307,0.18840323690241093,0.12745207021242044,0.28175772491655526,0.15138763347192147,-0.05143859843496971,-0.014206006950466511,0.036793227156089355,-0.02214504448270731,0.034443094120345304,0.16637441799800304,0.062078088648291736,-0.10001336159375031,-0.15264887199952903,0.03657810141829746
0.2818869132014115,0.3668553477926578,-0.3226478217827868,0.3573742980942356,1.1299160101732453,0.34802517332566135,0.22626465156159115,0.06404344072394437,0.20120535093735556,-0.004598652564382977,0.1342098050926557,0.1722242984068135,0.09658333443177117,0.17126367727162103,0.22734011474894722,0.19971875863093239,0.11733651794466654,0.11919666177621385,-0.14158947310859826,0.13422994903969418,0.10719320755654058,0.06137297683618587,0.06074643763035508,0.06509219015100892,0.10726210529371703,0.27499587113685076,0.137419675726581,0.0580978764720305,0.11019571157519124,-0.19028478345431057,0.15134436213820096,0.165138691734554,-0.08548475183253895,0.2192432852654238,0.03270901220682769,0.17676674266176914,0.10877948784333223,0.04696449299741029,-0.04409107091633972,0.0690798771626182,-0.0033250391676621542,0.1272364724496188,0.03873333725693913,0.025372354436829815,0.12527330307693446,0.07547919924063337,0.03744790511332062,0.23722775356460413,0.14806939038032196,-0.2255064473326245,0.11239986770250104,-0.15336908565955132,0.17368796105899045,0.08061489133073009,-0.11018048621005164,-0.1296005249565932,-0.06184384963432641,0.09588086607480244,0.17908636705086697
0.30688200134465693,0.15366672780383311,0.5046275851295087,0.3011315964107779,0.34802517332566135,1.0019354103757394,0.25095039116637446,0.1771433674273939,0.1839869874821779,0.13654198268603815,0.253743959772342,0.20359175560856657,0.1311094565475524,0.32150569690662284,0.32266118075395334,0.3039073107761046,0.32923138806882524,0.16885180037514672,0.05979923473908916,0.4351459002149532,0.2817849402620008,0.34514246072663646,0.10810934517190543,0.21731052366458303,0.2344993358298451,0.3477679845583631,0.19086055310281708,0.09423413443728117,0.33505769896538673,0.0670419072932689,0.2447699688995519,0.2967958377611579,0.13774411794618924,0.29630039586489115,0.1003700661580697,0.2964120952065044,0.32950540566701836,0.28761027988923565,0.1010002644038629,0.2055632792847805,0.18069803345195054,0.31366119368130585,0.25488906341085166,0.03663726683832505,0.14933537950668613,0.31948475160339235,0.12546255139282197,0.5970183688374421,0.2095454874018029,0.030102416913555877,-0.23607001882970519,-0.17147331459761636,0.08945727900268635,0.06961876649956909,-0.3218997268239357,-0.006098786754367299,-0.06408409143635042,0.32946000975923806,-0.005189592345620677
0.29725936776735923,0.3026641751759533,0.37352788783199947,0.2257106312589294,0.22626465156159115,0.25095039116637446,0.6805191322814118,0.08744680823076775,0.2372464521094476,0.18895715761269669,0.1921570354355332,0.30239954944096836,0.10737823340106747,0.1886482302851158,0.12906763390827342,0.22706302030584072,0.24131350322344078,0.23409442375579093,0.0078028439342038925,0.33453457336647535,0.18462185342491888,0.25489961679165846,0.27163271278491025,0.2003685907652207,0.24473553935401046,0.2763267660382208,0.2666211670182867,-0.008861369220675356,0.27268579594570863,0.10862519295297503,0.19512220031588054,0.2035910626612613,0.1583348874071555,0.27395922445972787,0.16830646291003054,0.30501132359410243,0.20119398151317777,0.2419510337497149,0.12397276630699532,0.23690481423610968,0.09805877024953256,0.2754572931678082,0.22000030472294374,0.048129368096399026,0.08499319657501135,0.3229161785242947,0.08060203407796311,0.6839619326543354,0.3936125456689686,-0.15518913109379723,0.02264380156075029,-0.10384197391173308,0.0661000068472527,0.07728044916609811,0.27239137717456163,-0.02432670689145597,-0.1348060819329305,-0.24356034837122573,0.06534650312583783
0.07056099935082678,0.09881219193348828,0.318701156227248,0.09990489015167721,0.06404344072394437,0.1771433674273939,0.08744680823076775,1.0684078519819458,0.018331098803929167,0.09074635916265356,0.22680655162107294,0.07030901175586875,0.10744133386798795,0.2218008488287176,0.08605304399178737,0.19774495110904383,0.2508576955694793,0.18043193108625832,0.10674810104005712,0.26075743880776525,0.07623351784341888,0.21357125993329076,0.1307094469436497,0.12755193135815968,0.19582343048760376,0.22942153357742198,0.13762511821553708,0.046685248801398564,0.23298486376957453,0.1509971463174251,0.1466996602501409,0.20206682449074556,0.02259350514614058,0.23595802510548658,0.16591279164261613,0.21315561725499169,0.15122756752250166,0.11753366919399574,0.3460077164109748,0.1219455418605192,0.05208922741768627,0.18209853768626594,0.21928419943058777,0.01216346251747221,0.07633079773811484,0.15677292916600638,0.058989288487474444,0.3272948885859471,0.18197976929799942,0.12796442228454202,-0.09247900413253589,0.2020055635806751,-0.015167662968623307,-0.13460012602151172,-0.4006601080097759,0.030827327829743113,0.0046300404146929555,0.42013504418211134,-0.11621669628244137
0.09998193770082701,0.3895996373306705,0.2528093672640531,0.12856815779007108,0.20120535093735556,0.1839869874821779,0.2372464521094476,0.018331098803929167,0.6520757502719059,0.1639313187203384,0.14139540151878885,0.17156419125741545,0.08051534409134639,0.15227668382559736,0.1622474423063973,0.17269320200300098,0.15542527217050306,0.22217861076465725,-0.16763009152318956,0.29027918274306025,0.13943872066602847,0.09931581131006498,0.23334560424223336,0.152509538796538,0.1058010161803364,0.29115895844259587,0.22185618487415656,-0.004751774563483854,0.2013634615542293,0.08923776818117397,0.18088565580834984,0.17121600569316342,0.10303870262205185,0.22617177199769092,0.16675552016240247,0.25460745596644446,0.18721346301662947,0.17740159409855671,0.09927660525547848,0.149119534499743,0.07227646628512867,0.22208891672087666,0.18908394747604357,0.031930496920619694,0.07478365510533366,0.20139837048092932,0.08921925327168445,0.3718376473802175,0.5475214568539681,-0.1665356660885621,0.057964312391850174,0.1351653880587429,0.03339481352739475,-0.02006136477998641,0.0005344389277713478,0.005328475997833978,-0.010972746757957305,0.009877629862728903,-0.023078512299338955
0.26491586141932644,0.11762216976776675,0.6323829694523528,0.11958241422085475,-0.004598652564382977,0.13654198268603815,0.18895715761269669,0.09074635916265356,0.1639313187203384,0.8759798092859583,0.0949469221748336,0.16829500738525766,0.07302931720158565,0.18354671227669106,0.1585688356217849,0.17082283923895966,0.17765797560130242,0.27792165673548075,-0.054173325894620476,0.3775908498427596,0.14364853485536377,0.1399079086780311,0.25327635781512925,0.15928032998475028,0.23794136235900581,0.19764201943036144,0.28932925017267214,-0.06083134384060473,0.3398419528084807,0.22045617435059361,0.19181659597584064,0.19331063494518097,0.13176917107440828,0.3243817690527185,0.2968678138154679,0.21084181038852257,0.3203416735169496,0.2405558031056396,0.1131396910665315,0.24919369803397473,0.2078745934406463,0.28969434794704507,0.19782107582321617,0.04395564987891384,0.05085729618215636,0.36710780952270894,0.35052398037231375,0.572868582561855,0.42330709172513026,-0.0716773192603044,0.02850707973533022,-0.18138535878682885,0.01716691371630623,0.11806624275398077,-0.029331772905168602,0.1354902341864039,0.14551435911686122,0.026584506271309163,-0.29352385284422644
0.15539578270356155,0.23872522004402852,0.3364034428850897,0.1455910138974143,0.1342098050926557,0.253743959772342,0.1921570354355332,0.22680655162107294,0.14139540151878885,0.0949469221748336,0.3755674688649887,0.2048733513037536,0.11844782186948094,0.19212875679420494,0.2659583411189854,0.20932481412320472,0.2380607270067972,0.194186344252111,0.006585544423715639,0.2753335723750629,0.1590386722548181,0.16763342112452556,0.1998903969516215,0.15605974757715313,0.19062147188495623,0.24146822733178547,0.2204456034858677,0.009913676111608656,0.2693398226433959,0.12324143557953564,0.17606230694611627,0.19092626315582356,0.10682752181865308,0.21387037420443156,0.2097031397124385,0.2508339680413849,0.15471376694323083,0.1992062166303771,0.15938855712933367,0.1856848492578311,0.09696524868791397,0.23165768991861468,0.2040080209801489,0.016065210077178416,0.080762227345499,0.276876322992227,0.05780177913315525,0.4945880070574546,0.10471991329500673,-0.047756210004834564,-0.013266085929048,0.029813199798692812,0.0017958058978729634,0.02428903614739347,-0.15134835966676569,0.04523120436938115,-0.04644315772102763,0.15926245917302487,-0.07470511528953208
0.18245236178642468,0.2216364073794834,0.34849364692605533,0.17105087458071216,0.1722242984068135,0.20359175560856657,0.30239954944096836,0.07030901175586875,0.17156419125741545,0.16829500738525766,0.2048733513037536,0.5837898318198116,0.09472613615084119,0.21139774353220886,0.22648597495679723,0.2631454480398601,0.20478834611235633,0.2884117009562353,0.031902953961287527,0.2935245678459718,0.12138429132194059,0.1346877466254969,0.2840543569368323,0.19465995542740286,0.27495818681880446,0.23528786557906897,0.21033409535872474,-0.03283580675103595,0.264309513528221,0.08856710089192883,0.2100450619367973,0.21189397019837,0.16262871231905024,0.25270959049766084,0.1553218892222609,0.33106794212787793,0.15381312964808985,0.23808448455903236,0.13091048464868904,0.2087669417860222,0.09762119062162386,0.2513459826903866,0.19646309930960684,0.022647619189851604,0.033230872191626334,0.3418545761718067,0.14941091979921306,0.6435138711329755,0.3030762427838171,-0.13160846589783148,0.05456114195400211,-0.05524577806830706,0.04819742729712567,0.024395741867388784,0.28062043905525946,-0.03732761366813869,-0.17306684403131922,-0.2646158839345769,0.10777660192350486
0.071166798103192,0.1047066647505436,0.13988095008326928,0.08931952386345812,0.09658333443177117,0.1311094565475524,0.10737823340106747,0.10744133386798795,0.08051534409134639,0.07302931720158565,0.11844782186948094,0.09472613615084119,0.2038508496971578,0.1027754623669615,0.05259077669494729,0.09975698184040602,0.10637848358909167,0.115771355725896,-0.003793653282584817,0.1087466550134701,0.0890375583832214,0.19066594043851198,0.12823002991419624,0.08893562883866582,0.08848549724661602,0.09505912380666827,0.07820197208294591,-0.010829226411894705,0.15280452494696262,0.08438816524554868,0.07995911132180686,0.10834245106736337,0.04518221651769823,0.127247572066672,0.11044811963128372,0.12728216907780818,0.0671740330695199,0.05309316437463382,0.09933949511085176,0.07602403376663323,0.04107499647222969,0.10742294458910723,0.10740493852659329,0.022223145569917276,-0.02533382190670885,0.12588955851670486,0.04133436018925108,0.19959122853425756,0.1515806157906866,-0.003512609031833174,-0.00858166900997102,0.04248218679359128,-0.006583067399192051,-0.04218797618846526,0.016480207670495774,-0.0073665619425381515,-0.0712262930912888,-0.022523993401221267,0.0726322101803789
0.14505330019275295,0.18201123191276658,0.3083040908421796,0.1527531828678547,0.17126367727162103,0.32150569690662284,0.1886482302851158,0.2218008488287176,0.15227668382559736,0.18354671227669106,0.19212875679420494,0.21139774353220886,0.1027754623669615,0.49124396127532155,0.2848852548714648,0.35144449673836353,0.21175097700259404,0.20105452925050002,0.022877661682364946,0.2906064674103785,0.18064312821199038,0.2273234349765134,0.21494163629727284,0.19824799347103958,0.2423452743553087,0.26073715760663563,0.1539719569945403,-0.03928540170029241,0.3332582943939326,0.1629935770428527,0.2115145011299285,0.3943784434887643,0.03605265668477319,0.3025247072741417,0.19428249624474478,0.2866230904544003,0.22563600959488514,0.1988961737404628,0.10348855652093768,0.17654484941721674,0.17662544008624512,0.26833537188295187,0.18873017559173422,0.027507762013451995,0.06841684561297819,0.2732069619530329,0.15638782637564733,0.5232064956699307,0.5161829680528724,-0.09760005681657649,-0.02339981625312581,-0.3054140286131072,0.21811943918053778,0.06779491667662763,-0.40815853795956986,0.06176685158689505,0.09799188660116057,0.40276779085277664,-0.2366486159012186
0.20643175647907694,0.5945471112012259,0.33605224133033135,0.1628598888690427,0.22734011474894722,0.32266118075395334,0.12906763390827342,0.08605304399178737,0.1622474423063973,0.1585688356217849,0.2659583411189854,0.22648597495679723,0.05259077669494729,0.2848852548714648,0.8261423152628719,0.27677305951514375,0.252483718240945,0.2669197588541166,0.035637373612597126,0.3292784607009803,0.23331299485974025,0.011819275457084007,0.31315905967744334,0.216309870057472,0.29421773067496004,0.25377650878913643,0.2989915008591544,-0.06448055655549467,0.36717570362222146,0.26932347521100897,0.23196829427540913,0.2395315893996254,0.20511285478743368,0.2559972757993357,0.2337206441440403,0.31183714474832785,0.3690266894093117,0.29877032374911744,0.12813876159972964,0.2408400678043106,0.23083402173064865,0.32726101562197857,0.3072708018328804,0.026531651214558184,0.15411850431773322,0.4004327696538258,0.09667877088172709,0.6449372230133262,0.12420037617277976,0.09077453723196556,-0.026490478087444688,-0.09477379495683316,-0.01006595747547492,0.06687797268553414,-0.25879622105015254,0.11331933334484805,-0.0783425960650697,0.26108439567171027,-0.08179310893104108
0.13400390914036114,0.24323469912336662,0.2749914893643119,0.17274343828933755,0.19971875863093239,0.3039073107761046,0.22706302030584072,0.19774495110904383,0.17269320200300098,0.17082283923895966,0.20932481412320472,0.2631454480398601,0.09975698184040602,0.35144449673836353,0.27677305951514375,0.5646142188262205,0.2740945183843957,0.22882639708392444,0.0038563103465432125,0.34101322618788743,0.1815412503001254,0.20849086886497795,0.2215860351038971,0.2011360443039207,0.2573387453181341,0.2644174914256456,0.195068577956473,0.002280683266772172,0.34485481463241624,0.1518579740050072,0.2236157100203155,0.30898616416998104,0.08292962650918614,0.3206459588587857,0.23731883237449802,0.30997684661466524,0.24513439095931716,0.25805340893801043,0.11871943271844204,0.21200156395531622,0.15821417259072174,0.31059399248153213,0.27359743406117754,0.02392718407159176,0.10360046768908936,0.2996952923669649,0.14927344795375785,0.5906730508528937,0.3632825105182809,-0.15308092255893632,-0.02280478164324257,-0.1464402415693371,0.1395927582229048,0.04615970829681452,-0.23736113427354763,0.04462471101680261,-0.06091085531333113,0.23988320002225896,-0.054703066316053345
0.1603626893419685,0.2512529042677063,0.38510919975768687,0.1457814259258773,0.11733651794466654,0.32923138806882524,0.24131350322344078,0.2508576955694793,0.15542527217050306,0.17765797560130242,0.2380607270067972,0.20478834611235633,0.10637848358909167,0.21175097700259404,0.252483718240945,0.2740945183843957,0.5822984365805124,0.18510429084051802,0.057757975256274144,0.34081227010032955,0.16929126379212667,0.4545702659674013,0.1601112999290993,0.18342205179825985,0.2839600652229323,0.308511144283941,0.2976358803064481,0.20300510152346898,0.28556673310391184,0.07994121004670315,0.2336805806128886,0.22995261218558652,0.13024237848119816,0.2801269065965125,0.18149704582389029,0.37871242386082865,0.27655888719947985,0.23851115061135825,0.12063185047990534,0.19681226707496133,0.1195272399230403,0.32035062532543906,0.25454112580271054,0.04118483907850582,0.14938479590107595,0.32988070489517435,0.0746038388302637,0.6250571380608354,0.21929027719724994,0.07685784700537204,0.04298428615660825,-0.06448754529086778,-0.15274359545536842,-0.014470732248621375,-0.3186788324275115,0.02602733868068036,-0.04829567593127679,0.31767296534403056,-0.08943535461059174
0.17750654300994065,0.1968325631005976,0.3993954580333359,0.17768011073540874,0.11919666177621385,0.16885180037514672,0.23409442375579093,0.18043193108625832,0.22217861076465725,0.27792165673548075,0.194186344252111,0.2884117009562353,0.115771355725896,0.20105452925050002,0.2669197588541166,0.22882639708392444,0.18510429084051802,1.0156754549770513,-0.01678096078720192,0.20089771073824894,0.20270090705013902,0.21198423906148264,0.7468237300548172,0.23031247864346743,0.34470295504623194,0.1896705511267414,0.03688872470133691,-0.28816405764334524,0.3620683748782487,0.2557354823629484,0.38171104797431266,0.2105094505434457,0.2748220731562337,0.3171449439502516,0.11037266424875751,0.5285325801667938,0.42971036136275864,0.20985551312340434,0.22237944349174438,0.254256642558902,0.1920621306960806,0.34457947894903546,0.34242346210310265,0.04597174087165896,0.056239680508190656,0.5409910322351269,0.13083950895209007,0.7997261346018254,0.23711194688747958,0.2829364702174927,0.333635174843881,-0.237293656640496,-0.32219825861836093,-0.12046190941750831,-0.0015774770626795873,0.014215886791287984,-0.08575125633802558,0.013444611440225235,0.013345368317039414
0.14359828551911175,-0.1858317793055393,0.3408639681587299,-0.08930516882590232,-0.14158947310859826,0.05979923473908916,0.0078028439342038925,0.10674810104005712,-0.16763009152318956,-0.054173325894620476,0.006585544423715639,0.031902953961287527,-0.003793653282584817,0.022877661682364946,0.035637373612597126,0.0038563103465432125,0.057757975256274144,-0.01678096078720192,1.4613795487901275,-0.028431626254615545,0.09898179046539043,0.13577682389842852,-0.06110517940669322,0.1454787726942544,0.17104840059652945,-0.20288742377225816,-0.043282655468599475,0.041622442023108615,-0.09396794750006955,0.1592776085404777,0.10328095248168385,-0.027734581939324012,0.4532265877169293,-0.13394639623476404,-0.0590458924368028,0.03860919580032623,0.3834796910842802,0.1844562177835826,0.23404882261692855,0.13350382007106987,0.11650439308698397,0.07118412724651883,0.15088964091952006,-0.02762653034907172,0.07119391305546695,0.26954403864473125,-0.034157381058073866,1.209172137895323,-0.7682572326444983,0.47001341854632195,-0.18484262045157981,0.030100546814970385,-0.1957446274536532,-0.055501976991113484,0.05466796789828504,-0.003339351995717879,-0.16504027222219347,-0.08600073766096926,0.17842879458023866
0.13056799160770927,0.21818398072032366,0.6590791305288844,0.20730954211733224,0.13422994903969418,0.4351459002149532,0.33453457336647535,0.26075743880776525,0.29027918274306025,0.3775908498427596,0.2753335723750629,0.2935245678459718,0.1087466550134701,0.2906064674103785,0.3292784607009803,0.34101322618788743,0.34081227010032955,0.20089771073824894,-0.028431626254615545,2.140321684054013,0.140373533316409,-0.25704240359391584,0.25031909866817653,0.4474393570712096,0.36533450311454935,0.4493409404805442,0.6327426194766679,-0.058696460977844846,0.4216342890309459,0.3646157643100315,0.40762754164356263,0.24150921438599043,0.5912082230093979,0.5649772585358043,0.36782213945793407,0.4801120724254134,1.2669972051643013,0.38211468319401615,0.13700048954479585,0.6271404883541712,0.4315227722955546,0.7855544503920687,0.5606930527665924,-0.122254441370028,0.27692775059829394,0.7390497602090141,0.5237821442060236,2.908001195431307,1.2775835013531585,-0.2940630156458852,-0.20254429960105746,-0.12560005441511066,0.2864154478515635,0.1784513672474129,0.230995148761953,0.0033586758282945304,-0.03258894361665064,-0.21790324037166237,0.12082687324214329
0.2104344775479968,0.3102353394193471,0.3398465253556371,0.13110968241151602,0.10719320755654058,0.2817849402620008,0.18462185342491888,0.07623351784341888,0.13943872066602847,0.14364853485536377,0.1590386722548181,0.12138429132194059,0.0890375583832214,0.18064312821199038,0.23331299485974025,0.1815412503001254,0.16929126379212667,0.20270090705013902,0.09898179046539043,0.140373533316409,0.782877580745117,0.10895889174633025,0.1464898707171569,0.09725516198687677,0.1416359818568596,0.23367741418996166,0.15631366958481152,0.03933132891820992,0.2533403046118909,0.2819460533452726,0.19114136770655127,0.1698725059805281,-0.060655840020893304,0.19398032569232038,0.3533213810389218,0.1903379928262903,0.21072130889032495,0.37944499516838215,0.16481061156028226,0.2936974230044935,0.26435056929461775,0.297525737700273,0.32021786520789075,0.09263536657546861,0.41437513599405273,0.23090713076298508,0.07466150947337488,0.15161275106796562,-0.06256099693709195,0.022063074840881134,-0.050765811110158036,-0.09358129534550103,0.05461285833065161,0.06452649112053034,-0.15254403701822186,0.0351405045446269,-0.1331519233581939,0.18674518697647832,0.02081249037055692
0.17505039260990435,-0.030778967470309736,0.446937817306128,0.1323358204320462,0.06137297683618587,0.34514246072663646,0.25489961679165846,0.21357125993329076,0.09931581131006498,0.1399079086780311,0.16763342112452556,0.1346877466254969,0.19066594043851198,0.2273234349765134,0.011819275457084007,0.20849086886497795,0.4545702659674013,0.21198423906148264,0.13577682389842852,-0.25704240359391584,0.10895889174633025,2.5194502225493793,0.35464750578172943,0.08063849069994969,0.184795489241265,0.21833559150048862,0.13576108309355203,0.00030112336898520067,0.020722765815914933,-0.05538159341256563,0.02759551714019452,0.2932302672857791,-0.09433145471473636,0.24269590795968862,0.12609661316693752,0.23310135092305911,0.02315239270264663,-0.2080259644949677,0.04005134593998669,0.05797963900685805,-0.13478777116429874,0.1350798876044672,0.20842040435185522,0.10087413070859703,-0.09512935895446879,-0.06205550870068661,-0.03129780386539892,0.46042454193178733,0.8758635197173781,-0.1417318124373675,0.14251646016297578,-0.48702997199467607,-0.059834757216527104,-0.10911579300444421,-0.2665123319347055,0.05277159241215072,-0.28938082554591604,0.252361482440705,0.04105599440823342
0.06611808558014909,-0.3039494646399634,0.43194868952994603,0.18900480117378096,0.06074643763035508,0.10810934517190543,0.27163271278491025,0.1307094469436497,0.23334560424223336,0.25327635781512925,0.1998903969516215,0.2840543569368323,0.12823002991419624,0.21494163629727284,0.31315905967744334,0.2215860351038971,0.1601112999290993,0.7468237300548172,-0.06110517940669322,0.25031909866817653,0.1464898707171569,0.35464750578172943,1.6601317227911412,0.5543348136681099,0.4601238039018756,0.11292985880520134,0.2541597678901349,-1.011878304515042,0.5359793912165092,0.7125611657019171,0.09226411966711227,0.19408380354233515,0.8219673105899308,0.37646275069395163,0.1955592440497224,0.5936308704283322,0.41185003473595666,0.2743336906939669,0.353429740356244,0.47826299165657704,0.2134893281125542,0.5132462666984142,0.5467010785631663,0.09420133287096538,-0.35924417767714245,0.7334463163451268,0.12054121049736864,1.8163464793651067,0.680945744285913,0.16005464374580325,-0.029514608710904514,-0.06074918717236404,-0.0620676084818514,-0.04970630250558804,0.27164913389630724,0.07159355407877577,-0.2865781546185643,-0.2889008170813619,0.2647073619669134
0.1064821906124741,-0.049717685231539514,0.3919868084087061,0.13220042847226554,0.06509219015100892,0.21731052366458303,0.2003685907652207,0.12755193135815968,0.152509538796538,0.15928032998475028,0.15605974757715313,0.19465995542740286,0.08893562883866582,0.19824799347103958,0.216309870057472,0.2011360443039207,0.18342205179825985,0.23031247864346743,0.1454787726942544,0.4474393570712096,0.09725516198687677,0.08063849069994969,0.5543348136681099,0.6211245172627157,0.2827070991737668,0.16771844585163054,0.2975816300179301,-0.20006980474902772,0.22625972181861032,0.6079301840194825,0.25464327422154776,0.19110690973474803,0.8995490820525819,0.11652628819382298,0.1643076943174654,0.43347223110199673,0.42741637739001137,0.400487895632815,0.20623411616755166,0.31107034159269364,0.27529578000823085,0.4170734319657076,0.3320869607255829,0.05460083731105531,-0.20377371954323292,0.5741085309232892,0.11942395442751724,0.9126643238273301,0.31759942316740586,0.06359215957652557,-0.1984485278986519,0.09180185123101758,0.0270158308646603,-0.022668264722165654,0.3056793073398571,-0.05610409619622502,-0.14731138821686346,-0.3595176539459748,0.3596483476491487
0.22511462488578643,0.18529392116111934,0.4545973829423127,0.14493948380483845,0.10726210529371703,0.2344993358298451,0.24473553935401046,0.19582343048760376,0.1058010161803364,0.23794136235900581,0.19062147188495623,0.27495818681880446,0.08848549724661602,0.2423452743553087,0.29421773067496004,0.2573387453181341,0.2839600652229323,0.34470295504623194,0.17104840059652945,0.36533450311454935,0.1416359818568596,0.184795489241265,0.4601238039018756,0.2827070991737668,1.4022389158141526,0.18521373960822657,0.3461620016408641,-0.2492044754147252,0.5328180414378606,0.34166010288967563,0.26038340408525745,0.21956552058097797,0.22152335212017543,0.439316327760773,0.3638416924125963,0.31093621316282494,0.22035515717211984,0.2985259845816086,0.20609490477318163,0.2862472739605668,0.18644611003817604,0.344377616445177,0.2803793561737877,0.00455698358665429,-0.05799767037372647,0.6019969225286754,0.19444029376147215,0.6295528659157026,0.09744482662500686,-0.25902338057036906,0.051235070854193106,-0.06710667129926573,0.14033702257718877,0.04882989488090431,-0.02825911694294419,0.011565928556127878,-0.07878561981534006,0.02351814464309132,0.007912203057824183
0.15309637003782786,0.36211558602681565,0.2731063621103012,0.1995771605331642,0.27499587113685076,0.3477679845583631,0.2763267660382208,0.22942153357742198,0.29115895844259587,0.19764201943036144,0.24146822733178547,0.23528786557906897,0.09505912380666827,0.26073715760663563,0.25377650878913643,0.2644174914256456,0.308511144283941,0.1896705511267414,-0.20288742377225816,0.4493409404805442,0.23367741418996166,0.21833559150048862,0.11292985880520134,0.16771844585163054,0.18521373960822657,1.1294826050936746,0.49558864230770167,0.22586809935336402,0.19698960554400213,-0.09170530290524352,0.24791880862332202,0.2769084794853163,0.005027797261297678,0.3266747224426264,0.33420947058169936,0.47976733700358487,0.10724172933437616,0.18435125007195127,-0.44975592415566457,0.2741014819973347,0.0048751600817573786,0.4155628270189389,0.4013769172002644,0.0026419706857831017,0.2661704611777803,0.2714670737167075,-0.014080196371300098,1.064092020178701,0.29322768059331666,-0.3733399782871909,0.09029499591230832,-0.42452554107157847,0.13234434401455344,0.17315026701851732,-0.19832761972224902,-0.004730571150852925,-0.10703250538193002,0.2891034612194886,-0.03001249174014509
0.18864210762232572,0.5443350190643875,0.29193943479062556,0.14730150870291425,0.137419675726581,0.19086055310281708,0.2666211670182867,0.13762511821553708,0.22185618487415656,0.28932925017267214,0.2204456034858677,0.21033409535872474,0.07820197208294591,0.1539719569945403,0.2989915008591544,0.195068577956473,0.2976358803064481,0.03688872470133691,-0.043282655468599475,0.6327426194766679,0.15631366958481152,0.13576108309355203,0.2541597678901349,0.2975816300179301,0.3461620016408641,0.49558864230770167,1.7571550037684651,0.1942064498574349,0.38776642508217807,0.2616996784209659,0.2622990243419936,0.16371413162254553,0.3513868987608425,0.27819115498289626,0.6464377886675674,0.5793805138102959,0.2315787796015484,0.3992633576648278,-0.060511227810101514,0.5082919387795578,0.11752581046539948,0.48513972590505017,0.4426245212658055,0.0376677245906532,0.10688113943537889,0.6869003709111307,0.05638217127544235,1.470859531619105,0.047237987531582204,-0.5517781836098499,-0.12477094910608687,0.002665457257005273,0.26350574801970394,0.3649798929982785,0.22931475475592983,0.0010949457592651737,-0.09379584283240198,-0.22324232327804222,0.14464876217491074
-0.006133307442453677,0.501442604725293,-0.10078305017954409,0.0011873081783570947,0.0580978764720305,0.09423413443728117,-0.008861369220675356,0.046685248801398564,-0.004751774563483854,-0.06083134384060473,0.009913676111608656,-0.03283580675103595,-0.010829226411894705,-0.03928540170029241,-0.06448055655549467,0.002280683266772172,0.20300510152346898,-0.28816405764334524,0.041622442023108615,-0.058696460977844846,0.03933132891820992,0.00030112336898520067,-1.011878304515042,-0.20006980474902772,-0.2492044754147252,0.22586809935336402,0.1942064498574349,2.7203924649936,-0.4358860749329717,-0.2816963376338005,0.3220419986782712,0.08030151656844171,-0.5946142294873179,-0.03590921936975672,-0.1698163339651109,1.0663023158226796,-0.341233302763676,0.29467139136411186,-0.21153953133874864,-0.01605300811005006,-0.1876086175122432,-0.1833578500900327,0.2238774750457345,0.31935378566981937,0.6000648861994503,-0.2426345043759744,-0.4590082598490183,-0.6059836113622699,-0.6117204412341667,-0.6234606598910732,0.423795081571581,0.6098370911040781,-0.5261663791527458,-0.021632021178289332,-0.1423148997667817,-0.12746365986156805,0.1780743891932577,0.13649175869906316,0.04501231617098594
0.17836630996821937,0.40121485408377466,0.5902429434238667,0.18211823174010638,0.11019571157519124,0.33505769896538673,0.27268579594570863,0.23298486376957453,0.2013634615542293,0.3398419528084807,0.2693398226433959,0.264309513528221,0.15280452494696262,0.3332582943939326,0.36717570362222146,0.34485481463241624,0.28556673310391184,0.3620683748782487,-0.09396794750006955,0.4216342890309459,0.2533403046118909,0.020722765815914933,0.5359793912165092,0.22625972181861032,0.5328180414378606,0.19698960554400213,0.38776642508217807,-0.4358860749329717,2.2557392705201544,0.1865454146465505,0.07802825413931637,0.3446586638317897,0.089314263112439,0.6650174214017381,0.14613201244237803,0.31222110049911067,-0.14509447388178082,0.08420959687221126,0.27839517736093455,0.25933242988603983,0.04661240846230855,0.26677646189842,0.19877770541378278,-0.15649906232356034,-0.34142080160247057,0.535318093678933,0.4135100029985102,0.4898380248857171,0.8606819480153417,0.23044496405083753,-0.3077200964947303,0.13956334170857856,-0.2131607838593196,0.10527605990285,-0.3742640208685232,0.12116269847674012,-0.00865662056175871,0.4075228792350886,-0.2241073662608332
0.2579916024523602,-0.10719711575368532,0.5655114835138442,0.06364113428140705,-0.19028478345431057,0.0670419072932689,0.10862519295297503,0.1509971463174251,0.08923776818117397,0.22045617435059361,0.12324143557953564,0.08856710089192883,0.08438816524554868,0.1629935770428527,0.26932347521100897,0.1518579740050072,0.07994121004670315,0.2557354823629484,0.1592776085404777,0.3646157643100315,0.2819460533452726,-0.05538159341256563,0.7125611657019171,0.6079301840194825,0.34166010288967563,-0.09170530290524352,0.2616996784209659,-0.2816963376338005,0.1865454146465505,2.732966872364666,0.1759149629699837,0.1152637815587826,0.5859623082316809,-0.13958099541656505,0.8234778990963099,0.3981603570354087,0.5518603248485305,0.6042119497802363,0.840413490968932,0.6207074943902658,0.841116600030439,0.5155992397972539,0.9368376615777826,0.21793892137477688,0.11840059007351586,0.5843905783327921,0.12035782739106153,0.018449496903198866,0.22925844284488645,0.3439451708612246,-0.4532477222707754,0.14435379612586202,0.05107426831703596,0.043150689234287457,0.4380849301731,0.07974149669401942,-0.2806365431982886,-0.3495095717471679,0.35288963712550603
0.20397368799281487,0.3093594037824145,0.33572362020908003,0.13604542013277637,0.15134436213820096,0.2447699688995519,0.19512220031588054,0.1466996602501409,0.18088565580834984,0.19181659597584064,0.17606230694611627,0.2100450619367973,0.07995911132180686,0.2115145011299285,0.23196829427540913,0.2236157100203155,0.2336805806128886,0.38171104797431266,0.10328095248168385,0.40762754164356263,0.19114136770655127,0.02759551714019452,0.09226411966711227,0.25464327422154776,0.26038340408525745,0.24791880862332202,0.2622990243419936,0.3220419986782712,0.07802825413931637,0.1759149629699837,0.8110031341319606,0.22424687647766534,0.3503219770448731,0.16182163051561974,0.14479080089338822,0.7002170966803694,0.394483722333528,0.45811001696043097,0.11530440566073608,0.23310606333911882,0.2678652817137789,0.3444649490341913,0.23455024578312397,0.03927405016551614,0.18861661862097817,0.58383894654123,0.015384241405038863,0.5841004090844275,-0.220706455043192,0.01795903455153985,0.10199994674715324,-0.040077907273662984,-0.06568351474376888,-0.036306858963802674,-0.06214098337877698,-0.04980851871020831,0.06081743272468987,0.027967391412783472,-0.013249311258623714
0.11938703234740942,0.22058570150192178,0.29902006452665775,0.16193391969626325,0.165138691734554,0.2967958377611579,0.2035910626612613,0.20206682449074556,0.17121600569316342,0.19331063494518097,0.19092626315582356,0.21189397019837,0.10834245106736337,0.3943784434887643,0.2395315893996254,0.30898616416998104,0.22995261218558652,0.2105094505434457,-0.027734581939324012,0.24150921438599043,0.1698725059805281,0.2932302672857791,0.19408380354233515,0.19110690973474803,0.21956552058097797,0.2769084794853163,0.16371413162254553,0.08030151656844171,0.3446586638317897,0.1152637815587826,0.22424687647766534,0.5002364633863001,-0.045222815733477785,0.33469688192635444,0.18697325863341369,0.29905528881284554,0.14584691271556569,0.16486930539623468,0.10162552536601593,0.15515025821904954,0.12702902039791816,0.24215090246055862,0.13732071815910118,0.02908315169613406,0.06348347188942094,0.27056075139671115,0.16933493298641797,0.4082930024495871,0.4938118834411492,-0.08245101283905855,0.059315114925113696,0.08968053574314386,-0.19086392396369598,0.03934463325260678,-0.3743217057761859,0.06184143979951996,0.21055805321142193,0.3685933792944989,-0.36643488425267695
0.16971308165156515,-0.3172107579473192,0.46005230347756715,0.10866236026656557,-0.08548475183253895,0.13774411794618924,0.1583348874071555,0.02259350514614058,0.10303870262205185,0.13176917107440828,0.10682752181865308,0.16262871231905024,0.04518221651769823,0.03605265668477319,0.20511285478743368,0.08292962650918614,0.13024237848119816,0.2748220731562337,0.4532265877169293,0.5912082230093979,-0.060655840020893304,-0.09433145471473636,0.8219673105899308,0.8995490820525819,0.22152335212017543,0.005027797261297678,0.3513868987608425,-0.5946142294873179,0.089314263112439,0.5859623082316809,0.3503219770448731,-0.045222815733477785,2.805362216009978,-0.37989924713677875,-0.6286917793360856,0.3060578574430375,0.6889477212353474,0.8798451770700128,0.16730498826582374,0.2851291337490421,0.3903198390999191,0.5240732941854923,0.34591509683535165,0.056095757903913225,-0.8764587704532247,1.0242925937084275,0.015980159167569133,1.3672845800183493,0.27791769883492096,0.4796828743933296,-0.4565512504663814,0.20640240333618284,0.013402435734866314,-0.20343003203110077,0.8187161842297304,0.22578348768504225,-0.44085251798992964,-0.8548303898650668,0.4872476492077879
-0.2463999514858098,0.25676777177971855,0.35249921896025854,0.21421167493325866,0.2192432852654238,0.29630039586489115,0.27395922445972787,0.23595802510548658,0.22617177199769092,0.3243817690527185,0.21387037420443156,0.25270959049766084,0.127247572066672,0.3025247072741417,0.2559972757993357,0.3206459588587857,0.2801269065965125,0.3171449439502516,-0.13394639623476404,0.5649772585358043,0.19398032569232038,0.24269590795968862,0.37646275069395163,0.11652628819382298,0.439316327760773,0.3266747224426264,0.27819115498289626,-0.03590921936975672,0.6650174214017381,-0.13958099541656505,0.16182163051561974,0.33469688192635444,-0.37989924713677875,1.4008766044808696,0.42769917115483186,0.30971271675336537,0.4124996133222659,0.20795346871884524,0.06596549467343749,0.25807962500500903,-0.06597550181235781,0.3906883311848796,0.4290160476895621,0.002729564500316663,0.02752385084124738,0.2667539925863212,0.623303929699114,1.3377705516913598,0.8514571104480773,-0.44616952365434276,0.16651306158874132,0.07050206437237451,-0.00259736928615554,0.033804314848255745,-0.2489159292013023,0.05999611278262309,-0.0019227654286147447,0.23399900853956904,-0.12493548446329446
