0.6397022758410065,0.19158730316518385,0.15941818333462504,0.07942763539242668,0.08095970641480521,0.07891542631164944,0.07362733864290606,0.10140425112610321,0.030133090796818925,0.07013488955236613,0.06112384224569601,0.07411615208086005,0.039605455865651784,0.04870698302857919,0.1169860771166228,0.05604862374520958,0.046915801827265194,0.0990287069365023,0.06621381133085479,0.05700747194915059,0.0955273871100082,0.05509209157223144,0.02307179317574167,-0.011121699021709168,0.10794660120791348,-0.006510606363847345,0.057401546551949706,0.0801511834735767,0.1048113784001978,0.1960015791448642,0.08257029937292452,-0.0011340691546610395,0.1012614172260207,-0.09892995802866202,0.07334787247953038,0.09128590380327854,0.08986721101435899,0.10632805578168493,0.07660785002869766,0.0969438075880949,0.11290651166903866,0.07679180396399343,0.09024646512172028,0.06365595290851273,0.08122495194379141,0.0937103874095804,0.11076613733754338,-0.016655165022224416,-0.13019451445235955,-0.02386294461966162,0.0009087940668057408
0.19158730316518385,2.639298277209571,1.3689627318315267,0.1020647864650166,0.0678613301600846,0.2148051969005382,0.26735147390157527,0.22021189513471798,0.2336948598567324,0.48465157796053354,0.2115526997229807,0.30616915842797854,0.15398817098537404,0.18512400639835846,0.5915261168865991,0.13628429149122084,0.3682086836720198,0.3378366224853907,0.12250249945722758,0.5499493154467587,0.3610987720630492,0.1530217598913271,-0.18347767032566933,0.2669214954553104,0.2882023411987606,0.18461952559751488,0.24979745950490798,0.43370628804642397,0.5924914514661159,0.44318984032549824,0.3907656567102371,0.06012879112005277,0.2882861992477144,0.4123720613854335,0.5168872731597511,0.33641612899089535,0.8303668013830636,0.40468202527803065,0.17501902488570423,0.22890960775001745,0.10364908799300723,0.42516610996613846,0.30921353855526607,0.058366230879283526,0.6436965572236535,0.299492071236798,0.621208374968657,-0.290642630462748,0.08191905210524973,-0.18616324893039712,-0.010510397670896905
0.15941818333462504,1.3689627318315267,3.0991694558364173,-0.03369936079503502,-0.1864865969740949,0.4062510632097131,0.2783419836611652,0.2514064425143067,0.2921338843431695,0.5380369849657934,0.19180445477620256,0.35368489514009654,0.12808564570387163,0.25669030994297426,0.5703381103405146,0.09921642416255846,0.5868413192508718,0.24297566271557017,0.10076376067553365,0.4190279992335694,0.3649773508249883,0.2910319421874901,0.06855822720786567,0.45583146470168007,0.3689312524538408,0.03975269597279493,0.17435908408332382,0.39520293801092843,0.8297461470706955,0.5546124089386232,0.3558459600025998,-0.08733600338869428,0.30082587026000246,0.40866877143681246,0.5448985004612578,0.37342376445245007,0.6957855793476598,0.5234732503945528,0.124958148555195,0.3496839417951503,0.025692772805661096,0.4195316879005349,0.32717129862353994,0.23711664399620827,0.5519993111189695,0.27007088429414355,0.76587637932329,-0.40374857386474156,0.015335845057836172,-0.17621320560612794,0.030299169632346395
0.07942763539242668,0.1020647864650166,-0.03369936079503502,0.6202762916189636,0.4337245555792295,0.20049573419282146,0.19228265196341385,0.22611979814142058,0.05372320007750555,0.17763285776924626,0.14104541584513072,0.19798733669896332,0.11020023442381043,0.15210692770926842,0.08263674155931755,0.17611915085026464,0.13332033536146862,0.1409074436680529,0.22460297632002357,0.09046760741792215,0.1413508208362378,0.15840543820784014,0.10298239361444672,0.15537372969686317,0.14917264415943637,0.093650542327355,0.1087504768753793,0.1037933619163657,0.1002228953080273,0.041642087802776534,0.1544063843285977,0.18979834388061134,0.14202788954467085,0.22501908569894574,0.061708273466979824,0.2023083585934052,0.20461071048156232,0.13873320910868397,0.14964541180835417,0.030534416556069668,0.056835042296153444,0.1281593934511139,-0.020127718401871258,0.15910394158165075,0.05716894777070966,0.11634792022864407,0.2111652226056671,-0.12137347236154068,0.07773399746545699,0.006048071235577596,-0.06438272888753031
0.08095970641480521,0.0678613301600846,-0.1864865969740949,0.4337245555792295,0.9144254043331107,0.19940599799506553,0.2243937492027169,0.30210690671140766,-0.008746090061434822,0.2795354683123443,0.18202782669845613,0.28216401123998364,0.12497868090709255,0.18971324575814852,0.14970543321440452,0.23155083526199136,0.12840513897400635,0.15380803325776382,0.37706079520333696,0.10372889319145702,0.12762203648132978,0.1509251922541745,0.09153020092479694,0.16905653976106175,0.15307673064667632,0.16796186828372806,0.11716305981911782,0.10327410256605037,0.09744286156768325,-0.0237603492154338,0.15751931399415778,0.23428496462427975,0.06603022926527896,0.275233995231156,0.09305685137203865,0.1814504508629103,0.17123487940605675,0.07065955915689552,0.19784084526663762,0.12535392354698702,0.06226518620104464,0.13273150978701614,-0.07698459914388775,0.1438001126592785,0.0009273863757802366,0.08736554682315237,0.21150210371561146,-0.045440759385760865,0.23109306241669134,-0.007722672960965275,-0.00034651267140945954
0.07891542631164944,0.2148051969005382,0.4062510632097131,0.20049573419282146,0.19940599799506553,0.6725720838398894,0.16358881839264275,0.3763866139894551,0.04875614878278365,0.1567389763761432,0.24758742995110286,0.21364517502872488,0.13987015655335983,0.22828701937999468,0.26142405273482117,0.22456104134030413,0.3485199225159745,0.15067730612692207,0.3189276384948015,0.31263292494239653,0.23748139261942283,0.19185315060571856,0.035369431243609174,0.23905165779785828,0.20294226069641744,0.1498373611042541,0.16707938018040727,0.1551836080491619,0.27897225046450813,0.10825848749701449,0.1989624397575218,0.2006645327159134,0.0974966886290209,0.313299288308099,0.13874019071576432,0.1611444417154449,0.31868824573207555,0.26030440451738285,0.20500258305888994,0.23857679678712868,0.0983700804621601,0.22046454614904,0.1594009157448758,0.11783247949213271,0.23344654168507506,0.14686394065254935,0.28287116866221046,-0.028322683177387942,0.18139100176945808,-0.054467489117164335,0.030841263411637662
0.07362733864290606,0.26735147390157527,0.2783419836611652,0.19228265196341385,0.2243937492027169,0.16358881839264275,0.501099344003897,0.1033574164407634,0.20796811011288246,0.23186672563952085,0.17709412746232653,0.40003974488863436,0.11970801705268212,0.28767236696288395,0.11423188648209212,0.25106415876207233,0.22839427416272978,0.173195740973937,0.1171109980290346,0.07476336546127087,0.20502532687338432,0.2558251989968134,0.1833791498641632,0.2294363303261481,0.18583214098326944,0.12083444338032552,0.14421553803166015,0.11492962914672407,0.19313669350307003,0.09787776035034321,0.15618778976526365,0.14517531196641129,0.14474561713066925,0.21666439328298454,0.08444911722538474,0.29566891085910185,0.19344423186574847,0.16079108494127559,0.06196065608755675,0.18665143367959713,-0.004370820579217406,0.196781131714032,-0.03514548369023401,0.15999499586005708,0.12388971058053316,0.04232199603402846,0.2579180111162796,-0.2570955330008502,0.09742121684208849,-0.05972644306359392,0.012248168760838053
0.10140425112610321,0.22021189513471798,0.2514064425143067,0.22611979814142058,0.30210690671140766,0.3763866139894551,0.1033574164407634,1.01492159041041,-0.07539236367282585,0.3347637007097847,0.3128193828305583,0.14117342035547412,0.20100606772651167,0.27601229355772555,0.18813291282198505,0.2349247563001939,0.38314441737152183,0.1821296840256804,0.29353831979819145,0.3443762433152284,0.1788621585031435,0.11027871481750566,0.05531785229721452,0.2077138439877038,0.24998522278955343,0.15553197489736809,0.16822431046796132,0.15945442483121938,0.3220765534197638,0.17575607078283917,0.20724140888399736,0.07788322386458427,0.08687084541608954,0.3395036068680543,0.21850326134974424,0.14398457529893294,0.3978901767529758,0.1668279108258893,0.3310342904250164,0.26529061174471286,0.11417208915949434,0.1768578121934004,0.1347341407883028,0.14025176409619416,0.15287652471372287,0.12818414627772026,0.4649831632134021,-0.0037022836303310922,0.3297163112026442,0.022198399512067528,-0.0018443571890511745
0.030133090796818925,0.2336948598567324,0.2921338843431695,0.05372320007750555,-0.008746090061434822,0.04875614878278365,0.20796811011288246,-0.07539236367282585,0.6406217100144496,0.14690589218316458,0.07941199582453498,0.10571940035390212,0.09054851639478019,0.15120379728718525,-0.0025737743041520755,0.10508111327685078,0.09381039353589138,0.12350390805816389,-0.07984568301651368,0.02828274764114291,0.10698109612890508,0.3134375830168438,0.20111615857224044,0.16734511521769657,0.07022456512658158,0.19389739337261386,0.09762044168148754,0.0551061689626499,0.08354593445527728,0.07515770951055584,0.1168041449916755,0.12799332670046965,0.11147052250285217,0.12465756584024795,0.04319059579432348,0.1885648994483418,0.11551127941963371,0.1438224099573482,0.05279017163454363,0.14367133064385504,-0.005022596707158972,0.11736280467305767,0.03842582360470953,0.1725456155710519,0.0994129298624827,-0.000778454180732989,0.21442372529668371,-0.18406013445138095,0.11047533137870454,-0.0500461940198405,0.0026910516052753076
0.07013488955236613,0.48465157796053354,0.5380369849657934,0.17763285776924626,0.2795354683123443,0.1567389763761432,0.23186672563952085,0.3347637007097847,0.14690589218316458,1.5870057097048298,0.21126671025080096,0.42931443782166306,0.12022861149168747,0.26896072075721944,0.30932072005786243,0.2532130906444348,0.2793919536684175,0.3019195151255812,0.16742897224851094,0.23861752216628646,0.17155013574745875,0.22973704251167887,0.14728487207030913,0.3313885021997262,0.2670988795184488,0.15675512138542042,0.22090131885796638,0.1831635602570558,0.4772971944343774,0.35749645501327865,0.2940820735411448,0.15045181474531233,-0.006600836459859786,0.34895731743865843,0.364253644178875,0.3198560569945719,0.41773624475293053,0.09694101221043856,0.22564222149290306,0.29673374218925497,0.1682383962149361,0.22164661434373936,0.0727101220104078,0.16544851921740972,0.13655616200097706,0.0964935059157976,0.8325887907587438,-0.14225428986875108,0.2645333329901371,-0.059073471761268974,0.03994823913854063
0.06112384224569601,0.2115526997229807,0.19180445477620256,0.14104541584513072,0.18202782669845613,0.24758742995110286,0.17709412746232653,0.3128193828305583,0.07941199582453498,0.21126671025080096,0.47362264777738755,0.21626799612032221,0.19621024982279928,0.24957523335563833,0.2674318630280312,0.2298529948221393,0.404620955799266,0.1949067675092282,0.1599421144472875,0.2089620266331154,0.21075324706545848,0.16376980248779585,0.14800736146867313,0.2306576681938753,0.23594813038267398,0.1514023319735052,0.19997750914994547,0.1416045083454833,0.3191700666081681,0.16729959801312758,0.18677485922737713,0.17266062769901747,0.11383085317998802,0.28316224791157557,0.1678966714158282,0.24495201886969326,0.2730326708845834,0.1584212688245608,0.17603377710528048,0.2603779009964983,0.08505029137293571,0.2082785653386884,0.10811428655052693,0.1474911725032424,0.09921055847166357,0.10446410980379839,0.4327908903363864,-0.13347059701412653,0.22214691136878126,-0.059258158334426624,0.02748145626202033
0.07411615208086005,0.30616915842797854,0.35368489514009654,0.19798733669896332,0.28216401123998364,0.21364517502872488,0.40003974488863436,0.14117342035547412,0.10571940035390212,0.42931443782166306,0.21626799612032221,0.9342287796908207,0.11254673211648633,0.29273847440190465,0.18503345195695542,0.2341411662852146,0.2708041572586528,0.1733334281302633,0.1815718097805064,0.13765463120080015,0.2133736244812375,0.173549148547954,0.1352466270687921,0.2233851149190901,0.2548874971345955,0.08439997212474229,0.23447914872409314,0.16241992011954026,0.21850566857439538,0.13843870183694795,0.17774311833670203,0.19887341897450772,0.18746451165945277,0.23106182574414155,0.12134829468319511,0.31383235514223456,0.22719589025264036,0.21925473664942322,0.014427597779824799,0.2423545112311796,0.022353018374690538,0.22472213088797163,0.0655164982493553,0.14141868492045676,0.144113344482688,0.0981745096555991,0.3698352972020241,-0.23138995855682376,0.014498117563138452,-0.02482737983727022,0.02703126060186354
0.039605455865651784,0.15398817098537404,0.12808564570387163,0.11020023442381043,0.12497868090709255,0.13987015655335983,0.11970801705268212,0.20100606772651167,0.09054851639478019,0.12022861149168747,0.19621024982279928,0.11254673211648633,0.30773596928412034,0.15796439133022527,0.060277023842603424,0.1502346044003186,0.1815861394112655,0.1378697959161933,0.08722024934817371,0.13587235268802453,0.12116538249549927,0.14112216796066593,0.11616059046565658,0.15974536912750872,0.14218135344142666,0.1312425264102278,0.12790572793779462,0.09671683821400921,0.22787931792691163,0.10615240735053084,0.12527454814188288,0.11943972907544634,0.089693432505778,0.18324406500369309,0.13545236231509122,0.1443151898458381,0.16136856373460837,0.09018190234627677,0.17640785821141086,0.1680724855837524,0.046820774019224354,0.11362921866979883,0.07569869397556091,0.152147479876424,0.023099410353015156,0.049145078812775043,0.26502104576177604,-0.08886428120417132,0.27751133226491465,-0.034180788145505965,9.44631568630835e-5
0.04870698302857919,0.18512400639835846,0.25669030994297426,0.15210692770926842,0.18971324575814852,0.22828701937999468,0.28767236696288395,0.27601229355772555,0.15120379728718525,0.26896072075721944,0.24957523335563833,0.29273847440190465,0.15796439133022527,0.8440755372050733,0.23758870942988258,0.3171230066588758,0.36074073961837577,0.10239555409209064,0.1388639066204838,0.17226628042959846,0.27642040578159954,0.22219439330140622,0.21091876492584022,0.27299618148344834,0.2671229191811244,0.22051051747706046,0.12419373366607082,0.11977793321045108,0.24950672515418199,0.16722092843255765,0.16934731054914196,0.13459153225763945,0.10252925859791179,0.2638810176289335,0.14193992519455045,0.2521289762118977,0.3131569305612803,0.23735522406274448,0.06495624444871476,0.264809035721975,0.10002474977234042,0.2612502082530521,0.11747826328905231,0.20559729355770812,0.20584995566847195,0.0803008898628546,0.5177379069754912,-0.14617474878655023,0.06200843021428624,-0.021008579125886065,0.024246871492980274
0.1169860771166228,0.5915261168865991,0.5703381103405146,0.08263674155931755,0.14970543321440452,0.26142405273482117,0.11423188648209212,0.18813291282198505,-0.0025737743041520755,0.30932072005786243,0.2674318630280312,0.18503345195695542,0.060277023842603424,0.23758870942988258,1.1076717485291165,0.10754290626861276,0.44366517497884406,0.25617718731814326,0.18062612938303882,0.23174185124523508,0.23458216399553414,0.05499619057005119,0.2248541475612635,0.3027565593557176,0.3535207776725387,0.11675242921568615,0.19888246558938388,0.21440383608265406,0.40263464573602537,0.43992384251695765,0.24016632997228338,0.13398534976465284,0.14916571969622835,0.3162715179496869,0.2665161625741078,0.35865939503074273,0.3772075937835445,0.22410719958009134,0.17643324991279927,0.2911581824011394,0.18982779965065869,0.28333386821287737,0.16359912553353098,0.22092053913645962,0.1202068228887868,0.2899158169540239,0.49316635842701745,-0.16909990557333135,0.10899130100922307,-0.12060997972660217,0.05770098762419513
0.05604862374520958,0.13628429149122084,0.09921642416255846,0.17611915085026464,0.23155083526199136,0.22456104134030413,0.25106415876207233,0.2349247563001939,0.10508111327685078,0.2532130906444348,0.2298529948221393,0.2341411662852146,0.1502346044003186,0.3171230066588758,0.10754290626861276,1.000940826569955,0.26381452801887106,0.26534761330963874,0.2006333390375527,0.11153296790372616,0.1689830509196614,0.487330479527854,0.11131589591891468,0.24369771304243742,0.2188444257403496,0.20294059560038002,0.2165485948355513,0.18072165061514373,0.3573579133066007,0.13141318913160857,0.22007468051143042,0.24897949306742684,0.06335176862495048,0.27555628785646497,0.2582180066561032,0.24866251063728814,0.22853553900583295,0.1931371449613613,0.2657480218225241,0.26875250665938843,0.01728971832014397,0.18438843782908615,0.116509689946571,0.1892737242143423,0.18991934689973447,0.04102646856022054,0.43254732739398233,-0.22689509259522547,0.20816799785002743,-0.05437797403383509,0.020410979065157056
0.046915801827265194,0.3682086836720198,0.5868413192508718,0.13332033536146862,0.12840513897400635,0.3485199225159745,0.22839427416272978,0.38314441737152183,0.09381039353589138,0.2793919536684175,0.404620955799266,0.2708041572586528,0.1815861394112655,0.36074073961837577,0.44366517497884406,0.26381452801887106,1.3596703604450449,0.17399295702921927,0.20148145535292547,0.24238688862682972,0.39739672036256596,0.2264510138902763,0.18928081734872823,0.3363848740363196,0.4294641827055467,-0.05236582284347353,0.2890403535899454,0.28737207568363005,0.5844367684097442,0.32168464392577373,0.28019424823048683,0.13882205185988478,0.34820084986212535,0.43765819744079165,0.21408018909698343,0.4439378753271653,0.5838460479185605,0.35471472664309533,-0.012052351182633703,0.30738946055948274,0.06782307064756082,0.3941158547999645,0.17910601759757186,0.20099252764894956,0.2455314378964398,0.18977597817382147,0.9479896517860833,-0.38169095484216176,-0.1685885418379087,-0.1581937307791992,0.0375719531055531
0.0990287069365023,0.3378366224853907,0.24297566271557017,0.1409074436680529,0.15380803325776382,0.15067730612692207,0.173195740973937,0.1821296840256804,0.12350390805816389,0.3019195151255812,0.1949067675092282,0.1733334281302633,0.1378697959161933,0.10239555409209064,0.25617718731814326,0.26534761330963874,0.17399295702921927,0.8838537250598215,0.11540532536286292,-0.022181805181083578,0.19419335298766738,0.22295119788280465,0.37340341625273077,0.2520617715037419,0.26380252444882485,0.21736019610360843,0.19489336383188632,0.1297557935748942,0.30276046504225784,0.18623730227012586,0.29100913274951057,0.15619121238707825,0.10994925890335698,0.2725498950522373,0.2016447163076547,0.4093625037177574,0.2853714010553244,0.14093107169575858,0.2240220235545742,0.1782455801317208,0.008928427204048918,0.18469243161518006,0.09360870070694909,0.2679880847508137,0.16835594777159715,0.07205694462077651,0.40053499628270817,-0.36652936853138374,0.18090019623821496,-0.12233245708943578,0.0063206713532964
0.06621381133085479,0.12250249945722758,0.10076376067553365,0.22460297632002357,0.37706079520333696,0.3189276384948015,0.1171109980290346,0.29353831979819145,-0.07984568301651368,0.16742897224851094,0.1599421144472875,0.1815718097805064,0.08722024934817371,0.1388639066204838,0.18062612938303882,0.2006333390375527,0.20148145535292547,0.11540532536286292,0.6108814609468991,0.15594066123380956,0.15226493090883456,0.1285711344850746,-0.027597039519698108,0.13767040342468945,0.14275210492743928,0.0763497513138625,0.11741075511339309,0.175964188723022,0.10456265966572298,0.11664271864753334,0.1577044778732733,0.14954303669794602,0.12853405256072398,0.2100617831180426,0.14502369527150133,0.12204743487525015,0.24202767845236658,0.16649738393638272,0.22394071760635872,0.11235713620423306,0.12857068193832236,0.14642740464861823,0.0738371010301968,0.12284640124171592,0.0962528081764915,0.18829061768196417,0.16452721895513536,0.061876658844964905,0.09307770140551651,0.0018893984721461137,-0.007180455972621444
0.05700747194915059,0.5499493154467587,0.4190279992335694,0.09046760741792215,0.10372889319145702,0.31263292494239653,0.07476336546127087,0.3443762433152284,0.02828274764114291,0.23861752216628646,0.2089620266331154,0.13765463120080015,0.13587235268802453,0.17226628042959846,0.23174185124523508,0.11153296790372616,0.24238688862682972,-0.022181805181083578,0.15594066123380956,1.8444399279012145,0.1076068088964149,-0.2150056177600098,-0.566552417795953,0.07972094319689307,0.1165716311487141,0.31293944228014936,0.34072208834589257,0.3890725892791753,0.27227662236048034,0.3505460833865862,0.49019118101799874,0.26910900562072854,0.2566738451736891,0.3972719580336204,0.35834819416551256,-0.020132844068213453,1.0327287471894115,0.6742622558688829,0.6753226610134059,0.5471423832244882,0.5492571366459842,0.25222239508382965,0.7323393660546083,-0.19674869589900051,0.7310644095780873,0.5415004682797189,0.3657199382335031,0.5071688005514039,0.43413752264173927,0.011695048240045613,0.0017390591462669066
0.0955273871100082,0.3610987720630492,0.3649773508249883,0.1413508208362378,0.12762203648132978,0.23748139261942283,0.20502532687338432,0.1788621585031435,0.10698109612890508,0.17155013574745875,0.21075324706545848,0.2133736244812375,0.12116538249549927,0.27642040578159954,0.23458216399553414,0.1689830509196614,0.39739672036256596,0.19419335298766738,0.15226493090883456,0.1076068088964149,0.8616386756422877,0.08410439806316956,0.12095459850382875,0.12866540801913498,0.24129531533312634,-0.01830770820538721,0.2047482847303028,0.29953570468167173,0.0950183187066055,0.3489328902573148,0.2465548263409277,0.01966485394444541,0.27263824148072124,0.3189882856785084,0.32811216300613616,0.4178130257006398,0.6320047681118566,0.4186734264051756,-0.18313477501100667,0.23665326971402043,0.11897430761949354,0.6684953443485732,0.19207424414238,0.16633796628690284,0.756452545637074,0.07255832307938183,0.6295589354891984,-0.3467563606799656,-0.6179425725174691,-0.0599940003831368,-0.01464268527512031
0.05509209157223144,0.1530217598913271,0.2910319421874901,0.15840543820784014,0.1509251922541745,0.19185315060571856,0.2558251989968134,0.11027871481750566,0.3134375830168438,0.22973704251167887,0.16376980248779585,0.173549148547954,0.14112216796066593,0.22219439330140622,0.05499619057005119,0.487330479527854,0.2264510138902763,0.22295119788280465,0.1285711344850746,-0.2150056177600098,0.08410439806316956,1.1715026895108354,0.25492552863938256,0.19409298479121165,0.12400938984304283,0.18068033842672804,0.17651964920856722,0.056021369526012804,0.30948239471897127,-0.0018214330676786408,0.14187817695999244,0.4379085339105028,0.016907140364650262,0.3034821147110691,0.1004818957496139,0.23166311007888293,-0.03534013286534834,0.09692720688262696,0.2512299278757743,0.12115452785093529,-0.07130512584142631,0.0899405076311942,-0.04939049070000843,0.27224784320546247,-0.04988888557337819,-0.03650000327146756,0.40201873178147857,-0.27470302512317396,0.08598507775220628,-0.08235114538016393,-0.0038394457469321606
0.02307179317574167,-0.18347767032566933,0.06855822720786567,0.10298239361444672,0.09153020092479694,0.035369431243609174,0.1833791498641632,0.05531785229721452,0.20111615857224044,0.14728487207030913,0.14800736146867313,0.1352466270687921,0.11616059046565658,0.21091876492584022,0.2248541475612635,0.11131589591891468,0.18928081734872823,0.37340341625273077,-0.027597039519698108,-0.566552417795953,0.12095459850382875,0.25492552863938256,1.773377869675809,0.45445567497183637,0.49214032388472917,0.01724807798500058,0.0532093033238747,-0.4221152548830628,0.34320736553175835,0.29966400159845225,-0.04009298453869345,0.1842334308927414,0.09275959031620624,0.15740782257643465,-0.4119553133864205,0.7106904079513962,-0.27004833361303693,0.044779468171977234,0.22962824982990723,0.3298921318265236,0.14098784421356794,0.025595604854983845,-0.19486645541115857,0.8694667404728149,-0.7281600768130578,0.007982832796498963,0.5404258610422593,-0.4097572276711922,0.27806931006969027,-0.057140486213858664,0.01186744602844975
-0.011121699021709168,0.2669214954553104,0.45583146470168007,0.15537372969686317,0.16905653976106175,0.23905165779785828,0.2294363303261481,0.2077138439877038,0.16734511521769657,0.3313885021997262,0.2306576681938753,0.2233851149190901,0.15974536912750872,0.27299618148344834,0.3027565593557176,0.24369771304243742,0.3363848740363196,0.2520617715037419,0.13767040342468945,0.07972094319689307,0.12866540801913498,0.19409298479121165,0.45445567497183637,0.9345602017737428,0.299649136706007,0.0810615308221476,0.1411989310662181,0.15770085283175836,0.3958810739222788,0.3615518869633455,0.29346425382567504,0.11778753284365036,0.29849359299914985,0.08383913957223409,0.0923290661647173,0.5216894278064585,0.1630811377607763,0.1456876013155274,0.1846836957930559,0.2831367401851356,0.039812957334167454,0.164294813953136,-0.08052683964983029,0.3218121879957361,-0.07568281631045491,0.09260341346996913,0.4191601235289344,-0.44651448503292723,0.4764704655256879,-0.13653594417499568,0.026875982226085966
0.10794660120791348,0.2882023411987606,0.3689312524538408,0.14917264415943637,0.15307673064667632,0.20294226069641744,0.18583214098326944,0.24998522278955343,0.07022456512658158,0.2670988795184488,0.23594813038267398,0.2548874971345955,0.14218135344142666,0.2671229191811244,0.3535207776725387,0.2188444257403496,0.4294641827055467,0.26380252444882485,0.14275210492743928,0.1165716311487141,0.24129531533312634,0.12400938984304283,0.49214032388472917,0.299649136706007,1.1093163339168661,0.10024607973435223,0.21731634795273416,0.1108522760496909,0.6127164094789734,0.40783030055707853,0.1393309856385012,0.22323473452428869,0.18859181759501464,0.4453168163106187,0.1651903518727987,0.46483200402817754,0.39595526199579756,0.24586576782782713,0.25712401605042584,0.2898382810814126,0.10278009312510228,0.2643586786174752,0.1430875950909532,0.35808885910879396,0.07912086455634652,0.20269943444455468,0.6182625703494201,-0.38367055164092684,0.017591966490357863,-0.0913403171540539,-0.0025582611678226794
-0.006510606363847345,0.18461952559751488,0.03975269597279493,0.093650542327355,0.16796186828372806,0.1498373611042541,0.12083444338032552,0.15553197489736809,0.19389739337261386,0.15675512138542042,0.1514023319735052,0.08439997212474229,0.1312425264102278,0.22051051747706046,0.11675242921568615,0.20294059560038002,-0.05236582284347353,0.21736019610360843,0.0763497513138625,0.31293944228014936,-0.01830770820538721,0.18068033842672804,0.01724807798500058,0.0810615308221476,0.10024607973435223,1.7530552879935477,0.15162496261693342,0.07797731723087872,-0.12125930845082938,-0.5264741394528516,0.15523704855330422,0.3523787738421787,-0.22867149773052853,0.3386967140591608,0.2876194301543399,-0.006647288212349575,-0.07176044051660134,0.16775141083379885,0.37198853085661193,0.4327681670835611,-0.09587228644070561,0.11264554340276874,0.24807180338124862,0.1470601161046983,0.5374600728186608,-0.1166724441883281,0.04394668223164373,0.05475811825740326,0.7971813963554621,-0.06899199951825974,0.04567370298906547
0.057401546551949706,0.24979745950490798,0.17435908408332382,0.1087504768753793,0.11716305981911782,0.16707938018040727,0.14421553803166015,0.16822431046796132,0.09762044168148754,0.22090131885796638,0.19997750914994547,0.23447914872409314,0.12790572793779462,0.12419373366607082,0.19888246558938388,0.2165485948355513,0.2890403535899454,0.19489336383188632,0.11741075511339309,0.34072208834589257,0.2047482847303028,0.17651964920856722,0.0532093033238747,0.1411989310662181,0.21731634795273416,0.15162496261693342,0.7822983698535023,0.2552283628335209,0.18147781674784583,0.23718032728899313,0.3025295595955414,0.4416857026631982,0.22987518895313497,0.30622409097231923,0.2300633691770901,0.42432746861911297,0.41460788658061476,0.41648794752179064,0.16690036794866933,0.3288275513799787,0.19161226996095232,0.28149563731343585,0.47033118443862537,0.06545858928297268,0.37696753823977763,0.24922824400994364,0.4357613817468835,-0.21696743946810507,0.03724987165781286,-0.027664325840704253,-0.0005839278322032275
0.0801511834735767,0.43370628804642397,0.39520293801092843,0.1037933619163657,0.10327410256605037,0.1551836080491619,0.11492962914672407,0.15945442483121938,0.0551061689626499,0.1831635602570558,0.1416045083454833,0.16241992011954026,0.09671683821400921,0.11977793321045108,0.21440383608265406,0.18072165061514373,0.28737207568363005,0.1297557935748942,0.175964188723022,0.3890725892791753,0.29953570468167173,0.056021369526012804,-0.4221152548830628,0.15770085283175836,0.1108522760496909,0.07797731723087872,0.2552283628335209,1.4271057683303043,-0.1382368570963228,0.4326356699145423,0.5802321997732878,-0.02975030250765907,0.9090964114062628,0.15677299274434495,0.739983893279632,0.5612697051493913,0.7437302740973261,0.5680409787330721,0.10409221765266326,0.3705416819381867,0.000605326497337676,0.4755950360592617,0.08180609899687591,0.5787784418022605,0.551756752461148,0.0680423546226312,0.270623839808097,-0.6335849650170683,0.15512050252675658,-0.0733386500559091,-0.006932496439771899
0.1048113784001978,0.5924914514661159,0.8297461470706955,0.1002228953080273,0.09744286156768325,0.27897225046450813,0.19313669350307003,0.3220765534197638,0.08354593445527728,0.4772971944343774,0.3191700666081681,0.21850566857439538,0.22787931792691163,0.24950672515418199,0.40263464573602537,0.3573579133066007,0.5844367684097442,0.30276046504225784,0.10456265966572298,0.27227662236048034,0.0950183187066055,0.30948239471897127,0.34320736553175835,0.3958810739222788,0.6127164094789734,-0.12125930845082938,0.18147781674784583,-0.1382368570963228,3.1494317545813253,0.3503747320751689,0.026312265442933865,0.106263400861851,-0.07332960059706659,0.5125004563290467,-0.039458718306197516,0.6012485386788295,-0.08319578134987896,-0.4656159179021661,0.30458322638985147,0.2962742355015986,-0.3540599508153557,0.06269484438728762,-0.27820210868625367,-0.3514998427519858,-0.2960613108553059,0.04983027192046088,1.1011465698389618,-0.8548618092648944,1.3269356702134045,-0.19390570067189883,0.04081003770636317
0.1960015791448642,0.44318984032549824,0.5546124089386232,0.041642087802776534,-0.0237603492154338,0.10825848749701449,0.09787776035034321,0.17575607078283917,0.07515770951055584,0.35749645501327865,0.16729959801312758,0.13843870183694795,0.10615240735053084,0.16722092843255765,0.43992384251695765,0.13141318913160857,0.32168464392577373,0.18623730227012586,0.11664271864753334,0.3505460833865862,0.3489328902573148,-0.0018214330676786408,0.29966400159845225,0.3615518869633455,0.40783030055707853,-0.5264741394528516,0.23718032728899313,0.4326356699145423,0.3503747320751689,2.762535162305676,0.42692483124386443,0.20353036622938447,0.4364371481952115,-0.15991613094132046,0.6126027125018527,0.4366679969095592,0.9355906760591962,0.5130250550148062,0.349890461113372,0.5330355895252722,0.9552823501880877,0.40329915066848776,0.9133287736034781,0.6630265057824702,0.3025803822064417,0.2516555497644074,0.8436078189142819,0.12205229558027206,0.905481904047471,0.0005893687032985636,-0.002269801396764211
0.08257029937292452,0.3907656567102371,0.3558459600025998,0.1544063843285977,0.15751931399415778,0.1989624397575218,0.15618778976526365,0.20724140888399736,0.1168041449916755,0.2940820735411448,0.18677485922737713,0.17774311833670203,0.12527454814188288,0.16934731054914196,0.24016632997228338,0.22007468051143042,0.28019424823048683,0.29100913274951057,0.1577044778732733,0.49019118101799874,0.2465548263409277,0.14187817695999244,-0.04009298453869345,0.29346425382567504,0.1393309856385012,0.15523704855330422,0.3025295595955414,0.5802321997732878,0.026312265442933865,0.42692483124386443,1.157214320819351,0.21335022996281014,0.4835341870366941,0.2439350336136427,0.5430465194064488,0.6295184426858803,0.7484965144039601,0.47163447572515893,0.39294017051514685,0.3286247272044838,0.20912143956623608,0.375764547320791,0.06180087336264355,0.35641061803340646,0.5197298828112552,0.16362588146359605,0.5276782702838723,-0.46044416705528785,0.17481062462259067,-0.05766329186324978,-0.020624966148993184
-0.0011340691546610395,0.06012879112005277,-0.08733600338869428,0.18979834388061134,0.23428496462427975,0.2006645327159134,0.14517531196641129,0.07788322386458427,0.12799332670046965,0.15045181474531233,0.17266062769901747,0.19887341897450772,0.11943972907544634,0.13459153225763945,0.13398534976465284,0.24897949306742684,0.13882205185988478,0.15619121238707825,0.14954303669794602,0.26910900562072854,0.01966485394444541,0.4379085339105028,0.1842334308927414,0.11778753284365036,0.22323473452428869,0.3523787738421787,0.4416857026631982,-0.02975030250765907,0.106263400861851,0.20353036622938447,0.21335022996281014,2.641596345783277,-0.20843707888030294,0.6039823596643601,-0.07237120433963865,0.2986041177805968,-0.1791261667109514,0.20638796795686673,0.5384925582455188,0.08064819997820417,0.6792177512705445,0.022431527243879614,0.22116857395704678,0.2295092191159289,-0.2487067496401252,0.02987176922350361,0.7749892592226632,0.21890130897371474,0.8417888816839267,-0.07630338293708748,-0.024463396586140364
0.1012614172260207,0.2882861992477144,0.30082587026000246,0.14202788954467085,0.06603022926527896,0.0974966886290209,0.14474561713066925,0.08687084541608954,0.11147052250285217,-0.006600836459859786,0.11383085317998802,0.18746451165945277,0.089693432505778,0.10252925859791179,0.14916571969622835,0.06335176862495048,0.34820084986212535,0.10994925890335698,0.12853405256072398,0.2566738451736891,0.27263824148072124,0.016907140364650262,0.09275959031620624,0.29849359299914985,0.18859181759501464,-0.22867149773052853,0.22987518895313497,0.9090964114062628,-0.07332960059706659,0.4364371481952115,0.4835341870366941,-0.20843707888030294,2.6173457700008496,-0.26050799998522595,-0.3901596345472325,0.6848544690912621,0.6037655644459043,0.8903178898083886,-0.23980822773315938,0.5393112485975666,-0.23395784537049283,0.42193758579476465,0.09600001486983605,0.6439867177779257,-0.13057337241795258,0.3951750227660866,0.35187885203268676,-0.9981901470009581,0.005658399401044303,-0.007438098373142623,-0.07983988636627252
-0.09892995802866202,0.4123720613854335,0.40866877143681246,0.22501908569894574,0.275233995231156,0.313299288308099,0.21666439328298454,0.3395036068680543,0.12465756584024795,0.34895731743865843,0.28316224791157557,0.23106182574414155,0.18324406500369309,0.2638810176289335,0.3162715179496869,0.27555628785646497,0.43765819744079165,0.2725498950522373,0.2100617831180426,0.3972719580336204,0.3189882856785084,0.3034821147110691,0.15740782257643465,0.08383913957223409,0.4453168163106187,0.3386967140591608,0.30622409097231923,0.15677299274434495,0.5125004563290467,-0.15991613094132046,0.2439350336136427,0.6039823596643601,-0.26050799998522595,1.8196942288978015,0.551856985064851,0.16330444167282473,0.9146452928235652,0.21569744849798203,0.2562301089908947,0.032606290848073344,-0.035417636563889604,0.4274943741323552,0.21186815984520502,0.332912330392905,0.3417687754585555,0.011564350029729147,0.8185903372856258,-0.11194472230876358,0.9434356242697158,-0.18179457762879322,-0.01346479493993666
0.07334787247953038,0.5168872731597511,0.5448985004612578,0.061708273466979824,0.09305685137203865,0.13874019071576432,0.08444911722538474,0.21850326134974424,0.04319059579432348,0.364253644178875,0.1678966714158282,0.12134829468319511,0.13545236231509122,0.14193992519455045,0.2665161625741078,0.2582180066561032,0.21408018909698343,0.2016447163076547,0.14502369527150133,0.35834819416551256,0.32811216300613616,0.1004818957496139,-0.4119553133864205,0.0923290661647173,0.1651903518727987,0.2876194301543399,0.2300633691770901,0.739983893279632,-0.039458718306197516,0.6126027125018527,0.5430465194064488,-0.07237120433963865,-0.3901596345472325,0.551856985064851,2.4488068770129456,-0.04220013676474007,0.8384897198112873,-0.047779433317114615,0.47737004099261676,0.33722605551105933,0.07364030127527472,0.4997107802966568,0.12948166918911388,0.25352962001502594,0.8511969523511214,0.01926635695591748,0.4256050809709566,0.044126551726392856,0.599588900687534,-0.1375121404459936,0.03260704347855718
0.09128590380327854,0.33641612899089535,0.37342376445245007,0.2023083585934052,0.1814504508629103,0.1611444417154449,0.29566891085910185,0.14398457529893294,0.1885648994483418,0.3198560569945719,0.24495201886969326,0.31383235514223456,0.1443151898458381,0.2521289762118977,0.35865939503074273,0.24866251063728814,0.4439378753271653,0.4093625037177574,0.12204743487525015,-0.020132844068213453,0.4178130257006398,0.23166311007888293,0.7106904079513962,0.5216894278064585,0.46483200402817754,-0.006647288212349575,0.42432746861911297,0.5612697051493913,0.6012485386788295,0.4366679969095592,0.6295184426858803,0.2986041177805968,0.6848544690912621,0.16330444167282473,-0.04220013676474007,2.496293042643577,0.14997664951374148,0.2704516601961837,0.08223303436081063,0.37070063890315835,-0.06542592522156665,0.5845352238874617,-0.949906483764973,0.0937356168505992,0.20660467322593143,0.349984747721812,0.2806662265261373,-2.264311115631012,-0.9564275228467025,-0.14058757251084886,-0.032562836310816204
0.08986721101435899,0.8303668013830636,0.6957855793476598,0.20461071048156232,0.17123487940605675,0.31868824573207555,0.19344423186574847,0.3978901767529758,0.11551127941963371,0.41773624475293053,0.2730326708845834,0.22719589025264036,0.16136856373460837,0.3131569305612803,0.3772075937835445,0.22853553900583295,0.5838460479185605,0.2853714010553244,0.24202767845236658,1.0327287471894115,0.6320047681118566,-0.03534013286534834,-0.27004833361303693,0.1630811377607763,0.39595526199579756,-0.07176044051660134,0.41460788658061476,0.7437302740973261,-0.08319578134987896,0.9355906760591962,0.7484965144039601,-0.1791261667109514,0.6037655644459043,0.9146452928235652,0.8384897198112873,0.14997664951374148,3.551865851372849,1.00000270229503,-0.006358070267125465,-0.08639375622947765,0.6777744055691031,0.8652753813107652,1.0593835654621546,0.35965080834760754,1.7314982030994515,0.6988443281236087,0.9636362967158176,0.2531106709210022,0.7855208153163662,-0.05713701400484535,-0.0631425299759435
0.10632805578168493,0.40468202527803065,0.5234732503945528,0.13873320910868397,0.07065955915689552,0.26030440451738285,0.16079108494127559,0.1668279108258893,0.1438224099573482,0.09694101221043856,0.1584212688245608,0.21925473664942322,0.09018190234627677,0.23735522406274448,0.22410719958009134,0.1931371449613613,0.35471472664309533,0.14093107169575858,0.16649738393638272,0.6742622558688829,0.4186734264051756,0.09692720688262696,0.044779468171977234,0.1456876013155274,0.24586576782782713,0.16775141083379885,0.41648794752179064,0.5680409787330721,-0.4656159179021661,0.5130250550148062,0.47163447572515893,0.20638796795686673,0.8903178898083886,0.21569744849798203,-0.047779433317114615,0.2704516601961837,1.00000270229503,2.408557985011316,-0.005519199134170922,0.4963924580183117,0.558120864865016,0.5030364622709924,1.2550537049387003,0.8425840963913073,1.1855446480091865,0.8436593702370563,0.7143135031237274,0.056151932233649615,-1.8495667530972084,-0.013680460895064977,-0.045580342635236734
0.07660785002869766,0.17501902488570423,0.124958148555195,0.14964541180835417,0.19784084526663762,0.20500258305888994,0.06196065608755675,0.3310342904250164,0.05279017163454363,0.22564222149290306,0.17603377710528048,0.014427597779824799,0.17640785821141086,0.06495624444871476,0.17643324991279927,0.2657480218225241,-0.012052351182633703,0.2240220235545742,0.22394071760635872,0.6753226610134059,-0.18313477501100667,0.2512299278757743,0.22962824982990723,0.1846836957930559,0.25712401605042584,0.37198853085661193,0.16690036794866933,0.10409221765266326,0.30458322638985147,0.349890461113372,0.39294017051514685,0.5384925582455188,-0.23980822773315938,0.2562301089908947,0.47737004099261676,0.08223303436081063,-0.006358070267125465,-0.005519199134170922,2.852891524452611,0.9892798999057827,0.2146868193732744,-0.20610766612135797,-0.01657914179109033,0.4296751087302743,0.002242831119558873,-0.05904899226249517,0.23824829200213515,0.10497412688914065,1.2844990232738027,-0.03807335538109906,-0.003554868729753784
