0.5434552104297704,0.32004779242564785,0.1789981873549079,0.033964968920900555,0.1381020857876241,0.03656987044302058,0.16449720103367296,0.05178761477335585,0.04444669579303614,0.06237397263390145,0.0770363197077631,0.10683635172996647,0.06539324649681914,0.08706237389711241,0.05526427871122525,0.054189233358864976,-0.004546670638493677,0.11965441262885046,0.015825695230189934,0.01561209738508987,0.07117153673330452,0.06017274632984299,0.00589507640211849,-0.0567913736125349,0.05879956822320166,0.1030323338017147,0.05714235888889246,0.015416743897545633,0.07729618030869535,0.02822414425840271,0.04487707825480011,0.06833406407926415,0.06119783114395203,-0.06577886482555528,-0.010346643542591351,0.06442884632949668,0.028412244936226825,0.045107522715746,-0.004105268342011647,0.009072252022531915,0.03625758189192713,0.054968744751197604,0.054596874214545635,-0.0016910632362197046,0.07950761535320382,0.09112555786248168,0.023290481982156726,-0.09033436919761924,0.0009588169463524375,-0.04858743408869852,-0.0015992127470042209,-0.018273291577219988,0.022901020604126715,0.029776716181681144,0.08971963209897935,-0.020439913720109126,0.04424030614342329,0.07734544965013038,-0.1648390168239299
0.32004779242564785,5.24008712166268,0.24085513625514202,-0.21956197918957035,0.577057349487685,0.029952627568201183,0.20849819415893228,0.1291570698344651,0.19315237681496958,0.15588993148306154,0.12317433479500717,0.19064047913375687,0.2787300198459759,0.17420557530223915,0.2733783250681289,0.12160326238402723,-0.37638124525175476,0.5013338748996251,0.21850125496515296,-0.10036086763303308,0.46312424546203584,0.0791935258631972,-0.5278759541368617,-0.27791723992316886,-0.004386538473048991,0.5956516646590917,0.16487363657175808,0.2976274169296026,0.6383214180865605,-0.06059088595097868,-0.06269298814038955,0.17997533854207123,0.012393055792741504,0.2535279495919357,0.36231664799911634,0.11299749898385143,0.3610765020537137,-0.028341433034309492,-0.29289549915961716,0.018219999784569913,-0.0207421696588804,0.354088525112086,-0.04607657746337463,-0.06463898317891846,0.15857649063063362,0.05633521007575333,0.0011744985338571975,-0.09431794092462063,-0.08659388376850292,-0.37903214680524167,0.3150578312187816,0.0005840139720477927,-0.05134565897009969,0.08642494429547404,-1.338103277062527,-0.11367538793449965,-0.3361637259288095,0.265506915951179,0.952004415842471
0.1789981873549079,0.24085513625514202,2.1126197776504965,0.1970767014050867,0.1452371406722921,0.4391730193387135,0.23339413443781368,0.3354989421104236,0.2770037751741165,0.3717197584487924,0.3935641595454739,0.3680047071877591,0.35174375746532677,0.17511833128992105,0.2748038092489194,0.19670560715147462,0.30310156164854885,0.261358482284779,0.21551513165121808,0.2822934641753863,0.21398499840468924,0.3194346669988324,0.17590329076170508,0.4386652066664544,0.34078947258354686,0.2955343635685029,0.22816954938789688,0.18770948839317791,0.42011176594292204,-0.24094569765485985,0.3065538866539057,0.2092691243485497,0.19925357562451462,0.4245255607207813,0.13625877702817973,0.5301031664134841,0.29010839787697185,0.19436720202879798,0.22801519581826868,-0.3226904159665237,0.17580298984951992,0.19071083787626403,-0.02640527538596045,0.009710923274478367,0.05769697003616561,0.5999248148146381,0.18916142200804043,-0.3531680929913053,-0.32824784863674183,0.16241855635585947,-0.1368326590527136,0.14577012052297159,-0.05315241810689785,-0.1529617752201513,-0.20395579882056555,0.034566845714028537,-0.20752920192396848,-0.2874062802464513,0.2576200734464669
0.033964968920900555,-0.21956197918957035,0.1970767014050867,2.197147295956951,0.3758837161833661,0.2911091852492953,0.4537218007119924,0.39521654834618164,0.16989867134868822,0.3160923405844213,0.3113814723887819,0.37896153495450396,0.366756707357055,0.47960679972660275,0.23141549171143047,0.3732463692069114,0.34717351921734374,0.353478502382527,0.0682582911204526,0.3824792072981731,0.18351714901852612,0.3267037051565275,0.3226590902855022,0.6696375878868639,0.3845696227490043,0.3093523551432834,0.27638316579502303,0.20622052508364652,0.3213683452280042,0.2394085146409201,0.3030672663448592,0.2247219836601421,0.27703403777223756,0.3695130419635948,0.1603773884892828,0.3426132605923892,0.27323994142203323,0.2206891674842704,0.33070875024043767,0.14030296867210468,0.23005211039489246,0.17913672789018253,0.40503258568413253,0.1239009548220011,-0.05745206585428265,0.36286826907871556,0.32187725176161375,-0.14342286676818033,0.44791783481836567,0.018587000536086175,-0.13318743800942276,0.3929965583215361,-0.08150414207885844,-0.18658246672946321,-0.28350270764902596,-0.05457624176101178,-0.41752452516716765,0.6141349330774336,-0.25362905410032505
0.1381020857876241,0.577057349487685,0.1452371406722921,0.3758837161833661,1.8245555888137452,0.44296907971402016,0.276152717461444,0.3931811718912547,0.20675066445997015,0.2549958311035276,0.3529099828179453,0.36647650619887,0.4074870874557699,0.23598374897199637,0.34765128715888705,0.401624603164067,0.0880625487678683,0.34261992793800167,0.1081255966991961,0.27847961623652207,0.23308584838553092,0.2643941529958742,0.1631300865452413,0.42970335184530595,0.3716370455254682,0.4226503737165754,0.2338366447006067,0.09346358260571873,0.4190935561088133,-0.20700732006112083,0.21433527128786842,0.3208803150307194,0.062147819768964656,0.5551643995797928,0.10361058663003468,0.22439023951392736,0.14670847313154098,0.11196747259397472,0.16966185714006635,0.1309707162938309,0.08013745755411762,0.2243353569040757,0.09499990563213206,0.01781370333274067,-0.23238695161561232,0.17676602574299452,0.2460202198573904,-0.028372765117494238,0.39165645024148166,-0.0922806959424501,-0.07279898388098151,0.23822196992280117,-0.05064775019523064,-0.05371152668728397,-0.36839606198732655,-0.23349495641451457,-0.3007974647848393,0.16408702025332403,0.4798741123784965
0.03656987044302058,0.029952627568201183,0.4391730193387135,0.2911091852492953,0.44296907971402016,1.1242446943591395,0.01072209134603592,0.5262304918924522,0.2509627231131273,0.14016203672482377,0.4177161234800074,0.42520089948286954,0.34873553658012707,0.28015662798135194,0.344637645232652,0.3945252239608785,0.32604502319249756,0.22489313032046204,0.2026866967869057,0.5789263769997772,0.2430308875732411,0.26671074758412683,0.12875574281115873,0.6382294242888592,0.39804743326787506,0.38634772384887356,0.3384532624873279,0.1643775751092233,0.37004809623097057,-0.0665228623526749,0.2673172003080408,0.3576237530705238,0.26475355237404247,0.405162825775631,-0.0054381061032707486,0.11573991183027167,0.3521740150584056,0.3138766737541423,0.28129246744347663,0.1533111786486676,0.1588152493837422,0.2002492120718969,0.3682542321233402,0.02943455014216308,0.09253375346765658,0.2742345087307675,0.5434033186024242,-0.09696975845661088,0.6480933202747508,0.05629647624372271,-0.11340120040147351,0.277412782898777,-0.1760900296488483,-0.11158949636034486,-0.11361116903336936,-0.0648815208948982,-0.13936355701639805,0.4368784291407912,-0.21761643741051057
0.16449720103367296,0.20849819415893228,0.23339413443781368,0.4537218007119924,0.276152717461444,0.01072209134603592,0.8689548799940857,0.13480354966674624,0.13790292558797007,0.18694813255339143,0.28192723334233444,0.400310997459118,0.2604818005150992,0.1614660288767941,0.08787580850292796,0.2367242299861408,0.18519332022843668,0.28445159835154066,0.023299432080381512,0.1112367950922467,0.1863222690784378,0.3023096182474673,0.2565884113504443,0.3402799042976155,0.27261987810887295,0.19646719856496425,0.20210731739621662,0.08134286082422425,0.2581156110143511,0.1503294069763382,0.21213545884974383,0.19842784480157538,0.13999805688680791,0.24848418774631623,0.05597868506155387,0.37019772697729986,0.057280737937944214,0.08678765264413191,0.20540021669110137,0.06261940821357295,0.11529691430077836,0.17660309266294055,0.18475770125431878,0.04451373129024687,-0.03051454676767512,0.2562701893771646,0.013405272898153617,-0.1519593804827002,0.14268757965499282,-0.13249677697911358,-0.023495159504840088,0.1159671050986745,0.0008043179526567145,-0.08061273480977263,-0.07722126845977483,0.040830069894411514,-0.08725807558564384,0.16959082083533913,-0.22381588716697562
0.05178761477335585,0.1291570698344651,0.3354989421104236,0.39521654834618164,0.3931811718912547,0.5262304918924522,0.13480354966674624,0.7774086066645727,0.16214465838620434,0.3241205307389309,0.32610113025539555,0.17481505497060315,0.35770236933458577,0.2577231794147717,0.2214987632289781,0.3287879448827311,0.33177814827265184,0.24702341969473207,0.19529485214424142,0.4142541738890604,0.14680577081594112,0.2740064511756571,0.14560847605942118,0.4459918836141994,0.33600874053796903,0.30122977051847327,0.2740731868878681,0.13276396647980498,0.3519870350285315,0.0944221691492531,0.2182646175962372,0.256785215580684,0.21676040099762986,0.3971566089284642,0.11031827770928289,0.1506039358531808,0.35145439007072776,0.22664885248301805,0.33020167156061103,0.10550625890935862,0.1611576091753484,0.13584170347724908,0.34047788140773955,0.054506827494007155,0.01608705716131766,0.30961016583005274,0.4749920325020012,-0.12395376865856923,0.5688338854855941,0.1321844420799526,-0.10821344084859001,0.14731292191709683,-0.014669837566629713,-0.14296633329593317,-0.13423732441877642,-0.08159838752407568,-0.03664903444834091,0.37899237943448905,-0.18248174175619933
0.04444669579303614,0.19315237681496958,0.2770037751741165,0.16989867134868822,0.20675066445997015,0.2509627231131273,0.13790292558797007,0.16214465838620434,0.6411940982508927,0.12014699640443124,0.16366009839573695,0.15435616748502234,0.1871324599558243,0.19588118161138263,0.16587130082272955,0.20047231638074137,0.13071438548046257,0.16121874045459317,0.012393777254330968,0.21562189505422244,0.12610413949134314,0.15458022517520675,0.14336774449536546,0.2872087626096531,0.17196641778225402,0.22078933262779205,0.15422672020611747,0.08287596156306631,0.17343534827518312,0.044838335468946486,0.14952340759025914,0.14441231423997639,0.11985145757909182,0.200466895345048,0.10029280212209836,0.17539310169910965,0.17079327266890879,0.1290935994615699,0.17778413854143038,0.05714567979539177,0.08598834440983501,0.1141624844078848,0.17505377346356893,0.0346165621597729,0.048057354765000664,0.1802394743362727,0.2015968459432729,-0.09682915177242657,0.29350422326095454,-0.044755973245598844,-0.01582167556224863,0.00010296957213456968,0.08189378203105539,-0.0595975815539825,-0.05559741408142522,0.12530011768659594,-0.05360740649812305,0.08018101012358343,-0.1733244035722355
0.06237397263390145,0.15588993148306154,0.3717197584487924,0.3160923405844213,0.2549958311035276,0.14016203672482377,0.18694813255339143,0.3241205307389309,0.12014699640443124,0.84392398250617,0.24936675172199496,0.22736286525327276,0.264498985096078,0.14588950962759137,0.1696498139749912,0.19613277450098765,0.24676374227781178,0.21031498450736008,0.12111937034754057,0.13645720755232776,0.08334430674569114,0.21403105760469637,0.16537392006832705,0.22369638468289108,0.24435033901497855,0.1597982369983461,0.1774937911885216,0.11261506883416958,0.3159782830861478,0.07567351505343393,0.1785989874077439,0.1381132388214733,0.07069484399808712,0.3633273620448779,0.18697737560857158,0.26303996089910525,0.18887657987725437,0.06790284539865055,0.23409951341407628,0.0072208889862335505,0.12447880600500098,0.09366749665100202,0.09306819464258129,0.04966679988603648,-0.08407712295040305,0.2578165079483969,0.2249238078692908,-0.16729286551429837,0.19317741688661816,0.04716163833997275,-0.06276369424733713,0.00524239919757533,0.01931308146662788,-0.02396335769768417,-0.06934209671244093,0.012984769851581939,-0.0882644154493939,-0.2131847564861838,0.2648291011412196
0.0770363197077631,0.12317433479500717,0.3935641595454739,0.3113814723887819,0.3529099828179453,0.4177161234800074,0.28192723334233444,0.32610113025539555,0.16366009839573695,0.24936675172199496,0.6746797216174842,0.4139337546728292,0.3170883933561136,0.1641564351402001,0.2927995383572709,0.29369983248423653,0.3079927142267364,0.23943274974820125,0.051729724650102435,0.3868837476746775,0.19009172039159386,0.21413679187663429,0.18337785152561822,0.4559292503183561,0.3654459656678504,0.31284647564618934,0.28022492339058047,0.09099787254880232,0.34295534410316575,0.038144947826776264,0.24469032551961178,0.23535458906321147,0.09879369212533402,0.36961711145021164,0.1900067418144936,0.26223390940968494,0.19069419472076687,0.19612808314050822,0.27671223630470626,0.11025969047260051,0.11743874925173203,0.17921696050475255,0.23886842157277577,0.03482005376299279,0.0769061553915827,0.27288720892430773,0.28529133460194533,-0.15880322762596538,0.24186528542169433,-0.09238693159423096,-0.09055501274430701,-0.007480464200554558,0.17214742355917456,-0.015189418501829812,-0.1456289217106682,-0.0007340245632740437,-0.15169185271668062,0.1735887059519441,-0.0903632011208433
0.10683635172996647,0.19064047913375687,0.3680047071877591,0.37896153495450396,0.36647650619887,0.42520089948286954,0.400310997459118,0.17481505497060315,0.15435616748502234,0.22736286525327276,0.4139337546728292,0.7563634685216869,0.3048502665307333,0.23911691221202674,0.20996701221600603,0.28213353263079965,0.23402468905646856,0.28387382915973514,0.06773902675345957,0.29227670147100776,0.18540367242243783,0.25477138046789316,0.19841379416479016,0.4131342845391308,0.38028089192304904,0.31551918394106154,0.3094922844553944,0.07984544230766374,0.3103242495703087,-0.03284182654711006,0.2619171158013838,0.29476345591522357,0.14565290936063185,0.3309832062263356,0.024568185173091325,0.3184672595591191,0.06224364538902192,0.16117829094710567,0.2058610393842515,0.10845156402714975,0.051923638012019484,0.16488480709224212,0.20701102871588506,0.03192953521593524,0.02136746114333636,0.2338015829580047,0.1870368410212342,-0.11451119903865638,0.283679544438367,-0.2207379768397032,0.027621230054139117,0.1399059821209643,-0.012987721880051557,-0.05283314776461709,-0.15035391524307315,0.03942586237445875,-0.15026207778974418,0.15945904350364826,-0.12252820384450956
0.06539324649681914,0.2787300198459759,0.35174375746532677,0.366756707357055,0.4074870874557699,0.34873553658012707,0.2604818005150992,0.35770236933458577,0.1871324599558243,0.264498985096078,0.3170883933561136,0.3048502665307333,0.5990024368685947,0.24608065033946913,0.1632564729426718,0.30445767842513655,0.240080973736106,0.23121555887433567,0.1984048518018561,0.26908508105941464,0.13107778258518754,0.44385538061712354,0.1714816019840122,0.3777670413651762,0.3034364222377264,0.21485125743239308,0.27514983681323274,0.13251414493499747,0.41415902955971984,0.0392650296938084,0.23105409231164803,0.25409992460007014,0.18159430739147722,0.3760897104593675,0.1285696151615572,0.3067475727364072,0.22520826993522108,0.14635040606019106,0.30136178296183375,0.06201737275481459,0.1276326773104462,0.12981832416884165,0.1340065126915857,0.042138569690208544,-0.09388817137839407,0.2698972412907959,0.22423545724996471,-0.10386305815238227,0.3052941904099308,0.09422187922653459,-0.05693436629755013,0.027744829605511088,-0.01356148135341,-0.1241113426182468,-0.21661625744154606,-0.03129702167890158,-0.22208564092273633,-0.10528017439995214,0.3566487920219193
0.08706237389711241,0.17420557530223915,0.17511833128992105,0.47960679972660275,0.23598374897199637,0.28015662798135194,0.1614660288767941,0.2577231794147717,0.19588118161138263,0.14588950962759137,0.1641564351402001,0.23911691221202674,0.24608065033946913,0.8325581840596598,0.20166100843326776,0.22536966826483618,0.2749483833255001,0.11567892699349935,0.06546272186241825,0.35265923449512016,0.18434759917462323,0.19753413183101629,0.09532313647961427,0.33394141606365196,0.20537393186927685,0.33901334329448596,0.18763187564803457,0.16448087056790872,0.24457050212417059,0.11744710431473741,0.21764844142437506,0.17174664558403735,0.21218697868551895,0.21410266232264735,0.14365114485931643,0.19764222087950412,0.30434540672716304,0.20491293000009586,0.13818729617024578,0.13688372018324546,0.23427728447058627,0.16770730948064919,0.2822012932076292,0.0445453194536994,0.0196514127044173,0.21614697177628303,0.33535170148346055,-0.13649557225062034,0.6230936278045041,-0.0614139646223039,-0.07933202492282378,0.12886004650878616,0.05395209341872754,0.023848348451481354,-0.21553633704593955,-0.011615048090590859,-0.26261282053080387,0.43673190161903425,-0.08316279533305859
0.05526427871122525,0.2733783250681289,0.2748038092489194,0.23141549171143047,0.34765128715888705,0.344637645232652,0.08787580850292796,0.2214987632289781,0.16587130082272955,0.1696498139749912,0.2927995383572709,0.20996701221600603,0.1632564729426718,0.20166100843326776,0.7362816617220485,0.16285787538996327,0.3720920210227547,0.14630549280971383,0.11474637522815727,0.35950276665609365,0.2574606335143164,-0.03823855981136398,0.16071851673685733,0.41534319840884143,0.3014708720763702,0.3010576301750769,0.20246823005989098,0.25247729504914534,0.27523521226335146,0.15868526730072255,0.2341264633477395,0.13993953055432892,0.1590666620770779,0.2894223737654829,0.2371102312079357,0.24547156110116863,0.37191809771746875,0.1999041762807434,0.19007366585110094,0.08635798258868049,0.2610191567130906,0.2395221385759675,0.29250463948129457,0.029603217578004895,0.04634195654822315,0.26159205603976204,0.30506858625018,-0.12683474961743468,0.3872072077746472,0.1375105486381288,-0.25853839274769314,0.40484189447919117,-0.15826209353532075,-0.03893662736881178,-0.12114719970997949,0.05535719841605719,-0.216794170459458,0.2728374750149764,-0.10638762927989147
0.054189233358864976,0.12160326238402723,0.19670560715147462,0.3732463692069114,0.401624603164067,0.3945252239608785,0.2367242299861408,0.3287879448827311,0.20047231638074137,0.19613277450098765,0.29369983248423653,0.28213353263079965,0.30445767842513655,0.22536966826483618,0.16285787538996327,1.136647698471857,0.10443121793170779,0.35867200204463545,0.09352773512356707,0.3169050106026454,0.1167242150098577,0.2516439448050806,0.17262503815668104,0.563907768229392,0.3446406529913717,0.13056825106231826,0.3537231137452428,0.18940617698439205,0.44744367585983424,0.16976956991000725,0.2114753357775018,0.2768465089185336,0.15713652614231366,0.30248954163034353,0.25264653955273286,0.248293898204375,0.20445271742192977,0.1934289328847937,0.2785149331915584,0.2091278557710407,0.10428254915305084,0.11159474379139243,0.4232175986805656,0.03696606945665587,0.04212705370518013,0.24613151444842288,0.29723905643008686,-0.1506225589444679,0.43492210071602416,-0.18021400248381578,-0.04545067420878775,0.11632572248195083,0.043447388334792975,-0.07864846396818181,-0.07161512088751622,-0.027236867153420764,-0.23562023655598724,0.355588165548359,-0.12421548875804687
-0.004546670638493677,-0.37638124525175476,0.30310156164854885,0.34717351921734374,0.0880625487678683,0.32604502319249756,0.18519332022843668,0.33177814827265184,0.13071438548046257,0.24676374227781178,0.3079927142267364,0.23402468905646856,0.240080973736106,0.2749483833255001,0.3720920210227547,0.10443121793170779,1.5213378484852988,-0.07950567006651417,0.19680937663850762,0.5485146676613888,0.3131103978094479,0.18318935007631254,0.24229055792621498,0.2729030180576662,0.2929541546111476,0.14666533171746315,0.2681567469370568,0.24100960674339156,0.23198983167864648,0.13441226278262744,0.3517824051085338,0.17200631598743316,0.3107890573115504,0.44354072123289845,0.19967946551104537,0.23744922161412074,0.6599504127294232,0.29139517120970276,0.47483686619820875,0.1609068425747073,0.3698750263033596,0.2817467629369805,0.39194410493038084,0.049746711996514176,0.11450881096340516,0.40917387830787,0.5910955083942933,-0.09979182943892598,0.5693956093555788,0.3434676286368335,-0.18297730942278892,0.4238602351175907,-0.06295650697464243,-0.22107721765435057,0.04969888660850518,-0.01181922880545588,-0.18259331710999432,0.22788687886644807,-0.18559136776232552
0.11965441262885046,0.5013338748996251,0.261358482284779,0.353478502382527,0.34261992793800167,0.22489313032046204,0.28445159835154066,0.24702341969473207,0.16121874045459317,0.21031498450736008,0.23943274974820125,0.28387382915973514,0.23121555887433567,0.11567892699349935,0.14630549280971383,0.35867200204463545,-0.07950567006651417,1.3795835090056185,0.043347415323236535,-0.002539312439447431,0.09188380460584869,0.27165082145520164,0.3662498023485343,0.505146867466995,0.2799508170720184,0.3340833845110106,0.14214597486568117,0.204563827845407,0.3743061772460638,0.14436384830737692,0.1816211044742515,0.22553105359577455,0.3203696352073477,0.17585207977136094,0.0939642137881222,0.35918959615362117,0.18477637332071314,0.08239318741396914,0.08344760110129677,0.12007192273705804,-0.011421182171493969,0.055428819319572144,0.4236374229615217,0.05010652658010924,0.15555726570201034,0.3446921558315808,0.18603274459285316,-0.23125973826777982,0.14070188070819237,-0.24113871910551232,0.2155146521063628,0.10219657062513302,0.015521689629326662,-0.04014455225251064,-0.1676408609441469,-0.0686418339800568,-0.07163526604931703,0.47676865689392384,-0.3677504666510695
0.015825695230189934,0.21850125496515296,0.21551513165121808,0.0682582911204526,0.1081255966991961,0.2026866967869057,0.023299432080381512,0.19529485214424142,0.012393777254330968,0.12111937034754057,0.051729724650102435,0.06773902675345957,0.1984048518018561,0.06546272186241825,0.11474637522815727,0.09352773512356707,0.19680937663850762,0.043347415323236535,0.9192410925493879,-0.01334441251942391,0.21157023180968101,0.20471492371248415,-0.12771890809501033,0.1278926023988901,0.05136197004099024,-0.007409750848129121,0.08136928621399404,0.1822232342605029,0.04119482849573616,0.09945242237924633,0.1487278078843721,0.10417719157080053,0.32128209914187883,0.08107855807431436,-0.011980476470293747,0.19625130061925522,0.3418132422414427,0.05171068888055388,0.2505104286195727,-0.021093367308491543,0.2252692657036192,0.17592688645659388,0.03024948799469484,-0.0028277998735414043,-0.07335785252965644,0.1677293701589974,0.03559247295210394,0.08014491309671068,0.10510399500123296,0.4639264503377498,-0.06373614759815815,0.038953453376094016,-0.19417628718051552,-0.1961003880458428,-0.1298378655972008,-0.054607926955589026,-0.09551657733693315,0.005852408229884805,0.22559769398090673
0.01561209738508987,-0.10036086763303308,0.2822934641753863,0.3824792072981731,0.27847961623652207,0.5789263769997772,0.1112367950922467,0.4142541738890604,0.21562189505422244,0.13645720755232776,0.3868837476746775,0.29227670147100776,0.26908508105941464,0.35265923449512016,0.35950276665609365,0.3169050106026454,0.5485146676613888,-0.002539312439447431,-0.01334441251942391,1.2667737279432687,0.05076402500051802,0.0241611551414109,0.09310005348367462,0.6921121642658153,0.356602316661753,0.3334998518749549,0.41194465049756135,0.21765408995309243,0.33404012984090914,0.24902569863185772,0.2998670305870425,0.24893721657623483,0.31812478850171805,0.3219796122917183,0.2100503368550112,0.0933632597319565,0.725619192566224,0.5552741204298627,0.3977878107913353,0.23680768956175782,0.10475415293478571,0.0850934576829914,0.6840852093300562,0.07309576036606359,0.5478294003653783,0.10531313953740368,0.4612887253672199,0.14045177836724598,0.7469701199638719,-0.005235936255521513,-0.21584006830174413,0.22262654422285,0.10948913008381429,-0.11399659237361574,-0.002376295859219993,-0.04367825788438108,-0.23181225988631068,0.5096728712393466,-0.28684428796202477
0.07117153673330452,0.46312424546203584,0.21398499840468924,0.18351714901852612,0.23308584838553092,0.2430308875732411,0.1863222690784378,0.14680577081594112,0.12610413949134314,0.08334430674569114,0.19009172039159386,0.18540367242243783,0.13107778258518754,0.18434759917462323,0.2574606335143164,0.1167242150098577,0.3131103978094479,0.09188380460584869,0.21157023180968101,0.05076402500051802,0.7530461739840856,0.21753531419556862,0.046569783476694826,0.07267780524144712,0.15251462314073083,0.32483432999972156,0.1204746588932583,0.250197378506906,0.1214380311478576,0.13810024739632343,0.19400417895577252,0.19004187079277232,0.05498939480509993,0.32976532022408717,0.3367246139308479,0.23489249378271598,0.24149865215803462,0.11468956110580486,0.15911571563605253,0.1411711088445064,0.414627532680334,0.593855580255346,0.1659957281714511,0.0059779486227286615,0.1298216669766296,0.29359582549655594,0.33210131653879543,-0.1711671812553429,0.16251787315218783,0.10990733278800939,-0.08571382115416765,0.23298601728997997,-0.16697922356731468,-0.04813497030606255,-0.1854790018097532,-0.04118824034502062,-0.16856881148443617,0.2041832724751483,0.006385777383612184
0.06017274632984299,0.0791935258631972,0.3194346669988324,0.3267037051565275,0.2643941529958742,0.26671074758412683,0.3023096182474673,0.2740064511756571,0.15458022517520675,0.21403105760469637,0.21413679187663429,0.25477138046789316,0.44385538061712354,0.19753413183101629,-0.03823855981136398,0.2516439448050806,0.18318935007631254,0.27165082145520164,0.20471492371248415,0.0241611551414109,0.21753531419556862,1.0806253879695542,0.48836219987717533,0.21836472561512524,0.27071703765315697,0.09365016604422878,0.19694445570214075,0.04628132218229366,0.3659789605794914,0.044726564418600706,0.2400742498891163,0.3042902914063405,0.23370173171297348,0.40901754620784386,-0.006895634404996437,0.3492664273154348,0.13527552547108704,0.07372927571557046,0.3826115813709291,0.04744112584054553,0.1755812442407314,0.1961486083428923,0.04177320944944215,0.0782998591138747,-0.24882969865929735,0.34221038453079106,0.2517803159643556,-0.11908211537491459,0.33271725652855194,0.10388728868630268,-0.0027688433517579062,-0.039448292998272586,-0.02327300064091676,-0.1864272096949542,-0.17011987517864993,-0.033365385082373904,-0.12448219461200832,-0.14216967048142046,0.235745730435199
0.00589507640211849,-0.5278759541368617,0.17590329076170508,0.3226590902855022,0.1631300865452413,0.12875574281115873,0.2565884113504443,0.14560847605942118,0.14336774449536546,0.16537392006832705,0.18337785152561822,0.19841379416479016,0.1714816019840122,0.09532313647961427,0.16071851673685733,0.17262503815668104,0.24229055792621498,0.3662498023485343,-0.12771890809501033,0.09310005348367462,0.046569783476694826,0.48836219987717533,1.3479452560400782,0.4590774636388753,0.3959982496045049,-0.08452938772947531,0.12979907681888286,-0.021156765228419576,0.3153535922909894,0.305716319738762,0.3391578011382584,0.1331299049164758,0.3778094850641176,0.3174114453488606,-0.14654295715009288,0.5682264528437784,0.2474166247167958,0.1086630897862271,0.511951918116251,0.12550559137033532,0.26435664868739545,0.08497490132923659,0.2593070752672755,0.16697866911751297,-0.24673665040084147,0.4217751597736722,0.2793196599801368,-0.1007855736343771,0.5592388833523761,0.13902295728677685,-0.12533430692400988,0.10813075820723392,0.0544587031328326,-0.17941407355983804,0.06010173784169638,0.02850027223274035,-0.07029097790989926,0.016984288982356044,-0.14357904750419329
-0.0567913736125349,-0.27791723992316886,0.4386652066664544,0.6696375878868639,0.42970335184530595,0.6382294242888592,0.3402799042976155,0.4459918836141994,0.2872087626096531,0.22369638468289108,0.4559292503183561,0.4131342845391308,0.3777670413651762,0.33394141606365196,0.41534319840884143,0.563907768229392,0.2729030180576662,0.505146867466995,0.1278926023988901,0.6921121642658153,0.07267780524144712,0.21836472561512524,0.4590774636388753,2.1916548032503322,0.6315228909330889,0.18744536841806467,0.36259122509399233,0.3301505088634326,0.32451017501464147,0.5377637429418805,0.44854532124418456,0.2866602381885256,0.5741377647094889,0.020479752232136796,0.15667582917059444,0.535578051075439,0.37583187879528646,0.40312243408417253,0.33579559549139554,0.16706277479728648,0.4760384583034417,0.11171321937922132,0.43504260312524934,0.09291591487507495,-0.03998220567115081,0.6237669135651247,0.3538326972429006,-0.4464095921226836,0.7768154993293551,-0.13198866552507915,-0.12218770115746184,0.301941357473664,0.03520233058257025,-0.1487090303280046,-0.1289222746863584,-0.06702703281951178,-0.26508357117303677,0.5885558564416484,-0.3537387202763471
0.05879956822320166,-0.004386538473048991,0.34078947258354686,0.3845696227490043,0.3716370455254682,0.39804743326787506,0.27261987810887295,0.33600874053796903,0.17196641778225402,0.24435033901497855,0.3654459656678504,0.38028089192304904,0.3034364222377264,0.20537393186927685,0.3014708720763702,0.3446406529913717,0.2929541546111476,0.2799508170720184,0.05136197004099024,0.356602316661753,0.15251462314073083,0.27071703765315697,0.3959982496045049,0.6315228909330889,0.9976939663057226,0.24444753695199223,0.2896040749434478,0.10779808768158887,0.49533546789817073,0.1768523571746026,0.3398638481132513,0.24822529084998385,0.17200899273567075,0.4444457620025633,0.18026979996494932,0.4037895444100895,0.13107827273724787,0.2151651898860304,0.3084763780792824,0.08249263706512891,0.20469569894711756,0.1503332655276554,0.3168548462235441,0.06549901190504309,-0.12859612800816764,0.4567493374458553,0.32608160685710713,-0.3263019706321581,0.29479588869861506,-0.29406390746989536,-0.21640327532238196,0.26008537845754115,0.13798441949697296,-0.0802988476637396,-0.09359289722453275,-0.012536957733096916,-0.14924827932445853,0.20836422256051676,-0.10662386747173731
0.1030323338017147,0.5956516646590917,0.2955343635685029,0.3093523551432834,0.4226503737165754,0.38634772384887356,0.19646719856496425,0.30122977051847327,0.22078933262779205,0.1597982369983461,0.31284647564618934,0.31551918394106154,0.21485125743239308,0.33901334329448596,0.3010576301750769,0.13056825106231826,0.14666533171746315,0.3340833845110106,-0.007409750848129121,0.3334998518749549,0.32483432999972156,0.09365016604422878,-0.08452938772947531,0.18744536841806467,0.24444753695199223,1.6239740743096218,0.24020898388450693,0.2037685062554836,0.10291067013715373,-0.40854185163876433,0.09438247392583929,0.40154742570650614,-0.031086336616690597,0.37322728160329327,0.23904310021789738,0.12372474436545128,-0.14920094197075642,0.18249309509860548,-0.16861115295125295,0.15386708795769344,-0.11281657775137632,0.25512662073485237,0.30895411751270435,0.028516275214757043,0.06498455031602808,-0.07368872432282976,0.16848375942025906,0.18157542000040738,0.4629261628078796,0.03771949699560326,-0.2822977052107488,0.3759383051269831,-0.2144501521474615,-0.007218539555840263,-0.2517577368617092,-0.018669995573634485,-0.14843943610234334,0.29778058661139506,-0.05115650385506251
0.05714235888889246,0.16487363657175808,0.22816954938789688,0.27638316579502303,0.2338366447006067,0.3384532624873279,0.20210731739621662,0.2740731868878681,0.15422672020611747,0.1774937911885216,0.28022492339058047,0.3094922844553944,0.27514983681323274,0.18763187564803457,0.20246823005989098,0.3537231137452428,0.2681567469370568,0.14214597486568117,0.08136928621399404,0.41194465049756135,0.1204746588932583,0.19694445570214075,0.12979907681888286,0.36259122509399233,0.2896040749434478,0.24020898388450693,0.5901466590497079,0.17643149605048478,0.31444795835839273,0.09059172761359621,0.23713379892540448,0.33087080322673557,0.20613562569254765,0.28017096773272393,0.13773832751843187,0.25780787157902885,0.22484009048672723,0.2184427465299128,0.2487778043333041,0.13830710350606265,0.05142555450040895,0.12345221885198261,0.31287603699493427,0.038555932549406174,0.09967989024852347,0.1910359997068376,0.25489771989570853,-0.04985255243628723,0.4518182413481322,-0.0005160358059020858,-0.10175027783038361,0.17692332350194523,-0.02890424361051774,-0.08433649092486852,-0.07740528732148587,-0.006734961731656017,-0.017381156930058067,0.13216460934658728,-0.1149155015013306
0.015416743897545633,0.2976274169296026,0.18770948839317791,0.20622052508364652,0.09346358260571873,0.1643775751092233,0.08134286082422425,0.13276396647980498,0.08287596156306631,0.11261506883416958,0.09099787254880232,0.07984544230766374,0.13251414493499747,0.16448087056790872,0.25247729504914534,0.18940617698439205,0.24100960674339156,0.204563827845407,0.1822232342605029,0.21765408995309243,0.250197378506906,0.04628132218229366,-0.021156765228419576,0.3301505088634326,0.10779808768158887,0.2037685062554836,0.17643149605048478,1.1020595664556092,0.12448211584994219,0.3111656925376498,0.23523680606675243,0.18117210121208716,0.4549830648422082,0.1563608283103929,0.748918026305141,0.3528342743838616,0.4739623877798905,0.133226127947216,0.1692776514395871,0.11808257284821769,0.18313403056321045,0.2576016902751609,0.29204374707999,0.09116234696152305,-0.0007800489749343804,0.35525391755509206,0.196448500818766,-0.20635401053633978,0.27974412179017005,0.36530065596937356,-0.1032795309883088,0.713050390215189,-0.7954065820297425,-0.0702687648673929,-0.10940394055399119,-0.014018744969575263,-0.05934758377899151,0.10547026222884541,0.012344814185916849
0.07729618030869535,0.6383214180865605,0.42011176594292204,0.3213683452280042,0.4190935561088133,0.37004809623097057,0.2581156110143511,0.3519870350285315,0.17343534827518312,0.3159782830861478,0.34295534410316575,0.3103242495703087,0.41415902955971984,0.24457050212417059,0.27523521226335146,0.44744367585983424,0.23198983167864648,0.3743061772460638,0.04119482849573616,0.33404012984090914,0.1214380311478576,0.3659789605794914,0.3153535922909894,0.32451017501464147,0.49533546789817073,0.10291067013715373,0.31444795835839273,0.12448211584994219,2.454608114464163,0.16975415098582958,0.15324983060285918,0.3744170912863491,0.09339697101396081,0.6758665802779323,0.18249104478560105,0.5718631577280648,-0.264175790529326,0.00538002242770092,0.545024940868197,0.044109918148913664,-0.06736068402848011,0.06500625927619441,0.13346993290216314,-0.045866197930318854,-0.39097674187953796,0.49987986928045186,0.43922845236079555,-0.5077465203232798,0.8572578150183955,0.2790162525459261,-0.5485124140501888,0.011819923019471894,-0.07445070301978876,0.024044248604128828,-0.3432438885184021,-0.037406395691520024,-0.12017033873920908,-0.06789347223406952,0.2930602645964728
0.02822414425840271,-0.06059088595097868,-0.24094569765485985,0.2394085146409201,-0.20700732006112083,-0.0665228623526749,0.1503294069763382,0.0944221691492531,0.044838335468946486,0.07567351505343393,0.038144947826776264,-0.03284182654711006,0.0392650296938084,0.11744710431473741,0.15868526730072255,0.16976956991000725,0.13441226278262744,0.14436384830737692,0.09945242237924633,0.24902569863185772,0.13810024739632343,0.044726564418600706,0.305716319738762,0.5377637429418805,0.1768523571746026,-0.40854185163876433,0.09059172761359621,0.3111656925376498,0.16975415098582958,2.148615821138681,0.2757207127606698,-0.018018394054616395,0.47731804984127757,-0.1817624596220326,0.45004935132373475,0.4704271339103399,0.629724735921768,0.2700038590323177,0.5166333978147666,0.12688374628682172,0.7745859868668002,0.21352204182443646,0.8654778344925875,0.20823176559553822,0.18356054437382002,0.800913207610916,0.4244591500369945,-0.7377549516923765,0.5256019689781576,0.019381083428379083,-0.2624102559116506,0.07617848496876185,0.191037250015322,-0.015959804626039176,0.20817106612840386,-0.17230788928315052,-0.21605157170140057,0.8189124935188333,-0.5229061575300931
0.04487707825480011,-0.06269298814038955,0.3065538866539057,0.3030672663448592,0.21433527128786842,0.2673172003080408,0.21213545884974383,0.2182646175962372,0.14952340759025914,0.1785989874077439,0.24469032551961178,0.2619171158013838,0.23105409231164803,0.21764844142437506,0.2341264633477395,0.2114753357775018,0.3517824051085338,0.1816211044742515,0.1487278078843721,0.2998670305870425,0.19400417895577252,0.2400742498891163,0.3391578011382584,0.44854532124418456,0.3398638481132513,0.09438247392583929,0.23713379892540448,0.23523680606675243,0.15324983060285918,0.2757207127606698,0.8269625300256489,0.17369849711388957,0.32346431900200956,0.26148172406819276,0.14102861818833642,0.7109706014552906,0.3819049267421002,0.28587218447184337,0.41344888315611183,0.10662687204100875,0.44935176840791596,0.2017316537739672,0.19555322083920146,0.03903826857798399,-0.04063168819826122,0.5648036363070577,0.22908395488290698,-0.3307358672693847,0.2342584442519989,0.14458675729985454,-0.12113292729339288,0.2554070715934357,-0.05804494084230173,-0.12842738583447813,-0.08429696199726858,0.0009734568433921292,-0.06031032811762546,0.03578644418109827,-0.057601457694782886
0.06833406407926415,0.17997533854207123,0.2092691243485497,0.2247219836601421,0.3208803150307194,0.3576237530705238,0.19842784480157538,0.256785215580684,0.14441231423997639,0.1381132388214733,0.23535458906321147,0.29476345591522357,0.25409992460007014,0.17174664558403735,0.13993953055432892,0.2768465089185336,0.17200631598743316,0.22553105359577455,0.10417719157080053,0.24893721657623483,0.19004187079277232,0.3042902914063405,0.1331299049164758,0.2866602381885256,0.24822529084998385,0.40154742570650614,0.33087080322673557,0.18117210121208716,0.3744170912863491,-0.018018394054616395,0.17369849711388957,0.9897478490881929,0.33604361948881445,0.3287469354083865,-0.044568746340597445,0.31639300178939384,-0.02558561226393562,0.19964362546630013,0.16658498635654428,0.10949456333571828,-0.018092258830176747,0.16135204971059985,0.0792201338861645,0.051225856172980325,-0.1923114474271861,0.33835396356552394,0.30530188248869766,-0.16024210420120125,0.6139538087753781,0.13671678714952026,-0.06612391944679556,0.32397217122982647,-0.19308143185058432,-0.10909017131430251,-0.12117025841509496,0.012254411583729688,0.5403628078243717,-0.3039647340860278,-0.16544386778214715
0.06119783114395203,0.012393055792741504,0.19925357562451462,0.27703403777223756,0.062147819768964656,0.26475355237404247,0.13999805688680791,0.21676040099762986,0.11985145757909182,0.07069484399808712,0.09879369212533402,0.14565290936063185,0.18159430739147722,0.21218697868551895,0.1590666620770779,0.15713652614231366,0.3107890573115504,0.3203696352073477,0.32128209914187883,0.31812478850171805,0.05498939480509993,0.23370173171297348,0.3778094850641176,0.5741377647094889,0.17200899273567075,-0.031086336616690597,0.20613562569254765,0.4549830648422082,0.09339697101396081,0.47731804984127757,0.32346431900200956,0.33604361948881445,2.1091838054787297,-0.23097507401412815,-0.8089184843274908,0.40458540851512476,0.8664604305248993,0.27773375835390035,0.25153471814150175,-0.034388791331131756,0.3357237227842462,0.08223772017809218,0.2855296357002751,0.13904065172217306,-0.9301922291994446,0.8823671817355564,0.3841692096653137,-0.5547694361413404,1.2723825647854026,0.4643499450584632,-0.3679045240531509,0.2899303133441816,0.03020492172129179,-0.3465082802785198,-0.0365906224792732,-0.07371788353756299,-0.0007517899307274078,0.2739917039687794,-0.2147370110499174
-0.06577886482555528,0.2535279495919357,0.4245255607207813,0.3695130419635948,0.5551643995797928,0.405162825775631,0.24848418774631623,0.3971566089284642,0.200466895345048,0.3633273620448779,0.36961711145021164,0.3309832062263356,0.3760897104593675,0.21410266232264735,0.2894223737654829,0.30248954163034353,0.44354072123289845,0.17585207977136094,0.08107855807431436,0.3219796122917183,0.32976532022408717,0.40901754620784386,0.3174114453488606,0.020479752232136796,0.4444457620025633,0.37322728160329327,0.28017096773272393,0.1563608283103929,0.6758665802779323,-0.1817624596220326,0.26148172406819276,0.3287469354083865,-0.23097507401412815,1.6782452902476235,0.5556224052323682,0.2681309038033179,0.36062246743736037,0.09174630248923507,0.4982543899254269,0.027899857233828772,0.054889345373134175,0.31846860361836155,0.35019238994856583,0.11443275133175912,-0.2394927420548805,0.27339113793146586,0.6261071173010271,0.007043208920585122,0.42809606857350785,-0.11859300588261765,-0.14141445388550203,0.31541201071681296,0.01781324745513584,-0.15756566938565775,-0.30926420795411735,0.016534131727152297,-0.18261150935806314,-0.09956695774057937,0.34057756772608727
