0.5543198532284539,0.17104772428720053,0.31311248533476665,0.07582651926202946,0.11759602053008808,0.0999816870355465,0.17557749887119947,0.1080187430139307,0.1252736146140972,0.1207878408223779,0.09670788424706563,0.10900384731878408,0.07282433457954834,0.125421768379973,0.08998978531293363,0.10770021890404961,0.07785600876268466,0.12096749745662115,0.11534441079229021,0.09323205713215016,0.11590045836727314,0.10724971490892031,0.06364437426737456,0.08298152625093713,0.10114765088376938,0.0869551414041556,0.09693768700179967,0.06116630126556768,0.10503719732764825,0.08946853842804693,0.12338931024371803,0.1078723191519975,0.11304019495927986,-0.06282367216489484,0.08293057558817117,0.15964660682551227,0.02378887309238282,0.0803030452982213,0.12274001753617898,0.1250186158336555,0.11533924847046692,0.10829881563537913,0.10079976151842546,0.021396446341170675,0.05737813762834903,0.1521536203970202,0.10301547861435238,2.6944221908151555e-6,0.18168585805253967,-0.021144538193041837,0.05367177914713156,-0.04552051931184406,0.058361212678975025,-0.05047235180627455,0.04518722171855873,0.004282384046329454,0.053884316341101086,0.031646840419503185,-0.08854708924031651
0.17104772428720053,2.032054257680623,0.9497928746997676,0.25746802804519486,0.0745805586276345,0.23677772415646148,0.20783557534473077,0.3523541300233151,0.26090068176574027,0.29660782032079813,0.26922838879234645,0.25256815385597414,0.15608255512606695,0.20122110951195193,0.3269701273130718,0.21706432550728375,0.31451637097740803,0.3488320481452246,0.20623336874647444,0.38657144834785967,0.2586695457299614,0.21700081779564218,0.05776487507490687,0.09083124376343338,0.31544235182392005,0.23173783781120402,0.26550033812075974,0.12008072142418,0.45319376785713905,0.2954134476062359,0.22734402645334362,0.1480130413635238,0.25079051045930734,0.3025952442729073,0.021311781425887986,0.27384922175386467,0.4347465851768977,0.24799625064678932,0.290172557025575,0.1699670725211887,0.24006108908626383,0.25022235505834545,0.22537805875821676,0.02590294399055592,0.21695281169941077,0.48482436386886696,0.32345931068080236,0.033286803338864066,0.23326134973830823,-0.2569565404985979,0.3505616773826519,-0.07089625509907309,0.13522176326292365,-0.23316175697326985,-0.2826156845002378,-0.19108126977100545,-0.42756272957952407,0.30466251410606415,0.2818644108363237
0.31311248533476665,0.9497928746997676,2.3122355088137665,0.2160726730464906,-0.25201173285059225,0.28565644754125946,0.1869811638421422,0.3920224723815249,0.49897885572653866,0.45879144686526785,0.30961863698737213,0.25739471232940403,0.1668298639823841,0.2079069423883514,0.28112821133204297,0.17558192620071963,0.3207797636382841,0.250311041038153,0.19325023740447436,0.36101047895102534,0.2964613957142162,0.2929511913900458,0.0942131141866747,0.2394763689802783,0.2605959941382627,0.2756853364844938,0.23309398529074504,0.16709705605990355,0.3376785091048762,0.277998611523739,0.30108741046286575,0.1765589988390465,0.3016869987822905,0.16881898058770625,0.35342996639150887,0.30804259421598057,0.19760745273582916,0.26468717064751507,0.3472177723286634,0.24406145815362304,0.20937805326119188,0.2777766302707866,0.2184848669408924,0.0475165548944815,0.21935315831070265,0.35893428329267557,0.2713842152378701,0.027913445872198767,0.2610901722496186,-0.18382482608316297,0.21095519187416872,0.1918763670338278,0.07254210758597897,-0.3232072290904493,0.010304508454801641,-0.11774792143228169,-0.28876189002223995,-0.1022725055672123,0.2741736288164006
0.07582651926202946,0.25746802804519486,0.2160726730464906,1.0008030249110202,0.5089123349341595,0.3624978597701903,0.3794255626216504,0.3676985361463802,0.24371811406305494,0.28210072587690527,0.2471296601951575,0.3045373577010727,0.14919859567481342,0.29796316012103413,0.2446839827109002,0.2913921100107452,0.2454529023412348,0.28619550378912123,0.305282529278693,0.30864960189575347,0.27009785462589964,0.2815353818704686,0.28501695374703845,0.1859209553625416,0.2897959010607579,0.380232521109199,0.19669128225077329,0.015306318670989437,0.28967955049679306,0.21425036394751337,0.19632193970826795,0.2047698136165993,0.2137679439123215,0.5072140195516484,-0.09633758089944912,0.31676420990135773,0.3827228926019586,0.22914477561822363,0.1943821430255335,0.06177789446557228,0.21222140636445713,0.2586941405615847,0.24496829834654435,0.10944904842296853,-0.02899748475525844,0.21076428573983,0.2508933810826729,0.027473794730080943,0.21880005503284072,0.17677982602922124,-0.15457347748190597,-0.14213111093054845,0.22034860229605482,-0.20532837808581175,-0.07426371439369625,-0.08091110996150797,-0.4340258706021553,0.39211256773175795,-0.01849527582575355
0.11759602053008808,0.0745805586276345,-0.25201173285059225,0.5089123349341595,1.175048204377386,0.5003965341826184,0.1848379122785796,0.3498154457025716,0.23271715564868392,0.15476082225884982,0.22024553154095594,0.2685301601288502,0.16581179915200964,0.3116397029031724,0.2280239648198097,0.2836345573760454,0.1701095627894095,0.29236422065634604,0.5665830980516675,0.23457848713036247,0.22023652363456453,0.29126000949967495,0.2949294411778426,0.18707650174524504,0.2526687398823379,0.3550421679906409,0.17057451226481726,-0.009969839421815188,0.23153293640857434,0.21733375476625352,0.18757130584381643,0.2722304920044887,0.18849466765686365,0.5455755102933086,-0.22013271160176184,0.4186420737019668,0.4145578223207209,0.19418863577402856,0.1464204110208529,0.0030219267037107744,0.22814123988206572,0.21835416664386662,0.16062620052346607,0.0746966469495693,-0.15113428881712332,0.3124712675536039,0.2573688004954901,0.011005866908468007,0.34005785993639737,0.3358848069236144,-0.18087690990318964,-0.4285894115959555,0.3786891731980602,-0.16033988546768121,-0.19653866298704262,-0.027598616331456185,-0.00014732693549880977,0.261960722346042,-0.12994512510154488
0.0999816870355465,0.23677772415646148,0.28565644754125946,0.3624978597701903,0.5003965341826184,0.8465650263386254,0.0560741677706724,0.512704614549452,0.36150995982210893,0.22964398502946315,0.3233322736809401,0.30834305265159645,0.20150220368944857,0.3503455925782509,0.27651494328658777,0.31758280232717584,0.2567546408560019,0.35379747387414456,0.49823211151442875,0.3331704556084696,0.30101324661605966,0.36078807949356895,0.2740565762332311,0.24239955395633825,0.319065322282421,0.4702034843768852,0.24749090150964842,0.1374313943716045,0.4320102754861985,0.23301502340291577,0.22697302744420858,0.34536535995107126,0.21060551064053287,0.43843827986525735,-0.22606718690819316,0.4733592067690918,0.4525474794157564,0.23453686867139992,0.23568963144625557,0.0443967003541569,0.2752594266169952,0.28654463609043784,0.24432325220645015,0.06571265476226083,-0.12358099333385705,0.43477446407206716,0.3033988442031017,0.013738475754280242,0.5312498449161481,0.32455104532037393,-0.39491156745850153,-0.08871623143945803,-0.030677364454790718,0.023163775551674343,-0.17946199680074046,-0.008838834375853675,3.6247206899136774e-5,0.29503683254170315,-0.1731781534254128
0.17557749887119947,0.20783557534473077,0.1869811638421422,0.3794255626216504,0.1848379122785796,0.0560741677706724,0.7645823241885171,0.16576963514074539,0.281543926855909,0.22548179440192814,0.1643335706970135,0.2566175796074618,0.11226295668405624,0.1238001622727356,0.13068147586686243,0.19085999856284006,0.1959272456138887,0.24442817717546939,0.12599820998039157,0.23423603803339912,0.2216897818743089,0.24167535869101625,0.2493291104501594,0.14998417859304877,0.21329272165801963,0.24272630946180762,0.19241453875515457,0.06988980371685198,0.19113679601689543,0.04539711426322712,0.20118937886619404,0.14480987055935868,0.11816446957493289,0.3551854806570744,-0.06640228441665497,0.2681720209791176,0.245078646959605,0.14780610093306468,0.18329899827349222,0.12267935897179613,0.12179274315075105,0.20767837223156946,0.20729193148459732,0.08507267976780296,0.037851969925848536,0.11868322919367723,0.13358345073937386,0.019263054595366223,0.22034315628094484,-0.06708149350062205,0.014041858055121861,-0.012139702584512552,0.088259902058485,-0.12787155037799305,0.12967644345562052,0.11726653872986718,-0.14970787226167453,0.05946869360871326,-0.2343905968340597
0.1080187430139307,0.3523541300233151,0.3920224723815249,0.3676985361463802,0.3498154457025716,0.512704614549452,0.16576963514074539,1.0448102932470946,0.11597633895980922,0.2399396775706126,0.29930728206290114,0.2142974130819661,0.17474212195736108,0.31418392852322236,0.27991637997946683,0.27681356425225123,0.22457268145506362,0.3947104420330436,0.3140043494079121,0.3762712928754476,0.27996941034511125,0.2288428835354363,0.2871402521389792,0.14720398566446982,0.34819877374835423,0.48412172149122507,0.23592598039396143,-0.02886100304318444,0.39749776797660685,0.41282493581241175,0.17558704408123232,0.27093328726170735,0.20380605685702816,0.4564739610576233,-0.056310354708933995,0.389760444507762,0.4141844809439825,0.2404400042473919,0.2763744731480025,0.1595087665579238,0.244823056451419,0.28216866678050767,0.27654415888255524,0.07191710513170914,0.00554465853779888,0.3515219307721198,0.4042453934825405,0.02307601017055132,0.5533061556367459,0.2791171279141008,-0.1678084958638068,-0.27720636217410055,0.1843184374451656,-0.07754554959795447,-0.20920847721718622,-0.13416782272981362,-0.07560934206513313,0.48971797404721323,-0.15812387721062868
0.1252736146140972,0.26090068176574027,0.49897885572653866,0.24371811406305494,0.23271715564868392,0.36150995982210893,0.281543926855909,0.11597633895980922,0.8965663985400977,0.21607695806583516,0.19545115104244165,0.20745827878868298,0.15445667964869228,0.2275627776050547,0.07998969466505534,0.19761226864329756,0.220594089969874,0.288526020482178,0.3218088021729229,0.17327189384704908,0.2914534993979938,0.46135336745119554,0.2394669807267628,0.25186017534708416,0.13593751591824657,0.3777217975677187,0.2001496860691329,0.207028218495623,0.16634452634306937,0.06474840478681508,0.26905843803098844,0.2363514360596961,0.23209362164049469,0.18518076596025063,0.03075116686005272,0.4002741645947452,0.19524568114810875,0.16168969112292964,0.23633518458948213,0.1699508255444188,0.17472840539209247,0.25714768187353654,0.2192964188632498,0.05201765357129536,0.03425505214287231,0.39400778323759245,0.18456755506275696,0.026657922253353363,0.35860489073936186,-0.02317320654669006,0.016739435366347453,0.03608523404502905,-0.08678132301667152,-0.03041094360663065,0.15404299100191302,0.1769335178635962,-0.12293573227154521,-0.1907550402455512,-0.03003539672062715
0.1207878408223779,0.29660782032079813,0.45879144686526785,0.28210072587690527,0.15476082225884982,0.22964398502946315,0.22548179440192814,0.2399396775706126,0.21607695806583516,0.7947533678124401,0.2743746245730198,0.3222727427405672,0.1429334155283305,0.19283635777749572,0.3031567005281097,0.20529175838501207,0.234993039329877,0.2787321640133316,0.16677898349491116,0.3523225276343526,0.24109218347017905,0.20582383740282656,0.2391682745662682,0.17680565223020833,0.284961277827227,0.2632885708744223,0.2529163670404458,0.11075719162329631,0.4241819521780611,0.1429094325019949,0.1882841559841344,0.19737874738064315,0.09371984872765711,0.443263594034405,0.11916460681597084,0.3474980355838699,0.35075463786804034,0.190969472642852,0.2231060070837104,0.15045858173686485,0.18983961891513781,0.24509777728764007,0.20186286182447105,0.06644316735493451,0.04339227750287535,0.406287536440976,0.22387800518528417,0.041515412628768435,0.21706136922253688,-0.029600913144072087,-0.0237111367947681,-0.10637086409810427,0.0425008790561367,0.06170500770606922,0.18576537648488342,0.031409068162056845,-0.1595772823673483,-0.21610341074601352,0.09851655432651857
0.09670788424706563,0.26922838879234645,0.30961863698737213,0.2471296601951575,0.22024553154095594,0.3233322736809401,0.1643335706970135,0.29930728206290114,0.19545115104244165,0.2743746245730198,0.4532707597944668,0.28881973324083854,0.23342494687925064,0.23195781768252452,0.2571195775939087,0.2567041008658832,0.3366631055076116,0.2476418010972141,0.2466870878075719,0.3061990553989041,0.22431951032956937,0.22991425791528083,0.2104969947392779,0.18882986983425265,0.2750294858572498,0.29036944374794127,0.25153800027731865,0.2030113499257203,0.3721375834178504,0.034302063827628675,0.20792777845260282,0.24810879127552224,0.12450881647732505,0.3068701275272965,0.04564060682830941,0.3773447652122018,0.2507418181518021,0.18412382766679075,0.21944770518150308,0.11223132440806383,0.1808746249885032,0.23084901352953546,0.20585915576021546,0.05460373797036622,0.04015630945169851,0.3937577561231895,0.1512337705917306,0.02548154699818245,0.1954119517034314,0.05307044079786242,-0.045468035888740745,0.008566576944535949,-0.04871692638774615,0.01822833712313681,-0.11544310313449814,-0.021830413742835796,-0.043969206216039794,0.1775802239478539,-0.13755611772282583
0.10900384731878408,0.25256815385597414,0.25739471232940403,0.3045373577010727,0.2685301601288502,0.30834305265159645,0.2566175796074618,0.2142974130819661,0.20745827878868298,0.3222727427405672,0.28881973324083854,0.665173210249895,0.16734603781640184,0.27221418668681,0.3082588092552457,0.34359851347293796,0.31665390732463167,0.18815147092662815,0.2638001217697189,0.29656442812451145,0.21773390551847946,0.2334452522349908,0.21608188580208332,0.1661738164106404,0.3294125773617481,0.3178393730657578,0.3116557932783528,0.1281201042545524,0.24468697224635053,-0.02745256206906722,0.19782998831732873,0.2877939381805581,0.1023540472969493,0.3927370343932424,-0.15647606851791812,0.3791335738477994,0.21703933509782677,0.18751000028641568,0.20638438694628594,0.05455048803532984,0.13627889310271346,0.2178347849476696,0.19354989238570317,0.05085263747483192,-0.015067541613557698,0.39564529042221064,0.09233969302647023,0.021256901715395023,0.36827078512267913,-0.24144156590474397,-0.07097370864717352,0.07047942440372824,0.06979630136264989,0.0014249419922951257,-0.19063412834318272,0.08584232096686073,-0.11034045424524867,0.2143868203274808,-0.2286405001710062
0.07282433457954834,0.15608255512606695,0.1668298639823841,0.14919859567481342,0.16581179915200964,0.20150220368944857,0.11226295668405624,0.17474212195736108,0.15445667964869228,0.1429334155283305,0.23342494687925064,0.16734603781640184,0.4403957094175131,0.1487229401981503,0.09460807822895208,0.1823945662862399,0.18524480227298362,0.16309493133396985,0.1801419733280587,0.16201314956021934,0.1513603034262406,0.22437378151367512,0.1615957032746807,0.14821530322614113,0.19213801019529864,0.16929723346811815,0.20358807222425043,0.13802256553462217,0.37900366874761093,0.03725306124506821,0.10753299127957065,0.2036226325762326,0.09094970364581259,0.17662731849311114,0.20189857839944253,0.25826757911534404,0.10063787200283865,0.10143107557054136,0.16721288029392767,0.11104923613806413,0.11140475234528853,0.15614931998029216,0.1853461137674174,0.060204589078430376,0.00548245645540356,0.28376939908856463,0.10341697639288462,0.01049377783798747,0.18900626007973903,0.053515490057838275,-0.056971641006016635,0.01388682708964591,-0.053455617859660125,0.02183251966389769,-0.04452644789228057,-0.017833634030900648,0.024163078082341877,0.12535198457305977,-0.14119862985211631
0.125421768379973,0.20122110951195193,0.2079069423883514,0.29796316012103413,0.3116397029031724,0.3503455925782509,0.1238001622727356,0.31418392852322236,0.2275627776050547,0.19283635777749572,0.23195781768252452,0.27221418668681,0.1487229401981503,0.5098249018186243,0.25165609667240313,0.3528673020267533,0.20506989234112952,0.22284013113890733,0.2720539306384341,0.26227942005284094,0.2218286941405375,0.2659220943678957,0.2519682655447071,0.19518772726911615,0.28025665377042114,0.3263691911705039,0.19651591521626127,0.09689984857265177,0.27581672244950173,0.19194863666600773,0.143677700034116,0.3260068093262095,0.15766944604627198,0.29947052778163863,-0.034459058939100166,0.38398313131963774,0.240987482853699,0.18506232034101142,0.19478440454321683,0.11939362059328897,0.2318540607670663,0.2246121130809744,0.20838451392902665,0.062409091302879444,-0.035065831154837676,0.3845402020759634,0.2154244085768641,0.008378210334978394,0.5320190422979769,0.04227536447968254,-0.04393069538231445,-0.17507824011905904,0.1364724355407238,-0.015634126207771083,-0.20267620884138496,-0.039085360003281874,-0.04521436194335579,0.24608418147001554,-0.012795849593920555
0.08998978531293363,0.3269701273130718,0.28112821133204297,0.2446839827109002,0.2280239648198097,0.27651494328658777,0.13068147586686243,0.27991637997946683,0.07998969466505534,0.3031567005281097,0.2571195775939087,0.3082588092552457,0.09460807822895208,0.25165609667240313,0.9160284199065634,0.2726874620447469,0.21449287226938057,0.37767153976927464,0.23046622911912695,0.29158498631567387,0.2067381682760104,0.1249218505414034,0.3763078216228843,0.19265949383252562,0.3901669345675762,0.31975024819685616,0.21921246668298652,0.1485863651030857,0.3489520711974634,0.18371175959293334,0.216633763623797,0.20466598190589252,0.11968028647339751,0.39746741052163126,-0.09673266082349297,0.4402580065888828,0.26339825634900144,0.15655148399141972,0.10825805814378563,0.09962855561628162,0.15142338968151206,0.21582003371191102,0.1831416969478258,0.05135781132358163,-0.03344279436299589,0.4429843551916391,0.2787332945433726,0.023262472935353825,0.25969037695190333,-0.06776930801896043,0.009063804921208209,0.03679428704843026,-0.055500670883714395,0.0032081265087152925,-0.06520720951235215,0.10172578641715488,-0.1566751425557303,0.11389060248313579,-0.0060813922330355775
0.10770021890404961,0.21706432550728375,0.17558192620071963,0.2913921100107452,0.2836345573760454,0.31758280232717584,0.19085999856284006,0.27681356425225123,0.19761226864329756,0.20529175838501207,0.2567041008658832,0.34359851347293796,0.1823945662862399,0.3528673020267533,0.2726874620447469,0.5237760315992297,0.2953368281964611,0.2505429007432098,0.28352054397466386,0.26332536092524167,0.23230533864573433,0.3116884032675629,0.23716155565226402,0.1873444076010697,0.3236396064610069,0.2932779491770285,0.26784556131958676,0.2014282187197465,0.34790555160923653,0.018886657057765686,0.20074808815462988,0.2924778382107311,0.10129075388924473,0.3412030326975505,0.04588600102464966,0.3688230982933097,0.22726441659479177,0.17666606408451144,0.20616255164489644,0.12445889639721323,0.19778310897790496,0.24175899327527486,0.2833890101697247,0.08002876114272561,0.01834770381115543,0.3292002490608997,0.1460502633109871,0.009464317118352446,0.37739815748130817,-0.1060084994185312,-0.06205095832330555,0.02196922054255502,0.011189812467859798,-0.0017086485400829646,-0.147811052527044,0.08074186558331728,-0.13526787619547342,0.3728006341493932,-0.24071618505913442
0.07785600876268466,0.31451637097740803,0.3207797636382841,0.2454529023412348,0.1701095627894095,0.2567546408560019,0.1959272456138887,0.22457268145506362,0.220594089969874,0.234993039329877,0.3366631055076116,0.31665390732463167,0.18524480227298362,0.20506989234112952,0.21449287226938057,0.2953368281964611,0.8496326646012674,0.12125662718660371,0.232743013182069,0.43159141329869116,0.289152725804937,0.2131131998055891,0.051243980030998726,0.20751073285790583,0.2875919289144825,0.19266310310979062,0.31027146666336836,0.6038430826804326,0.2909094073820762,-0.0713514679378717,0.3077405666274347,0.23608368623236936,0.2594101617026158,0.2925367717623335,0.15728117701495192,0.43841736975472995,0.5218232899351996,0.25486271404118926,0.3682831663975717,0.09220608562002983,0.2917673696633279,0.3208674124820959,0.2567285024635285,0.07764707469735888,0.16765761143926425,0.42288496130651904,0.05155031328611548,0.03902929536739782,0.12960247758916177,0.23556440504268353,-0.02110395500930416,0.13327281942980052,-0.2597192630103747,-0.01789397404410276,-0.13480738423331345,-0.04173108215101418,-0.09981581717724651,0.1096993477807746,-0.11769937342966928
0.12096749745662115,0.3488320481452246,0.250311041038153,0.28619550378912123,0.29236422065634604,0.35379747387414456,0.24442817717546939,0.3947104420330436,0.288526020482178,0.2787321640133316,0.2476418010972141,0.18815147092662815,0.16309493133396985,0.22284013113890733,0.37767153976927464,0.2505429007432098,0.12125662718660371,0.9811001829391297,0.3388465404831293,0.13520985517545256,0.2994282328620417,0.3030666460599916,0.6233188498949508,0.21268259091690425,0.3511045742211581,0.5252478302934286,0.14848363324711722,0.05225402398692741,0.4238943863724708,-0.02975140943540999,0.36171208178407577,0.24214981576298258,0.1018399041891772,0.36361161910825046,-0.13900389719405243,0.5093963695117145,0.19857409148655344,0.12257503313279067,0.017154470292787185,0.2414463078813113,0.17556976054864953,0.28082777258130037,0.25304587232764275,0.07258396527087715,0.018624476283956606,0.5126261814988055,0.4637703833538992,0.026532320440326135,0.10013481104158718,0.26851095464231783,0.3188114632180346,-0.19650676842431208,-0.3850811997920857,-0.021204832163357324,0.07396567586005955,0.18405633749712697,-0.05084200031800829,0.23172417415339525,-0.34633265185324213
0.11534441079229021,0.20623336874647444,0.19325023740447436,0.305282529278693,0.5665830980516675,0.49823211151442875,0.12599820998039157,0.3140043494079121,0.3218088021729229,0.16677898349491116,0.2466870878075719,0.2638001217697189,0.1801419733280587,0.2720539306384341,0.23046622911912695,0.28352054397466386,0.232743013182069,0.3388465404831293,0.8692071575003215,0.1719612464863045,0.21227527833786727,0.3495061314554,0.20752411996047973,0.20710590825926387,0.26408544788325666,0.2904908162084349,0.17302458453439568,0.24678872733669738,0.18759880016454258,-0.0669009518217437,0.31528136985667704,0.29766792534595493,0.15737791508435955,0.33050925073620113,-0.1736532520006509,0.39637592293108853,0.1256990672342731,0.17089136606932717,0.10266660166465288,0.046641260591238284,0.16863744948425574,0.18895565844079473,0.17386393906124725,0.04982835349687575,-0.040488118505599795,0.3461088346366126,0.14196649037796585,0.011317303944723897,0.0790369597266457,-0.05056471667867917,0.18390506440454957,0.4396805488258819,-0.390374804235101,-0.16886107138394266,-0.12722421981706816,0.04793481503177295,0.008760195737896265,0.19566849767503616,-0.16519266166411886
0.09323205713215016,0.38657144834785967,0.36101047895102534,0.30864960189575347,0.23457848713036247,0.3331704556084696,0.23423603803339912,0.3762712928754476,0.17327189384704908,0.3523225276343526,0.3061990553989041,0.29656442812451145,0.16201314956021934,0.26227942005284094,0.29158498631567387,0.26332536092524167,0.43159141329869116,0.13520985517545256,0.1719612464863045,1.2502637120836813,0.3291188135383817,0.1046270569781624,0.2146601449504172,0.19615933712199887,0.3092828052264013,0.4021165934156703,0.39264554634152116,0.20718785746480614,0.5426851879405628,0.6986340568887834,0.2045477367188287,0.2714299252944769,0.2037894047755089,0.5782122498121643,0.12096811296328087,0.4341022075649156,0.8050786830678954,0.5576828937508271,0.4381392784819447,0.3892767091722256,0.4512822643132503,0.38284074955914565,0.46252820056745625,0.1128338705806777,0.22580574937216497,0.6566746082866605,0.4393542949434406,0.0394498234372705,0.9375782834573524,-0.04442162296575287,-0.18422745309508687,-0.24899237039886973,0.33559154666073354,-0.004051349465989603,-0.05948320571088367,-0.098816373465325,-0.1052312036856348,0.07935365364007017,0.028452075277264868
0.11590045836727314,0.2586695457299614,0.2964613957142162,0.27009785462589964,0.22023652363456453,0.30101324661605966,0.2216897818743089,0.27996941034511125,0.2914534993979938,0.24109218347017905,0.22431951032956937,0.21773390551847946,0.1513603034262406,0.2218286941405375,0.2067381682760104,0.23230533864573433,0.289152725804937,0.2994282328620417,0.21227527833786727,0.3291188135383817,0.5921629339371801,0.23272893882236848,0.21347444236589738,0.18693120905293778,0.23144284015526348,0.2997949441458021,0.2332753095966518,0.1749715475097519,0.2035240329130125,0.2275908096653201,0.2869766853605464,0.23070787183598104,0.4072287599931062,0.22450081453388787,0.3326719865560223,0.5129228898385099,0.4863227590619541,0.25672149307787634,0.4423892406894157,0.3238594150871898,0.4101142675162888,0.5119401110621389,0.37894027013845316,0.05657694122429562,0.17387088470459733,0.4590503427246606,0.2832969913658784,0.04484941197919809,0.4453364011403351,0.19554524656811767,-0.075356074058772,-0.16992256507882367,0.05366696779585506,-0.03570440691985528,0.1053641102852734,0.030087548357920588,-0.16626625498263897,0.07247905054554746,-0.009328161860237228
0.10724971490892031,0.21700081779564218,0.2929511913900458,0.2815353818704686,0.29126000949967495,0.36078807949356895,0.24167535869101625,0.2288428835354363,0.46135336745119554,0.20582383740282656,0.22991425791528083,0.2334452522349908,0.22437378151367512,0.2659220943678957,0.1249218505414034,0.3116884032675629,0.2131131998055891,0.3030666460599916,0.3495061314554,0.1046270569781624,0.23272893882236848,0.8938447431008553,0.3071662350801779,0.16553898550840615,0.20375394295407437,0.28051297644281514,0.2173885046354081,0.136955117962279,0.33691314770105774,-0.07091146010664269,0.19337627588567166,0.31262260064807723,0.14127200613875385,0.3520210512566202,-0.001652505130748581,0.3004063630379787,0.17970244734869834,0.13720045496426417,0.26286857649500034,0.09025434116742245,0.12963234152368933,0.21726429660237562,0.3215692496448553,0.09539302339991915,-0.013024759967408655,0.29086432945226653,0.1237865416576171,0.017074652656318794,0.3175113428301661,-0.07887122655047106,-0.01630349289276558,0.05233716158243763,-0.14054489506663637,-0.04096073300704938,-0.016961608569926775,0.10822341533944162,-0.1084531026556272,0.15793751301842812,-0.1943861268737174
0.06364437426737456,0.05776487507490687,0.0942131141866747,0.28501695374703845,0.2949294411778426,0.2740565762332311,0.2493291104501594,0.2871402521389792,0.2394669807267628,0.2391682745662682,0.2104969947392779,0.21608188580208332,0.1615957032746807,0.2519682655447071,0.3763078216228843,0.23716155565226402,0.051243980030998726,0.6233188498949508,0.20752411996047973,0.2146601449504172,0.21347444236589738,0.3071662350801779,1.8144409330185536,0.2691670896496685,0.388773595926711,0.1707851343746313,0.17952818404694132,-0.4226985177841373,0.5843712737409809,0.3180533463720974,-0.2520916175533518,0.2115375233260649,0.10748728481843697,0.48571127209094833,-0.4036797120006558,0.8428141478311008,0.3588949804051185,0.09087420973496739,0.2414332887246571,0.24755533916402359,0.26266577546493347,0.22941428016890567,0.19114139495865468,0.1723102351048459,-0.31958982568781724,0.8604433504240316,0.46443074873934137,-0.0034107477331375194,0.35868951819707634,0.0937031190998498,0.09301324585072386,-0.32549421868370537,0.10575168544783152,0.148855920801148,-0.04540078198995614,0.11641811148240702,-0.05890788126920322,0.09020370155086063,-0.15906103149969467
0.08298152625093713,0.09083124376343338,0.2394763689802783,0.1859209553625416,0.18707650174524504,0.24239955395633825,0.14998417859304877,0.14720398566446982,0.25186017534708416,0.17680565223020833,0.18882986983425265,0.1661738164106404,0.14821530322614113,0.19518772726911615,0.19265949383252562,0.1873444076010697,0.20751073285790583,0.21268259091690425,0.20710590825926387,0.19615933712199887,0.18693120905293778,0.16553898550840615,0.2691670896496685,0.8910141087770358,0.23367746982229787,0.10125921320202541,0.1609600682260272,0.17698459700031877,0.1936947935775415,0.12265039049546017,0.5870585728690924,0.1702903975902494,0.130662097926455,0.010133964804957454,0.013263231015351463,0.3563172017802309,-0.022152867812377488,0.14730377519747884,0.10499358855923577,0.14173844770980742,0.1955094027017448,0.17111511241841137,0.027764740746726135,0.06251931705714145,-0.02468951727411821,0.26721507645464365,0.15952074301168725,0.02440634006844047,0.24829046582811784,-0.11249687499868566,0.001057828203016626,0.043730589279673285,0.0889193831862728,-0.012660864680007744,-0.011970506530856781,0.06408735123129018,0.00848949661706991,-0.1658900738142303,0.03559114926027061
0.10114765088376938,0.31544235182392005,0.2605959941382627,0.2897959010607579,0.2526687398823379,0.319065322282421,0.21329272165801963,0.34819877374835423,0.13593751591824657,0.284961277827227,0.2750294858572498,0.3294125773617481,0.19213801019529864,0.28025665377042114,0.3901669345675762,0.3236396064610069,0.2875919289144825,0.3511045742211581,0.26408544788325666,0.3092828052264013,0.23144284015526348,0.20375394295407437,0.388773595926711,0.23367746982229787,1.1837751463792876,0.284215296712282,0.2778487476592885,0.10209583406961964,0.6993273069948164,-0.019326680396963343,0.5188999157473844,0.2788380870323336,-0.026687681343709295,0.5429487023283787,-0.1774538785103283,0.5080899762507896,0.1131840813973089,0.20095338287703432,0.15923804695975055,0.06069227444397494,0.10798027729923361,0.2322000027455292,0.16343285913916947,0.09372983002738804,-0.0184797935354133,0.36253151020990915,0.16466469327105976,-0.006270122131635192,-0.08742891978945878,-0.41417487716591045,-0.039250562186104086,0.15112862211365846,0.05045371573464542,0.03018519482329516,-0.12691540303809953,0.011951671925106006,-0.06368025867688028,0.23285833310048717,-0.18272787380870822
0.0869551414041556,0.23173783781120402,0.2756853364844938,0.380232521109199,0.3550421679906409,0.4702034843768852,0.24272630946180762,0.48412172149122507,0.3777217975677187,0.2632885708744223,0.29036944374794127,0.3178393730657578,0.16929723346811815,0.3263691911705039,0.31975024819685616,0.2932779491770285,0.19266310310979062,0.5252478302934286,0.2904908162084349,0.4021165934156703,0.2997949441458021,0.28051297644281514,0.1707851343746313,0.10125921320202541,0.284215296712282,2.196880048422485,0.26936447117292445,0.19175306918646717,0.016525631819557362,-0.1754085557763631,0.47574747130619316,0.48911797387570166,0.048552941568001926,0.5824043200520711,-0.12817177054627224,0.5442013714591223,-0.428070554142366,0.29601268052804547,-0.8200387402066468,0.10581406836469442,-0.1626879820102359,0.3117717428175508,0.19623956582224272,0.025624970432656262,-0.1560244763967087,0.26509744558313036,0.13986780413551972,0.027707520504649218,0.4156512985815707,0.5425207140975843,-0.21088126498519116,-0.12655652687854319,-0.40723139982238166,-0.13468368011716628,-0.10737761670015991,0.06466245344841198,-0.173586647310707,0.2764830739695758,-0.059190173941750385
0.09693768700179967,0.26550033812075974,0.23309398529074504,0.19669128225077329,0.17057451226481726,0.24749090150964842,0.19241453875515457,0.23592598039396143,0.2001496860691329,0.2529163670404458,0.25153800027731865,0.3116557932783528,0.20358807222425043,0.19651591521626127,0.21921246668298652,0.26784556131958676,0.31027146666336836,0.14848363324711722,0.17302458453439568,0.39264554634152116,0.2332753095966518,0.2173885046354081,0.17952818404694132,0.1609600682260272,0.2778487476592885,0.26936447117292445,0.7486275689797403,0.27589194706831205,0.2640077514793764,0.06853459102594248,0.20204118902883436,0.25874134847984354,0.20778402008161412,0.3014895757281193,0.15825958813983484,0.49048164303952924,0.32101483184459156,0.23182408131364732,0.24631312384945792,0.1831213606418612,0.2034735639718216,0.2511109388589509,0.40103000463111504,0.04956119801253679,0.06172399945809721,0.5185645805210203,0.12205963516692386,0.02325194624737133,0.4460760794199342,-0.12222893566436392,-0.13496693919534883,0.04932369803087183,0.08369656841591855,0.03398111695296132,-0.0385932489779219,0.05046133290815712,-0.0125350753747647,0.16184830691024266,-0.2016441131228286
0.06116630126556768,0.12008072142418,0.16709705605990355,0.015306318670989437,-0.009969839421815188,0.1374313943716045,0.06988980371685198,-0.02886100304318444,0.207028218495623,0.11075719162329631,0.2030113499257203,0.1281201042545524,0.13802256553462217,0.09689984857265177,0.1485863651030857,0.2014282187197465,0.6038430826804326,0.05225402398692741,0.24678872733669738,0.20718785746480614,0.1749715475097519,0.136955117962279,-0.4226985177841373,0.17698459700031877,0.10209583406961964,0.19175306918646717,0.27589194706831205,2.1956282751654395,-0.0315432855399157,-0.48378390320434417,0.45723048557190205,0.23865164793469024,0.3512973774426026,0.050900879923542364,0.24866985334924036,0.61752371955091,0.17152521198675735,0.13418718029475704,0.036682651771523585,0.02499941221868315,0.08585733097163936,0.14936283436678477,0.2544075420600943,0.1701853708531108,0.02505050435581209,-0.16345130406718764,-0.19954019521822142,0.05824609331634762,-0.213223869433914,-0.056377402237074964,-0.08995448971528221,1.2079956426519982,-1.098600092475317,0.007228196428095814,0.2714672501227705,0.06742481608659498,0.1086540537301196,-0.1803367397851528,0.15498427783976745
0.10503719732764825,0.45319376785713905,0.3376785091048762,0.28967955049679306,0.23153293640857434,0.4320102754861985,0.19113679601689543,0.39749776797660685,0.16634452634306937,0.4241819521780611,0.3721375834178504,0.24468697224635053,0.37900366874761093,0.27581672244950173,0.3489520711974634,0.34790555160923653,0.2909094073820762,0.4238943863724708,0.18759880016454258,0.5426851879405628,0.2035240329130125,0.33691314770105774,0.5843712737409809,0.1936947935775415,0.6993273069948164,0.016525631819557362,0.2640077514793764,-0.0315432855399157,2.6128027755437366,0.21673136248894237,-0.12483511906332541,0.3009066552279276,-0.3346738585900403,0.6023246453373639,-0.44268571457634726,0.3857393550657008,0.2561498118169825,0.12400817596094668,0.40197046412373216,0.05732058903158553,0.28127089197762367,0.22231830723687873,0.1861318058056048,0.08273477280386872,-0.13609942857783258,0.44613094159595307,0.31174293829900096,-0.11860392177602061,0.6475059014240275,0.250280656178098,-0.5449142233916112,-0.10201279432676713,-0.13570386854785405,0.32204367071419565,-0.11879860829961583,-0.05830479147777336,-0.03129567468028515,0.2806661671694857,-0.21778863140061339
0.08946853842804693,0.2954134476062359,0.277998611523739,0.21425036394751337,0.21733375476625352,0.23301502340291577,0.04539711426322712,0.41282493581241175,0.06474840478681508,0.1429094325019949,0.034302063827628675,-0.02745256206906722,0.03725306124506821,0.19194863666600773,0.18371175959293334,0.018886657057765686,-0.0713514679378717,-0.02975140943540999,-0.0669009518217437,0.6986340568887834,0.2275908096653201,-0.07091146010664269,0.3180533463720974,0.12265039049546017,-0.019326680396963343,-0.1754085557763631,0.06853459102594248,-0.48378390320434417,0.21673136248894237,5.338382058169775,-0.5666511671440584,-0.05842740781734571,0.9052092677408511,0.06442992797264677,0.38749965848340934,0.6534846788794938,1.5062989358641001,0.42171061303329493,1.3124510949019703,0.8016951653054358,0.6716101757285864,0.2503968007943035,0.5283437574819252,0.1465759139661972,0.4745270192969742,0.6526693176833321,2.6423862692299633,0.043534320989855185,2.434240070978695,0.2671462476355038,-0.45235082823926454,-2.0402595566346236,1.8475375444168882,-0.060062886692763426,-0.10550198784757646,-0.3187430721953642,-0.17500071710020274,0.08580146011130786,0.3105056673551063
0.12338931024371803,0.22734402645334362,0.30108741046286575,0.19632193970826795,0.18757130584381643,0.22697302744420858,0.20118937886619404,0.17558704408123232,0.26905843803098844,0.1882841559841344,0.20792777845260282,0.19782998831732873,0.10753299127957065,0.143677700034116,0.216633763623797,0.20074808815462988,0.3077405666274347,0.36171208178407577,0.31528136985667704,0.2045477367188287,0.2869766853605464,0.19337627588567166,-0.2520916175533518,0.5870585728690924,0.5188999157473844,0.47574747130619316,0.20204118902883436,0.45723048557190205,-0.12483511906332541,-0.5666511671440584,2.4403873355805294,0.21706409267083426,-0.037267805739129085,0.03987434848206775,0.04797125403429464,0.31940212884465397,-0.6313471395036567,0.27238442317479217,-0.3583786774113721,0.09980412135941988,-0.10539145278057319,0.23464158201434052,-0.02203995043084387,0.075738429330748,0.2974573371045772,-0.11558793254047109,-0.12982872674244897,0.06230780680958619,-0.8285594104294276,-0.3172927841117024,0.3326984169529472,0.42395214708845635,-0.29812502950011466,-0.19071831837675998,0.04707801954156058,0.12672214642797755,-0.004020459609998789,-0.034423991417777244,-0.18796339219771557
0.1078723191519975,0.1480130413635238,0.1765589988390465,0.2047698136165993,0.2722304920044887,0.34536535995107126,0.14480987055935868,0.27093328726170735,0.2363514360596961,0.19737874738064315,0.24810879127552224,0.2877939381805581,0.2036226325762326,0.3260068093262095,0.20466598190589252,0.2924778382107311,0.23608368623236936,0.24214981576298258,0.29766792534595493,0.2714299252944769,0.23070787183598104,0.31262260064807723,0.2115375233260649,0.1702903975902494,0.2788380870323336,0.48911797387570166,0.25874134847984354,0.23865164793469024,0.3009066552279276,-0.05842740781734571,0.21706409267083426,0.6335974208966062,0.10316245053621893,0.33306722025010316,-0.11630066316361005,0.4811785533859872,0.047450572193936,0.19500720820528125,0.07429389904248085,0.0740245882849836,0.13783866339109901,0.22617341052998094,0.15481815799520118,0.046450097655432745,-0.08173888010140155,0.39341280340201157,0.09441341311225025,0.0013239568156276262,0.3826936027400923,0.06345322724530145,-0.06588147887086568,0.17578457068896286,-0.2816763655936003,0.05611119578043888,-0.14387230250884186,-0.05656973491757265,0.2419944644235397,0.09196270160815087,-0.17017782786975708
0.11304019495927986,0.25079051045930734,0.3016869987822905,0.2137679439123215,0.18849466765686365,0.21060551064053287,0.11816446957493289,0.20380605685702816,0.23209362164049469,0.09371984872765711,0.12450881647732505,0.1023540472969493,0.09094970364581259,0.15766944604627198,0.11968028647339751,0.10129075388924473,0.2594101617026158,0.1018399041891772,0.15737791508435955,0.2037894047755089,0.4072287599931062,0.14127200613875385,0.10748728481843697,0.130662097926455,-0.026687681343709295,0.048552941568001926,0.20778402008161412,0.3512973774426026,-0.3346738585900403,0.9052092677408511,-0.037267805739129085,0.10316245053621893,1.8889206042402926,-0.11583782052848433,0.5587109819051442,0.512253003254275,1.2059342198456044,0.28852306467308314,0.5880587047637384,0.12067483835684578,0.4091272661260557,0.39039970338427854,0.3743715263692486,-0.001479448124099573,-0.13443260096922116,0.557276908439169,0.5321294643357565,-0.0029071814995547084,1.0507103898787842,0.7464400816492124,-0.40626808126589775,-0.10218588958642609,0.15679913554747854,-0.33130404648457656,0.07480198479673784,-0.13825395133952206,-0.1691562200764046,0.004916486081687966,0.3041297047837601
-0.06282367216489484,0.3025952442729073,0.16881898058770625,0.5072140195516484,0.5455755102933086,0.43843827986525735,0.3551854806570744,0.4564739610576233,0.18518076596025063,0.443263594034405,0.3068701275272965,0.3927370343932424,0.17662731849311114,0.29947052778163863,0.39746741052163126,0.3412030326975505,0.2925367717623335,0.36361161910825046,0.33050925073620113,0.5782122498121643,0.22450081453388787,0.3520210512566202,0.48571127209094833,0.010133964804957454,0.5429487023283787,0.5824043200520711,0.3014895757281193,0.050900879923542364,0.6023246453373639,0.06442992797264677,0.03987434848206775,0.33306722025010316,-0.11583782052848433,2.30607840474147,-0.3324775857437856,0.38494417754164795,1.2232042685527806,0.2490407027034874,0.08078270899878791,-0.25943949112254056,0.07632864357002099,0.27479120705399906,0.3108956892746514,0.20120313432780712,-0.40097172663149494,0.08029887336679883,0.23715041997232286,0.06112569652001666,0.392833253002073,0.09494887990180831,-0.389893987127202,-0.09713076713459484,0.17617585292203025,-0.14412220988917568,-0.1350231694318487,0.01924310101995754,-0.17086799643974068,0.24479030523945292,-0.1296681205867365
