0.5740921954735115,0.19448392213030613,0.33310872513344886,0.08551015068337776,0.12707308651873778,0.10539132932763726,0.18615278298545665,0.11640689729165228,0.1288796561845608,0.12691721882484486,0.10385827845828192,0.11843930323698137,0.08223999443496147,0.13321025763977132,0.10159985472365025,0.11786445679683344,0.08143208994132349,0.13279582820038777,0.1166635811762678,0.1076102006907731,0.11578923606820438,0.11378702556017097,0.07548587014899955,0.090162714124806,0.11421569759675002,0.09360476526186566,0.10371165338400538,0.05072729091351212,0.1202652985203139,0.1131772478389669,0.13296889859074162,0.11320525779573926,0.12654956751340302,-0.0485857805618982,0.08893424897800836,0.18359899442460867,0.0380010080905168,0.08503284915327555,0.13309926087207094,0.12687352431584986,0.11981975903175646,0.11015848829355522,0.09088879772249996,0.01913650002600271,0.06809782199586148,0.16467564372593863,0.119530883779185,-0.004302174689875792,0.18297524918494157,-0.031667007238333975,0.05256667657140356,-0.07314548647741874,0.08280399818581696,-0.04847932359733183,0.026457128994848922,0.0017846596015028218,0.04697309153043051,0.05243674675536896,-0.09997407092065383
0.19448392213030613,2.1592950903202786,1.0188436559891365,0.33105602541053875,0.09566110832610152,0.23284191196183673,0.29087528297058896,0.37934647711515207,0.2909320836772393,0.3284348698824199,0.2724553798683715,0.2862960039171314,0.18161752596253178,0.2028140601936514,0.34099499530603256,0.24361571317128838,0.29757564140831283,0.44737871999587975,0.21329898732095826,0.44331261483658574,0.28102834492287765,0.24488806305279703,0.08833314404729477,0.09336962866691498,0.3453907918898806,0.24982085867034184,0.27889935892089246,0.06583295018561836,0.45920920404979804,0.3534643170431444,0.2690974089338984,0.14811105210606632,0.29375072198911767,0.373883716886037,0.1081808992123617,0.26137723956760545,0.5097991464670346,0.27905892261476595,0.3248584729813339,0.21065254428347424,0.26497300527524176,0.27342732176290163,0.28285544242435573,0.026826373319378677,0.3741999071309046,0.44620802152723377,0.3972072491593191,0.009968236680138607,0.13656267614797685,-0.26510026314842605,0.4111647198293545,-0.11530080891259932,0.14307468730408116,-0.2880216585905176,-0.20347006308038357,-0.12861098420734537,-0.49063925226268595,0.36341155572951467,0.096662816148977
0.33310872513344886,1.0188436559891365,2.411557003223121,0.23784857779255303,-0.2573522891594851,0.2834195174768298,0.23945834267889973,0.4232917082658899,0.5388886401871239,0.5166756851217232,0.3182440458174681,0.2832334706934773,0.18030160587421223,0.20879899593361873,0.28742722321873293,0.19375834118553603,0.3029684186554185,0.3312487015234264,0.18299732650306474,0.4201640342624437,0.29958313211402926,0.31551381789076727,0.14280461462376803,0.26146406653954013,0.28786209147997527,0.2837973546910379,0.2521498816936256,0.11439199291195006,0.371652714533471,0.3442231702378934,0.3324936606488783,0.19189262818915884,0.31491074456243456,0.22277556771838053,0.40884305270853005,0.3295377829200053,0.25812304885511433,0.29022611164800644,0.39490869923929167,0.29408360848332893,0.2373795067618956,0.2880036592278669,0.24169935086176264,0.045277812772402934,0.3578789647246916,0.3761644549400362,0.3393469903205368,0.005713997818895995,0.23602802367443565,-0.24057636827722878,0.2518002205515833,0.11218067242156683,0.08713939417029304,-0.2734559050171607,0.014941646652056271,-0.07183895752250333,-0.2536958494756997,-0.08789258881902998,0.13788857741060978
0.08551015068337776,0.33105602541053875,0.23784857779255303,1.072751863695338,0.5075538699245626,0.35083184854046706,0.4188601817712047,0.37582389995341126,0.2238850030821127,0.28266699465708894,0.2502332179729944,0.32942782935034637,0.1701346716037072,0.30564352906145265,0.2652999468160337,0.3204040755906505,0.23208819972502934,0.33581653498424174,0.2891322026848839,0.3459022342423133,0.2746507137286073,0.28716390952528775,0.3079985222254577,0.17685561059683227,0.3000450875997714,0.3748407203945313,0.19760746835460147,-0.05208530912264552,0.29364767019942417,0.28037495553344477,0.19360262930785913,0.19226586730906178,0.2293102638549241,0.5294246901526054,-0.04883358935232318,0.2664473082677549,0.43081694438387036,0.24953347107421445,0.22995065417163763,0.0977202267978288,0.2415291154870201,0.2687119603078099,0.32030012799408963,0.11679321658163072,0.12286756614016636,0.2313407405965332,0.3113693661061928,0.019319874639466543,0.241348793204778,0.13371107909370714,-0.09781268019655924,-0.22263723173353825,0.24842566020512202,-0.2035740002682727,-0.07673730928691289,-0.048588247000300344,-0.5211223258438186,0.5372337631039488,-0.15429166479986792
0.12707308651873778,0.09566110832610152,-0.2573522891594851,0.5075538699245626,1.1782948755841909,0.48133292341665057,0.1849535825208619,0.33232858498097206,0.20882212183179344,0.1550769524674391,0.21725427296114622,0.2826149890716882,0.18647357860598748,0.3156578820757269,0.24971742902495098,0.29443777892012796,0.14935080487860125,0.3135446347711234,0.5456709250565063,0.2519616573788959,0.2177757350103943,0.2841508806776622,0.3127002262499239,0.1784808433434541,0.25091789224046723,0.3187517355411875,0.167870191949299,-0.07306485226892612,0.2185564269295452,0.26965893130358115,0.16720138671036044,0.2599022387713647,0.1854186031483272,0.5295400042792141,-0.16415162867073685,0.3873242934248759,0.4424532031352197,0.20714274635914987,0.19221989949388948,0.05510936685080943,0.26631153172250077,0.22294381610875255,0.2203833955316335,0.08279809144211338,-0.007857805804805692,0.36267885285837254,0.3008514186810024,0.009194843053947663,0.3672720558347869,0.2777106555805216,-0.1082636439312598,-0.5584850944681831,0.45047573051627227,-0.13552223324884105,-0.16654896344198195,-0.017996129080205862,-0.03588123425545985,0.24895775996701466,-0.12492214677913976
0.10539132932763726,0.23284191196183673,0.2834195174768298,0.35083184854046706,0.48133292341665057,0.8517618896316836,0.035123513466745436,0.5098038332955495,0.3412840728744282,0.22160315938713676,0.3255773605338841,0.3119026618926204,0.2097152824484704,0.3553327522868409,0.2873473938744727,0.32166949808981204,0.24933815424009506,0.34790811236150854,0.4925405709573024,0.3253726892570794,0.2932402051524029,0.35685567374941785,0.27383266669802053,0.2429199129305708,0.30928774854694663,0.45637598926639583,0.24068833965237107,0.12852129698374698,0.4093468985944007,0.24661219220969918,0.2186187560409469,0.34054581547667695,0.1969380201758189,0.39513423912333495,-0.2087287665637818,0.45167919317441835,0.4524651758274391,0.23688790367485768,0.26671799935767776,0.06524492013792552,0.2976871747316146,0.2816747685691264,0.2770179015662284,0.07678373108467891,-0.0698250517770491,0.44860743498048905,0.3148956168079329,0.014359936555303553,0.5571245662687526,0.2857591219567769,-0.3778792279410781,-0.10865203990208318,-0.004545904201317942,0.02161498358898847,-0.1436600102659084,-0.008569278195672908,-0.028726177705293746,0.27941709083955113,-0.15928159744123668
0.18615278298545665,0.29087528297058896,0.23945834267889973,0.4188601817712047,0.1849535825208619,0.035123513466745436,0.7955385832623626,0.16463539875376684,0.2612775971897397,0.2211156179042288,0.16823907799437904,0.26054282139885665,0.12405833665406872,0.12627063675659447,0.13846640357430257,0.19934269733150423,0.19894849750761284,0.2570672707823158,0.10824981471236157,0.2665794144894749,0.21464736132720938,0.2355744033417063,0.25568216731836146,0.1473776251505977,0.20781449854850087,0.2322569425318497,0.1867243100136664,0.006935592649946053,0.19267749290619027,0.10469170279267005,0.19331586416869687,0.12995459317138586,0.15736548778143788,0.3757764254171468,-0.03871974662030944,0.23604809410347763,0.27646478475315267,0.16657468513459914,0.20985544505279544,0.14378406706903016,0.14306380462819587,0.20864099210307352,0.2271391894529418,0.08933032775645183,0.13487474854667936,0.12752082468171047,0.16904695773740624,0.015269243064980254,0.2735736340908501,-0.06916124023819543,0.06332305059204503,-0.08842294312485711,0.15102544944002186,-0.16216891457547203,0.06871530313662735,0.06887044327231727,-0.1903438563064817,0.13159045855292203,-0.2022830061163526
0.11640689729165228,0.37934647711515207,0.4232917082658899,0.37582389995341126,0.33232858498097206,0.5098038332955495,0.16463539875376684,1.0482864076034422,0.10718103399550105,0.22668092447681532,0.30638331830608134,0.234388046227884,0.19775277210546352,0.3116024682249064,0.28822065428886484,0.2895020082292702,0.20870857133712845,0.4085864056831448,0.304352747079933,0.37423705943938,0.2742550218343615,0.23322459993405317,0.29102832385854055,0.1440231214448373,0.3533021816732459,0.4838881912275891,0.23650710919196416,-0.049260686605425555,0.3877707087363997,0.42328755605349067,0.17383141789149023,0.2663633789712781,0.1874723946757029,0.42816964366560256,-0.02135045726590282,0.36459281311408337,0.40361758327065955,0.24028601911741332,0.3034917745439748,0.17350663576873426,0.24745649184305524,0.2770410860797713,0.30595900926667813,0.07576574362280632,0.08222862683903497,0.3662329496256914,0.42171764158911307,0.017719707689215772,0.5618822382586114,0.18387301791372493,-0.15592699645390615,-0.26567300543536737,0.19039904058566867,-0.06480144910414676,-0.20343192787307401,-0.07939437231768408,-0.1327871839150456,0.49202454616623426,-0.1895814561536949
0.1288796561845608,0.2909320836772393,0.5388886401871239,0.2238850030821127,0.20882212183179344,0.3412840728744282,0.2612775971897397,0.10718103399550105,0.891301412595031,0.2375899977672921,0.2031838435133077,0.2045956233390172,0.15170976847201695,0.2350280525546031,0.09105924680282987,0.20007798331219223,0.23777984279471615,0.29619745738805164,0.31640981711025556,0.19119138053463636,0.28095148164010886,0.45628359900454596,0.2517110103753405,0.2712835306988922,0.13690170124854492,0.3776699924564623,0.20303150900261682,0.20975198012917812,0.17396263982041185,0.07014589935192381,0.28773418852068566,0.24534963901172369,0.24804755736920778,0.1833990253000531,0.03959592746159037,0.41255518463720015,0.19110395598063873,0.17341001966671266,0.24458103762854644,0.19072214109065322,0.18752217459823092,0.252780293216388,0.20623627904415517,0.05415315664543403,0.0649949144135915,0.3932109729574636,0.1908857199467409,0.0237329133614061,0.38322828022467326,-0.003385469628247786,0.053686707578973605,0.045957010613396715,-0.09020773997486124,-0.04304917511516482,0.14632118106577865,0.11692253659628911,-0.07328385413925417,-0.18634838441984145,-0.003335345236568796
0.12691721882484486,0.3284348698824199,0.5166756851217232,0.28266699465708894,0.1550769524674391,0.22160315938713676,0.2211156179042288,0.22668092447681532,0.2375899977672921,0.8513945508350466,0.280302449956253,0.3356020233734226,0.13228959267083337,0.20042347430576202,0.3049492662273148,0.20928745336196797,0.24057338980625362,0.2801837175906813,0.1758339200223953,0.3587113689714228,0.22730256842455085,0.21423383234697255,0.23603171769654824,0.19641389351889907,0.2799953745840072,0.27113018009881695,0.25419780578975026,0.09650966013040249,0.39790962221500237,0.14779625514092384,0.21477132792333262,0.20161693255729168,0.09657523425488872,0.43558164600853627,0.15087800380912758,0.3369472487318293,0.33473350986076655,0.20966481186417357,0.24205675412906644,0.16594505386830993,0.20140559308909234,0.23839003201899095,0.21890169480845267,0.07672773221285394,0.09654257058911178,0.4010315243467931,0.22679048786371644,0.036896480864568475,0.23630456048052173,-0.07395142949927223,0.021278799207825397,-0.11146250693597351,0.1002475263032528,-0.0036899224629344967,0.13759169602740634,0.033626234253185186,-0.12804165931294945,-0.21038184661564321,0.08201206643101044
0.10385827845828192,0.2724553798683715,0.3182440458174681,0.2502332179729944,0.21725427296114622,0.3255773605338841,0.16823907799437904,0.30638331830608134,0.2031838435133077,0.280302449956253,0.46607661246817517,0.28902148125080757,0.24005353149710051,0.23480523044416493,0.25518864951197373,0.26271442028806336,0.34131469950988735,0.24424673413308642,0.2520953656019813,0.3085679329758825,0.21845470266416908,0.2363977644136268,0.21169292452126773,0.19662519098303521,0.2712016432277831,0.2881827319512786,0.2501438343986447,0.20475375941236199,0.35658784947906885,0.03795060404261497,0.2158225739764816,0.24852911894354643,0.11956009930297583,0.29108297689040163,0.08043491155067624,0.37096387230470196,0.25776164155426423,0.19363901125872068,0.2434978990338384,0.1300083955735966,0.19479797735913743,0.23000933246594696,0.2308106172229437,0.062178169194386276,0.093166334326918,0.39249814326439403,0.15510566910962165,0.025906033590143436,0.19395125752588538,0.04675101622361596,-0.03151149219910713,0.018273604589457728,-0.04865899525966409,0.004379109929749202,-0.08294446184027356,-0.01915438688494454,-0.05439152166778289,0.17919197730917114,-0.16973134169873882
0.11843930323698137,0.2862960039171314,0.2832334706934773,0.32942782935034637,0.2826149890716882,0.3119026618926204,0.26054282139885665,0.234388046227884,0.2045956233390172,0.3356020233734226,0.28902148125080757,0.6680114745910414,0.16799259297017602,0.28243853624305026,0.31731794126032403,0.3561045971946259,0.31971754715561823,0.18448074405999057,0.2645906905117848,0.31280084967641125,0.21852391969974672,0.23411270750322818,0.21842941201069868,0.16189899677891684,0.31672940837583036,0.3189401196008924,0.3044241024931255,0.09716665254852122,0.22408884047208896,0.015783997858917737,0.18726561902607874,0.27941150641409784,0.1260119076101004,0.39972071317692637,-0.10470683547393324,0.36076249390405746,0.24789543717094153,0.20376989451458988,0.2272229639475694,0.07315482862745715,0.15877561440441004,0.22589747272857166,0.21576211596514125,0.060280651327467065,0.04260838958866148,0.39188274104143256,0.11387294657190242,0.022456704212635167,0.3902558672869435,-0.2332187146644566,-0.053573708655761484,0.01400538110273681,0.14264742449959103,-0.04410274020423453,-0.16994667099367872,0.03843335866969103,-0.15623640687705623,0.2068463150993927,-0.1550521313718542
0.08223999443496147,0.18161752596253178,0.18030160587421223,0.1701346716037072,0.18647357860598748,0.2097152824484704,0.12405833665406872,0.19775277210546352,0.15170976847201695,0.13228959267083337,0.24005353149710051,0.16799259297017602,0.4541724902575055,0.15614414263931448,0.09468409737560507,0.19875642809919944,0.19152263177371792,0.16366426621326363,0.19379392825083847,0.17771802020795824,0.1505398468683692,0.2326484652099272,0.1600284005397499,0.151024418733001,0.1924294009140597,0.16238935758332038,0.20476089470787814,0.12499236028722732,0.3633998374934183,0.06768889153356468,0.11092184997562189,0.20681603021998896,0.108013199678936,0.18256837129779546,0.24858545338207752,0.2517276386117519,0.1319469544597326,0.12095708314846539,0.2032433429061598,0.12787948094207496,0.13335711322817545,0.1609670417506611,0.22030390007387465,0.06822366301253416,0.06836236215819841,0.27909590093169284,0.12143848901961908,0.00920055893239641,0.20962422180614626,0.0596378394491797,-0.0441075431170589,0.0033781800062189704,-0.01841329479803845,-0.029435445469377805,-0.05564173559582564,-0.0318954226651396,0.00918559971683001,0.17818016321632119,-0.17970502656933526
0.13321025763977132,0.2028140601936514,0.20879899593361873,0.30564352906145265,0.3156578820757269,0.3553327522868409,0.12627063675659447,0.3116024682249064,0.2350280525546031,0.20042347430576202,0.23480523044416493,0.28243853624305026,0.15614414263931448,0.5280973572283731,0.2652349946258042,0.3686948540506288,0.20398866087336529,0.2235342598293963,0.2736511569078669,0.2787444057295296,0.224810503891063,0.2753971690284112,0.2558033206310971,0.2049582181046013,0.28660985252652227,0.32952882724164856,0.1988194939360988,0.10264063862820044,0.2648507485968332,0.2216420516446698,0.15499427555919867,0.3319745567135218,0.16065902801903317,0.2991640291564906,0.0005053228137078349,0.3823808956098846,0.2568601875486488,0.19693871131115165,0.20821277797076984,0.13448071173753512,0.2465587224520962,0.23216704479199868,0.24177909963476663,0.07142669306688505,0.0132275871173621,0.38496207186975984,0.2335931747607674,0.006041055862224989,0.5345627531917259,-0.006953210713491358,-0.044070423303040535,-0.19420072195074514,0.16966943883484562,-0.024306303001327474,-0.14469947987647164,-0.030290196443365,-0.07343272568089414,0.22951355306466684,-0.015087849904481587
0.10159985472365025,0.34099499530603256,0.28742722321873293,0.2652999468160337,0.24971742902495098,0.2873473938744727,0.13846640357430257,0.28822065428886484,0.09105924680282987,0.3049492662273148,0.25518864951197373,0.31731794126032403,0.09468409737560507,0.2652349946258042,0.9480253995844495,0.2685492077467637,0.2143259652941887,0.3692826046533661,0.23955977972350412,0.3035215008170484,0.19753502877108814,0.12497564674135166,0.3733416415579039,0.2039702015608755,0.3849190502251016,0.3108847529646199,0.21778266007426508,0.12755086528384965,0.3234147186776553,0.20500100297575088,0.22732896950112086,0.1992337456632155,0.11999262183579472,0.4005211036206157,-0.083012950411275,0.4090572152640436,0.2766796451942633,0.17275601008710265,0.11164488769780785,0.11344960154582327,0.1686535641435354,0.2133700812019511,0.22106700469113702,0.060127345966691045,0.03605305177198371,0.4169308904100768,0.2869060817660219,0.020909571657646366,0.291174887200919,-0.07030620653973373,0.023773420294667127,0.016356416888976388,-0.014459611354276446,-0.035054344512235026,-0.03285594028929139,0.09486778579953764,-0.15508642021717212,0.140660216913224,-0.050948495419905704
0.11786445679683344,0.24361571317128838,0.19375834118553603,0.3204040755906505,0.29443777892012796,0.32166949808981204,0.19934269733150423,0.2895020082292702,0.20007798331219223,0.20928745336196797,0.26271442028806336,0.3561045971946259,0.19875642809919944,0.3686948540506288,0.2685492077467637,0.5373971507014573,0.2931114413844862,0.2233311491197114,0.2764858567968325,0.27926689503840507,0.22658155835236127,0.318474739559395,0.22329117913932398,0.1856858497018771,0.3129095328855659,0.28559228595393815,0.26666992430073794,0.1657696219713278,0.3320111910073851,0.06714543775572725,0.18940216235716972,0.28369590580068965,0.12368836242409957,0.3521100153747878,0.09524152725219998,0.3407868189057167,0.25312097994364774,0.19101456226639418,0.22697458097042617,0.12743609290462996,0.20914585695660065,0.24265871710753248,0.3107521533954024,0.08856757598414738,0.07519212006499246,0.3172401452893885,0.15992204906245935,0.010241408961392766,0.4149339444221416,-0.13657289113193063,-0.07423250662181019,-0.021731493164029506,0.10349572714382489,-0.048054778696833264,-0.13605909957472087,0.05104863130584232,-0.18555086010402033,0.40376527059766987,-0.22251350147712162
0.08143208994132349,0.29757564140831283,0.3029684186554185,0.23208819972502934,0.14935080487860125,0.24933815424009506,0.19894849750761284,0.20870857133712845,0.23777984279471615,0.24057338980625362,0.34131469950988735,0.31971754715561823,0.19152263177371792,0.20398866087336529,0.2143259652941887,0.2931114413844862,0.8738782681966433,0.11114535006656266,0.2339095345285588,0.43029252998376993,0.27631159748940176,0.21590633205848905,0.049190846042030965,0.21507221714349642,0.28433388543314625,0.1748727380474065,0.30882405666576745,0.61959181785894,0.28103748677115065,-0.0889246606819715,0.3174962261675255,0.23040130194323324,0.24026407652891843,0.25794302597706775,0.17861919971783435,0.4350535904937634,0.5298744566894132,0.2610696859849622,0.39497023052998753,0.11950625655427029,0.31109026433253567,0.3166273765425672,0.2808836075151943,0.08466751310837546,0.24081468716627644,0.4565806989459834,0.043650500478633426,0.04469828290479396,0.1179238050628021,0.2663690436232487,0.025656923593579385,0.12403000976054382,-0.3296693238106496,0.02037707647672333,-0.08653360628237844,-0.019230570722216685,-0.09056890776765755,0.10562535033812441,-0.21021263529763703
0.13279582820038777,0.44737871999587975,0.3312487015234264,0.33581653498424174,0.3135446347711234,0.34790811236150854,0.2570672707823158,0.4085864056831448,0.29619745738805164,0.2801837175906813,0.24424673413308642,0.18448074405999057,0.16366426621326363,0.2235342598293963,0.3692826046533661,0.2233311491197114,0.11114535006656266,0.977503256912386,0.34011593975377385,0.15772909961859535,0.29365406178685743,0.2922782977578026,0.6015031403896827,0.2184818281819605,0.34006767421846884,0.520757009653306,0.12719204323719033,-0.013958978745942697,0.39693575359224736,0.05436520667277878,0.3676326338049812,0.21962183849623057,0.14780298372740983,0.37745483532656443,-0.14870517747817338,0.4640820811596932,0.21602809982235513,0.14520726314698537,0.0235784860037036,0.2556108931467332,0.18696516566006827,0.27446878081920395,0.25423648175524177,0.06919219907459691,0.09822942733762018,0.5049487294326269,0.5061460697231173,0.029792233662847285,0.20367831208894752,0.30971265224851846,0.3765005812433031,-0.26710107453859233,-0.3151597704877031,-0.1081580397815309,0.049752702213647367,0.10995816226396046,-0.10495239661681381,0.23345969945870568,-0.22901041778190703
0.1166635811762678,0.21329898732095826,0.18299732650306474,0.2891322026848839,0.5456709250565063,0.4925405709573024,0.10824981471236157,0.304352747079933,0.31640981711025556,0.1758339200223953,0.2520953656019813,0.2645906905117848,0.19379392825083847,0.2736511569078669,0.23955977972350412,0.2764858567968325,0.2339095345285588,0.34011593975377385,0.8684264267387056,0.1859403014570352,0.20488063091423317,0.3410261073008309,0.2228662611887201,0.21566043734679352,0.2586895145705511,0.26320783344137766,0.168421616025116,0.24522468820845686,0.20196227683783038,-0.053643530934613916,0.3000271966498189,0.30155293350448326,0.1408157168686283,0.3017791080434035,-0.18580063693466328,0.38750956080408466,0.14213710488034842,0.1747435114535316,0.12253637095609932,0.0848638491635939,0.19601762896344616,0.18424113532200587,0.19306730996077393,0.04844583684315715,0.03558871385203433,0.4000387803956312,0.15484721502767398,0.014119629172510906,0.10360605879838337,-0.029215657602552247,0.22323228791323382,0.41864401076905194,-0.4758596218252973,-0.06512585003563993,-0.08006613394945744,0.02405753048364131,0.0074813835501356465,0.15860714252271393,-0.13254757750013038
0.1076102006907731,0.44331261483658574,0.4201640342624437,0.3459022342423133,0.2519616573788959,0.3253726892570794,0.2665794144894749,0.37423705943938,0.19119138053463636,0.3587113689714228,0.3085679329758825,0.31280084967641125,0.17771802020795824,0.2787444057295296,0.3035215008170484,0.27926689503840507,0.43029252998376993,0.15772909961859535,0.1859403014570352,1.3226020149341866,0.34080269893197335,0.12368977594737567,0.21461024616038749,0.21432851392196278,0.3175349422526164,0.4093540751913492,0.4005795160830634,0.18438516794025858,0.5156891459751064,0.7692956627592714,0.24729480592921654,0.2632674060047586,0.26789322319884595,0.6019995078864702,0.18504052895614745,0.4130546892861277,0.8411555100854734,0.6034471930820682,0.477566968624734,0.4214620517170882,0.4887873288705013,0.3983938944848052,0.5364184122916332,0.1331578366425804,0.33770781625424645,0.6368290904177186,0.4853255362729983,0.027629465819840434,0.9716420453186607,-0.106026867742375,-0.1403466068167821,-0.2738581137891701,0.4357396230958909,-0.14289959975735736,-0.03571807142668406,-0.07936639283213462,-0.1406947462782527,0.11898278006249631,-0.030012333367488674
0.11578923606820438,0.28102834492287765,0.29958313211402926,0.2746507137286073,0.2177757350103943,0.2932402051524029,0.21464736132720938,0.2742550218343615,0.28095148164010886,0.22730256842455085,0.21845470266416908,0.21852391969974672,0.1505398468683692,0.224810503891063,0.19753502877108814,0.22658155835236127,0.27631159748940176,0.29365406178685743,0.20488063091423317,0.34080269893197335,0.5865510523947421,0.22668379817747902,0.20896559954335478,0.18522719348301414,0.22294322679273543,0.30312437658060737,0.22220291381381418,0.12069081020612209,0.20234878535638717,0.28051766096363995,0.27872020948354354,0.21724437130328383,0.43233841382491933,0.20142725841830195,0.2837397095551216,0.4749761407970398,0.4647172208242929,0.2632502082444378,0.44311140841865365,0.3206621032443942,0.40658510531879505,0.5060313097292807,0.380908077944531,0.055068520412783054,0.21443170380436913,0.5510563139747089,0.31248792900058947,0.06351622624357403,0.6578447008432357,0.16398590311722339,-0.03766570384592525,-0.2377334909237694,0.09886016284337772,-0.041968293195300606,0.03859042284815036,0.015310937246331162,-0.16491721577185997,0.13826578596359945,-0.018486122797053917
0.11378702556017097,0.24488806305279703,0.31551381789076727,0.28716390952528775,0.2841508806776622,0.35685567374941785,0.2355744033417063,0.23322459993405317,0.45628359900454596,0.21423383234697255,0.2363977644136268,0.23411270750322818,0.2326484652099272,0.2753971690284112,0.12497564674135166,0.318474739559395,0.21590633205848905,0.2922782977578026,0.3410261073008309,0.12368977594737567,0.22668379817747902,0.9118548421335271,0.31334787167758643,0.17562862400793916,0.19798710596620384,0.2699546597662225,0.21572497197871535,0.11588083942575524,0.3384577213132074,-0.035345287149863576,0.1918208977420689,0.313094359645182,0.1582937630109159,0.35654563691885205,0.012967955981544464,0.29432810079138183,0.20086798258970034,0.14788925852063653,0.28209667468681937,0.09957474147147119,0.14434038214020273,0.21619734647910105,0.3315165570324775,0.10145185653880603,0.024347059032362166,0.3032398088729857,0.13893025383332733,0.016455084710333946,0.3601443759221006,-0.10938844541271298,-0.012664910467418477,0.018101162396880262,-0.0860165919929941,-0.049187886852953486,-0.01124557318680641,0.06868280963666748,-0.11647339442161167,0.17413233659431002,-0.17359573720063942
0.07548587014899955,0.08833314404729477,0.14280461462376803,0.3079985222254577,0.3127002262499239,0.27383266669802053,0.25568216731836146,0.29102832385854055,0.2517110103753405,0.23603171769654824,0.21169292452126773,0.21842941201069868,0.1600284005397499,0.2558033206310971,0.3733416415579039,0.22329117913932398,0.049190846042030965,0.6015031403896827,0.2228662611887201,0.21461024616038749,0.20896559954335478,0.31334787167758643,1.834394904277194,0.29377742526675765,0.38464331115289174,0.17434919336589785,0.16711774268114418,-0.45028447098281943,0.5469648295122399,0.3402413135605272,-0.2278497688438012,0.19580309285050937,0.11788908864940982,0.4823736950707727,-0.427608386957989,0.8239746632616671,0.3386492947891582,0.10891247805762924,0.2236492119143431,0.24246357577981476,0.27205242543147945,0.22443706726845886,0.20220886088473103,0.18685899908376116,-0.29728751150164634,0.7936773811488055,0.4650027858143665,-0.01125575571577556,0.3481407741582103,0.10965199252435481,0.09409878958142753,-0.2759341027908977,0.16251098871755118,0.028836519273000003,-0.0535854242274271,0.0773251766990271,-0.06908146779789594,0.08201131087576256,-0.10297743044504631
0.090162714124806,0.09336962866691498,0.26146406653954013,0.17685561059683227,0.1784808433434541,0.2429199129305708,0.1473776251505977,0.1440231214448373,0.2712835306988922,0.19641389351889907,0.19662519098303521,0.16189899677891684,0.151024418733001,0.2049582181046013,0.2039702015608755,0.1856858497018771,0.21507221714349642,0.2184818281819605,0.21566043734679352,0.21432851392196278,0.18522719348301414,0.17562862400793916,0.29377742526675765,0.9579460659584991,0.24325374124982038,0.0968866679398894,0.1650743843183336,0.22455306857784277,0.1809395623206151,0.11275567781460599,0.6480314984852376,0.18389523168222036,0.125022587125475,-0.003624507115504066,0.019210733567700672,0.3873170791051212,-0.015083601327616169,0.15994403048638547,0.11567278867776626,0.18151352592446088,0.23764126343369907,0.17438172033396793,0.03605346473246886,0.07426906343754688,-0.008213063711467378,0.19060795934982983,0.15321618306815815,0.003806312189356971,0.16926295317596965,-0.10673946410817976,0.005754031876025975,0.09521883806711,0.04824486488848674,-0.014789119528955926,0.06498519571741093,0.0442921182210162,0.03086987404023738,-0.21895670016880078,0.08375665025815456
0.11421569759675002,0.3453907918898806,0.28786209147997527,0.3000450875997714,0.25091789224046723,0.30928774854694663,0.20781449854850087,0.3533021816732459,0.13690170124854492,0.2799953745840072,0.2712016432277831,0.31672940837583036,0.1924294009140597,0.28660985252652227,0.3849190502251016,0.3129095328855659,0.28433388543314625,0.34006767421846884,0.2586895145705511,0.3175349422526164,0.22294322679273543,0.19798710596620384,0.38464331115289174,0.24325374124982038,1.1647779466333077,0.24533676611691183,0.2582619769688008,0.06929667871907523,0.6348204278926765,0.0398922944237186,0.5270026653902609,0.2666919370279893,-0.025342727215000742,0.4950390372759693,-0.12402517513275849,0.4606368497545906,0.16256653907699545,0.2227631119402964,0.21847015260051156,0.1079678386953532,0.16753770232323892,0.2327551709270887,0.23857788348278175,0.10901673782055521,0.11940407052420801,0.35420013964585123,0.19630075878456849,-0.011793896531674078,-0.04486036013089407,-0.3655760292211741,0.021458254743680946,0.06626729786472874,0.1110678742218645,-0.01966843876929874,-0.10009258453914716,-0.0075788704972882094,-0.09514997285742158,0.24411008370441414,-0.18062778586179615
0.09360476526186566,0.24982085867034184,0.2837973546910379,0.3748407203945313,0.3187517355411875,0.45637598926639583,0.2322569425318497,0.4838881912275891,0.3776699924564623,0.27113018009881695,0.2881827319512786,0.3189401196008924,0.16238935758332038,0.32952882724164856,0.3108847529646199,0.28559228595393815,0.1748727380474065,0.520757009653306,0.26320783344137766,0.4093540751913492,0.30312437658060737,0.2699546597662225,0.17434919336589785,0.0968866679398894,0.24533676611691183,2.177040687825776,0.25481038597537714,0.14474371591109794,-0.05683560827938651,-0.1691507455288156,0.43921815672590414,0.4859202436002015,-0.01886473728774676,0.5244672136428341,-0.10627795553252897,0.459782200915375,-0.40111907452108486,0.3054076869089414,-0.7791989010337124,0.18901721306119537,-0.09919190637304158,0.3198958380158927,0.32131979759348367,0.03548904246716457,0.012875826132796014,0.3218550285929135,0.1533165082460831,0.028936315133754248,0.5069320589376143,0.4939894732316424,-0.11186178649663513,-0.24709537293307432,-0.4019691445189696,-0.0431305209828266,-0.0761527395945917,0.06679225013302102,-0.2157466778913663,0.2856172651579079,-0.03836343326885482
0.10371165338400538,0.27889935892089246,0.2521498816936256,0.19760746835460147,0.167870191949299,0.24068833965237107,0.1867243100136664,0.23650710919196416,0.20303150900261682,0.25419780578975026,0.2501438343986447,0.3044241024931255,0.20476089470787814,0.1988194939360988,0.21778266007426508,0.26666992430073794,0.30882405666576745,0.12719204323719033,0.168421616025116,0.4005795160830634,0.22220291381381418,0.21572497197871535,0.16711774268114418,0.1650743843183336,0.2582619769688008,0.25481038597537714,0.7591774731096257,0.2688247721626048,0.2326500178319273,0.10807283677463685,0.2020074174506402,0.24914361440017446,0.2304599486867086,0.2863721964517746,0.21075975954573364,0.4818566769204183,0.34491689876416803,0.24453371341300084,0.27431753465160047,0.19518388893595956,0.2152827356679604,0.24661153472658273,0.4244004918978857,0.055529428907888055,0.11734834118148649,0.5236056173055689,0.13586724800324745,0.02782778249859241,0.5029567910795973,-0.1301615190507831,-0.1304269634774027,0.033912357967505004,0.13821058531956348,-0.007038483895750347,-0.013432162587961817,0.032673383416288164,-0.0286987845965845,0.15299349667251852,-0.17709919511478128
0.05072729091351212,0.06583295018561836,0.11439199291195006,-0.05208530912264552,-0.07306485226892612,0.12852129698374698,0.006935592649946053,-0.049260686605425555,0.20975198012917812,0.09650966013040249,0.20475375941236199,0.09716665254852122,0.12499236028722732,0.10264063862820044,0.12755086528384965,0.1657696219713278,0.61959181785894,-0.013958978745942697,0.24522468820845686,0.18438516794025858,0.12069081020612209,0.11588083942575524,-0.45028447098281943,0.22455306857784277,0.06929667871907523,0.14474371591109794,0.2688247721626048,2.3435878454797154,-0.07409358942713186,-0.5435733094728367,0.47367424710668965,0.27129773192804,0.2809142342333835,-0.08072807675534414,0.17628007456207181,0.6053225478527494,0.13423021622932585,0.1339071970015671,0.06833595230854995,0.07198842425649338,0.12535171315677496,0.10977065160579592,0.29366193413745145,0.190688040521549,0.08176555062209308,-0.16728312601347356,-0.2543243596128545,0.0601830900319675,-0.22761461814414788,-0.050380532064256196,-0.05750215695319372,1.321858374317498,-1.3085497351280326,0.15789772151394119,0.33083523921840274,0.015201649432660216,0.20449881103182066,-0.1924566505215728,0.16114167971928553
0.1202652985203139,0.45920920404979804,0.371652714533471,0.29364767019942417,0.2185564269295452,0.4093468985944007,0.19267749290619027,0.3877707087363997,0.17396263982041185,0.39790962221500237,0.35658784947906885,0.22408884047208896,0.3633998374934183,0.2648507485968332,0.3234147186776553,0.3320111910073851,0.28103748677115065,0.39693575359224736,0.20196227683783038,0.5156891459751064,0.20234878535638717,0.3384577213132074,0.5469648295122399,0.1809395623206151,0.6348204278926765,-0.05683560827938651,0.2326500178319273,-0.07409358942713186,2.523454604783937,0.23564729383517022,-0.13071902259950863,0.2597413242339836,-0.3387766117239506,0.5146638065392657,-0.35647521527314585,0.2620034316164865,0.2737691715094815,0.14087589898921185,0.4873955919558263,0.09377982522121227,0.33268607214151247,0.22329731849308856,0.34840713063665263,0.11510605888303091,0.034382720999490544,0.38921635056506865,0.3250045170724788,-0.11499567057746203,0.7928609013093239,0.29138426606322637,-0.4767846348935188,-0.07285064518717141,-0.05286754493394627,0.1247757267982277,-0.09255915697626968,-0.009984320168483463,-0.0932378440745259,0.310785554515151,-0.28247751853341085
0.1131772478389669,0.3534643170431444,0.3442231702378934,0.28037495553344477,0.26965893130358115,0.24661219220969918,0.10469170279267005,0.42328755605349067,0.07014589935192381,0.14779625514092384,0.03795060404261497,0.015783997858917737,0.06768889153356468,0.2216420516446698,0.20500100297575088,0.06714543775572725,-0.0889246606819715,0.05436520667277878,-0.053643530934613916,0.7692956627592714,0.28051766096363995,-0.035345287149863576,0.3402413135605272,0.11275567781460599,0.0398922944237186,-0.1691507455288156,0.10807283677463685,-0.5435733094728367,0.23564729383517022,5.476109564905427,-0.5463194873262749,-0.041232334775240506,0.982485035026354,0.09806202539484608,0.4675199466472945,0.660053608128739,1.5407095200229248,0.47655458120790645,1.4269462106048405,0.8667029696229694,0.7519416512910991,0.2945231788453543,0.6253359469518238,0.17656322651442113,0.5542383202652672,0.6220667460755428,2.7407144155761616,0.013067550221157336,2.404569814441748,0.09194938122672949,-0.42129228062602775,-2.169642187063862,2.1129829166006022,-0.2085258877005645,-0.12928298280406886,-0.25330772214873093,-0.23659353297886251,0.17360093272259317,0.20642377877916657
0.13296889859074162,0.2690974089338984,0.3324936606488783,0.19360262930785913,0.16720138671036044,0.2186187560409469,0.19331586416869687,0.17383141789149023,0.28773418852068566,0.21477132792333262,0.2158225739764816,0.18726561902607874,0.11092184997562189,0.15499427555919867,0.22732896950112086,0.18940216235716972,0.3174962261675255,0.3676326338049812,0.3000271966498189,0.24729480592921654,0.27872020948354354,0.1918208977420689,-0.2278497688438012,0.6480314984852376,0.5270026653902609,0.43921815672590414,0.2020074174506402,0.47367424710668965,-0.13071902259950863,-0.5463194873262749,2.5236545128689776,0.23408519982047055,-0.06150556185998687,0.004960163779013801,0.034531616788088394,0.3278459005778121,-0.605381452976411,0.29463396798707037,-0.3050040878163482,0.19561183344751296,-0.019756778097276252,0.23594984252936527,0.012218584494986303,0.08314113220940868,0.39516110309868085,-0.14152592851368379,-0.11838482794658636,0.043263520840316975,-0.8571294673100499,-0.29776331750207596,0.4022807408984342,0.3368231691391501,-0.3302096066490534,-0.10386678473186312,0.12851900704357525,0.07974661701929502,-0.005380226858769733,-0.073947382837446,-0.1250197721596518
0.11320525779573926,0.14811105210606632,0.19189262818915884,0.19226586730906178,0.2599022387713647,0.34054581547667695,0.12995459317138586,0.2663633789712781,0.24534963901172369,0.20161693255729168,0.24852911894354643,0.27941150641409784,0.20681603021998896,0.3319745567135218,0.1992337456632155,0.28369590580068965,0.23040130194323324,0.21962183849623057,0.30155293350448326,0.2632674060047586,0.21724437130328383,0.313094359645182,0.19580309285050937,0.18389523168222036,0.2666919370279893,0.4859202436002015,0.24914361440017446,0.27129773192804,0.2597413242339836,-0.041232334775240506,0.23408519982047055,0.655712620163203,0.09075850997273655,0.2926965615151382,-0.08602841282905466,0.47180061333295553,0.023618584474612837,0.20310622263729544,0.08264768574447993,0.09222792315741447,0.1375820904647623,0.2168586394951183,0.18063223140773782,0.05393957062230579,-0.018000068293766033,0.3764913851366488,0.09666636918995224,-0.0013747530762851733,0.3727171770153703,0.04830310005803844,-0.03354147353428456,0.18965648097895532,-0.2922521180730981,0.043621000200921245,-0.08401721106640314,-0.08195697426105322,0.22130225084034044,0.03761347722141002,-0.10575298548732835
0.12654956751340302,0.29375072198911767,0.31491074456243456,0.2293102638549241,0.1854186031483272,0.1969380201758189,0.15736548778143788,0.1874723946757029,0.24804755736920778,0.09657523425488872,0.11956009930297583,0.1260119076101004,0.108013199678936,0.16065902801903317,0.11999262183579472,0.12368836242409957,0.24026407652891843,0.14780298372740983,0.1408157168686283,0.26789322319884595,0.43233841382491933,0.1582937630109159,0.11788908864940982,0.125022587125475,-0.025342727215000742,-0.01886473728774676,0.2304599486867086,0.2809142342333835,-0.3387766117239506,0.982485035026354,-0.06150556185998687,0.09075850997273655,1.9673691337831931,-0.13198951186971167,0.6473840609021958,0.4466602142177198,1.3093432636205526,0.3526881795930603,0.7224772958928166,0.2487086810334961,0.5303574191288035,0.43151463217864106,0.5758213269365194,0.03440072754508775,0.11787779144075383,0.6390892817762807,0.5953495195788995,-0.011401574730159486,1.0591461942503055,0.6027125333563563,-0.31455150155081124,-0.24666301557055453,0.17936829620329012,-0.2601625348189969,0.09046754950854265,-0.06868466976243164,-0.17394758354800782,0.0745659569506778,0.17324011833656958
-0.0485857805618982,0.373883716886037,0.22277556771838053,0.5294246901526054,0.5295400042792141,0.39513423912333495,0.3757764254171468,0.42816964366560256,0.1833990253000531,0.43558164600853627,0.29108297689040163,0.39972071317692637,0.18256837129779546,0.2991640291564906,0.4005211036206157,0.3521100153747878,0.25794302597706775,0.37745483532656443,0.3017791080434035,0.6019995078864702,0.20142725841830195,0.35654563691885205,0.4823736950707727,-0.003624507115504066,0.4950390372759693,0.5244672136428341,0.2863721964517746,-0.08072807675534414,0.5146638065392657,0.09806202539484608,0.004960163779013801,0.2926965615151382,-0.13198951186971167,2.3027981469795415,-0.19894491532565464,0.21566709674911658,1.2663964658745397,0.3001826528427661,0.15561333367347482,-0.175987384766039,0.13859857463832453,0.2704376695867411,0.4831662062768855,0.23975027513396135,-0.0588401445114525,0.07032323481417167,0.2726421527648807,0.056384092782928906,0.47291729551151057,-0.01824053003327719,-0.24975980028501266,-0.23719368252206832,0.315668599134294,-0.2276077687999992,-0.14911589307403578,0.060618513051983146,-0.2659223038849411,0.30350151249531937,-0.16405866901235158
