0.36333721671271174,0.08882706806221805,0.22547599057130666,0.01626297265216733,0.02105694987084645,0.03549705117824011,0.04612831277270401,-0.030107230298556546,0.02100787387962953,0.03738936137306074,-0.0038374587946581433,0.0032952286727644677,0.0064250605122516,0.012290368781527035,0.0414174412944398,0.014337521422001984,0.007503985644964067,0.022983604768453174,0.009258324823427857,0.010064900190724011,0.005256528840094067,0.024765878638128444,-0.008838955603307126,-0.01075075376086481,0.019242279510972144,0.01747582463085215,0.011046223142436501,0.007020171506343848,0.06524405657001682,0.011402537914110446,0.03188698595266376,0.029673565254677726,0.011026372894147086,-0.12112273492910398,-0.021392060668558543,0.009339843184942286,-0.014846680342107954,0.02286908032900297,0.018533360199817536,-0.003914644128337276,0.008672073750464405,0.004510686971976545,-0.021130485420232634,0.0027936735531836534,0.06479289433410365,0.06515530938325378,0.01493061574449265,-0.02642011719343823,0.0010617358093362877,0.04799476438669854,-0.012371076074601951,0.02404231697443214,-0.03075566260356043,-0.014651072814371625,0.0015917179387207013,-0.02268677508487278,0.14369242316000674,0.13016253526149374,-0.24520719491216025
0.08882706806221805,1.6338990930782176,0.4788620346075646,0.04873619413081899,0.08154894930409298,0.16409187179927853,0.21502553226564863,0.13540216263174337,0.22553043505945725,0.10673348320325625,0.12509366916650377,0.1262176188196427,0.04134746703687099,0.17074863703653162,0.27496578259687615,0.1475072940216336,0.152024958273803,0.183613771490833,-0.04298634079200691,0.2788147333411175,0.1413581686433371,0.08222834253590823,-0.09519222646755651,0.12353680786445297,0.09489052608131268,0.14266984814836184,0.19155117450299874,0.2748701987624634,0.1589358328939128,0.12085948355302274,0.17744500338438382,0.13690070503357116,0.14071071452476813,0.17372613736218973,0.1797189509818274,0.19867122185358915,0.1784833641328519,0.17414566020547284,0.019013383755324905,0.06972809572189916,0.06979894587014028,0.16432823743016936,0.0777450128253929,-0.006663649192194448,0.2420905067293544,0.2242750862110396,0.14386774704730604,-0.1546001620444303,-0.004489964436472946,-0.08139975762211875,0.12483094691546039,0.06602869453250004,-0.007287714935150966,-0.04615582612824737,-0.06911510968844344,-0.0411953195961776,-0.12508591104099356,0.00984406160077141,0.09389413905632077
0.22547599057130666,0.4788620346075646,1.4601128999883344,-0.008736985275363924,-0.11777491107864581,0.1875745252956983,0.09367664984640083,0.21399819146941101,0.2112364199812934,0.18618905312887918,0.07755855612641721,0.08762516170405851,0.03600260157155824,0.08609284669549595,0.20099834443626444,0.09514792047708506,0.19172663125958803,0.10971761260832998,0.09828406629438488,0.14675446182122692,0.11762356631439558,0.17792744180270847,0.045621471686483075,0.13077403130027673,0.15518570915987637,0.11318918312205037,0.11728632291480595,0.18046671334802866,0.2932227911128273,0.06872595446976326,0.1527760378237946,0.05841909985910261,0.1315535925168811,0.12034243475212836,0.22352596862371632,0.3110171136140169,0.1935744350316801,0.12763548670193534,0.14070863374224857,-0.005979229995793859,0.12212792325490138,0.14223246180858132,-0.01083416270826525,0.003300438873603797,0.30291604810459577,0.42654955627148605,0.13248698081807833,-0.2441836752334993,-0.06193396329085049,0.0543619962718206,-0.056456121948683775,0.11986130131049363,-0.004443133984344714,-0.1262576149472962,0.10643023729542325,0.07476026511721431,-0.1852726832753193,-0.39082295948783397,0.40745012275570397
0.01626297265216733,0.04873619413081899,-0.008736985275363924,0.7282575199457251,0.4022398783640143,0.21488649236785526,0.15278570216268839,0.21052806844204125,0.08739681106542056,0.09780010374546495,0.10970314814762507,0.16130984538302048,0.04657703512470066,0.10158133692507253,0.1271767836963235,0.15309814797762983,0.09142387038516955,0.17054687426273543,0.017570754092837176,0.10551233557722638,0.08900135275435059,0.07631529780632271,0.1822676622068305,0.10786726547313952,0.12250131024361652,0.145722144639423,0.06733878365198119,0.03492386872195918,0.12738972852544583,0.022811273391120677,0.022194079181691043,0.10706950316151674,0.10147769110809991,0.21616580812143144,-0.09915800715119351,0.09809752609591131,0.13235724796946924,0.06933532321100459,0.12327292577462962,0.059774538879027034,0.026930122974136324,0.09501291515797534,0.09366675743405722,0.025301889550464734,0.034007698840750604,0.065944100670567,0.10880812900616098,-0.007659491749728965,0.007920409900721969,-0.03391976445907493,0.031415493349275674,0.06146400076237283,0.007025813365969218,-0.06581220560201967,0.057756744047020615,-0.13596185374564923,-0.028674315724115343,0.15974495156220456,-0.0820714546509083
0.02105694987084645,0.08154894930409298,-0.11777491107864581,0.4022398783640143,1.1468265980536128,0.0970102889712563,0.11744888260798177,0.25587426270931507,0.12129747681276845,0.0976900177170668,0.16197083044082705,0.21320199307413348,0.05827508434969654,0.10134471334876693,0.20798284915726445,0.1713271599965086,0.052623657443307145,0.2420261537893092,-0.016094184517293376,0.11881520802651103,0.08335633274527275,0.052199171320581404,0.26226222288545936,0.0998904767897527,0.12856232083981997,0.20845682639977195,0.02555841807747128,-0.02360433892217493,0.05778066065040542,-0.1894104243060379,0.01585944679100026,0.12766419993274575,0.08816490076171961,0.3767883168160544,-0.18721030898629498,0.1197451670329679,0.19039558725058536,0.04757461793950498,0.1714242103394309,0.07512980565561682,0.01848288152265788,0.1295066257218751,0.09933940913100199,0.007623523591614291,-0.09176813519584309,0.008854598854834542,0.05684254889409589,0.009901157393928973,0.042016510873439473,-0.11327930214164295,0.12501436088554893,0.02980272013736831,0.029984142587353935,-0.07555855608171352,-0.1160002047456689,-0.11137188961854046,0.023139087898936622,0.23087470100083304,-0.12523747985076858
0.03549705117824011,0.16409187179927853,0.1875745252956983,0.21488649236785526,0.0970102889712563,1.0124018360758213,0.026142547501677348,0.19568361765059125,0.246994040852961,0.16585314769426873,0.1572252269767869,0.1252726664686371,0.06620853619332658,0.10854182399049703,0.2539446391374505,0.0936256257235589,0.12415008950446335,0.15379187288412885,0.20085043188385993,0.14096529806346078,0.11535345201359003,0.1709992873255379,0.005615497154791114,0.09007879998486658,0.12001188686262827,0.23543093939366544,0.11126593760938629,0.18707287481652946,0.2888422950471397,-0.013468135332748113,0.10265028632507604,0.1742407326631214,-0.02699248904110918,0.2388458554077598,0.1407747457763133,0.010768760311323339,0.09542765953631104,0.08777861828898913,0.15658891063934435,0.06464141666166826,-0.05809779963228094,0.08545481078198144,0.07119384184607558,0.05763056128246131,0.12290626229357936,0.06806582491827778,0.13612820574968973,0.005120724496223229,0.12468040621575753,-0.006497584514648489,-0.15258125218939256,0.10677850887236182,-0.024865328213371674,-0.020095539083867874,0.0352922351246858,-0.06468263469522621,0.06199750851171732,0.03425232623982363,-0.039134413855875363
0.04612831277270401,0.21502553226564863,0.09367664984640083,0.15278570216268839,0.11744888260798177,0.026142547501677348,0.9216658157587666,0.013752849773556673,0.3416288579179262,0.0386251742538323,0.08560532909466761,0.206350652583715,0.04066060401268295,0.27375273627690166,0.057840391763586345,0.24394840612560525,0.08653173492649828,0.17608480902524046,-0.08194405962019215,0.11799931222226075,0.10553141729080212,0.17194371355454938,0.31148967504435315,0.18001068702322073,0.15427590830968066,0.18986419190896442,0.14386868769264805,0.14723424049871187,0.0767617322411676,0.037037208250046874,0.1002524711901228,0.1946861966183837,0.14600360597261683,0.29667800815682116,0.1586949150906051,0.217996370159458,0.229406866210096,0.0901561168139863,0.07479290818324477,0.1441932491339885,0.022912458190957885,0.16592811015840805,0.2354966981438659,0.011816314304373179,0.052436190887962954,0.09347834298978057,0.05007336277745414,-0.12844962697645923,0.014761449658831034,-0.19957867008472607,0.0403876340473156,-0.037206877572827673,0.13119244211480147,0.0008020170999858176,-0.0007383221311048964,0.10363480462015495,0.0074060825204261185,0.05849232491395659,-0.4733381320301324
-0.030107230298556546,0.13540216263174337,0.21399819146941101,0.21052806844204125,0.25587426270931507,0.19568361765059125,0.013752849773556673,0.6795933061209611,0.030446197808249864,0.1826082320274892,0.21594536325022587,0.13195048798113165,0.05568412771549638,0.04922863355887087,0.15230235856299854,0.07007815543893108,0.19326313317079352,0.16880096373762785,0.15412181439697045,0.11775507242165476,0.16314268093804307,0.06978228730655515,0.107429815692427,0.10775508772722661,0.1794440781729801,0.1257165085180745,0.11671139452905227,-0.055797808586992854,0.14321768591937553,0.1695317746532535,0.061409006128842085,0.05167207670928649,0.05635207295299912,0.26821628353582355,0.18018428293954694,0.13638128641666164,0.16186623573502018,0.07386301229077383,0.21428895234830794,0.06171319430922917,0.10767213572844302,0.08518897354212562,0.059134814208500384,0.038699731412592,0.08611636631776397,0.16378887339840287,0.2031857397614581,-0.0431806763264157,0.13068995967404626,-0.001411839131757722,-0.018808888710007087,0.06303356030058564,0.021526023473207697,-0.06072578349322533,-0.1464266614831193,-0.053673828390702345,-0.0553147239422005,0.33178480501094215,-0.1729508684931506
0.02100787387962953,0.22553043505945725,0.2112364199812934,0.08739681106542056,0.12129747681276845,0.246994040852961,0.3416288579179262,0.030446197808249864,0.8604420101848176,0.018124096208069262,0.06734463888782381,0.0933287769092134,0.026085107983693595,0.2580114750747453,0.13344134904813126,0.1669367889566735,0.0791878175719632,0.1508868965213196,-0.039814432653558135,0.16820531485623041,0.16095377748072767,0.15313164555279868,0.247769091296613,0.20690186027276933,0.10973552757770223,0.2681412560560985,0.1476876541413398,0.3208593273308909,0.09542884210438371,0.1306618980212329,0.19487932163334495,0.2132887567539848,0.2078968754359819,0.17362571278536104,0.09714233088661285,0.175603338301338,0.21949390433446672,0.14431341682682258,0.059061499586107624,0.1400293047987027,0.004098240074569256,0.17754891394509947,0.19695973707501394,0.0037400368497464698,0.17380918967295142,0.24319199214041165,0.14333396221827463,-0.1740070869109742,-0.03234998977190182,-0.3715877238804412,0.09710651058806165,0.06838081527606261,0.1845615916698482,-0.014083766324189015,0.047531683723361785,0.12666510286166835,0.046058415433918275,-0.1518956491437343,-0.05518307836296837
0.03738936137306074,0.10673348320325625,0.18618905312887918,0.09780010374546495,0.0976900177170668,0.16585314769426873,0.0386251742538323,0.1826082320274892,0.018124096208069262,0.6924202794901445,0.15883117911921465,0.09713929390375001,0.07223080695965513,0.06317124812898552,0.2168718380301519,0.11043044278695106,0.23437528320394238,0.16111469809290957,0.1315204556700551,0.09803191624036746,0.06932909511385392,0.0817713140262451,0.17568587750030656,0.12258225179134052,0.184807680268918,0.0840593702686492,0.1333367958235002,0.14742659526284715,0.06527179691466438,0.11562258510126638,0.12937274056914144,0.09841092303388613,0.08820313578143346,0.3188178787593941,0.15543133832155942,0.11698969185530068,0.1733811102247342,0.06082407986618601,0.21176454375629133,0.08995095054838835,0.1511631765322843,0.09539478658053137,0.10026651798474691,0.03392464723657355,-0.024906593103175015,0.18441587161030823,0.1949298211064148,-0.05153514064495565,0.11519070354547681,-0.0020186564048991842,0.026112412211128234,-0.04576666518803598,-0.006243472637598631,-0.00491600639121932,0.20366063461348397,-0.03850538129222064,0.20038965834189526,-0.27245517792949986,0.1270270364220213
-0.0038374587946581433,0.12509366916650377,0.07755855612641721,0.10970314814762507,0.16197083044082705,0.1572252269767869,0.08560532909466761,0.21594536325022587,0.06734463888782381,0.15883117911921465,0.46728424730908263,0.20896067442766347,0.08246794946924378,0.0850850608697788,0.2217093138285343,0.11548185640220172,0.2393404128444769,0.12396139826665575,0.06018984937994363,0.19763660220709472,0.1155866238794937,0.02129529127999211,0.11417571531488195,0.11379599658700892,0.1552387753172855,0.15086451741795046,0.1345865689498849,0.13948299665825611,0.07795246564357898,0.04943711203652688,0.08004736717401631,0.08975523761843024,0.07636150793598336,0.22970629217365707,0.1773794727706514,0.09485544949682928,0.1785206253001092,0.09496282367114166,0.14694513480017615,0.1148384780974689,0.07381933219488575,0.12907605523045762,0.07255240143969185,0.025628614164382432,0.0303892311123142,0.11779442524621826,0.11597661547833997,-0.04794199339335532,0.030142187232900266,-0.12028533052606388,0.0470574016513508,-0.01515484757430795,0.07034491939674715,0.032879122499835656,-0.03955835917230027,-0.0002491349160409844,-0.016156297292399112,0.06128921816982517,-0.045901953618631766
0.0032952286727644677,0.1262176188196427,0.08762516170405851,0.16130984538302048,0.21320199307413348,0.1252726664686371,0.206350652583715,0.13195048798113165,0.0933287769092134,0.09713929390375001,0.20896067442766347,0.5144725293138708,0.0599955843185652,0.1397667660712017,0.13602160097925603,0.1507313238626308,0.1219218048487561,0.19173724378537085,0.06501950661513412,0.10723143131912444,0.10007995691344254,0.10275204463560624,0.16001506430336818,0.1429405251117615,0.18415672169710998,0.14464422539689378,0.15721041752281054,-0.009947017910130586,0.1654485543206812,0.04130301982733168,0.05862258862255729,0.1405246290288292,0.10499003221542082,0.2321531546393358,0.21447120987126103,0.2249601498014392,0.13808075640473394,0.07873473681278308,0.11497708651632567,0.12558433069824404,0.07029357105729087,0.1248863140122842,0.11024588377786929,0.008512655731334457,0.026627780276021782,0.15966678703269999,0.12996937965417163,-0.12196993731980292,0.18788290461649468,-0.13538072342672378,0.043770652899215924,0.03261481146463038,-0.014616101141858996,0.030240264771902246,-0.1206979539565601,0.019398075174836677,-0.0930002244837714,0.09190313474868454,-0.11261408718040704
0.0064250605122516,0.04134746703687099,0.03600260157155824,0.04657703512470066,0.05827508434969654,0.06620853619332658,0.04066060401268295,0.05568412771549638,0.026085107983693595,0.07223080695965513,0.08246794946924378,0.0599955843185652,0.16853298276941175,0.049582266637331035,0.007457577784871796,0.046939861649426345,0.07096347426579983,0.039458390250063355,0.05259596224263474,0.05472653979620579,0.042176418744674586,0.050488884461892765,0.041722544015569615,0.05568952928232422,0.051404698189344004,0.06782793080768527,0.05472950976420329,0.05186028514925058,0.055099172535841866,0.026406818458313747,0.03333188653877353,0.06064869165262359,0.04299116940468023,0.0764253235017667,0.05997396118994573,0.038287022090150016,0.053374355724168376,0.029019211069397654,0.08503218190707836,0.043011168691585354,0.027187744937430397,0.04454830681710314,0.05847973550897293,0.01348380010660087,-0.013811992548857625,0.059450970110416265,0.04429772005326941,-0.02429937486879955,0.05520353770852428,-0.0028600474008553677,0.011325511830384875,-0.016937338554245007,0.00794444156141751,-0.0022771909484616184,0.001831415436997659,-0.016380627277427836,0.0245192015351792,-0.012244707944152496,-0.0020951667370171846
0.012290368781527035,0.17074863703653162,0.08609284669549595,0.10158133692507253,0.10134471334876693,0.10854182399049703,0.27375273627690166,0.04922863355887087,0.2580114750747453,0.06317124812898552,0.0850850608697788,0.1397667660712017,0.049582266637331035,0.6203332294243915,0.15349979497771707,0.2897802615254603,0.14125255155267077,0.1157796577821809,0.01255376621106431,0.2508398923770863,0.11497133168970586,0.2144551105669669,0.1442191587157114,0.24389692956185702,0.09650016821654805,0.2333349162752434,0.1829489132452467,0.2876769063040803,0.1593965448354131,0.2237034490632614,0.17492219053460148,0.34748040588602525,0.19718169296188948,0.15817182578651054,0.14477074430777376,0.18731705280485497,0.11697807371043341,0.1767344802499509,0.04924255585893503,0.16426172808660736,0.0942008148518172,0.21759106793212551,0.35767659500117815,0.0029818560977379685,0.1232894924220988,0.1822642376572044,0.18963780833370614,-0.1130415011859039,0.2808087201751949,-0.10414238295244753,0.07148650850011189,-0.16897720847499745,0.1127300527006334,0.05582256963376205,-0.1240947158862996,0.022739124907399665,-0.09630525500323074,0.14551810582776153,0.08527876844066588
0.0414174412944398,0.27496578259687615,0.20099834443626444,0.1271767836963235,0.20798284915726445,0.2539446391374505,0.057840391763586345,0.15230235856299854,0.13344134904813126,0.2168718380301519,0.2217093138285343,0.13602160097925603,0.007457577784871796,0.15349979497771707,0.7826486636055947,0.1490219004488172,0.18003111876888464,0.2016667788471267,0.04152632594860027,0.25558663537903187,0.09954209736940617,0.05178684749549469,0.27566497525774425,0.19745804671934755,0.23785752170171373,0.20209826573702383,0.16143182445124737,0.3283650538257177,0.14729625182263328,0.14250487514909924,0.13216613765447857,0.12982976533965057,0.197592358869128,0.25918215297201286,0.12062527341366225,0.14134951240615362,0.3058187742138277,0.1354457154295506,0.23809793692797024,0.12481906086174648,0.12202695308458666,0.18858350674782373,0.08448877381110852,0.012619631070525494,0.09698125188561149,0.2068849040702409,0.20065694254086294,-0.04963608707425082,0.1681232832381756,0.1549015580264686,-0.038107683521794944,0.07753539193764657,-0.06532767063392719,-0.05731612861653176,0.07189690682732215,0.05558008887946557,-0.005521690058873972,-0.011630288636093155,-0.04625013504459372
0.014337521422001984,0.1475072940216336,0.09514792047708506,0.15309814797762983,0.1713271599965086,0.0936256257235589,0.24394840612560525,0.07007815543893108,0.1669367889566735,0.11043044278695106,0.11548185640220172,0.1507313238626308,0.046939861649426345,0.2897802615254603,0.1490219004488172,0.6390407272361798,0.19037233169582582,0.13273712301048202,0.06008277703038954,0.19845790271309346,0.09166895238772393,0.17382257110901708,0.18106049319131487,0.19843242879589743,0.17630193346657078,0.13860227531762614,0.17165455491727846,0.2865599230557545,0.16132874786438017,0.1592500986594968,0.12753744559894362,0.21599440114523005,0.12314687284104726,0.2268875593992131,0.2582075981945053,0.17309387328763556,0.22340818522061484,0.14128367457074706,0.16536970667976117,0.15204218009431553,0.11967259651070872,0.24131771386524814,0.2102024992320181,0.0235276152194759,0.12196882221140849,0.16072795554726776,0.16525942894982554,-0.09220712983733975,0.15446650966282469,-0.1282117884909657,0.016594237823583588,0.022823008262444586,0.06669285230534067,0.013437904065559083,0.01874936295381703,-0.010237620290808042,-0.0554643760532121,-0.007046736620599251,0.08645182884931524
0.007503985644964067,0.152024958273803,0.19172663125958803,0.09142387038516955,0.052623657443307145,0.12415008950446335,0.08653173492649828,0.19326313317079352,0.0791878175719632,0.23437528320394238,0.2393404128444769,0.1219218048487561,0.07096347426579983,0.14125255155267077,0.18003111876888464,0.19037233169582582,1.0481611615692308,-0.003856165763412573,0.10182690410315598,0.3488196420293395,0.07118232502405464,-0.05482294307919078,0.06423062870305679,0.14322995349751944,0.17531052049852258,0.05645337405428517,0.15361774686164306,0.34269972365132767,-0.08794431851704217,0.15572785934576724,0.13794543023757425,0.08754019289337676,0.16454757089925215,0.21119152915846123,0.17566732061610998,0.10955739946281348,0.32595371392026173,0.19041536244039028,0.04399499078287975,0.1316808041551662,0.1493309870070895,0.1796457772070828,0.17653058443807396,0.0710591665927965,0.08063249294795163,0.2014869601019579,0.15372629036346686,-0.061396591183495594,0.042055578129783174,0.25122946007338093,0.026477600895796653,-0.32327824296915275,-0.12392587273708458,0.006974320295974909,0.14087864548781198,-0.09385253457661834,-0.01144971704003657,-0.08325481231360785,0.2373789748069895
0.022983604768453174,0.183613771490833,0.10971761260832998,0.17054687426273543,0.2420261537893092,0.15379187288412885,0.17608480902524046,0.16880096373762785,0.1508868965213196,0.16111469809290957,0.12396139826665575,0.19173724378537085,0.039458390250063355,0.1157796577821809,0.2016667788471267,0.13273712301048202,-0.003856165763412573,0.8513385732093478,0.02823842817306131,-0.06733806938036054,0.19519191544988793,0.2621084931801332,0.5158496581935852,0.17717924923041423,0.1453806344617068,0.2885948118589961,0.022259448283777995,0.26898158123132,0.14468800322150416,-0.09139957342259208,0.23269837096464882,0.13210431487055552,0.3436397294361408,0.2813971907685476,0.07617087435764648,0.0968826903675108,0.21515885960390402,0.023058978252346585,0.19082181493764971,0.16914510046509884,-0.029498681140700058,0.120793595167298,0.2575779647071099,-0.01433772379215883,0.17985590549638988,0.2155194777790316,0.3405001222854449,-0.06219900225896724,0.13895447192600827,0.06554453005967356,0.20508211134394227,-0.20318650791694856,-0.13116835553220013,-0.09852859693814578,-0.10726150661075363,0.05365177168312838,0.0081383983246268,0.12713915660708622,-0.25588386589215634
0.009258324823427857,-0.04298634079200691,0.09828406629438488,0.017570754092837176,-0.016094184517293376,0.20085043188385993,-0.08194405962019215,0.15412181439697045,-0.039814432653558135,0.1315204556700551,0.06018984937994363,0.06501950661513412,0.05259596224263474,0.01255376621106431,0.04152632594860027,0.06008277703038954,0.10182690410315598,0.02823842817306131,1.1799027333925214,-0.19512362130985195,0.19117997313008547,0.34729338304092505,-0.2945492164398958,0.04250698796936622,0.04104643533546956,-0.14411392981109228,-0.0020245533979197823,-0.04464375056225274,0.2812404635009165,0.19686481637273037,0.12670998656683158,0.067039654025212,0.06218097244068294,0.007523753489260014,0.104868965528908,0.08247734131297738,0.09380158719319377,-0.03313467645976082,0.18382582532281597,-0.09832167974199549,0.19011397007391617,0.005940290766219042,-0.03966688756269233,-0.013010809143887405,0.0006321647086192774,0.03397657972106431,0.09339485803861129,0.13274896438550715,0.1458160456616452,0.26400386974625917,-0.12329410476135064,-0.032162786141438714,-0.11746659514708983,-0.04485338367338093,-0.07319203517219033,-0.04541627767421517,0.03285048187154386,0.10355757694804153,-0.02052896545174021
0.010064900190724011,0.2788147333411175,0.14675446182122692,0.10551233557722638,0.11881520802651103,0.14096529806346078,0.11799931222226075,0.11775507242165476,0.16820531485623041,0.09803191624036746,0.19763660220709472,0.10723143131912444,0.05472653979620579,0.2508398923770863,0.25558663537903187,0.19845790271309346,0.3488196420293395,-0.06733806938036054,-0.19512362130985195,0.9942670467197423,-0.07381408999118463,-0.10356760835749011,0.08752688470099335,0.25745142895064127,0.17139468141394104,0.3130401552061574,0.2974583150116756,0.5276245616385201,-0.08652767283387214,0.1805669521834836,0.17495201584201475,0.20057809446455097,0.2821029252432377,0.20789168344384368,0.10739816428441318,0.12432767999319665,0.4438837130168183,0.4272392859577264,0.3080998136138407,0.26667363901699664,0.06091160006682499,0.29659899486072805,0.31746207542505156,0.059176431015682075,0.2883327030197152,0.17103647280736864,0.1071084721714739,-0.023365981428222736,0.23216938581631957,-0.07055053250966892,-0.023096350149736582,0.12509886012555801,0.0734794778598476,-0.012680051532911817,0.042315911170868366,-0.0330748673531785,-0.03233471263457459,-0.006755895637938445,0.11691495588396442
0.005256528840094067,0.1413581686433371,0.11762356631439558,0.08900135275435059,0.08335633274527275,0.11535345201359003,0.10553141729080212,0.16314268093804307,0.16095377748072767,0.06932909511385392,0.1155866238794937,0.10007995691344254,0.042176418744674586,0.11497133168970586,0.09954209736940617,0.09166895238772393,0.07118232502405464,0.19519191544988793,0.19117997313008547,-0.07381408999118463,0.8758802740766183,0.062354123293729954,0.045155932450579875,0.06542793122439094,0.08498624641777777,-0.07622757697815558,0.0009980331135712372,0.12867554375618934,0.2160117370696765,0.29415030530184644,0.16195968317810772,0.08656874001491782,0.03427314994041444,0.1676462366518764,0.1321773659496323,0.22614896999902212,0.02894086888853779,0.05687582105811603,-0.08178411824915535,0.10712571279953158,0.3156139261317308,0.12330813888616005,0.025094447769625716,0.0675684085091798,0.3013567236216303,0.2529508932626487,0.24781946962131535,-0.1085074806516857,0.0814899764790689,-0.11795537515104583,0.001001028894446751,-0.05720161535882849,0.09522428472339381,0.0147691612784651,-0.05355516267319402,0.006666911831411188,-0.042778729580759,0.0989269584318492,-0.043663887684283635
0.024765878638128444,0.08222834253590823,0.17792744180270847,0.07631529780632271,0.052199171320581404,0.1709992873255379,0.17194371355454938,0.06978228730655515,0.15313164555279868,0.0817713140262451,0.02129529127999211,0.10275204463560624,0.050488884461892765,0.2144551105669669,0.05178684749549469,0.17382257110901708,-0.05482294307919078,0.2621084931801332,0.34729338304092505,-0.10356760835749011,0.062354123293729954,1.7757710174735541,0.12811447630077769,0.1390554514206987,0.0037542956457766014,0.08021693315957798,0.1201613063750961,-0.21358479693305382,0.6892468127810926,-0.025275278682831782,0.19815613678904084,0.30649560477803,0.06803585173610001,0.18819479081765303,0.054088052470183466,0.023061058252428164,-0.011146556327068985,0.026337803144456346,0.3397556873943991,0.07754992615770959,0.023614772961986354,0.06855785537660071,0.74597557249789,-0.10946099148297422,-0.062427604763868556,0.023149787393774143,0.13675323011924645,0.012223672846879328,0.20486680052345094,0.24487441882026434,-0.031096024468681392,-0.1388299446215735,-0.09303495951916535,-0.0005992169057848658,0.028956501080409702,0.07641201133511312,-0.07446447892232035,-0.002453356494446321,-0.03191266688385323
-0.008838955603307126,-0.09519222646755651,0.045621471686483075,0.1822676622068305,0.26226222288545936,0.005615497154791114,0.31148967504435315,0.107429815692427,0.247769091296613,0.17568587750030656,0.11417571531488195,0.16001506430336818,0.041722544015569615,0.1442191587157114,0.27566497525774425,0.18106049319131487,0.06423062870305679,0.5158496581935852,-0.2945492164398958,0.08752688470099335,0.045155932450579875,0.12811447630077769,1.7432690669722752,0.3813642355472659,0.4921419851812618,0.24721199136636504,0.09116081693364407,0.2723902920929377,0.13837664032165367,0.05062123864335017,-0.10031961058597001,0.07510263384342741,0.5246114414077401,0.3953695369019685,0.00703669824046057,0.13847961681713586,0.5590130423674425,0.03590656808693412,0.6525039572963356,0.37676269634132314,-0.004608493318461467,0.1942377389733483,0.31274053642302646,0.05380148572249258,-0.13054541006259246,0.30370092112279623,0.30909576765884533,-0.023421614620018606,0.30400659556391885,-0.1471572534840807,0.10145425677068284,-0.011863864278241517,0.14875226402437347,-0.10933683983908771,0.03725330225522988,0.06649121249449476,-0.015438876110120223,-0.045075726797507085,-0.15167678950945654
-0.01075075376086481,0.12353680786445297,0.13077403130027673,0.10786726547313952,0.0998904767897527,0.09007879998486658,0.18001068702322073,0.10775508772722661,0.20690186027276933,0.12258225179134052,0.11379599658700892,0.1429405251117615,0.05568952928232422,0.24389692956185702,0.19745804671934755,0.19843242879589743,0.14322995349751944,0.17717924923041423,0.04250698796936622,0.25745142895064127,0.06542793122439094,0.1390554514206987,0.3813642355472659,0.6542988640766764,0.23699239223799445,0.12792940641098438,0.18511396228425508,0.32483445596277427,0.11786989383149178,0.43245560442509423,0.217351504484274,0.2521202929427724,0.6112814502732655,0.10632518245469672,0.20871619247076445,0.29650660032831505,0.4783995634542134,0.220560712314459,0.1953326256097171,0.217309469563695,0.06661210201356006,0.26949133500513545,0.2557496703190651,0.023067404864937517,0.1819646847810629,0.38303256283139037,0.3070703232802016,-0.2826504748037783,0.2925386128468445,-0.18689619894333537,0.036703144343472396,-0.010120569236813046,0.10788223812527784,-0.029222296105322135,-0.10310438204893059,-0.02865308385041282,0.012096027782747218,-0.0021991544717561975,-0.003661701156514952
0.019242279510972144,0.09489052608131268,0.15518570915987637,0.12250131024361652,0.12856232083981997,0.12001188686262827,0.15427590830968066,0.1794440781729801,0.10973552757770223,0.184807680268918,0.1552387753172855,0.18415672169710998,0.051404698189344004,0.09650016821654805,0.23785752170171373,0.17630193346657078,0.17531052049852258,0.1453806344617068,0.04104643533546956,0.17139468141394104,0.08498624641777777,0.0037542956457766014,0.4921419851812618,0.23699239223799445,1.1465945449330814,0.08460850333302884,0.14962888197307767,0.059733757078087084,0.41653907471164114,0.29932948628373174,-0.13941317173146303,0.07604832924071599,0.11859323632496557,0.34080343936412627,0.2355116745469044,0.3084938871727928,0.4468253001368766,0.11918117695647248,0.47097269553599913,0.16379630986962068,0.2023702259717938,0.15313495398346127,0.020707434863207964,0.06719624375704279,0.09901409004147092,0.3915022565479123,0.23401864221973026,-0.29127386344530626,0.06417193035556681,-0.35335957931170225,0.05976075937431191,0.1415842871329121,0.18827116990966422,-0.03471302931700233,0.01871846863992901,-0.016207079498912244,0.027921723394057657,-0.0054475533414721,-0.09739514330481494
0.01747582463085215,0.14266984814836184,0.11318918312205037,0.145722144639423,0.20845682639977195,0.23543093939366544,0.18986419190896442,0.1257165085180745,0.2681412560560985,0.0840593702686492,0.15086451741795046,0.14464422539689378,0.06782793080768527,0.2333349162752434,0.20209826573702383,0.13860227531762614,0.05645337405428517,0.2885948118589961,-0.14411392981109228,0.3130401552061574,-0.07622757697815558,0.08021693315957798,0.24721199136636504,0.12792940641098438,0.08460850333302884,1.7156071525376715,0.15786515309104446,0.46957986413087105,-0.14945046027878273,-0.4019693822649778,0.15791886370040564,0.27907161776300016,0.2882654351222542,0.2693460881838192,0.11688028144246701,0.009313909801687968,0.16490744957393433,0.15525232198726943,0.16423478525745394,0.21137253635306555,-0.18570454894986588,0.32070907133863474,0.28301779990339204,-0.06023006253104138,0.2095085137201719,-0.03444286152138501,-0.014969191058697068,0.02145496606801595,0.16360970441145964,0.0877419930441209,0.22333758197732137,-0.20644564208027452,-0.13945759956007628,-0.07385169643381558,-0.008549439101606316,0.027017708008595605,-0.04245123615504961,0.08673162465929066,-0.07405690555817844
0.011046223142436501,0.19155117450299874,0.11728632291480595,0.06733878365198119,0.02555841807747128,0.11126593760938629,0.14386868769264805,0.11671139452905227,0.1476876541413398,0.1333367958235002,0.1345865689498849,0.15721041752281054,0.05472950976420329,0.1829489132452467,0.16143182445124737,0.17165455491727846,0.15361774686164306,0.022259448283777995,-0.0020245533979197823,0.2974583150116756,0.0009980331135712372,0.1201613063750961,0.09116081693364407,0.18511396228425508,0.14962888197307767,0.15786515309104446,0.7782366990329662,0.21801622453881295,0.036986977468622326,0.07768197444973052,0.1051228257488573,0.203093198169232,0.1725875508969767,0.18544716435540998,0.23137508118022745,0.20968523048205734,0.2478106643094849,0.1671086092244106,0.18970926786334513,0.15014726071674803,0.08341012318110094,0.17743843793849853,0.24793067506973454,0.009617092675562542,0.02243562394567066,0.2147992594232678,0.08263824318507028,-0.13624075042787728,0.24402916313134243,-0.09773883662402794,0.0037032790764066027,0.11121706793640786,0.061529028208222675,0.010254281629594976,0.022423802263363636,0.0018365672113632872,0.02251718785558914,-0.00752900740585163,-0.0036118122361122667
0.007020171506343848,0.2748701987624634,0.18046671334802866,0.03492386872195918,-0.02360433892217493,0.18707287481652946,0.14723424049871187,-0.055797808586992854,0.3208593273308909,0.14742659526284715,0.13948299665825611,-0.009947017910130586,0.05186028514925058,0.2876769063040803,0.3283650538257177,0.2865599230557545,0.34269972365132767,0.26898158123132,-0.04464375056225274,0.5276245616385201,0.12867554375618934,-0.21358479693305382,0.2723902920929377,0.32483445596277427,0.059733757078087084,0.46957986413087105,0.21801622453881295,3.78369690806869,-0.44315659789789963,0.11580485397592459,0.43330546260419606,0.24514396514864975,0.8910446867871513,0.2412609019068894,0.18396432843207935,0.026806284845457103,0.49007763751977207,0.3123890461587837,0.06818155424625734,0.1614939402181891,0.17074334465077537,0.5298002795484731,0.08831898769705299,-0.06669076239521451,0.1315074926510834,0.2510713632099296,0.22174943804347996,0.04476849533143256,0.2288478248132588,-0.1933306829321699,0.004242447038439065,0.12183059486072853,-0.017688322096321117,-0.09621773068476494,0.08749479325431156,0.0828301825516852,0.026834938998365965,-0.15216941838264178,0.19382739952860634
0.06524405657001682,0.1589358328939128,0.2932227911128273,0.12738972852544583,0.05778066065040542,0.2888422950471397,0.0767617322411676,0.14321768591937553,0.09542884210438371,0.06527179691466438,0.07795246564357898,0.1654485543206812,0.055099172535841866,0.1593965448354131,0.14729625182263328,0.16132874786438017,-0.08794431851704217,0.14468800322150416,0.2812404635009165,-0.08652767283387214,0.2160117370696765,0.6892468127810926,0.13837664032165367,0.11786989383149178,0.41653907471164114,-0.14945046027878273,0.036986977468622326,-0.44315659789789963,2.663730733099618,0.3417023325474979,-0.1715574093149438,0.2044763335339475,-0.31615674367704044,-0.03540557175797574,0.2360515428121008,0.28953158559496117,0.10903970828645412,-0.11961557662642178,0.3205918492668627,0.0505387239450179,0.3460812411105777,0.026742914123152623,-0.22852895072480142,-0.1352321619492367,0.4913053574814828,0.4378531680758559,0.2749467679404492,-0.44884915251372287,0.20981987430069124,0.3281914047205161,-0.18093376062831457,0.24301755594040392,-0.1471667194921703,0.03895524882064816,0.0695216260000017,-0.1166655633091111,-0.1476451090036601,0.09434552346717474,0.05038068542885635
0.011402537914110446,0.12085948355302274,0.06872595446976326,0.022811273391120677,-0.1894104243060379,-0.013468135332748113,0.037037208250046874,0.1695317746532535,0.1306618980212329,0.11562258510126638,0.04943711203652688,0.04130301982733168,0.026406818458313747,0.2237034490632614,0.14250487514909924,0.1592500986594968,0.15572785934576724,-0.09139957342259208,0.19686481637273037,0.1805669521834836,0.29415030530184644,-0.025275278682831782,0.05062123864335017,0.43245560442509423,0.29932948628373174,-0.4019693822649778,0.07768197444973052,0.11580485397592459,0.3417023325474979,2.306378891643813,0.21752920301903592,0.19530303527438575,0.2924605000664528,-0.20432409319595599,0.40058182352704136,0.45174905461203324,0.014196424578747808,0.26051180373904603,-0.1351818198094488,0.033785336365493024,0.5884608662897479,0.18767124985659472,0.0673920146513432,0.12832653092492474,0.407094152335926,0.7299018540750724,0.8937231148987569,-0.256018799390032,0.48355617566640824,-0.057554455538226745,-0.19771512379072625,0.08170917768550842,0.12078352221918173,0.07747491634279619,0.10402467312949837,-0.21739121203226525,-0.008277164134757709,0.19766468218441977,0.07027249758071664
0.03188698595266376,0.17744500338438382,0.1527760378237946,0.022194079181691043,0.01585944679100026,0.10265028632507604,0.1002524711901228,0.061409006128842085,0.19487932163334495,0.12937274056914144,0.08004736717401631,0.05862258862255729,0.03333188653877353,0.17492219053460148,0.13216613765447857,0.12753744559894362,0.13794543023757425,0.23269837096464882,0.12670998656683158,0.17495201584201475,0.16195968317810772,0.19815613678904084,-0.10031961058597001,0.217351504484274,-0.13941317173146303,0.15791886370040564,0.1051228257488573,0.43330546260419606,-0.1715574093149438,0.21752920301903592,1.3960731714596883,0.21275110465670602,0.5792355763400616,0.05959736443291731,0.2769457595966352,0.3107718754986707,0.23088811350242563,0.2559296508595827,-0.1258767853954118,0.12785669891671084,-0.03358862535891987,0.24218502358525498,0.20776092765483664,0.002966728809375338,0.351080880441117,0.3414977629143483,0.2369812772200088,-0.2573949893077721,-0.0446014071022578,0.10293660136924825,-0.017018973690216425,-0.03180839003414849,-0.11559752594761791,-0.020132938043187963,0.17184502657308579,0.04675876012160047,0.10142089204737713,-0.1242771461965084,-0.04605248539616753
0.029673565254677726,0.13690070503357116,0.05841909985910261,0.10706950316151674,0.12766419993274575,0.1742407326631214,0.1946861966183837,0.05167207670928649,0.2132887567539848,0.09841092303388613,0.08975523761843024,0.1405246290288292,0.06064869165262359,0.34748040588602525,0.12982976533965057,0.21599440114523005,0.08754019289337676,0.13210431487055552,0.067039654025212,0.20057809446455097,0.08656874001491782,0.30649560477803,0.07510263384342741,0.2521202929427724,0.07604832924071599,0.27907161776300016,0.203093198169232,0.24514396514864975,0.2044763335339475,0.19530303527438575,0.21275110465670602,0.6340948641837673,0.13673024664340666,0.14369111400067966,0.1256803141321855,0.12251493184418089,0.011925271007277569,0.1613936863754611,0.0851851892346585,0.13017045018801715,0.048291756386072034,0.19569913358382587,0.29594369245737073,-0.0165008407176859,0.1432179149355511,0.1818763061661514,0.18433141257078117,-0.0993548600938118,0.1931875011739564,-0.09395419061828454,0.08340924355189025,-0.04207757146512645,-0.03923742688126084,0.029303324465648505,-0.12585267048145535,-0.012655449902183093,0.12801012348660074,0.0760442776564947,-0.11929797435673427
0.011026372894147086,0.14071071452476813,0.1315535925168811,0.10147769110809991,0.08816490076171961,-0.02699248904110918,0.14600360597261683,0.05635207295299912,0.2078968754359819,0.08820313578143346,0.07636150793598336,0.10499003221542082,0.04299116940468023,0.19718169296188948,0.197592358869128,0.12314687284104726,0.16454757089925215,0.3436397294361408,0.06218097244068294,0.2821029252432377,0.03427314994041444,0.06803585173610001,0.5246114414077401,0.6112814502732655,0.11859323632496557,0.2882654351222542,0.1725875508969767,0.8910446867871513,-0.31615674367704044,0.2924605000664528,0.5792355763400616,0.13673024664340666,2.0566139817408042,-0.15369029217572483,0.012959998991684924,-0.046765017105328315,1.169615179750345,0.2815635713700884,-0.006259773761436819,0.30087302307850256,-0.3458212526198763,0.49252639243512214,0.3712130808406516,0.04298934758021952,0.3687399269068137,0.4324283645271767,0.38572549693346664,-0.4789027902633155,0.2462165393737711,-0.22374821302746506,0.13147138846940243,-0.19744951566645824,0.11442220158476538,-0.1603550056057442,0.023129960286275435,-0.06541440713057742,-0.06072077886221015,-0.03373103938763657,0.03852485585772175
