0.6078499345047275,0.112430402247001,0.2798204252885285,0.07226530114054783,0.06270682644273837,0.0629014801898213,0.06622093338293299,0.06231982789260542,0.07947204066680363,0.06392735460955394,0.04971946785961486,0.07305534953135666,0.02745842113376023,0.03136290633261468,0.05432741709631735,0.03333981743221271,0.048651438140165086,0.07439675772267755,0.048349188081661464,0.030900336092689676,0.050216020502331565,0.04709543127689084,-0.003949018987042491,0.01732024825103438,0.08530368430506832,0.052207619376891334,0.07334820035991753,0.007720943715960596,0.04979732297296988,0.022229427601790686,0.09724910505199058,0.03911877989768494,0.022703284237697532,-0.09603482549956156,0.0173596822027572,0.12305028797712467,0.0004294675051880128,0.04150035218611948,0.067265930880436,0.014409531762236649,0.017417832205029998,0.043542531531813075,0.04617550065453122,0.0004802671868434148,0.11773359201604448,0.12503307273883008,0.008424051717775655,-0.09543095081767655,-0.0999001514938951,-0.02476493161154516,0.02793774627644996,0.05455199961523464,-0.029241338793297662,-0.014932748282989235,0.08679324387634943,-0.012350930583526083,0.14418565682678472,0.04554158685418973,-0.25853878503822086
0.112430402247001,1.8154352167882453,0.6289924475545029,-0.0027228659894101915,-0.03855344706707563,0.28579951269047854,0.14288724820269294,0.2202249654699318,0.24686515871958534,0.18807737307091435,0.1655172861041209,0.1636391536610557,0.13112258688097603,0.142234029705876,0.27344730117000543,0.11430950615879266,0.19666866439446354,0.21254154494347288,0.0007528869903363706,0.3465180779162559,0.18600323824615464,0.14548128121625767,0.0013200675444549348,0.09348414111657646,0.2512977974446473,0.28392086653171,0.29134812938461097,0.2978820144228722,0.2244513911476287,-0.04336850781304442,0.25537264472803445,0.153064219257407,0.03724482103439644,0.28446280865997176,0.056001681443548786,0.14277087868279395,0.2675950619004619,0.22557348141999947,0.20906233658051793,0.03375566423862168,0.16996715726578604,0.1796061095258906,0.2516316171350652,0.006879463797064316,0.4075456765499505,0.09146805103224212,0.11913712194381551,0.021997745619951103,-0.14583244487621363,-0.3666819640287141,0.22629385149163297,0.32619994379864986,-0.01122209362028282,-0.16795489037402606,-0.3618690164474844,-0.14796402478128964,-0.33727286051720284,0.34946488381468427,0.262612826025783
0.2798204252885285,0.6289924475545029,1.8262873890375797,0.14815814865222574,-0.3648020611963576,0.32985444383758683,0.04900606945806301,0.37651393880381123,0.4206282940967509,0.3616440912702839,0.22030917044800383,0.17246219406346694,0.16998208172235077,0.1509631855856634,0.2927112554867941,0.1311048385195611,0.25534868513564146,0.19832315139491213,0.2810850224823078,0.27819603642522234,0.18218214950644,0.26273504515382945,0.1160006389086765,0.14356558822072726,0.2597282929422569,0.32341836184017786,0.20745479677282072,0.18899732848953552,0.3014794375385792,-0.22842927112508782,0.198445544488857,0.13565705812363837,0.1051186490000908,0.36848812302627615,0.18743578377912748,0.25485401016332043,0.3276884080590651,0.22394148162651284,0.32628424849014415,-0.11270362748104518,0.16268663250619847,0.17382211594150762,0.160614763454949,0.016615474534266716,0.3237429535981911,0.3866423416497622,0.22073497325260247,-0.1029722628879666,-0.37232550849960766,0.06287574893544313,-0.017290648652028347,0.22488497749259626,0.018989660699393125,-0.23384242630740837,0.07199017547337609,-0.02676179964724946,-0.13890247370253805,-0.1381710146179183,0.12326386490609782
0.07226530114054783,-0.0027228659894101915,0.14815814865222574,1.5556287494137506,0.6156907560097887,0.2855990112788664,0.28189081311306907,0.18635000204677193,0.059152849050349114,0.2313981487808089,0.14664257690901797,0.2998851985316297,0.11770191613547432,0.19802674492986339,0.16892383663950158,0.2175022331647959,0.2033230461666335,0.23345231570222413,-0.010525637176523434,0.15004792265317662,0.14205641927795262,0.15300864421643998,0.22594817452516958,0.15335022049864414,0.2072177928085195,0.22519259684581108,0.11429314017334548,0.11647591637811873,0.16819047035994825,-0.12416104960572073,0.16591823067719136,0.24405314443167414,0.11794041822717048,0.20350333006375387,-0.23227368116416697,0.08035690430274124,0.05629564636335193,0.11859923395451043,0.1410530026840816,0.0399788127628486,0.07481507940467585,0.14415467941771615,0.08211153991430449,0.005981584545555633,0.07613063809948624,0.00306424510089066,0.12275759036471334,0.018414629582386453,0.12835057227437632,-0.09032617201576165,0.026324348291668808,0.35276960471625646,-0.24442708678602687,-0.10970731974544697,-0.12236621979623998,-0.05331961375225354,-0.18163837220831192,0.23450059967160028,0.007264831606062307
0.06270682644273837,-0.03855344706707563,-0.3648020611963576,0.6156907560097887,1.5596468323386619,0.16537619745403787,0.33184465997726176,0.2387690829269884,-0.006126386874388618,0.1577118529660823,0.14938097973038778,0.26511236962754003,0.12347300346162234,0.23073459565036486,0.12864997015175306,0.23754186223090754,0.15089144779574834,0.19021023109213048,-0.03652734685898884,0.1397988815304785,0.12918067489933116,0.12461832718147592,0.20372735001733522,0.15624254529062945,0.17602904821229634,0.2107308153525744,0.10215882786788337,0.00414977352125284,0.1652046703100065,-0.007520677577510194,0.15676245139295478,0.2863110739964858,0.05746470799043821,0.1327923959756217,-0.16857705577543974,0.02088655242038584,0.06931813165796276,0.08598051571047195,0.09122540349168078,0.15366731627226285,0.1305111025113858,0.14344818851244376,0.0495636164850989,0.003742733569580369,0.03275231463789253,-0.13667590010677882,0.10932548138904863,0.08824201106034944,0.4559130332087834,-0.06421608713634089,-0.06036187167828673,0.1294784817888018,-0.2657463471275792,0.12925978631845977,-0.11428519393269529,-0.02646422490170835,-0.03617986795845215,0.15100423701435708,0.00012636555017298134
0.0629014801898213,0.28579951269047854,0.32985444383758683,0.2855990112788664,0.16537619745403787,0.7410290286657295,0.09044832579189205,0.3938305110466578,0.2944341385819427,0.17561540671917006,0.20061794976179376,0.1889580688526357,0.14699631178904657,0.29152433164454505,0.23481359230239865,0.23815413929356827,0.27765957713498407,0.2056953099907682,0.21677445184814345,0.3852078662623047,0.22885730323852752,0.28049449178177316,0.19895939328307755,0.19828746314775586,0.2131433971561916,0.36848213842128485,0.263253232751251,0.25835331890637464,0.28621306724498596,-0.09786024186109431,0.19014416239949705,0.3017003677042382,0.089248638509237,0.35750008794391114,0.06958917251555294,0.005789044258560557,0.3763875545512741,0.24436954289391827,0.3461410999789075,0.14756819027388018,0.18084726153559688,0.22256974791445255,0.3042248617126455,0.011688811816941267,0.37702738202986236,-0.028415736917466815,0.41753566269270975,0.1480050359162055,0.4426261682728501,0.11361527966634324,-0.21007728415684945,0.19925141401155474,-0.12679624762738295,-0.04618222608250675,-0.06649783262147205,0.030902986936964034,-0.01619878752237997,0.15226671207520417,-0.11113881448963508
0.06622093338293299,0.14288724820269294,0.04900606945806301,0.28189081311306907,0.33184465997726176,0.09044832579189205,0.824623849642351,0.14742366118568864,0.2819260479579882,0.15039637480659973,0.17543286693776972,0.32776955553113934,0.17449499794263848,0.211788852692709,0.08138454974227279,0.22467066117638723,0.2539454831167355,0.2534186676347023,0.04894817808545752,0.16381454254896574,0.2104669362500759,0.278859803777062,0.30471429109714276,0.22794971642122852,0.21678944563563884,0.2186822946283697,0.23723676973977126,0.17069071129773353,0.2022272683147737,0.0894511066998063,0.19578877535005684,0.24662019045223513,0.23489841045451396,0.2067238977935793,-0.008678914082158564,0.18363644457327233,0.16612079071482114,0.1400014664255174,0.23032103288799524,0.0978226351338547,0.14621123262557925,0.20289474160302673,0.188762292133191,0.00705767328794954,0.13013666440398358,-0.001868979274319475,0.07190678445127094,0.024203947138344135,0.41859083573175954,-0.025372356365140694,-0.033559024484577704,0.21526215456806128,-0.15061435877591095,-0.14300140952548684,-0.011151589002911978,0.07763483763997708,0.011384574798190402,0.04430291414189251,-0.13125167414307196
0.06231982789260542,0.2202249654699318,0.37651393880381123,0.18635000204677193,0.2387690829269884,0.3938305110466578,0.14742366118568864,0.8947119859154418,0.06516062792060048,0.2026161809809439,0.187612504155861,0.05306548597221612,0.1490608778125514,0.28443101683015964,0.21736899017070402,0.20787843951913867,0.23930817027374793,0.16631345859937027,0.21625340081585862,0.3496066711885261,0.1732945969270077,0.18441399212109863,0.14635491588694355,0.15822695368512102,0.15813212114228706,0.31840955441608726,0.22290151094010152,-0.10140838753445278,0.260234281055292,-0.0020424693920403805,0.15973147721652,0.23219240512495545,0.0752419978533394,0.31909997977258453,0.18561580289210325,0.02179910248495149,0.3287388867292608,0.20285843721239372,0.3969072382875355,0.12099408481506772,0.15117693154814976,0.16892805571584135,0.23192445341088175,0.006730293127832863,0.3090067404326622,0.02802856676498114,0.3942337214353545,0.09082461272710682,0.45591460648425575,0.1601726310385939,-0.15506286544139597,0.009746532129005957,0.11281813909408837,-0.10319388934120292,-0.06692678394852054,-0.05973638458020972,0.14418674211173577,0.1901073057082916,-0.18520363369173004
0.07947204066680363,0.24686515871958534,0.4206282940967509,0.059152849050349114,-0.006126386874388618,0.2944341385819427,0.2819260479579882,0.06516062792060048,0.9468035067104483,0.06393261042394018,0.10095238580047222,0.15780293327154457,0.1727367744450219,0.2567719507198958,-0.0009943321387808441,0.17121249034777403,0.168489440245469,0.18187220803768422,0.0018510168805188423,0.1454503803068234,0.20302485114860713,0.47280544965021337,0.3290288688045931,0.21583081473871754,0.12560116776048585,0.360315515267257,0.239238449436666,0.34952402179760395,0.22929249022928333,-0.00839418184367875,0.0992766157081156,0.2805123549240362,0.19230758790015284,0.31297337321355956,0.10650615580016805,0.08998113475690046,0.2511631751882345,0.14459085919054043,0.2009015010776087,0.06850161731227428,0.18410878363540217,0.20254864718974824,0.2479356503023547,0.011995870782197405,0.15483128916585573,0.024855533056974292,0.23366926524220985,0.07623340819013846,0.4952036032975414,0.0021310895869660934,-0.19448615683994266,0.10296261060242912,-0.05100726543696228,-0.053763684223247565,0.06344313429186645,0.1664774115269315,-0.09509227766638764,-0.0643476466785357,-0.07453997029383778
0.06392735460955394,0.18807737307091435,0.3616440912702839,0.2313981487808089,0.1577118529660823,0.17561540671917006,0.15039637480659973,0.2026161809809439,0.06393261042394018,0.5750827187923108,0.17383410525921603,0.1767339186819036,0.15283700735321737,0.1544571134947232,0.2815911002167542,0.1600756105623909,0.20694275070726673,0.16815967759540812,0.057719208991238405,0.1613226077108859,0.10055299980962959,0.13416312668623132,0.214585358906546,0.14661301148380787,0.22990757045731278,0.14634200268419514,0.1705472928162284,0.16100013786227718,0.24760948927472737,0.05631073410177147,0.09395396922666349,0.16269520426784567,0.06579016066257376,0.2290859701927795,0.14050572502743483,0.13608211988704458,0.21163075474556733,0.10901107885155757,0.2033703785501423,0.08298978145164448,0.20398830520748118,0.107490078474201,0.08265417994384708,0.013163468896812833,0.08753861329988696,0.10420530745891968,0.18867471414609024,0.0038990146163550322,0.18272325156871055,-0.009075138338560938,-0.07443262956009052,0.07879330099284068,-0.032389937204375656,0.022026355093475124,0.09373766805683686,0.02327815190081495,-0.1290738593219283,-0.086477805527108,0.11930079395548741
0.04971946785961486,0.1655172861041209,0.22030917044800383,0.14664257690901797,0.14938097973038778,0.20061794976179376,0.17543286693776972,0.187612504155861,0.10095238580047222,0.17383410525921603,0.5724217943463116,0.24971118210524512,0.18670579436763463,0.14420247631036645,0.24716862533989364,0.19764191727079974,0.23581032939028423,0.17164143835954307,-0.039251560085488656,0.2511416482384853,0.16154570365252305,0.1557451683216605,0.23608149887465518,0.16298091013172641,0.20931194227006233,0.22548873965574695,0.2035997641126008,0.1561133078958629,0.2724557304982126,0.03478580078241235,0.10230698850581238,0.13584875818732065,0.09504291512234585,0.2697204417351062,0.17118598885517844,0.05241288819410291,0.21439588309292804,0.14272966296501788,0.24211004551317214,0.11966504891358509,0.1852277010951577,0.1657988558451288,0.16415953661871066,0.005717274662914688,0.14011794436423242,0.04004965248605352,0.2425702760502115,0.08582903348222273,0.3613999360854296,-0.03493862991831489,-0.1784287003394968,-0.05665005699731354,0.19413278712731286,0.030635198044157732,-0.05123336321196928,-0.009465817269493502,-0.024974014188081827,0.04488495171035066,-0.034996750999419846
0.07305534953135666,0.1636391536610557,0.17246219406346694,0.2998851985316297,0.26511236962754003,0.1889580688526357,0.32776955553113934,0.05306548597221612,0.15780293327154457,0.1767339186819036,0.24971118210524512,0.6618274571717634,0.14660351951393313,0.1917343609393693,0.14432636578728553,0.2388215585938407,0.2141718151879551,0.29214070718088486,0.016801032324816972,0.14360487935746089,0.17309384140558068,0.2015559070405238,0.24183132655366554,0.15239520463724482,0.3318770945156246,0.2552924108139557,0.21412471882667353,-0.01591186620500437,0.266577409675751,-0.050255004644608935,0.2042632986202685,0.253626003572262,0.08459047117434446,0.1742367255139084,0.04326956995616507,0.26758334438359543,-0.030716210741207995,0.12775729120226342,0.19465349691562173,0.1279873816030063,0.10099954885456403,0.16160042670269045,0.13232179375980285,0.005730932009702352,0.22341216195387736,0.08732365567511678,0.07544943325183642,-0.07228369921189436,0.044593071468703796,-0.33642288931030306,0.08893900821316385,0.32713022718582146,-0.2902737285506077,-0.02006672604684725,-0.013478310433300052,0.04097775440589087,-0.019625532165457964,0.02532346854766097,-0.19509502612036733
0.02745842113376023,0.13112258688097603,0.16998208172235077,0.11770191613547432,0.12347300346162234,0.14699631178904657,0.17449499794263848,0.1490608778125514,0.1727367744450219,0.15283700735321737,0.18670579436763463,0.14660351951393313,0.36768975677764215,0.1513712705419393,0.054782725287799434,0.15598870389767283,0.1477622782934477,0.13710308318926281,0.015210010721594147,0.12557501475882146,0.13049424083703837,0.20136492307574172,0.23077595056697445,0.14918550653688092,0.14869380325603304,0.21738742719636647,0.15346942479208606,0.1278835449786119,0.22638944446768164,0.03764058882242881,0.06278337226474842,0.13821906719379454,0.12535365848305738,0.21782731885808101,0.14169551146956913,0.05457485206771739,0.15753852664393905,0.08521517380326804,0.22310910573919568,0.08246780401832557,0.14319715369615854,0.13119938329268566,0.13589665550938043,0.011623979839574864,0.056327972396748416,0.03413199504560649,0.1867100344520021,0.053467418505919254,0.3495195510977722,0.11295900854066121,-0.12502976132814908,-0.06326854302118226,0.06681773484200186,-0.05380263977277173,-0.009162486493093125,-0.00804060449164349,-0.037719330174159765,-0.046877710395314715,0.07546738029293751
0.03136290633261468,0.142234029705876,0.1509631855856634,0.19802674492986339,0.23073459565036486,0.29152433164454505,0.211788852692709,0.28443101683015964,0.2567719507198958,0.1544571134947232,0.14420247631036645,0.1917343609393693,0.1513712705419393,0.6527649398953649,0.2002887970087369,0.37807402517080935,0.23414772958203378,0.1458046433204286,0.07117553214403641,0.2693620197033628,0.17870268266000672,0.28571239308807594,0.286299274520996,0.28345630049157833,0.23447255969305322,0.27565583756502066,0.19368383152048727,0.31752499898181336,0.2551780228456394,0.0015699861502237835,0.15622513154171172,0.6130552790267436,0.15863287183134325,0.2475747622549222,0.0749881335833521,0.08070084418996507,0.25064998177617026,0.20607568900921652,0.1551276882236886,0.16245148625783828,0.25981083028681917,0.19469288161520515,0.22215378687965442,0.010441340165250576,0.15244689427227465,-0.02424263067850131,0.2816327955442106,0.11408287726758952,0.6697406574760608,0.011191677342256364,-0.12956741770387806,0.13400673634472404,-0.026703528025610206,0.03265699317409205,-0.05237966005229662,0.03655423253027043,-0.018337459439007792,0.09694236091412586,-0.04309289510445794
0.05432741709631735,0.27344730117000543,0.2927112554867941,0.16892383663950158,0.12864997015175306,0.23481359230239865,0.08138454974227279,0.21736899017070402,-0.0009943321387808441,0.2815911002167542,0.24716862533989364,0.14432636578728553,0.054782725287799434,0.2002887970087369,1.050766940406187,0.18834445578471795,0.2738064697048167,0.1184676981903851,0.08824041864251624,0.4171371854338949,0.1552659764976115,0.01950738758405968,0.2538563808771976,0.21627555107151844,0.1851538823756563,0.09691477034790642,0.21065840349876475,0.4769698028507457,0.156206974288841,0.09676078470438983,0.08454948588487926,0.1697442881093518,0.1449219163571955,0.3160548615942367,0.16887427517467038,0.048429715558936604,0.5252680826466357,0.2332854337984595,0.3215014668006992,0.10895687986312141,0.26840532830042757,0.1783013360142283,0.18904253843247915,0.011536572579522142,0.19642187375959347,0.03543606427419835,0.29219910985954584,0.1497827289242592,0.43697325070001114,-0.21394959670220173,-0.20173403848007193,0.3015683159188619,0.2487791110110476,-0.04714009727611624,-0.004784372218272899,0.04920135988691726,-0.16540097167523946,0.06205745345426499,0.13305873997849854
0.03333981743221271,0.11430950615879266,0.1311048385195611,0.2175022331647959,0.23754186223090754,0.23815413929356827,0.22467066117638723,0.20787843951913867,0.17121249034777403,0.1600756105623909,0.19764191727079974,0.2388215585938407,0.15598870389767283,0.37807402517080935,0.18834445578471795,0.5681972804340054,0.28372617316532556,0.17264298193185487,0.09254863812731434,0.21847932133519782,0.17124804107222313,0.31713640042476177,0.2428459222170088,0.22550452050806757,0.1661816799119663,0.1926298468965985,0.217627595094,0.23496384812838292,0.2339821050308415,0.028374780626105323,0.16303429422448087,0.3674378174986637,0.13505148492199653,0.2553328485380739,0.19182560003892377,0.056065626779803764,0.2899269093643094,0.17411296217439368,0.23952925836172015,0.1637870438933477,0.21242002818720165,0.1846674523669347,0.24687137653679417,0.016708121642898408,0.1942347378177718,-0.032833111181941634,0.26412834965081944,0.11953222575556358,0.5485680120224883,-0.11283065439606008,-0.1542596432516807,0.1721314395275212,-0.03140775546439909,-0.006681356842374801,-0.001727757546450731,0.06295127280488108,-0.049230338641630414,0.06285424431682939,-0.07405504945172976
0.048651438140165086,0.19666866439446354,0.25534868513564146,0.2033230461666335,0.15089144779574834,0.27765957713498407,0.2539454831167355,0.23930817027374793,0.168489440245469,0.20694275070726673,0.23581032939028423,0.2141718151879551,0.1477622782934477,0.23414772958203378,0.2738064697048167,0.28372617316532556,0.7295166224800835,0.16349581331876267,0.15239542786619323,0.34465559829929665,0.17877506321910286,0.2401200034565788,0.14948439781952455,0.21900173962285507,0.326373997003593,0.08571670859760064,0.2556281077017434,0.3329152467372229,0.26993767929303114,0.035949388502610896,0.2418333776117469,0.2365939101438504,0.20774028945074177,0.3055698784637807,0.1437525447056796,0.061431341979402664,0.4824125374632603,0.2367032724706452,0.20344169760320824,0.13375892790443009,0.24966650137086432,0.17727246238539937,0.2780678404527382,0.011247090534215251,0.22999411931731512,0.0685960279824541,0.33229024991278505,0.1295686545926041,0.44254986813696684,0.2997248827937089,-0.06412136697071384,0.14036513103996254,-0.1426076938088195,-0.0861985645768846,0.004453542347263124,0.020037941962981098,-0.043378869988978934,0.04110917772663841,-0.0029936900064769932
0.07439675772267755,0.21254154494347288,0.19832315139491213,0.23345231570222413,0.19021023109213048,0.2056953099907682,0.2534186676347023,0.16631345859937027,0.18187220803768422,0.16815967759540812,0.17164143835954307,0.29214070718088486,0.13710308318926281,0.1458046433204286,0.1184676981903851,0.17264298193185487,0.16349581331876267,0.8793380565493037,0.10781622031655323,0.06898186653875883,0.2426993275757207,0.24477253041794717,0.5214678465033566,0.14528596265455945,0.4487552357233123,0.4374267518207398,0.16091354623692924,0.4528082607327581,0.19469261498431448,-0.09796332746103996,0.45432508509898406,0.18688064987789518,0.17184546964947453,0.2688955850308536,0.12178574339225748,0.13391104326635767,0.21815905136224614,0.0983785150587363,0.30998697358920074,0.18091591863890014,0.21042953186834715,0.21899219463917396,0.30666008748197826,-0.0031308806036984193,0.32812657571250803,0.06371209595122794,0.21035077434207436,0.06374262486973142,0.2808532042017467,0.2262053078568483,0.1132623472569629,0.22613957786381403,-0.4603383070059869,-0.11192205435583226,0.023729059190745604,0.061537816066817394,0.04616192077986878,0.056835917464694664,-0.2148762955841767
0.048349188081661464,0.0007528869903363706,0.2810850224823078,-0.010525637176523434,-0.03652734685898884,0.21677445184814345,0.04894817808545752,0.21625340081585862,0.0018510168805188423,0.057719208991238405,-0.039251560085488656,0.016801032324816972,0.015210010721594147,0.07117553214403641,0.08824041864251624,0.09254863812731434,0.15239542786619323,0.10781622031655323,1.4106720948003937,0.18965133089064648,0.14283785453766668,0.10212559055324417,-0.3793988933047412,0.016286481917830484,0.05325069762246264,0.03944640688502445,0.05527920688729251,0.07923591230071857,-0.08845073056351167,-0.1442063932347728,0.42258902383952146,0.03454174119708792,0.12329812783268453,-0.02021426708884975,0.013573452970144239,0.04341090938479863,0.3983551838862908,0.1344216169621079,0.3445065764726381,0.009308602775929136,0.04629181297377581,0.10944789291828462,0.14921093276955982,-0.0029038279451151336,0.4012425937227206,-0.03314581577105193,-0.0473194198586371,0.13683289273015592,-0.10693098390556009,0.7383340696720053,0.1009324363882876,0.039394417748844744,-0.42050199813382777,-0.23129915886839691,0.01638027256582959,-8.635693523110088e-5,0.06446574727792656,0.05576550713896816,-0.09241362490089308
0.030900336092689676,0.3465180779162559,0.27819603642522234,0.15004792265317662,0.1397988815304785,0.3852078662623047,0.16381454254896574,0.3496066711885261,0.1454503803068234,0.1613226077108859,0.2511416482384853,0.14360487935746089,0.12557501475882146,0.2693620197033628,0.4171371854338949,0.21847932133519782,0.34465559829929665,0.06898186653875883,0.18965133089064648,1.0877999975034722,0.1492445176228659,0.1024795704629028,0.3109816212949717,0.27467007314968445,0.18832937864508772,0.34586772035986896,0.40517981213766036,0.38498678392858054,0.3721942259973598,0.13874738382084195,0.051837836585025346,0.2320479467078157,0.1502290765341385,0.45997675243258734,0.27500430159845823,0.033971902001750785,0.841897228245135,0.5536457211516641,0.6966695133763567,0.3158122997162592,0.3135091007364905,0.1782101776201126,0.3935833066667784,-0.010863271373377129,0.6870503087384349,-0.05963204321971399,0.3919393757473854,0.25476086019446004,0.7251897091237806,-0.044727732885872916,-0.30951140619482215,0.189454517515133,0.1786414650872003,-0.10041478518850482,-0.05390936058382808,-0.0009799747999997646,-0.03515542292127927,0.058909605347821095,0.030451833843867997
0.050216020502331565,0.18600323824615464,0.18218214950644,0.14205641927795262,0.12918067489933116,0.22885730323852752,0.2104669362500759,0.1732945969270077,0.20302485114860713,0.10055299980962959,0.16154570365252305,0.17309384140558068,0.13049424083703837,0.17870268266000672,0.1552659764976115,0.17124804107222313,0.17877506321910286,0.2426993275757207,0.14283785453766668,0.1492445176228659,0.47721888003421853,0.19389319158676457,0.23748168720251794,0.16717770645624905,0.16557371080424277,0.1873281219055443,0.19118319457780258,0.3108365666225199,0.12230867262626424,0.07170340753133692,0.20361571099232995,0.19143159106673474,0.18253890874878576,0.18355447779912798,0.15030439370130905,0.050701043396714524,0.3131928139663899,0.14593891481570595,0.29656999231139214,0.1365217226034766,0.20676932512022428,0.4136583437333037,0.35995267349825577,-0.000608630290162381,0.4253632293550147,-0.010738796437773644,0.2523985097690655,0.14404954045226082,0.27548195287648597,0.11616712831651298,-0.08624254106219854,0.15341323647812888,-0.1230618152790558,-0.058465810785253605,-0.01583200871199729,0.014593682485035333,-0.06321967811955034,0.08884581720989311,-0.0578539167752577
0.04709543127689084,0.14548128121625767,0.26273504515382945,0.15300864421643998,0.12461832718147592,0.28049449178177316,0.278859803777062,0.18441399212109863,0.47280544965021337,0.13416312668623132,0.1557451683216605,0.2015559070405238,0.20136492307574172,0.28571239308807594,0.01950738758405968,0.31713640042476177,0.2401200034565788,0.24477253041794717,0.10212559055324417,0.1024795704629028,0.19389319158676457,0.8214203372525245,0.32880028328573446,0.19079802762872636,0.1054766731533209,0.2991323117355231,0.19891319142383698,0.2057437008293284,0.26359095871824817,0.0005246524092135842,0.13868655926661,0.30278522694276033,0.12648738445992422,0.3400059904528871,0.22009466695828933,0.01791117749956206,0.26034200843588307,0.1327046626728366,0.36600476395599973,0.12460129848307622,0.18497655802999716,0.20020781591998962,0.2550705674293928,0.023093418407498817,0.18698014068549856,-0.03513226603866905,0.29448410727692764,0.1129603339915608,0.614845176861937,0.03687184138926491,-0.1943375707524872,0.014947861833594072,-0.09962559259102587,-0.05051501616534157,0.01806814124622001,0.0856668236003693,-0.04060354213723993,0.0035826428687789026,-0.09755533353507757
-0.003949018987042491,0.0013200675444549348,0.1160006389086765,0.22594817452516958,0.20372735001733522,0.19895939328307755,0.30471429109714276,0.14635491588694355,0.3290288688045931,0.214585358906546,0.23608149887465518,0.24183132655366554,0.23077595056697445,0.286299274520996,0.2538563808771976,0.2428459222170088,0.14948439781952455,0.5214678465033566,-0.3793988933047412,0.3109816212949717,0.23748168720251794,0.32880028328573446,1.889328562959654,0.5226153949488263,0.30090272419371006,0.22548520257609814,0.3454357184869386,0.48020278095705365,0.6193309360236338,0.3968206255533405,-0.6079037284130095,0.2606409757175281,0.475940320973581,0.5575442629727099,0.29221359598932606,0.11670527856710876,0.7691300357225141,0.21225329952862265,0.6725898908501945,0.3303554642600032,0.4399180907376434,0.24813892009199492,0.276716579775442,0.00589186417476687,-0.029827020081983492,0.16089329807873562,0.6142842633891568,0.1896954653017271,1.3106938715485126,0.06625989448107396,-0.4614428671140176,0.10435913737685017,0.2567168853441069,-0.028733104069848418,0.1058818410712763,0.134992692901802,-0.1379533910274828,-0.11564886318584532,0.08841867326634473
0.01732024825103438,0.09348414111657646,0.14356558822072726,0.15335022049864414,0.15624254529062945,0.19828746314775586,0.22794971642122852,0.15822695368512102,0.21583081473871754,0.14661301148380787,0.16298091013172641,0.15239520463724482,0.14918550653688092,0.28345630049157833,0.21627555107151844,0.22550452050806757,0.21900173962285507,0.14528596265455945,0.016286481917830484,0.27467007314968445,0.16717770645624905,0.19079802762872636,0.5226153949488263,0.6430136411502597,0.26123478637704245,0.11488599547850427,0.31971677931644465,0.3594349840380932,0.249803691066411,0.41812412230194784,0.20504604338355686,0.3091013597585431,0.38603672487165913,0.17185336537926874,0.26846722569971576,0.2742760947746564,0.38562630119188424,0.2181869742581647,0.2354790404792148,0.1536210818141942,0.32346251238779694,0.1844827582425108,0.23448327173839964,0.03254867858489307,0.03719601258895531,0.16435049960319104,0.29440912754636644,0.008039103718252104,0.6464284495381841,0.08168197830846492,-0.27424938151424927,0.1461445845864096,0.09051839262737767,-0.05481576961039087,0.033119939120143695,0.008333460981481898,-0.01870867652233662,-0.06528742194088542,0.056346172818478535
0.08530368430506832,0.2512977974446473,0.2597282929422569,0.2072177928085195,0.17602904821229634,0.2131433971561916,0.21678944563563884,0.15813212114228706,0.12560116776048585,0.22990757045731278,0.20931194227006233,0.3318770945156246,0.14869380325603304,0.23447255969305322,0.1851538823756563,0.1661816799119663,0.326373997003593,0.4487552357233123,0.05325069762246264,0.18832937864508772,0.16557371080424277,0.1054766731533209,0.30090272419371006,0.26123478637704245,3.1913521168567405,0.2509695565984198,0.19840370285422135,0.11927985897054258,1.061695644274935,0.027743010659259888,0.5069087396487819,0.3103000183693721,0.04730113328269808,0.8570983887202578,0.37334064002283796,0.596548435221338,-0.25733684583066213,0.15942504058420673,0.6195531116375101,0.21100774382145285,0.27322998299234424,0.14517447800794162,0.006003039888367437,0.05526293140674022,0.0672790489124145,0.3399362060752804,0.3022725567132667,-0.38513077702201165,0.3468891261537001,-0.5865768977297782,0.14642593543301058,0.06822643556583431,-0.058860755786778456,-0.029088283373895477,0.0017200453770088906,0.03740149806376958,0.02137786615378609,0.011196333185806644,-0.1325626824308982
0.052207619376891334,0.28392086653171,0.32341836184017786,0.22519259684581108,0.2107308153525744,0.36848213842128485,0.2186822946283697,0.31840955441608726,0.360315515267257,0.14634200268419514,0.22548873965574695,0.2552924108139557,0.21738742719636647,0.27565583756502066,0.09691477034790642,0.1926298468965985,0.08571670859760064,0.4374267518207398,0.03944640688502445,0.34586772035986896,0.1873281219055443,0.2991323117355231,0.22548520257609814,0.11488599547850427,0.2509695565984198,1.8289253749659868,0.27354440286681686,0.5968638956818869,0.166738593322476,-0.6862764146432038,0.35415949262586305,0.32151569767631216,0.06518286736727043,0.3597116608447956,0.14529192061438245,-0.015000340082640689,-0.09156295485932764,0.1913918973174515,0.3564019103679204,0.17577408649518622,0.1453279294950387,0.24329535343201464,0.3910587890367907,-0.05737323131324957,0.6113798455851391,-0.32598520436195844,0.03999767043407354,0.18839356276483266,0.27247010138413824,0.4344748078535048,-0.3413878572000677,0.14812558354402827,-0.494314973665853,-0.061288831906727105,-0.05201944596490435,0.012871081080581066,0.05728709159692418,-0.004857731625675609,-0.06693818712711377
0.07334820035991753,0.29134812938461097,0.20745479677282072,0.11429314017334548,0.10215882786788337,0.263253232751251,0.23723676973977126,0.22290151094010152,0.239238449436666,0.1705472928162284,0.2035997641126008,0.21412471882667353,0.15346942479208606,0.19368383152048727,0.21065840349876475,0.217627595094,0.2556281077017434,0.16091354623692924,0.05527920688729251,0.40517981213766036,0.19118319457780258,0.19891319142383698,0.3454357184869386,0.31971677931644465,0.19840370285422135,0.27354440286681686,1.7105716157496011,0.7065827361155803,0.1416469908082805,0.5614053483275269,0.1704054970897395,0.17823976278385745,0.3694544455334575,0.20298292793850442,0.30464617992607196,0.6715331393293357,0.49740847993822956,0.3197517342594819,0.265552457474216,0.19900137716213548,0.4706234079654635,0.23304082851826663,0.8981866813684076,-0.001400979015826094,0.6619537562359048,0.06354462539658512,0.15198059507047135,-0.10488013185228262,0.35655238800931044,-0.07022219814784146,-0.32729419588523617,0.15530833259172747,0.17567994423973846,-0.07076459182430435,-0.031095289287209647,0.12880080258354493,0.06396329892318317,0.09229726646343914,-0.2321368142386812
0.007720943715960596,0.2978820144228722,0.18899732848953552,0.11647591637811873,0.00414977352125284,0.25835331890637464,0.17069071129773353,-0.10140838753445278,0.34952402179760395,0.16100013786227718,0.1561133078958629,-0.01591186620500437,0.1278835449786119,0.31752499898181336,0.4769698028507457,0.23496384812838292,0.3329152467372229,0.4528082607327581,0.07923591230071857,0.38498678392858054,0.3108365666225199,0.2057437008293284,0.48020278095705365,0.3594349840380932,0.11927985897054258,0.5968638956818869,0.7065827361155803,2.782879604354774,-0.29485737577495214,-0.06949465289446205,0.37047999232652357,0.35106940556460403,0.48773038568988997,0.36550325058273403,0.18074839324439865,-5.507549214339013e-5,0.8884949800464104,0.29841520247502834,0.17634370727852217,0.17592779029026565,0.6406273799636387,0.3725554880967901,0.7039786177988812,-0.03191615370883168,0.43955775731775365,-0.2213848620648909,0.2611793874273939,0.4658568029847339,0.83114208750363,0.49475843626436194,-0.4146893122908052,0.511609237677912,-0.28469476321587833,-0.11257527364031371,-0.018828616308215352,0.1372391486240672,-0.1798318913380207,0.05100805825334658,0.19682001261557408
0.04979732297296988,0.2244513911476287,0.3014794375385792,0.16819047035994825,0.1652046703100065,0.28621306724498596,0.2022272683147737,0.260234281055292,0.22929249022928333,0.24760948927472737,0.2724557304982126,0.266577409675751,0.22638944446768164,0.2551780228456394,0.156206974288841,0.2339821050308415,0.26993767929303114,0.19469261498431448,-0.08845073056351167,0.3721942259973598,0.12230867262626424,0.26359095871824817,0.6193309360236338,0.249803691066411,1.061695644274935,0.166738593322476,0.1416469908082805,-0.29485737577495214,2.2349446335697545,0.29456821193139476,-0.22325963679345093,0.2853830726095556,0.07526404110296865,0.6838168133830674,0.3926332999940074,0.47537939533951457,-0.22508822009262694,0.11360441075105387,0.47191730409641197,0.2064637337385757,0.296760622272329,0.09580506095723636,-0.05010660321453854,-0.016019971072172307,-0.2046363472482114,0.4868630923654128,0.4232999190239006,-0.3348623920261922,0.7018680508056516,-0.021392683341308748,-0.30139389134335287,-0.145547922005557,0.05890295308687821,0.08655538890445767,-0.015495266900632939,0.07489504694654804,-0.07788626305970955,-0.02745701062852516,-0.012793759148284347
0.022229427601790686,-0.04336850781304442,-0.22842927112508782,-0.12416104960572073,-0.007520677577510194,-0.09786024186109431,0.0894511066998063,-0.0020424693920403805,-0.00839418184367875,0.05631073410177147,0.03478580078241235,-0.050255004644608935,0.03764058882242881,0.0015699861502237835,0.09676078470438983,0.028374780626105323,0.035949388502610896,-0.09796332746103996,-0.1442063932347728,0.13874738382084195,0.07170340753133692,0.0005246524092135842,0.3968206255533405,0.41812412230194784,0.027743010659259888,-0.6862764146432038,0.5614053483275269,-0.06949465289446205,0.29456821193139476,2.8918306307355266,-0.12336490099621525,-0.13098656485935675,0.3246713153834469,-0.2733526573300537,0.8466888806082167,0.7417842821372956,0.8403269555932742,0.19751053713793443,0.18192253172570835,0.21840944977235738,0.590335212791253,0.08351629054067022,0.8157538116792898,0.18698205819317798,0.18819659966386404,0.8120260615915007,0.47032470898929696,-0.48529487893368034,0.7469904181928144,-0.13049809455374276,-0.34441916220407215,-0.482503464970094,0.7699021988030039,0.053141576178103306,0.03396494739910887,0.002325688438317571,0.016579724607775893,0.12457319792941375,-0.17249411962905672
0.09724910505199058,0.25537264472803445,0.198445544488857,0.16591823067719136,0.15676245139295478,0.19014416239949705,0.19578877535005684,0.15973147721652,0.0992766157081156,0.09395396922666349,0.10230698850581238,0.2042632986202685,0.06278337226474842,0.15622513154171172,0.08454948588487926,0.16303429422448087,0.2418333776117469,0.45432508509898406,0.42258902383952146,0.051837836585025346,0.20361571099232995,0.13868655926661,-0.6079037284130095,0.20504604338355686,0.5069087396487819,0.35415949262586305,0.1704054970897395,0.37047999232652357,-0.22325963679345093,-0.12336490099621525,1.586527082299803,0.24182301645183876,0.0911887723832845,-0.07253583463872629,0.10164074392996862,0.27974327272933236,-0.249508907843743,0.11925244369359661,-0.08472470652580807,0.047244142541927825,0.10914615102292759,0.19063888428900078,0.26179069798255183,0.02972280715472356,0.37838340660778735,-0.010661849706827186,-0.10831932528952155,-0.05633508302889721,-0.26095872991991714,0.22467716610020882,0.24242267199728162,0.2991636304932251,-0.5829927206990988,-0.13825202261936007,-0.03921621423784292,-0.05140709123329263,0.1650514983083569,0.096303223528797,-0.25208086596305823
0.03911877989768494,0.153064219257407,0.13565705812363837,0.24405314443167414,0.2863110739964858,0.3017003677042382,0.24662019045223513,0.23219240512495545,0.2805123549240362,0.16269520426784567,0.13584875818732065,0.253626003572262,0.13821906719379454,0.6130552790267436,0.1697442881093518,0.3674378174986637,0.2365939101438504,0.18688064987789518,0.03454174119708792,0.2320479467078157,0.19143159106673474,0.30278522694276033,0.2606409757175281,0.3091013597585431,0.3103000183693721,0.32151569767631216,0.17823976278385745,0.35106940556460403,0.2853830726095556,-0.13098656485935675,0.24182301645183876,0.9767294082555936,0.12372883136053442,0.13698906621799867,-0.07233813935838836,0.10346287265697768,0.039781756372869584,0.2047533099376423,0.038760997933354385,0.18326381176155387,0.2258824184211078,0.20473963296910222,0.1737926661441684,0.0006725182516053033,0.16504845079981303,-0.0902151565884849,0.15946129727588376,0.08177323887854311,0.6094739783248099,0.0525037192131795,-0.03674364652116442,0.488460233617127,-0.5536170204689961,0.11780693283104561,-0.05335623991866808,0.053636444261707106,-0.017809826164086683,0.08319346060449581,-0.06959791879744757
0.022703284237697532,0.03724482103439644,0.1051186490000908,0.11794041822717048,0.05746470799043821,0.089248638509237,0.23489841045451396,0.0752419978533394,0.19230758790015284,0.06579016066257376,0.09504291512234585,0.08459047117434446,0.12535365848305738,0.15863287183134325,0.1449219163571955,0.13505148492199653,0.20774028945074177,0.17184546964947453,0.12329812783268453,0.1502290765341385,0.18253890874878576,0.12648738445992422,0.475940320973581,0.38603672487165913,0.04730113328269808,0.06518286736727043,0.3694544455334575,0.48773038568988997,0.07526404110296865,0.3246713153834469,0.0911887723832845,0.12372883136053442,1.571391453543736,0.06632292507635718,-0.23655646948833844,-0.04848769078830164,0.6311308542219085,0.1734801497692801,-0.24329831727470788,-0.07324764654719694,0.09322478715483384,0.21761667883471045,0.5135769274818033,0.034676243243397395,-0.5095737663652845,0.17825380125580356,0.4806732598269233,0.26006609991997615,1.1603958768939666,0.3720516062512736,-0.36560336893211726,0.14166718628746597,0.1700553598089222,-0.27093307199875455,0.06557165017183965,0.0970688544424907,0.024705572309243366,-0.08208231538228458,0.0047316942079809144
-0.09603482549956156,0.28446280865997176,0.36848812302627615,0.20350333006375387,0.1327923959756217,0.35750008794391114,0.2067238977935793,0.31909997977258453,0.31297337321355956,0.2290859701927795,0.2697204417351062,0.1742367255139084,0.21782731885808101,0.2475747622549222,0.3160548615942367,0.2553328485380739,0.3055698784637807,0.2688955850308536,-0.02021426708884975,0.45997675243258734,0.18355447779912798,0.3400059904528871,0.5575442629727099,0.17185336537926874,0.8570983887202578,0.3597116608447956,0.20298292793850442,0.36550325058273403,0.6838168133830674,-0.2733526573300537,-0.07253583463872629,0.13698906621799867,0.06632292507635718,2.411571901693581,0.5022351589936744,-0.23389019505690423,0.6573117979840138,0.19359897345308735,0.39667121963543245,-0.01311175650681227,0.5065598997331476,0.21957214066542907,0.3173350661724216,0.09727323954605299,-0.18807843733641327,-0.00384449932634957,1.0466621664643387,0.5469559838544823,1.2844102013922516,-0.4352957500270314,-0.1890729273179397,-0.13271786477782868,0.6066472242135332,-0.2552028973439148,-0.11451408732773595,0.12876427815466243,-0.19796922962890287,0.04113567148480936,0.17892505928693603
