1.015397816613636,-0.0007800199378104602,-0.0010377623248303844,-0.0013655268769391436,-0.0018051716038052549,-0.002501458478406251,-0.003456373972821709,-0.0010309742870047729,0.0005368103479061621,0.0015774834741360789,0.002061481493676808,0.002229814775753308,0.0021463915635947842,0.0019215613398589466,0.0011304330732572903,0.0004781597307281405,0.0001350933635059107,6.847751183439807e-5,0.00010081634950956874,0.0001464679136643151,0.00022168173724743925,0.00026585102749885226,0.0002721778456530363,0.00020241440723783337,0.00010729587819900322,1.5515662732232187e-5,-6.697510831314376e-5,-0.0001572724587999769,-0.0002476382942769347,-0.00028701881465005764,-0.0002846367489449137,-0.00026233238055075757,-0.00020335517871534003,-0.0001427092459155732,-5.894215445885459e-5,2.3769306928783833e-5,9.227449215892716e-5,0.0001334454245461973,0.00015345131332806782,0.00015749084571083511,0.00017248694671884827,0.000242823603412782,0.0004261275976056989,0.00028581472172341986,0.00018233892384695793,0.00010841799693777235,6.483256207841431e-5,3.4871534248130495e-5,1.86562135710315e-5,-1.9012218806574422e-5,-0.00012542533015518547,-0.00018576656661395296,-0.0002002002726372161,-5.201017213639754e-5,-5.1425644808898365e-6,-9.918089550962144e-6,-6.963543130619308e-5,-4.358141729376912e-5,-2.2781054162953064e-5
-0.0007800199378104602,1.0149378665629094,-0.001431455103794387,-0.001938186609543554,-0.0026138980071067188,-0.003682377542759899,-0.005209489565880121,-0.0016697393495591773,0.0006109182129527759,0.002112305465468877,0.002953253229382483,0.003102262167995706,0.002982535472733848,0.002555889140458778,0.0015074120724231797,0.0005822256460789467,0.00014761431890686488,0.0001311703719838941,0.0003209740366856877,0.0004927389521773406,0.0005741924367973038,0.0005245353040846025,0.000429176986939744,0.00030175044559048285,0.0001827043811558802,7.47513738300379e-5,-2.4298955769412863e-5,-0.00014446635151539434,-0.0002675187706052547,-0.00032474382566060814,-0.0003289283473473367,-0.0003100711561369013,-0.0002460912932238607,-0.0001825747927168465,-8.82272655093869e-5,5.197291261093109e-6,8.260994887676513e-5,0.0001285161031400391,0.00015118122495163492,0.00015880215736012546,0.00018919697020958954,0.0003073559966653715,0.0006050193740475911,0.0003977075817422717,0.0002468317463149462,0.00014308752500155858,8.367699137855523e-5,4.433377250893784e-5,2.3395352370127206e-5,-4.7147650476814164e-5,-0.00020697576576922204,-0.000323552993216156,-0.00031960171015867897,-6.87745969933145e-5,-3.885037884608295e-6,-1.572980197487665e-5,-7.451071931949488e-5,-3.1686654554222904e-5,-2.066528433712374e-6
-0.0010377623248303844,-0.001431455103794387,1.013938737881933,-0.0027809963465309407,-0.003877143737875455,-0.005622242658425838,-0.0080953016219164,-0.002752302750911688,0.0005980791638078791,0.0029503347773684936,0.004239529743892389,0.0045356380154236995,0.004057487282204951,0.003452339311254046,0.0019691545813438805,0.0007437378786875852,0.0001859142516521201,0.0003018987322457451,0.0007861067100373843,0.00119160317316646,0.0012492373184634401,0.0009981226721229156,0.0006967753441163778,0.0004713083664975198,0.0003226618005157861,0.0001974916242835334,7.858744278120989e-5,-8.675573548365689e-5,-0.00025843258206125326,-0.00034490747483612564,-0.00036700575383240486,-0.0003615801308182998,-0.00029638209236644146,-0.0002359640149641801,-0.0001382705416327738,-4.002964811738743e-5,4.065556116232619e-5,8.75810513826429e-5,0.00011383440127163577,0.00013000706528125045,0.0001924254148017272,0.000398330135093774,0.0009029037825191283,0.0005738217945776077,0.0003435707509150929,0.0001927862758488687,0.00010953106572278373,5.684491817904823e-5,2.9454113372210545e-5,-8.59472110108911e-5,-0.00031704100821178585,-0.0004896173324286209,-0.0005538129456386213,-0.00010021863501942755,2.058367585911236e-5,5.129975157037663e-6,-6.75540581097431e-5,-3.292478612028516e-5,4.715408372152875e-6
-0.0013655268769391436,-0.001938186609543554,-0.0027809963465309407,1.0119630079858004,-0.005897001772545343,-0.008817038093469117,-0.013345427182714519,-0.004449468290464942,0.0008358553201772581,0.0043294310474785895,0.006311942815549961,0.006492274678839802,0.005539427770620263,0.004455385315724025,0.002549829623189884,0.0008978306402630302,0.0002649664285500922,0.0006117994254727636,0.0016103504540468606,0.002452084533121317,0.0024764376360317092,0.0018667059257600543,0.0011977501513362478,0.0008275289138346208,0.0006346740887058946,0.0004863598485902501,0.0003360834445847947,0.00010050683140370101,-0.0001408561329645456,-0.00028006002547421567,-0.00033782631083597355,-0.00035515067637519174,-0.00030618474811060096,-0.0002734295257968927,-0.00020200752664815164,-0.00012993810939386754,-7.835024320295515e-5,-5.098996345958035e-5,-3.503766055389941e-5,-1.0208680342954455e-5,0.00010588066032634049,0.00046538295328322967,0.0013452925792985368,0.0008303139872138569,0.0004811365924484112,0.0002621309911998265,0.0001444772610720158,7.358845874333549e-5,3.7424713603605765e-5,-6.474242397411753e-5,-0.00043116111696400483,-0.0008155139020948424,-0.000840850310812228,-0.00012823243962184074,2.9413191613973936e-5,5.419571576188929e-6,-0.00010073096780428728,-6.638592345251543e-5,-9.305418361035598e-6
-0.0018051716038052549,-0.0026138980071067188,-0.003877143737875455,-0.005897001772545343,1.0068288745591638,-0.014367093896006244,-0.02287450145249069,-0.0077021053765310805,0.0009568452037764698,0.006601453731942528,0.009816585384497574,0.009883950114677194,0.007575295285032083,0.005760264596594978,0.0032463410229245375,0.001159536559003328,0.0004704267224913253,0.0012746848991410796,0.003149765596604276,0.004743824843374461,0.004669305912955964,0.003441661384266843,0.0021353499565175895,0.001573020168749251,0.0013131169928865436,0.0011110029086228896,0.0008934015855198729,0.0005292282067554811,0.00017467750196505265,-6.36353015494529e-5,-0.00019895771977514174,-0.0002546837242015286,-0.0002439795074822623,-0.0002782214601739747,-0.00028832696427805816,-0.00029911652959740465,-0.00033736632817551006,-0.00036426488690889425,-0.00037725253348653247,-0.0003376090040027096,-0.00012175177464727865,0.000511263654120699,0.0020649063438028517,0.0012296823703660462,0.0006885949932900259,0.000364063572813907,0.0001941178120858084,9.678403441521338e-5,4.8108401337108126e-5,-1.513599899586188e-5,-0.0006014323167983739,-0.0013179690022063096,-0.0013854744854133768,-0.0001772990950719244,5.1282480722650775e-5,6.352829437410964e-6,-0.0001397679857640517,-0.00013706457995531934,-6.095647648116184e-5
-0.002501458478406251,-0.003682377542759899,-0.005622242658425838,-0.008817038093469117,-0.014367093896006244,0.9921391500786871,-0.04038641798502684,-0.014488340725003193,0.00038828501050832814,0.010413728702639053,0.015742054365251282,0.015871609310031065,0.011564658839758263,0.008509096088336263,0.0049280268444856995,0.0020916082971118807,0.001229803204734278,0.002588471514836089,0.005299324366460053,0.0076896868379792045,0.007496605274781006,0.005768606439456248,0.00393203078682387,0.0033067489722402458,0.0029130204869399386,0.0025308117737694903,0.002121700285155572,0.0015307257953768789,0.0009650945073964188,0.0005305496467728783,0.00023142405495695683,8.074933106861216e-5,-2.0119099720444343e-5,-0.0002201676977730142,-0.00040405495944846305,-0.0005850257528453911,-0.0008006946495887887,-0.0009657272349497294,-0.001075653122532392,-0.0010463424313094632,-0.0007001788384948693,0.0004001056821009086,0.00315272711753157,0.0018703651234782163,0.0010328187601262105,0.0005372803765161731,0.0002802435232348635,0.00013772951671379763,6.73232712233745e-5,-0.0001295931254897837,-0.001088276549894195,-0.002409581318043241,-0.0024747563343227694,-0.0003357506631584117,6.793239195389607e-5,-1.8470583731667218e-5,-0.0003174307417444658,-0.00036696270617381986,-0.00026080298211384666
-0.003456373972821709,-0.005209489565880121,-0.0080953016219164,-0.013345427182714519,-0.02287450145249069,-0.04038641798502684,0.9412813527912851,-0.031007430998318427,-0.002529543635113169,0.019181508348008854,0.02658787390867096,0.026931597944600125,0.01888362924346604,0.013663810015203266,0.008044037128990274,0.004150066998124466,0.0027759941673605633,0.005099681584936388,0.008746837045301985,0.012507750028265267,0.01205453477850131,0.00985618348110684,0.007468532565567552,0.007151334762706312,0.006493557058604514,0.0055979936270269225,0.004683711836146663,0.003619129966909183,0.0026644041282446926,0.0018419615482627627,0.0011880373887962015,0.0009297094168552746,0.0006037664794094527,4.885059523132726e-5,-0.0005144098698113199,-0.0010736940819491081,-0.0016818008678796612,-0.002151242120759928,-0.002484015569893656,-0.002501258637645209,-0.0019519198727396504,-4.100044257222068e-5,0.0048265801635257915,0.002862332466885352,0.0015651465520060436,0.0008052539639688851,0.00041222631431283,0.00020032735260787815,9.639073756986693e-5,-0.0005285611570776366,-0.002050319716989916,-0.004551386114526574,-0.004362500077846341,-0.000667454620305311,8.323342949392713e-5,-0.0002235184000595553,-0.000835978714219115,-0.0010519549047654187,-0.0009088679080329306
-0.0010309742870047729,-0.0016697393495591773,-0.002752302750911688,-0.004449468290464942,-0.0077021053765310805,-0.014488340725003193,-0.031007430998318427,0.9651602576175804,-0.017383537582067066,0.02202521028164536,0.012845476756176522,0.014570683654447624,0.01916749935444976,0.015469483164770436,0.0072007600638690035,0.0013849167593475112,-0.000553202625610087,0.0008238721365213149,0.0034600309294356823,0.0055569437004919075,0.00580390830458203,0.004900691522962521,0.00386394738664536,0.0034144993071712087,0.002982227411935896,0.0025527884039723996,0.002113925997834956,0.0015951309671016832,0.001038059485746403,0.0007066785535755695,0.0004626280592363936,0.00015816863753857495,-4.6952918278095585e-5,-0.0002450163160937942,-0.000308737563792693,-0.00035482805705112816,-0.00039552583850866146,-0.0005657939309147147,-0.0007380668519641193,-0.0008592308158994705,-0.0007602529688043756,1.3323127578770469e-5,0.002213412269811104,0.001401868262685562,0.0007957528879406295,0.00041827728248737496,0.00021962555575338687,0.0001076443621668814,5.1928719491708394e-5,-0.00016431570509276632,-0.001003801718398717,-0.0018692171858630123,-0.0019583584299733485,-0.0003339183679380584,0.00013367347009479586,-4.940274552417316e-5,0.0004818191806253885,0.00023843952962104321,4.606517165389438e-5
0.0005368103479061621,0.0006109182129527759,0.0005980791638078791,0.0008358553201772581,0.0009568452037764698,0.00038828501050832814,-0.002529543635113169,-0.017383537582067066,0.9865650132161689,-0.03146484508992976,-0.016889221031646657,0.013916311230714322,0.029846511323518572,0.022994429023788995,0.00858923460124436,0.000700554939041229,-0.002343663471127564,-0.001156735657537994,0.0010857363926473494,0.0025624401240397442,0.0029029549613968624,0.0024932594106096486,0.00200562057688625,0.0016272277225809313,0.0013555240305566712,0.0011221200067880255,0.0008846038470331423,0.0006170670339114515,0.00029684558556483496,0.000167876316528278,9.866587576960006e-5,-0.00013102233553047917,-0.00022881299034320794,-0.0002543221143168249,-0.0001723151537877307,-7.030259408754595e-5,3.090196283815107e-5,-1.8828798333610333e-5,-9.320221180463199e-5,-0.00019548702778413634,-0.00020763422130193833,0.00010039012615879824,0.0010795206486812349,0.0006955863553810925,0.00040890052851880383,0.00022242764928148782,0.0001215010680156738,6.050560815592646e-5,2.9474016612433847e-5,-0.00020245800338124657,-0.00028258469159103683,-0.0003280400368509284,-0.0006455629187448191,-6.603145749032193e-5,-4.240389566830668e-6,3.1124084352472424e-5,0.00030054477211076505,0.0003704784961413616,0.00037858450267561663
0.0015774834741360789,0.002112305465468877,0.0029503347773684936,0.0043294310474785895,0.006601453731942528,0.010413728702639053,0.019181508348008854,0.02202521028164536,-0.03146484508992976,0.9303615779529055,-0.05225766894419065,0.011182306983741357,0.046599002213828566,0.02712333653612172,0.006188866343901369,-0.0017352064372651251,-0.0033614526649435594,-0.0016456207797936548,0.0007351955531254723,0.0019226611484322459,0.002107436211349012,0.0016506866002547955,0.0011750112646791685,0.0008322422444240729,0.000629691047854206,0.0004619242509881126,0.0002972679036136649,0.00011722606431962479,-7.172178800567127e-5,-0.00011381912041489323,-0.00010083885902767217,-0.0002090989517378853,-0.00022450796180121464,-0.00018929615591900968,-8.561451799369394e-5,2.6382809443128053e-5,0.00012695571725915804,0.00014335943672379335,0.00012715906041955955,6.999549915798342e-5,5.8241284491323694e-5,0.00018465647202245232,0.0006102442975539241,0.0003724193522038686,0.0002201157735556451,0.0001230162866827948,6.959725074863056e-5,3.5208135797795615e-5,1.7349575749161088e-5,-0.00036120109557716143,0.00020082877867192827,0.0005859676882114297,0.0005576558773445698,0.0002656855168568504,-4.879512587672804e-5,0.00017723120626663243,-0.00026624290699393767,0.00022314633867836624,0.00042726508207108444
0.002061481493676808,0.002953253229382483,0.004239529743892389,0.006311942815549961,0.009816585384497574,0.015742054365251282,0.02658787390867096,0.012845476756176522,-0.016889221031646657,-0.05225766894419065,0.954077820412416,-0.015636389914761132,0.029765482708558364,0.02196468587767911,0.00335937204090465,-0.001582453961573479,-0.00258904747475328,-6.598196555009874e-5,0.002233259499664315,0.0028175855398357486,0.002277866534782304,0.0013309889583277734,0.0005905387805767247,0.00018690386469041886,6.373236273070354e-5,-1.8022613817803875e-5,-0.00010365297111446013,-0.0001979531672396214,-0.0002894520859929993,-0.0002710136524678609,-0.00021259443372138853,-0.0002946059259415753,-0.0002631497552296759,-0.00015436141254458136,-4.426336149802541e-5,7.981007526929233e-5,0.00018123941823775116,0.00021740057087998624,0.00024498553034387816,0.0002162859839166469,0.00021304001775584587,0.00023857049935036782,0.0003731026699335759,0.00016463978894756131,9.088856261972822e-5,5.2852194306152766e-5,3.203186497807991e-5,1.6523780601801555e-5,8.146812302493239e-6,0.0005565344481911537,0.0018218719594713922,0.0023335099027314505,0.001601707976225408,0.00047866163996386897,0.0002088557267315665,0.00014900230926521662,3.0161533022111544e-5,0.0005003272942694383,0.00020146437234022232
0.002229814775753308,0.003102262167995706,0.0045356380154236995,0.006492274678839802,0.009883950114677194,0.015871609310031065,0.026931597944600125,0.014570683654447624,0.013916311230714322,0.011182306983741357,-0.015636389914761132,0.9518257811394965,-0.056671858235905884,-0.010219983296992658,0.009588405471761785,0.00484973473553426,0.0025650121056531895,0.002572874001801399,0.003966975382645923,0.0044330904618759635,0.003477870352810379,0.0017694073217672487,0.00035671053942349225,-0.00020710148080136306,-0.00026713847298751796,-0.00023928871894070777,-0.00023800491977331642,-0.000274724900234152,-0.0003066113737213311,-0.00026835763727857306,-0.00019599316257386514,-0.0001910093899345442,-0.00014748856338312017,-8.390124030580006e-5,1.232910815931607e-6,8.659574568536226e-5,0.00015678818201055712,0.0002124991735598259,0.00023863528181976022,0.00022490065475021893,0.00021628082725453978,0.0001830232662745211,0.00011361547445296201,3.276760143507559e-5,1.8198588024369673e-5,1.4059390258271827e-5,1.1040658101681104e-5,6.139838331926435e-6,3.129011204335507e-6,0.0010407753630791476,0.0020928892892957893,0.0023146808823236455,0.0020117040336333387,0.0007155015310877874,0.0002595811464844059,0.0004398647975625885,0.00015869127971781695,0.0005444751895698753,-1.3862414459444509e-5
0.0021463915635947842,0.002982535472733848,0.004057487282204951,0.005539427770620263,0.007575295285032083,0.011564658839758263,0.01888362924346604,0.01916749935444976,0.029846511323518572,0.046599002213828566,0.029765482708558364,-0.056671858235905884,0.9082800217245612,-0.053284524053102876,-0.007596707271399969,0.006696118917313295,0.008952737549293915,0.0077871322398974105,0.0072106980032598965,0.007014443011940512,0.005193550980107235,0.002351421663470749,4.3038038987589196e-5,-0.0007867495808152713,-0.0007363731112341905,-0.0005424310431615218,-0.00041571159701997066,-0.0003685359246240047,-0.00034016542193774377,-0.0002726994976039645,-0.0001986106643997337,-0.00021215525158231008,-0.00015842058613796427,-5.56746991658183e-5,2.2030594192203813e-5,0.0001089856259565996,0.00017696356198037937,0.0002212124665569995,0.00025725869679460147,0.000243708367309554,0.00022620997526817498,0.00014981926771083103,8.632413029907777e-7,-7.214426217271577e-5,-4.780448220475394e-5,-2.223706184568994e-5,-8.714366399434171e-6,-3.762589506358632e-6,-1.8096428411707128e-6,0.0021574326161119075,0.0025621499532516743,0.002496237612395467,0.0013973013552561252,0.0006621784105719005,-0.00013770938210281496,-0.00019574619054908268,-0.0003840222581498234,-7.678487657636666e-5,-0.00023889485773063057
0.0019215613398589466,0.002555889140458778,0.003452339311254046,0.004455385315724025,0.005760264596594978,0.008509096088336263,0.013663810015203266,0.015469483164770436,0.022994429023788995,0.02712333653612172,0.02196468587767911,-0.010219983296992658,-0.053284524053102876,0.9476374414511413,-0.036282834185147536,-0.004362247782668779,0.009157797834405665,0.009015079437435299,0.008820972544137011,0.009421384468973346,0.0075734625650593565,0.0032815588977908234,-0.0005051469777570117,-0.0017730128455471924,-0.001553750972616924,-0.001068989204275282,-0.00072323837370909,-0.0005406392389015925,-0.00041940858055115594,-0.0003149192182818187,-0.00021506567051723908,-0.00014231547283603715,-7.372811936964138e-5,-3.6946761018143624e-6,6.851502965373828e-5,0.0001337917209636464,0.00019233075353122697,0.00026230034774634293,0.00030164607786572204,0.00030313563283245777,0.00026837127964993705,0.00010599497331242002,-0.00031753641295392956,-0.0002350505122885523,-0.00013551732807448054,-6.81696034782263e-5,-3.293896316787223e-5,-1.5604769508625896e-5,-7.377949917229783e-6,0.0008080673711162236,0.0006540185344356519,0.0007223581185642618,0.0009168630462557625,0.0005283273078244383,-0.00033882918786707874,0.00011270993813632507,0.00019790186476915272,-0.0003440990836665923,-0.000100674626804939
0.0011304330732572903,0.0015074120724231797,0.0019691545813438805,0.002549829623189884,0.0032463410229245375,0.0049280268444856995,0.008044037128990274,0.0072007600638690035,0.00858923460124436,0.006188866343901369,0.00335937204090465,0.009588405471761785,-0.007596707271399969,-0.036282834185147536,0.9831699030673837,-0.012311165838208467,4.232866093188208e-5,0.004417198101951184,0.008558881248550804,0.012210818701485491,0.010572277539493954,0.0043503125285068,-0.001353994430587631,-0.003204521961482517,-0.0027003538044333237,-0.001792155906967733,-0.0011461195656200015,-0.0007834255685688812,-0.0005528250913561684,-0.00039415225721881866,-0.0002727471189955005,-0.000176509730707652,-8.358491085224582e-5,2.4647185867188997e-5,0.00010243796298151944,0.000176108826426868,0.0002432478276654595,0.0003191765710749385,0.00037679511419965947,0.00038899642873923754,0.00033994288838383306,9.891551423361837e-5,-0.0005393762076666993,-0.000387328585932677,-0.00022459806139417244,-0.0001162018292703092,-5.8494036174389865e-5,-2.8271178233150814e-5,-1.349366623587433e-5,0.0002272021057008431,0.00020831768086579792,0.0006262694314142787,0.0005991488760581837,0.00013470095907906047,-0.00022503642623267927,-0.0003148684854657116,0.00026693110881933265,-0.0003577899100200913,-7.396012000395084e-5
0.0004781597307281405,0.0005822256460789467,0.0007437378786875852,0.0008978306402630302,0.001159536559003328,0.0020916082971118807,0.004150066998124466,0.0013849167593475112,0.000700554939041229,-0.0017352064372651251,-0.001582453961573479,0.00484973473553426,0.006696118917313295,-0.004362247782668779,-0.012311165838208467,1.0009443897891817,-0.010914989546149763,-0.0034776081960178314,0.006932734366483075,0.015053300084550497,0.013545793391645205,0.005387692674900038,-0.0021096004750165154,-0.004491033324614811,-0.0037204862142024364,-0.0024004766684756116,-0.0014688668945654797,-0.0009453495454996015,-0.0006222943919285165,-0.0004259669005188034,-0.0002833832913523949,-0.00013520006408756735,-2.955115556991869e-5,6.814315616695861e-5,0.00014494082607363523,0.00020371805930274894,0.0002677632751167772,0.0003541161108124525,0.0004135563571303013,0.00043261983411737974,0.00036436884892693044,5.1370581971485025e-5,-0.0007966510396245694,-0.0005242958000519542,-0.00029916222149103293,-0.0001555585368609843,-7.943599769680393e-5,-3.852047467056486e-5,-1.8378201439169374e-5,-0.00039470023690146557,-0.0003136041812739125,0.00027468751885080967,0.0005322219257701458,-1.4977332473549545e-5,-1.0425256167848997e-5,0.00015496915132413253,0.0002705370433454594,1.9057732987202222e-5,8.34814422790562e-5
0.0001350933635059107,0.00014761431890686488,0.0001859142516521201,0.0002649664285500922,0.0004704267224913253,0.001229803204734278,0.0027759941673605633,-0.000553202625610087,-0.002343663471127564,-0.0033614526649435594,-0.00258904747475328,0.0025650121056531895,0.008952737549293915,0.009157797834405665,4.232866093188208e-5,-0.010914989546149763,1.001471649239276,-0.007744458894473663,0.003757073687324256,0.01306087192082889,0.011724175505488415,0.004254183890426312,-0.0024891030560227076,-0.004578972207774607,-0.003750776255261024,-0.0024273765691518803,-0.0015028049248209574,-0.0009563459549713245,-0.000612446985394008,-0.0004072569631154726,-0.0002676846482093039,-9.943566740159186e-5,1.2726706121471812e-5,0.00011614384630508702,0.0001871135495770509,0.00023787707490472473,0.000295560129235826,0.00037124921852067625,0.00042485519680141124,0.00043969622170102906,0.00034859523990282,-1.4092386956510447e-5,-0.000996380128725702,-0.0006265451706252277,-0.00035281682764005923,-0.0001837158716730688,-9.442594898884831e-5,-4.584686139464908e-5,-2.189796778015992e-5,-0.0005764850612931089,-0.00042466484155110495,0.00020355808758065018,0.00037817392821978986,-0.0002146119094766513,3.705396708752125e-5,5.552769597999376e-6,-0.00021800559755137455,0.00012661053008648318,6.165910575138339e-5
6.847751183439807e-5,0.0001311703719838941,0.0003018987322457451,0.0006117994254727636,0.0012746848991410796,0.002588471514836089,0.005099681584936388,0.0008238721365213149,-0.001156735657537994,-0.0016456207797936548,-6.598196555009874e-5,0.002572874001801399,0.0077871322398974105,0.009015079437435299,0.004417198101951184,-0.0034776081960178314,-0.007744458894473663,1.009445009874118,-0.0029740486799738636,0.00010632642431553847,0.0002505835968472616,-0.0009507526755734133,-0.002008320334731736,-0.0022301638395423773,-0.0018362153400078,-0.0013585349603394254,-0.001007136479415919,-0.0007055458161996644,-0.0004582346819971716,-0.00029972626167610895,-0.00019707838687035826,-2.19882520362914e-5,7.41619641878019e-5,0.0001500211479602377,0.00020050737258060143,0.000221914692994188,0.00026420794979377713,0.0003269641012343271,0.0003734554278861262,0.0003899349698857329,0.00029409038328178023,-8.339129502229686e-5,-0.0011159195184740373,-0.0006843079352725375,-0.0003876372456838224,-0.0002053514344692836,-0.00010815612854265529,-5.335836565096013e-5,-2.596693579163929e-5,-0.0005617101570296352,-0.00040265820847885757,0.0001340252273892278,0.00040615504859619966,-0.00015799137584511145,3.411312127239791e-5,4.15914798294015e-5,-0.00020312730561244602,5.332238066634963e-5,-2.102966483739209e-6
0.00010081634950956874,0.0003209740366856877,0.0007861067100373843,0.0016103504540468606,0.003149765596604276,0.005299324366460053,0.008746837045301985,0.0034600309294356823,0.0010857363926473494,0.0007351955531254723,0.002233259499664315,0.003966975382645923,0.0072106980032598965,0.008820972544137011,0.008558881248550804,0.006932734366483075,0.003757073687324256,-0.0029740486799738636,1.0018740184095918,-0.022485285620136686,-0.019981409836619165,-0.00993230964053436,-0.0007870410360683329,0.002399603774606289,0.001929994353289012,0.0007527302614899951,-1.9743731176311402e-5,-0.00020230051698440248,-0.00014765722784144296,-8.741816241981446e-5,-6.220759911986123e-5,0.00012917068010911563,0.00019236738532558872,0.00022147990179697887,0.0002261325280390857,0.00020415473320666648,0.00020980068147705266,0.00024286243002489074,0.00026773610941419073,0.0002826275938117614,0.00017747823954554834,-0.00020660206988975095,-0.0012864617551965286,-0.000764256135558432,-0.00043381118939493017,-0.0002328106669300217,-0.00012508597976777596,-6.251834425050957e-5,-3.0907527331845976e-5,-0.00046925861939441815,-0.00034211053004045203,9.679917521798237e-5,0.0003988720977640362,-0.00017220741423591796,-0.00011442355455019056,-0.00025354445097235215,-0.0005415081024211841,-0.0004769290103750429,-0.00040650575457837774
0.0001464679136643151,0.0004927389521773406,0.00119160317316646,0.002452084533121317,0.004743824843374461,0.0076896868379792045,0.012507750028265267,0.0055569437004919075,0.0025624401240397442,0.0019226611484322459,0.0028175855398357486,0.0044330904618759635,0.007014443011940512,0.009421384468973346,0.012210818701485491,0.015053300084550497,0.01306087192082889,0.00010632642431553847,-0.022485285620136686,0.9752208748979635,-0.03649208165401039,-0.017315637416701096,0.0001839602198770338,0.0061522480269491165,0.00499473914508424,0.002510830599245968,0.0008709429630406127,0.00034964752256273025,0.00028333197145532217,0.00028272057084738057,0.00024944144166771595,0.0003299356203641393,0.0003006624060850012,0.000246361060877041,0.00018269345614561723,0.00010901550209764257,8.104481738524134e-5,6.933289228672922e-5,6.842840270237179e-5,7.485619618415474e-5,-3.405609257329101e-5,-0.0004055999944323412,-0.001417302214293184,-0.0008368852182703765,-0.0004783234674137605,-0.0002608775931692816,-0.0001435125796076046,-7.299108570596542e-5,-3.671389836706238e-5,-0.0002305643772801946,-7.186288011972022e-5,0.00028926621574902253,0.000481421153476159,-6.308992295223053e-5,-0.00021214436310452794,-0.00023047418177298508,-0.00017048343618622627,-0.0002538573142901735,-0.00021344821455216827
0.00022168173724743925,0.0005741924367973038,0.0012492373184634401,0.0024764376360317092,0.004669305912955964,0.007496605274781006,0.01205453477850131,0.00580390830458203,0.0029029549613968624,0.002107436211349012,0.002277866534782304,0.003477870352810379,0.005193550980107235,0.0075734625650593565,0.010572277539493954,0.013545793391645205,0.011724175505488415,0.0002505835968472616,-0.019981409836619165,-0.03649208165401039,0.9829805207177065,-0.01599540046212557,-0.00033432019564956907,0.005221563264283687,0.004342040498997476,0.0022632712041654964,0.0009339413154171175,0.0006410951272507596,0.0007104593057568225,0.0007252850174574171,0.000646752627340305,0.00062814094540021,0.00048688121597565835,0.0003234398884500083,0.0001597706610652741,1.8622911322504052e-5,-6.882394093631193e-5,-0.00014501921022655592,-0.00019072274344356997,-0.00019309584424350592,-0.0003219931890284453,-0.0007113505176420779,-0.0017783972387592126,-0.0010326953973119229,-0.0005875929800564829,-0.00032120125590480084,-0.00017842758721430107,-9.151645382501099e-5,-4.655112976786998e-5,-0.00015707200385960444,2.5462405081949095e-5,0.00036048143973029954,0.0005030186776576559,-4.491133275862098e-5,-0.00017759596430064995,-0.00017604344466808024,-0.0001560127081928442,-0.0002650818690181677,-0.00024027921570837177
0.00026585102749885226,0.0005245353040846025,0.0009981226721229156,0.0018667059257600543,0.003441661384266843,0.005768606439456248,0.00985618348110684,0.004900691522962521,0.0024932594106096486,0.0016506866002547955,0.0013309889583277734,0.0017694073217672487,0.002351421663470749,0.0032815588977908234,0.0043503125285068,0.005387692674900038,0.004254183890426312,-0.0009507526755734133,-0.00993230964053436,-0.017315637416701096,-0.01599540046212557,1.0072080306732363,-0.001928468381069001,0.0006928890741093069,0.0007488168665723242,0.0003966408193232683,0.00029234427875582603,0.0006284511385872896,0.0009857849181037354,0.0010937135727831055,0.0010198478827372758,0.0008599754391028932,0.0006066089608963056,0.0003575041882448776,0.00011867030488054454,-8.01068813333084e-5,-0.00021004473887397247,-0.00033615545123784465,-0.00041877572639662994,-0.00042816485118762275,-0.0005765498632582754,-0.0009845573404996793,-0.002087040596959128,-0.0011846366929118865,-0.0006697298902397385,-0.00036680576706054144,-0.00020523904146533878,-0.00010598008951051281,-5.427151025468781e-5,-9.142084210755272e-5,0.0001044451948309376,0.0004020872275432804,0.0005332837890976897,-4.368131761927751e-6,-8.237949876616513e-6,-1.4060941618135038e-5,0.00015449590956965542,2.0299462767138757e-5,1.0027826356291165e-5
0.0002721778456530363,0.000429176986939744,0.0006967753441163778,0.0011977501513362478,0.0021353499565175895,0.00393203078682387,0.007468532565567552,0.00386394738664536,0.00200562057688625,0.0011750112646791685,0.0005905387805767247,0.00035671053942349225,4.3038038987589196e-5,-0.0005051469777570117,-0.001353994430587631,-0.0021096004750165154,-0.0024891030560227076,-0.002008320334731736,-0.0007870410360683329,0.0001839602198770338,-0.00033432019564956907,-0.001928468381069001,1.0129058389169874,-0.003219744260748019,-0.002423414945795524,-0.001344532831262709,-0.0004490039492752118,0.00033403524180672606,0.000890398686881279,0.0010751872504306532,0.0010479237158235069,0.0008550044771506397,0.0005966868385422242,0.00036494740005286455,0.00012602697062197803,-7.315564490278935e-5,-0.0002142268958209061,-0.0003392888860161606,-0.00042060778110368117,-0.00042874080301083696,-0.00058086491006836,-0.001016691579235453,-0.0021720265640357765,-0.0012369367538828298,-0.0006967861217565809,-0.0003791982265446218,-0.00021144748502037268,-0.00010880877771548299,-5.567790361322947e-5,-9.309179069049643e-5,9.892598986001357e-5,0.00037642848293556875,0.0005313419504785207,1.2387373072363754e-6,0.00011884712522812988,0.00010358052508982285,0.000406762110348659,0.0002478288020687497,0.00021053473915490432
0.00020241440723783337,0.00030175044559048285,0.0004713083664975198,0.0008275289138346208,0.001573020168749251,0.0033067489722402458,0.007151334762706312,0.0034144993071712087,0.0016272277225809313,0.0008322422444240729,0.00018690386469041886,-0.00020710148080136306,-0.0007867495808152713,-0.0017730128455471924,-0.003204521961482517,-0.004491033324614811,-0.004578972207774607,-0.0022301638395423773,0.002399603774606289,0.0061522480269491165,0.005221563264283687,0.0006928890741093069,-0.003219744260748019,1.0113640083500892,-0.0037110484673724747,-0.0021849444591747653,-0.0009890994060838744,-0.00014563820726951632,0.0003893241769668988,0.0006150879594871772,0.0006797676256995315,0.0005041464870115291,0.0003300292129076542,0.00022357245923903732,0.00010396153412202816,1.2298119659989833e-5,-3.759970919589425e-5,-8.469719847523728e-5,-0.00011251491895563675,-0.00011516867605917738,-0.0002613919945901473,-0.0006949914543682508,-0.0018156812436340957,-0.0010153573784234947,-0.0005621363547792267,-0.00030143206779993995,-0.0001651933373208427,-8.386073643624764e-5,-4.2251068050632165e-5,-8.71759546064435e-5,8.545538686859795e-5,0.0003199894674666159,0.0004821443646340954,2.729255890669292e-6,0.00014869190888380606,0.00014151514738857662,0.0006065231475469229,0.0005115096215873734,0.00044940677949553134
0.00010729587819900322,0.0001827043811558802,0.0003226618005157861,0.0006346740887058946,0.0013131169928865436,0.0029130204869399386,0.006493557058604514,0.002982227411935896,0.0013555240305566712,0.000629691047854206,6.373236273070354e-5,-0.00026713847298751796,-0.0007363731112341905,-0.001553750972616924,-0.0027003538044333237,-0.0037204862142024364,-0.003750776255261024,-0.0018362153400078,0.001929994353289012,0.00499473914508424,0.004342040498997476,0.0007488168665723242,-0.002423414945795524,-0.0037110484673724747,1.0128811352568186,-0.0020328591251289113,-0.001193898840368603,-0.000635977768156907,-0.00027879921539142706,-7.582711504369014e-5,6.591967801895286e-5,1.7545032793905045e-5,-2.5075241226197972e-5,2.7208575148978788e-5,8.124575398716427e-5,0.00015200421184654128,0.00024082643437472006,0.0003112404397062038,0.0003576049690376569,0.00035926675435104995,0.00022032742553619534,-0.00020527294768673927,-0.0012626642048468018,-0.0006789066252689245,-0.0003548869986594193,-0.0001788657158825245,-9.09533169464597e-5,-4.362115242499879e-5,-2.049872988761176e-5,-7.421606222978126e-5,7.623327127632326e-5,0.000278290346337405,0.0004428915719470392,6.831992329570205e-6,9.87582150881259e-5,0.00010372774005321587,0.00047544694976717943,0.0004517546118077824,0.0003976711481160258
1.5515662732232187e-5,7.47513738300379e-5,0.0001974916242835334,0.0004863598485902501,0.0011110029086228896,0.0025308117737694903,0.0055979936270269225,0.0025527884039723996,0.0011221200067880255,0.0004619242509881126,-1.8022613817803875e-5,-0.00023928871894070777,-0.0005424310431615218,-0.001068989204275282,-0.001792155906967733,-0.0024004766684756116,-0.0024273765691518803,-0.0013585349603394254,0.0007527302614899951,0.002510830599245968,0.0022632712041654964,0.0003966408193232683,-0.001344532831262709,-0.0021849444591747653,-0.0020328591251289113,1.014322928758566,-0.0014034269256888866,-0.0012740357221759989,-0.0011517992871737915,-0.0009763420878208066,-0.0007113840357997292,-0.0005421044769665284,-0.0004349069783641205,-0.0001543077375306123,0.00010963222194536867,0.00035089468034088853,0.0005741850470957696,0.0007719203218928316,0.0009052856822346349,0.0009172742930945974,0.0008069803489525284,0.00040827598277031136,-0.0005648318674969593,-0.0002956819361434182,-0.00013254936849076452,-5.1018051417008135e-5,-1.4939434126705064e-5,-2.5998722750642087e-6,1.4777338051300115e-6,-7.473660672704802e-5,5.428707250124432e-5,0.0002413975612558087,0.00039023281089342816,6.161100908963152e-6,1.8291696119163023e-5,3.153607147783351e-5,0.000210201275585445,0.0002485188667972894,0.0002132275874651831
-6.697510831314376e-5,-2.4298955769412863e-5,7.858744278120989e-5,0.0003360834445847947,0.0008934015855198729,0.002121700285155572,0.004683711836146663,0.002113925997834956,0.0008846038470331423,0.0002972679036136649,-0.00010365297111446013,-0.00023800491977331642,-0.00041571159701997066,-0.00072323837370909,-0.0011461195656200015,-0.0014688668945654797,-0.0015028049248209574,-0.001007136479415919,-1.9743731176311402e-5,0.0008709429630406127,0.0009339413154171175,0.00029234427875582603,-0.0004490039492752118,-0.0009890994060838744,-0.001193898840368603,-0.0014034269256888866,1.0143891139411452,-0.001846403006746296,-0.0019483067474279298,-0.0017822140405965971,-0.0013373457332187097,-0.000984216631077342,-0.0008601637132761466,-0.0003360245634930149,0.00015161154096584721,0.0005414295526450476,0.0008776820886922086,0.0011756427109965615,0.0013721056598956511,0.0013849119919240533,0.0013048664680616379,0.0009554397355941099,0.0001012244925857016,7.534287693889758e-5,8.323761983058923e-5,7.2452450056842e-5,5.827255245647718e-5,3.6657449473055934e-5,2.2518401136548918e-5,-7.034336099277078e-5,3.1522059687431756e-5,0.00022007712018192976,0.00033872976256140596,-7.78680197619158e-7,-4.2787413137699746e-5,-2.818523857582372e-5,-1.1875481461737985e-5,8.449568272146394e-5,6.158933153012838e-5
-0.0001572724587999769,-0.00014446635151539434,-8.675573548365689e-5,0.00010050683140370101,0.0005292282067554811,0.0015307257953768789,0.003619129966909183,0.0015951309671016832,0.0006170670339114515,0.00011722606431962479,-0.0001979531672396214,-0.000274724900234152,-0.0003685359246240047,-0.0005406392389015925,-0.0007834255685688812,-0.0009453495454996015,-0.0009563459549713245,-0.0007055458161996644,-0.00020230051698440248,0.00034964752256273025,0.0006410951272507596,0.0006284511385872896,0.00033403524180672606,-0.00014563820726951632,-0.000635977768156907,-0.0012740357221759989,-0.001846403006746296,1.0135474151751125,-0.002762639605916825,-0.002539400976338355,-0.001732551434589828,-0.0012831639099885172,-0.0014969598470480133,-0.0006845347840961148,0.00010034843698951278,0.0006704071665040447,0.0011689563238327272,0.0015841617547240037,0.0018458092963127214,0.0018561277571607585,0.0018050625152662286,0.0015268196697099288,0.000837817157928599,0.00046680372401945887,0.0002991125232187531,0.00019129775560819385,0.0001260793736110948,7.211090739668833e-5,4.1022891418782574e-5,-4.54839377275557e-5,2.909331511192428e-5,0.00021335581998310825,0.0002818928053597977,2.0249726811328796e-5,-8.925014636211374e-5,-7.662853629986372e-5,-0.00015959996103536667,-5.192285754610088e-6,-2.2728819734044156e-5
-0.0002476382942769347,-0.0002675187706052547,-0.00025843258206125326,-0.0001408561329645456,0.00017467750196505265,0.0009650945073964188,0.0026644041282446926,0.001038059485746403,0.00029684558556483496,-7.172178800567127e-5,-0.0002894520859929993,-0.0003066113737213311,-0.00034016542193774377,-0.00041940858055115594,-0.0005528250913561684,-0.0006222943919285165,-0.000612446985394008,-0.0004582346819971716,-0.00014765722784144296,0.00028333197145532217,0.0007104593057568225,0.0009857849181037354,0.000890398686881279,0.0003893241769668988,-0.00027879921539142706,-0.0011517992871737915,-0.0019483067474279298,-0.002762639605916825,1.0127072121360259,-0.003190478860276748,-0.0024481900645412116,-0.001719345770588211,-0.0016151595002860915,-0.0006543053884421298,0.00014623699304200678,0.0007651583438760839,0.001355521760210627,0.0018262092110026737,0.002108741235264557,0.002118781130153949,0.0021192584749700066,0.0019687628384484936,0.0015164873300615507,0.0008553062662274984,0.0005223999107040398,0.0003151749154272389,0.00019719234162280126,0.00010901068948027199,6.01865221900926e-5,-4.191455761526128e-5,-1.918294039664043e-5,0.00017514344575306735,0.0001853099708553398,9.006636782393972e-6,-0.00010805212951695294,-0.0001077816295197744,-0.00027309839362479595,-6.15501470770767e-5,-6.983354870589323e-5
-0.00028701881465005764,-0.00032474382566060814,-0.00034490747483612564,-0.00028006002547421567,-6.36353015494529e-5,0.0005305496467728783,0.0018419615482627627,0.0007066785535755695,0.000167876316528278,-0.00011381912041489323,-0.0002710136524678609,-0.00026835763727857306,-0.0002726994976039645,-0.0003149192182818187,-0.00039415225721881866,-0.0004259669005188034,-0.0004072569631154726,-0.00029972626167610895,-8.741816241981446e-5,0.00028272057084738057,0.0007252850174574171,0.0010937135727831055,0.0010751872504306532,0.0006150879594871772,-7.582711504369014e-5,-0.0009763420878208066,-0.0017822140405965971,-0.002539400976338355,-0.003190478860276748,1.011613305955081,-0.0066608411994919774,-0.004431785900547039,0.0011592718601808058,0.0014738741376460712,0.0008022632269899019,0.0011115740544067314,0.0016696773048344685,0.002034995174920176,0.002226415266607693,0.0021879261913320567,0.0022435975503346224,0.0022530331580284616,0.0020792919316810123,0.001113492062741895,0.0006507322354928833,0.0003794642830516161,0.00023110855900658174,0.00012505328726403135,6.79425423200413e-5,-8.570511006001703e-5,-0.00014689061122910273,0.0001092092040433873,3.3058434386210156e-5,-3.480946556865965e-5,-0.0001689617091080745,-0.00011778260510755895,-0.0003379192313338612,-0.00016419902018841248,-0.000122478656776087
