0.9429737811220349,0.1694133212837559,0.34842077915981695,0.06391182494780079,0.30138630242696873,0.1032214811383348,0.23849390758589414,0.1547230436924016,0.1484858853431553,0.22222854454439134,0.09977429097365662,0.181222572500939,0.0340805446155442,0.18624893685208022,0.1508430365951592,0.14582936588073606,0.09621330771613411,0.13458988614106987,0.0279010656465892,0.09043543253242481,0.08016011501323879,0.02080251635743196,-0.048589721450406076,-0.0036243919084530778,0.10334889958405376,0.23860841814111763,0.07502653493152399,0.24669233541579086,-0.017687420200869174,-0.04979977176754017,0.1689562751627069,0.13754313094039858,0.08319516010485148,-0.1250082601925658,0.016214299111715447,0.12731582509924635,-0.008917143613357223,0.08477014003179836,0.03065004710482062,0.0232070955023548,0.14299613362836427,0.07385525616315328,-0.0543452051017984,0.043723610191696904,0.17137838460779245,0.17705024455501134,0.05641843438223119,0.005718834687673095,-0.04282987516938269,-0.09772105849998369,0.0349091284956692,0.17996755158814168,-0.10959594946299243,-0.005448044271510419,-0.3025480535367553,0.06559847861619046,0.1513431762907279,0.41444658387479516,-0.6092784381860286
0.1694133212837559,1.2852658564013242,0.6568690384742562,0.161705087619471,0.09827366620297123,0.319400545253184,0.06736030249458955,0.33546217513697674,0.12611622670025843,0.21375747026283853,0.151080640200271,0.11121289006423965,0.061996122802910884,0.18478710882310703,0.12909965094621667,0.11780123503936614,0.1416089229738636,0.32691954699376813,0.01113914428389135,0.3306792871452536,0.24870124681992725,0.09172902730636287,0.05221133933954004,0.007724043354624933,0.39743433605890055,0.3562795818138873,0.125329017709369,0.36241243710127924,0.2952024612022718,-0.13282196446607233,0.23916523532995865,0.10191565952041359,0.11328926219408023,0.22879993914918242,0.08957257707697908,0.24875037670676817,0.1168825120218378,0.1794030265907945,0.252897811013345,0.08281871736223755,0.19726185251020711,0.22623786920829594,0.17657653649793673,0.07119308325604626,0.6066595052272049,0.2823672580648683,0.15036480893840623,-0.020163306638149223,-0.4711094419765923,-0.27231486849537595,0.23157724306425959,0.4057432499309278,-0.2956125674786381,-0.06684876114935825,-0.3323196744069712,-0.21336640712868243,-0.3112273211540676,0.33367581961002796,0.15940684621311427
0.34842077915981695,0.6568690384742562,1.5557658967490682,0.07844579339091706,-0.0634714038174555,0.1318299656333301,0.10100538236639248,0.28119670083737686,0.31677243311768194,0.22117108312632278,0.030602466315018808,0.10291249489820779,0.028935238482592423,0.13321308016597308,0.12540811933083892,0.07055562274891128,0.15884981521913727,0.2009746420503906,0.03584784486767866,0.10050636918988998,0.1525649950629136,0.0874011074512579,-0.034323770030018214,0.061386656594960565,0.2825382724696588,0.2832052525404229,0.14062754851159523,0.4018022427624325,0.1260089788461984,-0.5682941268396879,0.2824355183014265,0.0824158319346081,0.030366244900508405,0.04198588673119612,-0.13415539218997807,0.4092714384373512,-0.04547947621903052,0.08311921023478333,0.10121248662434255,-0.15826795750380124,0.30059335175373336,0.1491363514502504,-0.1445397212040465,0.04133309163199203,0.46944294385939744,0.4531587005465258,-0.09598084805834937,-0.07200967003595485,-0.6636440595258768,-0.17053807508727123,0.14881170465274934,0.5165121370656651,-0.2602259285852959,-0.18733282720012526,-0.2604537207992358,0.059790442304223194,0.07627216637499591,0.09268224097697268,-0.3373309413093971
0.06391182494780079,0.161705087619471,0.07844579339091706,1.1036541334080527,0.533786040348266,0.45774285138241605,0.3143348978815778,0.250894910223351,0.21404344332193437,0.20492821732035305,0.23330730845396397,0.2919464757230345,0.1558059205293582,0.3202978455350734,0.23260492179247097,0.26890028351452855,0.1968803586157401,0.2334005016847653,-0.02029731412340683,0.21277814865662215,0.17878953955162918,0.16981792618170635,0.2100491241649658,0.19342410620819642,0.29287096194737894,0.3235679994291137,0.09993154587540184,0.08340084630052173,0.3166846361854412,-0.01732915308758586,0.18188994991226193,0.1688777090108362,-0.022463170327379954,0.4244755199030885,0.19001978907171463,0.17173779489245106,0.060857250494258726,0.09997719474009885,0.2395088253101767,0.14193308031836313,0.05321394601710781,0.1661415391659812,0.34417231826964406,0.058630251819817875,0.21932911391364474,0.07264431977303548,0.1608355265745069,-0.02272906267808794,-0.0381789142213515,-0.2223679973885881,0.010160069769597999,0.19665851657572658,-0.05603537752515909,0.02538571523278916,0.17952919630802391,-0.0507097012039227,-0.2094629733001443,-0.00954531523542568,0.12791829919904463
0.30138630242696873,0.09827366620297123,-0.0634714038174555,0.533786040348266,1.2015550649227824,0.3334090590149958,0.19585186838880392,0.2389380005893434,0.24319654094878262,0.2633022631522965,0.21617137162673916,0.2508639117079385,0.14642760468527483,0.2908671678183011,0.30114510179657317,0.2921532194308163,0.13469145569221466,0.22967643816511357,-0.01803039428653339,0.20079514500940007,0.15352817903176394,0.11320780399531129,0.20568999404767774,0.18241885013126743,0.1746409591722789,0.30910625072944625,0.06295465328371805,0.0344959274970319,0.23875547965737207,-0.012760086020879406,0.18767633867632288,0.17401914044502456,-0.042158123645920725,0.4321367445317963,0.258555462680191,0.13217124377923564,0.06920115058281794,0.07354758991215302,0.18584071312285344,0.17846749272735807,0.03993425981334433,0.16257985405168868,0.26443242551816354,0.07669365927946593,0.2048159698885645,0.026269966025415654,0.1584788934699208,-0.0036707947036318193,0.03059912668992127,-0.28937493752273125,0.04420001492026624,0.06886775082862175,0.02581539896457066,0.1436734984381748,-0.010440787950906303,0.048345252882367185,-0.13276231123756804,0.12303083295398203,-0.1426300106169314
0.1032214811383348,0.319400545253184,0.1318299656333301,0.45774285138241605,0.3334090590149958,0.9411523713610517,0.1094918447537844,0.45049693371864075,0.24021934014175608,0.30064295007493386,0.3400212113096355,0.3116175894034814,0.1368326867156409,0.3575406889538106,0.20153473657773818,0.24275509342322113,0.25964645548779897,0.2839356194370985,0.13710687860223042,0.3515520821853565,0.1966387730228232,0.16226243664339537,0.1337716722280561,0.15621361497576788,0.37880562929753536,0.4296061542319912,0.14600878819357924,0.18562534352576232,0.4069984364776101,-0.06494580449079393,0.25963062221012123,0.22571544913207683,-0.026612877851150473,0.4002635104399693,0.24972983959409106,0.13832719200896304,0.11463896071546723,0.18849352780978493,0.3269563613641873,0.18586426051500737,-0.04432591644739754,0.17006198631411623,0.3290513520329231,0.07374888576868968,0.3508020316168896,0.10819589263032543,0.19199531119670435,-0.015708149552479744,-0.004058240229434384,-0.10181716010961347,-0.04701242998778767,0.19258950645919773,-0.16765297559193934,0.06042486128015321,-0.04898416582918396,-0.030283913292454532,-0.1377746720443629,0.24655906758406568,-0.19562580122182044
0.23849390758589414,0.06736030249458955,0.10100538236639248,0.3143348978815778,0.19585186838880392,0.1094918447537844,0.623367611944848,0.0773039562363204,0.2705039202047866,0.11583799958448512,0.16141620511137578,0.30183775603571905,0.11248789496372519,0.08322513833511423,0.13566986732041594,0.1673964183178653,0.14357207548622203,0.14587861672771318,-0.03749299527422422,0.049224111180831455,0.10965253891217526,0.13984305198352323,0.119388387699148,0.12232469422159095,0.14625529864454634,0.18693160196825623,0.15909559722383493,0.06255625117152726,0.13079424672714116,0.04572496977263469,0.13152398130684595,0.14721450295154334,0.06417826598495506,0.2110298742396587,0.07086088903783763,0.1798733199647462,0.029439182216323006,0.0391040513761441,0.09006585170262196,0.051182254365464974,0.10501696609526742,0.10130315360530422,0.11859512173485524,0.036423248796670124,0.0742515352634105,0.12075378391446269,0.09464852629859793,-0.017127406492962807,0.07952583650809611,-0.11041835040137885,-0.01863618528860804,0.03522177871329896,0.11724868806437322,-0.07111903238141484,6.532943217411852e-5,0.08617972683485596,-0.018676903662183292,0.06336256730770652,-0.2028602222426842
0.1547230436924016,0.33546217513697674,0.28119670083737686,0.250894910223351,0.2389380005893434,0.45049693371864075,0.0773039562363204,0.7298148163246142,0.0637653374322141,0.28470181772091685,0.3227791420227618,0.21138835271040593,0.13225798596564206,0.29620860364347695,0.14867203891184977,0.2097242825830842,0.24961678989804806,0.2096197413099448,0.14745910393690195,0.3023144691462695,0.1386470871675011,0.10557111678296825,0.04799703564078591,0.07488505715597495,0.2820691755151346,0.28641570896145113,0.1254874233654013,0.2091337399868753,0.2645619053272625,0.05397225836980395,0.17434265697432652,0.185048531008422,0.05075854923086046,0.2979663012468639,0.13008728360185434,0.16986926908348585,0.14826704739133373,0.17557028362630317,0.2286190894948722,0.09061169626881145,0.08542373065110336,0.12214820813493771,0.2074106877898778,0.08263142865461853,0.34611789480800087,0.1782716246350298,0.19632499535902254,-0.0069478346893862885,-0.1521526666444089,-0.12420458042284932,0.0314493954758595,0.11600526796639928,-0.022412526478672135,0.0040210010061278185,-0.2314138219857155,-0.10350058309297865,-0.009289138763110745,0.40256064209708464,-0.3184867069391706
0.1484858853431553,0.12611622670025843,0.31677243311768194,0.21404344332193437,0.24319654094878262,0.24021934014175608,0.2705039202047866,0.0637653374322141,0.6911166423275005,0.07143058016885684,0.03291491151499795,0.12331501494636576,0.060937548228022165,0.15731491261060554,0.14840691089782057,0.11331883597257111,0.13743368563729322,0.13876386327322984,-0.11144979395432347,0.0600135710545441,0.1241551150482415,0.0675812192296372,0.016295776639665045,0.16181457220227194,0.06455054902263496,0.339168719864896,0.11965536383582862,0.18038051724648438,0.018330955791411526,-0.2154511985250703,0.2751095789441859,0.09561030535617666,0.027087936841343835,0.056584831743687954,0.10896571165549568,0.13040303037811632,-0.05967495960146538,0.030190931622212588,-0.0021451170354812514,0.06522390536392289,0.04067181061215478,0.11623163107725303,0.06626070467811657,-0.0001795850642074182,0.2127829677608459,0.126035300208526,0.0033583891412561732,-0.02920215552000419,-0.13351870299196814,-0.1870991375267711,0.07195392447924313,0.21629139363656508,-0.08646013721438935,0.007734392655779634,0.12032538063038943,0.19938548501757794,-0.0682944655751377,-0.053549009633577636,-0.26020020004838385
0.22222854454439134,0.21375747026283853,0.22117108312632278,0.20492821732035305,0.2633022631522965,0.30064295007493386,0.11583799958448512,0.28470181772091685,0.07143058016885684,0.937345368985574,0.24686102706942387,0.3063505469827696,0.0869701448863787,0.24117818648658015,0.2941494702616522,0.19320539779003143,0.251948165823352,0.34125106397931715,0.13587375582079256,0.15149436707602706,0.15562074183529076,0.1770625442287312,0.2817004775533093,0.16267462526711976,0.26612426338035106,0.20338255455566095,0.2423698772046029,0.08369822701787571,0.3077007497891907,0.18041862949199716,0.16156003794045287,0.17969512348419991,0.0724125610277398,0.47718941002797277,0.29246702919630596,0.2738844809115658,0.2181652780033435,0.07419067763063569,0.26560354450500395,0.14075993594603625,0.2145774708178741,0.15184875223585315,0.22696366836811693,0.1487000470223138,0.4183200509804993,0.24681705163718656,0.3211754986414321,-0.027004363006620496,-0.09407340172795386,0.012006146843332203,0.0884296100217075,-0.15851757436601596,-0.024393109225899615,0.11339595810242381,-0.2104771190702273,0.024947812789208015,0.06617451311105906,0.1862124562862415,-0.2872214763611989
0.09977429097365662,0.151080640200271,0.030602466315018808,0.23330730845396397,0.21617137162673916,0.3400212113096355,0.16141620511137578,0.3227791420227618,0.03291491151499795,0.24686102706942387,1.167426606612749,0.367702554542069,0.1625700484410146,0.21053522435087607,0.330618700273227,0.41353256616763606,0.283437496616092,0.2512691937069072,0.1276673262267858,0.41543407985972397,0.2809957379656221,0.1541061019393822,0.14263833752393212,0.23368872788138548,0.1298390897512098,0.13362285325906467,0.3100460212675343,0.12927125337424908,0.263431381788338,0.3376363159277197,0.2942559139845986,0.24623017005054376,0.22663705876183948,0.3444682169192062,0.2578152783589992,0.29003660172932155,0.19175818338127754,0.20295552328031055,0.29161520019791853,0.24141858454540352,0.10496721425525182,0.2803272330679671,0.2939673879673553,0.12577108555027175,0.5813382095378898,0.2797478985103139,0.3475388074539736,0.010331625231224901,-0.07633384306743494,-0.4771642070064539,0.13226235777882434,-0.2780933163219055,0.6382035372468626,0.041905122608498505,-0.19943260421604572,0.08187846425869566,-0.09515484862068875,0.26224824113615136,-0.2911238841639046
0.181222572500939,0.11121289006423965,0.10291249489820779,0.2919464757230345,0.2508639117079385,0.3116175894034814,0.30183775603571905,0.21138835271040593,0.12331501494636576,0.3063505469827696,0.367702554542069,0.7817616888714457,0.12983309327673773,0.18355912418463316,0.21374422783481817,0.2645071559201361,0.21388600113027653,0.1673055752436425,0.10665754022641655,0.1890997908669561,0.14378237802237379,0.13500758267535531,0.13637093494319316,0.1319388684252995,0.16885803133280763,0.1775409209991966,0.2239878921013283,0.13148424944252088,0.23423971219790723,0.10421105357555785,0.11520590133104609,0.24588808742819807,0.07537895801487905,0.2992965034067303,0.14702884287894957,0.22420408339908854,0.061633956386096644,0.09970386382415991,0.2026149656303865,0.11162908957816309,0.08229582121282346,0.13355801967060899,0.18831521384787298,0.06635424790084195,0.19129885346895315,0.15641112486948044,0.16869330025368912,0.004102770549417145,0.16442573733763485,-0.23152220711315935,0.010675768755003824,0.06659651922142307,0.07514526921466771,0.011188269726960097,-0.06532083030505068,0.1011795257030735,-0.056284874116797355,0.16918413125162465,-0.34336570863041643
0.0340805446155442,0.061996122802910884,0.028935238482592423,0.1558059205293582,0.14642760468527483,0.1368326867156409,0.11248789496372519,0.13225798596564206,0.060937548228022165,0.0869701448863787,0.1625700484410146,0.12983309327673773,0.3983468354729803,0.09496903452495205,0.10944980073144467,0.14939583159783426,0.1663741668595629,0.10599555049718316,0.09912773003452222,0.09730097658405444,0.11101153974781443,0.25828375546152427,0.10819993262848464,0.14345071304272997,0.14978167500279754,0.14469092567582595,0.14675420718320314,0.019128899732608347,0.20472164332751985,0.11742486012000762,0.10574234442200087,0.16609344198857526,0.08624280162138286,0.21694317275088118,0.14422689721836365,0.1405073844732914,0.07161299178709561,0.061973513612755375,0.17691927439811023,0.07688756115051298,0.10211992512401342,0.1078407611806614,0.1482703624587604,0.07718758530592246,0.02752314110119113,0.15157671438591735,0.14273415542569914,-0.04048591162579672,0.1417360998848508,0.0839032205617555,0.0028556118664594342,-0.1729508401011791,0.07119992533271824,-0.011105215712194194,0.13510360491009388,-0.021612036567534826,-0.10357616970421056,-0.2066838592026487,0.24011953371923495
0.18624893685208022,0.18478710882310703,0.13321308016597308,0.3202978455350734,0.2908671678183011,0.3575406889538106,0.08322513833511423,0.29620860364347695,0.15731491261060554,0.24117818648658015,0.21053522435087607,0.18355912418463316,0.09496903452495205,0.5614910702966804,0.2387592759690139,0.2728977592763344,0.21722072506577417,0.16694243143702595,0.07625519704893033,0.27075511810320013,0.19318399376390616,0.1303579608632613,0.1098449117556071,0.14939105833918886,0.26574308690074333,0.3371363268205381,0.029251774236551342,0.17944495038355063,0.23490229696887702,0.05821073982321333,0.17483380670575566,0.14776720295398854,0.023696762963096602,0.23184175938916424,0.1446071249842677,0.18790844609374388,0.0602006527215766,0.1276457264637756,0.2458868153865941,0.1415376236137183,0.15616508042858163,0.17613317786100627,0.24967037543189707,0.07541933728780217,0.31684268114315095,0.12114511104516498,0.17659917667161376,0.004451296018850134,0.09208843217310317,-0.16784004227452481,0.053929427730206314,0.08350269140616218,-0.05502060285811182,0.052414672779177274,-0.15753339248168488,-0.005553976221119896,-0.16059951041257284,0.3041798145339565,-0.1477145683889341
0.1508430365951592,0.12909965094621667,0.12540811933083892,0.23260492179247097,0.30114510179657317,0.20153473657773818,0.13566986732041594,0.14867203891184977,0.14840691089782057,0.2941494702616522,0.330618700273227,0.21374422783481817,0.10944980073144467,0.2387592759690139,0.7372741718081359,0.2216153018756341,0.18257543492773132,0.22815972963242767,0.09008906829908282,0.26301749258168766,0.20048058892365742,0.0333950500496383,0.11735473198102528,0.1838709265884025,0.21897781405014904,0.24426636566640847,0.18467601016194313,0.16137869937439656,0.21433990327499033,0.11551908687755465,0.25541540609036956,0.1224482985683419,0.1003143208552123,0.2844261950810587,0.23836611818492404,0.21400722842671982,0.1596864257185578,0.09706317792281176,0.178293557232772,0.14019536899014026,0.21350808087047699,0.20023946200430973,0.24798367830460313,0.06715127271903333,0.3666889843104204,0.1712799947896202,0.2128924242666603,0.03076670935183342,-0.0007711637968361484,-0.12597974221958044,0.0032941278282367084,0.14692573806260847,-0.009053672983898869,0.053281956426878566,0.002062531654354563,0.1019549285558434,-0.1524352210236254,0.0658768832499028,-0.09823711444596052
0.14582936588073606,0.11780123503936614,0.07055562274891128,0.26890028351452855,0.2921532194308163,0.24275509342322113,0.1673964183178653,0.2097242825830842,0.11331883597257111,0.19320539779003143,0.41353256616763606,0.2645071559201361,0.14939583159783426,0.2728977592763344,0.2216153018756341,1.1095040066226127,0.2103452284868093,0.14235975886890437,0.1480090603914227,0.24437125691278333,0.1877392987015933,0.10000370102932148,-0.03791991431397486,0.12662356960144588,0.115009115855899,0.2539760786360017,0.10956621314720717,0.3871384445758406,0.17858332328476906,0.1964501639909002,0.21733263366090463,0.25738491596723223,0.0676916275406947,0.2220266415139204,0.24054098158705783,0.20280054673555017,0.05235988822193702,0.10338536641393227,0.18657663821291215,0.153481355025437,0.1840707232565367,0.18455680642883776,0.2757126158557454,0.08136183122673264,0.25109669737330254,0.07918618897055871,0.1967227095500103,0.019997332546030703,0.10543274420808833,-0.5712273434517123,-0.04353157753189114,0.2169846618502605,0.11676330094309997,0.03357045258821036,0.01149947938450688,0.05688423041409601,-0.23209887884813896,0.14318276191439505,-0.13170696787129132
0.09621330771613411,0.1416089229738636,0.15884981521913727,0.1968803586157401,0.13469145569221466,0.25964645548779897,0.14357207548622203,0.24961678989804806,0.13743368563729322,0.251948165823352,0.283437496616092,0.21388600113027653,0.1663741668595629,0.21722072506577417,0.18257543492773132,0.2103452284868093,0.7023089032201925,0.084901026719964,0.10171030708147565,0.24848476321506333,0.23167706419939013,0.2700504214914922,0.1323142296722541,0.17248708604782356,0.32965143178190864,-0.012473332545326175,0.21991613093551493,0.06317810187812783,0.3668431227068065,0.2380732349137394,0.12697412415026524,0.13347001026199548,0.10754750709353396,0.29148810760604404,0.19026898750353763,0.2885213095708589,0.29158636376121894,0.1530721717680867,0.3561489121660354,0.14192163751370368,0.1795512948241948,0.21498906491078112,0.2745925833243566,0.09648687556591538,0.4461642895581449,0.25487251121953347,0.2674071944345906,-0.04115100934622226,-0.006613461079503274,0.1957351397684619,0.04185292480424757,-0.30207118955673473,0.16603213261802893,-0.001585114196808545,-0.020665913455715543,-0.03042318592958204,-0.11249985092718706,0.06356566428217984,-0.043759972410231225
0.13458988614106987,0.32691954699376813,0.2009746420503906,0.2334005016847653,0.22967643816511357,0.2839356194370985,0.14587861672771318,0.2096197413099448,0.13876386327322984,0.34125106397931715,0.2512691937069072,0.1673055752436425,0.10599555049718316,0.16694243143702595,0.22815972963242767,0.14235975886890437,0.084901026719964,0.8191534043320868,0.08834404311345657,-0.0039684582098779885,0.24462977265422695,0.27585356612162515,0.47669726959716147,0.1627705739984118,0.38177417701993416,0.46278591909889966,0.11302553354768888,0.06679077348710603,0.29984448246809053,-0.07145173022021697,0.39333338207936547,0.16959129429137199,0.1174224521748709,0.3541707817783346,0.25248905416321193,0.26555567443577044,-0.020258542801684768,-0.012166158159526005,0.3247580396693319,0.21954957171069844,0.2510655950401827,0.2165926972305262,0.2525789533074278,0.12494180487512954,0.5501722992921951,0.23748419324150263,0.3709198420350714,-0.053608957519659446,-0.15427408139164156,0.07605669408774451,0.27110343999354986,-0.041716233809411855,-0.28761643295204237,0.036969893381461075,-0.08404066625821804,0.02469454836552519,-0.06088531445818595,0.15367490325772235,-0.21981255509557834
0.0279010656465892,0.01113914428389135,0.03584784486767866,-0.02029731412340683,-0.01803039428653339,0.13710687860223042,-0.03749299527422422,0.14745910393690195,-0.11144979395432347,0.13587375582079256,0.1276673262267858,0.10665754022641655,0.09912773003452222,0.07625519704893033,0.09008906829908282,0.1480090603914227,0.10171030708147565,0.08834404311345657,0.917506211213866,0.12449012984987871,0.10839274476062237,0.1500403941518638,-0.07043700852496766,0.021495131625699982,0.16509192409116313,0.01599119280922463,0.06467330986172866,0.1459105758262998,0.1603994356223206,0.1869141704900624,0.10627930178112273,0.10867439020147324,0.1493797556272204,0.11197221582050887,0.009708769344788048,0.15286171397898518,0.1713203847996529,0.10402313316603051,0.29237269085292306,0.012963385703026357,0.15923760379966367,0.08956811180013816,0.08650234410797741,0.0519648408960182,0.1367774680762787,0.09280305706840422,0.12106398948385426,0.03501837194361316,0.2879331915784714,0.40867507783519375,-0.07182238393195647,-0.22618361800460995,-0.05268253564944749,-0.07513449897329927,-0.1763661873515382,-0.03166482669675489,0.032022910578688155,0.17436889745288908,-0.0524233309278826
0.09043543253242481,0.3306792871452536,0.10050636918988998,0.21277814865662215,0.20079514500940007,0.3515520821853565,0.049224111180831455,0.3023144691462695,0.0600135710545441,0.15149436707602706,0.41543407985972397,0.1890997908669561,0.09730097658405444,0.27075511810320013,0.26301749258168766,0.24437125691278333,0.24848476321506333,-0.0039684582098779885,0.12449012984987871,1.251267689913252,0.1857423933196561,-0.09528177061089531,-0.230416636204469,0.109885784006844,0.2621773223634922,0.3026782344597489,0.23080840074100775,0.5179484169658876,0.25373562695004037,0.26112011094788934,0.3430400085502334,0.26226208797136125,0.2082674103171882,0.33331357683363866,0.212274081200909,0.17216166385744963,0.5834268808348062,0.5543372123596899,0.3911344624524041,0.2859492637452474,0.03611649634253711,0.16238854671242028,0.3830104185768464,0.07314018791312203,0.5757505561186433,0.212125878924307,0.17859825055754983,0.10052960581135727,0.07254244151111662,-0.3837992982226833,-0.06075711622127553,0.29297033776488407,0.13046630577688462,-0.02611769161871449,-0.053041763169854136,-0.03514379338297106,0.020727243513837392,0.20332455740811123,-0.19345704292024793
0.08016011501323879,0.24870124681992725,0.1525649950629136,0.17878953955162918,0.15352817903176394,0.1966387730228232,0.10965253891217526,0.1386470871675011,0.1241551150482415,0.15562074183529076,0.2809957379656221,0.14378237802237379,0.11101153974781443,0.19318399376390616,0.20048058892365742,0.1877392987015933,0.23167706419939013,0.24462977265422695,0.10839274476062237,0.1857423933196561,0.47976464005639663,0.2564089485777866,0.1743317230711169,0.164299379905714,0.25251904209284104,0.10997407951444063,0.1309356727155096,0.15780820760671843,0.254264429926389,0.1892118933034991,0.27958402071565,0.11030032859931052,0.24361004388620394,0.1958890905300851,0.16605853719476785,0.31473960984646576,0.06872339404446778,0.09038284641023456,0.5196072816681294,0.215526555697176,0.306554586427048,0.44684361867995703,0.2978643815260166,0.14043507293402224,0.7469221199572355,0.23881611594556368,0.3108274758620846,0.017379038019364523,0.1854183322638518,-0.10755813311308368,0.13985087551303813,-0.2168275397343566,0.1899886283349782,0.0026624875041268746,-0.1375227612943587,-0.012363641674923483,-0.26671976200900255,0.1695650406403549,0.0530863429302196
0.02080251635743196,0.09172902730636287,0.0874011074512579,0.16981792618170635,0.11320780399531129,0.16226243664339537,0.13984305198352323,0.10557111678296825,0.0675812192296372,0.1770625442287312,0.1541061019393822,0.13500758267535531,0.25828375546152427,0.1303579608632613,0.0333950500496383,0.10000370102932148,0.2700504214914922,0.27585356612162515,0.1500403941518638,-0.09528177061089531,0.2564089485777866,1.1466468996171393,0.6889127120591488,0.24272439167680343,0.24412220487031486,0.015425318564368285,0.24047332754564538,-0.3064395971690632,0.5121349080124856,0.23801350765531398,-0.09263922148388078,0.25188674818782486,0.09435329801283424,0.4014012315886024,0.026208133662383976,0.36629754365749523,-0.00954752208792868,0.017737135384691217,0.7485635204247644,0.13926733714993156,0.2860190001671902,0.23879468240959464,0.24755353094294813,0.20490544373405253,0.05059619384285524,0.34816216463379535,0.3366537963464245,-0.2110951021138137,0.8958720052330583,0.11262861557951312,0.060452105502903475,-0.5081890910178088,0.24626375582537594,-0.06275527923393519,0.03682544720319013,-0.02678136200224962,-0.11675285042118265,-0.15030871434722615,0.16326602737709991
-0.048589721450406076,0.05221133933954004,-0.034323770030018214,0.2100491241649658,0.20568999404767774,0.1337716722280561,0.119388387699148,0.04799703564078591,0.016295776639665045,0.2817004775533093,0.14263833752393212,0.13637093494319316,0.10819993262848464,0.1098449117556071,0.11735473198102528,-0.03791991431397486,0.1323142296722541,0.47669726959716147,-0.07043700852496766,-0.230416636204469,0.1743317230711169,0.6889127120591488,1.9981133460815554,0.491970568979137,0.3448898173786275,-0.27091624906487977,0.2296158467526001,-1.0877617133925241,0.8388472977956626,0.2513280086060822,-0.6689877390754858,-0.0677957072195578,-0.0978538955974439,0.5937711309076766,-0.05264334770951897,0.5083763723843779,0.14055244536441447,-0.167753166190552,0.9023858259816016,0.2541986853318719,0.30471071087901763,0.13635394636109774,0.3687448762240303,0.2940159314928777,-0.15654536665173768,0.320746329443198,0.42564555787126057,-0.08321120245715204,0.8777832522678845,0.21869045035653464,0.04111383460053251,-0.4618307857560714,0.3873101509570187,-0.01567358244646015,0.16330015026249503,-0.043216214565548416,-0.16341960852311066,-0.33179568194066555,0.4157962613140982
-0.0036243919084530778,0.007724043354624933,0.061386656594960565,0.19342410620819642,0.18241885013126743,0.15621361497576788,0.12232469422159095,0.07488505715597495,0.16181457220227194,0.16267462526711976,0.23368872788138548,0.1319388684252995,0.14345071304272997,0.14939105833918886,0.1838709265884025,0.12662356960144588,0.17248708604782356,0.1627705739984118,0.021495131625699982,0.109885784006844,0.164299379905714,0.24272439167680343,0.491970568979137,0.8007820929916576,0.1536767165234266,-0.08577549067845736,0.14524569788382327,-0.29306458865553914,0.295690355703939,0.19327244937526594,0.26239411370080523,0.04224366775096704,0.11695577525079595,0.26058008455608495,0.18111984530259276,0.3120961650417436,0.18403010826554608,0.07592505145026499,0.22514161468298025,0.15306478779778157,0.024587392278180558,0.15702222027915624,0.2829507944838923,0.06489449111352912,0.14850945269526114,0.2253764180825214,0.22424006306670277,-0.05364183453656316,0.07450980413864666,-0.0790302728687045,0.005553499610634209,-0.30737074878215853,0.42312273928077154,-0.02263387325807713,0.41650915216432566,0.09014589392644941,-0.07376792947941581,-0.6117453012457514,0.5264298875739951
0.10334889958405376,0.39743433605890055,0.2825382724696588,0.29287096194737894,0.1746409591722789,0.37880562929753536,0.14625529864454634,0.2820691755151346,0.06455054902263496,0.26612426338035106,0.1298390897512098,0.16885803133280763,0.14978167500279754,0.26574308690074333,0.21897781405014904,0.115009115855899,0.32965143178190864,0.38177417701993416,0.16509192409116313,0.2621773223634922,0.25251904209284104,0.24412220487031486,0.3448898173786275,0.1536767165234266,2.1121301178847296,0.21261768187013755,0.1534088726626161,0.18959871505763862,1.0625371756736905,0.12831366875702677,0.36029457879492754,0.19146792113219213,-0.1273029223504254,0.6335663432304351,0.22759944954660014,0.6726844139940005,-0.11422624389734093,0.1570179134396937,0.517694989682735,0.18876487146656457,0.4857823101108861,0.20401863530327213,0.35334393479882853,0.11140496319601659,0.6164039340996847,0.4451753804262011,0.3163700287741071,-0.10618220392192368,-0.4303822004407936,-0.4768142945358059,0.28107328433678336,0.12122750861566971,0.11271542025252473,-0.07298305934616904,-0.12179596480416477,-0.11358353378565611,-0.11709574040708366,0.1353910872053344,0.009433772748374938
0.23860841814111763,0.3562795818138873,0.2832052525404229,0.3235679994291137,0.30910625072944625,0.4296061542319912,0.18693160196825623,0.28641570896145113,0.339168719864896,0.20338255455566095,0.13362285325906467,0.1775409209991966,0.14469092567582595,0.3371363268205381,0.24426636566640847,0.2539760786360017,-0.012473332545326175,0.46278591909889966,0.01599119280922463,0.3026782344597489,0.10997407951444063,0.015425318564368285,-0.27091624906487977,-0.08577549067845736,0.21261768187013755,2.105564803061945,0.07925408328344427,0.6936435870555926,-0.22710320105526088,-0.5489479857525787,0.597715846822058,0.49625230498613093,-0.03559371165672184,0.22105362600602507,0.09266932415805733,0.01884140371461882,-0.6037572088172961,0.08222957261147085,-0.08456079462273271,0.07973948008062878,0.4196366768686294,0.06366571980594679,-0.04513288579939495,-0.024272405254721064,-0.09401045152144133,0.006549667445797633,-0.03393943767098406,0.04252617111275975,0.2813532994099179,0.14199307942659517,0.050917726417005975,0.6408784668829773,-0.9667056566988232,0.007023090191132979,-0.1802587133272951,0.013441668346657486,-0.028542762474131258,0.42363280230855027,-0.45522272559867105
0.07502653493152399,0.125329017709369,0.14062754851159523,0.09993154587540184,0.06295465328371805,0.14600878819357924,0.15909559722383493,0.1254874233654013,0.11965536383582862,0.2423698772046029,0.3100460212675343,0.2239878921013283,0.14675420718320314,0.029251774236551342,0.18467601016194313,0.10956621314720717,0.21991613093551493,0.11302553354768888,0.06467330986172866,0.23080840074100775,0.1309356727155096,0.24047332754564538,0.2296158467526001,0.14524569788382327,0.1534088726626161,0.07925408328344427,1.6186561109745048,-0.08730391241606986,0.1555794289982002,0.2668719671509352,0.081555562581362,0.20657951032250227,0.4056767720082987,0.3148751702654058,0.3553213770278749,0.33434803099815036,0.48424884692320624,0.15590382173949907,0.24407926578804337,0.18098960247447213,0.25785778530339154,0.14042752996654845,0.32432373147209603,0.09427877306198826,0.030767898115867845,0.5502567530035058,0.23640092234797272,0.017432148900159827,0.47852021971316205,0.049866960042811145,-0.12036466010216655,-0.23077864083194277,0.47707901207859754,-0.07988280278657407,0.1828752348812047,0.11217917788530941,0.10866877996061178,-0.2203652472044098,-0.07014409826087539
0.24669233541579086,0.36241243710127924,0.4018022427624325,0.08340084630052173,0.0344959274970319,0.18562534352576232,0.06255625117152726,0.2091337399868753,0.18038051724648438,0.08369822701787571,0.12927125337424908,0.13148424944252088,0.019128899732608347,0.17944495038355063,0.16137869937439656,0.3871384445758406,0.06317810187812783,0.06679077348710603,0.1459105758262998,0.5179484169658876,0.15780820760671843,-0.3064395971690632,-1.0877617133925241,-0.29306458865553914,0.18959871505763862,0.6936435870555926,-0.08730391241606986,3.8819358117369,-0.5047856696588348,-0.15003229104235466,0.676069529263722,0.3792348484273939,0.27522411391091145,-0.18795836874544533,-0.05516430667032207,0.5060901572142996,-0.20557178002380355,0.22970780933997778,0.050253310921787954,-0.0676740579125784,0.9767147614973466,0.24347730390235486,0.033502455294308425,0.3931867530040522,0.7710445048289726,-0.31413361918848376,-0.13933068024041603,0.20175195834465426,-0.31129728505330334,-0.9837655045960115,0.1347479185927756,2.2269515254893495,-1.7387517651502256,0.05326349313474144,-0.44396840549486816,0.07144607242810866,0.10365378806361472,0.632979155824681,-0.6652081844359446
-0.017687420200869174,0.2952024612022718,0.1260089788461984,0.3166846361854412,0.23875547965737207,0.4069984364776101,0.13079424672714116,0.2645619053272625,0.018330955791411526,0.3077007497891907,0.263431381788338,0.23423971219790723,0.20472164332751985,0.23490229696887702,0.21433990327499033,0.17858332328476906,0.3668431227068065,0.29984448246809053,0.1603994356223206,0.25373562695004037,0.254264429926389,0.5121349080124856,0.8388472977956626,0.295690355703939,1.0625371756736905,-0.22710320105526088,0.1555794289982002,-0.5047856696588348,2.4843372294825965,0.262066041762132,-0.3635344563613423,0.09592927955843777,-0.35464126966474807,0.8814058625969866,0.20958405499339125,0.6830507064724157,-0.060564465147598834,-0.0038900554940827924,0.6879150360272321,0.17314549437523852,0.712581711338454,0.18904720229349056,0.4083630540306632,0.08040437011892908,0.07987717141759135,0.3753485344725489,0.40874464426372725,-0.11460054226789054,0.5489674660337446,0.10614300395133706,-0.12527196160854862,-0.2839099532674406,0.2635124693864278,0.03769254497312832,-0.019097126485637692,-0.10284759521410275,-0.2779399704091793,0.017306475932232147,0.18989460647880055
-0.04979977176754017,-0.13282196446607233,-0.5682941268396879,-0.01732915308758586,-0.012760086020879406,-0.06494580449079393,0.04572496977263469,0.05397225836980395,-0.2154511985250703,0.18041862949199716,0.3376363159277197,0.10421105357555785,0.11742486012000762,0.05821073982321333,0.11551908687755465,0.1964501639909002,0.2380732349137394,-0.07145173022021697,0.1869141704900624,0.26112011094788934,0.1892118933034991,0.23801350765531398,0.2513280086060822,0.19327244937526594,0.12831366875702677,-0.5489479857525787,0.2668719671509352,-0.15003229104235466,0.262066041762132,3.0920276631879378,-0.1313789420898041,0.33329922767199643,0.6932497680464842,0.2677891960407674,0.39643917818701063,0.3360243307232537,0.7186278531745948,0.3110348811869471,0.08427627325083431,0.05495297132164238,0.35791241593627393,0.21028578868429593,0.6167346861280447,0.31582995175152556,1.1353703350242357,0.7509586218084401,1.2651615509319043,-0.022012631800114032,-0.24398631373433988,0.112022977544178,0.012061874081633027,-1.6635376737054983,1.4619187971101257,0.006532840333916194,-0.25921985519447027,-0.22293487285959843,-0.05849765686199312,0.6583666189745382,-0.21776519093392177
0.1689562751627069,0.23916523532995865,0.2824355183014265,0.18188994991226193,0.18767633867632288,0.25963062221012123,0.13152398130684595,0.17434265697432652,0.2751095789441859,0.16156003794045287,0.2942559139845986,0.11520590133104609,0.10574234442200087,0.17483380670575566,0.25541540609036956,0.21733263366090463,0.12697412415026524,0.39333338207936547,0.10627930178112273,0.3430400085502334,0.27958402071565,-0.09263922148388078,-0.6689877390754858,0.26239411370080523,0.36029457879492754,0.597715846822058,0.081555562581362,0.676069529263722,-0.3635344563613423,-0.1313789420898041,1.8644244860428028,0.2617765176310397,0.3492538631143072,0.039688022171700296,0.5141354052147181,0.188099226558792,-0.06879858298909253,0.24175503656326408,-0.2660111310098395,0.1956240910784467,-0.10769790818219656,0.27827156794883545,0.20913468408622424,-0.03348718220893192,0.9968907676633024,0.22176973734614225,0.1690576026694481,-0.056131805239623175,-1.2073537104527556,-0.29404963635783,0.2882907496930214,0.007811262255324179,-0.07490019124683901,0.01124946605539075,0.1837552782243271,0.1702517432097777,0.08228403866260267,-0.1442560670676365,-0.18228203784904531
0.13754313094039858,0.10191565952041359,0.0824158319346081,0.1688777090108362,0.17401914044502456,0.22571544913207683,0.14721450295154334,0.185048531008422,0.09561030535617666,0.17969512348419991,0.24623017005054376,0.24588808742819807,0.16609344198857526,0.14776720295398854,0.1224482985683419,0.25738491596723223,0.13347001026199548,0.16959129429137199,0.10867439020147324,0.26226208797136125,0.11030032859931052,0.25188674818782486,-0.0677957072195578,0.04224366775096704,0.19146792113219213,0.49625230498613093,0.20657951032250227,0.3792348484273939,0.09592927955843777,0.33329922767199643,0.2617765176310397,0.9958292987879714,0.29777724936644856,0.29136703073246956,-0.007908600705608455,0.24565356063579852,-0.08891000552080988,0.19684614745423154,0.07094169643052198,0.05884865028686595,0.0958851306804319,0.08574561785050379,-0.0654292555666176,0.07866781167977989,0.27124456164412164,0.2660538723551965,0.26883381754258945,-0.07303650543109193,-0.16452239832704094,-0.040361323009812114,0.0763014124383259,-0.12749412435351296,0.07376756307477211,-0.020486941501379415,-0.29771637706955967,-0.03509985715418576,0.41537449269460813,0.23043011671242322,-0.5847193086517862
0.08319516010485148,0.11328926219408023,0.030366244900508405,-0.022463170327379954,-0.042158123645920725,-0.026612877851150473,0.06417826598495506,0.05075854923086046,0.027087936841343835,0.0724125610277398,0.22663705876183948,0.07537895801487905,0.08624280162138286,0.023696762963096602,0.1003143208552123,0.0676916275406947,0.10754750709353396,0.1174224521748709,0.1493797556272204,0.2082674103171882,0.24361004388620394,0.09435329801283424,-0.0978538955974439,0.11695577525079595,-0.1273029223504254,-0.03559371165672184,0.4056767720082987,0.27522411391091145,-0.35464126966474807,0.6932497680464842,0.3492538631143072,0.29777724936644856,2.0063713846449303,-0.1042658448141801,0.2862419140745044,-0.18539013541410881,0.7913105793475825,0.24216383342451964,-0.36430949103320004,0.11508945005258579,-0.34293185594517495,0.2718033609746548,0.09379681195056756,0.17483641996142602,1.0060332178638671,0.3441124857613951,0.4641181088626736,0.005069433959521041,-0.843998408417737,0.16281094583221958,0.07757176783601581,-0.798299864270589,0.6033601844166178,-0.08578930852052409,-0.17413195094048387,-0.055966622310187314,0.07340036570912586,0.1506590255464277,-0.14794661509783374
-0.1250082601925658,0.22879993914918242,0.04198588673119612,0.4244755199030885,0.4321367445317963,0.4002635104399693,0.2110298742396587,0.2979663012468639,0.056584831743687954,0.47718941002797277,0.3444682169192062,0.2992965034067303,0.21694317275088118,0.23184175938916424,0.2844261950810587,0.2220266415139204,0.29148810760604404,0.3541707817783346,0.11197221582050887,0.33331357683363866,0.1958890905300851,0.4014012315886024,0.5937711309076766,0.26058008455608495,0.6335663432304351,0.22105362600602507,0.3148751702654058,-0.18795836874544533,0.8814058625969866,0.2677891960407674,0.039688022171700296,0.29136703073246956,-0.1042658448141801,1.7264042304456932,0.4612216402648768,0.4176180939708307,0.3985164217161348,0.09455860610191782,0.4807177635648231,0.14396138022519164,0.22168792513851454,0.17285790422743263,0.6088852348977059,0.2057118640878395,0.44380195208031004,0.1390587794467926,0.3852108482997809,-0.08855177846158982,-0.13067207589467605,-0.14892952657997152,0.07216537243627288,-0.3412025802391322,0.3409991942705748,0.022580254058899494,-0.049165320168139647,-0.04135341397849544,-0.1462259780571911,0.023589456189679968,0.05126021808983927
