0.7576781922096156,0.13276369392189882,0.1793876916266471,0.07547687661269024,0.20892637957579843,0.11461787181586536,0.21385781861247863,0.1300185020215646,0.12730729179848355,0.11658010293990062,0.1128890787777421,0.15200434306783867,0.1685794977079884,0.16773575248981362,0.1402237004175273,0.1383787248319922,0.10175396914383733,0.10293269873922599,0.13093239353958014,0.07548925000205671,0.12050816141945588,0.14257937279933963,0.01635406364081989,0.054153577668098404,0.0844832148861746,0.12682329691418154,0.10942202169328683,0.0880487094973744,0.11056121784678571,0.09618772899250698,0.10808855303495406,0.1263991581223633,0.12717824224944257,-0.0025534012243864828,0.05647385063378573,0.10636847437148847,0.07060573692480905,0.11137728698475512,0.11604459649290551,0.045038448505856844,0.09014912099063944,0.08285825290758704,0.09886745783456087,0.07364011506575045,0.06310814131484643,0.07975715139960465,0.10264894719983607,-0.01199650811661569,0.1393005455320856,0.013875077329345013,-0.027653679589867468,0.007993860559771929,0.019368155101235695,-0.006830623213062641,0.008418470929444144,-0.01268599065158023,0.016498645486439523,-0.0094877304075905,0.004275169582093076
0.13276369392189882,1.7606572904156501,0.7993519203093291,-0.14086944435196666,0.04340248647453503,0.4189034472107425,0.10478212778445863,0.29077801006719195,0.14832634781862702,0.20986451099910944,0.24487864902690246,0.20075418703243458,0.22229492798565165,0.057056899981999185,0.15592430196913618,0.13556880987513537,0.261068804326427,0.42419819244290374,0.1829278426735823,0.2690853584130758,0.27881642651594263,0.16031012351668256,0.09760058383547782,0.015700526474667402,0.14691983874766934,0.17125787895335057,0.18695215113462563,0.13150437902547676,0.46608149690906464,0.043530775432183914,0.12405831806488103,0.14234415025887168,0.20053504652055928,0.26548095374660263,-0.013009353777224739,0.17336266165282466,0.3299429088531496,0.0916362210535776,0.24869522670771652,-0.020565374473376134,0.07929314647969447,0.12690335306519038,0.17028570813317273,0.02334702783026622,0.5861940508214162,0.2902115486174556,0.2618914126328086,-0.028660968865023884,-0.1722051715413662,-0.021666873047018732,0.23755907022809267,0.20882849691465818,-0.05758691594274369,-0.17887941625623768,-0.2847660822751836,-0.208603736506065,-0.466543145371492,0.36864980512890483,0.22272498099991775
0.1793876916266471,0.7993519203093291,1.9244368175933366,0.2390250763438227,-0.1835740997622445,0.5113944077663518,0.26908678133643454,0.33415412849008364,0.42978631074945356,0.3989448905808398,0.3724582796837303,0.38424120598512107,0.26839434489641567,0.11622848381813194,0.30835352432291924,0.22926043228669407,0.3338173948482372,0.3665157220400273,0.23293265982240013,0.21050200518851228,0.2700618243222436,0.35008154978656353,0.19506701657440365,0.21513898484346336,0.2504935353620192,0.251088618837689,0.25434459708150287,0.11700767530780608,0.3732335872531819,-0.19526059803483112,0.22516162360705846,0.27936346237127063,0.1763378690462277,0.31472405602640036,-0.027419133033830097,0.4648247490135536,0.28299833232762917,0.09612617183633963,0.3424615374334466,-0.11520634680584003,0.09887999096795445,0.1565693383137357,0.10216473489199515,0.10590775370718594,0.7789907646866574,0.6118637771464769,0.20138704300595853,-0.23249976183355128,-0.7117112099376166,0.0807583398174282,0.017115635254033687,0.3076835856331217,-0.04754928084788631,-0.26032304074890134,0.0637085125416356,-0.004011037576026479,0.09999086692977405,-0.16174936114084099,-0.20351348310417702
0.07547687661269024,-0.14086944435196666,0.2390250763438227,2.2035907143398674,0.13377010321865038,0.30749024245882906,0.41554551780571863,0.37724129111889126,0.29554903770625934,0.2669186677687129,0.28191855377617003,0.39230388596533095,0.4370634853050904,0.4993528765615595,0.3082364119591638,0.39079114180935787,0.24715498943418837,0.2328209092983294,0.13529429700071188,0.24153162288857694,0.2561522129972602,0.34113590846243963,0.298407177461028,0.3424034337494632,0.24514425102655285,0.31849086530331994,0.2858887556708253,0.14624510777731656,0.3505524298678086,0.13541130250897246,0.22609180670317292,0.3448407220624199,0.25477026885493836,0.32974664960711836,-0.07448660288100621,0.26914716925602306,0.18340669522550618,0.1406369423958615,0.31558705511954166,0.13996703989330778,0.29357985161457706,0.1840886919972727,0.20432257886070512,0.23144696812899807,0.18013791838622586,0.10601993666875095,0.25035269758045514,-0.001653309900232094,0.2995670291313322,0.2022184669658707,-0.10677777076593588,0.22425883912777123,-0.18635843433370355,-0.07478863400365483,0.07111793886441675,0.04462210547491247,0.00026474039272638534,-0.04648093383557307,-0.11871358679851252
0.20892637957579843,0.04340248647453503,-0.1835740997622445,0.13377010321865038,1.295298093019904,0.3372494454016086,0.21851899415873074,0.24617298717158195,0.1768096743061363,0.09665732563827344,0.23487503925650682,0.2851386526366997,0.39796736011377665,0.2794880614282851,0.3013548684665409,0.30776445231520416,0.21821569729426415,0.17903126160699942,0.45718289774256765,0.1656023438640551,0.26378031697119053,0.2506168147984332,0.06618941497874765,0.19509194791576587,0.22034734196710015,0.3320410332489378,0.22672161194455556,0.2090252059061668,0.33396109733493007,0.17312498476621668,0.23222502520219415,0.3847391088106083,0.23330704004433997,0.39986953760851696,0.1622231015616718,0.17165313971839266,0.24745853679788482,0.17766209879793826,0.25571195900427857,0.1452367478546832,0.3060972971142929,0.23918183021483622,0.11529588794423744,0.13004856878170928,-0.05554587022198305,-0.09647184638698539,0.227913139208003,0.09826752869630509,0.6153138349042343,0.2662208070478287,-0.1426351339771646,-0.20700555497568052,-0.00655299298435157,0.07145848830813199,0.056768095359182154,-0.0339181769188264,-0.010292626600978268,-0.0900730817835019,0.09445665804256176
0.11461787181586536,0.4189034472107425,0.5113944077663518,0.30749024245882906,0.3372494454016086,1.0485337772566903,0.07349851831968383,0.47272673121648945,0.2537884488035876,0.0847485952438833,0.38472194297701195,0.3929352079398241,0.4275976873633991,0.24471546518054182,0.3333628210236187,0.25180601764796995,0.3272639244982088,0.2573127291377718,0.42439424718254165,0.30751803750275625,0.3608534711764108,0.2922296823652733,0.17261687776044088,0.2646915324729924,0.3461064587903754,0.38398597505504256,0.29629491663643154,0.1675794930250403,0.611694908777431,0.0756443711765503,0.2186566151623985,0.4114561749217298,0.15238834064051177,0.415702718298489,0.06949737009153906,0.2370397078968692,0.2974947320814,0.2012746377022734,0.4353778137675021,0.12121137509000283,0.0505015649976651,0.21503241856898378,0.25101614830930075,0.169261751557764,0.3430021806404696,0.19087973764633615,0.26599084117102545,-0.0066636363499372585,0.184195486580831,0.48156657311657075,-0.3726902293854414,0.09083709691794499,-0.1791976389926033,-0.11364789283777174,0.10382753032345693,-0.007735593861609432,-0.0378012055740027,-0.08846463071750524,-0.04881644194773649
0.21385781861247863,0.10478212778445863,0.26908678133643454,0.41554551780571863,0.21851899415873074,0.07349851831968383,0.8125911081802851,0.14322298517824938,0.2987867866973013,0.21711132973864766,0.2675008198947538,0.4010795728240637,0.4280788583459864,0.20439355600083703,0.285794957034673,0.3276801528781933,0.2762317590071174,0.23057917219382298,0.1679906761151021,0.25131068811805535,0.24363453452972084,0.3208859664086604,0.2144833430165868,0.2835582847006676,0.25053145536439586,0.23441824155026503,0.27244534052745717,0.20481174207286149,0.2868272212189458,0.12214704084182398,0.21880192729268563,0.32716364473097326,0.27995558622243466,0.3323413287125322,0.13736845845229373,0.2819116744870995,0.18396381640276727,0.09523894651696645,0.28410994045387894,0.11140903198201037,0.29226244303301957,0.20041697367092515,0.12689547509368757,0.1147801953185732,0.13494968159143333,0.08174554878078949,0.19625125137667085,-0.006057018366335888,0.3292179991986657,0.008989644612061549,0.006721999160765716,0.11365997145402333,-0.03272569715682647,-0.0352471931317095,0.1554956154716895,0.05243355947480023,0.06431868759823074,-0.17256316785183298,-0.1245236164461475
0.1300185020215646,0.29077801006719195,0.33415412849008364,0.37724129111889126,0.24617298717158195,0.47272673121648945,0.14322298517824938,0.8490649999313276,0.23254625700867845,0.2524563957796128,0.33764759084680973,0.13998357181674356,0.3848899212853776,0.3612717612691144,0.2631953553126019,0.27264398335905987,0.3491557111040742,0.25509332692714903,0.27182888047915854,0.295536778179268,0.29959765385484266,0.2681782554381237,0.18856265800374156,0.22459826704757396,0.2125983945345926,0.3544320236211383,0.25079616379545044,0.12845523240271625,0.42813332109123675,0.1926366432457542,0.23457564326156866,0.25733546710409766,0.14520314422860225,0.3685054227775994,0.17207870941227102,0.2492539605057813,0.2578763570151691,0.11310918177817565,0.45784545577255453,0.12504124718948745,0.2641873001411296,0.20615113612879205,0.24281557436212464,0.10576686621333807,0.3908408671042941,0.178478473417904,0.30180237061387377,0.0375938304484463,0.3367695093276857,0.23752903723342395,-0.14846142707937832,0.2334613007479216,-0.016643812894457453,-0.2158240081300515,-0.06148194364664111,-0.05421220546213746,-0.0844192976365463,0.08010392728612589,-0.014142698762696445
0.12730729179848355,0.14832634781862702,0.42978631074945356,0.29554903770625934,0.1768096743061363,0.2537884488035876,0.2987867866973013,0.23254625700867845,0.9664891300108263,0.20230421822673939,0.2349682267705826,0.18627101225848502,0.1470197239278923,0.3103801830342456,0.32611447093460294,0.21262681591299246,0.2519594455317126,0.23182283492893904,0.14743235780812422,0.2791725354989616,0.19857949038623102,0.5509545899473038,0.2293673689307641,0.33007012681042847,0.23941508675187256,0.37257752711667214,0.20004076536799476,0.26474714731553745,0.1534284768758459,0.1318098966875812,0.2569461144683291,0.24055276701817135,0.327742189160786,0.19045037923599079,0.13624485423850952,0.25252031350638265,0.34422188767479134,0.2650585334165367,0.255212020736863,0.09854756949083247,0.17378687476271557,0.22321263610476758,0.25696291901662915,0.09921504210934586,0.21542565585382117,0.25644766184865997,0.257410436205025,-0.09959653599585357,0.30325850877578847,0.021936918022045792,-0.10632455879562556,0.10018166997496442,0.0261870383720777,-0.13960146675400545,0.3170734953185666,0.14399867496732877,0.052326913931840184,-0.3738254708971005,-0.04422838212789455
0.11658010293990062,0.20986451099910944,0.3989448905808398,0.2669186677687129,0.09665732563827344,0.0847485952438833,0.21711132973864766,0.2524563957796128,0.20230421822673939,0.8151274817789367,0.21103426005297732,0.207286167408492,0.11626736503409187,0.19896103061721243,0.1981280705496822,0.23244998760922314,0.1894537464492745,0.3206977933738746,0.09776318873266769,0.10855483547764189,0.1256825854019617,0.22398815744911738,0.22334458807509355,0.155557872808256,0.20997364953749484,0.20422197795477742,0.17364170852897148,0.14651128980413577,0.2222162644146694,0.12506966181146745,0.1939406263469494,0.20544049011966975,0.12052233660099855,0.33535147777692825,0.19674157217015414,0.23743467363581314,0.21525974846714002,0.06521943783619867,0.22410823831063664,0.04375400797454789,0.3451876153840527,0.1568858431786812,0.08448024743376426,0.08317661789142788,0.25367205061483017,0.13696419806752566,0.27822954634633457,-0.0247597567839238,0.1376073016564507,-0.05457189039712514,0.059999868675513636,0.006792847499835301,0.061335849578069805,-0.04628143784420596,-0.06396276428028032,-0.07811033012253249,0.14217833754091935,-0.01720254189606052,-0.05824596751508126
0.1128890787777421,0.24487864902690246,0.3724582796837303,0.28191855377617003,0.23487503925650682,0.38472194297701195,0.2675008198947538,0.33764759084680973,0.2349682267705826,0.21103426005297732,0.5618555548275934,0.30786194569010406,0.3576444628651446,0.21084946613037367,0.37072333646563205,0.27763583055305824,0.3518453156194309,0.24465924231304503,0.20676473300189563,0.3512692562223926,0.25857846033824744,0.2687603144906707,0.19223388986890258,0.2719342810557472,0.30747251016360133,0.2821703371278317,0.26715936890139813,0.23707504897591086,0.41052225018690425,0.14064014143441947,0.2438634585870906,0.316059009086794,0.1973891922559087,0.3807644601051389,0.2834252899006388,0.2614323039419665,0.2814642496270414,0.13087552737668315,0.3758492491911795,0.11845589663302009,0.2363870374801564,0.23603828683261635,0.17536625889151694,0.0823746165588402,0.33161259759938955,0.13301908272098875,0.2582971017410886,-0.004462939741159257,0.18895849622080224,0.12734886199895523,-0.12648841338609743,0.07031747707234842,-0.0014041499542757647,-0.05957931151245757,0.09381883567235035,0.013178708250813905,0.045571114670703114,-0.12696757656972402,-0.08293515058206008
0.15200434306783867,0.20075418703243458,0.38424120598512107,0.39230388596533095,0.2851386526366997,0.3929352079398241,0.4010795728240637,0.13998357181674356,0.18627101225848502,0.207286167408492,0.30786194569010406,0.7844395796034648,0.3465871426072835,0.215621284668214,0.24692887937658928,0.27076392166334406,0.18047793441898483,0.27294633624128717,0.219189849004351,0.17197880482539404,0.250855125866485,0.2379400113792965,0.17721798969190206,0.1878217130395413,0.25512198384974993,0.3662977011841811,0.30546320991697284,0.04649316677664816,0.3288608221858901,-0.03144390737956096,0.1432420591169866,0.41956141184659296,0.1857505389958252,0.3453547469872659,0.006089297356018814,0.23946736740493374,0.03670671874163579,0.12591098306070925,0.2285623496681533,0.10064464951873008,0.1673502931575373,0.15480703207115612,0.12076800004305752,0.12851203329325325,0.059367897238050776,0.07706041211170701,0.17363057505718918,-0.00128764796910761,0.276406320699317,0.060798059283988265,-0.05821226183970487,-0.07040517621896783,-0.004247599861008893,0.014840023951655831,0.14750671790350234,0.058351919899377824,0.0420314509945446,-0.20059602257080175,-0.06655413744910818
0.1685794977079884,0.22229492798565165,0.26839434489641567,0.4370634853050904,0.39796736011377665,0.4275976873633991,0.4280788583459864,0.3848899212853776,0.1470197239278923,0.11626736503409187,0.3576444628651446,0.3465871426072835,0.8554135811314301,0.34064013876801136,0.2220317266299555,0.340924858520657,0.3188191419725684,0.197776621287554,0.31221438198914425,0.31884940266738115,0.34063872397147893,0.2734103213827344,0.16826988538315873,0.28335175740626106,0.3063313025931731,0.28911501737829987,0.3566692639933012,0.21842235594819942,0.552444177293157,0.18621953883806508,0.2362628043191453,0.44583135330824053,0.24997004067293696,0.43681180478505716,0.26894311156373674,0.31620308437512124,0.16614416482982045,0.05205714183438423,0.4311145276472565,0.1312743765074,0.29337444562593556,0.2311912246241384,0.15432010069768978,0.13165743847343933,0.20421235087470851,0.07661074970735599,0.2405395918375108,0.02936901710265515,0.4022001691999951,0.12785830779639037,-0.15302567647174134,0.12177176230417448,0.011106208229162867,-0.05354895195907492,0.07363593793678443,-0.0378140615273634,-0.0007971536853544842,-0.08749441598838711,-0.041354675358379764
0.16773575248981362,0.057056899981999185,0.11622848381813194,0.4993528765615595,0.2794880614282851,0.24471546518054182,0.20439355600083703,0.3612717612691144,0.3103801830342456,0.19896103061721243,0.21084946613037367,0.215621284668214,0.34064013876801136,0.9254294856224465,0.35054688940393675,0.4240122463423842,0.27010578169365923,0.09085340037162255,0.1944769867287337,0.3126633517698521,0.19280251545456167,0.35960985520245714,0.0823434148701393,0.2393614823347641,0.24381982835465715,0.4143369619980534,0.2817024259000373,0.35210706176735407,0.2839316643210405,0.28733049673962624,0.23617825481034796,0.34611142400027123,0.2314738942448178,0.2979920718680586,0.3822634519094748,0.21151971914279977,0.26351914059078285,0.2832926626625351,0.18506137330605926,0.11616604318636997,0.43072572280526655,0.27298089630631445,0.24016298655350837,0.13741149027502975,-0.014042157246839921,-0.032980811592777104,0.26812097339247376,0.0802392866315244,0.7887868080342932,0.04083520177190123,-0.05491321055883008,0.005904575577595184,-0.06757574577143817,0.03648455389346826,-0.05227203882072238,0.006863407939455717,-0.021548050736556985,0.0029093927862151384,0.10708723547908015
0.1402237004175273,0.15592430196913618,0.30835352432291924,0.3082364119591638,0.3013548684665409,0.3333628210236187,0.285794957034673,0.2631953553126019,0.32611447093460294,0.1981280705496822,0.37072333646563205,0.24692887937658928,0.2220317266299555,0.35054688940393675,0.9044189263666436,0.3349222774060143,0.3497373306546288,0.1861131214722441,0.20468558253149716,0.3539550159774867,0.24602011475260446,0.33273758294008166,0.17971322874218482,0.29534689566309524,0.3021441386072497,0.32455686071063683,0.2509636815559953,0.4082792384267966,0.36348151854509747,0.24672862029892614,0.2818428448497255,0.3001795126937349,0.2602067002331716,0.3512716991024314,0.37797130869083867,0.2470619421204235,0.38460673250223587,0.22095630958804097,0.2965882448411775,0.12194270536684162,0.32586379405775484,0.28235996306889677,0.19504708326673434,0.10851566468335781,0.2597214980627407,0.07987427667158499,0.27953712570806827,-0.006407889650120079,0.3264106966179484,0.3260814110994436,-0.18368529256606653,-0.0585504662522381,-0.15012448926333036,0.07796308962896285,0.18638864418060813,0.08196092300752748,0.004546634953682172,-0.23324011660654503,-0.01372235541530244
0.1383787248319922,0.13556880987513537,0.22926043228669407,0.39079114180935787,0.30776445231520416,0.25180601764796995,0.3276801528781933,0.27264398335905987,0.21262681591299246,0.23244998760922314,0.27763583055305824,0.27076392166334406,0.340924858520657,0.4240122463423842,0.3349222774060143,0.801003265690445,0.3295089615356938,0.20909793046908015,0.25194720701142165,0.2952602976502561,0.21085108974927982,0.4732259810776736,0.2683343398138256,0.3107135231312684,0.3669420448786908,0.2584124403811082,0.3454780469055431,0.32289967577726963,0.3260748650249978,0.28219335758031633,0.25529497625178854,0.4276239670809612,0.2559550322668518,0.3807269410860115,0.37773813552246693,0.3142650383249341,0.33177096731263783,0.23158091728502977,0.3424464651678203,0.17607542834808962,0.3915429174997602,0.3200291161304847,0.2403526993227268,0.17883526691444815,0.20107004056737957,0.06542648676999789,0.311357304335393,-0.0040333377834782845,0.5008434744144125,0.04076374008396676,-0.02976403031126675,-0.03230779290680186,-0.05212208831021984,-0.005674045949625111,0.12435834432380093,-0.009148208126683436,0.04644061655750184,-0.17866930210682871,0.011671996836617175
0.10175396914383733,0.261068804326427,0.3338173948482372,0.24715498943418837,0.21821569729426415,0.3272639244982088,0.2762317590071174,0.3491557111040742,0.2519594455317126,0.1894537464492745,0.3518453156194309,0.18047793441898483,0.3188191419725684,0.27010578169365923,0.3497373306546288,0.3295089615356938,0.9139601444986412,0.20730497050265684,0.28158347115673166,0.5030600045664615,0.24482094393356846,0.3235477329724435,0.1291565427879157,0.2999271374145335,0.4196226556940454,0.22595038952843918,0.28208387529971635,0.49490736684305253,0.39407294267340454,0.2655206480015407,0.3011546982152735,0.3004616169089618,0.3471120052490111,0.38122533948373366,0.45618069704611397,0.26630874244688674,0.5514432374951089,0.2701891203201764,0.35938337090664413,0.14359755313594716,0.3274058776265412,0.36447881786759595,0.23448303661227712,0.06456251735289957,0.5368174047016413,0.1035633865026804,0.35580015219355104,0.04032240446261806,0.217325038304919,0.16574027641404235,-0.06592381974910186,0.23158942197959834,-0.06650994081795036,-0.06873313216915045,0.043961209780608294,0.02942955555970529,0.012906671691890985,-0.09032731165966033,-0.13512736577370568
0.10293269873922599,0.42419819244290374,0.3665157220400273,0.2328209092983294,0.17903126160699942,0.2573127291377718,0.23057917219382298,0.25509332692714903,0.23182283492893904,0.3206977933738746,0.24465924231304503,0.27294633624128717,0.197776621287554,0.09085340037162255,0.1861131214722441,0.20909793046908015,0.20730497050265684,1.1525242670999407,0.17164161470036307,5.037773534878869e-5,0.33930398934024525,0.2185489213820715,0.7390924222325961,0.2637917624285363,0.2992377025311313,0.32200985554067457,0.07313294638438665,0.2991011185703439,0.3883888765208588,0.0012388675224807172,0.27124866245036383,0.1720403307318787,0.446745218856748,0.31556635345764494,0.03374721230557978,0.14312684307306883,0.3668394314816147,0.005548801132282754,0.3355983707975147,0.1399690877424178,0.22286413561228036,0.1309047771846324,0.2544652388731935,0.05017751280951322,0.4770654651852914,0.21635716374630468,0.5161515862295337,0.028929807927070596,0.13283063041461426,0.17852941302663664,0.04955396141770726,0.17959934608701764,-0.05086463213177257,-0.1526396938358227,0.23213334607450836,0.04516011699265649,-0.02076029225828906,-0.1926500787097929,-0.06345864746596079
0.13093239353958014,0.1829278426735823,0.23293265982240013,0.13529429700071188,0.45718289774256765,0.42439424718254165,0.1679906761151021,0.27182888047915854,0.14743235780812422,0.09776318873266769,0.20676473300189563,0.219189849004351,0.31221438198914425,0.1944769867287337,0.20468558253149716,0.25194720701142165,0.28158347115673166,0.17164161470036307,0.7957141576841078,0.06409465749956014,0.309194883293279,0.23570505810696338,-0.11013994243314033,0.13974178884369548,0.14381102680452237,0.22271704228960437,0.2015947910832779,0.25061700426757455,0.23530772113932788,0.17735430510431224,0.24595298525270132,0.34936824784609743,0.22280167623840275,0.2545620828885974,0.10338175016898798,0.2400818822068333,0.10716734966078181,0.20006885238274896,0.3370359428200167,0.11422975800520281,0.24173479608086787,0.17771863721322434,0.16842984148126589,0.14610612748505597,0.3427909865071598,0.05061278649917813,0.228633161435139,0.07219398767709909,0.26676842372375614,0.16469605721249972,0.11098929261690375,0.31872883432598226,-0.2748782498358245,-0.09112978136085767,-0.05727644126617242,-0.04526528406475478,0.04737999113440838,0.08708446048642378,-0.10348090119658317
0.07548925000205671,0.2690853584130758,0.21050200518851228,0.24153162288857694,0.1656023438640551,0.30751803750275625,0.25131068811805535,0.295536778179268,0.2791725354989616,0.10855483547764189,0.3512692562223926,0.17197880482539404,0.31884940266738115,0.3126633517698521,0.3539550159774867,0.2952602976502561,0.5030600045664615,5.037773534878869e-5,0.06409465749956014,1.2398065417077933,0.1130355711291359,0.31399043348502476,0.052399319922474825,0.41061508145018133,0.6403891124298339,0.13132680013498116,0.37230194304823705,0.3354203215370555,0.46154378155761605,0.5196096476059301,0.29719887093001257,0.264928013492759,0.23365955175381364,0.43866377808146734,0.4579791021933606,0.1628904444076694,0.9243864513462069,0.38615230425617997,0.5045561236991065,0.2119025615362387,0.23997618417292418,0.4072434445896391,0.4736152663102047,0.059696085572627275,0.5467567164384957,0.13512834197999618,0.37096851310722745,0.10893359729756903,0.46581979482987723,0.07881101867152022,-0.19103216017824767,0.03307793258359199,0.09840170100207239,-0.0899956754289791,0.2323793993806537,0.07931299033990145,0.07959598090151092,-0.23527353808508597,-0.0933415228343945
0.12050816141945588,0.27881642651594263,0.2700618243222436,0.2561522129972602,0.26378031697119053,0.3608534711764108,0.24363453452972084,0.29959765385484266,0.19857949038623102,0.1256825854019617,0.25857846033824744,0.250855125866485,0.34063872397147893,0.19280251545456167,0.24602011475260446,0.21085108974927982,0.24482094393356846,0.33930398934024525,0.309194883293279,0.1130355711291359,0.8172250403527933,0.2148082184549456,0.34355962894344805,0.1883851464672336,0.16652903908590524,0.3140059512186551,0.19693404823652508,0.30988579874078764,0.39380089281537506,0.10383250244859803,0.2328423607453175,0.35499920797820944,0.44800698003240463,0.28603072943216395,0.08916082276045341,0.2830565030441575,0.08523563686512965,0.13726545651117578,0.3228023557552203,0.18571018751570598,0.2306144131651132,0.18961916460222517,0.17851874050316807,0.15949088820283883,0.39761119093747493,0.08116991971697414,0.3063860678781427,0.07530770940385696,0.2968233720131531,0.22708877260664379,-0.07515344731023552,0.20151863576046838,-0.12218835484078076,-0.09974676268430002,-0.033055712724195975,-0.029032898383658544,-0.21108380011209313,0.044101297282215186,0.11171185728888307
0.14257937279933963,0.16031012351668256,0.35008154978656353,0.34113590846243963,0.2506168147984332,0.2922296823652733,0.3208859664086604,0.2681782554381237,0.5509545899473038,0.22398815744911738,0.2687603144906707,0.2379400113792965,0.2734103213827344,0.35960985520245714,0.33273758294008166,0.4732259810776736,0.3235477329724435,0.2185489213820715,0.23570505810696338,0.31399043348502476,0.2148082184549456,0.8168361873932208,0.22821043941107,0.32049746501392656,0.3428632246002968,0.317973514837306,0.29120406007588784,0.29428984642956774,0.26487108991928104,0.2509013459501625,0.26119660950448126,0.37374549129193735,0.3283955133262073,0.28574256691562006,0.23808470978177473,0.3502573210227018,0.35887326709896955,0.3236053638502579,0.3217248545872237,0.15653656825995982,0.2702514078194617,0.30383607327100837,0.30176330926173356,0.16423741058873947,0.2199310737655817,0.26210553175653434,0.3161540829159517,-0.18060491481919536,0.4815720269180941,0.007562643590677392,-0.07518464915120256,-0.0022572080548795,-0.008334533127020245,-0.07358336147290638,0.22399863915161564,0.07255679175380479,0.03327010335605429,-0.2812289603399058,-0.017070450935761598
0.01635406364081989,0.09760058383547782,0.19506701657440365,0.298407177461028,0.06618941497874765,0.17261687776044088,0.2144833430165868,0.18856265800374156,0.2293673689307641,0.22334458807509355,0.19223388986890258,0.17721798969190206,0.16826988538315873,0.0823434148701393,0.17971322874218482,0.2683343398138256,0.1291565427879157,0.7390924222325961,-0.11013994243314033,0.052399319922474825,0.34355962894344805,0.22821043941107,2.0775653812268695,0.658513677679122,0.910327786418673,-0.15645507070000786,0.13039166078988648,0.23597186013432284,0.5101609044095674,0.18399256350763962,-0.0033270471391647844,0.006434963075687011,0.7091923306597844,0.3549047003964448,-0.17752169753811115,0.02528765726834776,0.7610891438230337,-0.163333807558521,0.6630868037250013,0.20217730698540626,0.0928289216039728,0.15508840834720533,0.2809204876863768,0.11883706371919839,0.32701170394778084,0.21699798068347953,0.5769644701181159,0.15324616369871166,0.5007161993064938,0.5477322050044272,-0.34283711678015855,0.09142361101156488,0.036628996815324825,-0.22453989729572169,0.40248165908597433,0.1278935000648594,-0.132262095939807,-0.49552080860586556,0.25113126978440015
0.054153577668098404,0.015700526474667402,0.21513898484346336,0.3424034337494632,0.19509194791576587,0.2646915324729924,0.2835582847006676,0.22459826704757396,0.33007012681042847,0.155557872808256,0.2719342810557472,0.1878217130395413,0.28335175740626106,0.2393614823347641,0.29534689566309524,0.3107135231312684,0.2999271374145335,0.2637917624285363,0.13974178884369548,0.41061508145018133,0.1883851464672336,0.32049746501392656,0.658513677679122,1.1685858228696495,0.5592743422049141,0.02704235231777303,0.25586210878951826,0.3295415617073039,0.2238836297724622,0.33726616995989595,0.3568294319544985,0.18749279620125633,0.3743321842288465,0.1909799622712089,0.23474662876783003,0.21325862153443773,0.5482515171597317,0.23535463677911525,0.3835357801008791,0.18113829296939313,0.2332304762492571,0.2768724549799888,0.2931785598956233,0.12476714416062452,0.256543600445179,0.136984979049153,0.36589908871080357,0.05319630829515179,0.42007092093859133,0.17901185568952757,-0.15627140702514983,0.11865179987478623,-0.005678567553834289,-0.11025712839723754,0.438218035038682,0.13589561998693994,0.11307167167854888,-0.6075667772746218,0.14727405704614122
0.0844832148861746,0.14691983874766934,0.2504935353620192,0.24514425102655285,0.22034734196710015,0.3461064587903754,0.25053145536439586,0.2125983945345926,0.23941508675187256,0.20997364953749484,0.30747251016360133,0.25512198384974993,0.3063313025931731,0.24381982835465715,0.3021441386072497,0.3669420448786908,0.4196226556940454,0.2992377025311313,0.14381102680452237,0.6403891124298339,0.16652903908590524,0.3428632246002968,0.910327786418673,0.5592743422049141,2.573364995384591,0.07957228350424994,0.3693292044623187,0.3316148486339659,0.6985012728894612,0.6550366665841907,-0.17070934967300055,0.3795052583418281,0.3034995523571781,0.8079117478499623,0.5450491138567042,0.2667332505834913,1.044068290191458,0.22680649746969292,0.5041381333759554,0.18018554266202372,0.41585398020237163,0.4762120939445831,0.4623075280413126,0.2444310780660249,0.5879549464956081,0.1692305904807244,0.532636981902616,-0.018610625068366082,-0.016164534701446534,0.16141660742127384,-0.23695441494111816,-0.225083681048449,0.08782039360327419,-0.032500063657539206,0.4743521648590637,0.08367849380060663,0.478015494081517,-0.5199252995613017,-0.3093662211963057
0.12682329691418154,0.17125787895335057,0.251088618837689,0.31849086530331994,0.3320410332489378,0.38398597505504256,0.23441824155026503,0.3544320236211383,0.37257752711667214,0.20422197795477742,0.2821703371278317,0.3662977011841811,0.28911501737829987,0.4143369619980534,0.32455686071063683,0.2584124403811082,0.22595038952843918,0.32200985554067457,0.22271704228960437,0.13132680013498116,0.3140059512186551,0.317973514837306,-0.15645507070000786,0.02704235231777303,0.07957228350424994,1.7418921938179046,0.28549421201738867,0.47468287420732164,0.041720225959052296,-0.21330343292422654,0.16485479895954486,0.646287630875997,0.3206110783379779,0.36466947323209914,0.538314735497452,0.31418449342666693,-0.3453763000520029,0.30189998797082185,-0.27069014516970463,0.11460385857390958,0.5952021076859683,0.3041812968292065,0.17580999874882014,0.08956063422498566,-0.3312071567036213,-0.17612950930973278,0.06089382487842347,0.1535221923838373,0.784104717516465,0.0750672063665679,-0.24962340000103223,-0.07571062277396748,-0.07574957253533238,0.07301315165710758,0.06304920981200414,-0.01827660102938463,0.11139309206483125,-0.05338513400834546,-0.07093151245020743
0.10942202169328683,0.18695215113462563,0.25434459708150287,0.2858887556708253,0.22672161194455556,0.29629491663643154,0.27244534052745717,0.25079616379545044,0.20004076536799476,0.17364170852897148,0.26715936890139813,0.30546320991697284,0.3566692639933012,0.2817024259000373,0.2509636815559953,0.3454780469055431,0.28208387529971635,0.07313294638438665,0.2015947910832779,0.37230194304823705,0.19693404823652508,0.29120406007588784,0.13039166078988648,0.25586210878951826,0.3693292044623187,0.28549421201738867,0.6157709567931255,0.2791209961607167,0.25950794939901795,0.2058339972334642,0.2199312313117328,0.4792115291867784,0.23769503357802801,0.3625728294884353,0.3155223383236346,0.3421288338175295,0.25812341379029613,0.2334503199957164,0.2675003585328955,0.13183226994372954,0.33369696479115724,0.2798060927115623,0.2237743788470813,0.08625503873244453,0.09639224105664514,0.03748186788990737,0.19084388151143158,0.057986176418219605,0.43150339736413074,0.06462683247256773,-0.08056535577068316,0.07754388950751555,-0.011340420678244608,-0.04255796260175798,0.10175718072260018,-0.02271668090779534,0.16824974661351758,-0.1249668826402458,-0.11170796814310785
0.0880487094973744,0.13150437902547676,0.11700767530780608,0.14624510777731656,0.2090252059061668,0.1675794930250403,0.20481174207286149,0.12845523240271625,0.26474714731553745,0.14651128980413577,0.23707504897591086,0.04649316677664816,0.21842235594819942,0.35210706176735407,0.4082792384267966,0.32289967577726963,0.49490736684305253,0.2991011185703439,0.25061700426757455,0.3354203215370555,0.30988579874078764,0.29428984642956774,0.23597186013432284,0.3295415617073039,0.3316148486339659,0.47468287420732164,0.2791209961607167,1.4494469211079604,0.05790197344680099,0.22313137286047494,0.3153173843737854,0.3795484085431579,0.8034313853138119,0.18817681104133485,1.0500597496995177,0.16075375072535847,0.45988847985443987,0.30800704000846935,0.11378349816872706,0.15732127776850194,0.4272797926071399,0.3889983402995122,0.21787940638356837,0.01293853238853316,0.20498399422454858,-0.22452762263141754,0.31552002470369195,0.20913901422275952,0.7078842003353737,0.212773128621192,-0.06668731534238947,0.24873157520616057,-0.3994378362840791,0.08077056105670623,0.2126084160855835,0.01988788284341738,0.10617995533669279,-0.21398203761358642,0.022789331885201214
0.11056121784678571,0.46608149690906464,0.3732335872531819,0.3505524298678086,0.33396109733493007,0.611694908777431,0.2868272212189458,0.42813332109123675,0.1534284768758459,0.2222162644146694,0.41052225018690425,0.3288608221858901,0.552444177293157,0.2839316643210405,0.36348151854509747,0.3260748650249978,0.39407294267340454,0.3883888765208588,0.23530772113932788,0.46154378155761605,0.39380089281537506,0.26487108991928104,0.5101609044095674,0.2238836297724622,0.6985012728894612,0.041720225959052296,0.25950794939901795,0.05790197344680099,2.7975183420414287,0.34981389944140023,0.08832618198048803,0.3198904291565254,0.3177648268196479,0.9302035748274613,-0.15624321453182052,0.397407391051024,0.1119823208926868,-0.4409690715731045,0.7400196386441246,0.08841608524882578,0.4260071530494838,0.07315620525633477,0.11633716271587981,-0.14038841889396442,0.5286789524683229,0.2051394152682444,0.42597394529939253,-0.1098579965216406,0.581221988396718,0.8362083696360176,-0.6446079498456997,-0.10792532971146844,-0.27337188483575675,-0.06326077466174798,-0.002954392400151965,0.08200154422745984,-0.2942175087418963,-0.09042691248213154,0.09042821936617014
0.09618772899250698,0.043530775432183914,-0.19526059803483112,0.13541130250897246,0.17312498476621668,0.0756443711765503,0.12214704084182398,0.1926366432457542,0.1318098966875812,0.12506966181146745,0.14064014143441947,-0.03144390737956096,0.18621953883806508,0.28733049673962624,0.24672862029892614,0.28219335758031633,0.2655206480015407,0.0012388675224807172,0.17735430510431224,0.5196096476059301,0.10383250244859803,0.2509013459501625,0.18399256350763962,0.33726616995989595,0.6550366665841907,-0.21330343292422654,0.2058339972334642,0.22313137286047494,0.34981389944140023,2.0239959213577055,0.3381364873228762,0.04532475323945838,0.07100703205291366,0.19143439846335455,0.7057818281483694,0.2938577934541947,0.6569100950866575,0.31640835719087207,0.5560371369555958,0.10946777507917954,0.6529657958221491,0.3649109056799025,0.7133753365368056,0.34719697359655655,0.7061235627143293,0.18639342214437982,0.7487688219594939,0.05755029531984549,0.4928434393709165,-0.15592054391531132,-0.0698864629799833,-0.055432513297824164,0.25036584126387185,0.0067544655749871944,-0.034566867607714116,0.027023448743070628,-0.14094817796309478,0.1812447373929865,-0.04603322659446797
0.10808855303495406,0.12405831806488103,0.22516162360705846,0.22609180670317292,0.23222502520219415,0.2186566151623985,0.21880192729268563,0.23457564326156866,0.2569461144683291,0.1939406263469494,0.2438634585870906,0.1432420591169866,0.2362628043191453,0.23617825481034796,0.2818428448497255,0.25529497625178854,0.3011546982152735,0.27124866245036383,0.24595298525270132,0.29719887093001257,0.2328423607453175,0.26119660950448126,-0.0033270471391647844,0.3568294319544985,-0.17070934967300055,0.16485479895954486,0.2199312313117328,0.3153173843737854,0.08832618198048803,0.3381364873228762,1.126330847550683,0.2785858235181469,0.16859967955405333,0.24503018620444955,0.36126145848884383,0.3837239755218392,0.34100222137022046,0.45846667726072354,0.3587955722432361,0.14659046213255006,0.38790905707317397,0.2784308286721876,0.20194133731513172,0.21440067651869132,0.3676640477800007,0.04736060776896676,0.3204838209515641,0.06478002156610935,0.1721271446218667,0.052178588202041534,0.00904851271957397,0.22617265594275798,-0.05242142769610695,-0.05850360586970088,0.20114669115638464,0.01716615880362419,0.3021146580543384,-0.24228761346460387,-0.2296603375981712
0.1263991581223633,0.14234415025887168,0.27936346237127063,0.3448407220624199,0.3847391088106083,0.4114561749217298,0.32716364473097326,0.25733546710409766,0.24055276701817135,0.20544049011966975,0.316059009086794,0.41956141184659296,0.44583135330824053,0.34611142400027123,0.3001795126937349,0.4276239670809612,0.3004616169089618,0.1720403307318787,0.34936824784609743,0.264928013492759,0.35499920797820944,0.37374549129193735,0.006434963075687011,0.18749279620125633,0.3795052583418281,0.646287630875997,0.4792115291867784,0.3795484085431579,0.3198904291565254,0.04532475323945838,0.2785858235181469,1.3601631245804018,0.3404661088419356,0.5966637165881393,0.41470137567253856,0.48965541956374325,-0.05553689992244639,0.37273510940342003,0.16706753849668046,0.11252183277142552,0.46578225119354466,0.33322934843742574,0.04461448594474752,0.1181476044301064,-0.054898047360048954,-0.1221924968165438,0.20464718014590236,0.08559589543633835,0.6211461600154345,-0.011918753550695485,-0.05059181786903365,0.09611045899898436,-0.055307268795010044,0.02176149292757837,0.024467045738316193,-0.15283519805550158,0.6899597671910913,-0.09839668633263264,-0.4844875271883253
0.12717824224944257,0.20053504652055928,0.1763378690462277,0.25477026885493836,0.23330704004433997,0.15238834064051177,0.27995558622243466,0.14520314422860225,0.327742189160786,0.12052233660099855,0.1973891922559087,0.1857505389958252,0.24997004067293696,0.2314738942448178,0.2602067002331716,0.2559550322668518,0.3471120052490111,0.446745218856748,0.22280167623840275,0.23365955175381364,0.44800698003240463,0.3283955133262073,0.7091923306597844,0.3743321842288465,0.3034995523571781,0.3206110783379779,0.23769503357802801,0.8034313853138119,0.3177648268196479,0.07100703205291366,0.16859967955405333,0.3404661088419356,2.2262002511249475,-0.12363172942476786,-0.37421665060991327,-0.11223381245984755,0.3694742641053709,0.11378978073822779,0.048272586132726454,0.12904579748739436,-0.33656969048800334,0.22020820056053603,0.23839192707158183,0.056647878089909454,0.26393848312122364,-0.042575188352219365,0.5026390920234465,0.23814145582289006,0.7272048563009689,0.07892383891840932,-0.22267302561177843,0.16457645023082496,0.039353543302290205,-0.10337348914976197,0.2085380228395968,0.017302325835569305,-0.18799467524682364,-0.18329168336249588,0.23274528437554162
-0.0025534012243864828,0.26548095374660263,0.31472405602640036,0.32974664960711836,0.39986953760851696,0.415702718298489,0.3323413287125322,0.3685054227775994,0.19045037923599079,0.33535147777692825,0.3807644601051389,0.3453547469872659,0.43681180478505716,0.2979920718680586,0.3512716991024314,0.3807269410860115,0.38122533948373366,0.31556635345764494,0.2545620828885974,0.43866377808146734,0.28603072943216395,0.28574256691562006,0.3549047003964448,0.1909799622712089,0.8079117478499623,0.36466947323209914,0.3625728294884353,0.18817681104133485,0.9302035748274613,0.19143439846335455,0.24503018620444955,0.5966637165881393,-0.12363172942476786,1.8545651694856533,0.5855207440394817,0.33464704238106147,0.5450026603157238,0.07464737644633354,0.4713354071699642,0.08798045096188585,0.8079830756607215,0.38982657136211296,0.3700584700456258,0.23800998311690144,0.3291084094559517,-0.14217966520097017,0.40892712957759236,0.12843594715129739,0.46887674274349694,-0.006463173855519135,-0.10371410798271091,-0.027470247256223504,0.0627498042369081,-0.026883003717181962,0.04447767095642831,-0.018336579795335,0.20000657130701627,-0.10882165811515897,-0.20706655836976418
