1.7830598884902686,0.16578534199116848,0.39666024739873124,0.012458142798063203,0.40529434317736723,0.1592889940528901,0.41479980002892214,0.21652863086502663,0.26868442918292595,0.21477712671537305,0.23822486962948447,0.2664523599044295,0.21439562428851824,0.29725321649309233,0.3072504081870205,0.22757281155585068,0.1432438420215589,0.17485496196974057,0.22566786078597478,0.045588454931571404,0.21032120720808858,0.11220891122831271,-0.01322445271110486,0.054469067458518546,0.12638043254360146,0.18041516979756195,0.13636618767599606,0.13814292506635284,0.1244568590660496,0.117948658663456,0.2313956704413834,-0.037714344647917605,0.3249754176671283,-0.27190700277921714,0.03203678595955322,0.2205857882232511,0.08372014082823558,0.06560778897183982,0.194138624823205,0.024943134503109515,0.10341581610418692,0.07146677288588583,0.08075763000664118,0.08402591186504044,0.1672573387283931,0.29532413349232683,0.10593302058177405,-0.1904534008829052,0.1215186045985698,-0.016729043625808356,-0.15538564114466058,-0.046892263763151434,0.1829700261367333,-0.028559150434347525,0.09150294435297435,0.0150729936438369,0.20250336136368297,0.16038961343277258,-0.38555534082574616,0.030345066707027604
0.16578534199116848,2.082279508825231,0.5438479442039291,0.044919289022387635,0.049871912269159865,0.22870858082611636,0.08744743164914973,0.24842087409914249,0.15050422414340373,0.16857708730917012,0.14864993878545504,0.13420758940853797,0.17656260752396158,0.10654852100726597,0.037377003035354746,0.11689947908156985,0.1282739636146581,0.393487456964918,0.16686417499082104,0.21162405384018346,0.25267350337308375,0.19848869242384995,0.25737808487646807,0.07788416884880009,0.19936011556995611,0.19226405231606805,0.17698918491174967,0.011943429720355633,0.43796525255075386,0.11338292630679123,0.072832079366417,0.06995215047661708,0.111902575297152,0.21613043020546094,-0.10237930220656112,0.23345940429001094,0.28395677414478565,0.12251635480263608,0.16465389179429482,-0.06969577216468109,0.24228707993527443,0.08796991734864085,0.09562000561451907,0.14077679971412382,0.024467371046461246,0.30532992327012426,0.21818423047556115,-0.14689577780195895,-0.025497270128451318,-0.21344007089448896,0.3510013615220586,-0.032813418938300684,-0.0361021291074761,-0.09376567795975778,-0.2610317935862065,-0.13069161563993628,-0.2941875959067491,0.21566083025833832,0.20635055027053748,0.0323282240596461
0.39666024739873124,0.5438479442039291,1.6039768239354644,0.21199574566447763,-0.011364604626624022,0.2308645019121557,0.17237638023763519,0.2830428408217806,0.38187080096138926,0.2757110800842408,0.19466695411254817,0.1670069419059461,0.19892461351542687,0.15305880847168218,0.15737614336296848,0.1346919652723018,0.18484024523198925,0.28756203143254844,0.16937017977993982,0.19664114025992216,0.2372952491070137,0.22251055566654634,0.20289032674783228,0.16686975509967367,0.18868327885491787,0.29106912486066766,0.18622866078012354,0.13112646288368335,0.31311894927118916,-0.04345571721567618,0.2083038717404638,0.15591033693856204,0.2743351932039289,0.19624881622029935,-0.05572610782092542,0.38698625994542,0.07446111226262503,0.14567214644303286,0.09636145371423742,-0.2590623677544043,0.23302691470907716,0.09245764348037308,0.07308276491889017,0.19846319341479363,0.3452318911453899,0.574962303320894,0.168045921215396,-0.38842354272510216,-0.37087837916780464,-0.16918281255522444,0.13358023106631225,0.10164504572003244,0.02500068524673761,-0.13465175749125322,0.08084410480480905,0.09824850119750914,-0.02041257987059278,-0.20426525585669514,0.09130135291825113,0.08267281353294745
0.012458142798063203,0.044919289022387635,0.21199574566447763,1.8645285476840674,0.24192649418271503,0.3077067585091067,0.3957520193685137,0.26760524922977796,0.16947622964829995,0.287608771856874,0.2943065900433143,0.40728853439225987,0.2737276352009849,0.37501440689780147,0.2780021381525775,0.2939119325235234,0.2291351423603354,0.26973730343417496,0.21514973873316615,0.24407897365086523,0.203430011715204,0.19080254304420952,0.22765479387318657,0.16691525817983008,0.20563249131879588,0.3238097586855522,0.23911898303201296,0.0678571351483669,0.3499849134154891,0.10913423848805345,0.15051168985285884,0.18429474664616816,0.050895874721183836,0.4081282499552738,0.10360120061479736,0.24413066756618046,0.1658156400976475,0.1269788656172487,0.18353998473237945,0.059109564996205045,0.13354698516659871,0.14753596723532492,0.17835591464338352,0.25149380310435593,0.10468854598847128,0.19072667837669088,0.214168665788376,-0.10955087898737362,-0.07624354374902627,0.021724148133250777,-0.15723600025104761,0.13484949241208133,0.016859930997414323,-0.09551104752943936,-0.2889299081065125,0.04726504404210019,0.014297803925002154,0.22638128906842137,-0.28454661694642874,0.0422518274459015
0.40529434317736723,0.049871912269159865,-0.011364604626624022,0.24192649418271503,1.0760904118203456,0.1814853326404547,0.2574768528839022,0.17118777152438563,0.1977953912986101,0.2170248293692826,0.24047526439700886,0.30003503329470604,0.3018129128905595,0.2443624893655759,0.4309194818327055,0.294664712945944,0.17401143198375005,0.11262565424703883,0.43011347014534845,0.051498589715468425,0.16176025734287006,0.20426088765154368,0.13012114575285233,0.1651761467446005,-0.056427360001878646,0.2094201942695433,0.13394239434327176,0.045138186348247684,0.21091013305154477,0.019842172616078346,0.13227887639062502,0.17768320449503194,0.18670153877859036,0.21105089454808873,0.03876416693064196,0.23127570036074122,0.13804086460510465,0.03965789666495068,0.13623999931077493,0.0958616160566475,0.09407609426487862,0.13515494220465918,0.11218283985396559,0.0336525073398807,-0.05578865714153954,0.13947035006992903,0.06807378926682643,-0.05382432718283789,0.10612434699652758,0.2768485384237814,-0.3059620569789101,-0.1296670790260158,0.1828168466318691,-0.004814144442325592,-0.05158936224839631,-0.11937238589295472,-0.08479824417888715,0.07982278034474845,0.08250485151286961,0.017959403847558928
0.1592889940528901,0.22870858082611636,0.2308645019121557,0.3077067585091067,0.1814853326404547,0.7103109277768722,0.1557634330580968,0.3956068491612438,0.2874642208706968,0.23128165852085433,0.2991240182098878,0.30651453947123203,0.26069743721094646,0.24548331605138746,0.13621106094390065,0.23454125664227327,0.2519168960432227,0.2606139024737495,0.37727603744228444,0.28076190382337446,0.19337026773602278,0.2841057035449268,0.23285697480500053,0.1518422168020754,0.176643613346846,0.31641124306464263,0.2172365534378166,0.06366868969061543,0.39595267699493125,0.08077154860001186,0.14802586653783595,0.24718572171965403,0.012549198801314464,0.33717874878503207,0.027823225656752732,0.157484865250046,0.1779154579415402,0.15270781170790718,0.23234012406476687,0.07724865287320955,0.17891886900180312,0.12861644040942308,0.16591527635918346,0.19114967526610743,0.023685820978531388,0.23772977822357722,0.3039597544062297,-0.18333142897030877,0.23250808768874634,0.13088340824755468,-0.2056564563233473,0.0615671879331333,-0.12737466505780873,0.04530534597598491,-0.2283223058181883,0.010565539380805105,0.05046488292059601,0.2092970411663935,-0.18200513524671938,0.11222328528750611
0.41479980002892214,0.08744743164914973,0.17237638023763519,0.3957520193685137,0.2574768528839022,0.1557634330580968,0.6471246074444488,0.23471329533968552,0.293342412126974,0.17871058096578232,0.2662685552782592,0.33880899529912545,0.22406281379666054,0.22093599749936355,0.14545111188445697,0.24042204198849462,0.20653390855052423,0.22150654648406043,0.16477078559973557,0.10701566084546842,0.16316798920059153,0.19059589061728607,0.1441653930293699,0.1141680931739062,0.14709621844251755,0.2905075199568285,0.17724984491228735,0.07802690031316056,0.20034215799162838,0.04141070515397527,0.1516452369608077,0.08801036195598227,0.15384726706637833,0.1775757624479035,0.07735498926313868,0.2544978028234611,0.11231238358502289,0.06293270448094736,0.15798684511443115,0.06225867484978589,0.023907255613461655,0.13657019602335235,0.14686063410298317,0.1022017718378736,0.07617624890655314,0.1504440340601878,0.0496402698406424,-0.06509460570606385,0.057557823672969716,0.0016063205272003917,-0.13249602305855693,0.006539410518732276,0.0910216569487843,-0.09526034937963031,-0.04103197682466698,0.09457896671462851,0.05340182174549261,0.1356032011356731,-0.3758875341289086,0.02141765908980707
0.21652863086502663,0.24842087409914249,0.2830428408217806,0.26760524922977796,0.17118777152438563,0.3956068491612438,0.23471329533968552,0.7602444171952599,0.09419859798944326,0.25316507832820434,0.29647756304263034,0.10393535230706587,0.28981949714343525,0.22215506725313222,0.0019567280841143423,0.20263530639658758,0.2309245643856352,0.291652743132823,0.2686635394748847,0.2748625464117728,0.172773199071074,0.3095281166406412,0.27629132510604204,0.13670639880050134,0.18821701648373956,0.2687655931391512,0.20635492821467238,0.048875656933776254,0.37184296519461313,0.15303843565667918,0.12542524813080436,0.1870494711364468,0.00403607792118516,0.31011927745266654,0.03844408028220678,0.1791007985233878,0.15218392027260583,0.14523166092014456,0.3203554522830988,0.07623919424672909,0.18070287048550013,0.12101146202926572,0.20605037835589166,0.23464067027518004,0.11839774460404708,0.22845869909669714,0.3332494745709177,-0.15656517887740976,0.20695767791305222,0.08859191053304982,-0.015166001254306408,-0.05034918529945266,-0.05838911044269222,0.008047594473145802,-0.17377899045157263,-0.0008010201061035157,0.09009073838696799,0.2328879549704745,-0.1790268098337308,0.07276533071330435
0.26868442918292595,0.15050422414340373,0.38187080096138926,0.16947622964829995,0.1977953912986101,0.2874642208706968,0.293342412126974,0.09419859798944326,0.7433523497510783,0.13525068917654387,0.22697169758758529,0.25258209518996655,0.19949213912823396,0.19927414289905884,0.19403190120285588,0.19433691197409106,0.19106343760814093,0.19039492532337773,0.21901682396738137,0.1503188411204012,0.21010489786325845,0.14409904607189108,0.0869798657412527,0.15848615178463887,0.0210933983369343,0.39179794119390426,0.17772918320956604,0.17059979650321364,0.14012373840217293,0.00688109721392817,0.2225574532580489,0.164198135519461,0.2266190228069734,0.1296447921678432,0.09355108716419182,0.2578798739352962,0.03934631581359837,0.09165054920062042,0.059839811457040364,-0.008544647415297695,0.07974032058949129,0.14481454856928955,0.13082611577626732,0.07116151811610177,0.13157445058519504,0.23955312050047198,0.10001438343062949,-0.15446926913190445,-0.07396709224498411,-0.05602113503523537,-0.060624234462783456,0.09987992020666238,-0.0074660117981405465,-0.020521647210622457,0.060006050919116795,0.1359162204574866,-0.015388662631419497,-0.06453482850618437,-0.05782949240572423,0.10015164852999942
0.21477712671537305,0.16857708730917012,0.2757110800842408,0.287608771856874,0.2170248293692826,0.23128165852085433,0.17871058096578232,0.25316507832820434,0.13525068917654387,0.7348891815812663,0.2425481084925066,0.31531488557872395,0.2697553687139391,0.1969275884693176,0.26681102474704627,0.23390583636999396,0.22865005585889936,0.28681349462404837,0.20640757073499147,0.23411520712946657,0.19531529855685262,0.23267093064123767,0.23863752069587618,0.15592684275697266,0.2192916178337138,0.24194945037927434,0.23252444398300204,0.08910049615660119,0.3964771987891042,0.15877192099991813,0.16021567626283864,0.2125250364037403,0.02677471746388897,0.3722423391382727,0.12604905914120898,0.2900390517303008,0.13781234127550196,0.12757778255252214,0.20674897226337963,0.07580122413708769,0.23761007997093078,0.16639576111976642,0.11854054259247994,0.16056654562116504,0.0654818834089733,0.3033176055750742,0.28989981363473627,-0.23714045903451056,0.16933952340761016,-0.062494083471464006,-0.04061668946480289,-0.026379417749735404,0.012438589309712393,0.08707614834323602,-0.07156949307765417,0.060263035083323854,0.08011959853958203,-0.06469684015787673,-0.05525957228293232,0.09247209422997857
0.23822486962948447,0.14864993878545504,0.19466695411254817,0.2943065900433143,0.24047526439700886,0.2991240182098878,0.2662685552782592,0.29647756304263034,0.22697169758758529,0.2425481084925066,0.47366679719920185,0.3279331845353848,0.2734873230011846,0.25239712888114907,0.31015194194789464,0.2533851433639387,0.2705948196390931,0.2167838038083808,0.24834423491222973,0.261489525443851,0.2078361382693899,0.18889401642042672,0.15671032952136363,0.16528821958931095,0.14296806933490303,0.2840676317623347,0.22915965259300936,0.11576920591300628,0.2822888878350692,0.1112124953066303,0.19802764665896755,0.1859345619097019,0.1210596427805095,0.2469455321607779,0.13014790349933156,0.25634035863308047,0.1222931875160228,0.1364567080731481,0.22035444886124875,0.10331868245544144,0.13162208087370295,0.16055432716692244,0.15568694015004333,0.13452328079754686,0.1228074638860626,0.24272160741715404,0.20883770991025308,-0.14418577192426896,0.12548786461083994,-0.02467329461515451,-0.06265879344373201,0.043477202287880795,0.06266075112318699,-0.009513704241446453,-0.16341454134686476,0.07389481291684369,0.006153597765279392,0.14145679653778004,-0.19994370069745032,0.06175712866428562
0.2664523599044295,0.13420758940853797,0.1670069419059461,0.40728853439225987,0.30003503329470604,0.30651453947123203,0.33880899529912545,0.10393535230706587,0.25258209518996655,0.31531488557872395,0.3279331845353848,0.7569185434081415,0.23211359418845792,0.24613094534659202,0.35291976558212257,0.2944785248704907,0.2573199994456262,0.24468894168444744,0.25397040713007374,0.18772786205458689,0.1781862241830974,0.15737451642868122,0.19598683527885116,0.1393020579430982,0.19628938429484152,0.2907867339690783,0.2610909768350914,0.01893893594968085,0.2730208597792284,0.05662019170040879,0.1272596288370666,0.15137441282500805,0.13383156288949702,0.2582571908259296,0.030076452027214224,0.25827145970991683,0.10850494095402677,0.10163494575903616,0.18657536675976602,0.0890597908923877,0.11974492793262465,0.13578595648014957,0.10491473788241505,0.11762553151177456,-0.0029137739156239804,0.22908714479854064,0.17126091256392392,-0.11885184221506773,0.23426414322303002,-0.11383057010117938,-0.11065450370531346,0.005996605043008783,0.20787719172311228,-0.043093701618138316,-0.26757405550999525,0.09718179119646915,-0.01617754585665276,0.18029722374818175,-0.3784151537939556,0.02476878910137004
0.21439562428851824,0.17656260752396158,0.19892461351542687,0.2737276352009849,0.3018129128905595,0.26069743721094646,0.22406281379666054,0.28981949714343525,0.19949213912823396,0.2697553687139391,0.2734873230011846,0.23211359418845792,0.5501219247056819,0.24642554492010885,0.2008225014861406,0.258934300372214,0.20401525000898754,0.21758224257198636,0.25149552924611634,0.15766710194896594,0.2050480511559018,0.3047754304845834,0.21225521906794523,0.17812062278947058,0.1433949330255563,0.24305461721568808,0.21623877862844584,0.1180698077896361,0.346713982727503,0.1674188835260812,0.13208384485115188,0.15823863907128083,0.11266012448054662,0.27013750567767897,0.15459150372477953,0.24323734108983636,0.114647715032562,0.08103987003951005,0.2645691391421622,0.06833464217568787,0.1484003271616946,0.13558497551523263,0.18200384975428144,0.19377809912851007,0.05973356424376866,0.230992968644334,0.21443993757403965,-0.12592674422730699,0.11276878208674106,0.04929547485679211,-0.05707230905936245,-0.03951754240315951,0.007000258079148487,-0.006356045521952243,-0.04793096289197494,-0.04103873390366715,-0.06377723864390196,0.0018204712175930045,0.06767782715205914,0.05842161404953026
0.29725321649309233,0.10654852100726597,0.15305880847168218,0.37501440689780147,0.2443624893655759,0.24548331605138746,0.22093599749936355,0.22215506725313222,0.19927414289905884,0.1969275884693176,0.25239712888114907,0.24613094534659202,0.24642554492010885,0.5915608934570509,0.3471486534367814,0.295369706662333,0.16168009059165672,0.1397563491421665,0.2115307944969363,0.22837815180098273,0.2058382833260961,0.1393353071570585,0.07897204251111109,0.14202939913801862,0.0944760412803545,0.2940107142262405,0.20278703363944015,0.11301343134681935,0.2654526262460179,0.15470425153846423,0.1705745610788441,0.14880709010120377,0.11653327433884919,0.176610985895043,0.1058162093810158,0.20509763823699,0.10396542391420299,0.11954922372041694,0.114816146873063,0.07435529869690365,0.17540011233175593,0.1479038643420684,0.206146949911547,0.10255499524791234,0.06631780797919486,0.2148958110320427,0.21761301331892796,-0.14678483360119732,0.19976094034440706,-0.003936062136196241,-0.09279332021836574,0.047141397615687045,0.022134445084076634,0.0053750263018475675,-0.17414233562411832,0.03706244213095335,-0.08350743929809548,0.20825946776961074,0.0018359632297072126,0.055358709891242946
0.3072504081870205,0.037377003035354746,0.15737614336296848,0.2780021381525775,0.4309194818327055,0.13621106094390065,0.14545111188445697,0.0019567280841143423,0.19403190120285588,0.26681102474704627,0.31015194194789464,0.35291976558212257,0.2008225014861406,0.3471486534367814,1.3157424982871342,0.24705417748322533,0.2144371963555664,0.026790395740014607,0.24213159476753562,0.19508069692915347,0.21285096926118693,-0.009527267034282489,-0.13048433689691963,0.17058740676523076,0.10951848341840847,0.22544357410601631,0.22032249857581085,0.2370472383045581,0.1667814391769434,0.20286108870515207,0.2239419079937531,0.16424731480357904,0.2340876548757483,0.15031869684283355,0.2454032640903063,0.24347064940170865,0.08360586589719315,0.07782589043791632,0.10156884743751518,0.04820373076686037,0.20222291616909177,0.1538468427907841,0.19725064314872034,-8.546439347067715e-5,0.2138465734850002,0.2539112393025619,0.12144775437219664,-0.14286021393148,0.21081958605400894,-0.09473672311996238,-0.21927655832437387,0.255851235665372,0.11607012978398722,0.01248002390567953,0.04678043019574515,0.24790255546793877,-0.28125148384866105,0.024430664457819332,-0.05504368908323382,0.00939786572205835
0.22757281155585068,0.11689947908156985,0.1346919652723018,0.2939119325235234,0.294664712945944,0.23454125664227327,0.24042204198849462,0.20263530639658758,0.19433691197409106,0.23390583636999396,0.2533851433639387,0.2944785248704907,0.258934300372214,0.295369706662333,0.24705417748322533,0.6328984667874255,0.24420843692468278,0.1589418619891941,0.2504227135673052,0.16620606254922612,0.18146370982286497,0.20378847483412302,0.06760362463852704,0.14378687723885838,0.0841055102606031,0.2731799278894068,0.2285328621098631,0.15143057009709537,0.28375258262785613,0.0994238757420923,0.1503115712672579,0.15094209683585494,0.08852803928522855,0.23042697556663191,0.18970827545109065,0.20794623900181525,0.1273289986101378,0.07921050688575645,0.1537613876020459,0.14308542248200926,0.11802353089027301,0.18242815920258473,0.17171925761688034,0.08397679924736559,0.07464826967685231,0.17705222835440151,0.18289355362385878,-0.13549359781143144,0.13460026993714286,-0.07448577502617225,-0.16337742470142014,0.1105542609429511,-0.0027196857147916854,0.03197657810785264,-0.1464735582144938,0.009730771076630505,-0.0709382398389332,0.15772793397711538,-0.0432233532289413,0.02435194317829784
0.1432438420215589,0.1282739636146581,0.18484024523198925,0.2291351423603354,0.17401143198375005,0.2519168960432227,0.20653390855052423,0.2309245643856352,0.19106343760814093,0.22865005585889936,0.2705948196390931,0.2573199994456262,0.20401525000898754,0.16168009059165672,0.2144371963555664,0.24420843692468278,0.6198114065773922,0.1351389725520667,0.21181672869492357,0.3231692604171523,0.19215957311167775,0.21243088188558537,0.08535639568638953,0.17634274541573752,0.2895297146001788,0.20692761909098878,0.19789993577931012,0.19813108277024818,0.29623086454573433,0.12660034396756345,0.16374561421491896,0.14947009744975867,0.19504978507415124,0.25326252445730474,0.15151264015120097,0.2631366414592878,0.314771420868092,0.17870695679082935,0.1959772453694608,0.13909844489826673,0.17316535303562167,0.2365261024217755,0.11920191391685869,0.08637417961604821,0.11971733275439958,0.2866758840486621,0.23359463817236942,-0.19162486619562694,0.15744825668951506,0.09565961763797014,-0.07646644725923761,0.001559203794283679,-0.0051037957087913515,-0.016554709167539965,-0.1818111764087153,-0.003336668253978159,-0.019523193140225558,0.10766022786780148,-0.08769174077259287,0.012275565511674214
0.17485496196974057,0.393487456964918,0.28756203143254844,0.26973730343417496,0.11262565424703883,0.2606139024737495,0.22150654648406043,0.291652743132823,0.19039492532337773,0.28681349462404837,0.2167838038083808,0.24468894168444744,0.21758224257198636,0.1397563491421665,0.026790395740014607,0.1589418619891941,0.1351389725520667,1.0633140342722436,0.2468897649703655,0.061134510640509655,0.24556272604001372,0.3665681649748332,0.5750649277648667,0.06541386168614563,0.29325298002680344,0.39394554762551603,0.0684267796531486,-0.012685417895753344,0.47475967493220733,0.02397245746389263,0.31528577681899156,0.0960691552497254,-0.012939983797544793,0.3815330297487833,-0.029007201365058258,0.3952446768980214,0.10791389286627706,0.04260827369609023,0.1411463976433377,0.043923240832160496,0.20469336526024856,0.13529479980324557,0.22141630608151747,0.10044767945052716,0.058253276568786365,0.3019081845569169,0.37957922047616743,-0.1470122141066588,-0.09578512827297633,0.02897993210819103,0.4006779551222219,-0.15222066685592323,-0.23720794821735386,-0.11747731401443418,-0.05936080681167756,0.0731251476362242,0.11289471305952388,0.13217444911786777,-0.4064021098445846,-0.01278873925637849
0.22566786078597478,0.16686417499082104,0.16937017977993982,0.21514973873316615,0.43011347014534845,0.37727603744228444,0.16477078559973557,0.2686635394748847,0.21901682396738137,0.20640757073499147,0.24834423491222973,0.25397040713007374,0.25149552924611634,0.2115307944969363,0.24213159476753562,0.2504227135673052,0.21181672869492357,0.2468897649703655,0.6294331483293586,0.08394346359191991,0.17564750048751554,0.30916786095134396,0.21445628527567814,0.15545312999511687,0.11520400042099688,0.17849507757641633,0.14499596892628788,0.14448846350023503,0.23909487024895457,0.09396553453317112,0.1603799703634542,0.20747411312719954,0.11526493525735405,0.23946041494948042,0.035412132190671027,0.2460139858395859,0.04725663271656855,0.07044630343652278,0.20113988501793875,0.036512373886897556,0.15974115369668976,0.1013132681809122,0.16267652346378902,0.11541227621740147,0.06526077215490905,0.1811377533365758,0.15718705544228512,-0.05568670171177422,0.12109790695240816,-0.047594292717485456,0.1949883059584654,0.1890897563980914,-0.2583481595124994,-0.06674705482632573,-0.07804729167694019,-0.011124347240020191,-0.02459173735144749,0.09892456671769458,-0.04982847370559618,0.053607690172086817
0.045588454931571404,0.21162405384018346,0.19664114025992216,0.24407897365086523,0.051498589715468425,0.28076190382337446,0.10701566084546842,0.2748625464117728,0.1503188411204012,0.23411520712946657,0.261489525443851,0.18772786205458689,0.15766710194896594,0.22837815180098273,0.19508069692915347,0.16620606254922612,0.3231692604171523,0.061134510640509655,0.08394346359191991,1.1865075006864423,0.20798852160457523,0.0460692600246798,0.056797736946512814,0.2521835391064873,0.3565913342141466,0.3313495027324687,0.3632434902115727,0.09032383015175371,0.4340329681177812,0.3836599108410872,0.2311351690651212,0.43178503706157395,0.04318089906651539,0.3725144962861851,0.20094854730368694,0.2729111731524818,0.4543368259733574,0.5601061732989165,0.17647466110038607,0.1109120261925175,0.3217760948670253,0.39317349268519747,0.17237693585695035,0.17101394287951735,0.041077842741163835,0.418918904771065,0.275976575945964,-0.3241184401036277,0.5136629156933096,-0.09447385305863291,-0.1563746082574602,-0.06331065541825678,0.3040434082968061,0.012180404377606457,-0.13078365230184852,0.02909195138443534,0.031437890863873316,0.04942174609470775,0.0060405747089894955,0.07480289397087297
0.21032120720808858,0.25267350337308375,0.2372952491070137,0.203430011715204,0.16176025734287006,0.19337026773602278,0.16316798920059153,0.172773199071074,0.21010489786325845,0.19531529855685262,0.2078361382693899,0.1781862241830974,0.2050480511559018,0.2058382833260961,0.21285096926118693,0.18146370982286497,0.19215957311167775,0.24556272604001372,0.17564750048751554,0.20798852160457523,0.5777280294137451,0.17537423499175273,0.1236737975860491,0.18242539997301457,0.14447402039166282,0.2951785282604266,0.14414955430987206,0.19119857876213345,0.21851670394379,0.19575966169116188,0.28036239708535426,0.1445768608043928,0.29375813218169217,0.1631621245312132,0.11515628026390629,0.34886164332083763,0.15018106736660905,0.1329255590789735,0.2060242224758834,0.04674605195383034,0.35723352054627494,0.17860050172562425,0.20121173384142416,0.11070487944533736,0.16607278287805036,0.3092888823674123,0.23781770286885284,-0.1804274099487339,0.2184038566422509,-0.03914333440673161,-0.009286745397451215,-0.011699193668055025,0.045313086644736315,0.01674486135183621,0.03267967318527979,0.021638508677293864,-0.052113718591437236,-0.0041012032741735175,0.0456773561664622,0.14046243893029517
0.11220891122831271,0.19848869242384995,0.22251055566654634,0.19080254304420952,0.20426088765154368,0.2841057035449268,0.19059589061728607,0.3095281166406412,0.14409904607189108,0.23267093064123767,0.18889401642042672,0.15737451642868122,0.3047754304845834,0.1393353071570585,-0.009527267034282489,0.20378847483412302,0.21243088188558537,0.3665681649748332,0.30916786095134396,0.0460692600246798,0.17537423499175273,1.5762640265469465,0.49880478159162955,0.12787923842444826,0.24389807230258506,0.18276319406765662,0.1609232738661145,-0.05235645367339146,0.5150733321943257,0.06396267585938255,0.08799701527692566,0.2841654995436232,-0.014354171555459339,0.4620398054283612,-0.11287834554807301,0.18021439027428238,0.00623813978883501,0.04130785188517305,0.3317504961035361,0.019254507792253305,0.06359857394060237,0.06915101461088487,0.41374900417113697,0.20851823711273348,0.14851213301825297,0.13770625789491645,0.26339861538908266,-0.04068065937086726,0.0810590926658638,-0.12404100598638637,0.14502970231216608,-0.11410269306588798,-0.122892063356639,-0.06265744657957628,-0.06528643296679597,0.00653302235902054,-0.013266870515537734,0.12774898887183908,-0.11862433570058564,0.04657098340357976
-0.01322445271110486,0.25737808487646807,0.20289032674783228,0.22765479387318657,0.13012114575285233,0.23285697480500053,0.1441653930293699,0.27629132510604204,0.0869798657412527,0.23863752069587618,0.15671032952136363,0.19598683527885116,0.21225521906794523,0.07897204251111109,-0.13048433689691963,0.06760362463852704,0.08535639568638953,0.5750649277648667,0.21445628527567814,0.056797736946512814,0.1236737975860491,0.49880478159162955,1.66097419473724,0.20005008625682089,0.5968155832972623,-0.029456252939464012,0.09887273181158679,-0.3278400339988866,0.7123121377093676,0.3830729638746064,-0.2734624870272962,0.07418191726457972,-0.09798035777769398,0.5177608060638228,-0.25820463469105104,0.6049826058590357,1.831474260790785e-6,-0.010589336567342561,0.43791698537135715,-0.1259862222804215,0.3187235117960293,0.0031490081180575347,0.2753572371917943,0.5224483102016916,-0.16305525070374116,0.25439070059232627,0.3659745222955471,-0.13204462082347238,-0.0380916029680172,-0.2699155555983949,0.38314341504152377,-0.261726509431856,0.19999903583214082,-0.10484395710277505,-0.20890175268797284,-0.09621929298833345,0.017459943422547582,0.10429629093201045,-0.09164951667660788,0.03277212578400529
0.054469067458518546,0.07788416884880009,0.16686975509967367,0.16691525817983008,0.1651761467446005,0.1518422168020754,0.1141680931739062,0.13670639880050134,0.15848615178463887,0.15592684275697266,0.16528821958931095,0.1393020579430982,0.17812062278947058,0.14202939913801862,0.17058740676523076,0.14378687723885838,0.17634274541573752,0.06541386168614563,0.15545312999511687,0.2521835391064873,0.18242539997301457,0.12787923842444826,0.20005008625682089,0.6701960570151682,0.17905903953627963,0.04671586276204986,0.21139277087311134,0.21429721293140835,0.0811617096623308,0.3522466910467234,0.22544913901282188,0.4145170159139035,0.5059571453366202,0.14735989511967917,0.12129614257623116,0.3009353868084096,0.15138147587340037,0.15170416627885483,0.1989691790564326,-0.02097136003817098,0.2662717462977351,0.1582120118405466,0.1011182661010506,0.17830745440780355,0.09125143590568371,0.3210443594058992,0.22753516190376358,-0.17579011507506567,0.23474131330865936,-0.1510580218537452,0.014972218646274658,-0.019558755655738537,0.22834068520318282,-0.05410197038378976,0.053326787707168526,-0.01962012140564478,-0.004599322069755069,-0.1889968789282877,0.17221570767843652,0.06253167847995204
0.12638043254360146,0.19936011556995611,0.18868327885491787,0.20563249131879588,-0.056427360001878646,0.176643613346846,0.14709621844251755,0.18821701648373956,0.0210933983369343,0.2192916178337138,0.14296806933490303,0.19628938429484152,0.1433949330255563,0.0944760412803545,0.10951848341840847,0.0841055102606031,0.2895297146001788,0.29325298002680344,0.11520400042099688,0.3565913342141466,0.14447402039166282,0.24389807230258506,0.5968155832972623,0.17905903953627963,1.9372623812395695,-0.028238319027042682,0.15276844731795516,0.10066292347829342,0.6355864487434149,0.5605801704540312,-0.24300232826498816,0.17259148269043123,-0.03101666005788762,0.5112173102787761,0.2660781041555549,0.4348365202099056,0.3832728970394078,0.2374754513010601,0.5693072056851202,0.09276909017687653,0.3355184101702491,0.19136605229575113,0.227588605360012,0.3655125897085634,0.2716175880823644,0.466512403441742,0.3959878903138122,-0.30872102754268127,0.3302359613465689,-0.4706531243847144,0.3863063294711951,0.01177181546055507,0.10177143831169147,-0.06849561719398295,-0.01472342531852719,0.0961749511436705,0.12205641114547867,-0.07445711572087037,-0.20257443092538124,0.04287977584535921
0.18041516979756195,0.19226405231606805,0.29106912486066766,0.3238097586855522,0.2094201942695433,0.31641124306464263,0.2905075199568285,0.2687655931391512,0.39179794119390426,0.24194945037927434,0.2840676317623347,0.2907867339690783,0.24305461721568808,0.2940107142262405,0.22544357410601631,0.2731799278894068,0.20692761909098878,0.39394554762551603,0.17849507757641633,0.3313495027324687,0.2951785282604266,0.18276319406765662,-0.029456252939464012,0.04671586276204986,-0.028238319027042682,1.6215042920580196,0.26138073257868116,0.16631592322747815,0.36603885468147995,-0.24283146662242283,0.34915544457308517,0.24816483650029655,-0.0038435909767241348,0.3593822699285476,0.3875636971230284,0.3145765808878978,-0.2830188821950269,0.16430081573829117,-0.5187423183778593,0.07683832527428852,0.02558487572204577,0.3418359472959283,0.26868492992363036,-0.06978868311110864,-0.08002231113803335,0.19924030699822293,0.09319200176518057,-0.24181819751400835,-0.2539075811820582,0.21720561034567532,-0.29378337745845073,-0.14359150540319887,-0.018988448232922502,0.05011423456060276,-0.06119029319043849,0.1341564352272634,0.01328761007606181,0.10551471444249103,-0.15017112948234956,0.05739360936268453
0.13636618767599606,0.17698918491174967,0.18622866078012354,0.23911898303201296,0.13394239434327176,0.2172365534378166,0.17724984491228735,0.20635492821467238,0.17772918320956604,0.23252444398300204,0.22915965259300936,0.2610909768350914,0.21623877862844584,0.20278703363944015,0.22032249857581085,0.2285328621098631,0.19789993577931012,0.0684267796531486,0.14499596892628788,0.3632434902115727,0.14414955430987206,0.1609232738661145,0.09887273181158679,0.21139277087311134,0.15276844731795516,0.26138073257868116,0.7682342587711006,0.08691514454742132,0.2417798390687507,0.13966401567836734,0.1465787291451468,0.41718401569281516,0.06784535426801243,0.2875032446267221,0.14863919366952863,0.20309361110726087,0.11034873331549576,0.17935854978860527,0.14155258476093543,0.05842039840165759,0.14199271860401885,0.19211424566175445,0.14395488410828655,0.17903373819784635,-0.019930333010362636,0.2631093164267429,0.17430806223195447,-0.1701935403203125,0.19452992083642415,-0.07349499172126331,-0.12020140920819425,0.05113501311108148,0.15287056395073811,0.024948119575906095,-0.11322023853048417,0.03601014382115922,0.04153021113555716,0.09052863247414143,-0.09715937109107027,0.07813463880225596
0.13814292506635284,0.011943429720355633,0.13112646288368335,0.0678571351483669,0.045138186348247684,0.06366868969061543,0.07802690031316056,0.048875656933776254,0.17059979650321364,0.08910049615660119,0.11576920591300628,0.01893893594968085,0.1180698077896361,0.11301343134681935,0.2370472383045581,0.15143057009709537,0.19813108277024818,-0.012685417895753344,0.14448846350023503,0.09032383015175371,0.19119857876213345,-0.05235645367339146,-0.3278400339988866,0.21429721293140835,0.10066292347829342,0.16631592322747815,0.08691514454742132,1.4026977167161632,-0.27788689328234917,0.18535061603502,0.332040342497292,0.008232359286259573,0.6779391634261416,-0.15902162689508587,0.9643888912912433,0.2561286475329198,0.20393128311877987,0.09733009110974974,0.03463901264443231,0.13222743312461654,0.020362453278641234,0.14333832275951128,0.11186703035602572,0.1803206041001224,0.3259507120233976,0.10474370672923242,0.0007786316749295139,-0.0882522350356907,-0.03123201197970741,-0.17628943588650797,-0.1498245480036237,0.7711154614244226,-0.7954310365939272,0.14629951753417642,0.3904743357076103,0.0554708275644907,0.037688630327391386,-0.33742342941119124,0.24272946494348618,0.1689046197109987
0.1244568590660496,0.43796525255075386,0.31311894927118916,0.3499849134154891,0.21091013305154477,0.39595267699493125,0.20034215799162838,0.37184296519461313,0.14012373840217293,0.3964771987891042,0.2822888878350692,0.2730208597792284,0.346713982727503,0.2654526262460179,0.1667814391769434,0.28375258262785613,0.29623086454573433,0.47475967493220733,0.23909487024895457,0.4340329681177812,0.21851670394379,0.5150733321943257,0.7123121377093676,0.0811617096623308,0.6355864487434149,0.36603885468147995,0.2417798390687507,-0.27788689328234917,2.4573970180571956,0.24107364694310665,-0.21452700441164124,0.3224050776782781,-0.45107533847096104,0.9157879306327809,-0.3480929496680878,0.6773615942581742,-0.08625994190871275,0.1182594592602378,0.22706975853599676,0.15089219849404342,0.21608190935477176,0.17204892857145654,0.11632080106501215,-0.02762498453428971,-0.023716253540069964,0.5887973575667185,0.4240243569349419,-0.7582156952006216,0.048733578802151165,0.38399877144494654,-0.3103241844891576,0.042383454049918834,-0.32920213286159505,0.13238912115177703,-0.3746752635695731,-0.02975787982916725,-0.03142677495564121,0.25984612804821283,-0.10289679190699019,0.09105497942216557
0.117948658663456,0.11338292630679123,-0.04345571721567618,0.10913423848805345,0.019842172616078346,0.08077154860001186,0.04141070515397527,0.15303843565667918,0.00688109721392817,0.15877192099991813,0.1112124953066303,0.05662019170040879,0.1674188835260812,0.15470425153846423,0.20286108870515207,0.0994238757420923,0.12660034396756345,0.02397245746389263,0.09396553453317112,0.3836599108410872,0.19575966169116188,0.06396267585938255,0.3830729638746064,0.3522466910467234,0.5605801704540312,-0.24283146662242283,0.13966401567836734,0.18535061603502,0.24107364694310665,1.7564843620612953,-0.024040493977788048,0.17638615291837886,0.11863049832055897,0.020858309778344162,0.3725422700353062,0.3121750503434555,0.2492664048017264,0.2322779492263341,0.5660975888399807,-0.11979860702398956,0.8095472469944954,0.13423479799309307,0.5399459221142399,0.59496644266967,0.6225267646084551,0.3970226768143119,0.662296780223329,-0.23900833498650856,0.4115711206183183,-0.3212520607958215,0.19463098975987456,-0.13600969741373886,0.24742131779179283,0.014756666787031084,0.17002157489024342,-0.16077141524990224,-0.1467172785109208,0.014222421705487516,0.1989119252493113,0.0016831012039996555
0.2313956704413834,0.072832079366417,0.2083038717404638,0.15051168985285884,0.13227887639062502,0.14802586653783595,0.1516452369608077,0.12542524813080436,0.2225574532580489,0.16021567626283864,0.19802764665896755,0.1272596288370666,0.13208384485115188,0.1705745610788441,0.2239419079937531,0.1503115712672579,0.16374561421491896,0.31528577681899156,0.1603799703634542,0.2311351690651212,0.28036239708535426,0.08799701527692566,-0.2734624870272962,0.22544913901282188,-0.24300232826498816,0.34915544457308517,0.1465787291451468,0.332040342497292,-0.21452700441164124,-0.024040493977788048,1.4334351118953856,0.28027831374241197,0.3741936012499904,0.0588812312481634,0.21609087623970843,0.18332691137017068,0.1451562093558938,0.18063576222686317,-0.07740750936090093,0.061881653232272724,0.13341391517633455,0.2213262533045677,0.04140008056224194,-0.050769070580829474,0.19823161406306566,0.3068046823093373,0.18464969829237105,-0.11480717325004994,0.05607903524336608,0.168105019066231,-0.0407894779265622,0.1477906853786365,-0.2067490216300613,-0.04605062740023013,0.12606965508406626,0.16975324144711126,0.220213835515597,-0.15599782050797517,-0.2290342829195864,0.054567075345876036
-0.037714344647917605,0.06995215047661708,0.15591033693856204,0.18429474664616816,0.17768320449503194,0.24718572171965403,0.08801036195598227,0.1870494711364468,0.164198135519461,0.2125250364037403,0.1859345619097019,0.15137441282500805,0.15823863907128083,0.14880709010120377,0.16424731480357904,0.15094209683585494,0.14947009744975867,0.0960691552497254,0.20747411312719954,0.43178503706157395,0.1445768608043928,0.2841654995436232,0.07418191726457972,0.4145170159139035,0.17259148269043123,0.24816483650029655,0.41718401569281516,0.008232359286259573,0.3224050776782781,0.17638615291837886,0.28027831374241197,1.6569348538594466,-0.15399639216096056,0.57357837847759,0.13994004490849762,0.34221734704020057,-0.1896654570329741,0.24695117771189867,0.10868832668651644,0.09835976414225366,0.31808489674622387,0.2431765048738691,0.10185987118705855,-0.008050286035854197,0.07221340377657266,0.44590495870451086,0.27689564359184327,-0.3228598700830792,0.3340949579638921,0.01576796204895604,0.07351485518557158,-0.0268648269749742,0.0767181841713468,0.08803040319598203,-0.0494146749103715,0.20177051562267226,0.018734740763541254,-0.08260102885204695,-0.04182058449383918,0.10990281764197442
0.3249754176671283,0.111902575297152,0.2743351932039289,0.050895874721183836,0.18670153877859036,0.012549198801314464,0.15384726706637833,0.00403607792118516,0.2266190228069734,0.02677471746388897,0.1210596427805095,0.13383156288949702,0.11266012448054662,0.11653327433884919,0.2340876548757483,0.08852803928522855,0.19504978507415124,-0.012939983797544793,0.11526493525735405,0.04318089906651539,0.29375813218169217,-0.014354171555459339,-0.09798035777769398,0.5059571453366202,-0.03101666005788762,-0.0038435909767241348,0.06784535426801243,0.6779391634261416,-0.45107533847096104,0.11863049832055897,0.3741936012499904,-0.15399639216096056,2.184293686619679,-0.5618651068020604,-0.23604163875157283,0.38182961008911126,0.46916025223162267,0.08156912592514713,0.061868657307138544,-0.12219367933293275,0.08738335185794534,0.15281848971230047,0.053942911893963656,-0.0408328665462859,0.08695268072263769,0.42715865033355,0.053696846536726746,-0.2248488354343417,0.38196867378725063,-0.23346758041916926,-0.04853515447182331,-0.008327866458561449,0.4157582177044664,-0.28514220061258266,0.2438207395456379,-0.05589703346797636,-0.06792139215390584,-0.24921934553891947,0.2066467669873449,-0.004368469583566572
