2.5403091776710776,0.31601738272656066,0.6977031916222804,0.21839402856547183,0.39424299458224576,0.3118526104168474,0.442789073694304,0.23297560671741047,0.2516343041424105,0.2937505788171979,0.35698386581092484,0.4108259998567469,0.30343851854084536,0.30889859995721475,0.4071797805012103,0.2602651788393597,0.17551266954019995,0.3987676962807185,0.29531076205279405,0.307978851088566,0.3173467147761667,0.3047294382607443,0.3078668620301909,0.056243978417004896,0.4683021959931079,0.3391233813139591,0.406169883621579,0.3367405729745548,0.3325849058809279,0.34953766550732435,0.28617023199449537,0.3692096413447068,0.38362861196404796,-0.16332839715805905,0.25008849485082885,0.42598706561539584,0.33646909453099727,0.24747653718608884,0.26431563869110736,0.27646737913596553,0.300722173900445,0.320102091606607,0.3215148808413274,0.05361788849015665,0.22640717276943256,0.7391703561586327,0.3334829042757684,0.3497210540280534,0.3033310587082854,0.07597462254389489,-0.0558810588985684,0.01676818430343103,-0.08812839895065398,0.06476250760417404,0.25350230587273825,-0.0907972804769907,0.40395650374462966,0.4150863468082572,-1.0860943159566954
0.31601738272656066,1.6970054512183566,1.1564307655281856,0.11738440204064199,0.038551098027686206,0.5092714081987371,0.3157936297895755,0.48390727069519424,0.2475830474263583,0.3501748060790078,0.3891271408945284,0.4180056534899184,0.41787557056095304,0.33546906557457884,0.303351128681353,0.36531268748232576,0.42095409721282495,0.4507907276889776,0.2342524153482622,0.5197167547767859,0.36321061386177267,0.3011823942512074,0.2023336158380608,0.2610378080523113,0.31404976362979686,0.3341714981000322,0.3291253704795433,0.29567130590129903,0.5231922665026296,0.07771445352911195,0.2402740853783669,0.3256647561217181,0.2902920745593834,0.48883053608210675,0.3498442025549743,0.4386989857797369,0.6331156661708428,0.31502206402965616,0.3505993852738782,0.18317714473784363,0.25482788636837406,0.35104796996164467,0.28719566131095775,0.031193244212426266,0.04378948396269283,0.5623188503927079,0.4747110545958323,0.24430601267338378,0.12186703984283938,0.036239400813838925,0.11117416587648504,-0.09989273813840323,-0.022297102237600713,-0.08466447804970649,-0.29725565884184635,-0.2219720464705104,-0.20538263713463215,0.14924794005337363,0.24530410930185703
0.6977031916222804,1.1564307655281856,2.821793463209955,0.24507729342045356,0.01959046178219709,0.7122762532526002,0.5764071025487153,0.6603822900140723,0.5284784399073473,0.6173859899794722,0.6556519045052539,0.7007725084183192,0.605222366320863,0.4936159011050201,0.5572152316151417,0.48542733816253425,0.6095018995641753,0.5318937763448991,0.3645210128224969,0.5648222867868357,0.503034357500421,0.5252749502742808,0.30530120717453985,0.5478033876637503,0.5294362652464649,0.5331578407213773,0.3382822309740159,0.3434297070723822,0.8118844552004827,-0.19106841965281396,0.45547330460708746,0.5163468392208844,0.2630938886376507,0.6835360699936417,0.48115927548658344,0.6902773277443702,0.6881075445271785,0.42156657199384345,0.46050137933988344,0.10959025104235195,0.37309931660225404,0.4952708940186337,0.24365173004621513,0.030909428147450617,0.09748708579713247,1.018329432005103,0.7059395312859676,0.24746397388356434,0.043315878444297524,0.07105577793401739,0.0025000915973114827,0.11210551383492864,-0.0018931914811394716,-0.17462431563450917,0.5615270312479773,-0.014514796084587273,0.08175825765668052,-0.8089818895075865,0.07975839776276723
0.21839402856547183,0.11738440204064199,0.24507729342045356,1.1583862922796682,0.3595524555182484,0.3465688762046411,0.3054284598721917,0.37045458986786883,0.20531242325662985,0.33683588094661593,0.3131784096443685,0.3212293604769066,0.3689882924374253,0.2857587001813777,0.2462721891987995,0.29912950693802687,0.33838964643338787,0.3062945747945523,0.24192192027206794,0.3055472404334769,0.2686637963697622,0.24336683350341784,0.2825650008159297,0.2646723792015562,0.24527379056753562,0.2656576685766651,0.2485947470318088,0.21416869583972326,0.27849382735508027,0.12574836297172898,0.246327184477511,0.28174091707384136,0.2615027975042614,0.35715474293948407,0.2069640177190018,0.24206111793428037,0.4170105578651234,0.20659187241127022,0.3589808958169591,0.17155156062202323,0.19712044388842087,0.26251883600456793,0.24315327211821866,0.1333660066902529,-0.03216725082436819,0.39452917777336766,0.4935760026185367,0.20014310090251006,0.2012492062790155,0.3188491986349186,-0.26590159961482773,0.08014100439604532,-0.004662277563555519,-0.12347901435695985,0.2564142008005098,-0.088766837722987,0.009677463725880972,-0.15946163849121955,-0.015969323634078013
0.39424299458224576,0.038551098027686206,0.01959046178219709,0.3595524555182484,1.5578388960469045,0.24191202127010497,0.31220985659621053,0.18050806095367433,0.1989970485154372,0.2213543888064021,0.3000229691104869,0.2834180665401664,0.3462743147215962,0.28959372069349726,0.30937601328609743,0.34745273669457616,0.29749225983589633,0.22546190844885577,0.6358840970478598,0.12061649187243977,0.3037905251326322,0.30663031572153926,0.21707358152828068,0.26458141534504487,0.29541062850478184,0.1774388068130065,0.3033956872755635,0.2876942622884854,0.3184433260444516,0.30462234624444506,0.2531856546045393,0.27294402511126575,0.33189673869716146,0.38519204531193607,0.28798948589585677,0.3674314126748454,0.509588735350786,0.1477117296305052,0.3977397713149518,0.16191534043164316,0.25855311572180656,0.2951839503164378,0.24962850542883536,0.03843761711878772,-0.08106923522156353,0.466253678432829,0.35783423705857864,0.16836517054993394,0.147596008549253,0.4530531320799056,-0.4687639138316654,-0.1418112278889153,0.06989637522523869,0.016356811214828775,-0.03616505654305976,-0.01694810903620111,-0.04228391494630049,-0.04129855520614435,0.0878056358350763
0.3118526104168474,0.5092714081987371,0.7122762532526002,0.3465688762046411,0.24191202127010497,0.9264137203087851,0.42738630315095566,0.6439437662840437,0.4115228565992027,0.41249973353991964,0.49266562312684786,0.5248562744628088,0.5162397788222545,0.5066409335019859,0.3803084787778008,0.4950873568677289,0.5940917914746758,0.3809220830340128,0.4557292590282438,0.5572674923805557,0.4390288467599522,0.44959864579424175,0.27497015635283717,0.4204977866510137,0.48768050790029777,0.44585170418181364,0.49941479053002297,0.3200966830377547,0.6531152044927387,0.08927643220536646,0.3664601454359794,0.5004856351414338,0.3358805865149562,0.5957565503877464,0.3423348907791144,0.36098877362804016,0.6377088769514027,0.35667374182481265,0.5328652302993441,0.25767109233163027,0.2895149567166107,0.428071890603941,0.3712794904266444,0.07242474249048748,-0.020044342789236107,0.6549754242632962,0.8139226366052867,0.2355412866127235,0.3854905736074888,0.28124472277792817,-0.3593990663131542,-0.005289350525458769,0.04192684032880276,-0.042986429987873616,0.1526882653910003,-0.06668154071373626,0.14770751057474235,-0.05608966069972712,-0.19174853046833046
0.442789073694304,0.3157936297895755,0.5764071025487153,0.3054284598721917,0.31220985659621053,0.42738630315095566,0.939818504889207,0.4475364377424803,0.5561746858977119,0.363686556868938,0.5240511114045229,0.5941069126071299,0.49868708571359643,0.4487448786213926,0.4569753173380198,0.459123774877443,0.45903467679171095,0.41333678092506326,0.29606335104955356,0.465998958643587,0.4043927543589303,0.47701512485438236,0.285583239695657,0.43613738495788906,0.33592647773774936,0.45708511299078025,0.46998334721236285,0.2634331515201248,0.37953651477979455,0.18967716891103417,0.3845736675585199,0.45910859671447823,0.28776227590018627,0.49729722755941097,0.29831351602118666,0.6631919272029497,0.3380385579489509,0.2779572266164738,0.448696542160818,0.28336553560857725,0.25901541001912354,0.4152737660375999,0.41103736308410493,0.0594341848545124,-0.0969422529757627,0.7205411342586344,0.29903874497163246,0.3760439416202498,0.7908677248956442,-0.02122610614751493,-0.08942013561228562,-0.12232750708577485,0.15283586884804298,0.006820563155062497,0.3964526424725296,0.05588051684634361,0.13467267991999918,-0.18358727791548815,-0.44812132968659246
0.23297560671741047,0.48390727069519424,0.6603822900140723,0.37045458986786883,0.18050806095367433,0.6439437662840437,0.4475364377424803,1.0991923814393587,0.2694015870580305,0.5377013785568899,0.500182253462488,0.3923264802053641,0.5947326093705961,0.5378582585132142,0.2849136389214105,0.49638261889234797,0.6805936202167555,0.4063907122348944,0.3369177127415336,0.6109145644204099,0.38991679892369546,0.35705000498955863,0.32784697494885806,0.3809759971439952,0.4272310431925355,0.4705785146381175,0.45310486490756663,0.22422619631843482,0.5376182402843387,0.0389879702410163,0.33377905527731966,0.47942088317688564,0.33604745895957205,0.6406118089607893,0.28041084218463164,0.29693833754858634,0.6387318360131291,0.35755593572151484,0.5868706336615878,0.2657904689491335,0.3202758878235422,0.3855089630287027,0.39373690680085005,0.09373399420137771,-0.1163371496810021,0.6198466969476456,0.8918439128879742,0.3206099118006965,0.5189696087257194,0.3174992357223753,-0.16698414017148086,-0.12654608629165168,0.1461203384438568,-0.15180942304237613,0.18368176439456627,-0.16149696839559877,0.18974759276211495,-0.015479873538178984,-0.15690842370408506
0.2516343041424105,0.2475830474263583,0.5284784399073473,0.20531242325662985,0.1989970485154372,0.4115228565992027,0.5561746858977119,0.2694015870580305,1.013932803506068,0.27531910649827834,0.3965574745863554,0.40970076561457214,0.3678816181135072,0.39453011276729283,0.5224130655252789,0.339859682086522,0.39157287515470995,0.3459962241497946,0.28932495604803316,0.3612940359123208,0.3289810083247991,0.573982604050681,0.21272499992182958,0.4275190010527121,0.22936486737206743,0.456098563337636,0.4946609054932275,0.2966105729867923,0.3079392729223968,0.13931388545376164,0.3530894998431662,0.4081786765431016,0.3269754101736669,0.37382394122427137,0.25179701760783524,0.5229637621004377,0.2899033573875216,0.22353796603317683,0.3534980041996657,0.204548701613483,0.2309871839584223,0.3369013745164516,0.3707051923924768,0.036916843668923886,-0.1934536819576266,0.5839218293811347,0.2359331306228405,0.22851422774446264,1.0689725097634688,-0.10245876096669625,0.07641676294565908,-0.04971437766445109,0.12491828656234429,-0.04754542461986661,0.27096565982173304,0.13289199542407665,0.2263275018678353,-0.17484949587314208,-0.42467410945271555
0.2937505788171979,0.3501748060790078,0.6173859899794722,0.33683588094661593,0.2213543888064021,0.41249973353991964,0.363686556868938,0.5377013785568899,0.27531910649827834,0.8740901389614096,0.4123600690470404,0.38953625685295423,0.46777020215549514,0.43028744023799015,0.34981455394416733,0.41080781384961046,0.5524320909783443,0.3998340279387402,0.2583467095008036,0.5386432207444833,0.35924226362772704,0.318481623754464,0.3263135427541584,0.3676359440158703,0.3867498430969891,0.33269897052902153,0.47541117891691137,0.32688494341500257,0.39231745169717025,0.23413099209886812,0.3937843467995648,0.3980796301783226,0.32333993975351283,0.5616043995173068,0.40398238482571897,0.4737779748041889,0.6215298423359658,0.32522855747275714,0.461592621116882,0.2832864325282999,0.39408115269069055,0.36988507904974316,0.36262805639305,0.08081726223080853,-0.11347467142495428,0.6880060707478565,0.7821032531535363,0.359696370437542,0.411463241004722,0.12262055998220929,-0.07435448755938326,-0.12545673816014508,0.10300237951135664,-0.04955292114531119,0.3917487296973747,-0.05915918376202995,0.1944569846544868,-0.3898537196553488,-0.0813338047399318
0.35698386581092484,0.3891271408945284,0.6556519045052539,0.3131784096443685,0.3000229691104869,0.49266562312684786,0.5240511114045229,0.500182253462488,0.3965574745863554,0.4123600690470404,0.7298641028773705,0.5869667539750475,0.528674325087731,0.45243925525130074,0.5730949537046129,0.4483333052926984,0.500884341956589,0.3792279681296176,0.31664793933005386,0.5130488438822717,0.41604222895664356,0.3960905936167758,0.32891546300820423,0.42693734389903687,0.3653683000433766,0.4735453293273871,0.45889446179192156,0.35356783437406675,0.46052345110061993,0.1727747924628038,0.4025984403997377,0.45606736671053383,0.3271783719958125,0.5321098803926496,0.4364456731820114,0.541535822328166,0.5440746092686866,0.3019006479967329,0.44965965026642585,0.28330750607961047,0.3168127190079695,0.4329056432575708,0.35473396628757886,0.003308991088724469,-0.09748786832020558,0.7359520504818152,0.6264943892507658,0.36720681962567964,0.47904133057131176,0.023457317089159945,-0.14087457579666016,-0.04842175305846136,0.16511581271107248,0.007708935580857299,0.30338976572157683,-0.020901270001384746,0.075651235821948,-0.228906059057862,-0.1809508746159498
0.4108259998567469,0.4180056534899184,0.7007725084183192,0.3212293604769066,0.2834180665401664,0.5248562744628088,0.5941069126071299,0.3923264802053641,0.40970076561457214,0.38953625685295423,0.5869667539750475,0.8713681182483106,0.4804425482758075,0.43935320710700715,0.49872675258926985,0.47372893950759803,0.4908994392696791,0.42115391028067917,0.3363507679119551,0.4866229388383574,0.4236258578025197,0.4267637047456799,0.30328983926011727,0.41024537413026513,0.3956216765312932,0.4879538863886642,0.459504179357373,0.3125265146594387,0.4811844057909727,0.16433689706115673,0.4039013786038618,0.49020244826187837,0.2946764805570507,0.5260154484119823,0.3595222359654549,0.6581493915925265,0.47200796613079815,0.3103553107140869,0.407508957248477,0.2979189822228405,0.319008024945038,0.4353410836416656,0.37085797789849845,0.01176742192305621,-0.05183409098872907,0.7612529733193008,0.5607017440761343,0.36998350280066317,0.47391430526961725,-0.11165514805869987,-0.042581801834269205,-0.04852356203401436,0.06554503167139979,0.05388752130609931,0.3275409894464325,0.03903754495442458,0.045887676479837526,-0.19230195896231372,-0.36324112064543396
0.30343851854084536,0.41787557056095304,0.605222366320863,0.3689882924374253,0.3462743147215962,0.5162397788222545,0.49868708571359643,0.5947326093705961,0.3678816181135072,0.46777020215549514,0.528674325087731,0.4804425482758075,0.8159601995002179,0.4569448670328147,0.35991569761127823,0.46357179524722614,0.5507875892022907,0.42979378775970023,0.32514814688168353,0.5393739322073798,0.4149437061749642,0.4015893977094455,0.37294452938543304,0.43329097204536293,0.3915076226009974,0.43652153680886546,0.3446571242077555,0.3230454680451492,0.5275842943631041,0.16706840086622732,0.36968405092258255,0.47713857085719363,0.33755448505879887,0.6186175309915326,0.4247379737554953,0.4513041987682324,0.6061398065774066,0.31483038656266,0.5169935036517678,0.27934430548050276,0.34067752115460626,0.4152253662127855,0.34847111961604826,0.06281561068985558,-0.1425265089871183,0.6966134037598853,0.7155091438389594,0.3680923272282703,0.4694650394231598,0.18039267383239652,-0.14983031256271634,-0.128656278202512,0.15376710156839055,-0.06807410554805951,0.28707054182381553,-0.1106947044574858,0.04697147734737667,-0.3383833122633387,0.06627753445339206
0.30889859995721475,0.33546906557457884,0.4936159011050201,0.2857587001813777,0.28959372069349726,0.5066409335019859,0.4487448786213926,0.5378582585132142,0.39453011276729283,0.43028744023799015,0.45243925525130074,0.43935320710700715,0.4569448670328147,0.6949463131631356,0.4030146757886798,0.5127586447893713,0.5247458320051025,0.34317598636395935,0.33514983836030104,0.5389716012685065,0.4032903341705098,0.42088275310380235,0.32802640520107174,0.3900425633510407,0.4622723549453575,0.48032440198722,0.5234845428772761,0.38235295921865564,0.4720686230587807,0.231908069120895,0.3690784445735861,0.551947810930781,0.38070837894876675,0.5491596141379572,0.4152482656824835,0.43172372218267097,0.6260557883703307,0.32932964188074554,0.4283932285176906,0.2939570852119718,0.4029626719278703,0.4213492559139404,0.39050766313488794,0.034217806624128,-0.1581220166186776,0.6929349978251005,0.7444073573449312,0.40207343016244995,0.7507156306006433,0.06319437888893607,-0.05796968440787738,-0.1834593670722956,0.12335216547707929,0.027841312119952503,0.10092063452057859,-0.05852386036564452,0.22861519828927615,-0.04900901039090051,-0.19979230303683065
0.4071797805012103,0.303351128681353,0.5572152316151417,0.2462721891987995,0.30937601328609743,0.3803084787778008,0.4569753173380198,0.2849136389214105,0.5224130655252789,0.34981455394416733,0.5730949537046129,0.49872675258926985,0.35991569761127823,0.4030146757886798,0.9559267549230822,0.36960645336521086,0.3377920539846594,0.3491589897347005,0.310117865867317,0.40192710924761044,0.3630638870374367,0.42226443132125774,0.2994160130438853,0.40028771424674753,0.29059131610776945,0.4641708430067737,0.49612243389100547,0.4440099592843087,0.3483495069251677,0.21861447401601103,0.36922258790587076,0.42346334237089905,0.377095599366838,0.35584858704780953,0.3685064925704612,0.527231266961007,0.4868129153277944,0.2296728498514471,0.34660665893850556,0.23445672026747144,0.29458720553665546,0.40228778167594575,0.30036647945087674,-0.0344572644185089,-0.14823354747450374,0.7135280834840236,0.4639836338210732,0.33552447845760863,0.6647360865378589,0.12407593714985075,-0.21911649535519517,0.19680372321771294,-0.08854065702630777,0.009529158973201207,0.24976981847295937,0.049355962442769755,0.11027164202329875,-0.18525586147479564,-0.2209285149785641
0.2602651788393597,0.36531268748232576,0.48542733816253425,0.29912950693802687,0.34745273669457616,0.4950873568677289,0.459123774877443,0.49638261889234797,0.339859682086522,0.41080781384961046,0.4483333052926984,0.47372893950759803,0.46357179524722614,0.5127586447893713,0.36960645336521086,0.9388644313626974,0.537405706137069,0.3741190947470041,0.36294428783784977,0.5374543269660148,0.36484970361171115,0.5199755873561517,0.22575676758308158,0.3931187307926891,0.37804824376690427,0.40134526635056267,0.4444716293377576,0.35699779745529026,0.4939050411434706,0.25819715063254434,0.3481056242879226,0.48704895270291243,0.32752685720701463,0.5329711239757634,0.3849061493259361,0.39575088101741296,0.6335718738485405,0.3366577688322818,0.4790068888442764,0.2686833042585824,0.4276231173426559,0.4124939251418131,0.4058780483528137,0.037365304649527434,-0.14855370074258872,0.5875874695232159,0.7659355609747733,0.11811384359578371,0.494838768261962,0.08265669037054657,-0.11691428287876879,-0.14718239690190507,0.05003289710694136,-0.0035786658818153126,0.10876061207804642,0.0027489399382038663,-0.02020167331735335,-0.014862776056813952,-0.09134320073941274
0.17551266954019995,0.42095409721282495,0.6095018995641753,0.33838964643338787,0.29749225983589633,0.5940917914746758,0.45903467679171095,0.6805936202167555,0.39157287515470995,0.5524320909783443,0.500884341956589,0.4908994392696791,0.5507875892022907,0.5247458320051025,0.3377920539846594,0.537405706137069,1.2331093795266437,0.20552148576908946,0.37006856101793095,0.737524741564671,0.453292548258114,0.426283846312555,0.48503480920984704,0.37070480708657105,0.5870971425432884,0.3548324490601119,0.6773690730666395,0.47814308639670106,0.571839229393171,0.23143625286779634,0.5073281965097316,0.47325846363035723,0.51917111615152,0.7218444386355323,0.48519554127522,0.43530280792788234,1.0269173534065887,0.44616775548272186,0.6897672635772203,0.3527120533554857,0.49937554845663273,0.45177654113993454,0.5106083352972959,0.06999081527345774,-0.10005202229627937,0.7757538756779669,1.10405692160483,0.31332992354121353,0.3990011297486501,0.4588636072015336,-0.20299905932957707,-0.21341249313722294,0.047534755491951,-0.08060308779640296,0.1428594890085491,-0.11526055828849657,0.08909196482484119,-0.077804640172508,-0.020039668755025036
0.3987676962807185,0.4507907276889776,0.5318937763448991,0.3062945747945523,0.22546190844885577,0.3809220830340128,0.41333678092506326,0.4063907122348944,0.3459962241497946,0.3998340279387402,0.3792279681296176,0.42115391028067917,0.42979378775970023,0.34317598636395935,0.3491589897347005,0.3741190947470041,0.20552148576908946,1.0177602360675484,0.30291284732942364,0.22183684206342585,0.32766187630778204,0.3706118324121075,0.38659794334819636,0.3838107051084138,0.3287732571754669,0.42788809878882667,0.06368023290463803,0.2280667325772378,0.4316152324815267,0.052698447004794056,0.2762188669671393,0.3741671286142726,0.24166780952264036,0.39135242723340985,0.1716382847787038,0.3824773879080812,0.3474661689046575,0.19351185695758039,0.29029141779782586,0.21081974126656838,0.2992067138762241,0.3139061790426461,0.25641418259689097,0.04493641891639206,-0.01588962714704557,0.5529678665379838,0.4425052109370899,0.15422757706570117,0.354323161919195,0.11777159185928586,0.3551190978739857,-0.29702049454306567,-0.19210742611654447,-0.07232129011950218,0.27346567373245156,0.01738762113912649,0.11598169651274914,-0.1187895641211223,-0.34550877278857756
0.29531076205279405,0.2342524153482622,0.3645210128224969,0.24192192027206794,0.6358840970478598,0.4557292590282438,0.29606335104955356,0.3369177127415336,0.28932495604803316,0.2583467095008036,0.31664793933005386,0.3363507679119551,0.32514814688168353,0.33514983836030104,0.310117865867317,0.36294428783784977,0.37006856101793095,0.30291284732942364,0.7177431413280898,0.14698066993442557,0.3324880696005496,0.3594585610385468,0.11968891632213458,0.2798530244878979,0.443108304194659,0.3049973053006004,0.332471807766022,0.3396610124006325,0.48763858489543827,0.1987879757611342,0.2723717031680135,0.35377922622448543,0.34460551378947485,0.3579178486767039,0.23876097492484355,0.36237392895205695,0.5184165892812197,0.19925947965305196,0.3083450333378715,0.17435687715631765,0.3004371931939501,0.31596408666272474,0.2606901341365133,0.020864376744788752,0.023724339511184515,0.5587470330028742,0.4181877691256496,0.1265456950214418,0.1135730186209458,0.03591285891467353,0.16674260579884492,0.11228192432705748,-0.18935191864376086,-0.07070452774260894,0.028759799541077314,-0.010976975229644555,0.07735655992011745,0.0009276927363016923,-0.12203817639425803
0.307978851088566,0.5197167547767859,0.5648222867868357,0.3055472404334769,0.12061649187243977,0.5572674923805557,0.465998958643587,0.6109145644204099,0.3612940359123208,0.5386432207444833,0.5130488438822717,0.4866229388383574,0.5393739322073798,0.5389716012685065,0.40192710924761044,0.5374543269660148,0.737524741564671,0.22183684206342585,0.14698066993442557,1.5478625807259896,0.4434882374096776,0.31980187478562927,0.1736454053756441,0.41658666004076855,0.40284062849506597,0.4018025426842529,0.7758374199440301,0.45452812483483546,0.3283192505347742,0.5693142071811319,0.5724822606642578,0.5254046662501128,0.4892399563540402,0.689408021169083,0.5840169148309782,0.6539907843681297,1.1221735511016806,0.7282790480228356,0.7239135682579366,0.4976582923286484,0.4015060597004854,0.4530243267517974,0.6739883979541267,0.14463650237760378,0.18260604566925817,0.867798484004104,0.653338300713604,0.8051321387330481,1.070587061342932,0.20047175936328498,-0.4802917683372832,-0.1271738385585622,0.2880388782907446,-0.02507308053608046,0.25108084324312296,-0.1440028427734001,0.2309395959839999,-0.14697353226094662,-0.211446659013946
0.3173467147761667,0.36321061386177267,0.503034357500421,0.2686637963697622,0.3037905251326322,0.4390288467599522,0.4043927543589303,0.38991679892369546,0.3289810083247991,0.35924226362772704,0.41604222895664356,0.4236258578025197,0.4149437061749642,0.4032903341705098,0.3630638870374367,0.36484970361171115,0.453292548258114,0.32766187630778204,0.3324880696005496,0.4434882374096776,0.7615620129517492,0.3125540463148096,0.3538640748363718,0.31310404732224767,0.4064861488814459,0.34655897219692583,0.3793936495127374,0.42151873462606126,0.47102462391981587,0.31231487829882476,0.4878565663688933,0.42289952580715845,0.4131653671818715,0.5048372968260353,0.47176406102855306,0.6417972379993514,0.606735595894394,0.3096471962377222,0.45553659239131483,0.33327596966121903,0.38268917381593387,0.7340097801954991,0.33131709293380623,-0.010879765068022323,0.15226577599993144,0.6756240321012322,0.7549793688029901,0.3979181549021631,0.04599958171214248,0.07523093372756778,-0.06073549338007487,-0.0959689481480734,0.07437498948505258,-0.0033055439535781446,0.2702223066639077,-0.07380362428248163,0.05207997943342301,-0.19538525358943368,-0.14243977085312254
0.3047294382607443,0.3011823942512074,0.5252749502742808,0.24336683350341784,0.30663031572153926,0.44959864579424175,0.47701512485438236,0.35705000498955863,0.573982604050681,0.318481623754464,0.3960905936167758,0.4267637047456799,0.4015893977094455,0.42088275310380235,0.42226443132125774,0.5199755873561517,0.426283846312555,0.3706118324121075,0.3594585610385468,0.31980187478562927,0.3125540463148096,1.005466745218267,0.16134906559880863,0.374552142738222,0.27506887349396597,0.3846305303372614,0.5034045740031425,0.30205749831204776,0.4672462217057268,0.14014265877172882,0.3110457561428374,0.46217130843070925,0.3319678818652267,0.4557268752658775,0.26481965848049127,0.4070097064946144,0.3976658419502673,0.25106703206090963,0.43152061317410656,0.1810231835866586,0.33952085141736027,0.317522414805478,0.4635305283381847,0.034435803002643046,-0.21395426054208788,0.5567678991941662,0.4708415202219271,-0.2886291791420215,0.8480395654430951,0.030821428140326932,-0.007072501344483302,-0.11515006910691139,-0.008263010328734497,-0.0356804545638108,0.1943340957197505,0.08423562122051735,0.05907390697872834,-0.06059991955201857,-0.2860743795493232
0.3078668620301909,0.2023336158380608,0.30530120717453985,0.2825650008159297,0.21707358152828068,0.27497015635283717,0.285583239695657,0.32784697494885806,0.21272499992182958,0.3263135427541584,0.32891546300820423,0.30328983926011727,0.37294452938543304,0.32802640520107174,0.2994160130438853,0.22575676758308158,0.48503480920984704,0.38659794334819636,0.11968891632213458,0.1736454053756441,0.3538640748363718,0.16134906559880863,2.076051553713671,0.2786790745241889,0.5864804078081375,0.1356456536154704,0.24543560620025565,0.4554918934941423,0.3867628331705973,0.32924165897648533,0.5212368157107978,0.1951395489826603,0.7775558690077317,0.5163298759875705,0.2974889649585524,0.5053120741328194,1.2253650145436652,0.16018298058752192,0.6936927297700543,0.4581151605743583,0.3605493053734318,0.35617786787019146,0.4408705458312979,0.0989955511597792,-0.2827822230454698,0.875457591695908,1.051294143396957,0.6849027700161336,0.25790562037477005,0.5969165524315384,-0.40313213775030926,-0.00506306049880013,0.16909349388884756,-0.1299948536774496,0.11341902575718915,-0.04033906247852074,-0.1483794591897226,-0.10482390431321545,0.10982014750006099
0.056243978417004896,0.2610378080523113,0.5478033876637503,0.2646723792015562,0.26458141534504487,0.4204977866510137,0.43613738495788906,0.3809759971439952,0.4275190010527121,0.3676359440158703,0.42693734389903687,0.41024537413026513,0.43329097204536293,0.3900425633510407,0.40028771424674753,0.3931187307926891,0.37070480708657105,0.3838107051084138,0.2798530244878979,0.41658666004076855,0.31310404732224767,0.374552142738222,0.2786790745241889,0.9447351086931501,0.2617582362748356,0.31359889538750507,0.3311913867839996,0.23796182065125673,0.46647177676138746,0.1924995234087742,0.34576159592015365,0.371162528900511,0.25017200688657687,0.45235851869116167,0.3022475153567205,0.5256314415450853,0.3325157974325703,0.22783824009725853,0.33785424784295964,0.18452663843265357,0.27831647229504974,0.31980424074088604,0.20247374734511056,0.02471338109802011,-0.211563300521003,0.5434396942251843,0.43652441110209944,0.25347104324361147,0.5330477481543742,0.005899326638898054,-0.12816672176779229,-0.05148505170938371,0.14808422219957407,-0.014646512485486858,0.5241837868779056,0.06333370580183056,0.09595114694519365,-0.8336362507342561,0.2720561742816381
0.4683021959931079,0.31404976362979686,0.5294362652464649,0.24527379056753562,0.29541062850478184,0.48768050790029777,0.33592647773774936,0.4272310431925355,0.22936486737206743,0.3867498430969891,0.3653683000433766,0.3956216765312932,0.3915076226009974,0.4622723549453575,0.29059131610776945,0.37804824376690427,0.5870971425432884,0.3287732571754669,0.443108304194659,0.40284062849506597,0.4064861488814459,0.27506887349396597,0.5864804078081375,0.2617582362748356,1.804817331367973,0.3446593961510196,0.49535037489955086,0.4018568668608173,1.2584107863876735,0.4387159297500125,0.37879359261430573,0.4069615332356096,0.40167786404067146,0.6396123075828024,0.5695501889960889,0.355647523927782,1.0146223769155265,0.3405457384028832,0.3965260935775344,0.3006158629393487,0.5612013098277494,0.4087055019275969,0.2728657733524059,0.03717036865424305,0.06784974731181596,1.070340775960999,0.9911803455449362,0.31224906612513353,-0.05655736774318975,-0.1765923253211987,0.20987671519055814,-0.0973950868535016,0.15316970817257253,-0.04093101373301669,0.12828569437774678,0.022448184883775348,0.1657430459552755,-0.027236932853030544,-0.2542235944575879
0.3391233813139591,0.3341714981000322,0.5331578407213773,0.2656576685766651,0.1774388068130065,0.44585170418181364,0.45708511299078025,0.4705785146381175,0.456098563337636,0.33269897052902153,0.4735453293273871,0.4879538863886642,0.43652153680886546,0.48032440198722,0.4641708430067737,0.40134526635056267,0.3548324490601119,0.42788809878882667,0.3049973053006004,0.4018025426842529,0.34655897219692583,0.3846305303372614,0.1356456536154704,0.31359889538750507,0.3446593961510196,1.7727392003628875,0.4950532547692378,0.47403127765415215,0.3770488238583917,-0.05320282739861961,0.29093665055112783,0.5628749748445845,0.3929278646052889,0.41338110851436244,0.376725175331985,0.30133110360124654,0.7378041597051955,0.3480803055756722,-0.16735392823535497,0.3161301289326403,0.7265172259126451,0.3899033214462359,0.39922061058596675,-0.02922125537925363,-0.10469249890714755,0.8158981325850425,0.4634485360867398,0.4891531630748655,0.9998120802357133,0.016627904355182643,0.36378479401104724,-0.19361140641014393,-0.24909410950436747,-0.0008278879578612448,0.12537287143864498,0.007101762619562538,-0.004808305015614567,0.09058027235420786,-0.3192778888318903
0.406169883621579,0.3291253704795433,0.3382822309740159,0.2485947470318088,0.3033956872755635,0.49941479053002297,0.46998334721236285,0.45310486490756663,0.4946609054932275,0.47541117891691137,0.45889446179192156,0.459504179357373,0.3446571242077555,0.5234845428772761,0.49612243389100547,0.4444716293377576,0.6773690730666395,0.06368023290463803,0.332471807766022,0.7758374199440301,0.3793936495127374,0.5034045740031425,0.24543560620025565,0.3311913867839996,0.49535037489955086,0.4950532547692378,3.058419275676884,0.8450254560201053,0.2322905377139216,0.4501743955922422,0.6076368214249441,0.5213106598998251,0.9261133674345672,0.550409359160714,0.7930176477226012,0.7711273635342465,1.0249268027801344,0.4401344278350769,0.38872974302648317,0.449210588956025,0.49380682175476526,0.4093338519365386,0.7054192279493336,0.0077919791933616376,-0.41687377384862095,1.1921039948264467,0.5288354335863243,0.7518514664976699,1.342846611787037,-0.1386755878978278,-0.4161006048643442,0.14454120453693609,0.30263472873173153,0.08056443120109341,0.31161359290854324,0.06255710843650013,0.3376819375864969,0.11511726321834116,-0.6385108924028879
0.3367405729745548,0.29567130590129903,0.3434297070723822,0.21416869583972326,0.2876942622884854,0.3200966830377547,0.2634331515201248,0.22422619631843482,0.2966105729867923,0.32688494341500257,0.35356783437406675,0.3125265146594387,0.3230454680451492,0.38235295921865564,0.4440099592843087,0.35699779745529026,0.47814308639670106,0.2280667325772378,0.3396610124006325,0.45452812483483546,0.42151873462606126,0.30205749831204776,0.4554918934941423,0.23796182065125673,0.4018568668608173,0.47403127765415215,0.8450254560201053,1.7781360891174467,0.19022762288004957,0.45462186412154865,0.5081184509900543,0.39994050366947353,1.0498144061247414,0.2960772469851924,1.1348443689249026,0.32593841607072804,1.252040496685376,0.3226214062233112,0.2716062570856077,0.40910624419940816,0.48624412830116037,0.4435846890166133,0.5256528306300011,-0.05646467881765265,0.0022203984439932013,0.8864636945290508,0.6979240069901003,0.5567215962672025,0.39131219091507774,0.3425566790809057,-0.28821389326844277,0.581720702855664,-0.5660603987826096,0.021700578804456614,9.110855191879744e-5,-0.06269603878568611,0.06152469140200692,0.06238898243661043,-0.13871409493195683
0.3325849058809279,0.5231922665026296,0.8118844552004827,0.27849382735508027,0.3184433260444516,0.6531152044927387,0.37953651477979455,0.5376182402843387,0.3079392729223968,0.39231745169717025,0.46052345110061993,0.4811844057909727,0.5275842943631041,0.4720686230587807,0.3483495069251677,0.4939050411434706,0.571839229393171,0.4316152324815267,0.48763858489543827,0.3283192505347742,0.47102462391981587,0.4672462217057268,0.3867628331705973,0.46647177676138746,1.2584107863876735,0.3770488238583917,0.2322905377139216,0.19022762288004957,2.9528238783999217,0.19737601980380035,0.015248338293516442,0.46130163106728955,0.1376350645449547,0.729778879893464,0.5229441146230135,0.15566371482023134,0.6701160867086708,0.143562799896562,0.4096567937605669,0.2222577679126589,0.5588016257989336,0.4519591913968077,-0.03031256577475503,-0.23274205944474036,0.03698411630681585,1.0040428498940122,1.1649641258828776,-0.02185871927728292,0.30764344326069876,-0.0008336101396858161,0.10429353527030538,-0.17432250959279014,0.09014865418802427,-0.05641470069865308,0.06722659810259121,-0.08534774704553066,-0.07151710051460271,-0.09868520864304922,0.13908451341068448
0.34953766550732435,0.07771445352911195,-0.19106841965281396,0.12574836297172898,0.30462234624444506,0.08927643220536646,0.18967716891103417,0.0389879702410163,0.13931388545376164,0.23413099209886812,0.1727747924628038,0.16433689706115673,0.16706840086622732,0.231908069120895,0.21861447401601103,0.25819715063254434,0.23143625286779634,0.052698447004794056,0.1987879757611342,0.5693142071811319,0.31231487829882476,0.14014265877172882,0.32924165897648533,0.1924995234087742,0.4387159297500125,-0.05320282739861961,0.4501743955922422,0.45462186412154865,0.19737601980380035,2.397508137860452,0.4658184721997843,0.16092521087614417,0.5101695595300628,0.054330257042413344,0.6572985814479034,0.9475741453694808,0.9006286558961847,0.4123965352822642,0.41423399596914023,0.4018896154322169,0.7004769964070581,0.3396025355814312,0.7527916776413454,0.2153464122291697,0.24700140009141686,0.7458001411363594,0.5060747875782974,0.6901355391102433,0.2702460412258035,-0.3763844969424254,-0.034399700076217954,-0.17947875889163473,0.32080833113204255,0.16594570751821558,-0.016170464074975525,-0.11993820479193598,-0.03980220288789169,0.35155572890665365,-0.29738167375363256
0.28617023199449537,0.2402740853783669,0.45547330460708746,0.246327184477511,0.2531856546045393,0.3664601454359794,0.3845736675585199,0.33377905527731966,0.3530894998431662,0.3937843467995648,0.4025984403997377,0.4039013786038618,0.36968405092258255,0.3690784445735861,0.36922258790587076,0.3481056242879226,0.5073281965097316,0.2762188669671393,0.2723717031680135,0.5724822606642578,0.4878565663688933,0.3110457561428374,0.5212368157107978,0.34576159592015365,0.37879359261430573,0.29093665055112783,0.6076368214249441,0.5081184509900543,0.015248338293516442,0.4658184721997843,1.3835824551635685,0.3538626747822345,0.5422109838399501,0.507345589905149,0.5123222973772121,1.176191080649334,0.9477404550443289,0.47059403080763784,0.49892007134294064,0.3948304773497095,0.43440818704155687,0.49421303362948477,0.5183650317142924,0.08869561956419152,0.11636592108051379,1.024416473204441,0.6604353625266333,0.5963120089877509,-0.25221463730214827,0.18332743221535017,-0.22290272171674932,0.09862938141702636,0.027549713796375185,-0.020300748720678687,0.3315605350869885,0.07334268341372663,0.20358723645432902,-0.31023119370346336,-0.2853267993875921
0.3692096413447068,0.3256647561217181,0.5163468392208844,0.28174091707384136,0.27294402511126575,0.5004856351414338,0.45910859671447823,0.47942088317688564,0.4081786765431016,0.3980796301783226,0.45606736671053383,0.49020244826187837,0.47713857085719363,0.551947810930781,0.42346334237089905,0.48704895270291243,0.47325846363035723,0.3741671286142726,0.35377922622448543,0.5254046662501128,0.42289952580715845,0.46217130843070925,0.1951395489826603,0.371162528900511,0.4069615332356096,0.5628749748445845,0.5213106598998251,0.39994050366947353,0.46130163106728955,0.16092521087614417,0.3538626747822345,0.8191400229914295,0.35967310619724885,0.5251098396367619,0.35853483161556265,0.4869940626239786,0.41925833145784397,0.347238915019471,0.3734709094088968,0.2735616585332239,0.3649420947534756,0.4367708920202341,0.3210841541942184,0.019477868309679715,-0.1266469788202547,0.7483126721077874,0.6536761605311959,0.3647791750949574,0.7226201293598682,0.06080675270912716,0.012200247187300721,-0.03335140752998288,-0.08973618574480145,0.019684213929169067,0.13431187228430816,-0.11583147387641599,0.5263956697391785,-0.13685290282239213,-0.4315297303160456
0.38362861196404796,0.2902920745593834,0.2630938886376507,0.2615027975042614,0.33189673869716146,0.3358805865149562,0.28776227590018627,0.33604745895957205,0.3269754101736669,0.32333993975351283,0.3271783719958125,0.2946764805570507,0.33755448505879887,0.38070837894876675,0.377095599366838,0.32752685720701463,0.51917111615152,0.24166780952264036,0.34460551378947485,0.4892399563540402,0.4131653671818715,0.3319678818652267,0.7775558690077317,0.25017200688657687,0.40167786404067146,0.3929278646052889,0.9261133674345672,1.0498144061247414,0.1376350645449547,0.5101695595300628,0.5422109838399501,0.35967310619724885,1.8863940268033066,0.1746479927389732,0.2121415565015045,0.22159206383911095,1.6294676742219412,0.35880416481265826,0.26728088189272037,0.31859752375193084,0.21585616849226566,0.40730836514012647,0.5855643914498807,0.01839948954803305,-0.23167419229149855,0.8794890993149971,0.9198496587227915,0.717699296181855,0.6992623285746837,0.4473454752805231,-0.28266138373116984,0.26512384292704994,-0.04701446072979782,-0.2121907958429393,0.015828101564097783,-0.12889801452624217,-0.006856691269179979,0.20345820906487994,-0.17121110503797124
-0.16332839715805905,0.48883053608210675,0.6835360699936417,0.35715474293948407,0.38519204531193607,0.5957565503877464,0.49729722755941097,0.6406118089607893,0.37382394122427137,0.5616043995173068,0.5321098803926496,0.5260154484119823,0.6186175309915326,0.5491596141379572,0.35584858704780953,0.5329711239757634,0.7218444386355323,0.39135242723340985,0.3579178486767039,0.689408021169083,0.5048372968260353,0.4557268752658775,0.5163298759875705,0.45235851869116167,0.6396123075828024,0.41338110851436244,0.550409359160714,0.2960772469851924,0.729778879893464,0.054330257042413344,0.507345589905149,0.5251098396367619,0.1746479927389732,1.901653554427435,0.696278056006584,0.6164715697157155,1.0566890075918072,0.41579356700342596,0.6789796641273123,0.2532310681858051,0.4391013371659905,0.5198900185676553,0.4663823558876481,0.07771112953277208,-0.3485639112232275,0.9543384429413574,1.0113584363484718,0.4566133088385285,0.7010654346595262,-0.08100305190661634,-0.12085978228538036,-0.3771310959420303,0.4256327369198739,-0.05826121911055771,0.1206221388678263,-0.02910568880592027,-0.025218014979559174,-0.38300627740644666,0.3605560524553313
