1.0766989476415907,0.3731937544365209,0.6940635058707266,0.09393402985371414,0.017676373432187215,0.23054686579886613,0.3244741087247325,0.13515541829032818,0.27918517136449994,0.20113596054445243,0.22943644074666317,0.27531219083355707,0.20018755320188444,0.2193504865518339,0.21422482111462166,0.18685704064480338,0.11206413717585147,0.2594236849552983,0.10022472694608062,0.07890944108696209,0.2336513865959183,0.2226560462556911,0.14636266739947726,0.11417405273341054,0.3742062571239989,0.21888393658571678,0.24288950792639147,0.13782002932825935,0.363227727017178,-0.09568568525351223,0.2118579484374073,0.32849261563439525,0.07248109938724093,0.30009835355606346,0.2280619114415412,0.2729865354640219,-0.048345217935494934,0.061007975085796334,0.15198803424681773,0.09975874485751444,0.2472663935580512,0.1379962120156067,0.14099484861391315,0.030635382628735913,0.4362082961781578,0.15668890396314664,0.10313893146220866,-0.02113691555045076,0.10344169107764502,-0.14326707820505408,-0.0045921351932981715,0.013238610141074492,0.042985060404257286,0.050965689033605904,0.05898840161654297,-0.14933261479421103,0.38606137212640224,0.08531107834882905,-0.3636657239755996
0.3731937544365209,1.887216706923642,1.369218201073789,0.14210620763902093,0.08203058130983051,0.4555995549150051,0.2802510997771281,0.42550069264219276,0.352076716186179,0.4205485523954171,0.41018617515558764,0.36726043055465346,0.3557798862818948,0.2665905932950927,0.33227530854974285,0.30048864625279553,0.41745130431922944,0.5025226364440543,0.2323707045020661,0.512583076065118,0.45411505278069914,0.31849865862763643,0.19097869926681033,0.15124547905981708,0.6097504623260643,0.4471370401648647,0.5377069658804177,0.3956577386038454,0.6886634780153497,-0.17605140987837642,0.3812316524434556,0.2620147831416566,0.2880286563884008,0.6940417198648037,0.4939368425339051,0.4378761840764653,0.415499253012409,0.2543465685887501,0.2953717637010912,0.2052786662778648,0.5223189166214314,0.3601005556268362,0.4938936402684728,0.05554242024824086,1.0104170288805803,0.1722620072330218,0.25123069074798093,0.008330646483983009,-0.13370172319262438,-0.1477930063467301,0.08729175692379462,-0.013563481111643771,0.03327318592293652,-0.040075427895046485,-0.1248091645552634,-0.23822699620850485,-0.4166123151071253,0.22893858967534916,0.3978720670471734
0.6940635058707266,1.369218201073789,2.738822050067795,0.21322136455449753,-0.05797500993231784,0.7163559378898371,0.51512700520937,0.6329950300706408,0.7165569357883136,0.7560640778766301,0.6753786096143848,0.6107197671021778,0.5872395493600572,0.4127239316427355,0.6146048502046612,0.4245116024003523,0.5479875298078882,0.6680228842995116,0.3523709718026943,0.4280055422766177,0.5978396098534474,0.525847165468199,0.37562728202667983,0.43882842065078403,0.8127816503517284,0.6458721347293483,0.785749515589815,0.4962650453123732,0.9139111223888492,-0.5761600323258617,0.5901070373226475,0.5272134865239844,0.23273781679193328,1.0864048795829113,0.7105028075717708,0.6844495364686369,0.3055126654653096,0.2193712203774775,0.42992592737327595,0.1738940745761405,0.7329210386540247,0.4587718465707764,0.572920675932253,0.1346933553922214,1.317547108747173,0.4371619929540003,0.24066535085534463,-0.04096836659466858,-0.30585804726417554,-0.0928892843807951,-0.03956957249859118,0.15265259630397124,0.0023490374802907547,-0.02407676894721451,0.1342963806590527,0.121837937960153,0.04055433655830335,-0.4756217393771696,0.06911355613172394
0.09393402985371414,0.14210620763902093,0.21322136455449753,1.4209602800835537,0.5945081332313017,0.4162300538127272,0.4927953255267429,0.3829082516911062,0.23885488647656408,0.19646174714715728,0.31409690082393144,0.4092942326178426,0.3846530941624964,0.3988674548082817,0.32901841289094463,0.4330425211356473,0.33670279403284736,0.270942160413749,0.3604498097359615,0.2048842567348816,0.2954598769789642,0.31713872486913447,0.16487326996056345,0.20920649560936272,0.20237769458646243,0.3694292853113194,0.2312873722043515,0.19323695056421566,0.3063842583362471,0.06222260895169844,0.25168040333535713,0.322529810869968,0.22066033234466695,0.21513048873504118,0.011358896804641614,0.36259161437719317,0.18754499502001154,0.1348424481958074,0.28885409551877866,0.1399384821930918,0.20833319396725497,0.2381726115118199,0.024567038884636027,0.05113197547766942,0.3632799363177903,0.02311330226281398,0.23327667350962256,-0.017418575092108715,0.11769908150024871,0.17400480222110126,-0.06472898961402726,0.09499792880845535,-0.20438450560854973,-0.06431927018702631,0.08624231600313609,0.08651051117658999,-0.12804082533407835,0.1217778699002192,-0.2539599415340879
0.017676373432187215,0.08203058130983051,-0.05797500993231784,0.5945081332313017,1.4343901790865368,0.344667297343708,0.3353854349070876,0.27145319603303153,0.12337834682842298,0.10508888954845796,0.22762243746885702,0.32249655654823234,0.3320086315295198,0.3080857131615294,0.3094771584757759,0.40386887297907065,0.2892225009943614,0.1838087370026884,0.5760305089955406,0.19697103744331426,0.20232887118066487,0.265943116505819,0.12233672642583349,0.21224182029101984,0.01564033073154921,0.27588357154918286,0.06380872290010467,0.15724774563120875,0.15075182793673494,0.2060433730864168,0.22287033296722714,0.2621226007967955,0.2926112872160281,-0.05806085103200929,-0.14602997869336046,0.30655881705792193,0.41073926809127037,0.1583499101574116,0.2909288012457795,0.09186171452866482,0.06654518789785008,0.24659076078574,-0.24794858793324398,0.04210807819928662,0.03017656576300311,-0.0033268248785480645,0.2276899385409548,0.01051254048489221,0.2577724726303539,0.4715610749283893,-0.12809486705030987,0.031221283782214084,-0.24352193860401686,-0.12755649165142757,0.06286333614255787,-0.0292421329012004,-0.14248283372615647,-0.06755050868769412,0.13916259394364858
0.23054686579886613,0.4555995549150051,0.7163559378898371,0.4162300538127272,0.344667297343708,0.978568445877278,0.28684482436946884,0.4034855681001238,0.3430623654244889,0.1568646959715675,0.3968310808449516,0.43378922954295057,0.36425123256580666,0.3046079956297972,0.3756567977476287,0.33739865412486064,0.34863205062127645,0.33517143765407686,0.49895869154372013,0.3956540284711402,0.34699840151579525,0.3181987145091046,0.16141195295059274,0.23660683162944815,0.4035618816221979,0.4416632103925936,0.3582554196628946,0.2763171126426024,0.564714788221734,-0.09975796645672,0.2997287645654245,0.3805286359638987,0.05680714437984223,0.41441406675232223,0.359996985668304,0.250263660263779,0.2583688473504164,0.21134166737704446,0.3605552647532419,0.226295275930889,0.20867933277176337,0.26512019195931624,0.4585141402859677,0.07543839633229346,0.7503086288380572,0.08849327331654823,0.2837501257725333,0.009951576792918176,0.24248192134738292,0.17107775716179474,-0.27120521115956037,0.16179988942901072,-0.20088053897040775,0.02704155611536925,0.14569062890337311,0.017501294271284086,0.07964147069110672,-0.04776988543610977,-0.24812975408008972
0.3244741087247325,0.2802510997771281,0.51512700520937,0.4927953255267429,0.3353854349070876,0.28684482436946884,0.931421366211031,0.29830867365782343,0.3831586119466327,0.2874571861386299,0.3919158328745608,0.5004082761347497,0.42602653183371525,0.32862940775194177,0.34589326235568657,0.4102728711113587,0.3538971349575277,0.35882537927073127,0.2057108516095309,0.10006043403872748,0.32501262289326505,0.37797458221902036,0.21765860046507388,0.20197319537706082,0.3308623262031497,0.42019664236981263,0.33846697424205024,0.2612820640347843,0.3769328931963127,0.017817837582001388,0.2982384685037591,0.4246711680683237,0.20783351294722707,0.3515529949681698,0.2797141739399583,0.44982271224031306,0.030600352582252507,0.08350049410476777,0.28617385564778286,0.1526490632540063,0.31681471624360946,0.2724712505618695,-0.05176039290908536,0.030821520608910052,0.4604337175679699,0.0869787860478757,0.14162814799896997,-0.03528473339974784,0.2671342720829634,-0.003311145188313758,-0.03804936237126285,-0.02916360057132124,-0.07768313682130801,0.004292741193579161,0.12868290006799482,0.04386533141552854,0.1174897323927147,0.07869457472250276,-0.47579792761308626
0.13515541829032818,0.42550069264219276,0.6329950300706408,0.3829082516911062,0.27145319603303153,0.4034855681001238,0.29830867365782343,0.8672241712034664,0.20981074030693367,0.34167660032006064,0.36061507814602006,0.1583757953698265,0.4510554976601684,0.32384470440560637,0.30633194307498407,0.31434131619691796,0.4277939341488002,0.3118214706078889,0.27408055666975994,0.4163815148574137,0.30855993488902056,0.28738168302153566,0.14320788089813044,0.1825257699975825,0.29501846415657934,0.4088934006177817,0.42704791513609186,0.2666386689498229,0.4175276724456672,0.060329191923054616,0.2833718558237644,0.3012436141687248,0.1772561030331949,0.4319703619345192,0.3994225801421386,0.2079611887839152,0.33702883921608523,0.20733760716920033,0.4334956216915584,0.20938083447619377,0.42897019094630223,0.2761685335138194,0.43156709552079475,0.05003493322951401,0.7014349785630977,0.06856126707742054,0.3508715192307117,0.02353736736840223,0.29684408343591945,0.2049751406515087,-0.10132056359196362,-0.08525717614780429,0.015259962361594602,-0.014415101368344679,0.022673105470863375,0.025330191181708817,0.023457442603568694,0.08035685279763082,-0.21121644690123928
0.27918517136449994,0.352076716186179,0.7165569357883136,0.23885488647656408,0.12337834682842298,0.3430623654244889,0.3831586119466327,0.20981074030693367,1.2625926274266592,0.20431610929295493,0.28849596690367485,0.3176748105801823,0.34516620924055874,0.25385270922483405,0.47284170904764217,0.17223463847566464,0.2582968572325712,0.3220453524156545,0.16090792286236366,0.30709273992636826,0.3236382528114502,0.510878059547245,0.2696001926273435,0.31231062478759325,0.4154388280500579,0.5506976762157996,0.4506926617636637,0.35211212517633944,0.3130579607398339,-0.007697705207630953,0.340316877089039,0.40189289734052985,0.3662274694631255,0.6167773754625108,0.35107877480694794,0.3677581446976168,0.24127807947480762,0.1758039277086512,0.26443489776398815,0.16920179840272676,0.3232248273560271,0.3169759737678261,0.2618020243444041,0.05525260174223953,0.6181453612418444,0.22296737471895892,0.20669520983955592,-0.03515362727793183,0.2563390965474697,-0.12760833619758158,-0.05228337636775022,0.06034141354197242,0.16712227039316385,-0.11962658761030583,0.23707781296188718,0.11480831702095556,0.18777720247822985,-0.2794958575299799,-0.2614025339150101
0.20113596054445243,0.4205485523954171,0.7560640778766301,0.19646174714715728,0.10508888954845796,0.1568646959715675,0.2874571861386299,0.34167660032006064,0.20431610929295493,0.8627661208593282,0.2521297417223822,0.2594037052662798,0.3448207117571145,0.2864273513816919,0.2983185315827302,0.2801108088858912,0.3363266759546342,0.3852401363018225,0.07924461750747769,0.1784012135877066,0.23432416927590008,0.26732819896192145,0.26387074684920964,0.23856000749761763,0.3414010169559999,0.2826151165764835,0.43596524291339767,0.31440217030130857,0.40904650651826185,0.04686215942031689,0.3105416857734305,0.27130310449457057,0.1991970507876916,0.48456622391176957,0.3783099369661794,0.3709315575516984,0.24075170387290024,0.10359751396030045,0.2567858649181694,0.134562757426118,0.5088372524668883,0.2426594831413398,0.2380980259572716,0.0396967445003201,0.4670308267920097,0.09292918125327708,0.3133589046441761,-0.000887038381711681,0.1522227924814143,0.08916882820097949,-0.018534752362910967,-0.042325804192080256,-0.06173596998980881,0.019520288244245388,0.012215360514090006,0.08404465928152433,0.058046342946707366,-0.21758577287230413,0.05076393939192527
0.22943644074666317,0.41018617515558764,0.6753786096143848,0.31409690082393144,0.22762243746885702,0.3968310808449516,0.3919158328745608,0.36061507814602006,0.28849596690367485,0.2521297417223822,0.6429773958813093,0.39898438068997794,0.3709240289780977,0.28241476929464554,0.4435890740298833,0.36598629158858026,0.44367994598460536,0.300280064513377,0.20577191737795233,0.3660557889085962,0.34751420151011986,0.30059690084154617,0.19209413534756703,0.2606188817216121,0.40481912115191915,0.39642427619605336,0.3724024432272839,0.3187182129197968,0.4802981332066302,0.000586915701484553,0.323343703739616,0.34944851992963083,0.19472179699131745,0.4151063445578029,0.4279717546769134,0.3369438624850408,0.21614896474857995,0.19037147419449985,0.33762166293999923,0.21723586434246875,0.39311435663570526,0.32041487030196497,0.26962738806332126,0.05036614055622103,0.6560885177375031,0.12232400137348749,0.24753105651634802,0.0005484856109716294,0.07144886498254259,0.0764781763157663,-0.1274828755267233,-0.04256575895851335,0.06445051700322343,0.02402516574124523,0.08476490435409856,0.046197417330190824,0.02793293358043609,-0.05338555956912097,-0.18395604001019214
0.27531219083355707,0.36726043055465346,0.6107197671021778,0.4092942326178426,0.32249655654823234,0.43378922954295057,0.5004082761347497,0.1583757953698265,0.3176748105801823,0.2594037052662798,0.39898438068997794,0.7308763339829698,0.323059642292744,0.2884147355506439,0.33652175667706075,0.3725771845601576,0.2934363363741885,0.3711866626928659,0.2769692063269007,0.14030484824060735,0.2981976534295654,0.3121767822747426,0.23159806547060585,0.22616911609625823,0.38740282987898084,0.39432901082923766,0.2790392523812331,0.20092598079353718,0.4101171923746389,-0.10460659376526223,0.3083860937764319,0.42476118348267206,0.13904124475826143,0.40182181053692634,0.23717192364531306,0.4839420749276303,-0.04622675205869347,0.10110764145361045,0.25785083143558174,0.15594814598832832,0.25830408919410475,0.2380091300713332,0.08535636630617083,0.046209215335601336,0.4628474485672181,0.09240650156686704,0.16158352340513055,-0.01725384708387812,0.14347481419942681,-0.17719615449042694,0.04329299727700301,0.16936960003796636,-0.10973192813443994,-0.042956608055627676,0.1324325611768887,-0.0007022426848493817,0.09894125023878858,-0.06787610341591345,-0.23967947171044776
0.20018755320188444,0.3557798862818948,0.5872395493600572,0.3846530941624964,0.3320086315295198,0.36425123256580666,0.42602653183371525,0.4510554976601684,0.34516620924055874,0.3448207117571145,0.3709240289780977,0.323059642292744,0.6654476458814751,0.35946647462862164,0.30568199449741373,0.4049899307568215,0.3897443491902018,0.32046217981247976,0.275469640244961,0.25902864559719097,0.3310195000339952,0.3984764781226317,0.2323752451453339,0.2642588628391558,0.33486559229447405,0.3887004957748153,0.3406298336635116,0.30185739148966473,0.44311027700707883,0.07099526966003615,0.2890122634220485,0.3960774614457664,0.24252930244140172,0.4444902790472268,0.3684964754560204,0.3063775139497467,0.22640029412903914,0.14801058266665268,0.38470450616080687,0.1785425252494676,0.3717487111699093,0.2910413034747393,0.2379762281652919,0.06437139788366039,0.45295104787273477,0.12618374493760184,0.2956271578293183,-0.007870018748845704,0.367981276531185,0.15332107945772755,-0.08171855004315542,-0.023345301382155466,0.010281829160954492,-0.07643993815342716,0.14835820526722684,0.029203749857412323,0.01304792797409162,-0.157498644148016,-0.08043554615557336
0.2193504865518339,0.2665905932950927,0.4127239316427355,0.3988674548082817,0.3080857131615294,0.3046079956297972,0.32862940775194177,0.32384470440560637,0.25385270922483405,0.2864273513816919,0.28241476929464554,0.2884147355506439,0.35946647462862164,0.6747226302894974,0.3480583795930166,0.477903835382887,0.34182636866705085,0.19385575580569595,0.2594208554362226,0.2506617563930429,0.26755466117963767,0.34114894052614125,0.15486764993997254,0.23030981959513128,0.2791842316440783,0.34687659127596515,0.258731667200592,0.3242709349903565,0.3591894394345676,0.17435887980614148,0.24316378901369762,0.35748110001317407,0.20030187525431867,0.27164531428415034,0.3453444730426647,0.2919335730000535,0.21460820660237487,0.14689098912386167,0.23985243055138208,0.17562754568332134,0.38180325621646544,0.2826900628118961,0.18222935151020275,0.05235641915315759,0.38315259790611705,0.01966683808939372,0.29460217658352195,0.006133462458871605,0.42497791784728617,0.07035940723388902,-0.03202485658421549,0.02577666527970942,-0.0802130318118172,0.03804820605596223,-0.007460347471841628,-0.07401272194260276,0.06569327105669742,-0.0819824412575792,0.08671810996522042
0.21422482111462166,0.33227530854974285,0.6146048502046612,0.32901841289094463,0.3094771584757759,0.3756567977476287,0.34589326235568657,0.30633194307498407,0.47284170904764217,0.2983185315827302,0.4435890740298833,0.33652175667706075,0.30568199449741373,0.3480583795930166,1.0406588484749577,0.378581763505987,0.5420236346279114,0.24010633500290748,0.3057270371836367,0.468087352116154,0.3740807552574495,0.3080653145528859,0.08760915009215782,0.3057742310857595,0.3504798560674141,0.4042640121349594,0.37781187817483675,0.5203384243939392,0.42281118269066464,0.11882903751031927,0.3865355777675039,0.3456749124552657,0.32702456011577524,0.39885248955392927,0.46081384818503,0.3228919805304725,0.485361046767127,0.23072555898213581,0.33128151997147576,0.19246663437565165,0.4039448783560978,0.3941670433623497,0.2810323440680813,0.038909322681349626,0.7417079256500426,0.14966248183831873,0.2742245072085236,0.018605782811115714,0.1614188812921813,0.2996919613703546,-0.2703258047933275,0.3545221801134243,-0.2086497750471532,-0.07209635051269313,0.17340624144768998,0.11967081213118244,0.05550439195061443,-0.1703686664425639,-0.24007773444523722
0.18685704064480338,0.30048864625279553,0.4245116024003523,0.4330425211356473,0.40386887297907065,0.33739865412486064,0.4102728711113587,0.31434131619691796,0.17223463847566464,0.2801108088858912,0.36598629158858026,0.3725771845601576,0.4049899307568215,0.477903835382887,0.378581763505987,0.7881714935363212,0.4629853105026835,0.21029331482534694,0.3191437924243834,0.3099907161273512,0.2919636987683395,0.4067424127920862,0.10513901279298722,0.2472915720949334,0.28691770613606515,0.3290853805093677,0.2900982924545323,0.36476613034297517,0.4265483067909037,0.25286639181556414,0.29649273132423887,0.398911264764384,0.212590234921274,0.3316892956627761,0.46025666669092313,0.35247655763122243,0.23321818312415268,0.1721246234715329,0.3340040495658509,0.20609861773434235,0.4183683752714344,0.36512869488734206,0.24753348211384524,0.07084325765201241,0.454679583562817,0.05743942992597218,0.31840070613199684,-0.001925374093695621,0.396741833746835,-0.011519349614069583,-0.0583664482146397,0.052754068193665654,-0.0273350400503296,-0.012309424961155222,0.06664129717487076,0.002733380427354861,-0.05586549257783779,-0.046714299296169964,-0.027016376429242105
0.11206413717585147,0.41745130431922944,0.5479875298078882,0.33670279403284736,0.2892225009943614,0.34863205062127645,0.3538971349575277,0.4277939341488002,0.2582968572325712,0.3363266759546342,0.44367994598460536,0.2934363363741885,0.3897443491902018,0.34182636866705085,0.5420236346279114,0.4629853105026835,1.2644610752574654,0.1610802177547731,0.3186699278800253,0.7124645138627134,0.3953343582413758,0.36967970950176116,0.04528960383001508,0.308665921023703,0.6808668917377407,0.33102532545727026,0.459957353218616,0.7036068134399881,0.5421153789484086,0.31887882760445474,0.4422624037086527,0.3518495815934287,0.46941504482691365,0.49420365455728876,0.6524744457710353,0.38350611983152166,0.6753473175256786,0.362197947045273,0.39336554484782427,0.30763418626142164,0.5645952729986693,0.5583839667023608,0.5319940547646126,0.04612440390985837,1.067756900807612,0.15635926866009003,0.4376134208777184,0.03977374404863774,0.16588377326939183,0.41370986529994674,-0.0357695071484274,0.03310034084104038,-0.17537936293623224,-0.11355757433576838,0.04922819481824584,0.016318701022236943,-0.002296584765478147,-0.09069255596469303,-0.17116449011648857
0.2594236849552983,0.5025226364440543,0.6680228842995116,0.270942160413749,0.1838087370026884,0.33517143765407686,0.35882537927073127,0.3118214706078889,0.3220453524156545,0.3852401363018225,0.300280064513377,0.3711866626928659,0.32046217981247976,0.19385575580569595,0.24010633500290748,0.21029331482534694,0.1610802177547731,1.0693196668853913,0.14427644823597802,-0.040336012326457116,0.42404868624251335,0.30799355286003305,0.7487933600231107,0.2771091690354771,0.48609258564746394,0.40792529928281424,-0.010886975792520959,0.2556221099267645,0.5786845588157576,-0.18930114602194165,0.3659275997873124,0.30353075693392256,0.18338286489824274,0.6278100019913806,0.24424682663067268,0.30764289227467095,0.18012579613814686,-0.00780947165829625,0.3066321095467261,0.22308834276849973,0.405089846256673,0.17119434158985822,0.43634042780111654,0.0627789810942103,0.7073366155931308,0.19918605748896603,0.45607284152672734,-0.021533123335246002,0.06569171113306643,0.2851818863988899,0.07442479719047616,-0.10007662147362131,-0.2145068170435922,-0.10200007968219957,0.21794281028312654,0.2226716779651792,0.04430357167411332,-0.027908692640739013,-0.49650436773278334
0.10022472694608062,0.2323707045020661,0.3523709718026943,0.3604498097359615,0.5760305089955406,0.49895869154372013,0.2057108516095309,0.27408055666975994,0.16090792286236366,0.07924461750747769,0.20577191737795233,0.2769692063269007,0.275469640244961,0.2594208554362226,0.3057270371836367,0.3191437924243834,0.3186699278800253,0.14427644823597802,0.9058194703466451,0.21848756645440098,0.27174257185951134,0.2530171893693674,-0.052203418674804776,0.14747589691219484,0.09155471535211568,0.19735259550201836,0.09844750261735671,0.23411127630651576,0.19979817636264804,0.0932540511838543,0.2307981468433605,0.24760311058369708,0.1960866323175909,0.13644288640753163,0.06569731117574695,0.2564842975882733,0.3227381557068813,0.1570763899866954,0.355441939851059,0.07418879755094603,0.07999394200155654,0.224741724253596,-0.05529461025971681,0.07411794745666334,0.3219029573435131,0.07207293135353798,0.14466859843507404,0.01999652328894271,0.19534892109005936,0.2172923556453973,0.06688127380375439,0.299440823683222,-0.3083913972100999,-0.17020841605477577,0.0006170958415642124,0.007209413773843226,-0.03352333771604664,0.042107659658885736,-0.08067432321750172
0.07890944108696209,0.512583076065118,0.4280055422766177,0.2048842567348816,0.19697103744331426,0.3956540284711402,0.10006043403872748,0.4163815148574137,0.30709273992636826,0.1784012135877066,0.3660557889085962,0.14030484824060735,0.25902864559719097,0.2506617563930429,0.468087352116154,0.3099907161273512,0.7124645138627134,-0.040336012326457116,0.21848756645440098,1.5464292105678021,0.2117265809248994,0.28033448749582307,-0.16885985116094282,0.28570155421486365,0.6632268962557076,0.4157908133504813,0.6049380835096121,0.5711185369522773,0.4750193751965898,0.500939614114716,0.4516275244933165,0.299254220038219,0.4960327576345633,0.47498009354719806,0.5968043700333884,0.18358228561249249,1.008389163315167,0.716023951102758,0.44709298960992266,0.4257218791668339,0.4560237463146432,0.5583566278896762,0.9158507169474608,-0.017523751379101872,1.2735541707770097,0.10127891223077289,0.30818065170738995,0.13256140314373321,0.5566075801840004,0.02721329868968355,-0.24857484589459622,0.06629760905754278,0.17882189165822565,-0.09034277825742258,0.12048564835705107,-0.07188808776411162,0.12456435789031003,-0.201634794836931,0.011650208072002864
0.2336513865959183,0.45411505278069914,0.5978396098534474,0.2954598769789642,0.20232887118066487,0.34699840151579525,0.32501262289326505,0.30855993488902056,0.3236382528114502,0.23432416927590008,0.34751420151011986,0.2981976534295654,0.3310195000339952,0.26755466117963767,0.3740807552574495,0.2919636987683395,0.3953343582413758,0.42404868624251335,0.27174257185951134,0.2117265809248994,1.0610781475554047,0.31741902255369175,0.32765924265458735,0.20108318399607666,0.44195181105516884,0.29630489001296684,0.2065193990640785,0.4056142898156698,0.4885158594923511,-0.009833950498012731,0.28348681245820095,0.3947073246128548,0.2442110055089195,0.49220670098493635,0.3741669855339277,0.2832440313672284,0.26018247128615035,0.1310986005855715,0.2720153188485422,0.34879674132357286,0.4721920635275935,0.3426617557394693,0.2861841251010954,0.07461463841185083,1.2596560179408163,0.01198966110995428,0.30385858622844125,-0.015010691880436118,0.05053132205683632,0.21335376650078913,-0.03906685042856106,0.08906660254187777,-0.17417926095039618,0.004631893291736578,0.07626805939510545,0.057562587067784256,-0.017199050430322667,0.02803500906843021,-0.2468674044856216
0.2226560462556911,0.31849865862763643,0.525847165468199,0.31713872486913447,0.265943116505819,0.3181987145091046,0.37797458221902036,0.28738168302153566,0.510878059547245,0.26732819896192145,0.30059690084154617,0.3121767822747426,0.3984764781226317,0.34114894052614125,0.3080653145528859,0.4067424127920862,0.36967970950176116,0.30799355286003305,0.2530171893693674,0.28033448749582307,0.31741902255369175,0.8311065395412021,0.31804575730643164,0.28204362036041863,0.45584725855079605,0.3701002800932294,0.3044459554508166,0.33451751684556374,0.38583338182126653,0.16588088434868403,0.2735785757494926,0.4445199559519217,0.35878807428935944,0.5169478479732982,0.34138614937731054,0.3068112530713684,0.28024078236184524,0.17912011318649798,0.3168573155554575,0.19521038556396508,0.3212966517573675,0.35163723876922975,0.26752931005673625,0.10064533549877457,0.3350261638331886,0.23574170527068758,0.30673710296057616,-0.0783671109222375,0.779570800511759,-0.022500288842791483,-0.03737359108704163,0.018166166127013387,0.05039660452022487,-0.1201335878897632,0.15590692774569717,0.039659651017528504,0.07868002501418574,-0.16589687037216594,-0.14136065578785567
0.14636266739947726,0.19097869926681033,0.37562728202667983,0.16487326996056345,0.12233672642583349,0.16141195295059274,0.21765860046507388,0.14320788089813044,0.2696001926273435,0.26387074684920964,0.19209413534756703,0.23159806547060585,0.2323752451453339,0.15486764993997254,0.08760915009215782,0.10513901279298722,0.04528960383001508,0.7487933600231107,-0.052203418674804776,-0.16885985116094282,0.32765924265458735,0.31804575730643164,1.650512461435599,0.5010475574831171,0.46764400266612693,0.07269100942916575,0.11746892305927457,0.18208307742460958,0.59800759048249,-0.032252876118100314,-0.028874191906954186,0.1178340454529896,0.3158858832170036,0.6620366031494276,0.1296301711340359,0.124351736566336,0.28881634716614135,-0.10008943504363774,0.3873669970248764,0.24675372205222434,0.21468543804160603,0.11299621634057817,0.2968422632197408,0.046795554402820065,0.1916594250449442,0.16313584745549853,0.43245312941378755,0.0037644043200612933,0.3639335805888918,0.15610979052472593,-0.1695540147418557,-0.025498155855837062,0.07140331646257018,-0.08448560225575118,0.26404365566313825,0.27796400964380563,-0.14750633010852063,-0.4532767250928144,0.11845846490251895
0.11417405273341054,0.15124547905981708,0.43882842065078403,0.20920649560936272,0.21224182029101984,0.23660683162944815,0.20197319537706082,0.1825257699975825,0.31231062478759325,0.23856000749761763,0.2606188817216121,0.22616911609625823,0.2642588628391558,0.23030981959513128,0.3057742310857595,0.2472915720949334,0.308665921023703,0.2771091690354771,0.14747589691219484,0.28570155421486365,0.20108318399607666,0.28204362036041863,0.5010475574831171,0.8054547460709855,0.444926243554045,0.2103819779587292,0.3183954421431728,0.29921506810220905,0.4128864332202913,0.13250124724716061,0.3833408624230093,0.2131332026452222,0.2889089613423441,0.35958146156057436,0.2670476947696243,0.4367360108357865,0.29264071043756024,0.15442163805747808,0.2805575034293258,0.1797842671051838,0.33265967051631395,0.26390460357051143,0.24593305255019873,0.049779011072196365,0.35684842489495505,0.09333574423141447,0.28180720748259036,0.001887565325385387,0.026806894953472386,0.07931906589740906,-0.1571156255534964,0.06621976254379429,0.069487362849455,-0.07444429361970283,0.28289163293430025,0.25787087090787914,0.020241500963782265,-0.879103799901834,0.3754597249292476
0.3742062571239989,0.6097504623260643,0.8127816503517284,0.20237769458646243,0.01564033073154921,0.4035618816221979,0.3308623262031497,0.29501846415657934,0.4154388280500579,0.3414010169559999,0.40481912115191915,0.38740282987898084,0.33486559229447405,0.2791842316440783,0.3504798560674141,0.28691770613606515,0.6808668917377407,0.48609258564746394,0.09155471535211568,0.6632268962557076,0.44195181105516884,0.45584725855079605,0.46764400266612693,0.444926243554045,2.7853293270731547,0.5254553550041317,0.45572470805947407,0.5083434603868201,1.0790320074330466,0.06524827328700307,0.6310724527308115,0.4402790851545067,0.2423670541394608,1.1192468227509362,0.8026469199212994,0.675521760506903,0.06760818105674174,0.32276427135908387,0.3111690345370516,0.4266506809607389,0.7382276965848169,0.4638945818749423,1.0335858805937366,0.03886806920970052,1.3173906302864664,0.22464455980698025,0.3733828717187384,-0.019622233962103247,0.07215560197343665,-0.22662277702095943,0.059460795024219804,-0.1064823878441779,0.0910819570430773,0.00869219519093796,0.17925084746953893,0.061145526454188165,0.14536058773692204,-0.25113563417982765,-0.2030666773832046
0.21888393658571678,0.4471370401648647,0.6458721347293483,0.3694292853113194,0.27588357154918286,0.4416632103925936,0.42019664236981263,0.4088934006177817,0.5506976762157996,0.2826151165764835,0.39642427619605336,0.39432901082923766,0.3887004957748153,0.34687659127596515,0.4042640121349594,0.3290853805093677,0.33102532545727026,0.40792529928281424,0.19735259550201836,0.4157908133504813,0.29630489001296684,0.3701002800932294,0.07269100942916575,0.2103819779587292,0.5254553550041317,1.5169265768995928,0.6333635734606445,0.5034471880960689,0.2706302733278944,-0.12313237160182966,0.44046104200559943,0.5785733377804059,0.43002517560824943,0.5673540873335536,0.47848917319407885,0.5012518711335171,-0.0360945104630148,0.2134385472306716,-0.17873978838187884,0.2549025570594484,0.5774273700847229,0.4300582187936962,0.5558934187074431,-0.03508718700877489,0.9791711484530691,-0.006663441427289737,0.19089200055758163,0.009572755693618514,0.09686339087991033,0.24385616574186228,-0.09279499623011253,-0.22098495082121505,-0.1373905758315594,0.02809882715321426,0.11457394046728896,-0.04215622218517476,0.1398528167474853,-0.001755639268430539,-0.2402623515480561
0.24288950792639147,0.5377069658804177,0.785749515589815,0.2312873722043515,0.06380872290010467,0.3582554196628946,0.33846697424205024,0.42704791513609186,0.4506926617636637,0.43596524291339767,0.3724024432272839,0.2790392523812331,0.3406298336635116,0.258731667200592,0.37781187817483675,0.2900982924545323,0.459957353218616,-0.010886975792520959,0.09844750261735671,0.6049380835096121,0.2065193990640785,0.3044459554508166,0.11746892305927457,0.3183954421431728,0.45572470805947407,0.6333635734606445,1.887074295436729,0.5427920630875386,0.27023108033299637,0.16015379646197722,0.39609617687826365,0.35058909322073184,0.5088151242714434,0.4012574388223718,0.6189291177755495,0.549397222530209,0.3054590453715495,0.292577040001718,0.15844424995748135,0.3305261606970084,0.7607583399581787,0.4853595917378546,1.0815484383320573,-0.0020668122677754866,1.280780307587686,-0.01464931598451984,0.18409982949330903,0.06907678100668556,0.007145224608214551,-0.2054874157007824,-0.22811711086145375,-0.06490256391102622,0.2323215283992758,0.13960617825830057,0.11906956130708984,0.25198333784761195,0.17672200798271293,0.08521673202860532,-0.5786787899798563
0.13782002932825935,0.3956577386038454,0.4962650453123732,0.19323695056421566,0.15724774563120875,0.2763171126426024,0.2612820640347843,0.2666386689498229,0.35211212517633944,0.31440217030130857,0.3187182129197968,0.20092598079353718,0.30185739148966473,0.3242709349903565,0.5203384243939392,0.36476613034297517,0.7036068134399881,0.2556221099267645,0.23411127630651576,0.5711185369522773,0.4056142898156698,0.33451751684556374,0.18208307742460958,0.29921506810220905,0.5083434603868201,0.5034471880960689,0.5427920630875386,1.4709535637248852,0.3260948388485903,0.4645623458903937,0.4002290874765245,0.3475024512928087,0.8375593026341736,0.4830279039879488,1.011182914125246,0.21135455345058962,0.7152777729054457,0.28089190051525764,0.21487088898462425,0.3363078399386999,0.6574500460287971,0.5555128574872806,0.6181700838327846,0.03511098539753581,1.0357745480670812,0.07095444990501512,0.4759865374620887,0.0817614664634506,0.38971306270232337,0.5240682912394243,-0.20999436204419078,0.268648301642268,-0.3889435226412735,-0.0649069444508899,0.1823698116748765,0.04232322497045888,0.08774997925801399,-0.18095728212298634,-0.12575174072537154
0.363227727017178,0.6886634780153497,0.9139111223888492,0.3063842583362471,0.15075182793673494,0.564714788221734,0.3769328931963127,0.4175276724456672,0.3130579607398339,0.40904650651826185,0.4802981332066302,0.4101171923746389,0.44311027700707883,0.3591894394345676,0.42281118269066464,0.4265483067909037,0.5421153789484086,0.5786845588157576,0.19979817636264804,0.4750193751965898,0.4885158594923511,0.38583338182126653,0.59800759048249,0.4128864332202913,1.0790320074330466,0.2706302733278944,0.27023108033299637,0.3260948388485903,2.6680826811624745,0.04104814747271457,0.36737326784912067,0.4283668897902725,-0.00014513114605080858,1.0829913542067724,0.7575978881997516,0.6809400363848381,-0.12909942660834187,0.1511650060565829,0.6567145928405006,0.3454695850794672,0.986202304600061,0.3058557102344232,0.846680195064297,-0.005096381356079958,1.0579997035422533,0.4147977474785046,0.46982133393744824,-0.02949098214454142,0.18927263025113447,0.2792714162269172,-0.2451965765231503,-0.15413704109788232,-0.07526957641917296,0.09532666749731356,0.13339122866466702,0.024481164042180106,-0.05035168300399324,-0.11936165099928256,-0.06760810209398999
-0.09568568525351223,-0.17605140987837642,-0.5761600323258617,0.06222260895169844,0.2060433730864168,-0.09975796645672,0.017817837582001388,0.060329191923054616,-0.007697705207630953,0.04686215942031689,0.000586915701484553,-0.10460659376526223,0.07099526966003615,0.17435887980614148,0.11882903751031927,0.25286639181556414,0.31887882760445474,-0.18930114602194165,0.0932540511838543,0.500939614114716,-0.009833950498012731,0.16588088434868403,-0.032252876118100314,0.13250124724716061,0.06524827328700307,-0.12313237160182966,0.16015379646197722,0.4645623458903937,0.04104814747271457,3.743726129196291,0.13763393643235708,0.17667086304003563,0.4273958312341846,-0.319037308516752,0.6135984260826158,0.5563061119782895,0.5774180460588926,0.3189490901569128,0.6680112207014337,0.12805867742538685,0.8267754227991423,0.3197390913823125,0.3592546380542094,0.06032013053197744,-0.012397729491947245,0.030071150303794186,1.5504084151582662,0.10713677627155616,0.9077039236745365,-0.011278593168093794,-0.0027387652743830755,-0.433577269215556,0.26570883691375957,0.038017935811314664,0.1715941343716109,-0.1504124418326587,0.18178240629303388,0.14713726277284564,-0.34600051445379465
0.2118579484374073,0.3812316524434556,0.5901070373226475,0.25168040333535713,0.22287033296722714,0.2997287645654245,0.2982384685037591,0.2833718558237644,0.340316877089039,0.3105416857734305,0.323343703739616,0.3083860937764319,0.2890122634220485,0.24316378901369762,0.3865355777675039,0.29649273132423887,0.4422624037086527,0.3659275997873124,0.2307981468433605,0.4516275244933165,0.28348681245820095,0.2735785757494926,-0.028874191906954186,0.3833408624230093,0.6310724527308115,0.44046104200559943,0.39609617687826365,0.4002290874765245,0.36737326784912067,0.13763393643235708,1.072772121239631,0.36815128548507103,0.24578241396565312,0.3713917291035095,0.416581355487965,0.8621806126019825,0.16908307636461936,0.2811032229356813,0.33988252005053654,0.2385096174339479,0.6636807184381609,0.3590198262729359,0.30574247366405294,0.0858775123211198,0.9089526396029685,0.07887085230893359,0.32110717372484504,0.0029730312928774516,-0.2771374751823351,0.14382145927551138,0.02867960387426517,-0.0102432563176319,-0.08524782912023547,-0.06510562583663822,0.18169258911780475,0.12423189320545583,0.1977085696135087,-0.2823395586413038,-0.25769459283436363
0.32849261563439525,0.2620147831416566,0.5272134865239844,0.322529810869968,0.2621226007967955,0.3805286359638987,0.4246711680683237,0.3012436141687248,0.40189289734052985,0.27130310449457057,0.34944851992963083,0.42476118348267206,0.3960774614457664,0.35748110001317407,0.3456749124552657,0.398911264764384,0.3518495815934287,0.30353075693392256,0.24760311058369708,0.299254220038219,0.3947073246128548,0.4445199559519217,0.1178340454529896,0.2131332026452222,0.4402790851545067,0.5785733377804059,0.35058909322073184,0.3475024512928087,0.4283668897902725,0.17667086304003563,0.36815128548507103,1.0865303955223964,0.3068690680637879,0.34050269515529036,0.3096547429393653,0.47640151372550393,-0.053511545417658755,0.20756785398443994,0.2197878345888432,0.2252339786785415,0.4238782167259307,0.3243439166038808,0.16550208395721105,0.016529406507938986,0.6846492018010406,0.1593062474775283,0.3250147051269657,-0.006685940883179904,0.5626361110203586,0.1277574433260542,-0.009868510479015975,0.047649581448469806,-0.12761331768949752,0.005584789836849616,0.11435172464194353,-0.3819695832162206,1.070764416155121,-0.3693883293352926,-0.48414276478831697
0.07248109938724093,0.2880286563884008,0.23273781679193328,0.22066033234466695,0.2926112872160281,0.05680714437984223,0.20783351294722707,0.1772561030331949,0.3662274694631255,0.1991970507876916,0.19472179699131745,0.13904124475826143,0.24252930244140172,0.20030187525431867,0.32702456011577524,0.212590234921274,0.46941504482691365,0.18338286489824274,0.1960866323175909,0.4960327576345633,0.2442110055089195,0.35878807428935944,0.3158858832170036,0.2889089613423441,0.2423670541394608,0.43002517560824943,0.5088151242714434,0.8375593026341736,-0.00014513114605080858,0.4273958312341846,0.24578241396565312,0.3068690680637879,1.9481460237521997,0.012461163309920033,-0.12263741309203724,0.13010521334747926,0.8471285547539918,0.27556461331523996,-0.003434202459952509,0.19534234538818235,-0.026429671962432958,0.48390874570929915,0.35872478699230426,0.06568567700765114,0.5234186275045896,0.004365931125369466,0.44348195718599626,0.10664160216429551,0.33999938846127675,0.30661275651488235,-0.15945293113643846,0.1218422074757357,0.03073625427871204,-0.31640906676807207,0.21636536134591677,-0.04268116767532255,0.06498414393547873,-0.11508080032105743,-0.08076656042196415
0.30009835355606346,0.6940417198648037,1.0864048795829113,0.21513048873504118,-0.05806085103200929,0.41441406675232223,0.3515529949681698,0.4319703619345192,0.6167773754625108,0.48456622391176957,0.4151063445578029,0.40182181053692634,0.4444902790472268,0.27164531428415034,0.39885248955392927,0.3316892956627761,0.49420365455728876,0.6278100019913806,0.13644288640753163,0.47498009354719806,0.49220670098493635,0.5169478479732982,0.6620366031494276,0.35958146156057436,1.1192468227509362,0.5673540873335536,0.4012574388223718,0.4830279039879488,1.0829913542067724,-0.319037308516752,0.3713917291035095,0.34050269515529036,0.012461163309920033,4.204776419423937,1.3641908347691292,0.2994234233156437,0.45739234219997493,0.1421993016521333,0.47421875696283855,0.08254223398150363,0.8304870065773754,0.5286836818357904,1.2519386868261888,0.1319185977802541,1.3109828474188052,0.3596521845091753,0.344621898877845,0.04998701054617761,1.0539956662931147,-0.6544491773271359,0.14537180143173867,0.06098694713436969,0.43994044075840966,-0.3855514782602452,-0.001965239129856674,0.2815384607988478,-0.32238178110911186,-0.10483879258763044,0.08757873433575515
