1.070247405503647,0.4052931778441676,0.6951445898329117,0.0878475843211417,0.03827101759083823,0.21942393667336346,0.31288735422083563,0.13608314862164486,0.2676116256328377,0.18741828218091364,0.22294258875119038,0.2605321070045552,0.1874550627457317,0.21069229550313964,0.20203929787912148,0.1856819043999644,0.10712338486360555,0.23551913809806238,0.101003064799515,0.07790224833930127,0.2268922016171939,0.21591717717071834,0.11471503998606748,0.06676503891590167,0.35273143275710933,0.22610670096611282,0.19426363106938024,0.106598228293301,0.3476247936991379,-0.10928210106956887,0.18841217172362207,0.3160997328376223,0.0665173300429848,0.29601784200708037,0.21661085703360466,0.25227672293854037,-0.03865917609573104,0.061863075323072926,0.1436052625841234,0.08481217473001508,0.22251693789500449,0.1311025551138638,0.1078609403236388,0.032635770902557086,0.4222438284593201,0.1585250122876071,0.08814109632026647,-0.022890420033379853,0.10800638729955088,-0.14561548272462999,-0.0016640229586135746,-0.03584259635142359,0.06827427580356946,0.03593014303616793,-0.020471805190920088,-0.18116444621466815,0.36107485630049535,0.1456481898691191,-0.33162933409840767
0.4052931778441676,1.7644638209368955,1.3736913248658436,0.12204959321200484,0.03591565052653323,0.48319082019442744,0.31272790712910925,0.442197431468127,0.4062463699047715,0.4222660871211623,0.42944549865423653,0.3821768548970541,0.37192823731887215,0.2599495140779013,0.3729461779100843,0.30391823564668086,0.4310170430389295,0.5651730750497075,0.23754636280230504,0.5035004295719581,0.4800786943905049,0.34531760623314334,0.2241872626929844,0.1834785037839255,0.6382873934276515,0.4720403282610475,0.5967134761615315,0.4558165900284691,0.7033931979123638,-0.1691630451042359,0.4299569231183964,0.3364545059008786,0.29896164647136003,0.6888218365578124,0.5213633019484126,0.45678347040217804,0.39788593939621836,0.2490245048038077,0.31318164331980347,0.23915579411812607,0.5556354632693925,0.3674819502443665,0.5398188092523539,0.0489287488238575,1.1129132682396663,0.21851176978478934,0.28737315482519277,0.008888035568967168,-0.0680871711946298,-0.055767940594080745,0.07432867674653272,0.11334710245072495,-0.0967316579693043,-0.03005328471333937,0.07448352633898682,-0.17587126904695685,-0.14401884344379814,0.12294542468275951,0.045757278553414764
0.6951445898329117,1.3736913248658436,2.698312889855557,0.21146007535914058,-0.08896146293765865,0.7201624757421657,0.5211748233764588,0.6624572674415026,0.720696672448685,0.7333841499856707,0.671568271709628,0.589767476528423,0.57795562344064,0.40011618076349537,0.5797918884748704,0.4139839209190232,0.5533500562613579,0.6823629863811906,0.3640304885907249,0.40936182753471284,0.6026280955241933,0.5246154389063815,0.339551937147423,0.3786412437491709,0.7826036373352954,0.66311676626261,0.7682337381548038,0.5068849046412776,0.9020762661863039,-0.5786011886779542,0.5799932094540694,0.5426879534725788,0.21972305553767138,1.0920794775710494,0.6924825845237589,0.6659239534693964,0.27005868460382626,0.2102003448097149,0.44187795514065276,0.16937188516673943,0.7149715210871694,0.4466681840936745,0.6234628677762049,0.13174030185990543,1.360342225948707,0.4723195196561087,0.2358006636004347,-0.03986770662292205,-0.30455704977958364,-0.05940779282477218,0.00010694157142592954,0.2836104465440874,-0.12593139258548341,-0.06296468693213322,0.13836055297949784,0.11988265348727975,0.07930340545649381,-0.23983687191671513,-0.2182967044595327
0.0878475843211417,0.12204959321200484,0.21146007535914058,1.3526842470257419,0.5181075592321264,0.36952805021033663,0.45209937777752124,0.3560050132067296,0.23374718038538603,0.19540671090976175,0.30668989136796426,0.3775790266376023,0.38715321282462734,0.38991893768573066,0.33470970385119597,0.416607831317228,0.3111697786939306,0.24902511224807466,0.29781927290061644,0.2003629780607859,0.2834929024403482,0.29850444596001746,0.18585232001356858,0.23089595997148918,0.201451174731345,0.3566899526121877,0.23159450434662474,0.18097001449183756,0.3104756510789475,0.07873076800948875,0.23488286440624317,0.3013643602227285,0.18615310552617748,0.21224160467005965,0.04777716540313426,0.334514978328994,0.16266815619799616,0.1268733062992299,0.2849407326895656,0.161668328241956,0.2559646524596881,0.23961918025994258,0.07168940601590136,0.060716493779720306,0.37562723018280975,-0.007608819833821848,0.22654672709518028,-0.013541421468722357,0.10885142753212772,0.14812642872451828,-0.06373928591026543,-0.000503143130998621,-0.09829797928015535,0.010791489817418537,0.06698702526612282,0.16200316183102476,-0.1581684236698275,0.07313527579601696,-0.1930497680298941
0.03827101759083823,0.03591565052653323,-0.08896146293765865,0.5181075592321264,1.3303817701920082,0.29711623962774053,0.3172140256847564,0.21473566513610184,0.11353996642515359,0.08688683426953331,0.22152550113828912,0.31783378968822196,0.3281630924937862,0.291058129963117,0.3206210523043411,0.3878981390845,0.23114922042000746,0.15615456926170895,0.4809267330176115,0.17929734691466215,0.18812799400745198,0.23764164382738337,0.13257461237756915,0.20101994362673908,0.023161164050550333,0.2562190390028739,0.09956472687432369,0.10953095689042118,0.1563042181135493,0.24866622696047808,0.19007669827873153,0.251378150014698,0.23439156170244627,-0.09195104610665801,-0.08168914695621435,0.27232724157218674,0.3255276313755172,0.14628402020087905,0.27186419142031804,0.13333521042712643,0.13216073914715676,0.2412792703556487,-0.21321989076376424,0.04780805461041952,0.07960846061790434,-0.06303601579740195,0.2277508404035179,0.014448223218488454,0.27894179615132625,0.32913238068111483,-0.12055191555387135,-0.22682639782314173,0.020527906306534345,0.024864887394983496,0.04139306435745945,-0.0021305225472510493,-0.11927873277364824,-0.013587012087616956,0.09297307191491645
0.21942393667336346,0.48319082019442744,0.7201624757421657,0.36952805021033663,0.29711623962774053,0.9433263700119167,0.253650938778442,0.3883818248004623,0.3566922467205464,0.13332700121669683,0.3843774951435878,0.41578756103728565,0.38638297400593646,0.28598059322615194,0.3735606978671704,0.32135452443136264,0.36299201572168843,0.3386752081215986,0.4820161105717996,0.3814802179600946,0.34326730709456305,0.3193227959310636,0.16813430753815625,0.22800233233140987,0.3797663795832249,0.4449686346984749,0.2973551060911031,0.3051827344644277,0.5682978791877973,-0.10578087618444117,0.2861048936705746,0.3787069132378109,0.07721792928967834,0.4705823829767251,0.3625396901681189,0.23454681081477577,0.2743592558743743,0.2004743713524231,0.3689438598086918,0.21116213166873876,0.1944679336551408,0.266613584447541,0.45427600785532446,0.07668734321403002,0.704465494629357,0.14095332164900076,0.2804128108403775,0.014128508390967071,0.25031505052006686,0.31734912059879933,-0.2449723098057514,0.18615205566990642,-0.2499260099407073,-0.039278851156767616,0.1331896424209564,-0.02156135743142969,0.07027524733774632,-0.08095366633804578,-0.14247999928921154
0.31288735422083563,0.31272790712910925,0.5211748233764588,0.45209937777752124,0.3172140256847564,0.253650938778442,0.9017762112092526,0.2837499216646564,0.3642222788698432,0.2630874533177524,0.3780705504544556,0.4677281362136509,0.42281826089035396,0.30986857497704406,0.33467211829149035,0.4012813611809642,0.3441197501195877,0.3121889168285956,0.1729423089482846,0.10381242065887543,0.3163611936905837,0.3574755301008483,0.21472814563809203,0.1843113891078712,0.3116355918564019,0.4112297334753331,0.28056271807726707,0.2233309873560196,0.3733091156849477,-0.0009486775857538813,0.2588496799506748,0.4046285360795333,0.18214105745037076,0.3461317663288807,0.29732134760277434,0.4053465339253858,0.0189314883292743,0.08507700118158525,0.2958102126188703,0.159082983527923,0.3076975282392617,0.2693983397872688,-0.04399712388203179,0.04118238270878395,0.45492724894800574,0.08953707328063779,0.10821332784633027,-0.03113219606552437,0.2579380617979514,0.009339283728401601,-0.032371845055061826,-0.054022616699195475,0.0473326520565835,0.017321907640161286,0.09010170814843786,0.00790302689101554,0.06577920706452586,0.059316043949112676,-0.3390594559574057
0.13608314862164486,0.442197431468127,0.6624572674415026,0.3560050132067296,0.21473566513610184,0.3883818248004623,0.2837499216646564,0.870639855259776,0.22226715213156212,0.33854909556417584,0.3417309334242031,0.1532916900111761,0.4440511728699971,0.31961316097972936,0.30009686570323446,0.30135136087413583,0.434287851200653,0.3077513447480646,0.2724517292063217,0.390600255975363,0.3067144763855756,0.2795391622009723,0.12646975053490542,0.16158382950879158,0.27673619341611694,0.41733462358597007,0.3894861927482323,0.29212552034678,0.40809330765239976,0.004462531495590779,0.270781226603034,0.2936440380751213,0.15541686006688776,0.4690351147974601,0.3894392869740021,0.1860741928524083,0.29122380540217413,0.19047428193288773,0.4384911177017398,0.1913561285817898,0.41618013027089523,0.2612241149009275,0.43164316017366966,0.05229261018923102,0.700682877418036,0.07303053484843,0.3089596795205942,0.02501036918807615,0.3071871146345042,0.1706012041594972,-0.046035092215941396,0.13058697084207913,-0.14314035245359052,-0.03921847321406203,-0.01671166389294542,0.024877447190932652,0.00253339897479817,0.13958985356663461,-0.2220364588762965
0.2676116256328377,0.4062463699047715,0.720696672448685,0.23374718038538603,0.11353996642515359,0.3566922467205464,0.3642222788698432,0.22226715213156212,1.2534737979569843,0.17884027074243042,0.2810429247652837,0.3020112271179965,0.3216397827332637,0.24703973455457431,0.42183850225898145,0.17197132597875772,0.26723468489358243,0.2905316858371117,0.16783461408120595,0.31098451103272745,0.3259490949909405,0.5058091268037804,0.23279298829028075,0.2765271853737045,0.3882407009046756,0.5530038907965287,0.39704666212797796,0.34516306112177564,0.3203346853216484,-0.031056312528402023,0.3146980538889442,0.4108570452619094,0.33130667527195634,0.6324270461348667,0.35069627054346086,0.3307884802578618,0.2387981407875824,0.17716184162757573,0.27289284284374943,0.14854867522134202,0.28674800709181747,0.3126157718738586,0.3326074669563166,0.05499458553899073,0.6410874767996291,0.25532188879102313,0.17627958791384538,-0.03084201285061668,0.24042079374669842,-0.16953141575884734,-0.08637824832838735,0.2065045998395402,0.14148277213521068,-0.16078218404890895,0.21027396489793115,0.06543182553036095,0.19657042143172374,-0.2269677816500623,-0.2760104610200645
0.18741828218091364,0.4222660871211623,0.7333841499856707,0.19540671090976175,0.08688683426953331,0.13332700121669683,0.2630874533177524,0.33854909556417584,0.17884027074243042,0.8984105229959065,0.2665485314272989,0.2569645905498369,0.32566053575883636,0.31240773045308484,0.28923290923213957,0.29022249934206534,0.3469106283696594,0.3730430517042551,0.06455749239256735,0.18570584186503114,0.22472690983242152,0.25420122125777567,0.25815576413770414,0.23376549475290292,0.3320577236396981,0.2763941907031822,0.4294140509146507,0.30548165229365215,0.3963834853012363,0.06373001203275087,0.302202008679252,0.24940479017888736,0.1892485720179492,0.4564063522495221,0.38146317806005586,0.36050680434787835,0.23576490507414424,0.10756407412756858,0.24131842293949404,0.14799161907401565,0.5297464637305744,0.24633340644465712,0.27480102960013286,0.046729517439819894,0.486426650123285,0.0814008356665424,0.31749452310940696,0.0011819232094775517,0.11312462684253745,0.0736636123860802,0.026544841173744952,-0.07765076767121448,-0.05414949095452467,0.039952247222156276,0.0019171814533431688,0.12532705687389714,-0.007721613555344932,-0.14670135390771205,0.003201891240167814
0.22294258875119038,0.42944549865423653,0.671568271709628,0.30668989136796426,0.22152550113828912,0.3843774951435878,0.3780705504544556,0.3417309334242031,0.2810429247652837,0.2665485314272989,0.638023423039482,0.4079240671564322,0.3659248435792761,0.2855783185642856,0.44843412004831446,0.3675568986003969,0.4454891776716943,0.2878370610585171,0.21089608904757895,0.36171294510511715,0.3488465800493195,0.29594488426131854,0.17711889105112702,0.24712355162381713,0.39382095797583816,0.3895475178817616,0.32614554823138636,0.31863518663468804,0.46888354436130575,-0.010930187126809439,0.3117430369129736,0.34499782248878613,0.18370904925654055,0.4277643277930059,0.41923294237102054,0.3148839241151865,0.21285669832734697,0.18777684982782256,0.3285916273905285,0.21049949652634434,0.381617103668863,0.31933009958140846,0.28777470765318186,0.057634864330553245,0.6581376990019013,0.1279961350219481,0.23289908841110749,0.0028689716647159118,0.07676935191519037,0.025409960063788848,-0.08325308222611735,0.03402027115300071,0.0025048333626454915,0.0007967364364555416,0.06738429577572241,0.037879116835407116,0.005245413895282457,-0.03181155177177156,-0.16217606496293166
0.2605321070045552,0.3821768548970541,0.589767476528423,0.3775790266376023,0.31783378968822196,0.41578756103728565,0.4677281362136509,0.1532916900111761,0.3020112271179965,0.2569645905498369,0.4079240671564322,0.699399659970376,0.3425686477384835,0.28007815528242286,0.3390558810561062,0.37054828299403464,0.2971950129258892,0.34192591615075746,0.24549636169824204,0.15992982472673575,0.29235454888373996,0.30380934610436083,0.23653010328490134,0.2239611932786032,0.3610794225465353,0.389525473012007,0.24691195845606478,0.18551767346008946,0.429265226917053,-0.06743244347630077,0.2856983685545502,0.40858838964512817,0.13963178162437948,0.3906118969520259,0.26950662529756625,0.44853493339228556,0.012569927711373767,0.10743938709651457,0.25540609188324703,0.1662030883723051,0.26386201567716383,0.24969096240951605,0.13178688951621273,0.05019609028569431,0.4634984476773504,0.11627531328337017,0.1787917791161563,-0.011400299898253592,0.13794419321454854,-0.0026212616997391834,-0.04830085097266559,0.007444692917082968,0.019074141775940186,-0.03262602939340683,0.1309645374689574,-0.02117641525715943,0.05788218540689094,-0.09267220662626142,-0.14296139464125207
0.1874550627457317,0.37192823731887215,0.57795562344064,0.38715321282462734,0.3281630924937862,0.38638297400593646,0.42281826089035396,0.4440511728699971,0.3216397827332637,0.32566053575883636,0.3659248435792761,0.3425686477384835,0.6835118700652637,0.35803825099338643,0.31533008246302524,0.4105404689298932,0.40211124182822855,0.31252828353733564,0.29933043378860597,0.24400211781138575,0.3368083799326378,0.3903603386988412,0.21551031598946624,0.25690396511128877,0.30268262439901283,0.38073723982828744,0.28661200895124517,0.31627058247503353,0.4518288302620799,0.046937827490802525,0.2754452534344928,0.3963798589028407,0.21107567080408923,0.46130183352285764,0.3626663506974763,0.28564160177913445,0.2087947943685357,0.1385741353177964,0.3915488021360742,0.17103503844218162,0.3526569378968367,0.28931327216504327,0.2793156854523257,0.07182158424311903,0.45712617572348824,0.1408280742622598,0.2726844344668902,-0.0012539773079624302,0.3621873100547056,0.1627207141793359,-0.055296767690858444,0.1105865814439545,-0.0879222273621121,-0.10707085827541495,0.14605254941825088,0.01618104159788171,-0.014815482872429307,-0.16985668955179362,-0.03233400652825013
0.21069229550313964,0.2599495140779013,0.40011618076349537,0.38991893768573066,0.291058129963117,0.28598059322615194,0.30986857497704406,0.31961316097972936,0.24703973455457431,0.31240773045308484,0.2855783185642856,0.28007815528242286,0.35803825099338643,0.6824352018689004,0.3700066227864013,0.47840975376277534,0.3477673774806049,0.19048323826194238,0.2436726565731659,0.2628069572392161,0.26363803609770603,0.33484577399390936,0.15464061443025706,0.23056128190886535,0.27970472037439054,0.3470150503279648,0.2554381101673163,0.3273177677348687,0.35303209550129216,0.19090446486759893,0.23940662359090847,0.3308012467478216,0.1998579413733341,0.271725729905676,0.3531163729599246,0.27459692403224123,0.2356128280087399,0.1499476334354163,0.22168111491686668,0.18568536312396247,0.4047544328339446,0.2916671952369163,0.22594762550057448,0.060224858913387,0.41006101537994155,-0.004078156161450528,0.3036567354906754,0.0080727064974166,0.42109413586449784,0.03357635831711007,-0.022935576613192833,-0.03626698933661537,-0.09506034812276822,0.05942572352362864,-0.03193155031962383,-0.016975842838091375,0.005375271946393525,-0.044240282765402275,0.08000492069886321
0.20203929787912148,0.3729461779100843,0.5797918884748704,0.33470970385119597,0.3206210523043411,0.3735606978671704,0.33467211829149035,0.30009686570323446,0.42183850225898145,0.28923290923213957,0.44843412004831446,0.3390558810561062,0.31533008246302524,0.3700066227864013,1.0038826200694855,0.37114813765465,0.5471117192612528,0.23011182841211633,0.3058599775481304,0.4449979084379579,0.37506898594680255,0.2830549660704521,0.07966824218341556,0.28289161146643027,0.3274786378613654,0.4054159770653769,0.31199065814829724,0.5073185140290878,0.4381931216466029,0.1328557042398902,0.35609286522432204,0.3312626469499679,0.2819482140260999,0.36757346336169294,0.44584385265295357,0.311683940923741,0.4431971295565549,0.22086082751131703,0.30180258129987314,0.22281264768664444,0.4441740588002309,0.3916281330592356,0.2751806382700637,0.05013453383744572,0.7846885121246274,0.1176737417764909,0.2785756642185408,0.020960879380158965,0.10855609350527061,0.49049446154560744,-0.1705904210271984,0.15432420353561152,-0.29068270785508443,0.004566025023324638,0.13291754410887616,0.09331819488978281,-0.006222253422980416,-0.10211700221373658,-0.20576168671292744
0.1856819043999644,0.30391823564668086,0.4139839209190232,0.416607831317228,0.3878981390845,0.32135452443136264,0.4012813611809642,0.30135136087413583,0.17197132597875772,0.29022249934206534,0.3675568986003969,0.37054828299403464,0.4105404689298932,0.47840975376277534,0.37114813765465,0.7813608341213314,0.44106569312821353,0.1809045758742127,0.2944739186860529,0.31495978857381,0.283266371805515,0.40002869736081087,0.09335673580821537,0.23974928312426835,0.2832278900930156,0.3146402444908092,0.27904589145367215,0.3296520178638815,0.4156895264338876,0.2645463912138016,0.2812391188640174,0.3858156610345982,0.19186300771684275,0.31752310989183524,0.4682079275381343,0.3416352828362036,0.21153731577936566,0.1721948932110472,0.3203454780509332,0.21325427079859222,0.42766298187355006,0.3638575811500165,0.2711793250504993,0.08107999401895699,0.46655568305416056,0.040277125471424834,0.3101716526942404,-8.706383548996439e-5,0.3896276216713058,-0.1593449230742942,-0.03852500901455363,-0.02315128751507086,0.06750125035740588,0.024562318880066582,0.041838630270019626,-0.015597610386355203,-0.08030127077356453,-0.037305030987472884,0.03262201887847397
0.10712338486360555,0.4310170430389295,0.5533500562613579,0.3111697786939306,0.23114922042000746,0.36299201572168843,0.3441197501195877,0.434287851200653,0.26723468489358243,0.3469106283696594,0.4454891776716943,0.2971950129258892,0.40211124182822855,0.3477673774806049,0.5471117192612528,0.44106569312821353,1.2742796747846499,0.16331589851573672,0.32278404695688134,0.6855202214297021,0.4016079822199028,0.35580198056368423,0.03427988513840101,0.2921594259919351,0.6435260214579728,0.3207763722263666,0.42329542251014174,0.7482634744513236,0.5528783185617785,0.280446887854382,0.42252629132775116,0.3309303301662878,0.42203274042319616,0.5348057336630762,0.6534860494305827,0.3465218646849282,0.6523787298496238,0.3415914146605124,0.37879590373433836,0.31185399647463785,0.5817768938270039,0.5509718809217796,0.6078265022738143,0.0554809764094511,1.110161763150829,0.15883608288161638,0.4141143287440182,0.047331344098792034,0.14752188049378007,0.5294242488826919,-0.00831649677601389,0.17088823724493524,-0.39741940984677876,-0.10137444360746792,0.01294720778686435,0.02719553850397816,-0.04874382885132224,-0.05633608644510776,-0.1349101658527699
0.23551913809806238,0.5651730750497075,0.6823629863811906,0.24902511224807466,0.15615456926170895,0.3386752081215986,0.3121889168285956,0.3077513447480646,0.2905316858371117,0.3730430517042551,0.2878370610585171,0.34192591615075746,0.31252828353733564,0.19048323826194238,0.23011182841211633,0.1809045758742127,0.16331589851573672,1.0322933900410525,0.135664617539759,-0.05622564352014117,0.412644258715136,0.27408938073920014,0.7425462089627463,0.27788701825979417,0.4294702420355031,0.3907828543946758,-0.07477318637081765,0.281614841878231,0.5875072808997811,-0.21125613662013257,0.32691354118904076,0.26751526130431136,0.14535436274663696,0.6154776230732127,0.23404610704954376,0.2635044076481051,0.20343168568138967,-0.022693099517686388,0.2878336790529345,0.21310787945068585,0.39489202623842135,0.15995974587364298,0.44071019717974125,0.0649622883373791,0.6800865832193408,0.21725628401847774,0.4265924889047828,-0.012256456518655354,0.018021428840968325,0.5150298432029876,0.02562248902157748,-0.00366261733645388,-0.36240276826609624,-0.07343782296123791,0.19790932089425697,0.19405676685871606,-0.0558282270010099,-0.07771886611617873,-0.3018229867670947
0.101003064799515,0.23754636280230504,0.3640304885907249,0.29781927290061644,0.4809267330176115,0.4820161105717996,0.1729423089482846,0.2724517292063217,0.16783461408120595,0.06455749239256735,0.21089608904757895,0.24549636169824204,0.29933043378860597,0.2436726565731659,0.3058599775481304,0.2944739186860529,0.32278404695688134,0.135664617539759,0.8709274018101955,0.2051866984449292,0.2732267972987228,0.23837953270579437,-0.04708172870466818,0.15220993824586804,0.07766102897569564,0.18461792263920382,0.0935697634619403,0.26730061578084197,0.23075670264460307,0.08982772461655662,0.21393868260898255,0.231057072693075,0.15680340091585188,0.18380448380599482,0.10435625831293222,0.24500400458588498,0.27208687322345015,0.14592115094405395,0.36216080406102136,0.0911015476590425,0.12347221752593963,0.2248648313048035,0.018286284393648423,0.07908176312333369,0.3571268188201583,0.07129848245759215,0.13628565051500593,0.026790863490217306,0.15898390064514709,0.28408634949294204,0.08103217740605066,0.3391527475280749,-0.330901692217162,-0.13554244534454676,-0.011473949119034486,0.010054060864544391,-0.052352922567890724,0.03291315144170065,-0.025520398682877622
0.07790224833930127,0.5035004295719581,0.40936182753471284,0.2003629780607859,0.17929734691466215,0.3814802179600946,0.10381242065887543,0.390600255975363,0.31098451103272745,0.18570584186503114,0.36171294510511715,0.15992982472673575,0.24400211781138575,0.2628069572392161,0.4449979084379579,0.31495978857381,0.6855202214297021,-0.05622564352014117,0.2051866984449292,1.5251703842137114,0.21010083004785643,0.2796507997754591,-0.18990618953578497,0.2691487886498793,0.6704214303033664,0.3993466683796142,0.6081457532184266,0.5487584742706039,0.4592367734823265,0.5133888548810841,0.44903163037794513,0.2952108416365,0.4610250979930446,0.45266325339135866,0.5926577327606496,0.1861886614800002,0.9549790968965246,0.7016055841298259,0.4244940479313612,0.4253783928411234,0.4818603166021342,0.5477014664449984,0.8972076780481211,-0.015364878413809789,1.2698510644284902,0.05831359723176975,0.3001373074464233,0.13081909143828524,0.5704279884469784,-0.17311776628920386,-0.17677287476614298,-0.010680526266352174,0.22195552882576308,-0.02992949690834852,0.10238547506116041,-0.03591966868395829,0.12996809132680756,-0.16817766008914384,-0.02967881573262923
0.2268922016171939,0.4800786943905049,0.6026280955241933,0.2834929024403482,0.18812799400745198,0.34326730709456305,0.3163611936905837,0.3067144763855756,0.3259490949909405,0.22472690983242152,0.3488465800493195,0.29235454888373996,0.3368083799326378,0.26363803609770603,0.37506898594680255,0.283266371805515,0.4016079822199028,0.412644258715136,0.2732267972987228,0.21010083004785643,1.0584747966243386,0.3147741275899064,0.3323660740199688,0.20308295111607608,0.4341469726479497,0.2849723686085543,0.17460563961902556,0.41389550248901014,0.48934301561913884,-0.01588106300945401,0.2695876113085811,0.378639674079535,0.23708906013630404,0.5269123486308187,0.37362002150659673,0.27095744104517344,0.26003051662128074,0.12674709083238747,0.27126043695010355,0.3489743212168917,0.46634182059977897,0.3412395935699593,0.2969846157992989,0.07879639290329135,1.2554462700746492,0.023983215353572614,0.29637363897185454,-0.01226659949895546,0.05203742243430544,0.2389569031025777,-0.022920938031605345,0.14173073659171656,-0.2261377011327598,-0.004969292352813439,0.06935521684259724,0.04732765903148848,-0.056171146349164654,0.02632810630382607,-0.19347368999322875
0.21591717717071834,0.34531760623314334,0.5246154389063815,0.29850444596001746,0.23764164382738337,0.3193227959310636,0.3574755301008483,0.2795391622009723,0.5058091268037804,0.25420122125777567,0.29594488426131854,0.30380934610436083,0.3903603386988412,0.33484577399390936,0.2830549660704521,0.40002869736081087,0.35580198056368423,0.27408938073920014,0.23837953270579437,0.2796507997754591,0.3147741275899064,0.8188645961474188,0.29022754473650936,0.2607394650228292,0.4334495763699606,0.35226247176865766,0.2751446239323957,0.31415207889977054,0.38169548804868086,0.16042167375513255,0.2498868983126753,0.43394200484270534,0.31561276079138556,0.5078355477449699,0.34858895678956986,0.2752954891931058,0.25977440748184966,0.17358241525267404,0.3042013154561046,0.18940465937461773,0.3150386550819622,0.34826740805674744,0.3468698624269362,0.10894452628067934,0.3603177110401475,0.24101970111259066,0.28368349957187283,-0.07263817456866195,0.7482995368187,-0.15087468687000946,-0.043144759368799065,0.059856773695287226,0.09146055920064101,-0.10628138966460643,0.14000589880627495,0.011756194306150505,0.05668192401731095,-0.14947837607863249,-0.09453689955110361
0.11471503998606748,0.2241872626929844,0.339551937147423,0.18585232001356858,0.13257461237756915,0.16813430753815625,0.21472814563809203,0.12646975053490542,0.23279298829028075,0.25815576413770414,0.17711889105112702,0.23653010328490134,0.21551031598946624,0.15464061443025706,0.07966824218341556,0.09335673580821537,0.03427988513840101,0.7425462089627463,-0.04708172870466818,-0.18990618953578497,0.3323660740199688,0.29022754473650936,1.6474918402861913,0.4964836559557338,0.42595206760459875,0.05212534750558362,0.08449906212187418,0.1845449353340304,0.5905124625124377,-0.022582034409308196,-0.05422679128533685,0.08433172859043085,0.2821694509376673,0.5925941544631851,0.10814242340744439,0.0784584783871799,0.3185104347307908,-0.11297214873230096,0.3528257232757838,0.25191399079398935,0.21245893635715832,0.10821323838264672,0.3537500880191655,0.05365811212392695,0.20948809964272214,0.1443173539777905,0.42687544430945407,0.006919803525508779,0.3004195896020278,0.35133846655590245,-0.20253234605712478,0.007838350771256353,-0.045898986211521275,-0.046078224433029724,0.26841993869976555,0.2846190668029867,-0.2789593983268232,-0.3524629940371995,0.14953210697965044
0.06676503891590167,0.1834785037839255,0.3786412437491709,0.23089595997148918,0.20101994362673908,0.22800233233140987,0.1843113891078712,0.16158382950879158,0.2765271853737045,0.23376549475290292,0.24712355162381713,0.2239611932786032,0.25690396511128877,0.23056128190886535,0.28289161146643027,0.23974928312426835,0.2921594259919351,0.27788701825979417,0.15220993824586804,0.2691487886498793,0.20308295111607608,0.2607394650228292,0.4964836559557338,0.7975101648249686,0.4092662516618763,0.17351005242940584,0.30705629216766644,0.29474250759680265,0.39592690194840996,0.15216454837228796,0.3637698784600265,0.1514390399947548,0.2587120608621773,0.3310646441612198,0.24034551639598103,0.39348768905783515,0.3063831008934093,0.14141208217638468,0.26355136101535437,0.18232142273051102,0.3383328908513942,0.26223678557326235,0.36932859079380903,0.0637614432081229,0.3597565377382558,0.06365680049044842,0.277429368787261,0.007075715454561065,-0.043722760004072776,0.08489533852506584,-0.12641271698534465,0.1107188686902625,0.017010737662661132,-0.07598581796132413,0.2929155319494692,0.345157322105326,-0.19198028744399034,-0.7245690022885201,0.3750477757557263
0.35273143275710933,0.6382873934276515,0.7826036373352954,0.201451174731345,0.023161164050550333,0.3797663795832249,0.3116355918564019,0.27673619341611694,0.3882407009046756,0.3320577236396981,0.39382095797583816,0.3610794225465353,0.30268262439901283,0.27970472037439054,0.3274786378613654,0.2832278900930156,0.6435260214579728,0.4294702420355031,0.07766102897569564,0.6704214303033664,0.4341469726479497,0.4334495763699606,0.42595206760459875,0.4092662516618763,2.741920242578706,0.4800142238339555,0.4173269738333875,0.4528213059336316,1.0280991087030074,0.09658928007387127,0.5970183297502771,0.3984112513843217,0.20486119552831827,1.0566773305311628,0.7902802601074636,0.6343470090935814,0.08629100208152739,0.3155908283538479,0.27135280826714914,0.4254317682624672,0.7328007037088431,0.4560686156571547,1.0820651509701982,0.056909366285049404,1.3439875860631414,0.1978802221949217,0.3585846192439565,-0.016030506593171723,0.03625485209795455,-0.4200172485473257,0.07025757945173902,-0.12045898510979358,0.15521982413416854,0.06592998702925973,0.1422440633665074,0.05590955482628882,0.05825697576404671,-0.21431779280909755,-0.10962998662049132
0.22610670096611282,0.4720403282610475,0.66311676626261,0.3566899526121877,0.2562190390028739,0.4449686346984749,0.4112297334753331,0.41733462358597007,0.5530038907965287,0.2763941907031822,0.3895475178817616,0.389525473012007,0.38073723982828744,0.3470150503279648,0.4054159770653769,0.3146402444908092,0.3207763722263666,0.3907828543946758,0.18461792263920382,0.3993466683796142,0.2849723686085543,0.35226247176865766,0.05212534750558362,0.17351005242940584,0.4800142238339555,1.5339900340061625,0.5824686023909714,0.5065818985448289,0.26040118140398694,-0.14440058854570859,0.4106515833444274,0.582448658423434,0.41117166004613087,0.5472440403305219,0.4683825522248563,0.46516706154057197,-0.03082444035500198,0.20160041094443515,-0.19358740459911844,0.24298508854684467,0.5540092908904767,0.4195700478181388,0.5252793751817039,-0.03540582058150896,0.9634949306972578,0.010877742442624216,0.16799273821831265,0.011881298666591943,0.10476038711526374,0.31455189806299044,-0.116619021674146,-0.14730662159760316,-0.25827856989458425,0.05180577098286665,0.11605487108026208,-0.08218986372718821,0.1556480074270336,0.029090683214990025,-0.24032956947699644
0.19426363106938024,0.5967134761615315,0.7682337381548038,0.23159450434662474,0.09956472687432369,0.2973551060911031,0.28056271807726707,0.3894861927482323,0.39704666212797796,0.4294140509146507,0.32614554823138636,0.24691195845606478,0.28661200895124517,0.2554381101673163,0.31199065814829724,0.27904589145367215,0.42329542251014174,-0.07477318637081765,0.0935697634619403,0.6081457532184266,0.17460563961902556,0.2751446239323957,0.08449906212187418,0.30705629216766644,0.4173269738333875,0.5824686023909714,1.7765273003202642,0.46723963305312877,0.20383130800636315,0.15461516832493305,0.3615543812796537,0.2977549588025964,0.4987152815032396,0.3719726473651324,0.5629453410054651,0.5051737430614661,0.33366088015916784,0.2845067106408716,0.14197008734105773,0.30131075725363043,0.7083764521240508,0.4630701482343236,1.0620239167729557,0.01935145359566253,1.2395991108792457,-0.021272234489071427,0.14593892930446703,0.07655318514056737,0.0011757662924057727,-0.3571964687418959,-0.14683334364539857,-0.02648465700271366,0.28138821217870424,0.10219865703166506,0.07374930893630083,0.2110989298253433,0.05327250575652398,-0.05109336068450783,-0.25062787260571856
0.106598228293301,0.4558165900284691,0.5068849046412776,0.18097001449183756,0.10953095689042118,0.3051827344644277,0.2233309873560196,0.29212552034678,0.34516306112177564,0.30548165229365215,0.31863518663468804,0.18551767346008946,0.31627058247503353,0.3273177677348687,0.5073185140290878,0.3296520178638815,0.7482634744513236,0.281614841878231,0.26730061578084197,0.5487584742706039,0.41389550248901014,0.31415207889977054,0.1845449353340304,0.29474250759680265,0.4528213059336316,0.5065818985448289,0.46723963305312877,1.5601386794851102,0.3491873997644559,0.415539281125098,0.37771387265932166,0.3226719273039582,0.8101456496600641,0.5108035409604995,0.972650402433028,0.17552337682760202,0.7465703518796766,0.26862159502411287,0.20334368056229846,0.34273830685759904,0.6611813564006028,0.5553713264259631,0.7144232999103998,0.044969101972337444,1.0905611397943207,0.10122952218855975,0.460918137486927,0.09317576045053982,0.3238523371280713,0.8751429712467235,-0.18498433242716927,0.5118845344103468,-0.8442953681627834,-0.10149415328097988,0.17745254470234084,0.02761917641490122,0.02397773695896678,-0.21338700847709682,-0.01210399077355148
0.3476247936991379,0.7033931979123638,0.9020762661863039,0.3104756510789475,0.1563042181135493,0.5682978791877973,0.3733091156849477,0.40809330765239976,0.3203346853216484,0.3963834853012363,0.46888354436130575,0.429265226917053,0.4518288302620799,0.35303209550129216,0.4381931216466029,0.4156895264338876,0.5528783185617785,0.5875072808997811,0.23075670264460307,0.4592367734823265,0.48934301561913884,0.38169548804868086,0.5905124625124377,0.39592690194840996,1.0280991087030074,0.26040118140398694,0.20383130800636315,0.3491873997644559,2.644002915685119,0.025097685795183358,0.3518064146802274,0.4238830112917085,0.027151697867417283,1.1254605799306758,0.7315247777284766,0.6419999186438519,-0.09161452905555409,0.13994131084226266,0.6469120630085058,0.3207633046479887,0.928712372123108,0.30339759756517864,0.8834696675845279,0.004457774902351594,1.0303452950364222,0.4663275414531446,0.460568661948816,-0.021658934368393893,0.19889420676164932,0.4293093067383827,-0.21678385644980508,0.004399523763943352,-0.2177655267712134,-0.004449176119299536,0.13760709870963592,0.005089137760191247,-0.09987530727752027,-0.08074576141459684,-0.0351576358760254
-0.10928210106956887,-0.1691630451042359,-0.5786011886779542,0.07873076800948875,0.24866622696047808,-0.10578087618444117,-0.0009486775857538813,0.004462531495590779,-0.031056312528402023,0.06373001203275087,-0.010930187126809439,-0.06743244347630077,0.046937827490802525,0.19090446486759893,0.1328557042398902,0.2645463912138016,0.280446887854382,-0.21125613662013257,0.08982772461655662,0.5133888548810841,-0.01588106300945401,0.16042167375513255,-0.022582034409308196,0.15216454837228796,0.09658928007387127,-0.14440058854570859,0.15461516832493305,0.415539281125098,0.025097685795183358,3.723695873102208,0.13087026218014733,0.15886140495518392,0.42606558025473923,-0.3691448443626623,0.5785778203706422,0.5124152761738597,0.5686782432093205,0.32579257916739846,0.6254368750185493,0.1283520679066437,0.8150864592539818,0.3242561577347429,0.4178702647556927,0.07242804228705212,-0.05391987008643216,-0.0182763148608421,1.5287269493993567,0.11100755299184137,0.9234148839632588,-0.24797707075019307,0.035426406153131196,-0.5304026126266748,0.41338789654858715,0.049961182353191635,0.23125569866228207,-0.08726972768463809,0.11904604784353547,0.04615115691200383,-0.23214839018916758
0.18841217172362207,0.4299569231183964,0.5799932094540694,0.23488286440624317,0.19007669827873153,0.2861048936705746,0.2588496799506748,0.270781226603034,0.3146980538889442,0.302202008679252,0.3117430369129736,0.2856983685545502,0.2754452534344928,0.23940662359090847,0.35609286522432204,0.2812391188640174,0.42252629132775116,0.32691354118904076,0.21393868260898255,0.44903163037794513,0.2695876113085811,0.2498868983126753,-0.05422679128533685,0.3637698784600265,0.5970183297502771,0.4106515833444274,0.3615543812796537,0.37771387265932166,0.3518064146802274,0.13087026218014733,1.0358211981799508,0.3250905325010793,0.20223704011494656,0.3730128046363229,0.40812694027793256,0.814196955128388,0.14749867434193686,0.27270664173487663,0.3263850239486527,0.23685579428321601,0.6624724004404098,0.3527363271040035,0.4048757857366163,0.10071390370441294,0.922159033481653,0.07010130067941016,0.29204677663881673,0.011643705471426468,-0.3176251556284313,0.021227858114528413,0.06143401997005099,0.02418327232129551,-0.06495357106139112,-0.05076263848059425,0.16380233077669726,0.13333411037380302,0.09836432731728377,-0.278563421170246,-0.14428621851043452
0.3160997328376223,0.3364545059008786,0.5426879534725788,0.3013643602227285,0.251378150014698,0.3787069132378109,0.4046285360795333,0.2936440380751213,0.4108570452619094,0.24940479017888736,0.34499782248878613,0.40858838964512817,0.3963798589028407,0.3308012467478216,0.3312626469499679,0.3858156610345982,0.3309303301662878,0.26751526130431136,0.231057072693075,0.2952108416365,0.378639674079535,0.43394200484270534,0.08433172859043085,0.1514390399947548,0.3984112513843217,0.582448658423434,0.2977549588025964,0.3226719273039582,0.4238830112917085,0.15886140495518392,0.3250905325010793,1.064092983901453,0.29659892178635083,0.38413904390042586,0.318212334101558,0.41481344072960874,-0.04225784246347246,0.2038122040418052,0.201529353274423,0.2084377819032911,0.385347594915533,0.3202247463485631,0.18634403946300032,0.02334606248698302,0.6525596086784191,0.1632877321713256,0.3024641695743557,-0.0036381967477959816,0.5820658902656501,0.07643449392025074,-0.03080981382713904,0.023317504324181018,-0.08063443515209641,-0.010027017452681712,0.16408801616105415,-0.39311789989330953,1.0478603728200764,-0.50877533061028,-0.3202083861261535
0.0665173300429848,0.29896164647136003,0.21972305553767138,0.18615310552617748,0.23439156170244627,0.07721792928967834,0.18214105745037076,0.15541686006688776,0.33130667527195634,0.1892485720179492,0.18370904925654055,0.13963178162437948,0.21107567080408923,0.1998579413733341,0.2819482140260999,0.19186300771684275,0.42203274042319616,0.14535436274663696,0.15680340091585188,0.4610250979930446,0.23708906013630404,0.31561276079138556,0.2821694509376673,0.2587120608621773,0.20486119552831827,0.41117166004613087,0.4987152815032396,0.8101456496600641,0.027151697867417283,0.42606558025473923,0.20223704011494656,0.29659892178635083,1.8385455096715488,-0.053156212091275794,-0.09748213542116545,0.0751331626184453,0.7614544786215983,0.24999984262254848,-0.06276758383559924,0.2217191067579993,0.02041712145841616,0.4682341932384581,0.47823918559084794,0.0776829804359436,0.6264530256056062,-0.06724346614490136,0.41346943869255715,0.11724487483867135,0.2968744995520641,0.26427286835099406,-0.16809020223312077,0.04458764555947858,-0.013922435432726105,-0.1404883556066095,0.2252230121553814,-0.07595512219049677,0.06396348215920179,-0.14670857238384458,0.015719893819487397
0.29601784200708037,0.6888218365578124,1.0920794775710494,0.21224160467005965,-0.09195104610665801,0.4705823829767251,0.3461317663288807,0.4690351147974601,0.6324270461348667,0.4564063522495221,0.4277643277930059,0.3906118969520259,0.46130183352285764,0.271725729905676,0.36757346336169294,0.31752310989183524,0.5348057336630762,0.6154776230732127,0.18380448380599482,0.45266325339135866,0.5269123486308187,0.5078355477449699,0.5925941544631851,0.3310646441612198,1.0566773305311628,0.5472440403305219,0.3719726473651324,0.5108035409604995,1.1254605799306758,-0.3691448443626623,0.3730128046363229,0.38413904390042586,-0.053156212091275794,4.141783325225947,1.3667519529091956,0.28763308793350195,0.40137463460962763,0.12966898389953121,0.48873466393236437,0.07786380566273382,0.827834224307049,0.5197879035127047,1.4434520904858987,0.1421649732804113,1.4196840889918856,0.4349435457755433,0.2992286442480351,0.06090010232798488,0.8978545776696598,-0.417789803239221,0.1431051796539586,0.39295393960276487,0.2061044686772453,-0.41361702903840064,-0.028334889527415356,0.19611927236028118,-0.2831262912277883,-0.0077106724329652305,0.01218358284895665
