0.9158174932294951,0.25166696956623597,0.24952962256248906,0.03190397192619023,0.16664363636611176,0.07373152919336243,0.1614549207680108,0.1400282970000865,0.08743038550583859,0.13496693658045325,0.07216451454870186,0.1103314667921292,0.0341879753539406,0.11682115225496685,0.08608344228874847,0.08991218163965045,0.09056909111148323,0.06603722176908357,0.05916677273042585,0.02442250620919114,0.07942698471191662,0.09536803287505632,0.047665334650961316,0.03692162160517611,0.0964959002205686,0.08298681910446207,0.04884741104992972,0.02115106050190555,0.08648052238250072,-0.05741806928345667,0.08486897785875011,0.06496198384640976,0.026538415496606366,0.07158685284733944,0.05820770794408109,0.09483983875809579,0.05900047155900965,0.10590856919133108,0.05568446072059399,0.00988804049982227,0.10928039215820763,0.08158032593883947,0.08786393283150631,0.12113978940287949,0.1115275301596574,0.01185259419821271,0.06574850210774519,0.003750877471657556,-0.005670151217298783,-0.05819171589138639,-0.018989727559073282,-0.00500486434060962,0.050120565625657004,0.021212238846202897,0.07470739183903947,0.08662557376175396,0.003236115312438744,-0.02034812459464902,-0.1914480969506892
0.25166696956623597,2.789816644737707,0.20843712407401996,-0.14953047396092076,-0.03543130341156568,0.1723974172242546,0.17729888638560767,0.004038396274131982,0.12643937249013074,0.22616197541831376,0.1097239141914321,0.08411272925231417,0.03236684018102781,0.09029564788633371,0.3176512634871851,0.0018187828248198198,0.1348339883051773,-0.05047073922210431,-0.03308149638776602,0.18871381446612526,0.030890431040096516,0.02167225001948723,-0.33118620866798937,-0.07050457024788002,0.043420754861995196,0.2287129570052731,0.07903436296682867,0.0972511976223116,0.2458901996848577,-0.1059605822280221,0.052972388579887,0.026476878249505224,-0.05991091243619531,0.019226319390411757,0.15841342592005822,-0.004843090412284173,0.225620747947586,0.10226718631076168,-0.08595593627891682,0.07075781217257193,0.13993502587724943,0.06476332597664608,0.08267351903522946,-0.024903629206132993,0.1803846045919235,0.06529780825543884,-0.1228829940110463,0.02365564623713462,0.23853201425624698,-0.00488859865316135,0.11746430464373422,0.057662480256225335,-0.1496915345518144,0.024068804818388613,-0.36686377726817015,0.1300719668259326,0.02894703504186425,0.15280620544949586,0.14352550780300435
0.24952962256248906,0.20843712407401996,2.0755279492990764,0.2005505502422766,0.05417443819375241,0.21075570555196688,0.049668910923600526,0.4210764083224967,0.1506187753560498,0.41058244329961513,0.2048074404168593,0.24621594941477795,0.11159082072243136,0.18630718451506822,0.2277087553008265,0.18807336609138317,0.23683995715548933,0.31514160595120055,0.17846638996241876,0.09738694473988126,0.21563726679513973,0.22496665076946276,0.13454824592209225,0.1149485682273962,0.25786416914961924,0.1367182797128732,0.07778855499954539,0.15279457971541596,0.37145029312357825,-0.49461894199491035,0.21263216653946432,0.16796689993823108,0.07082103460721154,0.34337790784334044,0.24122387094787365,0.23859275907934643,0.16427975078188192,0.2819514048513016,0.15924789779174187,-0.3531346791093023,0.3169848476706833,0.21256892994223658,0.23343766979113828,0.27370212779397013,0.328633171379892,0.4259391206642609,0.23581004854050133,-0.09986809345925503,-0.7564378432646909,0.08393467528616318,-0.0213446320767336,0.1669427754711457,0.0014579774371279756,-0.08281019302972105,-0.06755876329850792,-0.07073898301732039,-0.23069824126988475,0.1481702929547877,-0.14957304480703798
0.03190397192619023,-0.14953047396092076,0.2005505502422766,1.0337256807671589,0.4608994312064326,0.27178458229568464,0.23663223468450814,0.31625648042252585,0.12824124248066063,0.2247670453795579,0.18256276182932638,0.24376054924967244,0.108211103430838,0.2746663443832753,0.19365163580174122,0.27379075694534577,0.22865940581391617,0.2781699285384759,0.17036953285655784,0.08093477163678232,0.2184512747265108,0.2145956132589511,0.2280586290266304,0.17514442180188997,0.25747607920325716,0.1778727002862674,0.09375871722338967,0.07525489296432529,0.19765435805306691,0.08848403179651548,0.2073134788903954,0.12339737565285594,0.17512366822979492,0.2156734007113104,-0.010892095486947029,0.2353945435087595,0.08141076934818901,0.22875608396481154,0.22344612887151089,0.09618142277023745,0.267264964814319,0.17926903946134476,0.24832482563095207,0.39116154290324384,0.24123151681433583,0.007578345555564925,0.375101279678832,0.004886342089887287,-0.38297190432410255,-0.02475417042198168,-0.02208727170045764,-0.10949858616492057,0.013679683142372901,-0.021438821798194556,-0.06557443059821488,-0.07354361405927974,-0.5110985408109909,0.25866957924466755,0.27919645718759833
0.16664363636611176,-0.03543130341156568,0.05417443819375241,0.4608994312064326,1.0954730218000501,0.1029082109662688,0.2628166735745776,0.24319776656911904,0.04182920155645683,0.2360490103120019,0.12693357779688916,0.24598081094626661,0.0898393399826275,0.1897983172118117,0.18059804332029902,0.2588152374644793,0.16785066487567782,0.21801949230168777,0.27627094351256215,0.02969546527445209,0.16851036690782087,0.17439333818199088,0.21046418164379996,0.15706616767240145,0.20437062315077953,0.1549995483699679,0.11708429931386727,0.06433246536188642,0.07700893510027797,0.10794328965385945,0.2087237212431711,0.13189817889403097,0.20452710731347842,0.08360171700554508,-0.05391238615139774,0.2190277769197148,0.19932514716662283,0.2916045823780126,0.14034250341625273,0.0790111825457449,0.16278274928350736,0.1702425068181384,0.17210211908692125,0.3292378991762072,0.08248219569984776,-0.059987312146578334,0.10533887736075566,0.12850712375484966,0.07117911823786,-0.017750215251230394,-0.09825198424784663,-0.06180977683991319,0.03589107651678233,-0.0025682529948655407,-0.07778994714416627,0.009737581266719952,-0.21250914982575725,0.15538116139478617,0.07399299176158101
0.07373152919336243,0.1723974172242546,0.21075570555196688,0.27178458229568464,0.1029082109662688,0.8229977814226737,0.07548051116019133,0.37051863290325887,0.22418829089805062,0.13140101382573421,0.21175429256338854,0.15574752736415173,0.08021461022053078,0.2487500315660512,0.19305241857223834,0.1676295799502649,0.24540643464602316,0.0635923037096014,0.22583352914257618,0.1859596288729764,0.14693445885395112,0.17514340614282914,-0.007787549422493194,0.09290726730967827,0.21939749630882677,0.18616669549664133,0.15565682298358183,0.09442467679374555,0.21540630960363022,0.06938840342493324,0.1545616133293737,0.11430893010279222,0.04807824452005808,0.22893650674422608,0.20395526130327596,0.07094381996107785,0.19195714382895276,0.23114449403898032,0.23561680602678217,0.1074457943600177,0.18082217035578177,0.15290707148397767,0.30282428342537365,0.20209287476378937,0.27287318187191173,0.08962670654804386,0.9840645447578608,-0.04172294946272976,-0.27582600473351354,-0.04745429855936731,-0.14309359820508202,-0.18891403751308372,0.07962548333882502,0.04561760522701562,-0.09884060937030012,0.06525263656806969,-0.11449220676452349,0.36075314699517963,-0.22384070781621151
0.1614549207680108,0.17729888638560767,0.049668910923600526,0.23663223468450814,0.2628166735745776,0.07548051116019133,0.5754687604608955,0.07501229371806988,0.19374538819878476,0.1991077107567232,0.1329418524003683,0.21230745216821043,0.08758038865513659,0.14808636250584956,0.09495555854347425,0.18081219488321745,0.19187579473812788,0.1836736764764374,0.07865701028679949,0.00400530602048909,0.14368629256537854,0.19727900365104795,0.19495711038300537,0.103900507776107,0.15264689830280645,0.18336971827053297,0.10359898500880343,0.060321359808516245,0.13931989393742367,0.05208308299182626,0.13193552258085248,0.11894682455201766,0.06390024727052397,0.14432333804480169,0.04984606453602481,0.19186762817982267,0.009832027702698035,0.1354856615414528,0.11089898087936215,0.10540952587614773,0.11026723011655451,0.12526698088169344,0.15721770026757287,0.256504088237217,0.13148174122528497,-0.04037973269522759,-0.30473298027208845,0.05807891162209211,0.2755246472465921,-0.11529414586514351,-0.01472943103486609,-0.11487267378829225,-0.027322873951383993,0.010511179910256652,-0.004338202380681802,0.07758443552180332,-0.12563151298475111,0.05691509662664181,-0.057790609013134035
0.1400282970000865,0.004038396274131982,0.4210764083224967,0.31625648042252585,0.24319776656911904,0.37051863290325887,0.07501229371806988,1.134894539753721,0.04537650397682639,0.19740823649327216,0.2485883543955347,0.18710761224070185,0.07812352190280383,0.3146732139358452,0.17334727909852354,0.21508956951982836,0.21452373540827618,0.207618129108282,0.22933987295815322,0.2556009722556899,0.19604797716139863,0.13085951941020663,0.11908712530614039,0.14262715093127745,0.3278331961559914,0.16409990756207665,0.1212137530357065,0.21987012839755382,0.23742240735101064,-0.028768774342096213,0.22546415655374025,0.12733026533201272,0.154299523237107,0.25424893435676926,0.2988622757128161,0.11911577421372584,0.2377207549947098,0.20485195097240544,0.40515413878422446,0.12211069814324921,0.3819436984859024,0.18118950186011737,0.2827695865569608,0.21318047926589018,0.35116702992035287,0.07297586986929679,0.8470189086777679,0.04807380133494844,-0.1567011403797212,0.1279889236952714,-0.042309689005546595,0.04589017374104393,-0.01147213681495789,-0.07305502660504992,-0.14374772607143627,-0.07141849102959527,-0.09698033588541222,0.3723238407832662,-0.07845240770856858
0.08743038550583859,0.12643937249013074,0.1506187753560498,0.12824124248066063,0.04182920155645683,0.22418829089805062,0.19374538819878476,0.04537650397682639,0.5326264423859045,0.0534289255355128,0.09640700615709391,0.0827158426272065,0.07204463418248173,0.14532995622836758,0.05875938137878291,0.07937731585139436,0.1400675239748108,0.035778216647580234,0.009034721424058277,0.07229251857358662,0.11326120902912917,0.272812832552003,0.10273560308908061,0.10946143179220867,0.08104774825046608,0.21334790869847828,0.10354502506671086,0.0126728905676243,0.0706194392674539,0.07823749590653735,0.09277508028752211,0.11750816945705851,0.07145310300950236,0.1675330083372582,0.04269015786302487,0.10804654535076419,0.02270906564581592,0.11495935487484839,0.10995844420153046,0.0693166408020903,0.12934864460294393,0.1015340033042403,0.10343756562642482,0.16479216159681548,0.19665142373653957,0.1623648944047563,0.2658845296943516,-0.11489707307193205,-0.13365061587271604,-0.07092173641140291,0.05074869925910251,-0.18639649064477118,0.11494411893689498,-0.011945090284219582,-0.024633839589701802,0.08239514602230491,-0.10803373399950009,0.08134497174151555,-0.14732625857124126
0.13496693658045325,0.22616197541831376,0.41058244329961513,0.2247670453795579,0.2360490103120019,0.13140101382573421,0.1991077107567232,0.19740823649327216,0.0534289255355128,0.8056485677740765,0.10991101245596427,0.18247522626195922,0.0842281057369048,0.14830397788946226,0.21360543583321742,0.21269223545708324,0.18758136444392282,0.28863932652848223,0.10891944617649722,-0.04647480941711141,0.18737583562759252,0.19489684519151876,0.3043601233838955,0.1360995384457537,0.2016760252113823,0.11936233518474978,0.12300422465308697,0.13847033931696734,0.2569731681604873,0.0954819565301708,0.1780295392382037,0.09531924139597178,0.11656351785220052,0.25712921888778884,0.18827316522610096,0.24118375681410406,0.13236690410467955,0.14961073600480557,0.18074585929327347,0.030872201242876905,0.2705217638285969,0.1817917329737066,0.14305124137609299,0.3407592985718736,0.16217732236922666,0.09283408248934295,0.1645702109622881,0.04136552392573622,-0.049648146174565706,-0.07566456157225043,0.023823962628932122,-0.16495582173051226,0.019054720634938637,0.020038960942132953,0.0003116814284358818,0.06666652474375331,-0.26039076197049893,-0.19566396397388194,0.3214068513735482
0.07216451454870186,0.1097239141914321,0.2048074404168593,0.18256276182932638,0.12693357779688916,0.21175429256338854,0.1329418524003683,0.2485883543955347,0.09640700615709391,0.10991101245596427,0.38038901853554674,0.18641243761427714,0.14519653300514443,0.15913421873365105,0.19819217904069908,0.16661041299184728,0.20569695109598005,0.1845691372594419,0.08631128121651072,0.17321706415814736,0.1533371544526562,0.1461281652283684,0.10688108112114397,0.11614925742133951,0.18564546233636145,0.15776329829469887,0.18189488750680802,0.11774204533559776,0.22546204122403551,0.024827679996164895,0.16067513560137417,0.12759396526430453,0.09330955678569428,0.17125313284448937,0.17193474364054193,0.12079035566284838,0.07611969784111547,0.12563373926453583,0.20471278184888647,0.11266046578068432,0.2529059006489742,0.1394490395127399,0.18123488234348062,0.12176104433634041,0.25785725945602206,0.10507095504602655,0.30626248123745337,0.008160170233234057,-0.04673872771403418,-0.02827797795973518,0.0050157237592245605,-0.06476384533971004,0.05357488695681609,0.021387935144836875,-0.10512185055012645,-0.002426813716160849,-0.12117151216829057,0.23412546620273747,-0.10774317521299627
0.1103314667921292,0.08411272925231417,0.24621594941477795,0.24376054924967244,0.24598081094626661,0.15574752736415173,0.21230745216821043,0.18710761224070185,0.0827158426272065,0.18247522626195922,0.18641243761427714,0.5254091950482165,0.09563259654691075,0.19326161497763486,0.18361035457204616,0.2163147984098692,0.20087663052073976,0.23134672055449199,0.13178037213908395,0.07447418272092036,0.137276972374182,0.16154593312999985,0.10240950484890343,0.09063965416589864,0.23463769332235593,0.1779318331838141,0.16332604112134835,0.09334688680263974,0.13559381125970885,-0.025151138560153507,0.19408843349374855,0.1722724028559204,0.05314969033060998,0.163303053603309,0.1053981056167841,0.21328461304769633,-0.07385567420240989,0.147274955999619,0.15749166138029475,0.08153223605043353,0.2125233259705052,0.11728678403550424,0.13715350929616496,0.18629927192386625,0.24553486649109751,0.05005496989042661,0.06513961953149439,0.052175780787128034,0.1525683071163777,-0.12770826591942305,0.031839911289074055,0.011788381828036994,-0.03626067360694065,0.023159094627936652,-0.1565204648046015,0.07863322602768319,-0.12273180106431975,0.18868395236415827,-0.2392362392605784
0.0341879753539406,0.03236684018102781,0.11159082072243136,0.108211103430838,0.0898393399826275,0.08021461022053078,0.08758038865513659,0.07812352190280383,0.07204463418248173,0.0842281057369048,0.14519653300514443,0.09563259654691075,0.2900140809467671,0.06505363429613951,0.02637199038399891,0.10265367995439496,0.10125501866792748,0.13321863893157304,0.06005139458070946,0.1348470437683881,0.1259864129729848,0.10568155284218339,0.164591101377173,0.14837299296929468,0.10523224754314134,0.0626235541858882,0.10303690417913801,0.11467525575440538,0.1975863774936459,0.07814125397789032,0.10143256484336095,0.1237691080358683,0.12026850585895364,0.15354598781169984,0.10848347450056929,0.08616049231767439,0.08288678055968944,0.08512508672588234,0.16811447401842053,0.061889462901690416,0.1340403940926048,0.10140335266317642,0.15377720890442867,0.12281758895852646,0.10910766702696682,0.07407355772214069,0.07019462348592367,0.06055438145535243,0.14481639442304456,0.07985486432280556,-0.013086010301127108,0.006095066954858587,-0.011392400810396207,-0.0465854602142453,-0.03532539962124595,-0.031191643072858488,-0.05737396760428246,0.11406786405520795,-0.03900225561665675
0.11682115225496685,0.09029564788633371,0.18630718451506822,0.2746663443832753,0.1897983172118117,0.2487500315660512,0.14808636250584956,0.3146732139358452,0.14532995622836758,0.14830397788946226,0.15913421873365105,0.19326161497763486,0.06505363429613951,0.516527206540918,0.2525605355294015,0.23276478848053864,0.20826663480002996,0.16302476561900056,0.11095880538278075,0.1851583556633382,0.14464848943243735,0.18539643091180633,0.08628936846213842,0.13589633972145804,0.2282644740432717,0.23501552251229121,0.06039103017055677,0.12035658003146618,0.16946760378000483,0.03819301503855435,0.16031883944174208,0.11955448050247194,0.11002583563442575,0.1338003467307085,0.13054272191621377,0.13662602462872686,0.13327654876283934,0.17842143378661904,0.1354946916508019,0.13846883734760654,0.27944124338085224,0.14055482587040588,0.2224962780874761,0.2045981177118578,0.2708365968333921,0.020438557530688854,0.43293168069743887,0.00656258718882312,-0.04307423926446627,-0.04577939947488241,-0.009893568002355366,-0.06263645376205772,-0.005107265025226452,0.06320355205109571,-0.13561228453646695,0.048869551096159154,-0.25066541823737354,0.2739713402859827,0.04811600008750272
0.08608344228874847,0.3176512634871851,0.2277087553008265,0.19365163580174122,0.18059804332029902,0.19305241857223834,0.09495555854347425,0.17334727909852354,0.05875938137878291,0.21360543583321742,0.19819217904069908,0.18361035457204616,0.02637199038399891,0.2525605355294015,0.7269471248030286,0.19831309792464785,0.272850519559672,0.269998834790579,0.12160138874077064,0.15274424660824115,0.18759748888055183,0.12730294581589763,0.09078111201588114,0.10832651531386357,0.2709602477167451,0.17820862217993064,0.17184962571331353,0.20493601901347436,0.248480479641499,0.02522345600131076,0.19746315743543202,0.06965950109160854,0.174216336754971,0.1494626663222935,0.16349517900640553,0.1596057321732763,0.27353559840703323,0.12823429383544244,0.14627157143848607,0.07927947664165459,0.2848329905918006,0.19082713330154125,0.23107423484804912,0.09224604232522932,0.22198202287637372,0.06422759932124807,0.3470530336077905,0.05613701873263565,0.03319075662978938,0.15269836092766956,-0.05364951951499512,0.05838916603468134,-0.12148886164232812,-0.04225907750044772,-0.10882826608908987,0.08760883615579075,-0.28930981361253544,0.21909050639982883,0.14706158700263725
0.08991218163965045,0.0018187828248198198,0.18807336609138317,0.27379075694534577,0.2588152374644793,0.1676295799502649,0.18081219488321745,0.21508956951982836,0.07937731585139436,0.21269223545708324,0.16661041299184728,0.2163147984098692,0.10265367995439496,0.23276478848053864,0.19831309792464785,0.6403258944412318,0.21226658624669806,0.2328704089352727,0.13326796082609166,0.08570445282431895,0.16714402586863641,0.3466997070325587,0.11081336560853351,0.14665105684949556,0.2721473121839933,0.11025112673750732,0.1838338310003203,0.17328383845975137,0.28163487935154613,0.06224331125760504,0.18669939321153256,0.1597573854176383,0.07932227427167592,0.21146461445006196,0.26423957335101117,0.15104204668418425,0.06754020197719324,0.1361555020596845,0.22741715359906012,0.1494619044465209,0.3110736073380382,0.15299442255107573,0.2368113143157087,0.21982229552684499,0.24754430140300326,0.07643172610123905,0.2147393202476263,-0.09764241368325391,0.12116008039137843,-0.0449173772823983,0.01719445826591234,-0.06198620806438333,-0.01941688647304728,0.022044917516458422,-0.06587759690171538,0.045412155465333,-0.2713453678788089,0.14132524554218706,0.08338518849460964
0.09056909111148323,0.1348339883051773,0.23683995715548933,0.22865940581391617,0.16785066487567782,0.24540643464602316,0.19187579473812788,0.21452373540827618,0.1400675239748108,0.18758136444392282,0.20569695109598005,0.20087663052073976,0.10125501866792748,0.20826663480002996,0.272850519559672,0.21226658624669806,0.4515761468420212,0.3332733113643323,0.11777229900400504,0.055246534703300244,0.17779600054569986,0.233297107398729,0.1715674065975865,0.11182433220964444,0.23248412712807268,0.1855484123183976,0.18906615969002147,0.13290539558190648,0.23215639154095202,-0.009837040878398302,0.18686740233441598,0.12271670631765345,0.12305361255030291,0.18957253155945705,0.1488308458230589,0.16318114980552442,0.12469697577592434,0.16547156680359634,0.18462491948760937,0.09986306144929762,0.2576868629723494,0.15845879636076055,0.2374369766510871,0.2120862276172633,0.22567281034737946,0.07922894770297156,0.3277985865249698,-0.035840240775624976,-0.09072406491840448,-0.0203494354823772,-0.018122016056040906,-0.10284590369342948,-0.0015340873897542538,-0.0026801017002790095,-0.05936472562905982,0.0153956716572902,-0.21982908158054412,0.15791250136484303,0.0849217033966831
0.06603722176908357,-0.05047073922210431,0.31514160595120055,0.2781699285384759,0.21801949230168777,0.0635923037096014,0.1836736764764374,0.207618129108282,0.035778216647580234,0.28863932652848223,0.1845691372594419,0.23134672055449199,0.13321863893157304,0.16302476561900056,0.269998834790579,0.2328704089352727,0.3332733113643323,1.2038156372263475,0.11096616838017584,-0.1512207245110465,0.2885631021113841,0.18414538736396746,0.6622906843015244,0.21962945643761875,0.34755195138763384,0.2527342084187988,0.23948870066033778,0.2718027960905321,0.3546212513241623,0.04945673742255697,0.3036491745970292,0.18538641087925825,0.3297936349954289,0.3230800540148933,0.10004460874081422,0.4804837637944758,0.04547488931187992,0.07891267725960194,0.20883563990519444,0.064251290945668,0.30146655767367675,0.21056089992431884,0.356858337656402,0.27356371657977113,0.3482005811784606,0.05666470450204139,0.10073728047788615,0.08670863959461708,-0.3108838240785841,-0.0025417667359590597,0.14929533287707097,-0.020685953700379147,-0.17498276045812763,-0.08585321385543561,-0.12592453328499464,-0.12087795925711049,-0.2704016796106228,0.16651817676244843,0.21095580286954557
0.05916677273042585,-0.03308149638776602,0.17846638996241876,0.17036953285655784,0.27627094351256215,0.22583352914257618,0.07865701028679949,0.22933987295815322,0.009034721424058277,0.10891944617649722,0.08631128121651072,0.13178037213908395,0.06005139458070946,0.11095880538278075,0.12160138874077064,0.13326796082609166,0.11777229900400504,0.11096616838017584,0.5856892190626743,0.04021876522789469,0.1448985375278779,0.08540281012532766,-0.011307896321939919,0.09758815063872148,0.13897111096083606,0.01315560254611149,0.11822864481545849,0.1663089664278173,0.09864392258055737,0.005962414986359318,0.16399174116002715,0.09468906567881571,0.14386540065963374,0.07353370170355078,0.08585053728028899,0.1669007083788853,0.19743651583401112,0.22090563380197284,0.15663195349262393,0.025554712607709976,0.10232543191073777,0.1419464616484722,0.19768753588044444,0.18167991225479482,0.13773818599488363,-0.03753149880212049,0.11456791331789902,0.15578395176610194,0.08712678937430637,0.10587086066768751,-0.030103923380688617,0.13414746160865254,-0.13784921594026361,-0.04784530593047473,-0.059977201643733935,-0.004320352501246545,-0.05274375591045501,0.17445851937760862,-0.07226618180146675
0.02442250620919114,0.18871381446612526,0.09738694473988126,0.08093477163678232,0.02969546527445209,0.1859596288729764,0.00400530602048909,0.2556009722556899,0.07229251857358662,-0.04647480941711141,0.17321706415814736,0.07447418272092036,0.1348470437683881,0.1851583556633382,0.15274424660824115,0.08570445282431895,0.055246534703300244,-0.1512207245110465,0.04021876522789469,1.420142853777462,0.10990632493481756,-0.030726514474965303,-0.275090494671003,0.1858150387079907,0.07458186039085953,0.11150586690793471,0.1424888500613049,0.2543969551377157,0.2638084493435219,0.23218782443956762,0.19931239614235122,0.10915472163773095,0.23101365405159602,0.17939901163922875,0.28446167629524377,-0.13814886185260333,0.6943581329222382,0.3639319574594414,0.3001164442749456,0.35189958725850934,0.17483968796889313,0.12622569156422347,0.5026847110176393,-0.2922714388924454,0.5548659702647608,0.3557214183049832,0.17607407439909498,0.37429508973851955,0.961569079183404,0.20482023121403234,-0.09768552349479427,0.16351920492489555,0.02225456178458348,-0.08712459093895261,-0.08417837272231272,-0.030173009489653936,-0.04125418597046035,0.3490114676517437,-0.14723004940811887
0.07942698471191662,0.030890431040096516,0.21563726679513973,0.2184512747265108,0.16851036690782087,0.14693445885395112,0.14368629256537854,0.19604797716139863,0.11326120902912917,0.18737583562759252,0.1533371544526562,0.137276972374182,0.1259864129729848,0.14464848943243735,0.18759748888055183,0.16714402586863641,0.17779600054569986,0.2885631021113841,0.1448985375278779,0.10990632493481756,0.6088358607295434,0.15076087984344483,0.38432489796731245,0.2452025029119186,0.2465191763399399,0.06588222915810182,0.21329730145359224,0.31317657763535317,0.29132672651207536,0.12466089989572873,0.3357552541927443,0.1822325752655721,0.34617073316040936,0.22320201496734457,0.21860159130063456,0.5844340149674448,0.2306277091336355,0.268534907893817,0.3182213993799613,0.2923723079543769,0.4425566430669216,0.5051630033544794,0.369655709235065,0.3676590713684847,0.5770981056156755,-0.08263278665499475,0.428681858652044,0.22144572917362662,-0.3134319672480754,0.07295390901600192,0.051723183388257876,-0.09322787792357529,-0.06818096996896016,-0.03787339339522063,0.0017954815215768917,0.011195928311177168,-0.267475758519813,0.06879247035564531,0.2015807784891302
0.09536803287505632,0.02167225001948723,0.22496665076946276,0.2145956132589511,0.17439333818199088,0.17514340614282914,0.19727900365104795,0.13085951941020663,0.272812832552003,0.19489684519151876,0.1461281652283684,0.16154593312999985,0.10568155284218339,0.18539643091180633,0.12730294581589763,0.3466997070325587,0.233297107398729,0.18414538736396746,0.08540281012532766,-0.030726514474965303,0.15076087984344483,0.6684730633548854,0.1517038596919779,0.14273290096661764,0.18971970452112383,0.15796686194680423,0.21477300658777232,0.07069783456215188,0.17150951910823217,0.06897574537653278,0.15765700318027706,0.20211348571287024,0.10566319022108694,0.17848592580077752,0.10124706658887232,0.12062420842126548,-0.004406916462805274,0.1928122743498227,0.17983274486937312,0.09569112980649917,0.2898328571554227,0.13726362619978202,0.11629035521013961,0.3282023373541556,0.13195953374120803,0.21762919457143937,0.2622064191942643,-0.32568179884703985,0.05917488196785842,-0.06879690901425846,0.0397349548364121,-0.20537735768060322,0.07423402219777876,0.03211223194054722,-0.03946955835068358,0.0636071480779231,-0.19114025339232907,0.06040596454321342,-0.008830806578955436
0.047665334650961316,-0.33118620866798937,0.13454824592209225,0.2280586290266304,0.21046418164379996,-0.007787549422493194,0.19495711038300537,0.11908712530614039,0.10273560308908061,0.3043601233838955,0.10688108112114397,0.10240950484890343,0.164591101377173,0.08628936846213842,0.09078111201588114,0.11081336560853351,0.1715674065975865,0.6622906843015244,-0.011307896321939919,-0.275090494671003,0.38432489796731245,0.1517038596919779,2.2206668803281335,0.7022007581893992,0.4894522770931006,-0.06876266857268977,0.08822059310115832,0.35019809488527925,0.3349253402633926,0.3914629430416867,0.1438053504009784,0.23384050933206277,0.6991143539721327,0.5333361278153739,-0.005006562298912844,0.3655178836539371,0.26990094424559335,-0.12890601827057135,0.5109966798473109,0.11030835230489669,0.09001508322039878,0.3125179230893702,0.15489546323484527,0.4478989904672066,-0.01432094669968611,0.08898602910788672,0.41230863915373794,0.37872052415813956,0.1830843533975548,0.20547900539605615,0.04774865857979862,-0.1990055266900409,-0.02956339864590867,-0.15109527809473608,0.06895689550557763,-0.04965892426995351,-0.12827285445102113,-0.0878004700877827,0.2805628900613997
0.03692162160517611,-0.07050457024788002,0.1149485682273962,0.17514442180188997,0.15706616767240145,0.09290726730967827,0.103900507776107,0.14262715093127745,0.10946143179220867,0.1360995384457537,0.11614925742133951,0.09063965416589864,0.14837299296929468,0.13589633972145804,0.10832651531386357,0.14665105684949556,0.11182433220964444,0.21962945643761875,0.09758815063872148,0.1858150387079907,0.2452025029119186,0.14273290096661764,0.7022007581893992,1.0294679544256307,0.23964419683226812,0.00017428810679702796,0.07523529968598719,0.3706026764266908,0.11232765679867171,0.6202277892113639,0.21001394673591317,0.37708356484377786,0.6723281985861062,0.31145584505471646,0.02014287275273318,0.21202762455817484,0.3327227175958346,0.16068825064151607,0.3138458496839619,0.06958512481195361,0.17262943515364804,0.2115572786821542,0.20979034374126498,0.26628507850472366,0.21848315757590603,0.14198946681783667,0.6431883668210688,0.2334167461974297,0.18440356978894262,0.1971914528882656,-0.005829803995365946,-0.010603649605720957,-0.03722548564682351,-0.11492523865341665,-0.08816022982018193,-0.08286300851046108,0.057485806993145636,0.22280826037418755,-0.18149737591030618
0.0964959002205686,0.043420754861995196,0.25786416914961924,0.25747607920325716,0.20437062315077953,0.21939749630882677,0.15264689830280645,0.3278331961559914,0.08104774825046608,0.2016760252113823,0.18564546233636145,0.23463769332235593,0.10523224754314134,0.2282644740432717,0.2709602477167451,0.2721473121839933,0.23248412712807268,0.34755195138763384,0.13897111096083606,0.07458186039085953,0.2465191763399399,0.18971970452112383,0.4894522770931006,0.23964419683226812,0.7698890498401301,0.12895418725369073,0.22908216763069186,0.1794237102494248,0.35643643130285196,0.0506762220495841,0.27791328080998473,0.18948369638045362,0.20444101772444617,0.3254242892774452,0.18083846842820578,0.30691464036613425,0.07370813556360516,0.14500904148448446,0.27573941322649553,0.11482106162510236,0.2684815531468449,0.21157423712695145,0.2703304565024613,0.24969297485440392,0.2730939149451498,0.04530716734529667,0.3363111301529716,0.05102867733599972,-0.12669027784656262,-0.10383183687410477,-0.03934732273470561,0.08998332083093352,0.03376021687044128,-0.00947065476537814,-0.10003560333742431,-0.005042657893668369,-0.1931052615946338,0.19324872284253825,0.04434652106466246
0.08298681910446207,0.2287129570052731,0.1367182797128732,0.1778727002862674,0.1549995483699679,0.18616669549664133,0.18336971827053297,0.16409990756207665,0.21334790869847828,0.11936233518474978,0.15776329829469887,0.1779318331838141,0.0626235541858882,0.23501552251229121,0.17820862217993064,0.11025112673750732,0.1855484123183976,0.2527342084187988,0.01315560254611149,0.11150586690793471,0.06588222915810182,0.15796686194680423,-0.06876266857268977,0.00017428810679702796,0.12895418725369073,1.3487979520778781,0.07993628640071124,-0.041367961201650844,0.012139359531330794,-0.05729327483612749,0.06118922700709159,0.26905019076415043,-0.028493438413138526,0.10229607508904115,-0.05898704200983123,0.19448041009903264,-0.3484467968602278,0.125868954093896,-0.431132386587567,0.13105871906500968,0.16998793102023654,0.05285931748326789,0.2945201265947775,0.009007331807326113,0.38952852327358084,0.05699942803773698,-0.34393357705569183,-0.04006174750825199,-0.030513708022513582,-0.1725879722992916,0.01436035675941847,-0.05384113209388166,-0.019021202499970045,0.08222782262262147,-0.15689304557675565,0.054163909422161885,-0.09179216963274042,0.287442684690814,-0.242643934490514
0.04884741104992972,0.07903436296682867,0.07778855499954539,0.09375871722338967,0.11708429931386727,0.15565682298358183,0.10359898500880343,0.1212137530357065,0.10354502506671086,0.12300422465308697,0.18189488750680802,0.16332604112134835,0.10303690417913801,0.06039103017055677,0.17184962571331353,0.1838338310003203,0.18906615969002147,0.23948870066033778,0.11822864481545849,0.1424888500613049,0.21329730145359224,0.21477300658777232,0.08822059310115832,0.07523529968598719,0.22908216763069186,0.07993628640071124,2.1593574204083223,0.3602091067992357,0.1838711020947341,0.10908619783763977,0.4109121778296427,0.10875502839822274,0.2834022647581337,0.07452279634101037,0.386862102375718,0.0761017732672403,0.10019451168340757,0.17811221407993333,0.15275947018309458,0.42310441821154765,0.597332315702698,0.23709464020405743,0.13354270735327217,-0.46651674264835385,0.27133940037464366,0.9495912957660797,0.11027966789731024,0.12947203005024696,0.9902678018166753,-0.01425058468770406,-0.03188089823579513,0.1313540147836133,-0.007393438430413051,0.029845145081472426,-0.08090585497194795,-0.0008495588386714857,-0.13005166836034301,0.1184096589440719,-0.04738806525961227
0.02115106050190555,0.0972511976223116,0.15279457971541596,0.07525489296432529,0.06433246536188642,0.09442467679374555,0.060321359808516245,0.21987012839755382,0.0126728905676243,0.13847033931696734,0.11774204533559776,0.09334688680263974,0.11467525575440538,0.12035658003146618,0.20493601901347436,0.17328383845975137,0.13290539558190648,0.2718027960905321,0.1663089664278173,0.2543969551377157,0.31317657763535317,0.07069783456215188,0.35019809488527925,0.3706026764266908,0.1794237102494248,-0.041367961201650844,0.3602091067992357,1.2669732486947014,0.1975642262868453,0.3295411957724655,0.29205376702563357,0.1486209962283974,0.7380244850263188,0.1665303017203184,0.8798322874411039,0.07967135996439789,0.6888881234443651,0.14652820982384415,0.3304768835886898,0.25951127195118573,0.4896806721371236,0.3729233640362411,0.3469379069774058,0.12332427681139915,0.5045771606581425,0.17788910403532612,0.47803549440649834,0.3749795964513649,0.49634703297952965,0.3718673692757822,-0.05729121431865384,0.4433011008657725,-0.6026894864787219,-0.09133074327484912,-0.03935233561165194,-0.012652990725408281,-0.020729936868923042,0.1331280934475833,0.02396666523200332
0.08648052238250072,0.2458901996848577,0.37145029312357825,0.19765435805306691,0.07700893510027797,0.21540630960363022,0.13931989393742367,0.23742240735101064,0.0706194392674539,0.2569731681604873,0.22546204122403551,0.13559381125970885,0.1975863774936459,0.16946760378000483,0.248480479641499,0.28163487935154613,0.23215639154095202,0.3546212513241623,0.09864392258055737,0.2638084493435219,0.29132672651207536,0.17150951910823217,0.3349253402633926,0.11232765679867171,0.35643643130285196,0.012139359531330794,0.1838711020947341,0.1975642262868453,2.1242774550385377,-0.18520101692055269,0.1200367146731118,0.05393132634905009,-0.03878856917975806,0.6089606049433745,0.44677953334986525,0.24749922456311912,-0.07459296081547785,-0.28138826952742346,0.41388525418061756,0.04958201241598552,0.5457417611382319,0.2108222896804009,0.4223705375563187,-0.14160281505460776,0.3322904455939988,0.05108570936772367,-0.4514447503436664,-0.07429740185079042,0.6086938842896321,0.043807929872662604,-0.1266444780070584,-0.036105136989281576,-0.05811369031174058,0.039888465506308035,-0.12733298185044714,-0.06678568422042078,-0.42600517507680624,0.16390241974402067,0.4252556154048344
-0.05741806928345667,-0.1059605822280221,-0.49461894199491035,0.08848403179651548,0.10794328965385945,0.06938840342493324,0.05208308299182626,-0.028768774342096213,0.07823749590653735,0.0954819565301708,0.024827679996164895,-0.025151138560153507,0.07814125397789032,0.03819301503855435,0.02522345600131076,0.06224331125760504,-0.009837040878398302,0.04945673742255697,0.005962414986359318,0.23218782443956762,0.12466089989572873,0.06897574537653278,0.3914629430416867,0.6202277892113639,0.0506762220495841,-0.05729327483612749,0.10908619783763977,0.3295411957724655,-0.18520101692055269,3.2874140838059245,0.26419770346569665,0.07382938142751216,0.6725705960184153,0.18515130322026896,0.27655420505113415,0.43573675790058003,0.4559442222322875,0.2728867456795994,0.6433548335600394,0.14166423770435663,0.2997805079299592,0.09221679662366669,0.8613585846553011,0.6051430316188504,0.728567429058088,0.5541507732046841,1.504850081907195,0.3287604311651296,0.2689490306684992,-0.17722866249599306,0.11433967187541086,-0.7814083083869591,0.2806280808674562,-0.0429536635636317,-0.07985554565320312,-0.008897260637044834,-0.027856915665959832,0.429845841756133,-0.4123565623223452
0.08486897785875011,0.052972388579887,0.21263216653946432,0.2073134788903954,0.2087237212431711,0.1545616133293737,0.13193552258085248,0.22546415655374025,0.09277508028752211,0.1780295392382037,0.16067513560137417,0.19408843349374855,0.10143256484336095,0.16031883944174208,0.19746315743543202,0.18669939321153256,0.18686740233441598,0.3036491745970292,0.16399174116002715,0.19931239614235122,0.3357552541927443,0.15765700318027706,0.1438053504009784,0.21001394673591317,0.27791328080998473,0.06118922700709159,0.4109121778296427,0.29205376702563357,0.1200367146731118,0.26419770346569665,0.7542933269601573,0.19333323900759034,0.28524542931887487,0.22338738816725018,0.23477702683205237,0.8686258517952237,0.16949469469891618,0.44478158522280664,0.3305514045624089,0.27195363491326363,0.6751275741457038,0.3351567179819836,0.32935797098946207,0.5219926732027952,0.47498363477109673,-0.05103848853410993,0.4876852139356494,0.2606204935583359,-0.3468083655656147,0.0034436013564450997,0.08242392554894103,-0.04740906283549099,-0.04138435205222954,-0.018674262187285837,-0.10754174530717454,-0.002717968467138765,-0.08557042213891972,0.11256972673259195,-0.014438025427740512
0.06496198384640976,0.026476878249505224,0.16796689993823108,0.12339737565285594,0.13189817889403097,0.11430893010279222,0.11894682455201766,0.12733026533201272,0.11750816945705851,0.09531924139597178,0.12759396526430453,0.1722724028559204,0.1237691080358683,0.11955448050247194,0.06965950109160854,0.1597573854176383,0.12271670631765345,0.18538641087925825,0.09468906567881571,0.10915472163773095,0.1822325752655721,0.20211348571287024,0.23384050933206277,0.37708356484377786,0.18948369638045362,0.26905019076415043,0.10875502839822274,0.1486209962283974,0.05393132634905009,0.07382938142751216,0.19333323900759034,0.8780804306774288,0.24277342347535794,0.29974480233066686,-0.06461373188321275,0.30954632991443726,-0.09980892735171074,0.3474903228382204,0.05435257294731804,0.09850621088009398,0.12242110100328299,0.13896797092047836,0.2226779276336847,0.28373047993263356,0.22559683729987587,-0.05462991444363318,0.12771524106202312,0.08554027078980123,-0.021249603116984338,0.051614100978773496,0.018605467341214658,0.20468091509909467,-0.11207679145982738,0.015591146774032614,-0.11483999087799847,-0.04915783864301639,0.3602578941415814,0.18672632278067067,-0.5083972681399874
0.026538415496606366,-0.05991091243619531,0.07082103460721154,0.17512366822979492,0.20452710731347842,0.04807824452005808,0.06390024727052397,0.154299523237107,0.07145310300950236,0.11656351785220052,0.09330955678569428,0.05314969033060998,0.12026850585895364,0.11002583563442575,0.174216336754971,0.07932227427167592,0.12305361255030291,0.3297936349954289,0.14386540065963374,0.23101365405159602,0.34617073316040936,0.10566319022108694,0.6991143539721327,0.6723281985861062,0.20444101772444617,-0.028493438413138526,0.2834022647581337,0.7380244850263188,-0.03878856917975806,0.6725705960184153,0.28524542931887487,0.24277342347535794,1.6553478023803612,-0.01813011233176283,-0.2395891498692945,0.11123362014124599,0.9683539953628384,0.22449153276105402,0.283139881863105,0.0704783590069367,0.0026444701842481917,0.31414915860804116,0.18322679076176684,0.0904053895241753,0.35070557721036244,0.26225408135050426,1.3083577120031242,0.33169451786642573,-0.1781429616631004,0.48514891598921733,-0.10383361267299558,0.07136248188383117,-0.0900608713685363,-0.26893643146118806,-0.011848456008044314,-0.09264189567287884,-0.016718340340346957,0.1560969121048863,0.012073552223458201
0.07158685284733944,0.019226319390411757,0.34337790784334044,0.2156734007113104,0.08360171700554508,0.22893650674422608,0.14432333804480169,0.25424893435676926,0.1675330083372582,0.25712921888778884,0.17125313284448937,0.163303053603309,0.15354598781169984,0.1338003467307085,0.1494626663222935,0.21146461445006196,0.18957253155945705,0.3230800540148933,0.07353370170355078,0.17939901163922875,0.22320201496734457,0.17848592580077752,0.5333361278153739,0.31145584505471646,0.3254242892774452,0.10229607508904115,0.07452279634101037,0.1665303017203184,0.6089606049433745,0.18515130322026896,0.22338738816725018,0.29974480233066686,-0.01813011233176283,1.3895306063125976,0.4512897099881309,0.3914815521035555,0.09711976519783604,-0.09664441629501387,0.49329209731519974,-0.12890339248024,0.23352477750522518,0.20013023789572518,0.4926241946170637,0.2731632560212347,0.2765801686709383,-0.08929626627143837,0.09163088774489905,0.09220941321174167,0.1999393367638183,-0.10840000615190351,-0.023527816507902023,-0.22667393213503675,0.13396394817423604,-0.01694908543828397,-0.13603557954930917,-0.01588526650934447,-0.16687569237159744,0.1431436773046,0.003199522487850318
