1.0397466943657458,0.30358570492391396,0.48210752186331823,0.019713715189324722,0.23171897136348435,0.15753822580480945,0.20134738347525208,0.19263595819648094,0.12511160449555425,0.22193742466144012,0.12963138596566182,0.17102192042577952,0.10439828085179127,0.1980080548504389,0.17758407962477185,0.13862128577337157,0.07544911891198668,0.23382750686849693,0.09250995662569157,0.10833687944644493,0.12472866686533554,0.18420504292002018,0.18441961319341296,0.06457464944650422,0.2074817075414869,0.1239377487989083,0.11316079121476473,0.09425037585493862,0.16356028611818632,0.2382341507775909,0.12994664584476817,0.0020986520111512617,0.13228774347217734,-0.018448139741239867,0.1480302327799841,0.059471237816534836,0.15671329969611256,0.14749044724736426,0.17793400789827776,0.05242670830673389,0.11513717900387323,0.0968409471103074,0.16707189497685068,0.16400398842191585,0.058386476765082414,0.1326086102202691,0.21656946866968568,0.007204103147402809,0.20610272521162265,-0.04387736961726506,-8.590993242952627e-5,0.03843229479416641,0.012777281761484334,0.01040919570572394,0.10744961959245318,-0.026168764288170956,0.011401507307421068,0.13073480341679614,-0.2313631258311391
0.30358570492391396,3.4444052775088045,1.8951796649118542,0.281445358421924,0.13866180237843054,0.322583879153517,0.21386272919374502,0.33163283387974307,0.16312294826086812,0.36499339840655715,0.23469727655016656,0.30168725807671587,0.16460878192346026,0.22232795655245813,0.2616295563151821,0.19895644869948406,0.3134896404900155,0.4142239570505957,0.12867457314430047,0.4605822236531871,0.26260603078440553,0.23916090987266184,0.20381162838536598,0.209044484629536,0.3196267731498526,0.28684288954390086,0.2591211591155467,0.2791274355002829,0.8533069434186692,0.4660213771940768,-0.018161447972108474,-0.055526702115040384,0.3297085995168588,0.3349850338571913,0.3202561368232194,0.22858277061692153,0.6437457214855251,0.05568738803047341,0.2319729949449782,0.10537106355412945,0.3002467297311062,0.23510377642135658,0.3345361842725876,0.1254223847143437,0.1539635771863407,0.07687644472503118,0.32941864793898873,0.00821925809844563,0.08394037465236467,-0.10732550115775885,0.09549107001463271,-0.017014876218270452,-0.04471110295771825,-0.037506100248212215,-1.0428625238667788,-0.21046937768902638,-0.8479253356744715,0.8811072042242439,0.7279491205501316
0.48210752186331823,1.8951796649118542,4.280975206001464,0.14911701444414752,-0.10621799476409888,0.4251481231211372,0.21298198972395294,0.3508320004780461,0.374527323583538,0.3993984674288119,0.23796739836793052,0.33624676195975894,0.14469060866594566,0.25385999488072947,0.37411669227975036,0.18348578918017117,0.3266161655790824,0.42260078472943524,0.16764629587750618,0.39421974289642786,0.3269440140435925,0.3547677678111244,0.28162215786830347,0.3527994533916253,0.39302359455303315,0.2500774816185669,0.2673631850750399,0.38461075014524204,0.8506164660113067,0.4690006328701126,0.21137582184432094,0.18476245134357627,0.2787714047533721,0.3041385773967971,0.608591899569507,0.3833907917820276,0.3695669749364481,-0.09891842930220757,0.37451314733033575,0.3234075365963476,0.34813546975135284,0.3241193883225277,0.241081192371146,-0.12282398908016501,0.39073776406128113,0.37971897202067517,0.4571488900648362,-0.05197272542394797,0.3687363919416967,-0.09961507519694199,0.016677649155415405,0.2135212060661533,-0.05312875069080377,-0.02439795786895511,0.16027744690998103,0.012182558911048578,0.10799409549692332,-0.13384732410443806,-0.1774178051778897
0.019713715189324722,0.281445358421924,0.14911701444414752,2.481672845902,0.21412029120819148,0.48121707740873726,0.3500034482751603,0.42410556408320194,0.2881033831867597,0.3617474689865245,0.4399057964925485,0.5780370681009563,0.3131415985716438,0.4931759329589028,0.34093267672207855,0.48670542754343654,0.3220462319495728,0.22580368485903396,0.34995948482057043,0.2910361644986473,0.28247850150722376,0.40940936866801186,0.30516715215582485,0.3728857135874247,0.32011537543104845,0.2972403597202482,0.3307142018497468,0.04518942343355925,0.21717595219955216,0.30998236815089697,0.2413418599903392,0.28811625790776474,0.3740307076173523,0.31641197069858107,-0.48744825470502623,0.030933262364088648,0.2230169909339687,0.45098725395376754,0.4862065751765959,-0.343792700096621,0.18000349484177036,0.2767750731847918,0.5219018839578515,0.8455852181935886,0.05401852777838059,0.145832447023293,0.3785284139639696,0.05158286200831359,0.25761162624835565,0.07750039753350828,-0.0020636324550215605,-0.07679514583239531,-0.14453422850331293,-0.2231599016905415,-0.0956404760679641,-0.008508521302566975,-0.18310981563589251,0.5432943069809041,-0.5426297518697123
0.23171897136348435,0.13866180237843054,-0.10621799476409888,0.21412029120819148,1.005659646348683,0.3429381644518611,0.24772014718919927,0.3141583269613778,0.17041270757907695,0.24859594470110497,0.27644178203926084,0.35171150989880395,0.23209886094757876,0.2534207350176333,0.2711776932553483,0.2843885482788085,0.1786854891748533,0.20138940899698812,0.1877322494275447,0.1924707021940089,0.21251179858042987,0.23022886346199925,0.1897245692374005,0.24188550656677787,0.20316272558604478,0.2831037759482439,0.21933818700857635,0.054403116517358935,0.17448703226988665,0.106972065412134,0.14034292739536955,0.3111876911808169,0.16335171741506424,0.2959164821681289,-0.016443840152055408,0.09019930586433807,0.06713198547185946,0.2110489187045203,0.2207331869619022,-0.04981552895328424,0.13477411643999918,0.22286768087318884,0.16843816048293914,0.2717740507135046,-0.10724977737308519,0.1147523164211205,0.2163912180288724,0.00926628562341762,0.3073249995354715,-0.09210420542337458,0.05710495861407422,-0.004315994258563102,0.023702003442020267,0.07521143655310826,0.009234756125791317,-0.055231355784990395,-0.082644225837549,0.10937789956956018,-0.06372516743496782
0.15753822580480945,0.322583879153517,0.4251481231211372,0.48121707740873726,0.3429381644518611,0.8467390219483525,0.20618811937559264,0.393040983698898,0.26418642513883595,0.18369135320163865,0.3355406583036867,0.3957419968191353,0.23099847946923896,0.257231202985733,0.32410127793341237,0.2682647674533926,0.24077391514578814,0.22881977850862484,0.24629293414995873,0.332154515385258,0.2650157099616416,0.30392537219167903,0.21210296069750148,0.3088795834371506,0.30369448601430166,0.3222171155710205,0.28529546960789265,0.20720047971723854,0.4330034929639431,0.22035510646509227,0.18726072435014576,0.36771744321301597,0.1785957799724582,0.3537862849064537,0.14036826152564583,0.09427223484304655,0.203678498871354,0.2647891863750336,0.3292124910175103,0.03358654821444329,0.12856972025020116,0.25127045929131303,0.3398992291506739,0.3393058906322256,0.10888831693089854,0.19979290275956704,0.3372960078664237,0.005424961822557022,0.2901566147877148,0.12412386152676218,-0.16656354804489568,0.13400106227179534,-0.2407382216597975,-0.021411405767361356,0.0544405040054629,-0.05052942500006989,-0.03541266168575035,0.23572503564008435,-0.22748328028186396
0.20134738347525208,0.21386272919374502,0.21298198972395294,0.3500034482751603,0.24772014718919927,0.20618811937559264,0.6723618647651245,0.16290634617335023,0.31192748899215206,0.12191730317824677,0.24345126299208839,0.3644887190361372,0.22680387526068568,0.1713002945295625,0.25174086115354893,0.22969383604590993,0.20022507571838025,0.17659096596409857,0.1776515452624019,0.17481504659982283,0.2334969898743498,0.2945730138733446,0.1596071251899964,0.2585116968285685,0.22337674157537013,0.22315905387083923,0.21239781903971253,0.13318937952420085,0.2477363632740732,0.26014385378967225,0.1925692704917762,0.2198795521694079,0.20899862840385575,0.30852026912193203,0.07936919778013052,0.11315804725668818,0.17100173276730343,0.18031454619820927,0.29499278126416506,-0.05757502319791194,0.17423667177331587,0.22015277663458555,0.2800227836763349,0.3198318912011934,-0.05595532826304886,0.20819883012862386,0.21295773626685338,0.010950962385303449,0.33919851638232695,0.1298796512630751,-0.05261507354001744,-0.06821608545860486,-0.04634532227059606,-0.11159237616934421,0.06631905843021302,0.0001085854744398728,-0.1019847473805638,0.13746008211592275,-0.16647321008199317
0.19263595819648094,0.33163283387974307,0.3508320004780461,0.42410556408320194,0.3141583269613778,0.393040983698898,0.16290634617335023,0.7596371700818754,0.14448583018763142,0.36121603862088625,0.3241603826354444,0.15115503728778046,0.23554460078839679,0.29491745243075035,0.2530004795384722,0.24128544346478223,0.25135908921718914,0.26497037134327833,0.25949710616627175,0.2807682771162161,0.24309877236982536,0.24343651095586255,0.18371421187557532,0.24508201690165987,0.2745083719646686,0.2512110437747891,0.23141333684838106,0.20931021775023992,0.3064695416089586,0.3488736397154989,0.2519417552368697,0.1769066850492874,0.20486385067782117,0.3130466406460495,0.2274107338862948,0.1379703954979109,0.31492215386237604,0.2543763336319043,0.3972137039241921,0.10420018034255835,0.22990037233359467,0.22739507057874572,0.3456034701681143,0.26219025620702413,0.17611140453650112,0.22461724040510064,0.40410646493536695,0.022800044666485542,0.27526675607492596,0.09948170794747944,-0.03485706068075854,0.0663510032803947,-0.08938016473362982,-0.09540913186646933,0.0848190059312608,-0.12067338842836066,0.036812726440872814,0.205586409900509,-0.15824148161773172
0.12511160449555425,0.16312294826086812,0.374527323583538,0.2881033831867597,0.17041270757907695,0.26418642513883595,0.31192748899215206,0.14448583018763142,0.760065906796377,0.10302715434008472,0.2156576439028748,0.2748116202426332,0.1608034391842762,0.1967502140764028,0.2905741713203025,0.20294089835465906,0.22938625906545307,0.118677881467902,0.17216197365781247,0.22463473036731427,0.23783969183367082,0.3519692280924109,0.13450859552666747,0.2717974931153427,0.19563807439524863,0.2913844471420796,0.23509403949230004,0.15058213233104634,0.15694435347138652,0.2896240766588015,0.24387926207386112,0.2465656585832848,0.21960404703373593,0.22455755519207324,0.12278581641207215,0.12477444097529217,0.1883160794286355,0.24761969830337435,0.2966894721823718,-0.024765362909212853,0.20242593450217017,0.2237699014753529,0.28644503874966426,0.23794598580005943,0.013425398097987934,0.195432461794046,0.24762633388917332,0.009429775449523201,0.45986427958700204,-0.11127164609931316,-0.02602359161531594,0.05158387753019436,0.0641774265441741,-0.09656686122894036,0.1731054149303401,0.08572502329393798,-0.0005206343606956469,0.023745391761594223,-0.33695616396365713
0.22193742466144012,0.36499339840655715,0.3993984674288119,0.3617474689865245,0.24859594470110497,0.18369135320163865,0.12191730317824677,0.36121603862088625,0.10302715434008472,1.3028882071838708,0.2769834935933697,0.3853026786537499,0.14261581625416453,0.3345372422268151,0.2284584805376159,0.26872591141370145,0.3107099372051774,0.4210541799995767,0.28347219480746955,0.07310743131772017,0.13679424136155915,0.23884427495548904,0.32577018140278724,0.2135633369447137,0.2795757059058046,0.19604193465737893,0.24198323142801856,0.15624947843865977,0.14615916407374804,0.24018367631746443,0.21712644986673166,0.150937990693801,0.12329061200482114,0.35910026708688175,0.3238503462543952,0.2242487766921209,0.29930348337074836,0.22691478679290172,0.3002210637264318,0.0014266481810381864,0.2534857830884038,0.12695492438313474,0.12835138107047894,0.29037799889121035,0.052042005822961535,0.17334578914161788,0.3865749941956527,-0.008690474794881784,0.14849506507245533,-0.2203836254424225,0.02113235407251339,-0.014071160927248597,0.10468408676774466,0.019677166089173997,-0.10833824286146844,0.07511116961798496,0.13340039617829064,-0.40702024172113754,0.09601080004495034
0.12963138596566182,0.23469727655016656,0.23796739836793052,0.4399057964925485,0.27644178203926084,0.3355406583036867,0.24345126299208839,0.3241603826354444,0.2156576439028748,0.2769834935933697,0.5446333563176011,0.33697807168265326,0.27465137760180003,0.27936665265815197,0.3325738097803944,0.2766935460015766,0.3160377643612531,0.17432047292298153,0.20474278492375297,0.3303461674255054,0.24040477631414764,0.24938342166106223,0.14594066943613854,0.2548806765072166,0.2520535858639814,0.26198690955644843,0.2754694305395484,0.1716239696386573,0.2774014629234333,0.21526440458810187,0.2032421609256574,0.27216991528566614,0.16517033587296556,0.32228271655340446,0.19005393639540327,0.15751847303799227,0.2373470540751634,0.23099984181753583,0.350271641005244,0.02436034371805333,0.20992640954925235,0.23697367313255638,0.2486012918323655,0.20994727776731748,0.11687788574344662,0.22033071634839133,0.28603693626077636,0.0064024102807469655,0.26133820227474014,0.018509911443060995,-0.034456038828075616,0.047173150999137596,-0.028930181320549465,-0.06340656872004935,0.039522125248319315,0.009336591733092266,-0.02749277492392046,0.02691707674607152,-0.18398851344067094
0.17102192042577952,0.30168725807671587,0.33624676195975894,0.5780370681009563,0.35171150989880395,0.3957419968191353,0.3644887190361372,0.15115503728778046,0.2748116202426332,0.3853026786537499,0.33697807168265326,0.8258280144216293,0.18168204183240316,0.25558901201550094,0.27014821059686195,0.2991372693092037,0.2658949919436571,0.2686471978219337,0.20990787923408397,0.20936615887961602,0.2193339762861102,0.2943289700274204,0.24671436141766215,0.266673937325593,0.31353166749167927,0.32731758396512495,0.31057673076320474,0.06761370455733215,0.2736871218839029,0.13715452777425732,0.10446012229938771,0.3296690944877862,0.11489478440115665,0.3691221536822847,0.17640781608971987,0.1385898872658279,0.0905517250262655,0.22094806188365135,0.3006862611263077,-0.06590096517782844,0.15892926631559182,0.20684209345674653,0.22982969590294125,0.33809375840151173,-0.01048138193158008,0.18041149732375455,0.248978534514085,-0.003646829289346744,0.30269037699475143,-0.1645555257189999,-0.04264759285977939,-0.018578011218128142,0.09333255867952783,-0.013992238100493999,-0.04278745130732205,0.0807375295071302,-0.09840835038809935,0.05103771858744321,-0.257506785001178
0.10439828085179127,0.16460878192346026,0.14469060866594566,0.3131415985716438,0.23209886094757876,0.23099847946923896,0.22680387526068568,0.23554460078839679,0.1608034391842762,0.14261581625416453,0.27465137760180003,0.18168204183240316,0.47199633429458576,0.2463878092978085,0.15340732952977348,0.2544464654523215,0.23996248303783743,0.11274891528054613,0.20300411793542014,0.2160754797658938,0.176158212627499,0.268815784171521,0.0952051960984552,0.20686515928144233,0.2013908866438307,0.1771839525832719,0.21163750654946129,0.16194177301829502,0.2470919500763578,0.21586898558056702,0.14911023282666777,0.17948217791765772,0.15389625608695678,0.24952696491505574,0.1580272668712527,0.12749143215335207,0.1996260140463245,0.16562315317723236,0.25950571605300665,0.044264612053936545,0.16850386093029243,0.17860849311090005,0.202832362024019,0.22069932278472093,0.013967453661970915,0.17875649009680145,0.21208279676481662,-0.001082417006790199,0.27813644623207345,0.06381764389411665,-0.01599206201642159,-0.07746826012385398,-0.02379764042357482,-0.04292722669307516,-0.032359766975423705,-0.021506217464095128,-0.0016547901630166923,0.048351958424298146,-0.04933596817429702
0.1980080548504389,0.22232795655245813,0.25385999488072947,0.4931759329589028,0.2534207350176333,0.257231202985733,0.1713002945295625,0.29491745243075035,0.1967502140764028,0.3345372422268151,0.27936665265815197,0.25558901201550094,0.2463878092978085,0.731163352194657,0.2918681766993636,0.3932666694961585,0.27162274442923734,0.17637120065792367,0.18903578194283518,0.28495909848027884,0.21276023827630544,0.2911043626739374,0.1816443287577522,0.24135222853865163,0.26066084803381145,0.27450429866730164,0.21848752912544547,0.2156825852472118,0.17787010418654006,0.2711817714023648,0.1902817834505074,0.18106900277819363,0.21048333426563692,0.20440171822572648,0.19935426256577382,0.1562692038257088,0.3091081059604773,0.2741128699284194,0.21369038610812421,0.0028416930453720587,0.22702736587090847,0.2117806206624007,0.3115841739536956,0.26449621773195425,0.09528328736057307,0.17661980982300127,0.298151854940449,0.008970270627912134,0.32926212254732673,-0.00992607252157143,0.006454017415879756,0.018192714593207787,-0.08449876676631356,-0.009604442927387422,0.002802570426127714,0.00875683925382108,-0.013588747224598111,0.19203307300577324,-0.2615250554936408
0.17758407962477185,0.2616295563151821,0.37411669227975036,0.34093267672207855,0.2711776932553483,0.32410127793341237,0.25174086115354893,0.2530004795384722,0.2905741713203025,0.2284584805376159,0.3325738097803944,0.27014821059686195,0.15340732952977348,0.2918681766993636,0.8295819323172203,0.25004561623051075,0.24833804280613142,0.10058445406194176,0.15539474531574154,0.35265719980146165,0.24922962132870186,0.1900409685803589,0.12903773910605326,0.27698131367065193,0.2641342931568418,0.24852415576259737,0.2712264882833771,0.20912316436764644,0.2514551405866026,0.2659089287466548,0.18669828216355447,0.2489412728670786,0.21863371488515623,0.24010986642908957,0.18081035837051396,0.1303058296885382,0.297876075373608,0.18338193853606932,0.2775387067225971,-0.008034081462748028,0.20399280205796955,0.24676439899093594,0.2417372593571388,0.1826545392784334,0.05968164351236294,0.1396980189243213,0.2489623494976064,0.017499957729449546,0.3093616513100318,0.07614195479429661,-0.19203664974542636,0.18995753412963118,-0.10406740625825692,0.00735234878459175,0.07619287732782593,0.053128475953080116,-0.04883891103714047,0.002519312698343525,-0.07867546424971081
0.13862128577337157,0.19895644869948406,0.18348578918017117,0.48670542754343654,0.2843885482788085,0.2682647674533926,0.22969383604590993,0.24128544346478223,0.20294089835465906,0.26872591141370145,0.2766935460015766,0.2991372693092037,0.2544464654523215,0.3932666694961585,0.25004561623051075,0.5897403850775267,0.3062763252540269,0.14092617068010377,0.25661636806576543,0.2543098950924309,0.22899317430991645,0.34938163918406817,0.16145519888419785,0.24632500921316228,0.2748866964344335,0.26405488959693585,0.27273301177813386,0.2114513222416796,0.19441663634311504,0.27294466535062906,0.16830775512727938,0.2131894620759547,0.17799722223733214,0.2620619688431424,0.2649082488948232,0.17733824034873177,0.2828831273580342,0.26062636723506766,0.24507526972986204,0.012548747783492183,0.2335347000026418,0.2400740514344515,0.3017562886327742,0.29852704546857317,0.0672343194836888,0.19180852232690915,0.2657528767932942,-0.0037874376925710477,0.2873449705840641,-0.07484048021099016,-0.03942263371460259,-0.04416395698557425,0.0034824408868729955,-0.012520890304850244,0.020358887250616714,0.011362364732968025,-0.0707168229581815,0.12827333322723244,-0.1722837443216965
0.07544911891198668,0.3134896404900155,0.3266161655790824,0.3220462319495728,0.1786854891748533,0.24077391514578814,0.20022507571838025,0.25135908921718914,0.22938625906545307,0.3107099372051774,0.3160377643612531,0.2658949919436571,0.23996248303783743,0.27162274442923734,0.24833804280613142,0.3062763252540269,0.8544378687926386,0.09217322140376052,0.26532309203736126,0.4260045281957835,0.2468431056864461,0.29542919697687836,0.12962248657194306,0.23206827006993336,0.29290615904667494,0.26557966895743135,0.3035251327191519,0.3285462659190906,0.2091101958484139,0.2743221785668086,0.18946904507134546,0.20747157545613965,0.21139968587544603,0.2858028413843985,0.3088922211918734,0.23292140750369955,0.4482329570639673,0.30355843808280714,0.31060776154180936,0.021701455635962933,0.2868606963766076,0.2784482531879028,0.2982403354707677,0.19181941360915172,0.2989768845810879,0.24168394282562874,0.3133285751686253,-0.003155425765659901,0.16062609701526895,0.043637820181063366,-0.0859873879013977,0.1343163715486944,-0.02058237146965965,-0.039751807698552376,-0.1970872914088417,0.06099972121669748,-0.12126946427735329,0.18050677046145888,-0.29944797529862804
0.23382750686849693,0.4142239570505957,0.42260078472943524,0.22580368485903396,0.20138940899698812,0.22881977850862484,0.17659096596409857,0.26497037134327833,0.118677881467902,0.4210541799995767,0.17432047292298153,0.2686471978219337,0.11274891528054613,0.17637120065792367,0.10058445406194176,0.14092617068010377,0.09217322140376052,1.1676444710558345,0.2581492702860562,-0.19852979075328117,0.256604300656133,0.23830813316326518,0.4061640527366534,0.1762058513430209,0.17244380205825266,0.2879912343371787,0.06001025255689216,0.20743706118611518,0.3280639936218373,0.16403730366706165,0.43057405127658105,0.06797420758892699,0.30258291250173874,0.26880676267258247,0.10547536659766069,0.18143110560683365,0.25394917610206214,0.24323732922329835,0.13125526417337038,0.12278128746849722,0.16775433836278064,0.16995670672930063,0.3845555706714728,0.07771009494234438,0.3601677289869307,0.3693732057695139,0.5841073697671196,-0.018547243269816823,-0.10156188704945858,0.0473882016686676,0.08891063326163964,0.1963411468824147,-0.1700029790637097,-0.12943356702823205,0.25955620150538444,-0.05711281175885636,0.17190699894111153,0.30544276312515806,-0.6910634140453632
0.09250995662569157,0.12867457314430047,0.16764629587750618,0.34995948482057043,0.1877322494275447,0.24629293414995873,0.1776515452624019,0.25949710616627175,0.17216197365781247,0.28347219480746955,0.20474278492375297,0.20990787923408397,0.20300411793542014,0.18903578194283518,0.15539474531574154,0.25661636806576543,0.26532309203736126,0.2581492702860562,1.0591429698428743,0.006384779777695327,0.25794878909270413,0.34202272793405114,-0.007453738373813893,0.22412255804131728,0.13055139542048427,0.1548782231381698,0.16466907151746224,0.1595059150880077,0.16776826758656213,0.29182490063083527,0.28478726490824086,0.2207887281088621,0.254182672567419,0.18346025079469475,0.07630743155657704,0.20593334707679936,0.3224115542488894,0.3607647527065743,0.24477042664340903,-0.039266738197081714,0.2488915491725469,0.22751005590448584,0.2996140321402163,0.19140311919389508,0.12644034088334985,0.2330469904892632,0.27956760662119656,-0.002748619109816796,0.12040499396837095,0.3762590505409525,-0.06735713948531202,-0.2546927641112785,-0.05503490137416014,-0.10095158254230302,-0.01636223352270047,0.008735434356082967,-0.0021883242874074717,0.23929115245735252,-0.2932123325592353
0.10833687944644493,0.4605822236531871,0.39421974289642786,0.2910361644986473,0.1924707021940089,0.332154515385258,0.17481504659982283,0.2807682771162161,0.22463473036731427,0.07310743131772017,0.3303461674255054,0.20936615887961602,0.2160754797658938,0.28495909848027884,0.35265719980146165,0.2543098950924309,0.4260045281957835,-0.19852979075328117,0.006384779777695327,1.1580698891435945,0.17437613756281867,0.2051968886300461,0.047281684437145304,0.2920103537872312,0.320618866593416,0.317938801630538,0.4024575409272961,0.3230028399563203,0.31970213273361325,0.4679194898737296,0.11169301612802716,0.22865329624349842,0.24283249696463072,0.19655848157409528,0.3208136038141007,0.15182022571819007,0.528315602197497,0.22929895783138537,0.2662058183942526,0.14925799257912137,0.3022008902757511,0.23414449247332542,0.40916164149759066,0.1973879956212008,0.3074285960377405,0.1904088774710706,0.19560976500519947,0.03989147840576731,0.4219161430902731,-0.07311493401816656,-0.09876608912488923,0.10376254242047886,-0.011537988530890017,-0.024076504084002893,-0.08405732252115926,-0.007500104456544351,-0.14239630573642426,0.23169079636872741,-0.07975525829340027
0.12472866686533554,0.26260603078440553,0.3269440140435925,0.28247850150722376,0.21251179858042987,0.2650157099616416,0.2334969898743498,0.24309877236982536,0.23783969183367082,0.13679424136155915,0.24040477631414764,0.2193339762861102,0.176158212627499,0.21276023827630544,0.24922962132870186,0.22899317430991645,0.2468431056864461,0.256604300656133,0.25794878909270413,0.17437613756281867,0.5313800653435139,0.26540210573746253,0.10344178447388401,0.2794381374290741,0.19655704093721368,0.3291276731263072,0.1933781460599139,0.2247807614956856,0.25299038707190813,0.31053235471708446,0.3691094706516369,0.2811227938510357,0.3180588367943875,0.2812034641734766,0.1705981916067937,0.23948022085539977,0.2847344862757725,0.3350539997693679,0.22903646467362038,0.016774599602310047,0.3307294121218495,0.4133378779091994,0.3421562264699425,0.13645254472709084,0.22135325409688333,0.28902391828694235,0.3734283549644708,0.009457319059159832,0.12613271402732457,0.12976835981134266,-0.07537089576379102,0.03669791734526368,-0.07210666466230105,-0.07862450300775237,0.22643580140824485,-0.03062468749786944,-0.03697390943239648,0.13423154673530574,-0.30676137853120944
0.18420504292002018,0.23916090987266184,0.3547677678111244,0.40940936866801186,0.23022886346199925,0.30392537219167903,0.2945730138733446,0.24343651095586255,0.3519692280924109,0.23884427495548904,0.24938342166106223,0.2943289700274204,0.268815784171521,0.2911043626739374,0.1900409685803589,0.34938163918406817,0.29542919697687836,0.23830813316326518,0.34202272793405114,0.2051968886300461,0.26540210573746253,0.8662654800337026,0.23146836919145553,0.300370738044851,0.29164139676502066,0.26924894384706793,0.2672001056762995,0.18638793817199442,0.2844773016086626,0.3813186478862849,0.24792352547473284,0.20778610769655295,0.31378320241369967,0.2705348253721401,0.15421732785907977,0.21181769712196558,0.2787644070395446,0.36166891833218684,0.30310202369532313,-0.0327152925422797,0.258184462343171,0.26496841132951365,0.39080751934711694,0.3404698593851359,-0.047332036408029375,0.2925532354832883,0.3500926567284595,-0.04727122477064977,0.705627113505871,-0.02205085446466485,-0.031584768247415615,-0.1978551587578772,0.04237146888497158,-0.08327638132783947,0.10279018277877869,0.007543565914926446,-0.014282216679197862,0.17930135218182208,-0.4005016764456235
0.18441961319341296,0.20381162838536598,0.28162215786830347,0.30516715215582485,0.1897245692374005,0.21210296069750148,0.1596071251899964,0.18371421187557532,0.13450859552666747,0.32577018140278724,0.14594066943613854,0.24671436141766215,0.0952051960984552,0.1816443287577522,0.12903773910605326,0.16145519888419785,0.12962248657194306,0.4061640527366534,-0.007453738373813893,0.047281684437145304,0.10344178447388401,0.23146836919145553,1.325212601298828,0.2932090028967857,0.42320383623101804,0.015188738025155128,0.07108401556020454,-0.0858218661154795,0.3164180190390529,0.27348698623179374,-0.07454343371390894,0.06359023829336102,0.17041952804138982,0.3027147425135473,-0.0019207284377479035,0.18175970146084613,0.15996556881693264,0.025635752914098874,0.357283471887964,-0.15521790860211512,0.1677379408156347,0.06654188627470028,0.19708568389940567,0.46220095150315393,-0.10655992042110217,0.13525728060978676,0.3411838433633266,-0.007041798640712832,0.0967143754659783,-0.16136368601032602,0.07255178107301108,-0.014254478649456238,0.028685023915497695,-0.06147942871443684,-0.1680693275533889,0.01951484019795843,-0.09400286927950602,0.060797483065054836,0.014719448636562
0.06457464944650422,0.209044484629536,0.3527994533916253,0.3728857135874247,0.24188550656677787,0.3088795834371506,0.2585116968285685,0.24508201690165987,0.2717974931153427,0.2135633369447137,0.2548806765072166,0.266673937325593,0.20686515928144233,0.24135222853865163,0.27698131367065193,0.24632500921316228,0.23206827006993336,0.1762058513430209,0.22412255804131728,0.2920103537872312,0.2794381374290741,0.300370738044851,0.2932090028967857,0.7929124969998769,0.30653472633548196,0.258759435917117,0.253874687051407,0.19020246215524658,0.32277454595675237,0.39638377108576983,0.17452491849870105,0.6235842809035288,0.4543183064828486,0.320587661932216,0.1136643538168386,0.21749063329110999,0.30800817421154103,0.32498084100806407,0.24416665040026134,-0.08295116791391641,0.2382751110710667,0.28136443347150225,0.3136871535682136,0.23447549934065118,0.0054835640585243735,0.23080142723185576,0.35413250896603177,0.0020327236091740595,0.3468463006027535,0.00505118834257096,-0.09676183831325634,0.012349096225042837,0.03504648204140137,-0.06211114654640539,0.04326803053472235,0.029279130287549086,0.03575050620673533,-0.07851091144557494,-0.05966322261828625
0.2074817075414869,0.3196267731498526,0.39302359455303315,0.32011537543104845,0.20316272558604478,0.30369448601430166,0.22337674157537013,0.2745083719646686,0.19563807439524863,0.2795757059058046,0.2520535858639814,0.31353166749167927,0.2013908866438307,0.26066084803381145,0.2641342931568418,0.2748866964344335,0.29290615904667494,0.17244380205825266,0.13055139542048427,0.320618866593416,0.19655704093721368,0.29164139676502066,0.42320383623101804,0.30653472633548196,1.058292945540067,0.13302962090419534,0.26852500471696367,0.1707675194900714,0.5739877870723886,0.49652703339248055,-0.1116819463037523,0.17188273735621049,0.18674540047507876,0.37087210191413106,0.320360657533194,0.2045576137616234,0.4383961916465532,0.22013874078242554,0.4265206473982539,0.01887209337586896,0.2432110289440824,0.1997656699402644,0.31510114773847764,0.3280930346895723,0.14589831205985024,0.2796053511690088,0.3835947035369387,-0.010486173928491537,0.2745419666160878,-0.2741895992028541,-0.08329611923093712,-0.0011143126146636669,0.1028285091376338,-0.03085423600465346,-0.010265781066672721,-0.005445268788580583,-0.01567905200763984,0.031090725824381157,-0.05336219619164371
0.1239377487989083,0.28684288954390086,0.2500774816185669,0.2972403597202482,0.2831037759482439,0.3222171155710205,0.22315905387083923,0.2512110437747891,0.2913844471420796,0.19604193465737893,0.26198690955644843,0.32731758396512495,0.1771839525832719,0.27450429866730164,0.24852415576259737,0.26405488959693585,0.26557966895743135,0.2879912343371787,0.1548782231381698,0.317938801630538,0.3291276731263072,0.26924894384706793,0.015188738025155128,0.258759435917117,0.13302962090419534,1.3890457660038813,0.28216414856312594,0.24989302417403506,-0.041140977033645505,-0.00662186910553243,0.25951601941577723,0.3898270405452722,0.24000361994624547,0.3083927856634024,0.2795725485786655,0.18394305385633714,0.08231550157953534,0.3993310781589122,-0.5562823840100969,-0.05944688087513409,0.23119518159256014,0.3368247837083998,0.3826900574410451,0.17343383224651246,-0.02239526552004829,0.2639033439193103,0.18297394727581545,-0.001331597127586997,0.01694366433438441,-0.02172891989620953,-0.12144220611496406,-0.08831650908758518,0.0772039318856787,0.0230964228917954,0.056570634772015974,-0.04228955693976639,-0.07169298409297431,0.3190727098991356,-0.3738935279963326
0.11316079121476473,0.2591211591155467,0.2673631850750399,0.3307142018497468,0.21933818700857635,0.28529546960789265,0.21239781903971253,0.23141333684838106,0.23509403949230004,0.24198323142801856,0.2754694305395484,0.31057673076320474,0.21163750654946129,0.21848752912544547,0.2712264882833771,0.27273301177813386,0.3035251327191519,0.06001025255689216,0.16466907151746224,0.4024575409272961,0.1933781460599139,0.2672001056762995,0.07108401556020454,0.253874687051407,0.26852500471696367,0.28216414856312594,0.8766614628707384,0.23790246229467546,0.1552775553794164,0.2754478612614589,0.13270721541061217,0.37010023970473,0.19403635959296237,0.27327671039031004,0.25780447496758957,0.2175203866775271,0.23103997212656166,0.24295973689169553,0.23279616864091174,-0.05293760414486414,0.2542801596716529,0.21945279725451744,0.36709305707537454,0.2602585760880727,0.0039029654435040386,0.1975975452487436,0.21452847568397493,0.0003091071096356872,0.3740347897442764,-0.047117711099396595,-0.06877807972723174,0.03440549740226997,0.018117986942352622,0.011165468874877975,0.18347849477707365,0.03745193214351795,-0.023636612486382498,-0.052322978122346604,-0.16498104809577474
0.09425037585493862,0.2791274355002829,0.38461075014524204,0.04518942343355925,0.054403116517358935,0.20720047971723854,0.13318937952420085,0.20931021775023992,0.15058213233104634,0.15624947843865977,0.1716239696386573,0.06761370455733215,0.16194177301829502,0.2156825852472118,0.20912316436764644,0.2114513222416796,0.3285462659190906,0.20743706118611518,0.1595059150880077,0.3230028399563203,0.2247807614956856,0.18638793817199442,-0.0858218661154795,0.19020246215524658,0.1707675194900714,0.24989302417403506,0.23790246229467546,1.355697481742087,0.12267541034303223,0.23833792847954346,0.35170647521581144,0.0034495337514646508,0.4849068518523845,0.1402001338569077,0.5765546871695888,0.2524020108429837,0.615086339191245,0.23422424008138046,0.041477847578192804,0.19959679319711324,0.28599355786213804,0.20435740604950764,0.3251895977003352,0.038146987694295205,0.2513378950302747,0.19274177178418941,0.22057214167493858,0.0017348825735132647,0.06414988898026136,0.15902158027220456,-0.0864452751775447,0.5742580237279135,-0.7578397664233771,0.018003244318951006,0.27650114556302186,-0.032196578649833135,0.1301946941738423,-0.16649225720836064,0.2478135308784957
0.16356028611818632,0.8533069434186692,0.8506164660113067,0.21717595219955216,0.17448703226988665,0.4330034929639431,0.2477363632740732,0.3064695416089586,0.15694435347138652,0.14615916407374804,0.2774014629234333,0.2736871218839029,0.2470919500763578,0.17787010418654006,0.2514551405866026,0.19441663634311504,0.2091101958484139,0.3280639936218373,0.16776826758656213,0.31970213273361325,0.25299038707190813,0.2844773016086626,0.3164180190390529,0.32277454595675237,0.5739877870723886,-0.041140977033645505,0.1552775553794164,0.12267541034303223,3.1972921649859067,0.5771224522668423,-0.13748686384855577,0.221814134999873,0.10717438801127739,0.5379361561292781,0.1938550356291976,0.2962241508125654,-0.07721417080144281,-0.4152738000535684,0.6179181995004461,0.3738973016602716,0.1285918602772025,0.16984802124551082,0.06794085981249101,-0.59512787029266,0.35363085602699335,0.4518241166102598,0.5172983814834186,-0.1092333672973377,0.7916887304585424,0.6829187882450239,-0.35179441991619914,0.08847037681266505,-0.49661501376763856,-0.1648720252975048,-0.21781415556347192,-0.16814319926968532,-0.28981621428630683,0.2368297013335827,0.17495198428818978
0.2382341507775909,0.4660213771940768,0.4690006328701126,0.30998236815089697,0.106972065412134,0.22035510646509227,0.26014385378967225,0.3488736397154989,0.2896240766588015,0.24018367631746443,0.21526440458810187,0.13715452777425732,0.21586898558056702,0.2711817714023648,0.2659089287466548,0.27294466535062906,0.2743221785668086,0.16403730366706165,0.29182490063083527,0.4679194898737296,0.31053235471708446,0.3813186478862849,0.27348698623179374,0.39638377108576983,0.49652703339248055,-0.00662186910553243,0.2754478612614589,0.23833792847954346,0.5771224522668423,2.296698219960438,0.3994867009029659,-0.14608700194546567,0.47475887076702067,-0.06242630888104389,0.37904148352265266,0.25696940957676184,0.4748888264819582,0.4255684861602624,0.7908884431168883,0.09981176020360773,0.746625812767853,0.3193635273393774,1.14361579091386,0.5962293783334741,0.4138312463943394,0.3005576779391479,0.9939008369317895,0.1164194856031233,0.9406447380259901,-0.177047563781596,-0.08070002169351351,-0.1865947118632569,0.20522739004212953,-0.13682555680699401,0.0955298811008508,-0.0906686247012833,-0.29154422842753724,1.6011366339430146,-1.4476816546886924
0.12994664584476817,-0.018161447972108474,0.21137582184432094,0.2413418599903392,0.14034292739536955,0.18726072435014576,0.1925692704917762,0.2519417552368697,0.24387926207386112,0.21712644986673166,0.2032421609256574,0.10446012229938771,0.14911023282666777,0.1902817834505074,0.18669828216355447,0.16830775512727938,0.18946904507134546,0.43057405127658105,0.28478726490824086,0.11169301612802716,0.3691094706516369,0.24792352547473284,-0.07454343371390894,0.17452491849870105,-0.1116819463037523,0.25951601941577723,0.13270721541061217,0.35170647521581144,-0.13748686384855577,0.3994867009029659,1.560074852721338,0.022194020949742776,0.5124744078095409,0.16653366877873957,0.14530480631148196,0.2145635784542746,0.4945739914547102,0.6458135983179166,0.20342286913456228,0.033873203262957216,0.30318511877230797,0.3350743369950352,0.4523643249161055,0.23145198057051403,0.5710826668427806,0.45970449882660946,0.5368382420179648,0.024332058583386985,-0.1497047372095853,0.3296282868335902,-0.14175209811568606,0.23882625422651665,-0.19218597457634765,-0.1781154838395606,0.5885998087944992,-0.04197843005553312,0.5771270493023902,-0.16680899918111858,-0.7832609603166509
0.0020986520111512617,-0.055526702115040384,0.18476245134357627,0.28811625790776474,0.3111876911808169,0.36771744321301597,0.2198795521694079,0.1769066850492874,0.2465656585832848,0.150937990693801,0.27216991528566614,0.3296690944877862,0.17948217791765772,0.18106900277819363,0.2489412728670786,0.2131894620759547,0.20747157545613965,0.06797420758892699,0.2207887281088621,0.22865329624349842,0.2811227938510357,0.20778610769655295,0.06359023829336102,0.6235842809035288,0.17188273735621049,0.3898270405452722,0.37010023970473,0.0034495337514646508,0.221814134999873,-0.14608700194546567,0.022194020949742776,2.2748930744948352,-0.2720624351429928,0.6364597689326403,0.1797253715016289,0.3638755532897229,-0.345613798592684,0.5865608586151297,0.09430148410796717,-0.09161915561628223,0.3162545144933729,0.2945663663478633,0.10078836105331723,0.012530163112215336,-0.06303196318919635,0.40260786371764773,0.19783205983861618,-0.043739752794090904,0.10976920716162508,0.09655288509879924,0.04004046140209668,0.282975645446024,-0.09525824670726205,0.024918432487683318,0.4027634860845015,0.1274680470359451,0.1906861359929595,-0.5892501701206624,-0.2703984231795421
0.13228774347217734,0.3297085995168588,0.2787714047533721,0.3740307076173523,0.16335171741506424,0.1785957799724582,0.20899862840385575,0.20486385067782117,0.21960404703373593,0.12329061200482114,0.16517033587296556,0.11489478440115665,0.15389625608695678,0.21048333426563692,0.21863371488515623,0.17799722223733214,0.21139968587544603,0.30258291250173874,0.254182672567419,0.24283249696463072,0.3180588367943875,0.31378320241369967,0.17041952804138982,0.4543183064828486,0.18674540047507876,0.24000361994624547,0.19403635959296237,0.4849068518523845,0.10717438801127739,0.47475887076702067,0.5124744078095409,-0.2720624351429928,1.583488468735597,-0.18035185766084832,-0.2504704255327486,-0.03906498711287033,0.914455890395349,0.2710111747670104,0.0704175637567973,-0.21489453261696212,-0.008867867733945219,0.32316959250271754,0.46110992084764896,0.20930217579656069,0.1477842352742549,0.1540909706461763,0.4286579153637139,0.04878167462737865,0.3269617720330179,0.12768294284224282,-0.25981368122759085,-0.024755891440372668,0.01978906525268452,-0.11963570158577218,0.1621886407456224,-0.11078084755232484,-0.06445095706236034,0.35386501156868216,-0.22488035920391608
-0.018448139741239867,0.3349850338571913,0.3041385773967971,0.31641197069858107,0.2959164821681289,0.3537862849064537,0.30852026912193203,0.3130466406460495,0.22455755519207324,0.35910026708688175,0.32228271655340446,0.3691221536822847,0.24952696491505574,0.20440171822572648,0.24010986642908957,0.2620619688431424,0.2858028413843985,0.26880676267258247,0.18346025079469475,0.19655848157409528,0.2812034641734766,0.2705348253721401,0.3027147425135473,0.320587661932216,0.37087210191413106,0.3083927856634024,0.27327671039031004,0.1402001338569077,0.5379361561292781,-0.06242630888104389,0.16653366877873957,0.6364597689326403,-0.18035185766084832,1.8371137691230577,0.46437139500260916,0.3662500655642693,0.22272643418432847,0.33582509291433554,0.29478175351767744,-0.08028359940245806,0.3729775141361482,0.2631230103920465,0.327202652093178,0.3094194573565532,-0.07512509970202756,0.2861463645929563,0.32127307050212167,-0.025552711303236813,0.1704398569214546,-0.0695043560623219,-0.026296053678824316,-0.09449008502626266,0.08243351396696168,-0.11492313939968275,-0.2371816367809577,0.04204211751563773,-0.16740450091486636,-0.4646213834848827,0.737545209000103
