0.4165664859384791,0.11974356434017709,0.1755561399342179,0.0627266198312257,0.10362230221024488,0.07699206714773904,0.07473644624193818,0.050856148751386714,0.04039197425170964,0.10150825763820116,0.052356487232435266,0.07699417496381855,0.029608024622777403,0.052109876873071684,0.10996741773642027,0.05476657226785601,0.04746811891562089,0.06813873099859627,0.05951461598070568,0.04552550715265332,0.05380502806623633,0.06522418824306854,0.0339451273247879,0.03619993962040447,0.18347695807906317,0.03405535848975726,0.0652736851678378,0.03252120265359081,0.04839270784306021,0.05492686591471263,0.0768353056625608,0.0435293615634302,0.057219081826446874,-0.040429457987338456,0.02418632078428571,0.07722058637138081,0.05845562073844613,0.07803224372819928,0.03546371316303691,0.004859136991898004,0.05181161469415894,0.04434644134641468,0.039635708252658254,0.05442038058717715,0.07242518743867138,0.051502409326452926,0.07365117359924782,-0.007378170905524507,-0.10135703490773104,-0.0617044609147194,-0.002099387415417421,-0.04390740407995339,0.07144779091335572,0.007693346414116481,0.025747221483866614,-0.006780870147526746,0.014004648955853908,-0.002923859806265717,-0.03886690675609296
0.11974356434017709,1.765906780665891,0.577901501194234,0.05854383760594812,0.004728610686172078,0.2249063111195941,0.21283572380358368,0.21276433047001586,0.2053530300736128,0.27716348691714926,0.1636955863457074,0.1736986097637656,0.08310757214827666,0.13156652516539663,0.27674706223563605,0.11359228970118009,0.23584208841831822,0.35607551708167856,0.06204965758451005,0.2838996606384961,0.13719144443690207,0.16379164820153452,-0.1311710601391855,0.11872604357026134,0.18947572132993146,0.14782674823286468,0.2812014138567773,0.25037677168966344,0.20815453078850155,0.09084097448230197,0.13785497426983806,0.1585199419766238,0.12363892467877445,0.21848606101890858,0.10826066008800274,0.15042401617489787,0.46070223984366415,0.2198105974947096,-0.11364050127288236,0.0347742026419974,0.09781363226366582,0.21602534618891236,0.2703004132806098,-0.03316834794636892,0.28172895084217875,0.20539687799465975,0.21050140560878253,-0.009671390245477642,-0.03043896737504384,-0.004639853874063061,0.16276961051418823,0.06262019568201667,-0.11366461701327821,-0.0621786079680281,-0.12822363977963666,-0.01018975251936348,0.04062717841553544,0.12420746854505668,-0.03730583802823986
0.1755561399342179,0.577901501194234,1.4753191911362795,0.01979944881888622,-0.24989170397689292,0.22894752739088947,0.23063865909769293,0.24421513925068997,0.2869089161879348,0.3203390897713131,0.13653434618688626,0.1467189450144276,0.06965923866166128,0.0818119599791886,0.23130712731424455,0.02173157854045917,0.2617869668612517,0.22184792789182683,0.028797688885114768,0.1993412157025018,0.13567036502802154,0.20058857483542458,-0.0010346985754100429,0.15249823219288436,0.27799518279388397,0.12692456172488165,0.22954560027632812,0.2217784896266262,0.14068153621404175,0.05151005266416869,0.17297127674098564,0.10179508649408417,0.11068234559248193,0.14488150035785868,0.09313640527651018,0.25369029386979475,0.2942012779872108,0.240315974509104,-0.08092218132616856,-0.10484794578105128,0.13600266450762358,0.2614883910039596,0.21625418607228375,0.04598434410262119,0.27849297533266815,0.3321426511893163,0.1800081331988948,-0.022316823316881933,-0.30491806536364724,-0.005098765939792727,0.046133710104365296,0.12430872593238425,-0.03352092590928116,-0.12260765401448183,0.07529683461868525,0.02127200529710109,0.08007572315588396,-0.014836682084524615,-0.1724492984796596
0.0627266198312257,0.05854383760594812,0.01979944881888622,0.7503219233479547,0.4094683014734104,0.3103096281212955,0.22032054921827443,0.17861952516127497,0.14132805971699214,0.12031061438992448,0.15936782456835538,0.20027355503484756,0.08796675284798644,0.18052854737788107,0.17512344179782524,0.20985670046994387,0.14970565280080264,0.1434421319754555,0.18796407778386687,0.19243674869510904,0.13512005905087332,0.1756081563656843,0.07095811906286652,0.1696833530155318,0.08488385191191943,0.1752509485065233,0.055003473591743866,0.06855134636448743,0.15465424622666638,0.022766073998912693,0.12912702038919563,0.1699363856863401,0.036164324930832305,0.2555144810734577,-0.047209933393325604,0.07556620014262194,0.19668900133006648,0.11230513358217711,0.24680740885879968,0.055755583483464086,0.10878013417888989,0.17790423933631072,0.09640079901486007,0.13610256044047472,0.1620794017024436,0.01414048195008249,0.14135689841363153,0.0057097738359457376,0.18513422100603413,-0.04024196512841583,-0.03216851237967145,-0.11497684482634991,0.08528172718660189,0.02568316857065706,0.08465371571612494,0.0745950633433917,-0.05481791375810906,-0.07734376806903227,-0.00953724958322231
0.10362230221024488,0.004728610686172078,-0.24989170397689292,0.4094683014734104,0.8820473412053077,0.25893511439252864,0.150910889754974,0.1731402789632984,0.08920582136028865,0.09502059407248616,0.1567578238470993,0.2076856527020589,0.10786102307897433,0.2284980742895048,0.19433803410968273,0.26853203987571334,0.10962690716403124,0.10972727764787832,0.2860285795885908,0.16439297188388202,0.13434254084993288,0.16489177396841187,0.09409095258749656,0.12909700827916826,0.033583136040345844,0.1892342629210162,0.009864784314354951,0.0021714802471158334,0.17922048577795355,0.01291388502018814,0.1253451440411116,0.193208723622445,0.051777836811307015,0.33235626984660943,-0.022567200058464094,0.06608529368540828,0.1942125227215861,0.08215334002664944,0.2952437183464685,0.10881723931900954,0.11677158298639455,0.17024276882563166,0.0022249030803947155,0.16676197781686888,0.1386612640180805,-0.030397016649733835,0.13739518322996333,0.014079342544978259,0.27292133030109356,-0.025221424197717238,-0.01643181372596726,-0.295655917918196,0.20332710696132578,0.06374446414945206,-0.018557371891287276,-0.04968301237531231,-0.04386242747732943,-0.04301076549066821,0.1504234454341511
0.07699206714773904,0.2249063111195941,0.22894752739088947,0.3103096281212955,0.25893511439252864,0.7203144727947077,0.2303576168244856,0.2446642513353616,0.1358909188115797,0.1760136771525435,0.22183857052456527,0.1819131709820554,0.11362237407079004,0.21615142483280828,0.24103796120088136,0.22344536879472052,0.2737179631847808,0.19476820371591544,0.3246142362727491,0.32438037265070296,0.22582977016602684,0.23263407987417134,0.017345474477212745,0.21114022789684678,0.2168288368810886,0.29843962833037585,0.12985433835074414,0.2519076623829073,0.2955584347525794,0.06607260631627578,0.19117478910906746,0.23783407151517486,0.020476461625094377,0.3332803691254928,0.06527563695490533,0.10474867895650745,0.2814916251502009,0.2052098592519455,0.3496941234776327,0.09668349343573128,0.14242479238181638,0.2382661817226565,0.17670066832051223,0.22502308893559458,0.2977457853737365,0.022534774498315025,0.22904371644309304,0.01703631592058886,0.30552037612483085,0.08557412904239996,-0.14529507298626712,0.054537167097874865,-0.11917923568554742,0.004629367765465643,-0.004034837438806543,-0.03160915620392145,0.006386402997511517,-0.014709324222375638,0.047491750290094545
0.07473644624193818,0.21283572380358368,0.23063865909769293,0.22032054921827443,0.150910889754974,0.2303576168244856,0.5380096938580737,0.15400978562647527,0.34425818537358877,0.19989962964679112,0.19185224331345221,0.2921408874782153,0.09948187255464615,0.24422430085120247,0.11419083760166902,0.23144954577533378,0.2527240039989397,0.1985724715559998,0.05729097395530753,0.2194775393362618,0.18738334228593828,0.28848972913084264,0.14139628019155165,0.19539035005084185,0.12011421232671761,0.1647525648755135,0.14846060519154727,0.10832991429755433,0.14401766153253504,0.1589283676256465,0.18264119462837686,0.22390604960182817,0.12927509638196275,0.26066951331661814,0.0860739703151918,0.20143648914805595,0.2680854323534331,0.194180636190049,0.18619424018905142,0.08029158979508816,0.16492621327036522,0.2644365200368994,0.1350731436997895,0.1952801714549276,0.22589403754693918,0.0974136022619657,0.20834471701418164,-0.012097093098915105,0.10501936734485477,-0.06344647148986218,0.004187614276868565,-0.2037256176009181,0.16006486526116667,0.016725010400398286,-0.011657818910025942,0.07256613640544073,-0.014918171932480526,-0.029583829461495372,-0.07609455775212466
0.050856148751386714,0.21276433047001586,0.24421513925068997,0.17861952516127497,0.1731402789632984,0.2446642513353616,0.15400978562647527,0.9825293541640019,0.0763591898122851,0.19786400551696182,0.22472888723480014,0.14178042705011978,0.10981096610250358,0.16680550456333926,0.15089372158908904,0.13652836434873417,0.2449990139401159,0.3184897407174544,0.1704008680545343,0.2721441129170665,0.19355116256804383,0.13549915307014743,0.127502859202058,0.1103871954202718,0.06751486557365842,0.25434431564619364,0.24838033259375755,-0.0297800204687569,0.2284566844755565,0.2247299221058772,0.1432718914019821,0.1588768269633484,0.1470288899580145,0.28474969101853237,0.26482932774508505,0.09954685754012806,0.3382407698914551,0.23008968359846793,0.1651476198264804,0.15357920681586704,0.14718367788239514,0.15814310917373162,0.3294461962661323,0.10009341465857029,0.1769099578736894,0.08689262276805967,0.37200984888238037,0.039040344191827295,0.3582408249174045,0.22647263834094034,-0.01917295912260004,0.002075001315112265,-0.03446812101196767,-0.07392986136874248,-0.1320489833065765,-0.08034793953603962,-0.09794296429687348,0.28918078922134677,-0.08010585564551072
0.04039197425170964,0.2053530300736128,0.2869089161879348,0.14132805971699214,0.08920582136028865,0.1358909188115797,0.34425818537358877,0.0763591898122851,0.6865503502429151,0.2034307005657981,0.15686493791626488,0.2107202684101553,0.09956243813212508,0.2552577103094402,0.01231358768045287,0.19070633820325755,0.21507939942542942,0.21521391645334226,-0.02956266432992261,0.18635588906650194,0.12893800090349603,0.3855811512265114,0.13292864097957152,0.19611927887114997,-0.00548150850679636,0.14102649440753343,0.13075125386295977,0.11546846817077033,0.01857456565523152,0.16142009069379062,0.16090054636982543,0.23152767758070084,0.19817343994076814,0.09511977717055904,0.055187660828994255,0.19529790518173173,0.29107062992545346,0.2104444660837186,0.13214433955810745,0.04886744603547065,0.1237147765231087,0.20642333687318404,0.12123167021974705,0.1728959101483346,0.1730688046645259,0.16079696740579694,0.20793289890481884,-0.03292244623901441,0.0950332013594154,-0.06277076319434627,0.041901706618399835,-0.1947855302764677,0.1623125848692855,-0.007534381299970904,0.09324563315803532,0.13800903470314166,0.06069241045408744,-0.1196675133895087,-0.217199820468306
0.10150825763820116,0.27716348691714926,0.3203390897713131,0.12031061438992448,0.09502059407248616,0.1760136771525435,0.19989962964679112,0.19786400551696182,0.2034307005657981,0.9106997257586603,0.1734962690417084,0.2798771718597972,0.094374247072703,0.20585100353018657,0.2721923978668279,0.12434877677794692,0.26810476045783715,0.2659413534335434,0.08121638686037448,0.2141066197998542,0.11389754749624896,0.16398457268078886,0.11939832598498502,0.175643241006817,0.22243735735876743,0.15420306169937398,0.274177747134828,0.1482584872462498,0.22793454333108262,0.17497889115414175,0.2234972372003286,0.21487528000934233,0.05896543084685555,0.43215642881302374,0.19840989783918314,0.28950086265237046,0.3053119043357527,0.18557616620965495,0.1328514766952574,0.09545962145493934,0.2275933733332752,0.2204046672758563,0.20872496665691553,0.1028602399777746,0.179959813441809,0.25026926365000934,0.31270176360714114,-0.003408535359770376,0.03509215915888645,0.016351301813418446,0.053725127001150015,-0.06663190520482731,0.0010054859352673497,-0.009748251677243386,0.004116936522506616,0.031347879811503054,0.18914925829755225,-0.10626704669011912,-0.13457121037618186
0.052356487232435266,0.1636955863457074,0.13653434618688626,0.15936782456835538,0.1567578238470993,0.22183857052456527,0.19185224331345221,0.22472888723480014,0.15686493791626488,0.1734962690417084,0.45829084339633785,0.24993656571168757,0.1584059530097668,0.15937166502920277,0.21887950849162696,0.20661331270259076,0.26588305021452424,0.20093169997370264,0.13389102371698922,0.22752793103429544,0.15590232739853208,0.18923098378431508,0.07875226783327495,0.17401826143062107,0.1373517088450654,0.20022831003366728,0.1504032802125837,0.1496181911347775,0.17880419101164777,0.10065809239630052,0.16459201402135631,0.16566795900034423,0.12977832358240945,0.21477293595382813,0.19835478251391442,0.1576399732826487,0.20399901531925602,0.14977253182515038,0.20432024586654612,0.13590718207111593,0.1345908696050204,0.175369484534196,0.13793412809720973,0.14062551883538402,0.14218990295070016,0.07850002897357947,0.20150820043316187,0.006132147600287131,0.23309790163484323,-0.0063309026243143635,-0.0012212658188647245,-0.023535835245770135,-0.005732425466881176,0.014495300468866528,-0.033047463445729966,0.00926799305319823,-0.016181357790227727,0.02265456836613995,-0.05302027443330155
0.07699417496381855,0.1736986097637656,0.1467189450144276,0.20027355503484756,0.2076856527020589,0.1819131709820554,0.2921408874782153,0.14178042705011978,0.2107202684101553,0.2798771718597972,0.24993656571168757,0.6117801002853065,0.10090224366975699,0.2959367136638186,0.21811369595122912,0.2967670558559258,0.25269075863944795,0.17451470309036093,0.10830172094766138,0.21998704029225272,0.16339084992694228,0.23097841160668145,0.15309879000977158,0.17373524949237015,0.14082009767279113,0.17421562319545034,0.19633020750162225,0.03819201210882598,0.1718272510507151,0.09079619031110239,0.20597348126732867,0.26371404193947595,0.13606311772668134,0.2678528339429217,0.20761021989147954,0.23702894922605527,0.18541700176866263,0.14830971008115676,0.21726400786484343,0.16940994081486194,0.11207551033560673,0.19447676942768444,0.1120549126195261,0.12883283125389855,0.19784937153558996,0.09770528876257946,0.19991642861030987,-0.014281305745654557,0.09993380775696421,-0.1601401859294601,0.024047876920539134,-0.18955513133432886,0.18984866347848858,0.05817911216223915,-0.03527043123029403,0.061760369353223585,-0.049677963780574576,-0.015996970710598465,-0.10585976157537014
0.029608024622777403,0.08310757214827666,0.06965923866166128,0.08796675284798644,0.10786102307897433,0.11362237407079004,0.09948187255464615,0.10981096610250358,0.09956243813212508,0.094374247072703,0.1584059530097668,0.10090224366975699,0.31238090377252337,0.1066465438751533,0.006613094107577989,0.14498909447564914,0.10434309371940495,0.15066356810581816,0.06952214071334833,0.09911418436798132,0.08050374983448505,0.12653197850037798,0.07684894928013963,0.09598451377778068,0.06338598276069883,0.09877004211351373,0.03060165205712184,0.05882012190888505,0.13053834086994168,0.08453327124131321,0.07609750125013691,0.10929929933621303,0.07448745936882026,0.1358995289526069,0.12383435532953767,0.08080316797367704,0.09100196259630115,0.06983701427133714,0.13439868938288077,0.04697130225145344,0.09613882058408815,0.07510838531720344,0.0500781325601495,0.12669960852460083,-0.04233824419334,0.08359000584818849,0.14068883116509487,0.0035658309673129397,0.16419632725265362,0.06282203129046254,0.006446972290491806,-0.04824757808076128,-0.00011658658929381782,-0.03519662757402964,0.018332830813894464,-0.014451697282482181,0.010225519225788448,-0.05932469344244318,0.024168190004014958
0.052109876873071684,0.13156652516539663,0.0818119599791886,0.18052854737788107,0.2284980742895048,0.21615142483280828,0.24422430085120247,0.16680550456333926,0.2552577103094402,0.20585100353018657,0.15937166502920277,0.2959367136638186,0.1066465438751533,0.7580625095830659,0.14171819085803142,0.5453235247605008,0.2801021901296604,0.03156257426373026,0.16130324665276932,0.3138415960248277,0.18047417567654458,0.41714098851088677,0.08216098149597884,0.15278708533049723,0.11570903740024704,0.2823664394435572,0.2457864207262645,0.2754879826260739,0.191024724978173,0.3239196101054833,0.24354183711972055,0.6259863068883705,0.20854279437310758,0.2956181970558359,0.20830677417318694,0.30602421360360754,0.21082591077273355,0.30297158942684826,0.25562477965675023,0.16533089653965533,0.28982051321803165,0.21618313614004186,0.13811886481656568,0.3122253152476697,0.2636281609311256,0.07421016594334813,0.2865013451304141,-0.022597409328357524,0.2473247826624654,-0.2135609637234816,0.015663374134019935,-0.3469289486084667,0.3012320770838009,0.09468829035951185,-0.15258426382230078,-0.06286710280737352,0.10234013363879228,0.09017370356021621,-0.03935489464376993
0.10996741773642027,0.27674706223563605,0.23130712731424455,0.17512344179782524,0.19433803410968273,0.24103796120088136,0.11419083760166902,0.15089372158908904,0.01231358768045287,0.2721923978668279,0.21887950849162696,0.21811369595122912,0.006613094107577989,0.14171819085803142,1.0982620591469445,0.09177131149678298,0.22731383977155542,0.09259868879712974,0.21348043954970497,0.2243164695186434,0.141030311265467,0.09966222993975657,0.013321565493112645,0.2244266307370455,0.2478509696341002,0.23771367330622087,0.2556939258245623,0.3008515293539683,0.17845479650742502,0.14758076412502474,0.19502727454365806,0.15456105006825946,0.11886683901953837,0.281484290560967,0.1570383692558164,0.21015814296223442,0.2206225904327327,0.1346638486093877,0.17313483808646596,0.08869262614455714,0.15576995087781428,0.21904187820643609,0.247114368861275,0.08276925064241024,0.26079360318466904,0.025853947166779044,0.15434559522443306,0.019973671164109467,0.17151328014891612,-0.09600003746354945,-0.06059527874652959,0.24492154620500386,-0.09698507279201142,-0.012887990741510508,0.07610540270973239,0.09433381722578611,-0.047609986024934145,-0.09184825629315739,0.012079642447367051
0.05476657226785601,0.11359228970118009,0.02173157854045917,0.20985670046994387,0.26853203987571334,0.22344536879472052,0.23144954577533378,0.13652836434873417,0.19070633820325755,0.12434877677794692,0.20661331270259076,0.2967670558559258,0.14498909447564914,0.5453235247605008,0.09177131149678298,1.0100713700371817,0.21356336595631098,0.11878792820883464,0.18935666233314147,0.31525932790722855,0.14367332636089186,0.48983285549685557,0.05770334523190361,0.19885793329606669,-0.0006434995854348451,0.20262378738606873,0.1327663053562569,0.23210373306403934,0.19924577965957257,0.2589361144820097,0.16321618048996542,0.46851992570125617,0.15779183403190603,0.2713739032317755,0.34966223403007163,0.16379993516408575,0.22011980660154393,0.22752799389988967,0.3013647002288742,0.17877790430080634,0.21629686217447647,0.15122906321369298,0.11814781590598485,0.330538152674813,0.15108833645568662,-0.010433845016803101,0.2386990115840185,-0.026110827681356353,0.4400297422108962,-0.42106337026722157,-0.05256643075404763,-0.1850178692468995,0.29263393212183175,0.10605814623605787,-0.05162571844763729,-0.05641662121865728,-0.06724693931097496,-0.029020667113175407,0.13490517630313134
0.04746811891562089,0.23584208841831822,0.2617869668612517,0.14970565280080264,0.10962690716403124,0.2737179631847808,0.2527240039989397,0.2449990139401159,0.21507939942542942,0.26810476045783715,0.26588305021452424,0.25269075863944795,0.10434309371940495,0.2801021901296604,0.22731383977155542,0.21356336595631098,0.7539648070215316,0.13348040133059844,0.1804253757140747,0.3181073601456538,0.22908820735795554,0.29147064395928135,0.02243964511143862,0.1677127121491073,0.40445778235718666,0.19241484680526497,0.294498709870098,0.4464733520634913,0.1641046925991027,0.2780367590316043,0.2929256289670984,0.2688778567115495,0.2502380798247126,0.28017247810622364,0.20252427108859763,0.3256609553470645,0.41619956991797674,0.3340137268745597,0.12821672828606984,0.10695256710238785,0.297795038717781,0.4725250096983129,0.25747054309723993,0.2500523679947708,0.44073012752160196,0.16529407755646555,0.3619921821918232,-0.0027645528519270055,-0.19333456948606084,0.19582703498331583,0.08009233455376076,-0.15494045513073026,-0.1076114766910283,-0.025683093042891007,-0.12119245923797269,-0.02474060257778454,0.02078895332535617,0.08679695569530996,-0.06657998118367368
0.06813873099859627,0.35607551708167856,0.22184792789182683,0.1434421319754555,0.10972727764787832,0.19476820371591544,0.1985724715559998,0.3184897407174544,0.21521391645334226,0.2659413534335434,0.20093169997370264,0.17451470309036093,0.15066356810581816,0.03156257426373026,0.09259868879712974,0.11878792820883464,0.13348040133059844,1.0723921783437307,0.07329853782647297,0.09639386887891828,0.17973987094255892,0.11036614298625214,0.218466848779253,0.24712283070804242,0.09989362965817472,0.18088597379115853,-0.09850625840700938,-0.051239151196146894,0.3025746055112261,0.001641699378979229,0.12552947582600543,0.07306517968380051,0.04652164744397008,0.2748577585623274,0.12363841885649264,0.06044631067389221,0.3946871904795641,0.05950212622342476,0.1824150791531003,0.09260810036965039,0.15679676754214555,0.23004579762572755,0.062610184995316,0.06465070910249893,0.07862244121014385,0.150972887144438,0.45494144062282404,0.008798231960960868,0.03440991550929273,0.545800576887829,0.23496226047386107,-0.2723464608280426,-0.3806965628817856,-0.07937311591886109,0.05066382426230018,0.07599654854280545,-0.06506308275714694,-0.16766772592109477,0.08308902397054946
0.05951461598070568,0.06204965758451005,0.028797688885114768,0.18796407778386687,0.2860285795885908,0.3246142362727491,0.05729097395530753,0.1704008680545343,-0.02956266432992261,0.08121638686037448,0.13389102371698922,0.10830172094766138,0.06952214071334833,0.16130324665276932,0.21348043954970497,0.18935666233314147,0.1804253757140747,0.07329853782647297,0.7985085974903062,0.07853512191577307,0.1815067376406348,0.14295594775426823,-0.08962172638591456,0.0919579965895938,0.17712656840671298,0.17080587607104392,0.15026616424191264,0.3446326154156696,0.12691868139410137,0.09105562180909978,0.17124378634732082,0.1924563835128517,0.1338006691568116,0.20031785950470757,0.03840290000659698,0.1056072405792165,0.13877498694292423,0.17399127487484442,0.38745863627957133,0.07383616948651621,0.17887432297654898,0.12410998559349305,0.12493481034502973,0.18638010045148268,0.25600176321579093,-0.05990220728413457,0.08445982683682751,0.04357121433825789,0.2616773354763993,0.11199292475878397,0.06568850196239633,0.35591301971633016,-0.3089330881305952,-0.07693180772799804,-0.037542503615401915,-0.052473358625983554,0.0012698748973765297,0.04863019906379199,0.07863776015154914
0.04552550715265332,0.2838996606384961,0.1993412157025018,0.19243674869510904,0.16439297188388202,0.32438037265070296,0.2194775393362618,0.2721441129170665,0.18635588906650194,0.2141066197998542,0.22752793103429544,0.21998704029225272,0.09911418436798132,0.3138415960248277,0.2243164695186434,0.31525932790722855,0.3181073601456538,0.09639386887891828,0.07853512191577307,1.1370392919178953,0.060559134504083796,0.19911712956519392,-0.03188646804417852,0.3023531569661952,0.3282674549772556,0.3347417885672929,0.1508849032689483,0.13275353308402169,0.3174604632485745,0.19131099834123894,0.1892215392402948,0.26127878265486604,0.05153706176239207,0.3413123213442631,0.2183591643679259,0.15313282934790795,0.5434301299251522,0.17720674434469783,0.382591221789394,0.23311489456763929,0.13179827780535514,0.3320897801445019,0.138446921653938,0.03160290155141611,0.351046270989842,0.17156745740486348,0.1626471376916976,0.01289304440462529,0.3075810506835677,-0.2832385166383528,-0.069449249287955,-0.22738970625927488,0.28562577159908414,0.06589461879168511,0.0516692973548175,0.007692408739692557,0.03108091947700163,-0.16773328163805215,0.08780200707869718
0.05380502806623633,0.13719144443690207,0.13567036502802154,0.13512005905087332,0.13434254084993288,0.22582977016602684,0.18738334228593828,0.19355116256804383,0.12893800090349603,0.11389754749624896,0.15590232739853208,0.16339084992694228,0.08050374983448505,0.18047417567654458,0.141030311265467,0.14367332636089186,0.22908820735795554,0.17973987094255892,0.1815067376406348,0.060559134504083796,0.6554218359745998,0.13579413287211342,0.25285304493543115,0.08183744390731121,0.03610308741622898,0.13559540538300516,0.1336665457694892,0.2207218724515922,0.16641565031088565,0.29877067411926633,0.26590491080919065,0.1765979220131607,0.19164682926565615,0.2172135150343456,0.2677968438428658,0.27235028962639285,0.21674904353470392,0.2379230904892548,0.49289639851010997,0.20775079956815304,0.3777426503336216,0.3101009336139954,0.15748250282316234,0.388356688901708,0.5661474932908698,-0.022810710244947047,0.341161277440463,0.03504551943156315,0.02878940856538701,0.140399901556705,0.013283654497840325,-0.02911457971202429,-0.05079953172388804,0.007307326521752571,-0.10378957368365471,-0.026610332846521843,-0.07341910499851877,0.12641395340579692,0.004215121090014591
0.06522418824306854,0.16379164820153452,0.20058857483542458,0.1756081563656843,0.16489177396841187,0.23263407987417134,0.28848972913084264,0.13549915307014743,0.3855811512265114,0.16398457268078886,0.18923098378431508,0.23097841160668145,0.12653197850037798,0.41714098851088677,0.09966222993975657,0.48983285549685557,0.29147064395928135,0.11036614298625214,0.14295594775426823,0.19911712956519392,0.13579413287211342,1.0600960639392774,0.0854160772231283,0.18207642342156571,-0.03300040130842945,0.21740522813083146,0.2642974606350718,0.2770226903253818,0.007730431384407281,0.22427355579004613,0.1803875765937332,0.38260521326252583,0.2901630690547202,0.17368863669215326,0.1755109364904593,0.22315160526025227,0.2779111075318143,0.33058378151528245,0.16924628207734618,0.0647070253212805,0.17665917397592049,0.28464105142667984,0.225954556476965,0.34720832298896664,0.13749852863130135,0.12879481872011245,0.225078383027318,-0.09605439489235885,0.3562982445359152,-0.24267593507913007,-0.015689073061199058,-0.20255816596261428,0.19722790301557505,-0.0020378314064121274,0.007882642829858644,0.023686250190047296,-0.007413549357046697,-0.005565182006279941,-0.06853549663007388
0.0339451273247879,-0.1311710601391855,-0.0010346985754100429,0.07095811906286652,0.09409095258749656,0.017345474477212745,0.14139628019155165,0.127502859202058,0.13292864097957152,0.11939832598498502,0.07875226783327495,0.15309879000977158,0.07684894928013963,0.08216098149597884,0.013321565493112645,0.05770334523190361,0.02243964511143862,0.218466848779253,-0.08962172638591456,-0.03188646804417852,0.25285304493543115,0.0854160772231283,1.508931974498517,0.14215852097927306,0.16919032523057176,-0.11518128822790295,0.07941114313200459,-0.4706178821305662,0.28088767024825956,0.3192029739901317,0.3331814461029504,0.030278389006988225,0.11502615369359813,0.2599878685504441,0.1986940504679169,0.5228692252449749,-0.0038564264116379985,0.004984469688895503,1.053534601506065,0.2661591991370317,0.3868777171647653,-0.02231160435521833,-0.05422181273484623,0.7343257233523932,-0.16702746951414424,0.09557880332167898,0.3843933449144716,0.03930106171844536,0.14253343575949046,-0.13694679074163651,-0.04038391971844426,-0.11001299745792896,0.2399443719129819,0.03913984953332732,-0.0862294242615149,0.03829122304805214,-0.05552298273110116,-0.1571010809238441,0.10071865264764858
0.03619993962040447,0.11872604357026134,0.15249823219288436,0.1696833530155318,0.12909700827916826,0.21114022789684678,0.19539035005084185,0.1103871954202718,0.19611927887114997,0.175643241006817,0.17401826143062107,0.17373524949237015,0.09598451377778068,0.15278708533049723,0.2244266307370455,0.19885793329606669,0.1677127121491073,0.24712283070804242,0.0919579965895938,0.3023531569661952,0.08183744390731121,0.18207642342156571,0.14215852097927306,0.8154067411477028,0.456659823593613,0.11688638428217532,0.04428251733272841,0.10534204672051593,0.12358418447042074,0.16325980899876558,0.17820906568177566,0.12275165078159746,0.1086281375734402,0.2134817848713665,0.21296640210711487,0.16219861385288012,0.2813213501951562,0.1440688353263877,0.17840451669779966,0.07091810010844887,0.15171696429171946,0.23821693948008882,0.08835747766713108,0.15755274473186534,0.06967058326443269,-0.027470804349264615,0.2077578563530093,-0.0002966301172018953,0.20254806099501899,-0.21238016890406813,-0.003949630732696144,-0.06896387672494086,0.16768430513277535,-0.004777258242493879,0.31205135459144234,0.14025044655990243,-0.11166056892868613,-0.7188984812343587,0.5248276529130845
0.18347695807906317,0.18947572132993146,0.27799518279388397,0.08488385191191943,0.033583136040345844,0.2168288368810886,0.12011421232671761,0.06751486557365842,-0.00548150850679636,0.22243735735876743,0.1373517088450654,0.14082009767279113,0.06338598276069883,0.11570903740024704,0.2478509696341002,-0.0006434995854348451,0.40445778235718666,0.09989362965817472,0.17712656840671298,0.3282674549772556,0.03610308741622898,-0.03300040130842945,0.16919032523057176,0.456659823593613,3.341295002542039,0.3728965156528275,0.5103458222479653,0.38917732215553863,0.3273251407588763,0.2683397502168941,0.5198569683383906,0.07797546562268808,0.084567494897037,0.29940384237299433,0.16040283840902186,0.5410122186096341,-0.030595309007526758,0.488339636203044,-0.2833841806681808,-0.1462954058716561,0.40632137754012426,0.47312405526732393,0.4655306757856315,0.2496877995076132,0.4610113563661083,0.25218470803670623,0.31620154887871443,-0.05846138246251505,-2.121863941475459,-0.5395310543141261,0.12563345019226785,0.2009620710770076,0.2412020293507912,-0.08374894285975965,0.22661811045456973,-0.02153447856178914,-0.09011890832223506,-0.3420349187356371,0.4187866322499285
0.03405535848975726,0.14782674823286468,0.12692456172488165,0.1752509485065233,0.1892342629210162,0.29843962833037585,0.1647525648755135,0.25434431564619364,0.14102649440753343,0.15420306169937398,0.20022831003366728,0.17421562319545034,0.09877004211351373,0.2823664394435572,0.23771367330622087,0.20262378738606873,0.19241484680526497,0.18088597379115853,0.17080587607104392,0.3347417885672929,0.13559540538300516,0.21740522813083146,-0.11518128822790295,0.11688638428217532,0.3728965156528275,1.4648878078884398,0.07901282829873893,0.3152843758454072,0.2660661715291714,-0.3409091323933153,0.20300554117848887,0.3299745164330459,0.10379566410683129,0.2956392105150508,0.26307355236704427,0.21154771673158407,-0.1872016284070977,0.016524402673053704,0.3207819469123424,0.30460770261929215,0.09004835572938463,0.3174090759686775,0.028928782736976508,-0.07513531602840207,0.36734121534339426,-0.09351695452084331,-0.07591285659204312,-0.00037355004914790184,0.7808357491852245,0.3275616226500154,-0.10265668066661504,-0.07106119364729417,-0.32528596964603185,0.007876420820960052,-0.005686881442407714,-0.02861085605534789,0.03516294416086313,0.12656832514961056,-0.11768528652134926
0.0652736851678378,0.2812014138567773,0.22954560027632812,0.055003473591743866,0.009864784314354951,0.12985433835074414,0.14846060519154727,0.24838033259375755,0.13075125386295977,0.274177747134828,0.1504032802125837,0.19633020750162225,0.03060165205712184,0.2457864207262645,0.2556939258245623,0.1327663053562569,0.294498709870098,-0.09850625840700938,0.15026616424191264,0.1508849032689483,0.1336665457694892,0.2642974606350718,0.07941114313200459,0.04428251733272841,0.5103458222479653,0.07901282829873893,2.037285875060634,0.5473706664080502,-0.05295219230221516,0.3347993385776484,0.5406408374506168,0.25095207607010606,0.39776555393369684,0.28023110611275165,0.436768999002839,0.8553601724038357,0.2906323880640094,0.5319883244599657,-0.015271925487770281,0.30230167921346646,0.27797847995657,0.09964595768157417,1.3444683671409172,-0.0659506762704204,0.18723307400853395,0.24601769375010796,0.11302716136131638,0.019655233033645157,0.5812953209863445,-0.14856997066658242,-0.2009124250841636,0.6316904328273326,0.046281911931950845,-0.10269003867757971,0.02524510145961619,-0.0912901856792386,0.03929832522790205,0.24508063388154336,-0.1022608256225423
0.03252120265359081,0.25037677168966344,0.2217784896266262,0.06855134636448743,0.0021714802471158334,0.2519076623829073,0.10832991429755433,-0.0297800204687569,0.11546846817077033,0.1482584872462498,0.1496181911347775,0.03819201210882598,0.05882012190888505,0.2754879826260739,0.3008515293539683,0.23210373306403934,0.4464733520634913,-0.051239151196146894,0.3446326154156696,0.13275353308402169,0.2207218724515922,0.2770226903253818,-0.4706178821305662,0.10534204672051593,0.38917732215553863,0.3152843758454072,0.5473706664080502,2.0143675924189366,-0.23256224325159466,0.3668006547478093,0.3695385201689843,0.4077655884524276,0.34861867390736445,0.14274354259968136,0.14549906903803494,0.5827130841134883,0.00023443780941027485,0.43205752477683196,0.1416220809710378,-0.060074237469428055,0.5243500513290957,0.11566712640092569,0.5282773366061748,0.5957423364591996,0.5247570937766785,-0.09609826846792485,0.03940320413539913,0.024722241768191204,-0.008107245576417442,-0.25398205762483006,0.010613601903649473,0.9908903087741526,-0.7434474369282652,-0.08056353221421605,0.0954853320839159,-0.06946653282726885,0.1614638470477672,-0.024646739454192275,0.08699256916729954
0.04839270784306021,0.20815453078850155,0.14068153621404175,0.15465424622666638,0.17922048577795355,0.2955584347525794,0.14401766153253504,0.2284566844755565,0.01857456565523152,0.22793454333108262,0.17880419101164777,0.1718272510507151,0.13053834086994168,0.191024724978173,0.17845479650742502,0.19924577965957257,0.1641046925991027,0.3025746055112261,0.12691868139410137,0.3174604632485745,0.16641565031088565,0.007730431384407281,0.28088767024825956,0.12358418447042074,0.3273251407588763,0.2660661715291714,-0.05295219230221516,-0.23256224325159466,1.8677545815098744,0.1261247418416727,0.032238541455921456,0.22617246524467033,-0.29943562367020177,0.6775882701499948,0.3062206490630538,0.2889837660667956,-0.19140107047930952,-0.23452372034374844,0.4598175846432516,0.2940981613470851,0.3280151604487021,0.052124575495278117,-0.009508633602970882,-0.25097855649346423,-0.004456873974443123,0.35195665933287773,0.2754508171837185,-0.0211393438788636,0.7035005380787585,0.47332891370954594,-0.13222471275984726,-0.03312321144434113,-0.3249044334372066,0.05557657845094113,-0.04809528247345411,-0.1024054398334346,-0.032181583857141885,0.03753418484825166,0.09536244549705906
0.05492686591471263,0.09084097448230197,0.05151005266416869,0.022766073998912693,0.01291388502018814,0.06607260631627578,0.1589283676256465,0.2247299221058772,0.16142009069379062,0.17497889115414175,0.10065809239630052,0.09079619031110239,0.08453327124131321,0.3239196101054833,0.14758076412502474,0.2589361144820097,0.2780367590316043,0.001641699378979229,0.09105562180909978,0.19131099834123894,0.29877067411926633,0.22427355579004613,0.3192029739901317,0.16325980899876558,0.2683397502168941,-0.3409091323933153,0.3347993385776484,0.3668006547478093,0.1261247418416727,2.8032793230542414,0.22705549577778458,0.27545513195823135,0.38969454482732124,0.11179277877979872,0.6094127658792211,0.22204819333118866,0.6907636733457573,0.8258671322807155,-0.14069053359316583,-0.1134320281953689,0.8533192757258541,0.3836240902320374,0.9225738325548081,0.8513964473154525,0.3646061369475696,0.1369355961247365,1.2468033940169903,0.10718732090744748,0.018094168676242788,0.006398883903297507,-0.08942664118561429,-0.23901836418106795,0.2628802280130514,0.010111868459899507,0.023946047135527643,-0.14450442514745845,0.037048236632378446,0.30234852969625475,-0.1076028152664038
0.0768353056625608,0.13785497426983806,0.17297127674098564,0.12912702038919563,0.1253451440411116,0.19117478910906746,0.18264119462837686,0.1432718914019821,0.16090054636982543,0.2234972372003286,0.16459201402135631,0.20597348126732867,0.07609750125013691,0.24354183711972055,0.19502727454365806,0.16321618048996542,0.2929256289670984,0.12552947582600543,0.17124378634732082,0.1892215392402948,0.26590491080919065,0.1803875765937332,0.3331814461029504,0.17820906568177566,0.5198569683383906,0.20300554117848887,0.5406408374506168,0.3695385201689843,0.032238541455921456,0.22705549577778458,0.9101412023390005,0.2317385508423254,0.17210107212176395,0.2701695234911904,0.2014632152536229,0.7984236529315835,0.1924218965759854,0.3984636336478879,0.6033704854034049,0.21113219550032578,0.4509036080952645,0.25830755343744827,0.2760480276671339,0.3335509396241264,0.36351561412568634,0.17550115986974568,0.2781894353305516,-0.005757072349467542,-0.34575933825779936,0.02268576146415579,0.0013622393546382796,0.11502733414677643,0.04001117821999194,-0.06149094236243383,0.05288856257364505,-0.00401928680787872,0.0797731355637396,-0.14791932173829242,0.04158423155909565
0.0435293615634302,0.1585199419766238,0.10179508649408417,0.1699363856863401,0.193208723622445,0.23783407151517486,0.22390604960182817,0.1588768269633484,0.23152767758070084,0.21487528000934233,0.16566795900034423,0.26371404193947595,0.10929929933621303,0.6259863068883705,0.15456105006825946,0.46851992570125617,0.2688778567115495,0.07306517968380051,0.1924563835128517,0.26127878265486604,0.1765979220131607,0.38260521326252583,0.030278389006988225,0.12275165078159746,0.07797546562268808,0.3299745164330459,0.25095207607010606,0.4077655884524276,0.22617246524467033,0.27545513195823135,0.2317385508423254,0.7416691551168678,0.19493037725775175,0.310650787526082,0.17606633387980095,0.2836929900095937,0.13814300088337275,0.3033687356182474,0.27313657578638934,0.16332949484377987,0.2659883732712032,0.16541878942562205,0.16676665602293236,0.2611273588496529,0.25536045588573486,0.08647650887938146,0.2529619417590436,-0.018707755550132075,0.3194534345346017,-0.10273243624446973,0.006662775665903085,0.09545129855398307,-0.19910446000457005,0.08382164776570586,-0.1275626696385696,-0.06728471608107532,0.19089844301577577,0.08268478639080129,-0.10819948337877487
0.057219081826446874,0.12363892467877445,0.11068234559248193,0.036164324930832305,0.051777836811307015,0.020476461625094377,0.12927509638196275,0.1470288899580145,0.19817343994076814,0.05896543084685555,0.12977832358240945,0.13606311772668134,0.07448745936882026,0.20854279437310758,0.11886683901953837,0.15779183403190603,0.2502380798247126,0.04652164744397008,0.1338006691568116,0.05153706176239207,0.19164682926565615,0.2901630690547202,0.11502615369359813,0.1086281375734402,0.084567494897037,0.10379566410683129,0.39776555393369684,0.34861867390736445,-0.29943562367020177,0.38969454482732124,0.17210107212176395,0.19493037725775175,1.5758687399437843,-0.17068610273681703,0.23643879268166107,0.046699609343214515,0.7898758480892063,0.47650990664686027,-0.24785283942783826,0.11620279097987393,-0.1531747289687949,0.2717429197871318,0.48064524882238063,0.42613585427916073,0.34258415138643,-0.11627174010868552,0.3648162844472831,0.023513726079438035,0.136926705337334,-0.021134117649019978,-0.02327078441063585,-0.09048628393751118,0.08302751021377286,-0.07179921430447879,-0.11485098945411822,-0.036829879048344914,-0.07960701279701393,0.11963203885050014,0.09710266996270077
-0.040429457987338456,0.21848606101890858,0.14488150035785868,0.2555144810734577,0.33235626984660943,0.3332803691254928,0.26066951331661814,0.28474969101853237,0.09511977717055904,0.43215642881302374,0.21477293595382813,0.2678528339429217,0.1358995289526069,0.2956181970558359,0.281484290560967,0.2713739032317755,0.28017247810622364,0.2748577585623274,0.20031785950470757,0.3413123213442631,0.2172135150343456,0.17368863669215326,0.2599878685504441,0.2134817848713665,0.29940384237299433,0.2956392105150508,0.28023110611275165,0.14274354259968136,0.6775882701499948,0.11179277877979872,0.2701695234911904,0.310650787526082,-0.17068610273681703,1.5702640677953092,0.3335837370858047,0.3188544647876767,0.3840496065119191,0.1567306827937597,0.318281831105602,0.12315853965075325,0.3864594037837243,0.32590170733932394,0.2898955931040821,0.23402000365963607,0.20327515492493792,0.26272763122873094,0.333849161246939,0.021275322963631972,0.3245586096426718,-0.0010267333750843084,0.008798299958762986,-0.003815034308846386,-0.0150921771468059,-0.06646384067277428,-0.06813766000775383,-0.04536834113862261,-0.04012304892686348,-0.10461509555331269,0.2769893450576213
