1.078876885297767,0.43281950214445236,0.33730899378159374,-0.04107992907354159,0.2756295897165797,0.21282406836340223,0.31533930556481776,0.2275191764399612,0.09114288457235178,0.16919617136136564,0.19856512343447222,0.20167274159689097,0.1819302550534777,0.21432724643546294,0.20884950649356443,0.20325856809055606,0.17589695759563476,0.18200074627461948,0.061717207315315666,0.17571514358687457,0.22583454954795182,0.15882888345853358,0.12309054230336032,0.06512914241599971,0.21658986351878534,0.131367850646946,0.15516163041319575,0.12036623204760162,0.2425874349213873,-0.008608063449380128,0.1513023804630851,0.09610322904460589,0.08310283035871668,0.06232343715138128,0.22544554217545146,0.20688602745159357,0.1401539761267978,0.12594276665373982,0.176967767360753,0.13874309469222712,0.1990773769813092,0.19384704341370465,0.1695602128753087,0.03134955844408307,0.1405184014467383,0.29842825228680836,0.25828477648854986,0.01606835641804729,-0.03930220740990844,-0.08161484684794457,-0.025462825308558663,-0.021777906579997425,0.05493519267287922,0.02272602096391526,0.1778073714308752,0.044181674155590614,-0.16343982486891456,-0.1282106390797601,0.10808689616400798
0.43281950214445236,4.50621690148236,0.36977635079237825,-0.45131793651723284,0.1873223045346087,0.4296488049160468,0.0008357558274326095,0.05895959609444402,0.13589387823910337,0.12165212564869245,0.06334017081674886,0.07081129784313095,0.04777901827812432,0.10711526555439077,0.03485124395396866,0.04997260466429392,-0.0317399236723184,0.051419682771897825,-0.2916075602915051,0.270845977620864,0.32873906593844315,0.04890535127598398,-0.029669136993833445,-0.04266313790750521,0.029492230777837285,0.22411210486976146,0.0952220065126066,0.06172785664739014,0.15243475878213655,-0.2565829790991224,0.05312487653058477,0.08755537449887109,-0.11581716556107204,0.14408892311345373,0.11839851120811107,-0.026400445119102434,0.018522120684854624,0.1922741687085846,-0.1297093683431453,0.12424114369227408,0.14079452988137733,0.2272784987474525,0.22493572193240957,0.02893510056366053,0.2691367549917799,0.12504152679106745,0.2675003573183135,0.0705350377991015,1.1942818037907004,-0.590091002844912,0.22182139217817354,0.3282015383820454,-0.04930994578673248,0.013823237698542372,-0.7690167634753777,0.01188254826850248,0.09448177614335952,0.5379780864513236,-0.028561147856600043
0.33730899378159374,0.36977635079237825,2.4738068277056944,0.18867325733169515,-0.020003141024603377,0.591989921210583,0.07329539586073315,0.2916589481143057,0.25390166614832327,0.4930911818997964,0.39071810666976636,0.4279298177752637,0.3819149118967274,0.342965964710233,0.3238402261188025,0.3959482473017335,0.4853452370330555,0.2903326501135796,0.257209845448803,0.3412508132752127,0.37773675351078334,0.3472018384402943,0.13905000320785976,0.2154806337999892,0.35009543415930755,0.28160470086538636,0.34925937227612613,0.3869283830897588,0.4724031276716868,-0.4812176514391764,0.30911012250198566,0.31632099067355074,0.24200425362449998,0.38483275763988867,0.4926218987173229,0.4979574289808602,0.47166292369933677,0.28139888592051493,0.22011460193375004,0.08903271065650022,0.4076869788841898,0.3622332271786381,0.30639776147155645,0.0778772822341333,0.30586920928002176,0.7092884329053353,0.6879842785584709,-0.06120550178528721,0.15722395617852847,0.03156461388630139,-0.1142878449621628,0.19173788411019352,-0.07644587091633802,-0.06470988111196027,0.24681887176925218,0.09801457693775495,-0.14877012942554463,-0.2749297406710099,0.08855349158516587
-0.04107992907354159,-0.45131793651723284,0.18867325733169515,2.867032819106156,0.698094421089462,0.509227950254791,0.7195838708684493,0.9237227842569523,0.36167664721146353,0.42481514611790816,0.4370445761056554,0.5174678093086149,0.3818421796520249,0.6403147039521678,0.33018153985383136,0.5774186514373223,0.5640767862164441,0.3093125920117651,0.1361651479854115,0.4187997563429619,0.3358693862483165,0.4245895422578687,0.3962803085977072,0.4421787923345314,0.38485882405602967,0.4965579610813109,0.38369687430229615,-0.08089623903428976,0.5279783318238536,0.27608049367669346,0.2629566643998588,0.45561784447410675,0.32357818358792007,0.5465848957939543,-0.4216140733901919,0.3743094174775948,0.43981641638982366,0.3003308476402616,0.3737840849915253,0.13648110969510044,0.2284255787793459,0.34427436759453006,0.3874259092853469,0.04688205115445336,0.11861876129358126,0.4971499633529136,0.8003910383996891,-0.15537451984860204,0.9499184878518196,-0.20830379725664636,0.006279079476540556,0.24374211590874806,0.12072615073010881,-0.17871159127563968,-0.367879268706207,-0.03730567234321507,-0.3238961135635495,0.4752510116551605,0.09644387981735518
0.2756295897165797,0.1873223045346087,-0.020003141024603377,0.698094421089462,1.685083020724967,0.5244919805110586,0.4269110083246596,0.579586794338014,0.2071221603207058,0.22773842372824596,0.3519469645399513,0.40887863150830933,0.3424601628581303,0.36496928248222243,0.282534645966804,0.39921916894137144,0.36486580636874943,0.29240364262333085,0.057335815975362484,0.3458109128780137,0.28539733303836234,0.29593564012073154,0.33009797175089156,0.32034048411336746,0.29799924044533377,0.3561806835393867,0.27644793116012034,-0.10897088861803422,0.46321960806079915,-0.0314381266531127,0.219504163371995,0.379894688833302,0.23382776411695466,0.4246048195024696,-0.3155254074191489,0.32919281435018544,0.30691743039518604,0.2258224626441539,0.22869009043151609,0.10414646071291517,0.16717802283993116,0.28793917991407186,0.137230543779787,0.021892746653792896,-0.06622959480954169,0.388106967808765,0.6059635648380955,-0.04532410722714058,0.4236576620782551,-0.23482388420389805,0.08729864278302066,0.12513568190390498,0.1890412931951934,-0.13660466756951503,-0.06375631693222578,-0.2356002746646242,-0.295101563539298,-0.012568321004959235,0.5595941881135595
0.21282406836340223,0.4296488049160468,0.591989921210583,0.509227950254791,0.5244919805110586,1.049940339389725,0.04835737296582242,0.386247467471491,0.19425044608294517,0.21048023110373124,0.36150055770653505,0.4064474361410121,0.33539963386075783,0.46085989391501087,0.2624062608960795,0.432773103492899,0.42912780788688687,0.20934714986756164,0.15060536899484542,0.4312068626781476,0.4001940655806623,0.3311009103129714,0.18914480381038815,0.2471819747195663,0.3180446991631084,0.3369772933064888,0.3151456791056007,0.1607825286506247,0.52339080692473,-0.14559720175699373,0.2005079754561806,0.3840867843508904,0.08791100327540678,0.4428430194087415,0.1691361989722624,0.22225378734422846,0.33139014425976604,0.2936266885566678,0.2223096181064224,0.1771515542537149,0.22844692520936294,0.36101516206780193,0.3403774687933931,0.05519199458190978,0.2673120358119497,0.4094537456722419,0.8243660082897489,0.12509464833886647,0.2721163516281047,0.03561164009805596,-0.26325359671181175,0.21208294313357595,-0.12251865624975387,0.03175860729610109,-0.052016410109364655,-0.09833842162435631,-0.269223470947003,0.024756362280929266,0.32310565090738913
0.31533930556481776,0.0008357558274326095,0.07329539586073315,0.7195838708684493,0.4269110083246596,0.04835737296582242,1.0546486829522996,0.3678451139178282,0.16311271966739094,0.2622070510287424,0.291393001729674,0.29400727942907073,0.2468533562252486,0.12600230067129403,0.21669375416100448,0.21555921046523685,0.30331543516504256,0.2732388927361835,0.09398294108067383,0.23159621788612872,0.23377611080029048,0.23810834620536736,0.2301167240315629,0.24372656254893763,0.20476476675237487,0.16535157009181697,0.2180057916190549,0.009176104096665931,0.2274048822291548,0.2188143797711032,0.21027201079057564,0.2437901685509561,0.2400284347474908,0.21788498436020332,-0.1069399545489563,0.32075279853160404,0.219163702448816,0.15417909835314278,0.2958574432262211,0.12262008590184051,0.1397307736326028,0.21162744802219988,0.19673349817286104,0.029503381599657107,0.06461736247764507,0.3425258465468563,0.1517046407804833,-0.1675592473791305,0.3298083939969662,-0.07753517890282233,0.030741316108991064,0.07779715186918196,0.13658638953151706,-0.12511401833429553,-0.05650249605773352,0.10835222325552331,-0.10857562383418741,0.059213735215840835,-0.02179497213011581
0.2275191764399612,0.05895959609444402,0.2916589481143057,0.9237227842569523,0.579586794338014,0.386247467471491,0.3678451139178282,1.1941529331548622,0.20693020004005527,0.4001051627440277,0.30970757906056556,0.24429893597749075,0.3010326246093931,0.4874521579208885,0.2092532557743612,0.38372333726298014,0.45832292217327614,0.21656228857190074,0.1598372976321675,0.4103026450098123,0.25809228283159247,0.28732551569880177,0.2208086362186597,0.2731433105844578,0.3428279629984989,0.38916386822181265,0.26881819117056105,0.05391774897031208,0.44973102601292425,0.22894605436772603,0.21728131825179964,0.21369624379107002,0.19182848858844614,0.4424045919897593,0.13711238060120884,0.21255844498920362,0.4842171534521152,0.25506031818963815,0.40536400056928684,0.16588258548870705,0.2551489549092019,0.275623942046477,0.3474809953684714,0.05762861484842299,0.19802941853733974,0.41430872155196474,0.7845852520709181,0.01821434647235209,0.7693869118576285,-0.1765844477220289,-0.01957853302816046,0.18399918708545362,0.21028118261462644,-0.19881791649483216,-0.14127624963219662,-0.033618582365250574,-0.37686517658394364,0.34341464446826153,0.16627222375574352
0.09114288457235178,0.13589387823910337,0.25390166614832327,0.36167664721146353,0.2071221603207058,0.19425044608294517,0.16311271966739094,0.20693020004005527,0.8245534331283401,0.13536976926092426,0.13698815316180993,0.13139715508518654,0.1367053525213677,0.19492908943242918,0.12918870307992167,0.1316131052051258,0.13317521316440772,0.07006672733221489,-0.07660685036209168,0.2064501967057573,0.1722938309182244,0.31086592527138834,0.1863740224901727,0.24564990184558932,0.1061926766604247,0.3610936873129545,0.1559388590943696,0.010266885599109628,0.165456476919047,0.0474008678584079,0.1691456716949755,0.27485347521889925,0.21564315207121176,0.26997266114378293,0.003786192187338986,0.1952297187409159,0.23331555219694725,0.16757609377898938,0.12024434624421144,0.052146192494175014,0.1386490857902556,0.1788456084113828,0.16213587075004984,0.03832784712735619,0.004046283263961582,0.2719732471159418,0.34377675852566025,-0.08405239188545904,0.8573233270461461,-0.34773718364510087,-0.01510343898742094,0.14874598290623123,0.27709840269838243,-0.14609546003280763,-0.04775598288473437,0.028510945179592555,-0.035614984136308654,-0.023497895557179672,0.09068321567774107
0.16919617136136564,0.12165212564869245,0.4930911818997964,0.42481514611790816,0.22773842372824596,0.21048023110373124,0.2622070510287424,0.4001051627440277,0.13536976926092426,0.738859235404488,0.24571712423323624,0.2542079280648571,0.2413038014950368,0.24516438535826723,0.22030262473037066,0.2385430323286719,0.2955714496717926,0.1648695846654738,0.06635211284120462,0.20463359417688118,0.18293805494745316,0.2136481466962935,0.1858007690719005,0.1811571786212777,0.2423617673487166,0.2027218601476694,0.20975569197771315,0.08090666439159024,0.30727182914728746,0.008532116301456134,0.1666373781118094,0.2088347911056413,0.09495137929259533,0.29911934270909823,0.20082074524614568,0.24723320676127172,0.28656868222328397,0.14048515591368263,0.21621673084638693,0.1288371784560163,0.30020518116741585,0.19259266032761735,0.20794048103002932,0.048970408291654895,0.06605827126501033,0.36791804622967395,0.5530577338632223,-0.03297258807399147,0.3080421641684589,-0.10494678238165167,-0.014786324188252974,-0.005007507394608639,0.1361112705090622,-0.020567560233487964,0.09693352312901639,0.0911397257729736,-0.025808467831141102,-0.17890847821282702,0.09192059221934445
0.19856512343447222,0.06334017081674886,0.39071810666976636,0.4370445761056554,0.3519469645399513,0.36150055770653505,0.291393001729674,0.30970757906056556,0.13698815316180993,0.24571712423323624,0.5674460973641068,0.3571523246276927,0.4082668180556647,0.2680199712784489,0.32158851217579165,0.327814341253773,0.38723864459684737,0.24948928878372928,0.08250346552134005,0.34786252106837173,0.27553263727374055,0.2547897885367761,0.18059001882477943,0.23971573768929225,0.26537508787891767,0.24528398473459326,0.2979238663821464,0.1541691695365585,0.38890414059478784,0.04130463619442165,0.22356391643748488,0.2808348803441279,0.1870968385412279,0.28460184246029124,0.19857985327765335,0.3099264918698395,0.2768671259580845,0.21223145640901214,0.2891771473516938,0.17635888526446505,0.2632540559552005,0.27657170982974905,0.27062886162355343,0.049654347992262385,0.14351412722678494,0.43312905690990333,0.4766120508328192,-0.010449842636640835,0.37016099006485226,0.005410907326093583,-0.10486352673228909,0.00688085878838332,0.05539392036728375,0.0026075989892035546,0.01833877481501356,-0.003287000989186639,-0.14832936557954898,-0.05291257965582384,0.16259745340489248
0.20167274159689097,0.07081129784313095,0.4279298177752637,0.5174678093086149,0.40887863150830933,0.4064474361410121,0.29400727942907073,0.24429893597749075,0.13139715508518654,0.2542079280648571,0.3571523246276927,0.6444708668019201,0.2704134036096738,0.2949396281195989,0.2723788951813229,0.3490070398321465,0.3543801110058198,0.3258422409630026,0.09752659177575149,0.25470505431297313,0.2839575856096007,0.23955354693040243,0.2163108400007946,0.20534465806583746,0.2921113306648619,0.26445034116486665,0.3078243949385431,0.13534997050107492,0.286565243005453,-0.06628593423048386,0.2209343383127235,0.3183367744917732,0.15423909931733107,0.27882800826490134,0.1825806687733366,0.3387534133164907,0.16180190881306938,0.18645061454302794,0.20347076373780873,0.16655565048026366,0.22676394477882453,0.2699662519926566,0.2559229591884591,0.03313382102951303,0.19703432249500183,0.423212923818119,0.4727575439864947,0.009761921828368084,0.014126987997075837,-0.04225361189387077,-0.06519881164800842,-0.0037308182966783033,0.005740862487473166,0.041399429765540736,-0.017382606049832737,0.06995336779466789,-0.20161645558359806,-0.03273187606767162,0.02909681493485163
0.1819302550534777,0.04777901827812432,0.3819149118967274,0.3818421796520249,0.3424601628581303,0.33539963386075783,0.2468533562252486,0.3010326246093931,0.1367053525213677,0.2413038014950368,0.4082668180556647,0.2704134036096738,0.6733561006012952,0.2659706464343899,0.1985587532905662,0.32924604852357714,0.33846307932708347,0.26520414626930366,0.17195940568466234,0.26677106224357006,0.26027381091401913,0.33197327157520923,0.16296180016511386,0.27107243961841715,0.23259425115903654,0.2549153322178354,0.30803811918194757,0.1955513805077519,0.4040596544619803,0.06410640498775416,0.21680316179668815,0.2743191043166137,0.24545566966706994,0.24555504694181776,0.18316277242080806,0.3121698773536563,0.28865857082390634,0.16376971349643057,0.2995736574389796,0.15092614036360086,0.2363243076944157,0.26206137534057344,0.2659802502783457,0.06183951945013639,0.08716403767094584,0.40772178976732054,0.42986708375231225,-0.03088553106586075,0.4439466305293975,0.1328396899691284,-0.08990881781543676,0.003986423927584278,-0.03868723639116648,-0.04284420140753186,0.03723174479261361,-0.049529550057313416,-0.08674670907796096,-0.1390708506804154,0.23470325452358035
0.21432724643546294,0.10711526555439077,0.342965964710233,0.6403147039521678,0.36496928248222243,0.46085989391501087,0.12600230067129403,0.4874521579208885,0.19492908943242918,0.24516438535826723,0.2680199712784489,0.2949396281195989,0.2659706464343899,0.6549445240817208,0.3294743283511326,0.44680397705727504,0.3496542888736571,0.10206684405088301,0.12610014564277836,0.31606670477260057,0.28407461747165913,0.2489601132596773,0.16724236659871167,0.23948911463532,0.29592612114026823,0.3493451878032147,0.25859679806388614,0.1571640035639016,0.38977639990946794,0.09733021470136831,0.15099328337546958,0.27566485153787246,0.11677646842900076,0.31885259607329697,0.25756680661514225,0.22459248453414948,0.27906288925791445,0.2211495458672478,0.19260410128049793,0.17574695199679236,0.3141691535582427,0.2931932688165972,0.30349197623626106,0.05592010264335342,0.15345801998786235,0.40567240470172916,0.6312996242751434,0.1047961001027055,0.6641018874743652,-0.10546161700295675,-0.10704911147101692,0.010214940247695507,0.04135354096764766,0.06097091942140438,-0.07825576949868722,-0.014274989910492614,-0.3472620289057243,0.17226631350022767,0.24386790270813152
0.20884950649356443,0.03485124395396866,0.3238402261188025,0.33018153985383136,0.282534645966804,0.2624062608960795,0.21669375416100448,0.2092532557743612,0.12918870307992167,0.22030262473037066,0.32158851217579165,0.2723788951813229,0.1985587532905662,0.3294743283511326,0.8654238849668227,0.28459824603013606,0.3375109649624086,0.15292101670394592,0.12062475049111544,0.35702640569970545,0.26008886643655915,0.09470154737663058,0.133443040277609,0.24683998084539105,0.2591043196898179,0.18804384059029658,0.24790657436283497,0.26681105654909215,0.32949464203200707,0.23134106252446532,0.20272622741845467,0.27623352319587463,0.20039049625583344,0.21911424537533647,0.2532396055860978,0.3223867807710058,0.26292520799429125,0.22098467643966696,0.24632840845504506,0.17995446047703748,0.3402872654546545,0.2715122524822444,0.23507909223538764,0.04672800695867296,0.07573848552771277,0.4824619698411007,0.4338486111600646,0.010462029778736639,0.5086230796224718,0.18073501052575622,-0.1537022929822833,0.055921098179330726,-0.12005161304525416,0.062396435691289796,0.04141508788240779,0.10514291929181245,-0.28981751338578554,-0.05380722977265706,0.26530635033531796
0.20325856809055606,0.04997260466429392,0.3959482473017335,0.5774186514373223,0.39921916894137144,0.432773103492899,0.21555921046523685,0.38372333726298014,0.1316131052051258,0.2385430323286719,0.327814341253773,0.3490070398321465,0.32924604852357714,0.44680397705727504,0.28459824603013606,0.7258609204020404,0.4416881386379634,0.19767353668292476,0.16769562820085762,0.3015203018356212,0.32204666033584317,0.3456486847913803,0.17358445644639495,0.2339117710872196,0.29304822964283506,0.2502601553340734,0.3269477157028635,0.2106597425678171,0.4345862566161418,0.059968931752107255,0.1991084585226759,0.2797839285913266,0.13712231519957727,0.32739096075702295,0.39005245597566585,0.3061799234120552,0.30474581601709827,0.21610886148789815,0.2601697115402508,0.2081960843732343,0.33300156504426337,0.3414402706426311,0.34433001539692865,0.06000753041724723,0.19536038822641988,0.4503264746515781,0.5953630924424572,0.05801100838657781,0.3528479571424626,-0.20041794549804387,-0.11075296529938077,0.001481820333607684,0.10447360554548664,0.04685801305096602,0.03921045956508202,-0.02744382706050989,-0.3036121180586875,-0.05105413155717328,0.33113802265172465
0.17589695759563476,-0.0317399236723184,0.4853452370330555,0.5640767862164441,0.36486580636874943,0.42912780788688687,0.30331543516504256,0.45832292217327614,0.13317521316440772,0.2955714496717926,0.38723864459684737,0.3543801110058198,0.33846307932708347,0.3496542888736571,0.3375109649624086,0.4416881386379634,0.9215738580273929,0.22894727086979583,0.1883248599403124,0.44806648620277234,0.3173840580388728,0.3089595998962836,0.18884485713197954,0.2515135431368694,0.3536631379740597,0.1893361425313713,0.32607134533984583,0.2741210014445681,0.4973108495958985,0.01969807538801085,0.26404739867310173,0.2576215117595481,0.22759890509598785,0.3295698926752576,0.255213458229386,0.34374694285985435,0.4917497742829218,0.29171235113087973,0.38009503133571654,0.21701569880350188,0.3350121013122365,0.32670609532075945,0.35191296823151125,0.060693437943858265,0.24609999842374386,0.49817439927348445,0.7296708493262142,-0.028898324817438308,0.4275635929885046,0.39528404469528206,-0.12471737278349752,0.08156366749515304,-0.17978578865361797,-0.03098138158791378,0.11249439054170793,-0.05381242864153239,-0.27170821366673076,-0.12103065283044841,0.41678788718721144
0.18200074627461948,0.051419682771897825,0.2903326501135796,0.3093125920117651,0.29240364262333085,0.20934714986756164,0.2732388927361835,0.21656228857190074,0.07006672733221489,0.1648695846654738,0.24948928878372928,0.3258422409630026,0.26520414626930366,0.10206684405088301,0.15292101670394592,0.19767353668292476,0.22894727086979583,1.0808505389100886,0.12659982894271823,0.04194476994262087,0.25485463140318776,0.2539158005330479,0.3733783111499383,0.2146533541628094,0.22547265189948054,0.282833860362058,0.2095299225294057,0.27989639118992315,0.21157476738283248,-0.12050143099942635,0.31816919476838224,0.1911287070696586,0.3330827900692756,0.1218565874888419,0.010364902477046495,0.3663358532220357,0.20912056496010625,0.0923156601400932,0.17276251677194393,0.11114459133993565,0.1172417156065326,0.1887176804875474,0.300215594519296,0.038876970398652774,0.23677804531357044,0.3476663621956432,0.28699361902291404,-0.06826274616437236,0.05641014633281636,0.45863247843167804,0.12857350390826938,0.13092616173598381,-0.44071625437075523,-0.14711267953891244,0.035927055450659676,0.048094249594534795,-0.05302822898589866,-0.03461106507197234,-0.07551636186926618
0.061717207315315666,-0.2916075602915051,0.257209845448803,0.1361651479854115,0.057335815975362484,0.15060536899484542,0.09398294108067383,0.1598372976321675,-0.07660685036209168,0.06635211284120462,0.08250346552134005,0.09752659177575149,0.17195940568466234,0.12610014564277836,0.12062475049111544,0.16769562820085762,0.1883248599403124,0.12659982894271823,1.0026286588116977,-0.03675086921353027,0.1466258593342437,0.11689775569431027,-0.15635913474543908,0.09174697878689655,0.14483735945743473,0.009074743284699373,0.08123144113400523,0.2714162282672916,0.10534309164057581,0.23545922557444104,0.08945510116590533,0.057089043677182885,0.18159455744948808,0.013524997834419582,0.13356468616339645,0.07264393185646469,0.13012816599411334,-0.00041595394524094215,0.2383393801041586,0.0276309003671592,0.05582253326820106,0.11090326414208496,0.050840223675152556,0.014933388617256392,0.01936872489067976,0.1929840619533024,-0.0320304384124481,0.19956579674671282,-0.3426500348205177,0.4877481568836442,-0.036666916674041684,0.07682815961489779,-0.33519734840060134,-0.059541087206577976,0.08201811666743522,-0.007415621330619319,-0.08708648149228138,-0.009618437658244714,0.02135191680820953
0.17571514358687457,0.270845977620864,0.3412508132752127,0.4187997563429619,0.3458109128780137,0.4312068626781476,0.23159621788612872,0.4103026450098123,0.2064501967057573,0.20463359417688118,0.34786252106837173,0.25470505431297313,0.26677106224357006,0.31606670477260057,0.35702640569970545,0.3015203018356212,0.44806648620277234,0.04194476994262087,-0.03675086921353027,1.2900268230407468,0.21278391206862413,0.11323563430464795,0.05129680030477589,0.34475216110191553,0.2761559447224235,0.16534967632134076,0.3941271317923816,0.15133751839864568,0.5243585769693786,0.4971685074100129,0.41088627616954776,0.3391864948414218,0.2453853185563488,0.4727817059925519,0.2740967230538376,0.22493113866452627,0.7568022623278898,0.6714014994783338,0.5589405712791662,0.35915545280005906,0.4185691690511664,0.3275077455634043,0.7228493523650928,0.06437728107995429,0.6981373172392297,0.6492036273538506,0.6502681493829118,0.254191978195386,0.9164973742730596,-0.23785169429480799,-0.2128186939931044,-0.013552703642196089,0.3493987512810318,-0.03754423728026382,-0.03268035650236829,-0.07380625580157191,-0.2172500041464952,-0.04968979990088803,0.3709645674515342
0.22583454954795182,0.32873906593844315,0.37773675351078334,0.3358693862483165,0.28539733303836234,0.4001940655806623,0.23377611080029048,0.25809228283159247,0.1722938309182244,0.18293805494745316,0.27553263727374055,0.2839575856096007,0.26027381091401913,0.28407461747165913,0.26008886643655915,0.32204666033584317,0.3173840580388728,0.25485463140318776,0.1466258593342437,0.21278391206862413,0.6863469077160144,0.24874029092664524,0.11962360447811281,0.13762255922614253,0.21781003092044876,0.2002449141798114,0.2301395729583273,0.2609193074834567,0.29781531432218394,-0.09385876409620494,0.1999454018248723,0.21601685158290213,0.20165511278346024,0.21437508586268492,0.29134954376559613,0.2764198256328973,0.2305325459796716,0.18651151798810528,0.14243094803949666,0.20200319170889833,0.24123582304628263,0.4788079354387636,0.2590774049310725,0.029532312315499666,0.239786114037622,0.37524975854547,0.5557302243007618,0.004308308331281201,0.1374000065571968,-0.013751451361347857,-0.08960571192496432,0.12624598934199996,-0.07085580686929677,0.011296000914786802,-0.0007356838057118188,0.02685383484961278,-0.19070341794454967,-0.010794725780023606,0.16800965826578318
0.15882888345853358,0.04890535127598398,0.3472018384402943,0.4245895422578687,0.29593564012073154,0.3311009103129714,0.23810834620536736,0.28732551569880177,0.31086592527138834,0.2136481466962935,0.2547897885367761,0.23955354693040243,0.33197327157520923,0.2489601132596773,0.09470154737663058,0.3456486847913803,0.3089595998962836,0.2539158005330479,0.11689775569431027,0.11323563430464795,0.24874029092664524,0.7540202471815933,0.31882036655376306,0.2505124453305769,0.1803602460816376,0.24634543576816734,0.24250313220638364,0.07082577044740021,0.3912651033340491,-0.05888651067483608,0.1798177698391069,0.37661293639981896,0.16476686912708832,0.3586431989901371,0.12844578070561624,0.3091259889362505,0.1948929255537473,0.14757382204407782,0.2670544876439233,0.1052971908036343,0.1945175459044875,0.24127575121361824,0.20567493710173296,0.07602756696239431,-0.02040910727362451,0.3479536864346338,0.4671295852530635,-0.06721520067916399,0.26476964746342035,-0.1111455607722404,-0.05599562737212283,-0.0046052715094616085,0.12134019085245018,-0.08110121771591258,0.035960730554622254,-0.0019156445066555782,-0.12717878860737025,-0.0991160392755417,0.1753072474571969
0.12309054230336032,-0.029669136993833445,0.13905000320785976,0.3962803085977072,0.33009797175089156,0.18914480381038815,0.2301167240315629,0.2208086362186597,0.1863740224901727,0.1858007690719005,0.18059001882477943,0.2163108400007946,0.16296180016511386,0.16724236659871167,0.133443040277609,0.17358445644639495,0.18884485713197954,0.3733783111499383,-0.15635913474543908,0.05129680030477589,0.11962360447811281,0.31882036655376306,1.3053270946847355,0.40981178537004576,0.3058625955846244,0.07916322708334067,0.16163791672697017,-0.08650109225344578,0.4712791700662271,0.13977503612068726,0.05384664349728538,0.32192613502276235,0.29262467334053577,0.2626186223890864,-0.16852457325869233,0.5242005379189766,0.26208505540368715,0.09545870019719097,0.3022826091831245,0.1459027143159701,0.1596641477628465,0.14759958573455567,0.1727206506869246,0.13364973919491044,-0.10663905382951738,0.41961358214135364,0.5535644099427972,-0.09472920884580482,0.4808942270386937,-0.06569992037488896,-0.010548622173722681,0.13623241155427818,0.16145141378127265,-0.08365700511801655,0.04981960746624397,-0.029511122863692472,-0.13095346490678417,-0.07498227489437628,0.16948777226224856
0.06512914241599971,-0.04266313790750521,0.2154806337999892,0.4421787923345314,0.32034048411336746,0.2471819747195663,0.24372656254893763,0.2731433105844578,0.24564990184558932,0.1811571786212777,0.23971573768929225,0.20534465806583746,0.27107243961841715,0.23948911463532,0.24683998084539105,0.2339117710872196,0.2515135431368694,0.2146533541628094,0.09174697878689655,0.34475216110191553,0.13762255922614253,0.2505124453305769,0.40981178537004576,0.7953737986600472,0.25217527410717955,0.1141408306423255,0.2666363743075877,0.16707195819098417,0.34961537015169436,0.6060243704967851,0.2643413689954732,0.5634829298458136,0.6413046319771658,0.10669507344583294,-0.018121164955565046,0.6674701436777946,0.28386209338480173,0.26963088421852055,0.3620443312731126,0.11282639063497525,0.1337304239658528,0.22167940476406342,0.21629289475480415,0.05468538250077738,0.017456138924572866,0.6024887585483297,0.5794294729383348,-0.3819637685297301,1.0031837944303938,-0.037405347270464635,-0.18210613787620283,0.12534082925464216,0.2652574557384691,-0.15579054435205525,0.004411873654985538,-0.09583512828872605,-0.12257225634206932,-0.1629446286576702,0.37796048481863026
0.21658986351878534,0.029492230777837285,0.35009543415930755,0.38485882405602967,0.29799924044533377,0.3180446991631084,0.20476476675237487,0.3428279629984989,0.1061926766604247,0.2423617673487166,0.26537508787891767,0.2921113306648619,0.23259425115903654,0.29592612114026823,0.2591043196898179,0.29304822964283506,0.3536631379740597,0.22547265189948054,0.14483735945743473,0.2761559447224235,0.21781003092044876,0.1803602460816376,0.3058625955846244,0.25217527410717955,1.022824974073758,0.18129418159037725,0.24549825799358133,0.10200601873576919,0.7457073113838406,0.2223732123530275,0.20461643626083326,0.27036481343309576,0.0872987913517784,0.449877052131256,0.2383664477797062,0.3119717024652153,0.44256055933665855,0.20929722376686252,0.28988575177973747,0.1480030538675829,0.29864785889658324,0.2324006903905095,0.29684488267920145,0.07527167452471195,0.21356181154099252,0.5547998700210136,0.5481367843596637,-0.12776890529246232,-0.1852967759520701,-0.21860135494613467,-0.017674616121798666,0.008352787079816624,0.12969535774232197,0.007954196351913754,0.07913123984967475,-0.00879628269905749,-0.1643774776069272,-0.00014244466184301654,0.0659340298232549
0.131367850646946,0.22411210486976146,0.28160470086538636,0.4965579610813109,0.3561806835393867,0.3369772933064888,0.16535157009181697,0.38916386822181265,0.3610936873129545,0.2027218601476694,0.24528398473459326,0.26445034116486665,0.2549153322178354,0.3493451878032147,0.18804384059029658,0.2502601553340734,0.1893361425313713,0.282833860362058,0.009074743284699373,0.16534967632134076,0.2002449141798114,0.24634543576816734,0.07916322708334067,0.1141408306423255,0.18129418159037725,1.4596954424796718,0.20241811612353597,0.1343216227767529,0.12794484052243538,-0.32120427644277544,0.19497287368736005,0.26447967723346144,0.04143569311072758,0.434252643876317,0.12369661216329006,-0.0642779745392181,0.22524729710371327,0.14107783182195194,-0.2877994585885955,0.09847676917221862,0.4292314367214041,0.2359888979443972,0.26802371250241697,0.02200049511364075,0.0120096691724555,0.26102706453774965,0.2879941658127565,0.40464452532038064,1.316166661603647,-0.06998619644220914,0.1413245373414571,0.0279081874699215,-0.18321245803720146,-0.00011086929429907864,-0.2794585071930819,-0.011997628320835648,-0.05233211491504485,0.5143253376622522,-0.2863608812193139
0.15516163041319575,0.0952220065126066,0.34925937227612613,0.38369687430229615,0.27644793116012034,0.3151456791056007,0.2180057916190549,0.26881819117056105,0.1559388590943696,0.20975569197771315,0.2979238663821464,0.3078243949385431,0.30803811918194757,0.25859679806388614,0.24790657436283497,0.3269477157028635,0.32607134533984583,0.2095299225294057,0.08123144113400523,0.3941271317923816,0.2301395729583273,0.24250313220638364,0.16163791672697017,0.2666363743075877,0.24549825799358133,0.20241811612353597,0.5300627118768602,0.17398523411006803,0.3128714448220009,0.09197654203101403,0.24950650931017626,0.42740236267449316,0.21889242154651628,0.27838239808505444,0.21492895284610794,0.4209985324649233,0.24633901719004184,0.25790893638434126,0.26384397094032974,0.18750158780891654,0.28615583358995894,0.26251195224931384,0.38093335715762827,0.027069641964775206,0.21593778534471816,0.48804793955806497,0.44031399317260944,-0.06248108721679922,0.5135591573076866,-0.06462453377636672,-0.10479652939538985,0.06159515448955315,0.07753972098876807,-0.002145275659668565,0.007699525841608573,0.02328119979448389,-0.16161392450062975,-0.11119164075536632,0.2345642360546368
0.12036623204760162,0.06172785664739014,0.3869283830897588,-0.08089623903428976,-0.10897088861803422,0.1607825286506247,0.009176104096665931,0.05391774897031208,0.010266885599109628,0.08090666439159024,0.1541691695365585,0.13534997050107492,0.1955513805077519,0.1571640035639016,0.26681105654909215,0.2106597425678171,0.2741210014445681,0.27989639118992315,0.2714162282672916,0.15133751839864568,0.2609193074834567,0.07082577044740021,-0.08650109225344578,0.16707195819098417,0.10200601873576919,0.1343216227767529,0.17398523411006803,1.2849630679135478,0.0867212732188967,-0.24717755302709712,0.22499754967345234,0.071157980169036,0.6286687215921898,-0.2096454758201098,0.7637834274714483,0.37701163230817814,0.3726913845916658,0.131340612855053,0.129808109144014,0.18049548791663622,0.3174297107489114,0.2808095813210291,0.13358802366455624,0.07709796642582724,-0.019127495566501614,0.37239429473462127,0.1624004546168446,0.009033945100253203,0.5868058833276841,0.6217249072330698,-0.23978441684961962,0.6781464324292565,-1.0492089773804374,0.027815425711758556,0.23957645021794638,0.09238548922355791,-0.16037766108330848,-0.2513358674379506,0.21122597202965057
0.2425874349213873,0.15243475878213655,0.4724031276716868,0.5279783318238536,0.46321960806079915,0.52339080692473,0.2274048822291548,0.44973102601292425,0.165456476919047,0.30727182914728746,0.38890414059478784,0.286565243005453,0.4040596544619803,0.38977639990946794,0.32949464203200707,0.4345862566161418,0.4973108495958985,0.21157476738283248,0.10534309164057581,0.5243585769693786,0.29781531432218394,0.3912651033340491,0.4712791700662271,0.34961537015169436,0.7457073113838406,0.12794484052243538,0.3128714448220009,0.0867212732188967,2.379170587686233,0.15653660233953695,0.08720255668058068,0.1987842991550963,-0.03129763954231484,0.6776254314078043,0.1927045630431378,0.5792007424318547,0.99407117571267,0.2320651757015593,0.31608139432754007,0.19827450515434206,0.6008548825247367,0.31258080563644214,0.21009967544962926,0.03274822094646139,0.1639843454230627,0.6257018627878682,0.733277365608796,-0.2877849082479651,1.2341188003271346,-0.16993327515643528,-0.039737980624498466,0.11476204174077247,0.030088995292426833,0.00182247347528904,0.06230790027448706,-0.24903913787503734,-0.25901955586147046,0.13147747762952053,0.31493847698648947
-0.008608063449380128,-0.2565829790991224,-0.4812176514391764,0.27608049367669346,-0.0314381266531127,-0.14559720175699373,0.2188143797711032,0.22894605436772603,0.0474008678584079,0.008532116301456134,0.04130463619442165,-0.06628593423048386,0.06410640498775416,0.09733021470136831,0.23134106252446532,0.059968931752107255,0.01969807538801085,-0.12050143099942635,0.23545922557444104,0.4971685074100129,-0.09385876409620494,-0.05888651067483608,0.13977503612068726,0.6060243704967851,0.2223732123530275,-0.32120427644277544,0.09197654203101403,-0.24717755302709712,0.15653660233953695,3.6427492751209205,0.2179223226582006,0.06629823646346177,0.2793291890243006,-0.1651415608430038,-0.033232008212903924,0.1728498790815837,0.29596669272793696,0.2939013836743274,0.7592708922539536,0.1826532653881783,-0.04689749730569227,0.008205136526918006,0.5028168844053357,0.09293791810278271,0.6624655245544895,0.32768113748285294,0.5003036497624391,-0.028840258064082133,0.25861842427808707,-0.2620439673134334,-0.1326178269570314,-0.6501902688480204,0.9665233381793579,-0.07491036357510422,-0.27565677174606773,-0.22280826051710786,0.04181763754578628,0.42842082442730756,-0.1266207247118619
0.1513023804630851,0.05312487653058477,0.30911012250198566,0.2629566643998588,0.219504163371995,0.2005079754561806,0.21027201079057564,0.21728131825179964,0.1691456716949755,0.1666373781118094,0.22356391643748488,0.2209343383127235,0.21680316179668815,0.15099328337546958,0.20272622741845467,0.1991084585226759,0.26404739867310173,0.31816919476838224,0.08945510116590533,0.41088627616954776,0.1999454018248723,0.1798177698391069,0.05384664349728538,0.2643413689954732,0.20461643626083326,0.19497287368736005,0.24950650931017626,0.22499754967345234,0.08720255668058068,0.2179223226582006,0.9349288639190892,0.17659509186987862,0.4545155810998959,0.061347912209625106,0.09944428608225091,0.5308797523141817,0.2973043068382105,0.31897065791197127,0.30180227353968353,0.134442510692863,0.19843080677778793,0.23315786445875436,0.31384809526838564,0.05970478695109036,0.26732557703545606,0.5909022933457598,0.4637788047504023,-0.1581992477419951,0.16568848110073967,0.09336475943266957,-0.10405005465888131,-0.032161714110389567,0.12686315119826516,-0.14897964920090936,0.0797712139107449,0.04232097214376661,-0.02588313396257796,-0.16712657570487438,0.0563741442116955
0.09610322904460589,0.08755537449887109,0.31632099067355074,0.45561784447410675,0.379894688833302,0.3840867843508904,0.2437901685509561,0.21369624379107002,0.27485347521889925,0.2088347911056413,0.2808348803441279,0.3183367744917732,0.2743191043166137,0.27566485153787246,0.27623352319587463,0.2797839285913266,0.2576215117595481,0.1911287070696586,0.057089043677182885,0.3391864948414218,0.21601685158290213,0.37661293639981896,0.32192613502276235,0.5634829298458136,0.27036481343309576,0.26447967723346144,0.42740236267449316,0.071157980169036,0.1987842991550963,0.06629823646346177,0.17659509186987862,1.549917443749661,0.20976179278406937,0.4786302537461359,0.04544439278467685,0.6432270946199184,-0.2166459159404847,0.2768975467659508,0.2259563697933999,0.08653668053855958,0.26606701701276025,0.2771270235479781,0.1748861498593278,0.021591539339694075,-0.04488933111452153,0.6236371237878487,0.5783889272510201,-0.326209406993912,0.32142920703130806,-0.1139001885068591,-0.12851775153512698,0.3604129919811146,0.030062427204749217,-0.009170354849697705,-0.011655976615974546,0.16064923067416872,-0.22362333750640284,-0.21107847192317805,0.25702720097386483
0.08310283035871668,-0.11581716556107204,0.24200425362449998,0.32357818358792007,0.23382776411695466,0.08791100327540678,0.2400284347474908,0.19182848858844614,0.21564315207121176,0.09495137929259533,0.1870968385412279,0.15423909931733107,0.24545566966706994,0.11677646842900076,0.20039049625583344,0.13712231519957727,0.22759890509598785,0.3330827900692756,0.18159455744948808,0.2453853185563488,0.20165511278346024,0.16476686912708832,0.29262467334053577,0.6413046319771658,0.0872987913517784,0.04143569311072758,0.21889242154651628,0.6286687215921898,-0.03129763954231484,0.2793291890243006,0.4545155810998959,0.20976179278406937,1.8217313176507022,-0.414015083973127,-0.23414084704228375,0.7053306075650813,0.5533584675025977,0.2450230131704748,0.32854849305508804,0.0486959115086986,-0.05429755240629986,0.28796972114269764,0.20453217453797312,0.046547575930201916,-0.289565443751139,0.7245021325726693,0.6203139847609008,-0.7274993552151316,1.0687903742022091,0.2585680580129928,-0.30872878930631126,0.2752967273639341,0.1733474867919717,-0.39334745378591923,0.20569145746104955,-0.10311205189744922,-0.16051202426686564,-0.19304817601834368,0.3767462467864927
0.06232343715138128,0.14408892311345373,0.38483275763988867,0.5465848957939543,0.4246048195024696,0.4428430194087415,0.21788498436020332,0.4424045919897593,0.26997266114378293,0.29911934270909823,0.28460184246029124,0.27882800826490134,0.24555504694181776,0.31885259607329697,0.21911424537533647,0.32739096075702295,0.3295698926752576,0.1218565874888419,0.013524997834419582,0.4727817059925519,0.21437508586268492,0.3586431989901371,0.2626186223890864,0.10669507344583294,0.449877052131256,0.434252643876317,0.27838239808505444,-0.2096454758201098,0.6776254314078043,-0.1651415608430038,0.061347912209625106,0.4786302537461359,-0.414015083973127,1.9438931812543958,0.24889997511093825,-0.2694570751016535,0.9754399536318223,0.17464952410762583,-0.0018618415158139488,-0.005716743914635887,0.4953295728791176,0.24191402691191544,0.41323560209072324,0.13743651777211155,0.07243566601628457,0.13642310833230148,0.6550940169680417,0.6383161539154951,-0.07180742411391551,-0.49942663938367193,0.07347569090865466,0.03900115088057925,0.312523541543876,-0.061352334370904836,-0.03470777356554688,-0.010886616301712115,-0.2238480637196838,-0.009086951282412218,0.22357897720473147
