0.8816028911551956,0.20956971086429327,0.5168519447258891,0.11787714149981793,0.11227639034874963,0.1017304741582164,0.09771652526282355,0.03791404008638861,0.16609194581167389,0.07980004095705191,0.05385744709239842,0.09108009982787771,0.08987339235410687,0.08728036281553403,0.10489127176665605,0.07533269837381087,0.06772210007658283,0.1108947637413395,0.09529553659390592,0.06461675026295226,0.08350692196980646,0.12369616807170261,0.13811370068263434,0.08122070298865132,0.13378814739470032,0.06111056790551281,0.06486530822720905,0.06729692852065261,0.139282143980887,0.025430280795516916,0.07301858537350302,0.07693709485335047,0.07652526494106485,0.16979708493996742,0.07985681738804186,0.07898146205710174,0.1355441893726152,0.058558508380084584,0.08798520214290481,-0.027667954175215632,0.06852177005561057,0.07755763173891353,0.0961754541916034,0.14103326977150843,-0.002602045946086991,0.20513574605778345,0.07131460612813878,0.0041840863284315685,0.034149015150398296
0.20956971086429327,1.6540815064717795,0.7407999701969731,0.059299316730323556,0.21347338747975214,0.5190984730775448,0.39294958698833726,0.4557252170487922,0.48049456674891833,0.41952898831001006,0.4303639034214386,0.3563349793449819,0.4122641919140272,0.3537505213124263,0.4437631650768076,0.3425918409585902,0.4018972086551651,0.48886661867510584,0.33325703815828883,0.4998951397519655,0.3352010825053997,0.26606160262442075,0.044523826430656326,0.527917754425064,0.3466899615773775,0.3590519562328742,0.331447065454302,0.46698025857439096,0.4660236937353312,0.21729043050922697,0.287665242141401,0.34118763216275144,0.31360383046507606,0.43559000984333296,0.23787599812047497,0.2918627283959968,0.5079158296291366,0.29986828843467217,0.3852848333956467,0.12289094701545518,0.3008457626479388,0.3168043245671362,0.3467731592967148,0.18893694894127389,0.23673584620935662,0.31171574786000156,0.43471881206851615,0.014983861386876858,0.6313086471445425
0.5168519447258891,0.7407999701969731,2.153128668708957,0.2746588181075397,0.23661837271292058,0.5412467012216257,0.3673183683137914,0.48373209953591106,0.6681686540808701,0.40195731064320195,0.36683029504207626,0.3680799145235257,0.4356721429760691,0.3383826927627068,0.45458140026296967,0.3256856511263371,0.45701864285490684,0.40924501109509764,0.4144179230331318,0.40720633028335207,0.3475252241612157,0.41857857011565036,0.2917995902407371,0.6237917963971029,0.4268504003681166,0.40501437090091585,0.3055499250667916,0.44787602945199023,0.5879425243363626,0.05665174234121288,0.2990319268061706,0.2929830016485354,0.3128180877048226,0.6879690122916772,0.3204867082651266,0.321777093544563,0.6077148609208672,0.2997939462803123,0.33885407384720023,-0.0740017641517671,0.29208399452987316,0.3389606535194508,0.3947599360304083,0.44478701708611346,0.0855112203333155,0.7662432003069094,0.4203817513637999,0.015798759510426235,0.28150714614642863
0.11787714149981793,0.059299316730323556,0.2746588181075397,1.4038216725750983,0.6039263660746651,0.5338346527066729,0.3894229353411257,0.4046309888225555,0.3402384830993013,0.46246123637967684,0.41572674767827966,0.4428951141953309,0.4342670553014971,0.45381801312766035,0.37178426942468357,0.4512184523428632,0.3948786179434647,0.4072486240941613,0.5025617974504653,0.34543659683596856,0.3300351883969366,0.43848163705456406,0.35579364324506707,0.5929196427149117,0.4202899220868364,0.30126937753970945,0.3445323652352189,0.3460029431180187,0.46287487816168676,0.34412000522131875,0.35080214954933797,0.4443091384276286,0.37124448327969,0.516821155909811,0.3219812712789027,0.3283216735935555,0.4517732965293088,0.23765468202640733,0.46547720574825546,0.13161302753842655,0.26905132751518246,0.32534765142949107,0.36615814709497396,0.40974431569485636,0.0526909923899229,0.3145203719661395,0.5948079048683897,0.017946609132646833,0.20775518968491957
0.11227639034874963,0.21347338747975214,0.23661837271292058,0.6039263660746651,1.8227191659140345,0.5600797785530405,0.4744456018091463,0.5191340011004212,0.43999678116738433,0.5600863649381157,0.4827908927982893,0.5604780194807855,0.5902571711853885,0.5637098777860547,0.5106156483152127,0.6544197874833403,0.4217219841211401,0.49921469841305544,1.013504044223078,0.3596632778758599,0.35229681602651974,0.5446127774399857,0.41727937233715295,0.783792485872463,0.4008829204046817,0.3286909186578073,0.4291262037656943,0.384711746499611,0.5849744720305448,0.34596047738018826,0.3962267005686132,0.536032811805835,0.44942277735465097,0.4707606658232574,0.3045933555085328,0.49436290211438894,0.4189903663700975,0.26623287937975987,0.5825331211808383,0.20699468953029024,0.2858845916213903,0.3599642284529166,0.3529780711937211,0.29749108312242845,-0.07819011987237454,0.37924605548050977,0.45757577548635037,0.026813413513431104,0.7689741251495397
0.1017304741582164,0.5190984730775448,0.5412467012216257,0.5338346527066729,0.5600797785530405,1.196295906890699,0.5367922339901711,0.7807177648423727,0.6797401041493878,0.6511667648704487,0.7267126070415786,0.6139366670823563,0.7248412455329822,0.6876836515470764,0.6282877697613828,0.6603636794482368,0.7115846327137358,0.6426190876337149,0.8596609970454818,0.6766791112069549,0.5513742645896103,0.7116814458706691,0.48219324154551474,1.0311065186398034,0.6764278341009184,0.5817940738951204,0.5596178095240074,0.6978961327746912,0.9349356935824823,0.4007482208829899,0.5292787136503742,0.6701407059303662,0.5578313091694372,0.839905670658204,0.3841583222547979,0.4395958893127572,0.8383201874815405,0.42914783109730953,0.7588498297773892,0.2819668028713205,0.39752646290899085,0.5298362417950248,0.5850490879163249,0.3473361866281343,0.2165454515785848,0.37006166807262214,1.0716545532144532,0.03914455961030432,1.0611005450083228
0.09771652526282355,0.39294958698833726,0.3673183683137914,0.3894229353411257,0.4744456018091463,0.5367922339901711,0.8090929711984804,0.48580886688617675,0.5619876979147925,0.49718028075320275,0.5748068689846364,0.6090157330030069,0.5829174336416345,0.5914340018221382,0.44243038086369224,0.5770324529099056,0.5394373739616253,0.5437393316954527,0.4976992747024858,0.39713064020682426,0.42762957551148695,0.6143432019140377,0.5141332084393074,0.773929911721137,0.4929457124184355,0.4161599158739796,0.45653122084197517,0.4704111436490085,0.6296200387337749,0.45120064723403697,0.43013595906574853,0.5647045106767541,0.48488398900456353,0.5365783373266307,0.34095859188117644,0.4711528315131135,0.5382298940294682,0.2640016617341696,0.6296703773202531,0.23218226067289346,0.33850990534763864,0.4140042642201073,0.4451294386931729,0.3042253259633703,0.11696252298596344,0.3126749940290765,0.5592624526889164,0.01686168935135709,0.8970624049077968
0.03791404008638861,0.4557252170487922,0.48373209953591106,0.4046309888225555,0.5191340011004212,0.7807177648423727,0.48580886688617675,1.0773938282653102,0.49866385617249126,0.6433409618535844,0.7101062825691707,0.5297489926807548,0.6910560063187265,0.5811726367996327,0.545759110557764,0.6045258428310571,0.6455551687435491,0.6316810523548007,0.6504337498858271,0.5789352883593502,0.44809007664257117,0.6009807735798584,0.4295095122951186,0.8081600783614484,0.5645497000162427,0.5469256871601628,0.50609255848131,0.5172317854975008,0.7415135741047164,0.36598810495812734,0.46366377483944665,0.5465183294889396,0.5042437227099588,0.6813284644358866,0.39125780479009925,0.3801477569699999,0.740561550569715,0.36592977930804715,0.6880049155378617,0.27269451538983996,0.4015594409452972,0.450472152773816,0.5030979038695611,0.27742116734274036,0.1928530120060284,0.32230051959201067,0.9934032697400067,0.03514325333399117,0.8320835301044406
0.16609194581167389,0.48049456674891833,0.6681686540808701,0.3402384830993013,0.43999678116738433,0.6797401041493878,0.5619876979147925,0.49866385617249126,1.0097600648884295,0.4677255676808727,0.5101213411634103,0.49210416592655387,0.5892264788164242,0.6886217426574757,0.5078063815724331,0.562630328393223,0.5866571561615067,0.5613989762952587,0.5622872934341178,0.4629152265928704,0.46800543369030495,0.622667606953928,0.5264789377144532,0.8380338173071129,0.5981996057892403,0.4718404254620727,0.45606594665374506,0.6103788688291181,0.7085445334182229,0.43962618826398836,0.4704415677847267,0.638025475056834,0.5225724562950056,0.6732351498433703,0.41311147937204573,0.45927777694306576,0.6612389560456845,0.3080233619856667,0.6291786433436293,0.19361772352289144,0.3712235473034613,0.4540846097411045,0.5042339621975414,0.3716033446887099,0.14280786612730972,0.4446358305261393,0.7621453530174218,0.021619207442168196,0.6375536782206137
0.07980004095705191,0.41952898831001006,0.40195731064320195,0.46246123637967684,0.5600863649381157,0.6511667648704487,0.49718028075320275,0.6433409618535844,0.4677255676808727,0.9800286578444761,0.5838172112610464,0.5236764890140215,0.6145436102547022,0.5828039698678509,0.5313043021207362,0.5780064824288869,0.5791238013817066,0.6043350696477577,0.5910222482401155,0.5189380839201759,0.42847725765900274,0.5599841194901752,0.4503082773785261,0.7747243266251602,0.5229388424906739,0.42028158073311234,0.47164909455831394,0.5478477755096447,0.6638008359744633,0.48907238944384623,0.4478174675059178,0.5596349505490474,0.5296979103114796,0.6341083034469588,0.4163862120186144,0.42458784224459395,0.6601191268547295,0.330756848053363,0.6523282291060146,0.251503234709037,0.4295718135423973,0.43197375415100797,0.4804831820489193,0.3428766517470164,0.0972423686438873,0.35793840197765475,0.8734009839089014,0.02879236207631527,0.8722423197125435
0.05385744709239842,0.4303639034214386,0.36683029504207626,0.41572674767827966,0.4827908927982893,0.7267126070415786,0.5748068689846364,0.7101062825691707,0.5101213411634103,0.5838172112610464,1.0395893764586779,0.6463701153295442,0.718756604604674,0.6325840070850326,0.6201245694639379,0.6358940345036236,0.709691928124344,0.6263878502713386,0.5860720018582675,0.5821653487207932,0.5020041655591546,0.6193467350214356,0.5117152991483368,0.8174982073952456,0.6144002329351549,0.5825751245639823,0.5439454344727634,0.6458960025288558,0.7609266902154439,0.44757345847307356,0.5269177391835895,0.6194735399286672,0.5448284279031417,0.6261962896570382,0.4440264913915501,0.4760357989482524,0.7177605048885705,0.36443919070589625,0.6890803918325265,0.31381264253839714,0.4379798305179071,0.5009406378677014,0.508442751774878,0.24356274181407273,0.21421376326344344,0.3836528647811663,0.9298258033053862,0.035118545134526474,0.5736681759675362
0.09108009982787771,0.3563349793449819,0.3680799145235257,0.4428951141953309,0.5604780194807855,0.6139366670823563,0.6090157330030069,0.5297489926807548,0.49210416592655387,0.5236764890140215,0.6463701153295442,0.9364058079991002,0.5864629047017076,0.5915347452772337,0.46381332492068755,0.6115797744060996,0.5647337269212986,0.5149253538677664,0.5769686365318903,0.45335899625928167,0.4152468228467655,0.5759308145729272,0.48774352708696483,0.7423157993314689,0.501221103465368,0.46915970652866007,0.5307898319315324,0.39720531058030745,0.6162059260888948,0.4024365405417699,0.4543482742562872,0.5845510893589508,0.4926688618187333,0.5650828487265788,0.33064678702105155,0.4654292581183702,0.556232427943289,0.29601465127786014,0.6710252626432938,0.26186736491008267,0.3498100107257705,0.41468801587175097,0.4559389441721747,0.2899169745655925,0.09715454253539815,0.26822781251929423,0.6373834697503705,0.02441369010849799,1.1944919509476026
0.08987339235410687,0.4122641919140272,0.4356721429760691,0.4342670553014971,0.5902571711853885,0.7248412455329822,0.5829174336416345,0.6910560063187265,0.5892264788164242,0.6145436102547022,0.718756604604674,0.5864629047017076,0.9952504673131624,0.6369469283032212,0.4871009681153095,0.6671839991320055,0.6564783625089412,0.6413260235831842,0.6667746174700062,0.46600340137669427,0.4637467585361445,0.8098346858896128,0.5202248179337692,0.8692920278723604,0.5899770666428105,0.4832871836532523,0.5552328661469365,0.5805332667500156,0.8295713824330697,0.43319933491720364,0.48251648204315123,0.6284713233653834,0.5308359771241424,0.7027442469430175,0.45871868022686496,0.47031373280003264,0.664042119737302,0.3179452297010295,0.6976853424472584,0.2686426919354121,0.38344918171225456,0.4641063903246091,0.5235225557286467,0.32251160231590237,0.05965737781013044,0.41134297698793937,0.879618667576855,0.023898024991283053,0.7881316930564636
0.08728036281553403,0.3537505213124263,0.3383826927627068,0.45381801312766035,0.5637098777860547,0.6876836515470764,0.5914340018221382,0.5811726367996327,0.6886217426574757,0.5828039698678509,0.6325840070850326,0.5915347452772337,0.6369469283032212,1.1607770784451035,0.5889260277779812,0.7235902285781005,0.70558995258347,0.5287097021825011,0.6256912078346257,0.6162038295023,0.4875068483427349,0.6726031130423038,0.562120259322001,0.914430814798684,0.7136409562044111,0.497813777253201,0.5861751194489432,0.7203409183147794,0.7478150915649967,0.5894032614469887,0.5450040065073164,1.028192057196585,0.6119968335404811,0.7357875620724916,0.5238779341513854,0.5640812619037346,0.7320804010449671,0.3808454512625755,0.7326680962112931,0.29612822396404437,0.5434368421514867,0.512605244595506,0.5824607430718592,0.37471741849453605,0.09129089116925652,0.3554241680006242,0.9652587448511548,0.02492072561273656,1.2199947830971798
0.10489127176665605,0.4437631650768076,0.45458140026296967,0.37178426942468357,0.5106156483152127,0.6282877697613828,0.44243038086369224,0.545759110557764,0.5078063815724331,0.5313043021207362,0.6201245694639379,0.46381332492068755,0.4871009681153095,0.5889260277779812,0.9007508233355762,0.5527443163197511,0.5655841438215699,0.5816927644274801,0.5550248457458608,0.49706366724969925,0.4288800302910412,0.41204587578477186,0.46212417325672706,0.8091231649597647,0.5882201105728533,0.44596173802832595,0.4267293590677183,0.6498098461270462,0.6859999748586079,0.4637638940429816,0.4233636178412648,0.5370654650377674,0.5153969289340417,0.5736552317588108,0.39820669882272686,0.4345286786040672,0.635685169503103,0.29279878453469493,0.5329841095703038,0.2158584906527557,0.4155139794853116,0.43080873370591155,0.4407984363075865,0.2733674880759828,0.0949396956773251,0.4335469916197061,0.7821040096326185,0.030019004759017788,0.6514047863104357
0.07533269837381087,0.3425918409585902,0.3256856511263371,0.4512184523428632,0.6544197874833403,0.6603636794482368,0.5770324529099056,0.6045258428310571,0.562630328393223,0.5780064824288869,0.6358940345036236,0.6115797744060996,0.6671839991320055,0.7235902285781005,0.5527443163197511,1.2630211218353942,0.615188295239021,0.6923347371167384,0.6657480295312456,0.4699578221129886,0.4395353971987943,0.6051116004907937,0.4016827737862168,0.9012116516323073,0.5091259108002999,0.4102849130545963,0.596176446451836,0.6591872080087599,0.7101539433358222,0.4836483101257915,0.45263086359782656,0.6909107495366583,0.5024218625476822,0.5818776935353082,0.48442938161677046,0.5338081433474017,0.6554578735836075,0.2836805476261016,0.6645179876574361,0.29447875857359385,0.4404207283231933,0.46575169086892526,0.5213202612519056,0.30767594815902716,0.11877149962545523,0.3222526405682552,0.7827645349725485,0.012546720202837362,0.9456390563869275
0.06772210007658283,0.4018972086551651,0.45701864285490684,0.3948786179434647,0.4217219841211401,0.7115846327137358,0.5394373739616253,0.6455551687435491,0.5866571561615067,0.5791238013817066,0.709691928124344,0.5647337269212986,0.6564783625089412,0.70558995258347,0.5655841438215699,0.615188295239021,1.2655554228544088,0.4187085333515341,0.5748043017475212,0.6058990458395641,0.5934988060298998,0.7052983006476705,0.5398614736567172,0.7054150186234919,0.6718331104297565,0.5333959067673091,0.5350493388253702,1.077464802293838,0.7357045181452597,0.4425432786317537,0.5725476065401465,0.6690576627725723,0.5892224004825678,0.6909443191937514,0.5301280397839521,0.4481055535772294,0.908914066726163,0.3898559012803503,0.7725978612262603,0.3499389539599455,0.5862582014591224,0.5960358000912146,0.5264057418274534,0.28226742604519106,0.3122485366589369,0.32159483726359256,1.158358677817655,0.04603862284960273,0.8313163827617216
0.1108947637413395,0.48886661867510584,0.40924501109509764,0.4072486240941613,0.49921469841305544,0.6426190876337149,0.5437393316954527,0.6316810523548007,0.5613989762952587,0.6043350696477577,0.6263878502713386,0.5149253538677664,0.6413260235831842,0.5287097021825011,0.5816927644274801,0.6923347371167384,0.4187085333515341,1.4107813254049266,0.5469028173201209,0.30531024505617843,0.35350133082766777,0.6152211492122589,0.5234433819636479,0.95690583887903,0.5922806873675759,0.3270015134169355,0.44744306480985874,0.5872491688318284,0.7757346011767727,0.42578325273941636,0.3908216643470355,0.47417276302229633,0.5485479223249493,0.5779001927890499,0.32103091827859126,0.44066365550451275,0.5296903909437004,0.2147945642435039,0.5982392513518389,0.1955486459603851,0.21368316763762163,0.33619233706400126,0.5085126803164852,0.25043057967551635,0.07878865115262865,0.3585848579982878,0.7545568393669246,-0.0009603711407673729,0.5256782583280323
0.09529553659390592,0.33325703815828883,0.4144179230331318,0.5025617974504653,1.013504044223078,0.8596609970454818,0.4976992747024858,0.6504337498858271,0.5622872934341178,0.5910222482401155,0.5860720018582675,0.5769686365318903,0.6667746174700062,0.6256912078346257,0.5550248457458608,0.6657480295312456,0.5748043017475212,0.5469028173201209,1.1665777848920635,0.48269073368854537,0.4612883329159419,0.6470477793019014,0.3885078541702242,0.912224989806434,0.5466966038146811,0.4239832685770548,0.49057180469029715,0.5704102010668204,0.7679868437919891,0.41480620183872935,0.45810413350517765,0.5923417817863535,0.5233706176705287,0.6330517849540168,0.34598384788625136,0.5046399673357417,0.6319043116552672,0.3388155465992341,0.6899672146437785,0.22840955183934286,0.3418750713436775,0.4461068365508079,0.47509615112650505,0.3527024751255193,0.0719153793963623,0.4168194825489953,0.676654311156409,0.03351779970804979,0.9050086151730702
0.06461675026295226,0.4998951397519655,0.40720633028335207,0.34543659683596856,0.3596632778758599,0.6766791112069549,0.39713064020682426,0.5789352883593502,0.4629152265928704,0.5189380839201759,0.5821653487207932,0.45335899625928167,0.46600340137669427,0.6162038295023,0.49706366724969925,0.4699578221129886,0.6058990458395641,0.30531024505617843,0.48269073368854537,1.6773922618089045,0.3751796700194626,0.014719133858854662,-0.15046528663898986,0.6731285824928271,0.38350197391728447,0.5132251469690557,0.6104230491271532,0.7320549391529456,0.4929462983374179,0.4945632959092045,0.6006048319069371,0.6408464819523099,0.4894934739329247,0.5444024447921793,0.3016610879528151,0.479196869238807,0.9641139639486418,0.8409427821826414,0.8054550175374839,0.3619658362860977,0.6474870042977628,0.4480480106689357,0.6222367926920683,0.2113798743153927,0.7943703292596374,0.23762585720891183,0.35229312268595103,0.04827488390418379,1.7102352164953527
0.08350692196980646,0.3352010825053997,0.3475252241612157,0.3300351883969366,0.35229681602651974,0.5513742645896103,0.42762957551148695,0.44809007664257117,0.46800543369030495,0.42847725765900274,0.5020041655591546,0.4152468228467655,0.4637467585361445,0.4875068483427349,0.4288800302910412,0.4395353971987943,0.5934988060298998,0.35350133082766777,0.4612883329159419,0.3751796700194626,0.8537660370788653,0.5111925297137058,0.37571295896184953,0.44463552369786863,0.5352824424817404,0.5190973198308942,0.37825527150737287,0.5734170829054924,0.5985566170626578,0.47845656700350936,0.4721676719504241,0.4796220261962072,0.45388917779968396,0.5280062531048603,0.6042088544082352,0.4066103748239281,0.8276652059169937,0.28755472308198954,0.4729313456288704,0.30552022647416605,0.648320725434327,0.690217388014444,0.42062598984367133,0.26465679620579347,0.42661675269727545,0.30291405405121247,0.930486894620038,0.058600552855985755,0.6797663752366493
0.12369616807170261,0.26606160262442075,0.41857857011565036,0.43848163705456406,0.5446127774399857,0.7116814458706691,0.6143432019140377,0.6009807735798584,0.622667606953928,0.5599841194901752,0.6193467350214356,0.5759308145729272,0.8098346858896128,0.6726031130423038,0.41204587578477186,0.6051116004907937,0.7052983006476705,0.6152211492122589,0.6470477793019014,0.014719133858854662,0.5111925297137058,1.7320793277314397,1.2490616413614426,0.8354588802482101,0.5835156131784625,0.3255458926444594,0.4674755740428353,0.493184963037629,1.041206182978438,0.44892818732137413,0.511507407329232,0.7161982057883759,0.5870756676185099,1.0052364919099415,0.5507502833385658,0.3788839117855419,0.6269293150595141,0.13473992109472152,0.8770726740613223,0.2544173679737214,0.26374321988470933,0.48472216399941154,0.5650952586319865,0.49701597270749914,-0.28138900402170075,0.48666300717738825,1.2276555382572925,0.034935909214300426,0.6248451038294617
0.13811370068263434,0.044523826430656326,0.2917995902407371,0.35579364324506707,0.41727937233715295,0.48219324154551474,0.5141332084393074,0.4295095122951186,0.5264789377144532,0.4503082773785261,0.5117152991483368,0.48774352708696483,0.5202248179337692,0.562120259322001,0.46212417325672706,0.4016827737862168,0.5398614736567172,0.5234433819636479,0.3885078541702242,-0.15046528663898986,0.37571295896184953,1.2490616413614426,2.9416465659795037,0.9416661639485013,0.9570528828877546,0.20478314662039898,0.3089199038884305,0.4082671826184133,1.1866769357621147,0.6622213910044957,0.45751873167327806,0.45057564317553866,0.7914667795499816,0.915036852594681,0.4761688189077171,0.31490054425495806,0.7097043379252089,-0.050387131963834264,0.9387696753982921,0.30600379448202025,0.19569198869554816,0.3899218098896773,0.4824012872676447,0.4103663933485405,-0.47542319341656014,0.5926324520775667,1.4406275215087865,0.07892071124209755,0.4871816367048251
0.08122070298865132,0.527917754425064,0.6237917963971029,0.5929196427149117,0.783792485872463,1.0311065186398034,0.773929911721137,0.8081600783614484,0.8380338173071129,0.7747243266251602,0.8174982073952456,0.7423157993314689,0.8692920278723604,0.914430814798684,0.8091231649597647,0.9012116516323073,0.7054150186234919,0.95690583887903,0.912224989806434,0.6731285824928271,0.44463552369786863,0.8354588802482101,0.9416661639485013,3.258462543594499,0.9356383651543325,0.6449993484937135,0.6247928893716728,0.7356801070210895,1.4136144711237137,0.9199585530308948,0.5898933712318168,0.7957688631144045,0.9412092950659111,1.0475664026945615,0.6371221787363258,0.9144493827062338,0.7476653426662865,0.394754689999103,0.8673376420320692,0.2685621150261433,0.19232663552656284,0.5308487433468322,0.8033328000783508,0.44125234946182124,-0.1984141746637986,0.716102872063112,1.0353966985243943,-0.03034712474283669,1.5659371256840726
0.13378814739470032,0.3466899615773775,0.4268504003681166,0.4202899220868364,0.4008829204046817,0.6764278341009184,0.4929457124184355,0.5645497000162427,0.5981996057892403,0.5229388424906739,0.6144002329351549,0.501221103465368,0.5899770666428105,0.7136409562044111,0.5882201105728533,0.5091259108002999,0.6718331104297565,0.5922806873675759,0.5466966038146811,0.38350197391728447,0.5352824424817404,0.5835156131784625,0.9570528828877546,0.9356383651543325,2.559350770064455,0.42750710904726924,0.46796421275110045,0.6827097926951838,1.4984826199369883,0.8852989726696582,0.6335532099889755,0.7095055680639649,0.7086011332690564,1.0151413291819462,0.7212042993767068,0.6073593856958015,1.0511071300583925,0.3676842122904342,0.85867501797064,0.2244557966284683,0.5775152002348158,0.557297999429115,0.6565573243907075,0.658731447154593,0.057727845419854595,0.7627588308931705,1.2712603537349016,-0.014328321646331816,0.4957337247896841
0.06111056790551281,0.3590519562328742,0.40501437090091585,0.30126937753970945,0.3286909186578073,0.5817940738951204,0.4161599158739796,0.5469256871601628,0.4718404254620727,0.42028158073311234,0.5825751245639823,0.46915970652866007,0.4832871836532523,0.497813777253201,0.44596173802832595,0.4102849130545963,0.5333959067673091,0.3270015134169355,0.4239832685770548,0.5132251469690557,0.5190973198308942,0.3255458926444594,0.20478314662039898,0.6449993484937135,0.42750710904726924,1.92713611295309,0.39648959895317365,0.5907477087544322,0.5263389709885525,0.04221307039429649,0.4838202503818966,0.49137542748233914,0.33897024191527636,0.5723899743697927,0.44542528389741415,0.2726260366476285,0.6896372192436527,0.3480230983467001,-0.23738776394880262,0.23207021526592012,0.5524591682399457,0.5353220141365433,0.4091917640224822,-0.10557284916862275,0.39979196065726763,0.26658808878202606,0.6156369684641789,0.10095773584411502,0.8126480529977173
0.06486530822720905,0.331447065454302,0.3055499250667916,0.3445323652352189,0.4291262037656943,0.5596178095240074,0.45653122084197517,0.50609255848131,0.45606594665374506,0.47164909455831394,0.5439454344727634,0.5307898319315324,0.5552328661469365,0.5861751194489432,0.4267293590677183,0.596176446451836,0.5350493388253702,0.44744306480985874,0.49057180469029715,0.6104230491271532,0.37825527150737287,0.4674755740428353,0.3089199038884305,0.6247928893716728,0.46796421275110045,0.39648959895317365,0.710574315880547,0.5529993612811898,0.5538240489516215,0.4021993894945552,0.4572491444989569,0.6606803621457343,0.4932466999477435,0.517536205362558,0.35536201601418715,0.47829838960612703,0.6121105373938762,0.3629117084095672,0.597061431468931,0.27112664459349395,0.43034378286320873,0.40144577072900856,0.477781066111456,0.1990749163575753,0.22256310065432763,0.25553280455707045,0.625995341076309,0.019503073650683295,0.9767728968244892
0.06729692852065261,0.46698025857439096,0.44787602945199023,0.3460029431180187,0.384711746499611,0.6978961327746912,0.4704111436490085,0.5172317854975008,0.6103788688291181,0.5478477755096447,0.6458960025288558,0.39720531058030745,0.5805332667500156,0.7203409183147794,0.6498098461270462,0.6591872080087599,1.077464802293838,0.5872491688318284,0.5704102010668204,0.7320549391529456,0.5734170829054924,0.493184963037629,0.4082671826184133,0.7356801070210895,0.6827097926951838,0.5907477087544322,0.5529993612811898,3.2501597213196134,0.7553067421932745,0.4619231466282633,0.6522715677811659,0.6789685277180142,0.9445376467807406,0.47589978864624444,0.3946956014074446,0.4420840742226309,0.9146265637932779,0.4223480190426755,0.599626667855796,0.3370918162036744,0.7010988025432201,0.5518906050992828,0.43584994201495864,0.049130418028026014,0.3435618456190228,0.23640317163953578,1.0122134403073986,0.07333708501849553,0.922219689079803
0.139282143980887,0.4660236937353312,0.5879425243363626,0.46287487816168676,0.5849744720305448,0.9349356935824823,0.6296200387337749,0.7415135741047164,0.7085445334182229,0.6638008359744633,0.7609266902154439,0.6162059260888948,0.8295713824330697,0.7478150915649967,0.6859999748586079,0.7101539433358222,0.7357045181452597,0.7757346011767727,0.7679868437919891,0.4929462983374179,0.5985566170626578,1.041206182978438,1.1866769357621147,1.4136144711237137,1.4984826199369883,0.5263389709885525,0.5538240489516215,0.7553067421932745,3.2545464199493477,0.5313190323047687,0.3050384808186624,0.6530373609887986,0.5422807617809621,0.9944020469795147,0.46211843996593915,0.6952666003657302,1.0729475534726516,0.1733430300977724,0.7048516753495506,0.4758731327408208,0.48289144721502525,0.5915243818590803,0.5607625370162301,-0.3316081045215917,0.12322806834610207,1.0227804187591045,1.3818431921687742,-0.0256588835551727,1.249799427247009
0.025430280795516916,0.21729043050922697,0.05665174234121288,0.34412000522131875,0.34596047738018826,0.4007482208829899,0.45120064723403697,0.36598810495812734,0.43962618826398836,0.48907238944384623,0.44757345847307356,0.4024365405417699,0.43319933491720364,0.5894032614469887,0.4637638940429816,0.4836483101257915,0.4425432786317537,0.42578325273941636,0.41480620183872935,0.4945632959092045,0.47845656700350936,0.44892818732137413,0.6622213910044957,0.9199585530308948,0.8852989726696582,0.04221307039429649,0.4021993894945552,0.4619231466282633,0.5313190323047687,2.7788687754640145,0.6354401370136357,0.6402054533860548,1.1812091510743938,0.11173778056682684,0.8241526279254685,0.7639130233872327,1.0250920679126794,0.3925541994530248,1.0450201907905636,0.17129286211039504,0.6998748337946066,0.5104679530813973,0.8509111423200265,1.2828003084304143,0.14397764295990959,0.65037498007483,1.1296077952278119,-0.04249273982865604,0.788757919317378
0.07301858537350302,0.287665242141401,0.2990319268061706,0.35080214954933797,0.3962267005686132,0.5292787136503742,0.43013595906574853,0.46366377483944665,0.4704415677847267,0.4478174675059178,0.5269177391835895,0.4543482742562872,0.48251648204315123,0.5450040065073164,0.4233636178412648,0.45263086359782656,0.5725476065401465,0.3908216643470355,0.45810413350517765,0.6006048319069371,0.4721676719504241,0.511507407329232,0.45751873167327806,0.5898933712318168,0.6335532099889755,0.4838202503818966,0.4572491444989569,0.6522715677811659,0.3050384808186624,0.6354401370136357,1.5401861111433361,0.5490664520941586,0.7181550629341857,0.35960963001114715,0.5009246376198239,0.7712375820140943,0.740670821933544,0.4385796277526314,0.6314299456904305,0.21553020134801018,0.5373864221506298,0.491528546300261,0.4989515575872662,0.5545055458716568,0.29529070316444456,0.26046853290647165,0.8157674780112107,0.008761543523650099,0.4355782237778625
0.07693709485335047,0.34118763216275144,0.2929830016485354,0.4443091384276286,0.536032811805835,0.6701407059303662,0.5647045106767541,0.5465183294889396,0.638025475056834,0.5596349505490474,0.6194735399286672,0.5845510893589508,0.6284713233653834,1.028192057196585,0.5370654650377674,0.6909107495366583,0.6690576627725723,0.47417276302229633,0.5923417817863535,0.6408464819523099,0.4796220261962072,0.7161982057883759,0.45057564317553866,0.7957688631144045,0.7095055680639649,0.49137542748233914,0.6606803621457343,0.6789685277180142,0.6530373609887986,0.6402054533860548,0.5490664520941586,1.5247181240762704,0.5891214851375921,0.7928995192572251,0.5763538658013513,0.6135197892641525,0.6537055664082806,0.39602213988424406,0.6856144214115382,0.28013598219623115,0.6023463430184798,0.5176720129184583,0.59513882675898,0.40800961394440516,0.052164542752914024,0.34334663303096385,0.9809332148542199,0.01822584245002687,1.079487878945745
0.07652526494106485,0.31360383046507606,0.3128180877048226,0.37124448327969,0.44942277735465097,0.5578313091694372,0.48488398900456353,0.5042437227099588,0.5225724562950056,0.5296979103114796,0.5448284279031417,0.4926688618187333,0.5308359771241424,0.6119968335404811,0.5153969289340417,0.5024218625476822,0.5892224004825678,0.5485479223249493,0.5233706176705287,0.4894934739329247,0.45388917779968396,0.5870756676185099,0.7914667795499816,0.9412092950659111,0.7086011332690564,0.33897024191527636,0.4932466999477435,0.9445376467807406,0.5422807617809621,1.1812091510743938,0.7181550629341857,0.5891214851375921,1.9216747575952573,0.23647731691953183,0.3903836545373914,0.4029682481216067,1.2298812227714961,0.38203427617934815,0.9035355214613675,0.1484411081699733,0.2897655242588701,0.4983572949916562,0.6463888359771081,0.7947757461334514,-0.005041685536881178,0.4332351723589793,1.2229170591836005,-0.011581130970890629,0.9351043623093284
0.16979708493996742,0.43559000984333296,0.6879690122916772,0.516821155909811,0.4707606658232574,0.839905670658204,0.5365783373266307,0.6813284644358866,0.6732351498433703,0.6341083034469588,0.6261962896570382,0.5650828487265788,0.7027442469430175,0.7357875620724916,0.5736552317588108,0.5818776935353082,0.6909443191937514,0.5779001927890499,0.6330517849540168,0.5444024447921793,0.5280062531048603,1.0052364919099415,0.915036852594681,1.0475664026945615,1.0151413291819462,0.5723899743697927,0.517536205362558,0.47589978864624444,0.9944020469795147,0.11173778056682684,0.35960963001114715,0.7928995192572251,0.23647731691953183,3.0304757662855546,0.8362611429286363,0.01363663373800922,1.0134179490813815,0.29563067931818354,0.4183292329413219,-0.08017828625206032,0.4715973998327186,0.5799277080462392,0.9007222991192438,0.8656870418612422,-0.6891982814683724,0.8776082408663823,1.2896258658494066,0.1228173907836778,1.0613422521770737
0.07985681738804186,0.23787599812047497,0.3204867082651266,0.3219812712789027,0.3045933555085328,0.3841583222547979,0.34095859188117644,0.39125780479009925,0.41311147937204573,0.4163862120186144,0.4440264913915501,0.33064678702105155,0.45871868022686496,0.5238779341513854,0.39820669882272686,0.48442938161677046,0.5301280397839521,0.32103091827859126,0.34598384788625136,0.3016610879528151,0.6042088544082352,0.5507502833385658,0.4761688189077171,0.6371221787363258,0.7212042993767068,0.44542528389741415,0.35536201601418715,0.3946956014074446,0.46211843996593915,0.8241526279254685,0.5009246376198239,0.5763538658013513,0.3903836545373914,0.8362611429286363,2.6246031590172185,0.30615065940993913,0.6938235899422939,0.16937123293049347,0.4034654064465391,0.4132701457575742,0.6948766459422363,0.6471597196892964,0.6370793786258567,0.8541688621474541,-0.25012729721627897,1.0104567213024158,1.0128728705815964,0.1266307600732959,0.22429491399143206
0.07898146205710174,0.2918627283959968,0.321777093544563,0.3283216735935555,0.49436290211438894,0.4395958893127572,0.4711528315131135,0.3801477569699999,0.45927777694306576,0.42458784224459395,0.4760357989482524,0.4654292581183702,0.47031373280003264,0.5640812619037346,0.4345286786040672,0.5338081433474017,0.4481055535772294,0.44066365550451275,0.5046399673357417,0.479196869238807,0.4066103748239281,0.3788839117855419,0.31490054425495806,0.9144493827062338,0.6073593856958015,0.2726260366476285,0.47829838960612703,0.4420840742226309,0.6952666003657302,0.7639130233872327,0.7712375820140943,0.6135197892641525,0.4029682481216067,0.01363663373800922,0.30615065940993913,2.811947553554457,-0.255088059364677,0.314093859951675,0.6389512334880706,0.4257943975655942,0.7149148779270277,0.47334489484424086,0.4625336765825148,0.10663616815012271,-0.008611223023884469,0.6637342223688071,0.0920089685113429,-0.23613192844809397,0.3987949189064558
0.1355441893726152,0.5079158296291366,0.6077148609208672,0.4517732965293088,0.4189903663700975,0.8383201874815405,0.5382298940294682,0.740561550569715,0.6612389560456845,0.6601191268547295,0.7177605048885705,0.556232427943289,0.664042119737302,0.7320804010449671,0.635685169503103,0.6554578735836075,0.908914066726163,0.5296903909437004,0.6319043116552672,0.9641139639486418,0.8276652059169937,0.6269293150595141,0.7097043379252089,0.7476653426662865,1.0511071300583925,0.6896372192436527,0.6121105373938762,0.9146265637932779,1.0729475534726516,1.0250920679126794,0.740670821933544,0.6537055664082806,1.2298812227714961,1.0134179490813815,0.6938235899422939,-0.255088059364677,4.3003400609128155,0.6718315750772859,0.8247855268971157,0.13243800157544322,0.9371929274786327,0.915817556579354,0.9497160796651036,0.49346335750136494,1.5864725288267398,0.7761859570008459,1.872482171032741,0.26040704349032817,1.3525594919595412
0.058558508380084584,0.29986828843467217,0.2997939462803123,0.23765468202640733,0.26623287937975987,0.42914783109730953,0.2640016617341696,0.36592977930804715,0.3080233619856667,0.330756848053363,0.36443919070589625,0.29601465127786014,0.3179452297010295,0.3808454512625755,0.29279878453469493,0.2836805476261016,0.3898559012803503,0.2147945642435039,0.3388155465992341,0.8409427821826414,0.28755472308198954,0.13473992109472152,-0.050387131963834264,0.394754689999103,0.3676842122904342,0.3480230983467001,0.3629117084095672,0.4223480190426755,0.1733430300977724,0.3925541994530248,0.4385796277526314,0.39602213988424406,0.38203427617934815,0.29563067931818354,0.16937123293049347,0.314093859951675,0.6718315750772859,1.0003570921027787,0.4438808364948796,0.17070016201688404,0.42381909965353354,0.3273311142292333,0.43314364623914775,0.3042069474984198,0.5914061243907295,0.11034708669832176,0.37770778976709607,0.015637498380320487,0.8270649748221515
0.08798520214290481,0.3852848333956467,0.33885407384720023,0.46547720574825546,0.5825331211808383,0.7588498297773892,0.6296703773202531,0.6880049155378617,0.6291786433436293,0.6523282291060146,0.6890803918325265,0.6710252626432938,0.6976853424472584,0.7326680962112931,0.5329841095703038,0.6645179876574361,0.7725978612262603,0.5982392513518389,0.6899672146437785,0.8054550175374839,0.4729313456288704,0.8770726740613223,0.9387696753982921,0.8673376420320692,0.85867501797064,-0.23738776394880262,0.597061431468931,0.599626667855796,0.7048516753495506,1.0450201907905636,0.6314299456904305,0.6856144214115382,0.9035355214613675,0.4183292329413219,0.4034654064465391,0.6389512334880706,0.8247855268971157,0.4438808364948796,2.8721937565210247,0.6494395121122274,0.26838944758755434,0.4290660477105463,0.7138799501189449,1.006495681216356,0.6822232983790169,0.09585588318087805,0.885655525980088,-0.04107390905107598,1.6031032376664247
-0.027667954175215632,0.12289094701545518,-0.0740017641517671,0.13161302753842655,0.20699468953029024,0.2819668028713205,0.23218226067289346,0.27269451538983996,0.19361772352289144,0.251503234709037,0.31381264253839714,0.26186736491008267,0.2686426919354121,0.29612822396404437,0.2158584906527557,0.29447875857359385,0.3499389539599455,0.1955486459603851,0.22840955183934286,0.3619658362860977,0.30552022647416605,0.2544173679737214,0.30600379448202025,0.2685621150261433,0.2244557966284683,0.23207021526592012,0.27112664459349395,0.3370918162036744,0.4758731327408208,0.17129286211039504,0.21553020134801018,0.28013598219623115,0.1484411081699733,-0.08017828625206032,0.4132701457575742,0.4257943975655942,0.13243800157544322,0.17070016201688404,0.6494395121122274,1.2122270327658473,0.29468775222811205,0.3091785197689137,0.2105194737214751,-0.6110307017608252,0.5186427734873458,0.13980183823500003,0.5083829880906383,0.06272330012312244,0.7063382402708434
0.06852177005561057,0.3008457626479388,0.29208399452987316,0.26905132751518246,0.2858845916213903,0.39752646290899085,0.33850990534763864,0.4015594409452972,0.3712235473034613,0.4295718135423973,0.4379798305179071,0.3498100107257705,0.38344918171225456,0.5434368421514867,0.4155139794853116,0.4404207283231933,0.5862582014591224,0.21368316763762163,0.3418750713436775,0.6474870042977628,0.648320725434327,0.26374321988470933,0.19569198869554816,0.19232663552656284,0.5775152002348158,0.5524591682399457,0.43034378286320873,0.7010988025432201,0.48289144721502525,0.6998748337946066,0.5373864221506298,0.6023463430184798,0.2897655242588701,0.4715973998327186,0.6948766459422363,0.7149148779270277,0.9371929274786327,0.42381909965353354,0.26838944758755434,0.29468775222811205,2.519073613686649,0.6488619230531623,0.15038527004143065,0.4103865691013747,0.17982658037325802,0.6758379012476945,1.0325907559618475,0.09973832044566933,1.1375483877552985
0.07755763173891353,0.3168043245671362,0.3389606535194508,0.32534765142949107,0.3599642284529166,0.5298362417950248,0.4140042642201073,0.450472152773816,0.4540846097411045,0.43197375415100797,0.5009406378677014,0.41468801587175097,0.4641063903246091,0.512605244595506,0.43080873370591155,0.46575169086892526,0.5960358000912146,0.33619233706400126,0.4461068365508079,0.4480480106689357,0.690217388014444,0.48472216399941154,0.3899218098896773,0.5308487433468322,0.557297999429115,0.5353220141365433,0.40144577072900856,0.5518906050992828,0.5915243818590803,0.5104679530813973,0.491528546300261,0.5176720129184583,0.4983572949916562,0.5799277080462392,0.6471597196892964,0.47334489484424086,0.915817556579354,0.3273311142292333,0.4290660477105463,0.3091785197689137,0.6488619230531623,0.8233440933618289,0.4739124772004582,0.246350036432067,0.4089274684818491,0.37863757061619674,0.9600565644155675,0.06320298019962983,0.650986168626155
