2.1563437524920266,0.4698093251696009,1.344186934436503,0.04113898636964561,0.19505106902500885,0.14813659047603547,0.31913070003303423,0.08217754459657535,0.08179246202541934,0.27357814744611775,0.05895254563342861,0.31359037349547975,0.11857115289669075,0.1390051131881966,0.2362224735756131,0.15641923904830468,0.17156550419565134,0.22796358826707672,0.15076126609204554,0.08800433655840982,0.12798507995690933,0.12286907243352187,0.22594047320946273,0.15238370382406938,0.1860399093338704,-0.036073643695616164,0.2089381892669675,0.06583030414221486,0.12997678430919762,0.13613689577940433,0.12124261546566141,0.20347526983192737,0.21639664199286984,-0.009005418499481032,-0.13684545634644957,0.20459037657728157,0.164708810356177,0.09429981965762219,0.06767338817566486,0.12169153773112178,0.20155032001468692,0.113943142250296,0.013884290208950718,0.04779792634292397,-0.01569482188973296,0.2511866984605573,0.22314401125848216,-0.05448572463069628,0.5250754031723671,0.08617346195425442,0.13493617100782557,0.14881706858496893,-0.12428385084904993,-0.0012777111939785604,-0.13091660113382989,-0.0869819526483497,0.4992068411366608,0.19287547569562266,-0.47854038983812386
0.4698093251696009,2.50044934402038,1.4648475465389756,-0.3111096698009189,0.3339477678081465,0.5349870397988054,0.20097893861661667,0.5611047369837477,0.13934899719943786,0.48247703267515185,0.3001887683538132,0.3531359341833125,0.3898135644731596,0.20870483088414904,0.30229072064111745,0.4184664760904252,0.37379388768920774,0.5660830834281156,0.297441166151419,0.322718755371758,0.36996977506779466,0.31022608866242396,0.329796278588454,0.22676889344847356,0.3658066469471837,0.08997556193282336,0.38003478437846644,0.1917115885918431,0.7547287959404195,0.38051086523615346,0.2132420997633737,0.21731976265769823,0.3343635536268868,0.44367906650116085,0.1260761474664676,0.4829067271140812,0.6383801631144003,0.16806780431239357,0.3661014528305591,0.12670006687038432,0.5240222492493711,0.320151870087891,0.025186504224917625,-0.019865021544847695,0.09770432610144274,0.41410425558425756,0.3811529083093263,-0.08591728148025927,0.7655822182007919,0.07142191257646055,0.06871721420810836,0.21575381460499238,-0.049241497244976715,-0.1642677146142261,-0.11820486311416689,-0.18812473531179835,-0.2991091162541826,0.15438944118645953,0.22775750822646745
1.344186934436503,1.4648475465389756,3.9056940820530186,-0.20128070394119815,0.343783640246851,0.7852966719156249,0.4327737789040944,0.9040365955026625,0.21948470578671425,0.7569389518922284,0.3331824205723223,0.6109721843271648,0.6287653426923129,0.38555787901200467,0.5309685936619611,0.7177124786908863,0.6549208201256677,0.622460960809033,0.5022912170278705,0.23282681399169602,0.49222263413933004,0.5182951721471307,0.5313051375018666,0.4204543038353031,0.5872108300370918,0.09407844282507206,0.6080007362419,0.33362975136358647,0.8002650468295309,0.41519318612987505,0.27908514758874076,0.41054354209940097,0.526952639461634,0.5935552115815942,0.1766802841409275,0.7533470775750665,0.7052729359641075,0.12461585374504867,0.5374604938015979,0.24411811434757094,0.7292281093453121,0.45238348060852956,-0.11567633547290024,0.04624631437121969,-0.15758853223326982,0.633125347820444,0.5866850264225777,-0.17581390892584886,1.330867317756802,0.301351150987428,0.016613629529408418,0.35445336410655365,-0.12463941724946082,-0.1967904229652369,0.1414680988031895,0.06766505581487604,-0.0431093111583021,-0.13872834801220335,-0.11663258249797602
0.04113898636964561,-0.3111096698009189,-0.20128070394119815,2.9575112597801714,0.05823403626212045,0.13457245522188394,-0.04048863286271303,0.10098196289261638,0.018352125097008794,0.03994984735507323,0.21798006672076012,0.18880056882355029,0.19173905062005697,0.20501023705984817,0.09909199985321017,0.18619950979496216,0.12722539102249622,-0.010501307476375205,0.027460555489502755,0.11735960581928843,0.12738439449503097,0.10688553647203065,0.08074884614027557,0.16014403448041242,0.13504561048208652,0.23999226679609703,0.13728501222716658,0.13323078474123776,0.08722626944587386,0.18014527566245164,0.05070942279411687,0.20981111040610245,-0.009491162722877823,0.21618820803129934,0.23634544702501967,0.07015245601154335,-0.11015309040340873,0.06661995163458291,0.07788454299560899,0.08431224210510523,0.09190348847807975,0.12671567262127523,0.06892343149846339,0.4976233962650935,0.2754032517156585,0.12378680029735842,0.17453028650499097,-0.008849661177642184,-1.0109105212836489,-0.12243271699917024,0.03870351565576649,-0.16902575098995193,0.03983360402466152,0.1259191838434011,0.01236087706653608,-0.19174817589108437,-0.0758346541586073,-0.014565022324286457,0.21787728893309657
0.19505106902500885,0.3339477678081465,0.343783640246851,0.05823403626212045,1.2296744370701136,0.5182028280872328,0.07553625494603552,0.38014422500224676,0.1917885441319609,0.2852183987651888,0.28041118369233,0.2631285214700613,0.30402800860617035,0.23821848736426066,0.2389964154970312,0.2822869226740163,0.23608633487794073,0.2148175714706419,0.46274942622676013,0.1372689295508222,0.24011751980412543,0.26156750003385526,0.1849418121319046,0.2131980872655079,0.24739743419791105,0.13887909630180026,0.1808289713115662,0.05763643170922998,0.32883064190688366,0.11295571264111455,0.19169360767701504,0.21428850516130846,0.26324422483811716,0.3897656543241953,0.1072269815927436,0.33918640238362663,0.30904108986511103,0.0941354543412418,0.33293754995153213,0.11596975325627852,0.3437203608855859,0.2215260033269516,-0.10887423042737628,0.029366772498712015,-0.056959761628384495,0.32521969431887837,0.2598736243734362,-0.06837303721728388,0.582706705482933,0.208382301742399,-0.06398542342662303,-0.3084408676203048,0.38830731160983045,-0.061916696866634535,-0.05895656720430056,-0.09904111169213185,-0.03291656286578308,0.06635734921812614,0.05576513881905519
0.14813659047603547,0.5349870397988054,0.7852966719156249,0.13457245522188394,0.5182028280872328,0.9930972543072922,-0.11121177897707407,0.6790236595205374,0.1953877450312746,0.3515376654271544,0.41155813438826394,0.3190191323289535,0.3928814776799015,0.28354159032114196,0.28358404256029723,0.33011596338421356,0.37397255574335814,0.29113573073446614,0.40658098182514835,0.3010830791438971,0.3304748654234439,0.3154178532757902,0.20485246151320244,0.28057287504725636,0.35079760943544286,0.2698993739736072,0.28814847465474824,0.14567999697787676,0.551033732170866,0.2834022447220943,0.24684116837362724,0.28419114633811504,0.24112669957941332,0.4520577876951319,0.18896239498132586,0.3852795867212875,0.39071611524195043,0.171532456458513,0.4159990326677737,0.19334229078495252,0.4032332976312732,0.2997166788519787,0.18928444522121857,0.004613311692177355,0.02083216503639678,0.2955652651235525,0.33925585622559307,-0.08677319343248692,0.9628219065607289,0.11740766574246018,-0.3415810317338053,-0.1638092431873109,0.17697763318596071,-0.006369078744221585,-0.015302098728837584,-0.0822670115164387,-0.06150531097108239,0.03087375208649573,0.04393804177391401
0.31913070003303423,0.20097893861661667,0.4327737789040944,-0.04048863286271303,0.07553625494603552,-0.11121177897707407,1.5075027244056638,0.13076236093347643,0.3645589316052586,0.33595736230244927,0.364684071588086,0.5967057071326426,0.42063467471219407,0.3828489400911531,0.3374247448571253,0.5844464947640589,0.43397241971770706,0.2906262404845663,0.11792011860685767,0.318822865303109,0.3002287680907128,0.3963134574476186,0.30015859523895133,0.32445630303580036,0.38239339128225897,0.14530385306488372,0.42807193154120826,0.23247656042941534,0.4659740360549124,0.21676633647948162,0.23102620470462015,0.41307114850031296,0.27048661859927037,0.5238295090487779,0.0948479959777564,0.416883451567496,0.32000702565775163,0.17290754725449556,0.17847637061318083,0.2753697101394629,0.37602122305337954,0.336677866918161,0.18571610923758294,0.02634148967508443,0.17812709899534046,0.3546750417800994,0.4818853638731976,-0.1190791560569506,0.5779791897808572,-0.15737551525214574,0.0741923970487787,0.3409039285763615,-0.1324042562186202,-0.02060856447820173,0.1365104566526817,0.15512358966561338,0.16605130886638925,-0.1016811415614921,-0.42497508751815705
0.08217754459657535,0.5611047369837477,0.9040365955026625,0.10098196289261638,0.38014422500224676,0.6790236595205374,0.13076236093347643,1.200316854475177,0.031766508890563615,0.6789345238715054,0.5512991992268874,0.2518906229204452,0.5966510176490354,0.4230000617445735,0.3139125926917019,0.5357026080087284,0.47609897559139075,0.4473055386871408,0.3768384549870765,0.42421184457158234,0.3721469441092221,0.3755455620442054,0.2813236505925163,0.3036952352970232,0.4893428459715354,0.34919827020656075,0.42199749822584953,0.18710108613241555,0.622944460611116,0.39500434308452015,0.30558593543699847,0.38318452115599627,0.1906523155442755,0.6817746908779676,0.36718897324056055,0.483717735947851,0.5051138031155156,0.2219538101102888,0.652783252479382,0.26579630650937264,0.5153931820047741,0.3811032663863447,0.3256633298238604,0.033812041823484615,0.09814407364782969,0.38380630796184273,0.5912230517551218,-0.11383329530785463,1.1295194780824813,0.1516218406460815,-0.22431660920634583,0.029528926121207857,0.18479852995799587,-0.13238976859948523,-0.0009761805257112393,-0.012097125180163416,0.032696476450858006,0.029522557828043042,-0.15252034327968544
0.08179246202541934,0.13934899719943786,0.21948470578671425,0.018352125097008794,0.1917885441319609,0.1953877450312746,0.3645589316052586,0.031766508890563615,0.7402606849402801,0.09559436102359527,0.2161860412411376,0.27448998523826557,0.19775325832664226,0.2711123577815969,0.23937566759309206,0.15791311994179996,0.21893561704328895,0.15299566810396695,0.095024206318408,0.22805113274563535,0.21591418632418705,0.3228145773567374,0.17868392320479903,0.2356146261434811,0.1931094595425357,0.16476327697036133,0.1965845912892176,0.13170886763308176,0.1801868695472628,0.1948715887422668,0.21401759930884698,0.23204279105075354,0.3170155738149306,0.18115238065170403,0.06980498158850368,0.2734871302250495,0.2428963397820242,0.14256406582660944,0.12930656910915625,0.09335988890349245,0.21763958978048975,0.2106495430725588,0.09952070196382412,0.02832396269390932,0.1925263903550936,0.25217317152105495,0.24768108795592453,-0.0996737630152505,0.18966569892015542,-0.17077948882103697,-0.0665293453341708,-0.03219229083887862,0.2439481458430478,-0.0606227670646365,0.11794333364888528,0.06077444945690928,0.1503487479783728,-0.10293195669055859,-0.2548734954024282
0.27357814744611775,0.48247703267515185,0.7569389518922284,0.03994984735507323,0.2852183987651888,0.3515376654271544,0.33595736230244927,0.6789345238715054,0.09559436102359527,1.2366133205748717,0.43410978729122274,0.3766735053559601,0.47210206540407706,0.4724334032897829,0.379637899642339,0.4318825461084931,0.3863212131706925,0.48164575993557535,0.21858091708817062,0.5352126319878499,0.33506227866181165,0.3255282080462818,0.2769217895565814,0.3009588879469591,0.44961563025345286,0.40052526577958536,0.4210338272376987,0.1657330954293234,0.5276770803596079,0.4342774699162425,0.3723597680057376,0.43783729538773336,0.06008312836210048,0.8238875081690681,0.44166308127265735,0.5148675147557171,0.45832859696733186,0.24899450030993375,0.7457790693596564,0.35565037072295413,0.514652873718029,0.38371842453449595,0.5153411156555472,0.10392104790314634,0.15753192951218076,0.39063261802801824,0.7482970040641067,-0.14311942705213146,1.2306886656271439,0.04953582289314908,-0.10169736106157952,-0.0762980995608076,0.2305087513876966,-0.10743602411605419,0.12431522930574201,-0.04630012510781548,0.22096886938091234,-0.13780520345105193,-0.17768056567770873
0.05895254563342861,0.3001887683538132,0.3331824205723223,0.21798006672076012,0.28041118369233,0.41155813438826394,0.364684071588086,0.5512991992268874,0.2161860412411376,0.43410978729122274,0.6625782505515811,0.3703090513889814,0.436514904619287,0.3688883620497463,0.4043935736560854,0.3872906240933465,0.4197329293898159,0.2960613305164146,0.187955419952551,0.4534034513385843,0.3219714005436254,0.3001681766164404,0.19791111999688524,0.287086344858392,0.3889437596943655,0.37700364339474296,0.37006253639048114,0.18700470209578568,0.5009519469981066,0.32416664261405725,0.28250183450095967,0.3579012179834642,0.12272429422748646,0.5660176725796251,0.36595494539947443,0.4342056634385424,0.30687051154691763,0.22112919546481496,0.4480067928566049,0.2637357470047854,0.39283754695406214,0.3460820741212511,0.3142412345600227,0.048117576146211455,0.28924457161424,0.32231543624528564,0.4591872288145748,-0.13300482479581305,0.407206336092335,-0.06052389602248147,-0.16494804519427742,-0.12522683281145444,0.22651912929613247,0.009215610213753408,0.048697523159364334,-0.010331088201057388,0.005178601064083922,-0.028731435160505834,-0.12222243333766059
0.31359037349547975,0.3531359341833125,0.6109721843271648,0.18880056882355029,0.2631285214700613,0.3190191323289535,0.5967057071326426,0.2518906229204452,0.27448998523826557,0.3766735053559601,0.3703090513889814,0.7853497422237612,0.32452219740183025,0.340251937703699,0.3721027358790556,0.4103555587362112,0.37188794925443874,0.2550910197587418,0.17827692238303203,0.29731480903681945,0.26833475414526736,0.29798992368468574,0.2531811139867233,0.27267288257175465,0.3989135494752881,0.24006371802348767,0.3906717480854159,0.10447738793681904,0.5181390641362411,0.20808283894363375,0.1717273599233057,0.3863733256126709,0.10386826704353146,0.5595695524853502,0.13832154212810488,0.42101035683586374,0.20358472003911754,0.14053532770814903,0.3240545702891984,0.2655391755513684,0.35376142068843147,0.29048630709457085,0.18685154325198064,0.04932419085640617,0.025148157275912596,0.31185339618086977,0.42031327356885,-0.1274867124111944,0.8403064839396437,-0.096024711485372,-0.08504903321853748,-0.028200145355199966,0.09740702809907938,0.029190755404596754,0.04214158094391371,0.023591161403056927,0.0436992993429199,-0.019139583432334385,-0.17592580665149782
0.11857115289669075,0.3898135644731596,0.6287653426923129,0.19173905062005697,0.30402800860617035,0.3928814776799015,0.42063467471219407,0.5966510176490354,0.19775325832664226,0.47210206540407706,0.436514904619287,0.32452219740183025,0.6491461385484761,0.39801962362014404,0.26303534667177597,0.5703388438210159,0.38232559623360113,0.34931487931131283,0.27406789135057197,0.29038245469192986,0.3179480278434831,0.4301715646970112,0.2562934358230642,0.2805819678403033,0.3942303337609869,0.2774844669829078,0.3985820531037191,0.21065213346776426,0.5464749263081651,0.30654434650479756,0.22881619674706133,0.39336139069342985,0.1845000655495792,0.597328956951013,0.30220579600332353,0.4527461028302839,0.3251068971788147,0.1398510809943612,0.48345550277879173,0.2597610965269358,0.409171422742509,0.33589520411271956,0.23438352816584704,0.06416188865482952,0.05625908026635522,0.3543456964508448,0.46536681682381137,-0.1286696980643805,0.7008813525182893,0.02165901787194157,-0.09903727106918009,-0.019336657937623306,0.08063572350088649,-0.05287607126681947,0.15424665571690177,-0.016039282468305705,-0.08886938492379307,-0.16625700433722967,0.062264333158392846
0.1390051131881966,0.20870483088414904,0.38555787901200467,0.20501023705984817,0.23821848736426066,0.28354159032114196,0.3828489400911531,0.4230000617445735,0.2711123577815969,0.4724334032897829,0.3688883620497463,0.340251937703699,0.39801962362014404,0.6500521203775063,0.30978715417949015,0.5244253426035315,0.31302778471833687,0.19972605373940497,0.1710940049289746,0.35250412658580094,0.3071774152394936,0.3746874034969917,0.22311831562714085,0.2754175469523075,0.3740398189164906,0.3637284660058884,0.38270996054030876,0.16804328441792496,0.4146834429635437,0.34116065888846786,0.19715674172517791,0.49811572689597267,0.1331649515823721,0.5669491730599036,0.31044343913379435,0.45920501021789206,0.24853679612401125,0.18472768848473195,0.44108800823554084,0.33282852874881913,0.4080425464930499,0.35886864703245086,0.3442790872545232,0.07245589404450875,0.12953579614241598,0.3314776514591597,0.49908036614288254,-0.15036095305386557,0.7943480427841422,-0.05086157602410571,-0.10223255819528171,-0.2554826817711142,0.2920773434202868,0.028634372486150424,0.03629912696587558,-0.05794040381112259,0.14334372846111113,-0.053120876469939265,-0.06735603125406885
0.2362224735756131,0.30229072064111745,0.5309685936619611,0.09909199985321017,0.2389964154970312,0.28358404256029723,0.3374247448571253,0.3139125926917019,0.23937566759309206,0.379637899642339,0.4043935736560854,0.3721027358790556,0.26303534667177597,0.30978715417949015,0.8257731570078233,0.16631097995268318,0.38068021646624267,0.2784408169092011,0.2164119408741752,0.42952808191622444,0.2924384847298406,0.13773661710784615,0.21032035886304548,0.2527910993102099,0.36634529612327,0.3834809926658663,0.29432498833274257,0.26002906127010883,0.36452640315071905,0.3331881282146616,0.2824651921729428,0.28061828202554234,0.2071025996825133,0.38388950761675417,0.19241838099505762,0.4100212133193442,0.3606400280723203,0.22769030690596073,0.41299545058995896,0.24848071496734525,0.4123778221866022,0.31853795878382185,0.2765411912993597,0.07359202897688201,0.355345434880856,0.3205492853115057,0.4066287578374419,-0.10835926999612454,0.21490504656069698,0.3157641310805338,-0.04960967080392253,0.03755271372423204,-0.14647357889916746,-0.019683677619684637,0.05733920443109299,0.03314541365021986,0.05989313560143294,-0.029541384193716453,-0.1838442016403272
0.15641923904830468,0.4184664760904252,0.7177124786908863,0.18619950979496216,0.2822869226740163,0.33011596338421356,0.5844464947640589,0.5357026080087284,0.15791311994179996,0.4318825461084931,0.3872906240933465,0.4103555587362112,0.5703388438210159,0.5244253426035315,0.16631097995268318,1.4739451572104312,0.34340429935685707,0.35529983920720076,0.28587669707369573,0.1405766310225886,0.3678784227417228,0.6350897316412661,0.2801047465336768,0.27604445531458355,0.5181441232174056,0.17249174095827755,0.5903691623903198,0.26675573672918007,0.6891469896494349,0.3698199182875605,0.10754426692573604,0.4912196559537132,0.09015530511221571,0.7487519103501526,0.4751592642695563,0.5826395323470205,0.35505713590467747,0.13692132694509715,0.40194180260446705,0.2863596246577684,0.426234126781543,0.46709675999107336,0.23166259965626265,0.04587473754361895,-0.05433154685660899,0.37985917795880936,0.5110384554097366,-0.18060178159945814,0.33024812823927185,-0.33996340268414305,-0.1695114126286775,0.18656370003119646,0.1006252773270147,-0.05002979814097254,0.15982877151123717,0.00634503500334998,-0.206965274942825,-0.1397287875375072,0.1444150440845243
0.17156550419565134,0.37379388768920774,0.6549208201256677,0.12722539102249622,0.23608633487794073,0.37397255574335814,0.43397241971770706,0.47609897559139075,0.21893561704328895,0.3863212131706925,0.4197329293898159,0.37188794925443874,0.38232559623360113,0.31302778471833687,0.38068021646624267,0.34340429935685707,0.8815762041499486,0.3093235832645356,0.2741678873635807,0.4286293169494824,0.3724971806580718,0.31476569186609415,0.2505075269068962,0.31361308851202774,0.36365087279365,0.18699665841561364,0.2908516198358664,0.3797462207966026,0.5328691858305409,0.30107456070396055,0.295361105493869,0.31597546662043147,0.37883832033578735,0.41747814456550064,0.32731629306886295,0.49403863504459317,0.5806640339364136,0.23922450715594756,0.3434257025395887,0.17470694461924202,0.5155760277666998,0.35912401622381035,-0.002263364360475668,0.07097624834942778,0.2709680945442094,0.38885667873062646,0.4705598533892149,-0.1313198508538394,0.4658329001681256,0.37793434848599716,-0.01051854288286818,0.09551679758780132,-0.2434939448041772,-0.05863620380669583,-0.03583530639502163,-0.0008962118475870151,-0.026084836168803034,0.03587109171958614,-0.19230256701518472
0.22796358826707672,0.5660830834281156,0.622460960809033,-0.010501307476375205,0.2148175714706419,0.29113573073446614,0.2906262404845663,0.4473055386871408,0.15299566810396695,0.48164575993557535,0.2960613305164146,0.2550910197587418,0.34931487931131283,0.19972605373940497,0.2784408169092011,0.35529983920720076,0.3093235832645356,0.9999095006093421,0.23696114022198403,0.19539039034539196,0.2832184280176925,0.33392290680719827,0.5530362936942587,0.22954137571334526,0.36535356203334607,0.22140326919905057,0.20080434780914128,0.1888054516911661,0.5034183030576314,0.12565824818344756,0.3998584376279382,0.24444615570019884,0.2217203213058813,0.5182983563342871,0.11463628352367843,0.43181547093776157,0.46093348338001594,0.13379373014859672,0.446078614984161,0.1147398584537131,0.3782562136351335,0.24455177628764238,0.12707319619054055,0.10036766993794007,0.06353170006891083,0.3714848960130587,0.44097488753224645,-0.08875397491194559,0.4722967131379915,0.20735662613305456,0.15045328710930064,0.23790744376540024,-0.38229382470529993,-0.2172435900064253,0.09298674636789071,0.06113258975271486,0.01989018899947081,-0.06916175481339444,-0.16324133318203612
0.15076126609204554,0.297441166151419,0.5022912170278705,0.027460555489502755,0.46274942622676013,0.40658098182514835,0.11792011860685767,0.3768384549870765,0.095024206318408,0.21858091708817062,0.187955419952551,0.17827692238303203,0.27406789135057197,0.1710940049289746,0.2164119408741752,0.28587669707369573,0.2741678873635807,0.23696114022198403,0.6917546515124038,0.029030269009207552,0.22864631606516042,0.23418375023954632,0.1277584446288399,0.18189504752829022,0.19395438983333965,0.0713892309854072,0.160947249809266,0.2180021108350651,0.2721058128720616,0.1472160156334676,0.19733433428476255,0.198649071246546,0.2753260567584832,0.24114553928816063,0.07797002324071128,0.3082175888086945,0.2595328268315094,0.049747066442739296,0.2636229522186227,0.09028773175894404,0.29896859614811555,0.17898230568139054,0.0004427991263784125,0.0237144087738031,0.0023870489595186795,0.26397924590498595,0.17451087040580388,-0.05085728081554017,0.3853525200084931,0.2626001360622899,0.08821567417277752,0.31953905455408693,-0.2764869144294074,-0.10232708787522343,-0.003701640876955731,-0.030684697755213992,0.000655638939936304,0.009653014228948797,-0.011043963365675834
0.08800433655840982,0.322718755371758,0.23282681399169602,0.11735960581928843,0.1372689295508222,0.3010830791438971,0.318822865303109,0.42421184457158234,0.22805113274563535,0.5352126319878499,0.4534034513385843,0.29731480903681945,0.29038245469192986,0.35250412658580094,0.42952808191622444,0.1405766310225886,0.4286293169494824,0.19539039034539196,0.029030269009207552,1.9604871066994425,0.34992778144503434,0.029643871109690446,-0.10327525861243705,0.31835371977946125,0.3260341203495508,0.6809549346439135,0.4865649543844988,0.25522013391447146,0.47664446134591876,0.6501639285939267,0.5609000441610846,0.3480421261620678,0.12725517499881547,0.6387984682647307,0.5436306287540749,0.28279079860860734,1.0516776884942944,0.902838293886016,0.7475133567651405,0.5161591601037796,0.6381766398710763,0.5908794934599761,1.1050721324045558,0.023726207006328475,0.8483186391582866,0.2896608599863267,0.8074867611359187,0.011453394260505873,1.362834609544307,0.09193627383943791,-0.31929552161858366,-0.07254390055969984,0.2226848259832051,-0.06355805194947868,0.09623514029079061,-0.035541510119642364,0.22151226992898768,-0.07217339955267746,-0.22552450030194995
0.12798507995690933,0.36996977506779466,0.49222263413933004,0.12738439449503097,0.24011751980412543,0.3304748654234439,0.3002287680907128,0.3721469441092221,0.21591418632418705,0.33506227866181165,0.3219714005436254,0.26833475414526736,0.3179480278434831,0.3071774152394936,0.2924384847298406,0.3678784227417228,0.3724971806580718,0.2832184280176925,0.22864631606516042,0.34992778144503434,0.607751770606084,0.276859620504416,0.15666455844639438,0.31296707978778,0.30453206118188675,0.2645727462859889,0.28080935802275553,0.34960622327103247,0.4561135086773113,0.3766189234997855,0.3740037824626271,0.30561737983179776,0.443126845206789,0.4050813640953497,0.3326803498818947,0.548042581507362,0.45336274356163414,0.20222037806865115,0.32492391612673777,0.2125987555979465,0.5800474795890717,0.4230912970405012,0.051008933174497596,0.0457985698305227,0.27707951688365684,0.3696384342976849,0.3852076405095665,-0.1382621976486844,0.5299864217902767,0.04886469264404718,-0.10524340656831989,0.009325147061336718,0.05554325107580161,-0.05258944013751072,0.06029797213111925,-0.021512023606338755,-0.058672418402691974,-0.03878218718554694,-0.007124323704268798
0.12286907243352187,0.31022608866242396,0.5182951721471307,0.10688553647203065,0.26156750003385526,0.3154178532757902,0.3963134574476186,0.3755455620442054,0.3228145773567374,0.3255282080462818,0.3001681766164404,0.29798992368468574,0.4301715646970112,0.3746874034969917,0.13773661710784615,0.6350897316412661,0.31476569186609415,0.33392290680719827,0.23418375023954632,0.029643871109690446,0.276859620504416,0.8393836344187118,0.39004531256783065,0.25510602413485406,0.35772567421994844,0.10325343494020878,0.31333841286815206,0.14236096911531954,0.5405933479109709,0.20700604960012411,0.12017766649945985,0.36373155807399127,0.19738151553685512,0.5150435127594899,0.2078226711679062,0.39993705367593396,0.22371640474461055,0.052642318107175214,0.35221433498016264,0.16933552436566615,0.2893337745195909,0.2638663344719148,0.050735176421326064,0.07092363775793971,-0.08603614425126144,0.3113439115292199,0.4014625030126212,-0.13015714254047514,0.47816068597945854,-0.1283602074008003,-0.08362535692937739,-0.05995079698975774,0.14988086222854002,-0.0616180026331687,0.10245247132348752,0.02298916939890025,-0.09520737641877444,-0.09980927879995584,-0.0015610926410968213
0.22594047320946273,0.329796278588454,0.5313051375018666,0.08074884614027557,0.1849418121319046,0.20485246151320244,0.30015859523895133,0.2813236505925163,0.17868392320479903,0.2769217895565814,0.19791111999688524,0.2531811139867233,0.2562934358230642,0.22311831562714085,0.21032035886304548,0.2801047465336768,0.2505075269068962,0.5530362936942587,0.1277584446288399,-0.10327525861243705,0.15666455844639438,0.39004531256783065,1.4215072521052703,0.3507158911938536,0.4849029802576361,-0.06573271030327654,0.15117653921560995,-0.10508115200805568,0.5883029188981945,0.3213673686917139,-0.23096301562508154,0.19503267316701467,0.19183106150455517,0.4401063587508495,-0.18604622061931503,0.6198542761571902,0.19956017866806666,-0.060966819095866966,0.4690868764503184,0.03863479217608998,0.42924371924257,0.11183510311254263,0.017369422022863165,0.24347023712824736,-0.3240907000984456,0.4007355285218117,0.3093510796307712,-0.1474155211827966,0.4552888468836456,0.0773722169084133,0.06834772760407991,-0.025422861285614055,0.10321109360194042,-0.1614477995403197,-0.02833951980743884,0.002490738230085403,-0.13295754969972395,0.025607941481331335,0.03633370155181078
0.15238370382406938,0.22676889344847356,0.4204543038353031,0.16014403448041242,0.2131980872655079,0.28057287504725636,0.32445630303580036,0.3036952352970232,0.2356146261434811,0.3009588879469591,0.287086344858392,0.27267288257175465,0.2805819678403033,0.2754175469523075,0.2527910993102099,0.27604445531458355,0.31361308851202774,0.22954137571334526,0.18189504752829022,0.31835371977946125,0.31296707978778,0.25510602413485406,0.3507158911938536,0.7236607206318503,0.31198655761911254,0.0970658727900869,0.24615712170593262,0.30621328606943776,0.43006065022453366,0.5421496277771383,0.40474677672936865,0.2906341722711341,0.6548742992340566,0.2574435783002509,0.10226168069062916,0.5210154942625352,0.4045444638129078,0.17953061664649073,0.20675347301181107,0.11366809694691422,0.39293686859848626,0.31632992380473335,0.15417716384111368,0.13460365358464468,-0.07960873292814342,0.431644312840989,0.3428194392276668,-0.17581082465722195,0.6344932103444284,-0.08533995999169236,-0.16075208398674207,0.11513174076118599,0.15657345686751994,-0.08890357708909351,0.17217793286772715,-0.0282583217812721,0.11174764367768475,-0.21491633281378378,0.03040697532448159
0.1860399093338704,0.3658066469471837,0.5872108300370918,0.13504561048208652,0.24739743419791105,0.35079760943544286,0.38239339128225897,0.4893428459715354,0.1931094595425357,0.44961563025345286,0.3889437596943655,0.3989135494752881,0.3942303337609869,0.3740398189164906,0.36634529612327,0.5181441232174056,0.36365087279365,0.36535356203334607,0.19395438983333965,0.3260341203495508,0.30453206118188675,0.35772567421994844,0.4849029802576361,0.31198655761911254,0.8836828253707261,0.1828523338116733,0.37187066981783035,0.1226781785800438,0.7192988373894263,0.48256818092036985,0.1150148153578275,0.35022563761146985,0.11599928429064303,0.6859385685915225,0.3008753182082429,0.5353282597667873,0.3775565837017856,0.17869438792895279,0.5470307814772546,0.24640371853183646,0.44986495356315737,0.3343702337179489,0.3858066005801902,0.09433833397788183,0.03988123161471726,0.4239545837654564,0.537944952704238,-0.16863033438674513,0.7380624788514387,-0.16115985224100202,-0.172169481231475,-0.05008320721493259,0.249289750527971,-0.05906870394275234,0.06834383871849598,-0.0065278997987009355,0.00917313076826507,-0.0497463047565962,-0.08125187410959951
-0.036073643695616164,0.08997556193282336,0.09407844282507206,0.23999226679609703,0.13887909630180026,0.2698993739736072,0.14530385306488372,0.34919827020656075,0.16476327697036133,0.40052526577958536,0.37700364339474296,0.24006371802348767,0.2774844669829078,0.3637284660058884,0.3834809926658663,0.17249174095827755,0.18699665841561364,0.22140326919905057,0.0713892309854072,0.6809549346439135,0.2645727462859889,0.10325343494020878,-0.06573271030327654,0.0970658727900869,0.1828523338116733,2.1971259839608335,0.4030509049194827,0.26670494394093647,-0.16155170203974714,-0.4034202871861236,0.27126208648381983,0.482652032726405,-0.37755364381618733,0.662496407227693,0.5785609591292764,-0.018883823862278347,-0.06570715566010174,0.3646334722968226,0.6500112487983519,0.7409691199916841,0.04137711960787293,0.398764869598005,1.3777360015555467,0.0617815333664523,1.1773071405267295,-0.11639059831785245,0.32513334462942095,0.06645224175891756,-0.04998272362740641,0.342741772701543,-0.12774970546479164,-0.13019678240079058,-0.5278471160768227,0.07248613314859638,0.1457831768511591,-0.03036618615857509,0.05880713039169269,-0.07145585802066305,-0.11186029021277244
0.2089381892669675,0.38003478437846644,0.6080007362419,0.13728501222716658,0.1808289713115662,0.28814847465474824,0.42807193154120826,0.42199749822584953,0.1965845912892176,0.4210338272376987,0.37006253639048114,0.3906717480854159,0.3985820531037191,0.38270996054030876,0.29432498833274257,0.5903691623903198,0.2908516198358664,0.20080434780914128,0.160947249809266,0.4865649543844988,0.28080935802275553,0.31333841286815206,0.15117653921560995,0.24615712170593262,0.37187066981783035,0.4030509049194827,0.9851628511578354,0.2239265388734438,0.4619061599025772,0.28900480378954974,0.19023772827714758,0.4066160499831093,0.11577785141170183,0.5336558576511712,0.3443405256303814,0.4053435381259558,0.33966783824981545,0.23631073660400606,0.400098057411056,0.30674210882347447,0.3391982962849515,0.36970376870980265,0.37370420870410087,0.04230207165175832,0.2506634593414257,0.295955925111518,0.4516715121292811,-0.12210713872019786,0.5721515119498569,-0.0976892010518979,-0.2039579856615129,0.13003965719926946,0.08873889286843308,-0.014082976250493248,0.11441873082788129,0.010735194381620471,0.08462678423972175,-0.10377179756535862,-0.10994687785941065
0.06583030414221486,0.1917115885918431,0.33362975136358647,0.13323078474123776,0.05763643170922998,0.14567999697787676,0.23247656042941534,0.18710108613241555,0.13170886763308176,0.1657330954293234,0.18700470209578568,0.10447738793681904,0.21065213346776426,0.16804328441792496,0.26002906127010883,0.26675573672918007,0.3797462207966026,0.1888054516911661,0.2180021108350651,0.25522013391447146,0.34960622327103247,0.14236096911531954,-0.10508115200805568,0.30621328606943776,0.1226781785800438,0.26670494394093647,0.2239265388734438,1.23140481486262,0.054203255295806455,0.2176078414749002,0.49055582050313234,0.24093556679989192,0.8166036963701062,0.008316642522694179,0.9372492170323522,0.35506387894173996,0.43908243080234016,0.09825956890940439,0.08724739551249983,0.06376257842056694,0.3347118619962825,0.36029086978468267,-0.3697264167165765,0.19024287025442294,0.19580617968612274,0.2666989576259684,0.1816243485378922,-0.09964746926433031,0.08489042748598238,0.2757353720041992,-0.06048202640561669,0.75108919626322,-0.8837661859142306,-0.024002874731465236,0.24703411986462553,0.002433502028209487,0.07002618436481796,-0.23300857169654837,0.036382579463520505
0.12997678430919762,0.7547287959404195,0.8002650468295309,0.08722626944587386,0.32883064190688366,0.551033732170866,0.4659740360549124,0.622944460611116,0.1801868695472628,0.5276770803596079,0.5009519469981066,0.5181390641362411,0.5464749263081651,0.4146834429635437,0.36452640315071905,0.6891469896494349,0.5328691858305409,0.5034183030576314,0.2721058128720616,0.47664446134591876,0.4561135086773113,0.5405933479109709,0.5883029188981945,0.43006065022453366,0.7192988373894263,-0.16155170203974714,0.4619061599025772,0.054203255295806455,3.2527358190386075,0.6601552041480585,0.13200138351596286,0.38563422641304274,-0.2025830503716448,1.1758294801881701,0.4037593057599055,0.7022936810283567,0.13507394829215022,0.059593919532511856,0.6217996881681008,0.2537487575044311,0.6405188916957919,0.3617826700065351,-0.6744114154676015,-0.08938043692703732,-0.25595854381036975,0.512931128236418,1.1379677144956053,-0.24622534045751834,1.5239027761494013,0.17866611973860444,-0.4755998450899333,-0.03491715635179762,0.08036933308210141,0.020628040290556707,-0.15333373062350403,-0.09870412797551575,-0.37613861728061154,0.18116848241530825,0.12376601358021412
0.13613689577940433,0.38051086523615346,0.41519318612987505,0.18014527566245164,0.11295571264111455,0.2834022447220943,0.21676633647948162,0.39500434308452015,0.1948715887422668,0.4342774699162425,0.32416664261405725,0.20808283894363375,0.30654434650479756,0.34116065888846786,0.3331881282146616,0.3698199182875605,0.30107456070396055,0.12565824818344756,0.1472160156334676,0.6501639285939267,0.3766189234997855,0.20700604960012411,0.3213673686917139,0.5421496277771383,0.48256818092036985,-0.4034202871861236,0.28900480378954974,0.2176078414749002,0.6601552041480585,3.228653894410654,0.23602870522031646,0.20140471632218246,0.26504935310277306,0.12564166127758633,0.5623335916499285,0.7449859980227873,0.4284612333567513,0.40308540909138196,0.6322407066427719,0.48628461834770736,1.1176463225436555,0.3761635506177067,2.513131754257216,0.26726329941937305,0.6347339871441754,0.32075134457111176,0.3450008339501896,-0.08267033047366112,1.1471971233365132,-0.6471916780081687,-0.18108832973892985,-0.1823766825834589,0.6818507790092573,0.08261861031807619,-0.04577291699194594,-0.31233562767287876,-0.057564961935058855,0.10881090886308736,0.25531614087567844
0.12124261546566141,0.2132420997633737,0.27908514758874076,0.05070942279411687,0.19169360767701504,0.24684116837362724,0.23102620470462015,0.30558593543699847,0.21401759930884698,0.3723597680057376,0.28250183450095967,0.1717273599233057,0.22881619674706133,0.19715674172517791,0.2824651921729428,0.10754426692573604,0.295361105493869,0.3998584376279382,0.19733433428476255,0.5609000441610846,0.3740037824626271,0.12017766649945985,-0.23096301562508154,0.40474677672936865,0.1150148153578275,0.27126208648381983,0.19023772827714758,0.49055582050313234,0.13200138351596286,0.23602870522031646,1.4305427496826522,0.23513801014841237,0.6377352049857047,0.2792179829321673,0.30306710974357937,0.34215187832279054,0.5301476128956762,0.358630107696095,0.18496332475481492,0.11345957512993653,0.3292849016210596,0.364369444700838,0.0625897754373633,0.07763392640041615,0.11449665901224694,0.4214991566153072,0.47159864862245005,-0.11925383840763462,0.6268103227790087,0.11122243836065927,-0.08950002141959798,0.32984643299272276,-0.18580531851293378,-0.11453197225078197,0.2936503124216406,0.06138535081128038,0.37491898383772304,-0.3162827326659863,-0.2765787580499307
0.20347526983192737,0.21731976265769823,0.41054354209940097,0.20981111040610245,0.21428850516130846,0.28419114633811504,0.41307114850031296,0.38318452115599627,0.23204279105075354,0.43783729538773336,0.3579012179834642,0.3863733256126709,0.39336139069342985,0.49811572689597267,0.28061828202554234,0.4912196559537132,0.31597546662043147,0.24444615570019884,0.198649071246546,0.3480421261620678,0.30561737983179776,0.36373155807399127,0.19503267316701467,0.2906341722711341,0.35022563761146985,0.482652032726405,0.4066160499831093,0.24093556679989192,0.38563422641304274,0.20140471632218246,0.23513801014841237,0.6706346097031386,0.05002220102360554,0.6148309216946862,0.2942228187231804,0.3962091003303616,0.1549741595462796,0.19990571455456796,0.4004075817708515,0.3831208454611497,0.3283488378369481,0.3529788574624085,0.49511417414060827,0.04715505265640332,0.21899700993606258,0.300471841443909,0.5196053540256192,-0.13124216088615398,0.7245975457368906,-0.022282241397088034,-0.04717507449175357,0.1454973153533273,-0.18882169981530397,0.044996442940584684,0.11929398342321954,-0.08258412935856402,0.3544485804323632,-0.1564139290775964,-0.19092937925087639
0.21639664199286984,0.3343635536268868,0.526952639461634,-0.009491162722877823,0.26324422483811716,0.24112669957941332,0.27048661859927037,0.1906523155442755,0.3170155738149306,0.06008312836210048,0.12272429422748646,0.10386826704353146,0.1845000655495792,0.1331649515823721,0.2071025996825133,0.09015530511221571,0.37883832033578735,0.2217203213058813,0.2753260567584832,0.12725517499881547,0.443126845206789,0.19738151553685512,0.19183106150455517,0.6548742992340566,0.11599928429064303,-0.37755364381618733,0.11577785141170183,0.8166036963701062,-0.2025830503716448,0.26504935310277306,0.6377352049857047,0.05002220102360554,2.7305735405294027,-0.6047621105156522,-0.7102693867242378,0.6506450186659308,1.2401313597831272,0.13795363828737955,-0.35957376956454085,-0.21214118987345026,0.529082465806764,0.4023192419854011,-0.9185970572251799,0.17383279883184266,-0.5144855291273007,0.8314746401282082,0.028158174008962616,-0.29846097583713815,0.535332920170905,0.0701750200397441,-0.14627168027971535,0.15798361247348286,0.3136717397080043,-0.3553730883751156,0.21960599107858536,-0.042431135269809184,-0.013083478677606543,-0.2233635713215745,0.20556943888578735
-0.009005418499481032,0.44367906650116085,0.5935552115815942,0.21618820803129934,0.3897656543241953,0.4520577876951319,0.5238295090487779,0.6817746908779676,0.18115238065170403,0.8238875081690681,0.5660176725796251,0.5595695524853502,0.597328956951013,0.5669491730599036,0.38388950761675417,0.7487519103501526,0.41747814456550064,0.5182983563342871,0.24114553928816063,0.6387984682647307,0.4050813640953497,0.5150435127594899,0.4401063587508495,0.2574435783002509,0.6859385685915225,0.662496407227693,0.5336558576511712,0.008316642522694179,1.1758294801881701,0.12564166127758633,0.2792179829321673,0.6148309216946862,-0.6047621105156522,2.4943378489181898,0.7855870093670522,0.488960656139879,0.46310070996314173,0.17460883004081038,1.1309136411339873,0.5233534320880588,0.5579032534417576,0.5035261475880166,1.0635090683818869,0.042100698823155744,0.43608729117829487,0.34297650636457494,1.1911601108040661,-0.10801279096437742,1.438909946116431,-0.25709225894024396,-0.1631379865368508,-0.2545980964717126,0.31033227896266236,-0.027011519525544668,0.04864820916115495,0.04275218292278318,-0.05464717552123472,-0.06193034449340546,-0.06957375253935112
