5.234901098809914,0.6624426427962213,0.7346944710377333,0.8729220794026121,1.4761314593055954,-0.009144790934755427,0.9844995745399424,0.8356268687335358,0.18610347534538033,0.7078024726143537,0.4910501455084915,0.5351401886642521,0.6714212668764891,0.5114180227124733,0.4923679772107095,0.5710299819243273,0.4410531318615297,0.5776975578115946,0.5318749744838593,0.2672915833273799,0.5024583851965584,0.4016368971193521,0.4313190123438082,0.46930147901269725,0.40274770113564345,0.45012485528757085,0.4298164137083714,0.2515276881434764,0.24206834657037418,0.3309462031124471,0.5104448344482061,0.45253854583058317,0.8499145278329084,-0.401357196590565,-0.23695163541595812,0.4072162528645428,0.7856562595151758,0.7460240270332584,0.49439490542098996,0.29377030504668133,0.5412153676985056,0.39608188229428976,0.09269079390341162,0.5431111138002592,0.2860304670475265,0.8115248241694165,0.30832415995493345,0.19055926741598506,0.021142706766669895,0.8197548157030188,-0.11023543706914733,-0.57843805252221,-0.022529846373943247,-0.04065838204741274,0.3703898636708137,-0.33988449249575287,0.3510724132223936,-0.403860962202117,0.002864514207026754
0.6624426427962213,1.6346421595541007,0.9154507983457918,0.45967022695275767,0.40232310317675407,0.30752370275408736,0.31465008702001723,0.5500532799591545,0.26393005322870633,0.36247614232696507,0.3450942470877484,0.321426567169288,0.4184881035476143,0.38341776469512423,0.3102974325537087,0.37646675594919593,0.39372468344851524,0.4576896882778571,0.2871717910633715,0.5084618009833516,0.4080037914935772,0.34673892471937107,0.29879047495768163,0.20483480290761694,0.3078075645999914,0.3851691107982813,0.34334008915556263,0.29066486955681514,0.425747489934943,0.28739761549897536,0.2896227602140016,0.3649270746113949,0.4051126473662388,0.4597920990140737,0.19942770745133864,0.39245211054988055,0.5805810491345812,0.4922088826849678,0.369154854516007,0.0809507682242661,0.40194611051501095,0.32620237078807046,0.4774120801258674,0.44259330988265194,0.147801057660542,0.5729666134392076,0.3572537318815745,0.09857843361921252,-0.17790594741209334,0.22989862698610958,-0.18268817023068762,-0.015891911172613203,0.006504136274237288,-0.08538522132238219,-0.029161612839712234,-0.3877362589429108,-0.48943681281198764,0.0888148182893072,0.6580798103009275
0.7346944710377333,0.9154507983457918,1.572956311374072,0.43368445436936254,0.228738404491502,0.32635165929508214,0.37136200643173317,0.46843574770782714,0.4755329840322898,0.5609405239428812,0.35007685396963134,0.3677045721633732,0.4441803688649035,0.3101890196673778,0.3589618164535796,0.3508148308977011,0.39045595332923794,0.3889220334578332,0.3118470449419263,0.2621167740279596,0.3765796772013725,0.4304768357852415,0.3099879834034375,0.3145971833343374,0.3673767716023694,0.3872946834350303,0.316925016727846,0.2818421898567148,0.33227607264577724,0.04194685610942627,0.3799785017724116,0.3086789315944661,0.43745986022803834,0.40654676996331635,0.10118393673027207,0.5076550437232547,0.5273304318920508,0.3745791678070912,0.35774886555855645,-0.06972794477380641,0.36276095637950406,0.4400768240330165,0.3152735252792027,0.4027532002868714,0.13977371912165001,0.7908540914883427,0.26521670683825843,0.059899499406073343,-0.30661587099158216,0.058729625558725206,0.01770406065234158,0.07044001083047875,-0.013124926817784873,-0.15497492794297182,0.2082273053151173,-0.14076546596982129,0.19360341120091945,-0.3936792690112332,0.1025416029303747
0.8729220794026121,0.45967022695275767,0.43368445436936254,1.2983062238849075,0.6710222814424647,0.28929463391879034,0.519022031305942,0.5016157010572162,0.2099637451482303,0.36139295787205455,0.35580168409678337,0.4148939922012117,0.43420227640315767,0.3921029377808824,0.35817377744993256,0.4199995798580425,0.34392070447478285,0.3924736163154555,0.33732186848088785,0.3033531108637685,0.36281669852769377,0.34250476926761586,0.34719560089306606,0.3164709932097257,0.3462015161545337,0.29869413950446,0.322663316874851,0.21923770795934544,0.26619690455243433,0.25591800607218435,0.32023789432911415,0.3764105014637583,0.46800288776943544,0.36995291111144846,-0.07299725280418812,0.3198911384441133,0.47738765019952567,0.374787190691172,0.4445354416475145,0.08858997925338384,0.3278390620486996,0.3726485792830016,0.36748434641357824,0.4861957128538753,-0.015373727226078738,0.5221763244988679,0.32170897792611564,0.10181041160174954,0.06680067018959411,0.6258918833681785,-0.1890724958480934,-0.16124384066949687,-0.17265833422468338,-0.1331240587128761,0.20105236584779446,-0.16206934850432575,-0.08122150013576754,-0.1311635549990917,0.164558196848152
1.4761314593055954,0.40232310317675407,0.228738404491502,0.6710222814424647,1.591524229628316,0.00733155120991911,0.7029592613277589,0.7627439146832155,0.2855157221140892,0.3623502966037959,0.4396194794737957,0.4515163413348645,0.5461609421310823,0.48898093669942355,0.4408953758004552,0.5224172631533852,0.36523633646011644,0.41153907314601706,0.4710111016032338,0.3505589434552867,0.40593836647730297,0.4265515680143155,0.3657647406860974,0.3368906667872381,0.4174414756823264,0.3817972933329525,0.37985039825275474,0.18141701207004507,0.3228950655602907,0.31282155585302984,0.3833094707992495,0.4279959893741219,0.5025824346985177,0.43620733676052537,-0.01777390791870357,0.3489015646295994,0.6391034731545032,0.42974906574267147,0.5647904392201705,0.13194556341282,0.40202536122781674,0.46635044627839134,0.3839597449443877,0.45691716892192524,-0.07115887104011312,0.5787038263619207,0.31111702636998845,0.12929752301012154,0.3222276579721517,0.8872652547918639,-0.3285816638229332,-0.6631671330623088,-0.021277038562828695,-0.0587010165335008,0.21257283893642903,-0.17049780242487828,-0.11569511745680248,-0.2716967764887395,0.353834210726611
-0.009144790934755427,0.30752370275408736,0.32635165929508214,0.28929463391879034,0.00733155120991911,1.160086483151424,0.008938050519185435,0.17297197423698715,0.2818157053772968,0.23186960157168518,0.2083347433477,0.21192751968811513,0.2957725427053738,0.3664489518111506,0.22635847195172823,0.29767195709859173,0.2565954299416191,0.2474607445607921,0.4354222600308712,0.3112324738525881,0.28699153642581104,0.3228963764695522,0.2103272514104966,0.27250267817558765,0.22598273276858444,0.18939397445915,0.24060688012533055,0.24696457968178326,0.2857983640032123,0.26224708942849595,0.2634178788498463,0.3650653067923729,0.25756484767115473,0.24900077302779308,0.11722216911534097,0.29625825384845034,0.3678926972160497,0.3471627840834283,0.28630392860208825,0.13899981203556708,0.35675455530904315,0.1917830666440228,0.3181379550122355,0.3292787813764949,0.005144057514722002,0.40905479232155784,0.4182816082045451,0.058314448760797374,0.23408898139505116,0.37846143607185206,-0.2982504732688086,-0.054509694408861345,-0.14136607295862483,0.025730773877977012,-0.056846052482464646,-0.13449421741898115,0.16342343635740647,0.11647165445794426,-0.06607969752005684
0.9844995745399424,0.31465008702001723,0.37136200643173317,0.519022031305942,0.7029592613277589,0.008938050519185435,1.1888134119613651,0.6036029692280962,0.4095777553359535,0.40830561128137416,0.4491252761231451,0.46203246359281425,0.4439110337230635,0.4479886438549976,0.3601175553621387,0.447839399593061,0.4306834289807684,0.4048745095104676,0.2837958567713877,0.35276138649325206,0.38994752113708836,0.45160220193013584,0.38267580335289025,0.33968041927862186,0.4370494744361505,0.455917348449781,0.36240437217363247,0.15538034929467884,0.38964265194094305,0.2098146212672556,0.38618327619094617,0.417487031879956,0.25509492663750166,0.48033304824045125,0.17983387971442305,0.4458474685524148,0.3102951746413822,0.3824802665440139,0.4802442570940126,0.2262049670234121,0.3350280589002396,0.37734995761667883,0.4040004481299244,0.3235004352013095,0.15888749885002332,0.6409409652277811,0.14979766136805797,0.08409760151612972,0.3107669902732138,0.13044261867657264,-0.04220883576432122,-0.19527872663588505,0.10147618111815686,-0.09276239565993302,0.18496797172229346,0.10987646782437983,0.006389590327562646,-0.023118887762516686,-0.5266828578356253
0.8356268687335358,0.5500532799591545,0.46843574770782714,0.5016157010572162,0.7627439146832155,0.17297197423698715,0.6036029692280962,1.2731536528270622,0.21282324939579045,0.2709685525433494,0.492844967887247,0.32240376688935074,0.526566233982939,0.5172430956285671,0.33306144533148646,0.4760422093694383,0.421930386174321,0.45900012229517534,0.3512037175240878,0.4711145671588041,0.39771387454063645,0.37915047193869483,0.2989813902114147,0.2370548730165408,0.4716017160766679,0.5242008389883889,0.39674399883597417,0.2339763150366204,0.4713600623677217,0.33618119494791476,0.3536963105878987,0.44287325974526276,0.27179334291881313,0.521391919625089,0.36341224432306674,0.4097444371092786,0.48729610397562123,0.43168057822761335,0.554592236545295,0.20406597408169858,0.37786368572101287,0.342040090257251,0.4601941441672752,0.39807018386479376,0.13285217204447283,0.5970164990851677,0.42737514126067827,0.09590219920811639,0.18830595767985916,0.29853063500076465,-0.18574846882121732,-0.12988697248679693,0.0957601272858296,-0.11955795174769053,-0.0493111356974531,-0.14864994198154238,-0.0585618467964045,0.09352943568638702,-0.01660906450624411
0.18610347534538033,0.26393005322870633,0.4755329840322898,0.2099637451482303,0.2855157221140892,0.2818157053772968,0.4095777553359535,0.21282324939579045,0.6919303047013976,0.26650266358152147,0.25136889143147856,0.2626807550051903,0.29028813402573206,0.29685157692277825,0.2619123478673092,0.26537768802245754,0.24185903380365173,0.2582441049569943,0.21030143415033495,0.1948771090739687,0.29006507673481685,0.4670149730180183,0.24762620631979895,0.27669960835711355,0.2841974974071664,0.3371085207982068,0.22495082868441638,0.17721812629014666,0.3127895835573953,0.13978561949394389,0.3020189387349501,0.2888746201435476,0.2578939632459723,0.28739575427443415,0.098714500938028,0.372075944912213,0.31453884465399445,0.2788693742562312,0.2983836832670212,0.09935972626873472,0.2421670070346088,0.2735065368869267,0.3208031126291961,0.25825835555048227,0.03601378061770502,0.4673864205009705,0.20340249932189777,-0.0004167068492729004,0.05435910027857911,0.04652674971848671,-0.09361667647819702,-0.12199547375114968,0.054862134656113656,-0.04928210929872294,0.20106858039942435,0.13406311660738804,0.023513223108156612,-0.26181672125635574,-0.09572997809848269
0.7078024726143537,0.36247614232696507,0.5609405239428812,0.36139295787205455,0.3623502966037959,0.23186960157168518,0.40830561128137416,0.2709685525433494,0.26650266358152147,0.7563647281883722,0.262894831029797,0.3203293721110267,0.3406302027074275,0.2634011828427615,0.3510456156257325,0.31026047321525596,0.29836921162562174,0.3397905518724419,0.2602645082431516,0.1563006424696413,0.23638870539353912,0.3100279681977575,0.3990659469931136,0.31032836998715807,0.34262971044300994,0.251905397115735,0.24334696161860148,0.194452368516735,0.266375131312238,0.1834018870556913,0.2953483779883913,0.2558521053260947,0.1846424626737024,0.39822036618244216,0.1499087020357088,0.3629297223584,0.32387120411839604,0.2526106477919081,0.2936810883018489,0.09343632378527042,0.30614155732938875,0.30795419057562684,0.254972727127674,0.39736522828465387,-0.005800531503912733,0.527772116928591,0.254716853074215,0.06861766599796183,0.009035400432799795,0.11591104492888046,-0.06694619828710158,-0.08592185481221921,-0.06613081648226977,0.03703563183874805,0.16434167923719611,0.001519146514144536,0.14853307827867634,-0.30386264785224076,-0.005505944212530024
0.4910501455084915,0.3450942470877484,0.35007685396963134,0.35580168409678337,0.4396194794737957,0.2083347433477,0.4491252761231451,0.492844967887247,0.25136889143147856,0.262894831029797,0.5733603526359381,0.38281340379627116,0.42925177021830635,0.35412364537783764,0.35406557384311993,0.35818675909724546,0.32811088077990297,0.3157159676532251,0.21855905717190577,0.3943369751522305,0.31637372852939194,0.3183710920729187,0.2510022412185274,0.2613313980383634,0.356505913387962,0.3709322920567727,0.33616629623219874,0.21644377341762014,0.3814470408449194,0.2514112801906742,0.3195707980028866,0.3330172627745,0.18754585292475812,0.38047072825737027,0.3064372779616198,0.371579739776526,0.32862987967338597,0.3247425371408894,0.40706890419308195,0.19360607672210553,0.3137712791443618,0.284326510396179,0.3320457537761896,0.2697165849368443,0.07286784895642366,0.5061575724651797,0.28429928893487555,0.07118478944903929,0.14272513779829124,0.13949275594182556,-0.22409286076526103,-0.08607974321672536,0.0601535049578393,-0.0016203934783624227,0.04341595612013197,-0.04100968986717596,0.024721148592021184,-0.057087088147489966,-0.062371555266444036
0.5351401886642521,0.321426567169288,0.3677045721633732,0.4148939922012117,0.4515163413348645,0.21192751968811513,0.46203246359281425,0.32240376688935074,0.2626807550051903,0.3203293721110267,0.38281340379627116,0.7467043369647318,0.3648813292395019,0.35276613729812817,0.3453745681892486,0.3675186286239796,0.25023966980128237,0.20490687077721628,0.2347080762454856,0.31969578331404513,0.24235843014034347,0.3196393164594326,0.24266471756221117,0.2641007769601271,0.37702083234739725,0.3380655329709486,0.3637885452286063,0.14297246631021077,0.3658389158631014,0.18398343976231318,0.2517193098675359,0.3522497993993437,0.1519094057889831,0.3932527149357798,0.24491444274007704,0.2604224507306697,0.20824540111646186,0.26284122078436645,0.36411063128198573,0.12063969071396448,0.18079789725505194,0.2765375585517278,0.3088019484685019,0.2626851280767092,-0.035084885202571484,0.4000774221540707,0.1748641220429012,0.06374877056141827,0.34655062075730736,0.1069281489902596,-0.296562431676444,-0.02254751288945671,0.015999001914197904,0.0014663799164479246,0.10028122873634056,-0.04035743942806553,0.019236447299004564,-0.1282107330641067,0.04109030931453239
0.6714212668764891,0.4184881035476143,0.4441803688649035,0.43420227640315767,0.5461609421310823,0.2957725427053738,0.4439110337230635,0.526566233982939,0.29028813402573206,0.3406302027074275,0.42925177021830635,0.3648813292395019,0.871330320707115,0.38161385989444213,0.2382203112297412,0.41773068418596976,0.33212289827476066,0.359489823641123,0.3638110325482174,0.28315074976711435,0.38352088106214866,0.37740354420192496,0.2904244023519718,0.28323190797815645,0.34260776601695486,0.3679956668206963,0.3907913836236871,0.2598318694081928,0.3354463805181685,0.2964795276654177,0.3344922186117626,0.3560673763121315,0.3756274500000054,0.34574202539532306,0.2118605792231533,0.403279098627612,0.4100758840000346,0.3453202923310362,0.44472204361987744,0.1940658307347955,0.38081508830423233,0.32610085470457784,0.33779047032897813,0.4056554962677142,0.016069630153723737,0.6106211463445513,0.3370883429867211,0.09710184756145666,0.17574340138470632,0.18980533903661898,-0.0839573346996481,-0.10788911893871907,0.025986610600359925,-0.0792953199879986,0.1273710829717671,-0.19309866291637537,0.12554822104857422,-0.11561302962174294,0.02402182893066391
0.5114180227124733,0.38341776469512423,0.3101890196673778,0.3921029377808824,0.48898093669942355,0.3664489518111506,0.4479886438549976,0.5172430956285671,0.29685157692277825,0.2634011828427615,0.35412364537783764,0.35276613729812817,0.38161385989444213,0.674327024309347,0.40906626361117276,0.45928251984531915,0.33840266041327005,0.3254594323223093,0.31295285583050436,0.4191161336577736,0.3237074718409565,0.3935096634002144,0.25960503003027546,0.2744262872796226,0.38411533342027326,0.38888288103335883,0.3664881934489258,0.268588737942993,0.433446672347114,0.3667913466680191,0.3186307480426722,0.5850733530127514,0.2614416162598879,0.41472221352463495,0.2892867080543947,0.3512279506678885,0.42237905697350947,0.4139279983182655,0.3606161776243561,0.18535328062754336,0.36937020771101964,0.29996923740372544,0.4505946043010606,0.36914923798146165,0.006180852171626661,0.5325389945160834,0.3729284900318444,0.07948340702497504,0.2655295803274783,0.16863267468292678,-0.3342705405000987,0.02720904838555538,0.017029607670937155,0.041579670710241705,-0.036254391457142106,-0.10727900859864686,-0.008429620659007915,0.060118048403803866,0.06264721435070422
0.4923679772107095,0.3102974325537087,0.3589618164535796,0.35817377744993256,0.4408953758004552,0.22635847195172823,0.3601175553621387,0.33306144533148646,0.2619123478673092,0.3510456156257325,0.35406557384311993,0.3453745681892486,0.2382203112297412,0.40906626361117276,0.8489019882366394,0.3368216399144158,0.34629810052860655,0.38431288802133007,0.21943770805479956,0.39197629365195935,0.31038016602945273,0.31242413633926003,0.2730897710312351,0.2862955190901472,0.40933794661325723,0.3102880884012813,0.3107718916581274,0.29909573919318766,0.4150716701896635,0.2752937775844434,0.35516127925618646,0.39216331665769105,0.20300762270467512,0.3873212998370965,0.23321830091928197,0.3767703784091735,0.47340207522662586,0.3024319073628888,0.3517382273102257,0.15348519146334658,0.3665783765469489,0.302149085078692,0.36556971043047154,0.28217520754257125,0.07694884698310603,0.5363294544714731,0.3148202747810666,0.07449270966937512,0.11363437359586523,0.5491605945651661,-0.23847482129149591,-0.1515344869851179,-0.27609730968167256,0.06462865308491036,0.10328700314537972,0.11018963453480762,-0.05421211303016073,-0.11360268165442515,-0.08787432143405456
0.5710299819243273,0.37646675594919593,0.3508148308977011,0.4199995798580425,0.5224172631533852,0.29767195709859173,0.447839399593061,0.4760422093694383,0.26537768802245754,0.31026047321525596,0.35818675909724546,0.3675186286239796,0.41773068418596976,0.45928251984531915,0.3368216399144158,0.6493770425753516,0.37359979529586074,0.3252155186969836,0.3162266048797221,0.3353486801458047,0.32812459759583357,0.45916005847286434,0.292420980874295,0.29459237020705525,0.393845018521519,0.31693040173164116,0.3733020778641846,0.2902406215595561,0.39866897554547515,0.35062163892473436,0.3254906943219795,0.4255703600366555,0.26776848774562406,0.4321654303936279,0.3225320518637518,0.36080369771778037,0.4101137276887101,0.35785095853384835,0.4309652038180519,0.19111106426805108,0.36097266800589267,0.3475071353371112,0.42662053570491953,0.43185498214533935,-0.001897779614929555,0.5428947402924875,0.35686902085193956,0.06867988001580849,0.24928980408056564,0.18714654898090818,-0.20038549632115174,-0.0895942678835355,-0.0228649249028779,-0.018397922260984707,0.06113819662702476,-0.12568805926792798,0.01980919368164627,-0.07485665428752174,0.09847636927219738
0.4410531318615297,0.39372468344851524,0.39045595332923794,0.34392070447478285,0.36523633646011644,0.2565954299416191,0.4306834289807684,0.421930386174321,0.24185903380365173,0.29836921162562174,0.32811088077990297,0.25023966980128237,0.33212289827476066,0.33840266041327005,0.34629810052860655,0.37359979529586074,0.7936437632242092,0.3386787439602827,0.2895538931604393,0.4115379542897588,0.3753155022198145,0.3394926474523597,0.24427586499923779,0.2422595083143283,0.3266738346260258,0.2811964971423183,0.30782019847311903,0.42107247509276047,0.2583767303028784,0.310698356876423,0.3618147323072643,0.33848326907964127,0.3915291114532603,0.3662373744060981,0.28541316849095627,0.38142496055183756,0.4960469380360322,0.3759142831529738,0.45759938519271565,0.14123148926090062,0.4458717565527922,0.5859397771949616,0.38474024148279207,0.3478909617601292,0.26116030566040493,0.5587090563904922,0.37713945907695334,0.13241415797043757,-0.0005921221985852033,0.3223463135251218,-0.10524445627601449,0.12496256848200481,-0.16672971808686154,-0.07369880336433643,-0.12146253060442584,-0.06651111949633072,0.00082120670942718,0.12813268550141646,-0.2319074654311595
0.5776975578115946,0.4576896882778571,0.3889220334578332,0.3924736163154555,0.41153907314601706,0.2474607445607921,0.4048745095104676,0.45900012229517534,0.2582441049569943,0.3397905518724419,0.3157159676532251,0.20490687077721628,0.359489823641123,0.3254594323223093,0.38431288802133007,0.3252155186969836,0.3386787439602827,0.9016558322725287,0.27099624625069446,0.19634020172168842,0.40288039794669783,0.3272196201980448,0.43797046997164285,0.17378177151985438,0.3455066463874796,0.3703732656444102,0.25478842535085916,0.30728022391232795,0.33059194361102373,0.25105635045647445,0.38824416747894136,0.2808258226777711,0.33253093739883643,0.3151969708038823,0.16968675590442914,0.5106066453662551,0.43533196117824063,0.36769778410889714,0.30694845298010565,0.26370828394568446,0.3951396182652741,0.19746644072816075,0.3800568020869771,0.40906398140151223,0.2173450543146726,0.5975203841525691,0.5317918976208803,0.06090844674332569,-0.2544024620397092,0.3068188159245673,0.12950097211549835,-0.2503959953545901,-0.10092169412582613,-0.044376531866427454,0.11808583437718637,-0.03905930709178436,0.10103944626527156,-0.00533356310407812,-0.29377432536817544
0.5318749744838593,0.2871717910633715,0.3118470449419263,0.33732186848088785,0.4710111016032338,0.4354222600308712,0.2837958567713877,0.3512037175240878,0.21030143415033495,0.2602645082431516,0.21855905717190577,0.2347080762454856,0.3638110325482174,0.31295285583050436,0.21943770805479956,0.3162266048797221,0.2895538931604393,0.27099624625069446,0.6705186031492707,0.22551195381786893,0.2944239114961098,0.2910736793107267,0.12017648179660996,0.19454034254306715,0.21099906352067496,0.21796075535778156,0.24005734984999286,0.2597909399306663,0.20393302514638664,0.21510464035438276,0.27068694456885595,0.34166173669724725,0.3394890421259732,0.22958551728648746,0.034109666410352395,0.2614974597975134,0.38701526703580186,0.3097049374774949,0.2666769892221353,0.10390648973612225,0.32809789577970394,0.2885954145116965,0.28760112367373825,0.2873969243589297,0.08313963864148265,0.4468997724688951,0.23195524655831556,0.08196222956335124,0.11623097986833422,0.07354236799612998,0.1980384840438286,0.321611169671288,-0.20737806004482254,-0.1490163416365712,0.044106560908799726,-0.10383002500018185,0.07348797281504958,0.02057531912043092,-0.027712163082780548
0.2672915833273799,0.5084618009833516,0.2621167740279596,0.3033531108637685,0.3505589434552867,0.3112324738525881,0.35276138649325206,0.4711145671588041,0.1948771090739687,0.1563006424696413,0.3943369751522305,0.31969578331404513,0.28315074976711435,0.4191161336577736,0.39197629365195935,0.3353486801458047,0.4115379542897588,0.19634020172168842,0.22551195381786893,1.0679002362296295,0.1513137989953471,0.2765520583661465,0.31454240597944133,0.2942627950759265,0.34272838050563204,0.42224012248313225,0.4153571618707463,0.27531088837396944,0.6463594457923918,0.3709226582066005,0.3152539999965915,0.47432124299959955,0.005251121364930003,0.527289958971261,0.40134064169367034,0.43007310457539893,0.3922750835219963,0.49089580966326185,0.3061236513722955,0.3312589289130057,0.3564030980912003,0.19594984087709,0.4652618727166553,0.15557678532596705,0.19729389364571814,0.5412314212894088,0.2571749235433578,0.0877307097761471,0.33211098754501894,0.15308552621485522,-0.3269408884264667,0.12377204372737574,-0.11397535246009606,0.06401286392531903,-0.08567335593838858,-0.02688139765297082,-0.109849376789127,0.09353829838275644,-0.024934183526412832
0.5024583851965584,0.4080037914935772,0.3765796772013725,0.36281669852769377,0.40593836647730297,0.28699153642581104,0.38994752113708836,0.39771387454063645,0.29006507673481685,0.23638870539353912,0.31637372852939194,0.24235843014034347,0.38352088106214866,0.3237074718409565,0.31038016602945273,0.32812459759583357,0.3753155022198145,0.40288039794669783,0.2944239114961098,0.1513137989953471,0.6935750130006066,0.33512531530353473,0.28459850504875667,0.23386960697550974,0.3053122691023852,0.25926916542837253,0.22837172255618415,0.2800799096023656,0.19261417733133016,0.3248080103097592,0.37203431468626624,0.27163108151570187,0.5154914761700391,0.22678746761910595,0.09028837649172129,0.4010094702094662,0.5379853590699267,0.3874817559194598,0.48169503346500947,0.22709970785519593,0.5509272521813976,0.4437512187011535,0.37865067673310177,0.4683031978380678,0.2507139849702913,0.5830035265023884,0.3847389996426218,0.13580511673133416,-0.06514917467827891,0.32525906337260874,0.08538475351763536,-0.3071449908243682,0.004865342793357634,-0.08778003589122237,0.13807162268056186,-0.11178960562618814,-0.042526590665822143,-0.01947339228166614,-0.01497896397813398
0.4016368971193521,0.34673892471937107,0.4304768357852415,0.34250476926761586,0.4265515680143155,0.3228963764695522,0.45160220193013584,0.37915047193869483,0.4670149730180183,0.3100279681977575,0.3183710920729187,0.3196393164594326,0.37740354420192496,0.3935096634002144,0.31242413633926003,0.45916005847286434,0.3394926474523597,0.3272196201980448,0.2910736793107267,0.2765520583661465,0.33512531530353473,0.6610930308495756,0.30831085438207045,0.2994763853393343,0.3536647788142734,0.32803546169662806,0.31096106468949675,0.2526751355717257,0.41711779762722095,0.29273301988357686,0.3444568923622105,0.38549269816560755,0.2975801268112502,0.4191282878064207,0.21551478834720314,0.41720681729643133,0.38936201054020037,0.3717504410979695,0.4173029447773193,0.14952449156575515,0.3279607586897856,0.35343988232930024,0.4473952529261778,0.40733357833700967,-0.008594307958743686,0.5683657551834521,0.31966156504240123,-0.0010602777729914383,0.2343338693644193,0.16244408826563686,-0.14166023344138529,-0.1465625426421184,0.004502528730554451,-0.054274727544112916,0.1486504724305674,-0.020297120088959536,0.03094055329156013,-0.16296642277789064,-0.011070011361826641
0.4313190123438082,0.29879047495768163,0.3099879834034375,0.34719560089306606,0.3657647406860974,0.2103272514104966,0.38267580335289025,0.2989813902114147,0.24762620631979895,0.3990659469931136,0.2510022412185274,0.24266471756221117,0.2904244023519718,0.25960503003027546,0.2730897710312351,0.292420980874295,0.24427586499923779,0.43797046997164285,0.12017648179660996,0.31454240597944133,0.28459850504875667,0.30831085438207045,1.296778186659335,0.48927016767612685,0.45792435452157265,0.18695341006284671,0.18126249289270482,0.0554429442081105,0.47357041475528633,0.3269176182543231,0.24873885886485672,0.2144943934630434,0.11380320102264829,0.501150982949361,0.0028358896422397153,0.6168577753714491,0.20103388937071529,0.23888271754150323,0.39101769619046917,0.3815229246224967,0.4135898299456215,0.27518459951028307,0.28771645353459174,0.6862359839429651,-0.04376651555220675,0.6617143679777756,0.3508763323196398,0.07052386501075526,-0.174461375216246,0.6478252515768543,0.21961452840730306,-0.7999373593524998,-0.17693213325644103,0.055689209547090765,0.19160937777085946,-0.02265522158822694,0.056854225850205026,-0.299000739546547,0.06460982566312952
0.46930147901269725,0.20483480290761694,0.3145971833343374,0.3164709932097257,0.3368906667872381,0.27250267817558765,0.33968041927862186,0.2370548730165408,0.27669960835711355,0.31032836998715807,0.2613313980383634,0.2641007769601271,0.28323190797815645,0.2744262872796226,0.2862955190901472,0.29459237020705525,0.2422595083143283,0.17378177151985438,0.19454034254306715,0.2942627950759265,0.23386960697550974,0.2994763853393343,0.48927016767612685,1.1544518424719585,0.38390273097157324,0.020024373562950414,0.21545896072280696,0.19897193478338657,0.2507337646719106,0.2658806379050387,0.4209068026953385,0.2479154498157542,0.25230613667458107,0.3748303315826682,0.15358338621005246,0.41489800274025795,0.351175688121369,0.26686409533546057,0.44289263785495875,0.15785372789509117,0.38171786076276026,0.30548200373937096,0.2084318583658294,0.3691517059215058,-0.17431563078535478,0.5015747881378709,0.21305982457807135,0.08616488281703558,0.2623335641931152,0.3446441496103762,-0.17911927693159502,-0.21050631522551072,-0.04490535554179504,-0.04315871539586348,0.31112211656888705,0.04002521140770677,0.0586090450397499,-0.5720678762288954,0.3090134029249533
0.40274770113564345,0.3078075645999914,0.3673767716023694,0.3462015161545337,0.4174414756823264,0.22598273276858444,0.4370494744361505,0.4716017160766679,0.2841974974071664,0.34262971044300994,0.356505913387962,0.37702083234739725,0.34260776601695486,0.38411533342027326,0.40933794661325723,0.393845018521519,0.3266738346260258,0.3455066463874796,0.21099906352067496,0.34272838050563204,0.3053122691023852,0.3536647788142734,0.45792435452157265,0.38390273097157324,1.0640668787789131,0.3005516900560338,0.31714593688920334,0.24333978027704042,0.6714045143348095,0.47316428034207575,0.32271512055117196,0.3561893095635422,0.182890220594641,0.6123061520884101,0.4204150781814482,0.3923358435279817,0.4894173453793998,0.373802613862166,0.47483591549963483,0.15331771861189053,0.3201275180640223,0.34396348009727323,0.47756361389635144,0.49098516971782474,0.012487467182467321,0.6796608441605964,0.42389460136947305,0.08996106247234935,0.07077872726721639,-0.12917302853100832,-0.3274662466370033,0.007139564238353494,0.12931414456941953,0.046540576875041234,0.1342602984016545,0.04196352483240134,0.034768029629530045,-0.17098355088507647,-0.04278419775274039
0.45012485528757085,0.3851691107982813,0.3872946834350303,0.29869413950446,0.3817972933329525,0.18939397445915,0.455917348449781,0.5242008389883889,0.3371085207982068,0.251905397115735,0.3709322920567727,0.3380655329709486,0.3679956668206963,0.38888288103335883,0.3102880884012813,0.31693040173164116,0.2811964971423183,0.3703732656444102,0.21796075535778156,0.42224012248313225,0.25926916542837253,0.32803546169662806,0.18695341006284671,0.020024373562950414,0.3005516900560338,1.472606633345697,0.2841220112158976,0.19722074916077467,0.5609313931006614,0.12330886902790388,0.18587206557875527,0.4061277180237331,-0.005673282451261073,0.30500962670317405,0.3771556679849511,0.3367025829271,0.12663421284568405,0.4757192534008063,-0.36594368197511634,0.18056838132784722,0.05977763951103324,0.24568449987325014,0.5520152721542054,0.14756394248028568,0.32793757896407544,0.32461801695429127,0.21279646944448652,0.060465836512459466,0.09556316769284173,-0.3366450014939358,-0.22896387834668636,0.3326408388801063,0.06185036827280371,0.01788499303305846,0.05187405404925133,0.006907752636172825,0.019931539239283213,0.12685641499102282,-0.28727900107122695
0.4298164137083714,0.34334008915556263,0.316925016727846,0.322663316874851,0.37985039825275474,0.24060688012533055,0.36240437217363247,0.39674399883597417,0.22495082868441638,0.24334696161860148,0.33616629623219874,0.3637885452286063,0.3907913836236871,0.3664881934489258,0.3107718916581274,0.3733020778641846,0.30782019847311903,0.25478842535085916,0.24005734984999286,0.4153571618707463,0.22837172255618415,0.31096106468949675,0.18126249289270482,0.21545896072280696,0.31714593688920334,0.2841220112158976,0.6432861980156126,0.2718711110321735,0.3277985200728789,0.25482451720102883,0.29847377270005193,0.4518396141808547,0.19057956938868967,0.3523951563554397,0.2974370775253009,0.32952678019066084,0.3440720255398683,0.32678145080571824,0.3351720968236657,0.178819028737483,0.29409053516612493,0.23305128228436353,0.3404516326873487,0.20138285230820396,0.027067045199323944,0.5000801579904981,0.2528158181491444,0.06909966085499704,0.2636538509020755,0.15518294807405494,-0.2975072426833556,0.13126281464314649,-0.11238567448178054,0.035692345965025005,0.056033373077925074,-0.08789176120121568,0.05320601323949226,-0.048216087463186445,-0.01017127480439941
0.2515276881434764,0.29066486955681514,0.2818421898567148,0.21923770795934544,0.18141701207004507,0.24696457968178326,0.15538034929467884,0.2339763150366204,0.17721812629014666,0.194452368516735,0.21644377341762014,0.14297246631021077,0.2598318694081928,0.268588737942993,0.29909573919318766,0.2902406215595561,0.42107247509276047,0.30728022391232795,0.2597909399306663,0.27531088837396944,0.2800799096023656,0.2526751355717257,0.0554429442081105,0.19897193478338657,0.24333978027704042,0.19722074916077467,0.2718711110321735,1.183552332901292,-0.04321228126422072,0.43249101133722645,0.3596471392251588,0.33057401688097277,0.7006349079712266,0.20391043673523104,0.5714724049903493,0.3083440994371902,0.5565922130363105,0.397618318740605,0.33239031354038495,0.20662651586540098,0.37971103663342726,0.13794216713034121,0.4733109970924981,0.7194182080946284,-0.1606049024629777,0.550308576126946,0.3747276965762658,0.1864896737234453,0.08267687070819381,0.3258014656329971,-0.2771036473575259,0.6960765596719571,-0.6976231899591869,-0.004899782275861088,0.2760369352195234,-0.16392989553587958,0.13974848950208335,-0.16920240949670948,0.1821679779407366
0.24206834657037418,0.425747489934943,0.33227607264577724,0.26619690455243433,0.3228950655602907,0.2857983640032123,0.38964265194094305,0.4713600623677217,0.3127895835573953,0.266375131312238,0.3814470408449194,0.3658389158631014,0.3354463805181685,0.433446672347114,0.4150716701896635,0.39866897554547515,0.2583767303028784,0.33059194361102373,0.20393302514638664,0.6463594457923918,0.19261417733133016,0.41711779762722095,0.47357041475528633,0.2507337646719106,0.6714045143348095,0.5609313931006614,0.3277985200728789,-0.04321228126422072,3.3945845358143942,0.42142488492168434,0.10879253281609987,0.49339097136612736,-0.687141560004471,0.5931730547557656,0.532854589342319,0.735082210334902,0.09554324290688805,0.04078034101580716,0.13481387978985498,0.2268964376168247,0.12838674622118737,0.09183704618242636,0.043792113552877175,-0.43865149943239096,0.45258914699915653,0.6056500327621577,0.39298979199529627,-0.1604883733326391,0.5919104534698161,-0.08435775607414488,-0.3106935941512118,0.24146431633652704,-0.17353994557791608,0.18201318214390622,-0.16612767152564362,0.06750277148776533,-0.1352654728030526,-0.1098088554580696,0.04553007922599799
0.3309462031124471,0.28739761549897536,0.04194685610942627,0.25591800607218435,0.31282155585302984,0.26224708942849595,0.2098146212672556,0.33618119494791476,0.13978561949394389,0.1834018870556913,0.2514112801906742,0.18398343976231318,0.2964795276654177,0.3667913466680191,0.2752937775844434,0.35062163892473436,0.310698356876423,0.25105635045647445,0.21510464035438276,0.3709226582066005,0.3248080103097592,0.29273301988357686,0.3269176182543231,0.2658806379050387,0.47316428034207575,0.12330886902790388,0.25482451720102883,0.43249101133722645,0.42142488492168434,2.2426798651432316,0.36418585619053917,0.3507545693388728,0.49415088430790693,0.18119627977555366,0.5377366855574879,0.554435578208328,0.7877982088118812,0.5438048865169294,0.6289525911816782,0.18353552285109195,0.625195430763341,0.5265583556571637,0.8066132644530261,0.8889999086417171,0.27102685978276375,0.7736745002602944,1.1291947417408459,0.13976811947030338,-0.30294827595525853,0.06721619208816165,-0.3963243874481506,0.08883482211027928,0.1615507871310443,0.011578991753404717,0.2866209658758846,-0.44674182006007723,0.23591862939109112,0.30232793896137894,-0.16182512516610978
0.5104448344482061,0.2896227602140016,0.3799785017724116,0.32023789432911415,0.3833094707992495,0.2634178788498463,0.38618327619094617,0.3536963105878987,0.3020189387349501,0.2953483779883913,0.3195707980028866,0.2517193098675359,0.3344922186117626,0.3186307480426722,0.35516127925618646,0.3254906943219795,0.3618147323072643,0.38824416747894136,0.27068694456885595,0.3152539999965915,0.37203431468626624,0.3444568923622105,0.24873885886485672,0.4209068026953385,0.32271512055117196,0.18587206557875527,0.29847377270005193,0.3596471392251588,0.10879253281609987,0.36418585619053917,0.9054178760647013,0.292420684083555,0.38437928550627154,0.27956131202086265,0.2394915639060243,0.6563509224951125,0.5767859807456795,0.47800864382482217,0.46370498509020996,0.22565530451434768,0.545178921902125,0.3333699590015872,0.3480445566147967,0.37396474473376046,0.10786784727330921,0.7230849634099107,0.3848560590379921,0.08967472637120479,-0.16270224842450898,0.3204952634334961,-0.09411748086265911,-0.1169654535104013,-0.06130907160422184,-0.048468357823708584,0.2164668848788069,0.020981642458422704,0.21828994690593795,-0.2560005208645132,-0.18432939616348265
0.45253854583058317,0.3649270746113949,0.3086789315944661,0.3764105014637583,0.4279959893741219,0.3650653067923729,0.417487031879956,0.44287325974526276,0.2888746201435476,0.2558521053260947,0.3330172627745,0.3522497993993437,0.3560673763121315,0.5850733530127514,0.39216331665769105,0.4255703600366555,0.33848326907964127,0.2808258226777711,0.34166173669724725,0.47432124299959955,0.27163108151570187,0.38549269816560755,0.2144943934630434,0.2479154498157542,0.3561893095635422,0.4061277180237331,0.4518396141808547,0.33057401688097277,0.49339097136612736,0.3507545693388728,0.292420684083555,1.102554228169035,0.2329041030925413,0.40275902976801425,0.21686282102856458,0.33746940484378746,0.324871523182246,0.4367163989419116,0.26806235267726813,0.171112469146669,0.31296472936033815,0.26501505596548947,0.4290721622203834,0.27028902747706846,-0.030208046938217648,0.5888454954772399,0.3009851730012507,0.06308835554343349,0.2593554612296321,0.1996778819635505,-0.3451596263636304,0.503819009294684,-0.4337020722007533,0.07275279864966995,-0.019623893591974525,-0.08179723588489615,0.021197112469237365,0.05755167842885361,-0.018788982039780633
0.8499145278329084,0.4051126473662388,0.43745986022803834,0.46800288776943544,0.5025824346985177,0.25756484767115473,0.25509492663750166,0.27179334291881313,0.2578939632459723,0.1846424626737024,0.18754585292475812,0.1519094057889831,0.3756274500000054,0.2614416162598879,0.20300762270467512,0.26776848774562406,0.3915291114532603,0.33253093739883643,0.3394890421259732,0.005251121364930003,0.5154914761700391,0.2975801268112502,0.11380320102264829,0.25230613667458107,0.182890220594641,-0.005673282451261073,0.19057956938868967,0.7006349079712266,-0.687141560004471,0.49415088430790693,0.38437928550627154,0.2329041030925413,2.992305701480715,-0.284551125964445,-0.899547691477534,0.03471915208983894,1.4474086218724163,0.40340678859376533,0.5664313195894188,-0.2237666988513016,0.4942795179014084,0.5620388516472149,0.3940161317616927,0.9099193194760282,-0.5712037535123027,0.933728851711246,0.5532916686495695,0.45501620422631,0.15738549113897604,0.40191762123842284,-0.1114399239925731,-0.2145616128960356,0.2860752280801134,-0.41918232171988146,0.6270899346665114,-0.509212987925565,0.26039328336094103,-0.38523291545179084,0.36536284887073023
-0.401357196590565,0.4597920990140737,0.40654676996331635,0.36995291111144846,0.43620733676052537,0.24900077302779308,0.48033304824045125,0.521391919625089,0.28739575427443415,0.39822036618244216,0.38047072825737027,0.3932527149357798,0.34574202539532306,0.41472221352463495,0.3873212998370965,0.4321654303936279,0.3662373744060981,0.3151969708038823,0.22958551728648746,0.527289958971261,0.22678746761910595,0.4191282878064207,0.501150982949361,0.3748303315826682,0.6123061520884101,0.30500962670317405,0.3523951563554397,0.20391043673523104,0.5931730547557656,0.18119627977555366,0.27956131202086265,0.40275902976801425,-0.284551125964445,2.258701814310157,0.7737858106645534,0.44025993411417635,0.21224967731245278,0.06467185870543486,0.5471513912096253,-0.14115368054015806,0.20478634999536507,0.3570037647949039,0.853781224164314,0.5187536545479334,-0.6067017770229906,0.5403751451767961,0.3064735433022295,0.06429308344153203,0.7208008320044202,-0.2138991827025258,-0.47950829566145703,0.2752163094988981,0.1347558703658265,-0.06228365983823424,-0.14703349937040308,0.1414774469980446,-0.44476280485150643,-0.05526875392506338,0.41982604947179203
