1.146833230994416,0.32494471106629186,0.6568248251871338,0.06843088194788624,0.03792659375012937,0.2529677375807112,0.3648910624479495,0.16248112588764635,0.30563339775106635,0.19692028912180173,0.23958276980446255,0.2901710256414745,0.19860195365643993,0.21480789166403153,0.23422284151218523,0.1913861259817035,0.12481191982183318,0.2916957818962992,0.12078198470199984,0.07848995078689185,0.2554938080446379,0.2407161449992052,0.15212412952762142,0.10810764537013415,0.38790230002552983,0.23280533176033563,0.251079585587614,0.14095899938623438,0.36630389362111615,-0.07833187854084292,0.23085999921080874,0.3512563837435763,0.06905848191530575,0.2961395492464156,0.24967032433962374,0.28628309788786205,-0.04473918501442564,0.06134717794662018,0.17493490208538273,0.11033334704390797,0.2530451241156343,0.13963504703047996,0.15634220048502265,0.02391740529632462,0.5202774363197004,0.16270815610324796,0.1273983633797997,-0.018774733170423497,0.13806225462108662,-0.11587520158943632,-0.009084814924430562,-0.002263996397565065,0.03843496230277377,0.04055881973168598,0.010676102036641072,-0.10085578593746929,0.4019505989531126,0.2397975173531385,-0.6104097288270158
0.32494471106629186,2.0884817611464626,1.3349710590253552,0.3237427851840536,0.11539228764907551,0.4374486992259142,0.2504237261266781,0.42801983684325046,0.3067913675434111,0.39390574213261526,0.40116084139919356,0.35835789881291336,0.35843274570205275,0.310327184858385,0.33985811760083273,0.32063263962946736,0.4608654038405036,0.4689640957802016,0.26036052080072236,0.5951433022349594,0.45566404945060524,0.3020472036575131,0.11299519105453787,0.08931666388603207,0.6273461957777718,0.4609963018336008,0.445593249996725,0.3965567801590102,0.6768087912680442,-0.09030374350687317,0.3686002572761893,0.2988560223341681,0.3322464114567719,0.6469649900663201,0.42112227623142107,0.4546833304232568,0.509684839030947,0.31292881098235387,0.3288196502606715,0.18509340691738124,0.5161719705449814,0.3821779383141178,0.4687842162593233,0.06888352325124698,1.0123510741002968,0.20958104936085103,0.270795935299216,-0.002970210367156382,-0.24627307483485703,-0.06295202892562086,0.12792003604700847,0.09608441372125351,-0.07702654934084001,-0.11927906786523401,-0.32240594035264775,-0.2934384962844114,-0.579146912205386,0.5436077000301566,0.2994169649139673
0.6568248251871338,1.3349710590253552,2.805285914843777,0.11086104046931394,-0.07407827271216191,0.690443003711775,0.44144897225792135,0.6026121760868873,0.7127476730284367,0.7846423174144312,0.6534692146707058,0.5852121910402133,0.5706252650782155,0.39993593939512717,0.6146322432901857,0.38817265427150005,0.5256302507316006,0.646347051022098,0.3504980638073128,0.40337767165331184,0.5815719393085347,0.503896049475334,0.38159505048111775,0.4636200284309426,0.7637900542893918,0.629335092682307,0.7139190563814626,0.48909896040843026,0.9001897214813132,-0.6442487266277771,0.5718545443153613,0.5194840918676633,0.20537493507168467,1.0753356241818914,0.6859735284546666,0.6491842915433168,0.3270029511529193,0.2036104938609162,0.3924038718130196,0.1673983609259482,0.7261406980902436,0.4455256308405279,0.5405965589451834,0.15319511758577564,1.297481834679355,0.42249156363672635,0.20399527537446058,-0.0376416545693135,-0.30565113297046625,0.030155583452759344,-0.040726553858277614,0.21303612349382425,-0.14326680915423295,-0.005660857223242636,0.09403174993585779,0.11601023497602546,0.1496548092449671,-0.7108948289847002,0.31167553947591603
0.06843088194788624,0.3237427851840536,0.11086104046931394,1.577481191892453,0.6337827319786853,0.4021511133827009,0.5037105074205788,0.40740458572964433,0.19109660402838627,0.1392761470130844,0.29661298277237363,0.37301305801794765,0.3875370782280824,0.42228720787670604,0.28513052448332155,0.4704261226094527,0.3541347914771823,0.20271170474140981,0.3627996565366261,0.2607983827878651,0.28589636870092494,0.30151813504343,0.10056835560482623,0.10599903054959041,0.17854103412933459,0.37379769261888657,0.14801454986159565,0.15622321891405966,0.30344081381281895,0.15345717364209036,0.18392767417654496,0.2577258873968975,0.25217247460236364,0.21418729304744058,-0.03338586657596746,0.3281870041331071,0.24106178779673337,0.17081091337009502,0.30589252004684736,0.12999269456797474,0.1713644481108623,0.25590527684258413,0.0285015065292685,0.06965884157535768,0.29293766653895326,0.020699041368597706,0.23294997876602003,-0.021389234649433625,0.07012710406848441,0.11807952462330223,-0.034608878241443826,0.05355259435205937,-0.10819512081875353,-0.10169168645447818,0.009677638699872117,-0.08359398528099928,-0.5149947740639734,0.626590109938934,-0.1904534681361443
0.03792659375012937,0.11539228764907551,-0.07407827271216191,0.6337827319786853,1.4473528268440703,0.33919136631840596,0.38719962928291135,0.268228726666563,0.1318306703061812,0.09033983105419309,0.23246541085050162,0.320608104490872,0.350467474312286,0.31398348413600913,0.300854694339153,0.41307310298739097,0.29232460691510526,0.16289127998287312,0.547416771537964,0.247481488491673,0.18765170700808487,0.2663750884128209,0.12448628767804384,0.20522393642935524,0.054893531908128755,0.27878873300861495,0.07280236422306458,0.11927263734390461,0.15686659355425445,0.2799226247492373,0.21313665262286735,0.3085932875459914,0.3120020368740289,-0.05199500295952005,-0.14440105591462923,0.32557607412049727,0.42276855172234484,0.19958892611591714,0.32003214020896487,0.11032383168383408,0.07124008059455528,0.26709498082172706,-0.23373008346984084,0.05234268532528142,0.025330941764701565,0.030903805827587942,0.24036147090998172,0.004517756824894395,0.3040139734181783,0.3549347192348544,-0.11718976890041705,-0.09529099613239979,-0.02722236495444758,-0.12495433942907119,0.01957437373647221,-0.08082479598016092,-0.06783480652266886,-0.0045059795944759765,0.04433980212472355
0.2529677375807112,0.4374486992259142,0.690443003711775,0.4021511133827009,0.33919136631840596,0.9860990151111378,0.2968306415480255,0.40403801779582676,0.3335104873483899,0.1360314687991305,0.39432984404606464,0.41979313062986784,0.38049894435382065,0.305527346049155,0.36220048585155584,0.33377032706946536,0.3570008370788525,0.31946225602358713,0.4994561843025913,0.37919964388939076,0.3507233287867429,0.31456100563304445,0.150685131321801,0.2185006080546205,0.36537801094353395,0.4491960100630098,0.31041064110942895,0.28716546986896935,0.5704225545115764,-0.09863656930391977,0.2789898439009995,0.3913006443741937,0.03970056488590999,0.40110563295962975,0.3575027983199128,0.24109219504873708,0.2561710731513502,0.2017595367723111,0.3573127501367004,0.22468482505810136,0.2044077399607914,0.2615938728502688,0.3970163867059288,0.07537974892766693,0.7414365150928609,0.079324966573553,0.2742350096065023,0.01662079449329101,0.2550105437124115,0.2545950308735295,-0.2653424984368871,0.12151800437685617,-0.23480642331663062,0.049224841579965956,0.07424788337960081,-0.008983830156725658,0.09227087818738211,0.03134491103187123,-0.2614711543766491
0.3648910624479495,0.2504237261266781,0.44144897225792135,0.5037105074205788,0.38719962928291135,0.2968306415480255,0.9933805574208365,0.3321113616338571,0.4024098833595426,0.28898955763734496,0.4007691155251892,0.5014446235224994,0.42645246821088223,0.3386892530941975,0.3419027857992135,0.443817460199571,0.3733370368104441,0.34272607241083825,0.2230472428717242,0.1337767421909341,0.32554860309716993,0.3946422130787473,0.21928364305103412,0.1865765246765024,0.33636115973038283,0.41918081010627184,0.3457054695211122,0.23391013902672675,0.3710286858364657,0.055185403463480255,0.2900558973433699,0.4396142357947989,0.22876105570802868,0.3764598219071137,0.2951786401072588,0.43198382726547957,0.057061038100065596,0.10682249169891983,0.30968587553560445,0.16927236652383892,0.2964141600433226,0.2895402134285095,0.023080853589315487,0.040321956452445525,0.46715516039202787,0.10250669883373789,0.14697017085482939,-0.029545490779784956,0.3649473754147195,-0.0577184401627046,-0.03162733024763042,-0.023954574797455722,0.05440550950256928,-0.039389869798943974,0.09415107388462304,0.014766363990613054,0.13656540589339913,0.2506445297630026,-0.6075260371558728
0.16248112588764635,0.42801983684325046,0.6026121760868873,0.40740458572964433,0.268228726666563,0.40403801779582676,0.3321113616338571,0.9167606587410303,0.20926529844736733,0.34647951756340656,0.3595410050497896,0.156326506501376,0.44575927912533025,0.3547263997114803,0.3039763943544545,0.32644259036611056,0.44614653335487503,0.31113087668141687,0.2875214121135466,0.4168280792155784,0.3170581696579141,0.285136318468107,0.12201918953999684,0.1467620733809317,0.2665006612236285,0.42963542200638116,0.39657104606843585,0.2916383894791649,0.4071857510404251,0.05982914155906383,0.2737629112909686,0.316254054448784,0.17546791992005376,0.42011929393686104,0.38763621444565405,0.1871360434850396,0.35548283066037034,0.20905451411540352,0.4437140767492321,0.21083787895120948,0.4227418887854405,0.2733321327058662,0.39776623675292994,0.05170609001315106,0.7336757914788089,0.07951897297040962,0.34723751587823654,0.02432028411414729,0.3560060246698,0.30543641831663504,-0.09849117923005377,0.040073905307119226,-0.1380588185445416,-0.024778586508992936,-0.023603885352818193,-0.01584451962836826,0.036824592197522515,0.24268144771629768,-0.3222722768015922
0.30563339775106635,0.3067913675434111,0.7127476730284367,0.19109660402838627,0.1318306703061812,0.3335104873483899,0.4024098833595426,0.20926529844736733,1.297307809291931,0.23505884221093623,0.30026235126468304,0.338777473148961,0.3018706911169784,0.2593161261670457,0.5000785368777841,0.1916522290070407,0.2691092348550174,0.3286895250555452,0.14633179729734858,0.3160928239860801,0.3259295622570917,0.5127465123877508,0.2791476169159667,0.3117205400695618,0.43344779093307484,0.5679815080992635,0.46255328839852344,0.3490528960219129,0.3236593385769102,-0.013835918911357664,0.34661945775428554,0.3942658045362219,0.36668529078729045,0.6176831177140978,0.37117423775801045,0.35161447271360885,0.26625696427027234,0.18227585108422387,0.24572130504600623,0.19043768858289253,0.34247987642971517,0.32639188919311024,0.30094429798704597,0.06725846724365128,0.6923938020890665,0.20334202589484568,0.2074240082577766,-0.04066272922431863,0.330608802078065,-0.11179714003245779,-0.09296468036387823,0.0786849950335456,0.09982717363540192,-0.08438101530525297,0.3053966231398635,0.11203595062236697,0.2237465209024176,-0.226526756992196,-0.3804106788156136
0.19692028912180173,0.39390574213261526,0.7846423174144312,0.1392761470130844,0.09033983105419309,0.1360314687991305,0.28898955763734496,0.34647951756340656,0.23505884221093623,0.892974926864728,0.2529093445613516,0.26004055271318344,0.3462958505448152,0.2813811495497006,0.3027867728256415,0.2672741375849944,0.33921024241408576,0.39772571795936085,0.06935178819658108,0.1820283403085562,0.22938555620189252,0.2756259773193497,0.29107273594694955,0.2610666519190372,0.3338211085150784,0.28352302064973195,0.41065657944847905,0.3103999781304993,0.4010708606823252,0.03644287425210754,0.3133983276040385,0.2792126632943617,0.21549429270912746,0.5051378688327628,0.38209574114879485,0.36499051697379997,0.2585280902610466,0.10829695815945711,0.2618871293193284,0.14130684073443048,0.5025204767733481,0.24832849121487546,0.25967985864392784,0.05034970410349473,0.48328596502653065,0.13285057027239713,0.3170888368217078,-0.0008048812787099869,0.1632088713068935,0.12268997381813657,-0.0026701087574225197,-0.028783618193621296,-0.05759398365860781,-0.020520554863906162,0.08557205395534084,0.06441003997674832,0.13496981922883278,-0.34228755177413694,0.07713755757313016
0.23958276980446255,0.40116084139919356,0.6534692146707058,0.29661298277237363,0.23246541085050162,0.39432984404606464,0.4007691155251892,0.3595410050497896,0.30026235126468304,0.2529093445613516,0.632916596726011,0.39098812418113404,0.36985878731663313,0.27493986324952235,0.4506208638151021,0.3604522951053932,0.44869931097649535,0.2935508242834573,0.21644126679615053,0.36162811290471164,0.3538888743012749,0.30084656021608275,0.180698110358341,0.2422458991307554,0.3818793834795111,0.4016009798946106,0.32670750668663723,0.3266088116497103,0.47503625070298955,-0.006272785586219403,0.3096764168435806,0.3612098741259172,0.19191863009210364,0.4071141436271229,0.4181677260706981,0.3058307512369986,0.23538928671305134,0.18968430791099,0.3334905428073307,0.21624084419570486,0.37969012255626716,0.3200432326477,0.26485967576938513,0.054660349774394094,0.663128045920137,0.11890328280469427,0.23673268035504966,0.004529742667106624,0.1098288832102124,0.15711000712446047,-0.1260924821816193,0.00593720521063362,-0.01922700552820339,0.01161908985619492,0.03986750762865583,0.012673207474143482,0.0593519501714962,0.005860421229959951,-0.19490196881831795
0.2901710256414745,0.35835789881291336,0.5852121910402133,0.37301305801794765,0.320608104490872,0.41979313062986784,0.5014446235224994,0.156326506501376,0.338777473148961,0.26004055271318344,0.39098812418113404,0.7129447097923985,0.3348137865255001,0.2668977074799724,0.3362172080584171,0.36351159713575737,0.2783913225815829,0.3486340287659508,0.25251728651135874,0.15524568400511463,0.29090396834593785,0.3141728946252533,0.23424642032301798,0.2211253653683478,0.38776233398915655,0.3948106715684836,0.2710829112239572,0.16719121468854029,0.4139976325322613,-0.07383342637038667,0.291619697137446,0.4289528016524692,0.13677097374723457,0.41003306715333193,0.25472815321152925,0.470172956193582,-0.03365568650104383,0.11056103216631169,0.256518718003841,0.16415208386116523,0.26440339871913726,0.24278762697716375,0.10715086022134884,0.05322597603742551,0.4670804465764375,0.07702611540667528,0.164650020429015,-0.01520606050980672,0.18738234274738985,-0.2223913197295425,0.01603533774171604,0.050690629435944545,0.01652373426856924,-0.0184626114910621,0.07434400678778749,-0.009960943294774692,0.10658886893724659,-0.012810134537293837,-0.24773077078755398
0.19860195365643993,0.35843274570205275,0.5706252650782155,0.3875370782280824,0.350467474312286,0.38049894435382065,0.42645246821088223,0.44575927912533025,0.3018706911169784,0.3462958505448152,0.36985878731663313,0.3348137865255001,0.6681556713185075,0.3621751353381289,0.31468654181257494,0.4083676181107836,0.39870694093243614,0.3046325945707128,0.2845226836413536,0.25540778916377643,0.33660998818021015,0.37574097313789084,0.21138622376184749,0.24463226546823078,0.3099849036400861,0.39018745963544327,0.29207592665552745,0.30260462358506657,0.45437693291895626,0.06343072357435023,0.2705725591610932,0.40883114496743306,0.20678581078831254,0.392385030078758,0.3531874216743476,0.28518920565993583,0.231047384014802,0.1489697178730954,0.3723808802645235,0.19165769375184508,0.3844648279620648,0.29064100023016565,0.2148331540281358,0.074959643982963,0.4887592618031245,0.09107320442599205,0.2802208181341869,-0.00467474612220467,0.3666290750898405,0.2504848112495803,-0.08683809651341726,-0.027994553921602505,-0.1083123625531185,-0.015143855330166777,0.09546888055916265,-0.0014813101169916924,0.023354312633743518,-0.10821729005606992,-0.07673465225065954
0.21480789166403153,0.310327184858385,0.39993593939512717,0.42228720787670604,0.31398348413600913,0.305527346049155,0.3386892530941975,0.3547263997114803,0.2593161261670457,0.2813811495497006,0.27493986324952235,0.2668977074799724,0.3621751353381289,0.6904450899613742,0.3457493722161017,0.4746480012495844,0.3754600165148469,0.1968049740921349,0.27298468763953865,0.2851427030951999,0.27771134632883754,0.34737023613629997,0.14706387326567993,0.21415298021921975,0.27913757042608056,0.36155246203509817,0.20844103562946206,0.3423779511695269,0.357895257228311,0.20650595765278937,0.23755588751237203,0.3717881198110653,0.2224079594478824,0.26774412653299245,0.3316829402483821,0.28181761623840906,0.2738182508481417,0.1698986864624347,0.2621110356337234,0.17780044376474105,0.37627013979221846,0.29809703504819024,0.20152003541048302,0.058338327645438025,0.4311206904549785,0.05229069008841056,0.3127774721841519,0.006675593141953699,0.4063346833737298,0.1686788072863833,-0.0330270519816601,0.046153828680045896,-0.14506076165695192,-0.011702649408568465,-0.07055101081472523,-0.10495904779660076,0.030420580406671775,0.031758388959362685,0.03208371254423189
0.23422284151218523,0.33985811760083273,0.6146322432901857,0.28513052448332155,0.300854694339153,0.36220048585155584,0.3419027857992135,0.3039763943544545,0.5000785368777841,0.3027867728256415,0.4506208638151021,0.3362172080584171,0.31468654181257494,0.3457493722161017,0.9770805484171166,0.34687530768823793,0.531263262788928,0.2721982120547102,0.29317872584517973,0.460940641092371,0.3664647465356132,0.30917397401030444,0.12919010209227685,0.29955177564896407,0.3608298101730632,0.42857923857942226,0.3347483623310521,0.5124483320211141,0.4307369749918344,0.09963330956357917,0.3767112741490112,0.35995667850883434,0.350293970652749,0.42524007851923146,0.42050769944287614,0.3145459050543832,0.5032817464393241,0.23572151158061574,0.3206628008587587,0.20853175055337766,0.3963225781936007,0.39151271262390636,0.2850573840660954,0.051005692662291886,0.7193314842852558,0.18225013385350117,0.2759826990192096,0.013127882526868138,0.2314147324701202,0.5185347978474558,-0.2254800399642405,0.27565866745136614,-0.29495861241673743,-0.10585170478428663,0.16081907110997323,0.05527021376931461,0.12485547049727092,-0.14193233600282879,-0.22998411077237743
0.1913861259817035,0.32063263962946736,0.38817265427150005,0.4704261226094527,0.41307310298739097,0.33377032706946536,0.443817460199571,0.32644259036611056,0.1916522290070407,0.2672741375849944,0.3604522951053932,0.36351159713575737,0.4083676181107836,0.4746480012495844,0.34687530768823793,0.8066167399345104,0.4632053043671095,0.20847780761954796,0.3197830543178625,0.32594441611838787,0.29158264412152674,0.4189480478531985,0.09876852911866901,0.21280658275074432,0.28167523655020354,0.33251533135727895,0.27853182467669757,0.33781456725934605,0.4179133552061126,0.28169703845616595,0.28183986355174057,0.38302133796600374,0.22842840082516,0.3650907026852106,0.4480013396975543,0.32521195629281435,0.2639083389147634,0.18537180224674366,0.35310952855012645,0.20604402550305764,0.4031759635093092,0.37072102826255177,0.27652864733889737,0.08413318500989,0.4557794018365514,0.06933834732378556,0.3251864782448592,-0.004456084949223069,0.46246470091428926,-0.061280621990834915,-0.0515539412760396,0.036559325488029704,0.03136625017275942,-0.05580218199718501,0.019438646339461955,0.023812285017178393,-0.12855789930243627,0.17379143846993728,-0.15710387232720496
0.12481191982183318,0.4608654038405036,0.5256302507316006,0.3541347914771823,0.29232460691510526,0.3570008370788525,0.3733370368104441,0.44614653335487503,0.2691092348550174,0.33921024241408576,0.44869931097649535,0.2783913225815829,0.39870694093243614,0.3754600165148469,0.531263262788928,0.4632053043671095,1.3227637685074896,0.1687475742098827,0.32857360508990224,0.7501590676511436,0.3978637125077088,0.3644365643497979,0.02926038945870739,0.2802984048384044,0.6812188879052443,0.3625262368440759,0.3996849056075705,0.7621380375069505,0.55344424163301,0.3368039174783196,0.4365621983861677,0.39361140129539635,0.5003655778263003,0.46417753635666104,0.6142869258677274,0.36566223784998303,0.7645473976435352,0.39142944055484163,0.40189280892545487,0.32338714887013453,0.5681667649278279,0.5752593948462673,0.5133049090070424,0.0558574052500884,1.1025446711799347,0.19032660793664286,0.4429925187540583,0.03577791425744022,0.23234713373331556,0.7211512928432291,-0.053762618845700175,0.11738666764608482,-0.4479771093992244,-0.13115643246515005,-0.026447514692482542,-0.07156153876952474,0.049728360869124015,0.030702688577340823,-0.23844354962871234
0.2916957818962992,0.4689640957802016,0.646347051022098,0.20271170474140981,0.16289127998287312,0.31946225602358713,0.34272607241083825,0.31113087668141687,0.3286895250555452,0.39772571795936085,0.2935508242834573,0.3486340287659508,0.3046325945707128,0.1968049740921349,0.2721982120547102,0.20847780761954796,0.1687475742098827,1.0760091390808901,0.12963131024854493,-0.04566060598901002,0.40660081668535497,0.295167835456585,0.7649255477118215,0.27068668961768566,0.4577957978622453,0.40880317057785587,-0.031196151455656594,0.2974074453664428,0.5711789481098525,-0.20051759428049187,0.35452396279441434,0.28446058192653223,0.20567391682675357,0.6459121229096215,0.23910999010595793,0.260393946944736,0.24854914607113002,-0.015241059284263753,0.2763362714510359,0.22388863868377057,0.389145771140052,0.16899897388732582,0.4154939701155211,0.06315691847645333,0.6358468547772831,0.2239640824412942,0.4536603028608397,-0.016451004556422757,0.24325582862095366,0.47661895727281073,0.029159989542730278,-0.022240023479583322,-0.36628314729982464,-0.1081446446218156,0.24345102237634123,0.16434278714426526,0.10637119614233397,-0.02227074123921829,-0.43215720761877996
0.12078198470199984,0.26036052080072236,0.3504980638073128,0.3627996565366261,0.547416771537964,0.4994561843025913,0.2230472428717242,0.2875214121135466,0.14633179729734858,0.06935178819658108,0.21644126679615053,0.25251728651135874,0.2845226836413536,0.27298468763953865,0.29317872584517973,0.3197830543178625,0.32857360508990224,0.12963131024854493,0.8820592594966327,0.22906079015192823,0.2695859504223445,0.23616747274161762,-0.05334958370207423,0.13678791019643932,0.1054913083494295,0.21087050175755812,0.10525985235920103,0.24544207101490245,0.2217692006616627,0.11022708007537843,0.21674531689784404,0.2632345841213504,0.18219596564628754,0.1167971348845934,0.06986403419197049,0.26387310828910193,0.3063578352698955,0.16831581143860566,0.3516648837697057,0.10236429158719751,0.11337350596887763,0.23146396716138892,-0.07287696203645248,0.07917800993348019,0.3440381659439411,0.05929361967408214,0.1368848024944116,0.0164116984821896,0.22313719106219876,0.26795402427745046,0.07015992406185494,0.2519767549211177,-0.33661506051248086,-0.08943345243427972,-0.05073162230250083,-0.029653557246565567,-0.010888211141957944,0.08471289431653721,-0.07163014612877494
0.07848995078689185,0.5951433022349594,0.40337767165331184,0.2607983827878651,0.247481488491673,0.37919964388939076,0.1337767421909341,0.4168280792155784,0.3160928239860801,0.1820283403085562,0.36162811290471164,0.15524568400511463,0.25540778916377643,0.2851427030951999,0.460940641092371,0.32594441611838787,0.7501590676511436,-0.04566060598901002,0.22906079015192823,1.6316213524035434,0.20477712648562918,0.2878760044395007,-0.1893661777302013,0.26946062397474635,0.7274435236450043,0.44956543757906914,0.5602469216210726,0.5701104156754949,0.4828445469950687,0.5715454374318452,0.4610633717475758,0.32099016410419823,0.5559060800427112,0.4775178069128706,0.5658415017498403,0.20641065290204205,1.084715509204546,0.7740171477987668,0.47690121587354534,0.4269532991611043,0.45191402429911237,0.5845372122204398,0.9124860678979557,-0.007994617575016336,1.284232242510737,0.12922340470927138,0.3287326073337098,0.11986105213854605,0.6061125718857788,0.06082342349705052,-0.21949885140456526,0.04917295271593304,0.15897552727459446,-0.16486768015435788,0.04834468190344969,-0.1456538232129757,0.06777229869381061,-0.0317796265785889,-0.06051677613551225
0.2554938080446379,0.45566404945060524,0.5815719393085347,0.28589636870092494,0.18765170700808487,0.3507233287867429,0.32554860309716993,0.3170581696579141,0.3259295622570917,0.22938555620189252,0.3538888743012749,0.29090396834593785,0.33660998818021015,0.27771134632883754,0.3664647465356132,0.29158264412152674,0.3978637125077088,0.40660081668535497,0.2695859504223445,0.20477712648562918,1.0684613118291657,0.3180459045991866,0.3173933384473845,0.18387758742090596,0.4222890478994853,0.3017631892210032,0.18544424304275037,0.41463594259734027,0.49095545824405945,-0.016416816343328346,0.2661268297135922,0.4013950143369094,0.23617747945897039,0.4997728072350189,0.3731005942756717,0.2678986328981188,0.24922526982442603,0.12067016864690872,0.26533685003857665,0.3496182207557831,0.46452327338726834,0.3397553096397053,0.2787444682609725,0.0704096823906241,1.2415962273147894,0.0035324031346638486,0.2912733840450317,-0.009186196322326904,0.09231289277515141,0.24176993848293565,-0.04161036959685785,0.10955662901587714,-0.21248124568470944,0.01969141753516633,0.030435476845457072,0.017736933873480843,0.002427080590163223,0.11047733253379104,-0.2590264731102002
0.2407161449992052,0.3020472036575131,0.503896049475334,0.30151813504343,0.2663750884128209,0.31456100563304445,0.3946422130787473,0.285136318468107,0.5127465123877508,0.2756259773193497,0.30084656021608275,0.3141728946252533,0.37574097313789084,0.34737023613629997,0.30917397401030444,0.4189480478531985,0.3644365643497979,0.295167835456585,0.23616747274161762,0.2878760044395007,0.3180459045991866,0.8295115589632482,0.30571136785247627,0.2607820569166333,0.4594190746234788,0.36967652990845207,0.3083657583554582,0.3123351803594896,0.3852541194348412,0.18116256129037553,0.2628621637626051,0.4405970596964848,0.3383388583934897,0.4917171974659772,0.34889564477462076,0.2847615786573217,0.28517803650391954,0.18555888614856347,0.3022184263845551,0.21394399132588948,0.34557064036892976,0.35591826495754825,0.2832853580093475,0.11689833343647228,0.39904319704110586,0.206846777870844,0.3036849389731541,-0.08198857437592369,0.8283818396507793,-0.07611249604563537,-0.05147113676141303,-0.03320502096742741,0.055413065899676796,-0.05930829058346098,0.13098757012827855,0.03770302251539262,0.08341836249423623,-0.057011283232955574,-0.22616960910036663
0.15212412952762142,0.11299519105453787,0.38159505048111775,0.10056835560482623,0.12448628767804384,0.150685131321801,0.21928364305103412,0.12201918953999684,0.2791476169159667,0.29107273594694955,0.180698110358341,0.23424642032301798,0.21138622376184749,0.14706387326567993,0.12919010209227685,0.09876852911866901,0.02926038945870739,0.7649255477118215,-0.05334958370207423,-0.1893661777302013,0.3173933384473845,0.30571136785247627,1.672843343255139,0.4971322256459187,0.43659394404189356,0.057263490411588444,0.1274837791159917,0.19018934457007228,0.5796978143756125,-0.05073148598726534,-0.034267342064735605,0.11856155613156254,0.32696354679713696,0.6590098167932632,0.11793413102747244,0.0707330194534119,0.33281462427106995,-0.10975572533103545,0.35053097369870384,0.2574732648003235,0.20710171148295167,0.11158719215004761,0.324456600760383,0.06115005980148185,0.18635241573537506,0.17769055495171104,0.43301942398784893,0.005438830560773989,0.4900072585378314,0.29213100709018963,-0.2011807950496556,0.013019356224831174,-0.02958507575984014,-0.08275674680898162,0.3489857019078884,0.24936758994520716,0.03293190551310653,-0.5000003094024108,0.08573998525240163
0.10810764537013415,0.08931666388603207,0.4636200284309426,0.10599903054959041,0.20522393642935524,0.2185006080546205,0.1865765246765024,0.1467620733809317,0.3117205400695618,0.2610666519190372,0.2422458991307554,0.2211253653683478,0.24463226546823078,0.21415298021921975,0.29955177564896407,0.21280658275074432,0.2802984048384044,0.27068668961768566,0.13678791019643932,0.26946062397474635,0.18387758742090596,0.2607820569166333,0.4971322256459187,0.7950256998914462,0.4165940990158456,0.19513333539113384,0.2987654236033575,0.28070612415790724,0.39421258846801327,0.10935171261770844,0.36615735466700855,0.2296601442120173,0.2795937520265333,0.3333673378737191,0.24530967208383103,0.39138571645309905,0.2838339091764522,0.1488010147418851,0.24010987377228038,0.188130812936693,0.3196596524054972,0.2549922533679075,0.28033459095040136,0.06542281262043186,0.3745018177908163,0.10211147315205076,0.2635658173731807,0.005217330957898783,0.09866472157637404,0.13785845772637664,-0.1550653807633662,0.057344245828275145,0.01546696270991347,-0.05617858559535547,0.3164775970802195,0.1665431963030758,0.23142389836035807,-0.9176208809274484,0.37134261762141874
0.38790230002552983,0.6273461957777718,0.7637900542893918,0.17854103412933459,0.054893531908128755,0.36537801094353395,0.33636115973038283,0.2665006612236285,0.43344779093307484,0.3338211085150784,0.3818793834795111,0.38776233398915655,0.3099849036400861,0.27913757042608056,0.3608298101730632,0.28167523655020354,0.6812188879052443,0.4577957978622453,0.1054913083494295,0.7274435236450043,0.4222890478994853,0.4594190746234788,0.43659394404189356,0.4165940990158456,2.816224009090371,0.5009792340180382,0.3752321559554212,0.46817327718226476,1.0363357738578538,0.14277112947718756,0.621213127321812,0.466090503734796,0.2942681630173706,1.138330134652541,0.7784661507409214,0.6529037814658297,0.16133516721300525,0.3636618729191357,0.32796259190425237,0.4092774035051771,0.6844679870272355,0.47435048566974036,1.0487966230279497,0.05825510009905186,1.3233015160327588,0.28641755163356575,0.3959813519943665,-0.019731035201298625,0.19457321661529695,-0.31356530814651695,0.06822588199747731,-0.023355775477279808,0.15441369717377382,-0.12156046219368988,0.10525414979809243,-0.052096455215803215,0.21433107244053998,-0.14371244901977967,-0.2386559331666804
0.23280533176033563,0.4609963018336008,0.629335092682307,0.37379769261888657,0.27878873300861495,0.4491960100630098,0.41918081010627184,0.42963542200638116,0.5679815080992635,0.28352302064973195,0.4016009798946106,0.3948106715684836,0.39018745963544327,0.36155246203509817,0.42857923857942226,0.33251533135727895,0.3625262368440759,0.40880317057785587,0.21087050175755812,0.44956543757906914,0.3017631892210032,0.36967652990845207,0.057263490411588444,0.19513333539113384,0.5009792340180382,1.5476536379549108,0.5841397840022137,0.5338179425675853,0.26150701379679997,-0.10668674739362473,0.4374130750286529,0.5848921296874394,0.4389347392932436,0.5538577107137161,0.47927014918368016,0.48301969640429643,0.039744831893848184,0.22844714353731668,-0.16801790685140625,0.25700599874417096,0.5801208139200705,0.44805880432503176,0.5878583529864262,-0.028392935291937347,1.034907373569146,0.012479561925336663,0.20074328106043104,0.01482551027770877,0.08223746516477162,0.35020611492359627,-0.12301906769041278,-0.12364196253022132,-0.26035715282215816,-0.010205107353096054,0.0793144719335796,-0.045576145846856764,0.08879408155145092,0.1089956646093785,-0.3127799290891695
0.251079585587614,0.445593249996725,0.7139190563814626,0.14801454986159565,0.07280236422306458,0.31041064110942895,0.3457054695211122,0.39657104606843585,0.46255328839852344,0.41065657944847905,0.32670750668663723,0.2710829112239572,0.29207592665552745,0.20844103562946206,0.3347483623310521,0.27853182467669757,0.3996849056075705,-0.031196151455656594,0.10525985235920103,0.5602469216210726,0.18544424304275037,0.3083657583554582,0.1274837791159917,0.2987654236033575,0.3752321559554212,0.5841397840022137,1.8196546889485083,0.48288079069805523,0.20726744157954058,0.16098272136392727,0.3608083434205223,0.28363030622733004,0.5171752258978702,0.44385142595676697,0.6030992623454734,0.47395684019933904,0.3112545134860854,0.260304167881809,0.1586138894438949,0.3015557429145747,0.6743816525766871,0.44517736324493595,1.0064019766184211,0.004141515363958028,1.2281483032673313,-0.001732241243107666,0.17785581489139765,0.08723021448036862,0.23331298023736555,-0.32365783261285563,-0.19926139964834944,0.011844222098449977,0.32813852952588013,0.03995803608135891,0.22842297875696177,0.22822995664480328,0.16152852849646349,0.03892330364350954,-0.4959772760832069
0.14095899938623438,0.3965567801590102,0.48909896040843026,0.15622321891405966,0.11927263734390461,0.28716546986896935,0.23391013902672675,0.2916383894791649,0.3490528960219129,0.3103999781304993,0.3266088116497103,0.16719121468854029,0.30260462358506657,0.3423779511695269,0.5124483320211141,0.33781456725934605,0.7621380375069505,0.2974074453664428,0.24544207101490245,0.5701104156754949,0.41463594259734027,0.3123351803594896,0.19018934457007228,0.28070612415790724,0.46817327718226476,0.5338179425675853,0.48288079069805523,1.5841320488618977,0.3383185747505653,0.4278044212050557,0.39272077657465365,0.35611341234201394,0.8538653822035226,0.39929403934578145,0.9532346190711192,0.16034119013591358,0.8048996903228441,0.28711989085113376,0.21012872723005796,0.36618557643573835,0.6777787632489221,0.5604344856615825,0.6360104052611503,0.04144221418565286,1.09720955557989,0.09049553680461903,0.4742205124907296,0.08793729183634891,0.42755881267970985,1.0390699136393853,-0.24509944207604767,0.43532251415040624,-0.884574944694044,-0.06876693191898371,0.15667423816550646,0.02125678303766392,0.11483797206736007,-0.11871241445779665,-0.16286427515688673
0.36630389362111615,0.6768087912680442,0.9001897214813132,0.30344081381281895,0.15686659355425445,0.5704225545115764,0.3710286858364657,0.4071857510404251,0.3236593385769102,0.4010708606823252,0.47503625070298955,0.4139976325322613,0.45437693291895626,0.357895257228311,0.4307369749918344,0.4179133552061126,0.55344424163301,0.5711789481098525,0.2217692006616627,0.4828445469950687,0.49095545824405945,0.3852541194348412,0.5796978143756125,0.39421258846801327,1.0363357738578538,0.26150701379679997,0.20726744157954058,0.3383185747505653,2.6953231220870113,0.04903887358356546,0.35301143154293235,0.4562522617237116,0.01230681809413439,1.1063860999161348,0.7476327602040022,0.656887566533437,-0.08698176849284216,0.1588256164453206,0.6745775457288272,0.32961602757986735,0.9650144196458956,0.3077000203092559,0.8282981009221206,0.000732945115819295,1.0558736333318823,0.43743447572753275,0.4704473543458728,-0.020558748038653415,0.21738719118054062,0.36187898688158743,-0.24873298973561936,-0.07889068276699227,-0.1389941154278419,0.03437176399291324,0.09206178842620275,0.015598156023110975,-0.011419064649964525,-0.060146885736628616,-0.12802515161938793
-0.07833187854084292,-0.09030374350687317,-0.6442487266277771,0.15345717364209036,0.2799226247492373,-0.09863656930391977,0.055185403463480255,0.05982914155906383,-0.013835918911357664,0.03644287425210754,-0.006272785586219403,-0.07383342637038667,0.06343072357435023,0.20650595765278937,0.09963330956357917,0.28169703845616595,0.3368039174783196,-0.20051759428049187,0.11022708007537843,0.5715454374318452,-0.016416816343328346,0.18116256129037553,-0.05073148598726534,0.10935171261770844,0.14277112947718756,-0.10668674739362473,0.16098272136392727,0.4278044212050557,0.04903887358356546,3.8392436333552418,0.1402631575645251,0.20071779813606003,0.49194537206614797,-0.3089541810736119,0.5822295331998413,0.5741531703643059,0.6152089145582819,0.38316997779116435,0.7077445898809659,0.10931712106726434,0.8002209994986227,0.34356526841510165,0.42931457876889284,0.06778304254395642,-0.06973978347496798,0.025481563524641072,1.56850179868376,0.10008252667597295,0.9184377628477721,-0.16444758486729477,0.02886387762416393,-0.48910696079976923,0.43924981062808477,-0.07612506130024065,0.047593946511196326,-0.21150516178831505,0.025149601340566485,0.38981217177698013,-0.36066867618418647
0.23085999921080874,0.3686002572761893,0.5718545443153613,0.18392767417654496,0.21313665262286735,0.2789898439009995,0.2900558973433699,0.2737629112909686,0.34661945775428554,0.3133983276040385,0.3096764168435806,0.291619697137446,0.2705725591610932,0.23755588751237203,0.3767112741490112,0.28183986355174057,0.4365621983861677,0.35452396279441434,0.21674531689784404,0.4610633717475758,0.2661268297135922,0.2628621637626051,-0.034267342064735605,0.36615735466700855,0.621213127321812,0.4374130750286529,0.3608083434205223,0.39272077657465365,0.35301143154293235,0.1402631575645251,1.061970350597496,0.3601778432171671,0.2567372364503335,0.3833938221850742,0.40540566120271354,0.8314394801968058,0.18978517201575898,0.2869777684388,0.3262064996862017,0.2404627198703717,0.6411891333141468,0.35559829950531857,0.3272052839840073,0.09663551431754268,0.9037782883600763,0.10053356560380675,0.3104318192482025,0.0066591547245547795,-0.17391111742042317,0.16596647415881827,0.030045332457099342,0.00817964002553524,-0.10984041837488805,-0.08464234721347262,0.15639202062755705,0.049088987517710465,0.24094486010840235,-0.22944825226173582,-0.22941680369895293
0.3512563837435763,0.2988560223341681,0.5194840918676633,0.2577258873968975,0.3085932875459914,0.3913006443741937,0.4396142357947989,0.316254054448784,0.3942658045362219,0.2792126632943617,0.3612098741259172,0.4289528016524692,0.40883114496743306,0.3717881198110653,0.35995667850883434,0.38302133796600374,0.39361140129539635,0.28446058192653223,0.2632345841213504,0.32099016410419823,0.4013950143369094,0.4405970596964848,0.11856155613156254,0.2296601442120173,0.466090503734796,0.5848921296874394,0.28363030622733004,0.35611341234201394,0.4562522617237116,0.20071779813606003,0.3601778432171671,1.1059785671471736,0.29947506781901206,0.3245077946819184,0.3257239134063853,0.5204363280933326,-0.023365709627656314,0.2296077420265518,0.23711257218769446,0.20876926340778698,0.42310928852090296,0.3293861929186005,0.08530434806100308,0.012090260256047685,0.6949903656080091,0.12915203980264106,0.32271797904894733,-0.009330212545720537,0.5117870107690652,0.1978819377573218,-0.0308140472327477,0.02557454853199585,-0.16183851625385273,0.010830031977649337,-0.16716513173618167,-0.371265600034867,0.8840557970162612,-0.2459068781834922,-0.40230760502735896
0.06905848191530575,0.3322464114567719,0.20537493507168467,0.25217247460236364,0.3120020368740289,0.03970056488590999,0.22876105570802868,0.17546791992005376,0.36668529078729045,0.21549429270912746,0.19191863009210364,0.13677097374723457,0.20678581078831254,0.2224079594478824,0.350293970652749,0.22842840082516,0.5003655778263003,0.20567391682675357,0.18219596564628754,0.5559060800427112,0.23617747945897039,0.3383388583934897,0.32696354679713696,0.2795937520265333,0.2942681630173706,0.4389347392932436,0.5171752258978702,0.8538653822035226,0.01230681809413439,0.49194537206614797,0.2567372364503335,0.29947506781901206,2.014832718169708,0.0012231042345367295,-0.15414866122255175,0.1143659135123083,0.9782602529039026,0.3247693542711431,-0.005306727732333793,0.22522843538640624,0.00597103007104474,0.504075909657483,0.3627719208709399,0.09133390101709206,0.5825231568328789,0.0016621233877669155,0.4746625678185305,0.0911463633159652,0.47460975624383855,0.4826547299365706,-0.18247902319449827,0.10312759748340036,-0.13208677329087,-0.2968196028548107,0.1971741144874489,-0.009841541816249839,-0.010814715710160887,0.007918021873462923,-0.1700319360945185
0.2961395492464156,0.6469649900663201,1.0753356241818914,0.21418729304744058,-0.05199500295952005,0.40110563295962975,0.3764598219071137,0.42011929393686104,0.6176831177140978,0.5051378688327628,0.4071141436271229,0.41003306715333193,0.392385030078758,0.26774412653299245,0.42524007851923146,0.3650907026852106,0.46417753635666104,0.6459121229096215,0.1167971348845934,0.4775178069128706,0.4997728072350189,0.4917171974659772,0.6590098167932632,0.3333673378737191,1.138330134652541,0.5538577107137161,0.44385142595676697,0.39929403934578145,1.1063860999161348,-0.3089541810736119,0.3833938221850742,0.3245077946819184,0.0012231042345367295,4.225420362233588,1.3937992970011226,0.2500403682090448,0.49526968599270466,0.1603102041870644,0.457325069208324,0.14131690664777363,0.8909068165592162,0.5286151053750524,1.2782323467135503,0.18255041369809494,1.4818884039933413,0.34339024453340466,0.3539703412427176,0.031754309718273005,1.2197028978487578,-0.6087079120738416,0.1365136527356256,0.030995504373206775,0.3194789670987967,-0.270164336398836,0.15079278353755743,0.31498014049011325,-0.24165876650603332,-0.0827895595200555,-0.049258946123115564
