1.0358236071649334,0.2806522702703138,0.48354468904969194,0.03891298900594847,0.26218666137217206,0.1826731627818974,0.23820420475406628,0.20629948014053542,0.10812309478081646,0.15815940892767263,0.12455173627450512,0.16928773492825652,0.08495634202230642,0.19544426799557824,0.16459968563024024,0.13726089059348778,0.06636509661449738,0.21733286418934936,0.07763682476908591,0.11638214593395514,0.12089968348041517,0.17138306274888335,0.16631408168298,0.039989016817816775,0.19860866350064907,0.13373836965522404,0.09993461314723837,0.06562990009541142,0.14089863976549538,0.2128676838550511,0.1040680404266412,-0.026391007983629644,0.10098773646347964,-0.04169834874777012,0.11668037323360407,0.047889841226717675,0.15331962252436257,0.15759007575873826,0.16491026685305737,0.07234986635611014,0.10114493985787693,0.09694695614932325,0.1775042428090287,0.13587402247338967,0.10046342138661365,0.10047043278722678,0.19646387697157525,0.007705241187133488,0.19438234248085876,-0.09152128458597132,-0.00848125467195226,0.028324418856426614,0.03278749581083174,0.02138953938431759,0.09561003164191874,-0.014960253139943185,0.054721278611016555,0.12936772185172066,-0.2390773942038076
0.2806522702703138,3.3281018225716856,1.9411666730711883,0.26751554554725676,0.1353140026518904,0.32462612342147884,0.2117470390698608,0.3353381443476122,0.13845738721159118,0.3573267829806533,0.22651640876399365,0.28133105409883263,0.1807052281275586,0.1881425920294259,0.25946430819391575,0.18175029296514147,0.3454902840885484,0.3807360960769562,0.1485004465571098,0.487994670443659,0.2598535280622323,0.22933731628325407,0.24281063409293988,0.2949475738579577,0.31304466030035166,0.20559624127488627,0.2607731660129321,0.29547276985742305,0.8681024733925002,0.5390405840161122,-0.02783200697541927,-0.02931108704977229,0.3567300523470676,0.3257401282825847,0.3466194128971878,0.2316294662676199,0.6644723645339903,0.035265297013440576,0.3181617154516441,0.22110481366748447,0.3052307763466141,0.2282716780699492,0.26078485573272625,0.15156652515004726,0.14668763043733643,0.12034295502461144,0.34695758900311896,0.005160324945052923,0.03112662351235673,-0.1079257498051893,0.04789219397720049,0.03435500684027485,-0.041692947713531305,-0.03572992769146114,-0.9915456049636644,-0.2464531177227611,-0.7325664040570906,0.6507139403796152,0.8788473422049061
0.48354468904969194,1.9411666730711883,4.248471902640169,0.20142693882912413,-0.05686121692987923,0.45467654236793814,0.25205973320812375,0.39523886253320006,0.3404531421391559,0.3475842951414942,0.2309545968407752,0.31885347644995415,0.1458819593052564,0.23276521515442947,0.37213015869622834,0.17000025233214047,0.3181878698214701,0.41632605965068525,0.17701775625751828,0.41543527857795987,0.3279250587154776,0.34406089816929863,0.2876887234288706,0.3734742615900658,0.3861385496566681,0.21819436444896873,0.25332256009337595,0.3889302876948695,0.8585577231564114,0.5215725154482608,0.21932252740945873,0.143756007289688,0.3280156741729134,0.27590847456957995,0.554988209556155,0.3620126580994129,0.4016898998144913,-0.09773676526928717,0.4219230178930566,0.3507646101327441,0.34788007552729083,0.3315202688292136,0.2796593337275988,-0.06577652536714626,0.40144042937061697,0.39676341488447414,0.4732520423918425,-0.04288892358861366,0.33933646359323183,-0.026467522768675082,0.00476767020349504,0.257577583302481,-0.12517507395137017,-0.07675472520160445,0.13341895718843622,-0.08252852773903882,0.1223760565339104,-0.013233965078995928,-0.14900467139710377
0.03891298900594847,0.26751554554725676,0.20142693882912413,2.2983057064916173,0.23882744309533513,0.4408713469840651,0.3656827960715624,0.39339904056493213,0.26018672330854953,0.29080791936531536,0.39200068893636086,0.5525422500344941,0.27729185729205186,0.44172550405623073,0.3233168276940026,0.4531391707681839,0.2824627464442588,0.19229467353053536,0.3118264702681195,0.2835498724963489,0.25972268984687213,0.3733961206384756,0.2850937769575263,0.334392775322944,0.3264614410057296,0.31942890331684815,0.3198292660704611,0.039680086479188484,0.189614196249221,0.2053248116069214,0.15384086240788197,0.27104282733356194,0.36288540735182534,0.26484043565068904,-0.37845971225869257,0.07460513331008484,0.22771267276751658,0.4181705191614736,0.38728806464325005,-0.2396012419886101,0.14436588766098005,0.24799333411635485,0.31749403180341446,0.6588001594392898,0.021697197844837375,0.08460182177849693,0.28857677170672075,0.021422561820278182,0.2562725507828749,-0.09843702802570135,-0.01728339387251029,-0.06315806735116349,-0.01836293439865707,-0.1634787413234859,-0.16173254606444715,0.01188691577192331,-0.0751417139218024,0.24664476058586163,-0.23036262535872867
0.26218666137217206,0.1353140026518904,-0.05686121692987923,0.23882744309533513,1.033824330969327,0.3840924290085426,0.33872186092621565,0.38027726562453523,0.1587876932874554,0.12429354016618224,0.26748439252958234,0.3297468806092965,0.1935085579703326,0.2200652013870314,0.20765861669664462,0.2559554730400813,0.1519340358038196,0.18982171359091807,0.17662666388341783,0.21607833102749696,0.21708703742281987,0.22412496328942996,0.18214675606823097,0.2305193597174847,0.20123441495708058,0.28554317033691967,0.19953453080058292,0.017371990162192156,0.21367635389517,0.12747813429536742,0.11061735297540402,0.27405818125868514,0.15659561979035594,0.2754854245429432,-0.0743335066746966,0.08755298108399644,0.10328842515876421,0.23676644901811553,0.23361100831425285,-0.0015885159952072694,0.1325488900139253,0.22368180553090458,0.19790123225499376,0.1945189483096298,-0.031187221653801847,0.11355745880690296,0.22140853363021634,0.010313217083291129,0.2940203568007315,-0.11107794006972785,0.042888377127226665,-0.03138495994413254,0.048634872191110276,0.013764909157276677,0.04828694184311612,-0.06853539415121386,-0.05689407248112964,0.14471333338130618,-0.0806483808988946
0.1826731627818974,0.32462612342147884,0.45467654236793814,0.4408713469840651,0.3840924290085426,0.843807858557958,0.24804268415414213,0.4377903070502979,0.23078076083866808,0.10972196513215346,0.31501370242684656,0.3644216053099346,0.19009251956000467,0.22795246929244692,0.27734884314644626,0.24182729335461658,0.2162546373619963,0.20623004164324082,0.22559837395021942,0.3465597337898918,0.24926257746502303,0.28355836388822425,0.20497323674476392,0.2939064640124275,0.30104981136700587,0.31329029434835903,0.27168748727054587,0.16580011123412575,0.42774467421906187,0.22951968593873184,0.1359578276572384,0.32830823474484006,0.1601430771194845,0.3173248028210452,0.14687992582367884,0.08797920611771101,0.20428650630365272,0.26824483172706204,0.31851959882994685,0.09115178778070573,0.11569737322777494,0.2378926108371041,0.3242436136544909,0.2734992449158201,0.14974888761782132,0.1549863114304951,0.32017274421414404,0.001630628679129406,0.28417208015879314,-0.0024199200729548916,-0.1786287234983977,0.09411859298688019,-0.13228374440475094,0.0033251227997278445,0.03355290838227871,-0.07069638908736943,0.0025477362249763523,0.2382966802924183,-0.17235469954142874
0.23820420475406628,0.2117470390698608,0.25205973320812375,0.3656827960715624,0.33872186092621565,0.24804268415414213,0.7410819482184993,0.22043314278354506,0.2613867848153349,-0.0008029026250749144,0.23921911856351902,0.36296823154241636,0.16809228958506542,0.1698449221798211,0.2024762143272917,0.22081883526499804,0.15917498453670462,0.1620736599263236,0.15001365049649354,0.19830833677060677,0.2277189818251651,0.27503025912343715,0.135903365772972,0.2181491786507557,0.22602996181230633,0.2617047472190923,0.2067043882677144,0.08630770059735475,0.20986690974439867,0.20030946621926074,0.13463335038216104,0.18881792032994998,0.1998206576142218,0.2412950870765598,0.056434260449600746,0.10339546503052821,0.1706136178512321,0.20425825353802105,0.24736382274600244,-0.004937703208713647,0.1409632357304768,0.21538438780855268,0.25792176948313295,0.22014048907031017,0.016845159809179673,0.14810114564517296,0.1715495691545258,0.0024101872453223326,0.3320453785851207,-0.019409929121366278,-0.07172591019382883,-0.11318709085620422,0.027259467789123182,-0.11241258846193426,0.06543546184230085,0.022129977764762467,-0.09156498699122323,0.15754913656236016,-0.17598075305055388
0.20629948014053542,0.3353381443476122,0.39523886253320006,0.39339904056493213,0.38027726562453523,0.4377903070502979,0.22043314278354506,0.8253740553273611,0.1128843537496177,0.23029583659729816,0.2804677465448453,0.0909912941761192,0.22410676283503014,0.24667006736490218,0.2502332105881478,0.2106846173019314,0.21968929223833697,0.24715234459744473,0.2510875850483753,0.30836431571922135,0.24681780747384932,0.2371694883858934,0.19778662723437423,0.26786661068472156,0.27308039475542784,0.2366607137363349,0.21602556231688588,0.1970365400056745,0.325538506480657,0.39036027903860715,0.2042372900378294,0.13244217048136825,0.24437923099414272,0.26325503101525105,0.22145456538270142,0.12483305767289125,0.35459639718252245,0.23887976699769517,0.41150161496666204,0.17577868183620185,0.2106230752550367,0.22576956581653998,0.33023147331175445,0.24305663906049182,0.17425719810913362,0.21159822802818984,0.3994219382102223,0.019569238673253986,0.275918263978378,0.10449121227661806,-0.041709999681352784,-0.008338622996598906,-0.0638040270929804,-0.11491303771074397,0.06302372392896129,-0.18650699222034292,0.13754386124973345,0.20031546365452052,-0.042194609527183846
0.10812309478081646,0.13845738721159118,0.3404531421391559,0.26018672330854953,0.1587876932874554,0.23078076083866808,0.2613867848153349,0.1128843537496177,0.7409247362320899,0.15133119717274113,0.20884578431918238,0.28246285147674954,0.1644301630201094,0.1885255001840763,0.2892413681209906,0.198818943163392,0.21299150423819452,0.1408755682662678,0.1793886113625841,0.19315594001385544,0.2201252024301092,0.34480850003683056,0.12054797117550878,0.22996292195119272,0.1944895656035205,0.30634369788064564,0.23536854940120358,0.15750442446215832,0.10532577009485107,0.20170400780624248,0.2511746093325857,0.24344182030705488,0.215881122595157,0.20223925818115127,0.14022015647339897,0.14239272525852917,0.18464137787670012,0.2437549917961173,0.232717710668109,-0.03710576933424483,0.1894467546163868,0.2053231720303571,0.2252228579289146,0.19263210307478915,0.0014223760878049924,0.1798238048398248,0.2161368239382685,-0.001802317923713958,0.4425641715573634,-0.09405620079496682,0.0012594282055256544,0.0234819934676756,0.03503063959871789,-0.10396947356934512,0.1213720846077928,0.14686751537882037,0.02317641219868381,-0.06536365121504042,-0.3170103126253387
0.15815940892767263,0.3573267829806533,0.3475842951414942,0.29080791936531536,0.12429354016618224,0.10972196513215346,-0.0008029026250749144,0.23029583659729816,0.15133119717274113,1.3746323124042141,0.2368971921732704,0.3627235638646951,0.21643144325130745,0.31295783569546853,0.2848069664544475,0.2677921039167039,0.3192111830077988,0.41665257367985253,0.3027591442900393,0.025456991719442018,0.12240772516621529,0.2410299620781734,0.30681570905936867,0.19756842751792708,0.257062571007769,0.16002341014139557,0.23005546103727711,0.23972081941553214,0.17238821899997595,0.2096542087081892,0.2649458373449138,0.13625645204872805,0.1365505883673262,0.3477204551055963,0.3472511623219989,0.24445267659963496,0.31437931914649436,0.1798335676140628,0.2679039916842686,-0.00956993360532457,0.2575416004405109,0.11281198580879204,0.0577838654758957,0.29432798848800446,0.003066349844728646,0.1919796363682208,0.36531761470423374,-0.016748576471553783,0.09538142783080643,0.0007062757403480474,-0.0038587152766376763,0.1164124302733403,-0.13200984064066784,0.03675626078715832,-0.16988104315314595,0.07290012380991198,0.1827319112321503,-0.5557287001017761,0.2452337806750958
0.12455173627450512,0.22651640876399365,0.2309545968407752,0.39200068893636086,0.26748439252958234,0.31501370242684656,0.23921911856351902,0.2804677465448453,0.20884578431918238,0.2368971921732704,0.512049409419809,0.3285128378233878,0.27279086116978307,0.25349486435564933,0.3145251989272925,0.265217682730882,0.29770053414236364,0.15770556844919895,0.19564470625533537,0.3183717159607471,0.22870515526040744,0.23933970350935055,0.1341392965935046,0.24553168833669162,0.242548774830739,0.25892846764515504,0.2669412175654606,0.1652942610431096,0.2613624788690641,0.21007093815518987,0.17816386400720904,0.2535691910257938,0.16971911082652774,0.29130797152720644,0.2033996601991169,0.15228189566050848,0.20942868978551377,0.21376207090425003,0.31867052480851266,0.042669040228552654,0.19383246087029696,0.22748880992921777,0.21914993947682646,0.18959350189705687,0.09838859761836267,0.19758042332361656,0.2584854758159921,0.0021981209320220485,0.25552302793404463,-0.03788611067943371,-0.042367044635687794,0.03796114342016236,0.020005978882914038,-0.02667451710116532,0.036190224842917555,-0.016647050568647532,-0.0025512595751251144,-0.004402912414508109,-0.12409370752714188
0.16928773492825652,0.28133105409883263,0.31885347644995415,0.5525422500344941,0.3297468806092965,0.3644216053099346,0.36296823154241636,0.0909912941761192,0.28246285147674954,0.3627235638646951,0.3285128378233878,0.8323600682228198,0.16794723001124695,0.24705835201409748,0.21923227297871495,0.30169640284242716,0.25113453555025783,0.26479260271295746,0.20862027702155397,0.18833213353490075,0.20580545923687193,0.2882711710926702,0.2167381214626195,0.22337350998751415,0.30260938755592753,0.34465497291203484,0.3004228630538293,0.057964589817519376,0.24802116568771757,0.08414656854079809,0.10244606126002875,0.31322800303976195,0.09701449469268582,0.3422624109327028,0.16585320636051076,0.15115037942591045,0.07249976910495101,0.23395483784799126,0.24102112084205282,-0.04857237063530233,0.14854072075972666,0.19799767641225627,0.20053108977138548,0.2668089518183241,0.030238395759560704,0.16397261327077386,0.2173214285197093,-0.011990812243296779,0.268644117562022,-0.1987290289846493,-0.054998777700575645,0.0023083520651277635,0.11036176742909813,-0.0023164430648656936,-0.07307848239130232,0.10373946734715578,-0.07419633905186875,0.030282251112517613,-0.27227660768138273
0.08495634202230642,0.1807052281275586,0.1458819593052564,0.27729185729205186,0.1935085579703326,0.19009251956000467,0.16809228958506542,0.22410676283503014,0.1644301630201094,0.21643144325130745,0.27279086116978307,0.16794723001124695,0.47587962470473916,0.24469284725964838,0.14612734729601953,0.2504328996478807,0.24859777823050871,0.12456131376166552,0.21498702251898066,0.20512310455172159,0.1714235259327947,0.26519190311647545,0.11081720537112322,0.2158254437111741,0.19215649708617247,0.15996633813040156,0.20928085229612306,0.17979718749092038,0.24917584612116206,0.23765423603226127,0.14678920695118206,0.15143355806212555,0.17892800283267848,0.2348681488036996,0.19359374189830048,0.1386289377648638,0.22204851426966649,0.15652075792801357,0.2703821915693519,0.06210272137315055,0.17992943501526126,0.17274827606027107,0.1877686284908434,0.19905109413685124,0.011395432230624601,0.1874396032171507,0.22364292604997602,-0.003146359446306169,0.25987777462997,0.08413547245891614,-0.007137953590592573,-0.06637277328088459,-0.034445169386968254,-0.05414752115111618,0.01871712364887472,-0.07633083375503744,0.017007481618280106,-0.06871269171193246,0.07441443980017882
0.19544426799557824,0.1881425920294259,0.23276521515442947,0.44172550405623073,0.2200652013870314,0.22795246929244692,0.1698449221798211,0.24667006736490218,0.1885255001840763,0.31295783569546853,0.25349486435564933,0.24705835201409748,0.24469284725964838,0.7162748490298881,0.3228179330818847,0.3917647256923744,0.268809138678063,0.17722561419918914,0.19159713427484446,0.2747955483087443,0.2092304271860404,0.28333948949937926,0.17483215235579466,0.2429514836675224,0.2577976618103018,0.26878428144844324,0.21349000445078262,0.21410885549380113,0.1700828607755993,0.26968221183984975,0.19757244178648808,0.18231530921994812,0.2150652408085621,0.19120696893982536,0.21528651803693044,0.16893974219892108,0.29042461759554633,0.2699946045140774,0.19591794349030014,0.01679575295427025,0.2252232509945742,0.20879756942357844,0.29015941054317684,0.22868068028742583,0.11023781487171652,0.19843086058304807,0.2930392181415593,0.00432150448725351,0.3243223368837522,-0.0349250922178721,0.003560860766056033,0.07155572510343432,-0.04103812274051323,-0.011712120866797035,0.0009125593655817348,-0.0010414814012357208,0.06322392780381944,0.17986161921644944,-0.3154680080814473
0.16459968563024024,0.25946430819391575,0.37213015869622834,0.3233168276940026,0.20765861669664462,0.27734884314644626,0.2024762143272917,0.2502332105881478,0.2892413681209906,0.2848069664544475,0.3145251989272925,0.21923227297871495,0.14612734729601953,0.3228179330818847,0.9614868741891299,0.2620569704011365,0.2543720749040553,0.13084240670449943,0.18409762728179055,0.3570131581093232,0.262635842214995,0.18676440716558762,0.13759794671977993,0.2903763445090878,0.27618130932446394,0.2280447195602124,0.2720542348839626,0.27602975232893434,0.2607337677819334,0.2698101430457682,0.24542171289770043,0.23875939006797697,0.2844136348553078,0.2305863128498146,0.19039680878422635,0.1627969649361321,0.39218299555001596,0.19541802051499696,0.2772425452548151,-0.0038223510425583,0.2339226662828701,0.2542991724170782,0.24035524227937796,0.12991562671096532,0.08974171829122568,0.18597106585873607,0.2758566378580507,0.01642306236769265,0.30898351407201113,0.2026179601706953,-0.20596961210416037,0.3613886010768621,-0.26260510717784896,-0.10761265708639904,0.09364044075142319,0.06828919723496721,-0.02958637420049885,-0.023808314880182726,-0.08106804706222406
0.13726089059348778,0.18175029296514147,0.17000025233214047,0.4531391707681839,0.2559554730400813,0.24182729335461658,0.22081883526499804,0.2106846173019314,0.198818943163392,0.2677921039167039,0.265217682730882,0.30169640284242716,0.2504328996478807,0.3917647256923744,0.2620569704011365,0.570619067486599,0.29656603371913043,0.14203310175012282,0.2530816775379661,0.24588566368976122,0.22132071870666145,0.3371846970069649,0.15959618743410056,0.24272088441727252,0.27321782601004,0.26048640592606803,0.26719468701580285,0.2050937370133038,0.18730716987899781,0.26904592084358814,0.16259290987158878,0.2103350479290442,0.1761752696760338,0.2575265374088942,0.27081533863721635,0.18400043875283068,0.27063938128444626,0.25806042975457133,0.22926123426266007,0.019927936364374562,0.23292770146016503,0.23090276683999494,0.2899319737511262,0.26412103279481686,0.0723509901102661,0.19609754508394872,0.25913852818310573,-0.005624674944798863,0.28687084171911476,-0.09237306884560503,-0.02902534486394912,-0.018338802650862036,0.03141596227293264,-0.02264274075936711,-0.003469398753577456,0.022830923647989495,-0.06111485161873799,0.1646787482779942,-0.22002911812416925
0.06636509661449738,0.3454902840885484,0.3181878698214701,0.2824627464442588,0.1519340358038196,0.2162546373619963,0.15917498453670462,0.21968929223833697,0.21299150423819452,0.3192111830077988,0.29770053414236364,0.25113453555025783,0.24859777823050871,0.268809138678063,0.2543720749040553,0.29656603371913043,0.8422308580463542,0.09492309491173749,0.25513801572485345,0.41607453719821835,0.24169664796026513,0.2854085115911244,0.13828949870001095,0.24707926223071558,0.2945890021689619,0.25481570904591455,0.29611401002419613,0.34276813709560994,0.23845797294385712,0.3041094443545084,0.1848021829347786,0.19507487029084444,0.24164912047865167,0.28464361847502384,0.3317463038271661,0.23373488123442546,0.4200106533106994,0.27775581074505307,0.30133274775717256,0.03003114928874852,0.2809859332777471,0.27391289747254094,0.2666869862433296,0.20102133746270134,0.2562966362423228,0.2528455797641834,0.3158262851952061,-0.00423775863406082,0.1527151019127095,0.02369358463727693,-0.08582367062717478,0.13260912576252679,0.01705339813555173,-0.01216721320055163,-0.21860716086645704,-0.020573542313949356,-0.10800036396911304,0.17620722251940943,-0.2129628902222259
0.21733286418934936,0.3807360960769562,0.41632605965068525,0.19229467353053536,0.18982171359091807,0.20623004164324082,0.1620736599263236,0.24715234459744473,0.1408755682662678,0.41665257367985253,0.15770556844919895,0.26479260271295746,0.12456131376166552,0.17722561419918914,0.13084240670449943,0.14203310175012282,0.09492309491173749,1.1573784739539963,0.26775719593097363,-0.18942843945709512,0.24473724985122233,0.24716650375872334,0.41693438076543454,0.19119927406016518,0.17715051830309006,0.27682844382809835,0.06975543597389405,0.23055039129143412,0.26863616141047414,0.15531651388378329,0.4364084926367401,0.06121569719129736,0.33515023940600897,0.2380712016368892,0.15516658348845117,0.19354108033062778,0.2982857073831107,0.24036334405911497,0.1341550953331979,0.14934525722748992,0.16737777547686206,0.16260603331606113,0.3712094840702581,0.07293203262505277,0.35325918233433024,0.37748835906831885,0.56760901866351,-0.02606124082289176,-0.09357207850086077,0.0762636809289265,0.07554891269291207,0.2447666886399482,-0.1910275572694102,-0.17023672839166035,0.18367998416675005,-0.042188280429166225,0.303202745947037,0.2502558424869996,-0.6692875342397477
0.07763682476908591,0.1485004465571098,0.17701775625751828,0.3118264702681195,0.17662666388341783,0.22559837395021942,0.15001365049649354,0.2510875850483753,0.1793886113625841,0.3027591442900393,0.19564470625533537,0.20862027702155397,0.21498702251898066,0.19159713427484446,0.18409762728179055,0.2530816775379661,0.25513801572485345,0.26775719593097363,1.0253401076892728,0.005910444332746905,0.247275573225224,0.34087358084894104,0.02102966084344583,0.2256438877872387,0.14472868651693865,0.14921911136662888,0.16429194898390023,0.17846454105158768,0.15684975176742663,0.2743136573115338,0.27137199490748076,0.2127690359662346,0.27076750262857757,0.18640711029881668,0.13261962213551187,0.2192962287580161,0.3414435901197249,0.32986022661741804,0.239932667681586,-0.020980623595828668,0.24171225417122383,0.21824023679827417,0.24989051169072507,0.1839432922742407,0.09562823073541724,0.23245768555928983,0.2673877160163408,-0.012149538223842706,0.11775360841933309,0.3650432570278358,-0.07419165580987823,-0.2197968631139031,-0.05470301507243943,-0.09831343738835771,-0.04230495385710168,-0.010939196591941786,0.03105320792464591,0.15198988842159575,-0.17424766878425135
0.11638214593395514,0.487994670443659,0.41543527857795987,0.2835498724963489,0.21607833102749696,0.3465597337898918,0.19830833677060677,0.30836431571922135,0.19315594001385544,0.025456991719442018,0.3183717159607471,0.18833213353490075,0.20512310455172159,0.2747955483087443,0.3570131581093232,0.24588566368976122,0.41607453719821835,-0.18942843945709512,0.005910444332746905,1.1577106745606138,0.18328230791289832,0.20076397891973022,0.06922399499975593,0.33240346168878254,0.32538930722690473,0.30504916732517234,0.40087443100517595,0.3152841657003023,0.3629723190139443,0.5297029142573538,0.10386796007552464,0.23220887460845988,0.27844165255148146,0.1939229228615502,0.3138522073909925,0.1395659747028844,0.497619857767494,0.2243810984829167,0.2873315995608258,0.1638127136180133,0.29239704879684747,0.241060730337264,0.4252089798506383,0.18783577332240123,0.307981570440659,0.2106068048081773,0.22520828958114145,0.04267694395338884,0.4439527706027765,-0.12503290298143424,-0.10287554606497142,0.1251817283944298,0.04687201145068831,-0.031834216197421376,-0.05045164033196109,-0.10531892032430454,-0.1250697983660225,0.3230403428031646,-0.11121127067209961
0.12089968348041517,0.2598535280622323,0.3279250587154776,0.25972268984687213,0.21708703742281987,0.24926257746502303,0.2277189818251651,0.24681780747384932,0.2201252024301092,0.12240772516621529,0.22870515526040744,0.20580545923687193,0.1714235259327947,0.2092304271860404,0.262635842214995,0.22132071870666145,0.24169664796026513,0.24473724985122233,0.247275573225224,0.18328230791289832,0.5265547637267622,0.25564710395304835,0.12044527164260685,0.28257710635044964,0.1997649704605019,0.3034442657526638,0.18942472588043055,0.21895815529172893,0.21098425521828687,0.3068009892297475,0.3345700926652068,0.2556242631374801,0.32716992871221595,0.2591384819606615,0.19212223013046983,0.24358533959280243,0.3175357199853855,0.3345033635989478,0.25249508377278007,0.056467580225366736,0.3437673485779279,0.41046426485576776,0.32554044341324334,0.1239156562911726,0.21342822815752985,0.28674541009037857,0.3584892266555808,0.009781855461069367,0.10731427568598477,0.11384789419718906,-0.06889791836009451,0.060893547362099294,-0.0512603323300484,-0.10380273503422005,0.29958110034952745,-0.054889253803799734,-0.05973842411708861,0.001728414831993156,-0.16653358101447152
0.17138306274888335,0.22933731628325407,0.34406089816929863,0.3733961206384756,0.22412496328942996,0.28355836388822425,0.27503025912343715,0.2371694883858934,0.34480850003683056,0.2410299620781734,0.23933970350935055,0.2882711710926702,0.26519190311647545,0.28333948949937926,0.18676440716558762,0.3371846970069649,0.2854085115911244,0.24716650375872334,0.34087358084894104,0.20076397891973022,0.25564710395304835,0.8470905672781736,0.23826574314909443,0.30041496384751415,0.29283781688817173,0.2668623615840295,0.2659300706333613,0.19769288066754861,0.26080555154577595,0.3637812931534269,0.24569722061280067,0.20551320852872235,0.324638851405559,0.25672649319397894,0.18380567502000786,0.2226047338926691,0.28862553011053277,0.35092830197813724,0.29009165905584855,-0.0056421225927227635,0.2544567407953222,0.25402362273725515,0.35486718138963835,0.3055523437288182,-0.052323330300394225,0.29209815468439027,0.33774690620937775,-0.05229127156378095,0.6964862354900209,-0.026309861302835535,-0.02400266720864404,-0.15849558431776872,0.04276479309393095,-0.09592239079884549,0.06460801895523936,0.005865745378174852,0.039751487541407324,0.13069330449517044,-0.35437480687836187
0.16631408168298,0.24281063409293988,0.2876887234288706,0.2850937769575263,0.18214675606823097,0.20497323674476392,0.135903365772972,0.19778662723437423,0.12054797117550878,0.30681570905936867,0.1341392965935046,0.2167381214626195,0.11081720537112322,0.17483215235579466,0.13759794671977993,0.15959618743410056,0.13828949870001095,0.41693438076543454,0.02102966084344583,0.06922399499975593,0.12044527164260685,0.23826574314909443,1.3162486554164041,0.32346462274283955,0.4248984954492572,0.013504296619546781,0.0758861332698758,-0.042451508830717015,0.36407410483556213,0.32822682027852906,-0.05785380972228287,0.05130376923913257,0.24068915988838976,0.283596965907749,0.015797383273815697,0.18731242134102444,0.18981284234837223,0.023616102227738498,0.36679063150952507,-0.12995305122169415,0.1707510862057073,0.07954556075183124,0.20669702041352345,0.4416808646683907,-0.10594125171055982,0.17570962499601775,0.36575973188861266,-0.00832040415864532,0.09738715606827061,-0.101449229400583,0.049102329537489074,0.04278490524402906,-0.01686266699573737,-0.10930774795682434,-0.14632812534126258,-0.06619149373861412,-0.08840367816306763,0.0979856527021569,0.05550501959572663
0.039989016817816775,0.2949475738579577,0.3734742615900658,0.334392775322944,0.2305193597174847,0.2939064640124275,0.2181491786507557,0.26786661068472156,0.22996292195119272,0.19756842751792708,0.24553168833669162,0.22337350998751415,0.2158254437111741,0.2429514836675224,0.2903763445090878,0.24272088441727252,0.24707926223071558,0.19119927406016518,0.2256438877872387,0.33240346168878254,0.28257710635044964,0.30041496384751415,0.32346462274283955,0.8676817699609292,0.32748136218997204,0.22894779184382416,0.27936380960475876,0.2625465706356526,0.4490564691001967,0.5139177718961503,0.21890314201795827,0.6586562340871113,0.559953965575839,0.3265921851174353,0.1677423007503776,0.24213552683301717,0.33847668323274194,0.30123909645140867,0.27470071989839706,-0.0673785237973739,0.25786384712004223,0.28048592104994596,0.2881566800477999,0.20363111300101364,-0.016923030933118165,0.3110556794461092,0.4135108207937551,-0.0015789824262730915,0.35414857435278185,0.06111470296176465,-0.10902809597860763,0.09846267802391162,0.0037681404802195465,-0.11750024858043241,0.057753221195727955,-0.11290793445241341,0.03334991348657439,0.0015336975791507075,-0.01743937517249171
0.19860866350064907,0.31304466030035166,0.3861385496566681,0.3264614410057296,0.20123441495708058,0.30104981136700587,0.22602996181230633,0.27308039475542784,0.1944895656035205,0.257062571007769,0.242548774830739,0.30260938755592753,0.19215649708617247,0.2577976618103018,0.27618130932446394,0.27321782601004,0.2945890021689619,0.17715051830309006,0.14472868651693865,0.32538930722690473,0.1997649704605019,0.29283781688817173,0.4248984954492572,0.32748136218997204,1.0395801637741515,0.11645556530251729,0.26838193974520946,0.17859482675906077,0.5395984452738727,0.5066496776469829,-0.08550089548464523,0.18187239835458097,0.20955627644122665,0.3611315893839013,0.30535858278361094,0.19666042387426275,0.44011704172688193,0.2255079538529821,0.4389103561477258,0.03204429472786931,0.24462672933177695,0.20153651840574718,0.32213262277035537,0.3462465862064339,0.1412317371537157,0.3032712286786202,0.3919674527965018,-0.00641988824023382,0.2897460708796606,-0.2718136668034461,-0.10357028564997951,0.10159692324718848,0.0842162456218675,-0.06282132454426312,-0.05301628492411603,-0.0045586198997570665,0.00654647689889981,0.1262516022833445,-0.1491825303878065
0.13373836965522404,0.20559624127488627,0.21819436444896873,0.31942890331684815,0.28554317033691967,0.31329029434835903,0.2617047472190923,0.2366607137363349,0.30634369788064564,0.16002341014139557,0.25892846764515504,0.34465497291203484,0.15996633813040156,0.26878428144844324,0.2280447195602124,0.26048640592606803,0.25481570904591455,0.27682844382809835,0.14921911136662888,0.30504916732517234,0.3034442657526638,0.2668623615840295,0.013504296619546781,0.22894779184382416,0.11645556530251729,1.3316872642477613,0.271136682957529,0.18005002296036424,-0.16326643581469694,-0.04450719844640567,0.25165195556326114,0.38153074602746456,0.1719962668323565,0.2833329022863524,0.22951452575815706,0.17216129227295654,0.08674767686366291,0.4406942538312756,-0.5148884092451346,0.008125985496416238,0.24519099920332954,0.321378021520321,0.4198918200609314,0.1555731840785568,0.047153068019505626,0.25478158937943746,0.16678164867950485,0.006011637488454966,0.026805099271467646,-0.047535293592068296,-0.08415920605092653,-0.12168215178976292,0.14210520713829602,-0.009800389253430667,-0.006521586170479172,0.04716190146366923,-0.008348398394415407,0.37889224056285997,-0.5428119495747854
0.09993461314723837,0.2607731660129321,0.25332256009337595,0.3198292660704611,0.19953453080058292,0.27168748727054587,0.2067043882677144,0.21602556231688588,0.23536854940120358,0.23005546103727711,0.2669412175654606,0.3004228630538293,0.20928085229612306,0.21349000445078262,0.2720542348839626,0.26719468701580285,0.29611401002419613,0.06975543597389405,0.16429194898390023,0.40087443100517595,0.18942472588043055,0.2659300706333613,0.0758861332698758,0.27936380960475876,0.26838193974520946,0.271136682957529,0.8735824239942901,0.2578511786233706,0.178478723398318,0.2982856837487461,0.15658567248267147,0.3989949506369647,0.2217303551305707,0.2792074830591051,0.24930755387582199,0.21105863463994734,0.22393777260870643,0.2470209106353674,0.22213382996327047,-0.06564285280410613,0.25233154805403923,0.21583447990553398,0.39892906237659853,0.23276137272347258,0.010271868800245797,0.2130282995028225,0.2313275380485355,0.0031316813730609626,0.3882343410415257,-0.02861000868235912,-0.07355501583440095,0.08914139848245378,-0.008802502380975415,-0.024710425968602834,0.1700210251793132,0.024520928484033457,-0.039866859171816614,0.054325234786672734,-0.2479626207108814
0.06562990009541142,0.29547276985742305,0.3889302876948695,0.039680086479188484,0.017371990162192156,0.16580011123412575,0.08630770059735475,0.1970365400056745,0.15750442446215832,0.23972081941553214,0.1652942610431096,0.057964589817519376,0.17979718749092038,0.21410885549380113,0.27602975232893434,0.2050937370133038,0.34276813709560994,0.23055039129143412,0.17846454105158768,0.3152841657003023,0.21895815529172893,0.19769288066754861,-0.042451508830717015,0.2625465706356526,0.17859482675906077,0.18005002296036424,0.2578511786233706,1.3237567551532732,0.11321196920397007,0.3046034102999072,0.40862854969837725,0.0661487977315405,0.5339672823987178,0.14920078864766884,0.5990145925969691,0.254258722611393,0.6047690846728181,0.23475083238809644,0.11584394183112161,0.1856382779729022,0.30668593681561773,0.19590768537199935,0.3201676885004852,0.11211624035994226,0.22725045491337456,0.2618437574450647,0.27524335936739647,0.005463810735522074,0.09657344054895615,0.18312191944313252,-0.0600386364762594,0.6144125196959146,-0.6779800173812682,-0.04959655311834804,0.22522765041881024,-0.04358147766046626,0.15122148396150245,-0.03933268877710291,0.05988674159556644
0.14089863976549538,0.8681024733925002,0.8585577231564114,0.189614196249221,0.21367635389517,0.42774467421906187,0.20986690974439867,0.325538506480657,0.10532577009485107,0.17238821899997595,0.2613624788690641,0.24802116568771757,0.24917584612116206,0.1700828607755993,0.2607337677819334,0.18730716987899781,0.23845797294385712,0.26863616141047414,0.15684975176742663,0.3629723190139443,0.21098425521828687,0.26080555154577595,0.36407410483556213,0.4490564691001967,0.5395984452738727,-0.16326643581469694,0.178478723398318,0.11321196920397007,2.999857358055863,0.7509978606281235,-0.15874656345012272,0.23489884711155876,0.13748260064806433,0.47503633528112676,0.2713250226867653,0.22475531786333378,-0.13256278387355486,-0.436429513991955,0.74737435271634,0.4540759032561051,0.1475305605063363,0.1548071541342619,0.15076768152462833,-0.3654787075978515,0.3140128753333199,0.429483314781665,0.5411506273975412,-0.084769916736073,0.7655805315034004,0.4684267294666868,-0.35612905214516916,0.1375779990863733,-0.34525370416213935,-0.03000825855194734,-0.18075581719091946,-0.3137292948933684,-0.343253992921217,0.4603396536298367,0.09799348616880191
0.2128676838550511,0.5390405840161122,0.5215725154482608,0.2053248116069214,0.12747813429536742,0.22951968593873184,0.20030946621926074,0.39036027903860715,0.20170400780624248,0.2096542087081892,0.21007093815518987,0.08414656854079809,0.23765423603226127,0.26968221183984975,0.2698101430457682,0.26904592084358814,0.3041094443545084,0.15531651388378329,0.2743136573115338,0.5297029142573538,0.3068009892297475,0.3637812931534269,0.32822682027852906,0.5139177718961503,0.5066496776469829,-0.04450719844640567,0.2982856837487461,0.3046034102999072,0.7509978606281235,2.357717154710027,0.3531881424423443,-0.14323819793207937,0.5323182531866218,-0.06016230908077671,0.5044472951343281,0.2898418129038275,0.5073578313669114,0.37480081633216333,0.8248876304157016,0.19802390598968317,0.7368978858825613,0.30937143914579124,0.9810302919679348,0.44684086889314534,0.3898711669857682,0.3441047965818442,1.0250260146172685,0.10039985989770976,0.9723919972156062,-0.2024905108980061,-0.11074373927255715,-0.1541750393635499,0.2141964606970327,-0.0900290179892219,0.161308273575394,-0.3841151155106057,-0.14080457908683347,1.3110207365342874,-1.0139789771239338
0.1040680404266412,-0.02783200697541927,0.21932252740945873,0.15384086240788197,0.11061735297540402,0.1359578276572384,0.13463335038216104,0.2042372900378294,0.2511746093325857,0.2649458373449138,0.17816386400720904,0.10244606126002875,0.14678920695118206,0.19757244178648808,0.24542171289770043,0.16259290987158878,0.1848021829347786,0.4364084926367401,0.27137199490748076,0.10386796007552464,0.3345700926652068,0.24569722061280067,-0.05785380972228287,0.21890314201795827,-0.08550089548464523,0.25165195556326114,0.15658567248267147,0.40862854969837725,-0.15874656345012272,0.3531881424423443,1.5739182046561044,0.08333790344892272,0.5515573768370214,0.1622709953205112,0.26574414563121923,0.2600039053984803,0.5235902061259456,0.5923875422363909,0.1634960060447644,0.00770691585306295,0.296780389221681,0.296745897426094,0.31295571489194235,0.18826029083396614,0.4741456140010629,0.46647708293627743,0.5039737544706463,0.0010044512219262473,-0.12187945411587814,0.32377121932816233,-0.13725809121720264,0.30306840637732657,-0.19369691190804691,-0.17849372830344867,0.46927036166331776,0.02414267139122373,0.737458594118288,-0.35667488711767703,-0.6931438748841758
-0.026391007983629644,-0.02931108704977229,0.143756007289688,0.27104282733356194,0.27405818125868514,0.32830823474484006,0.18881792032994998,0.13244217048136825,0.24344182030705488,0.13625645204872805,0.2535691910257938,0.31322800303976195,0.15143355806212555,0.18231530921994812,0.23875939006797697,0.2103350479290442,0.19507487029084444,0.06121569719129736,0.2127690359662346,0.23220887460845988,0.2556242631374801,0.20551320852872235,0.05130376923913257,0.6586562340871113,0.18187239835458097,0.38153074602746456,0.3989949506369647,0.0661487977315405,0.23489884711155876,-0.14323819793207937,0.08333790344892272,2.3574409292317773,-0.1875183284999964,0.6718362953526005,0.18400386064595883,0.3645138100827769,-0.3345537167815481,0.5634564818839115,0.032738778446702387,-0.19801214490528832,0.31597037901191954,0.2733765273157654,0.10224436056537349,0.033392021769671605,-0.1718715217384727,0.4023838679695471,0.18189754498736233,-0.04268373940092003,0.07951174174870668,0.12809366416052714,0.03852411730680803,0.30488614832475724,-0.104128462482724,-0.0024139114961180294,0.32865272247581034,0.1969111992761439,0.027354928354048947,-0.4708804385531496,-0.2761243597197208
0.10098773646347964,0.3567300523470676,0.3280156741729134,0.36288540735182534,0.15659561979035594,0.1601430771194845,0.1998206576142218,0.24437923099414272,0.215881122595157,0.1365505883673262,0.16971911082652774,0.09701449469268582,0.17892800283267848,0.2150652408085621,0.2844136348553078,0.1761752696760338,0.24164912047865167,0.33515023940600897,0.27076750262857757,0.27844165255148146,0.32716992871221595,0.324638851405559,0.24068915988838976,0.559953965575839,0.20955627644122665,0.1719962668323565,0.2217303551305707,0.5339672823987178,0.13748260064806433,0.5323182531866218,0.5515573768370214,-0.1875183284999964,1.674207320383086,-0.15500728486994553,-0.1855920646434839,0.017903862464356532,1.0158348140085574,0.27997736535092427,0.1778529218503113,-0.134302555836736,0.04275064649450232,0.3220436487333727,0.3877942596305985,0.1558131240982907,0.1412978377783356,0.2895163771700462,0.4870913741400439,0.040549549816581515,0.3254697818648992,0.24011119610947734,-0.2469808325645936,0.172781848348912,-0.03905478035841513,-0.2943105470448759,0.20794740296181163,-0.19098208549129805,0.03187103704476357,0.21970071702056662,-0.15436689476507312
-0.04169834874777012,0.3257401282825847,0.27590847456957995,0.26484043565068904,0.2754854245429432,0.3173248028210452,0.2412950870765598,0.26325503101525105,0.20223925818115127,0.3477204551055963,0.29130797152720644,0.3422624109327028,0.2348681488036996,0.19120696893982536,0.2305863128498146,0.2575265374088942,0.28464361847502384,0.2380712016368892,0.18640711029881668,0.1939229228615502,0.2591384819606615,0.25672649319397894,0.283596965907749,0.3265921851174353,0.3611315893839013,0.2833329022863524,0.2792074830591051,0.14920078864766884,0.47503633528112676,-0.06016230908077671,0.1622709953205112,0.6718362953526005,-0.15500728486994553,1.7857697392315657,0.49081839837000407,0.35300566757086477,0.1846996511885767,0.31569668106601656,0.25736600015621625,-0.06314389992983369,0.3648383520640695,0.2455514916358665,0.28133402459695184,0.3420674500273247,-0.12423595544409534,0.27392416757621946,0.29303260894220734,-0.026522210264572625,0.13226369720815528,-0.12440647133959529,-0.03541786534100785,-0.12348960738579032,0.12893914180298727,-0.043321878100510455,-0.3045222896971271,0.09896522789444077,-0.2895139950925967,-0.3073739334187593,0.6401930557148938
