1.0039049686137373,-6.640053103341311e-6,-2.9026433246287653e-6,9.580461515229297e-6,1.402243742253183e-5,-5.576568902036366e-6,-8.464876345016528e-5,-0.00014872847490980494,-8.460812395124188e-5,-8.800618729710904e-6,1.5072568940201426e-5,1.6167588205185432e-5,2.0942007762817136e-5,3.385533945331534e-5,4.21342010516833e-5,4.7409709534765285e-5,5.0129929116970224e-5,4.3703562317438115e-5,3.662031133883864e-5,2.229210424365104e-5,1.5108764586225887e-5,8.656255215355282e-6,4.838312673885267e-6,1.7421598031580737e-6,-2.6881859364778686e-6,-3.7133170826390906e-6,-5.396299608879467e-6,-6.2490156315829165e-6,-6.125502656231455e-6,-7.054513456618114e-6,-6.783856460105364e-6,-6.534092884289833e-6,-5.919699317519337e-6,-4.681700330643472e-6,-3.4987646473313123e-6,-2.360375293289073e-6,-1.3234242354489817e-6,-6.176186207964206e-7,-1.9486282484740018e-7,1.3495204207833813e-6,3.981088895941566e-6,7.511535437470884e-6,1.3082989541669101e-5,7.870709019741389e-6,4.646561450239553e-6,2.021228658106891e-6,6.505338431983224e-7,-3.019073497332372e-7,-6.66360422682126e-7,5.523995174187199e-6,-9.401547891281618e-6,-1.8239787931065292e-5,-1.6241941400069677e-5,-4.8789773369154065e-6,-1.9649286693110615e-5,-3.184679430854122e-5,-2.9517575715323205e-5,-2.940243803298851e-5,-2.5466302106600434e-5
-6.640053103341311e-6,1.003899380769752,-1.926403658780869e-5,-2.300588548416348e-5,-3.0845087419375145e-5,-7.621347152524601e-5,-0.00015506858925500898,-0.00012485116162273157,-2.0463891707253654e-5,3.358679652871902e-5,2.6096487258957367e-5,1.018169808739885e-5,1.0595844498471324e-5,2.8883191047575537e-5,4.863180891524199e-5,6.574821383476194e-5,7.753185833244444e-5,7.008745550405931e-5,5.923685307404843e-5,3.59491454420297e-5,2.4222137687520652e-5,1.3681235313441257e-5,7.6217668810639654e-6,2.5821706476913385e-6,-4.645312655073477e-6,-6.288843565800322e-6,-9.053005675602896e-6,-1.0416352073205901e-5,-1.0224703804989163e-5,-1.1733823880869844e-5,-1.1296983624671849e-5,-1.0744141788947351e-5,-9.621547374362226e-6,-7.565725160264692e-6,-5.620654783654783e-6,-3.7502760179512244e-6,-2.0706835056774236e-6,-9.31478013183517e-7,-2.919896816880749e-7,2.212000585786443e-6,6.504215295465662e-6,1.2243397010013782e-5,2.1366797104542394e-5,1.2844579385383087e-5,7.595378615576448e-6,3.302633377712852e-6,1.0615348440760529e-6,-5.034541321898789e-7,-1.100058020541875e-6,2.1804139728796282e-5,4.952041365473446e-6,-3.3679054384009087e-6,3.653384716441036e-6,1.0709746316206967e-5,-5.510063123045282e-6,-7.715519041248873e-6,-8.100000245190014e-6,-2.624980936358388e-6,-7.696728575546528e-6
-2.9026433246287653e-6,-1.926403658780869e-5,1.003858394255153,-0.00012160910287082694,-0.00021854715052746742,-0.0002829229750404298,-0.00025421411053022614,0.00022589573756667697,0.00030801810548309103,0.00013692039192392602,-8.5434004069416e-7,-4.914061039517993e-5,-6.082444208983648e-5,-3.386300979134473e-5,1.4009691146202228e-5,6.597339465661435e-5,0.00010164677608564945,9.846653537121747e-5,8.537401423976318e-5,5.0576712488012347e-5,3.412235579268687e-5,1.918680075253664e-5,1.0467131457095162e-5,3.149322184844818e-6,-7.84327921992098e-6,-1.0238272066218418e-5,-1.4509120344853402e-5,-1.678398053036656e-5,-1.673622429081578e-5,-1.926742627355412e-5,-1.8792887959858477e-5,-1.7667675997365624e-5,-1.5578108738396507e-5,-1.1863543487367437e-5,-8.422618858535349e-6,-5.09667586984009e-6,-2.1541205345615036e-6,-2.5518943285342005e-7,8.245634580783033e-7,4.633706063072596e-6,1.1072321003091884e-5,1.9512175140300648e-5,3.275022476512775e-5,1.9707764155788058e-5,1.1692748692405103e-5,5.11479013760417e-6,1.6763220875921261e-6,-7.308446475073836e-7,-1.653057109006408e-6,4.065465184415995e-5,3.242179562538242e-5,3.185460843039656e-5,3.2342645782030007e-5,-1.1296907481388042e-6,-9.938006797057322e-6,-2.7238636447792847e-5,-2.77161756693731e-5,-1.5506341988124733e-5,-2.361688042595847e-5
9.580461515229297e-6,-2.300588548416348e-5,-0.00012160910287082694,1.0035458232951382,-0.0006946076461971859,-0.0008580462698344285,-0.0005301996604699873,0.001096323701331806,0.0011746571730593236,0.00048510743801563215,3.645845114391065e-5,-0.00012806934818406174,-0.00022029893443230024,-0.00021287783775165954,-0.00011127334977590865,1.836177983830646e-5,0.00011465380502984074,0.00013105171810876202,0.00012093894596944851,7.121380980191863e-5,4.890466879541725e-5,2.7474743271959712e-5,1.5031591327412321e-5,3.733297423121171e-6,-1.4101176486719215e-5,-1.7927378300303297e-5,-2.4997505493050966e-5,-2.899228348094555e-5,-2.9178885588964507e-5,-3.36735811015353e-5,-3.3335671751904683e-5,-3.0823572632297136e-5,-2.6863376913395758e-5,-2.0128281790821184e-5,-1.4011656316916342e-5,-7.952432586689202e-6,-2.6525561986845982e-6,9.050507089909194e-7,3.0446332662884835e-6,9.5000931932895e-6,2.0209750790003443e-5,3.377483002376911e-5,5.475369420486175e-5,3.288241853126888e-5,1.9496703306641845e-5,8.50303518295453e-6,2.764951449370735e-6,-1.2572417281091501e-6,-2.7894837237941773e-6,9.836377014429192e-5,0.00012471157758072362,0.0001555802203456768,0.00015091709040564847,1.921401795671384e-5,3.102825414413021e-5,3.905935511454283e-5,2.752412877102499e-5,3.260684731447145e-5,1.8664339279387136e-5
1.402243742253183e-5,-3.0845087419375145e-5,-0.00021854715052746742,-0.0006946076461971859,1.0025510828470645,-0.0017949086593581028,-0.001417004251293836,0.0017467849802441518,0.0023152272739762375,0.0014222466216768732,0.0007058585942472664,0.0001901695754417296,-0.00032100608744280146,-0.000515066560331793,-0.00037880249741981386,-0.0001248336638626559,8.297388176914824e-5,0.00014762814511578835,0.00015572421225011342,9.20162382533283e-5,6.686274595310554e-5,3.9035054717633576e-5,2.2026857281496926e-5,4.381785341782418e-6,-2.5638264642028507e-5,-3.228791590551211e-5,-4.4634551084467305e-5,-5.242800183597113e-5,-5.371701734116316e-5,-6.248120185212051e-5,-6.341614312147614e-5,-5.772001452850057e-5,-4.985716115142032e-5,-3.6582811775034904e-5,-2.4831132818408978e-5,-1.2857901890913137e-5,-2.4324980606197725e-6,5.106899144198537e-6,1.0166984820208377e-5,2.1903027151080778e-5,4.064045513940051e-5,6.292081604143918e-5,9.627246916851537e-5,5.764768633911379e-5,3.40924635767405e-5,1.4791697859764641e-5,4.73865357766363e-6,-2.2992636551861835e-6,-4.96125481067883e-6,0.00017176408589794596,0.00022898303283736056,0.0002863408071411846,0.0002697436766101423,-6.879329218555484e-6,8.539933815223236e-5,9.669149998578079e-5,6.67890966051846e-5,6.265245717380581e-5,4.94332742679766e-5
-5.576568902036366e-6,-7.621347152524601e-5,-0.0002829229750404298,-0.0008580462698344285,-0.0017949086593581028,1.0009871764103044,-0.0037543340246491167,-1.3429941325478147e-5,0.002596855474840553,0.003391140002682655,0.003257978153601569,0.002101170219130914,0.000255529404479738,-0.0008117005617152259,-0.0008350978677187322,-0.00044584623371984747,-5.78653258570149e-5,0.00010232758745716906,0.00016313955270240869,0.00010442846172800564,8.952823377930272e-5,5.9453667025802534e-5,3.849986110690101e-5,9.839158840823888e-6,-4.268706991061348e-5,-5.606680639051317e-5,-8.007338806658507e-5,-9.668463608298454e-5,-0.00010159615384399066,-0.00011972227554886145,-0.00012461126682019208,-0.00011163227745191408,-9.572241002731537e-5,-6.911132740150847e-5,-4.616387677555833e-5,-2.1700325547674246e-5,-5.860031909634431e-7,1.5333111437083066e-5,2.679363325660006e-5,4.849336555083619e-5,8.185251378657244e-5,0.00011917916883246094,0.00017212834720557708,0.00010277581919270631,6.054675300456173e-5,2.5918605113545712e-5,7.996103657710178e-6,-4.617105807351929e-6,-9.302563791663013e-6,0.00022698771800065454,0.00023413513746565784,0.00026157166739377695,0.00025499568908374817,-6.250968937996103e-5,0.0002486834461177784,0.0003152287188903892,0.00023433454762153899,0.0002031886867541346,0.00017613908669848096
-8.464876345016528e-5,-0.00015506858925500898,-0.00025421411053022614,-0.0005301996604699873,-0.001417004251293836,-0.0037543340246491167,0.9953716892770551,-0.006443657124831448,-0.00044163629725796344,0.0061370049943959065,0.0077153782234273115,0.00862584935047588,0.003071324102605612,-0.0006986799767285829,-0.0014292304476292675,-0.0013250092127963162,-0.0002154391111437879,-0.00019864572422921713,0.00012106290737501473,0.00010923659885045475,0.0001319187979324891,0.00010921744532285446,8.293935697286244e-5,3.3138686390309757e-5,-6.310793122709314e-5,-9.233743779669512e-5,-0.00014099752868675214,-0.00017555006763614466,-0.00018739692364299875,-0.00022318383670505838,-0.0002449965766998815,-0.00021048188712890364,-0.00018005105056222062,-0.00013211223896115591,-9.176761723437038e-5,-4.641620206544218e-5,-6.421820257494049e-6,2.7873996777601047e-5,5.42146713875503e-5,9.725253848898731e-5,0.00016020516198534472,0.00022752565504701635,0.0003175398648479101,0.00018729925044141957,0.00010924577070017931,4.571380636564296e-5,1.3152624715219634e-5,-9.895835474005851e-6,-1.8231001333733144e-5,0.0001488712777838501,-8.23823862752758e-5,-0.00018660942750738476,-0.0001392490253746744,-8.783965963315966e-5,0.0004511623355873255,0.0005564923559251354,0.0003961355745341816,0.00033060579289575197,0.00028861892675237377
-0.00014872847490980494,-0.00012485116162273157,0.00022589573756667697,0.001096323701331806,0.0017467849802441518,-1.3429941325478147e-5,-0.006443657124831448,0.9877749149266531,-0.008297719864023011,-5.467719248024563e-5,0.011427504657909813,0.011605601249373355,0.008422144414088248,0.0006065715955035149,-0.0022252568302390855,-0.000702422152417848,-0.000897962377406197,8.150092518244177e-5,-7.114152517566745e-6,8.222868764198334e-5,0.00010155968149071734,8.19924803821231e-5,6.024128859060551e-5,2.5624978815010873e-5,-3.877204831348485e-5,-5.7403215775704066e-5,-8.079557040571444e-5,-9.334036076821245e-5,-8.751551926322564e-5,-9.810174418886559e-5,-8.568874833643142e-5,-0.00010422023606463933,-0.00011390016910321509,-0.0001146980719983525,-0.00010416923702400678,-9.073850988723695e-5,-7.532802735685386e-5,-4.5809065961020095e-5,-2.2234937605862075e-5,2.0439445891875972e-5,8.401568321417004e-5,0.00016786750626769417,0.00029001919444027825,0.00017441138126319218,9.868257216748832e-5,4.247316012439913e-5,1.3707429056108402e-5,-4.8650382588325534e-6,-1.1888283959255881e-5,-0.00033486968178607357,-0.0008490851341346623,-0.0010914891848647177,-0.0009511041508517323,0.0003195939107866908,0.00035253136413791226,0.00038196765329838065,0.0002568576056300073,0.00020863461938462822,0.00022423279933705986
-8.460812395124188e-5,-2.0463891707253654e-5,0.00030801810548309103,0.0011746571730593236,0.0023152272739762375,0.002596855474840553,-0.00044163629725796344,-0.008297719864023011,0.9835531787467252,-0.002771900607109174,0.003149361581186855,0.012425137483121969,0.009801739968331212,0.0012043552576948982,-0.0012246126937481454,-0.001532422871623956,0.0008604990238612939,-6.215072848045976e-5,0.0005283730014866849,0.0002697907650230259,0.0001783229687871789,0.00010925167958869309,6.61126842200019e-5,3.450764351841242e-5,-3.7294471966744253e-6,-1.4469623577527688e-5,-2.162108108957079e-5,-2.211317198528022e-5,-9.898212629877627e-6,-7.396523015831514e-6,7.251596683524746e-6,-4.7202802455967966e-5,-7.802253815448531e-5,-7.892054388364667e-5,-8.1924695866263e-5,-8.47931032747267e-5,-7.896833645031807e-5,-7.32492834544916e-5,-5.465014216532001e-5,-2.6793821665118746e-5,2.253709859491938e-5,9.730707437797029e-5,0.00022668356420394556,0.00012600818560174322,6.85130345185456e-5,3.02318296146413e-5,1.0747310682779278e-5,-8.298661348864476e-7,-5.398662458595217e-6,-0.00038133060577560344,-0.0007075489789399347,-0.0007436580761043682,-0.0005131470756998942,0.0010334223761691574,-0.0001565161611383717,-0.0006720554702234684,-0.0005322582363685801,-0.000423892177491916,-2.977872395905945e-5
-8.800618729710904e-6,3.358679652871902e-5,0.00013692039192392602,0.00048510743801563215,0.0014222466216768732,0.003391140002682655,0.0061370049943959065,-5.467719248024563e-5,-0.002771900607109174,0.9803807855879687,-0.011478987507633025,0.006610156155292551,0.014094895419035011,0.002751046312781195,-0.0018821171515186136,0.001478469507469987,0.00018129249472716532,0.0014233564878233206,0.0005440896432977984,0.0004450786461015636,0.0002779251110124275,0.00015332261766538217,8.401364952697035e-5,4.9427677230716e-5,2.9384574524076597e-5,2.193572476778516e-5,2.3274832493969337e-5,2.9609369222958127e-5,4.360782891426135e-5,5.203758481963517e-5,7.648621053081217e-5,3.614349682838828e-5,3.9881151019086694e-6,-3.394082468269772e-5,-5.154174357847559e-5,-7.147023939822846e-5,-8.537718955478542e-5,-7.988792730295514e-5,-7.557835232938844e-5,-5.735629315608779e-5,-3.0188722187812556e-5,2.1284899832340247e-5,9.687462431725953e-5,6.304230446353396e-5,3.3859590191938075e-5,1.548774028482133e-5,6.153913741813151e-6,1.4191978933895187e-6,-5.671115511805864e-7,3.8844652136896014e-5,0.00012644310076204967,0.0003723731591322912,0.00069772486728089,0.001564631957842057,-0.0004767014289067838,-0.00018615039386446255,-0.00010342079753869006,-0.00011470970330318228,-0.0003019695485116872
1.5072568940201426e-5,2.6096487258957367e-5,-8.5434004069416e-7,3.645845114391065e-5,0.0007058585942472664,0.003257978153601569,0.0077153782234273115,0.011427504657909813,0.003149361581186855,-0.011478987507633025,0.9798994847631213,-0.007170473693907234,-0.00044953096400907636,0.005205672749044429,0.0052299056688553825,0.0015448229322995272,0.0022053940142706158,0.00036209730124730035,0.0009460199552070059,0.0005521475815454097,0.0003153393170374432,0.00015243427094316177,7.69304790243224e-5,4.724139636353675e-5,4.5785036531877535e-5,4.45946322066737e-5,5.116379011079745e-5,6.111811285082826e-5,7.367521707822984e-5,8.518362551301689e-5,0.00010292588027221065,4.370636451223873e-5,6.713652169670892e-7,-1.858104418464298e-5,-3.429170307251044e-5,-5.46271768338093e-5,-6.472393628639555e-5,-8.260488398458331e-5,-8.411467038586324e-5,-8.12480982279348e-5,-6.676262160726903e-5,-2.2045040798219766e-5,6.324619132496628e-5,3.4319192824154736e-5,1.6871558609115136e-5,9.177618370435037e-6,5.332953331081967e-6,4.303833836708266e-6,3.5362312576763527e-6,0.0002016395226641101,0.00036383583233035136,0.0005096133492189667,0.0005613579239428897,0.0004213975441426638,-0.0005872139411466067,-0.0001759448934099014,-7.725504568891395e-5,-9.922225440664224e-5,-0.0003952295431245386
1.6167588205185432e-5,1.018169808739885e-5,-4.914061039517993e-5,-0.00012806934818406174,0.0001901695754417296,0.002101170219130914,0.00862584935047588,0.011605601249373355,0.012425137483121969,0.006610156155292551,-0.007170473693907234,0.9654597561009959,-0.02360846337448773,0.006512167861499052,0.01289273227819779,0.007301998897366035,-0.0001582429308170801,0.00041788270273397557,0.0001453843899119773,0.0002793033723223599,0.00016402239800567255,5.6615071375244507e-5,2.2525745036580734e-5,1.8678850328964617e-5,4.2850865650288245e-5,5.062259722595028e-5,6.342607013726997e-5,7.706390615508427e-5,8.708538209890721e-5,9.855537382660538e-5,0.00013092064374400664,7.03656879119468e-5,2.8649730197516286e-5,-1.8782627428392786e-6,-1.7509632611617155e-5,-3.990921956071235e-5,-5.528102144764188e-5,-7.593178490760688e-5,-8.76145335354972e-5,-9.233034492440156e-5,-9.21837799569091e-5,-5.948223066908591e-5,-4.773345589070585e-6,4.7918519463275745e-6,1.95646799999676e-6,3.765514443791246e-6,4.638439389772043e-6,6.64069435950245e-6,6.843111570039692e-6,7.239293336016861e-6,-6.217198239516463e-5,-0.00027568577704627673,-0.0007801871711628796,-0.0018363564463120283,-0.0004010068680776771,-0.0005512575492317061,-0.00040222934581367396,-0.000319056520744886,-0.00023144861515662387
2.0942007762817136e-5,1.0595844498471324e-5,-6.082444208983648e-5,-0.00022029893443230024,-0.00032100608744280146,0.000255529404479738,0.003071324102605612,0.008422144414088248,0.009801739968331212,0.014094895419035011,-0.00044953096400907636,-0.02360846337448773,0.9762824929437037,-0.0016308421891095802,0.01248150106643711,0.005677030016204565,0.0005527741695637177,-0.0006029822790869346,2.2254143480720612e-5,8.080625285508115e-5,-1.8190146269151212e-6,-6.150529562157419e-5,-4.9608641461049564e-5,-2.1466199189722738e-5,2.3173191932846247e-5,3.89677915975048e-5,5.6634122532482574e-5,7.24259432120495e-5,7.88955223695592e-5,9.265823251748157e-5,0.00011692052300817793,6.103208514953211e-5,2.2163148433032268e-5,3.3820198212515597e-6,-6.7758050144260976e-6,-2.1931452458043204e-5,-3.082440340455466e-5,-5.4764235152051415e-5,-6.66197942655735e-5,-7.801575460998785e-5,-8.563899779597281e-5,-6.57987868800718e-5,-2.380330001752377e-5,-1.1837851402183483e-5,-8.017077849407814e-6,-4.0115016068672583e-7,3.5810984087748476e-6,7.521504319562736e-6,8.414718739855973e-6,-4.9911421540198774e-5,-0.00013605031217672788,-0.00037655410457528834,-0.0008864190792783536,-0.0019128217217108021,-8.080267962281846e-5,-0.00016590567840291614,-0.00014729615654772088,-9.521246589278847e-5,-9.529521963831736e-5
3.385533945331534e-5,2.8883191047575537e-5,-3.386300979134473e-5,-0.00021287783775165954,-0.000515066560331793,-0.0008117005617152259,-0.0006986799767285829,0.0006065715955035149,0.0012043552576948982,0.002751046312781195,0.005205672749044429,0.006512167861499052,-0.0016308421891095802,0.9952541642357126,-0.0058842852399576965,-0.0016565039482232524,0.0013852988325781176,0.0013324948167538569,0.0008191585515909553,0.00029677628155485805,8.134554062271873e-7,-0.0001222725355001847,-0.00010055815378701984,-5.062568532492704e-5,9.821902687376272e-6,3.220259687459912e-5,5.5604779473812676e-5,7.47161830061084e-5,7.979089220488408e-5,9.416125341647542e-5,0.00012224643701830892,6.034299348592482e-5,1.982091076186924e-5,6.4383576168630195e-6,-1.1840757860182862e-6,-1.3742774604431351e-5,-2.0234081884901278e-5,-4.8461757084738944e-5,-6.182312680862352e-5,-7.69453188302524e-5,-8.785086743709192e-5,-7.047096529442704e-5,-3.065482108086442e-5,-1.566875874314769e-5,-1.0140003550217508e-5,-4.4793921846327604e-7,4.55966040332665e-6,9.372952982581104e-6,1.0440620263646897e-5,8.101859194235077e-5,0.00025114142763443137,0.000270605142216797,0.00024103154628704,-0.00011004835747379641,0.00014264222895123434,8.943399578136115e-5,2.9648840458857493e-5,3.884905491705631e-5,1.182600050510055e-5
4.21342010516833e-5,4.863180891524199e-5,1.4009691146202228e-5,-0.00011127334977590865,-0.00037880249741981386,-0.0008350978677187322,-0.0014292304476292675,-0.0022252568302390855,-0.0012246126937481454,-0.0018821171515186136,0.0052299056688553825,0.01289273227819779,0.01248150106643711,-0.0058842852399576965,0.9888481048888708,-0.0058381049789283206,0.0009587350215752381,0.0020931114622114205,0.0009524102941381772,0.00032923541805054046,-2.572149048608397e-5,-0.00016588559104389197,-0.00013006757857119436,-6.235520423339577e-5,2.212175645710102e-6,2.5966520597648878e-5,5.024581749071045e-5,6.93405974309354e-5,7.73821095016989e-5,9.526177216605516e-5,0.00011569024456238941,8.024908958250795e-5,5.803197685321786e-5,3.8237098153559546e-5,2.4218168128700385e-5,5.5487905437567674e-6,-1.0966450573705121e-5,-3.421025386155466e-5,-4.99917949634974e-5,-6.578622655018048e-5,-8.316921312807682e-5,-8.662207854237498e-5,-8.113553151531433e-5,-4.921303051904197e-5,-2.9340440335308706e-5,-1.024513898760664e-5,-3.695228462243851e-7,7.046540197421878e-6,9.344749294499755e-6,8.138605310132341e-5,0.00034810286760671177,0.0004616995536074274,0.000619534102869249,0.0005428203619040392,0.0001197769131997011,5.4486747961646666e-5,1.614526297068238e-5,-3.0258111283595155e-6,1.4413402986367042e-5
4.7409709534765285e-5,6.574821383476194e-5,6.597339465661435e-5,1.836177983830646e-5,-0.0001248336638626559,-0.00044584623371984747,-0.0013250092127963162,-0.000702422152417848,-0.001532422871623956,0.001478469507469987,0.0015448229322995272,0.007301998897366035,0.005677030016204565,-0.0016565039482232524,-0.0058381049789283206,0.9998564130959472,-0.00022116564553955012,-0.00014502616981789732,0.00014571289259567146,2.5327181170888638e-5,-0.00013649025376188912,-0.00021406640541070366,-0.00014907953554164005,-6.965433204521993e-5,-5.237196909329609e-6,1.638362837489988e-5,4.029816925659485e-5,5.7184799937152434e-5,6.302988717025577e-5,8.000526380993665e-5,8.462620115414155e-5,7.637241357452201e-5,6.714579477513214e-5,5.238140062012353e-5,3.7872233619091235e-5,2.1466772198419032e-5,5.305851029463106e-6,-1.073917932845618e-5,-2.1864735272974656e-5,-3.696325099110663e-5,-5.690436591069872e-5,-7.643767786823199e-5,-9.786034680048465e-5,-6.307979535428616e-5,-3.787113587440516e-5,-1.4959155382730978e-5,-3.063586684373675e-6,5.37923042801173e-6,8.21881080734028e-6,-9.132298452568281e-6,0.00018273650674386746,0.0002809456171438909,0.00037211673554844965,0.0002752211960982725,5.025923445403843e-5,-2.9846643287469885e-5,-3.794516158152068e-5,-5.958179924708135e-5,-1.2121948223967576e-5
5.0129929116970224e-5,7.753185833244444e-5,0.00010164677608564945,0.00011465380502984074,8.297388176914824e-5,-5.78653258570149e-5,-0.0002154391111437879,-0.000897962377406197,0.0008604990238612939,0.00018129249472716532,0.0022053940142706158,-0.0001582429308170801,0.0005527741695637177,0.0013852988325781176,0.0009587350215752381,-0.00022116564553955012,1.0017008764439563,-0.0012731030486057527,-0.0008460003784947191,-0.0003663586712012398,-0.0002511338407394785,-0.00017912330734811004,-0.00010331272500407376,-4.320863140519455e-5,5.990200467972841e-6,1.7193896853022033e-5,3.2134837130067016e-5,4.004123073532134e-5,4.090301947415156e-5,5.6715088079811824e-5,5.1256877331435655e-5,7.034240703774803e-5,8.871379101814284e-5,7.780533767703098e-5,6.420127693069943e-5,4.9610381109547384e-5,3.0221113326244196e-5,2.5102740086910153e-5,1.6061271460693846e-5,-1.0070149393893714e-6,-3.1477657723779815e-5,-8.262091632927496e-5,-0.00015787359177466665,-0.00010179423718153111,-5.916516349929388e-5,-2.5811131470432476e-5,-8.547600623050307e-6,2.300418271397286e-6,6.405606570040537e-6,-7.523611295832009e-5,4.984453910954428e-5,0.00012975513320817432,0.00015575589687490585,7.60100642002375e-5,3.7697760262926685e-5,4.34904185219036e-6,-1.537040397778274e-5,-1.5192458155348766e-5,7.5079012959687345e-6
4.3703562317438115e-5,7.008745550405931e-5,9.846653537121747e-5,0.00013105171810876202,0.00014762814511578835,0.00010232758745716906,-0.00019864572422921713,8.150092518244177e-5,-6.215072848045976e-5,0.0014233564878233206,0.00036209730124730035,0.00041788270273397557,-0.0006029822790869346,0.0013324948167538569,0.0020931114622114205,-0.00014502616981789732,-0.0012731030486057527,1.0021070184683354,-0.001331876992954868,-0.00076922969793906,-0.0003309940540420804,-4.3864852792099204e-5,1.3272716195781257e-6,-1.8889407275020469e-6,1.4755208625206319e-5,1.340774731052401e-5,2.0760981615539125e-5,1.9206241338375915e-5,9.430439355197163e-6,1.3802860888757682e-5,-1.8201695476453626e-5,5.330111964971558e-5,9.678305143969223e-5,0.00010079392534020646,9.697961045639834e-5,9.643044686065708e-5,8.683465718300276e-5,9.021380042922923e-5,8.155108985020482e-5,5.52721302730758e-5,5.2478543807093455e-6,-8.862368643754779e-5,-0.00023916202434282996,-0.00014599562515123197,-8.2032427345559e-5,-3.757378445233373e-5,-1.4842093168550008e-5,-1.510271079046162e-6,3.942345172283001e-6,-8.893413666608578e-5,1.2870651141978589e-6,4.867519860418439e-5,5.2252996970434906e-5,-1.2639168609907883e-5,4.8236158803937614e-5,7.72269381847034e-5,8.019727702572969e-5,8.386232870547147e-5,9.21516215297895e-5
3.662031133883864e-5,5.923685307404843e-5,8.537401423976318e-5,0.00012093894596944851,0.00015572421225011342,0.00016313955270240869,0.00012106290737501473,-7.114152517566745e-6,0.0005283730014866849,0.0005440896432977984,0.0009460199552070059,0.0001453843899119773,2.2254143480720612e-5,0.0008191585515909553,0.0009524102941381772,0.00014571289259567146,-0.0008460003784947191,-0.001331876992954868,1.002260600711818,-0.0010481647496515909,-0.00037555052986950417,5.9960817222032005e-5,8.265419210536196e-5,3.4520105587488895e-5,3.0958734941159875e-5,1.9961287346536967e-5,1.583903985068439e-5,-6.076506396891883e-7,-2.926045381381801e-5,-4.539531569942431e-5,-9.530830205997926e-5,2.1146937370240497e-5,9.195129420204657e-5,0.00012274918477694062,0.00013822771466517368,0.0001577609796033196,0.00016264399113186223,0.00016674726448738758,0.00015463325324843247,0.00011217546571172496,3.5265395130426597e-5,-0.00010879362110540227,-0.00035176595986528966,-0.00019820192464042503,-0.00010617310958019153,-4.8885385346521975e-5,-2.0227761883261796e-5,-4.459050176059324e-6,2.261233710274009e-6,-9.85933031233649e-5,-4.005986404964948e-5,-3.224148049081328e-5,-3.769702490087677e-5,-9.605653160466241e-5,6.89598235097201e-5,9.33575675975127e-5,0.0001260306876368575,0.000131447236880983,0.00013860116465314764
2.229210424365104e-5,3.59491454420297e-5,5.0576712488012347e-5,7.121380980191863e-5,9.20162382533283e-5,0.00010442846172800564,0.00010923659885045475,8.222868764198334e-5,0.0002697907650230259,0.0004450786461015636,0.0005521475815454097,0.0002793033723223599,8.080625285508115e-5,0.00029677628155485805,0.00032923541805054046,2.5327181170888638e-5,-0.0003663586712012398,-0.00076922969793906,-0.0010481647496515909,1.0031755547220458,-0.0002617953169642657,5.440700541844789e-5,5.836738016300957e-5,1.5932417018078566e-5,9.644002108339971e-6,3.676706310694376e-6,8.223050331452909e-6,9.500383154220078e-7,-1.287938927749983e-5,-1.9224255388651132e-5,-5.471669175771167e-5,1.649789114758388e-5,6.076069013259852e-5,7.673832097622792e-5,8.229836154586312e-5,9.16944935328816e-5,9.221724632930854e-5,0.0001030191807653972,0.00010367336822473577,8.374249922887002e-5,4.043778568599109e-5,-5.0744090620611974e-5,-0.00020466902200492866,-0.00012001823648858384,-6.557838135721346e-5,-3.046662805750671e-5,-1.287164947937793e-5,-2.7467469034419525e-6,1.5679865944674221e-6,-6.1525600311618e-5,-2.491872202041973e-5,-2.244054857948696e-5,-2.357684656202635e-5,-6.254040289356279e-5,5.259302271835978e-5,6.559930407387423e-5,9.1968185832408e-5,9.699136974317608e-5,9.865544952977725e-5
1.5108764586225887e-5,2.4222137687520652e-5,3.412235579268687e-5,4.890466879541725e-5,6.686274595310554e-5,8.952823377930272e-5,0.0001319187979324891,0.00010155968149071734,0.0001783229687871789,0.0002779251110124275,0.0003153393170374432,0.00016402239800567255,-1.8190146269151212e-6,8.134554062271873e-7,-2.572149048608397e-5,-0.00013649025376188912,-0.0002511338407394785,-0.0003309940540420804,-0.00037555052986950417,-0.0002617953169642657,1.0037772155136535,-4.9501582725287355e-5,-3.1806096043875415e-5,-2.4542590834072595e-5,-1.034728288931634e-5,-6.660473196272938e-6,5.322180868585848e-6,5.8674048920459815e-6,1.1570209155889635e-6,1.0437891570747752e-6,-1.9674766999757948e-5,1.6052220646971886e-5,3.637151203911554e-5,4.3312375218716105e-5,4.43367747542813e-5,4.915019776201536e-5,4.94671674998552e-5,5.946996092339934e-5,6.566771424437448e-5,5.6351166717447e-5,3.364119758623625e-5,-2.0503692330942105e-5,-0.00011100056164812712,-6.624479852210491e-5,-3.707245527282859e-5,-1.712974357308343e-5,-7.162322893971915e-6,-9.306926806029323e-7,1.6487810752248244e-6,-3.623118143677836e-5,-6.590240009971061e-6,-2.9485072151508954e-6,-3.1212559377586817e-6,-3.25301663021644e-5,1.2871413937826779e-5,1.3097559255727911e-5,1.5931675122014436e-5,1.8608295634446772e-5,2.1378153830373157e-5
8.656255215355282e-6,1.3681235313441257e-5,1.918680075253664e-5,2.7474743271959712e-5,3.9035054717633576e-5,5.9453667025802534e-5,0.00010921744532285446,8.19924803821231e-5,0.00010925167958869309,0.00015332261766538217,0.00015243427094316177,5.6615071375244507e-5,-6.150529562157419e-5,-0.0001222725355001847,-0.00016588559104389197,-0.00021406640541070366,-0.00017912330734811004,-4.3864852792099204e-5,5.9960817222032005e-5,5.440700541844789e-5,-4.9501582725287355e-5,1.0038007002986196,-9.325682658749492e-5,-5.582792207411456e-5,-3.1736798972544445e-5,-2.1957041669066533e-5,-5.350184452460511e-6,-1.9308907790084306e-8,1.4352736393090408e-6,4.81121444625625e-6,-4.3560313045028965e-6,8.594346977911768e-6,1.3545170188621835e-5,1.6883215408891527e-5,1.8522978770852727e-5,2.2816750519014934e-5,2.5060115874849487e-5,3.370486157626594e-5,4.322419369722459e-5,4.11438418149579e-5,3.4352032965122886e-5,9.663250715162558e-6,-3.039900414965754e-5,-1.7761870542796383e-5,-9.878158689388694e-6,-3.7338010622556455e-6,-9.581514663537158e-7,1.1945303800822243e-6,1.8781178963018783e-6,-1.7735360654871787e-5,3.2457198273185845e-6,6.721008184885089e-6,4.470308280151824e-6,-1.9516852488157595e-5,-1.86336408274743e-5,-3.1105913399089506e-5,-4.047396035473612e-5,-3.64645518053655e-5,-3.235085430783764e-5
4.838312673885267e-6,7.6217668810639654e-6,1.0467131457095162e-5,1.5031591327412321e-5,2.2026857281496926e-5,3.849986110690101e-5,8.293935697286244e-5,6.024128859060551e-5,6.61126842200019e-5,8.401364952697035e-5,7.69304790243224e-5,2.2525745036580734e-5,-4.9608641461049564e-5,-0.00010055815378701984,-0.00013006757857119436,-0.00014907953554164005,-0.00010331272500407376,1.3272716195781257e-6,8.265419210536196e-5,5.836738016300957e-5,-3.1806096043875415e-5,-9.325682658749492e-5,1.003831829227606,-5.942384889605897e-5,-4.524805917517394e-5,-3.854446774013513e-5,-2.2099084166764873e-5,-1.7056761919215447e-5,-1.3656541712225922e-5,-7.610702703201992e-6,-1.0695244263881803e-5,-4.117927155421119e-6,-5.630519652155247e-7,4.390127414279425e-6,1.0254760605868052e-5,1.7792711207405392e-5,2.2145671751173183e-5,3.3127713455976376e-5,4.5921204741079555e-5,4.748605567533698e-5,4.883613269519387e-5,3.700213055613129e-5,1.9525640324889886e-5,1.2804722478054831e-5,8.381285801195522e-6,6.038669394115491e-6,4.188176532509489e-6,3.276505822262448e-6,2.443260256077808e-6,-8.765767981304962e-6,4.7166309466595804e-6,7.399291344066409e-6,5.107670970547894e-6,-1.015893161873773e-5,-2.3497719448980336e-5,-3.1018449398616634e-5,-3.52747737963402e-5,-3.0285165752944162e-5,-2.8908180826080118e-5
1.7421598031580737e-6,2.5821706476913385e-6,3.149322184844818e-6,3.733297423121171e-6,4.381785341782418e-6,9.839158840823888e-6,3.3138686390309757e-5,2.5624978815010873e-5,3.450764351841242e-5,4.9427677230716e-5,4.724139636353675e-5,1.8678850328964617e-5,-2.1466199189722738e-5,-5.062568532492704e-5,-6.235520423339577e-5,-6.965433204521993e-5,-4.320863140519455e-5,-1.8889407275020469e-6,3.4520105587488895e-5,1.5932417018078566e-5,-2.4542590834072595e-5,-5.582792207411456e-5,-5.942384889605897e-5,1.0038630716052752,-5.4246295156741396e-5,-5.753690477774466e-5,-5.054361794660677e-5,-5.273940299438838e-5,-5.478777917497476e-5,-4.779078264516226e-5,-4.376189825432414e-5,-3.5946749548559895e-5,-2.312306082499061e-5,-5.863736189138598e-6,1.4552279949341238e-5,3.649404697905471e-5,5.0424985962288265e-5,6.35959193937009e-5,7.662495820161631e-5,7.343076311823545e-5,7.252532734188275e-5,5.99904052368275e-5,4.5770678259806884e-5,3.186730157714092e-5,2.222884638123851e-5,1.4629624112732237e-5,9.669114069841253e-6,5.743993899065439e-6,3.351432960415979e-6,-3.304195514314343e-6,1.5346274295291796e-6,2.0155978680643763e-6,1.9542602062599008e-7,-6.581677687691676e-6,-2.4887724624878158e-5,-2.6588458500067147e-5,-2.5230403526328062e-5,-1.6937444048543175e-5,-1.828404648428033e-5
-2.6881859364778686e-6,-4.645312655073477e-6,-7.84327921992098e-6,-1.4101176486719215e-5,-2.5638264642028507e-5,-4.268706991061348e-5,-6.310793122709314e-5,-3.877204831348485e-5,-3.7294471966744253e-6,2.9384574524076597e-5,4.5785036531877535e-5,4.2850865650288245e-5,2.3173191932846247e-5,9.821902687376272e-6,2.212175645710102e-6,-5.237196909329609e-6,5.990200467972841e-6,1.4755208625206319e-5,3.0958734941159875e-5,9.644002108339971e-6,-1.034728288931634e-5,-3.1736798972544445e-5,-4.524805917517394e-5,-5.4246295156741396e-5,1.0038440368280785,-8.884237235870613e-5,-9.549888101433001e-5,-0.00010857703360902084,-0.00011838709538365699,-0.00010936969289020378,-9.636892032046748e-5,-8.149316066084132e-5,-5.168738755541082e-5,-1.5444102076096087e-5,2.5158423306954145e-5,6.790870320091902e-5,9.562093223301536e-5,0.00011492349897471646,0.00012992731004637814,0.00011941311802559218,0.0001127873981619457,9.241034935875196e-5,7.17694136505637e-5,5.1775554610126424e-5,3.769642596047095e-5,2.448911917976489e-5,1.610191716290511e-5,8.540774605904089e-6,4.2670456267480615e-6,1.5749179460398872e-6,-7.580321449140929e-6,-1.2364498082405035e-5,-1.392399477178744e-5,-8.94396288345258e-6,-3.637867881997441e-5,-3.271498126743812e-5,-2.738254802670523e-5,-1.7351853950470155e-5,-1.8777727229167636e-5
-3.7133170826390906e-6,-6.288843565800322e-6,-1.0238272066218418e-5,-1.7927378300303297e-5,-3.228791590551211e-5,-5.606680639051317e-5,-9.233743779669512e-5,-5.7403215775704066e-5,-1.4469623577527688e-5,2.193572476778516e-5,4.45946322066737e-5,5.062259722595028e-5,3.89677915975048e-5,3.220259687459912e-5,2.5966520597648878e-5,1.638362837489988e-5,1.7193896853022033e-5,1.340774731052401e-5,1.9961287346536967e-5,3.676706310694376e-6,-6.660473196272938e-6,-2.1957041669066533e-5,-3.854446774013513e-5,-5.753690477774466e-5,-8.884237235870613e-5,1.0037953857937945,-0.0001446602275258751,-0.0001719273025624708,-0.00019350499933823122,-0.00018148585213131053,-0.00015765384464691266,-0.00013240897484984477,-8.119005813181235e-5,-1.9858545896801882e-5,4.588755697006859e-5,0.00011518836558637306,0.00016122787421037201,0.0001875855825900768,0.00020467186550679754,0.0001805597492836005,0.00015942422243566063,0.00011844973051629367,7.312996027115439e-5,5.8222133949047024e-5,4.6246636775215894e-5,3.1526065419593926e-5,2.1800601453025765e-5,1.1628383732899802e-5,5.8597968996006955e-6,1.4214006635643065e-7,-1.511479594897668e-5,-2.321968529604276e-5,-2.4636200337575853e-5,-1.5788199812550913e-5,-5.031349304405915e-5,-4.3495643291170796e-5,-3.5605638260958824e-5,-2.165897841100288e-5,-2.2882742810343412e-5
-5.396299608879467e-6,-9.053005675602896e-6,-1.4509120344853402e-5,-2.4997505493050966e-5,-4.4634551084467305e-5,-8.007338806658507e-5,-0.00014099752868675214,-8.079557040571444e-5,-2.162108108957079e-5,2.3274832493969337e-5,5.116379011079745e-5,6.342607013726997e-5,5.6634122532482574e-5,5.5604779473812676e-5,5.024581749071045e-5,4.029816925659485e-5,3.2134837130067016e-5,2.0760981615539125e-5,1.583903985068439e-5,8.223050331452909e-6,5.322180868585848e-6,-5.350184452460511e-6,-2.2099084166764873e-5,-5.054361794660677e-5,-9.549888101433001e-5,-0.0001446602275258751,1.0037255633403368,-0.0002359089776683088,-0.0002750589811067969,-0.0002662506312147548,-0.00023234360003504054,-0.00019575746831723568,-0.00012020551652884527,-2.4724133112682165e-5,7.529042786613175e-5,0.00017912730732029845,0.00024941707045330426,0.00027505796572101156,0.0002861272334675464,0.0002402637385189668,0.00019563661529125952,0.00012654886742936378,4.469490704724604e-5,5.094343899229313e-5,4.899486775628501e-5,3.615776184750694e-5,2.671626553656571e-5,1.4298733413361509e-5,7.226605141828298e-6,-2.092790150641698e-6,-2.6873673378052427e-5,-4.0625919740708356e-5,-4.188533434408685e-5,-2.812689213794792e-5,-6.133847488831491e-5,-5.166793009340493e-5,-4.1633552215839603e-5,-2.5802380792190533e-5,-2.58602968421876e-5
-6.2490156315829165e-6,-1.0416352073205901e-5,-1.678398053036656e-5,-2.899228348094555e-5,-5.242800183597113e-5,-9.668463608298454e-5,-0.00017555006763614466,-9.334036076821245e-5,-2.211317198528022e-5,2.9609369222958127e-5,6.111811285082826e-5,7.706390615508427e-5,7.24259432120495e-5,7.47161830061084e-5,6.93405974309354e-5,5.7184799937152434e-5,4.004123073532134e-5,1.9206241338375915e-5,-6.076506396891883e-7,9.500383154220078e-7,5.8674048920459815e-6,-1.9308907790084306e-8,-1.7056761919215447e-5,-5.273940299438838e-5,-0.00010857703360902084,-0.0001719273025624708,-0.0002359089776683088,1.0036179474697229,-0.0003584175495613243,-0.00035931886595137226,-0.0003195427008363849,-0.0002706265765964053,-0.00017425979303332874,-3.1222922882050295e-5,0.00011415544447693706,0.0002608470298105247,0.00036227353493803395,0.0003796975562823711,0.00038265152115250957,0.0003101245374580917,0.00023913729681116427,0.00013700309653902055,8.716309859024982e-6,4.249055580521922e-5,5.2447260908373426e-5,4.187433254116844e-5,3.256873468445962e-5,1.767284043960357e-5,9.104759180623389e-6,-7.406971588592344e-6,-4.1526016554526686e-5,-6.177896463876397e-5,-6.257805248360744e-5,-4.601738425404999e-5,-7.174053832328329e-5,-5.960046287303135e-5,-4.629261371622523e-5,-2.7418294710550137e-5,-2.702807616167235e-5
-6.125502656231455e-6,-1.0224703804989163e-5,-1.673622429081578e-5,-2.9178885588964507e-5,-5.371701734116316e-5,-0.00010159615384399066,-0.00018739692364299875,-8.751551926322564e-5,-9.898212629877627e-6,4.360782891426135e-5,7.367521707822984e-5,8.708538209890721e-5,7.88955223695592e-5,7.979089220488408e-5,7.73821095016989e-5,6.302988717025577e-5,4.090301947415156e-5,9.430439355197163e-6,-2.926045381381801e-5,-1.287938927749983e-5,1.1570209155889635e-6,1.4352736393090408e-6,-1.3656541712225922e-5,-5.478777917497476e-5,-0.00011838709538365699,-0.00019350499933823122,-0.0002750589811067969,-0.0003584175495613243,1.003453330215448,-0.0005011969096955252,-0.00045162591960741044,-0.0004119989090478502,-0.00033145574098498575,-8.627891800398488e-5,0.0001541991217555203,0.00039190489574201024,0.000570926003673379,0.0005453643728767317,0.0005275069203591011,0.00040158794556312516,0.0002901992069738169,0.0001501378866815112,-3.1460867164010365e-5,4.37154300935675e-5,6.51261383849506e-5,5.368831967970905e-5,4.252981978550561e-5,2.3368386993871858e-5,1.2384462629673928e-5,-1.3491432691331593e-5,-5.453577004885829e-5,-8.072243471178083e-5,-8.078065709598001e-5,-6.354532588790685e-5,-7.5682467912221e-5,-6.393904081890586e-5,-4.5301532671703105e-5,-2.3346164341295506e-5,-2.2720257603659794e-5
-7.054513456618114e-6,-1.1733823880869844e-5,-1.926742627355412e-5,-3.36735811015353e-5,-6.248120185212051e-5,-0.00011972227554886145,-0.00022318383670505838,-9.810174418886559e-5,-7.396523015831514e-6,5.203758481963517e-5,8.518362551301689e-5,9.855537382660538e-5,9.265823251748157e-5,9.416125341647542e-5,9.526177216605516e-5,8.000526380993665e-5,5.6715088079811824e-5,1.3802860888757682e-5,-4.539531569942431e-5,-1.9224255388651132e-5,1.0437891570747752e-6,4.81121444625625e-6,-7.610702703201992e-6,-4.779078264516226e-5,-0.00010936969289020378,-0.00018148585213131053,-0.0002662506312147548,-0.00035931886595137226,-0.0005011969096955252,1.0033255209690632,-0.0005590250639058586,-0.000527701896672272,-0.0004630493771941961,-0.00012747958306847052,0.0001910663761508198,0.0004947932203404986,0.0007337813451608374,0.0006464244254887173,0.0005994897218382462,0.0004314267903767525,0.0002938376099102262,0.00013786718750877488,-7.802267879563168e-5,3.801046045521626e-5,7.057775578714817e-5,5.9655880955346206e-5,4.768387540618212e-5,2.6156123933576277e-5,1.3938511510944931e-5,-1.4414939347512897e-5,-6.363000561584419e-5,-9.467177740030112e-5,-9.487857997922007e-5,-7.444097641866573e-5,-6.336667149350192e-5,-5.2345843630116036e-5,-3.3396337720730853e-5,-1.3482493930792367e-5,-1.3076751188319103e-5
