1.0303895502979514,0.43462357558077197,0.6783710169048455,0.12767432892054836,0.3354256348092066,0.2663744233627989,0.25467845886786766,0.13961834454083785,0.25460347400927913,0.15805312616630704,0.18529085132609988,0.21007394660462672,0.13350607960633543,0.22256761631537467,0.23019340265911772,0.1757495208959468,0.14186275645299148,0.22291114868135697,0.09320362443720126,0.1285717106340051,0.2148370069918966,0.2370981796970825,0.13525336189323875,0.05842966938287083,0.18112053655120797,0.24988900454846547,0.16095426243194316,0.07132786159854579,0.19225571729557012,0.11559384638922059,0.18608957229349585,0.21247905700499758,0.19107181868990752,-0.14107442215888455,-0.024530936244409583,0.23431838925957024,0.04630261688218758,0.12275319480324419,0.18149336740385213,0.04813561792327942,0.12683498559956768,0.19061593606376112,0.06818375873208884,0.04590295254340155,0.14932989713008618,0.235767412374659,0.2602034588977008,-0.006446167742540463,0.03409610515989182
0.43462357558077197,1.9142231626576074,1.0079434790916144,-0.12896955963667378,0.09564752988837408,0.3347065633426916,0.2017334013061821,0.17553972029823384,0.3725195386442688,0.18416671846086294,0.16353649292526326,0.09856111819926495,0.12614503733144233,0.14517399872638953,0.3095743678372266,0.08176838247351628,0.1473399133930169,0.13603070224274702,-0.07669035012862263,0.31565702137924795,0.2745236226367116,0.1556929975348532,0.030503347805290605,0.1375803991316487,0.12679495515075895,0.42190412421159423,0.1465972065170411,0.1022662490092713,0.31665640472517276,-0.057319260547768536,0.17917594757466807,0.1639269483251322,0.11180431892279102,0.15927907994977614,0.06870587999564358,0.21133088022993612,0.30754555621207696,0.17129491785065085,0.06080795466615989,0.01627097010600069,0.13258938608539228,0.2373698425232856,0.0680938243169899,0.020791152193381998,0.20673901461455424,0.2676385323674472,0.2766186633553945,0.008430312233336824,-0.11913777915472244
0.6783710169048455,1.0079434790916144,3.349911648021217,-0.18565172605107308,-0.57326236436964,0.22167468336309357,0.20040455628521112,0.15839033981411096,0.5727815419666767,0.053108283272955345,0.10597198189485153,0.08362492488621193,0.07920308119346241,0.11333815555725707,0.3097050445888299,0.0379075238715671,0.10003428956572528,0.006389737713940014,0.11095351330967514,0.16888241891047762,0.1906767002367873,0.15911687639461713,-0.05281725790224069,0.07863072986711525,0.08528700252240227,0.3100582531916045,0.10428551496967599,0.03502455295327077,0.07571731900359027,-0.5222636956180636,0.1611698399511986,0.11692618607985435,0.1816766969268502,-0.00434034011631241,-0.24902724730626621,0.526440458839953,0.17184727369225572,0.10642111644394933,0.03315673706300237,-0.3395581891745128,-0.057759162350526735,0.15270322455612861,-0.26973082344065724,0.041777185043902786,0.1992046926260285,0.5524463489573888,-0.10235425152097259,-0.023596814283511316,-0.6373229333636856
0.12767432892054836,-0.12896955963667378,-0.18565172605107308,1.9821424804792798,1.0683276381098883,0.57458355942321,0.4495863236213216,0.2844826337213972,0.27113796965393805,0.4829470470447093,0.34659224965580643,0.42261995889798715,0.24324322005788382,0.43671446810208314,0.2842907334480241,0.3398518919489509,0.38814339045703705,0.26818722256075544,0.1176284758837043,0.31236657438250526,0.30547807132792887,0.39593839348528215,0.4144376202466225,0.4265462230136824,0.34254364745194843,0.37074635980915827,0.285333796815483,0.19577770071182696,0.34055012844793175,0.18615734088972666,0.322507752525364,0.4261491199533955,0.2186868707793659,0.49760115175529207,0.20623216107436013,0.36660218017189056,0.2782782807210427,0.211845410954367,0.3071453426528962,0.2223617065255253,0.19375210702543855,0.32210094966381,0.3047116071715571,0.05838646279291626,-0.03443673720764498,0.21859619440201786,0.6491783839477138,0.0006868461941451199,0.17008868997402635
0.3354256348092066,0.09564752988837408,-0.57326236436964,1.0683276381098883,2.693701041081649,0.7946283430737219,0.42599503733201355,0.16333170440461853,0.16521695412141135,0.4574386159137768,0.3973874770155951,0.4523328606216424,0.2782910591726095,0.4020773921097241,0.31829822918051526,0.405588794364256,0.36198702150960066,0.3523409545243244,0.2190115375985758,0.3710569857707187,0.38090715940395536,0.4208662201125498,0.4340124088536969,0.4747858223255673,0.3679321840836191,0.43786068627175373,0.3204575990040848,0.21664579288573502,0.3650079006712205,0.2241575264338198,0.4228015180178059,0.4160250823576864,0.23757665250794244,0.6210976541244861,0.24981417183457724,0.40989652508102953,0.47766446955519726,0.26010666819648015,0.3074283937465656,0.28727253628375143,0.2164760230657841,0.3948023860696708,0.3780456680990687,0.07099097950073142,0.027633563876758947,0.15320817408485124,0.6769338203431249,0.02144265516997861,0.19756340911605472
0.2663744233627989,0.3347065633426916,0.22167468336309357,0.57458355942321,0.7946283430737219,0.9608915042357936,0.3353107529822722,0.37866020107204573,0.3279569818792053,0.40158033906586604,0.3992131088859968,0.30511498974882084,0.25269650483167794,0.3619331770318866,0.39433143434884776,0.28592652952977754,0.4659088055261401,0.23840346115011188,0.29467796640021815,0.4945456599139209,0.3739869386583926,0.46185165888674523,0.28460148447963957,0.4111305443576251,0.34486779560633163,0.4298355422289312,0.29600052386543785,0.15768995620975534,0.4453672757154219,0.09098144482086205,0.34320122307338397,0.3796495917985058,0.1900240000678995,0.513219972468439,0.1257566918061359,0.277823991992042,0.38753347905565144,0.3028509451142414,0.3929118052980249,0.20659711018327767,0.1708056643547646,0.36329322740958314,0.33837653464543355,0.07722154889975832,0.11746182384734463,0.28329725261839817,0.705703917505486,-0.0032116891056201777,0.2840878390855344
0.25467845886786766,0.2017334013061821,0.20040455628521112,0.4495863236213216,0.42599503733201355,0.3353107529822722,0.5874504399270506,0.18190725814221761,0.3168620342868836,0.2766117617451365,0.2741854201399475,0.3928252888667004,0.20091698771962024,0.2986866718879348,0.20633841544549603,0.26728392205093626,0.27969236418541904,0.2465296829379767,0.08374106380262505,0.20333569464618284,0.2608054929679131,0.3596338557428867,0.2856079935570244,0.2751010529563833,0.2515562922209018,0.2943841054149174,0.23677848719974498,0.13716789916444314,0.26830654490898015,0.10745628360869224,0.2491176424471473,0.30965207992824034,0.19502907629156083,0.3012632575162947,0.08527845685273903,0.4054217822431752,0.16347513962148824,0.14012700237057507,0.24250312785459535,0.13734581239473442,0.1318982096029408,0.25152374936371497,0.1823680678499424,0.04009111396656897,-0.03029633252373143,0.21073516004352616,0.2549833095747663,0.0021003606615797115,0.28199635072140916
0.13961834454083785,0.17553972029823384,0.15839033981411096,0.2844826337213972,0.16333170440461853,0.37866020107204573,0.18190725814221761,1.3658551170985544,0.018337784626156407,0.47118040421651114,0.4958609965081551,0.3791962977065206,0.30023701888218624,0.28935633016746004,0.3220921354658924,0.26520515875810846,0.5375771846695077,0.2812141947874934,0.3679661284810079,0.48077948676045884,0.22619546507007687,0.31866911142384236,0.27656366681639405,0.27998124626961113,0.4672583826062157,0.24607469389125125,0.29244928525065783,0.22853214921691398,0.38674000694917365,0.06556807782304487,0.26202978659058107,0.3017927527326129,0.24294081825998554,0.5408599960437996,0.225529467432989,0.12716865090609572,0.4922158167833891,0.22940925372673948,0.6393511295459032,0.22473655654362112,0.18410298018067545,0.2444077934209644,0.23158120558593273,0.046819315577733125,0.05704573226314938,0.26422533370835394,0.8815179824001178,0.010038723262395507,0.26762995714426413
0.25460347400927913,0.3725195386442688,0.5727815419666767,0.27113796965393805,0.16521695412141135,0.3279569818792053,0.3168620342868836,0.018337784626156407,0.9693528276047361,0.18085002470160375,0.09836002875042044,0.11367651614116352,0.16197769323823194,0.31360514840275905,0.24223403414803124,0.10504990833256227,0.18514236022966718,0.15757024566590222,-0.05255840871112791,0.14064120349711365,0.2648848390708472,0.34080290369332933,0.26817643367418464,0.2455001306007644,0.12353982634723128,0.43980539087001436,0.1462116341797451,0.15532377956830654,0.1795761940751691,-0.025147067543500694,0.20907932785126615,0.3026256718996549,0.22221394107181958,0.2377097655524411,0.0793770354802423,0.2547066037699318,0.12339463232297687,0.12786893236904626,0.10847778203988416,0.05975605326975751,0.11033952273116777,0.2426404604110622,0.15263038263374545,0.029634485318679526,-0.02786721030265167,0.24616656039296045,0.315027125041585,-0.0028498896623439167,0.3332415797859506
0.15805312616630704,0.18416671846086294,0.053108283272955345,0.4829470470447093,0.4574386159137768,0.40158033906586604,0.2766117617451365,0.47118040421651114,0.18085002470160375,0.8632415568912943,0.40226578187882406,0.3592181556729788,0.2730830190889551,0.28368349612194327,0.3646655126405598,0.23945331640359802,0.45968652777236674,0.3176667134992956,0.21197535132307965,0.2912180480022653,0.24362661658615714,0.3706503346831061,0.35942312663356774,0.32894662148361387,0.34675085026161157,0.2554417183986412,0.2587532552827632,0.224496031844513,0.3739768740666511,0.22623686355662928,0.2943678135630613,0.2970607234120068,0.22218200310703218,0.4338414956727852,0.2586886445785748,0.310972801105105,0.3888682354187686,0.18138130703585392,0.3983656862076364,0.20274521428686867,0.25916031367917913,0.25784159189679035,0.19277253985096982,0.05189106995374531,-0.023205489803020236,0.28265189952167424,0.7658541219512255,-0.0034497661920530206,0.20541972620317278
0.18529085132609988,0.16353649292526326,0.10597198189485153,0.34659224965580643,0.3973874770155951,0.3992131088859968,0.2741854201399475,0.4958609965081551,0.09836002875042044,0.40226578187882406,0.689172402767649,0.39198057823703336,0.28267481491116075,0.30338149022971655,0.3898571290510022,0.27284059554044837,0.4507465264950855,0.2705467964482392,0.21665444523231403,0.3891066915460809,0.2881761864972004,0.31588580760935164,0.28213758690211765,0.31603169457315694,0.34637381316014243,0.2828180284622979,0.2881561885200335,0.21966776043791814,0.3779431824244395,0.17448231426518088,0.28318285243908126,0.3163395117042221,0.22814696283653196,0.4152924110697881,0.22262026755613634,0.2753352987759248,0.34626922566341534,0.20655802100944465,0.42973927322536065,0.20511506412055097,0.1879882972728088,0.29257968889091784,0.23934659395333455,0.04568342360734664,0.06872430099075166,0.25102021537006913,0.6410760291654369,0.009617090922581721,0.10298625395186686
0.21007394660462672,0.09856111819926495,0.08362492488621193,0.42261995889798715,0.4523328606216424,0.30511498974882084,0.3928252888667004,0.3791962977065206,0.11367651614116352,0.3592181556729788,0.39198057823703336,0.8804626839001524,0.23711241090102045,0.3092559553810512,0.1900571191355472,0.32202647662772843,0.27743902332332,0.36872718470851795,0.24354739898345795,0.19695979042646683,0.22629407756243108,0.26535956166305935,0.2843814176956527,0.24649204942644753,0.3714442661391513,0.23546474425270714,0.32505705527109385,0.13867501709663949,0.3045600633269214,0.09612005364424946,0.2619925622134651,0.33197198989866056,0.23502898426737007,0.3134057258030833,0.06247488378807587,0.36488041403504146,0.1340422710329587,0.12570114728807286,0.344116448592196,0.16493827184361176,0.0826652801159488,0.237268832724041,0.16824425512585994,0.026908291334262997,-0.03672210158859956,0.16347872238497388,0.433344866282493,0.024135970405134308,0.17523230742473686
0.13350607960633543,0.12614503733144233,0.07920308119346241,0.24324322005788382,0.2782910591726095,0.25269650483167794,0.20091698771962024,0.30023701888218624,0.16197769323823194,0.2730830190889551,0.28267481491116075,0.23711241090102045,0.4478369069147688,0.21290827593474543,0.1548559727132795,0.21276928399325418,0.24926767485326976,0.20091609241499883,0.11952185726788904,0.16328997775449458,0.18702810324276425,0.2776465800277699,0.2502247114034721,0.20284022405933638,0.21428374985893575,0.16631096000746726,0.22364269097898729,0.1704429886287853,0.278698231398178,0.15977891786854378,0.17424951467402383,0.23149182813067812,0.17729457941628585,0.2669712103591111,0.17639411723093998,0.2061814270804124,0.18030688567171935,0.0921658646774478,0.30322370079003047,0.14622451401118125,0.1353888248053378,0.1897297035341743,0.17311504872492878,0.03648757121739559,-0.034382958731216974,0.2183822817519447,0.4265854032040882,-0.006151377435263661,0.20828678454735822
0.22256761631537467,0.14517399872638953,0.11333815555725707,0.43671446810208314,0.4020773921097241,0.3619331770318866,0.2986866718879348,0.28935633016746004,0.31360514840275905,0.28368349612194327,0.30338149022971655,0.3092559553810512,0.21290827593474543,0.6692453340437509,0.2810273945566319,0.3954105517980099,0.3445513938504698,0.2406411151280234,0.1718674274492557,0.25885473241935153,0.3035828911718717,0.44286794013997266,0.2548581550683029,0.26067153791825204,0.2924652204662807,0.3907097573535817,0.2659768112517591,0.19119880992658936,0.33683264963368803,0.19356918733654505,0.26957683509492764,0.5736687393638126,0.24513714213536958,0.38001674781372113,0.2010663889252673,0.25981267733287605,0.1888782887543323,0.20868599955746947,0.258638379907504,0.17377042324468256,0.2540989935020366,0.3146805618436506,0.30132371068226743,0.036986977587000876,-0.05305147747071493,0.2510678776903105,0.6821053845055108,-0.004755065560693099,0.49856997925862706
0.23019340265911772,0.3095743678372266,0.3097050445888299,0.2842907334480241,0.31829822918051526,0.39433143434884776,0.20633841544549603,0.3220921354658924,0.24223403414803124,0.3646655126405598,0.3898571290510022,0.1900571191355472,0.1548559727132795,0.2810273945566319,0.8908494943207815,0.24009799309207222,0.4756289801333335,0.25472587523116985,0.16054793597533268,0.4031377580747565,0.2974005241969539,0.25007920575011,0.26163992669346064,0.31091024140935664,0.3528690717086876,0.32470239577189874,0.23224753275574508,0.22594064245728493,0.3254635532797836,0.13657295786825666,0.29421223236775385,0.27538295253648726,0.2310591173151832,0.3882889321033168,0.22792183054508258,0.2841243035665362,0.44235500953586243,0.21765322995272163,0.3096618984060591,0.1500787083717917,0.19570311917972782,0.2923061323016158,0.2150480858490068,0.04296164444618496,0.13982312620575063,0.23496181891916493,0.5777215272062937,0.024017324959241734,-0.018992435513286353
0.1757495208959468,0.08176838247351628,0.0379075238715671,0.3398518919489509,0.405588794364256,0.28592652952977754,0.26728392205093626,0.26520515875810846,0.10504990833256227,0.23945331640359802,0.27284059554044837,0.32202647662772843,0.21276928399325418,0.3954105517980099,0.24009799309207222,1.1093940691401816,0.2990854187949532,0.24362020543877666,0.3579537117413623,0.19270642450355804,0.2590153391488851,0.27649879008154354,0.2175337767046852,0.2743428599547339,0.39307059510248243,0.15922265481445114,0.36246462080066516,0.2655103934136115,0.31548042427559925,0.34215485305330584,0.26853797724325634,0.38854142454292945,0.20709426140894222,0.30638556139429873,0.3172322841687422,0.34622267854116484,0.27558452230649927,0.1412248874398804,0.3701248584960065,0.2329441012044617,0.23319178348803113,0.30688306494410605,0.26425180191289,0.07376112787674216,0.08002743526973255,0.15738252374373649,0.5212614332725567,0.012914653109374175,0.06662097222396184
0.14186275645299148,0.1473399133930169,0.10003428956572528,0.38814339045703705,0.36198702150960066,0.4659088055261401,0.27969236418541904,0.5375771846695077,0.18514236022966718,0.45968652777236674,0.4507465264950855,0.27743902332332,0.24926767485326976,0.3445513938504698,0.4756289801333335,0.2990854187949532,1.2229949496982735,0.39894595488599643,0.18732099789799236,0.5478443524788099,0.3637042794057045,0.5083732812207672,0.3911155954901573,0.34445853793098324,0.44151326242748434,0.32383238939998527,0.32656897779120364,0.33344149169953946,0.44954520823122723,0.24418918892500188,0.39484471561423723,0.34907824908062535,0.3732176044228565,0.5645784651901075,0.3337653690325998,0.32720368967002433,0.708392877330628,0.3274207626286894,0.45693539330324107,0.26726212286056816,0.3353313754674726,0.3643510951520105,0.3487617368231336,0.038569511199453586,0.11852245766943692,0.36809433192592533,1.039762445997025,-0.01035013857309879,0.2602393692076564
0.22291114868135697,0.13603070224274702,0.006389737713940014,0.26818722256075544,0.3523409545243244,0.23840346115011188,0.2465296829379767,0.2812141947874934,0.15757024566590222,0.3176667134992956,0.2705467964482392,0.36872718470851795,0.20091609241499883,0.2406411151280234,0.25472587523116985,0.24362020543877666,0.39894595488599643,1.5310395101241827,0.14170612403469973,-0.005770235751978619,0.36480604922298726,0.2608598269178604,0.6551834629965825,0.18689784119219197,0.34633962566954646,0.4281880797301137,0.2288748129211552,0.26523860353393,0.5053587957131399,0.14114816416704218,0.4229445235110288,0.23303489372845104,0.2751404519246954,0.3415717302896088,0.2721042674860339,0.5673529057705775,0.31544382635505436,0.06295108616395778,0.16887544011776487,0.2379140375336662,0.2948986176858971,0.3137856981005084,0.04245516999472309,-0.024497312704758332,-0.08546922795503559,0.25813545642194524,0.6507098966124467,0.018130685835725233,-0.19325586091312436
0.09320362443720126,-0.07669035012862263,0.11095351330967514,0.1176284758837043,0.2190115375985758,0.29467796640021815,0.08374106380262505,0.3679661284810079,-0.05255840871112791,0.21197535132307965,0.21665444523231403,0.24354739898345795,0.11952185726788904,0.1718674274492557,0.16054793597533268,0.3579537117413623,0.18732099789799236,0.14170612403469973,1.7034857440689581,0.21032950476360898,0.17895936774683413,0.2301270147801987,-0.3822892552780259,0.09915613393463722,0.21750366303499144,-0.20420978443314472,0.18136950256425238,0.16464318360674085,0.06893322583289736,0.1484628941124266,0.2939328214645068,0.1362948375777745,0.3221436647351103,0.14007355695663293,-0.05046125101834524,0.5163532417735358,0.5274706367386013,0.14612642100143894,0.5445012430955058,0.04531974900012914,0.11322414715004245,0.16006485641994195,-0.04733011327340044,0.07595598433180321,0.1987635319042765,0.01831930030077918,-0.1543883604313347,0.04268383475763205,-0.13585855231800295
0.1285717106340051,0.31565702137924795,0.16888241891047762,0.31236657438250526,0.3710569857707187,0.4945456599139209,0.20333569464618284,0.48077948676045884,0.14064120349711365,0.2912180480022653,0.3891066915460809,0.19695979042646683,0.16328997775449458,0.25885473241935153,0.4031377580747565,0.19270642450355804,0.5478443524788099,-0.005770235751978619,0.21032950476360898,1.1660056629397308,0.22444956405437103,0.14388252223908868,0.17789662897038871,0.3551109347870495,0.31903150560416016,0.33206112084013184,0.33117549946880015,0.291444456127821,0.4213795448038627,0.2648882271874221,0.29686182969893893,0.2589121890663796,0.15468520909603464,0.5248271769410294,0.38400590327701384,0.19053518366075092,0.778674868917423,0.485281059503368,0.48603263856710927,0.3197609228764768,0.215742676925373,0.2818119829940052,0.4427488228473649,0.04099337562803713,0.44755503910655414,0.24560600924722645,0.49634752602859633,0.11184944467631695,0.14079110350741542
0.2148370069918966,0.2745236226367116,0.1906767002367873,0.30547807132792887,0.38090715940395536,0.3739869386583926,0.2608054929679131,0.22619546507007687,0.2648848390708472,0.24362661658615714,0.2881761864972004,0.22629407756243108,0.18702810324276425,0.3035828911718717,0.2974005241969539,0.2590153391488851,0.3637042794057045,0.36480604922298726,0.17895936774683413,0.22444956405437103,0.6203824508848226,0.27481102985843764,0.29036880137322063,0.2570199511741897,0.2572747094321861,0.3860056131745419,0.20757716671621176,0.2223919850309934,0.26293088698627454,0.20596788325865237,0.3337435667471214,0.3117578682766151,0.2728126327227652,0.3021545946057937,0.22307554143152677,0.42963221562709397,0.258628834505673,0.18107252971863855,0.2533166351055879,0.20229097740174495,0.3183238013368331,0.5153041441937009,0.18505427764200963,0.04551882408615038,0.13434423177128776,0.2068587933733345,0.6546539015915778,0.032064450957620394,-0.13938197611440195
0.2370981796970825,0.1556929975348532,0.15911687639461713,0.39593839348528215,0.4208662201125498,0.46185165888674523,0.3596338557428867,0.31866911142384236,0.34080290369332933,0.3706503346831061,0.31588580760935164,0.26535956166305935,0.2776465800277699,0.44286794013997266,0.25007920575011,0.27649879008154354,0.5083732812207672,0.2608598269178604,0.2301270147801987,0.14388252223908868,0.27481102985843764,1.9847050580139964,0.2750861104096644,0.2162733008010777,0.1850332671054822,0.1574778580857485,0.2863658065679469,0.27213030240454233,0.43715911022443166,0.4665600705594146,0.38135871959371626,0.5176975110753422,0.3790622385760816,0.5405183207930842,0.2851673450586239,0.4973615340071463,0.25769193389345,0.3335453030191466,0.5967919034825555,0.2862120478318711,0.32875584396609014,0.2744327409104058,0.6373092393648019,0.0677539894991346,-0.366471936638592,0.8615751262727162,0.6525233459399085,-0.3075503483432495,2.7156893040398185
0.13525336189323875,0.030503347805290605,-0.05281725790224069,0.4144376202466225,0.4340124088536969,0.28460148447963957,0.2856079935570244,0.27656366681639405,0.26817643367418464,0.35942312663356774,0.28213758690211765,0.2843814176956527,0.2502247114034721,0.2548581550683029,0.26163992669346064,0.2175337767046852,0.3911155954901573,0.6551834629965825,-0.3822892552780259,0.17789662897038871,0.29036880137322063,0.2750861104096644,1.7145210159177748,0.4842300611234172,0.520338677265742,0.15041557132542666,0.1842759118869774,0.3580700455269511,0.45349387843137934,0.3922370862169603,0.17932712018533276,0.250286154843996,0.43316784636443273,0.3814823632107316,0.36192351864856087,0.24649219587535107,0.47654847156745367,0.0859990319936059,0.4922690530172624,0.27782543800103143,0.254977726692522,0.30560820774134145,0.19206109227311144,0.0512035276655078,-0.10377816138013016,0.3853552651494392,1.0420816358274745,0.05259770334877482,0.10648360616839019
0.05842966938287083,0.1375803991316487,0.07863072986711525,0.4265462230136824,0.4747858223255673,0.4111305443576251,0.2751010529563833,0.27998124626961113,0.2455001306007644,0.32894662148361387,0.31603169457315694,0.24649204942644753,0.20284022405933638,0.26067153791825204,0.31091024140935664,0.2743428599547339,0.34445853793098324,0.18689784119219197,0.09915613393463722,0.3551109347870495,0.2570199511741897,0.2162733008010777,0.4842300611234172,0.8865007892034643,0.33831530927326336,0.2927862489447139,0.2161109801337752,0.2733699860176298,0.3262232727300774,0.35851522614090353,0.33476239792274404,0.2589851612945377,0.28879599977686643,0.11315216035443741,0.2682681436969523,0.4519462734581894,0.22234222017411806,0.20057251893678346,0.296617176432471,0.1868750056347544,0.20221538783970655,0.2781019239827779,0.16098586829154998,0.07183513991801031,0.1281163810611996,0.22330005456602559,0.5613223722993332,0.04018539292199117,-0.16463042396882135
0.18112053655120797,0.12679495515075895,0.08528700252240227,0.34254364745194843,0.3679321840836191,0.34486779560633163,0.2515562922209018,0.4672583826062157,0.12353982634723128,0.34675085026161157,0.34637381316014243,0.3714442661391513,0.21428374985893575,0.2924652204662807,0.3528690717086876,0.39307059510248243,0.44151326242748434,0.34633962566954646,0.21750366303499144,0.31903150560416016,0.2572747094321861,0.1850332671054822,0.520338677265742,0.33831530927326336,1.0039294814251905,0.1655330892804829,0.2672815814777248,0.23013520798684667,0.4494956485127097,0.2632460780430922,0.2783059357132244,0.29331633839075116,0.2347473717874416,0.4740876000931717,0.2891982444418394,0.25346817179294556,0.4266872301062062,0.18196581045560634,0.461297533928604,0.20683746670586242,0.20105933647971153,0.27593112059019953,0.2083790656256693,0.06540712814398313,0.06873965492596106,0.20326179625519208,0.7072723045764799,0.032975386354039,-0.03980810141273492
0.24988900454846547,0.42190412421159423,0.3100582531916045,0.37074635980915827,0.43786068627175373,0.4298355422289312,0.2943841054149174,0.24607469389125125,0.43980539087001436,0.2554417183986412,0.2828180284622979,0.23546474425270714,0.16631096000746726,0.3907097573535817,0.32470239577189874,0.15922265481445114,0.32383238939998527,0.4281880797301137,-0.20420978443314472,0.33206112084013184,0.3860056131745419,0.1574778580857485,0.15041557132542666,0.2927862489447139,0.1655330892804829,1.8579582347562424,0.21882616087163678,0.035534541012670846,0.1720312436196617,-0.4108934151407487,0.24200147057030993,0.42103813604914797,0.00651547591373394,0.3694684773615921,0.16591556381128844,0.04398656284776513,-0.469015872663707,0.2034160419694173,-0.45196998233627605,0.15418164529497325,0.21955574731091967,0.408424572937408,0.4802025198308039,-0.025123293047644456,-0.1573222609989356,0.18503623428337446,0.4617222436723286,0.041298389016493034,0.04059197930455843
0.16095426243194316,0.1465972065170411,0.10428551496967599,0.285333796815483,0.3204575990040848,0.29600052386543785,0.23677848719974498,0.29244928525065783,0.1462116341797451,0.2587532552827632,0.2881561885200335,0.32505705527109385,0.22364269097898729,0.2659768112517591,0.23224753275574508,0.36246462080066516,0.32656897779120364,0.2288748129211552,0.18136950256425238,0.33117549946880015,0.20757716671621176,0.2863658065679469,0.1842759118869774,0.2161109801337752,0.2672815814777248,0.21882616087163678,0.6208326702227287,0.1932792489766074,0.26629522312426834,0.22297279522965224,0.26510264445943343,0.3008467696821772,0.19869492807450367,0.32482035525588593,0.19444808873787178,0.37235174507546487,0.28442774206229887,0.1854262721022473,0.29103250546462317,0.18777433799512022,0.15292169227960692,0.22757207420664535,0.3686867791372588,0.020988507227110313,0.07920028979215264,0.24317937181094304,0.3880538770172667,0.018502667427983874,0.11631650244985216
0.07132786159854579,0.1022662490092713,0.03502455295327077,0.19577770071182696,0.21664579288573502,0.15768995620975534,0.13716789916444314,0.22853214921691398,0.15532377956830654,0.224496031844513,0.21966776043791814,0.13867501709663949,0.1704429886287853,0.19119880992658936,0.22594064245728493,0.2655103934136115,0.33344149169953946,0.26523860353393,0.16464318360674085,0.291444456127821,0.2223919850309934,0.27213030240454233,0.3580700455269511,0.2733699860176298,0.23013520798684667,0.035534541012670846,0.1932792489766074,1.7325900265157794,-0.05060273564587233,0.48322226603013774,0.26701889721480365,0.19351745741054419,0.8251855228528018,0.30034550562158285,1.2073598741587241,0.31855323440299504,0.846033280673887,0.20484792629475695,0.28963295984055903,0.3151246426495897,0.17539505153876275,0.2407960364798476,0.2102765975507333,0.030835629551099076,0.2661752958651941,0.3079187400058304,0.542308403462618,0.070970287029463,-0.12799579029869268
0.19225571729557012,0.31665640472517276,0.07571731900359027,0.34055012844793175,0.3650079006712205,0.4453672757154219,0.26830654490898015,0.38674000694917365,0.1795761940751691,0.3739768740666511,0.3779431824244395,0.3045600633269214,0.278698231398178,0.33683264963368803,0.3254635532797836,0.31548042427559925,0.44954520823122723,0.5053587957131399,0.06893322583289736,0.4213795448038627,0.26293088698627454,0.43715911022443166,0.45349387843137934,0.3262232727300774,0.4494956485127097,0.1720312436196617,0.26629522312426834,-0.05060273564587233,2.076084822004527,0.5301016933039805,0.21248460132486208,0.3514160682565468,-0.07373178412588276,0.4997577594320962,0.20198926176022583,0.36156000110052233,-0.17066305326631329,0.10474550495503179,0.4099908616424314,0.2714115646111192,0.3742486189129855,0.2376810605580305,-0.018141082479427334,-0.052047130654068144,-0.27357633283442656,0.44303524607960976,0.8625038817329881,-0.05729701906676746,0.5780992140405696
0.11559384638922059,-0.057319260547768536,-0.5222636956180636,0.18615734088972666,0.2241575264338198,0.09098144482086205,0.10745628360869224,0.06556807782304487,-0.025147067543500694,0.22623686355662928,0.17448231426518088,0.09612005364424946,0.15977891786854378,0.19356918733654505,0.13657295786825666,0.34215485305330584,0.24418918892500188,0.14114816416704218,0.1484628941124266,0.2648882271874221,0.20596788325865237,0.4665600705594146,0.3922370862169603,0.35851522614090353,0.2632460780430922,-0.4108934151407487,0.22297279522965224,0.48322226603013774,0.5301016933039805,2.831765375801288,0.2580403478146147,0.1995042460589951,0.21358382075888027,-0.10522944670750241,1.0002606050722138,0.17563335012724474,0.35625759188718054,0.2858257350616907,0.5919268736359857,0.40901024306489625,0.687677094718236,0.30446117538896933,1.4048176426285395,0.23589274236461608,0.6884006957080241,0.512950863580019,0.9625366422728179,0.019743084107276373,0.42611995720022183
0.18608957229349585,0.17917594757466807,0.1611698399511986,0.322507752525364,0.4228015180178059,0.34320122307338397,0.2491176424471473,0.26202978659058107,0.20907932785126615,0.2943678135630613,0.28318285243908126,0.2619925622134651,0.17424951467402383,0.26957683509492764,0.29421223236775385,0.26853797724325634,0.39484471561423723,0.4229445235110288,0.2939328214645068,0.29686182969893893,0.3337435667471214,0.38135871959371626,0.17932712018533276,0.33476239792274404,0.2783059357132244,0.24200147057030993,0.26510264445943343,0.26701889721480365,0.21248460132486208,0.2580403478146147,1.0466973009753104,0.26833785486446876,0.2936958315005209,0.2681626565547875,0.2228470878762259,1.0539022148636152,0.33646012861072405,0.2606391220521545,0.31658251377388896,0.20609809128819864,0.28383598678940153,0.3163530304795378,0.0669329843427776,0.06454857678127648,0.09982911558545289,0.22525848408251628,0.4684073147343472,0.01942713165471996,-0.35628489091560567
0.21247905700499758,0.1639269483251322,0.11692618607985435,0.4261491199533955,0.4160250823576864,0.3796495917985058,0.30965207992824034,0.3017927527326129,0.3026256718996549,0.2970607234120068,0.3163395117042221,0.33197198989866056,0.23149182813067812,0.5736687393638126,0.27538295253648726,0.38854142454292945,0.34907824908062535,0.23303489372845104,0.1362948375777745,0.2589121890663796,0.3117578682766151,0.5176975110753422,0.250286154843996,0.2589851612945377,0.29331633839075116,0.42103813604914797,0.3008467696821772,0.19351745741054419,0.3514160682565468,0.1995042460589951,0.26833785486446876,0.7173950616501418,0.25574325903784445,0.4182987482949968,0.20022819964312763,0.29704719308965966,0.1201143371812747,0.21923337249496838,0.26828556686414645,0.1843464748484691,0.23808321584490375,0.3286847240854599,0.33941181051531544,0.035197741319910394,-0.09016320320466807,0.2847909321836856,0.6934917460123787,-0.021496708143308355,0.5516964657002038
0.19107181868990752,0.11180431892279102,0.1816766969268502,0.2186868707793659,0.23757665250794244,0.1900240000678995,0.19502907629156083,0.24294081825998554,0.22221394107181958,0.22218200310703218,0.22814696283653196,0.23502898426737007,0.17729457941628585,0.24513714213536958,0.2310591173151832,0.20709426140894222,0.3732176044228565,0.2751404519246954,0.3221436647351103,0.15468520909603464,0.2728126327227652,0.3790622385760816,0.43316784636443273,0.28879599977686643,0.2347473717874416,0.00651547591373394,0.19869492807450367,0.8251855228528018,-0.07373178412588276,0.21358382075888027,0.2936958315005209,0.25574325903784445,1.751456116769535,-0.03851061567797087,-0.10441307369249025,0.13709402269080823,0.8158972240690023,0.1620478834765692,0.3168864044105337,0.012850419386175514,-0.08884024940179375,0.3316343174058892,0.14265716314784577,0.06211229603723786,0.0652992145426576,0.1219716971084001,0.740957611618823,0.05436683616116252,-0.24117492539920232
-0.14107442215888455,0.15927907994977614,-0.00434034011631241,0.49760115175529207,0.6210976541244861,0.513219972468439,0.3012632575162947,0.5408599960437996,0.2377097655524411,0.4338414956727852,0.4152924110697881,0.3134057258030833,0.2669712103591111,0.38001674781372113,0.3882889321033168,0.30638556139429873,0.5645784651901075,0.3415717302896088,0.14007355695663293,0.5248271769410294,0.3021545946057937,0.5405183207930842,0.3814823632107316,0.11315216035443741,0.4740876000931717,0.3694684773615921,0.32482035525588593,0.30034550562158285,0.4997577594320962,-0.10522944670750241,0.2681626565547875,0.4182987482949968,-0.03851061567797087,1.9082927254133801,0.6827263078160696,0.20989596937360253,0.9519013862793883,0.2634734588111312,0.3205488480732328,0.23209358812671227,0.3388122077506483,0.31886610044818375,0.49889218747014813,0.07884081835661641,-0.40183057315440757,0.318217306445158,0.7429631988156904,-0.007309471245606806,0.7668390544166002
-0.024530936244409583,0.06870587999564358,-0.24902724730626621,0.20623216107436013,0.24981417183457724,0.1257566918061359,0.08527845685273903,0.225529467432989,0.0793770354802423,0.2586886445785748,0.22262026755613634,0.06247488378807587,0.17639411723093998,0.2010663889252673,0.22792183054508258,0.3172322841687422,0.3337653690325998,0.2721042674860339,-0.05046125101834524,0.38400590327701384,0.22307554143152677,0.2851673450586239,0.36192351864856087,0.2682681436969523,0.2891982444418394,0.16591556381128844,0.19444808873787178,1.2073598741587241,0.20198926176022583,1.0002606050722138,0.2228470878762259,0.20022819964312763,-0.10441307369249025,0.6827263078160696,2.869114623975428,0.17434399079126803,0.6821226262282005,0.2107283779476011,0.2669632804779415,0.6964203406615048,0.35397804700684404,0.21277950246685495,0.4228597905451887,0.03158731926204458,0.4898749559420484,0.5577851289543571,0.6789931586161084,0.0393887338363015,0.26250891041304725
0.23431838925957024,0.21133088022993612,0.526440458839953,0.36660218017189056,0.40989652508102953,0.277823991992042,0.4054217822431752,0.12716865090609572,0.2547066037699318,0.310972801105105,0.2753352987759248,0.36488041403504146,0.2061814270804124,0.25981267733287605,0.2841243035665362,0.34622267854116484,0.32720368967002433,0.5673529057705775,0.5163532417735358,0.19053518366075092,0.42963221562709397,0.4973615340071463,0.24649219587535107,0.4519462734581894,0.25346817179294556,0.04398656284776513,0.37235174507546487,0.31855323440299504,0.36156000110052233,0.17563335012724474,1.0539022148636152,0.29704719308965966,0.13709402269080823,0.20989596937360253,0.17434399079126803,5.165246060541939,0.20802192824860544,0.14008830783088344,0.2695674422636265,0.3553949492588214,0.285851914157414,0.29553909479144275,-0.7389884745242996,-0.020423703921494098,-0.25323006809083143,0.33084499874464357,-0.8229594324572043,0.11448444138125673,-2.4028004065748947
0.04630261688218758,0.30754555621207696,0.17184727369225572,0.2782782807210427,0.47766446955519726,0.38753347905565144,0.16347513962148824,0.4922158167833891,0.12339463232297687,0.3888682354187686,0.34626922566341534,0.1340422710329587,0.18030688567171935,0.1888782887543323,0.44235500953586243,0.27558452230649927,0.708392877330628,0.31544382635505436,0.5274706367386013,0.778674868917423,0.258628834505673,0.25769193389345,0.47654847156745367,0.22234222017411806,0.4266872301062062,-0.469015872663707,0.28442774206229887,0.846033280673887,-0.17066305326631329,0.35625759188718054,0.33646012861072405,0.1201143371812747,0.8158972240690023,0.9519013862793883,0.6821226262282005,0.20802192824860544,3.3639221581784398,0.4850769889577159,0.6940511534386254,0.13897972535149716,0.38501001879754254,0.26574670842287423,0.23705175430007852,0.13166024634118806,0.9428126991199685,0.2606973826441859,0.770912989165279,0.09096027369365836,-0.40039251993070024
0.12275319480324419,0.17129491785065085,0.10642111644394933,0.211845410954367,0.26010666819648015,0.3028509451142414,0.14012700237057507,0.22940925372673948,0.12786893236904626,0.18138130703585392,0.20655802100944465,0.12570114728807286,0.0921658646774478,0.20868599955746947,0.21765322995272163,0.1412248874398804,0.3274207626286894,0.06295108616395778,0.14612642100143894,0.485281059503368,0.18107252971863855,0.3335453030191466,0.0859990319936059,0.20057251893678346,0.18196581045560634,0.2034160419694173,0.1854262721022473,0.20484792629475695,0.10474550495503179,0.2858257350616907,0.2606391220521545,0.21923337249496838,0.1620478834765692,0.2634734588111312,0.2107283779476011,0.14008830783088344,0.4850769889577159,0.791876967437074,0.17462098556158803,0.21838222197074147,0.17095574627195295,0.18433201712921415,0.5396343315830905,0.10414324165874181,0.4444238316975982,0.2548888706074194,0.4806015713630349,0.04429812796143598,0.14300529206711632
0.18149336740385213,0.06080795466615989,0.03315673706300237,0.3071453426528962,0.3074283937465656,0.3929118052980249,0.24250312785459535,0.6393511295459032,0.10847778203988416,0.3983656862076364,0.42973927322536065,0.344116448592196,0.30322370079003047,0.258638379907504,0.3096618984060591,0.3701248584960065,0.45693539330324107,0.16887544011776487,0.5445012430955058,0.48603263856710927,0.2533166351055879,0.5967919034825555,0.4922690530172624,0.296617176432471,0.461297533928604,-0.45196998233627605,0.29103250546462317,0.28963295984055903,0.4099908616424314,0.5919268736359857,0.31658251377388896,0.26828556686414645,0.3168864044105337,0.3205488480732328,0.2669632804779415,0.2695674422636265,0.6940511534386254,0.17462098556158803,2.233178438252384,0.4499237667582631,0.13565009292884153,0.2647113194588575,0.12107251279540909,0.1791966452461539,0.44151451474334436,0.30560131603302854,0.7008339369440437,-0.018616408879880704,1.0997526718862802
0.04813561792327942,0.01627097010600069,-0.3395581891745128,0.2223617065255253,0.28727253628375143,0.20659711018327767,0.13734581239473442,0.22473655654362112,0.05975605326975751,0.20274521428686867,0.20511506412055097,0.16493827184361176,0.14622451401118125,0.17377042324468256,0.1500787083717917,0.2329441012044617,0.26726212286056816,0.2379140375336662,0.04531974900012914,0.3197609228764768,0.20229097740174495,0.2862120478318711,0.27782543800103143,0.1868750056347544,0.20683746670586242,0.15418164529497325,0.18777433799512022,0.3151246426495897,0.2714115646111192,0.40901024306489625,0.20609809128819864,0.1843464748484691,0.012850419386175514,0.23209358812671227,0.6964203406615048,0.3553949492588214,0.13897972535149716,0.21838222197074147,0.4499237667582631,1.3228223706781297,0.1376507903361581,0.20964668091046226,0.4290481460256395,-0.14599622340178697,0.36708791480747177,0.3398887927719241,0.42918403440835623,0.06963201841434813,0.6613864140835826
0.12683498559956768,0.13258938608539228,-0.057759162350526735,0.19375210702543855,0.2164760230657841,0.1708056643547646,0.1318982096029408,0.18410298018067545,0.11033952273116777,0.25916031367917913,0.1879882972728088,0.0826652801159488,0.1353888248053378,0.2540989935020366,0.19570311917972782,0.23319178348803113,0.3353313754674726,0.2948986176858971,0.11322414715004245,0.215742676925373,0.3183238013368331,0.32875584396609014,0.254977726692522,0.20221538783970655,0.20105933647971153,0.21955574731091967,0.15292169227960692,0.17539505153876275,0.3742486189129855,0.687677094718236,0.28383598678940153,0.23808321584490375,-0.08884024940179375,0.3388122077506483,0.35397804700684404,0.285851914157414,0.38501001879754254,0.17095574627195295,0.13565009292884153,0.1376507903361581,2.2145986881110016,0.3088683255580059,-0.4464964387621149,0.1846721857588481,-0.9188345789039368,0.49707012212184304,0.8466715551779875,0.005004074423228157,0.6784164880343375
