1.120225469380612,0.36115814543426267,0.6396093121283197,0.0700310769694247,0.046344446629189046,0.22360010247157522,0.3275850421618803,0.15268662817672643,0.2663249390916959,0.1824233875377272,0.22450935166964078,0.26237134860484046,0.1773588904604617,0.2210184288937142,0.20610082601410723,0.18134337346510146,0.11044250736234336,0.24119396928633527,0.10425614209370067,0.08781273702858554,0.22478176520249543,0.21337112512721823,0.10110095638121358,0.061461545776707545,0.36283323446387894,0.22637416491406787,0.22537767382749552,0.11942590094031301,0.3484125102265261,-0.07563950674452874,0.20181108531634095,0.36006279763924803,0.07397750322130191,0.26565554122020635,0.21401092146800152,0.2700171401338332,-0.06741634200667208,0.06719582312361862,0.1459419448449602,0.09613215386648438,0.23843882594718566,0.13027182264209364,0.11406379655633456,0.02248722914233364,0.4295550597261913,0.15364521269977627,0.10407383648565664,-0.019039854663853165,0.14068782833765345,-0.1337199616106863,0.005077219090308232,-0.05191742604015852,0.05693542288814836,0.051354673015313976,-0.051966220876598086,-0.25670342741286334,0.48499756993750637,0.2373995211916273,-0.4336963633877215,-0.012885926234871557
0.36115814543426267,1.8909088048843627,1.3110192961019798,0.20813414133792946,0.04619561219704616,0.45838692652877705,0.2610353828850004,0.4139451890408578,0.33813209797355087,0.3999741502659806,0.3989151321679304,0.36548250910687907,0.3674628408292496,0.27482321858072034,0.3174893539305154,0.3162825387347972,0.4193629372043634,0.47716841918411335,0.23851908548168071,0.4896636774910541,0.4578203081611801,0.32381560946950133,0.17196775937303183,0.12932401292700066,0.5925142464171518,0.4384476380152165,0.5054428953282731,0.41655036184674477,0.6855906577998084,-0.14911032168975133,0.36029270031279037,0.2739714889764195,0.2943186843123007,0.6703668626224796,0.47841349198960337,0.4487912679926864,0.3628251213268965,0.24760773030671615,0.29717272782693527,0.1932688305139102,0.4873514961887847,0.34872869771549064,0.4425687356729776,0.050711559205836705,0.9748044892622274,0.20663344130572753,0.2524912202186434,0.004866934225614399,-0.1385848097699809,-0.17208522179239855,0.10493791116238418,0.1091560395258295,-0.03979303428116783,-0.017951692261758915,-0.09288288203505213,-0.3954495639394387,-0.37933523243656897,0.2706576067071275,0.4609739761897485,0.07181715833645899
0.6396093121283197,1.3110192961019798,2.741108630411099,0.18736874085475672,-0.10386229361700783,0.7608256631598874,0.49617343034300204,0.6275598091732218,0.7571793720663846,0.7298390113823724,0.6771236250420981,0.6082402611813824,0.5894476691032099,0.3917945335445647,0.5720962093991404,0.4074241975424266,0.5332986213274649,0.6829960753373965,0.39061997632511786,0.4026426524258438,0.6071742532317359,0.5448292095769678,0.39187565087789056,0.4649087504585449,0.7941163368521597,0.629735028290139,0.8164558770056647,0.54259897182346,0.8689666476873513,-0.5716077284347084,0.6095597620179858,0.47272320151979547,0.2167386050207611,1.1258871662597485,0.6856133465491906,0.6942513250835833,0.2964621377860329,0.20850729377262617,0.48471271191217874,0.1351113497271148,0.6719324628130755,0.4283285809717511,0.5061959336280016,0.12475137860789133,1.3347640708719248,0.48501147577359055,0.24556153829664362,-0.05095558914182046,-0.24862999584662454,-0.180285608402897,-0.02794620033945257,0.31495608885353743,-0.08729120807762536,0.04735682396701353,0.17149122177584897,0.3317474158041674,-0.020763123416145984,-0.43213267852338344,-0.15810017895279968,0.2656895730331895
0.0700310769694247,0.20813414133792946,0.18736874085475672,1.4074205996938816,0.5595787279356211,0.39490297065877755,0.47257161101425943,0.3795717767309723,0.21221217191871516,0.1696720875646353,0.30104196810853845,0.38012516381911626,0.39342649582107947,0.39022246673987726,0.3042516327211384,0.43285033994756156,0.3299131193411353,0.23635480045789284,0.33312675581655826,0.1845117290275676,0.28860364159250856,0.3040592226093687,0.16104747651836226,0.17871360795982014,0.1814296389762289,0.35120304917936407,0.21124762655209992,0.17828451919886043,0.3161487660298276,0.06997599232824171,0.20984527087065422,0.24846905624963395,0.20950507114430286,0.2360760340578667,0.02536621058238284,0.3519739979764288,0.16331906233164464,0.11744524061886144,0.28608073249567173,0.1324967755389552,0.19878118670887848,0.2293728514166584,-0.005550121712410101,0.05223114432647238,0.2932208491204426,0.012219413230765062,0.21208360478801075,-0.017331778866057992,0.0718083610584007,0.14575909737265266,-0.04980213380019663,0.05397481229777626,-0.12523171662180782,-0.038197758207270664,0.0649634972360386,0.034209476763696074,-0.37698179426557404,0.288644399650015,-0.09751269994757199,-0.0036041985550701785
0.046344446629189046,0.04619561219704616,-0.10386229361700783,0.5595787279356211,1.3958064031166084,0.2834515251868073,0.3558519007308049,0.24790714319594354,0.09234393888270853,0.09522146771272322,0.2161285033122526,0.31689278856280256,0.3420283579979832,0.29198782957381775,0.34097294346430085,0.40242581361365426,0.2832312833159034,0.18397709396507278,0.49844267631207684,0.1743000513167738,0.17993585042081733,0.24903191171037917,0.1236720738074974,0.187138181239851,0.03254390244337646,0.2700930338771534,0.08707239097495274,0.10401504483705307,0.18209129702480714,0.2239234064735454,0.21004605791249276,0.3251716784111266,0.2923885151890336,-0.060615930390352915,-0.09668097865882856,0.321692820439653,0.36152965607764836,0.1386715147693667,0.2600016202948931,0.13165686017278047,0.13059145155504726,0.25156774714202174,-0.2493460074127717,0.03355910633700906,-0.027865796315255004,-0.011749067833509841,0.2219208173717173,0.017020988794341354,0.2325863733248604,0.5168993113824916,-0.11127450399128007,-0.1462723335740297,-0.06782572672070315,-0.18802898185111874,0.08862028598980426,-0.10037987196713823,-0.01221036365344786,-0.03667715801524624,0.019628757651168005,-0.29005908229758065
0.22360010247157522,0.45838692652877705,0.7608256631598874,0.39490297065877755,0.2834515251868073,1.009457523083992,0.28434956689957164,0.4057939437611765,0.38897605719817735,0.12719891451500193,0.39851557651594927,0.42878867553665895,0.3897506197627077,0.2867456047611171,0.32963477712601924,0.31799458003125525,0.3430804209405976,0.33658065673674603,0.5190297392724785,0.37468997815428073,0.3584754556506866,0.33640231857809355,0.1860693709708623,0.25912643750861863,0.37817715475544017,0.43031965987722864,0.35838214982152145,0.32077042271537565,0.5341162738583589,-0.10311024230988457,0.29808351650620524,0.3312479625098601,0.049548189937649825,0.4696586917116011,0.3445818294319066,0.2482380391621617,0.25120128463168556,0.20391514652247356,0.4162852144992901,0.1837205208727547,0.1412464392328809,0.24528279907519915,0.39678158952540854,0.06926349516104403,0.7520446630285774,0.16378928649948196,0.2803627948184127,0.0031847688134502058,0.30042444639668414,0.14920627843840825,-0.2554442242777746,0.2360147597017365,-0.2266107146989562,0.11099815627808159,0.11562640716527946,0.11393212416286613,0.029164855783744437,-0.05245668828762169,-0.25799084802922523,0.31690386444007473
0.3275850421618803,0.2610353828850004,0.49617343034300204,0.47257161101425943,0.3558519007308049,0.28434956689957164,0.9246326981633408,0.32044073010786256,0.3746108342957227,0.27538758714866934,0.39060934641615924,0.4769160010767429,0.4205070357987291,0.32394064931808775,0.3377236320536233,0.4066701860163707,0.3609836278022076,0.3396607320755868,0.20721897590803656,0.10816138090567586,0.31885033131789053,0.37019353153412,0.21495407619499673,0.19631997058197484,0.32211520348670575,0.40182588211701686,0.35186177100907123,0.241733194810814,0.3648011712348965,0.005040040637729256,0.29244332297962206,0.4052900503784829,0.20094993043720005,0.3608644376962916,0.2831588200283991,0.4351433164353972,0.03787108211386357,0.08023762132258218,0.300271534072387,0.15528818662262608,0.31159994573216643,0.2680083462234152,-0.009535540921957021,0.03182326187115609,0.4403170446404161,0.09949802217013637,0.12185999749647913,-0.029371164896173137,0.2689132380524548,0.03003064204921979,-0.03025428612011004,-0.020670573844658098,0.0040089732943296395,-0.013550072838024771,0.08238631322783839,0.08956536212751824,0.07622318634057289,0.13544347597271122,-0.5071815830648739,-0.024135852827151937
0.15268662817672643,0.4139451890408578,0.6275598091732218,0.3795717767309723,0.24790714319594354,0.4057939437611765,0.32044073010786256,0.8767885074618617,0.23011803022751134,0.32480096061641645,0.3458686799447789,0.16793221053910978,0.442668616721563,0.32343154722913287,0.2957205366854949,0.3059524459769687,0.4294527201621631,0.3141832501893011,0.295457584665094,0.39179402455482376,0.31293243821220174,0.29092099288270395,0.13142778535357305,0.16228370419780774,0.27514669266867436,0.4098562197606089,0.40676083709257993,0.28823931747500736,0.3929211090056539,0.03057644592288928,0.27667797507659175,0.2989542974724691,0.16901317376209557,0.4596143359206284,0.37857313621293726,0.19699075914628328,0.31685467204381257,0.19954535563621098,0.4523901384914224,0.18665996116662023,0.38793362563637845,0.257515752022324,0.3705729257214203,0.04450588265857875,0.6901698650288556,0.09463553504962166,0.3249351625500448,0.021049756077090802,0.33698029035614485,0.17656572370576756,-0.0667143014389396,0.11732216628413757,-0.1127205827784821,-0.04056700645652269,0.0018212627906019384,0.04288052828899711,0.023193899068330102,0.17216910344069022,-0.3181640858757127,0.05175851536117128
0.2663249390916959,0.33813209797355087,0.7571793720663846,0.21221217191871516,0.09234393888270853,0.38897605719817735,0.3746108342957227,0.23011803022751134,1.2813490200472748,0.1868253450694521,0.29430531308170377,0.3208406203330985,0.32459941179831403,0.24553245562031042,0.4237113231956251,0.17177301942892564,0.25295322376453433,0.31104137273211446,0.19134343691112118,0.3078341402694252,0.3293681307506682,0.5275889521146108,0.26746788536196503,0.32333531519893083,0.41236661588595,0.535607741030579,0.486493353569026,0.3656675518054869,0.2822671767196589,-0.024349938180335966,0.3496355840409428,0.350913766635565,0.3387363038222306,0.6693532853653702,0.35729769096656333,0.35216074332893094,0.2521603718113209,0.1743555756209328,0.31486675279474696,0.12967707736512984,0.25697469909991777,0.29668986588155327,0.2859073840546142,0.04666967661400021,0.6524470735244186,0.2858327765746373,0.18806989879048638,-0.03884106482476248,0.3054789025087227,-0.29708288686969697,-0.09750073618846128,0.24716029488819818,0.16010621290622715,-0.07930753616945771,0.22019438183402038,0.2595749690998445,0.1168151690941649,-0.1717254667181786,-0.4488295589228349,0.20864799442283008
0.1824233875377272,0.3999741502659806,0.7298390113823724,0.1696720875646353,0.09522146771272322,0.12719891451500193,0.27538758714866934,0.32480096061641645,0.1868253450694521,0.8584968153065873,0.2554114327692466,0.25727748272410766,0.32898920279103827,0.2914295001391417,0.2981441121707541,0.2775039822216408,0.33933293292588457,0.382352811927724,0.061308738505668404,0.16760760104921937,0.22450198460513476,0.2558742744810492,0.26070632929174,0.23142105971151852,0.3346432942280765,0.27627624176677396,0.4193735531798708,0.31066408371716175,0.40140381656284935,0.05471090157367519,0.30786968695920064,0.26322771255893285,0.20044584551524283,0.4679705726435728,0.3736886172878672,0.3807903019085339,0.23037530793246347,0.09627507734088285,0.2393975400210581,0.1391062492917105,0.5233094533230663,0.23816860502178913,0.19231121203117887,0.03799334573789855,0.441269912514043,0.08110033889503689,0.31119238489568135,-0.0017449664752816627,0.1256854895635712,0.12851575332847948,0.019411190515913303,-0.09507268853197032,-0.06482812801651167,0.010780009015630752,0.04433867264968755,0.09694583817854192,0.0217547434625251,-0.1864835318896663,0.0054200078728074905,-0.06261309147577065
0.22450935166964078,0.3989151321679304,0.6771236250420981,0.30104196810853845,0.2161285033122526,0.39851557651594927,0.39060934641615924,0.3458686799447789,0.29430531308170377,0.2554114327692466,0.6321271806850169,0.4049436539231358,0.3637800273441323,0.27779694733364924,0.4384491068179077,0.35936377005456344,0.43388038342329616,0.2997014208521459,0.2105511802061571,0.34744584487936564,0.35034393652432455,0.29838612283769467,0.18766948359537589,0.2558274250418789,0.40095169180506707,0.38860058888965454,0.36685724352547894,0.32513178726621117,0.46590801572775103,-0.010792948717422401,0.32286871711738196,0.33614741872249826,0.1797245348200334,0.4129196828796359,0.41284410672113986,0.33652236449396145,0.1950555963440945,0.18045056715559302,0.3366608221356721,0.2053462688770646,0.3844290502201297,0.3068816824244987,0.23077850908770908,0.04876947915930401,0.6568938712223318,0.11131403184167063,0.2355577730313659,-0.0031986014329806987,0.088275219724155,0.03132304646151848,-0.09598762132773726,-0.012156423266941373,0.01359176114749792,0.05819504746374918,0.07195355986791585,0.09650251413906975,0.004850812204213016,-0.028107772172711515,-0.23223842459252905,0.05067556469526235
0.26237134860484046,0.36548250910687907,0.6082402611813824,0.38012516381911626,0.31689278856280256,0.42878867553665895,0.4769160010767429,0.16793221053910978,0.3208406203330985,0.25727748272410766,0.4049436539231358,0.6978537101552528,0.3466607308918288,0.27817779233756623,0.33772178537003833,0.3666309347184808,0.3015388952856623,0.3578163538110194,0.2587152820388362,0.14837947710912147,0.29455719609598774,0.31555582186443587,0.24376598508070887,0.2385915021768059,0.37919603869354335,0.3898376083997599,0.2905559053948458,0.20302292472646577,0.4204951792466875,-0.08395566480013474,0.3063682815568819,0.40291296028466816,0.1483505576248706,0.4067146190183051,0.25576981192218246,0.48411865615578176,-0.004485423661561334,0.09956224896181308,0.2695925192899056,0.1529115341462432,0.2603153275803891,0.2392308760322584,0.0766552953581011,0.04004338750269318,0.43517547855861316,0.11913047648715405,0.17135583210018546,-0.01776105232374053,0.13773416274168174,-0.05857187118846653,-0.026785105672196753,0.06928495949212896,-0.03418124372521522,-0.025479971071739452,0.1253116169518642,0.030152711300809976,0.047762807113466116,-0.06692952317137156,-0.2214968800529272,0.018652372527646822
0.1773588904604617,0.3674628408292496,0.5894476691032099,0.39342649582107947,0.3420283579979832,0.3897506197627077,0.4205070357987291,0.442668616721563,0.32459941179831403,0.32898920279103827,0.3637800273441323,0.3466607308918288,0.6754920503536236,0.35595847589912233,0.3085762156072827,0.41120092227684674,0.4003281363313659,0.313794031409642,0.30771732256277123,0.23931294925448368,0.33231318866022197,0.39961586902814056,0.22707061339130918,0.2685855062367624,0.31832839057567014,0.37784038136242626,0.3135347507293737,0.31432623828225026,0.43885422997711393,0.049989198106227595,0.2861874730913399,0.38817100750704314,0.23347554893297265,0.46836282396421786,0.35204331537792244,0.3160950663914022,0.2220856322930322,0.1391199813869661,0.4009618519321519,0.15562689771319216,0.3292664769704929,0.27920868315651864,0.17344210409674102,0.05905456737128214,0.4023537875201415,0.160280124915021,0.27439343373869324,-0.008990269399002248,0.36901131537860155,0.14938981300896093,-0.06559587460620997,0.10462109034736368,-0.07587666246475122,-0.0988182957267896,0.13878717701299392,0.03346302471568087,-0.02638597703339466,-0.15357599220279347,-0.060096316105579126,0.036571663900048866
0.2210184288937142,0.27482321858072034,0.3917945335445647,0.39022246673987726,0.29198782957381775,0.2867456047611171,0.32394064931808775,0.32343154722913287,0.24553245562031042,0.2914295001391417,0.27779694733364924,0.27817779233756623,0.35595847589912233,0.668036888935976,0.34681285793915095,0.4720858470905961,0.3453016490206971,0.19020286980851853,0.2398945052717858,0.24449573312220554,0.2611300779042793,0.3345496923020765,0.1453762760803566,0.2100478065122576,0.2769004061417104,0.3486033069852139,0.24826081900077326,0.3267269847801844,0.36154403087874243,0.19111568898288722,0.235621437522254,0.3545746600441297,0.20627875393620757,0.2665473342859869,0.3422783880074576,0.30318291202542264,0.20250074093592113,0.14246187804596705,0.22838018182863498,0.17376240483402194,0.3917253526188193,0.27894144654355874,0.13289737444134286,0.047752335725765205,0.36580669222707823,0.006248735299137674,0.2999102596060298,0.0038059453537643197,0.4174235316414676,0.06665548024245711,-0.01942241476916433,-0.05017934408817564,-0.0918460272161591,0.05404578351924276,-0.02307757305629496,-0.11704289569251487,0.05259584741529068,-0.017864004144979066,0.0842967365227369,-0.02285392282550511
0.20610082601410723,0.3174893539305154,0.5720962093991404,0.3042516327211384,0.34097294346430085,0.32963477712601924,0.3377236320536233,0.2957205366854949,0.4237113231956251,0.2981441121707541,0.4384491068179077,0.33772178537003833,0.3085762156072827,0.34681285793915095,1.0077670095638527,0.3630304604227301,0.5493227897043044,0.2795670165213313,0.27883029767320405,0.41689289425325066,0.3629770523413816,0.2837550301685317,0.10253458855619192,0.28041632983285947,0.34489881375197085,0.4227334362530989,0.33335725570015956,0.49342937340808474,0.45116008055738316,0.09981361886373871,0.37820134334872485,0.3695894382697776,0.31365026882497515,0.3677146234232143,0.43909364994121297,0.340777609976504,0.4612483960012922,0.20458870466253476,0.27721498114095444,0.23136537855876066,0.4783534379445686,0.3887589457898969,0.22505311436954115,0.039852614300271955,0.7164427282562448,0.10045589569950686,0.2772832053863612,0.018429645176252295,0.08626902612252434,0.6296671461997377,-0.18124455459281438,0.1263187517318524,-0.3174338888357161,-0.11767440342029674,0.1767567753985405,0.12821135318626334,0.04440237159103183,-0.09581216311074088,-0.3490471032864911,-0.2513826257303582
0.18134337346510146,0.3162825387347972,0.4074241975424266,0.43285033994756156,0.40242581361365426,0.31799458003125525,0.4066701860163707,0.3059524459769687,0.17177301942892564,0.2775039822216408,0.35936377005456344,0.3666309347184808,0.41120092227684674,0.4720858470905961,0.3630304604227301,0.7833533393072052,0.45888045711017234,0.19225821589014117,0.3024596759133414,0.30261292432388753,0.28294046507211973,0.40729163706153454,0.09629901813971231,0.23299663876506949,0.2881415758270315,0.319350955720863,0.2741021781799883,0.34051911285773845,0.4240904934848515,0.2638013174469561,0.28633150666116886,0.4034005290434029,0.21682636303577524,0.3313245298895884,0.4558940198504206,0.3731138093838526,0.21496954631364923,0.16914504427440805,0.32845887710958044,0.19930748137932666,0.4143216492268702,0.35831190876349894,0.1781484737119082,0.06771567936686411,0.40084686210695747,0.06016650031839992,0.31242022263893726,-0.005049184067059064,0.37752961185628825,-0.08949011748391927,-0.037442133955961264,0.005192036097649584,0.03976694077719648,-0.0292101359763511,0.05354844313669759,-0.05389664847144585,-0.06490973779629425,-0.011348146577756745,-0.0037882145597336195,-0.05653609611909911
0.11044250736234336,0.4193629372043634,0.5332986213274649,0.3299131193411353,0.2832312833159034,0.3430804209405976,0.3609836278022076,0.4294527201621631,0.25295322376453433,0.33933293292588457,0.43388038342329616,0.3015388952856623,0.4003281363313659,0.3453016490206971,0.5493227897043044,0.45888045711017234,1.2656707922868022,0.18029173439045362,0.3193389253043521,0.6666017296069268,0.39448579442049275,0.3630958097570058,0.04884451465493289,0.2895176411698071,0.6533367446506444,0.3442975538043652,0.41937993320234285,0.7229642808868588,0.5579946990689525,0.2834958180604775,0.4274665783110925,0.370665652819226,0.4534788418263393,0.5060736365813965,0.6416112687595729,0.38088894531403905,0.6631187105400994,0.3415626800084956,0.3721312321142292,0.31258708767186416,0.5759481422795955,0.5468616792294202,0.4578447204363184,0.04157554350889323,1.027772821736765,0.15262748195001985,0.4182042657883423,0.03801842925810389,0.14738319063567062,0.5887135875289058,-0.023460041818420457,0.1123629519800509,-0.37440363517649017,-0.15015097191577992,0.04394131971091561,-0.0074618789625267214,-0.00467056158780562,-0.04423304113034003,-0.20758470359741404,-0.11666311028799936
0.24119396928633527,0.47716841918411335,0.6829960753373965,0.23635480045789284,0.18397709396507278,0.33658065673674603,0.3396607320755868,0.3141832501893011,0.31104137273211446,0.382352811927724,0.2997014208521459,0.3578163538110194,0.313794031409642,0.19020286980851853,0.2795670165213313,0.19225821589014117,0.18029173439045362,1.0658277741606135,0.14619220830860155,-0.05349283238165032,0.4196403886111135,0.2863105137112868,0.7533294933751664,0.2919768699578769,0.4484243423896164,0.40727603232174314,-0.016986462038635283,0.29011415969413434,0.574217444342246,-0.22710431083929677,0.3601605193116024,0.27426327122603983,0.16025047370826212,0.6000131835280546,0.23651853844644327,0.27773588593247067,0.2349063310626284,-0.016884814302002706,0.2902742414800058,0.22608306737307074,0.4170664277594031,0.16746209786117008,0.3995408548599138,0.05905158679698201,0.6927240457449296,0.1928260879250563,0.43336718283021697,-0.018310911108873677,0.031981747125247414,0.5430442733592127,0.017546897334335204,-0.01928652178769735,-0.37627368574954156,-0.10487631324005864,0.24773740670100325,0.3513894568933048,-0.04038340014478156,-0.03827493856743877,-0.5683592770853786,-0.06639534047898657
0.10425614209370067,0.23851908548168071,0.39061997632511786,0.33312675581655826,0.49844267631207684,0.5190297392724785,0.20721897590803656,0.295457584665094,0.19134343691112118,0.061308738505668404,0.2105511802061571,0.2587152820388362,0.30771732256277123,0.2398945052717858,0.27883029767320405,0.3024596759133414,0.3193389253043521,0.14619220830860155,0.8904278858332815,0.19638531812714827,0.275825612658389,0.264204715065194,-0.02591845716509446,0.16719667139368607,0.08769421006235542,0.1896792868361531,0.13892282775140846,0.2611704447829445,0.20417803235262255,0.07151633502895391,0.22704255390166186,0.22429427003382593,0.17574014322067805,0.21997589663456477,0.09425091990270894,0.2605617446141707,0.28557483716770143,0.1414753266862207,0.39091979735158694,0.06670055350182719,0.058962843742833476,0.21322835200267598,-0.03544212509692919,0.06518066188674777,0.31893784185739515,0.12825678667485269,0.1286343622346974,0.018473687607944236,0.20688119709227681,0.20201501737761793,0.06436255305616793,0.4155593081068425,-0.3161396469496149,-0.12224098653659185,-0.002572810115707893,0.05363471359465176,-0.04512375737818651,0.016645899350644165,-0.07627184757424713,0.13267648365736687
0.08781273702858554,0.4896636774910541,0.4026426524258438,0.1845117290275676,0.1743000513167738,0.37468997815428073,0.10816138090567586,0.39179402455482376,0.3078341402694252,0.16760760104921937,0.34744584487936564,0.14837947710912147,0.23931294925448368,0.24449573312220554,0.41689289425325066,0.30261292432388753,0.6666017296069268,-0.05349283238165032,0.19638531812714827,1.500000662673323,0.204630861251585,0.2734696807713695,-0.18276145836751967,0.2570670709955794,0.6537676439335534,0.407369386537679,0.5809862955619765,0.5197216450503223,0.45304099896416283,0.49935487729919636,0.42567577267799794,0.30227780707138424,0.45043002196147974,0.4392219942788797,0.5879750952425395,0.1598669458752829,0.9320333838356925,0.7001202228862272,0.4192785854812411,0.42277639337930406,0.4541412955555698,0.5398227532706427,0.9247237468049926,-0.010289936705835749,1.2905445256403876,0.07562072890581847,0.2915217642217183,0.12880981593711194,0.5572061256335719,-0.14662609250353711,-0.19419568807061555,-0.001769406500193141,0.2362106767466947,-0.04782003491404972,0.10366328188884791,-0.08230502670317423,0.16072392843625646,-0.13319534808878497,-0.06807705993746929,0.01268198241470626
0.22478176520249543,0.4578203081611801,0.6071742532317359,0.28860364159250856,0.17993585042081733,0.3584754556506866,0.31885033131789053,0.31293243821220174,0.3293681307506682,0.22450198460513476,0.35034393652432455,0.29455719609598774,0.33231318866022197,0.2611300779042793,0.3629770523413816,0.28294046507211973,0.39448579442049275,0.4196403886111135,0.275825612658389,0.204630861251585,1.0457165411360245,0.3138591332478574,0.33205860025308026,0.20361294421704784,0.42915044288066395,0.29098754642984037,0.20556414961313854,0.4167530630841887,0.4795514258670777,-0.022862846691265152,0.273717070553186,0.36206198516211624,0.2256314866624412,0.5103998188698501,0.36853785585393994,0.27112006212283496,0.2478061418947054,0.1253156787203999,0.27909244589159155,0.34089612769656275,0.45757308139229586,0.33324340681848214,0.2944142671884288,0.07474879738654522,1.2658827981955918,0.014099240682458778,0.2945906394154408,-0.015624557881363597,0.053734622847592596,0.21393926973469302,-0.03142496997811679,0.12634399237401175,-0.2121093485278575,0.038416744801642734,0.06619026200354447,0.11195421323972028,-0.07319753068303664,0.056611904616922976,-0.2718336740295114,0.07120119310264582
0.21337112512721823,0.32381560946950133,0.5448292095769678,0.3040592226093687,0.24903191171037917,0.33640231857809355,0.37019353153412,0.29092099288270395,0.5275889521146108,0.2558742744810492,0.29838612283769467,0.31555582186443587,0.39961586902814056,0.3345496923020765,0.2837550301685317,0.40729163706153454,0.3630958097570058,0.2863105137112868,0.264204715065194,0.2734696807713695,0.3138591332478574,0.8347206604419614,0.31004775370902876,0.2871898851862137,0.4461931918768889,0.3508853954304034,0.31197775110715414,0.3299430364415873,0.36498475752557036,0.16275192048660214,0.274282242259504,0.4215780453795791,0.34572983810173225,0.5553324261370475,0.3447557548111137,0.3195503567379428,0.2807197965843975,0.17589953537581673,0.34713415077498855,0.1620445950012744,0.27407577093170293,0.33514127628620816,0.20097371755539253,0.09196819085825687,0.2931578410567587,0.28621687588332007,0.28966883180795566,-0.08091136163965518,0.783529591097224,-0.18544240874291318,-0.05047712651153529,0.12256280882267254,0.09334333921266086,-0.11665013805156665,0.14395494607206974,0.0730756725212146,0.03870696068761138,-0.12285611066511946,-0.18321874632704696,0.08332634590205151
0.10110095638121358,0.17196775937303183,0.39187565087789056,0.16104747651836226,0.1236720738074974,0.1860693709708623,0.21495407619499673,0.13142778535357305,0.26746788536196503,0.26070632929174,0.18766948359537589,0.24376598508070887,0.22707061339130918,0.1453762760803566,0.10253458855619192,0.09629901813971231,0.04884451465493289,0.7533294933751664,-0.02591845716509446,-0.18276145836751967,0.33205860025308026,0.31004775370902876,1.6224512779285791,0.4993381154824252,0.4393282051188092,0.06824045820986037,0.13258985967256037,0.20792544925375814,0.5757704001182756,-0.03508404901932456,-0.016304461120302514,0.10053553251443474,0.3040758038902531,0.6326139038408597,0.11326738724915746,0.11019453338036699,0.3210363276074223,-0.10545087146930512,0.38826448825251797,0.23166106884803622,0.19588762741100568,0.10259787053965869,0.26042331629459253,0.04114390492442133,0.20757647492600753,0.18556180673278924,0.42730249941704934,0.0017519785400469097,0.3613377377966939,0.29962189747957635,-0.19979515924901914,0.05281807444303518,-0.039005336751816305,-0.06682796129486597,0.318612247918368,0.39174805466198037,-0.1908928477690921,-0.3526274155575128,-0.09833907869255029,0.0443632917306972
0.061461545776707545,0.12932401292700066,0.4649087504585449,0.17871360795982014,0.187138181239851,0.25912643750861863,0.19631997058197484,0.16228370419780774,0.32333531519893083,0.23142105971151852,0.2558274250418789,0.2385915021768059,0.2685855062367624,0.2100478065122576,0.28041632983285947,0.23299663876506949,0.2895176411698071,0.2919768699578769,0.16719667139368607,0.2570670709955794,0.20361294421704784,0.2871898851862137,0.4993381154824252,0.7941886784869822,0.4276638733731538,0.19755641229900262,0.3468020149184432,0.31196852046999796,0.38566442659392014,0.13948362231428335,0.38996946025990525,0.18926898882030202,0.2815301943942152,0.37914717478873006,0.25284628230018535,0.4285336724600668,0.286708415073669,0.13982097457012732,0.2959897615077684,0.15349662137879558,0.29267688836671046,0.24448414254699535,0.22268925897245942,0.04235857379889986,0.35259447340956784,0.1359465437963639,0.2817801494128979,-0.00189152271947514,0.05751504850358967,0.047125820746484026,-0.14317472555315391,0.14354537780577944,0.030271920199013997,-0.05789376368048144,0.35353725510652423,0.3835961700395592,-0.019099781618825435,-0.7259290391238488,0.09388878240687402,0.09537556630696274
0.36283323446387894,0.5925142464171518,0.7941163368521597,0.1814296389762289,0.03254390244337646,0.37817715475544017,0.32211520348670575,0.27514669266867436,0.41236661588595,0.3346432942280765,0.40095169180506707,0.37919603869354335,0.31832839057567014,0.2769004061417104,0.34489881375197085,0.2881415758270315,0.6533367446506444,0.4484243423896164,0.08769421006235542,0.6537676439335534,0.42915044288066395,0.4461931918768889,0.4393282051188092,0.4276638733731538,2.710308646303937,0.49527201859786585,0.42884006326392166,0.4756456239499856,1.0339132325452927,0.08135170313910443,0.6137073714280651,0.42970314440141005,0.2304090510719254,1.0685936105033331,0.7770188622460885,0.6749824830928774,0.07001730675559188,0.3260706867184421,0.3081983374996799,0.404035667880519,0.7177937231765845,0.4459890432549848,0.9029462914335726,0.040279808981461156,1.2541592226842826,0.20923296873761998,0.3619634617903189,-0.023701920539954204,0.06867399199943329,-0.38065225445930906,0.06280422403190175,-0.09267186963802777,0.17168321054633068,0.005203421513474142,0.16556802062981824,0.07607636389773126,0.12070835142100748,-0.18717331151496736,-0.2593242718108095,-0.02569326638069689
0.22637416491406787,0.4384476380152165,0.629735028290139,0.35120304917936407,0.2700930338771534,0.43031965987722864,0.40182588211701686,0.4098562197606089,0.535607741030579,0.27627624176677396,0.38860058888965454,0.3898376083997599,0.37784038136242626,0.3486033069852139,0.4227334362530989,0.319350955720863,0.3442975538043652,0.40727603232174314,0.1896792868361531,0.407369386537679,0.29098754642984037,0.3508853954304034,0.06824045820986037,0.19755641229900262,0.49527201859786585,1.4945882851973284,0.5911166950706825,0.5184417342431616,0.2676268202035464,-0.14487216292769056,0.4255564823171887,0.5710634256697266,0.4154581303904298,0.5309232562939783,0.4614028073101981,0.46788670704210056,-0.008098939799475832,0.20985999382365336,-0.18071003501588384,0.2560817546274176,0.5779979239263825,0.4248028811965462,0.541444440632147,-0.031434705729829045,0.9707113122728018,0.002257845560671668,0.1777461487643527,0.01390974780538516,0.07591474655658675,0.354746012213598,-0.10902434595932396,-0.150666986660013,-0.25259379876437404,-0.000782264915284928,0.12755081997384685,-0.04780916760058132,0.12796291918975206,0.02619273834011343,-0.2768355387167927,-0.06463105414583564
0.22537767382749552,0.5054428953282731,0.8164558770056647,0.21124762655209992,0.08707239097495274,0.35838214982152145,0.35186177100907123,0.40676083709257993,0.486493353569026,0.4193735531798708,0.36685724352547894,0.2905559053948458,0.3135347507293737,0.24826081900077326,0.33335725570015956,0.2741021781799883,0.41937993320234285,-0.016986462038635283,0.13892282775140846,0.5809862955619765,0.20556414961313854,0.31197775110715414,0.13258985967256037,0.3468020149184432,0.42884006326392166,0.5911166950706825,1.8042385856351533,0.5150140056738441,0.20806344269366328,0.13214754668410456,0.399710972571634,0.2859899085184422,0.48785038980600764,0.404910296559249,0.5524165177873501,0.5467897958176733,0.31498820530414257,0.2947415838624512,0.20343370750879933,0.26762913543696815,0.6662297029223826,0.44159938804601634,0.8526061548505968,-0.0012525235689422082,1.183755652386695,-0.014065359160097289,0.16664908912128473,0.0540566014453344,0.06621695304383428,-0.3694814808549263,-0.17669791549710823,0.034720483638389144,0.2769428599601015,0.14602456887626225,0.11573291780757174,0.43674432456674267,0.039510855877651456,0.02890987575754372,-0.583302292273992,0.18670389250697417
0.11942590094031301,0.41655036184674477,0.54259897182346,0.17828451919886043,0.10401504483705307,0.32077042271537565,0.241733194810814,0.28823931747500736,0.3656675518054869,0.31066408371716175,0.32513178726621117,0.20302292472646577,0.31432623828225026,0.3267269847801844,0.49342937340808474,0.34051911285773845,0.7229642808868588,0.29011415969413434,0.2611704447829445,0.5197216450503223,0.4167530630841887,0.3299430364415873,0.20792544925375814,0.31196852046999796,0.4756456239499856,0.5184417342431616,0.5150140056738441,1.5339681766651032,0.33491146178276626,0.39562423324524826,0.3938163516462224,0.3158072042004892,0.7946992357033992,0.525826997284108,0.9713301020946585,0.1998024083629972,0.6989653307946995,0.25634262071228237,0.21535568629060878,0.3211458886569885,0.6398463278399475,0.5335533710743804,0.5767207500056665,0.029559493782028524,1.0491172721439606,0.08806271670389838,0.45366730659064775,0.0763014094312506,0.3842035726379936,0.7540498803396412,-0.1966863697389615,0.42964474926941965,-0.7481742049445748,0.004046178279438339,0.15686419823825215,0.125241230510204,0.02157402136752823,-0.15225411605011685,-0.15452413776275065,0.12455801527290226
0.3484125102265261,0.6855906577998084,0.8689666476873513,0.3161487660298276,0.18209129702480714,0.5341162738583589,0.3648011712348965,0.3929211090056539,0.2822671767196589,0.40140381656284935,0.46590801572775103,0.4204951792466875,0.43885422997711393,0.36154403087874243,0.45116008055738316,0.4240904934848515,0.5579946990689525,0.574217444342246,0.20417803235262255,0.45304099896416283,0.4795514258670777,0.36498475752557036,0.5757704001182756,0.38566442659392014,1.0339132325452927,0.2676268202035464,0.20806344269366328,0.33491146178276626,2.6101298809957623,0.02698359590420492,0.3519087468439728,0.44963198679015604,0.01905013645839711,1.0139581277258127,0.7068894953588333,0.664516906954208,-0.10428745069082226,0.15044591233857016,0.6273138549248348,0.34467298935438506,0.9743478736334877,0.30181186142748473,0.739839656985098,-0.004681403989441331,0.9872604409589599,0.4076735231385779,0.45677981753223934,-0.027945120782913037,0.16327339125880763,0.4634394722738032,-0.2088742838942865,-0.12875844249841542,-0.19587908916858668,0.019081536573909135,0.1434786003435995,-0.0420500162313505,-0.03382750653975054,-0.06958653171679084,-0.09531824862250177,-0.1275256213885906
-0.07563950674452874,-0.14911032168975133,-0.5716077284347084,0.06997599232824171,0.2239234064735454,-0.10311024230988457,0.005040040637729256,0.03057644592288928,-0.024349938180335966,0.05471090157367519,-0.010792948717422401,-0.08395566480013474,0.049989198106227595,0.19111568898288722,0.09981361886373871,0.2638013174469561,0.2834958180604775,-0.22710431083929677,0.07151633502895391,0.49935487729919636,-0.022862846691265152,0.16275192048660214,-0.03508404901932456,0.13948362231428335,0.08135170313910443,-0.14487216292769056,0.13214754668410456,0.39562423324524826,0.02698359590420492,3.6617005609381446,0.12260088035842148,0.16303826021944315,0.407367869972217,-0.3161967667005745,0.6008238419619647,0.5296787286657553,0.5491573653895593,0.31549957778393933,0.6298184009433535,0.11582058074356903,0.7809159610483071,0.3114966207465017,0.36925414006933294,0.06279111198384893,-0.08056441221291834,0.01939592131734106,1.4940129460583473,0.10504216625233581,0.9101629727395857,-0.24882652487013768,0.026541005208826234,-0.5357796848753805,0.4317298521099759,0.06593780690522841,0.19165908740482024,-0.21955514977605722,0.1633976678414896,0.07729095188843908,-0.16801015017414797,0.004040492231489544
0.20181108531634095,0.36029270031279037,0.6095597620179858,0.20984527087065422,0.21004605791249276,0.29808351650620524,0.29244332297962206,0.27667797507659175,0.3496355840409428,0.30786968695920064,0.32286871711738196,0.3063682815568819,0.2861874730913399,0.235621437522254,0.37820134334872485,0.28633150666116886,0.4274665783110925,0.3601605193116024,0.22704255390166186,0.42567577267799794,0.273717070553186,0.274282242259504,-0.016304461120302514,0.38996946025990525,0.6137073714280651,0.4255564823171887,0.399710972571634,0.3938163516462224,0.3519087468439728,0.12260088035842148,1.0543462262433918,0.34108940784146397,0.22878859862232465,0.40450387454404513,0.4144145799411803,0.8576238743699681,0.16370274142803623,0.26330862138454825,0.3410898642422994,0.21829543581304228,0.6384068983995344,0.3402624897079026,0.23418956898785445,0.07766332037079045,0.8452990181368549,0.08803559690913917,0.3032154439581872,-0.0005764419423482487,-0.25892767662756816,0.07277955590872642,0.03707270340642971,0.027007631059319217,-0.07587617772619955,-0.058872970560638505,0.19637744620594488,0.22602463633493716,0.13573372386423066,-0.24930561010622995,-0.3487006273244631,-0.0031645756459421407
0.36006279763924803,0.2739714889764195,0.47272320151979547,0.24846905624963395,0.3251716784111266,0.3312479625098601,0.4052900503784829,0.2989542974724691,0.350913766635565,0.26322771255893285,0.33614741872249826,0.40291296028466816,0.38817100750704314,0.3545746600441297,0.3695894382697776,0.4034005290434029,0.370665652819226,0.27426327122603983,0.22429427003382593,0.30227780707138424,0.36206198516211624,0.4215780453795791,0.10053553251443474,0.18926898882030202,0.42970314440141005,0.5710634256697266,0.2859899085184422,0.3158072042004892,0.44963198679015604,0.16303826021944315,0.34108940784146397,1.0853568589564546,0.3180103549136992,0.3334472884252593,0.3167774994518691,0.4678158983274959,-0.0271135130032369,0.20400202716448057,0.1886306253018345,0.23743022114239892,0.442539127015881,0.3309452950150101,0.12375470875981796,0.013744607598105932,0.5632447727337029,0.1313139283000661,0.30122810073719736,-0.0005687527758277642,0.523428973990235,0.22435318985236768,-0.023596497843284474,-0.03759358735424252,-0.11673973839107717,-0.09453934713404888,0.08267127789747168,-0.5321228467716436,1.0327146350590182,-0.39368859508897414,-0.2580592672528242,-0.24833977906530644
0.07397750322130191,0.2943186843123007,0.2167386050207611,0.20950507114430286,0.2923885151890336,0.049548189937649825,0.20094993043720005,0.16901317376209557,0.3387363038222306,0.20044584551524283,0.1797245348200334,0.1483505576248706,0.23347554893297265,0.20627875393620757,0.31365026882497515,0.21682636303577524,0.4534788418263393,0.16025047370826212,0.17574014322067805,0.45043002196147974,0.2256314866624412,0.34572983810173225,0.3040758038902531,0.2815301943942152,0.2304090510719254,0.4154581303904298,0.48785038980600764,0.7946992357033992,0.01905013645839711,0.407367869972217,0.22878859862232465,0.3180103549136992,1.8688628632634898,0.003732435816940951,-0.10374935240843196,0.1430621758894285,0.8103158990458441,0.253376270455988,-0.019620764941858198,0.19739916148277548,-0.0071558053967690615,0.45908091352088803,0.23303619930190317,0.052027164485141435,0.4242666784806347,-0.0016240664223690798,0.407451262717752,0.1024409747413709,0.3129486726358931,0.31344701681474996,-0.16487579465310268,0.12040510812160336,-0.006824509713738907,-0.29611590223550954,0.2196499747299921,-0.09422499411181595,0.06350741316171508,-0.0998970980768265,-0.05184994755995989,-0.13896050030707624
