1.0179132704586014,-7.797203684149105e-6,-1.9661520857955582e-5,4.555623734709787e-6,4.1070614787051845e-5,0.00014169958103860768,0.00019692213981235964,-8.282796729955449e-5,-0.00022433567158424886,-0.00020821705314670667,-0.00022215876645145856,-0.00021304139011680049,-0.00011476794989727097,7.032634225178881e-6,9.259602111311095e-5,0.0001345295535689583,0.00015777349795279084,0.00014819035745586125,0.00012370410573622382,9.789213020276468e-5,8.346004096665126e-5,6.928047178508288e-5,5.360976493333905e-5,4.003978940858481e-5,2.413976621888301e-5,1.9636940260429073e-5,1.4734024269944295e-5,1.235283572990196e-5,1.0556255317931182e-5,2.9605166533497687e-6,-2.2318271297106564e-6,-6.583199029131585e-6,-9.941396810674541e-6,-9.63641895971504e-6,-9.222874763139145e-6,-7.277978069848639e-6,-5.560272875446923e-6,-3.2970583021871984e-6,-3.1061613903856705e-6,-5.754636766961413e-6,-1.0905041162902015e-5,-1.981057044176926e-5,-3.526575217449996e-5,-3.159772942825466e-5,-2.7845155493222934e-5,-2.8242373429779864e-5,-2.695754420412858e-5,-2.5812097897061713e-5,-2.3763515125828003e-5,1.1693164408417913e-5,5.327966422739862e-6,1.334054566233414e-6,1.1835384847326037e-6,1.6878097056072743e-5,-1.21610676419833e-5,-1.5576295899703457e-5,-1.1510638357789058e-5,-8.891373088762846e-6,-1.0770539864549312e-5
-7.797203684149105e-6,1.0178968148995662,-2.6098004214122517e-5,-4.012032557235929e-5,6.560413573018284e-6,9.060885329843824e-5,0.0003126013435697651,1.768664219065594e-5,-0.00012765318568622142,-0.00023759238234005096,-0.00039445462133703936,-0.00041570160290036346,-0.00023714718720931744,-2.7603356781761385e-5,0.00010785562075404092,0.00018946220361390348,0.0002306781154951015,0.00021360485926470415,0.0001756358365227497,0.00010903859093137252,7.604187426781724e-5,5.403970920186883e-5,3.668290186094442e-5,2.1903252693755613e-5,6.191967151291793e-6,2.3549412996297708e-6,-1.7986768660877003e-6,-1.5421297379775144e-6,-1.1223846988848818e-6,-3.688892407483593e-6,-3.196517913776317e-6,-4.847885956841051e-6,-4.79987182909119e-6,-3.6833077145968416e-6,-2.615422291806691e-6,-9.439705682054552e-7,5.995771023952249e-7,3.218876772352626e-6,2.9914414645599353e-6,3.6768352957789994e-7,-4.113190638749631e-6,-7.609625113191373e-6,-5.884752726620307e-6,-5.174448208189331e-6,-3.6956395268649175e-6,-6.599772988097488e-6,-7.611787883405867e-6,-7.637111903711454e-6,-7.258957722646376e-6,2.7939028083529735e-5,2.405540627934848e-5,2.115567614282853e-5,2.7126259522872496e-5,5.3822467095730286e-5,3.700069521564075e-6,1.990338867101524e-5,1.8276587588919516e-5,1.58149739089972e-5,9.283981754546388e-6
-1.9661520857955582e-5,-2.6098004214122517e-5,1.0178548668124157,-0.00011465130094357893,-0.00018379587613195496,-0.00014436598306856568,0.00020534990143880063,0.0006463966503765714,0.0004853711403762824,-5.0794638337071585e-5,-0.0006559516349822294,-0.0007706676593580912,-0.0004609123909382319,-0.00017668455452753945,2.1495804379868886e-5,0.00016457056113232233,0.00025658888211369576,0.00023214894712679686,0.00014889174268380802,3.578862252797965e-5,-2.9260465794732576e-5,-5.82109596558511e-5,-6.423031317848174e-5,-6.881724310955636e-5,-6.779968825745169e-5,-6.509031509224773e-5,-6.19272623189236e-5,-5.259779766118957e-5,-4.384833062061762e-5,-2.6685364525983633e-5,-7.364723825593714e-6,5.450621397557392e-6,1.729290988972464e-5,2.0494843858997677e-5,2.370512636343453e-5,2.3801238132703966e-5,2.4170163937596734e-5,2.5444532079022622e-5,2.416156598910022e-5,2.3900522841283514e-5,2.6236702801490918e-5,4.5537560599375895e-5,0.00010653725388283933,9.686611079601917e-5,8.892294634677026e-5,7.967209583089715e-5,7.134088328698826e-5,6.679456963491309e-5,6.0576761100203475e-5,8.558368967468813e-6,2.8186590982881143e-5,2.868299124355941e-5,2.7144192161813042e-5,2.322606443142458e-5,-2.1050461751573386e-5,-3.391924590840835e-5,-2.0200918600524294e-5,-1.1606273180348528e-5,-2.174309981350224e-5
4.555623734709787e-6,-4.012032557235929e-5,-0.00011465130094357893,1.017526919251074,-0.0008911661631118257,-0.0014942897217509103,-0.0009393937031678919,0.002264763707890299,0.002807152589387846,0.0010498279824765078,-0.000823692375791356,-0.0012683003073422439,-0.000848099291288394,-0.0005998446090320465,-0.0003340558510547243,-3.926795862448439e-6,0.0002707200162339221,0.0002916845359501104,0.0001930457267244578,-1.5355054044912406e-5,-0.00012203311573008902,-0.0001610422590276164,-0.00016138222627689716,-0.0001650679389335707,-0.0001588023524478512,-0.00014951346726879423,-0.00013973950502738566,-0.0001177110470713623,-9.694351263170808e-5,-5.842303746524552e-5,-1.4804452274535835e-5,1.0857814294648178e-5,3.6288590227215785e-5,4.283022829089588e-5,4.9840524006911495e-5,4.984970714879749e-5,5.052422081879328e-5,5.347013310361e-5,5.117249828776855e-5,5.1039411956558334e-5,5.697291377200671e-5,0.00010040888976786248,0.00023638584540529303,0.00021332634706635838,0.00019517542562569738,0.00017385249072852447,0.00015521795808183904,0.00014482260391376805,0.00013113647427121194,6.924372830586805e-5,0.0001803994538827234,0.0002075917293905581,0.00020721435305464932,8.651381596197696e-5,2.0952541977039716e-5,4.8310853158385766e-5,3.196272451648811e-5,3.2970410761407545e-5,1.0322880389123432e-5
4.1070614787051845e-5,6.560413573018284e-6,-0.00018379587613195496,-0.0008911661631118257,1.0155046389546092,-0.0046394877748202334,-0.004811864619956227,0.004552792307283595,0.007386089454205982,0.004180058960224071,0.00043259667608034686,-0.0008047067130834297,-0.0009505614264543216,-0.0014018524223489695,-0.0012546322059308653,-0.0006685932846179616,1.0514858874726398e-5,0.00019337141076899663,0.00016141947337176067,-0.00012271458748159685,-0.00024565150605003423,-0.000270302584628025,-0.00026138431451014935,-0.00027307028441459603,-0.0002772708883395651,-0.0002597250598396444,-0.0002421185958050045,-0.0002032791129851583,-0.0001643519335998133,-0.00010607452009635678,-3.520814942373598e-5,2.0106051779239316e-6,4.126749297368832e-5,5.26937740348682e-5,6.667111505491899e-5,7.043656770042202e-5,7.519073259406293e-5,8.542545267915035e-5,8.459466090725795e-5,8.391165224291379e-5,9.50538735239925e-5,0.00017102767514486455,0.0004163080352231103,0.00035860787224969087,0.0003188363548326382,0.0002704603059583505,0.0002341616415559942,0.00021576812783526914,0.0001940634786105752,0.00019551759050502832,0.0005138109789849652,0.0005970697991266349,0.000585674972307978,0.00014337573451142505,7.198949109370642e-5,9.191946388619391e-5,2.2476945773671964e-5,3.0503325470646063e-5,2.936197374031928e-6
0.00014169958103860768,9.060885329843824e-5,-0.00014436598306856568,-0.0014942897217509103,-0.0046394877748202334,1.0075678063072953,-0.014499155387718192,0.002797238924576625,0.012409059974527159,0.011418210622271035,0.007786186509091664,0.004579818683704785,0.001031653197625518,-0.00220897213836524,-0.0027768250203463653,-0.0023152741535696583,-0.0010173220238350502,-0.0004933386720021311,-0.00015400585261424695,-0.0003872258346646231,-0.0003775905718035107,-0.00029502360864801827,-0.00026522345566803757,-0.00031753888826859997,-0.00038968066901049793,-0.0003713304042422049,-0.0003660960393813004,-0.0003124912468189746,-0.00025244669254817167,-0.00020653251643256346,-0.00011207949354072063,-7.933391702666205e-5,-3.142704952568086e-5,-3.266347784912262e-6,3.2160084517369994e-5,6.255071135098677e-5,9.667915458372169e-5,0.00014406798219366215,0.00016159451149776362,0.0001560201251437404,0.0001531226481514084,0.00022313678157147575,0.0005074273036280105,0.0003964949571276161,0.0003338122418060986,0.00024099819558504124,0.0001858782787306651,0.000158897176446272,0.00013628647083456454,0.0004978577687377561,0.0011209909753754032,0.001273308905012161,0.001272618922442465,0.00022047240113353883,0.00035501060717555344,0.0004892780437133512,0.00014324018778361357,0.00010953635172142625,0.00010422837338762359
0.00019692213981235964,0.0003126013435697651,0.00020534990143880063,-0.0009393937031678919,-0.004811864619956227,-0.014499155387718192,0.985802312300124,-0.016758031745460623,0.004415553410116724,0.02198568379115312,0.02944835583795832,0.02482699377858404,0.009266705729732384,-0.00012998196573041105,-0.004001770626051675,-0.004640450846844453,-0.0037919878678458743,-0.002263616337997695,-0.0013205433732856678,-0.0007307879086215612,-9.185389340354562e-5,0.0003905722760766258,0.0004589583907807529,0.00027680173675413965,-5.362891870612374e-5,-0.0001071712245890911,-0.00020747927504260653,-0.00020224318336397302,-0.00016388361464614992,-0.00028537529367143205,-0.0003120713520620993,-0.0003155461302408249,-0.0003170980799243378,-0.0002588165650583941,-0.00021057264110924996,-0.00012217368742020016,-3.0407355235172538e-5,0.00011334552193754514,0.00017088874146068577,0.00014061961964770546,6.536323510086134e-5,-1.5131559999280472e-5,-1.607750661654692e-5,-0.0002062393737564844,-0.00029318145104727077,-0.0004512013032763486,-0.0005064681849893818,-0.000513884468345761,-0.0004893234541182893,0.0009124558082985192,0.0015837703119640125,0.001690634468424881,0.0017535065393789698,0.00011081973408404344,0.0007875151330046054,0.0007129048131075679,-8.008558896328011e-5,-0.00010839860882541244,5.662530287635982e-5
-8.282796729955449e-5,1.768664219065594e-5,0.0006463966503765714,0.002264763707890299,0.004552792307283595,0.002797238924576625,-0.016758031745460623,0.9654680971069727,-0.03938253894561526,0.0009301293896246219,0.036562280903376036,0.041380860883615096,0.025650216574741452,0.007774170940439583,0.0019942005029104926,-0.002907981761544724,-0.0017778209237697491,-0.0018705998140506738,0.00048038560839456086,0.0010672076713886171,0.0019515936730484418,0.002395115008194397,0.0021896742999925234,0.0018093072022996293,0.0012388667119517622,0.0010944466433308792,0.0009091479488675468,0.0007624845422323506,0.00068663352863834,0.00024303049764955905,-5.129879827856292e-5,-0.0004376651958643918,-0.0006909863005956884,-0.0006957422997940441,-0.0006843096167035399,-0.0005898614275629517,-0.000501713635410172,-0.00038170290709885944,-0.0003316224551653634,-0.0004326612855245848,-0.0006220309133394195,-0.0010499285074560489,-0.0019057841215780408,-0.0019039267575987483,-0.0018093449849691122,-0.001849883656255979,-0.0017774776442542736,-0.0017296450114571288,-0.001606862317840569,0.0004333806873097827,-0.00041475725987497297,-0.0006763979100233619,-0.0005549137169326688,0.0006269562811584646,0.000993044333397442,0.0014944989719878818,0.0002390504105159594,6.40930417128892e-5,0.00016982264161928182
-0.00022433567158424886,-0.00012765318568622142,0.0004853711403762824,0.002807152589387846,0.007386089454205982,0.012409059974527159,0.004415553410116724,-0.03938253894561526,0.9593077481423559,-0.027879744720573963,0.012062809678603523,0.036317451327717326,0.03690124342406959,0.0181996458412058,-0.0010381711516689953,0.0008670985017283715,-0.000994929036082188,0.002199521529189338,0.0008506888559902376,0.0021925361146378475,0.0028478348780998763,0.002999440569407075,0.0026457994709967857,0.0022444927131598166,0.0016451025021192074,0.0014686539851988796,0.0012918288995398285,0.001130940288806109,0.001044819359129469,0.0006715593363825311,0.00025144444172290616,-9.313803465368465e-5,-0.0004102557608045938,-0.000523094413858411,-0.0006399739185689936,-0.0006499898087337975,-0.0006931905594766971,-0.0006707604868589199,-0.0007246217039053818,-0.0008903256666416557,-0.001176626356293769,-0.001674318707417247,-0.0027289304762527313,-0.0022118797243478355,-0.0019147354896527787,-0.001856914985700818,-0.0017433482044456284,-0.001685846113507396,-0.00156082393588817,-0.0002210748259131697,-0.001668921621589741,-0.0019276927720345144,-0.001844327578246562,0.0016386698189378962,0.0003125099565480124,-0.00027051558299658355,-0.0005063182944922838,-0.00040823905956695523,-8.907496170104732e-5
-0.00020821705314670667,-0.00023759238234005096,-5.0794638337071585e-5,0.0010498279824765078,0.004180058960224071,0.011418210622271035,0.02198568379115312,0.0009301293896246219,-0.027879744720573963,0.9561430946411175,-0.052260385918213886,0.010143750988262692,0.07107930366728125,0.018938135328797075,-0.0036404490887345466,-0.006801713745303249,0.006010134381162719,0.0014442375741757004,0.005524737363883748,0.003768261452242511,0.003515140317415238,0.003132690293290841,0.0025543438261271556,0.0021227290791163414,0.001612129828176372,0.0013890589098807162,0.001166326636871519,0.0009470880729850404,0.0008097693814306233,0.00040185022761955036,0.0001327025818776913,-0.00029687585290870443,-0.000532446133658418,-0.0005409726231324592,-0.0005204430168222315,-0.0004606917769472522,-0.0003950531679169365,-0.00041692184490643665,-0.0004198784394267308,-0.0005392788251369756,-0.0007113642477327303,-0.0011211435814893877,-0.002024053919662984,-0.0017924957173213786,-0.0016197577402349542,-0.0015487637083304079,-0.0014434628328349147,-0.001384504291208594,-0.0012760733678467268,0.0003318486939164531,-0.0005385349993496089,-0.000552518532759286,-0.0001966664909547448,0.004016172619010411,-0.0003651898792767129,-0.00015792737535602052,-0.00024325174084207878,-0.0002605878558068448,-0.00021998377852720978
-0.00022215876645145856,-0.00039445462133703936,-0.0006559516349822294,-0.000823692375791356,0.00043259667608034686,0.007786186509091664,0.02944835583795832,0.036562280903376036,0.012062809678603523,-0.052260385918213886,0.912864546910919,-0.016220533802189057,0.0414570302331696,0.03083456817445192,-0.011515813997067912,0.006794671039788876,0.0006930545618479258,0.011399029578335138,0.0032605552541929996,0.004736479530547205,0.004008961260662407,0.003033674732915494,0.0022337991968878765,0.0017965710089703473,0.0013832578498815134,0.0012475663582842893,0.0011690323582208013,0.0010451967619100671,0.0009687733470898945,0.0008154806594787607,0.000455356515779618,0.00031697805975377895,4.4690802550280797e-5,-0.0001561879804931172,-0.00035679664308957247,-0.00046040217752395127,-0.0006160706840758513,-0.0006713262637380654,-0.0007893944308876775,-0.0008781080748516491,-0.0010543043842401532,-0.0012968240221148592,-0.0019434540690148347,-0.0012875228492307555,-0.0010146335608836262,-0.0009293565738932981,-0.0008548545648985537,-0.0008310290574351994,-0.0007708808112980194,0.0009167304748496099,0.0008441177229373171,0.0010208480248871728,0.0014007483040451465,0.0041591016012922765,-0.000945787986849838,-0.0004290478850911297,-9.028426291955575e-5,-0.00013422086064321436,-0.0006001657348319385
-0.00021304139011680049,-0.00041570160290036346,-0.0007706676593580912,-0.0012683003073422439,-0.0008047067130834297,0.004579818683704785,0.02482699377858404,0.041380860883615096,0.036317451327717326,0.010143750988262692,-0.016220533802189057,0.9194516047921765,-0.06870232500936968,-0.015091911545192164,0.03850854704973581,0.011845120888578822,0.01747776348745759,-0.0005841153585319655,0.009227377314061841,0.004563689073683061,0.0034416146643555445,0.0023935711723552843,0.001713968875052739,0.0014158663254368062,0.0011257534560633884,0.0010021119213282526,0.0009070976356799282,0.0007504410567373346,0.0006586566820414535,0.00044052659083155155,0.0003409580047639602,-0.00013168321052548675,-0.0002690015517324093,-0.00027045424407811394,-0.00021050468502894617,-0.0002140245642281113,-0.00018523394495403717,-0.00041173037053976604,-0.0004873567742902077,-0.0006324304827208507,-0.0006973705428623934,-0.0008230313876497858,-0.0009871195617666584,-0.0007080909800027283,-0.0005858456100788583,-0.0005476150058179452,-0.0005148890742579665,-0.000488906533962396,-0.00044677366682212895,0.00028903014454654906,0.0005410487607400968,0.0007769974887181436,0.00040420953615065826,-0.0014135046072107802,-0.0010426100121545601,-0.0009689787477638886,-0.00029631670185628926,-0.0002003114297415694,-0.00032257352119982244
-0.00011476794989727097,-0.00023714718720931744,-0.0004609123909382319,-0.000848099291288394,-0.0009505614264543216,0.001031653197625518,0.009266705729732384,0.025650216574741452,0.03690124342406959,0.07107930366728125,0.0414570302331696,-0.06870232500936968,0.8405115392926912,-0.036739256645004194,0.03367524061170871,0.04986895702975767,0.0011198266671824495,0.011552203176934986,-0.001781227693988829,0.002165054380827815,0.0018566711925983486,0.0012230969693744244,0.000866467977241171,0.0008029783166710235,0.0007309366359010319,0.000739867140872192,0.0008297157280710236,0.0007579421488546138,0.0007096329818158983,0.000673548010069902,0.00037132195921975677,0.00043234522905717426,0.00020766615621909169,-4.357408428399756e-6,-0.00022712146200122766,-0.0003590526091265504,-0.0005737429906660692,-0.0006599135382962116,-0.0008091685157333422,-0.0007742164517399912,-0.0007054330170915298,-0.0005035635950020463,-0.0001784577674171268,-2.745942077289036e-5,-8.306229101963494e-5,-0.0001623129021665565,-0.00021644696803856293,-0.0002026691687028453,-0.0001822091177484028,-0.0005220221347239782,-0.0002651876835713426,-1.4378050603547432e-5,-0.0010517200890554047,-0.005900677096838064,-0.0006739148758963145,-0.0009330859547302191,-0.00013235682938258898,4.678971567731811e-5,-0.00019521158690034786
7.032634225178881e-6,-2.7603356781761385e-5,-0.00017668455452753945,-0.0005998446090320465,-0.0014018524223489695,-0.00220897213836524,-0.00012998196573041105,0.007774170940439583,0.0181996458412058,0.018938135328797075,0.03083456817445192,-0.015091911545192164,-0.036739256645004194,0.9627102053462081,0.015610302505789804,-0.0036889827445651968,0.016145326848743084,-0.005908911154533916,0.006917778857400886,0.0012139556217679868,0.0003176376586846065,-1.2936689349917058e-5,-3.7681827573673957e-6,0.00020447336749059266,0.0003164171863619766,0.0003560595495065061,0.0004833438739055615,0.0004173364982022173,0.0003791429890473479,0.0003542066930312736,0.000356442835940174,-2.4093425078779187e-5,-5.719838641120525e-5,-6.061719395622495e-5,1.0336729878325687e-5,-6.278343911192916e-5,-9.508635815109109e-5,-0.00046111595460192486,-0.0005811895139335819,-0.0006481296964962852,-0.00042896603724982006,-2.4870256735239483e-5,0.0010987806370361653,0.0008685348225125697,0.0006383289762087967,0.00047524435511370655,0.00034562791606026404,0.00035718170104290193,0.00034600273371762283,-0.00028431531715213105,0.00013764550086359413,9.952951900500944e-5,-0.00022459138752665424,-0.0021784767737076352,-6.300261706674356e-5,2.8032888974092908e-5,0.0003670705426301954,0.0004284818354574464,0.0001333536250189475
9.259602111311095e-5,0.00010785562075404092,2.1495804379868886e-5,-0.0003340558510547243,-0.0012546322059308653,-0.0027768250203463653,-0.004001770626051675,0.0019942005029104926,-0.0010381711516689953,-0.0036404490887345466,-0.011515813997067912,0.03850854704973581,0.03367524061170871,0.015610302505789804,0.9642107523588365,-0.015634413126657185,-0.011263267293888093,0.011338826768807285,-0.002991826519058731,-0.0006296219521657849,-0.001132417766279253,-0.0011046183430048675,-0.0007754182651975067,-0.0003585401771848808,-7.050248667458744e-5,-2.6620666555266632e-5,0.00014872171925026461,0.00012523194968317586,0.00010265310095582085,0.00026182758927736194,0.00017034754195945743,0.0004693908905256444,0.00042928629662254366,0.000298990898771989,0.00013794766755324144,1.1455986312363101e-5,-0.00020024139303746773,-0.0003399839500701772,-0.000512807068130957,-0.00038908378057279366,-0.00010928691352087622,0.0004978357514155859,0.0018268832312874788,0.001463758536222562,0.0011083786774783153,0.0009226430953404773,0.0007569587201132248,0.0007822661758142637,0.000751620469901166,-0.0001640091121710363,0.0004965322644534377,8.621311693097803e-5,0.0007121029518401442,0.0007594938242586744,1.1788779186346961e-5,-7.167032271450513e-5,0.000322489930212686,0.0003246068975834975,0.0001862806526437242
0.0001345295535689583,0.00018946220361390348,0.00016457056113232233,-3.926795862448439e-6,-0.0006685932846179616,-0.0023152741535696583,-0.004640450846844453,-0.002907981761544724,0.0008670985017283715,-0.006801713745303249,0.006794671039788876,0.011845120888578822,0.04986895702975767,-0.0036889827445651968,-0.015634413126657185,0.9833664497722732,0.002100122198461197,-0.00925736122196069,0.002183420359538437,-0.002057786160938007,-0.0025033658771532476,-0.002265919985541088,-0.0016708753346978142,-0.0011092993803047278,-0.0006617423017273329,-0.0005881579109902376,-0.00041070167341741,-0.00037398620378899017,-0.0003695941954890448,-0.00015133681232278333,5.1613282371784594e-5,5.254533780657013e-5,0.00024593711148010195,0.00032825306653799417,0.0004309026019215767,0.0003687712727240489,0.0003465237967728643,6.382399572465184e-5,-1.525297742034004e-5,3.19385219414062e-5,0.00038427092006272184,0.0010337704604951514,0.0026908978144311773,0.0020370450463628887,0.0016044538176154138,0.0014183355846174913,0.0012372426722258604,0.001245761197180544,0.001179039477686796,-0.0005457009874566517,-0.0002082211427877379,-0.0004485933738788742,-6.112510599395598e-5,0.00010261617428305261,-4.708451579390675e-6,-0.00019890669402773632,0.00017216368449778988,0.00011101051884556949,0.0001664330579633168
0.00015777349795279084,0.0002306781154951015,0.00025658888211369576,0.0002707200162339221,1.0514858874726398e-5,-0.0010173220238350502,-0.0037919878678458743,-0.0017778209237697491,-0.000994929036082188,0.006010134381162719,0.0006930545618479258,0.01747776348745759,0.0011198266671824495,0.016145326848743084,-0.011263267293888093,0.002100122198461197,1.0005012107849949,-0.00203649744894626,-0.009447344678062065,-0.004664045797055699,-0.00396257898282285,-0.0032918172911788864,-0.002479795793241512,-0.0018782982818806397,-0.0012804016166404386,-0.001194299997513248,-0.0010068032237235498,-0.0008910318336715591,-0.0008160524908110167,-0.00041968520372528815,-0.00017287010083068312,0.0003717266184833216,0.0005849577576395244,0.0005964974845525327,0.0005509632022380694,0.0004990825437183924,0.00039156361301684556,0.000384898020979341,0.00034068734343487743,0.000542050753450172,0.0008762268324650919,0.0015389415958421808,0.0029571158208350676,0.002310686346451405,0.0018980925194813356,0.0017785461807352815,0.0016267885332241635,0.0016060122530778063,0.0015020969715420413,-0.000912197787615378,-0.0010208601784316416,-0.0009290071923343466,-0.0009764484753471408,-0.0008879396288267711,4.365338078143019e-5,-6.435320560996123e-5,3.249044506708449e-5,2.182763333440491e-5,0.00010022153064897669
0.00014819035745586125,0.00021360485926470415,0.00023214894712679686,0.0002916845359501104,0.00019337141076899663,-0.0004933386720021311,-0.002263616337997695,-0.0018705998140506738,0.002199521529189338,0.0014442375741757004,0.011399029578335138,-0.0005841153585319655,0.011552203176934986,-0.005908911154533916,0.011338826768807285,-0.00925736122196069,-0.00203649744894626,1.0032502510781909,-0.0040504601349007205,-0.005191187648795054,-0.00470172821543096,-0.003886315927340218,-0.0030486186710734445,-0.002482953710514199,-0.0018037788540016999,-0.0016716919626791613,-0.00149083286436028,-0.0013057585526973336,-0.0012223674693625577,-0.0007894263624112246,-0.0003518530935761483,7.938170994513248e-6,0.0004315117279450999,0.0006039262504741008,0.0007570001684261241,0.0007503074291911325,0.0008087906271453978,0.0007709598604055805,0.0008632061534753126,0.0010381121281867005,0.0013923724193758253,0.0019587970657547723,0.003220220085579107,0.002455995669762584,0.0020500725101854243,0.0019703484902090923,0.0018399117243401118,0.0017982447030107638,0.0016724327182665922,-0.0010383013423398402,-0.0011920324168362248,-0.001103176581827782,-0.0012504564015148585,-0.0012630151549910737,8.789768510964381e-5,0.0001205982144557147,5.2670596125045976e-5,8.264245443206431e-5,0.00014706696220302603
0.00012370410573622382,0.0001756358365227497,0.00014889174268380802,0.0001930457267244578,0.00016141947337176067,-0.00015400585261424695,-0.0013205433732856678,0.00048038560839456086,0.0008506888559902376,0.005524737363883748,0.0032605552541929996,0.009227377314061841,-0.001781227693988829,0.006917778857400886,-0.002991826519058731,0.002183420359538437,-0.009447344678062065,-0.0040504601349007205,1.0088030056933843,-0.006318886042527692,-0.005645600678554488,-0.004905294193536009,-0.004114049088612166,-0.00355752530169508,-0.0026961610922249715,-0.0023648386442343527,-0.0021232548141056004,-0.00179954553127302,-0.0016204384971683762,-0.0009929929854558131,-0.00042204483232665833,0.0002991270360653822,0.0007629810245893743,0.0008491126505788322,0.0009115853659616605,0.000903397848838277,0.0009210226795871978,0.001060567446990796,0.0011639582741161073,0.0013870823952828203,0.0015844679603754575,0.0020171514659271016,0.0028003375624001685,0.002666897271032344,0.0025265350413466283,0.0025270974393051546,0.002420155378851913,0.002291376857746417,0.002095901602227829,-0.0011350160343589777,-0.001211105719556793,-0.0011949098962798293,-0.001290997211949097,-0.0014079203738036655,0.00010617501977915682,2.08832803908748e-5,4.919149915922888e-5,4.721626172784651e-5,0.0001775704124106344
9.789213020276468e-5,0.00010903859093137252,3.578862252797965e-5,-1.5355054044912406e-5,-0.00012271458748159685,-0.0003872258346646231,-0.0007307879086215612,0.0010672076713886171,0.0021925361146378475,0.003768261452242511,0.004736479530547205,0.004563689073683061,0.002165054380827815,0.0012139556217679868,-0.0006296219521657849,-0.002057786160938007,-0.004664045797055699,-0.005191187648795054,-0.006318886042527692,1.0117439779466155,-0.0061142179642166734,-0.005667553703223115,-0.004959785462559784,-0.004419271648607549,-0.0033911354235236935,-0.002919258888472903,-0.002571375907575954,-0.002143763427281841,-0.0018496524175200015,-0.001093810097591741,-0.00034588020897333204,0.00026226430778483425,0.0007698085323959739,0.0008533077461965784,0.0009467828326846491,0.0009090397855734836,0.0009472968796504833,0.001068959361913517,0.0012311349414579988,0.0014760646993781333,0.0017813228224099233,0.0024408152775901534,0.0037339358380620237,0.00346766422143599,0.0031908753677689404,0.003063380090375934,0.002865671335356276,0.0026372435674428337,0.0023719062016926713,-0.0011140135485107226,-0.0011153738491577554,-0.0011199969229607825,-0.0011788266539679644,-0.001368477488270798,7.273316005869276e-5,1.472891219318031e-5,1.621387555140863e-5,-1.831789402900814e-5,0.00012096770037512225
8.346004096665126e-5,7.604187426781724e-5,-2.9260465794732576e-5,-0.00012203311573008902,-0.00024565150605003423,-0.0003775905718035107,-9.185389340354562e-5,0.0019515936730484418,0.0028478348780998763,0.003515140317415238,0.004008961260662407,0.0034416146643555445,0.0018566711925983486,0.0003176376586846065,-0.001132417766279253,-0.0025033658771532476,-0.00396257898282285,-0.00470172821543096,-0.005645600678554488,-0.0061142179642166734,1.0112966142263973,-0.006567937750674726,-0.005921019944957387,-0.005351879645329186,-0.004123884088454817,-0.003480323431187767,-0.0030116281336132313,-0.002470497526778886,-0.002086273482420502,-0.0011988474860162358,-0.000313401027883826,0.00028572298100066826,0.0008225549298021529,0.0008772599189431611,0.0009722512796862089,0.0009160693214341166,0.0009601957771249379,0.0011166128012959796,0.001342940748878668,0.001642790278291771,0.002046081944325143,0.002905965414233885,0.0045879878625596305,0.0042795642919900715,0.0038930991607126074,0.0036372979184067355,0.0033468706708410945,0.003011211034555838,0.0026711952160464215,-0.0011166631145850395,-0.0010753105960595157,-0.0010859543575523374,-0.0011315518179096803,-0.001321882874544017,1.9372779823817784e-5,-3.8863362163754075e-5,-6.68901875055531e-5,-9.815139390501282e-5,5.40408045716113e-5
6.928047178508288e-5,5.403970920186883e-5,-5.82109596558511e-5,-0.0001610422590276164,-0.000270302584628025,-0.00029502360864801827,0.0003905722760766258,0.002395115008194397,0.002999440569407075,0.003132690293290841,0.003033674732915494,0.0023935711723552843,0.0012230969693744244,-1.2936689349917058e-5,-0.0011046183430048675,-0.002265919985541088,-0.0032918172911788864,-0.003886315927340218,-0.004905294193536009,-0.005667553703223115,-0.006567937750674726,1.010984978080045,-0.006479494398211836,-0.005972334633633868,-0.004698507311784843,-0.0038587911803786455,-0.0033068410109448605,-0.0026652550029353655,-0.0022297559192707233,-0.001263795022123833,-0.0002962657520002026,0.00023547430757821553,0.000782264342432819,0.0007697047900792157,0.0008744593712992799,0.0008123407219337843,0.0008868429555895097,0.0010996184249241505,0.001400149102461957,0.0017232732492713624,0.0021334985173946277,0.003054338066504456,0.00483922779811183,0.004877305564478114,0.004502613754892653,0.004069899433921039,0.0036623233541714316,0.003193698302191295,0.002779298700756363,-0.0010064811774941555,-0.0009431008576192899,-0.0009505821579619299,-0.0009829239977764523,-0.0011447531207899096,-4.863515019293029e-5,-0.00015908991314290914,-0.0001374410017279128,-0.00016037108567152828,3.7055976919156485e-6
5.360976493333905e-5,3.668290186094442e-5,-6.423031317848174e-5,-0.00016138222627689716,-0.00026138431451014935,-0.00026522345566803757,0.0004589583907807529,0.0021896742999925234,0.0026457994709967857,0.0025543438261271556,0.0022337991968878765,0.001713968875052739,0.000866467977241171,-3.7681827573673957e-6,-0.0007754182651975067,-0.0016708753346978142,-0.002479795793241512,-0.0030486186710734445,-0.004114049088612166,-0.004959785462559784,-0.005921019944957387,-0.006479494398211836,1.0116748282566699,-0.005926575164143951,-0.00480315925035684,-0.003926363671805546,-0.003370207998373701,-0.0027183879786679536,-0.002285400888264265,-0.0013448232837116646,-0.000393144040411555,6.96736766699005e-5,0.0005955496535583745,0.0005559731066182898,0.0006760090448191255,0.0006338504957188475,0.0007405865643092222,0.0010271348872689398,0.0014337394485886938,0.001804922890802796,0.0022601194896710386,0.003170559266663819,0.004899168350732347,0.005007947801707332,0.00458433823171344,0.004000214185797586,0.0035184682258437554,0.0029887424961050086,0.0025586988683177158,-0.0008200356864672252,-0.0007546444760130794,-0.0007602833631692382,-0.0007768386882482734,-0.0008828275238526221,-8.916939088659966e-5,-0.0002019551365863457,-0.0001188720809450716,-0.00013770187739146195,1.843195180078013e-5
4.003978940858481e-5,2.1903252693755613e-5,-6.881724310955636e-5,-0.0001650679389335707,-0.00027307028441459603,-0.00031753888826859997,0.00027680173675413965,0.0018093072022996293,0.0022444927131598166,0.0021227290791163414,0.0017965710089703473,0.0014158663254368062,0.0008029783166710235,0.00020447336749059266,-0.0003585401771848808,-0.0011092993803047278,-0.0018782982818806397,-0.002482953710514199,-0.00355752530169508,-0.004419271648607549,-0.005351879645329186,-0.005972334633633868,-0.005926575164143951,1.012099136163974,-0.004940686543899101,-0.004191919366471449,-0.003730025912043704,-0.003113956896476038,-0.002674956951954191,-0.0017288778801534306,-0.0007156220561449672,-0.0002174196867431351,0.0003599990055292722,0.0003938511368227574,0.0005852953487505942,0.0006290290921319294,0.0008030053323385704,0.0012297055015413167,0.0017941476491925192,0.002224125032546636,0.002714853426013665,0.003522577088077738,0.005038070449812552,0.004958021965700807,0.004469784625958642,0.0038169147277799208,0.0033229570848459624,0.002777006650977098,0.0023517644509599782,-0.0006676202450922042,-0.0006124419927366011,-0.0006192501270130689,-0.0006271505634858529,-0.0006921689758581098,-0.00014842151079682986,-0.0002393085101792768,-0.00010614686878870693,-0.00011774203519938404,4.3436890600884546e-5
2.413976621888301e-5,6.191967151291793e-6,-6.779968825745169e-5,-0.0001588023524478512,-0.0002772708883395651,-0.00038968066901049793,-5.362891870612374e-5,0.0012388667119517622,0.0016451025021192074,0.001612129828176372,0.0013832578498815134,0.0011257534560633884,0.0007309366359010319,0.0003164171863619766,-7.050248667458744e-5,-0.0006617423017273329,-0.0012804016166404386,-0.0018037788540016999,-0.0026961610922249715,-0.0033911354235236935,-0.004123884088454817,-0.004698507311784843,-0.00480315925035684,-0.004940686543899101,1.0134557159856257,-0.0040363017845451415,-0.003803095294768007,-0.003346981410222935,-0.002980666813174149,-0.0021224855164879725,-0.0011260294278330576,-0.0005993113013396695,2.0115716736432476e-5,0.00017749942887324967,0.000478287762452452,0.0006648698312200428,0.0009338727002107284,0.0014876327506372028,0.0021664693120339706,0.0025925787964745906,0.003019019504382201,0.0035458694806844784,0.004552073118962054,0.004320468302715609,0.0038352399229174047,0.0031970572912937327,0.0027499925929792266,0.002263636409229068,0.0018959060545748001,-0.0004798916508720849,-0.00044277855875517457,-0.0004527055868208095,-0.0004540969369201324,-0.0004946167211785818,-0.0002123632591338127,-0.00025900859068036044,-8.444656745029575e-5,-8.504414904349648e-5,6.349377608779968e-5
1.9636940260429073e-5,2.3549412996297708e-6,-6.509031509224773e-5,-0.00014951346726879423,-0.0002597250598396444,-0.0003713304042422049,-0.0001071712245890911,0.0010944466433308792,0.0014686539851988796,0.0013890589098807162,0.0012475663582842893,0.0010021119213282526,0.000739867140872192,0.0003560595495065061,-2.6620666555266632e-5,-0.0005881579109902376,-0.001194299997513248,-0.0016716919626791613,-0.0023648386442343527,-0.002919258888472903,-0.003480323431187767,-0.0038587911803786455,-0.003926363671805546,-0.004191919366471449,-0.0040363017845451415,1.013827245959408,-0.004154686692098443,-0.003940742343725534,-0.0036525211102394544,-0.002817278114224282,-0.0017530630311336501,-0.0010622145087780632,-0.0003266915554466439,7.674993633946639e-5,0.0005550950992880405,0.0009619219380179424,0.0013528138776977968,0.0020552947042667773,0.002874849731673549,0.0033253776707528036,0.003744272708495222,0.003997340138892014,0.004512405028102893,0.0036509824496230984,0.0030665189906362283,0.002577390379600101,0.0022577305380386725,0.001894367764254107,0.0016031924520461976,-0.000448106142636634,-0.00042788942974759285,-0.00044387245741633663,-0.0004494431892392556,-0.0005150646732771605,-0.000275429356885957,-0.0002538185073959501,-7.609155677228657e-5,-6.0178776422172735e-5,7.088866916765659e-5
1.4734024269944295e-5,-1.7986768660877003e-6,-6.19272623189236e-5,-0.00013973950502738566,-0.0002421185958050045,-0.0003660960393813004,-0.00020747927504260653,0.0009091479488675468,0.0012918288995398285,0.001166326636871519,0.0011690323582208013,0.0009070976356799282,0.0008297157280710236,0.0004833438739055615,0.00014872171925026461,-0.00041070167341741,-0.0010068032237235498,-0.00149083286436028,-0.0021232548141056004,-0.002571375907575954,-0.0030116281336132313,-0.0033068410109448605,-0.003370207998373701,-0.003730025912043704,-0.003803095294768007,-0.004154686692098443,1.0134770906983406,-0.004406519882555658,-0.0042284763859751434,-0.003466419671236486,-0.0023522489950470638,-0.0015735426884745597,-0.0007139145036068283,-0.00013630132999455544,0.0005653182674455482,0.0012361272846566035,0.0018412445640090226,0.0027033378021712852,0.0035916616362573184,0.003987347871265201,0.004244789220899061,0.00417101483212023,0.004094818840509666,0.003212446239112843,0.0026842211298981383,0.0022756441604299673,0.002012751352997864,0.001678365576088688,0.0014077601374114402,-0.0004019203996951875,-0.0003987840507848256,-0.00042334776658354466,-0.0004331073438224897,-0.0005332669809410348,-0.00031758907284882605,-0.00025807765972207043,-7.495202936327663e-5,-5.642585666850217e-5,7.788782887725048e-5
1.235283572990196e-5,-1.5421297379775144e-6,-5.259779766118957e-5,-0.0001177110470713623,-0.0002032791129851583,-0.0003124912468189746,-0.00020224318336397302,0.0007624845422323506,0.001130940288806109,0.0009470880729850404,0.0010451967619100671,0.0007504410567373346,0.0007579421488546138,0.0004173364982022173,0.00012523194968317586,-0.00037398620378899017,-0.0008910318336715591,-0.0013057585526973336,-0.00179954553127302,-0.002143763427281841,-0.002470497526778886,-0.0026652550029353655,-0.0027183879786679536,-0.003113956896476038,-0.003346981410222935,-0.003940742343725534,-0.004406519882555658,1.0133657998676178,-0.004525155518472311,-0.0038959370581524736,-0.002839426734174133,-0.001972708794417536,-0.0010526617348904641,-0.00033259143445696615,0.0005516318201659363,0.0013938905173013977,0.002101758868853089,0.0030209320622173095,0.003916673305013411,0.0042927961962810415,0.004519611634202037,0.004295840672685754,0.003921230037075295,0.0028713462631252402,0.002309954704032772,0.001938468200670153,0.001706303876427183,0.0014048515347273814,0.0011602867950605109,-0.0003632364274994363,-0.00037378825449488047,-0.0004040561243300758,-0.0004153173879125441,-0.0005411333726802745,-0.0003303297503214715,-0.0002250547601838265,-4.4128550567663354e-5,-2.4264880404252438e-5,8.358184521200782e-5
1.0556255317931182e-5,-1.1223846988848818e-6,-4.384833062061762e-5,-9.694351263170808e-5,-0.0001643519335998133,-0.00025244669254817167,-0.00016388361464614992,0.00068663352863834,0.001044819359129469,0.0008097693814306233,0.0009687733470898945,0.0006586566820414535,0.0007096329818158983,0.0003791429890473479,0.00010265310095582085,-0.0003695941954890448,-0.0008160524908110167,-0.0012223674693625577,-0.0016204384971683762,-0.0018496524175200015,-0.002086273482420502,-0.0022297559192707233,-0.002285400888264265,-0.002674956951954191,-0.002980666813174149,-0.0036525211102394544,-0.0042284763859751434,-0.004525155518472311,1.0132212780798555,-0.004283554686870997,-0.0032808584512702315,-0.0022913942696686216,-0.001433652768854934,-0.0007131750217173504,0.00044737848813130264,0.0014650763728758333,0.002349889200031766,0.0033491998671677367,0.004203944926746638,0.004519566977351419,0.004619878571085417,0.004221029132514999,0.0034945175788565278,0.00269938725877866,0.002216450296785521,0.0018456801282361816,0.0016009613652163673,0.0012689633523377433,0.001012084545262358,-0.00032871783767485463,-0.00034448845294204433,-0.0003813354784739806,-0.0003963522640712188,-0.0005271092233973779,-0.000328008561469769,-0.00023179788723381238,-2.133350439802805e-5,-6.830539786361204e-6,8.24615530968053e-5
2.9605166533497687e-6,-3.688892407483593e-6,-2.6685364525983633e-5,-5.842303746524552e-5,-0.00010607452009635678,-0.00020653251643256346,-0.00028537529367143205,0.00024303049764955905,0.0006715593363825311,0.00040185022761955036,0.0008154806594787607,0.00044052659083155155,0.000673548010069902,0.0003542066930312736,0.00026182758927736194,-0.00015133681232278333,-0.00041968520372528815,-0.0007894263624112246,-0.0009929929854558131,-0.001093810097591741,-0.0011988474860162358,-0.001263795022123833,-0.0013448232837116646,-0.0017288778801534306,-0.0021224855164879725,-0.002817278114224282,-0.003466419671236486,-0.0038959370581524736,-0.004283554686870997,1.0136563639010918,-0.003738638978530549,-0.0031063293332978447,-0.0019096056465557059,-0.0008777505138207199,0.0002883616148751234,0.0015413588561942356,0.0025958464067198884,0.003475420444008911,0.0040975593720546525,0.004263808910094085,0.004222231623130784,0.003699165181330224,0.002679203391158375,0.0020696067839893082,0.0016723562919772575,0.0013371708144188322,0.0011161531544091369,0.0008055417765059493,0.0005827903464591319,-0.00020789026215609513,-0.00024471942909934586,-0.00028286480611886287,-0.0003066454759041938,-0.0004319746316539245,-0.00026915873227871876,-0.0001267961588172668,4.223409742830605e-6,1.2019737876220196e-5,7.060113974596068e-5
