1.0419845733762299,0.3025302367264979,0.48197419359432087,0.045597612675290125,0.2587726342468365,0.17804810958735523,0.23312359411812117,0.18799806528866833,0.1193950776927093,0.2315261158538005,0.14444361345071047,0.20505832010021743,0.09945103668744464,0.1728155017227279,0.1389351452687603,0.1413905317747664,0.0997639787230094,0.23803163296782287,0.09207249946076222,0.10914456994489358,0.12395799657279619,0.1800629020959858,0.18456419155955325,0.04752774214859412,0.20591980945899935,0.14543722956638935,0.11257448234854414,0.05876311975369192,0.13104306841390062,0.20392857207839893,0.10070504500191972,-0.016934295073810265,0.0928665200854634,-0.020329502371150134,0.13412015369566185,0.06069835948333773,0.13952207477747713,0.16995800840715844,0.17714055872039589,0.05994370025690472,0.10733885497034967,0.10071146864178498,0.1899860694752858,0.14455359593407813,0.08685225996743672,0.12524060708694526,0.20659287437095833,0.005931572728491667,0.2002888334668595,-0.12242178015031992,-0.0038027668711585047,0.0318208848054287,0.08270042353997313,0.035492105640245415,0.1363203550056509,-0.0002542566689408043,0.00742512896185753,0.10741707689389042,-0.2748126399352342
0.3025302367264979,3.230250050160895,1.9241234332690875,0.3328707164008719,0.1499144627115572,0.3273112521833124,0.21873282480615122,0.387614869634117,0.1808910203515294,0.4578982028298506,0.2688035380705849,0.36279393203986954,0.19528633303421622,0.21829439416913804,0.2508526964302642,0.23109583443258033,0.3685091268650412,0.4525506295918748,0.15901951993382302,0.4919011970711026,0.30821269264551077,0.273153427185277,0.268311789830626,0.29617397543303536,0.3624436252404769,0.23605318689984248,0.2927409068200121,0.2957957788594702,0.8062422491988627,0.6076519069806592,0.053805069026038155,0.037369297493617615,0.33820969482388846,0.35886200433754,0.4413711987322751,0.2827559700981962,0.6348612862050897,0.11078897359073239,0.39190977263114884,0.15768620376796655,0.3900044152876644,0.25075710130475926,0.39230949325146103,0.12926328584623042,0.1869811949517447,0.26432760667667543,0.4387126077868422,0.006034707683037911,0.06976918890896824,-0.21387094487869285,0.12112053313113331,0.04216358102696524,0.016879784429483183,-0.06602236702100246,-0.636965854910153,-0.2398812666358677,-0.6106777173920689,0.5460547235144985,0.4765857065676649
0.48197419359432087,1.9241234332690875,4.187718706984038,0.2899001150829362,-0.037146247044142065,0.4625019852400081,0.2634350726257636,0.4448369531420404,0.3721912513757947,0.4451406187275669,0.28245538435675727,0.43556924527230234,0.15924830572748935,0.23129542703211925,0.33263158038795776,0.2442894789812687,0.3713622046886446,0.48935225387905357,0.20581914395382708,0.4037814044215981,0.3944383580373983,0.39603519915664664,0.3473844924551891,0.3817919277817655,0.4378571771030848,0.28565646862306615,0.2884291813099839,0.36358401610424557,0.8096398822208387,0.519295282870158,0.22474501041078399,0.2088077603519933,0.290837390271024,0.34726382287649565,0.6264373934719288,0.4018827722503254,0.3959602079491134,-0.02971385001464898,0.43693187035737957,0.2908035960430103,0.39358211773058904,0.3617396443101673,0.37550208686873643,-0.030148205413393702,0.3222830905923985,0.49099096582281354,0.5152091258789113,-0.041310308453424795,0.4360692079069498,-0.15614526246910929,0.06000088460472851,0.2803365251361183,-0.0015113554032513993,-0.09863819958209144,0.21448844124873895,-0.027865467957895927,0.026319893395737804,0.06306065164233178,-0.385147443827683
0.045597612675290125,0.3328707164008719,0.2899001150829362,2.430750641375395,0.23202940397254393,0.4695866061135029,0.3861644960046314,0.46875651427507037,0.3682423569546822,0.43292521054910355,0.4240719913564702,0.6036369173697324,0.2671753952822102,0.4338333309628154,0.35089192802893,0.4709945085763644,0.3393113860825188,0.2637246734418749,0.31870184781643235,0.3096651706854853,0.2928663351630568,0.4019348988345332,0.3278075489606189,0.3837214760234076,0.35410022955576526,0.37290658247636194,0.37811804822821926,0.044447267482154745,0.17020004330243665,0.25135849008804545,0.2254721605950664,0.3106337543608324,0.35863631952690816,0.30196082714105327,-0.37107041366513854,0.1166891128713182,0.2084231305263089,0.4997903318846507,0.43293278341514546,-0.25377453237553826,0.20897892204610427,0.28402339672852955,0.3667822962631339,0.6955933526372571,0.11268292300976626,0.1766390453836968,0.3762693712495343,0.02653999150088929,0.23012751230463244,-0.20037356530420639,0.005845608009210848,0.02431322920060693,0.01575615141629583,-0.1850335027310388,-0.08605994032570287,0.05296673743413036,-0.07842552325829885,0.30056647155935595,-0.516617365461804
0.2587726342468365,0.1499144627115572,-0.037146247044142065,0.23202940397254393,1.0146445729515208,0.37032180300125056,0.29307522728773094,0.3244808240190384,0.18590390683227787,0.2382900545751677,0.2691508733587413,0.32500461101417155,0.21221781542467436,0.23725692336598286,0.22827845717382997,0.27850248975977926,0.2069302335874065,0.1777765175755561,0.17073787780450722,0.2155956243281339,0.21225385243060785,0.21280100919961945,0.1670747767224687,0.2514296185869906,0.1852008922117136,0.30811505057628935,0.21698602885525564,0.04239405468072835,0.1861038566002195,0.10271330715246005,0.1342143955325777,0.31982540331073755,0.12756384166467455,0.28377817249189086,-0.05484708761187538,0.09215958838832332,0.04602053164845145,0.2451818154766811,0.22601113736855907,-0.00808727598173309,0.13787381263771176,0.23389677041280252,0.17488883429725002,0.20100622205788818,-0.05487020770478184,0.12355216365984184,0.21752079741384048,0.01440144632243168,0.27787524739219394,-0.10374035730844984,0.027296933918256133,0.011302067322224225,0.05833057147542309,0.09498648386319127,0.05136321030058712,-0.05834263096466556,-0.017617920149540833,0.06506296391865311,-0.0987792049701477
0.17804810958735523,0.3273112521833124,0.4625019852400081,0.4695866061135029,0.37032180300125056,0.8656673483928339,0.2359752460331859,0.4005491341017732,0.26856785958441926,0.19127465088429826,0.32397080360689645,0.39608549942486504,0.2087823423546007,0.21652606106052763,0.27041453043860614,0.25992956860593974,0.2583912779775834,0.20148052982773196,0.21548585507268683,0.346406068928558,0.2609726864664269,0.28184920323483753,0.20631146065409242,0.3362268537118789,0.2916746437084413,0.35977512138080364,0.29072682292451235,0.16964236557389056,0.4157180411070748,0.18930373469431808,0.153295296255803,0.3999146530880772,0.13520311495237297,0.3444881372265205,0.14587006136344358,0.08250356524311327,0.12287407607335293,0.28886921711447233,0.3263661298837768,0.07017446295337347,0.11027530013512969,0.2541508836352207,0.31112249361097577,0.2859343390808234,0.0949257623570964,0.1783437978309354,0.31320715336006727,0.009199836594738279,0.3124939132370668,-0.00831218978617634,-0.1781852822353586,0.15378085828539745,-0.12218242309784447,0.04430477225463447,0.04815463557656468,-0.06866215131765417,0.0314796155238587,0.20411351554640927,-0.23718245416241196
0.23312359411812117,0.21873282480615122,0.2634350726257636,0.3861644960046314,0.29307522728773094,0.2359752460331859,0.7369955010857647,0.15063973654551202,0.32303404285341314,0.1878001063350779,0.2625785342135368,0.4297615996950907,0.19079239372599938,0.17040143336893496,0.21225895203502815,0.23946484908880214,0.20792838013149714,0.1795082971002441,0.1264987644661851,0.18038952790417723,0.220344956850009,0.27492013962029577,0.16852139028347196,0.25978098573924735,0.22522723771116007,0.3131790436876857,0.2345344522319517,0.07556999681713972,0.18488013920912297,0.1404957199106612,0.1351822810383026,0.24594259091668136,0.16208380273869358,0.3005684984670636,0.07705550389598471,0.10644058625538602,0.07433147197638287,0.22554631317970228,0.25861226680281046,-0.01471750906948092,0.13748436078387125,0.22145708278471687,0.25793812791454285,0.24330048699712475,-0.04163919039651567,0.17680309824010249,0.16710166301537094,0.009949463926916029,0.35458182612485584,-0.06794519124644767,-0.05017651076148844,-0.04969328644646026,0.1067100945858935,-0.06806649837739498,0.09432851333469731,0.05006173949522461,-0.06406857227746035,0.08027670097399398,-0.2466799990288638
0.18799806528866833,0.387614869634117,0.4448369531420404,0.46875651427507037,0.3244808240190384,0.4005491341017732,0.15063973654551202,0.7520821087888974,0.12451321717804757,0.37449517431303214,0.3154505148939317,0.1592966833291227,0.25009571993374835,0.30096269770373263,0.26171785201189485,0.2679480507301787,0.28882637859827687,0.2737945788741082,0.26412206604423094,0.29195479527535395,0.2540271159568794,0.2530269806743916,0.2295776685723154,0.268154844285092,0.2955845843673665,0.2555936226462779,0.24479435572649913,0.217788819542182,0.31140894590806845,0.3809011253637607,0.22426331740183464,0.1827554639317011,0.27087715289158193,0.26201788136418896,0.23514715523499796,0.1376172189541129,0.32121023638921115,0.2433391724357659,0.4328607076967296,0.10302273880686445,0.20881242967167093,0.23610198891244885,0.37875439302225,0.24574984901067218,0.1277842959240461,0.2591888951036477,0.4159753121679916,0.01679221199363908,0.38450393134479,0.05351007057617646,-0.03510068215165658,0.1546494430447042,-0.03570532519156255,-0.11904668132370337,0.1695278490804292,-0.17106918021870376,0.13012740815433327,0.13037659059843298,-0.18407822100126292
0.1193950776927093,0.1808910203515294,0.3721912513757947,0.3682423569546822,0.18590390683227787,0.26856785958441926,0.32303404285341314,0.12451321717804757,0.7445648814065792,0.1464177629055016,0.24879378115241277,0.344275044900195,0.16043360837616644,0.2524660944458854,0.3314562402166924,0.25081562077224656,0.23942768513369986,0.14710994407402334,0.16911633912844767,0.21802052683218015,0.24114165287467992,0.36627660619965635,0.17544996262349563,0.25505849176372775,0.2307419712373495,0.33491386575299414,0.2616094376259869,0.1667658793079932,0.10748822728199232,0.2347452374161306,0.22774708086408013,0.2337247049765965,0.24585197760082167,0.20127768628695272,0.11706042392004123,0.1432543623677874,0.20542180702747434,0.259990463552491,0.21002496823930472,-0.07079757525148982,0.17379373482295285,0.23989555728495263,0.30760635501413736,0.22928463519862274,-0.0411937984492721,0.20226305116422105,0.23757393812549088,-0.005115233230854106,0.5580699589058576,-0.1702077424950438,0.013346145059771955,0.08280513447634943,0.09201765717398068,-0.12051735561615064,0.17482525547589123,0.153532049155747,-0.05321176268442582,0.083048976988151,-0.4403167910753802
0.2315261158538005,0.4578982028298506,0.4451406187275669,0.43292521054910355,0.2382900545751677,0.19127465088429826,0.1878001063350779,0.37449517431303214,0.1464177629055016,1.1563913694895525,0.2395246380248718,0.38425893836697744,0.17188715877843763,0.3495757914061763,0.29596297973278807,0.3252244191321704,0.33335966145727713,0.474849927245443,0.3397032565557288,0.11368215570470126,0.18907875067888694,0.3165332588584444,0.3582649949760397,0.19481985498791185,0.3245991814047488,0.1709048066539157,0.25821703257147827,0.22804938425552115,0.1342009469635033,0.39598613665360394,0.28007722561535225,0.07284722479273548,0.16308249014252055,0.3169695631356248,0.3599296173416545,0.3034168448404524,0.47191408020160397,0.25442045096784005,0.24301758597478162,-0.06972401847302392,0.31763319597647494,0.15960526719505327,0.32512454481946407,0.2676602187704105,0.08070045660506771,0.25566635992557496,0.4829840411873084,-0.03248477079584131,0.2657000368998507,-0.2375043805087875,0.06239190896061683,0.08339736322100698,-0.009248426478271425,-0.07763608797755121,0.09100455425287918,0.06151585044511096,0.02608562855861869,-0.21034497161284943,-0.14186521780462413
0.14444361345071047,0.2688035380705849,0.28245538435675727,0.4240719913564702,0.2691508733587413,0.32397080360689645,0.2625785342135368,0.3154505148939317,0.24879378115241277,0.2395246380248718,0.5197014333495353,0.3205788493497161,0.2664034284096577,0.27558439431605025,0.35525954452561603,0.2653353158880445,0.302293889435298,0.15490956182785792,0.18957651323395708,0.350070762917849,0.237965053894773,0.24935302993266997,0.13583068644219384,0.2502755457322665,0.25363456793660216,0.2739805853728128,0.277788640614464,0.16328139249802504,0.23897436382240525,0.24268243191071787,0.19696961873661292,0.2550038364359351,0.14547777973249515,0.29616471023809793,0.21081463596565986,0.18061931454255706,0.22075695633769687,0.25222596826877564,0.32265523652652056,0.047186456962745225,0.2215045087273168,0.24091431906202954,0.2270625465145256,0.1812196119132983,0.1162687514516858,0.2112607147683971,0.28598053695724457,-0.004003987935952019,0.23312227517446787,-0.0999681858356496,-0.029107709486365176,0.036398339494754656,0.032702177339790785,-0.029486073855728323,0.04872598094036357,0.00872651969717754,-0.03207448984801981,-0.0013384885915306238,-0.14575850644396907
0.20505832010021743,0.36279393203986954,0.43556924527230234,0.6036369173697324,0.32500461101417155,0.39608549942486504,0.4297615996950907,0.1592966833291227,0.344275044900195,0.38425893836697744,0.3205788493497161,0.8381104206115003,0.15003663612052034,0.22191899475452936,0.26866073655846084,0.31178947143734415,0.28451442990214876,0.296132595906803,0.19407933056968504,0.23849939609209989,0.23174317180050077,0.31231811802990894,0.24741984609575227,0.28006781105826145,0.32342783119298535,0.38472643232930676,0.31916173864037123,0.05162134767937397,0.255932565247849,0.10342129376750309,0.11896002004887951,0.30630892985808567,0.03659597525135286,0.40827817485842,0.2169046510817025,0.1977086279784368,0.0840243434962714,0.280669442474286,0.23935809070364394,-0.034209969650396986,0.2010061412736488,0.21916188589810223,0.2089268047235205,0.27344149764119324,0.06872526210329126,0.1847043049019381,0.26044675157801683,-0.015206184980084232,0.18260655346235044,-0.2832591507783904,-0.013497645340570342,-0.06208859320044129,0.1285681880641192,-0.0009225043867817516,-0.06153564805889178,0.1417559815817466,-0.12467599238051282,0.052250782419255966,-0.3218537886290315
0.09945103668744464,0.19528633303421622,0.15924830572748935,0.2671753952822102,0.21221781542467436,0.2087823423546007,0.19079239372599938,0.25009571993374835,0.16043360837616644,0.17188715877843763,0.2664034284096577,0.15003663612052034,0.46191042090051304,0.22746254005928052,0.16551887929268105,0.2295155772405532,0.24705876898209847,0.11851820723410826,0.19965593314643332,0.22437968095000738,0.17126285042018452,0.26340441336598946,0.09881443170491477,0.21125057782864737,0.1860495780384166,0.1611111296288799,0.20437412710129857,0.1617723842420199,0.2599355905914376,0.22673900188829116,0.14614873456915423,0.17298167362777847,0.15394902466761548,0.24692914386494458,0.18220401058619332,0.12952999232554757,0.19656829209622984,0.1604911759567966,0.27146318816848114,0.10477648151414033,0.18796354354493758,0.17337705038504492,0.1491756894958406,0.1962801287761711,0.08263910311878978,0.1741952048855564,0.22208457899460982,0.006496089758478259,0.16174731600692882,0.07545371141073409,0.0015275037569568008,-0.09845109378539241,-0.04937612394677804,-0.03827888635841378,-0.05021490021633785,-0.07180852012377303,0.01943863519608426,-0.042894056721392564,0.09605071800290763
0.1728155017227279,0.21829439416913804,0.23129542703211925,0.4338333309628154,0.23725692336598286,0.21652606106052763,0.17040143336893496,0.30096269770373263,0.2524660944458854,0.3495757914061763,0.27558439431605025,0.22191899475452936,0.22746254005928052,0.6677504764279868,0.2979281311911745,0.362804065399901,0.2815799527838616,0.1906247948870597,0.2120580550280406,0.2631217035878703,0.20267738311134267,0.2955712795370594,0.16890287811684945,0.18375858997336317,0.25880761793514184,0.23219802084668098,0.2220824096861121,0.22104581535819262,0.13302094344263568,0.32322459144700294,0.22631554081941205,0.15987315859876033,0.2447422686768366,0.15493144901659472,0.19604322653204215,0.1871222051818659,0.3552222563441726,0.3000570170091028,0.229847424395566,0.053882214348102926,0.24981084774704337,0.20861919407655255,0.25544822703712267,0.2553352801227279,0.18728545773412256,0.21216965691626086,0.330945501151249,-0.0016445690317044414,0.3367674529839083,-0.0782752359403121,-0.003430265311118121,0.07596745000253156,-0.01580476088408514,-0.04396666172594982,-0.07019529218703933,0.03293822560273322,0.003324674876188804,0.16895417198142137,-0.24579704042137268
0.1389351452687603,0.2508526964302642,0.33263158038795776,0.35089192802893,0.22827845717382997,0.27041453043860614,0.21225895203502815,0.26171785201189485,0.3314562402166924,0.29596297973278807,0.35525954452561603,0.26866073655846084,0.16551887929268105,0.2979281311911745,0.8368358808211831,0.2463713529130512,0.2650335597867126,0.13055777375788677,0.21334267307562402,0.3323275130663918,0.2537866971485791,0.19831228667994485,0.1298340462920794,0.2381464546633173,0.28112327443123686,0.2422759235804938,0.29038358700210304,0.2779850285575685,0.1888270832289724,0.34010370566873016,0.27131774472137704,0.21396789680628403,0.2892234074532462,0.17582262180440375,0.1569060933094936,0.19560339822591521,0.43029131471997367,0.27544011074594155,0.2805463560016213,-0.0114653713336595,0.23095581392021777,0.2793402425715968,0.22762500471853367,0.138442740007009,0.09925389986098695,0.2308983225878403,0.3181257515369495,-0.010956802746900982,0.34273697471870956,0.18176703428620344,-0.20213454643082024,0.3269253393026007,-0.22608757223730136,-0.11750136739809539,0.060728235733582936,0.07454517228937411,-0.030208341158840104,0.011091514523639781,-0.14789559600506758
0.1413905317747664,0.23109583443258033,0.2442894789812687,0.4709945085763644,0.27850248975977926,0.25992956860593974,0.23946484908880214,0.2679480507301787,0.25081562077224656,0.3252244191321704,0.2653353158880445,0.31178947143734415,0.2295155772405532,0.362804065399901,0.2463713529130512,0.5660303871667952,0.32315053991567705,0.18453700640696166,0.2623846394269922,0.2534453608560952,0.2285523838290679,0.3458398439904578,0.16524395064339498,0.23206567845742987,0.2911311730477493,0.26573598427920947,0.30585535312975975,0.22834966584230948,0.20063386982822906,0.2987877241235559,0.2000758102322821,0.20097333983189616,0.20236050668952538,0.2700082076032692,0.2882969972730939,0.22483752073744337,0.3130101393015655,0.2741442699855055,0.25813891395739075,0.014733214152955917,0.2756081765755904,0.24380325837203845,0.2860447691148472,0.2807620436562451,0.16705375357692692,0.22673395792078305,0.30166990339195554,-0.01589538158186856,0.1994782496196974,-0.11156358406658293,-0.04185805552684986,0.01658452912216187,0.02730906558797531,-0.041625968548515926,0.041750926903549285,0.028429601065104924,-0.03346919829532901,0.12745460627583802,-0.3173102647499602
0.0997639787230094,0.3685091268650412,0.3713622046886446,0.3393113860825188,0.2069302335874065,0.2583912779775834,0.20792838013149714,0.28882637859827687,0.23942768513369986,0.33335966145727713,0.302293889435298,0.28451442990214876,0.24705876898209847,0.2815799527838616,0.2650335597867126,0.32315053991567705,0.838130970376285,0.12777857079345048,0.27139181769165094,0.4353378463702164,0.26879181592601714,0.32897106817671246,0.17428910905978565,0.2404122714313932,0.3328467757986966,0.2486606040687185,0.2724116563383618,0.3264175650130978,0.31200954726292146,0.3166344566644333,0.20175014406108313,0.21738253238511515,0.24282617031623538,0.32216066886272293,0.3552573846155967,0.26330945764058017,0.4220680841071828,0.2956509687621922,0.3543447800823251,-0.00011092722690579568,0.32458176111114867,0.2524755863193154,0.2827356927795851,0.24302038348247554,0.3188034495463967,0.28405726327046976,0.329904348718253,-0.014989417289353029,0.16828909745884993,-0.01820118297764324,-0.07420656914605997,0.12772236673810705,-0.003618012334449874,-0.038362212333436514,-0.2216920679974126,-0.011880979447778446,-0.12067686482181071,0.27263858927841617,-0.41835441716868393
0.23803163296782287,0.4525506295918748,0.48935225387905357,0.2637246734418749,0.1777765175755561,0.20148052982773196,0.1795082971002441,0.2737945788741082,0.14710994407402334,0.474849927245443,0.15490956182785792,0.296132595906803,0.11851820723410826,0.1906247948870597,0.13055777375788677,0.18453700640696166,0.12777857079345048,1.254886306061797,0.2832111387282078,-0.2201638612511374,0.3067644543856144,0.2888502237897035,0.46245218176211234,0.20597584508373176,0.2164545760855448,0.2907029050289137,0.06420441862164915,0.21571421963366708,0.2987153478098705,0.15705017988348516,0.4680316520487721,0.06108290319725704,0.3535666855605676,0.2694018019112437,0.19368646634306066,0.22023970705479023,0.32989752330802813,0.25906783576355463,0.16180681134551209,0.08211934234794058,0.20291857364845778,0.16488421874320977,0.4374185596543041,0.0952552011165193,0.3863013440480556,0.42837656112251193,0.6152133686744172,-0.02805329476262315,-0.007216770142647305,-0.03400061802053045,0.1387549564894809,0.21443313862724236,-0.1750242178830087,-0.20798353275336048,0.38977683066992624,-0.011911637267426757,0.2097299715168166,0.2719458881594339,-0.9170992010452472
0.09207249946076222,0.15901951993382302,0.20581914395382708,0.31870184781643235,0.17073787780450722,0.21548585507268683,0.1264987644661851,0.26412206604423094,0.16911633912844767,0.3397032565557288,0.18957651323395708,0.19407933056968504,0.19965593314643332,0.2120580550280406,0.21334267307562402,0.2623846394269922,0.27139181769165094,0.2832111387282078,1.0482744365769876,0.0022269209557135594,0.2651763337876237,0.34089093085056577,0.01740043260081308,0.2250178811657149,0.1527376791971543,0.15580832835135905,0.17062007253224162,0.18432024816481332,0.19085271715681515,0.2906882742683251,0.28798197792764196,0.1903609844131852,0.2940952503199547,0.18246617218445632,0.15084525019631537,0.2321691378232501,0.3714948550684914,0.33240213071960373,0.25202187562729045,-0.05077479309354238,0.26230523006968876,0.2220822504140775,0.26822435615524304,0.17191046940559435,0.14164261164591566,0.23900210814539988,0.28568874213177675,-0.013828107392445822,0.14122734192830935,0.36743315090897194,-0.056987953397629736,-0.2277725360518235,-0.09582956701515058,-0.1112831065709757,0.023372778572116747,-0.013034466130010863,0.011214979507687415,0.16677951324533494,-0.2764646450581077
0.10914456994489358,0.4919011970711026,0.4037814044215981,0.3096651706854853,0.2155956243281339,0.346406068928558,0.18038952790417723,0.29195479527535395,0.21802052683218015,0.11368215570470126,0.350070762917849,0.23849939609209989,0.22437968095000738,0.2631217035878703,0.3323275130663918,0.2534453608560952,0.4353378463702164,-0.2201638612511374,0.0022269209557135594,1.1748804234690975,0.16794681975954803,0.19685697679574818,0.056267383651847455,0.3060475440717948,0.32658938485593014,0.3092834543427413,0.41465258769388097,0.3084007434218236,0.33630520558725385,0.5185916255421389,0.0984743406560166,0.24299803368751272,0.24421352950379385,0.21050097408370722,0.3243361261501242,0.15848455945761467,0.4867660838018085,0.25113695661582064,0.32138218719794087,0.16789838583028657,0.31965322230232013,0.23821748922740676,0.3924164916174814,0.22338053248374973,0.3142969574129787,0.21116813340365737,0.20737333063253538,0.03787318343029533,0.36505477356648075,-0.1299068543839216,-0.1100169832840218,0.11689038951442338,0.04755239235895858,-0.014574527748897769,-0.1351521261895896,-0.08322103742750449,-0.1591008115105293,0.2630060783239768,-0.033148025682426446
0.12395799657279619,0.30821269264551077,0.3944383580373983,0.2928663351630568,0.21225385243060785,0.2609726864664269,0.220344956850009,0.2540271159568794,0.24114165287467992,0.18907875067888694,0.237965053894773,0.23174317180050077,0.17126285042018452,0.20267738311134267,0.2537866971485791,0.2285523838290679,0.26879181592601714,0.3067644543856144,0.2651763337876237,0.16794681975954803,0.5517441186343359,0.26957727389006564,0.13851249379228717,0.3125333644105209,0.21483391228546636,0.33609620750760694,0.20490156975395984,0.24395466531196958,0.2729586951216398,0.3253854409474483,0.38739037573666973,0.2971048116902562,0.3710461344102594,0.27362209944381727,0.1942061029898453,0.2520949810991686,0.2690955466723432,0.33317371709808075,0.2600943112906872,0.017110726176723247,0.3389816285980522,0.4206013318886482,0.3351216549016028,0.11994297286097891,0.21388664673568208,0.3351359463420814,0.3967823067728892,0.0030865889672856664,0.12723801755845215,0.07791176559192943,-0.06239600658502592,0.11455546236059812,-0.06021679407181185,-0.10963944448384254,0.3728136421106791,-0.05858974935072193,-0.01951404172769029,0.029117824590228318,-0.3401178307001286
0.1800629020959858,0.273153427185277,0.39603519915664664,0.4019348988345332,0.21280100919961945,0.28184920323483753,0.27492013962029577,0.2530269806743916,0.36627660619965635,0.3165332588584444,0.24935302993266997,0.31231811802990894,0.26340441336598946,0.2955712795370594,0.19831228667994485,0.3458398439904578,0.32897106817671246,0.2888502237897035,0.34089093085056577,0.19685697679574818,0.26957727389006564,0.8693109687135858,0.26293021810852646,0.29729307809575733,0.3117065587411992,0.2721284886086599,0.27976470214242727,0.20205460139496412,0.2782481451085885,0.35829516025187463,0.2579825466629026,0.20219406721696656,0.330010913227791,0.28296294545999445,0.2122051202756946,0.24819525187119945,0.3045929507147659,0.3579213593552373,0.3002293386919966,-0.018469319215397344,0.2785880442646295,0.2562292455137443,0.35117180273099635,0.31878638072048887,-0.012998925885906946,0.327537958420568,0.36481262451088575,-0.05618070998823963,0.6937996827668764,-0.07708724183652779,-0.0015005417108027866,-0.13811816648343292,0.057883038463130865,-0.10964749570476365,0.10099977220856941,0.026856608444773285,0.007061463835831401,0.13528116642525947,-0.46557635803734726
0.18456419155955325,0.268311789830626,0.3473844924551891,0.3278075489606189,0.1670747767224687,0.20631146065409242,0.16852139028347196,0.2295776685723154,0.17544996262349563,0.3582649949760397,0.13583068644219384,0.24741984609575227,0.09881443170491477,0.16890287811684945,0.1298340462920794,0.16524395064339498,0.17428910905978565,0.46245218176211234,0.01740043260081308,0.056267383651847455,0.13851249379228717,0.26293021810852646,1.3507033522197451,0.3066474494473791,0.4453364489591958,0.015221944358554316,0.08169443796849388,-0.05718951224239722,0.3354084867500607,0.371728568767059,-0.016431074713492807,0.0677761385075072,0.23046842699333447,0.2822805257671553,0.03975559128487445,0.2174397358122666,0.20175047931442097,0.061030862158377566,0.4027401139371473,-0.1600945872321536,0.2115506043359304,0.07906015076123493,0.2618509278611336,0.463760834435498,-0.08019500615943712,0.22752729563046736,0.41014493397442786,-0.010004173624812712,0.1373841666591789,-0.2042915613829122,0.10400318625740519,0.06233810895308471,0.03191863264645943,-0.14422573805681602,-0.09505834472706905,-0.04008051488342393,-0.10363439673340143,0.15698756364997016,-0.1527538876756387
0.04752774214859412,0.29617397543303536,0.3817919277817655,0.3837214760234076,0.2514296185869906,0.3362268537118789,0.25978098573924735,0.268154844285092,0.25505849176372775,0.19481985498791185,0.2502755457322665,0.28006781105826145,0.21125057782864737,0.18375858997336317,0.2381464546633173,0.23206567845742987,0.2404122714313932,0.20597584508373176,0.2250178811657149,0.3060475440717948,0.3125333644105209,0.29729307809575733,0.3066474494473791,0.8793233692519813,0.3052672215700054,0.26208297831548016,0.2880549464260222,0.23194234490164353,0.4135530056077933,0.4985058515774802,0.2522052019641954,0.7117281047181548,0.5043350648371889,0.29880351841913644,0.11316616148118289,0.21369398390676259,0.24310140648385786,0.332389566453815,0.2811768638795168,-0.07823471822475801,0.2502482784258869,0.2998861295131412,0.311037818389748,0.24421181687279653,-0.05026831821194422,0.293641632451165,0.4033780223037371,0.009541841479551562,0.3809883626319375,0.017437435630218847,-0.09306364860952429,0.13004781018778028,0.00493120547379971,-0.10326079580925723,0.021273757059084412,-0.1087260560218871,0.0414165358944497,0.09585859257194952,-0.10866765807914038
0.20591980945899935,0.3624436252404769,0.4378571771030848,0.35410022955576526,0.1852008922117136,0.2916746437084413,0.22522723771116007,0.2955845843673665,0.2307419712373495,0.3245991814047488,0.25363456793660216,0.32342783119298535,0.1860495780384166,0.25880761793514184,0.28112327443123686,0.2911311730477493,0.3328467757986966,0.2164545760855448,0.1527376791971543,0.32658938485593014,0.21483391228546636,0.3117065587411992,0.4453364489591958,0.3052672215700054,1.0678173985075123,0.12057660941865485,0.2836724641315212,0.18892232500610437,0.5415351808199566,0.5470312796502325,-0.06571448367595296,0.19032119548266635,0.22110138940181048,0.3770607309815194,0.3414693284677484,0.23515271827961745,0.479091072749972,0.26169692067531025,0.4681720776678938,0.016241318914975635,0.2888728969450209,0.2110512342822887,0.35701571711116803,0.35822475721741115,0.18566861524756678,0.35320344726472797,0.4354858014607671,-0.012966005806220472,0.26623445143572166,-0.3000647380821782,-0.06763611789692893,0.0990728808191457,0.0958493781717615,-0.0920959447278226,-5.100240828368093e-5,-0.005254456158846761,-0.025943770345344258,0.12966834120339035,-0.24356856785691772
0.14543722956638935,0.23605318689984248,0.28565646862306615,0.37290658247636194,0.30811505057628935,0.35977512138080364,0.3131790436876857,0.2555936226462779,0.33491386575299414,0.1709048066539157,0.2739805853728128,0.38472643232930676,0.1611111296288799,0.23219802084668098,0.2422759235804938,0.26573598427920947,0.2486606040687185,0.2907029050289137,0.15580832835135905,0.3092834543427413,0.33609620750760694,0.2721284886086599,0.015221944358554316,0.26208297831548016,0.12057660941865485,1.379147840763968,0.2877130091451282,0.17901803088257962,-0.14509863288944352,-0.09019608915825232,0.26330521072836194,0.42056980845356506,0.17972142927290202,0.31884252134753327,0.21786677793980094,0.1700631034148223,0.04376541275409168,0.4515737738975573,-0.5125764186359189,-0.02867497643683888,0.23532796641508852,0.344236292339779,0.41004513809300863,0.16671892487068607,0.041783901879419966,0.27323276939899593,0.1644544943754983,0.0049643894161483385,0.05568113634934177,-0.07503534964223149,-0.10426196036779267,-0.06232450817047368,0.13606223162914372,-0.01569212463242547,0.15374969821703813,0.0551095176470493,-0.03652652259262121,0.3353591464712235,-0.6277741609565556
0.11257448234854414,0.2927409068200121,0.2884291813099839,0.37811804822821926,0.21698602885525564,0.29072682292451235,0.2345344522319517,0.24479435572649913,0.2616094376259869,0.25821703257147827,0.277788640614464,0.31916173864037123,0.20437412710129857,0.2220824096861121,0.29038358700210304,0.30585535312975975,0.2724116563383618,0.06420441862164915,0.17062007253224162,0.41465258769388097,0.20490156975395984,0.27976470214242727,0.08169443796849388,0.2880549464260222,0.2836724641315212,0.2877130091451282,0.9072854984514369,0.2583614619148598,0.16682856332399898,0.313508207629777,0.15934515832809956,0.3924861256586314,0.22057920850142662,0.297086795011124,0.24947786149992038,0.23027237215381077,0.23857751985949585,0.2633588765464858,0.2218545280747147,-0.06778254604458718,0.27366781879612445,0.2354092484694998,0.4033947738005403,0.25656546834935434,0.009168146468399153,0.2208482349193668,0.24152318975951761,-0.0013777851058748025,0.3786576236763796,-0.05598443732932015,-0.06365917787851062,0.07618422643078786,0.0017608186691189822,-0.044996944724888535,0.19613351760007536,0.0362967667227821,-0.04254650844318058,0.03769614804345754,-0.24989624769899135
0.05876311975369192,0.2957957788594702,0.36358401610424557,0.044447267482154745,0.04239405468072835,0.16964236557389056,0.07556999681713972,0.217788819542182,0.1667658793079932,0.22804938425552115,0.16328139249802504,0.05162134767937397,0.1617723842420199,0.22104581535819262,0.2779850285575685,0.22834966584230948,0.3264175650130978,0.21571421963366708,0.18432024816481332,0.3084007434218236,0.24395466531196958,0.20205460139496412,-0.05718951224239722,0.23194234490164353,0.18892232500610437,0.17901803088257962,0.2583614619148598,1.358808215792565,0.09269354659979344,0.32285462727502945,0.40533154331365856,0.0771541977269759,0.5759204376289127,0.13975549909691581,0.5976570880668498,0.24830561049003333,0.6615084683050487,0.22954153123946178,0.11428489830338821,0.1593529706276292,0.31528575933870584,0.20708597621377217,0.32918236185806754,0.11420479846092305,0.17275891087081247,0.2417430479181284,0.26738374773847795,0.005584812940726747,0.1744815010532172,0.15340762045031067,-0.07862657208565257,0.66487454346173,-0.7203120779537231,-0.06551844014954421,0.28594959703914946,-0.06585017954060783,0.1396366158559946,-0.10756627843939458,0.16514369378699814
0.13104306841390062,0.8062422491988627,0.8096398822208387,0.17020004330243665,0.1861038566002195,0.4157180411070748,0.18488013920912297,0.31140894590806845,0.10748822728199232,0.1342009469635033,0.23897436382240525,0.255932565247849,0.2599355905914376,0.13302094344263568,0.1888270832289724,0.20063386982822906,0.31200954726292146,0.2987153478098705,0.19085271715681515,0.33630520558725385,0.2729586951216398,0.2782481451085885,0.3354084867500607,0.4135530056077933,0.5415351808199566,-0.14509863288944352,0.16682856332399898,0.09269354659979344,2.9713653341021127,0.7010790719140099,-0.16704018785314423,0.28742877149908785,0.07068922380436618,0.5083114828438176,0.301882724868366,0.23603103596122413,-0.1839298344656351,-0.37014752897001396,0.781590857161492,0.4770300674072154,0.19863990964151673,0.18034097169796243,0.17835102914602624,-0.37565133048518073,0.38013279874737715,0.49989085154994795,0.5447179818233924,-0.07543650144486645,0.6432148080070873,0.5930094623694181,-0.2927622361685362,-0.03820008290159127,-0.3711189159377572,-0.030214331341552367,-0.21908891136746955,-0.2895558840558486,-0.36796716387633416,0.5498784868789895,-0.11473436541590831
0.20392857207839893,0.6076519069806592,0.519295282870158,0.25135849008804545,0.10271330715246005,0.18930373469431808,0.1404957199106612,0.3809011253637607,0.2347452374161306,0.39598613665360394,0.24268243191071787,0.10342129376750309,0.22673900188829116,0.32322459144700294,0.34010370566873016,0.2987877241235559,0.3166344566644333,0.15705017988348516,0.2906882742683251,0.5185916255421389,0.3253854409474483,0.35829516025187463,0.371728568767059,0.4985058515774802,0.5470312796502325,-0.09019608915825232,0.313508207629777,0.32285462727502945,0.7010790719140099,2.467250317508934,0.3530105637821643,-0.21016953396141866,0.5795581135099012,-0.08880505911182701,0.5162719922693663,0.3314884888732311,0.601919649674279,0.41010524466518006,0.8943766996739312,0.13755353239898585,0.825876065183963,0.3239488782797767,1.0635404887503077,0.48797607151553885,0.40302534309390514,0.3618106531890917,1.0611168029203557,0.0994217306677786,0.9185955389882484,-0.24419429221940211,-0.10124866986014068,-0.031301437425165356,0.17582553128231537,-0.13468889258969127,0.18075536875302653,-0.35620041009063436,-0.3806816430465939,1.414338612048653,-1.0314006032200966
0.10070504500191972,0.053805069026038155,0.22474501041078399,0.2254721605950664,0.1342143955325777,0.153295296255803,0.1351822810383026,0.22426331740183464,0.22774708086408013,0.28007722561535225,0.19696961873661292,0.11896002004887951,0.14614873456915423,0.22631554081941205,0.27131774472137704,0.2000758102322821,0.20175014406108313,0.4680316520487721,0.28798197792764196,0.0984743406560166,0.38739037573666973,0.2579825466629026,-0.016431074713492807,0.2522052019641954,-0.06571448367595296,0.26330521072836194,0.15934515832809956,0.40533154331365856,-0.16704018785314423,0.3530105637821643,1.5603067040716263,-0.014417568140509224,0.5587093842452869,0.13781624322643526,0.23256508150609012,0.246707485097584,0.5693344757996064,0.5993465983544982,0.15727716866774308,-0.008456704598768218,0.290349083584095,0.3284885087447116,0.37647708416754605,0.2411157716574227,0.4626860968689202,0.4512837150977362,0.5151364841843349,0.005394643321322018,-0.01046458299561614,0.28653338610575413,-0.13483840024383492,0.328162159521914,-0.21739017759150894,-0.19140487704976888,0.5454527790051195,-0.006923633553149816,0.6048341333736136,-0.26473229221915023,-0.6809231701028484
-0.016934295073810265,0.037369297493617615,0.2088077603519933,0.3106337543608324,0.31982540331073755,0.3999146530880772,0.24594259091668136,0.1827554639317011,0.2337247049765965,0.07284722479273548,0.2550038364359351,0.30630892985808567,0.17298167362777847,0.15987315859876033,0.21396789680628403,0.20097333983189616,0.21738253238511515,0.06108290319725704,0.1903609844131852,0.24299803368751272,0.2971048116902562,0.20219406721696656,0.0677761385075072,0.7117281047181548,0.19032119548266635,0.42056980845356506,0.3924861256586314,0.0771541977269759,0.28742877149908785,-0.21016953396141866,-0.014417568140509224,2.30821443127401,-0.2104483057564781,0.7354054570630905,0.137316723244341,0.31434890983867275,-0.4092981304247583,0.5216953211645153,0.029245876717915772,-0.13418527505902192,0.26458011662860453,0.30634291556741267,0.08345805225610615,0.06546610994887597,-0.22920917338700464,0.37781820141841094,0.1598443239593931,-0.03131521190386118,0.16303776338587112,0.12205247426105874,0.036233628275520964,0.3259062100657267,-0.11170296216050607,0.01660735879408453,0.26986749491169426,0.13412472798497144,0.029129660093291005,-0.39524058510898197,-0.17645678403754267
0.0928665200854634,0.33820969482388846,0.290837390271024,0.35863631952690816,0.12756384166467455,0.13520311495237297,0.16208380273869358,0.27087715289158193,0.24585197760082167,0.16308249014252055,0.14547777973249515,0.03659597525135286,0.15394902466761548,0.2447422686768366,0.2892234074532462,0.20236050668952538,0.24282617031623538,0.3535666855605676,0.2940952503199547,0.24421352950379385,0.3710461344102594,0.330010913227791,0.23046842699333447,0.5043350648371889,0.22110138940181048,0.17972142927290202,0.22057920850142662,0.5759204376289127,0.07068922380436618,0.5795581135099012,0.5587093842452869,-0.2104483057564781,1.7530493811073589,-0.19820927763081692,-0.19623595067475177,0.0006553483249447862,1.0714431688223902,0.3181645197831942,0.19538415838391157,-0.16140708735967463,0.06433016299971972,0.3493154071651668,0.49521381167939404,0.19089586102774508,0.14932488117945814,0.3106574466667437,0.5069298950598649,0.05093560984403078,0.4167331023024311,0.20140904012295602,-0.2643225307002985,0.2613426417631639,-0.05187455718679018,-0.31090031178395433,0.34405341953390445,-0.20359316376608486,-0.03079720329973424,0.310149203427765,-0.27140242351252303
-0.020329502371150134,0.35886200433754,0.34726382287649565,0.30196082714105327,0.28377817249189086,0.3444881372265205,0.3005684984670636,0.26201788136418896,0.20127768628695272,0.3169695631356248,0.29616471023809793,0.40827817485842,0.24692914386494458,0.15493144901659472,0.17582262180440375,0.2700082076032692,0.32216066886272293,0.2694018019112437,0.18246617218445632,0.21050097408370722,0.27362209944381727,0.28296294545999445,0.2822805257671553,0.29880351841913644,0.3770607309815194,0.31884252134753327,0.297086795011124,0.13975549909691581,0.5083114828438176,-0.08880505911182701,0.13781624322643526,0.7354054570630905,-0.19820927763081692,1.8869599187680615,0.5437481902043829,0.37639273966935316,0.16039001644967818,0.32852102842856495,0.2482679905018032,-0.07022999162517472,0.37767466111763365,0.2484214841883142,0.2944413936210557,0.3414233822766887,-0.13146633089894322,0.29272894795987386,0.3039494915659306,-0.029751923554708556,0.1395937480890061,-0.20010129604952606,0.0144026104070106,-0.2163355459028868,0.19812930993460276,-0.03894564602149399,-0.3379176271756994,0.08577431423424893,-0.213700239688318,-0.357555368203127,0.6168290226835199
