1.5978074346275948,0.4274212549124346,1.0646993743492297,0.05165357462982516,0.2382823224354214,0.24765486049549107,0.49506669021574656,0.3316396407457969,0.11743945996355176,0.37986643768905565,0.3172220234236117,0.33925317390113857,0.22122558523606675,0.4093023509475203,0.35201403933987047,0.24704818298166906,0.22600730898823704,0.38232277301038853,0.14940824336905256,0.1671652514728943,0.2802256764591699,0.5714227021337648,0.4092739007153869,0.1092482667967463,0.4324753134030369,0.0875516760502316,0.17244758073962105,0.1677795487029018,0.26339733783456437,0.29326836033165066,0.3727820872477263,-0.024825281630851258,0.17580550675888804,-0.008393952604007895,0.39697304749790735,0.2400144164221017,0.28120936389840245,0.40875097402214144,0.5191667962097386,0.38809088091030225,0.37135746231725364,0.2648458558119499,0.5212670944262837,0.5163061396473764,0.2897666190842672,0.044671332583709915,0.2749030700581306,0.0015350832880823815,0.6498908311657601,-0.12029056272386755,0.01468486085136369,-0.11096830120533198,0.061525638937725294,0.06782118479716791,0.25036155417401956,-0.0199110508784384,-0.0832200821100918,-0.06195138746637607,0.02310472935036709
0.4274212549124346,2.0269533870288803,0.5013816737390037,-0.039033640663676025,-0.011886006084765309,0.15890977036272327,0.23332151913099272,0.1753422066714931,0.09996698096499615,0.22338928191494353,0.1712526212474385,0.1726819170051451,0.10197660798079279,0.09189385423327277,0.29122375840166864,0.04928076672199231,0.13171796753049944,0.22335740852278133,-0.011972301145341032,0.08659283115030217,0.1746931783617046,0.1910926099471387,-0.2113113627736085,0.07166910833738363,0.16359722897383444,-0.14697419482180407,0.17742854147791615,0.32606616491912244,0.13175996093789347,0.08895997941628693,0.1488255052619517,0.18544330887719285,0.0790723377336019,0.06725760574570679,0.1414760633034798,0.036249467905017596,0.1772029383901932,0.15536905172860163,0.17776280088900046,0.15103735946549868,0.2038840126165724,0.1264729572748941,0.2379951443510071,0.12150344708549876,0.1805220960206123,-0.0011330569987182792,0.16182882175318572,0.01785035618606338,0.33707371364428496,-0.2824057968926072,0.1686737458631204,0.01887793652712776,0.017075346379726623,-0.0034875393404162755,-0.16943007893165168,0.00646853668722326,-0.0259669196153135,0.20101473821767432,-0.0661577630266303
1.0646993743492297,0.5013816737390037,2.8622312349152854,0.038752605192174126,-0.18928858863970055,0.46017011795483004,0.2994083425747515,0.659401171296684,0.18110551067946756,0.6743560608236889,0.4751071885738415,0.4578357065913102,0.32773513082444106,0.3938843651006667,0.4093665254711673,0.2081755490672791,0.4151896914702098,0.4671889468633949,0.2128647687525915,0.35847734992147706,0.3429147334911358,0.5974497501647027,0.389723261167999,0.28678919437408995,0.4639958568738581,0.19671619272287133,0.24179193837042237,0.2965813029190995,0.6018619944723661,0.19115364397622958,0.3405421318527206,0.13157691118772313,0.1927950604179165,0.21381886252839277,0.6382108934823878,0.22922813916312368,0.37245150387822185,0.5361457503558521,0.6746690600177095,0.44887444158413803,0.4164055418946343,0.3396048882890293,0.6694511853816882,0.5806890106132045,0.448234309885044,0.0767284072015359,0.41769509427547274,0.020344037902209837,0.6013017650986092,0.005289772815221814,0.06165305706571656,0.09741085011892582,-0.1451975507485039,0.0481611644487597,0.22373978939840625,-0.14348723406687955,-0.19248858681041994,-0.1979631161084071,0.2903348706678808
0.05165357462982516,-0.039033640663676025,0.038752605192174126,0.7874024285798304,0.3247592535864468,0.1900747654465837,0.19962211700692223,0.16447981723255692,0.0739226477077135,0.1081326844819802,0.13552140110995953,0.14978119822991698,0.12436536906641664,0.22328261403317046,0.1200901762180146,0.18455395660082785,0.14225403821637583,0.15999747339315026,0.10572770183274621,0.11834853631862621,0.11381443048616585,0.2145395526091286,0.14617414399872936,0.17614220503026307,0.13326675964965468,0.1694849896021325,0.13162189048639383,0.06434242563290783,0.11103722794417334,0.04026053712632114,0.12498741324415573,0.2508921957442189,0.07410611736822148,0.20796874197258403,0.09721619720294221,0.11808633311597419,0.11538100918899034,0.19941876012948775,0.15592109161443218,0.07367576103859694,0.1266496250388298,0.12080181646354832,0.1857365882052474,0.18898754302455484,0.04815884479622731,0.051459007944341016,0.12124607198760584,0.0034416032193741383,0.11963110317842265,0.1299039763350814,-0.10144610669617529,0.018724270470691994,-0.026557042904130097,-0.08647445512044163,-0.009704538535482553,-0.032250566442825535,-0.1192727870177947,0.04380610157937669,0.08693603908579718
0.2382823224354214,-0.011886006084765309,-0.18928858863970055,0.3247592535864468,1.0225612107832394,0.19025332462120917,0.16081351183778425,-0.01193128266996433,-0.029462850843704005,0.015567713092861315,0.0955222861047886,0.10582706747923609,0.08762424877005581,0.1581640787114889,0.18247697911186903,0.21621668613693346,0.03800065330581862,0.09643199521177377,0.2796849571866658,0.12591620952182553,0.10094181660307104,0.22072367436983112,0.14451534190444454,0.14648687092658835,0.12762748958172956,0.11734191595085916,0.12138505041119234,-0.0400321378814604,0.06412270926208939,0.14082772435236712,0.1408105476206142,0.27271192680998757,0.03612628659415434,0.25692046995602247,0.09430278552633342,0.1505774962290361,0.08156011978486201,0.16539821650968553,0.12174728406963693,0.042478097318735565,0.16105584254557873,0.11566642731920691,0.08768142263722346,0.160077368269447,-0.04918230475649977,0.03889191730507652,0.08156554083005452,-0.002171728506936967,0.22509810341234937,0.06415590874037706,-0.16627521368681353,-0.23237615280238771,0.26106125845296296,-0.04707793288740321,0.005536471543643681,-0.003583090427765915,-0.19625194653558445,-0.014040731053553189,0.2040343053073719
0.24765486049549107,0.15890977036272327,0.46017011795483004,0.1900747654465837,0.19025332462120917,0.5715425085542479,0.07090156786767383,0.24693332746494712,0.09410654968752663,0.11558607750713411,0.1889094934035232,0.206250187528618,0.14719921315297474,0.20799854812956967,0.18370000949909454,0.14960452395383092,0.1883384695659354,0.16044787813753544,0.23788561962399563,0.28252128782881847,0.1552897745883784,0.2901709211622825,0.09841045080649488,0.1871888486331192,0.18023080216819168,0.16158687947454622,0.16754050471946288,0.16922568971578386,0.1711169865630238,0.04512994801345786,0.17622199751744802,0.30640343552950494,0.06059059764791295,0.203537219925109,0.16571805757457847,0.10850575750951161,0.10198287919064411,0.28691949750419316,0.22711969711393443,0.1647085301095303,0.22439325604296873,0.15425483610076185,0.29972290707735155,0.25706505893633996,0.1035291082539655,-0.008992589510658365,0.20063133201865851,0.00992867561417709,0.3815778838455843,0.2218878171754347,-0.24981119499697396,-0.017427000321220385,-0.12216520341121745,0.04622651656534124,0.017332452146267992,-0.06005875013554513,-0.11122021546234208,0.036172512607940535,0.1088064135587545
0.49506669021574656,0.23332151913099272,0.2994083425747515,0.19962211700692223,0.16081351183778425,0.07090156786767383,0.6291437838536876,0.10532635125142728,0.1502036422478837,0.15441532714911077,0.19410528985594072,0.24187351462456028,0.14741870518443126,0.03455338732747161,0.07748401054545277,0.1395927449748918,0.13822181702497213,0.20061215948261807,0.01478178606296976,-0.006796614191053164,0.15651570431188142,0.34701783817985055,0.1992304581908415,0.11866741367961521,0.18911624009866151,0.07870139700226934,0.1184261780167364,0.07841418728717518,0.1521866568585385,0.166391694142483,0.1689070985460842,0.11409619294726947,0.18495018167697608,0.08810674579620113,0.05958121245872731,0.1998607166759343,0.10833409586224164,0.2140578581575599,0.20306957931730737,0.12425955179660618,0.11854818277515451,0.13563642010657068,0.18341442235836586,0.23818565065588176,0.06609067858713003,0.038792994795689435,0.08679615768629048,-0.008728151999993237,0.30695780285031316,-0.13038698455643488,-0.04127426231666995,-0.11174388997823359,0.1648848941661071,-0.024423437491066492,0.061765713623990165,0.06964589588005142,-0.03680149871223439,0.015308840283463554,-0.12004080062548522
0.3316396407457969,0.1753422066714931,0.659401171296684,0.16447981723255692,-0.01193128266996433,0.24693332746494712,0.10532635125142728,0.6665552365858446,-0.016917745615648003,0.26558945985708093,0.2514210547490375,0.16527103626188022,0.21558529555222505,0.23565060993964201,0.12893951653966332,0.14035424900546825,0.2153573573065217,0.18642834435731365,0.12142871565674423,0.24443677201308917,0.13504622412992673,0.20120165742124918,0.10909828148445219,0.13689964213951966,0.20585605344707253,0.18384267611873362,0.13248582813584092,0.17718634836297745,0.196632950869948,0.0687968208244103,0.1576743375130697,0.09533085111548242,0.005296593919010689,0.13902216023473532,0.34223430486015227,0.0415720900331398,0.17482296300178732,0.21865437356507111,0.39249570807981676,0.2281702465573714,0.18417642536939607,0.14696322115026303,0.32848545475225566,0.2731251335845023,0.22315800613835202,-0.010416940721433404,0.23802157624429557,0.027558553753503173,0.3335240408191425,0.10656536628573669,-0.0487811769522079,0.08333904190584798,-0.13151048864009582,0.01748961988283345,0.08031374497656218,-0.2702464486687093,0.05880173229162332,0.023539159674237285,0.16244644225170563
0.11743945996355176,0.09996698096499615,0.18110551067946756,0.0739226477077135,-0.029462850843704005,0.09410654968752663,0.1502036422478837,-0.016917745615648003,0.5587088598520902,0.021838015661868965,0.05123471058853935,0.06806475978991182,0.05868033176257808,0.03318596711615046,-0.010349834283617005,0.030246162457502106,0.09205085653847567,0.10208840784865104,-0.021313261727049868,-0.017635646025245807,0.08339992847436714,0.16222631749490443,0.09574551284094945,0.07787628591434743,-0.00773571914764261,0.17054504129224293,0.059485489085454674,0.07311670753444642,0.06080643044969869,0.09535326716179947,0.03817070023981919,0.031971133127089886,0.23044017326605762,-0.04808979292520128,-0.13172397882671152,0.08479192797935486,0.12834760439027879,0.17593237561358258,-0.005664269068116629,0.050934467979961214,-0.01276120980612382,0.06441493845686541,0.19001972664006292,0.10693266845450995,0.15931267074317462,0.1028990688175043,0.0801532438554701,-0.006472202909916463,-0.16165537938210764,-0.046619897447998146,0.0685284035903887,0.032315477946453265,0.024763353946408245,-0.05769761983284884,0.05088625391541087,0.19614336919705969,0.015495138244751341,0.019906380630804896,-0.3146468278951211
0.37986643768905565,0.22338928191494353,0.6743560608236889,0.1081326844819802,0.015567713092861315,0.11558607750713411,0.15441532714911077,0.26558945985708093,0.021838015661868965,0.7127637928711081,0.15433010900810878,0.14188074030716807,0.15060358251398154,0.18251654335217257,0.18071173376408217,0.17359047961893917,0.23203864936582483,0.25522547817053803,0.05330566621938888,0.08077180407110987,0.14669785390109855,0.29505571927339125,0.20044268413750896,0.14596180822015264,0.2001040549354786,0.06931695890785769,0.14284694700399078,0.11409063453699941,0.20795049056101253,0.21197726991939292,0.17621657841944965,0.11328980563763486,0.04494467300684953,0.1944360596422473,0.360685284898582,0.08756661903784457,0.2233837158912879,0.2097400286035246,0.38317910356844004,0.23899924678506299,0.253477553766025,0.167104786033527,0.3190138625346105,0.3172102345643673,0.19894831005787214,0.022362435657790926,0.28300842418480526,0.012454450449575273,0.4200326961293338,0.0024967215163003236,0.0477174729846985,-0.12640543214196626,-0.008484700190346394,0.03917811497346454,0.04755137050538985,-0.05363030995474175,-0.005590006219138719,-0.03673219651126189,0.021776077880934486
0.3172220234236117,0.1712526212474385,0.4751071885738415,0.13552140110995953,0.0955222861047886,0.1889094934035232,0.19410528985594072,0.2514210547490375,0.05123471058853935,0.15433010900810878,0.3520861789833682,0.2616394181742442,0.15607291476155055,0.15638732411911624,0.21247608832502365,0.13870171308627452,0.20894116347053365,0.16645995531884508,0.08440452576674111,0.19033202322442236,0.1550824524830154,0.228048210365234,0.13818882862019047,0.14398601567890165,0.19336789486727396,0.14044158128922773,0.14955036550119494,0.12220104064129014,0.2010123596716521,0.05653819340611227,0.19619850334918076,0.15830215819671872,0.0871104548431333,0.14280862393473137,0.2570093323227505,0.1366612293753159,0.12739701925322242,0.22402465585430686,0.2572080769428853,0.15316568521016638,0.16944182493511084,0.15487121786888158,0.23708977157621997,0.2194054501013926,0.1602105045714807,0.045293840781733194,0.14419587213897894,0.015807370727780542,0.19726261944155754,-0.00024037778286380558,-0.026272463725537622,0.016612032468022623,0.030340970602878117,-0.017308074034481015,0.029802342948538882,-0.04428672164758614,-0.06685167910355444,0.013611322871633247,0.01708596560516363
0.33925317390113857,0.1726819170051451,0.4578357065913102,0.14978119822991698,0.10582706747923609,0.206250187528618,0.24187351462456028,0.16527103626188022,0.06806475978991182,0.14188074030716807,0.2616394181742442,0.5477508221100952,0.13686777198860917,0.15952478986652935,0.13583280765324743,0.179834567869163,0.19603815110073552,0.21456485443357362,0.10140977436856537,0.10929409006703926,0.13937147257525348,0.28626483275627357,0.16942387429125694,0.13587419932303854,0.24781591064790723,0.078499425423664,0.17914434239306581,0.14005976557401206,0.2427011079562215,-0.08589744339631493,0.15130282145692223,0.2537882456171926,0.12058216851076865,0.14787951794212845,0.05820910611180315,0.22542933099975065,-0.02150650245682968,0.226192286846824,0.1433350656680155,0.13399086930341325,0.13704897236854363,0.1270857723138455,0.16827103525615694,0.19683979424425205,0.07217069248473625,0.04611940188768829,0.08542161366473729,-0.002299532299200891,0.24667929669715852,-0.19713993936795618,0.024478615740159006,0.02864517307151633,0.0220897956305363,0.02600598042448869,0.01026169864991671,0.09445459231659391,-0.10104671367214083,0.03346945195620897,-0.14914763716363347
0.22122558523606675,0.10197660798079279,0.32773513082444106,0.12436536906641664,0.08762424877005581,0.14719921315297474,0.14741870518443126,0.21558529555222505,0.05868033176257808,0.15060358251398154,0.15607291476155055,0.13686777198860917,0.2814373158087391,0.10675620566965066,0.03414125548719437,0.13397952048547077,0.13845226936820323,0.14423556394992043,0.08663857132685676,0.09435679485146349,0.12285925814605587,0.20765860590361201,0.12679436060841717,0.11357939044135634,0.13363079539309045,0.1633706515890986,0.10970822738372239,0.09867418543092979,0.1995086008339325,0.05444846102703693,0.10907096390323172,0.0561567041059348,0.09549519132795219,0.09926404780825507,0.21293972741428246,0.08087636882836836,0.14121826169795978,0.16041132401224942,0.24888117407646732,0.13051543964591186,0.10691988135801087,0.11957912467439227,0.21561930452128333,0.2230930201917717,0.10593050934782604,0.01809827677653247,0.12361404397048041,0.0117302652251781,0.20514102189689848,0.050916484136765326,-0.041276366618932706,-0.012696204374939339,-0.005802426647340704,-0.017606290865993888,0.07961194010448387,-0.09132229915695111,-0.09922595572894104,-0.09824075777857383,0.21640654211882857
0.4093023509475203,0.09189385423327277,0.3938843651006667,0.22328261403317046,0.1581640787114889,0.20799854812956967,0.03455338732747161,0.23565060993964201,0.03318596711615046,0.18251654335217257,0.15638732411911624,0.15952478986652935,0.10675620566965066,0.564613022164371,0.2553537496625957,0.22412412350419722,0.20002875423789868,0.1461293489276565,0.12480694247363491,0.20786191915245852,0.13858038279900203,0.27970985649206753,0.1938595784073589,0.14773208039627764,0.22116157378079382,0.031700522420811415,0.14012313029448276,0.13834367396411065,0.07661336043179415,0.10939057405626984,0.19408144822598783,0.1901889972871117,0.02596095749530304,0.14321520927816658,0.24377845968231024,0.08445047620425045,0.12963260136446336,0.2579045445217866,0.20268265396993088,0.20382853322449468,0.288362957560669,0.15630539311558697,0.32055853579906923,0.31302311308034,0.10470636559569747,-0.010517211598374194,0.18878691276836645,0.013875220547802193,0.3878581526693915,0.07270594639145282,-0.033661413759660454,-0.018640079119040066,-0.10732429755846272,0.0652477566712253,0.00925008493019231,-0.043952746513738164,-0.14014533850025623,0.048957319369926165,0.15076382556432877
0.35201403933987047,0.29122375840166864,0.4093665254711673,0.1200901762180146,0.18247697911186903,0.18370000949909454,0.07748401054545277,0.12893951653966332,-0.010349834283617005,0.18071173376408217,0.21247608832502365,0.13583280765324743,0.03414125548719437,0.2553537496625957,0.9000257974865574,0.0370099590489269,0.1366346135152607,0.08103192071100358,0.11874616451444557,0.29366985788738575,0.14127069172222384,0.16532510126301422,0.1121247799564421,0.1897884141048865,0.20500758402348288,0.011556186736916886,0.14004770502557506,0.06509467876911007,0.13257104668629724,0.2697836384887795,0.2202712224274075,0.20661503302900688,0.10222154240511618,0.20141963091752313,0.22690124940404038,0.1348382184852597,0.269412503934892,0.12243501264072154,0.23622986786836742,0.08767709242507021,0.2765102350514112,0.15452470891823242,0.14269110516352068,0.10718356939506082,0.040777576119704534,0.09354557721122231,0.18971573311560172,0.028735303352275362,0.27471751242255815,0.0689512148861017,-0.040316008437224625,0.06340493934998692,-0.006602548531473474,-0.10282201717755232,0.016351950714990043,-0.02472908633531251,-0.2066223111819123,0.04401464863863655,0.17959002551442385
0.24704818298166906,0.04928076672199231,0.2081755490672791,0.18455395660082785,0.21621668613693346,0.14960452395383092,0.1395927449748918,0.14035424900546825,0.030246162457502106,0.17359047961893917,0.13870171308627452,0.179834567869163,0.13397952048547077,0.22412412350419722,0.0370099590489269,0.8831657661609336,0.2083248991341461,0.21140735961488155,0.12204285656667375,0.030000664877803996,0.15156077999478676,0.38002539914542055,0.20003180501160486,0.20683094957146217,0.2228073826910965,0.22533111774005826,0.22790839245561081,0.25953158782089425,0.23509333738500587,0.0797202423965547,0.14402446446515124,0.3270454459723642,0.05801526875875691,0.22974562423290798,0.3007675646586676,0.11300936500601969,0.09162453477017612,0.318115837068058,0.2595830685783881,0.22572268907724513,0.21067216878856257,0.19557382020206254,0.4469172620827355,0.5004143846534914,0.19981999266317657,-0.046381993290119924,0.17135813975442535,0.002158239678292996,0.2870471080559395,-0.21566447928007762,-0.020143638765357314,-0.16274285130920424,0.09676604842379635,0.051503560989763435,0.11584679280487671,-0.06866957060510051,-0.22847026739952733,-0.09136811917032613,0.3133708304494636
0.22600730898823704,0.13171796753049944,0.4151896914702098,0.14225403821637583,0.03800065330581862,0.1883384695659354,0.13822181702497213,0.2153573573065217,0.09205085653847567,0.23203864936582483,0.20894116347053365,0.19603815110073552,0.13845226936820323,0.20002875423789868,0.1366346135152607,0.2083248991341461,0.7640131911901875,0.07996518749729854,0.05209830559965829,0.24127761655159713,0.20318692943581337,0.4462584853728657,0.14819927007178946,0.17176502265750432,0.29512156034596543,-0.042288973534860747,0.1959693768622157,0.4177370346825448,0.2110702336437394,0.05969521429073797,0.29780279959514067,0.2110641967650062,0.2644505267201961,0.1418977764177667,0.18384619478886904,0.1806080820484339,0.21309210894500893,0.4857457161383461,0.1811371466994315,0.1891225633664221,0.3259605164496368,0.23374233294758417,0.4802885624700676,0.44927041571481696,0.20229141800871478,0.015614038559094406,0.17589295381887052,0.026326963114227466,0.34732812985440226,0.27517295142377596,-0.09280997061269065,-0.007796060198768569,-0.2074903110022585,0.03344471176831146,-0.10790517063847771,-0.06485213801468877,-0.1131972057870709,0.10652461905436504,0.04560093803579137
0.38232277301038853,0.22335740852278133,0.4671889468633949,0.15999747339315026,0.09643199521177377,0.16044787813753544,0.20061215948261807,0.18642834435731365,0.10208840784865104,0.25522547817053803,0.16645995531884508,0.21456485443357362,0.14423556394992043,0.1461293489276565,0.08103192071100358,0.21140735961488155,0.07996518749729854,1.0301985934797862,0.10255907954264837,-0.17594535138099898,0.20564581447489813,0.29234984131175806,0.3275728666283221,0.16713444305229222,0.1647692504498572,0.5177369000943295,0.052189464109158284,0.05175796677479346,0.3440839078946781,-0.10804460058618595,0.03234028433658956,0.03780645412033106,0.017964072984246782,0.1445322221642895,0.22388678932439016,0.08634347853137057,0.1765446354497479,0.06771267908622085,0.2569028835134209,0.23676642445421692,0.028394326438068284,0.17130455717011586,0.39472077445016945,0.24910679771258706,0.2808483855250224,0.06131175403038683,0.3167160056914352,-0.03092903685965542,0.15062135500391546,0.2428182613146491,0.2261650552858159,-0.2545511798931381,-0.393850052984762,-0.007649270702138363,0.15773586035273485,0.018669957307352845,-0.08869796019028353,-0.08515181630260725,0.07899410163499923
0.14940824336905256,-0.011972301145341032,0.2128647687525915,0.10572770183274621,0.2796849571866658,0.23788561962399563,0.01478178606296976,0.12142871565674423,-0.021313261727049868,0.05330566621938888,0.08440452576674111,0.10140977436856537,0.08663857132685676,0.12480694247363491,0.11874616451444557,0.12204285656667375,0.05209830559965829,0.10255907954264837,0.5015734456801891,0.16446108767699766,0.07452021305737731,0.1702339547909778,0.045819300327727006,0.09497488278928518,0.14279852793343428,0.05486780919033085,0.07462347452562684,0.11084995510119348,0.10710247578175755,0.01362018965750314,0.12577597732948068,0.1388706762514084,0.05180845322944628,0.1278562025612045,0.04919682295612469,0.12504597403409193,0.057346757680351,0.14612002454943665,0.1379523968515276,0.03296079991445866,0.11533126669450187,0.07581045353781116,0.05078216961879486,0.08643727975462118,-0.026211221576361673,0.05870812190307162,0.02522123958314795,0.001726088281539019,0.18568945318822644,0.08771679147862,-0.025043135011244694,0.18574021147918615,-0.14432705386924602,-0.09110053924869359,0.020351952376816147,-0.05124197271535648,-0.08820585439666416,-0.004587998385464412,0.14603027397606352
0.1671652514728943,0.08659283115030217,0.35847734992147706,0.11834853631862621,0.12591620952182553,0.28252128782881847,-0.006796614191053164,0.24443677201308917,-0.017635646025245807,0.08077180407110987,0.19033202322442236,0.10929409006703926,0.09435679485146349,0.20786191915245852,0.29366985788738575,0.030000664877803996,0.24127761655159713,-0.17594535138099898,0.16446108767699766,1.2775653118176644,0.090932977714536,-0.09013638075459304,0.03729814634143052,0.1527168193610181,0.21709672228378368,0.41823879343440484,0.28583368964999667,0.11607147371107199,0.4208557682310797,0.0971151672111005,0.29348734403212917,0.33307311429941455,-0.06085859763373417,0.32905381347584084,0.36546435099262453,0.26497118698327804,0.0550927758119674,0.2712392006503471,0.3532264881267116,0.2705068244529571,0.25245396869238607,0.21319274350493153,0.1557531769795681,-0.038445399979606804,0.2554206990941566,0.05278192598008117,-0.007267982987836845,0.0860085692730279,-0.009695664946602931,-0.023936135316893786,-0.21352125899145666,0.05151974073515366,0.22084181751652454,-0.07368097419653287,0.022308450246495838,-0.14235248106409173,-0.07704817777041639,-0.025209774547596906,0.21124379739744178
0.2802256764591699,0.1746931783617046,0.3429147334911358,0.11381443048616585,0.10094181660307104,0.1552897745883784,0.15651570431188142,0.13504622412992673,0.08339992847436714,0.14669785390109855,0.1550824524830154,0.13937147257525348,0.12285925814605587,0.13858038279900203,0.14127069172222384,0.15156077999478676,0.20318692943581337,0.20564581447489813,0.07452021305737731,0.090932977714536,0.4236265735619542,0.3075483177822304,0.18712516353913397,0.18589886066934103,0.17573079772972613,0.05221545729613606,0.11586820311823677,0.1295206134364014,0.14188477897541424,0.1843451544178278,0.26333671426181365,0.13335776140632502,0.2313461327900731,0.10095577939138754,0.25660552590811836,0.10760332018089235,0.32682155159474024,0.35430522708467627,0.22015445598515682,0.22273271493485325,0.29402200547123697,0.2882086623103916,0.479026552759357,0.32540730122961803,0.3432316288887897,-0.008935887102342903,0.21202306862914022,0.0515023189612862,0.286542428251365,0.06561358660713566,-0.023847730823271362,-0.06275033511973674,-0.007118715568052098,-0.0020148605129005725,0.08593654026376914,-0.042365521147788486,-0.1948580201876533,-0.05378206000112795,0.22625268883392832
0.5714227021337648,0.1910926099471387,0.5974497501647027,0.2145395526091286,0.22072367436983112,0.2901709211622825,0.34701783817985055,0.20120165742124918,0.16222631749490443,0.29505571927339125,0.228048210365234,0.28626483275627357,0.20765860590361201,0.27970985649206753,0.16532510126301422,0.38002539914542055,0.4462584853728657,0.29234984131175806,0.1702339547909778,-0.09013638075459304,0.3075483177822304,2.0410623474057625,0.3789424532474245,0.38576001236448854,0.29224696912442544,-0.2066013544437852,0.27081478308038764,0.4957468570677647,0.2341976498493055,0.4265266515190963,0.4791011882167841,0.5008257436975224,0.5540047504601866,0.2557709347480444,0.12859777364478814,0.3954266905575874,0.3746399708235061,0.9260241382526517,0.6156339983422525,0.30061907888287165,0.6079715944484104,0.32426508201014265,0.5423874471519193,0.99822729425043,-0.2362447264610123,0.14956231996087904,0.4036316245117013,-0.22604892720557507,2.303075331898507,-0.1313310963806191,-0.17855015820304612,-0.22469703522320544,0.08648783503052608,-0.03199006443534603,0.011178644005996916,0.017122742997912964,-0.09549649520235205,-0.023183439343187368,0.08405594422313489
0.4092739007153869,-0.2113113627736085,0.389723261167999,0.14617414399872936,0.14451534190444454,0.09841045080649488,0.1992304581908415,0.10909828148445219,0.09574551284094945,0.20044268413750896,0.13818882862019047,0.16942387429125694,0.12679436060841717,0.1938595784073589,0.1121247799564421,0.20003180501160486,0.14819927007178946,0.3275728666283221,0.045819300327727006,0.03729814634143052,0.18712516353913397,0.3789424532474245,1.490134351200449,0.14340825439044527,0.2542693176334187,0.07941340493246887,0.044908090992915366,-0.6139001277606535,0.31374405685683493,0.010438990408272852,0.18497827120134158,-0.08806443329780722,0.12467029557557825,0.21134374927348965,0.127602616422863,0.3959204026817042,-0.06349034391298071,0.24148568842953588,0.18406217846067568,0.23668496304204553,0.19303234644368283,0.1806858076047936,0.2276584742405335,0.5546420799148931,-0.16522213519198836,0.1627452932691174,0.09642526887547757,-0.01189518520572883,0.008860850702676941,0.15213437653459946,0.04621033025781848,-0.15059498988246806,-0.04800307520549815,0.031949848494688224,0.09982365189932446,-0.0453946648577586,-0.2791769086178348,-0.12187986278761878,0.2818841016018247
0.1092482667967463,0.07166910833738363,0.28678919437408995,0.17614220503026307,0.14648687092658835,0.1871888486331192,0.11866741367961521,0.13689964213951966,0.07787628591434743,0.14596180822015264,0.14398601567890165,0.13587419932303854,0.11357939044135634,0.14773208039627764,0.1897884141048865,0.20683094957146217,0.17176502265750432,0.16713444305229222,0.09497488278928518,0.1527168193610181,0.18589886066934103,0.38576001236448854,0.14340825439044527,0.6562014152370866,0.1461472681108792,0.05108408117787488,0.21173593705654636,0.16572242924808347,0.12821075197798698,0.44191352040521015,0.13563858175218307,0.508160525307698,0.3357086455758638,0.21630943686355075,0.17642912354300055,0.11363372728539883,0.3421489602501575,0.3723346149845105,0.2205636534419195,0.17951691781067086,0.3034994753295166,0.20666125265361487,0.4375428214704294,0.3416298417870763,0.149873803709924,0.01962595261285404,0.297020909204279,0.02598596596264335,0.3489752302477545,-0.003958348344042998,-0.10558013614976071,-0.11057967954053645,0.11884877598543071,-0.01941512777098784,0.08144793293120303,-0.06971932133637626,-0.16688772138121147,-0.1801345980564953,0.3733569647057654
0.4324753134030369,0.16359722897383444,0.4639958568738581,0.13326675964965468,0.12762748958172956,0.18023080216819168,0.18911624009866151,0.20585605344707253,-0.00773571914764261,0.2001040549354786,0.19336789486727396,0.24781591064790723,0.13363079539309045,0.22116157378079382,0.20500758402348288,0.2228073826910965,0.29512156034596543,0.1647692504498572,0.14279852793343428,0.21709672228378368,0.17573079772972613,0.29224696912442544,0.2542693176334187,0.1461472681108792,1.1244334773737714,0.06219117489379135,0.18438017756646005,0.21901103419089624,0.5637626225102834,-0.09871628912203112,0.3679095510915223,0.29348099691339513,0.06503823064059391,0.28773253847871366,0.249367122799774,0.3055383901278878,0.020407854078776506,0.3084906064378815,0.3892776458918934,0.18138359906044868,0.18000453654351098,0.1742552281530233,0.22126272701122582,0.3078401747152014,0.18600423535944985,0.04803742135644675,0.08640190173694857,0.013343958756459332,0.2087100284307189,-0.5301835966619117,0.11433084036467395,0.18392186752440445,0.2076469351203382,-0.03808652634878699,0.06614479959720307,-0.05648440771609742,-0.13780973574017377,-0.046543233144839845,0.15251670899542638
0.0875516760502316,-0.14697419482180407,0.19671619272287133,0.1694849896021325,0.11734191595085916,0.16158687947454622,0.07870139700226934,0.18384267611873362,0.17054504129224293,0.06931695890785769,0.14044158128922773,0.078499425423664,0.1633706515890986,0.031700522420811415,0.011556186736916886,0.22533111774005826,-0.042288973534860747,0.5177369000943295,0.05486780919033085,0.41823879343440484,0.05221545729613606,-0.2066013544437852,0.07941340493246887,0.05108408117787488,0.06219117489379135,3.011779149435562,0.1432500130024036,-0.09801494937075697,0.44261891031573075,-0.3168896839286117,-0.15958186469712712,0.0626938685838966,-0.303324540983896,0.19919655871316405,0.48580695883771,0.07618774536717624,0.038252569877409826,0.01951562795712535,0.3130821659807618,0.1919989033506063,-0.49223110665182795,0.18817051768154608,0.4638101004618798,-0.09705441465235688,1.1308128312918169,0.09865106418794992,0.04660630921116615,-0.02482890790683866,-1.122705888194267,0.3683957651945989,0.06494536926893674,-0.2506807862143928,-0.2271299214101273,-0.15921795197586427,0.24053994181045382,-0.09185043788640203,0.11414847439696511,-0.2176266765019572,0.005494441394103007
0.17244758073962105,0.17742854147791615,0.24179193837042237,0.13162189048639383,0.12138505041119234,0.16754050471946288,0.1184261780167364,0.13248582813584092,0.059485489085454674,0.14284694700399078,0.14955036550119494,0.17914434239306581,0.10970822738372239,0.14012313029448276,0.14004770502557506,0.22790839245561081,0.1959693768622157,0.052189464109158284,0.07462347452562684,0.28583368964999667,0.11586820311823677,0.27081478308038764,0.044908090992915366,0.21173593705654636,0.18438017756646005,0.1432500130024036,0.6809062650238366,0.21333143490833237,0.0957103271316031,-0.04271629586069699,0.25714161268798585,0.651923510161636,0.05980162270660581,0.2612580693650516,0.14508434193892983,0.2226696505325941,-0.016068111908891312,0.3559007610540649,0.10717660451189874,0.16467645967996727,0.2548892299920484,0.1647101030443518,0.36076921864573674,0.21869163386594495,0.15170501871654496,0.057977568776002054,0.0606720031954075,0.006484945145061078,0.09072204989767722,-0.09576209020472076,-0.10933665232532595,-0.005433508964938508,0.1868917143423082,-0.008543930902824721,-0.0007702827827648766,0.001996249783118438,-0.05598919495242789,0.01752842824807437,0.010505854259332426
0.1677795487029018,0.32606616491912244,0.2965813029190995,0.06434242563290783,-0.0400321378814604,0.16922568971578386,0.07841418728717518,0.17718634836297745,0.07311670753444642,0.11409063453699941,0.12220104064129014,0.14005976557401206,0.09867418543092979,0.13834367396411065,0.06509467876911007,0.25953158782089425,0.4177370346825448,0.05175796677479346,0.11084995510119348,0.11607147371107199,0.1295206134364014,0.4957468570677647,-0.6139001277606535,0.16572242924808347,0.21901103419089624,-0.09801494937075697,0.21333143490833237,2.3753082641616037,-0.13388287990535042,0.02222105177688513,0.44798669844057076,0.3710033234506362,0.29680408968841215,-0.08704073637189046,-0.14820107575549624,0.2944686318797798,0.1179454072763608,0.6455464184055753,0.2141675220509708,0.2140882193663581,0.3901223567649954,0.1332265301477133,0.7300974528166614,1.065500074342741,0.3754796612482975,-0.33603074380693015,-0.0009593050738515212,0.05420552289488656,0.16249933427365318,-0.27786486875071653,-0.02076919354996719,0.5612942194161318,-0.6024134085656327,0.12126939466582178,0.2949780514337666,-0.041761261455903774,-0.019962683341987846,-0.22854321497374241,0.43480773552690233
0.26339733783456437,0.13175996093789347,0.6018619944723661,0.11103722794417334,0.06412270926208939,0.1711169865630238,0.1521866568585385,0.196632950869948,0.06080643044969869,0.20795049056101253,0.2010123596716521,0.2427011079562215,0.1995086008339325,0.07661336043179415,0.13257104668629724,0.23509333738500587,0.2110702336437394,0.3440839078946781,0.10710247578175755,0.4208557682310797,0.14188477897541424,0.2341976498493055,0.31374405685683493,0.12821075197798698,0.5637626225102834,0.44261891031573075,0.0957103271316031,-0.13388287990535042,3.4135389226255355,-0.4840730523238131,-0.5834406129851402,-0.32274362994598743,0.17787955373450573,0.6169920224406836,0.5193107477746711,0.3280543933298127,0.14127555846468864,-0.149282591239664,0.4160276835046731,-0.03112533353503496,-0.43429570517437244,0.19236807799800365,0.2361333831308102,-0.2214027315261648,0.3703748104931692,0.35669012771725706,0.1294232074402295,-0.05464607731879604,0.04865162771795691,-0.2914268981083718,0.2075459045038495,-0.016572895732711607,-0.0036327662674761067,-0.1979945619398829,0.23230591143840168,0.0009043866574522063,-0.3176508315901244,-0.35201858228820593,0.40913410124768623
0.29326836033165066,0.08895997941628693,0.19115364397622958,0.04026053712632114,0.14082772435236712,0.04512994801345786,0.166391694142483,0.0687968208244103,0.09535326716179947,0.21197726991939292,0.05653819340611227,-0.08589744339631493,0.05444846102703693,0.10939057405626984,0.2697836384887795,0.0797202423965547,0.05969521429073797,-0.10804460058618595,0.01362018965750314,0.0971151672111005,0.1843451544178278,0.4265266515190963,0.010438990408272852,0.44191352040521015,-0.09871628912203112,-0.3168896839286117,-0.04271629586069699,0.02222105177688513,-0.4840730523238131,4.296259451423179,0.12210346962362142,-0.5976143842381701,0.4954522467606346,-0.0560991144343555,1.218341842583216,-0.10893946009447723,1.4490740517725365,-0.010283160231688881,0.7513697757916517,0.4484761951361688,0.4906283729523778,0.2866716612001796,0.889280291538865,0.3744037830050392,0.555888046226109,-0.23787146053954983,1.59544983679005,0.10517873584815009,1.7482098933124535,-0.3931849809377622,-0.27068418766521474,-0.931621972082745,0.7939418848561993,0.07386926879082577,0.12374484816838231,-0.03051627055880887,0.00834040977869165,0.20334133075889993,-0.08169968620261986
0.3727820872477263,0.1488255052619517,0.3405421318527206,0.12498741324415573,0.1408105476206142,0.17622199751744802,0.1689070985460842,0.1576743375130697,0.03817070023981919,0.17621657841944965,0.19619850334918076,0.15130282145692223,0.10907096390323172,0.19408144822598783,0.2202712224274075,0.14402446446515124,0.29780279959514067,0.03234028433658956,0.12577597732948068,0.29348734403212917,0.26333671426181365,0.4791011882167841,0.18497827120134158,0.13563858175218307,0.3679095510915223,-0.15958186469712712,0.25714161268798585,0.44798669844057076,-0.5834406129851402,0.12210346962362142,1.6321971475672132,0.4435475842509061,0.18223351702813512,0.08572961656479121,0.3096266374137609,0.5717195236652602,0.21474167930232488,0.5047418824747204,0.45657318796515983,0.21391539120379682,0.6731097579223078,0.2648905023105887,0.06175512786021958,0.49270363096532716,0.02940088628418736,-0.01751703478506921,0.05412854559451133,0.040858717800214696,0.48639052683174,0.050086178796471016,-0.19164009210727706,0.17001103115714145,0.07918233935568673,-0.06551700795112873,0.10529441893981437,-0.08147216049765098,-0.030977799874251193,-0.03907925410534131,0.09759270042607927
-0.024825281630851258,0.18544330887719285,0.13157691118772313,0.2508921957442189,0.27271192680998757,0.30640343552950494,0.11409619294726947,0.09533085111548242,0.031971133127089886,0.11328980563763486,0.15830215819671872,0.2537882456171926,0.0561567041059348,0.1901889972871117,0.20661503302900688,0.3270454459723642,0.2110641967650062,0.03780645412033106,0.1388706762514084,0.33307311429941455,0.13335776140632502,0.5008257436975224,-0.08806443329780722,0.508160525307698,0.29348099691339513,0.0626938685838966,0.651923510161636,0.3710033234506362,-0.32274362994598743,-0.5976143842381701,0.4435475842509061,3.264536903513637,-0.29462326020644775,0.8911870839215102,-0.47059429609767806,0.3226729575381044,-0.8172965452932182,0.639892092034374,-0.30723925820144704,0.07477247408291145,0.5304904652447354,0.1273008902423511,-0.021213567964842663,0.3640356035358642,-0.2897100580188774,-0.03676069245262983,-0.12840207273245416,-0.0698132841744402,0.29159914163569844,-0.17450002468678735,-0.12877510447870977,-0.14820410224395525,0.3600781973665067,0.12461769432857232,-0.3647064113720849,0.043475761372750846,-0.05289850149936234,0.18061617148486206,-0.13656450908702414
0.17580550675888804,0.0790723377336019,0.1927950604179165,0.07410611736822148,0.03612628659415434,0.06059059764791295,0.18495018167697608,0.005296593919010689,0.23044017326605762,0.04494467300684953,0.0871104548431333,0.12058216851076865,0.09549519132795219,0.02596095749530304,0.10222154240511618,0.05801526875875691,0.2644505267201961,0.017964072984246782,0.05180845322944628,-0.06085859763373417,0.2313461327900731,0.5540047504601866,0.12467029557557825,0.3357086455758638,0.06503823064059391,-0.303324540983896,0.05980162270660581,0.29680408968841215,0.17787955373450573,0.4954522467606346,0.18223351702813512,-0.29462326020644775,1.9286527689236985,-0.384756475857876,-0.8902273149350269,0.08254235960501101,0.8399351096553697,0.6007167327310585,-0.32702725310228425,-0.11614506406307222,0.10968741423089529,0.16771922827326993,0.6186500720384963,0.2692919001542658,-0.07652376758185181,0.18638597995786818,0.21260907796258977,0.09557715652265925,-0.11136778108568332,0.24648184467932643,-0.08633455668827071,0.20154213523374218,-0.2046912554212231,-0.21424360568086775,0.19059775639974333,0.1709340366749891,-0.27458420316691645,-0.263723350652787,0.3611851321908768
-0.008393952604007895,0.06725760574570679,0.21381886252839277,0.20796874197258403,0.25692046995602247,0.203537219925109,0.08810674579620113,0.13902216023473532,-0.04808979292520128,0.1944360596422473,0.14280862393473137,0.14787951794212845,0.09926404780825507,0.14321520927816658,0.20141963091752313,0.22974562423290798,0.1418977764177667,0.1445322221642895,0.1278562025612045,0.32905381347584084,0.10095577939138754,0.2557709347480444,0.21134374927348965,0.21630943686355075,0.28773253847871366,0.19919655871316405,0.2612580693650516,-0.08704073637189046,0.6169920224406836,-0.0560991144343555,0.08572961656479121,0.8911870839215102,-0.384756475857876,1.384294053546542,0.5365949825397637,0.15134664378374643,-0.09794210288965745,0.0749732637024904,0.25395125836170607,-0.004380516492516421,0.2113480741256986,0.18307526828559223,-0.025007685614615062,0.22950416979046642,-0.17073954175106415,-0.0017598932222804245,0.23450552089674015,-0.008895991175988504,0.6312240963792812,-0.22439629089066218,-0.08047738798825677,-0.23296799386876635,0.3273388936851599,-0.053886837290666956,-0.10453554005845815,-0.05118911216693341,-0.1900423836693106,0.03523290398276953,0.19007182723689967
