2.4838970755091396,0.3386203314547008,0.25224925380068824,0.1285904749179437,0.3460288123962954,0.056763959040519923,0.10675308357949842,0.18590871542308696,0.14265664376060758,-0.01559204924900603,0.11840637912513195,0.2916629751611125,0.09540525456587051,0.23000903877264214,0.12107752688073992,0.1411501993711394,0.15833038941143948,0.10635891562354917,0.07356823915503886,0.07768019328394268,0.0733907348859122,0.19522318015046244,0.05350941970135238,0.17056140039060802,0.21052020222413792,0.24658508888779468,0.085385126176591,0.1676581243389933,0.24162013835587862,0.11000165370297872,0.24273616458089836,0.1423930952974916,0.15141103179792365,0.16431367459687374,0.15527694818252621,0.15005359895240702,0.15474978246350363,0.2754444042424716,0.2006281619761214,0.09905433810868619,0.27581258434635064,0.1657088213175757,0.09894306260717245,0.07864349809740993,0.11942560117504895,0.0075670181416662916,0.23524626905151655,0.0626781892857606,0.1899337889178963,-0.02582591749385182,-0.10061834027689309,0.07104593192549763,-0.04208229279782535,0.07227155625453471,0.08573641550568392,0.01999158672633031,0.22620602574594073,0.003895789369525428,-0.021027015286478986
0.3386203314547008,1.0028009855726598,0.05116310276746338,0.13178155085956753,0.26314110195655316,0.18175994777248453,0.23990304481118851,0.3234490797575783,0.22107083731970403,0.1518091372669444,0.196950045800717,0.22575852354697595,0.15362826751451028,0.17897393658684832,0.18958559600499272,0.17888228299370926,0.1668006517316866,0.1163675449112973,0.19604275561897863,0.15989072530993145,0.1911706584380642,0.15803966600953478,0.14010384275258533,0.27116234052973087,0.18459917389527356,0.24627719425918979,0.18086195619333897,0.1823515123980352,0.173233478240165,0.17971119832020593,0.16653995096282018,0.1500121509601693,0.16338255889443826,0.15334623937473948,0.18020475304765896,0.16132042421705206,0.17032817641108464,0.22491395209194515,0.22924177567294368,0.12538616498755045,0.21967275058734337,0.15729604924373786,0.13670507013216904,0.10554806255138871,0.125933792205428,0.00027518025120467585,0.2608944542339953,0.17583139135915485,0.22508193686560307,0.013695995612011272,-0.02680977864930966,0.013610173230017742,0.015099967587059688,-0.09679535850417492,-0.29686891048010833,-0.03938904424072418,-0.04462846965266294,0.042359255052939096,0.16885324689169415
0.25224925380068824,0.05116310276746338,1.7902815343841796,0.2735313477686223,0.32384136872629904,0.08952891590936245,0.13723932481523804,0.14819200723134315,0.25619292557941786,0.10005941613813996,0.18860437436585717,0.19934834866423493,0.20993037664035238,0.10264586470325333,0.17404967618522052,0.18509155200184044,0.08381211895182317,0.10543455670135579,0.17038559490174937,0.28796611877947476,0.20631725434791098,0.17602256464170843,0.08699362979942293,0.0903857511668238,0.12911904337928617,0.14459671393317822,0.19008013994792533,0.10636839055170232,0.1615958938152702,0.1079683206876517,0.06995962533133819,0.12567472456905068,0.11327875631858073,0.09037133291548118,0.10394569159550837,0.1040486894214779,0.11032262497757926,0.15637091973310283,0.08529554605344525,0.10580611142877183,0.07820342899292163,0.11375259617803048,0.10305528252164395,0.06695766608289652,0.06961450823722577,0.018785275871589357,0.2065369069817122,0.17675479818411471,0.1023418139409621,0.031064227353998025,-0.07251754448871234,-0.041654587295850636,-0.274884825255857,0.07060094357915986,0.019032226002265,-0.022950063868960202,0.031023261760638614,-0.22008810863423517,0.019286187539373164
0.1285904749179437,0.13178155085956753,0.2735313477686223,1.3108901612050403,0.29203899815040724,0.15059825313239858,0.14579883800712523,0.3032164620277437,0.21523150818822104,0.13128347846431004,0.10738792682404062,0.1648169969481611,0.1880961376390033,0.17229879481956345,0.15764805736301732,0.1325123023911651,0.12517668074044877,0.10255258592047022,0.1625981859372442,0.1368331670079516,0.13984977121292225,0.12733824223302675,0.11844146963101164,0.09488093404759732,0.10921931130649605,0.11501579909968929,0.1351302762396304,0.10718869422491094,0.12882439505487156,0.12520256379209524,0.1109028684948999,0.11753655950377007,0.09943414741053633,0.08731402624903614,0.10051452583083671,0.10082884080369334,0.10382282459470692,0.12064468455161188,0.09795326056790121,0.08672342141220071,0.09831961208242322,0.10296250416191674,0.13589028787365431,0.07290766447948151,0.09083294281394542,0.005269418982413813,0.1449592016663254,0.10080743746963652,0.10113563490274077,-0.1460546728300552,0.01444616629204714,-0.08388010226203445,-0.2522569826482256,0.011746238560133127,0.019245285467830997,0.06474884146982794,0.12628528308452794,-0.13849207620308207,0.12020965572816862
0.3460288123962954,0.26314110195655316,0.32384136872629904,0.29203899815040724,0.7021195454288914,0.22569641114089753,0.23505119837144073,0.19658176160134117,0.22370375271305598,0.11939439804432317,0.15504919938904943,0.20710696547219584,0.19280242691785562,0.16989561973391706,0.18268374470536974,0.19240974490621032,0.1714487676539143,0.1158338089982702,0.12209398659462928,0.13718687740914895,0.1814450609162722,0.10090251219253372,0.16772586812947274,0.12981139340230094,0.13868777680148883,0.19416369594190103,0.1530666075908195,0.13794307536095093,0.16477677841993804,0.12951978287674099,0.17156534117640657,0.1248879949050728,0.12593363957891746,0.11439639236361882,0.12654071277028073,0.11692511598109284,0.1238455755235927,0.14751896917956042,0.13990284390938476,0.10007790484055715,0.16767804414742535,0.1535497247308032,0.14375078006224482,0.08835371420557653,0.12033868982110696,0.009258834252422172,0.17621131499930873,0.14273430487617272,0.14015074194376545,0.008451588763707668,-0.08777450280933721,0.07204763761982637,-0.16261362889008196,0.10416295902306923,-0.09728414114091152,0.0037458535872035145,0.05110462109762241,0.0729826329814333,-0.000878796086518282
0.056763959040519923,0.18175994777248453,0.08952891590936245,0.15059825313239858,0.22569641114089753,0.7990299647464195,0.24923723268793327,0.10913312953171339,0.21402223244465723,0.23802039052083276,0.14531095649652748,0.20932252598197146,0.19761794281464723,0.16880765004981513,0.17975185267429425,0.1992744814275208,0.2120699145842023,0.1416548861376222,0.17183913435275078,0.15604045088846874,0.17572611053940973,0.1895153660741576,0.16413224889048553,0.12121776310546178,0.13075522304671797,0.12081256646237254,0.1689857350100271,0.14781246455939126,0.13402071566287246,0.13681017773931678,0.1328806390467803,0.13441398262780538,0.13927154895770372,0.13431710030602248,0.1634524607674725,0.12779854265554041,0.14569814728836036,0.16262437360426293,0.19263921778306378,0.10481886367409796,0.20964790632400912,0.11346430044159217,0.17817522254444057,0.09309583093944422,0.16225784961441456,0.012589002120387861,0.13428441191144017,0.13023011880836696,0.18284237004399936,0.06476424701419514,0.014338998827445769,0.06058442041610525,0.08647172459776273,-0.20114065599889222,-0.13527515401974635,0.025766281328863036,-0.12190780861119288,-0.02938071840968132,0.08458157338910333
0.10675308357949842,0.23990304481118851,0.13723932481523804,0.14579883800712523,0.23505119837144073,0.24923723268793327,0.8296040463277343,0.3063260264188482,0.18737261522966284,0.17010821575897317,0.1304411687726824,0.2533280554053287,0.19572563502403414,0.2427619947437533,0.23920452709518972,0.24021445638044303,0.20849681229641617,0.16267472299796226,0.2261814683178954,0.17105895897982504,0.18560260854479796,0.19656684371945324,0.2267906957525904,0.13235775143064207,0.1626726287495428,0.14797196742878543,0.19133989109047084,0.1476276760871079,0.15487552332001905,0.1628383976469656,0.13397168320625902,0.14947884692830637,0.15265085938889217,0.13068057480425277,0.16021280630578766,0.11676362057644442,0.1457526889699977,0.14533153107589597,0.1084679313872407,0.1023723944745139,0.13906336596555482,0.12087418956402587,0.18456877599458577,0.08665925446502608,0.08709181193026078,0.01687954315906507,0.1389308722044098,0.181479744417769,0.12084698244096474,-0.01696975107388335,-0.05843203774125838,0.02220086213010783,0.005813736457605107,-0.06187758272704029,-0.07793081825010159,-0.012022382388179549,-0.23651719890508477,-0.03624320763079629,0.06561404090957622
0.18590871542308696,0.3234490797575783,0.14819200723134315,0.3032164620277437,0.19658176160134117,0.10913312953171339,0.3063260264188482,0.6901398439720083,0.27026674229427544,0.22287032263346443,0.18475069926505855,0.2591269586629743,0.21655515599419092,0.2326425864938384,0.24237166793080653,0.21806892834580544,0.1990879454279199,0.12434132230278001,0.30066532402707524,0.21244857543849457,0.1870856079195979,0.21062809524544446,0.17687881599298164,0.15149640555343136,0.1684918600693577,0.1811018975803401,0.18813111725563195,0.16511535431006566,0.16395453884703556,0.18462458978424492,0.13417887001441103,0.16415502542824043,0.15437813910017442,0.13152377133569218,0.16010213455259992,0.14177466580568499,0.15625562380717145,0.17119549018778935,0.14209469119777204,0.13189646335905292,0.13633718920675544,0.1332758306848962,0.17746459160263367,0.11961130978580349,0.10756250880986061,0.01096045549331908,0.18320064069721154,0.1536793141036474,0.15571392108963086,-0.047810961253011715,-0.02108803107113257,-0.09145851336706685,-0.21037492900936958,-0.05014024000578616,-0.0611021325789893,-0.010285040995219206,0.030462030343302134,0.03761071100361736,0.07598533480760877
0.14265664376060758,0.22107083731970403,0.25619292557941786,0.21523150818822104,0.22370375271305598,0.21402223244465723,0.18737261522966284,0.27026674229427544,0.5532929236262442,0.2373405462176645,0.20450311210038002,0.22594301065900269,0.25657348674528874,0.19837192528485784,0.215136698791689,0.21605602400371496,0.16826701100544553,0.1444426793923697,0.18787436120506062,0.15232110293788728,0.16637468193650898,0.20201171163837792,0.21641382378693783,0.1305737434344918,0.143622605319368,0.12449799448759082,0.16216422527887986,0.1518680162320979,0.14331117691831685,0.20397920926210195,0.16049024553849542,0.1689304823773496,0.16277460099611454,0.14133188387424658,0.18329699545167116,0.16129994569310344,0.17538984916205125,0.19832834505273814,0.19455244587561663,0.13901158597647612,0.1745430832734864,0.14115977996014478,0.2120611694056497,0.13185689326886493,0.1764342074661019,4.127091474588794e-5,0.16206300483598637,0.19316348942076056,0.1942825719039471,-0.016943206616319567,0.01789474737409958,-0.019594542339848857,0.06564743758801658,-0.09865548333555281,-0.1177301244453159,-0.002531224417903704,-0.10224033841441514,-0.0538162271976062,0.09570879118198634
-0.01559204924900603,0.1518091372669444,0.10005941613813996,0.13128347846431004,0.11939439804432317,0.23802039052083276,0.17010821575897317,0.22287032263346443,0.2373405462176645,0.5219337623134195,0.1726409355760005,0.24727701802525584,0.19070345701299793,0.2191606277059572,0.22417818694601996,0.23186224669823038,0.17774022752471946,0.13201150687897772,0.1766244369855484,0.2048836440053221,0.19197753357075834,0.3501555758331665,0.1671484667524317,0.13984774704243333,0.14720899012355562,0.09929671977446955,0.18156510547610175,0.15215170096807382,0.1605291364055553,0.1612157524992634,0.10731648421728346,0.1438990857573136,0.13767215756520698,0.11871620503417181,0.14932163631714668,0.12299457549490948,0.13710884839461046,0.14157911702840795,0.13566270682211987,0.1269019040002096,0.12126263081667793,0.12019239238250981,0.14036575303281962,0.11377945376809023,0.09778061682950104,0.0171843622783419,0.13268098390108843,0.14034688333115872,0.1418159348205791,-0.0697972284234522,0.03104216655248451,0.0037304691562222705,0.0017773849414461193,-0.08122844497706735,-0.08909385457075958,-0.005251220125418745,-0.002084665218230568,-0.05274861523181149,0.04355007221625364
0.11840637912513195,0.196950045800717,0.18860437436585717,0.10738792682404062,0.15504919938904943,0.14531095649652748,0.1304411687726824,0.18475069926505855,0.20450311210038002,0.1726409355760005,0.4550126974922715,0.1704834471429658,0.2391161081646457,0.18404327083579222,0.17792997121054244,0.19403251704555652,0.22622543084521116,0.21748146659499507,0.14466669900680854,0.14928999859083722,0.15300409841397505,0.1499772160576346,0.11124463296013017,0.11512451675974261,0.12396736374451635,0.11015308308118837,0.15895744717321245,0.15698336987561803,0.18336206549242032,0.1614623769601317,0.1745271500173915,0.14987822898763803,0.12924006106794397,0.09526445754548002,0.13814359444870924,0.12143728308738176,0.12368789147823335,0.18799955255968756,0.10137642212916224,0.12896952275627596,0.14357625521556835,0.15993466285646066,0.1261426955287712,0.11633640722032255,0.09998221467240034,0.017485218845961974,0.19566431490104685,0.289415688156464,0.11606998909247018,-0.0005664864085039831,-0.013439853109153644,0.03649190221467354,0.08136273426014641,-0.049397842154124225,-0.0025853385376929223,0.0021776457621527955,0.010336151466480474,-0.12616610548438167,-0.1638590405254965
0.2916629751611125,0.22575852354697595,0.19934834866423493,0.1648169969481611,0.20710696547219584,0.20932252598197146,0.2533280554053287,0.2591269586629743,0.22594301065900269,0.24727701802525584,0.1704834471429658,0.511761888828751,0.19658049806934147,0.17929702124098057,0.20813767658329935,0.21836626697685463,0.16121717383478984,0.1345323200520515,0.16957724654136772,0.1598795625924191,0.19594671038938566,0.2254281487266646,0.16141581226336235,0.11737058696514495,0.1654354257241567,0.15676995071599734,0.18864617219637625,0.13591828002263723,0.15599169285520895,0.14719877209021626,0.10004548831433402,0.14617008438340534,0.13358687573427086,0.12014000180371796,0.14538639514067597,0.12033043701844749,0.133089766602826,0.1963399622551375,0.13563834884607104,0.12015796024515424,0.13548884348428958,0.11727423882047965,0.13402281166981744,0.08794706077127487,0.10463970681121129,0.010856686224108058,0.18380076512879953,0.11638274700029395,0.14718627914653135,-0.013061613210930353,-0.026239754247509347,0.0281665674350555,0.07992095680282225,0.008340150157850891,0.11338175131128997,-0.0012174162355502768,0.036963706155945936,0.0691778592336132,-0.05658085260017535
0.09540525456587051,0.15362826751451028,0.20993037664035238,0.1880961376390033,0.19280242691785562,0.19761794281464723,0.19572563502403414,0.21655515599419092,0.25657348674528874,0.19070345701299793,0.2391161081646457,0.19658049806934147,0.6189726663274387,0.23484785258787852,0.2529609153537853,0.21064953822528606,0.20006011249438924,0.20327932169606003,0.18078319458008948,0.14946742722385747,0.17648712759626978,0.18637455868493713,0.18032419934515967,0.09963350098620836,0.12991165477315084,0.11405573371930162,0.16972289633169874,0.15316939795683226,0.16834787700299156,0.2244560255784272,0.18902935351862815,0.18344914841477938,0.16436670748407212,0.11775189727790895,0.16889558340402683,0.16058578011517802,0.1718271106825839,0.2016004085968183,0.14542881902563243,0.16541116886532473,0.0823157818559076,0.14001124213161628,0.1479455063102445,0.18887653960558476,0.08072572028285586,0.012163099095427022,0.18236129999301165,0.3442204841494874,0.14344815466606733,0.04670552165525643,-0.01007905115718569,0.029488810864213844,0.10071233165588014,0.04611096056775301,-0.08853679541882777,-0.016531882237854515,0.02726344519295214,-0.05494988207687243,-0.07117883962183504
0.23000903877264214,0.17897393658684832,0.10264586470325333,0.17229879481956345,0.16989561973391706,0.16880765004981513,0.2427619947437533,0.2326425864938384,0.19837192528485784,0.2191606277059572,0.18404327083579222,0.17929702124098057,0.23484785258787852,0.5462564081482355,0.28169521999061437,0.3286971144339993,0.2058179125756379,0.16924767013373276,0.2102631169997912,0.17582051825505624,0.17822239251938532,0.2012388138996122,0.1810994450656255,0.15232961714158944,0.21405850014383965,0.22122276775569077,0.17920866885379594,0.16091936201673063,0.15402998282593386,0.13281422520996247,0.19709571988184876,0.14369494055797244,0.1596250039193113,0.1425990269205159,0.16455820457785533,0.1500089138064822,0.1659603910262801,0.1812925590875388,0.17366473391285955,0.13298595786624937,0.15006581495367158,0.15302709833616404,0.14541946511065246,0.13323406910797503,0.12052496235531895,0.01981218805520405,0.19490646399707537,0.20307687862953222,0.1681984889336817,-0.1437944534570248,-0.054356369545422056,0.018283005831667483,0.02612624999636524,-0.030107154909159946,-0.12760881629309154,-0.03831268596067926,0.08801065539225046,0.02808160903204837,-0.03810622688515764
0.12107752688073992,0.18958559600499272,0.17404967618522052,0.15764805736301732,0.18268374470536974,0.17975185267429425,0.23920452709518972,0.24237166793080653,0.215136698791689,0.22417818694601996,0.17792997121054244,0.20813767658329935,0.2529609153537853,0.28169521999061437,0.5366115301488865,0.3563951187328483,0.2299188172283796,0.1663375492248991,0.18447579859923732,0.1889774216993255,0.19724801716130985,0.19177782604031524,0.19789404530341018,0.12768568845609227,0.16874262805417783,0.166396939398047,0.1864049373434751,0.15321506919510633,0.1354086218231404,0.134734698604451,0.17468760570280742,0.14562622865004946,0.14727706164653348,0.12816415472460368,0.1530841796899693,0.13670699050588353,0.14317178097514208,0.17635177261991455,0.15263663798734178,0.1281493398483404,0.13765452417394608,0.1260515122733737,0.14450895452191387,0.1192363994920897,0.11901612250101373,0.020644910393719382,0.17440705407271956,0.17318507969482702,0.15028344737559945,0.0510434352155665,0.03088943260696019,0.05088295961645517,-0.007931979080627278,-0.007941917299191031,-0.16304582771493495,-0.035347556935623504,0.05258061001965256,0.046914244987231846,0.022104101863169193
0.1411501993711394,0.17888228299370926,0.18509155200184044,0.1325123023911651,0.19240974490621032,0.1992744814275208,0.24021445638044303,0.21806892834580544,0.21605602400371496,0.23186224669823038,0.19403251704555652,0.21836626697685463,0.21064953822528606,0.3286971144339993,0.3563951187328483,0.6149639409852472,0.2629514636096077,0.20128988999682532,0.1660998982763916,0.1545337242307932,0.18498586999130032,0.19113657329021697,0.1811245487032972,0.08314179006735806,0.1401971597083226,0.12831363764626494,0.1733545638900097,0.1423376882259342,0.11894257463699641,0.13535182476646337,0.14924214502781802,0.13205203862858053,0.13158462821447806,0.11897484033004747,0.1453056293480838,0.12632784554514226,0.13112147838845367,0.17847803607699383,0.14972609279286697,0.11822939538451514,0.12802846828888975,0.11689561271498512,0.1507693709723999,0.10893591424998582,0.13470168158976445,0.01672579970077448,0.15294865138846958,0.18739416276936854,0.13966590993629827,0.02940850182523193,-0.010248807253833397,0.07268343582447953,0.15505211901136123,-0.004368408913131352,-0.0760162133452071,0.026507241008754658,0.054903920898454285,-0.01537323034496934,-0.019917811374335324
0.15833038941143948,0.1668006517316866,0.08381211895182317,0.12517668074044877,0.1714487676539143,0.2120699145842023,0.20849681229641617,0.1990879454279199,0.16826701100544553,0.17774022752471946,0.22622543084521116,0.16121717383478984,0.20006011249438924,0.2058179125756379,0.2299188172283796,0.2629514636096077,0.5736050031114505,0.28119057969060357,0.1648174470915337,0.1607678412277997,0.1591751004171937,0.14945005602979905,0.15049695804325194,0.052342377811530526,0.11932443183960147,0.12041381409175582,0.1538334426625511,0.20912931047429853,0.171556043698664,0.0983638405465559,0.15300222543985134,0.1444166844054948,0.13949732448647484,0.14151833397952274,0.15871684328850927,0.12456355292732046,0.1348572096936282,0.1692630468317212,0.15894945617239836,0.14539678654476293,0.1668380675707632,0.12774930738796697,0.1448400999484699,0.13171013674892804,0.17371139334505417,0.011964654184700831,0.13587702166411134,0.19368640352567107,0.15741461255314357,0.008255302957603752,-0.0008452903393162497,0.03095377405613258,0.04541343825740556,-0.027559869569240825,-0.0664742185930143,0.06528476506869574,0.038282093977840534,0.01572544467957569,-0.004932822320329112
0.10635891562354917,0.1163675449112973,0.10543455670135579,0.10255258592047022,0.1158338089982702,0.1416548861376222,0.16267472299796226,0.12434132230278001,0.1444426793923697,0.13201150687897772,0.21748146659499507,0.1345323200520515,0.20327932169606003,0.16924767013373276,0.1663375492248991,0.20128988999682532,0.28119057969060357,0.6438540663030164,0.13011636326092002,0.1497555514046862,0.13856199057261653,0.12225895697693615,0.12225900283709767,0.0711172117726214,0.08085467587245605,0.04111171874563025,0.13945498445920132,0.1426311036062972,0.19701739697862664,0.08569853884012703,0.16101245263947098,0.1324465377623138,0.11883106623610881,0.08738554532571202,0.12181697895015142,0.09435645776838122,0.09972108633891791,0.13238257979979848,0.08288687320922629,0.12065560529591506,0.12454737435397248,0.11927660559718087,0.08419102534213871,0.09396232480083153,0.0809739233776318,0.015441548587544282,0.11771455546800803,0.11690557887987382,0.09010491263420159,-0.01500468484719995,-0.031616427179684305,0.04885357725648907,0.0994166562718403,0.045200990698886244,-0.03979771734621887,-0.00412167196406248,0.044069767094751605,0.00026436945336517063,-0.011061235190557185
0.07356823915503886,0.19604275561897863,0.17038559490174937,0.1625981859372442,0.12209398659462928,0.17183913435275078,0.2261814683178954,0.30066532402707524,0.18787436120506062,0.1766244369855484,0.14466669900680854,0.16957724654136772,0.18078319458008948,0.2102631169997912,0.18447579859923732,0.1660998982763916,0.1648174470915337,0.13011636326092002,1.0683891686216445,0.07698318462330517,0.2004797634957093,0.17979222904919,0.2126110406971965,0.21823249166904146,0.20196836303129637,0.27883436772084824,0.18576971895131444,0.21190834189767982,0.20231119554909568,0.29861550764328554,0.17609976716099598,0.32007468546139717,0.38441314594758075,0.2963704005501367,0.3617224399293512,0.2524480873559738,0.3320694322287643,0.24963714144101967,0.2753422761297354,0.21273768226493694,0.2527980383909386,0.14580343263962137,0.14548323496154503,0.19807108303635373,-0.03935593065737577,0.020560213846304864,0.2351546263215147,0.12607241530812063,0.26975204021534965,-0.040826806481529504,-0.04230069271562281,0.002384886619760942,0.17743864051215244,-0.023289119500201877,-0.16121942523296706,-0.01515831627002134,-0.020942985165741303,0.003245211825034151,0.05314659833838025
0.07768019328394268,0.15989072530993145,0.28796611877947476,0.1368331670079516,0.13718687740914895,0.15604045088846874,0.17105895897982504,0.21244857543849457,0.15232110293788728,0.2048836440053221,0.14928999859083722,0.1598795625924191,0.14946742722385747,0.17582051825505624,0.1889774216993255,0.1545337242307932,0.1607678412277997,0.1497555514046862,0.07698318462330517,0.8692499195140126,0.2503886666841258,0.17590750927166032,0.028279668963380338,0.1416530012743035,0.18400096635634053,0.2730462329010145,0.19330397743013045,0.13546012857366257,0.11372652013113639,-0.07219162947325229,0.2209120409560941,0.07620741725295065,0.09923047549535996,0.11888412920363883,0.10464731769945665,0.10783121242183182,0.13165504452539617,0.12318787404483388,0.14022497536825387,0.1036607047533999,0.11431192313515066,0.12010851683662811,0.055276222218351725,0.09200778236567841,0.16865707667414478,0.009913701532114905,0.20663659731337272,0.16965130523330524,0.1536263727230306,-0.08519907294072775,0.024361588145688978,0.037907181473080684,-0.49135898956905005,-0.04483711235261037,0.098833878621432,-0.06714662065927811,0.053001084797857034,0.12067162816325892,-0.08208628075696814
0.0733907348859122,0.1911706584380642,0.20631725434791098,0.13984977121292225,0.1814450609162722,0.17572611053940973,0.18560260854479796,0.1870856079195979,0.16637468193650898,0.19197753357075834,0.15300409841397505,0.19594671038938566,0.17648712759626978,0.17822239251938532,0.19724801716130985,0.18498586999130032,0.1591751004171937,0.13856199057261653,0.2004797634957093,0.2503886666841258,0.5574894295380111,0.23829667149520714,0.1451357306393977,0.2268510845251956,0.18825474668701803,0.18326676440060846,0.4074127352662276,0.17586595536428212,0.18617823524462937,0.1725805529940347,0.1346874742208915,0.15226677729917176,0.1481856333100314,0.15459020678372246,0.1492751878792895,0.15130559231505525,0.15483414216035396,0.20374933793046401,0.1352175104362104,0.12804091097870354,0.15394898658404702,0.13741065911308012,0.08667757644363076,0.08854630526987084,-0.00011484117374219756,0.015516458862441193,0.2593399209955324,0.20438978474025044,0.1474949299949035,-0.023699130331288797,-0.029097202253328253,0.008531762893194008,-0.11200871620810324,0.1017681806256585,-0.03597300209466812,0.019633845766009912,0.012055524435299845,0.016452863235437574,0.0049227971140190655
0.19522318015046244,0.15803966600953478,0.17602256464170843,0.12733824223302675,0.10090251219253372,0.1895153660741576,0.19656684371945324,0.21062809524544446,0.20201171163837792,0.3501555758331665,0.1499772160576346,0.2254281487266646,0.18637455868493713,0.2012388138996122,0.19177782604031524,0.19113657329021697,0.14945005602979905,0.12225895697693615,0.17979222904919,0.17590750927166032,0.23829667149520714,0.6619782296085233,0.15740551032905745,0.20159341618625354,0.1815359891936985,0.06651515877285301,0.22809390701778318,0.17838364963784908,0.199489827346809,0.2379222775147745,0.12541756806424625,0.17324679109767188,0.17206553494439464,0.15214586741854455,0.17960879185512396,0.14996456918762585,0.17400701861647935,0.17577686705651538,0.15029639998630523,0.1403718561761042,0.12061593292900981,0.14055696361273123,0.1595917626544618,0.12927345855347477,0.05588242338327441,0.023521089925192605,0.15443636874066546,0.1268525961596547,0.14926160970841168,-0.045465206884693916,0.000808418969064453,0.031077301395518328,-0.014914644674177129,-0.010999167142676427,-0.04892565299308812,-0.007375132464951342,0.026831442044027726,-0.04889000222223799,0.03197926794061279
0.05350941970135238,0.14010384275258533,0.08699362979942293,0.11844146963101164,0.16772586812947274,0.16413224889048553,0.2267906957525904,0.17687881599298164,0.21641382378693783,0.1671484667524317,0.11124463296013017,0.16141581226336235,0.18032419934515967,0.1810994450656255,0.19789404530341018,0.1811245487032972,0.15049695804325194,0.12225900283709767,0.2126110406971965,0.028279668963380338,0.1451357306393977,0.15740551032905745,0.7490583116275469,0.07799915098887965,0.11404006022079897,0.06465901337323328,0.1423218983025126,0.15122127370708846,0.22821549720097797,0.1994240718515383,0.19524451446132515,0.19465097057487146,0.218138492451597,0.15947366552961317,0.2141985427043605,0.1845772076812627,0.23180941149036727,0.24200544946037622,0.20112041217614737,0.15464759130688543,0.23742624207794094,0.13479175825285256,0.19639699192725527,0.16088992144022082,0.14561438545036517,0.027235069951151686,0.1792612818964424,0.154796739596629,0.19418357069441605,0.02726203053590057,-0.014345637862040562,0.01786614178606465,0.037681456888764585,-0.008035504441292009,-0.2925131764872516,-0.06894548471178297,-0.015526695873479091,0.16562842719687218,-0.0005063829659297724
0.17056140039060802,0.27116234052973087,0.0903857511668238,0.09488093404759732,0.12981139340230094,0.12121776310546178,0.13235775143064207,0.15149640555343136,0.1305737434344918,0.13984774704243333,0.11512451675974261,0.11737058696514495,0.09963350098620836,0.15232961714158944,0.12768568845609227,0.08314179006735806,0.052342377811530526,0.0711172117726214,0.21823249166904146,0.1416530012743035,0.2268510845251956,0.20159341618625354,0.07799915098887965,1.416214858138943,0.19902138870686903,0.17779624677680245,0.25292243841063583,0.4276202037697365,0.44469188390036046,0.3813120231220159,0.2300397852443431,0.25307378811367204,0.26064447010080605,0.24198044473150998,0.277144214957492,0.2579495524056654,0.25933696353807517,0.3807064370567031,0.24491214250924084,0.142197373067663,0.4072653498129116,0.3108372213213928,0.2286276240121783,0.10721647498889095,0.09434337220232487,0.020583647981958615,0.49412776747313814,0.21391122525971637,0.25688319109401003,-0.03190018413063859,-0.06541863216818725,0.33187426309195106,0.09338977621044608,-0.13009309086700768,0.011479062266476181,-0.06540974040852335,0.07638890285753526,0.00475132760434866,0.15735990747571643
0.21052020222413792,0.18459917389527356,0.12911904337928617,0.10921931130649605,0.13868777680148883,0.13075522304671797,0.1626726287495428,0.1684918600693577,0.143622605319368,0.14720899012355562,0.12396736374451635,0.1654354257241567,0.12991165477315084,0.21405850014383965,0.16874262805417783,0.1401971597083226,0.11932443183960147,0.08085467587245605,0.20196836303129637,0.18400096635634053,0.18825474668701803,0.1815359891936985,0.11404006022079897,0.19902138870686903,0.7457780170433641,0.5880544599439144,0.29525795724871,0.15292072057656075,0.004883049659448699,0.007461088476600611,0.31873973373704173,0.16867821523446452,0.18168836740482097,0.2115162537337633,0.2009312518294489,0.21255512592020975,0.23005725471147928,0.1982924623430707,0.20195885227204222,0.1590825902544711,0.12874157683715384,0.15543208436666747,-0.045848768485108465,0.15908118751493058,-0.042261000111083254,-0.007646068242763195,0.32786057796947116,0.2899402425496443,0.2114392621131409,0.01671616200430701,0.01195061155542854,0.020981929512982847,-0.040703275472003884,-0.02507179664267902,-0.06277561000967398,-0.0016624993387671665,0.07965252728620391,0.06245097019108966,0.023801313087316724
0.24658508888779468,0.24627719425918979,0.14459671393317822,0.11501579909968929,0.19416369594190103,0.12081256646237254,0.14797196742878543,0.1811018975803401,0.12449799448759082,0.09929671977446955,0.11015308308118837,0.15676995071599734,0.11405573371930162,0.22122276775569077,0.166396939398047,0.12831363764626494,0.12041381409175582,0.04111171874563025,0.27883436772084824,0.2730462329010145,0.18326676440060846,0.06651515877285301,0.06465901337323328,0.17779624677680245,0.5880544599439144,1.1390372265603506,0.15982977427403472,0.13905424834174365,-0.0046517506906057025,-0.10224005878990675,0.2777361678217259,0.11933579735524429,0.18634836688901268,0.23007232798145677,0.21212031246945945,0.22457487624925168,0.2619303479529746,0.18303443266583558,0.2624521259957847,0.14665701183381558,0.18190777842540887,0.10973035892831826,-0.12270279422983286,0.12134288986470258,-0.05459608925266339,-0.027083024678650626,0.466869404844396,0.24247684783269524,0.3079592379872071,0.031019958441918405,0.011750256787700097,-0.010484060647304267,-0.13012985088136553,-0.01917381526711769,-0.09119170292653339,-0.04394473917181054,0.11630885441645489,0.1573580205994773,-0.05574048830762403
0.085385126176591,0.18086195619333897,0.19008013994792533,0.1351302762396304,0.1530666075908195,0.1689857350100271,0.19133989109047084,0.18813111725563195,0.16216422527887986,0.18156510547610175,0.15895744717321245,0.18864617219637625,0.16972289633169874,0.17920866885379594,0.1864049373434751,0.1733545638900097,0.1538334426625511,0.13945498445920132,0.18576971895131444,0.19330397743013045,0.4074127352662276,0.22809390701778318,0.1423218983025126,0.25292243841063583,0.29525795724871,0.15982977427403472,0.7778666764320649,0.19399738482019344,0.21716124671249878,0.1670834419489438,0.189553912327439,0.1714156205694572,0.1394489733303841,0.16254986271347158,0.13436033503542136,0.1533578002269633,0.14881718641159494,0.2116096492470635,0.1235460829940898,0.14271034429946974,0.15917439065721115,0.20107406356553775,0.05714188351533277,0.09815191247847624,-0.02062550316558805,0.018114073192069143,0.2566583959413429,0.2833865643833092,0.1327779399956764,-0.004562249370151157,-0.0025810000771527204,0.04297307526216997,-0.05893311782757695,0.03353340712269414,-0.055553431378661575,0.03281405815399857,-0.02305123358984098,0.013695127092550913,0.02448208148342836
0.1676581243389933,0.1823515123980352,0.10636839055170232,0.10718869422491094,0.13794307536095093,0.14781246455939126,0.1476276760871079,0.16511535431006566,0.1518680162320979,0.15215170096807382,0.15698336987561803,0.13591828002263723,0.15316939795683226,0.16091936201673063,0.15321506919510633,0.1423376882259342,0.20912931047429853,0.1426311036062972,0.21190834189767982,0.13546012857366257,0.17586595536428212,0.17838364963784908,0.15122127370708846,0.4276202037697365,0.15292072057656075,0.13905424834174365,0.19399738482019344,0.5254678118352067,0.38942473434913905,0.29219347506344984,0.2090717907412399,0.22526871366293694,0.27217517806685065,0.2952613786774858,0.2946022622508568,0.23706182289168434,0.24750894621751005,0.3538524768068811,0.2633481375676406,0.20602698999921343,0.36831803341145125,0.30659808673916944,0.24223098432145831,0.19036390912079337,0.1627153789999601,0.026993110083855715,0.2761576045532243,0.22772328539844205,0.2495809693983291,-0.03468138995813079,-0.0437621329732598,0.05974271968267429,0.08655043783101782,-0.027501494394509135,-0.053340531683854824,-0.0027798539027407546,0.06163100526635516,0.013956330536404011,0.02859593362568779
0.24162013835587862,0.173233478240165,0.1615958938152702,0.12882439505487156,0.16477677841993804,0.13402071566287246,0.15487552332001905,0.16395453884703556,0.14331117691831685,0.1605291364055553,0.18336206549242032,0.15599169285520895,0.16834787700299156,0.15402998282593386,0.1354086218231404,0.11894257463699641,0.171556043698664,0.19701739697862664,0.20231119554909568,0.11372652013113639,0.18617823524462937,0.199489827346809,0.22821549720097797,0.44469188390036046,0.004883049659448699,-0.0046517506906057025,0.21716124671249878,0.38942473434913905,1.6088708665103122,0.2744549588334452,0.12099666404318782,0.3620127027834143,0.35130401764675845,0.1753864992391752,0.2973137247411955,0.18606878972310462,0.18915847648140896,0.3996266970020369,0.1934278894916127,0.31023029259388146,0.46825883668532975,0.392310709379315,0.19181681869472728,0.1456309995806577,0.1482883980791229,0.04179688514030018,0.27616091243564744,-0.04978266767174899,0.20444052592647166,-0.0771619194390918,-0.10488229283144349,0.03695037160265454,0.007863570556789205,-0.01286112531497031,0.13628102929504574,-0.14159413294412443,0.18954553203441782,-0.08705429780013205,0.100969954748955
0.11000165370297872,0.17971119832020593,0.1079683206876517,0.12520256379209524,0.12951978287674099,0.13681017773931678,0.1628383976469656,0.18462458978424492,0.20397920926210195,0.1612157524992634,0.1614623769601317,0.14719877209021626,0.2244560255784272,0.13281422520996247,0.134734698604451,0.13535182476646337,0.0983638405465559,0.08569853884012703,0.29861550764328554,-0.07219162947325229,0.1725805529940347,0.2379222775147745,0.1994240718515383,0.3813120231220159,0.007461088476600611,-0.10224005878990675,0.1670834419489438,0.29219347506344984,0.2744549588334452,2.160386433860799,0.04739413365780233,0.5863484081563046,0.41882348740698894,0.14051516133987274,0.44529936768623396,0.3811740773264287,0.39742265891549117,0.38927529244394865,0.3348393853608517,0.06593998399841554,0.3350631250744507,0.3506367653524466,0.8117296396667708,0.26075166974322556,-0.2422278680850831,0.002000256631452359,0.14953551466264056,0.21637290272870147,0.32117795441369573,0.16991927584312935,0.18938202781845614,0.16856869497570123,0.31091087941142,0.07212178465235974,-0.05416616246634715,0.02884226536592088,-0.03391592903731391,-0.13925008933675231,0.12348946554495853
0.24273616458089836,0.16653995096282018,0.06995962533133819,0.1109028684948999,0.17156534117640657,0.1328806390467803,0.13397168320625902,0.13417887001441103,0.16049024553849542,0.10731648421728346,0.1745271500173915,0.10004548831433402,0.18902935351862815,0.19709571988184876,0.17468760570280742,0.14924214502781802,0.15300222543985134,0.16101245263947098,0.17609976716099598,0.2209120409560941,0.1346874742208915,0.12541756806424625,0.19524451446132515,0.2300397852443431,0.31873973373704173,0.2777361678217259,0.189553912327439,0.2090717907412399,0.12099666404318782,0.04739413365780233,1.1937974081449636,0.21839827865602413,0.29138818780592657,0.2966059578045079,0.2913801571899684,0.22241810851814273,0.2737739142832512,0.25150401624665025,0.29747477962657043,0.12106952380725958,0.400100398657508,0.2591257127273658,0.0945207747877756,0.14844594517437487,0.193077294255922,0.025538912221155393,0.2596564980678603,0.2611881950271434,0.20403814956128669,0.07447144768319944,-0.00981648655064353,0.4029954393992911,-0.20442309034903272,0.0017374599832495363,-0.0074402074702660526,0.006435776049304797,0.22831646979959563,-0.14418616927613578,0.23399806758521471
0.1423930952974916,0.1500121509601693,0.12567472456905068,0.11753655950377007,0.1248879949050728,0.13441398262780538,0.14947884692830637,0.16415502542824043,0.1689304823773496,0.1438990857573136,0.14987822898763803,0.14617008438340534,0.18344914841477938,0.14369494055797244,0.14562622865004946,0.13205203862858053,0.1444166844054948,0.1324465377623138,0.32007468546139717,0.07620741725295065,0.15226677729917176,0.17324679109767188,0.19465097057487146,0.25307378811367204,0.16867821523446452,0.11933579735524429,0.1714156205694572,0.22526871366293694,0.3620127027834143,0.5863484081563046,0.21839827865602413,1.1813161766550615,0.4897266969939989,0.3790928988506204,0.43350204759915123,0.343825512269183,0.3976844804212373,0.3246047447812333,0.23688825534921165,0.2891881845985649,0.350776353353277,0.15433586339501215,0.1687185209397534,0.2668211875230433,-0.1481439689023271,0.013526995779220806,0.2109933326094887,0.17594160763431882,0.22015148964604903,-0.09324042125418681,-0.07531350495060268,-0.1274538528181495,0.09777639976478503,-0.058712733787765675,0.027942168135124974,-0.011438888822601596,0.0869206592831436,-0.07723961043251738,0.14732008923573658
0.15141103179792365,0.16338255889443826,0.11327875631858073,0.09943414741053633,0.12593363957891746,0.13927154895770372,0.15265085938889217,0.15437813910017442,0.16277460099611454,0.13767215756520698,0.12924006106794397,0.13358687573427086,0.16436670748407212,0.1596250039193113,0.14727706164653348,0.13158462821447806,0.13949732448647484,0.11883106623610881,0.38441314594758075,0.09923047549535996,0.1481856333100314,0.17206553494439464,0.218138492451597,0.26064447010080605,0.18168836740482097,0.18634836688901268,0.1394489733303841,0.27217517806685065,0.35130401764675845,0.41882348740698894,0.29138818780592657,0.4897266969939989,0.6612128628524033,0.4953057924574495,0.5705438261074446,0.34728544785462057,0.47386581471527056,0.3620274782541704,0.380443180816196,0.2437417438984165,0.36462793647926645,0.20247529175232556,0.17495663310009907,0.2652378708256797,-0.09823940101027832,0.014187670277557565,0.24024219616637132,0.10196164832079317,0.32487199610266365,-0.08913929036309774,-0.114991596397286,-0.06103187813378354,0.11607085624005016,-0.001953855038968511,-0.14601754747444276,-0.09010816212823092,-0.003499741241984358,-0.008601641168223607,0.039686684202338104
0.16431367459687374,0.15334623937473948,0.09037133291548118,0.08731402624903614,0.11439639236361882,0.13431710030602248,0.13068057480425277,0.13152377133569218,0.14133188387424658,0.11871620503417181,0.09526445754548002,0.12014000180371796,0.11775189727790895,0.1425990269205159,0.12816415472460368,0.11897484033004747,0.14151833397952274,0.08738554532571202,0.2963704005501367,0.11888412920363883,0.15459020678372246,0.15214586741854455,0.15947366552961317,0.24198044473150998,0.2115162537337633,0.23007232798145677,0.16254986271347158,0.2952613786774858,0.1753864992391752,0.14051516133987274,0.2966059578045079,0.3790928988506204,0.4953057924574495,1.0129212254130882,0.510850300636112,0.3725371937946259,0.5072590066864214,0.464766467600926,0.43446253936301726,0.17749782826961374,0.3988070678405304,0.2256194209908231,0.12168760140054717,0.2369771468302193,-0.25786367210984945,0.005337727353862809,0.21436970736052954,0.2512478722583572,0.3203617087004613,-0.1363201805768991,-0.17100269217021163,-0.20965639896552057,0.1180890415143921,-0.00793565634612687,-0.14296387210229244,0.10704263117963769,-0.07933520703902254,0.008730505091691144,0.09383648999163684
