1.0029176242168707,-2.585934452542243e-5,-2.9721488589844183e-5,-3.704311433631633e-5,-5.433723662863692e-5,-8.245371053013995e-5,-0.00012476440449005422,-8.094747888627688e-5,-1.9548508339705416e-5,5.306814701505403e-6,-4.9688407325113645e-6,3.2558655073889782e-6,2.4743214840367844e-5,5.688075393237997e-5,7.239513714579215e-5,8.446080301300113e-5,9.117618203032547e-5,8.143045320063158e-5,6.691843571155452e-5,3.427790403689722e-5,1.7087178449867643e-5,2.7903611864762977e-6,-4.905291484043905e-6,-9.592174298401769e-6,-1.5815206299720793e-5,-1.585980576792768e-5,-1.6633230458784483e-5,-1.6542869919592106e-5,-1.475150802700408e-5,-1.4858165167972702e-5,-1.3631879352605052e-5,-1.2278296035902596e-5,-1.054113042820256e-5,-7.959013922413132e-6,-5.421179456237997e-6,-3.0428073881326187e-6,-5.350821402052933e-7,1.999788639149199e-6,4.449074042191579e-6,9.133914369252506e-6,1.555410411704691e-5,2.23390385000328e-5,3.143338750706513e-5,1.9639794023931017e-5,1.223659733882055e-5,6.939256360624889e-6,3.886208801397155e-6,1.8880813160178637e-6,8.475412191378646e-7,2.582793745268534e-5,1.14943539877916e-5,4.355760718160387e-6,1.0326025179253203e-5,2.0208025078321012e-5,-1.0172920516377402e-5,-1.3196050930460856e-5,-1.0358915472708149e-5,-9.949836465133024e-6,-1.17200184777123e-5
-2.585934452542243e-5,1.00289933962438,-5.230005883693879e-5,-8.207348033013141e-5,-0.00011773564650784564,-0.00017182291673943837,-0.00020460573458265738,-5.7421421204022166e-5,5.441548963747468e-5,4.977221689021392e-5,2.3293840193801392e-5,3.902786518066817e-7,2.8456946870823705e-5,5.658884392121155e-5,9.251193068740359e-5,0.00010872901401899543,0.00013078233426127805,0.00011503932656454858,9.775991025913529e-5,4.8591188884732985e-5,2.4407236642898984e-5,3.2562465515491025e-6,-7.358176413153076e-6,-1.4201401197710631e-5,-2.2783163258976256e-5,-2.2919756225596268e-5,-2.3838100354407518e-5,-2.37314785944731e-5,-2.118069361498079e-5,-2.1328413671465765e-5,-1.9488190452813568e-5,-1.752344255527299e-5,-1.51334565839107e-5,-1.1295269624396699e-5,-7.742578482642014e-6,-4.285939709637093e-6,-7.732277142122086e-7,2.8565166757741522e-6,6.352467968396996e-6,1.3069534173740385e-5,2.2277105131182802e-5,3.2026798403861844e-5,4.510013629458691e-5,2.822575062431112e-5,1.7593870566548364e-5,9.982350210357889e-6,5.593664026575173e-6,2.7223374597316287e-6,1.2282067624107575e-6,3.2580115464806346e-5,1.2547881170059613e-5,3.4993028301635976e-6,8.208237496039153e-6,1.3891980484061237e-5,-1.6387281495482218e-6,-4.25319552343105e-6,-3.3190040916215003e-6,9.201472088225069e-7,-7.123000987404427e-6
-2.9721488589844183e-5,-5.230005883693879e-5,1.0028448722725365,-0.00016991286775288618,-0.0002735036693597398,-0.0003567043728740147,-0.00036004236253391124,0.000106939244308565,0.00024751363113473046,0.00018349364811631207,7.355279201574787e-5,1.789225811852093e-5,-1.3070335902301448e-6,4.177329155614638e-5,8.030973331089141e-5,0.00013330937768383583,0.0001621418415867445,0.00015715727404188573,0.00013013547975362704,6.652795910152762e-5,3.178308644692593e-5,4.139228547582186e-6,-1.0624166935910096e-5,-1.9125736015484014e-5,-3.095552296991446e-5,-3.072710918583908e-5,-3.211447648744654e-5,-3.192746217137102e-5,-2.8699680605900764e-5,-2.8998395604842788e-5,-2.686452011597824e-5,-2.470936562210008e-5,-2.1168664613275433e-5,-1.5862227159167146e-5,-1.062141515894007e-5,-5.782751237514356e-6,-6.812617761298389e-7,4.367286227199989e-6,9.316794082251995e-6,1.839623679419501e-5,3.0828267199049694e-5,4.394376108493346e-5,6.150761086027177e-5,3.838535098584431e-5,2.3874653132132246e-5,1.353344298125719e-5,7.578588477463315e-6,3.697403253905588e-6,1.6734445300696713e-6,5.756930579719709e-5,3.90379483792323e-5,4.2075537814075236e-5,3.7521530845250856e-5,3.0772762738839315e-5,3.1530433501087917e-6,-4.467449184877405e-6,-4.45519186642157e-6,8.881153309730088e-7,-1.1684266965678519e-5
-3.704311433631633e-5,-8.207348033013141e-5,-0.00016991286775288618,1.0025833496390393,-0.0005874216271137416,-0.000788240859095838,-0.0007431633229742799,0.00032856423860725927,0.0006831911825037856,0.0004888325251832245,0.000316328076869655,8.683451077824716e-5,-1.7423641955062143e-7,-2.4834966233224402e-5,7.259416447944295e-5,0.00014751260054389926,0.00023723026039406054,0.0002223380536570372,0.00020006343485908478,9.690759567561917e-5,4.731941287541556e-5,4.020585729649562e-6,-1.7300145841886518e-5,-3.0868183867967804e-5,-4.849611383247531e-5,-4.860421371099185e-5,-5.032293738631591e-5,-5.042405578435747e-5,-4.546074057276853e-5,-4.615622995961667e-5,-4.2815897472744446e-5,-3.92039311656041e-5,-3.400831005988111e-5,-2.474312099116993e-5,-1.6600325413421758e-5,-8.37644338218936e-6,-3.5580868811227915e-7,7.591552506002463e-6,1.527305493079627e-5,2.937782655663513e-5,4.867578521764348e-5,6.909890985220136e-5,9.610008845821812e-5,6.02032698688178e-5,3.7483321742495534e-5,2.124138963649858e-5,1.1897521586176898e-5,5.804238324806493e-6,2.6344880166331365e-6,9.235887236622991e-5,7.020405567499072e-5,8.967633902651177e-5,6.792908229916875e-5,2.958848240045507e-5,3.776763782294176e-5,3.53177661471166e-5,2.2964118615281038e-5,2.767922586434799e-5,6.7954377437153375e-6
-5.433723662863692e-5,-0.00011773564650784564,-0.0002735036693597398,-0.0005874216271137416,1.0019002650545323,-0.0014768896908524103,-0.001641709614204035,0.00026162580788523503,0.0011519785313472764,0.0012068207280711862,0.0009953099443252538,0.0005365838609849868,5.8175599964720304e-5,-9.13837482705783e-5,-2.1146098000809518e-5,0.00016458234815935825,0.00030287185465862194,0.00032754056584443465,0.0002885598436784753,0.00014731792976539542,6.758530485306395e-5,4.277438271981174e-6,-2.9448858840104923e-5,-4.8945059514292535e-5,-7.792334938724818e-5,-7.725121970332014e-5,-8.08027244693068e-5,-8.088736433644109e-5,-7.372185969503636e-5,-7.516332987618404e-5,-7.151524534007616e-5,-6.657563758378226e-5,-5.6534089201372435e-5,-4.1360854155104736e-5,-2.703256506699146e-5,-1.3159950679961845e-5,8.149130817229675e-7,1.4135327657762904e-5,2.7160053635747523e-5,4.9731965140463835e-5,8.059135757209547e-5,0.00011290320018300257,0.000155273793814793,9.693480769051114e-5,6.0207571873636467e-5,3.40693585434035e-5,1.9061069089235935e-5,9.301747750606118e-6,4.222334046236845e-6,0.00015382373546334965,0.00012446386820894476,0.00015824117112382376,0.00012216567968175248,3.174422301943819e-5,8.538878053209477e-5,8.418461607345586e-5,4.850380752123107e-5,4.5663950038376744e-5,2.285744820897818e-5
-8.245371053013995e-5,-0.00017182291673943837,-0.0003567043728740147,-0.000788240859095838,-0.0014768896908524103,1.000467267263806,-0.00350332633900064,-0.0010875160038642659,0.001366312530022548,0.0023671986263554216,0.0027666761175256997,0.0018703600004146283,0.0006163706653950074,-0.00021284115887821464,-0.00014654630708387585,8.786674598482772e-5,0.0004047652050597872,0.0004230352440810993,0.00042543546437926106,0.00020851478020899293,0.00010189208298089802,5.0351462698199595e-6,-4.420738224132053e-5,-7.809312260762803e-5,-0.00012506972425496688,-0.00012660950807811508,-0.00013319357852920657,-0.00013506415019008634,-0.00012413319377837582,-0.00012771309938966298,-0.0001227309890611456,-0.00011273141604390696,-9.568206013947686e-5,-6.789914343877587e-5,-4.410401537574544e-5,-1.8895569034451796e-5,4.5891831603603566e-6,2.6118278140240423e-5,4.684519018125704e-5,8.308875373268473e-5,0.0001327469202370439,0.00018511535469400997,0.0002516671679265207,0.0001578703326718434,9.824229722804518e-5,5.5510846819502726e-5,3.103684264935163e-5,1.5052300230316419e-5,6.783225078198482e-6,0.00019785770101385735,0.00012128607426062455,0.00012471917855862874,0.00010080249889481896,-2.639531966800627e-5,0.00020867337858341655,0.00023278134107119892,0.0001329263663987729,0.00011472353489913592,8.436135598983174e-5
-0.00012476440449005422,-0.00020460573458265738,-0.00036004236253391124,-0.0007431633229742799,-0.001641709614204035,-0.00350332633900064,0.9945908560858422,-0.0021877931214915255,-0.0019338914366967368,0.005303394715324007,0.004044361353733521,0.006525928545235218,0.00224739247942792,-3.9018658282859414e-5,-0.0003132730540314936,-0.0001907817324678137,0.0005085588761822849,0.000597996313682563,0.0004651682872017165,0.0003066080553906067,0.0001521836209481327,1.2990446453917382e-5,-6.611715415784645e-5,-0.00012049138786340502,-0.00020356320262742528,-0.0002072296027644845,-0.00022294855734158263,-0.00022600805505559318,-0.00020752548595632945,-0.0002141294539749987,-0.00023339894705920287,-0.00020066826204353982,-0.00013947546680814074,-0.00011990168926602485,-6.286420718216052e-5,-3.728036401733934e-5,1.325729687025477e-5,4.0252274232738026e-5,8.12715773090799e-5,0.00013712062926244458,0.00022334567907536,0.00030852125855229467,0.0004156993645706925,0.0002611452878768788,0.0001621126723945835,9.136053144657771e-5,5.097082257502645e-5,2.450011585279803e-5,1.0870550750592626e-5,0.00018237753986943364,-1.2407084776864712e-5,-8.869466141972502e-5,-5.125998260651343e-5,-5.64777426021643e-5,0.00032813640661048403,0.0003943768623712249,0.00018563582880870227,0.00013445029629013876,0.0001035822167805424
-8.094747888627688e-5,-5.7421421204022166e-5,0.000106939244308565,0.00032856423860725927,0.00026162580788523503,-0.0010875160038642659,-0.0021877931214915255,0.9891091645982452,-0.0009781635267860473,-0.0035169195036700387,0.008548140826881916,0.006432826202524142,0.006265192085125961,0.000353977404895758,-0.001166726896313127,-0.00020615296484537853,0.00013565908459996218,0.00010220269107374197,0.0005887684540737333,0.00021837320356119313,0.00012852720461700324,1.4521830022800437e-5,-4.0375786704831866e-5,-8.349191383411208e-5,-0.0001369260396327153,-0.00014181350228167143,-0.0001445102088843556,-0.00014313822128091054,-0.00012355520648195644,-0.0001139378772191379,-5.003851080680163e-5,-9.514494076689644e-5,-0.00015201536672078826,-9.702776808096818e-5,-0.00010959975993135158,-6.0562478637619306e-5,-5.602079325774362e-5,-4.5277702089798185e-6,1.3832743135879199e-5,7.645850769911947e-5,0.00014171269722406033,0.00023316211420003636,0.00035091852732113704,0.00021514350594060378,0.00012987306885362532,7.152436774747483e-5,3.900428219280488e-5,1.8816388977278746e-5,8.491457923748866e-6,-0.00016539685738978853,-0.0004170889221007356,-0.0005667494930307765,-0.00040980248034382387,0.00019749979046801766,0.00025248622130167654,0.00025450954513855245,8.31479672150689e-5,5.525082439990513e-5,0.00011188602081813109
-1.9548508339705416e-5,5.441548963747468e-5,0.00024751363113473046,0.0006831911825037856,0.0011519785313472764,0.001366312530022548,-0.0019338914366967368,-0.0009781635267860473,0.9860665964226494,0.000659886175035897,-0.001402922378207912,0.009168825850458176,0.007092964844316772,0.0011973539932130907,-0.0011326553612061123,-0.00023718465567173334,8.941013578109471e-5,0.0005241905431703345,0.00010727036893622563,0.00022208975085492876,0.00010849713467629085,3.0140250328034895e-5,-1.6773177661441975e-5,-3.2483394505290896e-5,-6.355253209605286e-5,-6.002137452907531e-5,-6.0207203621872376e-5,-5.2322334881543304e-5,-3.694548304835629e-5,-2.55525753570423e-5,-4.5826896563294924e-5,-7.640343111323575e-5,-4.5133650070378105e-5,-8.88332842108217e-5,-4.738800298332942e-5,-7.483246562283204e-5,-3.8321774602469936e-5,-4.540661693834524e-5,-1.0056260714810697e-5,1.3806590860579308e-5,6.989815330575778e-5,0.0001337853884744124,0.0002364283556274806,0.00013848187693317089,7.840558716086895e-5,4.1686310947873184e-5,2.1989033610967426e-5,1.0628421918295197e-5,4.83983414205901e-6,-0.0002031060365214477,-0.00037464453772237367,-0.00039729587596531676,-0.0002264317310027316,0.000691898402058491,-0.00025364369355277186,-0.0005838748585001686,-0.0004656181546066761,-0.00038549703286906457,-3.224890459837015e-5
5.306814701505403e-6,4.977221689021392e-5,0.00018349364811631207,0.0004888325251832245,0.0012068207280711862,0.0023671986263554216,0.005303394715324007,-0.0035169195036700387,0.000659886175035897,0.98500834549333,-0.00734908236240935,0.005201991830916852,0.011767502324790846,0.0009944962920320167,-0.0005097754934310729,-0.00037142261427312883,0.000626364566344257,-9.953577577213692e-5,0.0005509692131796509,0.000186453433975776,0.00012223491719301642,4.345079092686132e-5,2.24732464573229e-5,7.183760673659074e-6,6.150673180340041e-6,1.8474967049029642e-6,8.615387588553908e-6,1.3112311366939074e-5,2.1230362268101715e-5,3.523248418232007e-5,0.00010363424070173969,3.1815807680801404e-5,-5.9593345742023644e-5,-3.035758477797695e-5,-7.19963638793729e-5,-5.201026841412387e-5,-7.424506539013094e-5,-5.163981680022622e-5,-5.58488775188848e-5,-2.983859037075756e-5,-1.3671876795534984e-5,3.4073618231984795e-5,0.0001022029662290476,5.531632708312918e-5,2.8515336564650895e-5,1.3561025001185524e-5,6.267150733558084e-6,2.955672148479208e-6,1.407611977091898e-6,0.0001258764328743855,9.973047477865257e-5,0.00022772312174737454,0.00045888457471577834,0.0012399653281631297,-0.00021978175957807112,-2.9031749336131336e-5,3.141273138700318e-5,7.894384051969977e-6,-0.0001070518787329693
-4.9688407325113645e-6,2.3293840193801392e-5,7.355279201574787e-5,0.000316328076869655,0.0009953099443252538,0.0027666761175256997,0.004044361353733521,0.008548140826881916,-0.001402922378207912,-0.00734908236240935,0.987869275284203,-0.0021293253661188406,0.0013237555231165891,0.004617197892446162,0.0009321935009970123,0.0014625370911722846,-0.00037787050772952074,0.0007125346204835764,-2.669448526340727e-5,0.00026079325430579273,0.00013384835498987706,6.328729547718404e-5,3.921700931464656e-5,4.2619540902919534e-5,5.153190959630499e-5,5.417156042572639e-5,5.5573058751422785e-5,6.216004836008472e-5,6.1534512739095e-5,7.052988576097332e-5,5.908370024227413e-5,1.5765279390075683e-5,2.5001140137051957e-5,-3.501296196993651e-5,-7.483606107186977e-6,-4.99889486991551e-5,-3.294384062279533e-5,-6.538206023084924e-5,-5.665310339848285e-5,-6.743304057006702e-5,-5.774739494347144e-5,-3.5267917754434555e-5,8.950504547604767e-6,2.1725642762983785e-6,-5.812280408415349e-6,-6.247014964130351e-6,-4.9672187312636635e-6,-2.6306368943986955e-6,-1.2403744799912154e-6,0.0001801845182844661,0.0002621833151719111,0.00039258589057609674,0.000494668130866894,0.0007175658768624642,-0.0003778753336739798,-0.0002328971312164284,-5.466164703443245e-5,-6.019556631834004e-5,-0.00019092234972202467
3.2558655073889782e-6,3.902786518066817e-7,1.789225811852093e-5,8.683451077824716e-5,0.0005365838609849868,0.0018703600004146283,0.006525928545235218,0.006432826202524142,0.009168825850458176,0.005201991830916852,-0.0021293253661188406,0.9770530980933113,-0.015652402409586104,0.0024313027965906214,0.008708278341076214,0.0018078747830757296,0.0005515419852200862,-0.0006431235327803505,0.0005164787801726933,0.00018711885871163796,0.00010432847996105877,3.397357423814425e-5,4.557664356659204e-5,5.2194426504243166e-5,8.563942075948682e-5,8.221684845365805e-5,8.850760016169543e-5,8.9377725796205e-5,8.097557446150117e-5,8.868857813731525e-5,0.00014695913709745603,6.425883349008876e-5,-2.8540000910757958e-5,7.4666686398437705e-6,-3.246396107233346e-5,-1.9163135336226952e-5,-4.437630927034269e-5,-5.4804271329138335e-5,-7.507855288320083e-5,-8.17070340751101e-5,-0.00010026308643610179,-8.545568296135793e-5,-5.243283119503919e-5,-4.457771951786835e-5,-3.384630851654352e-5,-2.1904619880766545e-5,-1.3587020326198826e-5,-6.883757603975289e-6,-3.168891716855057e-6,-0.00025998459735491444,-0.0001387391809604182,-0.00014834139443064106,-0.0004726248895000308,-0.0013270741790256295,-0.0002234112478550462,-0.00024025573305281494,-9.854601981207836e-5,-5.684875711853388e-5,-3.993672288535794e-5
2.4743214840367844e-5,2.8456946870823705e-5,-1.3070335902301448e-6,-1.7423641955062143e-7,5.8175599964720304e-5,0.0006163706653950074,0.00224739247942792,0.006265192085125961,0.007092964844316772,0.011767502324790846,0.0013237555231165891,-0.015652402409586104,0.9810042489961946,0.00010794007336707865,0.0046388310004007675,0.0036275760417410706,-0.0009033023777281477,0.0005723461522981534,-0.00022224258143194498,0.0001682469996910778,3.42279127400202e-5,-9.071927115539749e-6,1.5803117927301385e-5,5.246132875463748e-5,9.165053471994327e-5,9.773918946694232e-5,9.978037704282259e-5,0.00010294469400748041,9.100808886771807e-5,9.586526760345135e-5,8.549930817343065e-5,4.7966723796369344e-5,5.1875567257573725e-5,2.0136570035531696e-6,2.1089815840109144e-5,-1.4163274853849922e-5,-7.793465545914108e-6,-4.6116330247195235e-5,-5.4314390066640075e-5,-8.464219595699208e-5,-0.00010558230914825342,-0.00011739826008816596,-0.00012480360985366796,-7.704376467502462e-5,-5.28603999375796e-5,-3.223377014740754e-5,-1.915247281655159e-5,-9.598913307263546e-6,-4.478449640054776e-6,-0.0002943922533974734,-0.0001659027732138599,-0.00023789621562568425,-0.0006392836166525678,-0.0016761287383815098,-7.616736820883666e-5,-6.740733405464704e-5,-4.014850642983699e-5,4.489424096968961e-6,-5.816741374575419e-5
5.688075393237997e-5,5.658884392121155e-5,4.177329155614638e-5,-2.4834966233224402e-5,-9.13837482705783e-5,-0.00021284115887821464,-3.9018658282859414e-5,0.000353977404895758,0.0011973539932130907,0.0009944962920320167,0.004617197892446162,0.0024313027965906214,0.00010794007336707865,0.9951052197094787,-0.0020251690088437845,-0.002251069112204053,0.0015190477965008275,2.618881881352162e-5,0.0007638279341462685,0.00020918149140403174,1.0521247378290646e-5,-6.710194657957811e-5,-1.0637302855768684e-5,3.735043389809705e-5,9.676928321177182e-5,0.0001014259313224991,0.00010991515231792922,0.00011005612419954348,9.695166465322506e-5,0.00010355774394069628,0.00013954495575416309,7.090532036293445e-5,-8.765952096942519e-7,2.799099501355982e-5,-5.391762479173344e-6,2.319986544343978e-6,-2.0194609572477462e-5,-4.063638389584631e-5,-6.382065586730694e-5,-8.586705231478398e-5,-0.00011929894628752202,-0.0001291797253901903,-0.00012530678145678952,-9.105995972066261e-5,-6.207479423405244e-5,-3.736999067912876e-5,-2.1921962036860056e-5,-1.0913743962236571e-5,-4.998850365791313e-6,6.584536291583138e-5,0.00019421225103948825,0.00016424041908537183,8.061670522912141e-5,-0.000234341664365114,0.00010952453744967796,9.733280650451463e-5,3.102335212254727e-5,6.566207052744667e-5,-7.573375358122332e-6
7.239513714579215e-5,9.251193068740359e-5,8.030973331089141e-5,7.259416447944295e-5,-2.1146098000809518e-5,-0.00014654630708387585,-0.0003132730540314936,-0.001166726896313127,-0.0011326553612061123,-0.0005097754934310729,0.0009321935009970123,0.008708278341076214,0.0046388310004007675,-0.0020251690088437845,0.9945220146716605,-0.001552542058344058,-0.0005455693198210917,0.00111686002816881,2.2738620531914462e-5,0.00011135095811636273,-7.459259713537747e-5,-0.00010860144284643831,-4.163936564899531e-5,2.8966030401812287e-5,8.600468116894544e-5,9.834038646886042e-5,0.0001038566103963368,0.00010761359498517058,9.889117507885114e-5,0.00010330465561414487,8.731124233095494e-5,8.112544894894492e-5,9.194246399938038e-5,4.265214845095284e-5,4.272655181880197e-5,5.986085278141457e-6,-3.5591601495957313e-6,-3.241358517161042e-5,-4.6110117274814735e-5,-7.804925182555552e-5,-0.0001110520850237969,-0.0001468791829725801,-0.00018894754080792014,-0.00011881553822621552,-7.580262494134469e-5,-4.353041888585188e-5,-2.461534129500211e-5,-1.2054668803391624e-5,-5.514695812751215e-6,0.0001535435703676066,0.00029123309091413463,0.00030814188301948853,0.00039863257580431536,0.00040368536481087225,5.092374099524682e-5,1.5560527111865827e-5,-9.810842634491628e-6,-3.0193379333556354e-5,-2.7546009942923922e-5
8.446080301300113e-5,0.00010872901401899543,0.00013330937768383583,0.00014751260054389926,0.00016458234815935825,8.786674598482772e-5,-0.0001907817324678137,-0.00020615296484537853,-0.00023718465567173334,-0.00037142261427312883,0.0014625370911722846,0.0018078747830757296,0.0036275760417410706,-0.002251069112204053,-0.001552542058344058,1.0004493505250662,0.00017768214592908427,-0.0005913426143791046,0.00018207876928957498,-4.329349524659073e-5,-0.00011468343445512696,-0.00012070133446443467,-4.25999074575424e-5,1.886233045405759e-5,7.599048627156317e-5,8.304975136072132e-5,9.198246879894374e-5,9.274625658551002e-5,8.719784233954536e-5,9.30359644711968e-5,9.901712267296585e-5,9.204331747097292e-5,6.422754390541641e-5,6.318508196094964e-5,2.7258259124675394e-5,1.9709786363447466e-5,-9.870828666827478e-6,-1.644942724598109e-5,-3.6134574333054866e-5,-5.7746752771035446e-5,-9.59586408373159e-5,-0.0001344043445947236,-0.00017835890223116295,-0.00011920602316086035,-7.464587811651546e-5,-4.1955418738808175e-5,-2.322318771217144e-5,-1.120159710105172e-5,-4.998568690654555e-6,1.90440918676776e-5,0.00012096325863080313,0.00015494258118769772,0.00019965128951285113,0.00014950670329421742,1.4108217416146296e-5,-3.839891719994584e-5,-3.773014829331131e-5,-5.8760142818371e-5,-2.4722687175880602e-5
9.117618203032547e-5,0.00013078233426127805,0.0001621418415867445,0.00023723026039406054,0.00030287185465862194,0.0004047652050597872,0.0005085588761822849,0.00013565908459996218,8.941013578109471e-5,0.000626364566344257,-0.00037787050772952074,0.0005515419852200862,-0.0009033023777281477,0.0015190477965008275,-0.0005455693198210917,0.00017768214592908427,1.0014171819666495,-0.000503448297520326,-0.000806189150759493,-0.0003559756419937729,-0.0001867995374203835,-4.088674265514826e-5,1.4331521349520977e-5,4.873732779153436e-5,7.985202512581258e-5,8.092447756267188e-5,8.067558665133528e-5,7.849886137328038e-5,7.090356037918862e-5,7.00555822736969e-5,3.6474749662746766e-5,7.86274422522591e-5,0.00011685104933612637,7.538851304101041e-5,6.755382615669528e-5,3.802312778056677e-5,2.055747092637718e-5,1.00200995382258e-5,-4.211533385339003e-6,-3.546485846838513e-5,-7.784641458234331e-5,-0.0001410311527047529,-0.0002284156264957156,-0.0001402402395732822,-8.328901736795344e-5,-4.4949572002093294e-5,-2.3946625849339364e-5,-1.1358566507430988e-5,-5.017579123870114e-6,-7.642625937569032e-5,-1.0673772598561156e-6,3.84854977241094e-5,5.3593232595420436e-5,2.0691739725157483e-5,2.2301816054475366e-6,-2.736842313328196e-5,-1.1702851015211323e-5,-2.6115042136131684e-5,-1.0394452971936354e-6
8.143045320063158e-5,0.00011503932656454858,0.00015715727404188573,0.0002223380536570372,0.00032754056584443465,0.0004230352440810993,0.000597996313682563,0.00010220269107374197,0.0005241905431703345,-9.953577577213692e-5,0.0007125346204835764,-0.0006431235327803505,0.0005723461522981534,2.618881881352162e-5,0.00111686002816881,-0.0005913426143791046,-0.000503448297520326,1.0014266910855414,-0.0011493004821088216,-0.000763667762900618,-0.00023776375702196,8.134734526921633e-5,0.00010200699506842468,7.64668473322964e-5,7.963514895118443e-5,6.715846998143621e-5,6.569653864929867e-5,5.779093145597733e-5,4.6405529696927326e-5,3.7686866922649103e-5,1.0625718916792363e-5,7.210507823345007e-5,9.216908574962304e-5,9.426848029947439e-5,7.324292477900531e-5,7.391161560582488e-5,5.082298239164994e-5,5.263381192542707e-5,3.1655415734887075e-5,-9.171792396953773e-9,-5.441589199893577e-5,-0.00013411864433933966,-0.00024958409332567245,-0.00014957549957616737,-8.445742412902367e-5,-4.3658262835778784e-5,-2.224691619964827e-5,-1.0190128450852128e-5,-4.272681727369514e-6,-0.00010552174721755719,-5.201299266311888e-5,-3.2767622290817285e-5,-2.520187304348111e-5,-3.9841549272202185e-5,2.1173203572699685e-5,4.728989797024131e-5,6.436449042055571e-5,6.879149143765587e-5,7.434823444212785e-5
6.691843571155452e-5,9.775991025913529e-5,0.00013013547975362704,0.00020006343485908478,0.0002885598436784753,0.00042543546437926106,0.0004651682872017165,0.0005887684540737333,0.00010727036893622563,0.0005509692131796509,-2.669448526340727e-5,0.0005164787801726933,-0.00022224258143194498,0.0007638279341462685,2.2738620531914462e-5,0.00018207876928957498,-0.000806189150759493,-0.0011493004821088216,1.0013149045953085,-0.000920121830052995,-0.0002595755926946592,0.00013388777274005878,0.0001341778002837357,8.85356907512566e-5,7.545635721516259e-5,5.960279973870002e-5,5.210697314718645e-5,3.866749713111731e-5,1.613793775367098e-5,-9.19208357959587e-6,-6.19860909351605e-5,3.7444605193928564e-5,0.0001031652314498862,0.00010720596960953782,0.00011577685168281403,0.00011852748825188178,0.00011203044605657693,0.00010372294777088214,8.366865638022087e-5,3.6129997224563254e-5,-3.056812845192003e-5,-0.00014049373704916353,-0.0003133131179055973,-0.00017145785041357536,-9.130704584647557e-5,-4.513346624594558e-5,-2.1941388137297688e-5,-9.699215037671219e-6,-3.870219734675644e-6,-0.0001160012632685113,-8.079437014542034e-5,-9.103964414791232e-5,-8.223334526612821e-5,-9.80559951422173e-5,1.8422444658319884e-5,3.337991291207543e-5,7.233811015547251e-5,8.282207617621424e-5,8.66144746288079e-5
3.427790403689722e-5,4.8591188884732985e-5,6.652795910152762e-5,9.690759567561917e-5,0.00014731792976539542,0.00020851478020899293,0.0003066080553906067,0.00021837320356119313,0.00022208975085492876,0.000186453433975776,0.00026079325430579273,0.00018711885871163796,0.0001682469996910778,0.00020918149140403174,0.00011135095811636273,-4.329349524659073e-5,-0.0003559756419937729,-0.000763667762900618,-0.000920121830052995,1.0023496801732186,-0.00017267174791963608,7.348404649935435e-5,7.201893900617407e-5,4.165963882216936e-5,3.4651418551567324e-5,2.624904340425975e-5,2.7803250247414162e-5,2.1136929539568163e-5,9.771688533252455e-6,-6.196203696463466e-6,-4.193052069658544e-5,2.0378716563601597e-5,5.4092281768438676e-5,6.339932387929167e-5,6.469516467776031e-5,7.243328876180441e-5,6.79971744989637e-5,7.037486665317766e-5,6.264447486241711e-5,3.7588798862158126e-5,-1.9056820254413219e-6,-7.051443530889162e-5,-0.0001779903136103588,-9.743886415993285e-5,-5.074709966200206e-5,-2.4309743129545493e-5,-1.1363786572198375e-5,-4.6275255847189554e-6,-1.5349467714242352e-6,-6.671459616614894e-5,-5.041084413710291e-5,-5.7895578293310015e-5,-4.641073554938184e-5,-4.792761366447595e-5,1.102214086986671e-5,1.906291407864109e-5,4.843848594495889e-5,5.3852142069681905e-5,5.43071405023768e-5
1.7087178449867643e-5,2.4407236642898984e-5,3.178308644692593e-5,4.731941287541556e-5,6.758530485306395e-5,0.00010189208298089802,0.0001521836209481327,0.00012852720461700324,0.00010849713467629085,0.00012223491719301642,0.00013384835498987706,0.00010432847996105877,3.42279127400202e-5,1.0521247378290646e-5,-7.459259713537747e-5,-0.00011468343445512696,-0.0001867995374203835,-0.00023776375702196,-0.0002595755926946592,-0.00017267174791963608,1.0028406887216488,-4.021829995515747e-5,-2.15611878676437e-5,-8.498620516471636e-6,2.7722074695773828e-6,6.1821671408208745e-6,1.371510610508446e-5,1.3350340982062333e-5,9.787547904142491e-6,2.188374832076937e-6,-2.2495583810993225e-5,1.2123962353486275e-5,3.0600579252474706e-5,3.357747917984996e-5,3.238342367217482e-5,3.666796068289135e-5,3.450822281189503e-5,4.176865264230875e-5,4.28605244331009e-5,3.133818855796218e-5,1.0910775975571494e-5,-3.0076325128319993e-5,-9.405492554362312e-5,-5.1323279706521545e-5,-2.6407594698013124e-5,-1.2244390818939997e-5,-5.494104201862604e-6,-1.9196865331137194e-6,-3.701787567273285e-7,-3.528487643463357e-5,-2.549078418551622e-5,-3.07360770135509e-5,-2.4313444329794135e-5,-2.702279782640325e-5,-5.36293706482068e-6,-9.289886075853842e-6,-4.103880657715262e-6,-5.008673417676436e-7,2.76317997833801e-6
2.7903611864762977e-6,3.2562465515491025e-6,4.139228547582186e-6,4.020585729649562e-6,4.277438271981174e-6,5.0351462698199595e-6,1.2990446453917382e-5,1.4521830022800437e-5,3.0140250328034895e-5,4.345079092686132e-5,6.328729547718404e-5,3.397357423814425e-5,-9.071927115539749e-6,-6.710194657957811e-5,-0.00010860144284643831,-0.00012070133446443467,-4.088674265514826e-5,8.134734526921633e-5,0.00013388777274005878,7.348404649935435e-5,-4.021829995515747e-5,1.0028407802621089,-7.452836497614797e-5,-4.22423483567161e-5,-2.2883952880091517e-5,-1.344961011093825e-5,-1.6476151591524223e-6,1.4842378108245504e-6,3.2307933424543847e-6,5.836284276552466e-7,-1.273152035562859e-5,1.5738998615910514e-6,6.818641190088188e-6,8.32013943772007e-6,7.6117015956229295e-6,1.0788441368499922e-5,1.1762998215378534e-5,2.1527244099780905e-5,2.9041413667990648e-5,2.85131404497806e-5,2.4444061588030084e-5,8.187493224240836e-6,-1.777775487970506e-5,-7.631726999939506e-6,-2.3545910104412572e-6,1.75858622893535e-7,8.61883547530759e-7,1.1407598433348335e-6,1.0321015269608526e-6,-1.3895399694881362e-5,-1.1460741634938381e-5,-1.5583240092918928e-5,-1.5262543915295027e-5,-2.0634841648403196e-5,-1.7033398386872022e-5,-3.341702386235213e-5,-3.775047072932196e-5,-3.088790642626077e-5,-2.6924766811372505e-5
-4.905291484043905e-6,-7.358176413153076e-6,-1.0624166935910096e-5,-1.7300145841886518e-5,-2.9448858840104923e-5,-4.420738224132053e-5,-6.611715415784645e-5,-4.0375786704831866e-5,-1.6773177661441975e-5,2.24732464573229e-5,3.921700931464656e-5,4.557664356659204e-5,1.5803117927301385e-5,-1.0637302855768684e-5,-4.163936564899531e-5,-4.25999074575424e-5,1.4331521349520977e-5,0.00010200699506842468,0.0001341778002837357,7.201893900617407e-5,-2.15611878676437e-5,-7.452836497614797e-5,1.002875524707844,-4.3459877329273024e-5,-3.286564940652128e-5,-2.5057391595196378e-5,-1.3654954348356726e-5,-1.0449975620229138e-5,-7.2458529171079354e-6,-7.679732203547599e-6,-1.666466838149955e-5,-1.1142102089292e-5,-8.891344519018743e-6,-7.086069196567212e-6,-4.686739761414977e-6,-1.8130231742588518e-7,4.0263264647939775e-6,1.7743793291730878e-5,2.954479810927292e-5,3.471376809390992e-5,3.923667021894601e-5,3.524808247277268e-5,2.8577982636493564e-5,1.942888588436214e-5,1.3205748060345503e-5,8.674220224096416e-6,5.528543304770451e-6,3.5482582922549975e-6,2.245423120899771e-6,-2.173810576085422e-6,-5.584109711573535e-6,-8.749438867638462e-6,-9.475832590301328e-6,-1.0371232237743255e-5,-1.4616880743660197e-5,-2.559712583746053e-5,-2.6355824687101026e-5,-2.1586556341275996e-5,-2.0742504455500893e-5
-9.592174298401769e-6,-1.4201401197710631e-5,-1.9125736015484014e-5,-3.0868183867967804e-5,-4.8945059514292535e-5,-7.809312260762803e-5,-0.00012049138786340502,-8.349191383411208e-5,-3.2483394505290896e-5,7.183760673659074e-6,4.2619540902919534e-5,5.2194426504243166e-5,5.246132875463748e-5,3.735043389809705e-5,2.8966030401812287e-5,1.886233045405759e-5,4.873732779153436e-5,7.64668473322964e-5,8.85356907512566e-5,4.165963882216936e-5,-8.498620516471636e-6,-4.22423483567161e-5,-4.3459877329273024e-5,1.0029028573333671,-3.676929073672861e-5,-3.529224555561387e-5,-2.961983047869085e-5,-3.166875534873313e-5,-3.291106671251298e-5,-3.47031680640452e-5,-4.0886234378073496e-5,-3.831765503102617e-5,-3.0105978779165296e-5,-1.7495584236267564e-5,-3.789583049649361e-6,1.0338865313061459e-5,2.1364602942359605e-5,3.516585846987071e-5,4.5588423368348996e-5,4.847811344602121e-5,5.33688049920777e-5,5.3071520170591964e-5,5.36797265689151e-5,3.6167591815055574e-5,2.4255369151886936e-5,1.5382467633963226e-5,9.67861082365834e-6,5.762792060675841e-6,3.409593063302346e-6,4.208442988675558e-6,-5.525645419912668e-6,-9.040016591429148e-6,-9.94711595315031e-6,-4.826246275111511e-6,-1.3273024232944471e-5,-2.0852355002048428e-5,-1.8511222110129045e-5,-1.086674084042647e-5,-1.2327333084606269e-5
-1.5815206299720793e-5,-2.2783163258976256e-5,-3.095552296991446e-5,-4.849611383247531e-5,-7.792334938724818e-5,-0.00012506972425496688,-0.00020356320262742528,-0.0001369260396327153,-6.355253209605286e-5,6.150673180340041e-6,5.153190959630499e-5,8.563942075948682e-5,9.165053471994327e-5,9.676928321177182e-5,8.600468116894544e-5,7.599048627156317e-5,7.985202512581258e-5,7.963514895118443e-5,7.545635721516259e-5,3.4651418551567324e-5,2.7722074695773828e-6,-2.2883952880091517e-5,-3.286564940652128e-5,-3.676929073672861e-5,1.0028935762637168,-5.1557632099001946e-5,-5.3908811336379245e-5,-6.322996323221787e-5,-7.065658566369993e-5,-7.429236493305039e-5,-7.864214363291609e-5,-7.401339502451906e-5,-5.303117677229682e-5,-2.6896438413985543e-5,2.245750683607515e-6,2.8853799868439942e-5,4.854036819907019e-5,6.509657353171394e-5,7.367743948028885e-5,7.208512500665108e-5,7.502428096553645e-5,7.482335496328159e-5,7.841184494079209e-5,5.3893046846335785e-5,3.695642218363696e-5,2.3579929995519422e-5,1.5006897647073048e-5,8.700870973214566e-6,5.004092476606862e-6,1.0449614564821785e-5,-7.5239931302549634e-6,-1.2540607309008496e-5,-1.2879963704019389e-5,-4.379608691559027e-7,-1.6898005230722332e-5,-1.994227129229886e-5,-1.5667065300326806e-5,-8.603006927387563e-6,-1.0234377996405609e-5
-1.585980576792768e-5,-2.2919756225596268e-5,-3.072710918583908e-5,-4.860421371099185e-5,-7.725121970332014e-5,-0.00012660950807811508,-0.0002072296027644845,-0.00014181350228167143,-6.002137452907531e-5,1.8474967049029642e-6,5.417156042572639e-5,8.221684845365805e-5,9.773918946694232e-5,0.0001014259313224991,9.834038646886042e-5,8.304975136072132e-5,8.092447756267188e-5,6.715846998143621e-5,5.960279973870002e-5,2.624904340425975e-5,6.1821671408208745e-6,-1.344961011093825e-5,-2.5057391595196378e-5,-3.529224555561387e-5,-5.1557632099001946e-5,1.0028751905977058,-7.717638583344087e-5,-9.718595709914837e-5,-0.00011500587683730181,-0.00012202119243003933,-0.00012582168759110946,-0.00011738632200106544,-7.877618969864472e-5,-3.284662793229785e-5,1.703932679499576e-5,6.159509999145802e-5,9.254609618316171e-5,0.00011085753940408879,0.00011486999896106929,0.00010241957106783603,9.639886066354627e-5,8.860317268994567e-5,8.532476359692384e-5,6.217727630074441e-5,4.487664252747898e-5,2.961871500014521e-5,1.949837406103487e-5,1.139208584120954e-5,6.610808536742016e-6,9.75226164244899e-6,-1.051682556120511e-5,-1.6245576035640934e-5,-1.6141414996264827e-5,-1.5539170998732666e-6,-2.5213701334174784e-5,-2.773707425524695e-5,-2.2056900933877164e-5,-1.0952884727230894e-5,-1.2115869897294323e-5
-1.6633230458784483e-5,-2.3838100354407518e-5,-3.211447648744654e-5,-5.032293738631591e-5,-8.08027244693068e-5,-0.00013319357852920657,-0.00022294855734158263,-0.0001445102088843556,-6.0207203621872376e-5,8.615387588553908e-6,5.5573058751422785e-5,8.850760016169543e-5,9.978037704282259e-5,0.00010991515231792922,0.0001038566103963368,9.198246879894374e-5,8.067558665133528e-5,6.569653864929867e-5,5.210697314718645e-5,2.7803250247414162e-5,1.371510610508446e-5,-1.6476151591524223e-6,-1.3654954348356726e-5,-2.961983047869085e-5,-5.3908811336379245e-5,-7.717638583344087e-5,1.0028357418674367,-0.0001386874944296101,-0.00017263300577591292,-0.00018721844051212088,-0.00018875060458710223,-0.00017462713118697313,-0.0001146236061162304,-3.8643228458265085e-5,4.1683905979553606e-5,0.00011183318051826808,0.00015801916392384912,0.00017133410038132224,0.00016448804863460062,0.00013499667748427045,0.00011458128081756459,9.567354847106551e-5,8.08435424516125e-5,6.647879637592202e-5,5.209225539389946e-5,3.592879791367193e-5,2.4580130520468973e-5,1.4418315829850936e-5,8.3999430040723e-6,9.432149511768196e-6,-1.4551160771046864e-5,-2.2018944601588245e-5,-2.119295994400927e-5,-3.7541882317715574e-6,-3.3404107099836684e-5,-3.4593247303758166e-5,-2.7430187975072384e-5,-1.351335046425979e-5,-1.335043746283277e-5
-1.6542869919592106e-5,-2.37314785944731e-5,-3.192746217137102e-5,-5.042405578435747e-5,-8.088736433644109e-5,-0.00013506415019008634,-0.00022600805505559318,-0.00014313822128091054,-5.2322334881543304e-5,1.3112311366939074e-5,6.216004836008472e-5,8.9377725796205e-5,0.00010294469400748041,0.00011005612419954348,0.00010761359498517058,9.274625658551002e-5,7.849886137328038e-5,5.779093145597733e-5,3.866749713111731e-5,2.1136929539568163e-5,1.3350340982062333e-5,1.4842378108245504e-6,-1.0449975620229138e-5,-3.166875534873313e-5,-6.322996323221787e-5,-9.718595709914837e-5,-0.0001386874944296101,1.0027492535035927,-0.0002487379863237342,-0.0002778240170092143,-0.0002767826467648381,-0.0002619893395349571,-0.00018468518551108268,-5.290263700300935e-5,7.458828293639476e-5,0.0001886392233589725,0.00026083987719012627,0.0002617484028638374,0.0002425665315497471,0.0001888950692999991,0.00014910520861239783,0.00011453930890676904,8.100240908712712e-5,7.754614305606333e-5,6.523263712077518e-5,4.658001023470263e-5,3.274276644091396e-5,1.9429997203821908e-5,1.1468719904229594e-5,6.543383630504127e-6,-2.050556499849229e-5,-3.0465464306682966e-5,-2.8209845421345547e-5,-9.181971506538112e-6,-4.489944901680099e-5,-4.708638601156849e-5,-3.4968680244141175e-5,-1.5978818458710804e-5,-1.4911267875781044e-5
-1.475150802700408e-5,-2.118069361498079e-5,-2.8699680605900764e-5,-4.546074057276853e-5,-7.372185969503636e-5,-0.00012413319377837582,-0.00020752548595632945,-0.00012355520648195644,-3.694548304835629e-5,2.1230362268101715e-5,6.1534512739095e-5,8.097557446150117e-5,9.100808886771807e-5,9.695166465322506e-5,9.889117507885114e-5,8.719784233954536e-5,7.090356037918862e-5,4.6405529696927326e-5,1.613793775367098e-5,9.771688533252455e-6,9.787547904142491e-6,3.2307933424543847e-6,-7.2458529171079354e-6,-3.291106671251298e-5,-7.065658566369993e-5,-0.00011500587683730181,-0.00017263300577591292,-0.0002487379863237342,1.0025885201421456,-0.00041566511918899733,-0.0004032013765699877,-0.00041185249112174547,-0.00034670244196311986,-8.829925033212325e-5,0.0001256449561894952,0.0003293708011499703,0.00045317422771674393,0.00040156388452366164,0.00035753465214305116,0.0002597848493673289,0.00018883739460827937,0.00013550362828736902,7.482610359590119e-5,9.23284484074499e-5,8.283418786358421e-5,6.0503740911181637e-5,4.327927144912464e-5,2.5883829666186548e-5,1.544196253438588e-5,2.6967668209063495e-6,-2.434421848320813e-5,-3.737424836327195e-5,-3.231098637953595e-5,-1.4702161513928558e-5,-5.417144799605723e-5,-6.30922924056315e-5,-4.012456674796405e-5,-1.4548573677794017e-5,-1.2306153805554243e-5
-1.4858165167972702e-5,-2.1328413671465765e-5,-2.8998395604842788e-5,-4.615622995961667e-5,-7.516332987618404e-5,-0.00012771309938966298,-0.0002141294539749987,-0.0001139378772191379,-2.55525753570423e-5,3.523248418232007e-5,7.052988576097332e-5,8.868857813731525e-5,9.586526760345135e-5,0.00010355774394069628,0.00010330465561414487,9.30359644711968e-5,7.00555822736969e-5,3.7686866922649103e-5,-9.19208357959587e-6,-6.196203696463466e-6,2.188374832076937e-6,5.836284276552466e-7,-7.679732203547599e-6,-3.47031680640452e-5,-7.429236493305039e-5,-0.00012202119243003933,-0.00018721844051212088,-0.0002778240170092143,-0.00041566511918899733,1.0024241689636118,-0.0004941914483996806,-0.0005097231100378084,-0.0004749805660617164,-0.00011563144896346817,0.00016273356434768797,0.0004306396377325347,0.0005912102535063602,0.0004917994577198754,0.0004299031622887732,0.0003046981898701924,0.00021508165732720883,0.00015156325258426794,6.753317958119203e-5,0.00010135078047742639,9.433865942854277e-5,6.964743791694898e-5,5.0266270066927375e-5,3.0172822692780482e-5,1.8129873409253615e-5,-1.4012397147200958e-6,-3.414759913375834e-5,-4.886912180267145e-5,-4.492719133858654e-5,-2.449711262319548e-5,-5.398811152162768e-5,-7.024499037661214e-5,-3.877259172456154e-5,-1.2454038729212206e-5,-8.832126907540044e-6
