1.052900294045228,0.2302690514889898,0.3842785491416834,0.06674361389251446,0.1767913958723563,0.14019826805984,0.2401564016150052,0.1316090890146747,0.13693734239472852,0.1537924615136066,0.13025896953614835,0.16560807493683163,0.09569402611639653,0.1521970563259512,0.12483672235647211,0.13164828316421037,0.11044726983781743,0.1650109672984262,0.12404134578873566,0.10511519664262953,0.12679505594572443,0.14412884414876273,0.08851149512145887,0.06803095396863286,0.1568788428455012,0.11406399625922786,0.11866131300606375,0.0665532125115658,0.13477745742639777,0.07919245371695223,0.1282523902373331,0.12441565289726031,0.07955114459853141,-0.06711697440970592,0.0785124457135003,0.1361475935313368,0.0967030738298856,0.09861129295149045,0.12318980482881182,0.05915849696443781,0.10739993533922712,0.10215935218459911,0.12481631984069562,0.03735388002650577,0.14388321463694206,0.18226015271460438,0.11779868192525983,-0.013333029984151609,0.04343567295905547,-0.010165722678704135,-0.0004259432359465735,-0.006812586244954065,0.02885700062800846,-0.0021042539778641438,0.13046269600696397,-0.015857916349093705,0.11161089861725874,0.07773938660234306,-0.2885511918122519
0.2302690514889898,2.2445727827942714,0.7913980476074519,0.11432729386732718,0.11918292983847587,0.24731183041904886,0.1944674124237443,0.25105284884786705,0.23027472790067838,0.2490815870628574,0.2311813010880066,0.2229276910405444,0.1959036039527805,0.16748587418676614,0.3002140204114182,0.17495109288173466,0.24716942584269092,0.3178390383890426,0.14743332038276474,0.342468956105162,0.26404225579558277,0.1952347127204763,-0.025185118661631273,0.11717364307193799,0.19273752734528554,0.2503954588810158,0.22672209590096254,0.2159152330590058,0.3890621316756595,0.0863346685076383,0.19378351775537736,0.14668870578682505,0.18686300097238598,0.27398590870791595,0.18852599378807125,0.22983478332242688,0.49443147137419236,0.20912458116716454,0.16709307267485016,0.060331776469850384,0.20387136150050308,0.22823137706081642,0.2712777661762522,0.04853451030954884,0.2988354808581268,0.26327286423242,0.20267548345076725,0.005385839324447917,-0.016584134975970975,-0.07314621383542017,0.15448334419328422,0.0596396487924529,-0.06956015989018567,-0.10650904397827077,-0.36594823587232383,-0.12898722068531468,-0.34343742957601703,0.36152851301374644,0.27311927855318097
0.3842785491416834,0.7913980476074519,2.168681348687728,0.14980583575619724,-0.055798740086879364,0.3464232167562654,0.18814324840345914,0.34598066527854515,0.4058946847064614,0.3830535719427483,0.26632459776060036,0.26949003696407414,0.21003533232101101,0.21500297104682434,0.326086887191214,0.20623243082494697,0.34421580347291153,0.28865033230473686,0.23445947292786876,0.28283710634114284,0.27913045175237555,0.3167694021942118,0.14502760551693727,0.2119155873821248,0.26179289798640165,0.263623593074831,0.23031784226823135,0.2500759307984112,0.36415036063318007,-0.06640942616224199,0.26956067473841216,0.2160886120849135,0.238919723476248,0.3154654553618854,0.21324459626260264,0.39570671861135376,0.42185266765973917,0.20687558378363358,0.22001837766124532,-0.1190447754612893,0.20058853388823442,0.25068481248939634,0.21283309236329215,0.09136098339404117,0.2718663252302131,0.48670161093421477,0.2020105153921635,-0.055922906871063716,-0.22711069619744756,0.0682617074444444,0.04237384100718116,0.2022140966071686,-0.08205102579692973,-0.19746082531047723,0.05754283804864294,0.007446637666178646,-0.08597626329596822,-0.18077619819379673,0.06076510084633131
0.06674361389251446,0.11432729386732718,0.14980583575619724,1.2671886645841854,0.4075223821745561,0.3081335129471277,0.30234269607675146,0.2613232974866891,0.15637863621261539,0.21530885016449547,0.23509879893875663,0.29654451182448593,0.19971232731529587,0.26105841671181373,0.17864712087073867,0.27443568629978704,0.2294782197269513,0.21486365484747175,0.21258048421602166,0.20565331834129313,0.1961142373622797,0.22500154729911903,0.18654106863950512,0.20417336949955334,0.20894356935976832,0.2285119798569254,0.17857828162966827,0.07940926319595198,0.2645490330388287,0.10408050642478071,0.16007738763716187,0.219727182876571,0.15509487579988623,0.31894249799381935,0.012129742726910107,0.21185903386948352,0.24630699899614286,0.14614239526434833,0.23183303849153405,0.05868653085464668,0.13733567164098248,0.18649409143214898,0.22788431024589315,0.10844698715333316,0.06508037586046213,0.18138487704283227,0.2084515932057088,0.009010665588153824,0.10269889024223008,0.1169089231464538,-0.09724685500412975,0.01968165608234386,0.006041079071772844,-0.08754433359276488,-0.021287365092226694,-0.060310179788768355,-0.20597964250231177,0.22102268426990426,-0.01959776938912348
0.1767913958723563,0.11918292983847587,-0.055798740086879364,0.4075223821745561,1.0847738579314845,0.26257251588880537,0.23543995842174428,0.2337246408284796,0.1422148893538296,0.18538251341566242,0.20222689649721856,0.23828071889889738,0.18814312314229556,0.21907494372459166,0.20584208894624734,0.270313218459894,0.18372072167232348,0.20416557650544104,0.38714981417476596,0.16455359450019016,0.17693126712466783,0.20792607878248856,0.1510757089426331,0.17282885328590844,0.1743021789127703,0.20470738502916339,0.14650797630934023,0.05399747659004042,0.2337676538103071,0.07018226962714533,0.16996148748742826,0.20738050040220693,0.13523203126039263,0.293742967165775,0.0017958548294379124,0.19858214266423616,0.25270616262677487,0.1173677159039206,0.21435630414257717,0.09423802565871245,0.1395067059769848,0.18423881709947723,0.13972005656756428,0.06707250347531747,-0.0035961552263116103,0.1610284555103065,0.17642010527789528,0.022174554269086093,0.22939094675874797,0.21178756313372055,-0.07120763761571514,-0.14414956553161973,0.03411768629879467,-0.014743832840206672,-0.0739451248854039,-0.05758378957880596,-0.06425350562035181,0.11970148157781187,0.0379469079839222
0.14019826805984,0.24731183041904886,0.3464232167562654,0.3081335129471277,0.26257251588880537,0.8020183162051433,0.1613333152315052,0.3274060218000627,0.2446277143953044,0.19694224752139883,0.269801720927815,0.2777351345840371,0.200135802557394,0.25385401282539755,0.23307196244553366,0.25733347585549127,0.275232122815351,0.21488218720219457,0.3581980250146393,0.31286257654010263,0.23702756573344907,0.2751594366280179,0.10805388628896004,0.21321266259061067,0.26035721446710475,0.29427305241942936,0.2301187542189966,0.15570190429728833,0.3950748169497701,0.09007921162546795,0.20950161439219298,0.2615562234357892,0.0925997103518265,0.32983566956238536,0.15533760927421025,0.1895824949707797,0.2996539788790624,0.20398623967832272,0.27207956915733256,0.1104936269192469,0.10534684398929373,0.2150139729724975,0.28230745461670104,0.09689863780248123,0.18654784618935738,0.1873254519746144,0.26338579892217967,0.004240355653434261,0.2718766427862341,0.17180921196427384,-0.26884133728509024,0.0763704306121961,-0.09027715791100843,-0.002227525460561966,-0.05464904342514111,-0.0033903424450936553,-0.023382657367972834,0.18773418411007872,-0.15121974258940235
0.2401564016150052,0.1944674124237443,0.18814324840345914,0.30234269607675146,0.23543995842174428,0.1613333152315052,0.7156325540675698,0.13457896675395592,0.2736887595300987,0.16815833870767005,0.21467155853375502,0.3161124598545307,0.1625406289241367,0.19086754415174073,0.14771321034659257,0.2445219275574526,0.23256246592769375,0.20782849107293708,0.1394392689486442,0.163971862657578,0.19815334957132782,0.25826257078923076,0.19409137673833948,0.18480883943307685,0.21027160848626666,0.20127315397107176,0.18831650027581642,0.1000728021743356,0.20720209694149852,0.0990507644948911,0.17559747342643495,0.1896834615302984,0.15146137680451946,0.25036706124341535,0.07830157902015322,0.22386927864990638,0.18790752933905341,0.12138548949737336,0.21217674081450294,0.074870130357745,0.12304586813162509,0.18500094170664555,0.23396353421147473,0.06993943449781513,0.08999531737541477,0.18754777832278527,0.12830546966124282,-0.005729739687003804,0.2311725122235649,-0.02238319696651803,-0.046062153011131944,0.015931801471506503,0.03343764169520357,-0.06904921470635747,0.04499744726368226,0.08148089018765935,-0.019671900723205415,0.13159012061174713,-0.29611540545975207
0.1316090890146747,0.25105284884786705,0.34598066527854515,0.2613232974866891,0.2337246408284796,0.3274060218000627,0.13457896675395592,0.8138567476274351,0.08002387856177838,0.2636901127244792,0.27871018798715275,0.15874784946845685,0.2224226024217675,0.2585631592761385,0.1842298853375727,0.24235006244939494,0.2854052752120709,0.2567042503674631,0.23942578858930946,0.28025091711533595,0.18289060811790764,0.19686402328496908,0.14105325885252554,0.17284581189285245,0.24061706817484052,0.2846842187120332,0.21030539100341802,0.11573957419084176,0.2703693545781285,0.1344366084878905,0.1824449682973483,0.20454237500792324,0.1180948267591353,0.30192138484997166,0.18349277659248917,0.1765003826132449,0.306747728938528,0.17579664221705274,0.30986025890896585,0.12184032537525849,0.16544782203213923,0.18414659452685295,0.3032712312876952,0.08731440148511568,0.1669050159304331,0.21370166175617675,0.2905392335091999,0.020950247144167985,0.26768200590069907,0.15293310451484501,-0.05219331255217694,0.03534372043001808,0.02835956354327475,-0.10813027532159313,-0.057639775880418825,-0.07735250680445058,0.030478694219828135,0.27883399289462074,-0.1927980107186116
0.13693734239472852,0.23027472790067838,0.4058946847064614,0.15637863621261539,0.1422148893538296,0.2446277143953044,0.2736887595300987,0.08002387856177838,0.7615475890558587,0.13634179272203314,0.15743282079404416,0.20584743892974652,0.1442577628409419,0.20766959724514789,0.16797389048856223,0.1672646801364109,0.20614702842150678,0.18301084916766253,0.1451389383245392,0.14518686759938665,0.20092304884372533,0.3673564837384594,0.1903303936233025,0.19982366729250048,0.1423991664544899,0.259711074249827,0.16985436538536858,0.13819047962466974,0.16385385146779177,0.08249623881112306,0.19490964035416486,0.19011812867289898,0.20468261461031947,0.19883671224945892,0.09108843749320454,0.22975489930631315,0.20859020772825787,0.11787813681925605,0.18998913668076492,0.043206798118560666,0.11618991833743385,0.18056747600425813,0.21548341864998738,0.0750426085298354,0.06221784765074666,0.21452350415064741,0.15342001051928691,-0.036429596715468485,0.27476063630162867,-0.024900432634719444,0.008971322767661964,0.0014801472198017582,0.05921779579096003,-0.09077830881430388,0.04658603524552278,0.1385041101037526,-0.035604459026547415,-0.03946902529050578,-0.15512860762743882
0.1537924615136066,0.2490815870628574,0.3830535719427483,0.21530885016449547,0.18538251341566242,0.19694224752139883,0.16815833870767005,0.2636901127244792,0.13634179272203314,0.7259889317515901,0.1746625788754672,0.198163149025612,0.1591728775506047,0.18836344012994774,0.2242274770509089,0.19727928516419033,0.23897465780012828,0.27529542663837586,0.17378992431019297,0.1662495961466722,0.16528957362939514,0.19949014888669614,0.1879132423114361,0.168199727211253,0.210214771229841,0.15107859982897248,0.18168968333274355,0.14762483664362808,0.24539515607311504,0.17500012480148236,0.1934496656822757,0.17195243523591852,0.1114673800148132,0.30990757279736086,0.18954522008380506,0.24415558285772454,0.2990471149950757,0.11400569722466677,0.2149074885421176,0.0669204725376166,0.21016465715120627,0.16543303166511564,0.21355339753645394,0.08035711430475914,0.10117362491438173,0.22962505434712857,0.2908788664809992,-0.009430033812054123,0.1602242194439864,0.021105646864506483,-0.00017816561211722348,0.03519324683394714,-0.012989504669724854,-0.042287086027186185,0.07121084678719697,0.019985636139097433,0.015690070768678056,-0.08753098462152523,-0.03844838349432323
0.13025896953614835,0.2311813010880066,0.26632459776060036,0.23509879893875663,0.20222689649721856,0.269801720927815,0.21467155853375502,0.27871018798715275,0.15743282079404416,0.1746625788754672,0.5353974890998887,0.2908806157604147,0.20882059376501258,0.20114271486827043,0.2824133286533589,0.21462919090005514,0.2694857551055414,0.21289292126917664,0.16127190692255342,0.29295726241328074,0.20367078429664268,0.19266812388557386,0.13539915198423466,0.1896576951429619,0.21712604308093633,0.23410775948843218,0.2177137633680676,0.12377484023048162,0.2662221630355213,0.13019601208578657,0.20305328463969619,0.20193759948257037,0.11312445302326546,0.26027571088318446,0.191961722428266,0.24240864379856034,0.2250963831916863,0.1642789420269303,0.2547134005325746,0.11378779046095192,0.15673401570042383,0.1975442182639969,0.20453203561788816,0.05750834793805987,0.15216805878867595,0.20769953958402426,0.22125190342589354,0.0009232405234768129,0.09960932502981239,-0.000722392087582429,-0.05577962303796501,-0.02742226925700823,0.10154637282914417,-0.027484103286358273,-0.036270419526050465,0.026537269664835033,-0.06252619102063328,0.12561481620953677,-0.1462878528553981
0.16560807493683163,0.2229276910405444,0.26949003696407414,0.29654451182448593,0.23828071889889738,0.2777351345840371,0.3161124598545307,0.15874784946845685,0.20584743892974652,0.198163149025612,0.2908806157604147,0.6728357884000092,0.16367584323642134,0.2198244973287669,0.2410031507169926,0.2558885606740878,0.2584698265547585,0.2109266586473307,0.18732598099969902,0.23287128725962075,0.1923913577874185,0.2214222771926483,0.14859350910399002,0.18673608717434273,0.26553572323349756,0.24383912463820295,0.2614221474825316,0.08495008943751985,0.24922537840269884,0.06534718756331293,0.19006680974313822,0.25481875226389195,0.08301761996657588,0.2853412647733493,0.14156637057412472,0.2719893079164678,0.12132696480791694,0.1459898522341428,0.22044236202160902,0.10574790073140111,0.12963454190737292,0.18526757561020854,0.19027808912279043,0.04931702103335306,0.15198890238415658,0.18809842895031928,0.18714582897604873,-0.005115600038600945,0.16358919292431448,-0.13883402948293286,-0.02077037023214422,0.031172124891231168,0.03754981732854845,-0.012524785433640965,-0.0336173047874265,0.10966436713135508,-0.05224136542923215,0.14290219938835136,-0.3195160974379887
0.09569402611639653,0.1959036039527805,0.21003533232101101,0.19971232731529587,0.18814312314229556,0.200135802557394,0.1625406289241367,0.2224226024217675,0.1442577628409419,0.1591728775506047,0.20882059376501258,0.16367584323642134,0.39739423187683476,0.15833272107841428,0.11330806583657113,0.17601839940260208,0.18373817534533127,0.1699805907887294,0.14866754662128695,0.1626737646039415,0.1511116968518805,0.20234177619705476,0.12333676218345391,0.1626595204093463,0.15229585896588557,0.17331552404087108,0.16750304917834688,0.10236005895039692,0.2383804323754769,0.09060414240610622,0.13416584016999883,0.17621533186392557,0.1065957938844142,0.2246920267106291,0.1377008413632348,0.18098420847557864,0.16442434065021425,0.0946156354555876,0.1900710543219125,0.07494371629883914,0.13305250837017704,0.14260595373791243,0.13298382917967458,0.07318212366931438,0.03096817037730038,0.15766219126024525,0.1640132379808338,-0.0008710715866046636,0.137092782518196,0.06994674647782362,-0.02706416715273984,-0.04304541793613451,0.016880242956452345,-0.03583389385308362,-0.014512708065195895,-0.023734490759545396,-0.06876769565533396,-0.0045563450259907025,0.06711162961708608
0.1521970563259512,0.16748587418676614,0.21500297104682434,0.26105841671181373,0.21907494372459166,0.25385401282539755,0.19086754415174073,0.2585631592761385,0.20766959724514789,0.18836344012994774,0.20114271486827043,0.2198244973287669,0.15833272107841428,0.5238100190730507,0.18528575204217068,0.2953140371810491,0.20801891588875895,0.1548484425020794,0.17873591417886797,0.22028229042095504,0.18114557524949076,0.2488394837193511,0.13626493401073636,0.19924697879127382,0.20806607091478269,0.2549264519817434,0.19431223678035914,0.12101274017970261,0.24286061969029038,0.15299006028543563,0.16794719584924295,0.3365541013903264,0.10894999717870635,0.23281753814438205,0.14294083829270468,0.22186569236113043,0.19166177986941732,0.14845405007052817,0.1733988941981092,0.11463879810200679,0.20983834506701365,0.18810011549407857,0.19232626880920875,0.08410152533460259,0.09911476518149549,0.17060595307908283,0.22855857195631568,0.008322360581762823,0.32948573329074554,0.03462575962186759,-0.030507835698052155,-0.06878055773885583,0.0555759657108041,0.011625207693096537,-0.13002134341404534,-0.007317397987817031,0.010292142962338005,0.16866290109536108,-0.09052175542513224
0.12483672235647211,0.3002140204114182,0.326086887191214,0.17864712087073867,0.20584208894624734,0.23307196244553366,0.14771321034659257,0.1842298853375727,0.16797389048856223,0.2242274770509089,0.2824133286533589,0.2410031507169926,0.11330806583657113,0.18528575204217068,0.77272376912848,0.16543236434909023,0.21214467506630422,0.2324963162298786,0.1918452622006417,0.24814229054879605,0.20561210597303947,0.14480479333226662,0.158902650111528,0.15988209073092793,0.2607998849966577,0.17993957689100246,0.1861427465016896,0.2027874763240216,0.275708831667614,0.19302512499766059,0.20935547364387955,0.17179344029644367,0.17218455187321752,0.22856555977434256,0.16269416218930566,0.25124744793301373,0.31963253828508187,0.13351798368863255,0.21820520664327353,0.06054648003604741,0.2029203547167911,0.20138074458326222,0.17055252161280426,0.064095736148046,0.11061642212387453,0.22274884633459546,0.2404321875958144,0.0010382580896664952,0.14812820883889152,0.094191797031313,-0.14514209653278617,0.18484647043069657,-0.1272441235823799,-0.05035678003106828,-0.03073447048024134,0.08150390216725435,-0.1342832468523829,0.06639502387572703,-0.009468010512961865
0.13164828316421037,0.17495109288173466,0.20623243082494697,0.27443568629978704,0.270313218459894,0.25733347585549127,0.2445219275574526,0.24235006244939494,0.1672646801364109,0.19727928516419033,0.21462919090005514,0.2558885606740878,0.17601839940260208,0.2953140371810491,0.16543236434909023,0.7099327983310619,0.2719248995026468,0.22229488924540375,0.24260305565101614,0.1835073228563376,0.19942682043406743,0.3567594591877095,0.13930583126654014,0.19151786056579995,0.254706115276621,0.20158991096328613,0.2578680273095226,0.18937151936459226,0.31804003057068303,0.19934307251806077,0.19706599228715452,0.26243316847186443,0.12138655755803793,0.27946157175701947,0.24159083354805852,0.2468010890273638,0.24344604815936122,0.15808110672736062,0.2514266409712959,0.12007991281718641,0.22530937805533466,0.23039484377409347,0.24903571918480782,0.10080869097536228,0.11119420925388315,0.18042212073531846,0.2575842503739717,-0.041077088034463825,0.23454649259826288,-0.016937962377082925,-0.06795175275961184,0.0014448434795230724,-0.01977436370328145,-0.010425805956078423,-0.08837721677226006,0.04137675414901431,-0.08887310641996475,0.22675094863864834,-0.15209867524645618
0.11044726983781743,0.24716942584269092,0.34421580347291153,0.2294782197269513,0.18372072167232348,0.275232122815351,0.23256246592769375,0.2854052752120709,0.20614702842150678,0.23897465780012828,0.2694857551055414,0.2584698265547585,0.18373817534533127,0.20801891588875895,0.21214467506630422,0.2719248995026468,0.740354544991145,0.19521450590685974,0.21116009723338053,0.3411604216977121,0.2532342793052297,0.26388802982835274,0.10992958036490183,0.20499384368919252,0.2766666034381666,0.1915703104857647,0.256787432008611,0.3002905963603408,0.31327195800947766,0.18582728866069165,0.24747701058935379,0.19884746720015736,0.24417344038536545,0.2888277539802916,0.27446036376138433,0.2773007349476215,0.42408096878372903,0.2304003465099587,0.3134843501812317,0.1187788485039185,0.24936329746010905,0.2650447236236209,0.2868481428730871,0.09711292369277123,0.2843009137299916,0.22502215207083529,0.293871390974661,0.0034716127684913073,0.10537126271958466,0.15480846892572978,-0.04445958600543758,0.017251069484205645,-0.05547277611904609,-0.0608747139874347,-0.08598830265374013,-0.01716021668046512,-0.06570206700230218,0.12478601934602015,-0.12281715644704912
0.1650109672984262,0.3178390383890426,0.28865033230473686,0.21486365484747175,0.20416557650544104,0.21488218720219457,0.20782849107293708,0.2567042503674631,0.18301084916766253,0.27529542663837586,0.21289292126917664,0.2109266586473307,0.1699805907887294,0.1548484425020794,0.2324963162298786,0.22229488924540375,0.19521450590685974,0.929794897008776,0.21020164268564928,0.03140797421453079,0.24751541540261512,0.26288428419751775,0.3967292697872111,0.160817882897721,0.25014535618778766,0.2856617272062441,0.09175251746082586,0.15745662026721718,0.3144931052219532,0.004544595987867433,0.32267677036140313,0.17423965783094145,0.18185953206641303,0.2971558659389465,0.13273573742563624,0.28946978190014677,0.31805238048844164,0.09054800559213187,0.1763605793983165,0.09422547412213172,0.19280953893395475,0.16777073223141006,0.2700064722843784,0.0801307382313596,0.2419618312243459,0.2649454851617616,0.3750305019369302,-0.0414899019496522,0.021048884590896905,0.1304458909226553,0.17950723063004248,-0.0237691459329267,-0.21465217597266215,-0.11869260588347914,0.001721210711148042,0.07544910785459259,0.020438591390063,0.1862402028163127,-0.33706307771096755
0.12404134578873566,0.14743332038276474,0.23445947292786876,0.21258048421602166,0.38714981417476596,0.3581980250146393,0.1394392689486442,0.23942578858930946,0.1451389383245392,0.17378992431019297,0.16127190692255342,0.18732598099969902,0.14866754662128695,0.17873591417886797,0.1918452622006417,0.24260305565101614,0.21116009723338053,0.21020164268564928,0.8050399039404385,0.13534511972346708,0.20442419793449146,0.2232182078642897,0.01351003744681963,0.15608301612547007,0.17940879636029872,0.14647138475673083,0.1445988212795686,0.19312411023785148,0.19924328399066996,0.08223299434482008,0.2088642270354357,0.18950680591383964,0.186206985996928,0.20590521829341374,0.08208594617833768,0.19573137096891793,0.2532848756101015,0.13268760418670575,0.23188340613595787,0.06704887342289707,0.1323766624275499,0.17421104543286522,0.1705953156138364,0.06091635539146481,0.12997844008269913,0.18701136368770233,0.15276250141509073,0.014987139719695692,0.09498825095926966,0.12008866407274747,0.08511995624304214,0.20348821853762605,-0.232654786264843,-0.12035179596313532,-0.037648116023638704,0.0026678605362790296,-0.01971661707493054,0.08924637911488514,-0.06098078593853351
0.10511519664262953,0.342468956105162,0.28283710634114284,0.20565331834129313,0.16455359450019016,0.31286257654010263,0.163971862657578,0.28025091711533595,0.14518686759938665,0.1662495961466722,0.29295726241328074,0.23287128725962075,0.1626737646039415,0.22028229042095504,0.24814229054879605,0.1835073228563376,0.3411604216977121,0.03140797421453079,0.13534511972346708,1.187291196087473,0.17612049117652234,0.12200354113466359,0.013711774116999004,0.22374009083322588,0.2324297862822653,0.2589406275140707,0.3322355592299283,0.20892768097835526,0.35067264491424033,0.35805791223623806,0.24265552807450677,0.21438865687699774,0.17112238105567526,0.32877165652686247,0.26673081725534253,0.17634877161110316,0.671092018282276,0.5376139388764614,0.39605042686249,0.2521417498854157,0.2404695746022063,0.25924047438493947,0.5245282906829407,0.07580475234083363,0.5527803365646821,0.2389209651177676,0.2581431204770747,0.10423852243697454,0.33660975485742306,0.019946979397520215,-0.17809460853648915,0.09495860038325946,0.08269287763571105,-0.06518547243234632,-0.04476515428079378,-0.043123664189548244,-0.0605725477894158,0.10662113074358888,-0.030426681087951806
0.12679505594572443,0.26404225579558277,0.27913045175237555,0.1961142373622797,0.17693126712466783,0.23702756573344907,0.19815334957132782,0.18289060811790764,0.20092304884372533,0.16528957362939514,0.20367078429664268,0.1923913577874185,0.1511116968518805,0.18114557524949076,0.20561210597303947,0.19942682043406743,0.2532342793052297,0.24751541540261512,0.20442419793449146,0.17612049117652234,0.5579409750827096,0.21273064837557357,0.1485695144343292,0.18814646106356336,0.20324525376219546,0.1976964855076689,0.16942688982328497,0.22897594836202212,0.27080418552117,0.2010710041254122,0.2867974595493603,0.20337114226967465,0.24053774998673766,0.22436684658280417,0.23294528199992978,0.32657010111949225,0.30682904486633616,0.15571600357967227,0.25814309159411436,0.13154212471075233,0.23989072892051974,0.3631295934087343,0.2242822388660278,0.06864211301105697,0.32214324631944014,0.20507949382141502,0.2701447664689545,0.004013133315212296,-0.003299350709156134,0.0984748364902853,-0.03195339127453181,0.03288562345860843,-0.06157153969273884,-0.055607547396278725,0.04408437833004185,0.008199630081457068,-0.08328886092067335,0.025052025719371984,-0.03778139132667297
0.14412884414876273,0.1952347127204763,0.3167694021942118,0.22500154729911903,0.20792607878248856,0.2751594366280179,0.25826257078923076,0.19686402328496908,0.3673564837384594,0.19949014888669614,0.19266812388557386,0.2214222771926483,0.20234177619705476,0.2488394837193511,0.14480479333226662,0.3567594591877095,0.26388802982835274,0.26288428419751775,0.2232182078642897,0.12200354113466359,0.21273064837557357,0.8556886973225051,0.24690748020184358,0.21411676179567327,0.19951699544876303,0.20923803677017058,0.21912876388476732,0.15174313123769037,0.3302416928878309,0.1424905701606556,0.20850894233502745,0.2733195312807145,0.19399778171023938,0.2970274247204848,0.1480130630459011,0.3011413812064898,0.21900929733293992,0.147005345001062,0.27874549223678907,0.08205337675271024,0.19056372149124717,0.21194910568415185,0.23984863589711503,0.12338900720316763,-0.017488929689238944,0.2702677741836511,0.24060789049943862,-0.1480820290061897,0.4948410357215347,0.030664256306486525,-0.024826083327966347,-0.07733019626700352,-0.01729877329158373,-0.06349432272530647,-0.03040515408439117,0.06989924296531035,-0.05327921284070636,0.08641985187583764,-0.15307965159430856
0.08851149512145887,-0.025185118661631273,0.14502760551693727,0.18654106863950512,0.1510757089426331,0.10805388628896004,0.19409137673833948,0.14105325885252554,0.1903303936233025,0.1879132423114361,0.13539915198423466,0.14859350910399002,0.12333676218345391,0.13626493401073636,0.158902650111528,0.13930583126654014,0.10992958036490183,0.3967292697872111,0.01351003744681963,0.013711774116999004,0.1485695144343292,0.24690748020184358,1.348825112187978,0.27230995259681473,0.33343462145878966,0.00014902289690313703,0.08113254042058958,-0.1307253406324915,0.3884071176836948,0.2683247894137767,0.032215610008267295,0.11971234196061681,0.17814467849819557,0.30798714023158463,-0.0788857704272987,0.44385327041036654,0.1790119907422408,0.015451646365361638,0.34158095283367385,0.08701445170397738,0.19246940280832522,0.11568615505329062,0.15917120070973148,0.2303650172748396,-0.14781290214430653,0.30281307058236523,0.31477208414323793,-0.010744365950003705,0.17014621563452081,-0.0005567530825712976,0.009032841502752572,-0.12001752844116363,0.13719975332942672,-0.07150700526288838,0.0030847152455262747,0.03176438092634202,-0.032539261021327474,0.009836175952764046,-0.06903131304852023
0.06803095396863286,0.11717364307193799,0.2119155873821248,0.20417336949955334,0.17282885328590844,0.21321266259061067,0.18480883943307685,0.17284581189285245,0.19982366729250048,0.168199727211253,0.1896576951429619,0.18673608717434273,0.1626595204093463,0.19924697879127382,0.15988209073092793,0.19151786056579995,0.20499384368919252,0.160817882897721,0.15608301612547007,0.22374009083322588,0.18814646106356336,0.21411676179567327,0.27230995259681473,0.6669137781515494,0.22532335624137803,0.12195109990456175,0.18018053450296243,0.19162846011889167,0.2214673036000827,0.38982212749132894,0.25847351906397975,0.2558346553878075,0.3853384261209746,0.13014280379112728,0.09759167616254297,0.3132408339912696,0.263803717052702,0.15307123132515593,0.21064707503330635,0.055745608038828796,0.17447140402215167,0.18702814049724992,0.18676065516473972,0.11114234766771695,0.018816234864559918,0.22394324602488772,0.2769677035969515,0.01768238483289596,0.2884603181488039,0.018370634019777336,-0.09212461984017258,0.056097412634420536,0.053481911283488906,-0.06546460268713537,-0.02252375201064073,-0.010746925785509929,0.04303770780107584,-0.07093031403621082,0.010866165858504901
0.1568788428455012,0.19273752734528554,0.26179289798640165,0.20894356935976832,0.1743021789127703,0.26035721446710475,0.21027160848626666,0.24061706817484052,0.1423991664544899,0.210214771229841,0.21712604308093633,0.26553572323349756,0.15229585896588557,0.20806607091478269,0.2607998849966577,0.254706115276621,0.2766666034381666,0.25014535618778766,0.17940879636029872,0.2324297862822653,0.20324525376219546,0.19951699544876303,0.33343462145878966,0.22532335624137803,1.3051786428189673,0.13355758501380463,0.22803155856320337,0.12516063077520695,0.5703990266574441,0.3030446090219223,0.1782427264887044,0.20337196549743447,0.11339522903830872,0.43508658032983705,0.24806077976006344,0.3040497286452452,0.2763782689968282,0.17081292846195767,0.3106472519687635,0.08992687212441941,0.2001651141789877,0.20343437760811503,0.2813363921723385,0.1318194213456472,0.1451695835135026,0.34273107233630573,0.314736899901885,-0.03885738117733477,-0.048693226807264504,-0.3367632260614043,-0.10695407370645814,0.13928312401828902,0.11550053178696273,-0.022098636670434213,-0.02177569963097216,0.05537915073629659,-0.016062533959989484,0.08971531997301778,-0.17220742843470807
0.11406399625922786,0.2503954588810158,0.263623593074831,0.2285119798569254,0.20470738502916339,0.29427305241942936,0.20127315397107176,0.2846842187120332,0.259711074249827,0.15107859982897248,0.23410775948843218,0.24383912463820295,0.17331552404087108,0.2549264519817434,0.17993957689100246,0.20158991096328613,0.1915703104857647,0.2856617272062441,0.14647138475673083,0.2589406275140707,0.1976964855076689,0.20923803677017058,0.00014902289690313703,0.12195109990456175,0.13355758501380463,1.4931300197176889,0.20203509000585476,0.18648575193851513,-0.016784011898747654,-0.2367290341113197,0.2216150033112946,0.3090550282572073,0.06269777310710442,0.26797886861703146,0.2404212208632765,0.1470108654412422,-0.024469742601660526,0.18453353619765617,-0.29326903204416693,0.12045846517616142,0.2576002841526233,0.24302638534504367,0.31590478329161675,0.00835025547388765,0.19982770620223925,0.08715240554056415,0.057656794973228884,0.03673551877335324,0.2886514652073533,0.15475039142955277,-0.09593063741877923,-0.009864980282186329,-0.14348390132391722,-0.0030945480757446804,-0.11495071071430922,0.03028438836651328,-0.06464236922196667,0.26256998376449614,-0.196894737217147
0.11866131300606375,0.22672209590096254,0.23031784226823135,0.17857828162966827,0.14650797630934023,0.2301187542189966,0.18831650027581642,0.21030539100341802,0.16985436538536858,0.18168968333274355,0.2177137633680676,0.2614221474825316,0.16750304917834688,0.19431223678035914,0.1861427465016896,0.2578680273095226,0.256787432008611,0.09175251746082586,0.1445988212795686,0.3322355592299283,0.16942688982328497,0.21912876388476732,0.08113254042058958,0.18018053450296243,0.22803155856320337,0.20203509000585476,0.8116760788705615,0.2170321613907151,0.19546810849125126,0.1723610820473731,0.21186819692694414,0.2426997185229035,0.185699661915735,0.23943537319684205,0.2315559596144086,0.313381551647479,0.2664066948133007,0.19455413012082537,0.199693108822738,0.14098094670592626,0.20897551235736214,0.2053788051373407,0.34823751265117386,0.03845758784045951,0.14021072671755336,0.2162945204748985,0.17088210233461723,0.012026726948070478,0.28545039738511,-0.03158804641208986,-0.12001368071136889,0.08813491322959319,0.019254951334813055,7.309120503005231e-5,-0.013713473822435915,0.035819573642997794,0.015652379075486143,0.09558284160902351,-0.14653537285846122
0.0665532125115658,0.2159152330590058,0.2500759307984112,0.07940926319595198,0.05399747659004042,0.15570190429728833,0.1000728021743356,0.11573957419084176,0.13819047962466974,0.14762483664362808,0.12377484023048162,0.08495008943751985,0.10236005895039692,0.12101274017970261,0.2027874763240216,0.18937151936459226,0.3002905963603408,0.15745662026721718,0.19312411023785148,0.20892768097835526,0.22897594836202212,0.15174313123769037,-0.1307253406324915,0.19162846011889167,0.12516063077520695,0.18648575193851513,0.2170321613907151,1.2346273833883972,-0.008543544268213915,0.2111013104702932,0.3096147761335642,0.1505609029696565,0.5292312422542707,0.07546484000815842,0.7157610327391307,0.22094833010907095,0.39558857839092126,0.150259272518462,0.11572727647759035,0.10599006073921169,0.25544040323944,0.22452775137853598,0.22179596415280933,0.1722417033013776,0.14789739848613592,0.1048065499122344,0.18420586021207064,0.05621437966622607,0.13075988683137021,0.11296448312344656,-0.09288862036411658,0.549470739372947,-0.5765744395796317,-0.013281093093684644,0.10959871249731769,-0.015804160466151813,-0.0340473585231776,-0.1118719377201149,0.16794361369720232
0.13477745742639777,0.3890621316756595,0.36415036063318007,0.2645490330388287,0.2337676538103071,0.3950748169497701,0.20720209694149852,0.2703693545781285,0.16385385146779177,0.24539515607311504,0.2662221630355213,0.24922537840269884,0.2383804323754769,0.24286061969029038,0.275708831667614,0.31804003057068303,0.31327195800947766,0.3144931052219532,0.19924328399066996,0.35067264491424033,0.27080418552117,0.3302416928878309,0.3884071176836948,0.2214673036000827,0.5703990266574441,-0.016784011898747654,0.19546810849125126,-0.008543544268213915,2.4594704297035572,0.25096745263529713,-0.007174412176194103,0.25511128920484805,-0.07390356893900904,0.5894940660287623,0.11006461239571931,0.4610910510672619,0.05477483868711876,0.08291849486072436,0.41073303421338564,0.17101233422948792,0.3232554573857988,0.19394815477085084,0.13486498564528118,-0.0868049922486958,0.03980206047432284,0.4274136240134471,0.3891125426241786,-0.1009235843636321,0.562398102055851,0.3202034226166276,-0.34766284390212393,-0.03978608805182902,-0.18416955268730595,0.05840920508027174,-0.16125691359195055,-0.01475460100007143,-0.17039742897890658,0.2611883138607773,-0.060313123503871295
0.07919245371695223,0.0863346685076383,-0.06640942616224199,0.10408050642478071,0.07018226962714533,0.09007921162546795,0.0990507644948911,0.1344366084878905,0.08249623881112306,0.17500012480148236,0.13019601208578657,0.06534718756331293,0.09060414240610622,0.15299006028543563,0.19302512499766059,0.19934307251806077,0.18582728866069165,0.004544595987867433,0.08223299434482008,0.35805791223623806,0.2010710041254122,0.1424905701606556,0.2683247894137767,0.38982212749132894,0.3030446090219223,-0.2367290341113197,0.1723610820473731,0.2111013104702932,0.25096745263529713,2.4683873976832387,0.16781638922362918,0.07969540358505478,0.18142276092433787,-0.002072845530907752,0.5692425731872555,0.3695937850221894,0.7012173978548609,0.27509307469479244,0.5921666117047192,0.18017022027313986,0.6548263751435527,0.25249650992790795,0.6670353299678327,0.31298162455784634,0.428741055921545,0.3043810595807517,0.9015212003330489,0.047658544645341944,0.41257949707018277,-0.12443972466595658,-0.19448607437775908,-0.19287568656675047,0.305035975680938,0.03094673380848706,0.08215120203667364,-0.12687464524010067,-0.09243208178949296,0.16613869912974125,-0.036426551280661384
0.1282523902373331,0.19378351775537736,0.26956067473841216,0.16007738763716187,0.16996148748742826,0.20950161439219298,0.17559747342643495,0.1824449682973483,0.19490964035416486,0.1934496656822757,0.20305328463969619,0.19006680974313822,0.13416584016999883,0.16794719584924295,0.20935547364387955,0.19706599228715452,0.24747701058935379,0.32267677036140313,0.2088642270354357,0.24265552807450677,0.2867974595493603,0.20850894233502745,0.032215610008267295,0.25847351906397975,0.1782427264887044,0.2216150033112946,0.21186819692694414,0.3096147761335642,-0.007174412176194103,0.16781638922362918,1.1303321689461652,0.19253760924841448,0.25366595711452894,0.1676508308228191,0.25981261311241444,0.4872717386680049,0.39173824530292994,0.2297225426118018,0.21064892725280315,0.08341872412632576,0.24737265487546398,0.25338758826167784,0.2235479552747292,0.08709779067263428,0.28674838562918853,0.2921910935643481,0.26148289583732504,-0.007957409703192607,-0.1483580119258963,0.17114379457900933,-0.02099803131838275,0.1467916219906715,-0.159199324413258,-0.09961472455760247,0.05556871660322958,0.08184772532037723,0.08498987688666809,-0.06868972391941733,-0.1641967400167269
0.12441565289726031,0.14668870578682505,0.2160886120849135,0.219727182876571,0.20738050040220693,0.2615562234357892,0.1896834615302984,0.20454237500792324,0.19011812867289898,0.17195243523591852,0.20193759948257037,0.25481875226389195,0.17621533186392557,0.3365541013903264,0.17179344029644367,0.26243316847186443,0.19884746720015736,0.17423965783094145,0.18950680591383964,0.21438865687699774,0.20337114226967465,0.2733195312807145,0.11971234196061681,0.2558346553878075,0.20337196549743447,0.3090550282572073,0.2426997185229035,0.1505609029696565,0.25511128920484805,0.07969540358505478,0.19253760924841448,0.6686985396336536,0.06288370921100901,0.2723175419671657,0.12588630413972973,0.2701701054256303,0.05596626092790538,0.1613467039260816,0.13817072912096584,0.11294703801147336,0.20302018069549824,0.19634760459660144,0.15642636121736517,0.05572113899561708,0.08724518846005931,0.20259487358034758,0.197855892529347,-0.01216474063951446,0.3004976625192759,0.035809454831568534,-0.01537232710064324,0.11435464478812764,-0.1523962679512507,0.0225324988169839,-0.0893429817487926,-0.01512168455283998,0.2115623383630216,-0.03029188000625375,-0.15109893517449738
0.07955114459853141,0.18686300097238598,0.238919723476248,0.15509487579988623,0.13523203126039263,0.0925997103518265,0.15146137680451946,0.1180948267591353,0.20468261461031947,0.1114673800148132,0.11312445302326546,0.08301761996657588,0.1065957938844142,0.10894999717870635,0.17218455187321752,0.12138655755803793,0.24417344038536545,0.18185953206641303,0.186206985996928,0.17112238105567526,0.24053774998673766,0.19399778171023938,0.17814467849819557,0.3853384261209746,0.11339522903830872,0.06269777310710442,0.185699661915735,0.5292312422542707,-0.07390356893900904,0.18142276092433787,0.25366595711452894,0.06288370921100901,1.6661329739638118,-0.10858425549709005,-0.29138637787520955,0.14583864088886228,0.6519250496642962,0.15878406751860016,0.08423823361972663,-0.10313715731138752,-0.08028410485657117,0.227108292920689,0.19743478404581252,0.13536307512490503,-0.18246292580571707,0.19566148052112936,0.27271052296113263,0.10558996768379811,0.31448886631595324,0.16974010786578864,-0.12039916762402296,0.18685313232681208,0.0335476440851781,-0.2799738336631395,0.043171192957546914,-0.03128482009157142,-0.10410118433123583,-0.06782673746374979,0.16248659522944062
-0.06711697440970592,0.27398590870791595,0.3154654553618854,0.31894249799381935,0.293742967165775,0.32983566956238536,0.25036706124341535,0.30192138484997166,0.19883671224945892,0.30990757279736086,0.26027571088318446,0.2853412647733493,0.2246920267106291,0.23281753814438205,0.22856555977434256,0.27946157175701947,0.2888277539802916,0.2971558659389465,0.20590521829341374,0.32877165652686247,0.22436684658280417,0.2970274247204848,0.30798714023158463,0.13014280379112728,0.43508658032983705,0.26797886861703146,0.23943537319684205,0.07546484000815842,0.5894940660287623,-0.002072845530907752,0.1676508308228191,0.2723175419671657,-0.10858425549709005,1.7964776859668226,0.3354779760262399,0.22930907785731977,0.5563699671833878,0.156728694500942,0.290071370073411,-0.0036916755955063887,0.23207310204608794,0.26760794475478544,0.4273582270104172,0.18265143406562434,0.0014219410038308743,0.21951912379589866,0.35718812096685526,0.024603544012404156,0.4714571866927531,-0.1962286253661369,-0.0458051628030239,-0.06404292781179159,0.13258338481434517,-0.067019178342037,-0.10338600079799541,0.056275584546945666,-0.17888287231713393,0.12661923646336945,0.055978846856472475
