1.7616721171269225,0.5281122672070422,0.842850100214126,0.1380479722929656,0.4103301739383721,0.3668162998211341,0.6481258082783536,0.3048087677897658,0.4194261626453093,0.3136786380916795,0.3497427105290237,0.41890572164714407,0.2204796841171537,0.3963416643541801,0.3372283982317977,0.30056976807818675,0.24935272296719418,0.35357399162973197,0.31678846553588436,0.3048522938111722,0.3072827833616784,0.1662648576018022,0.04697796657955999,0.10374228453387978,0.25803155561815766,0.3735713396380102,0.28984126664431853,0.28806788003151745,0.18774622064756402,0.23904426762727096,0.36235843967176823,0.33308914614491475,0.3756936191147924,-0.2003590203168679,-0.12466474528056502,0.3378160351075966,0.2483644204089947,0.20765583304996044,0.34509131625580786,0.0720022168416018,0.17257320440723956,0.22843139678511581,0.3009479702594498,0.10640709339339853,0.4090785325205731,0.2927996683619369,0.3354206985609204,-0.0398249370038294,0.7639120419261248,0.013248503839688742,-0.0022690888506502246,0.16557215674111567,0.00845795256421575,-0.17264962766942615,0.3941241118988019,-0.06516535564647924,0.4996280856545156,0.6916222858043383,-1.4607177865148424
0.5281122672070422,4.241610674450435,0.44023849497258327,-0.13677872991558196,0.20592327398903004,0.4068072568988316,0.19167290022870695,0.3998103968992657,0.08574341378391677,0.21688244898497766,0.15217336546159033,0.18333724534861717,0.06402758039012497,0.03389350437297224,0.3167197942549354,0.07945380837208149,-0.005797995270065005,0.30786798925550946,-0.17397981673959578,0.3952967721820347,0.3137249687177474,0.030848856446808286,0.21162234671693272,0.04532500327543494,0.34637146665435675,0.3183659577823008,0.14744436089182772,-0.016363606107604692,0.5318174473779632,0.16111991755230112,0.23895726845658016,0.11322265807513271,0.18588550437099333,0.22016539448250097,-0.002396199476620867,0.21994735837480744,0.5959474443228358,0.21197121903198593,0.13555270639164504,0.15985899372396023,0.14221283019622186,0.21312013145133407,0.22110728529265927,0.04584179868537035,0.41350611565260564,0.20563841711478467,0.25550382864418086,-0.02461281717204705,0.660455542864774,-0.42044760285457616,0.20045979375980227,0.4996572411375074,-0.16781680954694791,-0.24276485679241136,-0.3152923348822837,0.031173817939009498,0.056786326532911616,0.7614236595320869,-0.5394094542979363
0.842850100214126,0.44023849497258327,2.557182679193448,0.3044537256520152,0.03819640682663436,0.4960496429693792,0.4019835237758783,0.6734889728886322,0.7247928649940145,0.5560498921959577,0.5505528034369355,0.5210046637708707,0.381477930193985,0.4002688831076965,0.5826955963992871,0.41480813717214265,0.5279948430502998,0.5967667882193245,0.7542360231762153,0.539914740401169,0.4252624429024568,0.20561242884445383,0.008075393712918122,0.45862789340124144,0.3404511424605963,0.5143346546753744,0.42742274749457454,0.50290301697401,0.4624686762266784,-0.17603669931509536,0.41509117779429805,0.3731762158285076,0.5225754193193586,0.25867930060117456,-0.13530212433025166,0.675213867195063,0.6685550332757848,0.3077215870854069,0.417697464642286,-0.09175088677829871,0.18977326805083383,0.4320466877849965,0.1625266811573545,0.11048314400210296,0.551933494675545,0.5782183683389711,0.23163749700266142,-0.07448361952230248,-0.235617697115173,0.45812534364247687,-0.07632721456741749,0.38420818764788733,-0.21232129355384563,-0.4346839446131468,0.19512005998229315,-0.08482098399932511,0.26719958809988453,-0.3788517689296445,-0.0554870436878565
0.1380479722929656,-0.13677872991558196,0.3044537256520152,1.5986609135523988,0.49967017922951457,0.3948136236183017,0.4173924927081597,0.33605550861489686,0.3113142890307823,0.3015271071405869,0.32631516636642316,0.3583172305309571,0.1941681674335311,0.5117123043525051,0.33065899318427244,0.3358716710686272,0.3198628397952016,0.3270890959029577,-0.006693970533420373,0.3753013880819289,0.26517085265232254,0.2515231896938848,0.3399418825048284,0.266368631348083,0.34284005429567915,0.3358537389083511,0.27877610388824986,0.11137758410222959,0.3344347087893499,0.16270780376879282,0.2569301084433922,0.5033368364414842,0.19451679417822373,0.520281844710227,0.16200438618436144,0.3656693633858358,0.3619017202056327,0.22243348451370187,0.28701570923679337,0.12584424799500243,0.18717932514667768,0.342240004487046,0.2087637690757877,0.23285325103951945,0.2275844332034329,0.14332840313462558,0.27198489590474256,-0.014436954985811015,0.4297686463589901,-0.16459198809252093,-0.06307162790618742,0.2894896198464212,0.050960123783176964,-0.15982114652416066,-0.1854136774585977,-0.044828191766887515,0.020204961805513816,0.2184408197475529,-0.12559299346387948
0.4103301739383721,0.20592327398903004,0.03819640682663436,0.49967017922951457,1.1775211346366339,0.5111485972956537,0.3034583622846413,0.15378903332768726,0.25559451106699305,0.18797047041522927,0.22945392262034128,0.254879771746249,0.18086290639730276,0.28326815771520725,0.266299288852507,0.24638389651172402,0.17147191507966672,0.24209037444088327,0.025133151093123578,0.2542300484984327,0.20232416679949333,0.1916721000228971,0.22939980829485,0.20539663484890264,0.2604665077501088,0.29415243523767376,0.20856139711717045,0.10255011178736545,0.3242677228809499,0.15672296467686067,0.20563469206463666,0.3250474913203768,0.08142220416051561,0.4100961169718493,0.1178650197151751,0.27361651305017914,0.3086014206940589,0.14740768768881612,0.15403954158247604,0.09472513307772912,0.1440550780160968,0.24979648483033776,0.14315112749891554,0.1491196442890406,0.12071267685635056,0.009280244850388903,0.22605802034402459,-0.0035335585465627343,0.6602803274812895,-0.07507783247104062,-0.006188117701934399,0.035971457942782274,0.022829626026297685,0.03801255851490303,-0.001046266011930778,-0.03342418222256813,-0.051144984767255035,0.02992589905603268,0.07797062851389903
0.3668162998211341,0.4068072568988316,0.4960496429693792,0.3948136236183017,0.5111485972956537,1.0126102234484171,0.24791153664226342,0.26704373927063624,0.3144130890060454,0.2886608748314522,0.2625887972701362,0.24203540244695906,0.192589723687085,0.27244691100143964,0.306167441515322,0.23265484506579334,0.2687023921676243,0.3311637414172558,0.16358847156406708,0.33902732090163523,0.2605998847873909,0.24025179088029106,0.2352096898951677,0.2954151851611364,0.3215136066718923,0.3461241654048914,0.23752890944341357,0.2285115404496734,0.531668615790633,0.09636625913724142,0.23420992825612005,0.33795944804542294,0.043286282093078665,0.4078927333856287,0.01280835782856558,0.3614552036915907,0.4398323796817508,0.1848802810349715,0.23872401151704178,0.03266268618992909,0.03818524875484765,0.25828541865594395,0.1869105805199066,0.1935269782903311,0.33412668704801185,0.061044340192689214,0.2808011529698159,-0.02787489062110915,0.8197801909464225,0.20289220348000936,-0.3423382102696699,0.18266801871582736,-0.14478948460113925,0.040360480287345506,0.027489847638534237,-0.041716612583222505,0.1061651653203159,0.1046841512809278,-0.20139870166503684
0.6481258082783536,0.19167290022870695,0.4019835237758783,0.4173924927081597,0.3034583622846413,0.24791153664226342,0.7570704918604351,0.15827809594908238,0.3851893722425635,0.23368974543182858,0.28497351507995694,0.3608975880868846,0.175856720273393,0.20336802242254418,0.20652214082604814,0.24606558733578185,0.2148630190216993,0.28673628237947113,0.20191185179634327,0.2477533309439878,0.24084373399518363,0.20875900561643868,0.14273523761104964,0.18408917765338137,0.2393429382266776,0.25985983578143473,0.2248339660631909,0.1463021876292596,0.19515382379768006,0.11721949775206489,0.2606755170514686,0.2326136654818359,0.2326398204725797,0.16531608651311794,-0.014256034044981051,0.26747209383808385,0.25009478865386936,0.15630065822387057,0.28218917196576876,0.08041497763760772,0.11286003479173033,0.21040917880880816,0.20654370428439528,0.10347555568339337,0.2850828063875551,0.19635174709297024,0.22216628936301688,-0.025435743125647396,0.4710320737370715,-0.032040346131226576,-0.03694934856627607,0.19360178085036814,-0.01381929136813275,-0.15599444201483256,0.22542787161909517,0.05713540914427461,0.20174956857911483,0.2851937373004927,-0.7889856541277196
0.3048087677897658,0.3998103968992657,0.6734889728886322,0.33605550861489686,0.15378903332768726,0.26704373927063624,0.15827809594908238,1.1389429108164542,0.07373386528675843,0.2558829717276498,0.37260709574205536,0.27600995324460575,0.20962421201419598,0.2923152988768282,0.4149960494876635,0.2846047762244514,0.35465086810980967,0.41940245845370316,0.15628900816616012,0.4340367754059082,0.20275835707065548,0.10067115544402166,0.15471026222037246,0.12207969995156713,0.36059742038870296,0.3628210198426057,0.2686835967169063,0.062308809037743926,0.31519216436436903,0.13974392795342375,0.18798517017369695,0.2667980855729172,0.26530202401270364,0.37171513864092837,0.11736316233915786,0.23984866949347236,0.42502510051292974,0.23746472573031616,0.30007284411140905,0.09569289207822908,0.11966571923369952,0.322113894954892,0.22298971967053358,0.07441119968952895,0.289659669874976,0.28624089917191464,0.3062234262384154,-0.02154498547629872,0.5905086585389142,-0.09938012272641364,0.004989210799117675,0.36649225291383986,0.02813576706265917,-0.30091408813266335,-0.11525216687453264,-0.08919271636977898,0.07662860698899586,0.8009733214308226,-0.7748134358602015
0.4194261626453093,0.08574341378391677,0.7247928649940145,0.3113142890307823,0.25559451106699305,0.3144130890060454,0.3851893722425635,0.07373386528675843,0.9623910258493785,0.2736187296077381,0.29304615307155096,0.2830562239845671,0.2132183280631046,0.255258235944486,0.23914430032900774,0.2431244350116592,0.28338797559726847,0.3024091202443416,0.3605249255614557,0.26072899127863014,0.27212901151731234,0.1773701157670128,0.041108956415280645,0.36651813487917817,0.1507318076786793,0.3898864979013245,0.23934162344786486,0.34601441014311546,0.18799588639436904,-0.0229005504944668,0.30650554280894643,0.26525734456512967,0.2700672612478158,0.08736246185264926,-0.06018096588125349,0.38214859849372085,0.27892336718404376,0.1653458912253075,0.23621294301092893,0.04383689450361377,0.1542554350175711,0.23595753983440784,0.13607878567492554,0.08551433500004446,0.30109732775469394,0.2043351071040785,0.12850412944387946,-0.03365179181775243,-0.22227074305386663,0.19676887052554232,-0.05673199421916668,0.11356948146524207,-0.09399734589463979,-0.10339949051165512,0.15432063858501416,0.09624834812629983,0.22957227749052125,-0.4630953037248277,0.005129916671722358
0.3136786380916795,0.21688244898497766,0.5560498921959577,0.3015271071405869,0.18797047041522927,0.2886608748314522,0.23368974543182858,0.2558829717276498,0.2736187296077381,0.5169223076851953,0.20930156227755192,0.15808977337370952,0.195555474863769,0.22411890764315073,0.26547981680915084,0.2213510754054781,0.25540008356423993,0.3285530347627932,0.18109028168700975,0.2526002662546302,0.2086402859469967,0.17902493490220298,0.16447064371500594,0.24680852746989002,0.2465235241633199,0.2344281784163696,0.19622228981998152,0.18436082957400712,0.28838043566017535,0.11081160007517822,0.2548989545523068,0.232262899007812,0.175814207405037,0.28530534725846185,0.1413416438263107,0.2890283953153727,0.36100092048047805,0.15217869181830265,0.23494228154851293,0.08214110600357288,0.20147159539615347,0.23911884779863513,0.13477198031247611,0.10713794831836156,0.18728364812271664,0.1730522632260195,0.26214305997100945,-0.02364903888229782,0.3559038998203816,0.08612022504919639,-0.05724289136735205,0.1327425052588028,-0.05161602570832015,-0.10536505714093178,0.09862860567398025,0.01902899144296032,0.163860854732981,-0.2926020776853441,0.008934419175957354
0.3497427105290237,0.15217336546159033,0.5505528034369355,0.32631516636642316,0.22945392262034128,0.2625887972701362,0.28497351507995694,0.37260709574205536,0.29304615307155096,0.20930156227755192,0.45994243999450385,0.3552823304992025,0.19775975209634558,0.25921688801688386,0.37088699970895367,0.23612701496950103,0.2791151341250445,0.2821836545645535,0.10231173402930582,0.35570264595169687,0.22463932111454388,0.11576697760154163,0.13103005599461112,0.21432842858693715,0.26216246485106803,0.30655812394842286,0.25318259618055633,0.16768859308317202,0.26528231232065363,0.0807714507994651,0.23068874210029347,0.27367104697029987,0.21801267994184553,0.2479997790686817,0.13884506554369552,0.2941547252659956,0.2654873390911191,0.20001389484968776,0.23937747702176113,0.10223219365762784,0.1460376591036943,0.2698849637400616,0.14510772296050992,0.08219566614402997,0.2145118702520156,0.18919379466903538,0.1882679348168683,-0.025034018392560507,0.2585756470452589,-0.0880967340929116,-0.03300824313547208,0.2177830519640702,0.04196001814430239,-0.11884738709879641,0.009979526288687056,-0.019961354999405226,0.07642570651173246,0.10673914117975895,-0.22073997551373709
0.41890572164714407,0.18333724534861717,0.5210046637708707,0.3583172305309571,0.254879771746249,0.24203540244695906,0.3608975880868846,0.27600995324460575,0.2830562239845671,0.15808977337370952,0.3552823304992025,0.7594847056711584,0.1786225830156007,0.2713200183580082,0.3501888807971135,0.26101825091944014,0.22501536404252134,0.23988717734778098,0.06176514757555682,0.2806421477687185,0.2125277156424347,0.11913197892854326,0.1772655059365504,0.14855045514593945,0.29691581213239443,0.3125114046810989,0.30673604028801205,0.08481190331359603,0.21889217613506295,0.04410879731466005,0.15139750934441087,0.33015580657396554,0.2330587035330243,0.2262027414457745,0.050046112266061725,0.284646500547113,0.1091560516523731,0.16099073826394988,0.23262818596564194,0.09070496403018209,0.12119803997780594,0.24587413611099332,0.1303160077974329,0.08512276547701964,0.09613570379962832,0.11881328675386425,0.18514808055024928,-0.01947706782063341,0.7127870897386063,-0.23274975024432454,0.02275541745066221,0.27140778126529846,-0.008934160765941215,-0.08031482167051325,0.06746543254125185,-0.025513069371355966,0.083383600079292,0.3332105295639372,-0.5048159353767908
0.2204796841171537,0.06402758039012497,0.381477930193985,0.1941681674335311,0.18086290639730276,0.192589723687085,0.175856720273393,0.20962421201419598,0.2132183280631046,0.195555474863769,0.19775975209634558,0.1786225830156007,0.3936209976043964,0.17031035674255568,0.14436383083860616,0.23695850514484723,0.18372620251870836,0.23655411530081727,0.25082173552846837,0.11288443749974311,0.14536980370693986,0.263877008221568,0.03341406907057219,0.19361246505546797,0.1379803659657466,0.1958915788696936,0.19683566798146737,0.14631929427748647,0.23793904178300282,0.029542383133381762,0.12762362465348906,0.18727962360382697,0.16028409025935297,0.17668005224707914,0.17360560878223769,0.18916080395558577,0.1778071947460204,0.07911295031981966,0.14819479366529675,0.04530291541974652,0.10905920424521,0.17360335324672554,0.0810285103671608,0.06435895506564206,0.03787459354882311,0.09287620361945395,0.12147509743023029,-0.015332177084633875,0.20003414461327176,0.2052065474479739,-0.036521325005856926,-0.017428555341007422,-0.10424999018523867,-0.049019908043870054,0.018785321108120867,-0.06290131356733984,0.07212154007516451,-0.31198766056976773,0.2763154141776261
0.3963416643541801,0.03389350437297224,0.4002688831076965,0.5117123043525051,0.28326815771520725,0.27244691100143964,0.20336802242254418,0.2923152988768282,0.255258235944486,0.22411890764315073,0.25921688801688386,0.2713200183580082,0.17031035674255568,0.6393398093403798,0.29351277256682723,0.310076394862637,0.2788033601631608,0.2057181748257584,0.09830010389761376,0.3158916313871255,0.23848755070469582,0.1849504378608298,0.1901605762747456,0.167667587334212,0.24593431607254626,0.29844090543619733,0.24524669944712266,0.1791214256855447,0.2668319840860868,0.186936611444138,0.24569152110203824,0.5457373437156953,0.21285439764455988,0.2591912155077236,0.08694823725918266,0.32705875193536493,0.27032841290314497,0.1953330328565113,0.22903829542821358,0.08771018701692827,0.2282754048667839,0.293371702678308,0.1760309723896696,0.13492394556823664,0.14158752914177136,0.08691265473194615,0.2237656109322885,-0.007083841612819059,0.6704486844687804,-0.040667425428441234,-0.030298136251934192,0.1427015842806563,0.019615680908750568,-0.07585783015654395,-0.11575879798335634,-0.07956198558845781,0.07307112152981866,0.23249510383300517,-0.14924190454376687
0.3372283982317977,0.3167197942549354,0.5826955963992871,0.33065899318427244,0.266299288852507,0.306167441515322,0.20652214082604814,0.4149960494876635,0.23914430032900774,0.26547981680915084,0.37088699970895367,0.3501888807971135,0.14436383083860616,0.29351277256682723,1.2031179061742905,0.17873883976642807,0.22505499777304305,0.33603002081750144,0.07429637082543773,0.5396930451419926,0.2699557637605316,-0.15154122951630822,0.1951138877820786,0.2761781161242444,0.4195740505152872,0.3384010092185155,0.27175352495158844,0.2818835332763723,0.3498080639900191,0.20734197693215084,0.2724237695668763,0.30239686575212577,0.27283014590355864,0.37408711796107613,0.10438207850698143,0.3850069193035637,0.37504046960832654,0.2896513158091435,0.21820858407840857,0.10714636970190206,0.25781905894492296,0.30756429978762584,0.16435183983439358,0.10832773092709541,0.14437732787642707,0.2591329780596005,0.26127643065118017,-0.028073956659079958,0.4431381378525557,-0.30275888975236687,-0.04676053849906564,0.4901667423585441,0.08860143567389614,-0.1348215991078055,0.10475275875595723,0.024003510600128,-0.04994430913749644,0.0524358383922236,-0.09570549726905415
0.30056976807818675,0.07945380837208149,0.41480813717214265,0.3358716710686272,0.24638389651172402,0.23265484506579334,0.24606558733578185,0.2846047762244514,0.2431244350116592,0.2213510754054781,0.23612701496950103,0.26101825091944014,0.23695850514484723,0.310076394862637,0.17873883976642807,0.8076593225756087,0.27480089527320967,0.31822939025104313,0.23525252129283813,0.20423068176981013,0.20326628561263294,0.24001507500763727,0.1617492085539477,0.22731197243067788,0.25944683832166365,0.24816962211810228,0.3056470557033615,0.1794628098889775,0.26366607643893825,0.17265034466257184,0.21646670320177738,0.3186944708616683,0.18391753044245332,0.2512326573452008,0.25042231546880145,0.2880491860102218,0.299097465735143,0.13646125659127548,0.22614885199871101,0.12289352635638337,0.21710019459171254,0.32931650626689485,0.19278943273753027,0.12837188631829474,0.1535865618401859,0.09365822289397857,0.23570084028841928,-0.014386526458463868,0.42320326459038876,-0.023942192473735024,-0.05243464791347099,0.13797264398976136,-0.06107122871526167,-0.07990037509846189,0.00618367244733379,-0.05363612208364635,0.0498126890286523,-0.08043488271368146,0.07258657246086872
0.24935272296719418,-0.005797995270065005,0.5279948430502998,0.3198628397952016,0.17147191507966672,0.2687023921676243,0.2148630190216993,0.35465086810980967,0.28338797559726847,0.25540008356423993,0.2791151341250445,0.22501536404252134,0.18372620251870836,0.2788033601631608,0.22505499777304305,0.27480089527320967,0.8000509470762495,0.16286447405555857,0.2735037836355016,0.46634234622751775,0.3066966391788928,0.21135525032684616,0.08471705408284906,0.21596770298491982,0.26588687011395135,0.201034093259659,0.2757057128333634,0.45880223562829975,0.3127854448896106,0.20205944381191857,0.3402835386862911,0.30886427826170115,0.355932676820219,0.2736130664822418,0.2031427893363647,0.4050960631559456,0.5492327533439769,0.2743322531318594,0.38579448286771273,0.12563093988620694,0.21603939851059492,0.4040325426698222,0.1965314108766217,0.14094692891098845,0.4297701500174965,0.15341582665365122,0.22117413522476906,-0.021090975034539477,0.44613754257164084,0.2553498470803552,-0.13005876637692354,0.1316243208822493,-0.07231029416628636,-0.10514353206701421,-0.1130366898936915,-0.048536480818767255,0.014849911175009823,-0.005832309283809275,-0.05800727739391477
0.35357399162973197,0.30786798925550946,0.5967667882193245,0.3270890959029577,0.24209037444088327,0.3311637414172558,0.28673628237947113,0.41940245845370316,0.3024091202443416,0.3285530347627932,0.2821836545645535,0.23988717734778098,0.23655411530081727,0.2057181748257584,0.33603002081750144,0.31822939025104313,0.16286447405555857,1.1511039036466129,0.2433226941549587,0.13842553820856082,0.25545241656691237,0.2565618701376967,0.27168141375317223,0.26585563016285196,0.29047127628077696,0.3688404864252912,0.2216390958800251,0.10652183910728778,0.4187225970691303,-0.02503087265746933,0.21253500100625308,0.2035727007708522,0.22550616625592085,0.30076232172776296,0.050482166917287664,0.31930203896705694,0.38855689319238546,0.0975300521242486,0.1703618545961547,0.06843025368538425,0.16227497384552034,0.22955463008893043,0.19487041444755726,0.02944277570085225,0.1923988594306796,0.2545074276812965,0.4682006313931794,-0.03730965108965641,0.3328152932075341,0.24433036528719973,0.07860588288912816,0.09847905352744633,-0.22720319536636818,-0.1619088086127962,0.13815234665316406,-0.040380989733175526,0.13106518263273487,0.11718941538628103,-0.361283370356851
0.31678846553588436,-0.17397981673959578,0.7542360231762153,-0.006693970533420373,0.025133151093123578,0.16358847156406708,0.20191185179634327,0.15628900816616012,0.3605249255614557,0.18109028168700975,0.10231173402930582,0.06176514757555682,0.25082173552846837,0.09830010389761376,0.07429637082543773,0.23525252129283813,0.2735037836355016,0.2433226941549587,1.7025312982993384,0.1716211063061563,0.23561470480899,0.15998893451633375,-0.5167099746032803,0.21476775996173644,-0.009021228581666995,0.052763395042049514,0.1700972165918714,0.5078059213535241,0.17466980233826598,0.08084762995039622,0.2330268432294616,0.031566823072047966,0.40058750380391,-0.044864716430083176,-0.09003090830834533,0.2803343117411893,0.4711006998270453,0.11813901785449243,0.41703890465071236,-0.06067691148599456,0.11962126387076995,0.1256509454497941,0.0945428046995125,-0.004906303800202927,0.30649344053490846,0.2594265168408792,0.14564184478490194,0.0010100558199271708,-0.16171930897201972,1.046438273754785,-0.09761360364664322,-0.24905945344068017,-0.32407086242603966,-0.20958737436790006,0.15974350024865855,-0.027730709451409583,0.13208732192539174,-0.24183293908691825,0.008478272096248653
0.3048522938111722,0.3952967721820347,0.539914740401169,0.3753013880819289,0.2542300484984327,0.33902732090163523,0.2477533309439878,0.4340367754059082,0.26072899127863014,0.2526002662546302,0.35570264595169687,0.2806421477687185,0.11288443749974311,0.3158916313871255,0.5396930451419926,0.20423068176981013,0.46634234622751775,0.13842553820856082,0.1716211063061563,1.6852221047694729,0.3268669793561826,-0.17537942956116115,-0.10928717057863968,0.1952255419786473,0.4178938899161729,0.3440363177787678,0.4381920552423384,0.38161967064531865,0.4931820136402616,0.5212648923268808,0.5558500782250512,0.3508082842259739,0.3954925455062329,0.5175216559870301,0.39948997387578405,0.30623191968092073,1.0984901827278595,0.8234600259032377,0.5389554563691233,0.3508219783046774,0.4533152867301904,0.6319522997694641,0.4662620252511726,0.1508180226725835,0.7097349340415442,0.2799533143704745,0.4028519941033919,0.00323559438996398,1.1090085133509822,-0.20716630966940663,-0.14447482252700167,0.4636481768579458,0.09382018760811098,-0.1992891723910747,-0.0059501582915232635,-0.05324922898297381,0.023331421665847164,0.26060480557474164,-0.21518734141930912
0.3072827833616784,0.3137249687177474,0.4252624429024568,0.26517085265232254,0.20232416679949333,0.2605998847873909,0.24084373399518363,0.20275835707065548,0.27212901151731234,0.2086402859469967,0.22463932111454388,0.2125277156424347,0.14536980370693986,0.23848755070469582,0.2699557637605316,0.20326628561263294,0.3066966391788928,0.25545241656691237,0.23561470480899,0.3268669793561826,0.4594813665357809,0.22118695199022467,0.21268260675557712,0.1780993153538373,0.23873066750429045,0.20643838872266598,0.20749817691234887,0.2075933840188888,0.36042734868186344,0.20869639716518787,0.373981967348138,0.2677801882051911,0.3559504247123501,0.21612547490786607,0.13590952759772734,0.39192016835143234,0.4152576067235327,0.20921344032678071,0.3888994545562814,0.17104166521903966,0.1945251413312703,0.2977928554756205,0.21977579086917504,0.12878162509217023,0.37095372714867836,0.1383737224622699,0.2474501845728269,-0.017477989971029506,0.5144126036552701,0.2226326089501931,-0.11072560931883359,0.16658495797242545,-0.12388339149438285,-0.11139372662170945,0.0607742494668399,-0.00900661538743092,-0.041658990658679486,0.08274262634507222,-0.13882699458746683
0.1662648576018022,0.030848856446808286,0.20561242884445383,0.2515231896938848,0.1916721000228971,0.24025179088029106,0.20875900561643868,0.10067115544402166,0.1773701157670128,0.17902493490220298,0.11576697760154163,0.11913197892854326,0.263877008221568,0.1849504378608298,-0.15154122951630822,0.24001507500763727,0.21135525032684616,0.2565618701376967,0.15998893451633375,-0.17537942956116115,0.22118695199022467,1.0882845054129648,0.6395208535395661,0.11336029832789284,0.20834885846823858,0.021984031463531215,0.11479149206859317,-0.1338583658689676,0.4018456011131238,0.10054785090499897,0.2056191729031445,0.2499835776995708,0.15062713342547487,0.2833593200726874,0.21169471190698458,0.230928436960806,0.14805908527711822,-0.023109361476430137,0.3824726493013883,0.1303011675587845,0.008167351070061363,0.15388008486531649,0.15399383698184707,0.1556280039534035,0.09676031434439752,0.04540306039279949,0.1859328843298861,-0.011224817972169072,0.3953899715905644,0.3164919135451955,-0.10983855155347141,-0.08621799735376855,-0.19142282545913644,-0.040968318903186834,-0.06472065185499974,-0.00532972058222109,0.03449349651268019,-0.11814101976922581,0.035533004653701086
0.04697796657955999,0.21162234671693272,0.008075393712918122,0.3399418825048284,0.22939980829485,0.2352096898951677,0.14273523761104964,0.15471026222037246,0.041108956415280645,0.16447064371500594,0.13103005599461112,0.1772655059365504,0.03341406907057219,0.1901605762747456,0.1951138877820786,0.1617492085539477,0.08471705408284906,0.27168141375317223,-0.5167099746032803,-0.10928717057863968,0.21268260675557712,0.6395208535395661,1.9877606710740559,0.1263912693218503,0.628191292332247,-0.07415182083194291,0.04770389937571125,-0.6667997962847816,0.5147901865037284,0.28983473917124064,0.22782395376748332,0.22304587867986783,0.14842504775401807,0.48294862540722966,0.17011296307991525,0.41900590918540903,0.22523876616126165,-0.006839985028060637,0.4908347891185371,0.3007495192405947,-0.06395097318147042,0.22012850798412725,0.10334770451030964,0.3086629417678166,-0.001655090693188833,0.1454790503927053,0.28578740565838734,-0.01782419363458165,0.5325743188766779,-0.16046416293779356,-0.16270692653245497,0.3687491208471488,-0.038727632206915795,-0.05202840838391918,-0.18224531082904308,0.06893362779558179,-0.06524606981950798,0.1195030140741108,-0.11463698887341875
0.10374228453387978,0.04532500327543494,0.45862789340124144,0.266368631348083,0.20539663484890264,0.2954151851611364,0.18408917765338137,0.12207969995156713,0.36651813487917817,0.24680852746989002,0.21432842858693715,0.14855045514593945,0.19361246505546797,0.167667587334212,0.2761781161242444,0.22731197243067788,0.21596770298491982,0.26585563016285196,0.21476775996173644,0.1952255419786473,0.1780993153538373,0.11336029832789284,0.1263912693218503,0.9593970379656236,0.2160103418147871,0.25427488229305645,0.16895067553409343,0.2295364868316426,0.2630763353584408,0.017813791230900627,0.1216234882980189,0.1722406081334132,0.16933038889748572,0.11959618434748934,0.18268762561473653,0.3512370484194283,0.17134525600813805,0.11810785671121399,0.0667273775903499,0.04469185058798444,0.13570337763687687,0.20659812153553822,-0.012328926364474276,0.08338950665024876,-0.004355098514796243,0.09382611197688584,0.061154034505430374,-0.027830644979093048,-0.32868904921584463,0.10136963620510378,-0.10793331275018371,0.16546263906781897,-0.07170335902966636,-0.06057737328989598,0.060231623110643166,0.055710116060146996,0.11837884731949422,-1.4678324590594707,1.2363362178869395
0.25803155561815766,0.34637146665435675,0.3404511424605963,0.34284005429567915,0.2604665077501088,0.3215136066718923,0.2393429382266776,0.36059742038870296,0.1507318076786793,0.2465235241633199,0.26216246485106803,0.29691581213239443,0.1379803659657466,0.24593431607254626,0.4195740505152872,0.25944683832166365,0.26588687011395135,0.29047127628077696,-0.009021228581666995,0.4178938899161729,0.23873066750429045,0.20834885846823858,0.628191292332247,0.2160103418147871,1.3971557301999973,0.14739312122634116,0.23567543910137076,-0.052610676221858374,0.5502401852295677,0.4511310430814843,0.24225294283244064,0.32038191584704595,0.2182081816263246,0.5740848747678272,0.3744485132852856,0.35181487041775167,0.49338045422818305,0.26261343913752344,0.40900152857003425,0.23411445338428297,0.17592745658882902,0.35858840931759084,0.23594224457614202,0.19427620763159686,0.23138948937093365,0.21261149502363774,0.3856680034679339,-0.04788152256400467,0.9092133146126867,-0.6641191528920556,-0.08652688265880853,0.500163493307314,0.16991548002103357,-0.11714176659131381,-0.057016258858458034,0.08841886796441562,0.09337610713290505,0.14935835311566156,-0.3622729955186355
0.3735713396380102,0.3183659577823008,0.5143346546753744,0.3358537389083511,0.29415243523767376,0.3461241654048914,0.25985983578143473,0.3628210198426057,0.3898864979013245,0.2344281784163696,0.30655812394842286,0.3125114046810989,0.1958915788696936,0.29844090543619733,0.3384010092185155,0.24816962211810228,0.201034093259659,0.3688404864252912,0.052763395042049514,0.3440363177787678,0.20643838872266598,0.021984031463531215,-0.07415182083194291,0.25427488229305645,0.14739312122634116,1.458570959241815,0.2519997217747633,0.24009119551340974,0.04405096078278529,-0.22809845408983484,0.14823367023589112,0.3251660230759457,0.2004393094854146,0.20590827892786273,0.2643716772778761,0.17261195810497615,-0.047746736384545886,0.20427775617562993,-0.32508761369013334,0.08803019642227843,0.2583267678915922,0.3694133809154549,0.27025585490852155,0.006413057905622515,0.18484879225362233,0.04703558618917772,0.0652688488117156,-0.0001254049275922085,0.4503067807811026,0.07864880027560552,-0.03325905328037117,0.17254127437058628,-0.16415222437226812,-0.05383646402965282,0.03320056485089579,-0.033254664669181117,0.21002027699077763,0.15972069742326456,-0.34023962547829323
0.28984126664431853,0.14744436089182772,0.42742274749457454,0.27877610388824986,0.20856139711717045,0.23752890944341357,0.2248339660631909,0.2686835967169063,0.23934162344786486,0.19622228981998152,0.25318259618055633,0.30673604028801205,0.19683566798146737,0.24524669944712266,0.27175352495158844,0.3056470557033615,0.2757057128333634,0.2216390958800251,0.1700972165918714,0.4381920552423384,0.20749817691234887,0.11479149206859317,0.04770389937571125,0.16895067553409343,0.23567543910137076,0.2519997217747633,0.5832777033202133,0.24039737861495658,0.21443564654199176,0.16586811057733916,0.24252090568423945,0.3529160407631166,0.3049980951240683,0.24769955623286938,0.18730506812411835,0.3075386014994384,0.35267487501695893,0.2412722065860403,0.21720148817446147,0.09785877607851949,0.215400655703334,0.31421194236633654,0.23978819335618592,0.09836491631715803,0.18770952148734762,0.10065262042342768,0.19659398770626244,-0.010984187512096476,0.5752552720721027,-0.024424955306812796,-0.0586638855427662,0.22662420121713817,-0.06432998649385722,-0.08217784347496732,0.03897575913968438,-0.04466318082618171,0.05949800610675226,0.007163405603005157,-0.056802058173857785
0.28806788003151745,-0.016363606107604692,0.50290301697401,0.11137758410222959,0.10255011178736545,0.2285115404496734,0.1463021876292596,0.062308809037743926,0.34601441014311546,0.18436082957400712,0.16768859308317202,0.08481190331359603,0.14631929427748647,0.1791214256855447,0.2818835332763723,0.1794628098889775,0.45880223562829975,0.10652183910728778,0.5078059213535241,0.38161967064531865,0.2075933840188888,-0.1338583658689676,-0.6667997962847816,0.2295364868316426,-0.052610676221858374,0.24009119551340974,0.24039737861495658,1.9855286604120228,-0.05215249340861843,-0.01897047976912423,0.30530912190148884,0.19043274166050717,0.3946897034985712,-0.11601528841570041,-0.37147166023564654,0.4713925637063347,0.33418153723279875,0.2280160149635687,0.06808397463015091,-0.16188607244758796,0.4417368427992068,0.07545169000903261,0.17564600591986282,0.198941782729952,0.17851718570566527,-0.0849643531441114,-0.02381498211454685,0.009543773961747248,0.15311255950643038,0.14569907986085387,-0.05590014604683923,0.08496286067032556,-0.16248271183771587,0.01676648180723703,0.24312961296620828,-0.04779472103006738,0.08393668777671796,-0.42771955807356543,0.44882692983360306
0.18774622064756402,0.5318174473779632,0.4624686762266784,0.3344347087893499,0.3242677228809499,0.531668615790633,0.19515382379768006,0.31519216436436903,0.18799588639436904,0.28838043566017535,0.26528231232065363,0.21889217613506295,0.23793904178300282,0.2668319840860868,0.3498080639900191,0.26366607643893825,0.3127854448896106,0.4187225970691303,0.17466980233826598,0.4931820136402616,0.36042734868186344,0.4018456011131238,0.5147901865037284,0.2630763353584408,0.5502401852295677,0.04405096078278529,0.21443564654199176,-0.05215249340861843,2.1195556030099465,0.27398969539195567,0.18494978137924914,0.3046971984724515,0.12600700584055546,0.6755819569864294,0.2849554989963106,0.554226944446077,0.5938343771783916,0.21561198827304218,0.4282700532331989,0.19372918207448184,0.2375360869610362,0.35315530361566255,0.048434698416842836,0.0038968584313151177,0.2461108463424454,0.30773123111788464,0.3300578545653603,-0.10908038413002122,0.9502112600681221,0.5080622248368655,-0.37246374337946025,0.08395283232736163,-0.2798662229473392,0.03833293949495668,-0.10555630840585487,-0.06773211989675204,-0.32607257068449463,0.006093813234718399,0.4429423962202336
0.23904426762727096,0.16111991755230112,-0.17603669931509536,0.16270780376879282,0.15672296467686067,0.09636625913724142,0.11721949775206489,0.13974392795342375,-0.0229005504944668,0.11081160007517822,0.0807714507994651,0.04410879731466005,0.029542383133381762,0.186936611444138,0.20734197693215084,0.17265034466257184,0.20205944381191857,-0.02503087265746933,0.08084762995039622,0.5212648923268808,0.20869639716518787,0.10054785090499897,0.28983473917124064,0.017813791230900627,0.4511310430814843,-0.22809845408983484,0.16586811057733916,-0.01897047976912423,0.27398969539195567,2.4516786476344636,0.3855513772344945,0.14420117047339415,0.37168326046107814,0.14537227475135966,0.7549491294331585,0.3530447847538089,0.7439827692642614,0.3281211072502227,0.6561631800492078,0.2699952021212829,0.60350862694592,0.3605194498803891,0.719235901913582,0.29525197007712783,0.27103615954845417,0.026170724554388437,1.0235301726627275,0.0034208194131033396,1.8591259261290254,-0.6129389142917976,-0.07667482813431109,-0.1671410953679721,0.5428813886937243,0.001750680222823762,0.12627064676644667,-0.09990096245900842,-0.01913343543953065,0.9735854098151568,-0.9737579900843342
0.36235843967176823,0.23895726845658016,0.41509117779429805,0.2569301084433922,0.20563469206463666,0.23420992825612005,0.2606755170514686,0.18798517017369695,0.30650554280894643,0.2548989545523068,0.23068874210029347,0.15139750934441087,0.12762362465348906,0.24569152110203824,0.2724237695668763,0.21646670320177738,0.3402835386862911,0.21253500100625308,0.2330268432294616,0.5558500782250512,0.373981967348138,0.2056191729031445,0.22782395376748332,0.1216234882980189,0.24225294283244064,0.14823367023589112,0.24252090568423945,0.30530912190148884,0.18494978137924914,0.3855513772344945,1.3554274589974318,0.25648219455322424,0.28761539250680995,0.2475663896768032,0.35770246551341905,0.6680384087459749,0.6828947036958144,0.35325001791321303,0.46136841046866567,0.2299223700496512,0.36996536474273145,0.37455803512058017,0.11530207687045642,0.16792215202665833,0.44484895143200814,0.24589470529743582,0.33636235815997395,-0.02409036962971583,0.7705554097752124,0.16733242551749647,-0.13494163681157412,0.1731322523348559,-0.02373640487032083,-0.1705360324593412,0.0372297384920316,0.12464425970588297,0.40601685822700617,0.03933009775494297,-0.6095810518630072
0.33308914614491475,0.11322265807513271,0.3731762158285076,0.5033368364414842,0.3250474913203768,0.33795944804542294,0.2326136654818359,0.2667980855729172,0.26525734456512967,0.232262899007812,0.27367104697029987,0.33015580657396554,0.18727962360382697,0.5457373437156953,0.30239686575212577,0.3186944708616683,0.30886427826170115,0.2035727007708522,0.031566823072047966,0.3508082842259739,0.2677801882051911,0.2499835776995708,0.22304587867986783,0.1722406081334132,0.32038191584704595,0.3251660230759457,0.3529160407631166,0.19043274166050717,0.3046971984724515,0.14420117047339415,0.25648219455322424,1.0937267415732925,0.1892558246459779,0.4147682886107122,0.026681421152677163,0.36186703423459465,0.20991394654621537,0.22200109119652642,0.20935868272728117,0.04695436003800568,0.3005853944166598,0.3552225967150982,0.14864578882015886,0.1357820993408653,0.04317026183039138,-0.011386610942213772,0.2159968061209433,0.0018244700731367169,1.073332730270677,-0.11514617898093052,-0.04663262624159929,0.3893106778276641,-0.18327862446675194,-0.019582266201859617,-0.16001224747749693,-0.06292103764247817,0.07843372602114794,0.08947164131664306,-0.02414011981316705
0.3756936191147924,0.18588550437099333,0.5225754193193586,0.19451679417822373,0.08142220416051561,0.043286282093078665,0.2326398204725797,0.26530202401270364,0.2700672612478158,0.175814207405037,0.21801267994184553,0.2330587035330243,0.16028409025935297,0.21285439764455988,0.27283014590355864,0.18391753044245332,0.355932676820219,0.22550616625592085,0.40058750380391,0.3954925455062329,0.3559504247123501,0.15062713342547487,0.14842504775401807,0.16933038889748572,0.2182081816263246,0.2004393094854146,0.3049980951240683,0.3946897034985712,0.12600700584055546,0.37168326046107814,0.28761539250680995,0.1892558246459779,1.665831263396625,-0.05696794775630961,0.05498467732967494,0.20251622315342785,0.5931713682545834,0.2992770994836511,0.2342271791439135,0.05841982165522823,-0.21383972470134135,0.4011972890810355,0.2637534326971812,0.14616672133829092,0.09472717313629558,0.134354345862808,0.3624974374033212,-0.02681306138855166,0.7908464255579201,0.4545280548881942,-0.15899132197256452,0.46624296206785193,-0.2978061593856007,-0.2893619473270563,0.14208953608455155,-0.2067003463407852,0.0866293765609784,0.1269928303416546,-0.17887903705039843
-0.2003590203168679,0.22016539448250097,0.25867930060117456,0.520281844710227,0.4100961169718493,0.4078927333856287,0.16531608651311794,0.37171513864092837,0.08736246185264926,0.28530534725846185,0.2479997790686817,0.2262027414457745,0.17668005224707914,0.2591912155077236,0.37408711796107613,0.2512326573452008,0.2736130664822418,0.30076232172776296,-0.044864716430083176,0.5175216559870301,0.21612547490786607,0.2833593200726874,0.48294862540722966,0.11959618434748934,0.5740848747678272,0.20590827892786273,0.24769955623286938,-0.11601528841570041,0.6755819569864294,0.14537227475135966,0.2475663896768032,0.4147682886107122,-0.05696794775630961,1.6020327546786697,0.5819229721139045,0.2656440755002378,0.7588878589126276,0.27363158641769053,0.22800453627396097,0.10485223500263079,0.26188228238972555,0.4358983091747185,0.1281815414470481,0.19851897207035435,0.0770776002980648,0.07820875514910491,0.35789518932548003,0.0018473956138964948,1.3233910402395797,-0.3537937885766866,-0.0964944790593141,0.31828084731760603,0.05389928452855047,-0.06901719610465092,-0.2186233632856932,0.015031904082424597,-0.3600367341403648,0.01421196216676479,0.48002189027732356
