1.8238235184221212,0.5307231976842963,0.8822037996449135,0.13884704380686846,0.44282120399797203,0.34901044658924063,0.6577765463363617,0.3447246743218199,0.4196859600909207,0.3125375544921973,0.3656256195327332,0.43012145620591186,0.20852122099971174,0.41072061958161193,0.3863383447025627,0.31326273307249114,0.26712137742768827,0.34020993846929276,0.3021373713728462,0.35341678473807947,0.297660692063925,0.1466990335836462,0.06171634354529197,0.06090544888787408,0.29146624533914345,0.3795873906095711,0.30636468667430466,0.29290269699725563,0.20018121045522622,0.27386577769522835,0.4022461762774241,0.35206436187691365,0.3936330033528966,-0.1924741136970738,-0.14018224444630145,0.3823502379505813,0.2695960836103692,0.23248234988143116,0.39343536237765275,0.0830810198988091,0.194303512473408,0.243380641513207,0.2795606603456328,0.09789428443175105,0.3732443510545814,0.33598267718516955,0.35666351299010646,-0.04424946582235691,0.8477241733390597,-0.15701002381484322,-0.012767396477120586,0.20135700459763498,0.13697514469947863,-0.18800599036915389,0.34209108028741264,-0.0598383050032945,0.4739691595697016,0.8963688126813693,-1.6224135527321215
0.5307231976842963,4.240718935161082,0.410397163706556,-0.15112962223795673,0.22526401102529414,0.3937744584462298,0.15547606901440802,0.4058192700027898,0.0447277797575247,0.18841270712576225,0.14999178086562792,0.1768996000753576,0.050885909564052756,0.04320655639718242,0.3353774443162486,0.08309665336804896,-0.007753643869263133,0.30119210726192824,-0.19860373511152069,0.3820593015355636,0.32038194787846913,0.018358427777177465,0.21863697865025328,-0.0012923782089966872,0.3292413397174686,0.3055264734472271,0.1438836771906255,-0.011243228111141446,0.5416761827600003,0.15974228106872124,0.19758635355419732,0.13184087583735085,0.15157232658492767,0.21065827612846877,-0.026382422953424568,0.21212721571770563,0.5758690700271418,0.20779906844309926,0.12348385823309455,0.15767796359855113,0.15705416044941511,0.20666167186625137,0.2149213993171562,0.034381360513074055,0.3765348184696291,0.18061493821970748,0.24818316312191852,-0.017804802692098207,0.704529579834583,-0.4927251380537403,0.17213694498929513,0.5673317203873374,-0.09821919279457358,-0.15967266570522157,-0.3846316631992954,-0.03359029638009099,-0.020209726490891408,0.9148850978209142,-0.47744813863310365
0.8822037996449135,0.410397163706556,2.538967818589945,0.29753273517828405,0.062130645229562464,0.5010925021461792,0.42404197310057884,0.6951301066227824,0.7185505654816179,0.5361462127095424,0.5571148811003108,0.5394416083144079,0.3738892786296769,0.39423507642183475,0.56448660532369,0.41028198538552846,0.5275673223312723,0.5796208587139143,0.736780687944231,0.5516120401782768,0.389923066305581,0.21359520567991375,0.022695245832561873,0.40491737947027145,0.3868527279809508,0.5008257888564263,0.4327741525126239,0.5002489067910819,0.4624268819374292,-0.11140665775875444,0.43737621681363575,0.39164036792192397,0.4530501479133052,0.264624734900311,-0.1698433126231269,0.698739469487995,0.6823460344925144,0.32590594873794865,0.47314004738380383,-0.07552526671496623,0.223950407414284,0.42934040319261163,0.1579385156934966,0.0961045920960248,0.5580323637938299,0.6067662553088523,0.26460091975662303,-0.07793893579082962,-0.1162009434997156,0.14465960361486957,-0.08402946640570777,0.40768005287715453,-0.04956881980700666,-0.4012811300474848,0.21491700109913073,-0.07648411165482862,0.2531774680802009,-0.07654363515965079,-0.3645726665065635
0.13884704380686846,-0.15112962223795673,0.29753273517828405,1.6132619676497035,0.521473498739294,0.38395411801071183,0.41221597202419075,0.3363857699711747,0.30109110805600664,0.2944243404499605,0.3229897803539936,0.3604064008157712,0.199414431484807,0.5250900425190825,0.3417589643203546,0.3550726314273963,0.31171608995836797,0.33832339658072735,-0.017372418525803235,0.3693721399013795,0.26093653071098644,0.2563856027857777,0.35328632694678186,0.25481435587235585,0.3399786437310764,0.336546182624332,0.2858399329828185,0.11412876697397956,0.34342772446079733,0.14463669309149652,0.2511524652278127,0.5234083490256668,0.17326453226405109,0.5299342607183367,0.1715944395250116,0.37050640117390693,0.3609965051524321,0.22707195784582251,0.28622478135473844,0.13429246595367422,0.2067706576140949,0.3470856672270161,0.20488121866070563,0.22749188199870185,0.20712450202086274,0.1318528551145212,0.25730343627520236,-0.00967395261270458,0.3798791118905522,-0.22918954084875753,-0.0628985525362365,0.36408055716816234,0.06853184192139779,-0.15403534356093818,-0.20496351222897385,-0.06455306707997906,-0.05837004796556495,0.22371378782873053,0.007078060347659151
0.44282120399797203,0.22526401102529414,0.062130645229562464,0.521473498739294,1.1910133438232071,0.4921686195622962,0.3062592790065989,0.187234242539856,0.24503533795985552,0.19080205495613925,0.2380880034018891,0.268751950304094,0.17671683662405632,0.30467622492803287,0.30449964010578323,0.2673219524630164,0.16142610473285496,0.2669634728802865,0.00044270251907428025,0.27548031555258085,0.19911777074425613,0.17735741631708757,0.24684155544518818,0.183740165647071,0.28059453909265697,0.31039579390145766,0.2188332768023451,0.08471979196697381,0.30468294422721937,0.1751349134682954,0.22429405706356007,0.33421722551509575,0.08790415525903125,0.40985195443584177,0.11127172988723905,0.2832322296952151,0.30504445531443897,0.16247948936894224,0.16806010324502932,0.10833544088807935,0.15469185940574023,0.25934643125450085,0.18643308203495224,0.15184193556676193,0.16491590500175377,0.03968173556916887,0.25068130874603217,-0.003442107929165396,0.6722885735328458,-0.20818394515707228,0.014623012654949611,0.11362743832219259,0.12747605687159827,-0.01780062865582158,-0.014975058886640462,-0.03282010126083611,-0.020495172258074845,0.20717033152940684,-0.12241167086053334
0.34901044658924063,0.3937744584462298,0.5010925021461792,0.38395411801071183,0.4921686195622962,0.9952025455291629,0.21368072649591136,0.2679492172075576,0.28989580851581587,0.2780330309992419,0.25272258652882684,0.2418313258938457,0.19475052841726118,0.2737447819924197,0.3186706857671759,0.2349847906453019,0.26058469975187576,0.35660827836762304,0.1776046471491182,0.32491151437072907,0.24625872212164374,0.23190901899374877,0.21905602044323344,0.2753868760892909,0.3040392841453971,0.3574467446596155,0.23098245964960115,0.23145839511160826,0.529578554952544,0.08275114091281595,0.214014306913111,0.3394352934067206,0.0387011715218157,0.39878733071364475,-0.0019977504411446733,0.3546801709221405,0.4378450013111043,0.1811719264508459,0.22428577443247433,0.028895369070273354,0.04826385154578733,0.25419251707262813,0.1746874032333229,0.189067157817678,0.32189800276709063,0.043580336032584654,0.2761547427119962,-0.02171132458219206,0.7784334866553513,0.26744866722759736,-0.27207678638291777,0.10030773277763463,-0.22419678016922875,0.04608792257607874,-0.008054418130781772,-0.06420671221382748,0.03950240128448707,0.1408454510808715,-0.10971302523286246
0.6577765463363617,0.15547606901440802,0.42404197310057884,0.41221597202419075,0.3062592790065989,0.21368072649591136,0.7535224353462676,0.175698940216244,0.37352708391872896,0.21610802202030266,0.2860501138136008,0.35373433127548715,0.17293996199036207,0.1997777528435617,0.222303003237508,0.25296544123365866,0.2118821371222372,0.288679739321834,0.2019001366223081,0.261374257048713,0.2234720308493291,0.20141651310676814,0.145058096840297,0.16032012792712277,0.22754541745428153,0.2550893926381409,0.2297614304555539,0.14430729411373416,0.18849938439505387,0.10923211473677358,0.260093955611751,0.23852676945268447,0.22880028277493944,0.1597480981007755,-0.02730899979911803,0.268604595882383,0.26979709576786676,0.1637489467452127,0.3098241027954218,0.08902724214911577,0.13208296831162786,0.21366864586105433,0.20758370436524617,0.09327962000915663,0.2689645917167074,0.21798489817743583,0.2212918670716163,-0.022475110289528144,0.440000655542949,-0.08639094774638525,-0.03396760337654621,0.24206966007941197,0.0219708458373497,-0.16581799073093675,0.1962048066300446,0.05923005321735481,0.17071560228995417,0.3207317469712752,-0.7702236030032938
0.3447246743218199,0.4058192700027898,0.6951301066227824,0.3363857699711747,0.187234242539856,0.2679492172075576,0.175698940216244,1.1646530116909188,0.09236916347735197,0.2501332527383205,0.38146178915538326,0.2826348993293989,0.207247966772892,0.29790457141401766,0.4295748109525398,0.29670011806098046,0.3638822868304433,0.41961727328552306,0.15714230311023047,0.43785872555674554,0.2086113233093677,0.11571726085804336,0.17892747597753034,0.10384705821450256,0.38592613404981174,0.3630985565665094,0.27928438950996987,0.06941295972559003,0.33191543516849564,0.13276659790630402,0.21795171856994316,0.2931677878930016,0.2272228931653326,0.3809936601732049,0.11480795843116276,0.2729769017184796,0.4359760664214262,0.2477616284775473,0.3316181828150289,0.10865281907360964,0.1448275770066779,0.32231276534782866,0.187358292864054,0.05989204255638139,0.26739343685061917,0.3097004371282824,0.3017062232218156,-0.025322680342476523,0.5632810490717857,-0.24016414486504192,-0.01718469244697508,0.4380092252142749,0.08943062323344696,-0.2915588086751311,-0.1804917110220954,-0.043660020276686154,0.04254614149003602,0.896579202923604,-0.8450705839054035
0.4196859600909207,0.0447277797575247,0.7185505654816179,0.30109110805600664,0.24503533795985552,0.28989580851581587,0.37352708391872896,0.09236916347735197,0.9409680064648173,0.2436020269346066,0.29802972802406474,0.2915512035706185,0.2147202417420596,0.25741786986087234,0.25761957316496087,0.2514049498635357,0.2809723522863511,0.3062726264342595,0.3670902777603454,0.28468731221057153,0.24389541940444007,0.1658279640394588,0.03675361325915531,0.33149591326888117,0.14923615064509946,0.3843159480910358,0.2472473425970571,0.3469197935873075,0.17898928189596597,0.00965532537602068,0.31029943531315973,0.2735924475732194,0.26453488005138476,0.08386046770235529,-0.07508234742640758,0.37755969246406446,0.3070540049517416,0.17937003683430802,0.27378057865586464,0.05623959864097536,0.17722841093670424,0.24317752499222145,0.15163878067086134,0.07868330869292903,0.3222408210499714,0.21934526219084594,0.1555491809373623,-0.03307902263746005,-0.15252385628509108,0.13970975907607092,-0.048706980814184994,0.15000088696305922,-0.07595489663773436,-0.10691623449044321,0.16915714875945737,0.09930256671359292,0.22757510310542614,-0.3032524074866664,-0.16019031547487744
0.3125375544921973,0.18841270712576225,0.5361462127095424,0.2944243404499605,0.19080205495613925,0.2780330309992419,0.21610802202030266,0.2501332527383205,0.2436020269346066,0.5067820439190318,0.2112281592860279,0.17002924961000496,0.19740817088995974,0.23031053430664739,0.26804811247220695,0.22334020610777394,0.247229125219922,0.31982312418616293,0.15714717064156616,0.25656828498179785,0.18384557593882167,0.16733188805894492,0.15735170012800956,0.22007255647969468,0.24366222147819902,0.23424304777387286,0.1994513731640869,0.1839738531900825,0.28666993492872694,0.13819349565651046,0.24281962349289077,0.24020777477445718,0.16470230062897123,0.2827439401689157,0.1430157748595914,0.28767552057824014,0.3513654270589811,0.15866233756983475,0.2323263362839201,0.08415962877851024,0.21687585967791656,0.24387502929406832,0.14289149438476167,0.10878853662338625,0.1809609664626085,0.16049794485097438,0.2712913074679461,-0.02205327197857802,0.4107184602898182,-0.0029753713575029076,-0.038858786015563154,0.08655512801249206,0.00586073018905238,-0.07526478844354473,0.12169491123956687,-0.032970133946550795,0.14228142946397915,-0.20005547811748378,-0.00588656865222295
0.3656256195327332,0.14999178086562792,0.5571148811003108,0.3229897803539936,0.2380880034018891,0.25272258652882684,0.2860501138136008,0.38146178915538326,0.29802972802406474,0.2112281592860279,0.4651799331455335,0.360512033376951,0.19747682896262064,0.26494211267912815,0.3764108718607757,0.24664834997083893,0.2796592605285382,0.2797138100749794,0.09596031197927055,0.3656212285709869,0.21392976546916662,0.11359831714106328,0.13486691987114047,0.2010458339609589,0.26397305783821856,0.3099830836644449,0.2602528515219301,0.1693582214705268,0.2635719773059954,0.0864485166141439,0.2432632618061764,0.28242164510896733,0.20161015337896787,0.24818173430174362,0.14443573350816236,0.3037829034869529,0.27207809298466135,0.2098788013140801,0.2527142297975468,0.11313587444560169,0.16716155227814705,0.27515431681780106,0.15348240010707354,0.08034632785430686,0.23003438237272306,0.19404544867862827,0.19128844211387966,-0.02550038789185363,0.2626938677430007,-0.1790142871043746,-0.0333164657992494,0.23553619389923341,0.08951787196602563,-0.11518323453096174,-0.007536730149695693,-0.013726752370183209,0.06976183120793632,0.16936916779442057,-0.26882338766638364
0.43012145620591186,0.1768996000753576,0.5394416083144079,0.3604064008157712,0.268751950304094,0.2418313258938457,0.35373433127548715,0.2826348993293989,0.2915512035706185,0.17002924961000496,0.360512033376951,0.7555455615736253,0.18015893574164846,0.2831825973958163,0.36232696306558104,0.2733527247991982,0.23855928003238325,0.2308411126813802,0.07828492088885819,0.2991496008966957,0.21119832332579527,0.11200625304145437,0.17022474932191567,0.14456107435520119,0.2880869625306397,0.3165613982801571,0.31412592619493074,0.09922967836537756,0.23048682076583146,0.05451950971953528,0.16321394404217107,0.33679121012181673,0.23363816715144933,0.227376090632731,0.05499757565202555,0.3054219866369516,0.14138965507286408,0.1741055389229241,0.25021240331805944,0.09302836235175309,0.13905131386647063,0.25806525799226754,0.13715222057301407,0.08754001764512144,0.11461791981444489,0.12421430537561759,0.18191409448182583,-0.018984674007399484,0.6912012739009348,-0.22058506189495766,-0.009933071653249826,0.25033214721708597,0.04365643385106172,-0.07783926285241541,0.0638170711179673,-0.04458621359112233,0.03655612901806176,0.3457899336387403,-0.442794207145327
0.20852122099971174,0.050885909564052756,0.3738892786296769,0.199414431484807,0.17671683662405632,0.19475052841726118,0.17293996199036207,0.207247966772892,0.2147202417420596,0.19740817088995974,0.19747682896262064,0.18015893574164846,0.39651883042877706,0.16973069573464636,0.14060432634676434,0.23473759904791738,0.1885802910956176,0.23452587089250174,0.24815575711591314,0.11473661932006035,0.13156914246288687,0.26386431663114174,0.03652123483964552,0.19787058820122802,0.15418464497129464,0.19341245448908767,0.1956063194490688,0.14108473863281473,0.2306566902110195,0.03491232635456272,0.1296467625181636,0.19316559987777696,0.13898176845259197,0.1828813392865511,0.17672165802395293,0.19657528825894835,0.1869999274529484,0.08469993560957338,0.1554681908344609,0.05345097489372602,0.118819980554062,0.17421041013155678,0.08422634446149238,0.06482591195109186,0.06043300452124201,0.09562256558919026,0.11961491595205313,-0.012644840909871606,0.16747300475622268,0.14794738657792234,-0.024538601774974786,0.006359650395461761,-0.08762408045770906,-0.05186092241108732,0.009614255186256382,-0.050438272170898094,0.05022883862090919,-0.3346978184012183,0.30009943364207053
0.41072061958161193,0.04320655639718242,0.39423507642183475,0.5250900425190825,0.30467622492803287,0.2737447819924197,0.1997777528435617,0.29790457141401766,0.25741786986087234,0.23031053430664739,0.26494211267912815,0.2831825973958163,0.16973069573464636,0.6605355354790944,0.31293531091410004,0.32307937788787744,0.28343192740044576,0.19477233321481188,0.07751229275885094,0.3327966675642582,0.23424944951415932,0.17519444379821358,0.19555485515950233,0.1589711456121509,0.2630988726116144,0.3032367282865789,0.2539401770856577,0.1821509864026392,0.2701625167717634,0.2070190789708188,0.25601742859553467,0.5596287645731498,0.1991321153663336,0.2712801995693638,0.09858202206985926,0.34509493951486725,0.267837644600057,0.20914400113486667,0.23215533702525218,0.09667886094859396,0.24888443391083964,0.3035430709131754,0.18725906591343086,0.14033644422260788,0.14795503860529252,0.08451075251016273,0.22247229152763806,-0.006235144936119587,0.672752890269333,-0.17424829829376454,-0.028421980461724953,0.15015763698358062,0.11776048682638808,-0.07618290716447111,-0.1259210575754112,-0.08386556697070802,0.026271567252000833,0.2920258164052672,-0.14502268678585942
0.3863383447025627,0.3353774443162486,0.56448660532369,0.3417589643203546,0.30449964010578323,0.3186706857671759,0.222303003237508,0.4295748109525398,0.25761957316496087,0.26804811247220695,0.3764108718607757,0.36232696306558104,0.14060432634676434,0.31293531091410004,1.207074303836962,0.19246964130291971,0.21252846291847247,0.31722417709600015,0.03839376555496539,0.5550842061111889,0.2480324436247141,-0.16081546568695043,0.1933208422635699,0.2523868480092594,0.40981491266775705,0.356763539977809,0.28193435657081334,0.2862759967184033,0.3377504587736804,0.252294327793749,0.2963916246316393,0.30752717563560417,0.24023054303169952,0.36266624106344747,0.09352865129789385,0.3901224035455476,0.3661294585556122,0.30141813024376013,0.22282420042484705,0.11420123414015802,0.28458342142611703,0.31284583438984187,0.22766235035608595,0.11838870141340764,0.20718173732292544,0.2584725484484071,0.2863846142314258,-0.034355341452565434,0.5548342836631928,-0.4972041031536883,-0.054109586037303106,0.425822934461,0.22254396586121142,-0.106516891979213,0.13391223906255895,0.0412520447593478,0.015831476943087217,0.28200073733720943,-0.4176465994519064
0.31326273307249114,0.08309665336804896,0.41028198538552846,0.3550726314273963,0.2673219524630164,0.2349847906453019,0.25296544123365866,0.29670011806098046,0.2514049498635357,0.22334020610777394,0.24664834997083893,0.2733527247991982,0.23473759904791738,0.32307937788787744,0.19246964130291971,0.8105916673836242,0.2781915835239075,0.3026729290484492,0.20505587362243025,0.22388490929096838,0.19285935031124646,0.22713596048652085,0.16848931414933452,0.22331651140635303,0.2726217133511707,0.2480296942593556,0.3121467775193286,0.17511502541703006,0.24807509355835444,0.1869309516907378,0.2261170071837685,0.3288057068012435,0.17144093899255186,0.26001423747708863,0.2532478896553076,0.299940143461774,0.29832778128776577,0.14882360771605266,0.22739855945804507,0.13319451458795747,0.2280850397174564,0.33619941773022066,0.2156909681505391,0.13037495383202988,0.16541861195026242,0.11375765036568698,0.2366723884243398,-0.011656950228005582,0.40928762674735536,-0.21095641887085065,-0.04419637363452298,0.20707047212615548,0.05049457181594869,-0.08958275272130165,0.001204151910737913,-0.05072509075312479,0.03593190382621886,-0.026304491324514814,0.02672998558780571
0.26712137742768827,-0.007753643869263133,0.5275673223312723,0.31171608995836797,0.16142610473285496,0.26058469975187576,0.2118821371222372,0.3638822868304433,0.2809723522863511,0.247229125219922,0.2796592605285382,0.23855928003238325,0.1885802910956176,0.28343192740044576,0.21252846291847247,0.2781915835239075,0.8059370902043771,0.16597993184624485,0.2917310379168059,0.45993707999548533,0.29778858971918176,0.2214387357482556,0.07948556885885238,0.18205533788348632,0.27291570901644907,0.198263504845852,0.27725465988797987,0.4608450850950331,0.304351208428163,0.20147610572596897,0.3404654170492913,0.3194631781658166,0.3353482823754467,0.2620929366743207,0.18223625318526043,0.39529631678129545,0.5576154770144038,0.2783064986643436,0.40881833695640696,0.13960454120409252,0.22769766423691906,0.40444903533123866,0.21601850929202654,0.13371057205996253,0.4743985356821665,0.15417561240567032,0.22619519897583215,-0.017837661580645182,0.4704441614940109,0.26084194880451117,-0.09667159016785694,0.13735426691950484,-0.12971278136746875,-0.11528223387145234,-0.1365654231191948,-0.0779172717702537,0.03436201283918977,0.12657598801410797,-0.14872442303105354
0.34020993846929276,0.30119210726192824,0.5796208587139143,0.33832339658072735,0.2669634728802865,0.35660827836762304,0.288679739321834,0.41961727328552306,0.3062726264342595,0.31982312418616293,0.2797138100749794,0.2308411126813802,0.23452587089250174,0.19477233321481188,0.31722417709600015,0.3026729290484492,0.16597993184624485,1.1410767037796594,0.23227728978514497,0.13199462474541737,0.23663702368571068,0.2657969262839162,0.28434858347855413,0.27079043966578775,0.3107730410437577,0.3617989253461146,0.21542231078861745,0.10905006241867234,0.4363405020638985,-0.01585387844085705,0.20402177627497878,0.2119703219096048,0.17908448728957904,0.3191360934743745,0.040669671849106415,0.3414518129920442,0.4171616906779848,0.0999550502926913,0.18177964914413228,0.07097503136848042,0.17468743392348854,0.22531000911107432,0.15479207940148806,0.02907281939255302,0.17499357772971333,0.2427685103242817,0.45489996267168437,-0.037241174510455506,0.27558234668645903,0.2046013429926596,0.06508460124359276,0.07551119607529695,-0.21191677489403032,-0.1254190281941493,0.09050396191325645,-0.041198974570289905,0.07170282034472773,0.06139134708134562,-0.1973163460116044
0.3021373713728462,-0.19860373511152069,0.736780687944231,-0.017372418525803235,0.00044270251907428025,0.1776046471491182,0.2019001366223081,0.15714230311023047,0.3670902777603454,0.15714717064156616,0.09596031197927055,0.07828492088885819,0.24815575711591314,0.07751229275885094,0.03839376555496539,0.20505587362243025,0.2917310379168059,0.23227728978514497,1.7512683351594507,0.17112406532077748,0.2131935484927543,0.1755788993204943,-0.5236935254391377,0.1950134907432355,0.03362552728822491,0.03122078981747359,0.16099157016546764,0.5184442213415951,0.1740387919205124,0.10506497602173356,0.22478927388674624,0.04355374149670794,0.36027902152105656,-0.04937069618653968,-0.14752168255518952,0.26113877505476796,0.5281199585564191,0.12558751225409895,0.47534103918120363,-0.05098648402579787,0.12811173959772576,0.11965055115210207,0.08956756658308472,-0.01712574197632423,0.3645500478034454,0.2558263870406202,0.1585765046216377,0.005319331401082746,-0.1290070964931535,1.1098950465691337,-0.08921623517085171,-0.18639220874578669,-0.5089359490894105,-0.19885721613822133,0.15375152748049467,0.0025004731316615627,0.11757158070849119,-0.1316373071422134,-0.1117569650850199
0.35341678473807947,0.3820593015355636,0.5516120401782768,0.3693721399013795,0.27548031555258085,0.32491151437072907,0.261374257048713,0.43785872555674554,0.28468731221057153,0.25656828498179785,0.3656212285709869,0.2991496008966957,0.11473661932006035,0.3327966675642582,0.5550842061111889,0.22388490929096838,0.45993707999548533,0.13199462474541737,0.17112406532077748,1.706405135427509,0.3157062458975462,-0.17667366526938186,-0.11296166545992431,0.19096827478597755,0.42590675800762495,0.35173681796665357,0.45706474834283906,0.40965001985831656,0.49158088346020645,0.5494255009555203,0.6164340625885111,0.36458816889436235,0.3899980182882224,0.5086739045821835,0.39065341175588253,0.3462552867338075,1.0845763264280615,0.8418711034091757,0.556609504608354,0.35751604484969257,0.4964863146053456,0.6413106878674004,0.4370155572925212,0.1466944897921981,0.67305598896949,0.30639846808121407,0.4186013528585978,-0.00505274984384177,1.15290476676096,-0.39337483213663704,-0.11981008001599525,0.3919617225877449,0.2214311848239923,-0.1900345657708176,0.04685470871532853,-0.013478602392669611,0.08356062356921527,0.3665064629608718,-0.4221462395694982
0.297660692063925,0.32038194787846913,0.389923066305581,0.26093653071098644,0.19911777074425613,0.24625872212164374,0.2234720308493291,0.2086113233093677,0.24389541940444007,0.18384557593882167,0.21392976546916662,0.21119832332579527,0.13156914246288687,0.23424944951415932,0.2480324436247141,0.19285935031124646,0.29778858971918176,0.23663702368571068,0.2131935484927543,0.3157062458975462,0.44490711021281804,0.2166621179856679,0.2140793938995855,0.13746766079791312,0.2311744397904112,0.19223704843919956,0.19403963940167993,0.18234849047851706,0.3375979533171552,0.2143110837770806,0.3299008515240846,0.2591632484582978,0.3123188659802614,0.20164823822887282,0.08723735324893882,0.3496519347873081,0.40026117422227564,0.20296501039395562,0.39417021842023836,0.1799592615550821,0.20327407203105566,0.2870988215817048,0.2877516464333078,0.13228380216021118,0.41630157084217495,0.12116924332822233,0.2445602219543794,-0.0063490849232745806,0.5406804043262915,0.13013767378166952,-0.0799448217209701,0.1627484932711825,-0.08800400275637996,-0.09852699541756216,-0.007149911233680966,-0.03227371384002502,-0.08986868260251935,0.28673004449178274,-0.21341588453733193
0.1466990335836462,0.018358427777177465,0.21359520567991375,0.2563856027857777,0.17735741631708757,0.23190901899374877,0.20141651310676814,0.11571726085804336,0.1658279640394588,0.16733188805894492,0.11359831714106328,0.11200625304145437,0.26386431663114174,0.17519444379821358,-0.16081546568695043,0.22713596048652085,0.2214387357482556,0.2657969262839162,0.1755788993204943,-0.17667366526938186,0.2166621179856679,1.1008957764656349,0.6483384977744292,0.11031029212447067,0.21218170276078238,0.008678638902707082,0.10751195896104834,-0.14773948812323787,0.38833808355613697,0.07874378583486302,0.18046645906599057,0.2543573980663442,0.13721439026973525,0.28568841920799154,0.18906699604407995,0.21561729040179584,0.18167317111068484,-0.020341909529729085,0.3946150050910059,0.13918229554588368,0.006542256904356419,0.15229210558198414,0.18345418973757963,0.151381645274436,0.1356758189648569,0.06339519635732888,0.17423606308175968,0.00022739129129241932,0.2856961968880362,0.3180325300436908,-0.08059554500835535,0.003184392267009875,-0.23981127211206088,-0.0747036735725343,-0.11229984958427523,-0.020963719075926104,-0.019761007991866232,-0.16186766783523648,0.1640544481062401
0.06171634354529197,0.21863697865025328,0.022695245832561873,0.35328632694678186,0.24684155544518818,0.21905602044323344,0.145058096840297,0.17892747597753034,0.03675361325915531,0.15735170012800956,0.13486691987114047,0.17022474932191567,0.03652123483964552,0.19555485515950233,0.1933208422635699,0.16848931414933452,0.07948556885885238,0.28434858347855413,-0.5236935254391377,-0.11296166545992431,0.2140793938995855,0.6483384977744292,1.9992388742478844,0.12008036745563597,0.6024305165177564,-0.07807074512483356,0.051751754341385396,-0.6719155607331613,0.4986572723024485,0.27827893403666876,0.2125134802132525,0.22871044804325893,0.13710875125060998,0.4756453102029118,0.15763530215966806,0.41178323253802873,0.2287810859584449,-0.0024361811194666843,0.48774628580106427,0.30860969049478465,-0.051835980444786246,0.22358046025574715,0.16559442170985064,0.30969060620250843,0.051618434652541574,0.15132350159587787,0.27835433353421657,-0.012369354953070115,0.42517109027907585,-0.2149904732018468,-0.12766276641657975,0.4202549579495274,0.010581572704543712,-0.07701654684605913,-0.18654037704190166,0.02290941182123804,-0.075704522629009,0.105381249116375,-0.035268830566577154
0.06090544888787408,-0.0012923782089966872,0.40491737947027145,0.25481435587235585,0.183740165647071,0.2753868760892909,0.16032012792712277,0.10384705821450256,0.33149591326888117,0.22007255647969468,0.2010458339609589,0.14456107435520119,0.19787058820122802,0.1589711456121509,0.2523868480092594,0.22331651140635303,0.18205533788348632,0.27079043966578775,0.1950134907432355,0.19096827478597755,0.13746766079791312,0.11031029212447067,0.12008036745563597,0.9377145349964741,0.19439341106779776,0.24091215310809933,0.1625682815909611,0.22200280259790972,0.2386240462832441,0.0550434336265455,0.10517242526218831,0.15688994226976946,0.13149400826506147,0.1157281120952247,0.169078960115834,0.31957112827692596,0.18457868245225126,0.11833925522072641,0.06428383081460107,0.04968005777278852,0.16404961198579646,0.20543602738305117,0.04299731625900788,0.08813339892644247,0.029904162018881318,0.07467608761458266,0.07983014882103036,-0.023356899625768774,-0.31058639179579417,0.023223321861360873,-0.08239265646556344,0.1223202970904504,-0.03678837936181857,-0.04140762889085139,0.1494482807308796,0.048400591157651905,0.0719982672753116,-1.3420038708621613,1.1550560178015916
0.29146624533914345,0.3292413397174686,0.3868527279809508,0.3399786437310764,0.28059453909265697,0.3040392841453971,0.22754541745428153,0.38592613404981174,0.14923615064509946,0.24366222147819902,0.26397305783821856,0.2880869625306397,0.15418464497129464,0.2630988726116144,0.40981491266775705,0.2726217133511707,0.27291570901644907,0.3107730410437577,0.03362552728822491,0.42590675800762495,0.2311744397904112,0.21218170276078238,0.6024305165177564,0.19439341106779776,1.3359652374242954,0.15472202066233817,0.24461683793294042,-0.038946167660089175,0.5482409358263364,0.4343240666308811,0.24366441299420785,0.3248593050562725,0.24138847310206818,0.542944487469057,0.3646877596986965,0.3624794100194651,0.555733266069653,0.2768002001089897,0.4139439847292987,0.22978083453242024,0.19262797957806616,0.3757005008561897,0.2823242556389279,0.18944446247418123,0.3083070688756906,0.2312942570081734,0.38894908139414297,-0.04218029161207514,0.8575134639176872,-0.4681777632294165,-0.04449421717230206,0.3833231835926004,0.15248307080131304,-0.13517584638172378,-0.027357656384105564,-0.021471215127719545,0.1083755141767874,0.15791684601528405,-0.2756185961746882
0.3795873906095711,0.3055264734472271,0.5008257888564263,0.336546182624332,0.31039579390145766,0.3574467446596155,0.2550893926381409,0.3630985565665094,0.3843159480910358,0.23424304777387286,0.3099830836644449,0.3165613982801571,0.19341245448908767,0.3032367282865789,0.356763539977809,0.2480296942593556,0.198263504845852,0.3617989253461146,0.03122078981747359,0.35173681796665357,0.19223704843919956,0.008678638902707082,-0.07807074512483356,0.24091215310809933,0.15472202066233817,1.470193409931293,0.2544926284196579,0.257393674638443,0.05780270055459129,-0.18532035956866832,0.15637600560321357,0.33642360529653637,0.19302255910643168,0.22251305321589604,0.27348830232407373,0.19921532536783357,-0.04398163409858767,0.2035564656277386,-0.33134181706924426,0.08030821542871704,0.26993331437622425,0.3727613984398851,0.24004445939195718,0.004500090718719334,0.1248935926465504,0.039584175378309286,0.07735889965493332,-0.004568078840214081,0.516536432900661,-0.02462949143686547,-0.03477998569492449,0.10752308738753322,-0.10431347327569629,-0.012289754772443973,0.05733995236006186,-0.045263597890393546,0.1476645097339553,0.1952694702586353,-0.3017243470399307
0.30636468667430466,0.1438836771906255,0.4327741525126239,0.2858399329828185,0.2188332768023451,0.23098245964960115,0.2297614304555539,0.27928438950996987,0.2472473425970571,0.1994513731640869,0.2602528515219301,0.31412592619493074,0.1956063194490688,0.2539401770856577,0.28193435657081334,0.3121467775193286,0.27725465988797987,0.21542231078861745,0.16099157016546764,0.45706474834283906,0.19403963940167993,0.10751195896104834,0.051751754341385396,0.1625682815909611,0.24461683793294042,0.2544926284196579,0.5914907200124604,0.24170055231070042,0.20238471607988634,0.18550573922676272,0.2620069964057659,0.3594783665796305,0.29305989955494116,0.24839762676718333,0.1828349994667178,0.32498202084278427,0.36334572359552764,0.25466950457412096,0.2355124323081572,0.10987827985185356,0.23617517265999285,0.32207143581565745,0.26152875498593653,0.09853695991384584,0.21264391693422116,0.11935134975466295,0.2040064161261808,-0.010902859393036406,0.5625562427509948,-0.1423677227642069,-0.045309627102899236,0.23724735996747257,0.02110533405877052,-0.09500342064733801,0.04664784705513609,-0.03205998369242513,0.06124244726095804,0.06347164462506118,-0.12954599782135934
0.29290269699725563,-0.011243228111141446,0.5002489067910819,0.11412876697397956,0.08471979196697381,0.23145839511160826,0.14430729411373416,0.06941295972559003,0.3469197935873075,0.1839738531900825,0.1693582214705268,0.09922967836537756,0.14108473863281473,0.1821509864026392,0.2862759967184033,0.17511502541703006,0.4608450850950331,0.10905006241867234,0.5184442213415951,0.40965001985831656,0.18234849047851706,-0.14773948812323787,-0.6719155607331613,0.22200280259790972,-0.038946167660089175,0.257393674638443,0.24170055231070042,2.005789198080735,-0.07882449915551347,0.021005874134975355,0.3217510508746096,0.18921714257687566,0.4029607511444504,-0.13329118233947063,-0.4257034988823054,0.4646037013839112,0.36681486830754734,0.23842211699272298,0.08882480307137082,-0.16083668475625829,0.44879395698332397,0.08591881871520717,0.2685557275971796,0.20288716096520415,0.2628402882712765,-0.07540636775463874,0.005199809115806368,0.012813082895321546,0.221555662859728,0.09430422263503789,-0.0355153217889504,0.11930088793801294,-0.21072814356259362,-0.0052381652581654494,0.28579627127748713,-0.024203435760155087,0.12833840071531408,-0.25652864855206925,0.2024713630852576
0.20018121045522622,0.5416761827600003,0.4624268819374292,0.34342772446079733,0.30468294422721937,0.529578554952544,0.18849938439505387,0.33191543516849564,0.17898928189596597,0.28666993492872694,0.2635719773059954,0.23048682076583146,0.2306566902110195,0.2701625167717634,0.3377504587736804,0.24807509355835444,0.304351208428163,0.4363405020638985,0.1740387919205124,0.49158088346020645,0.3375979533171552,0.38833808355613697,0.4986572723024485,0.2386240462832441,0.5482409358263364,0.05780270055459129,0.20238471607988634,-0.07882449915551347,2.0858946901364592,0.3042760988817075,0.1716193700484183,0.30302237815349886,0.08740948623774572,0.6533258851536496,0.25275610336961707,0.543168073970875,0.614537897247042,0.23016011739639747,0.4282671707606226,0.20532946054086815,0.2541092388406875,0.3552062513635684,0.1273554357264146,0.016173066264394697,0.4157364625266533,0.30325806343793626,0.34547305385674987,-0.10015563238179498,0.8770232017125276,0.516342363773536,-0.28126987239670426,0.0021009769242437337,-0.27594357049267354,0.021713786801138973,-0.11968764756558055,-0.09702215962461488,-0.30211354418086034,0.16820438671931207,0.2936811494548094
0.27386577769522835,0.15974228106872124,-0.11140665775875444,0.14463669309149652,0.1751349134682954,0.08275114091281595,0.10923211473677358,0.13276659790630402,0.00965532537602068,0.13819349565651046,0.0864485166141439,0.05451950971953528,0.03491232635456272,0.2070190789708188,0.252294327793749,0.1869309516907378,0.20147610572596897,-0.01585387844085705,0.10506497602173356,0.5494255009555203,0.2143110837770806,0.07874378583486302,0.27827893403666876,0.0550434336265455,0.4343240666308811,-0.18532035956866832,0.18550573922676272,0.021005874134975355,0.3042760988817075,2.402176928395796,0.4185494837779988,0.15029664226480405,0.4498884828392558,0.11758839455014912,0.7290567874754003,0.37888917931735755,0.728186344425285,0.34227439447901253,0.6210190948709251,0.24087294075986992,0.6133961757237729,0.380007725428205,0.7033841545765462,0.29104926478563214,0.19781238832722609,0.021906530381602805,0.9957138602248444,0.006516426953943971,1.801046270445196,-0.4169530693880362,-0.06114782714050617,-0.2199176836745155,0.4793354025509497,-0.0020333649404553093,0.21473073323726022,-0.09085664515520848,-0.07713257646904945,0.8490368341044077,-0.8200969443182159
0.4022461762774241,0.19758635355419732,0.43737621681363575,0.2511524652278127,0.22429405706356007,0.214014306913111,0.260093955611751,0.21795171856994316,0.31029943531315973,0.24281962349289077,0.2432632618061764,0.16321394404217107,0.1296467625181636,0.25601742859553467,0.2963916246316393,0.2261170071837685,0.3404654170492913,0.20402177627497878,0.22478927388674624,0.6164340625885111,0.3299008515240846,0.18046645906599057,0.2125134802132525,0.10517242526218831,0.24366441299420785,0.15637600560321357,0.2620069964057659,0.3217510508746096,0.1716193700484183,0.4185494837779988,1.3783775869701669,0.2675765102087151,0.2895389575174113,0.23853482362577116,0.35915373718412164,0.6842351117676825,0.7189912892051572,0.40153260426234744,0.5045686619282954,0.25616141314290625,0.42381889453130533,0.40309561199151095,0.13253928245880797,0.1747207519310489,0.4945018905276055,0.26935821863791365,0.3511225514069547,-0.021809825743142313,0.7490346290397107,-0.0209515293945483,-0.10436966217760568,0.1868991046439945,0.0884922655519098,-0.18673224126958649,0.12448380234800618,0.07453011960503965,0.4443283164449725,0.0069496367839295345,-0.6016954420073458
0.35206436187691365,0.13184087583735085,0.39164036792192397,0.5234083490256668,0.33421722551509575,0.3394352934067206,0.23852676945268447,0.2931677878930016,0.2735924475732194,0.24020777477445718,0.28242164510896733,0.33679121012181673,0.19316559987777696,0.5596287645731498,0.30752717563560417,0.3288057068012435,0.3194631781658166,0.2119703219096048,0.04355374149670794,0.36458816889436235,0.2591632484582978,0.2543573980663442,0.22871044804325893,0.15688994226976946,0.3248593050562725,0.33642360529653637,0.3594783665796305,0.18921714257687566,0.30302237815349886,0.15029664226480405,0.2675765102087151,1.1114141330579557,0.1834261027908374,0.4210545940966819,0.01953126180679306,0.38062295172480515,0.2432674721018573,0.23865777066268382,0.23796372640997246,0.06217012789719329,0.3141694638625202,0.3670883503263021,0.17601621839179815,0.13545139526169792,0.1114655618148543,0.0032800621603613837,0.21835498105840268,0.005353083515532531,1.0311642259237197,-0.15008496705338967,-0.02062369733139553,0.43072371992830116,-0.17981087511522348,-0.06316921742232408,-0.17860065014861878,-0.0812057805904909,0.05707488883962649,0.15559541432954502,-0.040840624706775006
0.3936330033528966,0.15157232658492767,0.4530501479133052,0.17326453226405109,0.08790415525903125,0.0387011715218157,0.22880028277493944,0.2272228931653326,0.26453488005138476,0.16470230062897123,0.20161015337896787,0.23363816715144933,0.13898176845259197,0.1991321153663336,0.24023054303169952,0.17144093899255186,0.3353482823754467,0.17908448728957904,0.36027902152105656,0.3899980182882224,0.3123188659802614,0.13721439026973525,0.13710875125060998,0.13149400826506147,0.24138847310206818,0.19302255910643168,0.29305989955494116,0.4029607511444504,0.08740948623774572,0.4498884828392558,0.2895389575174113,0.1834261027908374,1.5850855697406685,-0.0919577379597221,-0.004787990372409716,0.1782563690236151,0.5383818344905462,0.30349558056693504,0.24394878313779927,0.07337853450777523,-0.1697976510494525,0.3958070377742383,0.42464088105183356,0.15583012346242103,0.18543612616944025,0.09252124312104593,0.37418909862330885,-0.023472482701352257,0.7953110965426876,0.1600956134098052,-0.134679322694108,0.35449709633053644,-0.14741076688571264,-0.20170578201045467,0.21484229261960844,-0.18839823685801865,0.08579950727348226,0.29231073447444705,-0.37495342579989327
-0.1924741136970738,0.21065827612846877,0.264624734900311,0.5299342607183367,0.40985195443584177,0.39878733071364475,0.1597480981007755,0.3809936601732049,0.08386046770235529,0.2827439401689157,0.24818173430174362,0.227376090632731,0.1828813392865511,0.2712801995693638,0.36266624106344747,0.26001423747708863,0.2620929366743207,0.3191360934743745,-0.04937069618653968,0.5086739045821835,0.20164823822887282,0.28568841920799154,0.4756453102029118,0.1157281120952247,0.542944487469057,0.22251305321589604,0.24839762676718333,-0.13329118233947063,0.6533258851536496,0.11758839455014912,0.23853482362577116,0.4210545940966819,-0.0919577379597221,1.5836071117839021,0.589645670022545,0.25495836005093414,0.769575024361142,0.28738017078429096,0.21290695312130112,0.11701666125733153,0.2801558495925709,0.4368593934522929,0.1793246738545469,0.20606097324515082,0.18262941618799228,0.08326832576118397,0.3497888103347308,0.00823568566601953,1.2294724373776076,-0.352585208390878,-0.06935726186342442,0.2804012852529823,0.08904900776747166,-0.07682079623073242,-0.2557346370421901,-0.0012220886206816643,-0.3149380282834825,0.06126584225026286,0.4252282083134016
