1.8131277376191768,0.5341249512588769,1.3663823047956254,0.03315529990715208,0.33382257182158415,0.31020467411220826,0.37905587649046585,0.2507910215254229,0.29580335474878483,0.28285564421491766,0.32921491069665676,0.43868762425111296,0.18234085220175408,0.31559785856663214,0.2646677602013592,0.345425260586487,0.2366748832832757,0.39801913705139624,0.21812484954554434,0.21283820886212343,0.34517379472634596,0.3492573821271785,0.24704626913969485,-0.044941218351937574,0.3346124723077037,0.1976518001301746,0.3275201295241072,0.1375926001956012,0.2535164458810026,0.06055381212388684,0.03589738908389837,0.13956713956090422,0.16429038950753586,-0.28501589504596136,0.48546084532563716,0.0326565262965595,-0.000556954953037474,0.3619135795955918,0.23476847267812076,0.23206977371772688,0.25711477875317834,0.2994834803994855,0.7054822098635746,0.06607286213410447,0.8840897357354022,0.3672116796765688,0.3146307532897355,0.0017457677490435274,0.10208668974981744,-0.136641268529661,0.02489860152297294,-0.3844213552173997,0.5284051352272483,0.010197801771806474,0.25376931881246256,-0.08782340830485806,0.4342174870635069,2.082724223311316,-2.8271374567986465
0.5341249512588769,2.00826684953272,1.0880382475390815,0.10536892846253627,0.11802623498959562,0.3530112631829403,0.2854828801895095,0.2757018099235576,0.27431386111765116,0.2946871148171751,0.28644480031429775,0.30316925248995846,0.20300476875377435,0.22795687188995697,0.28377677801204687,0.23584522067077598,0.2904571874548448,0.41534480815782465,0.20134100451313627,0.2947661391915781,0.30871453395153864,0.2605131317902684,0.11634714255351597,0.13319083698073986,0.2635079439440404,0.2676916931808192,0.3148200692940538,0.2862013218540445,0.3682286519066584,-0.045786492394250165,0.23687200846268658,0.23450099201591273,0.13716837074109817,0.19645595506864927,0.38386271276576467,0.2465248653905488,0.12148233290468578,0.31957206184356596,0.16239857383478826,0.1077767593522567,0.29603798838897594,0.2735358086222854,0.4299287846565265,0.0458901078951929,0.6413210122080415,0.24975459985647763,0.19365059747106664,0.010806202366634047,-0.1980216173610088,-0.1534886034939464,0.05002458634794086,0.10576216759810449,-0.03386697884577867,-0.031494815039633126,-0.19202462707624376,-0.1140033850617075,-0.46804774462982446,0.9769625484147754,-0.554414481445193
1.3663823047956254,1.0880382475390815,2.97669926507178,0.3260500528169032,0.15213828070044105,0.5178919977016061,0.4245743309043458,0.5526303596215065,0.5692950948446508,0.6156711579098214,0.5124854569646343,0.5446907083660188,0.30973101213374826,0.41361053042335816,0.46399621718092593,0.4068575067085982,0.4214260299969993,0.4775144654956916,0.34486659588178126,0.3512197104988603,0.45734687684605935,0.5116644679993273,0.31651974374573105,0.12943274517996076,0.4777250661804067,0.4942311492930061,0.4592864110917536,0.30526379068582715,0.6486067510357475,-0.2837426189222763,0.20336941400654807,0.34071108520858134,0.2410944021941772,0.13644916303309068,0.5321138899860491,0.6174697433015853,0.27664902320654783,0.4512780087426996,0.20378387145463006,0.029733160180410632,0.4032844629050174,0.4162879920433182,0.37662951939831535,0.17039554536975265,0.6471874457395947,0.6129320661599801,0.1847297896205901,0.0010029755301566587,-0.1698920255824514,-0.16475264498622366,0.07482108218127946,0.03420608517268513,0.24461778428563988,-0.05940205933902138,-0.08692256852831767,0.1575490519581705,0.14795832868084116,0.4001403613414923,-1.002849764758291
0.03315529990715208,0.10536892846253627,0.3260500528169032,1.639362163628046,0.1463291152814292,0.2990906748588616,0.3121401186955911,0.3384128638599655,0.16704871457375609,0.2820434694224087,0.2750345647757152,0.41143542930643445,0.19421574716785914,0.33849583065557076,0.2006420942314892,0.3294676594641974,0.2910443300684042,0.2657956380552422,0.16611516432488815,0.23753907824334203,0.21406952673220264,0.26447779087584217,0.2554190728229398,0.3189513822285573,0.2572569113617594,0.3223251937952108,0.2526749074347243,0.09838998332311426,0.2910340369177,0.1297611390634582,0.26615728917136805,0.34810187812385457,0.240274664504637,0.357671867614437,-0.10464842904540356,0.2819563012776826,0.2948837683583507,0.3519705846352259,0.2420261313637562,0.026952767457288945,0.20788234776058076,0.19781213662948022,0.28539068351195485,0.1901397933808385,0.21235067860751597,0.29186412788156124,0.22281656868995064,0.021370140381619385,0.020147551653356348,0.1355370051509631,-0.0664918377283489,0.21403569263651667,-0.08627154276267714,-0.14850828820870646,-0.06053689762686739,-0.005664862665083288,-0.06590238472929612,0.29756460276812385,-0.3253357718810826
0.33382257182158415,0.11802623498959562,0.15213828070044105,0.1463291152814292,1.2407850139946708,0.2560938982668699,0.1971967821751861,0.2751317952770483,0.137954149998735,0.12893031630593998,0.21260719019135985,0.27020945149770226,0.19413216318304805,0.2353008682967469,0.21153628646656056,0.281330309990359,0.17881531973084808,0.17838827370104046,0.4412371724913844,0.17490454744579045,0.17846375244508159,0.23052565503867445,0.13470963585064885,0.16053586108910434,0.16604184991148838,0.10194530043737347,0.13234413883187796,-0.14048556710110227,0.1772328931596295,0.0936065913847409,0.11676861171526827,0.13046249449251138,0.21698381496258995,0.2432143803276076,-0.14108541604562552,0.16932042917774662,0.23520014414510998,0.12182918925441136,0.27615938444197885,0.08059058926634897,0.147746224841341,0.1736542776863289,0.1744714672070088,0.021601302842714238,0.05090440294187538,0.21964809758691264,0.1903378616988891,0.01702935111236859,0.2922869527756764,0.3866323890825894,-0.04875809980013354,-0.5898347258655867,0.4915731681947845,-0.1136445005176864,0.1420793160294752,-0.18325130273812898,0.14000049516092317,0.5420260116238245,-0.5895601073281265
0.31020467411220826,0.3530112631829403,0.5178919977016061,0.2990906748588616,0.2560938982668699,0.8269520569462802,0.23782711498619755,0.2719612002881777,0.2597781316862258,0.2547664753294011,0.2771135447412891,0.31778974065088617,0.22108122714898645,0.26412120897459856,0.2833853641163429,0.297680220453389,0.34875735369592376,0.25108433875632863,0.40329503315131127,0.33113246456539447,0.2999250117724714,0.3115665080155153,0.17918706531242104,0.24736737169641404,0.2511834599965771,0.22608161006502542,0.250240271062912,0.20788504903012478,0.3256543194955198,0.11212416586804323,0.21082288370836708,0.2627965135716587,0.18396449476177665,0.2654404527825102,0.19273075196893247,0.21820568115411476,0.2891135327663416,0.3029548339423725,0.2874265706989057,0.13515855530209306,0.3010674690943214,0.25954507881091804,0.3425265444962847,0.06465463133928133,0.33119147027011836,0.24237873029035395,0.2625428292103333,0.018004870595240235,0.2378062393160159,0.19772586292182032,-0.1766951174898882,-0.04612369656968085,-0.0716617320735542,-0.033622552451536,0.09598375110208972,-0.07346196053755161,0.01895234396807958,0.337271604893003,-0.45045034767234543
0.37905587649046585,0.2854828801895095,0.4245743309043458,0.3121401186955911,0.1971967821751861,0.23782711498619755,0.6234797413840497,0.2682056410804561,0.27553211384844467,0.1776723526784488,0.2885131654354286,0.3792220388946528,0.16825745103039622,0.24306767280070207,0.13896032707826703,0.24313877721127902,0.2801392485310359,0.3024639287834137,0.14110995452230626,0.21085605873320742,0.2664543316808817,0.2760971713065534,0.26418662747119565,0.2020109448583648,0.25289798707787303,0.27343996970806633,0.2553767485517452,0.12810899307416926,0.2802376158861658,0.14427803955649965,0.1781855339562946,0.20537942740737267,0.19152490439465003,0.23119369749095678,0.23581014769102046,0.18217030790411626,0.16837844422435405,0.25478265136925443,0.26864550893816025,0.15157462492776153,0.22133099964874048,0.2378941298789589,0.3833451120028759,0.0710719379830466,0.40684867189819596,0.22853694425904836,0.2370723307369394,0.013561080314571759,0.13912907005791708,-0.046439663938246695,-0.03520914630687437,-0.18107999354314172,0.2192371730347401,-0.07409324481000444,0.03315172841323279,-0.022625081903702066,0.012695291338029885,0.6367227375034009,-0.7693637336386809
0.2507910215254229,0.2757018099235576,0.5526303596215065,0.3384128638599655,0.2751317952770483,0.2719612002881777,0.2682056410804561,0.9495354178873159,0.17720619733343212,0.2606843441110482,0.3336527851747409,0.08381933692253174,0.2337172028756475,0.2321984165845883,0.1633838070603935,0.21746576664299452,0.28562006249069244,0.37017941907388907,0.20745969040992293,0.31659033271109654,0.257968777988515,0.21668959784597397,0.2864084328737096,0.20546349923810445,0.30424905054155144,0.47099932107845155,0.2759442188010984,0.09124105210630463,0.37152087505827325,0.22316908690997264,0.18538717446730898,0.2092341069779354,0.09602652703663547,0.36521434325019536,0.2858569588965405,0.11833276166670374,0.2620694627271544,0.279673522976216,0.268576354473542,0.18914496347163173,0.2578871560623912,0.2300050405104233,0.5556491627773251,0.07100874585983698,0.558038060778264,0.2890764879518126,0.37842964818920244,0.021881171435239204,0.08248809659091828,0.0021023928274217897,0.01127527128064095,-0.1847446616741085,0.18651789603399122,-0.08545540687396656,-0.016703984328054176,-0.031587702670888194,0.08428192350369951,1.0124150381122854,-1.1273343224163441
0.29580335474878483,0.27431386111765116,0.5692950948446508,0.16704871457375609,0.137954149998735,0.2597781316862258,0.27553211384844467,0.17720619733343212,0.7542871563784603,0.15677678422836802,0.2427394832955026,0.2170522970693177,0.14379542489933414,0.30989563516106805,0.1035890765579526,0.16767165368165646,0.21986302021408888,0.20587096858677062,0.15846308641616164,0.20717222072227506,0.22390428614098803,0.41992011829134845,0.284149050264358,0.2503919570317548,0.19698607055947565,0.3184467862594336,0.21051695173745835,0.22105387215543368,0.22299644632440124,0.11099911591833284,0.17474077212413366,0.2692124152978232,0.2888938450927097,0.1374876983370868,0.22447144984850392,0.2702993763986355,0.19096134267353435,0.2713031837778409,0.20874184804134682,0.09386546467416429,0.2395483366051044,0.21075180045661476,0.1970222028394464,0.07543853079066984,0.16371448996881224,0.2884384090782815,0.18659311864678277,-0.003122632281306058,0.2746189461546233,0.024476146048157194,-0.03149967531883277,-0.03237131467949276,0.12274072534479151,-0.08755080740237575,0.020919568131998887,0.06359926613569986,0.12140668512681554,-0.013886135330119133,-0.30301010278349017
0.28285564421491766,0.2946871148171751,0.6156711579098214,0.2820434694224087,0.12893031630593998,0.2547664753294011,0.1776723526784488,0.2606843441110482,0.15677678422836802,0.6939196082376621,0.19690915736004463,0.2574602436580853,0.1941611313467414,0.17878737190782903,0.2972932722729464,0.20637411713878678,0.2987518421521841,0.24035807164096812,0.1592778893735127,0.19764679039143662,0.1334788508783149,0.19092203897181537,0.17280083145857558,0.10379260664369609,0.2388876710724702,0.14305602171043066,0.23379566513924316,0.11987567255032786,0.3260270601854064,0.037832243520247416,0.1392540119198545,0.17705606145103805,0.043841975469488426,0.2544354673878954,0.20843990847028418,0.18536064803284236,0.16400721361772763,0.16370555951181434,0.19861411442648386,0.08461308371915122,0.22471297363919257,0.13693434362298154,0.2640777693291377,0.08883246609180973,0.2472860994739753,0.173433568978325,0.17230589618257047,0.005648807536733888,0.10536968337691614,-0.028304014345595332,-0.024366858383610922,-0.047748562789717716,0.034149140476396986,0.03736535969897,0.06827696008642624,0.11727610494859039,-0.03265346818814005,0.15440739811567372,-0.3341378976164466
0.32921491069665676,0.28644480031429775,0.5124854569646343,0.2750345647757152,0.21260719019135985,0.2771135447412891,0.2885131654354286,0.3336527851747409,0.2427394832955026,0.19690915736004463,0.5049493661563652,0.3381458401056282,0.21468545057785995,0.29036349983555604,0.2345954829148524,0.28208241999106853,0.30738838270893354,0.26637685789030574,0.15550587757726114,0.3103343529785773,0.26529320464352774,0.27035780434532775,0.2745802022890384,0.2285891413183246,0.2874322764458105,0.3182218437238863,0.2786470554685636,0.17947411332193078,0.3512507586070186,0.15068696544847315,0.17130836095250349,0.23939551877420256,0.19994495503580534,0.24827563083403253,0.3528713982760533,0.2039363592473108,0.20919063958227022,0.268069255361931,0.2665278968117687,0.1709034082393543,0.25077031552499207,0.25044291940802904,0.3891201423331516,0.045839230284272364,0.44385585912406184,0.27445494871786463,0.25849263937285305,0.015793194908293888,0.0816588377774546,-0.02797936451284631,-0.04591058646925943,-0.14599792388052735,0.26343299743455034,-0.05426766697584542,0.04873124281767232,-0.015194201611009258,0.05758907168724798,0.48744883009469825,-0.6963107514649207
0.43868762425111296,0.30316925248995846,0.5446907083660188,0.41143542930643445,0.27020945149770226,0.31778974065088617,0.3792220388946528,0.08381933692253174,0.2170522970693177,0.2574602436580853,0.3381458401056282,0.8908377700670396,0.14051028433874813,0.3508501375127667,0.31996849363518004,0.37285847839924413,0.3120626508460691,0.28241770929293813,0.18359857578091404,0.2683794267054527,0.291348387025708,0.3115493502732745,0.2571192487007188,0.18980914367062332,0.3647610966087813,0.31151821542299024,0.34623323941852263,0.09270893937899725,0.3712897694268936,0.11414408767430355,0.15906499526193835,0.26300355592494384,0.20534760148642803,0.23951544346096554,0.33135114305602736,0.30183762823467997,0.1727215369725503,0.29629135532944395,0.3034268020623333,0.14296517268132092,0.2206246591543583,0.270925590108166,0.3759623996621646,0.047307459991644915,0.524544785567958,0.2652809093613983,0.24304030516705244,0.020255282338888625,0.1927536462342402,-0.07127454689929734,-0.04885059808408689,-0.20007605210271184,0.4257394131923933,-0.08271947289061714,0.15873871068584566,0.04295299661744627,-0.04972677729461855,0.4516031575626746,-0.8499827397976158
0.18234085220175408,0.20300476875377435,0.30973101213374826,0.19421574716785914,0.19413216318304805,0.22108122714898645,0.16825745103039622,0.2337172028756475,0.14379542489933414,0.1941611313467414,0.21468545057785995,0.14051028433874813,0.4540800500590479,0.15246508253255942,0.11213330388526381,0.2136483410017995,0.1816753184499207,0.2325270187875703,0.18343637588823383,0.15402920156272315,0.16083429589536893,0.19186164227679248,0.24780537362060295,0.18196657341420072,0.1772676041608922,0.18633797234570956,0.2203973595635796,0.19060927944755893,0.2565281337730432,0.11809746873245902,0.1284881691286114,0.15204549156507188,0.2070799200304261,0.17863447704380997,0.18460818207045795,0.150133781739881,0.21481455853401837,0.1475001695365845,0.19300352074785573,0.10412344418404013,0.22776755130402776,0.15770529919029264,0.25847451495641116,0.038040844065434634,0.2682367171451955,0.20553692891397768,0.19727992040119421,0.01327242799781392,0.07955058354439075,0.14484992530669138,-0.004510103414242207,-0.09138453918331575,-0.015415358653909502,-0.06194393363528983,0.1001602989543571,-0.10125337984609484,0.03530521450681729,0.21138751862352426,-0.29031767649636164
0.31559785856663214,0.22795687188995697,0.41361053042335816,0.33849583065557076,0.2353008682967469,0.26412120897459856,0.24306767280070207,0.2321984165845883,0.30989563516106805,0.17878737190782903,0.29036349983555604,0.3508501375127667,0.15246508253255942,0.6524157223953778,0.22770415672909158,0.4097764045663012,0.2823673383967632,0.20475482513067678,0.1743557898436329,0.336904553385454,0.2748242807867906,0.3728388651361011,0.28947216607037857,0.33759879378398844,0.28491724412245456,0.28284026691337427,0.2871061402989374,0.2744729194213677,0.28367860986307986,0.1941002096998389,0.18441163272008304,0.5323038143391099,0.2480611699577463,0.23322650018729754,0.36987701550030094,0.2406892164451586,0.11563070711852505,0.3860824511595858,0.2753943074989099,0.18707527618619418,0.3625256564132421,0.27159765354434345,0.3652967610856458,0.10021302194290818,0.35897358649060773,0.26414951915794266,0.26033192583767106,0.016491157659739207,0.3482523438365096,0.1316680620723959,-0.08850239411673894,-0.047837453973618826,0.13945244327135273,0.018026173333253525,-0.039096183862619385,0.00446767356351231,0.11771737501737009,0.4785507262879732,-0.7267816111572831
0.2646677602013592,0.28377677801204687,0.46399621718092593,0.2006420942314892,0.21153628646656056,0.2833853641163429,0.13896032707826703,0.1633838070603935,0.1035890765579526,0.2972932722729464,0.2345954829148524,0.31996849363518004,0.11213330388526381,0.22770415672909158,0.9127861549027898,0.27238421411205754,0.2986155213663152,0.20112736862588348,0.2349912691067919,0.2923577531889468,0.19738775065353867,0.21698515104819963,0.17308528671300522,0.23649969007578034,0.32783666264638667,0.17031791698674667,0.21795746646951283,0.2865311447208065,0.3427351007947458,0.22569833129457273,0.19438288848896634,0.20677961176142468,0.2055459132276656,0.20977974902324628,0.36168602290856294,0.16566035280621597,0.35166904327844883,0.24293635352699813,0.178832269493212,0.09655249852703804,0.3211737768369221,0.21175933092291332,0.31802309358784314,0.06031131629979485,0.2840338582431985,0.2503587356922737,0.23814076974447865,0.01987481727658582,0.1323230520316779,-0.11365795093054835,-0.08868238268169631,0.23081625496274455,0.07182410550951711,0.02737825367409756,0.1613266040249523,0.08301012243871952,-0.07267968531722127,0.09165664522543464,-0.2947652197841813
0.345425260586487,0.23584522067077598,0.4068575067085982,0.3294676594641974,0.281330309990359,0.297680220453389,0.24313877721127902,0.21746576664299452,0.16767165368165646,0.20637411713878678,0.28208241999106853,0.37285847839924413,0.2136483410017995,0.4097764045663012,0.27238421411205754,0.8523859011057822,0.2864885309181028,0.23527510652138922,0.2483418121492166,0.27183076982829324,0.32617368757969584,0.47959425306944803,0.15763786006405492,0.23430367302746066,0.3310790235948768,0.2546383024336144,0.35050973782440675,0.32873160743641544,0.3609557840353142,0.14751071860940032,0.19991015720645391,0.32118706227845817,0.2236712918288192,0.20924124424565194,0.5901074468519723,0.21360549630862366,0.20967531642131845,0.3759191481648427,0.2615149576474057,0.22749047641306333,0.31665539394652564,0.33404350183734366,0.515467082837099,0.08011756749403501,0.4706362988824025,0.27517472310891766,0.25925052848779706,-0.0013781345780775037,0.22943615554642616,-0.100915647699557,-0.08516875554661399,0.12795290826496805,0.23217471472770093,-0.052620533209083165,0.2307362571648549,-0.019405592294876133,-0.0450422253155303,0.4979204536638928,-0.7669006732644361
0.2366748832832757,0.2904571874548448,0.4214260299969993,0.2910443300684042,0.17881531973084808,0.34875735369592376,0.2801392485310359,0.28562006249069244,0.21986302021408888,0.2987518421521841,0.30738838270893354,0.3120626508460691,0.1816753184499207,0.2823673383967632,0.2986155213663152,0.2864885309181028,0.807001229210806,0.3069532027218339,0.21687398510401062,0.38957074423814536,0.2351593170629033,0.2923271327577959,0.3008675569680043,0.26350509973930164,0.296857647012434,0.09885812824733756,0.2890470841309662,0.3457865834769205,0.35520996544047023,0.1349569719929065,0.2488684311232678,0.25290450457482233,0.32086981744857845,0.26515080385903456,0.37299949776324814,0.14120339048865532,0.3321503096406176,0.2951122849548836,0.3992998852170671,0.19161573794428371,0.3502246722021941,0.23026303136119133,0.4693902120286074,0.07387828157948251,0.42769000676664354,0.24348615359790357,0.2827856668075394,0.02125900835462273,0.16202114622493627,0.08315856775289066,-0.055964393888973264,-0.06065115568235779,0.017399468979242855,-0.09292785632259022,0.1951704148748932,-0.039678980929834934,-0.06884712902095223,0.33122365272587884,-0.40755452095779215
0.39801913705139624,0.41534480815782465,0.4775144654956916,0.2657956380552422,0.17838827370104046,0.25108433875632863,0.3024639287834137,0.37017941907388907,0.20587096858677062,0.24035807164096812,0.26637685789030574,0.28241770929293813,0.2325270187875703,0.20475482513067678,0.20112736862588348,0.23527510652138922,0.3069532027218339,0.9396663394557239,0.19455269530742844,0.07307713397364766,0.34006588625456163,0.22435643249385562,0.5694292604199375,0.2062121504646633,0.29686943395729287,0.3664137843080942,0.23054857690978856,0.40002750954193855,0.35522196457332444,0.06573868874230372,0.3207115724729738,0.21804293584573564,0.23752986161074735,0.2543866399959899,0.43881425458602646,-0.00728866876527066,0.2605317892025311,0.27361459147946576,0.27444090882326044,0.20925622547086958,0.4653330345075156,0.2832106756608022,0.662675816918196,0.054327819569427824,0.8092675040776981,0.28370004476776156,0.48792559882664294,0.019931239327620514,-0.021678565903850183,0.0721692477270616,0.05261978326175417,-0.055623967715620094,-0.16116702044370132,-0.05174012904854673,0.11210781383375736,-0.05271531327076738,-0.18861578605611892,1.172896367355799,-1.2217073882719083
0.21812484954554434,0.20134100451313627,0.34486659588178126,0.16611516432488815,0.4412371724913844,0.40329503315131127,0.14110995452230626,0.20745969040992293,0.15846308641616164,0.1592778893735127,0.15550587757726114,0.18359857578091404,0.18343637588823383,0.1743557898436329,0.2349912691067919,0.2483418121492166,0.21687398510401062,0.19455269530742844,0.7495332724052746,0.13577043631209051,0.21664672676350294,0.25611087634236807,-0.019929066760229288,0.17509248035861383,0.119773605252605,0.1523209364643611,0.13257170409929991,0.21143974108143138,0.10783768633807382,0.05803989706270835,0.26272212253860927,0.17824923636479093,0.2587650931343206,0.15933733666773048,0.008789920871744844,0.2036545344302928,0.3242433897863729,0.2586895313541025,0.15750954793605232,0.04202626064808463,0.24016597513169377,0.19491192447512293,0.21048666702615365,0.06613017667900296,0.09340736747889099,0.2825477628173194,0.14210098735935056,0.021387431589777933,0.05001834606690534,0.09304581492067257,0.13486390246973717,0.43886056467579876,-0.2549007523721126,-0.24734549380002682,0.03911127154735718,-0.0581074676227481,0.016672923480735267,0.2885879185296075,-0.30467655191802173
0.21283820886212343,0.2947661391915781,0.3512197104988603,0.23753907824334203,0.17490454744579045,0.33113246456539447,0.21085605873320742,0.31659033271109654,0.20717222072227506,0.19764679039143662,0.3103343529785773,0.2683794267054527,0.15402920156272315,0.336904553385454,0.2923577531889468,0.27183076982829324,0.38957074423814536,0.07307713397364766,0.13577043631209051,1.0608085332322699,0.2280461476313714,0.253062216382855,0.3812084140390502,0.3735798670988351,0.3757428542798798,0.2408169896251418,0.3447574654888153,0.22681622199196594,0.6049261797780858,0.4383728225390069,0.09620624918471017,0.27473311369929937,0.2077786178232234,0.31185041240447914,0.5011769238048503,0.2271874427926402,0.3647793067016082,0.35548497773565524,0.4180237386180376,0.30696684609854413,0.12586049021860524,0.2622476779916815,0.5682911829172003,-0.004773511860488032,0.5698285528759073,0.24859696822010097,0.3024185034292448,0.04940146444524252,0.3223028839059256,-0.09711778367744918,-0.1458824365804382,-0.13275577486392764,0.3926905681184844,-0.07794460724506488,0.16747729098677236,-0.07431414641709452,0.15984953870108737,0.15315205097097526,-0.3838481238773187
0.34517379472634596,0.30871453395153864,0.45734687684605935,0.21406952673220264,0.17846375244508159,0.2999250117724714,0.2664543316808817,0.257968777988515,0.22390428614098803,0.1334788508783149,0.26529320464352774,0.291348387025708,0.16083429589536893,0.2748242807867906,0.19738775065353867,0.32617368757969584,0.2351593170629033,0.34006588625456163,0.21664672676350294,0.2280461476313714,0.9842066422960923,0.2711962771006099,0.3185051764445838,0.24290768432800497,0.2631623136916926,0.3280972869673099,0.22293025020280172,0.4688946225017386,0.24826657440586988,0.10690279617966283,0.2201885093889891,0.24816599777804943,0.32420607725299144,0.1350988182793297,0.6324395493092696,0.0511041403037989,0.3302342884258825,0.4009937968290997,0.21880592351624262,0.25432781646692704,0.3972433520539534,0.6914045119117251,0.4432469288945962,0.06602288460999534,0.6819119050453127,0.22199743151038107,0.29650259401153195,0.04570752721874668,0.028999588627359844,0.041664140026837305,-0.04126008919774518,0.07808787612752201,0.040645947449145105,-0.08286541076396155,0.05971268328794271,-0.08416018995340553,0.08201017024008526,0.45163166878522243,-0.647486644831333
0.3492573821271785,0.2605131317902684,0.5116644679993273,0.26447779087584217,0.23052565503867445,0.3115665080155153,0.2760971713065534,0.21668959784597397,0.41992011829134845,0.19092203897181537,0.27035780434532775,0.3115493502732745,0.19186164227679248,0.3728388651361011,0.21698515104819963,0.47959425306944803,0.2923271327577959,0.22435643249385562,0.25611087634236807,0.253062216382855,0.2711962771006099,0.811078132181088,0.22435752220606572,0.2801481823619379,0.27700147352638016,0.28457589174287695,0.28795323279490526,0.2793818687215506,0.27509738805511313,0.1952927785848222,0.22203196841335548,0.3033206258109425,0.32601973484991303,0.16397800802936682,0.3667518161644406,0.33918336412799077,0.2847792256353686,0.40334045999608886,0.25468531153472157,0.14112099817266752,0.30763682421114646,0.2836297284775189,0.33938329567578457,0.12107569490283535,0.14854696757026295,0.39094220133374025,0.2639664281668025,-0.04051938172218582,0.553575552425455,-0.012156834380446317,-0.052640302086224944,0.08079311989955135,0.18356441022304038,-0.13525150124759108,0.12781893198746055,-0.00010154950101499208,0.09405461780796874,0.2242521128157104,-0.5623763627191956
0.24704626913969485,0.11634714255351597,0.31651974374573105,0.2554190728229398,0.13470963585064885,0.17918706531242104,0.26418662747119565,0.2864084328737096,0.284149050264358,0.17280083145857558,0.2745802022890384,0.2571192487007188,0.24780537362060295,0.28947216607037857,0.17308528671300522,0.15763786006405492,0.3008675569680043,0.5694292604199375,-0.019929066760229288,0.3812084140390502,0.3185051764445838,0.22435752220606572,1.9018676555616492,0.6374392322888668,0.5516386773313965,0.05103910918149537,0.31934746603883946,0.3697976749689252,0.7472487739046627,0.39601475497959926,-0.034051749781631474,0.26724578686911254,0.5449449770613445,0.21126675948076473,0.4661065965431469,0.08833921741895283,0.4316243429519573,0.1795631453551915,0.5281037122366663,0.27211696167386035,0.780234325434923,0.2780270701570827,0.5657355023743084,0.01163957735859594,0.6776282430949124,0.34446932769387517,0.5066636804764774,0.049685646314502764,0.38027697789847975,0.06600614232260547,-0.04054370013198105,-0.5007393727375952,0.3913303964538456,0.01333824312297169,0.1630125258875362,-0.13288281535320984,0.03879334919047289,0.4199050807352037,-0.5704447647776696
-0.044941218351937574,0.13319083698073986,0.12943274517996076,0.3189513822285573,0.16053586108910434,0.24736737169641404,0.2020109448583648,0.20546349923810445,0.2503919570317548,0.10379260664369609,0.2285891413183246,0.18980914367062332,0.18196657341420072,0.33759879378398844,0.23649969007578034,0.23430367302746066,0.26350509973930164,0.2062121504646633,0.17509248035861383,0.3735798670988351,0.24290768432800497,0.2801481823619379,0.6374392322888668,1.1174042639633195,0.22634583939004102,0.1551784965769223,0.2605792979123058,0.4366315829568423,0.1604729735520881,0.6755482799126532,0.5033443789618371,0.3993971026327495,0.6720855594639592,0.15418517486212754,0.25924225287105596,0.26598141959170646,0.4827346356739358,0.43285042411451435,0.3313172715500651,0.15236245945384796,0.6373565540274407,0.2518372027055892,0.31310996878839803,0.07927213039661231,0.25823210149706205,0.43455592226455597,0.4123233834167715,0.059059933306607186,0.3473976135729248,0.19256855916910265,-0.10394646891531226,0.1321402298300401,0.03552898906656498,-0.13408363861408817,-0.003037353042676534,-0.14311023837047493,-0.040129868490620876,0.1339210113139801,-0.10656349619107186
0.3346124723077037,0.2635079439440404,0.4777250661804067,0.2572569113617594,0.16604184991148838,0.2511834599965771,0.25289798707787303,0.30424905054155144,0.19698607055947565,0.2388876710724702,0.2874322764458105,0.3647610966087813,0.1772676041608922,0.28491724412245456,0.32783666264638667,0.3310790235948768,0.296857647012434,0.29686943395729287,0.119773605252605,0.3757428542798798,0.2631623136916926,0.27700147352638016,0.5516386773313965,0.22634583939004102,0.8869049869107909,0.29031902070999965,0.30528645708483965,0.23687797764166538,0.8421523569128021,0.3415524637953013,-0.018461843154395464,0.2289067151098576,0.18724663271619132,0.3682996535667541,0.5243967319680031,0.18572196575576144,0.4485133449183751,0.2954789610539904,0.30132119847036376,0.1804596992951811,0.2846143195344861,0.26735222481747073,0.6154984037769851,0.06499717040705912,0.597204243406042,0.33876786831021893,0.37234961812164374,0.01718968519586186,0.10026333625628475,-0.39661424125084177,-0.055256003768111135,-0.08754956306415564,0.36371621383815406,-0.010099367541690782,0.18020683700244192,0.016692534830575825,-0.14607396016646368,0.5497577170812099,-0.6689324580060658
0.1976518001301746,0.2676916931808192,0.4942311492930061,0.3223251937952108,0.10194530043737347,0.22608161006502542,0.27343996970806633,0.47099932107845155,0.3184467862594336,0.14305602171043066,0.3182218437238863,0.31151821542299024,0.18633797234570956,0.28284026691337427,0.17031791698674667,0.2546383024336144,0.09885812824733756,0.3664137843080942,0.1523209364643611,0.2408169896251418,0.3280972869673099,0.28457589174287695,0.05103910918149537,0.1551784965769223,0.29031902070999965,2.241397727881608,0.17365710837633339,0.46434267354791486,0.32312314147367827,0.11908517895605489,0.26635075380200196,0.30425074023793863,0.22435972784011413,0.3589569026188927,0.4901155165337225,0.20689547901278754,0.41988428259294497,0.362657686959661,-0.46327894206258663,0.0281702044762689,0.15333800890267515,0.3498183745783703,0.4407503123203842,-0.004406356646612765,0.2999788458101047,0.3654227394965892,0.2787792615669079,0.028783236820111673,0.05916061277794167,-0.080910821514338,-0.014421039911836818,0.3058339306379133,-0.25510509744563664,-0.15303132862014457,-0.001296851191475529,0.02780087647623745,-0.05154945888363607,0.44442515789641535,-0.5560405028561817
0.3275201295241072,0.3148200692940538,0.4592864110917536,0.2526749074347243,0.13234413883187796,0.250240271062912,0.2553767485517452,0.2759442188010984,0.21051695173745835,0.23379566513924316,0.2786470554685636,0.34623323941852263,0.2203973595635796,0.2871061402989374,0.21795746646951283,0.35050973782440675,0.2890470841309662,0.23054857690978856,0.13257170409929991,0.3447574654888153,0.22293025020280172,0.28795323279490526,0.31934746603883946,0.2605792979123058,0.30528645708483965,0.17365710837633339,0.9068913907188454,0.3191303709540876,0.3801457776673717,0.08852207637979735,0.14474962750530962,0.3222176489486864,0.2587975566635278,0.22060619644674986,0.4531150401331303,0.3252385986626911,0.1440874801219188,0.3215530160326732,0.27987072128778706,0.25253209883758077,0.29085016595156404,0.24223650216431628,0.5822209088214741,-0.0010159673849550036,0.6348622755950541,0.2006291956606052,0.20794812349248,0.028596102161369225,0.14478914217597783,-0.14233984694091906,-0.07873716188325001,0.01219935638766207,0.12481464998042754,0.003735575888489212,0.11859044941032684,-0.021857876609417515,-0.041669016162107345,0.6567599133934293,-0.814497955576303
0.1375926001956012,0.2862013218540445,0.30526379068582715,0.09838998332311426,-0.14048556710110227,0.20788504903012478,0.12810899307416926,0.09124105210630463,0.22105387215543368,0.11987567255032786,0.17947411332193078,0.09270893937899725,0.19060927944755893,0.2744729194213677,0.2865311447208065,0.32873160743641544,0.3457865834769205,0.40002750954193855,0.21143974108143138,0.22681622199196594,0.4688946225017386,0.2793818687215506,0.3697976749689252,0.4366315829568423,0.23687797764166538,0.46434267354791486,0.3191303709540876,1.5824564000434418,0.13790278112661952,0.18902047036009478,0.37531199315861824,0.42602231645865524,0.6947454261686573,0.01722991337610644,1.2468571640156367,-0.047296297701539404,0.3260276361995183,0.306960769103831,0.11077582452481594,0.24551127868274275,0.5624352497794939,0.43699964981182005,0.5333679564921524,0.08338053727251157,0.5649793267924704,0.2788506026925722,0.2867363250835802,0.04308536507316694,-0.10606615958343384,0.20815229541644434,-0.12290747475448713,1.1747365805810779,-1.192215785438379,-0.04026662803114424,0.20393511471104867,-0.04795936438835762,-0.11141456960010122,0.11546857500076281,-0.20907430320459466
0.2535164458810026,0.3682286519066584,0.6486067510357475,0.2910340369177,0.1772328931596295,0.3256543194955198,0.2802376158861658,0.37152087505827325,0.22299644632440124,0.3260270601854064,0.3512507586070186,0.3712897694268936,0.2565281337730432,0.28367860986307986,0.3427351007947458,0.3609557840353142,0.35520996544047023,0.35522196457332444,0.10783768633807382,0.6049261797780858,0.24826657440586988,0.27509738805511313,0.7472487739046627,0.1604729735520881,0.8421523569128021,0.32312314147367827,0.3801457776673717,0.13790278112661952,3.3832378378642374,0.026039916006054063,-0.32486492814812806,0.35294484388289277,-0.1513387512446957,0.8907997089499475,0.4794040952789794,0.9897596488386788,0.4611961539331689,0.028204530747065023,0.4927077009623053,0.28646795092911576,0.142689448218991,0.26348491331759444,0.6166539937735684,-0.08804443522521656,0.6717269674135085,0.4861810473909406,0.27921444507465226,0.016085936221540777,0.3524537368485246,-0.33052279552887687,0.015071089273989084,-0.16654084570204938,0.1552535538948197,0.08059185235756056,0.11032501880028284,0.0005432200336185633,-0.043668042180244816,-0.07407416356023667,0.024521916409403495
0.06055381212388684,-0.045786492394250165,-0.2837426189222763,0.1297611390634582,0.0936065913847409,0.11212416586804323,0.14427803955649965,0.22316908690997264,0.11099911591833284,0.037832243520247416,0.15068696544847315,0.11414408767430355,0.11809746873245902,0.1941002096998389,0.22569833129457273,0.14751071860940032,0.1349569719929065,0.06573868874230372,0.05803989706270835,0.4383728225390069,0.10690279617966283,0.1952927785848222,0.39601475497959926,0.6755482799126532,0.3415524637953013,0.11908517895605489,0.08852207637979735,0.18902047036009478,0.026039916006054063,3.2810294420027133,0.4239475368149684,0.013400589299171206,0.488296852068651,0.38130296841556943,0.4930727759665653,0.20870079462164814,0.973355579094113,0.34962915676935746,0.6892223264381625,0.36344310534827345,0.5223735050548293,0.12732312326795087,0.8231766282784857,0.10957010558409448,0.7800512274000888,0.8861392011274604,1.3965073026034467,0.07717350633784952,0.7336757712460443,-0.27131473784407584,-0.05965434870309708,-0.633038401704073,0.8173355445215027,-0.11525477067616469,0.16333597211181794,-0.3439622446466172,0.4376946296131174,0.6673275549074159,-1.114473149891568
0.03589738908389837,0.23687200846268658,0.20336941400654807,0.26615728917136805,0.11676861171526827,0.21082288370836708,0.1781855339562946,0.18538717446730898,0.17474077212413366,0.1392540119198545,0.17130836095250349,0.15906499526193835,0.1284881691286114,0.18441163272008304,0.19438288848896634,0.19991015720645391,0.2488684311232678,0.3207115724729738,0.26272212253860927,0.09620624918471017,0.2201885093889891,0.22203196841335548,-0.034051749781631474,0.5033443789618371,-0.018461843154395464,0.26635075380200196,0.14474962750530962,0.37531199315861824,-0.32486492814812806,0.4239475368149684,1.2635701132794706,0.2069331807039607,0.3970042137577809,0.21058370938606666,0.19150140428028536,0.13988057084947017,0.5196870948136045,0.6331896207235921,0.18678014732689785,0.03247596550553886,0.31207201436621534,0.22830096573225714,0.38670983971886363,0.18510550112992716,0.29361431537027344,0.3568679206761585,0.32742616975026806,0.05098738637861773,-0.18908319165520934,0.3137385827613882,-0.1003401747149789,0.517801223547379,-0.3112472671194085,-0.22354568160954397,0.03600829873754149,0.018694700579822653,-0.4492041838108189,0.6758514363500839,-0.4469080915350776
0.13956713956090422,0.23450099201591273,0.34071108520858134,0.34810187812385457,0.13046249449251138,0.2627965135716587,0.20537942740737267,0.2092341069779354,0.2692124152978232,0.17705606145103805,0.23939551877420256,0.26300355592494384,0.15204549156507188,0.5323038143391099,0.20677961176142468,0.32118706227845817,0.25290450457482233,0.21804293584573564,0.17824923636479093,0.27473311369929937,0.24816599777804943,0.3033206258109425,0.26724578686911254,0.3993971026327495,0.2289067151098576,0.30425074023793863,0.3222176489486864,0.42602231645865524,0.35294484388289277,0.013400589299171206,0.2069331807039607,0.9657311006477227,0.1649871704594923,0.37133185258436646,0.17934637192005243,0.327014995845217,-0.14003946196899564,0.4623845388530383,0.18504322440284324,0.14157152484671498,0.31563040118456853,0.24579564555260713,0.2995388353158152,0.11740929909484256,0.308976232490728,0.18409196935359773,0.1468794878649333,0.016439150627579762,0.15045627361910818,0.14600763703431832,-0.08710315496631267,0.47555522916994725,-0.6796014325967377,0.1394664308974468,-0.28861676572457257,0.08988475814162064,-0.04302760388710791,0.5034990267679077,-0.5577182838947462
0.16429038950753586,0.13716837074109817,0.2410944021941772,0.240274664504637,0.21698381496258995,0.18396449476177665,0.19152490439465003,0.09602652703663547,0.2888938450927097,0.043841975469488426,0.19994495503580534,0.20534760148642803,0.2070799200304261,0.2480611699577463,0.2055459132276656,0.2236712918288192,0.32086981744857845,0.23752986161074735,0.2587650931343206,0.2077786178232234,0.32420607725299144,0.32601973484991303,0.5449449770613445,0.6720855594639592,0.18724663271619132,0.22435972784011413,0.2587975566635278,0.6947454261686573,-0.1513387512446957,0.488296852068651,0.3970042137577809,0.1649871704594923,1.6524485606590709,-0.18786131572649337,0.0661375246348822,0.13737331132565397,0.8514493690372378,0.27844274065220354,0.1740662839547452,0.002795955558243299,0.4638565673575335,0.31315739604670606,0.2332535446927742,-0.016610149838502702,0.0914602790673881,0.5605752228026499,0.3522713696587794,0.08465568426074406,0.1874602164250697,0.2887505245227993,-0.038939321920616,0.08737112040845126,0.3155022256220867,-0.4103819173964865,0.2722198948259439,-0.18512868994801804,0.05691872517123374,-0.019818839790908233,-0.11155442237293849
-0.28501589504596136,0.19645595506864927,0.13644916303309068,0.357671867614437,0.2432143803276076,0.2654404527825102,0.23119369749095678,0.36521434325019536,0.1374876983370868,0.2544354673878954,0.24827563083403253,0.23951544346096554,0.17863447704380997,0.23322650018729754,0.20977974902324628,0.20924124424565194,0.26515080385903456,0.2543866399959899,0.15933733666773048,0.31185041240447914,0.1350988182793297,0.16397800802936682,0.21126675948076473,0.15418517486212754,0.3682996535667541,0.3589569026188927,0.22060619644674986,0.01722991337610644,0.8907997089499475,0.38130296841556943,0.21058370938606666,0.37133185258436646,-0.18786131572649337,1.8426434583965403,0.21674460025783535,0.460117171794093,0.4117026791817965,-0.016734149467785116,0.4214050227082523,0.09373972833717777,0.1234439594993959,0.1502692367783906,0.4211625220927881,0.14960356253986754,0.19045954811029,0.2181140023067213,0.41671829590563175,0.019595689717322777,0.014821294615361812,-0.32406575243603836,-0.061108420983930135,-0.04227298536787211,0.058697143409886354,-0.0883042994009299,-0.1016597268606821,0.02952552911084676,-0.179011147751999,-0.21527973245946483,0.41802971083197177
