1.0825585666125288,-0.0011385523668385213,-0.0012590365097490648,-0.0009803175723901484,0.00011552075716755303,0.003103597083598257,0.009848907294182616,0.0027511027161135275,-0.00040498117903643325,-0.0015052722331851118,-0.0012484038869709304,-0.0006964349945823164,-0.00039617252476686833,-0.00035418852621307124,-0.0005173710402547063,-0.0009836888461762405,-0.0013127620842793752,-0.0013430804441448092,-0.0010921964413805364,-0.000815268995232699,-0.0006264696993253648,-0.0005125506273623936,-0.00039089971371675844,-0.0003104043361890427,-0.00021784491789281798,-0.00015881673930613987,-0.00010552289928422006,-4.883957400880749e-5,-5.928391356731165e-6,3.7382079432986246e-5,8.029197738632629e-5,0.00012769440343176887,0.00016010651684454142,0.00016879256549908898,0.00015596960884216638,0.0001197886341601304,8.276884457294431e-5,5.1420156709154156e-5,3.9080251788223455e-5,3.995733125497482e-5,6.726796499979962e-5,0.0001452650483330407,0.0002903401780301157,0.0004066357176139356,0.00039397470823809703,0.00033726685244551323,0.00027592707632657015,0.00021473714676954191,0.00016560704110524108,-0.00043476119217876534,-0.0018678703911852099,-0.0027083951950250392,-0.004202237266354815,-0.0016541876065996036,-0.0007545824447228586,-0.0015703194361479731,-0.002414367115726492,-0.0026870287009781945,-0.00247684995421631
-0.0011385523668385213,1.082003728921095,-0.0017423563656316337,-0.0015630048928114422,-0.00035751674665415533,0.0034540610295380994,0.013038517596947406,0.004104375730162347,-0.00037472545286084124,-0.002107482666605443,-0.001768566328990069,-0.0008323264057237377,-0.0003639122619607255,-0.00023365071844712985,-0.00043769755581803837,-0.0011098643020478374,-0.0016311358082809152,-0.0017333579543675646,-0.0014294410536257603,-0.0010218041809376829,-0.0007401560077711634,-0.0005927223326203415,-0.0004637694984604924,-0.00039583083346581347,-0.00031621442019933804,-0.0002698880047961417,-0.00021897815094154641,-0.00015073281127309535,-8.516305470888355e-5,-1.2341194276754576e-5,6.146097326722088e-5,0.00012747807098699695,0.00017256183838628702,0.00018590306205371756,0.00017359942941802436,0.00013624052917622276,0.0001003344313247074,7.322622140713857e-5,7.438685522398114e-5,9.629256506523755e-5,0.0001561871958499123,0.0002796773381842417,0.0004768077213365192,0.0005126378496788487,0.00044696477159703946,0.00035992939591453986,0.0002823483813388872,0.00021272168190665327,0.00015997558498679197,-0.00039038597907115497,-0.0019591525014452855,-0.0027305525766202886,-0.004767160951052341,-0.002167185541234627,-0.000962100758544767,-0.0016486045464041126,-0.003092797831409354,-0.0036425449775125416,-0.003299354965144158
-0.0012590365097490648,-0.0017423563656316337,1.0812607384387605,-0.0023159264970334346,-0.0012698979928162533,0.0031739111262106532,0.01621094362315303,0.005919027703018833,-0.00018228263039332494,-0.0027408745879697887,-0.0022897352898088963,-0.0007909624399635542,-0.00018972088653835327,-1.437332890988682e-5,-0.00027916886285318305,-0.00116448748201359,-0.001918016694133523,-0.002125956783217057,-0.0017881805165004187,-0.0012007546026419512,-0.0007918613507656347,-0.0006084021893154063,-0.0004966595093142952,-0.00047258227627584257,-0.0004412981230814678,-0.00043470378368194273,-0.0004035968991156989,-0.0003298659604106304,-0.00023412875055682988,-0.0001159950393396977,7.660032078820628e-6,9.738987470707328e-5,0.0001586642244929416,0.00017803643487085118,0.00016889522510037366,0.0001367070342802423,0.00011064726937449954,9.805769526889149e-5,0.00012716217610083132,0.00018809892777843105,0.00030234936358442357,0.0004935628856402054,0.0007581292165273775,0.0006151674894289053,0.0004533721517018253,0.00032338516990524665,0.00023030939741415602,0.0001596312747566717,0.00011187050394112793,-0.00017397661287988706,-0.001689476766827118,-0.0023006928121737376,-0.0051635028943978895,-0.0028570184953443,-0.001049122353467856,-0.001958248782945939,-0.0036712381190256724,-0.004437057797943133,-0.0038393497204712345
-0.0009803175723901484,-0.0015630048928114422,-0.0023159264970334346,1.080423355253536,-0.003004042617376522,0.0006146606014104542,0.015546888791680683,0.007399789669697357,0.000649005163717389,-0.0022920469226948995,-0.0017206498343902833,0.00028640743339986273,0.0006780846305954462,0.0006669157909675461,0.00023809963338475602,-0.0008017258628437965,-0.001788195423736829,-0.002148847130237189,-0.0018821347998824415,-0.0010846594240632294,-0.0005336221509557325,-0.0003535412522300931,-0.0003573267057708102,-0.00046922271726559294,-0.0005857819936992684,-0.0006773538184919989,-0.0007084067391706013,-0.000653678368581319,-0.0005263915692969865,-0.000354644000750408,-0.00016435406838413372,-6.307340151380073e-5,5.060008046506652e-6,2.7629308840062213e-5,3.115463659163131e-5,3.381499278325769e-5,5.4816442059635233e-5,9.637650670458319e-5,0.00019225959162080483,0.00033103917034723375,0.0005261709032290088,0.0007710445008149063,0.0009985101564252289,0.000494796024398,0.00018996750024189002,2.991412806844503e-5,-4.5281496072368726e-5,-7.562810436333091e-5,-8.122911567342046e-5,0.000573359557957017,-1.4803690101601458e-5,0.0001485098280370393,-0.0030376541412225557,-0.003014466244278419,-0.0008915908663508137,-0.002107969161745548,-0.0034837036944173044,-0.004482661272364452,-0.0031668765893512647
0.00011552075716755303,-0.00035751674665415533,-0.0012698979928162533,-0.003004042617376522,1.0782368483821723,-0.005833678582037674,0.004229268298014279,0.005731478895491614,0.001955242842733606,0.0008897113940025084,0.0016499609392160261,0.0033852376187028473,0.0027941911437160635,0.002086371948189705,0.0012936708028811008,0.00039837994097861797,-0.0006059048715529876,-0.0011088978731496574,-0.001158129560286488,-0.0002396622427602431,0.0003628133404562674,0.0004419970309326944,0.00016814028350013727,-0.00019087555703688495,-0.0005728532309153256,-0.0008239038471666893,-0.0009766575745017282,-0.0010024830108089958,-0.0008872075431483913,-0.0007081043124563376,-0.00048194728576736483,-0.0004158621226454937,-0.00037644755768185796,-0.0003623830637184536,-0.0003379059457547548,-0.000262447361731491,-0.0001496506847173588,-6.2941991878810925e-6,0.0001914054205247591,0.0004336565726875763,0.0007047922373969301,0.0009217162883422813,0.0008975851298183705,-7.946174729944268e-5,-0.0005095505211965448,-0.0006377360091065438,-0.0006269252190223123,-0.0005496330695484775,-0.0004583570269450558,0.0021443024147691074,0.003847158885438906,0.005468036209473819,0.003213667360837347,-0.002146298695336542,0.00013780906892741984,-0.0015659284189184425,-0.0017979464985338669,-0.0020779054457052745,-0.0003378322716141732
0.003103597083598257,0.0034540610295380994,0.0031739111262106532,0.0006146606014104542,-0.005833678582037674,1.064311460644932,-0.039267851672306134,-0.0073619091189267,0.0042347645862108796,0.011614982648918444,0.011407325633723351,0.009283776816465465,0.006848469889461731,0.005459222605567011,0.004218183014400657,0.004134331730526705,0.0037214070173910213,0.0031858848216594023,0.002239049224014099,0.002597427968706556,0.002722097444706088,0.0023648177771204023,0.0015120690280082615,0.0007636652343109574,8.216956285646897e-6,-0.0003931052550920491,-0.0007077887479195118,-0.0009263983361472847,-0.0009792431884543971,-0.0010229883775442394,-0.000984157286680344,-0.0011173549271608432,-0.0012289615689355978,-0.00126446534274012,-0.0012095197020844087,-0.0009870985589107055,-0.000703684289659039,-0.0003883901056025913,-8.044677088291216e-5,0.00022604558848389458,0.00042840224978489327,0.0002779223895242336,-0.0006341224117301306,-0.0017725810692930473,-0.0020185316202218436,-0.001885048515677747,-0.0016239783164011307,-0.0013172729537564546,-0.0010449194259813937,0.004879171832919167,0.011435509134632704,0.016273936764670243,0.018746159632617467,0.0042017171088564636,0.0025624492862385095,0.003062059916099232,0.005461258283932739,0.007359476871290259,0.008219638504562539
0.009848907294182616,0.013038517596947406,0.01621094362315303,0.015546888791680683,0.004229268298014279,-0.039267851672306134,0.9197733721773088,-0.050926401345384176,0.007888941476124336,0.038347272707662645,0.029029161053827957,0.01637864748748408,0.01144678610722169,0.013217528061575131,0.012639808239484664,0.014542891290907238,0.016592951291295108,0.016223178170272492,0.013829951509596127,0.010496989117470065,0.008263053939152847,0.006663912820545208,0.004763389928694334,0.0036539617818161264,0.0026890398817687356,0.002480916498563355,0.0021060645440383195,0.0014609996800408866,0.0007319511587093466,-0.0003302950355631639,-0.001300047924794441,-0.0022446162467379006,-0.00295320700219779,-0.0031972943580735663,-0.003151432370710682,-0.0027019054449962283,-0.002180223698748702,-0.0016636068551777277,-0.0014178962536727673,-0.0013856384601145988,-0.0018992769982625842,-0.0035506715338164178,-0.007058203837553337,-0.006330375276991903,-0.005074314220594624,-0.003934853709115607,-0.0030144415220431995,-0.0022525690518806455,-0.0016846293806881735,0.008088406645119181,0.02343548293159946,0.03531553575083343,0.05240030739374752,0.028910273700210088,0.006377332624084865,0.020690383406596232,0.027818771699343655,0.03213439438503672,0.029286085918838963
0.0027511027161135275,0.004104375730162347,0.005919027703018833,0.007399789669697357,0.005731478895491614,-0.0073619091189267,-0.050926401345384176,1.04607303676993,-0.007753038928959901,0.005703093284119098,0.016830223916652363,0.0033649918748974114,0.007928222527660237,0.004373788583723028,0.0039485534395756194,0.006339616499050825,0.00660972005660208,0.007082250813196898,0.005275439063603117,0.004105233689936242,0.0031997336574186882,0.0025840220692567675,0.002103479406750428,0.0020230970457025253,0.0020584805666212878,0.0022151326404335056,0.0022058768619803238,0.001884223808532744,0.0013785180076915091,0.0006701402573738425,-1.6572054285975068e-5,-0.0003346579196631628,-0.0005913618732524675,-0.0006857261729396419,-0.0007232222592097753,-0.0006881391915940554,-0.000689333014764021,-0.0007039377773426596,-0.0008759100298009556,-0.001161478201905273,-0.001632581052170841,-0.0023851302849515693,-0.0033542537541902556,-0.00211754626899416,-0.0013238265523955386,-0.0008479101806556539,-0.0005562979754468388,-0.00036445818581895946,-0.0002429546641021618,0.0022351265802954064,0.004008761511538269,0.0031698204862630947,0.015148033434916367,0.0028563125227704174,0.003381833292538219,0.0052790886602699545,0.008724714965410423,0.01188371635792302,0.00968127397593588
-0.00040498117903643325,-0.00037472545286084124,-0.00018228263039332494,0.000649005163717389,0.001955242842733606,0.0042347645862108796,0.007888941476124336,-0.007753038928959901,1.0538787617686833,0.00011434051004497322,-0.00044971872301003004,0.005229170916931487,-0.00151144133012642,-0.0014678464437254419,-0.001205474283933273,0.0009800452221617932,0.0034649397902050236,0.002495080148783633,0.0020707499867464235,0.001588291985309891,0.0009332886188012351,0.0005515633344454734,0.0006471144773299414,0.0009790719962325853,0.0014509892911843323,0.0018153725588131715,0.0020339086885941032,0.0019606143789963073,0.001670533404221371,0.0012843835453656917,0.0009389842162766619,0.000678173014114663,0.0005135497370840301,0.00048284435855697444,0.000414313126287323,0.0002657622007251435,4.713307116481245e-5,-0.00022385275560194622,-0.0005601181947462402,-0.0009816797280876187,-0.0014292679637436542,-0.0017988773149170895,-0.0017638215061941305,-0.0001592339406702742,0.00045462401273195643,0.0006176178693624488,0.0006126401800175843,0.0005286785019405233,0.00043650758970076336,0.00017447551352992746,-0.0029248807996534254,-0.00853682720740195,-0.004495656755040685,-0.010621657114075998,0.0022726433766990747,0.0003449738809323495,-0.007695667562744888,-0.003232197908925085,0.0025975022706389767
-0.0015052722331851118,-0.002107482666605443,-0.0027408745879697887,-0.0022920469226948995,0.0008897113940025084,0.011614982648918444,0.038347272707662645,0.005703093284119098,0.00011434051004497322,1.0385199427081957,-0.020873396814332465,-0.002573898993056632,0.004277340472424472,-0.0032610117789994638,-0.001697549763880008,0.0009583597010393705,0.0007624437492927701,0.0013655209836230576,0.0006545244330754289,0.00027706345750834916,-0.00021168460770840618,-0.0005586668277964308,-0.00026318944663263836,0.00020180926239380986,0.000842766991246997,0.001298942327368821,0.0016154818704457012,0.0016884955945378531,0.001495423547008813,0.0011413478138817827,0.0007464911426137816,0.0007537960731424859,0.0007752168021525552,0.0007854953492512597,0.0007264574438366128,0.0005653473357284885,0.0003291712868806304,5.575856592631112e-5,-0.00027270061992693765,-0.0006330111400287122,-0.0009378797224760258,-0.000945939178781529,-0.00026630701426635684,0.0013599489713125587,0.0018173966013751686,0.0017536288181903914,0.0015297349135989958,0.0012393045094634186,0.000982657564702554,-0.001321443647749272,-0.005016977931738794,-0.009997180417859552,-0.011933990397861322,-0.009406414467860528,-0.0028562015676755637,0.002456879553608333,0.009684133695033863,0.001265665413124796,-0.0075719772416270315
-0.0012484038869709304,-0.001768566328990069,-0.0022897352898088963,-0.0017206498343902833,0.0016499609392160261,0.011407325633723351,0.029029161053827957,0.016830223916652363,-0.00044971872301003004,-0.020873396814332465,1.0452957446085063,-0.014708571205347212,-0.006675157489998106,0.004851810785754317,0.004841160524510197,0.001135288531750971,0.00012086455874110979,-0.0006795964710313515,5.259772182038161e-5,-0.0002495356259215734,-0.0010180452118261842,-0.0014325371388655265,-0.0009843978034365243,-0.00041434389790759036,0.0003118733386180833,0.0008131178994671507,0.0011653557945232923,0.001336744072658581,0.0012426645776725518,0.0010693690543420661,0.0008418592927169641,0.0007277422080559241,0.0007082952328842984,0.0007335155020944309,0.000722513343151993,0.0006319335949027447,0.000482280900694004,0.00023095986239977823,-4.647666330241487e-5,-0.00034169841110001106,-0.0005250159522820152,-0.00026841512696874654,0.0008959058999678196,0.0021493922686857724,0.002434352486957245,0.002245493752846818,0.001922577305614138,0.0015416047289906695,0.001214080613778793,-0.00365393737708178,-0.006801529958258416,-0.005409965187995705,-0.011792616126385502,0.0037209899360767136,-0.003132365065850223,0.002459042235751892,0.004950541138639136,-0.002261191329399231,-0.00864190291158755
-0.0006964349945823164,-0.0008323264057237377,-0.0007909624399635542,0.00028640743339986273,0.0033852376187028473,0.009283776816465465,0.01637864748748408,0.0033649918748974114,0.005229170916931487,-0.002573898993056632,-0.014708571205347212,1.0439663176268603,-0.018219248550095768,0.004411440068261519,0.012722612836759071,0.005980397114390232,-0.000859342904595615,-0.00040326870813025493,0.00019494429575143865,-0.0006567286201787321,-0.001716507421188749,-0.002182696471967339,-0.001581796217588663,-0.0008863330971352262,-0.00010893463389858302,0.0003937538837768209,0.0007475952276141894,0.000989143813315963,0.000969439068549885,0.0008431174712311371,0.000583672737732574,0.0006527932761791359,0.0007369189392631797,0.0007591642445620802,0.0007485517953889472,0.0006629266459924996,0.0005228274575995724,0.0003044447146577509,4.9487936242247075e-5,-0.00016773211848894137,-0.00023216407535372956,0.00022898946968066423,0.0017025236048982435,0.0025433597897340714,0.0026794797957899893,0.002423692285855351,0.0020610375352208997,0.0016498745734595472,0.0012983193942866951,-0.005531034276824705,-0.008107386614561164,-0.0004240370898139905,-0.009203112856512617,0.014492576181480298,-0.0013453552322034807,0.0002791507167655688,-0.00934373098739347,-0.008769926376160572,-0.005150347729532003
-0.00039617252476686833,-0.0003639122619607255,-0.00018972088653835327,0.0006780846305954462,0.0027941911437160635,0.006848469889461731,0.01144678610722169,0.007928222527660237,-0.00151144133012642,0.004277340472424472,-0.006675157489998106,-0.018219248550095768,1.0559168459541066,-0.007891825837989475,0.005525967341524033,0.0035184194702302125,0.0014448759297253082,0.001557900143750504,0.0018790315955121725,-7.86769964374439e-5,-0.0018608695971137916,-0.0025262745893483316,-0.00195623274482507,-0.0012608229874874891,-0.0005426438124055222,-9.604631191106627e-5,0.00020801887667856736,0.00046681710745913026,0.0005259638479260777,0.0005612871721795181,0.0004985537132678856,0.00048212750970084793,0.0005241607869637614,0.0005384846451782903,0.0005460440974326753,0.0005092664241925604,0.0004462566710659255,0.00028868867374796464,0.00012553792233294787,4.875012720975755e-6,5.171177107285984e-5,0.000601463531043189,0.0020678954515270034,0.002716552718317495,0.0027649249800436315,0.0024748205721172064,0.0020983561737018346,0.0016822147316679326,0.001326761650493584,-0.00400813647925224,-0.004159196072255426,0.00039377127199946614,-0.0022830759828226777,0.012925830778461054,-0.0019279570749752332,-0.0011198801942327269,-0.007290556847504819,-0.006777809736223221,-0.003315777882957016
-0.00035418852621307124,-0.00023365071844712985,-1.437332890988682e-5,0.0006669157909675461,0.002086371948189705,0.005459222605567011,0.013217528061575131,0.004373788583723028,-0.0014678464437254419,-0.0032610117789994638,0.004851810785754317,0.004411440068261519,-0.007891825837989475,1.0621233529552516,-0.018936955832339446,-0.007451226807949922,0.002108207180833387,0.005015415961270976,0.004462820570126727,0.0008560515908624125,-0.0017456134379561306,-0.002706410623401432,-0.0022403073606705646,-0.001606525461498659,-0.0009811804460341698,-0.0006127786738163114,-0.00033622210322881613,-1.0694200298521436e-5,0.0001775687919161795,0.0003511162753280497,0.00041391120080563106,0.0004400086392625319,0.0004931454095851484,0.0004876263386426937,0.00047466919546773845,0.0004314033816311383,0.0003809456274311851,0.00025327571087001267,0.0001504228468298065,0.0001160797310811315,0.0002925109011649696,0.0009800583092660713,0.0025025162586197087,0.0030849179448152876,0.003021666273402762,0.0026512021866867456,0.0022249721567256676,0.001777953283507067,0.0014013458312281037,-0.0006539000208677318,0.002730100952202735,-0.00316032381688155,0.007653921444498713,0.0030304853840436735,-0.0024942806984317176,-0.0004013566111555194,-0.0043449105830678705,-0.004557091044823614,-0.0016590204938535789
-0.0005173710402547063,-0.00043769755581803837,-0.00027916886285318305,0.00023809963338475602,0.0012936708028811008,0.004218183014400657,0.012639808239484664,0.0039485534395756194,-0.001205474283933273,-0.001697549763880008,0.004841160524510197,0.012722612836759071,0.005525967341524033,-0.018936955832339446,1.0564891438677866,-0.012999657813153504,-0.00020369727129308977,0.0037975083699794444,0.003294546503228372,0.00012914023906388105,-0.0020361880925091635,-0.0027669491777459476,-0.002355273510064563,-0.0018764420923343445,-0.0014301475252835696,-0.0012001702034541337,-0.0009960522349154231,-0.0006608740410624307,-0.00036414733851500514,-1.6892158106639455e-5,0.0002732620988761211,0.0003434398718067324,0.000439695206755284,0.0004526814242415573,0.00044504174826433165,0.0004025760948592464,0.00037068817822452204,0.0002911661053538733,0.00028096759010863955,0.0003658330656238784,0.0006833925663550537,0.0014836141172426113,0.0029880885999159193,0.00331472267524924,0.003093822674971978,0.0026501465857200076,0.0021964678239098185,0.001747504423865755,0.0013752578902636694,0.0005289749781887774,0.003870423859857917,-0.005307301748255011,0.006892901356540531,-0.0034653529442353706,-0.0023611552597777885,-0.0008990206560127857,-0.003188706840166927,-0.003366598603585588,-0.00023654378301819185
-0.0009836888461762405,-0.0011098643020478374,-0.00116448748201359,-0.0008017258628437965,0.00039837994097861797,0.004134331730526705,0.014542891290907238,0.006339616499050825,0.0009800452221617932,0.0009583597010393705,0.001135288531750971,0.005980397114390232,0.0035184194702302125,-0.007451226807949922,-0.012999657813153504,1.0735138372511068,-0.005038227042831372,-0.0029850000032215973,-0.0012810380265369477,-0.0022606437693974677,-0.0026671907355359913,-0.0025808227293803534,-0.002193412250956703,-0.001984823408001002,-0.001761916675423873,-0.0016512748532909794,-0.0014689167567008613,-0.0010681725349805363,-0.0006321364525090968,-0.00013367306253358487,0.0003042336177816068,0.00040935423739797683,0.0005067834093048034,0.0005059020062613735,0.0004577436306574284,0.00035701552390697734,0.00028405426263609294,0.00021835610352836463,0.00027539599187338936,0.0004642325496056521,0.0009054821199223111,0.0017975759634602517,0.003275027448947302,0.0033975828024485856,0.0030697231692924662,0.0025833807084045786,0.0021214712954846105,0.0016825738701683752,0.0013234586199177855,-0.0013038725862627957,-0.0017310373292860907,-0.004997673070488942,-0.003805298316376696,-0.005373761549838117,-0.002510753018056616,-0.002130493394763392,-0.002644016532835001,-0.0042564749905946,-0.0006706721298173398
-0.0013127620842793752,-0.0016311358082809152,-0.001918016694133523,-0.001788195423736829,-0.0006059048715529876,0.0037214070173910213,0.016592951291295108,0.00660972005660208,0.0034649397902050236,0.0007624437492927701,0.00012086455874110979,-0.000859342904595615,0.0014448759297253082,0.002108207180833387,-0.00020369727129308977,-0.005038227042831372,1.074139975200992,-0.01018081459378777,-0.008097526200960051,-0.005309856975022248,-0.0022829244161435736,-0.0008370133928964543,-0.0009164370770636594,-0.0015325403449433245,-0.0018724915388316137,-0.0020559639761031086,-0.001995705865256243,-0.0016271477649060756,-0.0011283080456504716,-0.0005072257586383198,0.00012460722206455985,0.0003628639498707457,0.0005606540471868268,0.0006033448818101782,0.0005684184279340762,0.00046898622479952027,0.0004056981890133931,0.0003886846093668613,0.0005323015691831919,0.0008368127576788188,0.0014022388771212158,0.0023923070134842447,0.0038491230224021126,0.003599436727146651,0.0030783369426078426,0.002510191411745117,0.0020227959458253373,0.0015893221189666725,0.0012437414193264308,-0.0023224976414229336,-0.00565620950098421,-0.004999372781401929,-0.01218366626075515,-0.0072596148181010576,-0.002886896868685472,-0.0044131978759894466,-0.003176151068798118,-0.005529753675436029,-0.0019796253901248574
-0.0013430804441448092,-0.0017333579543675646,-0.002125956783217057,-0.002148847130237189,-0.0011088978731496574,0.0031858848216594023,0.016223178170272492,0.007082250813196898,0.002495080148783633,0.0013655209836230576,-0.0006795964710313515,-0.00040326870813025493,0.001557900143750504,0.005015415961270976,0.0037975083699794444,-0.0029850000032215973,-0.01018081459378777,1.0683598135515606,-0.01433535286029612,-0.007833121748893909,-0.0010557771505561038,0.0018126621365495493,0.000995486088523169,-0.0007128003361108311,-0.0017812522731006798,-0.0023588280694576253,-0.0024820224854670333,-0.0021918612015651823,-0.0016709769586692954,-0.0009763412408484983,-0.00023100808228187123,0.0002349720092025286,0.0005647072162414492,0.0006521622529616603,0.0006435090528581782,0.0005863011481732649,0.0005767959090024879,0.0006326869414899849,0.0008694617312751664,0.0012990625645918597,0.002006776166200009,0.003140829840116779,0.004682524375714165,0.003980266132146585,0.0032055860314505556,0.002515510814216657,0.0019730446656289545,0.001527691453119685,0.0011835818233032318,-0.001981740298610625,-0.005624585457957794,-0.00548048483036076,-0.012317996371203408,-0.008226064541123611,-0.0032445900428405322,-0.008001520579263042,-0.00567078447726742,-0.006131824852553755,-0.003334275739615429
-0.0010921964413805364,-0.0014294410536257603,-0.0017881805165004187,-0.0018821347998824415,-0.001158129560286488,0.002239049224014099,0.013829951509596127,0.005275439063603117,0.0020707499867464235,0.0006545244330754289,5.259772182038161e-5,0.00019494429575143865,0.0018790315955121725,0.004462820570126727,0.003294546503228372,-0.0012810380265369477,-0.008097526200960051,-0.01433535286029612,1.0664592727068272,-0.008337191978764797,-0.00043800085930435344,0.0027106228992497235,0.001594541368932154,-0.0004968542704509324,-0.0018706333035420283,-0.0026885444436159857,-0.003010591792773442,-0.0029035925489801218,-0.002523394343820715,-0.001958556470624852,-0.0013414208905627996,-0.0003243880840982756,0.00034247000177658386,0.0005558601722289097,0.0006488944030150337,0.0007207442936585206,0.0008483655396705665,0.0010190958311131352,0.0013611517204850222,0.0019143119157801684,0.0027397720823822795,0.004018238577643923,0.005665825781466932,0.00451761171467675,0.003499489819223222,0.0026776569210492157,0.0020583770375750374,0.0015760582905047869,0.0012107957414267234,-0.0012715294643727193,-0.004353884442826113,-0.00569953396651251,-0.010906092865932774,-0.008349675742332365,-0.003139389021927971,-0.009300138274861347,-0.0071110792701892115,-0.004977758055160002,-0.003079277776342689
-0.000815268995232699,-0.0010218041809376829,-0.0012007546026419512,-0.0010846594240632294,-0.0002396622427602431,0.002597427968706556,0.010496989117470065,0.004105233689936242,0.001588291985309891,0.00027706345750834916,-0.0002495356259215734,-0.0006567286201787321,-7.86769964374439e-5,0.0008560515908624125,0.00012914023906388105,-0.0022606437693974677,-0.005309856975022248,-0.007833121748893909,-0.008337191978764797,1.0782943786644774,-0.0019780118135366794,-0.0006052699468123133,-0.000953485336973376,-0.0018907412758482748,-0.002527138790153253,-0.002963764141050493,-0.0030797853679336803,-0.002793622049557851,-0.002269079869309346,-0.001588943354463964,-0.0008516832244055512,-0.0003749540095580979,-4.209812792406961e-5,3.2919241088225685e-5,6.187142335686866e-5,0.00013650226392859457,0.000318747538915656,0.0005251922157529261,0.000915917759897396,0.001522569074061589,0.002432863003763647,0.0038390391694611906,0.005641324624894129,0.005038528295128797,0.004168989248924393,0.0033196602606009114,0.0026153515776505434,0.0020357193752900075,0.0015807570544940418,-0.0009926469939973814,-0.0027955225070719087,-0.003585532948474992,-0.00611695059788969,-0.0050324368677791415,-0.0029759759183322185,-0.00542176683117898,-0.004883529035453224,-0.0037158232735690446,-0.001148676863391648
-0.0006264696993253648,-0.0007401560077711634,-0.0007918613507656347,-0.0005336221509557325,0.0003628133404562674,0.002722097444706088,0.008263053939152847,0.0031997336574186882,0.0009332886188012351,-0.00021168460770840618,-0.0010180452118261842,-0.001716507421188749,-0.0018608695971137916,-0.0017456134379561306,-0.0020361880925091635,-0.0026671907355359913,-0.0022829244161435736,-0.0010557771505561038,-0.00043800085930435344,-0.0019780118135366794,1.0797696270027146,-0.004304262910199547,-0.0037934088894566826,-0.0034397163078818305,-0.003263655702872334,-0.0032913834248500533,-0.0031957918364138144,-0.002760147125404308,-0.002138839025545375,-0.0014580238118334517,-0.0007622896360780124,-0.0005533451480194006,-0.00040842839598012425,-0.00042257032286430196,-0.00044457173618100157,-0.00037475224217895604,-0.00015421998057151717,7.661494688645683e-5,0.0004990177521229421,0.0011545773728905023,0.0021423872964179296,0.003669714306959107,0.005606621434436132,0.0055643039294534045,0.0048588217266022915,0.003985561934482475,0.003195687641787598,0.0025188540679089684,0.001972136298289416,-0.0007739110293060174,-0.0017839525164738,-0.0021344236039514473,-0.0033055591960369506,-0.0024051482450411555,-0.00275427618865441,-0.0018493286182949885,-0.0027698389206414317,-0.002366217396738413,0.0006884081664418163
-0.0005125506273623936,-0.0005927223326203415,-0.0006084021893154063,-0.0003535412522300931,0.0004419970309326944,0.0023648177771204023,0.006663912820545208,0.0025840220692567675,0.0005515633344454734,-0.0005586668277964308,-0.0014325371388655265,-0.002182696471967339,-0.0025262745893483316,-0.002706410623401432,-0.0027669491777459476,-0.0025808227293803534,-0.0008370133928964543,0.0018126621365495493,0.0027106228992497235,-0.0006052699468123133,-0.004304262910199547,1.0776617932801948,-0.0051361422947894106,-0.0044453475418082065,-0.004089267574116676,-0.0040326165707261045,-0.0038481574958651355,-0.0032860978956501543,-0.0024924375080103123,-0.0017106199320928838,-0.0009219220821118288,-0.0008178904047977247,-0.0007549097583322363,-0.000818995020101571,-0.0008750685969191262,-0.0007824391372395334,-0.0004921430168316941,-0.00018805738083267775,0.0003446526547222296,0.0011774140355516774,0.0024177221659654256,0.004299117748846173,0.0066342311778782226,0.006631738328176203,0.005801441572808884,0.004746378081191726,0.0037956629743109804,0.002989692153176273,0.002339953746407247,-0.0004858101561248167,-0.0010216948172272512,-0.001105715211760295,-0.0016694953769262931,-0.0005644748235639846,-0.0030814209140651964,-0.0006714321760079105,-0.002035645723775114,-0.0018702456147794088,0.001467741606250024
-0.00039089971371675844,-0.0004637694984604924,-0.0004966595093142952,-0.0003573267057708102,0.00016814028350013727,0.0015120690280082615,0.004763389928694334,0.002103479406750428,0.0006471144773299414,-0.00026318944663263836,-0.0009843978034365243,-0.001581796217588663,-0.00195623274482507,-0.0022403073606705646,-0.002355273510064563,-0.002193412250956703,-0.0009164370770636594,0.000995486088523169,0.001594541368932154,-0.000953485336973376,-0.0037934088894566826,-0.0051361422947894106,1.0785804527141503,-0.004824316952949266,-0.005016279532545584,-0.005357138291951028,-0.005333357764422349,-0.004735464720193857,-0.00365991886594344,-0.0025729485763894763,-0.0014279010216171947,-0.0013336153803270307,-0.0012968257690745692,-0.0013979458004034532,-0.0014837190162684183,-0.0013279652610781627,-0.0009071819069902577,-0.00042415140133231514,0.00039805573549733103,0.0016818491422676987,0.0035691814668612665,0.006305763046699171,0.009675131510611439,0.008543575463857292,0.006984228481809332,0.005466904816947871,0.004242014716979866,0.0032822833965711604,0.002538679448224556,-0.0001702883201951163,-0.0004275521098774407,-0.0004701850992736675,-0.0008630347920326664,-0.00011171685934800608,-0.0035762981291482775,-0.001925055431068165,-0.002078343412445765,-0.0016764223611589891,0.001377472070393388
-0.0003104043361890427,-0.00039583083346581347,-0.00047258227627584257,-0.00046922271726559294,-0.00019087555703688495,0.0007636652343109574,0.0036539617818161264,0.0020230970457025253,0.0009790719962325853,0.00020180926239380986,-0.00041434389790759036,-0.0008863330971352262,-0.0012608229874874891,-0.001606525461498659,-0.0018764420923343445,-0.001984823408001002,-0.0015325403449433245,-0.0007128003361108311,-0.0004968542704509324,-0.0018907412758482748,-0.0034397163078818305,-0.0044453475418082065,-0.004824316952949266,1.0778031239406443,-0.006788103803911037,-0.007872740949658116,-0.008193722404228906,-0.00755647208729252,-0.0059728341464651705,-0.004260484730597237,-0.002387098859387558,-0.0022533883746312998,-0.0022017150929902326,-0.0023377420948893918,-0.002440849930785152,-0.0021463206654155067,-0.0014812269043232309,-0.0006538783267710917,0.0007300950094437411,0.0028759885907547957,0.00601288269763974,0.010431572421373705,0.015933286042519812,0.01222531587892826,0.00911788221246274,0.006680353603421536,0.004940592262061838,0.00369888760972733,0.002795656753982051,4.8485952276654986e-5,-0.00010076202618929094,-0.00027660377519285256,-0.000799322200668356,-0.0003276818386468465,-0.004149855981513727,-0.004220915314746148,-0.002292283472170616,-0.0016164546085845463,0.001126901627151074
-0.00021784491789281798,-0.00031621442019933804,-0.0004412981230814678,-0.0005857819936992684,-0.0005728532309153256,8.216956285646897e-6,0.0026890398817687356,0.0020584805666212878,0.0014509892911843323,0.000842766991246997,0.0003118733386180833,-0.00010893463389858302,-0.0005426438124055222,-0.0009811804460341698,-0.0014301475252835696,-0.001761916675423873,-0.0018724915388316137,-0.0017812522731006798,-0.0018706333035420283,-0.002527138790153253,-0.003263655702872334,-0.004089267574116676,-0.005016279532545584,-0.006788103803911037,1.0745300218481029,-0.011029308755896765,-0.011904762967056892,-0.011358837192361955,-0.009221985047174959,-0.0067238778076918445,-0.003872867068378501,-0.003752876270222431,-0.0037181439782009666,-0.0039323852844344994,-0.004028594475372139,-0.003469591831009105,-0.002383662137803011,-0.0009633271206479354,0.0013007396343439647,0.004717157184676495,0.009619086021777409,0.01632717303473122,0.024709173882086446,0.016968308106731018,0.011596388111941813,0.007907535147871732,0.005517330547279133,0.003952791122079334,0.0028904506972644056,0.00023385218532906128,8.819561648374691e-5,-0.00032578830271505325,-0.0011561546825631709,-0.00060617203902613,-0.0043497503374606,-0.006610879666642634,-0.001993747897547755,-0.0011466588122174364,0.0009464300343793258
-0.00015881673930613987,-0.0002698880047961417,-0.00043470378368194273,-0.0006773538184919989,-0.0008239038471666893,-0.0003931052550920491,0.002480916498563355,0.0022151326404335056,0.0018153725588131715,0.001298942327368821,0.0008131178994671507,0.0003937538837768209,-9.604631191106627e-5,-0.0006127786738163114,-0.0012001702034541337,-0.0016512748532909794,-0.0020559639761031086,-0.0023588280694576253,-0.0026885444436159857,-0.002963764141050493,-0.0032913834248500533,-0.0040326165707261045,-0.005357138291951028,-0.007872740949658116,-0.011029308755896765,1.0693266459912194,-0.015768714274119227,-0.015565542921844668,-0.013093712009015681,-0.009873242756811382,-0.0059762491972221755,-0.005990948720717537,-0.00605333467807069,-0.00646316982618474,-0.006504448868772228,-0.005461032224842188,-0.0036490101346964574,-0.0012353880226272467,0.002315156687141281,0.007403511486481578,0.014436326998726495,0.02373862827008997,0.03528688177427021,0.022425883708533288,0.014317202193526881,0.009182549721513066,0.006066235208547792,0.004150971101311463,0.0029242239575283796,0.00026979372408017315,3.414171170771108e-5,-0.0007130539212487693,-0.0019857693231157963,-0.0010414204139832222,-0.004436406766785498,-0.008695023332970885,-0.0015829599446816095,-0.0006929396431369742,0.0005420686653268456
-0.00010552289928422006,-0.00021897815094154641,-0.0004035968991156989,-0.0007084067391706013,-0.0009766575745017282,-0.0007077887479195118,0.0021060645440383195,0.0022058768619803238,0.0020339086885941032,0.0016154818704457012,0.0011653557945232923,0.0007475952276141894,0.00020801887667856736,-0.00033622210322881613,-0.0009960522349154231,-0.0014689167567008613,-0.001995705865256243,-0.0024820224854670333,-0.003010591792773442,-0.0030797853679336803,-0.0031957918364138144,-0.0038481574958651355,-0.005333357764422349,-0.008193722404228906,-0.011904762967056892,-0.015768714274119227,1.0653043513568081,-0.0187274217391768,-0.016598296062825615,-0.013183184708122672,-0.008616169208519596,-0.008979380746419996,-0.00926008401062592,-0.010019532142412118,-0.009877855822050583,-0.008009719274568235,-0.005047662292074912,-0.0011559257507908311,0.004010610868371081,0.010869329489890028,0.01976599186702188,0.030972372880177082,0.04452028185953957,0.02674593221346623,0.016240170906681246,0.009946285657819146,0.006292989159507782,0.00413415958851267,0.0028101956331823136,0.0002871789795646809,-8.920422398915007e-6,-0.0010332358838554194,-0.002741229980165258,-0.001416416948541433,-0.004514842072332171,-0.009253780716146425,-0.0012912915616530422,-0.0005572399735886583,-1.0715326211133606e-5
-4.883957400880749e-5,-0.00015073281127309535,-0.0003298659604106304,-0.000653678368581319,-0.0010024830108089958,-0.0009263983361472847,0.0014609996800408866,0.001884223808532744,0.0019606143789963073,0.0016884955945378531,0.001336744072658581,0.000989143813315963,0.00046681710745913026,-1.0694200298521436e-5,-0.0006608740410624307,-0.0010681725349805363,-0.0016271477649060756,-0.0021918612015651823,-0.0029035925489801218,-0.002793622049557851,-0.002760147125404308,-0.0032860978956501543,-0.004735464720193857,-0.00755647208729252,-0.011358837192361955,-0.015565542921844668,-0.0187274217391768,1.0630847294015577,-0.01935777988184807,-0.01657937471284472,-0.012032863457013588,-0.01320025305768842,-0.013832833698294876,-0.014646823671815476,-0.013896869514239603,-0.010875399846917917,-0.006463288564208235,-0.0006708302694327007,0.006376849214003708,0.015046397677607912,0.025459223564601043,0.03771217243291136,0.051803246220343775,0.0294550991247776,0.017044608217552496,0.009998166178231932,0.0060762785209853105,0.003844695754924272,0.0025257973741770337,0.00027485383009118365,2.330218219349355e-5,-0.0010805992321770352,-0.0030411762378627382,-0.0018236115051140913,-0.004386908208074981,-0.009041112617032672,-0.0010355303148143426,-0.0003570625148164812,-0.0005955196674273101
-5.928391356731165e-6,-8.516305470888355e-5,-0.00023412875055682988,-0.0005263915692969865,-0.0008872075431483913,-0.0009792431884543971,0.0007319511587093466,0.0013785180076915091,0.001670533404221371,0.001495423547008813,0.0012426645776725518,0.000969439068549885,0.0005259638479260777,0.0001775687919161795,-0.00036414733851500514,-0.0006321364525090968,-0.0011283080456504716,-0.0016709769586692954,-0.002523394343820715,-0.002269079869309346,-0.002138839025545375,-0.0024924375080103123,-0.00365991886594344,-0.0059728341464651705,-0.009221985047174959,-0.013093712009015681,-0.016598296062825615,-0.01935777988184807,1.0632399490814428,-0.020009742131964915,-0.017551154574434954,-0.020670991032000593,-0.021050219705897176,-0.018354068734318406,-0.014468989214539398,-0.009947063187089666,-0.0047122970584992764,0.0019968803058762704,0.00972932422017164,0.018805901126846204,0.029097665673490355,0.04059375451259953,0.053246978712225876,0.02886228957506274,0.016068281574071915,0.009135851116446568,0.00540289055405727,0.0033298808123492308,0.0021349812457825052,0.0002058000191780514,8.02887737393671e-5,-0.000963532933145454,-0.0029811582636647704,-0.002411865457592939,-0.004081111292988019,-0.007795377699945832,-0.0010658781134436732,-0.00039325340278899013,-0.000976185188384531
3.7382079432986246e-5,-1.2341194276754576e-5,-0.0001159950393396977,-0.000354644000750408,-0.0007081043124563376,-0.0010229883775442394,-0.0003302950355631639,0.0006701402573738425,0.0012843835453656917,0.0011413478138817827,0.0010693690543420661,0.0008431174712311371,0.0005612871721795181,0.0003511162753280497,-1.6892158106639455e-5,-0.00013367306253358487,-0.0005072257586383198,-0.0009763412408484983,-0.001958556470624852,-0.001588943354463964,-0.0014580238118334517,-0.0017106199320928838,-0.0025729485763894763,-0.004260484730597237,-0.0067238778076918445,-0.009873242756811382,-0.013183184708122672,-0.01657937471284472,-0.020009742131964915,1.0580551739012891,-0.028596629838249826,-0.03636098753866995,-0.03522376602022178,-0.020735761759855552,-0.00800552592197139,-0.0013074620753292922,0.0033211465965117095,0.008829787938693923,0.015023050422858892,0.02251738367780272,0.030997673193746158,0.04048565275562483,0.050884573198152185,0.02632718497966268,0.014243920764963428,0.007977844631772188,0.00468309911938398,0.002880308021161999,0.0018472981338421574,0.00017613218940184,0.00027101955429748226,-0.000536397331205233,-0.002419748677661739,-0.0035297340291684442,-0.0037144384925657616,-0.007226607252793498,-0.0012694356775587408,-0.0002969264743776438,-0.0010009751621200594
