0.888983942889656,0.17496562414318378,0.3275289132361956,0.06214046533969734,0.2674995928642844,0.08388549956710391,0.2337975092752568,0.11445274824928835,0.1448640728920249,0.20047689979386005,0.08468898783992787,0.1566271784668718,0.04556178547044554,0.16951587623458186,0.14313805265016566,0.12839005713099205,0.0941398895099767,0.10930042017061216,0.020399982885710866,0.07432668370529097,0.08691567494928462,0.02486513271558858,-0.03591112953145415,-0.001187094975764469,0.09649340569637753,0.19880702860299007,0.04975107266523833,0.2107118338045864,-0.013890797046010244,-0.026771173415143817,0.1347092765143296,0.11037019035839529,0.07585107683137636,-0.1250071084869097,0.01028391471417024,0.1131537736450664,-0.01863029523624044,0.07434157603401856,0.046049577813289264,0.020644044519058432,0.14482028663587426,0.08322160490366692,-0.03984964552828806,0.05273625506947477,0.18012397826271392,0.1690066373104403,0.05646825716281701,0.005223133250586024,-0.07443419703478145,-0.08282053832845626,0.03898499281266527,0.12292409614761042,-0.07841908970910806,-0.0012576899541302895,-0.2873888466349255,0.03602732000305754,0.09180575468799806,0.3626207577579457,-0.4624945034652281
0.17496562414318378,1.1727736407553184,0.6455172881415346,0.12564563588901154,0.09116058210851614,0.3006192028842832,0.06771753426764508,0.30725616167551145,0.14790657818730146,0.23656443227196694,0.17955497099875675,0.1105171571269352,0.05119401852508051,0.17524674854241085,0.14550795581132636,0.12517423921788345,0.1432124718079168,0.3161858951533813,-0.0006957041575724299,0.3163857919412328,0.23854054057138702,0.07503507429271887,0.054556363610855745,0.0351192069751324,0.3522541751040396,0.2964663872932033,0.1580239484369544,0.33091120656734285,0.2766150979654679,-0.18856838319054092,0.2519258742923105,0.07251858771134095,0.0851080778629823,0.21286120333124375,0.14123874747810106,0.22969596617290097,0.1312019050442979,0.15903288098140833,0.2470824582751445,0.10939797342202211,0.1933413596159531,0.2217332786583042,0.1788223768771964,0.08228477915724423,0.5722108077675674,0.2716097755410684,0.12555759614404643,-0.013141482087466277,-0.3941685138449221,-0.2918356570156857,0.22513293959855502,0.37376288234706195,-0.268037141818957,-0.01851295854324079,-0.17193615649166408,-0.17666931414468268,-0.2672825955713211,0.14718130913115002,0.2678746979131395
0.3275289132361956,0.6455172881415346,1.484897336663475,0.0848547370601677,-0.06686459537654045,0.129637520316339,0.10051032986065783,0.2517394618280464,0.3229768746595424,0.22911700069751903,0.03238807681577472,0.0763232398113336,0.02634716613822858,0.12558724758336906,0.12033638255087138,0.042973105663995786,0.16320372259539043,0.18139322908135452,0.014497243182522978,0.08545286040776759,0.15384908119801105,0.0648138829068139,-0.04215909977544003,0.05043178789569738,0.26207908962354437,0.2427080831138858,0.07444076913244783,0.38836877988957824,0.12437733229910457,-0.5325754985469071,0.2554244952670582,0.058833334612153176,0.015784683924955824,0.03257700508820566,-0.12122817417148726,0.3649206674839131,-0.05675045318921619,0.06682019952037425,0.09893190137430988,-0.15447540364928103,0.27472489731262645,0.15665349728104583,-0.11151373965582895,0.06498764503880998,0.4662695699676772,0.4280424373515653,-0.08930746493307763,-0.061950127216102505,-0.7264163200149827,-0.14361751634667436,0.16087226134115695,0.47577431748323273,-0.27142683172177223,-0.14983586985748998,-0.2458814304862407,0.007339815279607381,0.027535214558008333,0.08494047481540039,-0.2097969525120292
0.06214046533969734,0.12564563588901154,0.0848547370601677,1.053612101395016,0.49016805988823536,0.42386232760457027,0.32877062028663157,0.1919410484512869,0.24545622433537442,0.20234534120956188,0.24290904442009134,0.29410907432079564,0.15633831431478185,0.30632570870696507,0.25458273840336654,0.2830065055276939,0.19589611248763317,0.20792915132120018,-0.027916435933954063,0.1946081750402621,0.18306787273846348,0.16285882296319398,0.203469043822839,0.21813342493112411,0.2700425094342473,0.27942947303767696,0.13344397249355122,0.055135295032581466,0.3064980441384274,-0.025582173202721378,0.18921457905970088,0.14437066954444475,-0.015326570968266907,0.4120816708214303,0.22849251257485356,0.174140347550791,0.05950671402124253,0.08937718554948795,0.1915401234167653,0.1461452185049846,0.04473661534400086,0.16812042160060664,0.32030655100647704,0.0469915792559172,0.21100660227103127,0.07458693101044565,0.14530125172247277,-0.02919026396501843,-0.0366049875304115,-0.24365128287993623,0.005141984904606991,0.13419968545809854,-0.006356279011715907,0.05209311664234584,0.21439020527958433,0.0008560593029838935,-0.2632604236835858,-0.1522050082213367,0.2765329857421622
0.2674995928642844,0.09116058210851614,-0.06686459537654045,0.49016805988823536,1.0991969837870479,0.28834873060361227,0.18609266319399695,0.17463469910782006,0.20750497759220016,0.23793683710166807,0.21746269139668037,0.24834507479098006,0.16637834038694624,0.27813772924945585,0.31476129459244173,0.32404132444618616,0.14281685373146807,0.20364632890457302,0.013076252845657353,0.19862584367578978,0.1689659221556677,0.13834443628672857,0.21641604370998907,0.19825563785606384,0.18442998652960854,0.2702234349734263,0.10714801137676642,-0.003478069925542643,0.25610062039914,0.04402613297105834,0.16853154660242853,0.1663115075551346,-0.002422660132161569,0.4314312526091386,0.2684984684351944,0.153844098725192,0.08267215660333578,0.08131503742158397,0.18099261927217558,0.17654315999426032,0.05640003476214411,0.17027447466501314,0.2435167038100742,0.06060115618097404,0.1974657438496586,0.045156958867891527,0.171750997294374,-0.013296180246963758,0.056074087032848975,-0.27477371103284814,0.028737797969489436,-0.03152929924469057,0.10458359140173179,0.12710611528465315,0.01940683850940194,0.022988293630436394,-0.20098428455000358,-0.016097100056867406,0.09852217349709835
0.08388549956710391,0.3006192028842832,0.129637520316339,0.42386232760457027,0.28834873060361227,0.8945389170058504,0.10223493028543254,0.4058065509855337,0.23110631745670437,0.29335294494271147,0.3441398764285643,0.2948848524064341,0.13970474865468446,0.3447820842704467,0.21454283793150739,0.25504873220823826,0.2634740773756476,0.255327131295208,0.13175103005062738,0.33859353047044743,0.2088870490493128,0.16291253940998912,0.1456384018864821,0.17157279390999547,0.37048597725142657,0.358863784041097,0.17895951429040252,0.13840694467685594,0.411205734928882,-0.052892456279683656,0.23573201730498372,0.18813625767319617,-0.02077788053959564,0.39598255564717294,0.2795724715178712,0.1387619372321167,0.12936589018214323,0.18252597733782372,0.315439541344256,0.19347071284692893,-0.04051476761829198,0.18122719559001252,0.3166538600506038,0.07040752633464324,0.3302098226292799,0.11439316677759812,0.18809878969593316,-0.018601546497236502,0.01205599812047007,-0.1393570030482345,-0.04984409831133773,0.12198957333280427,-0.08713029306893169,0.08095187569575418,0.0170129068089067,-0.06901267498981278,-0.19499698574311017,0.09520750579005446,0.06537769438406295
0.2337975092752568,0.06771753426764508,0.10051032986065783,0.32877062028663157,0.18609266319399695,0.10223493028543254,0.6689021695443846,0.03585834213751232,0.3325458021663175,0.10518198709463825,0.1316014940759096,0.2890484011515163,0.10721480892927263,0.0577520104410885,0.125908540776285,0.12866229880669072,0.13188462310003213,0.09497306141832125,-0.08844661100997882,0.01730867301604196,0.09979285969499437,0.11195753822138944,0.10049037044501706,0.13238783000702042,0.12662187965188898,0.13442605256475565,0.13861521626614715,0.013278082736543892,0.10797773723541312,0.0611260837105312,0.11882003336187316,0.1256107540230577,0.05465638498991981,0.20432023356907503,0.07170773094131068,0.16225087773286617,0.019882010289752866,0.0236867988018961,0.009452529565519863,0.02532478024493555,0.055848091829039034,0.09192448086003822,0.09395795002327174,0.022175739892894505,0.04426554290833877,0.11223443234522186,0.07479563072691801,-0.026378421997898503,-0.04019166216277289,-0.1504632187606682,-0.02667952931009763,-0.05466115847522039,0.24067080717006895,-0.05598598665269582,0.009570745775894436,0.08231985833914406,-0.037958976763878834,-0.012618582824741544,-0.10146492448599266
0.11445274824928835,0.30725616167551145,0.2517394618280464,0.1919410484512869,0.17463469910782006,0.4058065509855337,0.03585834213751232,0.6957450668344558,0.012425224507816376,0.28148806745729127,0.33635238969078785,0.19997771041711315,0.1479421766932019,0.28878419366950436,0.1616333378612133,0.233207350448984,0.2689966886650866,0.19717278486954676,0.1763206114194791,0.29645811554767304,0.1555068169367092,0.1271618963738797,0.06878024207155464,0.08525242504563851,0.28002291267553175,0.22529244528877165,0.14322881643537738,0.1794891329403932,0.28295110251415273,0.07193320491787382,0.14658709143769294,0.15249742007045164,0.055552751091336554,0.2981093842851473,0.13950821571746724,0.17491370321485614,0.1857299584296832,0.1717799818396727,0.24630122869520077,0.09608540087238134,0.11006258719097184,0.1341173254230491,0.20504147667429687,0.08083715521748917,0.2729901890670922,0.18418866428205968,0.20430039463553612,-0.0005597461724296593,-0.052686051546457134,-0.08311434992199472,0.01633661461356095,0.09221680386406907,-0.01342275702407885,-0.015891934210786784,-0.13311367890263187,-0.19121967196710649,-0.08098943661901721,0.24884251069916377,0.019878344288384413
0.1448640728920249,0.14790657818730146,0.3229768746595424,0.24545622433537442,0.20750497759220016,0.23110631745670437,0.3325458021663175,0.012425224507816376,0.7477015663824989,0.053019929386844133,0.0010960923810557062,0.11472557544886734,0.05814097246672909,0.12764337142089704,0.13413587308192546,0.06712333958180233,0.12079366473928355,0.08200343594478776,-0.16156479793277728,0.033665222252434256,0.11139585889240475,0.03832779592717783,-0.0031532612631118982,0.1677535882935107,0.05386700761686325,0.29697316833498977,0.09451031616738605,0.14754349384377227,-0.011378442955769907,-0.1936132110875506,0.25119987335954624,0.07745567955716977,0.0262812317975028,0.04163899718462322,0.07335165398295392,0.11903528028733375,-0.0859062879976378,0.02616835634597257,-0.05528031235994577,0.03339166220914963,0.006768419439396424,0.10334372852710551,0.04940471037713021,-0.012413656182104653,0.1970217372773288,0.12585968309310164,-0.01777709914106109,-0.0347031944478424,-0.26368204739472106,-0.23930360300853937,0.06604489907408682,0.19037168679005423,0.016214945579383206,-0.018401802195026285,0.10157735565034373,0.2130378320674314,-0.09194224493781002,-0.1169498066832697,-0.1911762514597031
0.20047689979386005,0.23656443227196694,0.22911700069751903,0.20234534120956188,0.23793683710166807,0.29335294494271147,0.10518198709463825,0.28148806745729127,0.053019929386844133,0.8932657202103275,0.21779498898915106,0.28998655071628554,0.09030147171055339,0.22778686218813385,0.2787188203261015,0.18302735631187045,0.24825958980664278,0.3194772285549314,0.1377642855455939,0.1517985739128692,0.15910002941543952,0.1849390154541545,0.2814180490892086,0.15941132247985476,0.28202139106749025,0.16691830346697276,0.26042637239004807,0.044508158118045635,0.31562787155113403,0.19755959419154057,0.1436470054899866,0.16646428422641352,0.08930608864571915,0.4807803833543049,0.2861761242004103,0.2776105329050138,0.23893013630184318,0.08287801740187724,0.2453939037539093,0.12791350386504632,0.1913606502099702,0.14833543448611314,0.19608131099684417,0.12835925745274673,0.39171321463259745,0.25720131995182494,0.3187874248706289,-0.03479937362944854,-0.09972773474774128,-0.008025223891283845,0.07621614063850102,-0.2069165025434418,0.06232226316249386,0.0857269037824457,-0.19389545907073522,-0.01950858846121197,0.03570189268137533,0.12010779801269955,-0.1425113769436689
0.08468898783992787,0.17955497099875675,0.03238807681577472,0.24290904442009134,0.21746269139668037,0.3441398764285643,0.1316014940759096,0.33635238969078785,0.0010960923810557062,0.21779498898915106,1.0940774515229728,0.36847971300642035,0.17698652268610615,0.2181219047020512,0.32587278454540497,0.44016294360964975,0.2835816975556639,0.2600556714003722,0.14125571449796653,0.4101657824088779,0.2866491866942861,0.17999110152558168,0.1486749709838765,0.2258038330108726,0.1632777013982997,0.1634698882721738,0.3086623422499271,0.1619260269681407,0.28556657846052247,0.31314435404095625,0.28053357650577265,0.2428050100633245,0.19866463645255075,0.3459727840320392,0.2569921878449869,0.29257955350797715,0.17277666815325737,0.20635394154258324,0.301232486126752,0.2393559112165559,0.12696051515416057,0.27761604108855786,0.2878778615015588,0.10581400046070884,0.5681317066777489,0.24610078910893898,0.3362352729535835,-0.0022676712296945062,-0.06650246610849454,-0.4870185849394839,0.1222584010720646,-0.18199314822976118,0.5051047876840145,0.045005441322086115,-0.18811822501606199,0.05619655042221893,-0.16355657278532942,0.21487297489693893,-0.16463804482162003
0.1566271784668718,0.1105171571269352,0.0763232398113336,0.29410907432079564,0.24834507479098006,0.2948848524064341,0.2890484011515163,0.19997771041711315,0.11472557544886734,0.28998655071628554,0.36847971300642035,0.7723955254112694,0.14358022952216065,0.18113622558932616,0.22216507006941266,0.27194002833783004,0.22183745044785533,0.14564459807255106,0.09095435734850192,0.18069838577784325,0.15778424441301162,0.15048377066406518,0.16019102571823002,0.15527566649826824,0.17393478899390863,0.1207347254147355,0.2337601071044161,0.05391135965445121,0.24975313665935553,0.1628269270290967,0.09620168492955944,0.22770138003041998,0.08277542192013673,0.31222044893927947,0.16598519808908638,0.2342603562445224,0.07238279279570517,0.09705408797254164,0.1879855010711648,0.11410902853532108,0.07400469716517195,0.14554827068386716,0.19532180791282272,0.060114048040322346,0.19911998983052945,0.16596681320354836,0.18887135731040902,-0.0073745623617838185,0.12488066555237512,-0.26918138406374736,0.004605353392246419,-0.09956700083162535,0.25976170325023656,0.025928991602397797,-0.053641771153307684,0.09405444872149306,-0.12079010006213849,0.08481911096691415,-0.19630784625431608
0.04556178547044554,0.05119401852508051,0.02634716613822858,0.15633831431478185,0.16637834038694624,0.13970474865468446,0.10721480892927263,0.1479421766932019,0.05814097246672909,0.09030147171055339,0.17698652268610615,0.14358022952216065,0.3833969112230128,0.10333572256249804,0.11659416807554436,0.16028866830206295,0.16837485075819955,0.11407334358989091,0.09594407697109342,0.09597199784123811,0.11770436210736342,0.25364996572344345,0.10457843714093627,0.1458071859432143,0.14802526757642095,0.13332915720595154,0.15657744046338848,0.02675529047830278,0.197395420451799,0.11090904403984261,0.11829303663538404,0.1631961851130909,0.08317562274449355,0.21582327841597698,0.15061812370765534,0.142480258342749,0.07923396821079358,0.05934818388330383,0.14920826744402801,0.0777075435448774,0.09710358288665642,0.11144943692256461,0.1483078274892837,0.07075111670037959,0.017217571140814555,0.15241657259560606,0.14369784498852387,-0.03909604879046326,0.15008038168175153,0.055115404860318004,0.003331088457950221,-0.15913482216369115,0.08035390957844302,-0.00747892179824798,0.12218270800728416,-0.00047359099845788524,-0.1012770181799927,-0.1729795150915312,0.1786389077667172
0.16951587623458186,0.17524674854241085,0.12558724758336906,0.30632570870696507,0.27813772924945585,0.3447820842704467,0.0577520104410885,0.28878419366950436,0.12764337142089704,0.22778686218813385,0.2181219047020512,0.18113622558932616,0.10333572256249804,0.555832444064718,0.23924035955669948,0.2912344850908887,0.21920705203320964,0.17136621033545021,0.09018900236952256,0.27029154224648705,0.2040183200038698,0.14683639739296148,0.13198029325673946,0.15172407935708043,0.2632749483087073,0.3210198804296153,0.0452496957062146,0.15863560103581548,0.25323494680197334,0.04754147431167584,0.1511591487219458,0.12654811972059124,0.01694207152791417,0.23041062132585502,0.16961342779581493,0.18150466808498136,0.05793646242608971,0.12969630767395218,0.29267168907803487,0.16408554102120862,0.17788729575591583,0.1863629570398667,0.2681000529176732,0.08243558022571856,0.34530949944891304,0.11395549180591566,0.17756311973579125,0.0035721206347072826,0.13123137884585373,-0.15646171679466558,0.05648754284886234,0.07082477091917841,-0.09234263410027452,0.07166532703905458,-0.12510792518589228,-0.01655331596599568,-0.23350880791855763,0.22569428934532898,0.013990178725095814
0.14313805265016566,0.14550795581132636,0.12033638255087138,0.25458273840336654,0.31476129459244173,0.21454283793150739,0.125908540776285,0.1616333378612133,0.13413587308192546,0.2787188203261015,0.32587278454540497,0.22216507006941266,0.11659416807554436,0.23924035955669948,0.7065360039264087,0.22323170937444164,0.1796235682087523,0.23505157810686997,0.08999199733615666,0.2536035250199791,0.20789337370551011,0.050778637433994786,0.12664103807891194,0.18608894138434856,0.22422104827357411,0.25127443890036816,0.1907616307477939,0.1465990466495682,0.22604298733127998,0.11715531867497486,0.25027824646160196,0.12186083401561547,0.10780353589838812,0.29255982169228567,0.26258600067511867,0.20575547174722694,0.14572791919406167,0.0998640816933777,0.16732662361549566,0.14639231572433273,0.19260013790456526,0.20431856427545297,0.24871366120396576,0.0614943574574666,0.3923514772430112,0.1623200440379324,0.21550261753610883,0.016501018423061644,-0.05347659785677037,-0.11518249937518,0.013045162767817628,0.11097938210831156,-0.0392959692976614,0.07807533247673586,-0.018346583751904857,0.10823361319986725,-0.2068820955607993,0.03439808276293372,-0.03317400526055728
0.12839005713099205,0.12517423921788345,0.042973105663995786,0.2830065055276939,0.32404132444618616,0.25504873220823826,0.12866229880669072,0.233207350448984,0.06712333958180233,0.18302735631187045,0.44016294360964975,0.27194002833783004,0.16028866830206295,0.2912344850908887,0.22323170937444164,1.167867218589247,0.22861741043251482,0.1550368037436418,0.14920500969821698,0.25194756001317364,0.22173164143951227,0.13378346040761835,0.0007186568818904553,0.15502339339259394,0.15019744947194288,0.22684517674668706,0.15302555570038193,0.3386976084945075,0.2291265985831974,0.2342716859715415,0.21684115841944546,0.2488117844730277,0.07243948847015223,0.2517218103061124,0.31346380750532676,0.21820702924991697,0.034440320899593944,0.10998178013599653,0.1915832697119244,0.18857582543394638,0.17894854466152446,0.21284493264029333,0.2939534042798551,0.0798070364291602,0.2964664731326734,0.07749776769136414,0.2246385299291803,-0.0008714702407569652,0.06303840949743764,-0.7020565287159183,-0.03246688164325849,0.09069061850690456,0.2522708693183646,0.11224608070273451,0.025953054462550314,0.028017604757848265,-0.34135086881104076,0.054443212859353336,0.0797631496691791
0.0941398895099767,0.1432124718079168,0.16320372259539043,0.19589611248763317,0.14281685373146807,0.2634740773756476,0.13188462310003213,0.2689966886650866,0.12079366473928355,0.24825958980664278,0.2835816975556639,0.22183745044785533,0.16837485075819955,0.21920705203320964,0.1796235682087523,0.22861741043251482,0.6969459738405226,0.09806599950680958,0.11054288134782397,0.24696368246890582,0.2330749572793937,0.2767656594418952,0.13251417356414757,0.17517093487973456,0.3393117860072726,0.00241485668935503,0.2299816224462034,0.0744678875680421,0.3809922400103854,0.21650119833967443,0.1336559937149904,0.13501156775173626,0.10592888033273423,0.29918872875093244,0.18830839587935466,0.2982799916623194,0.29374605367249773,0.15575605047004,0.33851646905844757,0.13506616348119044,0.17743272764796833,0.2095018711336732,0.2597674373319098,0.08139861417399157,0.3839103022148415,0.2515984324079599,0.26040360183026245,-0.04505596005928955,0.006035020584888448,0.20121077924671463,0.028044368200965085,-0.262335422220072,0.1468568510849286,-0.029149457323000172,0.006335171778675823,-0.04792250615799502,-0.16099023301160206,-0.011409741937617963,0.10440590019166987
0.10930042017061216,0.3161858951533813,0.18139322908135452,0.20792915132120018,0.20364632890457302,0.255327131295208,0.09497306141832125,0.19717278486954676,0.08200343594478776,0.3194772285549314,0.2600556714003722,0.14564459807255106,0.11407334358989091,0.17136621033545021,0.23505157810686997,0.1550368037436418,0.09806599950680958,0.8187872042619986,0.126720981014401,0.011127073542469595,0.2590819095421993,0.28920284700774224,0.4821088367582172,0.16138072551911659,0.3862704898801139,0.44084337482029956,0.10914263292660256,0.07111792050514455,0.31006982316858167,-0.06844546762296679,0.3785741117743407,0.1524307141471224,0.13186134936946964,0.3421021954376195,0.25271172048793283,0.2651767714735012,0.003589941389835417,0.0005490732950541965,0.36589159264358684,0.2309973640714175,0.26946644750977145,0.22936656655462234,0.2679832204644347,0.13191073275066934,0.5323204341077091,0.24214741520616187,0.3745208761443574,-0.04790638543588421,-0.11834507744997434,0.1366045322974095,0.2679261292020702,-0.006385227265285245,-0.35745166891129326,0.020149391389486116,-0.053543565545589866,0.0019646815469904983,-0.11436411209228402,0.08673405254122536,-0.07014459792314431
0.020399982885710866,-0.0006957041575724299,0.014497243182522978,-0.027916435933954063,0.013076252845657353,0.13175103005062738,-0.08844661100997882,0.1763206114194791,-0.16156479793277728,0.1377642855455939,0.14125571449796653,0.09095435734850192,0.09594407697109342,0.09018900236952256,0.08999199733615666,0.14920500969821698,0.11054288134782397,0.126720981014401,0.923365856073683,0.12827915232262782,0.12141727166682258,0.15809503569588973,-0.06209882118112116,0.012373332079689811,0.16023870379531668,0.03494962319013092,0.0411580876639239,0.18468130868816626,0.1591824267459602,0.16640160864456338,0.12128281806288338,0.10748706214367593,0.14193637561484657,0.10705506610841212,0.008272394504804948,0.1495075981381642,0.19289804121066806,0.10005203771117709,0.3129087004939739,0.021421341869919328,0.1763139031738135,0.10818274458108612,0.10784130775130879,0.06358298610567992,0.10457535813179945,0.0895146703379218,0.13182358300785113,0.04599921631388266,0.3410327454243293,0.4836455516607764,-0.066503559048057,-0.14633382814917378,-0.16171904549554647,-0.08684220697977021,-0.17736261394583835,-0.0405789152556254,0.03730958859552985,0.22542037718027894,-0.09850472563580465
0.07432668370529097,0.3163857919412328,0.08545286040776759,0.1946081750402621,0.19862584367578978,0.33859353047044743,0.01730867301604196,0.29645811554767304,0.033665222252434256,0.1517985739128692,0.4101657824088779,0.18069838577784325,0.09597199784123811,0.27029154224648705,0.2536035250199791,0.25194756001317364,0.24696368246890582,0.011127073542469595,0.12827915232262782,1.2166124020274727,0.2080577687857617,-0.06533860737511724,-0.17325486292141642,0.10125212253114439,0.23410317804057976,0.27795574075685625,0.21928788660114007,0.4726052514615977,0.2609574031685025,0.2356253502181716,0.28248725062030816,0.21523007312716758,0.15087380895705912,0.314697673508655,0.2215348637553644,0.16128136486381742,0.5685569933313254,0.5245302881276296,0.5002456992412695,0.31917422638668597,0.10045423319576115,0.19295619635906455,0.43770933489652436,0.10134683306296015,0.6495037106230326,0.19046467579490742,0.1853683617280515,0.11417209453715015,0.23656067046056928,-0.37497627281043805,-0.04457078761060934,0.261040506684088,0.11471412424716372,0.007434127254176511,-0.02414567323272908,-0.024349045712673885,-0.03435117815795278,0.20270053159364423,-0.1587236461779958
0.08691567494928462,0.23854054057138702,0.15384908119801105,0.18306787273846348,0.1689659221556677,0.2088870490493128,0.09979285969499437,0.1555068169367092,0.11139585889240475,0.15910002941543952,0.2866491866942861,0.15778424441301162,0.11770436210736342,0.2040183200038698,0.20789337370551011,0.22173164143951227,0.2330749572793937,0.2590819095421993,0.12141727166682258,0.2080577687857617,0.4683113382521309,0.26184656248231203,0.1754734108646187,0.16895463250444925,0.2790837840142328,0.14887329793506746,0.15354362155474996,0.1676018275667957,0.29219289257700237,0.18552211774251312,0.2900994944361771,0.1332255918559848,0.2424373478554555,0.2149989851599573,0.19356951358220648,0.3351943163093543,0.05376200975968941,0.11035493634874485,0.5245043771070345,0.22918388872836254,0.31062858763470363,0.4358774945738681,0.3005977143007776,0.1327160479377547,0.76057982050644,0.22815720276767532,0.308078642964238,-0.0022982598331590656,0.0911092809415939,-0.13913391638770517,0.1356169857606757,-0.23276044587809133,0.20297911058756327,0.016298822289731646,-0.12426113290988317,-0.005647959293040698,-0.3087114502699525,0.10823428205239392,0.14740269837493275
0.02486513271558858,0.07503507429271887,0.0648138829068139,0.16285882296319398,0.13834443628672857,0.16291253940998912,0.11195753822138944,0.1271618963738797,0.03832779592717783,0.1849390154541545,0.17999110152558168,0.15048377066406518,0.25364996572344345,0.14683639739296148,0.050778637433994786,0.13378346040761835,0.2767656594418952,0.28920284700774224,0.15809503569588973,-0.06533860737511724,0.26184656248231203,1.1313685241729707,0.7027276445668352,0.23881906331113426,0.2475144222276095,0.012117388942067445,0.24506289073364573,-0.33647664036154407,0.5365670515573976,0.2474756331404809,-0.10882912069192446,0.247360362022287,0.08092997247701367,0.4019215681439893,0.043613795396698095,0.3744459215664324,-0.000674871734365684,0.028495408268246987,0.8203286357893682,0.17067035363425948,0.3147102214715756,0.2469515893338701,0.281862274306542,0.21476262373209176,0.09243668281158643,0.34999033045462696,0.351250453584084,-0.19977150182305836,0.9307781902435351,0.07052075350851564,0.06231237664865757,-0.57187963037737,0.34915629623220124,-0.05527420549411606,0.059718965406928344,-0.021298939989786016,-0.16332501800200028,-0.17869532299716182,0.23047289738349833
-0.03591112953145415,0.054556363610855745,-0.04215909977544003,0.203469043822839,0.21641604370998907,0.1456384018864821,0.10049037044501706,0.06878024207155464,-0.0031532612631118982,0.2814180490892086,0.1486749709838765,0.16019102571823002,0.10457843714093627,0.13198029325673946,0.12664103807891194,0.0007186568818904553,0.13251417356414757,0.4821088367582172,-0.06209882118112116,-0.17325486292141642,0.1754734108646187,0.7027276445668352,2.036887060056858,0.4575846069968843,0.3370293699226004,-0.23980998959088598,0.23073008141320994,-1.1919748913492663,0.9037209901826677,0.25060409309376797,-0.7627715271991368,-0.09118509106009541,-0.15432815470799915,0.5792983120738792,-0.04320540607418816,0.5015046336412101,0.08971922537442265,-0.14495036282374402,1.1960964280965656,0.3352951321037664,0.4186644529849998,0.15082739435833534,0.47805969783108015,0.3380409022085194,0.08078297626916314,0.30807781756303043,0.4472387566415976,-0.059656862255205674,1.0815451904455717,0.15448996157448774,0.05958076902628482,-0.6337834732835906,0.5596072223005841,0.01008943359082503,0.2336874924280915,-0.04264868311721635,-0.30686718830987514,-0.42098721044645226,0.6360774134087226
-0.001187094975764469,0.0351192069751324,0.05043178789569738,0.21813342493112411,0.19825563785606384,0.17157279390999547,0.13238783000702042,0.08525242504563851,0.1677535882935107,0.15941132247985476,0.2258038330108726,0.15527566649826824,0.1458071859432143,0.15172407935708043,0.18608894138434856,0.15502339339259394,0.17517093487973456,0.16138072551911659,0.012373332079689811,0.10125212253114439,0.16895463250444925,0.23881906331113426,0.4575846069968843,0.8025885738537912,0.17328744961219003,-0.06934859280043215,0.1634702937022364,-0.2900143320703591,0.3059683205937506,0.22425460964700875,0.3001693050924124,0.05802638476901272,0.14525781229438336,0.27083608028008777,0.19389491356823516,0.30904735165397984,0.15032302156999883,0.07597284229206727,0.12125572118805153,0.12841492786596806,-0.027272164255766868,0.15184742462222905,0.2575248329700199,0.02660604471585279,0.09401705887104149,0.22432621237226955,0.2325727238139834,-0.06639352856888853,0.00027964891837994475,-0.1418604810258657,-0.0007124674473661742,-0.34491350692834116,0.5007784440172589,-0.02522066295444819,0.4377847323473485,0.08406258424592616,-0.16502700328109765,-0.7368830623251241,0.7449781581020501
0.09649340569637753,0.3522541751040396,0.26207908962354437,0.2700425094342473,0.18442998652960854,0.37048597725142657,0.12662187965188898,0.28002291267553175,0.05386700761686325,0.28202139106749025,0.1632777013982997,0.17393478899390863,0.14802526757642095,0.2632749483087073,0.22422104827357411,0.15019744947194288,0.3393117860072726,0.3862704898801139,0.16023870379531668,0.23410317804057976,0.2790837840142328,0.2475144222276095,0.3370293699226004,0.17328744961219003,2.0422018087230067,0.15760153283770048,0.1949056295405436,0.17234571498560597,1.0423280670281505,0.09761791083974912,0.37445372558984164,0.16266305885718732,-0.13830728646016102,0.6156016162808369,0.27567147103943046,0.6390698377170436,-0.11890512648590963,0.13567322284084463,0.4613961688269592,0.20364739522159997,0.46998758135027824,0.2308282217127429,0.3512367245127182,0.10990069007026923,0.5596652014435384,0.43266613608258114,0.3083647454893397,-0.10521190285716649,-0.40604324177560125,-0.5007654667034699,0.2836990180482465,0.0700781071893791,0.14176511095617475,-0.01967516492892583,-0.04617665828399775,-0.10936706495730926,-0.16297523742452535,0.040535923021044154,0.1467409942709676
0.19880702860299007,0.2964663872932033,0.2427080831138858,0.27942947303767696,0.2702234349734263,0.358863784041097,0.13442605256475565,0.22529244528877165,0.29697316833498977,0.16691830346697276,0.1634698882721738,0.1207347254147355,0.13332915720595154,0.3210198804296153,0.25127443890036816,0.22684517674668706,0.00241485668935503,0.44084337482029956,0.03494962319013092,0.27795574075685625,0.14887329793506746,0.012117388942067445,-0.23980998959088598,-0.06934859280043215,0.15760153283770048,1.9076986494003803,0.05066689438187549,0.6505458678749823,-0.2764488529486883,-0.5635491424894339,0.5528779907274933,0.3969698790796128,-0.04577142060046508,0.16374630732391432,0.0959771083893746,-0.02290806539458678,-0.5299452782215676,0.06528675894811023,-0.015564551773604888,0.11154824039701453,0.4478009267553572,0.10909060556181827,0.02089638272615221,0.021251843613653808,-0.09266706814212938,0.025663439576989463,-0.03477739115136252,0.0773519549264833,0.388814162041844,0.19704526325012983,0.06727173397279962,0.6769487237391238,-1.0152651355767355,0.012134976855544892,-0.13008535116362016,0.0404004525673224,-0.03749389126089957,0.40972236380086374,-0.454520982718048
0.04975107266523833,0.1580239484369544,0.07444076913244783,0.13344397249355122,0.10714801137676642,0.17895951429040252,0.13861521626614715,0.14322881643537738,0.09451031616738605,0.26042637239004807,0.3086623422499271,0.2337601071044161,0.15657744046338848,0.0452496957062146,0.1907616307477939,0.15302555570038193,0.2299816224462034,0.10914263292660256,0.0411580876639239,0.21928788660114007,0.15354362155474996,0.24506289073364573,0.23073008141320994,0.1634702937022364,0.1949056295405436,0.05066689438187549,1.6001010896904768,-0.12522002656237158,0.2154264717152467,0.3457322954146163,0.09638147232951459,0.21359666216015408,0.40592624628775403,0.358070869005327,0.44956956378401103,0.30750931963023803,0.43885311244751035,0.14072356616446896,0.1376867933728222,0.1865895093658255,0.16627051733305565,0.15895324555972348,0.3169090904134438,0.0794994168369088,0.04078234919827014,0.505133227648329,0.26581314982041876,-0.0175350191404217,0.3024705262802873,-0.08837093671113312,-0.10427249935879711,-0.419584633489947,0.6081772228062742,0.06711255963114074,0.2006144766937909,0.027973654260640954,0.02389134711963598,-0.30040199950985524,0.17315557953979593
0.2107118338045864,0.33091120656734285,0.38836877988957824,0.055135295032581466,-0.003478069925542643,0.13840694467685594,0.013278082736543892,0.1794891329403932,0.14754349384377227,0.044508158118045635,0.1619260269681407,0.05391135965445121,0.02675529047830278,0.15863560103581548,0.1465990466495682,0.3386976084945075,0.0744678875680421,0.07111792050514455,0.18468130868816626,0.4726052514615977,0.1676018275667957,-0.33647664036154407,-1.1919748913492663,-0.2900143320703591,0.17234571498560597,0.6505458678749823,-0.12522002656237158,4.01136577885611,-0.59016608319955,-0.2181112883013157,0.7828309259984182,0.3958311088897321,0.35638254271189657,-0.22586314302947974,-0.051773409812312834,0.4529169089406295,-0.1458531729604421,0.2370805880067113,-0.19907771704463267,-0.12626152014091646,0.8435611957888765,0.2389310392514321,-0.10894053862217488,0.3588458088434017,0.48535109899860557,-0.2825039714224595,-0.18670392977669573,0.18832641294913674,-0.5663091208367999,-0.7525468859207509,0.13727935321578708,2.555283260359569,-2.1862275671695803,0.0051362072992762525,-0.5748424941223683,0.10223525702635915,0.23908258192964116,0.7591865474969162,-0.943678044315567
-0.013890797046010244,0.2766150979654679,0.12437733229910457,0.3064980441384274,0.25610062039914,0.411205734928882,0.10797773723541312,0.28295110251415273,-0.011378442955769907,0.31562787155113403,0.28556657846052247,0.24975313665935553,0.197395420451799,0.25323494680197334,0.22604298733127998,0.2291265985831974,0.3809922400103854,0.31006982316858167,0.1591824267459602,0.2609574031685025,0.29219289257700237,0.5365670515573976,0.9037209901826677,0.3059683205937506,1.0423280670281505,-0.2764488529486883,0.2154264717152467,-0.59016608319955,2.476278670557371,0.21067551804998647,-0.4212686772766791,0.029704269016871416,-0.4133829036478233,0.8669620075117549,0.25460849497332855,0.6695107276825462,-0.05195844256196388,4.961799891558333e-5,0.8476441281975121,0.24396757649952477,0.7799060568490078,0.23238778835553056,0.48102625185793496,0.10768034223617434,0.15144666494535783,0.3649592543997826,0.40770519823279505,-0.10158324193604172,0.7109856166362137,0.02232072783495359,-0.11673345436851723,-0.3781042841784894,0.381470088987878,0.08634131639846394,0.09839393819663071,-0.13141820406168228,-0.39928873508684276,-0.12327386687326912,0.4733912982373253
-0.026771173415143817,-0.18856838319054092,-0.5325754985469071,-0.025582173202721378,0.04402613297105834,-0.052892456279683656,0.0611260837105312,0.07193320491787382,-0.1936132110875506,0.19755959419154057,0.31314435404095625,0.1628269270290967,0.11090904403984261,0.04754147431167584,0.11715531867497486,0.2342716859715415,0.21650119833967443,-0.06844546762296679,0.16640160864456338,0.2356253502181716,0.18552211774251312,0.2474756331404809,0.25060409309376797,0.22425460964700875,0.09761791083974912,-0.5635491424894339,0.3457322954146163,-0.2181112883013157,0.21067551804998647,2.987511291640967,-0.07783273340679808,0.32973715187692054,0.6286390531144924,0.29084540620582194,0.4528485418767884,0.3710260012525489,0.7632999231832502,0.29194701991126737,-0.022328252565676793,0.06118588476570154,0.3430835549689719,0.20197175721946062,0.5404560802228676,0.25999038261825047,1.1315674368677149,0.7248513644958533,1.220530679246169,-0.047435933582905376,-0.20697392181641056,-0.038326158208302825,-0.017409048884492982,-1.7533652929937125,1.6674454887704127,0.047781093016458796,-0.2915689628648135,-0.08955571120012111,0.04873868355808096,0.7393665438904984,-0.5769527760392881
0.1347092765143296,0.2519258742923105,0.2554244952670582,0.18921457905970088,0.16853154660242853,0.23573201730498372,0.11882003336187316,0.14658709143769294,0.25119987335954624,0.1436470054899866,0.28053357650577265,0.09620168492955944,0.11829303663538404,0.1511591487219458,0.25027824646160196,0.21684115841944546,0.1336559937149904,0.3785741117743407,0.12128281806288338,0.28248725062030816,0.2900994944361771,-0.10882912069192446,-0.7627715271991368,0.3001693050924124,0.37445372558984164,0.5528779907274933,0.09638147232951459,0.7828309259984182,-0.4212686772766791,-0.07783273340679808,1.9704952002098965,0.29233861919201265,0.45592631027699093,0.05335368554756336,0.5337072359143642,0.18085743286193912,-0.016420431342116792,0.22742946320223426,-0.6734000161704321,0.09136840838714202,-0.2821926313336304,0.2644955798629488,0.06167547495796751,-0.12076582434018251,0.6849908711316538,0.23456844622836717,0.1601765591045678,-0.0909831224384453,-1.487838255770988,-0.24942426207097937,0.25686796166607817,0.1387617794842591,-0.20289969143663056,-0.01447054183545444,0.14526219632299175,0.1460596942003589,0.11839418254441883,-0.22531373267229626,-0.10039822282595826
0.11037019035839529,0.07251858771134095,0.058833334612153176,0.14437066954444475,0.1663115075551346,0.18813625767319617,0.1256107540230577,0.15249742007045164,0.07745567955716977,0.16646428422641352,0.2428050100633245,0.22770138003041998,0.1631961851130909,0.12654811972059124,0.12186083401561547,0.2488117844730277,0.13501156775173626,0.1524307141471224,0.10748706214367593,0.21523007312716758,0.1332255918559848,0.247360362022287,-0.09118509106009541,0.05802638476901272,0.16266305885718732,0.3969698790796128,0.21359666216015408,0.3958311088897321,0.029704269016871416,0.32973715187692054,0.29233861919201265,0.950741320292865,0.29314297261237116,0.27426948749830726,-0.005908616717347741,0.24448966426009097,-0.019618465785768376,0.16224887856291825,-0.06981283976587539,0.02647222287046282,0.06499407779473651,0.10157835852912883,-0.12251812115971668,0.05673140423656138,0.12439491331322472,0.26725402806280973,0.25417390890020836,-0.07027791731625546,-0.13324837427315503,-0.04558871707013752,0.06025698159628044,-0.10695217072677017,0.09517350762306066,-0.01923889412073366,-0.32322177155779336,0.010415555962259834,0.5021637584821291,0.3110318022071047,-0.8011940889305446
0.07585107683137636,0.0851080778629823,0.015784683924955824,-0.015326570968266907,-0.002422660132161569,-0.02077788053959564,0.05465638498991981,0.055552751091336554,0.0262812317975028,0.08930608864571915,0.19866463645255075,0.08277542192013673,0.08317562274449355,0.01694207152791417,0.10780353589838812,0.07243948847015223,0.10592888033273423,0.13186134936946964,0.14193637561484657,0.15087380895705912,0.2424373478554555,0.08092997247701367,-0.15432815470799915,0.14525781229438336,-0.13830728646016102,-0.04577142060046508,0.40592624628775403,0.35638254271189657,-0.4133829036478233,0.6286390531144924,0.45592631027699093,0.29314297261237116,1.9647409023492393,-0.08299769847871521,0.340019988652377,-0.18743968797768504,0.8467945020618574,0.19879939980575304,-0.642352929101727,0.05679053806586672,-0.44607076963712894,0.25129595745212374,-0.020484921645448618,0.10414034805815436,0.7470644909763522,0.3027446261737518,0.42424817026673234,-0.011181589152412031,-0.8402439929029519,0.19660365322933276,0.04187545793464404,-0.6024030924919134,0.37550890150227756,-0.04083748342937255,-0.15414746167975557,-0.023695666898618125,0.14670225027669956,0.10000165247867013,-0.20447767911859227
-0.1250071084869097,0.21286120333124375,0.03257700508820566,0.4120816708214303,0.4314312526091386,0.39598255564717294,0.20432023356907503,0.2981093842851473,0.04163899718462322,0.4807803833543049,0.3459727840320392,0.31222044893927947,0.21582327841597698,0.23041062132585502,0.29255982169228567,0.2517218103061124,0.29918872875093244,0.3421021954376195,0.10705506610841212,0.314697673508655,0.2149989851599573,0.4019215681439893,0.5792983120738792,0.27083608028008777,0.6156016162808369,0.16374630732391432,0.358070869005327,-0.22586314302947974,0.8669620075117549,0.29084540620582194,0.05335368554756336,0.27426948749830726,-0.08299769847871521,1.712674552284362,0.5285159687312856,0.41357761480856203,0.4534425572879458,0.08681311190645079,0.38210468472548664,0.14294105559746295,0.16657890446559703,0.18313647270036804,0.5645851240628684,0.17583689085875812,0.4102701785073211,0.13988190681835708,0.3911738439878939,-0.09791884478568348,-0.09677202908835136,-0.1872253670021564,0.05155777478417492,-0.4254601806611451,0.43017298624452943,0.06477724990265483,-0.009587079854542876,-0.0679265125461217,-0.17505081881918685,-0.08441684074451829,0.21626984968339194
