3.4054551523720655,1.390136681273781,1.830219771033103,0.31333256288918226,1.4122310986576814,0.5305232087980399,1.1360935231756684,1.2192930618855762,0.9629801492381045,0.736116967849049,0.8168208862186012,0.7611023714150872,0.9442265615634909,0.876774743607138,0.8131141113566321,0.8547461619839029,0.6686811903498441,1.0189633752155338,0.9461258331398303,0.43238951559521444,0.7827300329415161,1.0151871534633579,0.14595537483554596,0.446931210494653,0.8139579534079139,0.8498712796712693,0.5737678462524276,0.33941387405074575,0.9682005621646739,0.6219515455036313,0.5553344733146226,0.7038982624754432,0.5202722639803595,0.2933942420404383,0.5801026285032217,0.5504593348221053,0.37887867078636556,0.8114989258167394,0.7913785817078075,0.4927623606476368,0.46292578459289646,0.7507570796829152,0.9680235780767532,0.19990296289761503,0.8355136030980636,0.6619766631117886,1.0459945474273789,-0.1403145395818052,0.642654924055329,0.01886305216797809,-0.04446715670039662,-0.0705268250279508,0.39559677661815795,-0.2677456178126659,-0.04413550651383168,0.08618491543125809,-0.41653917480032665,1.0853024226356929,-0.9019143817917687
1.390136681273781,3.9850453259527225,2.090775917010054,0.6809007783542056,0.6964616036274867,0.7492247918171909,0.5863278758367608,0.9091564125337512,0.8784898913545643,0.7463916787672175,0.8054676195501119,0.776503372591177,0.9140838665808761,0.6898297713069386,0.7652472462209007,0.7451940394331913,0.781033235166644,1.0999412868246536,0.846049246548712,0.8446107180862457,0.6656131015536153,0.8571827416475564,-0.11307002202501068,0.6269625856560381,0.6388534341598942,0.7957255155787651,0.6487995714482339,0.6268758960024445,1.3337926958328263,0.5641573615954361,0.44480221658540603,0.588900681168491,0.6212312643106136,0.7882307899345579,0.8507133536229982,0.5633690418143785,0.9091406665724451,0.4358872731405939,0.7214544346895282,0.602565597423165,0.35443353889265006,0.6708459292970064,0.6875490440503813,0.08934513796162784,0.8959188385637474,0.5992938592304147,0.9349314445679138,-0.12787682474003104,0.5001387807957123,-0.2409181628118894,0.39990479947857493,-0.02124838375606816,0.17972475733846294,-0.30521679240767685,-0.11477836662237118,-0.16596577937087165,-0.66362937179025,-0.23875856567816048,0.9207103413218505
1.830219771033103,2.090775917010054,3.641982025763412,0.5862802027417947,0.509588316899402,0.694376773240097,0.6521609479238689,1.0134945290735842,1.1859890841161997,0.882784348034446,0.8041950329335333,0.7693547400003653,0.902033674823747,0.7320397563384806,0.8484655076976066,0.6957502509580685,0.7828967755658482,1.0039356418349619,0.8013786917985481,0.6663091902567817,0.8446717729678314,0.928271103578006,0.04966775247834307,0.5648405723807183,0.6939803358666956,0.7961135392275829,0.6544651601925559,0.5949469179579239,1.06842076528722,0.4933554316289447,0.5342154310475213,0.6669928350992501,0.4896428488731278,0.9550004913457467,1.021824975844421,0.7062950933434905,0.4537249836517538,0.31362981794408884,0.8975884004830637,0.5438521914982072,0.5614132371527437,0.8635691180068121,0.8665579543819327,0.08767468493010651,1.1018664620715695,0.6114907335166629,1.1000791221393371,-0.1480345756098265,0.42107814572064395,-0.3659867259189857,0.4012992325977621,0.09218109097976421,0.24786238102767905,-0.30757729029433534,-0.31765395205545244,0.05131372679355366,-0.18639982767977228,0.22643230948918924,-0.21604381256296062
0.31333256288918226,0.6809007783542056,0.5862802027417947,2.633438178972707,0.7142345269134935,0.6817303896949695,0.8046395252575594,0.7256508778817593,0.47443863859107266,0.49641019116937857,0.6801525681676663,0.777618292367208,0.72055029831455,0.7385292677942071,0.5502694215807943,0.7737908702705012,0.6769619608718511,0.48687421514048357,0.6834727988775026,0.5887046155650263,0.5100673348559643,0.670043355192998,0.015243314825056956,0.5620923673456313,0.545358524232607,0.7302657909154944,0.5205137074360257,0.36751388817548697,0.6129999697100869,0.28310855886491865,0.3753718503878362,0.6841686236946993,0.5682527102188369,0.740364866555758,0.071666536396327,0.46128553690970203,0.6052277101559589,0.3879097781133388,0.503382108364584,0.2022804057109109,0.31181575397675454,0.5033788175161592,0.6189851751565947,0.1293515639819047,0.3586191817258494,0.3780028943307399,0.6156240546637013,-0.08956644755103303,0.38882734290543003,0.11163352565297603,-0.1809184495343736,0.22026275958033867,-0.13599460243127368,-0.18150366146325203,-0.025842157411919055,-0.03869144292231139,-0.3235273107558817,-0.24565407694148275,0.5416755680562174
1.4122310986576814,0.6964616036274867,0.509588316899402,0.7142345269134935,2.244738441099934,0.232325989842613,0.835187397624665,0.9882981928998043,0.5146865681414556,0.5850893873302153,0.6376432223117084,0.6217029535943958,0.7366380736675485,0.5669321938530066,0.6141749697877039,0.6938678958257654,0.5739777043132659,0.705694808381953,1.0384163978807677,0.21286212203234484,0.34537513595617647,0.6719611762656013,0.11124042339546254,0.44360260274743596,0.5479137285010003,0.6600535650896358,0.3678428004876906,0.22318272383378893,0.6202730889918022,0.4939499288467365,0.41609137057931983,0.4739134616730404,0.6280082632109991,0.34305730588072963,-0.09449614907329462,0.5753467951327672,0.5965698998674173,0.299529788671363,0.558239947557322,0.12626730526225247,0.3653919242275924,0.3290755926285741,0.4408062630061233,0.07347170293895863,0.06943323543839156,0.4212094656677956,0.4924141311380683,-0.0946231804029889,0.5745369560575635,0.6076391293085357,-0.29115735340498156,-0.11573941064112646,-0.05119534300005844,-0.19081507171201914,0.27784741702182564,-0.042371290342986,-0.5041739031713475,0.32907769671793896,0.0844586245829784
0.5305232087980399,0.7492247918171909,0.694376773240097,0.6817303896949695,0.232325989842613,1.4925767718417244,0.17285112964446653,0.6580792316376466,0.6212094110968144,0.5108638112489973,0.7009743149948481,0.6760166271865675,0.6440934980297283,0.6088391136588989,0.5618563467970986,0.5895541865000116,0.7018512769630132,0.5478276667258499,0.8571414044896646,0.7927896022224424,0.7491238696522776,0.7077233620232961,-0.07916534020478225,0.561367043213315,0.5106175262503113,0.6867818351235463,0.4710208665495797,0.5013939405201668,0.7521335961150177,0.2423300925194271,0.370302721941577,0.6209180675337521,0.4310625198798219,0.674218235850911,0.6407568498476677,0.15776606484620054,0.5737184708594311,0.644246078084578,0.6140479120025149,0.4740363840634983,0.30554069159477343,0.7370042490062181,0.8440568094246693,0.15562762263661442,0.7910636986000606,0.35768074702080277,1.0342522021817737,-0.051137378782853696,0.5840981871894639,0.020427170766881098,-0.12730812516200685,0.24385557706680286,-0.14582077198998383,-0.1343486544042301,-0.06661919484761727,-0.037083495299966275,-0.3333042187472695,-0.508287954179478,0.8673176319633857
1.1360935231756684,0.5863278758367608,0.6521609479238689,0.8046395252575594,0.835187397624665,0.17285112964446653,1.141367588677416,0.638851543678891,0.49834570245354126,0.4296986684364649,0.5194186493840074,0.5439419808504796,0.59118973848039,0.4485873167685631,0.4718351608227659,0.5488854493656841,0.47630565885903847,0.531404191228372,0.47116050465767556,0.2943163415590536,0.39296471011330997,0.576149796317797,0.07310581187330074,0.32689962760799834,0.4624956928716226,0.5454933289917635,0.36189438105386157,0.24157413413040496,0.48892507120347983,0.4123441208997752,0.3414768794335678,0.39328519473136475,0.4164247057113891,0.40617739571000866,0.17629659722279958,0.49079953283959016,0.4169898567586457,0.27005719073906637,0.4577454019608403,0.14885422570154358,0.23462071441695243,0.37516568485139806,0.3928560187805589,0.08391417260175277,0.2876974151016521,0.33942977813598463,0.31217062555165476,-0.08990667185837665,0.3513255498752185,0.10832777063584323,-0.14838657068765712,0.016334007513323937,0.07989907787072369,-0.17843492425438698,0.17260140879871727,0.09928529134163841,-0.3137701036581913,0.5571688658705986,-0.63516423481324
1.2192930618855762,0.9091564125337512,1.0134945290735842,0.7256508778817593,0.9882981928998043,0.6580792316376466,0.638851543678891,1.3689154044270313,0.5617859191831831,0.5993945172106034,0.7084369879223881,0.5742901152102322,0.7684172237297515,0.6196026841107368,0.5622305545442146,0.6393110224737771,0.6731888643648425,0.7469947925609993,0.8266953443355113,0.587237769430763,0.5654526466164264,0.6898782135733981,-0.011820218313040483,0.4425916679766932,0.6026803951581234,0.7740614797766049,0.48168609923859845,0.3182648481412887,0.7150105875886472,0.38604499845504653,0.3850610620076207,0.5439739764828967,0.4054426286117684,0.6138227983703568,0.5139464844698414,0.3151919525172987,0.5024386403126981,0.5147053139350846,0.6930741406689993,0.37301050915231676,0.31993543040149075,0.5527358325511377,0.679543485925295,0.12479118071733554,0.5960166606097342,0.46919093708111825,0.921959651338382,-0.0618901007131663,0.5870702075331583,0.15609507593898667,-0.008571095971874838,0.00716794391757104,0.10596074364591004,-0.2745543369901376,-0.005511761552421713,-0.0430035083079402,-0.3253575851070298,0.550277897721705,-0.2675791756555311
0.9629801492381045,0.8784898913545643,1.1859890841161997,0.47443863859107266,0.5146865681414556,0.6212094110968144,0.49834570245354126,0.5617859191831831,1.0380082915040112,0.5790695494892597,0.6118286524171139,0.5893025635365027,0.6661483679939617,0.5573432948483213,0.610234126324336,0.5322254123165993,0.588117086364458,0.6490092050311826,0.6350085665411068,0.45461973967870767,0.5481367810418644,0.7547936636269058,0.03978161938438811,0.4720970733373683,0.46483833017972054,0.6498571931814134,0.4402987539307514,0.422737057277213,0.546293201275512,0.36905924926758055,0.39878535029301215,0.5261096049568024,0.47739101245002813,0.6145147893151538,0.5400893601530701,0.43048597945658534,0.3903228875040796,0.4110734122782125,0.584491568154464,0.3995342322741941,0.29983505158058965,0.539155028627479,0.7681435614646286,0.10899223769408445,0.7591871809127714,0.4345393323544766,0.7515080224632507,-0.12158068521879228,0.40098480423073035,-0.1666953637161853,0.16316444679988076,0.06241810312738151,0.10519582559314751,-0.18316008501962083,0.01918416794794157,0.1426265522891061,-0.27416043308071975,-0.30184516017704366,0.29821675355443417
0.736116967849049,0.7463916787672175,0.882784348034446,0.49641019116937857,0.5850893873302153,0.5108638112489973,0.4296986684364649,0.5993945172106034,0.5790695494892597,1.0226566112359083,0.5799582251158472,0.5731242514688827,0.628796175340618,0.4450298780628679,0.5629341531265944,0.5073250963836753,0.5913642914468851,0.6434032148187034,0.5763789691936629,0.44344995361554823,0.42773367129479706,0.5734480002818273,-0.00042726586014328973,0.45209851176365967,0.43992409851852693,0.5108228550467501,0.41972664902413465,0.4139078092246776,0.6771467468692813,0.36892196769828833,0.37370129411604774,0.4453512485569723,0.39037054701515334,0.670288101515715,0.546420772095913,0.4148933913057175,0.4796401236982434,0.22013186550540925,0.5917064217013469,0.3927749154306978,0.39164939345999855,0.4186700219270012,0.5455440696627305,0.09229390319491121,0.47325497536645134,0.3258575348411583,0.7665215312632779,-0.09849171276025007,0.468445880850907,0.0567535306201391,0.0531845212083743,-0.012317804453262486,-0.0482275071244097,-0.07800072261104896,0.13593117063777155,0.018631223250618275,-0.16959291137509194,-0.4434699810731289,0.49801390319045913
0.8168208862186012,0.8054676195501119,0.8041950329335333,0.6801525681676663,0.6376432223117084,0.7009743149948481,0.5194186493840074,0.7084369879223881,0.6118286524171139,0.5799582251158472,0.8817574378530287,0.6918432245799944,0.7302151466089654,0.5491652950815439,0.6347268482247186,0.6190153862019525,0.7006528171306037,0.6251784244284413,0.6881455297356869,0.576555396203373,0.5027988412613462,0.6641697701753447,-0.02870076352350555,0.4902469954749375,0.5216274874895498,0.6688738445491532,0.46861208521564524,0.4234728475273288,0.690088265149544,0.32774895120725217,0.374660328393308,0.5191010341192344,0.44580096341435743,0.6237975210855261,0.5739991115250548,0.3642178479424438,0.4355027311375942,0.37573332744569926,0.6077992139567527,0.4048394347964543,0.2830252221658762,0.49562630022875315,0.6655977087052787,0.11305078202386264,0.6294605743749117,0.3848114045903974,0.7518783689954261,-0.10191523280331165,0.471917053223301,-0.02288870296490699,0.03312277430748042,0.012647803981190718,0.07712009546223432,-0.12172931171971722,-0.0024202750020231936,0.011970819050378157,-0.37743724367609466,-0.1684176495867357,0.43034760189269544
0.7611023714150872,0.776503372591177,0.7693547400003653,0.777618292367208,0.6217029535943958,0.6760166271865675,0.5439419808504796,0.5742901152102322,0.5893025635365027,0.5731242514688827,0.6918432245799944,0.9276925730813459,0.6876405893594592,0.558865127555882,0.5950558611846417,0.6115818787779276,0.6193439330899025,0.5400405555009171,0.6741786234537464,0.5092800150272875,0.4985449264117262,0.6403956639829563,0.011919287260422714,0.48758629652179375,0.5372566806618124,0.6413283928801715,0.5016320182096276,0.4375334839901427,0.6424258050360607,0.2878085622423861,0.3879021534230752,0.5562364152638971,0.4725253888321561,0.6175069148457951,0.4958087653154057,0.42073834386344094,0.39171849018332344,0.34146999991134047,0.5680958785541618,0.36067095388914594,0.2843931095732137,0.4930922260223443,0.6288723014170681,0.10426443359524577,0.5168229152209716,0.3656183521611346,0.6787536522381012,-0.0874762164527715,0.4886640337614133,-0.07514116965024556,-0.040033164498495886,0.24006237632288807,-0.09479144335978515,-0.14429536008051985,0.03528308455105737,0.025885082761557158,-0.37447444456880025,-0.29624578869168633,0.5463664300085969
0.9442265615634909,0.9140838665808761,0.902033674823747,0.72055029831455,0.7366380736675485,0.6440934980297283,0.59118973848039,0.7684172237297515,0.6661483679939617,0.628796175340618,0.7302151466089654,0.6876405893594592,1.010782464427079,0.6273422019942576,0.5849446477425069,0.6738858538226008,0.6561115958086843,0.6730945433579034,0.6910215474235206,0.573346441282264,0.5006791214468413,0.7480952724309218,-0.005376317377388014,0.5686603028066248,0.5375233934934928,0.6641581643072825,0.5172859030716737,0.44010953594853625,0.7510700469055013,0.4173526831703334,0.39226729788977316,0.5706991072577414,0.5644295027181891,0.6306667932826605,0.5559321785773916,0.4285630809093862,0.5314495110568869,0.39755861935517744,0.6441848681696609,0.372915416144212,0.36248171236811655,0.4961731481156542,0.7149150656679781,0.13545794374832984,0.4744733695675012,0.4591744700271526,0.7773575459512154,-0.08721707224154351,0.636770497323062,0.049427898237786,-0.02731826842846355,0.055154431448607495,0.09919786632228104,-0.2362261290501106,0.105289302248172,-0.03285123581381355,-0.45297571291587113,-0.5941232093833851,0.9328452436863469
0.876774743607138,0.6898297713069386,0.7320397563384806,0.7385292677942071,0.5669321938530066,0.6088391136588989,0.4485873167685631,0.6196026841107368,0.5573432948483213,0.4450298780628679,0.5491652950815439,0.558865127555882,0.6273422019942576,0.8092541629310978,0.5022213531234235,0.6567470985171551,0.5444630216451697,0.4659070994479564,0.5936837474808797,0.5142103146224621,0.4855190497627475,0.6509099604329746,-0.008124132910642602,0.48197576974568357,0.47471822260642327,0.6235025156843863,0.44409030467484006,0.3503412073195813,0.5660115191136427,0.3252420235399838,0.3203825310299234,0.6617285528876574,0.3980410752295854,0.45460558959074504,0.4721309138711357,0.30112545185446493,0.31879308176204707,0.5012785883930384,0.4669918157407649,0.36853116016814647,0.33505536453692386,0.4827641076493309,0.786813509917398,0.12974225508574194,0.6183246940552998,0.37819684563818357,0.7622093600044388,-0.08302157257712484,0.49812939663948186,-0.09899597190043787,0.0006930079707370412,0.05829792141393246,0.1575560422219595,-0.117059165380172,-0.2163827509811863,-0.00678977981127644,-0.26535347935444475,-0.3647716064050577,0.7230865638241177
0.8131141113566321,0.7652472462209007,0.8484655076976066,0.5502694215807943,0.6141749697877039,0.5618563467970986,0.4718351608227659,0.5622305545442146,0.610234126324336,0.5629341531265944,0.6347268482247186,0.5950558611846417,0.5849446477425069,0.5022213531234235,0.9742794414816981,0.5639563038379216,0.6417933387493087,0.6258299955960572,0.6614479442855127,0.4515118699425964,0.44825632539028243,0.5999020688412288,-0.02652035504305295,0.48657873015394515,0.5219896035597945,0.6301543223662154,0.3953842936085383,0.5041712023576798,0.6166716585623698,0.45296916693836553,0.39150249555244643,0.490201824041935,0.5009353369028552,0.5407617640324053,0.47698756960403915,0.4358981002265374,0.5311802247914911,0.3577057585353744,0.5057714508240777,0.27863101668110063,0.3645440428261265,0.4420278122963757,0.5955775836343283,0.07498503977404578,0.5263492185084128,0.34114306660793436,0.6600335453884819,-0.0663117928200601,0.4851192952937561,0.1601949966305973,-0.16948181043185576,0.4248848851039512,-0.21076261719593709,-0.15221755246030416,0.05617845209032073,0.09765783959367406,-0.36347101844331614,-0.2971247667902173,0.41265112363164197
0.8547461619839029,0.7451940394331913,0.6957502509580685,0.7737908702705012,0.6938678958257654,0.5895541865000116,0.5488854493656841,0.6393110224737771,0.5322254123165993,0.5073250963836753,0.6190153862019525,0.6115818787779276,0.6738858538226008,0.6567470985171551,0.5639563038379216,1.0330820332533477,0.6362108600609354,0.534085009745155,0.664857675240341,0.4906703353022166,0.45704538704070086,0.7561800911801462,-0.0013316304710978665,0.5173119136577595,0.5469168393601694,0.5822822473191371,0.49721652089308765,0.4600710617886318,0.6659612817030616,0.3847592775258752,0.3639156463407191,0.5944691507989013,0.4632728198285309,0.5342383568450456,0.6039308812778478,0.38140770529619655,0.4266130492915986,0.46336530391017816,0.5466099577358511,0.36605034942410186,0.3536065394812283,0.46039346564461675,0.7900164346900059,0.15163972611930102,0.5584503860245288,0.40857144504632015,0.7336510580546781,-0.11526323556062887,0.5334784485519097,-0.1166681969454467,-0.07872773791558858,0.16944581881886905,0.05145201890344804,-0.1487961236435397,-0.02474795408277213,-0.018800058877031036,-0.4163299029119386,-0.37271912178329103,0.7600880336871776
0.6686811903498441,0.781033235166644,0.7828967755658482,0.6769619608718511,0.5739777043132659,0.7018512769630132,0.47630565885903847,0.6731888643648425,0.588117086364458,0.5913642914468851,0.7006528171306037,0.6193439330899025,0.6561115958086843,0.5444630216451697,0.6417933387493087,0.6362108600609354,1.1988969274504255,0.5845180237160745,0.6755552800246422,0.6622469692373559,0.4548280583763512,0.7081493001368852,0.012423176512475874,0.5081194895434583,0.5443137533316579,0.526668462029763,0.4647074266999852,0.47600047556088826,0.8178358401739113,0.31954061759504887,0.4485014422785091,0.4939655545887513,0.5289135650143584,0.675983117634801,0.541178622379711,0.43043606743104984,0.7189837029167959,0.40907624998756004,0.7353122780317449,0.3717523715895603,0.3998784144171333,0.45073860334041277,0.701976315982919,0.122705104256815,0.5827783348719531,0.43509296382745455,0.8993408386700062,-0.10418554188020893,0.4844309027239893,0.21972667917995967,-0.01368116774359017,0.0417208602518724,-0.05296970023855855,-0.19344804638439633,0.12705457981489623,-0.02246447570863835,-0.389839385912958,-0.29799030077621275,0.5468156736497443
1.0189633752155338,1.0999412868246536,1.0039356418349619,0.48687421514048357,0.705694808381953,0.5478276667258499,0.531404191228372,0.7469947925609993,0.6490092050311826,0.6434032148187034,0.6251784244284413,0.5400405555009171,0.6730945433579034,0.4659070994479564,0.6258299955960572,0.534085009745155,0.5845180237160745,1.2664829739779575,0.727836037386298,0.2767617148192833,0.5380581690903032,0.6332777871838903,0.046081869383571325,0.4205036524800088,0.48221528243073963,0.6536914886571984,0.31475313718850567,0.4079565519349389,0.7293911846638188,0.28728687244310525,0.37730649074419087,0.4554823790933428,0.4146616192232689,0.5457490198601924,0.4539661046600341,0.4225317830582806,0.49042730118753175,0.3899290825237021,0.5230804859224725,0.3904856376465436,0.32464746653126686,0.5249675927622502,0.624556836140807,0.08487041829421388,0.7201435018934701,0.445397230385551,0.7578937506556623,-0.09898632274297775,0.22703725826564378,0.1328364193682715,0.31023834223518576,-0.05243097512445309,-0.11405594498761985,-0.2206728165998984,0.09350944679487973,0.07599512815600369,-0.2776540645750907,0.20654528197974914,-0.19070740938750566
0.9461258331398303,0.846049246548712,0.8013786917985481,0.6834727988775026,1.0384163978807677,0.8571414044896646,0.47116050465767556,0.8266953443355113,0.6350085665411068,0.5763789691936629,0.6881455297356869,0.6741786234537464,0.6910215474235206,0.5936837474808797,0.6614479442855127,0.664857675240341,0.6755552800246422,0.727836037386298,1.278496219757059,0.4017323301813763,0.6368686808165047,0.7260064363693508,-0.04227855039970475,0.5268244257916602,0.5477102758059362,0.6892027701188558,0.4237227264057566,0.5150832590415348,0.5567777147103035,0.3913678137931022,0.42605076169855,0.5997211146922546,0.5603986973793184,0.5379952452148126,0.4062475770695205,0.39519716802031035,0.4488745894253949,0.48097108771633246,0.6028889262223524,0.34613219769322107,0.3890959258942991,0.6146123176249815,0.7590204606984958,0.08563743515216149,0.7650050348181822,0.4360359390987517,0.7609853096143161,-0.0622693851478581,0.5038633233621885,0.16091021658841448,0.12737201282248628,0.37587462232888247,-0.34017670172234754,-0.2387629973779577,-0.07049450043965086,0.01921571804056224,-0.34992164620700633,-0.11331520547697889,0.4022259464007055
0.43238951559521444,0.8446107180862457,0.6663091902567817,0.5887046155650263,0.21286212203234484,0.7927896022224424,0.2943163415590536,0.587237769430763,0.45461973967870767,0.44344995361554823,0.576555396203373,0.5092800150272875,0.573346441282264,0.5142103146224621,0.4515118699425964,0.4906703353022166,0.6622469692373559,0.2767617148192833,0.4017323301813763,1.9117589665044328,0.2488947133415735,0.49346688683829726,-0.32155517620952995,0.5660405115526872,0.439815198669011,0.6335150104307126,0.5751321850148574,0.46410730966791813,0.8778104448068312,0.8473803819176382,0.3063465115988768,0.39839223816711516,0.5048448167287862,0.5919865695964549,0.705358127037926,0.16959683607552528,1.0510700821082724,0.3996542901929939,0.5592215418025437,0.6417794013918309,0.09651773793962512,0.2698940838694757,0.5543869164643788,0.12184966514070311,0.41976927402220415,0.2020922529805607,0.5095406041236844,0.035573281033882846,1.1715838160419747,-0.24753148536926942,-0.2533469413539317,-0.06423747559363731,0.3651938234942709,-0.1207864905925632,0.44104290384807027,-0.10914647181190218,-0.44456918164023235,-0.6910085770168903,1.13429198562542
0.7827300329415161,0.6656131015536153,0.8446717729678314,0.5100673348559643,0.34537513595617647,0.7491238696522776,0.39296471011330997,0.5654526466164264,0.5481367810418644,0.42773367129479706,0.5027988412613462,0.4985449264117262,0.5006791214468413,0.4855190497627475,0.44825632539028243,0.45704538704070086,0.4548280583763512,0.5380581690903032,0.6368686808165047,0.2488947133415735,1.3898938962493577,0.5312840936302407,-0.06831338907887669,0.3138615904544235,0.38783435744377026,0.6278368925966002,0.29538593704226473,0.4679516829813898,0.3741545987826007,0.13689704370561706,0.31120200030109046,0.5186880347964518,0.19858836702395563,0.42202413185763216,0.8013276760928613,0.13801535967020312,0.13778779155471116,0.6655792015680166,0.5166794268701227,0.43622472229147174,0.2984591811746463,1.3444902056578216,0.6847502124119211,0.09425611078379062,1.327561396231279,0.29954720735112816,1.0751414412243805,-0.006714341410605703,-0.11301931276153108,-0.06478073880557453,0.09553813358075952,0.2390342283443363,-0.11900630777907081,-0.14073071183218525,-0.47102434956574846,0.06959062192254854,-0.21817737046520572,0.05693820062627865,0.04789034777971757
1.0151871534633579,0.8571827416475564,0.928271103578006,0.670043355192998,0.6719611762656013,0.7077233620232961,0.576149796317797,0.6898782135733981,0.7547936636269058,0.5734480002818273,0.6641697701753447,0.6403956639829563,0.7480952724309218,0.6509099604329746,0.5999020688412288,0.7561800911801462,0.7081493001368852,0.6332777871838903,0.7260064363693508,0.49346688683829726,0.5312840936302407,1.232783245564365,0.13371927302138972,0.5560243219861526,0.558962914575118,0.6145776086329061,0.5105032541584725,0.464469137227192,0.7408463683402644,0.4214110387831446,0.460966998026151,0.6129404913311358,0.5948279858240695,0.5909507260504526,0.5498880674228207,0.5219049123327295,0.4931475096694483,0.6180550775810352,0.6612324885473045,0.3846163670942728,0.42550251825797,0.5320639372583233,1.0467344400637928,0.17724293623564186,0.6668024501785478,0.6057271891755782,0.8660896477137344,-0.24678090318958504,0.6382801039779352,-0.10174826276824178,-0.008677686765970718,0.0911531814138922,0.06595881081641279,-0.22145171885955112,-0.015336362328272242,0.048055487533437115,-0.41318854243715747,-0.40574283876215056,0.6598928607773319
0.14595537483554596,-0.11307002202501068,0.04966775247834307,0.015243314825056956,0.11124042339546254,-0.07916534020478225,0.07310581187330074,-0.011820218313040483,0.03978161938438811,-0.00042726586014328973,-0.02870076352350555,0.011919287260422714,-0.005376317377388014,-0.008124132910642602,-0.02652035504305295,-0.0013316304710978665,0.012423176512475874,0.046081869383571325,-0.04227855039970475,-0.32155517620952995,-0.06831338907887669,0.13371927302138972,1.732092919131964,0.019928474524348448,0.2832594721609506,-0.28853426692034206,-0.00809806243190614,-0.5093192610083052,0.29762841591219913,0.10749308568944317,0.3153563418128561,-0.04838114751572786,0.023252405722120634,0.3114198809043515,-0.4871500739658994,0.9452513936396488,-0.07240779280782686,-0.09651529277687886,0.2628061216524026,-0.13463981420709797,0.4226046142984276,-0.0950394058498695,0.006628735917589374,0.24169868661622085,-0.6807706980660767,0.20580574313352062,0.09956743069217064,-0.04665661720021956,-0.39039639578515156,0.08936946715301863,-0.10581933860286886,0.04296717591554719,0.20414920547849294,-0.06681998164522147,0.20395771124788625,-0.012520981853017083,-0.050842394732604615,-0.0437338321736659,-0.0003246453897348765
0.446931210494653,0.6269625856560381,0.5648405723807183,0.5620923673456313,0.44360260274743596,0.561367043213315,0.32689962760799834,0.4425916679766932,0.4720970733373683,0.45209851176365967,0.4902469954749375,0.48758629652179375,0.5686603028066248,0.48197576974568357,0.48657873015394515,0.5173119136577595,0.5081194895434583,0.4205036524800088,0.5268244257916602,0.5660405115526872,0.3138615904544235,0.5560243219861526,0.019928474524348448,0.8610742004879012,0.4108060473830943,0.479193052703882,0.3806813380564367,0.4907709056792471,0.4533184807897304,0.7347371452311535,0.31643097276461624,0.4933577599698838,0.7695575871795425,0.4611254522004607,0.4273097286735264,0.4137192596865829,0.6448842247438182,0.29535078967812,0.45016796814202203,0.32490222980127303,0.3495756596808992,0.30886703950835354,0.6335491558419089,0.0991124578119051,0.34615694325792684,0.26051939670922053,0.5466577140679344,-0.004050316736314039,0.8075923284562174,-0.023172631288558513,-0.19899607939856345,0.3123397483574641,-0.042871402522356106,-0.15731537737968437,0.17700413572420698,-0.09344975147161194,-0.31040290132949444,-1.5807777684633142,1.898177063606103
0.8139579534079139,0.6388534341598942,0.6939803358666956,0.545358524232607,0.5479137285010003,0.5106175262503113,0.4624956928716226,0.6026803951581234,0.46483833017972054,0.43992409851852693,0.5216274874895498,0.5372566806618124,0.5375233934934928,0.47471822260642327,0.5219896035597945,0.5469168393601694,0.5443137533316579,0.48221528243073963,0.5477102758059362,0.439815198669011,0.38783435744377026,0.558962914575118,0.2832594721609506,0.4108060473830943,0.9333132322020027,0.534431707368169,0.39564235850409174,0.28022297385694495,0.6241233789784204,0.3855621012169496,0.34678559155748034,0.43790204210014777,0.38019504194272463,0.5288243785635242,0.3947539464751256,0.45878107473616425,0.3477445328800893,0.3418127028591891,0.4500098692022909,0.2348015773777854,0.2981278895980666,0.3860769614940608,0.5777007016059293,0.14402103837734487,0.34695350146644205,0.36691870356862083,0.6234553111571663,-0.08566258658629976,0.2640369069382968,-0.22954285023947357,-0.16669559631357644,0.3453164268654346,0.06111174404678048,-0.15813636663439803,0.05232469163865399,0.02969942488356898,-0.2815602728957199,-0.13224392367525942,0.28374936930474637
0.8498712796712693,0.7957255155787651,0.7961135392275829,0.7302657909154944,0.6600535650896358,0.6867818351235463,0.5454933289917635,0.7740614797766049,0.6498571931814134,0.5108228550467501,0.6688738445491532,0.6413283928801715,0.6641581643072825,0.6235025156843863,0.6301543223662154,0.5822822473191371,0.526668462029763,0.6536914886571984,0.6892027701188558,0.6335150104307126,0.6278368925966002,0.6145776086329061,-0.28853426692034206,0.479193052703882,0.534431707368169,1.7692268966132825,0.4025172685668277,0.5223594815599176,0.1612827151952065,0.49803128055566553,0.23733585117118888,0.6467373029862128,0.47186083587928823,0.40178399976021706,0.5091713912668268,0.16503763651307343,0.2075832627181871,0.546424054477518,0.02079346821720115,0.4409582235855039,0.09245084402076388,0.6377307815267356,0.7709962715035952,0.04384896933708525,0.7663905298856635,0.29649401307231193,0.614765076238831,-0.03512503012226019,0.5879787033369085,-0.1626237179794496,-0.2288674314738787,0.37808689440702103,-0.1887053510997131,-0.13863753514849314,-0.10756660714515541,0.07053388924039733,-0.36703607815899103,-0.11119641971439452,0.4094651243092313
0.5737678462524276,0.6487995714482339,0.6544651601925559,0.5205137074360257,0.3678428004876906,0.4710208665495797,0.36189438105386157,0.48168609923859845,0.4402987539307514,0.41972664902413465,0.46861208521564524,0.5016320182096276,0.5172859030716737,0.44409030467484006,0.3953842936085383,0.49721652089308765,0.4647074266999852,0.31475313718850567,0.4237227264057566,0.5751321850148574,0.29538593704226473,0.5105032541584725,-0.00809806243190614,0.3806813380564367,0.39564235850409174,0.4025172685668277,1.0084510801580455,0.3641204027670983,0.4337350656955406,0.1645116206239804,0.33632837106025515,0.4341116426075247,0.43022206770630345,0.5157305349267619,0.45781241116569743,0.25948056395932834,0.4658365817561384,0.21479179612944257,0.43676838448663863,0.35996272517639805,0.21052590358126327,0.2998775371107798,0.6039868563234789,0.12126518262336451,0.2789567996999351,0.3094482064877421,0.48877544342026696,-0.059397447040307125,0.5811662162285196,-0.1467422887975833,-0.07176322521829946,0.18994110591173619,0.08827769056989387,-0.12108998044392605,0.2009971920444275,-0.005585829168101318,-0.2301907694061558,-0.1270540796999361,0.340111779707769
0.33941387405074575,0.6268758960024445,0.5949469179579239,0.36751388817548697,0.22318272383378893,0.5013939405201668,0.24157413413040496,0.3182648481412887,0.422737057277213,0.4139078092246776,0.4234728475273288,0.4375334839901427,0.44010953594853625,0.3503412073195813,0.5041712023576798,0.4600710617886318,0.47600047556088826,0.4079565519349389,0.5150832590415348,0.46410730966791813,0.4679516829813898,0.464469137227192,-0.5093192610083052,0.4907709056792471,0.28022297385694495,0.5223594815599176,0.3641204027670983,1.4500916311097076,0.31779809312222096,0.3271751450867203,0.31991593065328866,0.44065257313302275,0.6642895067786616,0.28264771177588266,1.003788138369,0.28172438428333585,0.5708430132347269,0.31086520584516997,0.2971207695673067,0.36255651946259804,0.299816479541925,0.4698054420969806,0.6521406728845681,0.11383031725377604,0.8151143799268943,0.08480078927036992,0.4054696704334514,0.0017064004098650987,0.4105018113551056,-0.03632995713470286,-0.14527781937997894,0.8268481352298296,-0.7920866174790812,-0.049012952039366744,-0.10270127429523908,0.06405613867868552,-0.17585503490245097,-0.9728859741129464,0.997082492931388
0.9682005621646739,1.3337926958328263,1.06842076528722,0.6129999697100869,0.6202730889918022,0.7521335961150177,0.48892507120347983,0.7150105875886472,0.546293201275512,0.6771467468692813,0.690088265149544,0.6424258050360607,0.7510700469055013,0.5660115191136427,0.6166716585623698,0.6659612817030616,0.8178358401739113,0.7293911846638188,0.5567777147103035,0.8778104448068312,0.3741545987826007,0.7408463683402644,0.29762841591219913,0.4533184807897304,0.6241233789784204,0.1612827151952065,0.4337350656955406,0.31779809312222096,3.3768135220949125,0.2860586981631054,0.33474239206874384,0.49390144935499597,0.07544347596195124,0.9460396369326304,0.7247617383764651,0.8231086374875692,0.1549578697452371,0.050036608713746586,1.1057281281862834,0.37930889779464094,0.5572876727124696,0.3782839414937568,-0.07612098886883104,0.10481490568781054,-0.2988010288103181,0.3570584865936122,0.990588265539879,-0.18456921425820416,0.9912992688223466,0.6294621406594478,-0.6212574270366563,0.001401268548578036,-0.12250591226980242,-0.08831235598268809,0.34268711203538543,-0.18109247006898596,-0.5499997690032833,0.09811986355421713,0.4104908003223112
0.6219515455036313,0.5641573615954361,0.4933554316289447,0.28310855886491865,0.4939499288467365,0.2423300925194271,0.4123441208997752,0.38604499845504653,0.36905924926758055,0.36892196769828833,0.32774895120725217,0.2878085622423861,0.4173526831703334,0.3252420235399838,0.45296916693836553,0.3847592775258752,0.31954061759504887,0.28728687244310525,0.3913678137931022,0.8473803819176382,0.13689704370561706,0.4214110387831446,0.10749308568944317,0.7347371452311535,0.3855621012169496,0.49803128055566553,0.1645116206239804,0.3271751450867203,0.2860586981631054,3.876790047296148,0.4212109445830535,0.15800381734880006,0.7430420208140404,-0.0005428351334780134,0.4072948452561128,0.6902669634116521,0.9144023716100786,0.2662090410842467,0.7621865927245293,0.503684938392347,0.3249946332146326,0.1179204632335877,0.6226095276857204,0.141819972073105,0.511190334579564,-0.004941292191972788,0.6114701194527722,0.19474110482332047,2.127342416907922,-0.1652928666155551,-0.6220836738297252,0.18400458513421128,0.34323690372523286,-0.11960500932308883,0.6065839446439338,-0.12106424357708459,-0.5645290434607988,-0.9357422887021142,1.4249035664686662
0.5553344733146226,0.44480221658540603,0.5342154310475213,0.3753718503878362,0.41609137057931983,0.370302721941577,0.3414768794335678,0.3850610620076207,0.39878535029301215,0.37370129411604774,0.374660328393308,0.3879021534230752,0.39226729788977316,0.3203825310299234,0.39150249555244643,0.3639156463407191,0.4485014422785091,0.37730649074419087,0.42605076169855,0.3063465115988768,0.31120200030109046,0.460966998026151,0.3153563418128561,0.31643097276461624,0.34678559155748034,0.23733585117118888,0.33632837106025515,0.31991593065328866,0.33474239206874384,0.4212109445830535,1.1029267367590434,0.29858065549668084,0.47267878698467947,0.5371133767889893,0.21467146476632834,0.8367149760537981,0.6668187300213061,0.4199353525409539,0.5867237565369805,0.15633281984847083,0.5732120248731825,0.29611335360281416,0.4873059836374222,0.12232126511398893,0.3138727614759626,0.3772514521688004,0.5644384144802506,-0.04978657058358971,0.13945128916776756,0.2663295437060091,-0.1483775142011878,0.2681503281633464,-0.07101723338218288,-0.1573949960203644,0.17442194716172427,0.06300774486462402,-0.16119359941796466,-0.18886412538931835,0.10708322688485095
0.7038982624754432,0.588900681168491,0.6669928350992501,0.6841686236946993,0.4739134616730404,0.6209180675337521,0.39328519473136475,0.5439739764828967,0.5261096049568024,0.4453512485569723,0.5191010341192344,0.5562364152638971,0.5706991072577414,0.6617285528876574,0.490201824041935,0.5944691507989013,0.4939655545887513,0.4554823790933428,0.5997211146922546,0.39839223816711516,0.5186880347964518,0.6129404913311358,-0.04838114751572786,0.4933577599698838,0.43790204210014777,0.6467373029862128,0.4341116426075247,0.44065257313302275,0.49390144935499597,0.15800381734880006,0.29858065549668084,0.8690727242127989,0.35477006254065857,0.4201435024399938,0.4319981920084992,0.26188055892901535,0.20920906957665797,0.507141694266829,0.36087779883539356,0.3141592755130201,0.3209588442270312,0.5195629059501619,0.7045866782156781,0.09760078745182132,0.6041229668319122,0.3472686105701413,0.7194815458264112,-0.0864012525977633,0.39905481550688815,-0.01549942005825003,-0.04384461992259703,0.4425291715293731,-0.27041576790032734,-0.1010852041576784,-0.32811246825402746,0.02921289974804553,-0.01028495997477104,-0.5608740851371963,0.6280240661363092
0.5202722639803595,0.6212312643106136,0.4896428488731278,0.5682527102188369,0.6280082632109991,0.4310625198798219,0.4164247057113891,0.4054426286117684,0.47739101245002813,0.39037054701515334,0.44580096341435743,0.4725253888321561,0.5644295027181891,0.3980410752295854,0.5009353369028552,0.4632728198285309,0.5289135650143584,0.4146616192232689,0.5603986973793184,0.5048448167287862,0.19858836702395563,0.5948279858240695,0.023252405722120634,0.7695575871795425,0.38019504194272463,0.47186083587928823,0.43022206770630345,0.6642895067786616,0.07544347596195124,0.7430420208140404,0.47267878698467947,0.35477006254065857,1.8530610892446,0.037845533112923296,-0.2525974082909395,0.4497083070508793,1.1373940349152742,0.25930048683138757,0.28847905706656235,0.12723939750622057,0.33925946366309945,0.17939447674072825,0.7567098743125936,0.07056250029643032,0.11938466358907728,0.2680123180224754,0.36239618498371656,0.06746446458519605,0.9089570417694007,0.28492887184601656,-0.45139277595962857,0.5439269770430626,-0.20177429769323776,-0.279243370433303,0.5887852871708404,-0.03202363726016829,-0.49700963931760705,-1.3521657588086582,1.676397045142252
0.2933942420404383,0.7882307899345579,0.9550004913457467,0.740364866555758,0.34305730588072963,0.674218235850911,0.40617739571000866,0.6138227983703568,0.6145147893151538,0.670288101515715,0.6237975210855261,0.6175069148457951,0.6306667932826605,0.45460558959074504,0.5407617640324053,0.5342383568450456,0.675983117634801,0.5457490198601924,0.5379952452148126,0.5919865695964549,0.42202413185763216,0.5909507260504526,0.3114198809043515,0.4611254522004607,0.5288243785635242,0.40178399976021706,0.5157305349267619,0.28264771177588266,0.9460396369326304,-0.0005428351334780134,0.5371133767889893,0.4201435024399938,0.037845533112923296,2.71439915124896,0.9757830571659875,0.79995672018067,0.8109397081141662,-0.10873596032605364,0.9328502251116653,0.1336418285348147,0.5005562514626073,0.4123069181407655,0.5562101052194498,0.1379523223879358,0.5549328560050866,0.35958657984222264,0.7499392579149092,-0.17642004610462106,0.01930251315143663,-0.5485103738191179,0.29108653938526,-0.24882586092375364,0.36644626612389714,-0.14539591471308405,-0.1265225027169705,0.07031787329416442,-0.3779762200463934,-0.3143541796007626,0.4540003739597446
