1.0092973851295222,0.0005293078647929482,-0.0005266002559567171,0.0004272482563360283,-0.0003434523011638988,0.0002668652956053167,-1.9509782108075036e-5,-6.575030892740502e-5,9.293788987346546e-5,-3.6307736537585363e-6,-5.5895083119168015e-5,0.00017577095126750813,-0.000193580042377283,0.00023972754573710052,-0.00018458653178088694,0.00011848357071523229,-7.133397527452632e-5,8.281687953290439e-6,-8.027776313169379e-6,1.0009603727139031e-5,-1.526027281419449e-5,-6.466971780663322e-6,-6.479880411220533e-6,-8.946351908738478e-6,-2.210670828421682e-6,-4.7198375987416836e-6,3.7899667685363684e-7,-1.8129363323037233e-6,5.433109103815716e-6,1.709578811850646e-6,6.772622453002708e-6,2.5557324006429886e-7,5.761575812916081e-6,1.4532683074999214e-6,4.226664833884067e-6,2.101938282477676e-7,3.28675177548805e-6,-2.441644777376425e-7,1.4630507204098172e-6,-8.742812836932625e-7,-3.750545615799121e-7,-1.459171571360314e-6,5.346944376044629e-6,2.495625223914966e-6,9.038580141381673e-7,2.795452696494863e-7,-9.720919831521344e-8,-1.2058324695473288e-7,-1.1555887875590479e-7,-4.6961821806630904e-5,-4.675130935819883e-5,-4.755381547438938e-5,-4.094522902334448e-5,-4.027181673536137e-5,0.000204448715035004,0.0002742204202513009,0.00024179650289903257,0.00023903483024055223,0.00014876289553879428
0.0005293078647929482,1.009133945713713,0.0005332519692357818,-0.0005653989397138539,0.0004681000475773674,-0.0003564952804787469,0.000242203679970344,-0.0003193678836645714,0.00017266309277286826,-0.00016718732383244175,0.00025202680041541323,-0.0002333566891393399,0.0003039362180471521,-0.00027533580983301936,0.0002371698210509502,-0.00014843481041060163,8.701628243025207e-5,-2.994085470527283e-5,3.5016327170220255e-5,-2.7724684901584873e-5,6.561371434906345e-6,-4.728736101249501e-6,-1.7857658090916226e-6,1.5095119363309745e-6,-1.5270646182621528e-6,2.89815697475464e-6,-3.7140035664317136e-7,1.761383330399929e-6,-2.958375001110132e-6,1.8716761139548658e-6,-4.320255722825893e-6,7.488447267713039e-6,-8.437526505804941e-6,3.307648556404672e-6,-8.512092605624242e-6,6.619909616450284e-7,-7.73716215674802e-6,-1.0170778329225737e-6,-4.78497342601186e-6,7.44274697166159e-7,3.943569957256549e-6,2.3152803226727455e-5,8.250572757483474e-5,2.890393622544593e-5,9.431744598285375e-6,1.8003555585326002e-6,-7.07837854110687e-8,-6.502033008954867e-7,-5.028098629123504e-7,1.4232481371207535e-5,2.593298706982149e-7,-4.830216832402773e-6,-1.9568818057244164e-5,-3.487780666321295e-5,3.7622115623830994e-6,4.9148175815014346e-5,8.643096951553697e-5,6.843945004053132e-5,0.00018057125381405157
-0.0005266002559567171,0.0005332519692357818,1.0091525116642213,0.0006044285069544904,-0.000452000057007882,0.0003772336805911918,-0.000478163049907528,0.0003982768454996282,-0.0006334970736270499,0.0004307762168923289,-0.00035128496500884605,0.0004497016642115095,-0.000278898284051131,0.000393669096575948,-0.00025958742721591106,0.000217302208069359,-0.00013599159703329844,7.093143733347227e-5,-9.483078770880782e-5,2.3028727064474067e-5,-2.2625778308566347e-5,-1.0851778312883073e-5,-1.7529620174648958e-5,-1.4444553886348766e-5,-7.139958701738071e-6,-1.8893080116199472e-6,2.1668081801852048e-6,4.998527912180118e-6,5.689689430980412e-6,7.446196500495897e-6,1.4663596873963698e-5,-1.1553447434822226e-5,1.7287875824918268e-5,-9.391590424861365e-6,1.4224896482170389e-5,-5.365976723267481e-6,9.199021232881989e-6,-3.821217161504144e-6,3.463297872421468e-6,-5.11554975981141e-6,3.579022951301816e-6,2.6655899898862287e-5,0.0001431535386057067,5.045908129084242e-5,1.6475073472633008e-5,3.6954495572481894e-6,-5.241856579585626e-7,-1.3158828489127993e-6,-1.228900136961549e-6,-4.4809239095448136e-5,-5.4841208020111674e-5,-5.610498413348855e-5,-4.583004328569943e-5,-1.595136182461352e-5,-0.00015243291275205455,-0.0002901066119684278,-0.00030421142467226006,-0.00034264312950661166,-0.00040245554699268836
0.0004272482563360283,-0.0005653989397138539,0.0006044285069544904,1.0091956950653862,0.0003950237400256263,-0.0006786844576905463,0.0007165089637235773,-0.0013198853202076527,0.0006952800256474712,-0.0007410942057058337,0.0005488227594055365,-0.000395756260157155,0.0005388012214221762,-0.00025539402514947873,0.00037560941370190276,-0.00019034404471538307,0.00014775989026017886,-0.00010134657601126518,0.00010468041366082855,-6.917370784064638e-5,-9.113400572401652e-6,-3.1407136443865e-5,-2.076921703059376e-5,-1.9396044421718588e-5,-1.0381266573432132e-5,-1.9130750998585068e-6,1.1682600439983517e-6,1.0803915366221754e-6,8.674474354067741e-6,1.1937406720705152e-5,2.633989679960299e-6,3.35376775765115e-5,-1.23443526040619e-5,2.0594790390515908e-5,-1.6294420012836177e-5,5.868227057920228e-6,-1.6551993401906845e-5,-2.627180261155168e-6,-1.1619970758203911e-5,1.8977590771560914e-6,1.6578535328059706e-5,8.996665690094782e-5,0.0003578103432772323,0.0001280133839013229,4.175907686299028e-5,8.031479150415396e-6,-1.0515725532032285e-6,-3.428329696313335e-6,-2.722476495548517e-6,1.9452294231929754e-5,-3.152740401551695e-5,-4.917194324031415e-5,-5.913355659791309e-5,-3.4122309962053084e-5,0.00037552908902920343,0.00065686685231263,0.000673610808245804,0.0006909952278495555,0.0007573882344404842
-0.0003434523011638988,0.0004681000475773674,-0.000452000057007882,0.0003950237400256263,1.0090494008935325,-0.00018775048316920848,-0.0016190460680808928,0.0013444256438946709,-0.0009194283804331308,0.00047736642581825664,-0.0014398759426749058,0.0004364273028446722,9.82625315862821e-5,0.0008437679989643378,0.00010156713882115788,0.00036263309821396464,-7.254407243420126e-5,4.21167237216018e-5,-0.00015266977488166784,-9.795550157641407e-6,-6.596409056809608e-5,-6.247864150839155e-5,-8.15552008587116e-5,-5.857783764477733e-5,-3.724803935663389e-5,-8.517630620913866e-8,6.137441051670912e-6,1.818114133782366e-5,1.940884955498674e-5,2.7987706425407864e-5,3.806362731587169e-5,-1.4134378067060572e-5,3.7591164056239906e-5,-1.5002221984083955e-5,3.052144890895922e-5,-7.990302970281055e-6,1.622066446211468e-5,-6.336316182936062e-6,7.2767455974950106e-6,-3.1411316486803495e-6,4.352396394660653e-5,0.00021411348737032448,0.0009365563087341375,0.00033272752905918654,0.00010814830567387234,2.2123633461694515e-5,-3.3816085951424255e-6,-8.921515145368403e-6,-7.674427909567377e-6,5.8844830868594e-5,-4.069775374577118e-5,-8.33455972730305e-5,-8.679317337878176e-5,-2.1484196550054764e-6,-0.0004841333146635002,-0.000850071623764537,-0.0008813382203883939,-0.0008604788229304764,-0.0009249155485096823
0.0002668652956053167,-0.0003564952804787469,0.0003772336805911918,-0.0006786844576905463,-0.00018775048316920848,1.0072992002254344,-0.0020214867357056425,-0.0014333877982192756,0.00232386990121745,-0.0024990177046224195,-0.0020811631284426996,-0.0006729135126398359,0.0019837296052338856,0.0012605036122792094,0.001623383724154685,0.00011234167625760795,0.00035632839383016,-0.00035828585704169224,0.00021519576427104023,-0.00022237655139920777,-0.00014687699894572895,-0.0002306814223898665,-0.0002163972219757453,-0.000173841409168832,-8.466287108970349e-5,6.088604101632587e-7,2.9130034179045754e-5,3.493983045863689e-5,5.02952336429276e-5,5.802914731540782e-5,5.4280637249200594e-5,6.466189793239942e-5,6.895937943236383e-6,3.662188104663534e-5,2.6828571251238883e-6,2.483947681958439e-5,-3.6464415287806453e-6,7.400041422729282e-6,-1.0286730999872095e-5,1.6668925327479242e-5,0.0001361866351203973,0.0006853316670411763,0.0028776045095592526,0.0010330077966054956,0.00033924169510711607,6.932684816088403e-5,-8.10928836893945e-6,-2.6740413235046867e-5,-2.2501294012943003e-5,3.824637398263664e-5,-0.0002668404019423663,-0.0003641395822627587,-0.0003374077833364523,-0.00015694575076526332,0.0006482046994424408,0.0010816142004359548,0.0010946452708346015,0.0011202402571211915,0.0011740748662864371
-1.9509782108075036e-5,0.000242203679970344,-0.000478163049907528,0.0007165089637235773,-0.0016190460680808928,-0.0020214867357056425,0.9883786931810592,0.006104741123027873,-0.011315498213335896,0.011468550688443976,-0.004547028000661726,0.011836266389330961,-0.001669383409793221,0.0029144298992891055,0.0005305614736758556,0.0014681523932575597,-0.0008770924892451871,0.0001598526078912069,-0.0009500581571937983,-0.0002037840904784918,-0.00036110597658004537,-0.0005037944753653243,-0.0005367602265581784,-0.00038894331996686246,-0.00021796349473442075,7.076844500746516e-6,2.6751790589481622e-5,6.669771230131787e-5,8.615416078480408e-5,0.00024219932027492362,0.0002017454393710457,0.00010769196632772077,5.8575051407062886e-5,-7.875598536860767e-5,-5.7407985629646714e-5,-0.00016673331262214078,-0.00012062192732252492,-0.0001926965024234835,-0.0001022574558240869,-8.764482584069557e-5,0.00033045587282604685,0.0016781391620884574,0.0070631075327095465,0.0024818881621104425,0.0008031186646858196,0.00016571839358244788,-1.7464321101920343e-5,-6.0187775086829285e-5,-5.171446624834888e-5,0.0001339645060236309,-0.0005712419910236052,-0.0006518592072647761,-0.0006370545047017202,-0.0004367392807754568,-0.0029981619751569934,-0.00518612574648033,-0.005428177358195862,-0.005472982474109257,-0.0053859189894594805
-6.575030892740502e-5,-0.0003193678836645714,0.0003982768454996282,-0.0013198853202076527,0.0013444256438946709,-0.0014333877982192756,0.006104741123027873,0.9660248652514976,0.00256475784715275,-0.008985797953857042,0.03371586515021334,0.010402441820012456,0.005372603843808659,-0.010558449060746704,0.005330255378213718,-0.003878173544611886,0.0016510821872623292,-0.004227367814909057,0.0015494291074514871,-0.0008746863165766356,-0.00036635060430579663,-0.0004257520543250038,-0.0003964670731619626,-0.0003111333549843156,-0.00016249898541765006,-6.48794222708241e-5,8.26884554379541e-6,-0.00013450887538609305,0.00010223396743879002,-0.0002784939088179148,-0.00020505982506424135,-3.698925371706526e-5,-3.879209415734753e-5,0.00024347509569500462,0.0001960143775876044,0.00040764671546289515,0.0002957202704689136,0.000479504508716234,0.00035207819173775314,0.00047276467529639663,0.0004495253071901386,0.0009709393919080144,0.003082275289960392,0.0012194612352879278,0.00039647632094060487,6.400390120353399e-5,-2.769433762335421e-5,-4.41315459394078e-5,-3.427297057759e-5,-0.0005144853566557626,-0.0013262812350767208,-0.0020145358055456966,-0.0020242240818591013,-0.0009321970422695063,0.005237147248887026,0.008466288668489886,0.008390494948712707,0.008345663551563942,0.008296791608573512
9.293788987346546e-5,0.00017266309277286826,-0.0006334970736270499,0.0006952800256474712,-0.0009194283804331308,0.00232386990121745,-0.011315498213335896,0.00256475784715275,0.9710133572628935,0.024155281934468725,-0.0035117898639405545,0.02541175336791477,-0.007277148412555661,0.0067840644154679615,-0.004233204584397828,0.003895883983082556,-0.0035440178110414844,0.002897382113675476,-0.001275384412458803,0.0007586925559466647,0.00010708858589853725,-0.00016818017386128293,-0.00031924655441217353,-0.0001738341246226232,-0.00018105819802169559,-4.373593749560436e-5,-1.4405595908818244e-5,0.00032119256814990173,9.84412302320536e-5,0.0005926768839080954,0.0005894900564132734,0.00012783400015424948,0.00021529637931987474,-0.000280251480168125,-0.0001608280962891275,-0.0005539401049691412,-0.00043791668406390144,-0.0006873117473973272,-0.0004882005270025509,-0.0006089329606051836,-0.00022449417114260673,0.0005193454657105111,0.0033211285021984556,0.0008102953013476618,0.00016984168201480694,-4.10031020712109e-6,-3.47568206426313e-5,-3.0510152748112255e-5,-2.0695470166657754e-5,-1.9331229639872834e-5,-0.0005264111240873785,-0.0003483035000204883,-0.0004625206965420034,-0.00032241189888995676,-0.003661277833064869,-0.006172739119584155,-0.006424108804238602,-0.006471767655157875,-0.0062795853948168605
-3.6307736537585363e-6,-0.00016718732383244175,0.0004307762168923289,-0.0007410942057058337,0.00047736642581825664,-0.0024990177046224195,0.011468550688443976,-0.008985797953857042,0.024155281934468725,0.9715977027784516,0.00488281284136267,-0.03385108635316602,0.029070089325104794,0.007330358099918565,0.009621999782086119,-0.004754106513525206,0.003935570511719221,-0.004114838290981587,0.0017370947095896674,-0.00036905244977173405,-7.829162768628155e-5,-0.00022317188945810592,-0.00019452082238676963,-0.00011636079831557859,-5.488587800371706e-5,-7.929686965273955e-5,-1.1343433264963733e-5,-0.0002485705879963677,0.00018415596626582416,-0.0002589755599331079,-0.000305189841424285,3.3824914373236585e-5,-0.00011207104941382009,0.00028971140319828753,0.00011665838589367554,0.000378426336652749,0.00018319988562984018,0.0004116232210155646,0.00026839494056290494,0.0004058047287738993,0.00024377536880922673,0.00012160381192749706,-0.00046808766762129387,-0.00013397666681592022,-7.54800368035704e-5,-4.831778573268994e-5,-2.789334892411578e-5,-1.411554866163355e-5,-6.355784510812764e-6,0.0008021096157028316,0.0007841446419255869,0.0004996453071547987,0.0005564987599384396,0.000755196802654612,0.0026745202417292175,0.004671619367248035,0.004868742697935988,0.004934325877272731,0.004915829987805203
-5.5895083119168015e-5,0.00025202680041541323,-0.00035128496500884605,0.0005488227594055365,-0.0014398759426749058,-0.0020811631284426996,-0.004547028000661726,0.03371586515021334,-0.0035117898639405545,0.00488281284136267,0.9574780020339267,0.0009702938821303252,-0.0027572498099760006,0.020776112936996164,-0.005701028938554054,0.010565883368284694,-0.0028236390958213653,0.006281621570608098,-0.001175174289251977,0.000636968538335872,7.567795776282421e-5,-8.711429171808562e-5,-0.00022609977853241256,-3.001830006860284e-5,-0.00010115769962791082,-1.4221364061935546e-5,-1.945033464285959e-5,0.0002996886899790989,1.4712764369049647e-5,0.00040365502783380817,0.00044643350070812263,7.239095528441467e-5,0.0002565540875095592,-0.0002415624591094358,-0.00011069459682493704,-0.00048398773979190977,-0.0003387353131187297,-0.0005690974363756253,-0.00038180663834399506,-0.0005201252179340054,-0.00028842315976416137,-7.178497847990225e-5,0.0006931196192356911,-9.98574173757377e-5,-0.00013259433176147093,-7.04494441189499e-5,-3.178731991304896e-5,-8.505310228432586e-6,-1.63563211873425e-6,0.0003903246042194088,0.0005947487796704668,0.0009725320176780682,0.0010361391838865225,0.0004846161052854975,-0.0015912998034191285,-0.0030119442808245783,-0.002935241476650962,-0.0028555769363074373,-0.0030461521195460067
0.00017577095126750813,-0.0002333566891393399,0.0004497016642115095,-0.000395756260157155,0.0004364273028446722,-0.0006729135126398359,0.011836266389330961,0.010402441820012456,0.02541175336791477,-0.03385108635316602,0.0009702938821303252,0.9517854424317552,0.03525958456630049,0.004468211428360653,0.008067007972025442,-0.009539119536431138,0.008509790213924548,-0.003167498230363648,0.0020595375975687676,6.669164590005297e-6,0.00012205184725467088,-8.134341392321341e-5,4.015202271038702e-6,-9.550606434224774e-6,4.273025624657179e-5,-5.9221316103699634e-5,5.789600265712363e-5,-5.8091953307733775e-6,7.82990418715348e-5,-8.767252059659285e-5,-0.00010817816675138304,7.836558191674529e-6,-0.00018097952781675664,0.00015303424783233844,3.987031568606896e-5,0.0002565220926378394,9.519441019032337e-5,0.00021901973764136497,4.896058445563493e-5,0.00010549647720206218,-0.00010510443910410434,-0.0003724543026816222,-0.0015855802692023558,-0.0005989168795035048,-0.0002203546543280665,-6.85736249732987e-5,-1.3264223714352341e-5,3.865938668521065e-6,7.89967436217382e-6,0.00156428451271912,0.002294321253490562,0.002582785818498707,0.002560037646802294,0.0020538917202256968,0.0010162400148965548,0.0019778856223417835,0.0019752261519560155,0.001971112055139183,0.0020884831170975655
-0.000193580042377283,0.0003039362180471521,-0.000278898284051131,0.0005388012214221762,9.82625315862821e-5,0.0019837296052338856,-0.001669383409793221,0.005372603843808659,-0.007277148412555661,0.029070089325104794,-0.0027572498099760006,0.03525958456630049,0.9498139591470142,0.0005292875614218326,-0.005686166955337628,0.01753176652059759,-0.011312925151759946,0.0047070660364119665,-0.0034977658740952457,-0.0003027171784402177,-0.000204663752435386,7.539378460256308e-5,3.099848490147898e-5,9.980275136776517e-5,-4.42042500541408e-6,5.210667486231591e-5,-2.8870222641821334e-5,0.0001283650955359368,1.756239186939421e-5,0.00023753701265309633,0.00018583558741936093,1.557248990425504e-5,0.0002601152291260773,-0.00017914461494552685,-5.0658486323471235e-5,-0.00036130409449161176,-0.00022122544869687878,-0.000407110713013566,-0.00024736933899922664,-0.00035139644199062994,-0.00021110925306691222,-0.00026906389623172295,-0.0005115406426904083,-0.00031423934925784965,-0.00012196377834449373,-2.276656747064295e-5,4.639346623875881e-6,1.2586518777546802e-5,9.453179207762576e-6,-0.0017243944619769985,-0.0014699038916110249,-0.0011454515581572492,-0.0009588865685146825,-0.001214358633974021,-0.00033059825338817875,-0.000554545407193485,-0.0005058031170861593,-0.000497900872579372,-0.0005123101103720833
0.00023972754573710052,-0.00027533580983301936,0.000393669096575948,-0.00025539402514947873,0.0008437679989643378,0.0012605036122792094,0.0029144298992891055,-0.010558449060746704,0.0067840644154679615,0.007330358099918565,0.020776112936996164,0.004468211428360653,0.0005292875614218326,0.963087254247885,0.01944732270310113,-0.009258471288803256,0.008058284099810221,-0.006843892905268995,0.002228857507599662,-6.890455563511221e-5,0.00016944057986288194,0.00018579446546367024,0.0003092779034984087,9.205019297680726e-5,0.00012528021738021492,-1.7405645265518447e-5,3.774194884562495e-5,9.33439097396666e-6,-0.00014046933694500903,-0.00022571605327407403,-5.8767725373942466e-5,-5.080577957802147e-5,-0.00031687155511669175,5.417437747135756e-5,-2.3182939527393445e-5,0.0002714989251604543,0.00019727182521775652,0.0003134888304168463,0.0001508560083643695,0.00019761453481514883,-3.863441366348484e-5,-0.0003711706454138417,-0.0016326395808859595,-0.0004355268657144566,-8.375598053981158e-5,7.324195464840723e-6,2.3921301936238676e-5,1.680793157788416e-5,1.1802755220491482e-5,-0.0006687959964240121,-0.0006170680599197675,-0.0007525122744201913,-0.0011056741822181517,-0.0009381318728980474,0.00035461443339793327,0.0006696596158064677,0.0005999443383024595,0.0005927542543397662,0.0006450802441455826
-0.00018458653178088694,0.0002371698210509502,-0.00025958742721591106,0.00037560941370190276,0.00010156713882115788,0.001623383724154685,0.0005305614736758556,0.005330255378213718,-0.004233204584397828,0.009621999782086119,-0.005701028938554054,0.008067007972025442,-0.005686166955337628,0.01944732270310113,0.9709690763669646,0.0042896478741854226,-0.0055044591878890495,0.012163202251779606,-0.0011494829361912145,0.0004556783902919337,8.97801494872711e-5,0.000429287875689539,0.0003260542572441811,0.00024426422008386336,0.00010943212107908757,0.00017621386052242758,6.785207377214003e-6,0.0001406627947686792,-7.213162278248984e-5,0.00015906365630435253,0.00013082514717355643,-0.00018387090947569556,0.00020888109348697655,-0.00033153539161140676,-6.964655077394909e-5,-0.0004043941315669025,-0.0001717771221508915,-0.0004118266683458461,-0.00023551939876501467,-0.00035622296187631444,-0.00019714665280645132,-0.00020825619233061024,-0.0002468062247734936,-6.178127337350815e-5,4.378856040080329e-5,6.517119764359113e-5,4.708174690442619e-5,2.876406753526632e-5,1.4965862083622736e-5,-8.996278152541745e-5,0.0002288268017902296,0.0004464077754709356,0.0007155931766420368,0.00033867992536116024,-0.00021780530875352614,-0.00020600832080792123,3.2968848028511325e-5,6.734134459682691e-5,-6.624080139219951e-5
0.00011848357071523229,-0.00014843481041060163,0.000217302208069359,-0.00019034404471538307,0.00036263309821396464,0.00011234167625760795,0.0014681523932575597,-0.003878173544611886,0.003895883983082556,-0.004754106513525206,0.010565883368284694,-0.009539119536431138,0.01753176652059759,-0.009258471288803256,0.0042896478741854226,0.9914657550603037,0.010873176472643211,-0.006543307897387779,0.0033512791158090056,0.00018024989962541027,0.00023225437712946098,0.00019079192286304864,0.0003863806304378824,0.00017213288753165762,0.00026856763252302586,0.00012378148527414641,0.00016919526180979072,-1.1271942961588376e-5,-1.8784471314711294e-5,-0.00026382854214628866,-0.0001364359079452683,8.978315246131158e-5,-0.00026760372827022157,0.00019894062442682065,1.0461221868045825e-5,0.0004076215185715884,0.0002769666702770323,0.0004279201425018783,0.00015286149457269181,0.00020477252584944657,-0.00014530720904750179,-0.0005583245534039593,-0.001809126565044103,-0.0003919660140023875,-1.6129215055058818e-5,5.094691459742916e-5,4.73784988632606e-5,2.6188893556443096e-5,1.5444614431729498e-5,0.00042597570673240517,0.0004813881781379609,0.00023791092649964697,8.349476658341145e-5,0.0001582127382349201,0.00013009589753075146,0.000368722447089265,0.0003339440292676758,0.00026787488917666023,0.0002523071755676975
-7.133397527452632e-5,8.701628243025207e-5,-0.00013599159703329844,0.00014775989026017886,-7.254407243420126e-5,0.00035632839383016,-0.0008770924892451871,0.0016510821872623292,-0.0035440178110414844,0.003935570511719221,-0.0028236390958213653,0.008509790213924548,-0.011312925151759946,0.008058284099810221,-0.0055044591878890495,0.010873176472643211,0.9975078712817365,0.0057812135256985935,-0.00282101708101369,-3.653302267793287e-5,-4.481918172719386e-5,0.0002648694434401656,9.190252910651701e-5,0.00010980095997041897,-5.108523288161446e-5,6.942210693135644e-5,-7.86468733797137e-5,0.00019968848936213103,-0.000153986733193659,0.00015394649616035742,0.00022263525464430125,-0.0001981021401152857,0.00023261367084143124,-0.00031990632668202514,-1.3898547007758559e-5,-0.0003941242142432716,-0.00011579244840026853,-0.00038561093525239527,-0.00014816944669936865,-0.0002868853671860678,-5.8423714315918786e-5,8.40839081390435e-5,0.0005896018216632951,0.0001847001075472744,7.166405769079081e-5,3.631992182811585e-5,1.538426385655052e-5,7.909825141622252e-6,2.170378493507848e-6,-0.00017305067699339646,-0.00019339490283204984,0.00011999774013192393,0.0001863439150147672,2.0288459124889396e-5,-0.0002883594808530283,-0.00039363628232916086,-0.00024380353458996207,-0.0002046102280986205,-0.0002684088756644811
8.281687953290439e-6,-2.994085470527283e-5,7.093143733347227e-5,-0.00010134657601126518,4.21167237216018e-5,-0.00035828585704169224,0.0001598526078912069,-0.004227367814909057,0.002897382113675476,-0.004114838290981587,0.006281621570608098,-0.003167498230363648,0.0047070660364119665,-0.006843892905268995,0.012163202251779606,-0.006543307897387779,0.0057812135256985935,0.9999995362284599,0.0025153545088190087,-0.000398568839399856,1.4788788363608761e-5,-6.225647811267083e-5,6.882510954532141e-5,-0.00014102953919021966,-2.3619442527022048e-5,-0.00015413266775831164,-8.329327790377346e-5,-0.00040842927750518775,0.00019662758049759105,-0.000497532943354543,-0.0002963737906468986,8.623010251159396e-5,-0.00024823149707546067,0.00029203344681927594,2.254245686442234e-5,0.00045782666129646566,0.00021403899224998384,0.0006108330828575253,0.0004288112392937973,0.00067082086454001,0.00044052387754449774,0.0002569942308012766,-0.0005306617970764156,-7.996123693809179e-5,-9.586310643727253e-6,-1.3731679350639431e-5,-1.3358916263845961e-5,-1.3710704735610588e-5,-8.610348644832192e-6,7.841303638135607e-5,-0.00012456648475494764,-0.0005585024064872843,-0.0005870768149922824,-0.00012424726925363777,0.0003157569975560761,0.0005394220717251508,0.00047123602373319763,0.0004129350627360142,0.00042334375592951675
-8.027776313169379e-6,3.5016327170220255e-5,-9.483078770880782e-5,0.00010468041366082855,-0.00015266977488166784,0.00021519576427104023,-0.0009500581571937983,0.0015494291074514871,-0.001275384412458803,0.0017370947095896674,-0.001175174289251977,0.0020595375975687676,-0.0034977658740952457,0.002228857507599662,-0.0011494829361912145,0.0033512791158090056,-0.00282101708101369,0.0025153545088190087,1.0064747280838864,-0.00011271120014522362,-0.00018743684269624097,-9.923044061741209e-5,-0.00014555016701928858,-4.320724841072566e-5,-9.513341143713706e-5,-4.8846894103425615e-5,-3.258031962277333e-5,-0.00022481104515352125,-9.736587370151816e-5,0.000409761567366323,-0.000259333860064951,0.0002184925870664127,0.00022565952722536486,0.000327299377885806,0.0002322491120932993,0.00010153452202885017,4.226074460640304e-6,-7.740214332266506e-5,-2.2941210159431435e-5,-7.151029425196184e-5,3.4819931060891715e-5,3.257505456768108e-5,0.0002744218148748058,0.0003450242821236968,0.00012495545314069605,2.909441245754913e-5,-2.154874283422285e-6,-5.74340754727329e-6,-6.320220568915985e-6,-5.2967322964839655e-5,-7.060037535684059e-5,-2.0050411762760183e-5,6.939055368251315e-5,6.921904447714246e-5,-0.0007161944465382043,-0.001233079469958422,-0.0012248556520315142,-0.0011745949193810864,-0.001151979083494832
1.0009603727139031e-5,-2.7724684901584873e-5,2.3028727064474067e-5,-6.917370784064638e-5,-9.795550157641407e-6,-0.00022237655139920777,-0.0002037840904784918,-0.0008746863165766356,0.0007586925559466647,-0.00036905244977173405,0.000636968538335872,6.669164590005297e-6,-0.0003027171784402177,-6.890455563511221e-5,0.0004556783902919337,0.00018024989962541027,-3.653302267793287e-5,-0.000398568839399856,-0.00011271120014522362,1.0093755201858552,-0.00022266699067947273,-0.0002079520373094932,-0.00011613770977569396,-7.006069176747915e-5,2.022308605604274e-5,2.092958696648384e-5,3.194985733285036e-5,-2.1506345329491464e-5,-4.2604341877336595e-5,-0.0002633327217885312,-0.00012689952271066005,-4.04385594045326e-5,-8.35226520356019e-5,2.7242256002065278e-5,-1.0156083705741546e-5,0.00012883047075167416,0.00013204772077616457,0.0002190847581764156,0.00016607523886648403,0.00020406113136432945,0.0001473519804327926,0.00024809049921372967,0.0006649696281254298,0.00026570617928890945,9.510934631909252e-5,2.0729520223685447e-5,-1.3225455661187526e-7,-6.170889569779985e-6,-5.028570995105944e-6,-3.381491579750319e-5,-9.614781854335094e-5,-0.00019834839141153062,-0.00015359163948738103,-3.147190814791755e-5,-2.6594287669348957e-5,-2.0625148599581028e-5,1.1970987289281008e-5,2.6306494752526747e-5,1.986586394397796e-5
-1.526027281419449e-5,6.561371434906345e-6,-2.2625778308566347e-5,-9.113400572401652e-6,-6.596409056809608e-5,-0.00014687699894572895,-0.00036110597658004537,-0.00036635060430579663,0.00010708858589853725,-7.829162768628155e-5,7.567795776282421e-5,0.00012205184725467088,-0.000204663752435386,0.00016944057986288194,8.97801494872711e-5,0.00023225437712946098,-4.481918172719386e-5,1.4788788363608761e-5,-0.00018743684269624097,-0.00022266699067947273,1.0096817079632276,-0.00014392030146899527,-0.00015123939252926124,-1.1854299782814e-5,-1.3564849341359052e-5,6.942954490720291e-5,1.113719638115452e-5,2.7142027866679076e-5,-3.800556657952708e-5,-7.60116804945676e-5,-1.5358682897401483e-7,-9.241357928455794e-5,5.544877298647138e-6,-6.19834730453573e-5,3.225202462629947e-5,4.838043481677119e-6,9.726052300587303e-5,5.676830779458578e-5,8.572604829246201e-5,4.866124341168446e-5,7.383029251818376e-5,0.00016098010046462983,0.0006800728215929788,0.00025514642647175704,8.481750241234714e-5,2.09237580688144e-5,3.778658324024814e-8,-3.5128041831098577e-6,-4.196134543423341e-6,3.1778673710311213e-6,-2.833036383170854e-5,-5.9451404022019295e-5,-4.043412058968355e-5,1.9592268375936825e-5,-8.234745119189713e-6,-1.5246856092710258e-5,-1.4154607982532397e-5,-1.1775027908537755e-5,-2.3056684270836168e-5
-6.466971780663322e-6,-4.728736101249501e-6,-1.0851778312883073e-5,-3.1407136443865e-5,-6.247864150839155e-5,-0.0002306814223898665,-0.0005037944753653243,-0.0004257520543250038,-0.00016818017386128293,-0.00022317188945810592,-8.711429171808562e-5,-8.134341392321341e-5,7.539378460256308e-5,0.00018579446546367024,0.000429287875689539,0.00019079192286304864,0.0002648694434401656,-6.225647811267083e-5,-9.923044061741209e-5,-0.0002079520373094932,-0.00014392030146899527,1.0096384358114667,-0.0001734439618858904,-9.612326484770093e-5,3.745223764276693e-6,4.847706286663321e-6,6.60860138717854e-5,1.3645638026238256e-5,4.731772863151885e-5,-1.3988838510041334e-5,-3.7813679572369927e-5,6.426990371837092e-5,-2.9345442579553427e-5,6.311360652118084e-5,-2.5571748564133175e-5,4.6278421677046016e-5,-2.181500916699542e-5,2.5525560252685455e-5,-3.177695896297082e-5,7.30280976668559e-7,8.208269017047394e-6,0.00021498539093758743,0.0009666289972636473,0.00030193398413143715,8.2069637442789e-5,6.104903063278531e-6,-8.726744240027248e-6,-1.0274219347151425e-5,-6.716139349795725e-6,-2.342789782609038e-6,-6.586686348248938e-5,-9.667458844653894e-5,-8.496879066337173e-5,-3.572284871577762e-5,-1.9212848490733805e-5,-3.2506101774314335e-5,-4.00783736746843e-5,-4.010730157669353e-5,-3.653766341119671e-5
-6.479880411220533e-6,-1.7857658090916226e-6,-1.7529620174648958e-5,-2.076921703059376e-5,-8.15552008587116e-5,-0.0002163972219757453,-0.0005367602265581784,-0.0003964670731619626,-0.00031924655441217353,-0.00019452082238676963,-0.00022609977853241256,4.015202271038702e-6,3.099848490147898e-5,0.0003092779034984087,0.0003260542572441811,0.0003863806304378824,9.190252910651701e-5,6.882510954532141e-5,-0.00014555016701928858,-0.00011613770977569396,-0.00015123939252926124,-0.0001734439618858904,1.009668148260787,-7.35585694504836e-5,-8.639423296581472e-5,5.190588678086034e-6,-1.593405046668225e-5,4.975814323443058e-5,2.066703882547435e-5,6.297010712256368e-5,6.537678829606691e-5,-3.349819911472371e-5,4.560532604515589e-5,-4.2004359303899824e-5,5.176990882133713e-5,-2.5031006651634594e-5,4.670488099166498e-5,-1.863254013169266e-5,2.3646739961668572e-5,-2.4099496897141235e-5,4.210214977096076e-5,0.00021118944025817757,0.0009871198476015567,0.00029211276846271585,6.636359642739372e-5,-1.7016045959426454e-6,-1.6284679166824473e-5,-1.3114380237424993e-5,-9.481214306218614e-6,1.4212265839995828e-5,-2.6251005458130235e-5,-3.981316261630227e-5,-3.146709346481358e-5,9.50990444504713e-6,-1.4334685676522819e-5,-3.5856770510323497e-5,-5.459757114030659e-5,-5.1767719722654915e-5,-4.3480606117562665e-5
-8.946351908738478e-6,1.5095119363309745e-6,-1.4444553886348766e-5,-1.9396044421718588e-5,-5.857783764477733e-5,-0.000173841409168832,-0.00038894331996686246,-0.0003111333549843156,-0.0001738341246226232,-0.00011636079831557859,-3.001830006860284e-5,-9.550606434224774e-6,9.980275136776517e-5,9.205019297680726e-5,0.00024426422008386336,0.00017213288753165762,0.00010980095997041897,-0.00014102953919021966,-4.320724841072566e-5,-7.006069176747915e-5,-1.1854299782814e-5,-9.612326484770093e-5,-7.35585694504836e-5,1.009765887166819,-6.571109957999271e-5,-9.536369304183609e-5,-1.1911818176667569e-5,-3.329001214541501e-5,5.8768711222111475e-5,2.7999825675053042e-5,3.5136040752479987e-6,0.00012205397168785592,3.006639309175626e-5,0.00012422417446317273,-6.550266336083385e-8,3.4999768207892205e-5,-8.363608913010902e-5,-9.959990739942011e-6,-4.302125759280063e-5,1.3916479044625455e-5,3.845772807233663e-5,0.00019726879775152145,0.0006466083729664948,0.00019251159833340626,4.098530158135065e-5,-7.539304661396005e-6,-1.3728867584759195e-5,-1.2009417408154691e-5,-7.258699943014044e-6,-4.206683368744439e-6,-5.5682941163400415e-5,-7.605641935478684e-5,-7.121014944812207e-5,-3.899258281170226e-5,-1.1500516930137162e-5,-2.7056585696715922e-5,-2.936250972247022e-5,-2.343530156704511e-5,-1.1250875847719462e-5
-2.210670828421682e-6,-1.5270646182621528e-6,-7.139958701738071e-6,-1.0381266573432132e-5,-3.724803935663389e-5,-8.466287108970349e-5,-0.00021796349473442075,-0.00016249898541765006,-0.00018105819802169559,-5.488587800371706e-5,-0.00010115769962791082,4.273025624657179e-5,-4.42042500541408e-6,0.00012528021738021492,0.00010943212107908757,0.00026856763252302586,-5.108523288161446e-5,-2.3619442527022048e-5,-9.513341143713706e-5,2.022308605604274e-5,-1.3564849341359052e-5,3.745223764276693e-6,-8.639423296581472e-5,-6.571109957999271e-5,1.0097538395762566,-7.3751450425623e-5,-9.215929016463303e-5,-5.796538436515808e-6,-1.884012899904005e-6,7.074879578807852e-5,6.797982536594187e-5,-1.3652260739881328e-5,7.811846827695392e-5,-1.1994338406793638e-7,9.395730204506025e-5,-1.0348825135271605e-5,4.763607455347448e-5,-6.253837184828643e-6,5.845721447992109e-5,8.548120929302632e-6,6.277513236352291e-5,0.00010386670963676931,0.0003446687769705228,8.171840357957919e-5,4.208550273452136e-7,-1.4564687829303498e-5,-1.5663820689832508e-5,-9.256680540082572e-6,-6.347958920100102e-6,7.242694258703313e-6,-4.169131935355556e-6,-4.758695386578531e-6,-3.1591398747944373e-6,9.40277819089492e-6,-1.9870068664655656e-6,-1.6758438479046472e-5,-2.4223851793409588e-5,-1.7164445113854677e-5,-3.0452630161625384e-6
-4.7198375987416836e-6,2.89815697475464e-6,-1.8893080116199472e-6,-1.9130750998585068e-6,-8.517630620913866e-8,6.088604101632587e-7,7.076844500746516e-6,-6.48794222708241e-5,-4.373593749560436e-5,-7.929686965273955e-5,-1.4221364061935546e-5,-5.9221316103699634e-5,5.210667486231591e-5,-1.7405645265518447e-5,0.00017621386052242758,0.00012378148527414641,6.942210693135644e-5,-0.00015413266775831164,-4.8846894103425615e-5,2.092958696648384e-5,6.942954490720291e-5,4.847706286663321e-6,5.190588678086034e-6,-9.536369304183609e-5,-7.3751450425623e-5,1.0097391895922336,-8.079862026358601e-5,-0.00011115302650128361,1.5032694722147734e-5,3.8181405005886846e-5,-6.732637636042182e-5,9.153232758820324e-5,-4.9419391002861486e-5,6.884065506544137e-5,-3.7556525282513115e-5,3.3149230343970776e-5,-6.052103318863243e-5,4.1258980305714477e-5,5.198887744211577e-5,0.00013385011750887592,0.00015017554075177547,0.00016865762334443988,7.605164831287498e-5,-3.086391528378871e-5,-5.0163437180761326e-5,-4.149491381420607e-5,-2.5969242498375904e-5,-1.6322665483040152e-5,-9.026196399254408e-6,-1.3954068581438396e-5,-3.401441302726085e-5,-3.965296553076884e-5,-4.1085526115485735e-5,-3.525179135801435e-5,-1.1237775000761968e-5,-2.3328575295715354e-5,-1.0493529758276806e-5,-3.2108194681860158e-6,9.71092099937357e-6
3.7899667685363684e-7,-3.7140035664317136e-7,2.1668081801852048e-6,1.1682600439983517e-6,6.137441051670912e-6,2.9130034179045754e-5,2.6751790589481622e-5,8.26884554379541e-6,-1.4405595908818244e-5,-1.1343433264963733e-5,-1.945033464285959e-5,5.789600265712363e-5,-2.8870222641821334e-5,3.774194884562495e-5,6.785207377214003e-6,0.00016919526180979072,-7.86468733797137e-5,-8.329327790377346e-5,-3.258031962277333e-5,3.194985733285036e-5,1.113719638115452e-5,6.60860138717854e-5,-1.593405046668225e-5,-1.1911818176667569e-5,-9.215929016463303e-5,-8.079862026358601e-5,1.0096939940043448,-0.00010561059074629676,-0.00013959117595049755,-0.00015287080459375695,5.383411124414726e-6,-0.0002247898824654022,-0.00010735613509462472,-0.00027095971361077754,-9.99059861391967e-5,-0.00012876404307156518,3.6360340919685905e-5,8.880425567205266e-5,0.0002839177408111215,0.0003411215448777545,0.00043389177522526977,0.00036186551774795085,0.00014745053289362244,-4.417249973706544e-5,-7.169824731837078e-5,-5.28842909112358e-5,-3.5492325917609034e-5,-2.0936332881483155e-5,-1.3861030969724757e-5,-1.5091242835287355e-5,-3.569128426250129e-5,-3.84255766875863e-5,-4.302924578553967e-5,-2.8556400853687316e-5,-6.694229935980635e-6,-4.054653653771709e-6,1.4748132875944289e-5,2.2164524295578154e-5,2.9256862383320353e-5
-1.8129363323037233e-6,1.761383330399929e-6,4.998527912180118e-6,1.0803915366221754e-6,1.818114133782366e-5,3.493983045863689e-5,6.669771230131787e-5,-0.00013450887538609305,0.00032119256814990173,-0.0002485705879963677,0.0002996886899790989,-5.8091953307733775e-6,0.0001283650955359368,9.33439097396666e-6,0.0001406627947686792,-1.1271942961588376e-5,0.00019968848936213103,-0.00040842927750518775,-0.00022481104515352125,-2.1506345329491464e-5,2.7142027866679076e-5,1.3645638026238256e-5,4.975814323443058e-5,-3.329001214541501e-5,-5.796538436515808e-6,-0.00011115302650128361,-0.00010561059074629676,1.0095485942167557,-0.0001582297490990479,-0.00013401266842350972,-0.00032227775873521294,-3.544350785391249e-5,-0.00018227233934750442,5.970010606189083e-5,-6.426672255957407e-5,8.88850922367323e-5,-2.20358490529717e-5,0.0002068984494535186,0.0002611296596851439,0.0004100036696975321,0.0004228317489466832,0.0002755231983994434,-0.00031845802555564666,-3.497467699710224e-5,-3.562578883861836e-5,-2.8239958444960985e-5,-1.6805231435593603e-5,-9.258402816125584e-6,-5.831627264368997e-6,-4.526058448225354e-5,-0.00012564514188344758,-0.00017325217533111807,-0.0001715877443301887,-0.00010447380576548732,-2.7329571377646357e-5,-4.1499767528735017e-5,-6.225893829114096e-6,2.398050690855396e-6,2.1081618126503387e-6
5.433109103815716e-6,-2.958375001110132e-6,5.689689430980412e-6,8.674474354067741e-6,1.940884955498674e-5,5.02952336429276e-5,8.615416078480408e-5,0.00010223396743879002,9.84412302320536e-5,0.00018415596626582416,1.4712764369049647e-5,7.82990418715348e-5,1.756239186939421e-5,-0.00014046933694500903,-7.213162278248984e-5,-1.8784471314711294e-5,-0.000153986733193659,0.00019662758049759105,-9.736587370151816e-5,-4.2604341877336595e-5,-3.800556657952708e-5,4.731772863151885e-5,2.066703882547435e-5,5.8768711222111475e-5,-1.884012899904005e-6,1.5032694722147734e-5,-0.00013959117595049755,-0.0001582297490990479,1.0094165793932162,-0.0005027308417539508,-0.00026513622374461834,-0.0005283588638156786,-0.0002702850382999248,-0.00034713484847683136,-1.5417530011657174e-5,5.7993980862804864e-6,0.00026964626907542005,0.0004089326059946304,0.0005884813358613324,0.0005439920599404487,0.000525159516774188,0.00028475838352138834,-0.0002652708822291833,-7.562921103882706e-5,-3.456838209228983e-5,-5.77644732862247e-6,2.150789782680603e-6,6.921249453042333e-6,3.701962233025351e-6,-4.030046331548094e-5,-0.00011999069518785304,-0.00014783364244683894,-0.0001346183624512063,-9.48365324121152e-5,-3.340665279569153e-5,-1.9691779978786496e-5,8.510268288210307e-6,1.7395923032867572e-5,1.0782034408237213e-5
1.709578811850646e-6,1.8716761139548658e-6,7.446196500495897e-6,1.1937406720705152e-5,2.7987706425407864e-5,5.802914731540782e-5,0.00024219932027492362,-0.0002784939088179148,0.0005926768839080954,-0.0002589755599331079,0.00040365502783380817,-8.767252059659285e-5,0.00023753701265309633,-0.00022571605327407403,0.00015906365630435253,-0.00026382854214628866,0.00015394649616035742,-0.000497532943354543,0.000409761567366323,-0.0002633327217885312,-7.60116804945676e-5,-1.3988838510041334e-5,6.297010712256368e-5,2.7999825675053042e-5,7.074879578807852e-5,3.8181405005886846e-5,-0.00015287080459375695,-0.00013401266842350972,-0.0005027308417539508,1.008610301268697,-0.00026979173269117674,-0.0007764593349293223,6.028735900180013e-5,-0.00038215238440312914,-0.00022712715388511026,-7.741430855907502e-5,6.13118514556102e-5,0.0004850576698495281,0.0006825780950021603,0.0008617506603872516,0.0008070317623560545,0.0006091490384176868,-0.0001964884842283372,-9.526609300043313e-5,-3.5217649635198586e-5,9.993581347106213e-7,1.0120606380766132e-5,1.255154079612753e-5,8.094302345425572e-6,-5.1295674124688535e-5,-0.00012052470855720533,-0.00025609255867584053,-0.00018059857495925127,-0.00012109392425073998,-9.856072403232104e-5,-8.677437070634563e-5,-2.011231304275003e-5,-4.367769056100618e-5,-2.463862097984033e-5
