1.2442349180690448,0.724589946391799,0.11323496511755438,0.07064621001362677,0.25295138559269625,0.10047590258868391,0.30646189435640864,0.16554028282386646,0.13660669087051316,0.18475417864974555,0.18123076726219653,0.21317743860823707,0.22445501095803708,0.1977288081381135,0.1718296523693961,0.22269371872868865,0.1636466998588848,0.26670749608568056,0.1143677455957817,0.09518850386933203,0.193365578932292,0.1827578911543007,0.02606215362054223,0.1610559335564903,0.13054266258589833,0.10193987325801791,0.22459080904250966,0.17899980214647238,0.14782916557033945,0.09257845755983855,0.1420878555300808,0.16525966559622376,0.2164830589676471,-0.11910012309272999,0.1809625568351164,0.10676492426276034,0.11273690527609398,0.1463341281102041,0.21752867081330884,0.10584447507561,0.15318399853621156,0.16169542772697798,0.08722965849798961,0.0134801364169555,0.14597060688060395,0.19273481506920237,0.18741566253154748,0.053086449843885046,0.30927976365669824,-0.016141351661010217,-0.07436766355895971,-0.03591936009453454,0.04090804578215377,0.014763042605814604,0.10251661747322419,-0.028204946193374877,0.0647682301730761,-0.10638066472038986,0.003660886237851308
0.724589946391799,5.5850484065393005,0.7020442917713504,0.4289329372255112,0.357711815115843,0.09606578604810585,0.6333765677498397,0.3286444980923312,0.49086621482806797,0.46861958676089216,0.4829421200848616,0.46172006677662203,0.5758044329398248,0.3915947091912695,0.5756755322147264,0.42361022726215297,0.4657929458250015,0.8010132775968469,0.12160568815228642,0.5810003652291647,0.2740541283095292,0.44991680690460706,-1.387367656787584,0.21649013025391792,0.3200492828729012,0.14602878436985944,1.0093143781103637,0.4439598256168932,0.19694755884596798,0.22882974152947727,0.4411344563750254,0.38610326185114324,0.21491857806015532,0.1860761558807199,0.6668923964339286,0.23602789624639672,0.49371981214597305,0.6763889560862201,0.6332934423383367,0.1335500755531968,0.5097269028946584,0.35209767211678933,0.1086155418803994,0.013625896688730588,0.43852083954363325,0.9581641434105617,0.47149057550227647,0.17668771636522848,0.6359806026812865,-0.13805903776482142,-0.1730618656918298,-0.17767430558690117,0.04476832586123317,-0.014663510504410972,-0.799450199367305,0.20567597781469082,-0.27659250203864244,-0.09784658246691433,0.6201577725596764
0.11323496511755438,0.7020442917713504,2.1811386176908996,0.6520986447898193,-0.06558109680471617,0.43993464616902594,0.23787065627321283,0.6437361816335297,0.554879307845398,0.5459782904048972,0.4849743585561301,0.3511772352454671,0.46429513569841124,0.39200275669931445,0.4091780003846005,0.32124966498469243,0.4588838856649969,0.6581667857431875,0.23904217686486756,0.6013729005693992,0.27158251402298955,0.43948638160865816,0.41764770981884514,0.29515558286811494,0.15016529984111956,0.3267221207249296,0.12798178559496082,0.32595795315434245,0.5279976581666764,-0.4538822392871134,0.24583751663909123,0.4090213849570381,0.22488649311816708,0.40178269400322814,0.5389412577481026,0.22533231657084987,0.43965197051780824,0.2959531923734984,0.3870135925523908,-0.574057531635199,0.2929498263946218,0.3311804515912002,-0.05135773881528109,0.06567762837632356,-0.017237143955035606,1.2685251369318251,0.26026307223650363,0.034206983833646225,0.002202455030562896,0.16392810314893508,-0.03689769389672913,0.2266276083453456,-0.010500775811188811,-0.2668418774302436,-0.10896232740621094,-0.2570157352498838,0.2160309493176426,-0.16266070389737117,0.03907150493156334
0.07064621001362677,0.4289329372255112,0.6520986447898193,2.4159216878926357,0.23262660429161314,0.40801506575101293,0.4268000430003503,0.3854628039506016,0.23456789875430864,0.4505999060764567,0.34360569700172033,0.4544636443508506,0.37718000924135553,0.4743398098253539,0.32662125892990734,0.402103134183667,0.3728068541840143,0.5932816716433944,0.23233878512897962,0.5199448066521363,0.2511547376559306,0.3224850947072549,0.3929676730594903,0.270255429422917,0.19109576245238608,0.33122348551845343,0.14406668449617333,0.11859220548743005,0.4893869845211549,-0.003122560853086381,0.24377813970154555,0.4756003326410086,0.025047153804918523,0.5378011072799095,0.17271363514685983,0.28772247264481426,0.23250102561541552,0.20729189573254253,0.2826137137507893,-0.11568187917511098,0.2858387191534352,0.3341960978986609,0.11254096950712002,0.02878366108127803,0.0453143586312273,0.4342945085501881,0.34081248065802994,-0.042157176106605965,0.08355676250936715,0.1840125688343206,-0.13774507824017782,0.35118064275696187,-0.15199192820373242,-0.15145591004907324,-0.36846321453470526,-0.11643361955234874,0.17291501494147932,0.2744820621187209,-0.31693494985119314
0.25295138559269625,0.357711815115843,-0.06558109680471617,0.23262660429161314,0.8982286886058227,0.20839913491535508,0.19002638437479039,0.1407516383576769,0.1295596963451109,0.1696202133403165,0.16987113386633454,0.18784559095563963,0.25598955093322273,0.21710036186308032,0.2005866940471007,0.23816892864715183,0.1574397579047448,0.14470033731159218,0.29844625739397823,0.2377007578151015,0.14718843124155298,0.18499534790711925,0.20795348906131073,0.15356083431532533,0.16425418939453082,0.1809410307212862,0.20277559686439697,0.05222241343771265,0.28094270217653583,0.2372464183222365,0.17661854875960908,0.18158033472955554,0.07940058397387809,0.3465098425537409,0.060625186706214314,0.12958529317161932,0.30155990037975655,0.17564039587666413,0.1665497214865438,0.1141365746090265,0.2287602155361169,0.20512269762201496,0.15662904867959487,0.053124914209757144,0.08511126239117507,0.11552471497983377,0.21602851833103823,0.08978591561331503,0.3482520235974437,0.11601389210969378,-0.10660312143422523,-0.1814274259049313,0.10873894144300682,0.06177176319637646,-0.03481413133520695,-0.002442469311507542,-0.1886518913059431,-0.0997696619885352,0.3097902380749601
0.10047590258868391,0.09606578604810585,0.43993464616902594,0.40801506575101293,0.20839913491535508,0.6809255261391873,0.12843424376236193,0.34564221930727884,0.25059138329762465,0.24586115164774386,0.25611968345837083,0.20171806462292058,0.24843776622350133,0.33843948753638375,0.25214766620731843,0.270226917566716,0.2696156895592608,0.2485970853113723,0.3049178482246714,0.441947271166478,0.24356564241153805,0.27269664344506944,0.1948029758710548,0.21233626960112068,0.1576626534267806,0.2905965301862697,0.17822186465000017,0.07471982517575963,0.4263148428707973,0.07538884606095116,0.19366335043789215,0.35112813399513143,0.009304417232882835,0.30167278864469504,0.002003981696028265,0.15536050217653374,0.27798548764855285,0.3022763168023537,0.23102754404510853,0.029083405563464563,0.23125856872828598,0.2841078276719687,0.19752881687689738,0.051389483893263595,0.242120614687964,0.32860189549804714,0.25712860495989165,0.06451901943449011,0.412402248916609,0.17720318209102864,-0.12422518702127516,-0.010718076270041548,-0.10736630484686964,0.000579790208337378,-0.07375221180180258,-0.07889865955217781,0.08167200467520415,0.12146688251156813,-0.15016980514238745
0.30646189435640864,0.6333765677498397,0.23787065627321283,0.4268000430003503,0.19002638437479039,0.12843424376236193,0.6469397320032639,0.1426902870910695,0.2515352433106911,0.2626259975147547,0.26895520752284613,0.34363987934248963,0.30765740559213045,0.19535936738045395,0.19437540767200162,0.25711671895375854,0.24320194836286507,0.3620613798246811,0.09870749599056258,0.2725084408370397,0.24435198755421914,0.26169068095731485,0.3021914748399857,0.19280652990387068,0.2323149528504329,0.17444726789935214,0.25972110487768885,0.134516462384363,0.278848997373575,0.15524075660187053,0.22912616520579976,0.21230099875260064,0.1896512394273556,0.2970543706588547,0.08579628547837864,0.2011980457197094,0.2711576728440703,0.16410942682702823,0.2697004335686476,0.01631477539725594,0.2521798556695457,0.25153837469803353,0.10473010204710675,0.032472253205044155,0.06348007112501484,0.2757454227131116,0.25964878930042823,0.03335093629677285,0.33220546399669637,-0.020666373753442838,-0.08039506014918299,0.06318073828660493,0.0018320941261166343,-0.08096676750060923,-0.08393129114879219,0.021706534958656785,0.08589247805711626,-0.027883382589578988,-0.08675265526273906
0.16554028282386646,0.3286444980923312,0.6437361816335297,0.3854628039506016,0.1407516383576769,0.34564221930727884,0.1426902870910695,0.951274615050209,0.19814836773579256,0.2882112138805869,0.38457109477973334,0.32664843520744197,0.34746067256677377,0.42564528067565194,0.2649819041092531,0.3427421704802744,0.3441226122467793,0.51277935123318,0.21480825394085085,0.4845833258171725,0.17638633535983492,0.2678039561933702,0.3050043911485513,0.22617542367188626,0.02657123219685392,0.3508619641030415,0.07871626403899164,0.0768155196986314,0.4248534746836692,-0.1418062132468309,0.13481028976753104,0.40225880272333525,0.03436259229654461,0.3096424985003011,0.18994165613123132,0.10545483508402066,0.08019379412671487,0.10672092493930907,0.36122747008878364,-0.03117019908772197,0.22347609259515058,0.3429929128904039,0.06587380414636568,0.020002767736263104,-3.1974654023443275e-5,0.4803676513057215,0.292173392925969,0.09632355644844129,0.5364095494767049,0.014800130011575043,-0.07794638833228146,0.18252456858482813,-0.025918681401911402,-0.032754076999559796,-0.16387043980709382,-0.22148380093126221,0.12067352374747184,0.28014915787846206,-0.1869509467557083
0.13660669087051316,0.49086621482806797,0.554879307845398,0.23456789875430864,0.1295596963451109,0.25059138329762465,0.2515352433106911,0.19814836773579256,0.5692903860202716,0.2680302969588784,0.19594216002751605,0.169021613812523,0.24804418676569234,0.24863768175423898,0.22602079995035299,0.18904840149943408,0.2271782877751917,0.30239497542805455,0.10593659651513825,0.24175042778491174,0.20774645119836815,0.36932479616085334,0.27928114587617364,0.1953218306159721,0.20703503591226557,0.2016858088948204,0.258666957997679,0.20282779600334425,0.22515369091727236,0.07465552251828511,0.2293358894720594,0.25050021252459553,0.21503266578375604,0.155508856401278,0.23292051401644628,0.21090789377637917,0.2632375369773717,0.24038053999158493,0.26616265302954445,-0.06679398127593622,0.20902966611151264,0.19098758836023297,0.10538959116179225,0.045744614668421474,0.1358311566649829,0.480351403842681,0.2428532316033735,-0.01521652397849377,0.23017349874954576,0.02965661644614102,-0.06444443955885647,-0.06323338309366572,0.07045258705488906,-0.0772756129530134,-0.014069412750876096,0.07102709652812912,0.017147313455727946,-0.11745153308725292,-0.026752490663667923
0.18475417864974555,0.46861958676089216,0.5459782904048972,0.4505999060764567,0.1696202133403165,0.24586115164774386,0.2626259975147547,0.2882112138805869,0.2680302969588784,0.585194556946696,0.26273222973118326,0.2079701933316285,0.31018326887885234,0.22373670704300605,0.2757092092312797,0.2398864838768569,0.30601135639641686,0.3681071346786057,0.13386678291399756,0.37610022339234855,0.17768357250880604,0.2551115027783283,0.3429515033060574,0.20394240503395336,0.2710992303235555,0.1874419556445797,0.29103678727464305,0.23396973069405996,0.3828650791244492,0.13030453719249074,0.2517477039132399,0.226410926902476,0.13824897157434685,0.397268065737205,0.3544418477940733,0.19860922377306509,0.39997896740553124,0.18398559850566953,0.2877796856521854,-0.044437846943116935,0.33788538697948656,0.2718308368737737,0.09491226338907412,0.05055446288481205,-0.00045218878839606465,0.6048022172353569,0.3238029130962367,0.09981380067275979,0.2302906347819287,0.14214860010480732,-0.09088369753974568,-0.021144707409350302,0.0222694210341968,-0.05726103661216163,0.032576658317973954,-0.01771116438462365,0.08087644078133774,-0.24736895476748955,0.13225852001843583
0.18123076726219653,0.4829421200848616,0.4849743585561301,0.34360569700172033,0.16987113386633454,0.25611968345837083,0.26895520752284613,0.38457109477973334,0.19594216002751605,0.26273222973118326,0.5619159319938086,0.33210226678874094,0.35604684954423904,0.29472518250085206,0.31319140392635775,0.2792290583019186,0.315199485619696,0.3773546098062798,0.1221784424213558,0.4499527561916402,0.20850073578592512,0.23523986208152065,0.2891687692758431,0.21187343894284577,0.18549335027368913,0.24281324914754768,0.20332034507242153,0.1731279753955965,0.38329788305275886,0.02775688082618331,0.20881021889246515,0.27327738803956425,0.11598508008522775,0.3355222759509963,0.3417058378173707,0.14858541617649032,0.24134925686080613,0.164376935745682,0.3233486272930621,-0.012947619140389086,0.2908654437017067,0.2853294280918984,0.08158879872101867,0.03672557252338215,0.012752255075916284,0.4989958399786644,0.2737518504944777,0.10514575743145922,0.2762778800187654,0.055176564640606496,-0.09584880363548763,-0.06297181723286752,0.12079481258453253,-0.04012193711424826,-0.11981180459107796,-0.0940831217247258,0.11010728159299805,0.062110088163943214,-0.10785059375608734
0.21317743860823707,0.46172006677662203,0.3511772352454671,0.4544636443508506,0.18784559095563963,0.20171806462292058,0.34363987934248963,0.32664843520744197,0.169021613812523,0.2079701933316285,0.33210226678874094,0.6325592739773631,0.3404147182490749,0.291708898384065,0.17932431998924997,0.28680429528503687,0.24752491743984148,0.42313817077535526,0.14246672045160894,0.32213552099029086,0.13832499931545034,0.22994279237706372,0.2417969203535584,0.167453162533209,0.06568045555912856,0.2427955677864678,0.11588264631248613,-0.013498168820464326,0.2583434797544329,-0.06712376225237042,0.15021597262198558,0.29636313149350224,0.0883767672969207,0.2559820125393138,-0.030797840911034886,0.1580422113955653,-0.0021089664681812194,0.09812496531583267,0.24910950137543036,0.007010125457753658,0.1415821918728724,0.24216737929284907,-0.0006546236349042079,0.015258019115316686,-0.035088999505047416,0.2650035620085896,0.20892199459562213,0.01750920811985023,0.4409435106395638,-0.09943202816982916,-0.007971826259713892,0.04517033108103621,0.02556764194797663,-0.05833575632558885,-0.18671187138348158,-0.0614783553031082,0.1030990620417045,0.1426750936790424,-0.24632427729859072
0.22445501095803708,0.5758044329398248,0.46429513569841124,0.37718000924135553,0.25598955093322273,0.24843776622350133,0.30765740559213045,0.34746067256677377,0.24804418676569234,0.31018326887885234,0.35604684954423904,0.3404147182490749,0.6979420552412271,0.2670373675164737,0.20768686741287296,0.2428151223821353,0.2907715056580571,0.42882996310898225,0.16505655540609823,0.3981836048682315,0.23440302273988062,0.2492173046417627,0.3806488095718388,0.2458836162458957,0.16028524646705192,0.21400691797935206,0.167536645095035,0.20730344644537446,0.4501259388381467,0.025972895523368005,0.18202000859598566,0.25409433568684414,0.20269026299842618,0.350456436078285,0.37731862488116463,0.14061189620615758,0.24083494853403686,0.04957304524528453,0.35662057773397354,-0.055520120538697516,0.27035467282227016,0.2718612585822897,0.01006122127271761,0.04768911074361203,-0.1682132967610471,0.5006925320251879,0.29026692463563275,0.09891127058205951,0.41439726288820106,0.19280884217258515,-0.062286366579370984,-0.07254817057495067,0.0966597848833167,-0.1393063454116121,-0.04105828541517714,-0.16937872980710192,0.14382084159173625,-0.1911875332664518,0.1617046438411115
0.1977288081381135,0.3915947091912695,0.39200275669931445,0.4743398098253539,0.21710036186308032,0.33843948753638375,0.19535936738045395,0.42564528067565194,0.24863768175423898,0.22373670704300605,0.29472518250085206,0.291708898384065,0.2670373675164737,0.5997660984123888,0.31239087468287013,0.3595680430594179,0.2941949077793031,0.35556988800055395,0.2099876838818682,0.43102600997782003,0.15640969356667409,0.30127258749522146,0.21079596608230897,0.2639639176947018,0.09483278763534606,0.30432469004470997,0.13379937332355937,0.13692615090506552,0.34761446119273387,0.005037087785661616,0.15807871274252924,0.5249491321504394,0.0463471443482495,0.28169608278765157,0.22967436776846276,0.1716247106412862,0.04238275178260647,0.1827920156792646,0.21324170565334657,0.046101994441150304,0.25108392933827095,0.3194046030311082,0.14432874796688197,0.03752063410446244,0.031905076361658194,0.36831011996283564,0.2583108215218529,0.06364946788517438,0.5431150019209368,0.04760951298147911,-0.10831595563942459,0.06492490502507468,-0.010598617101596116,0.03483470803293597,-0.1497465993813092,-0.0832180086574964,-0.006924600329803754,0.20154906689123905,-0.06441824113070024
0.1718296523693961,0.5756755322147264,0.4091780003846005,0.32662125892990734,0.2005866940471007,0.25214766620731843,0.19437540767200162,0.2649819041092531,0.22602079995035299,0.2757092092312797,0.31319140392635775,0.17932431998924997,0.20768686741287296,0.31239087468287013,0.556752455908059,0.24484904768655283,0.285040731430727,0.26374187018003603,0.16862275276510105,0.38275934336989953,0.19118159202095283,0.23628037783581798,0.24114447475441428,0.2233890262737014,0.2513225318826517,0.20555503867517816,0.2821620010370505,0.2834384638001537,0.33157651533356214,0.14615236735643639,0.22841374922423183,0.29723018145049046,0.15707094881143072,0.30300003529564284,0.33487464556292773,0.15476003701799498,0.3638336368492996,0.2114849866196037,0.24820474560895572,-0.009140969727309099,0.31696605316623155,0.26134695431008714,0.16248262890392365,0.035148990401819735,0.08636234290559551,0.4692000063803454,0.2725753966691044,0.11961134921250482,0.3038104001545795,0.1964736563929417,-0.18130872835401704,0.08800149139015802,-0.11493228052183811,0.0027925203582448094,-0.03721378070753353,-0.0018390549126814843,-0.027476887537284663,-0.028059568186560916,0.07718277353160644
0.22269371872868865,0.42361022726215297,0.32124966498469243,0.402103134183667,0.23816892864715183,0.270226917566716,0.25711671895375854,0.3427421704802744,0.18904840149943408,0.2398864838768569,0.2792290583019186,0.28680429528503687,0.2428151223821353,0.3595680430594179,0.24484904768655283,0.7585606327797785,0.32794150786549464,0.3201003958732668,0.22403171954048,0.30942960295176736,0.15256024550243805,0.4519218793617935,0.16595508468456543,0.2364446805768637,0.08579540360082913,0.2207158313311338,0.16742228353390168,0.1764724808488031,0.3645527488985579,0.07460664920549095,0.18978494350045463,0.34582591359859605,0.0900742109631458,0.24762887800542915,0.3111632463211173,0.2248251756403731,0.10915257465625579,0.1615353034893536,0.2926089539344854,0.1165947113254227,0.2532666175752154,0.36306115707111253,0.23619251262578386,0.0689091363950299,0.0962103253254146,0.2741620940957873,0.2559683383431416,-0.020932470184325383,0.39832786607198095,-0.15196274971566784,-0.09031130473746649,0.09677252100677747,0.0496533795871901,-0.011736017010178078,-0.012191913264105021,-0.09293011006735927,0.025593649909734454,0.09028559234301547,-0.07879373415393529
0.1636466998588848,0.4657929458250015,0.4588838856649969,0.3728068541840143,0.1574397579047448,0.2696156895592608,0.24320194836286507,0.3441226122467793,0.2271782877751917,0.30601135639641686,0.315199485619696,0.24752491743984148,0.2907715056580571,0.2941949077793031,0.285040731430727,0.32794150786549464,0.6964975337493995,0.2628419615485216,0.19003313614956147,0.4797193912926774,0.16902247428359196,0.28669227890335985,0.190625321255088,0.2771499037338672,0.25872354600948,0.2198464662389817,0.296357144794815,0.40112302598305966,0.3184399291576083,0.16964927640203176,0.27200285006910613,0.2767021665947623,0.27399022095281456,0.3011281725070923,0.46299479234949176,0.17676652810166943,0.42691218604014064,0.2761312594333677,0.33790507011416443,0.010155676219093622,0.3459688534245084,0.4203684534173956,0.224246447372973,0.04541919219975085,0.1651297564001015,0.5488327788762397,0.32994020514761907,0.15928056640523544,0.31682674313776993,0.12395337708272566,-0.1084556119099776,0.18582183112995324,-0.008970725886260179,-0.10157079768032426,-0.12643644668285953,-0.06497055682262175,0.014956109378115189,0.029589021963787248,-0.07734164222384836
0.26670749608568056,0.8010132775968469,0.6581667857431875,0.5932816716433944,0.14470033731159218,0.2485970853113723,0.3620613798246811,0.51277935123318,0.30239497542805455,0.3681071346786057,0.3773546098062798,0.42313817077535526,0.42882996310898225,0.35556988800055395,0.26374187018003603,0.3201003958732668,0.2628419615485216,1.3875829795511472,0.13296767527818396,0.30652549995588524,0.288397666299877,0.30442345091805884,0.5383382769303912,0.24935459027377488,-0.00017322438525727577,0.41262780459894194,-0.36151972459163534,0.13067175961212865,0.4150890603233878,-0.41819500654506303,0.04892835357193936,0.3623114744518366,0.13262977852258281,0.352122102866536,0.29124694769996934,0.10447914959528362,-0.05829662420723544,-0.09091162939840107,0.20463109738875587,-0.10626937646370005,0.1320335377944457,0.3232054188535852,0.1304192957196106,0.045219425961514736,-0.1891109496962517,0.2759446244241719,0.4538178648690752,-0.014277038712071373,0.2874605547806807,0.02341225593090449,-0.01955592891273954,0.04559201721180732,0.07840252390687391,-0.09903285430743128,-0.020354206245447395,-0.20550374017130169,0.24676656000541117,0.16149900229173095,-0.30860387509818477
0.1143677455957817,0.12160568815228642,0.23904217686486756,0.23233878512897962,0.29844625739397823,0.3049178482246714,0.09870749599056258,0.21480825394085085,0.10593659651513825,0.13386678291399756,0.1221784424213558,0.14246672045160894,0.16505655540609823,0.2099876838818682,0.16862275276510105,0.22403171954048,0.19003313614956147,0.13296767527818396,0.6872869671989602,0.15163883321283614,0.17183486815220742,0.18247876687938502,0.08370582521009408,0.13554488114214316,0.050062903181010684,0.16245390206210328,0.07657573943251476,0.10966333382245651,0.23301512674352845,0.014593485312474971,0.0988063590733935,0.21354100249951583,0.07676407531144416,0.15046483224631707,-0.030504847699749173,0.11182045346390886,0.14753894581960833,0.15056767973229335,0.10407857353668665,0.02515460628731401,0.10872463730445811,0.18037022810014663,0.15937343209678648,0.036700640153602984,0.14752884583335757,0.11826561663616804,0.09772902438084852,0.0016262592133180359,0.1564017177841531,0.06982309315082168,0.12392267766872718,0.3989551575699742,-0.22071555640667287,-0.15034066497050141,-0.06370066871204558,-0.04101984852276868,-0.033368429785505714,0.0731419627599845,0.033436505404274855
0.09518850386933203,0.5810003652291647,0.6013729005693992,0.5199448066521363,0.2377007578151015,0.441947271166478,0.2725084408370397,0.4845833258171725,0.24175042778491174,0.37610022339234855,0.4499527561916402,0.32213552099029086,0.3981836048682315,0.43102600997782003,0.38275934336989953,0.30942960295176736,0.4797193912926774,0.30652549995588524,0.15163883321283614,1.8619772889190422,-0.14867875180713302,0.24545493614948835,0.3313564040183922,0.3002029910676382,0.20753744896358153,0.3665997350245617,0.40345533640051645,0.03778237563785462,0.8255677211776348,0.5593551211155832,0.5651469818651491,0.43530874381103135,-0.09045492726859616,0.8754165459917894,0.22104805040131714,0.3787818028490076,0.8488762260375845,0.5790033463044519,0.5025468046360206,0.11805025000819452,0.8284057308063294,0.6220431806944614,0.1530067460215769,-0.01856925851350367,-0.06149716941112432,1.3007819440297335,0.5167968087471838,0.36664107114024813,0.8526883676571155,0.03599958449674615,-0.1676049461130067,-0.16422184590903113,0.13285210588965773,0.009400992060065937,-0.22053775575313023,-0.0759923104635222,-0.0921286852801695,0.08065886902915623,0.1052778554328667
0.193365578932292,0.2740541283095292,0.27158251402298955,0.2511547376559306,0.14718843124155298,0.24356564241153805,0.24435198755421914,0.17638633535983492,0.20774645119836815,0.17768357250880604,0.20850073578592512,0.13832499931545034,0.23440302273988062,0.15640969356667409,0.19118159202095283,0.15256024550243805,0.16902247428359196,0.288397666299877,0.17183486815220742,-0.14867875180713302,0.927241299781342,0.1713190712099683,0.3696050900699228,0.15120652834762904,0.28708386050247986,0.23323473590777513,0.20178026676419122,0.4091819818107746,0.16334584110133563,-0.028693670634860866,0.11711405256161977,0.12061028605551741,0.17488546739481042,0.047110977859881845,0.6620185012411399,0.08613263822944324,0.17259371646045488,0.19629801571607564,0.09417276955268648,0.049283688582126936,0.3069682622194577,0.11926128845837503,0.3025647541529783,0.07512923382046785,0.5795442149130642,-0.07803387425459576,0.1988705676224422,0.09522085301623906,0.169644910336127,0.10291478566746472,-0.04328820721827477,0.0329762116738372,-0.009879415638428568,-0.0480941098795573,0.08893251960340848,-0.05082384658338469,0.16309474789276093,-0.09128491846054775,-0.08147611985196387
0.1827578911543007,0.44991680690460706,0.43948638160865816,0.3224850947072549,0.18499534790711925,0.27269664344506944,0.26169068095731485,0.2678039561933702,0.36932479616085334,0.2551115027783283,0.23523986208152065,0.22994279237706372,0.2492173046417627,0.30127258749522146,0.23628037783581798,0.4519218793617935,0.28669227890335985,0.30442345091805884,0.18247876687938502,0.24545493614948835,0.1713190712099683,0.5494288942073609,0.23374795788795522,0.2161265616176126,0.12700327258667754,0.20748609901740114,0.2269774190220974,0.18020362150083685,0.2897758280864592,0.09138415873129843,0.2248308881565554,0.3048580642436212,0.1556540156307719,0.20664687705626564,0.23858497080837376,0.2675847289224426,0.1525714645315932,0.22347972660318663,0.2952344657310666,0.01571373005533861,0.21086701370725736,0.2660931957529975,0.15982387832453865,0.06665472453221628,0.10770409257345143,0.3805256335763177,0.25130429308622104,-0.09976275344807947,0.3241737028530042,-0.0488261996510167,-0.08126536203956213,0.028137118829646698,0.04143952167994836,-0.058649717585018205,-0.033730296415341955,-0.005215938802887575,0.028313864677983077,-0.006716539311696191,-0.07543920708126947
0.02606215362054223,-1.387367656787584,0.41764770981884514,0.3929676730594903,0.20795348906131073,0.1948029758710548,0.3021914748399857,0.3050043911485513,0.27928114587617364,0.3429515033060574,0.2891687692758431,0.2417969203535584,0.3806488095718388,0.21079596608230897,0.24114447475441428,0.16595508468456543,0.190625321255088,0.5383382769303912,0.08370582521009408,0.3313564040183922,0.3696050900699228,0.23374795788795522,3.068011866774196,0.2967881789602464,0.35844417497654757,0.18874768258888117,0.08393858223110523,0.18730994424860717,0.7847263393907136,0.180868659639722,0.22590491326936868,0.14553158424027746,0.32542829126484546,0.6934271871991058,0.3213698813961019,0.29354211530309654,0.25553775207139146,-0.37091015205788475,0.15510910158634372,-0.19670010939430002,0.431813096181455,0.25774120251468374,-0.08134019931140364,0.022526769896109425,-0.7950847978612219,0.7811137978906166,0.48752193933046695,0.08802806013850323,0.30639246479004656,0.38445299982695774,-0.11675515309414808,-0.06367501920195495,0.15903117646554907,-0.09591959496534576,0.3755668137824483,-0.24603556277372152,0.15070237706220113,-0.3277040904724951,0.17851221744091395
0.1610559335564903,0.21649013025391792,0.29515558286811494,0.270255429422917,0.15356083431532533,0.21233626960112068,0.19280652990387068,0.22617542367188626,0.1953218306159721,0.20394240503395336,0.21187343894284577,0.167453162533209,0.2458836162458957,0.2639639176947018,0.2233890262737014,0.2364446805768637,0.2771499037338672,0.24935459027377488,0.13554488114214316,0.3002029910676382,0.15120652834762904,0.2161265616176126,0.2967881789602464,0.6056617244162616,0.3793243802899547,0.16900752899611793,0.20003251103045566,0.412223028522547,0.20444472461142546,0.5160760591368408,0.18771662970022757,0.3656780662583108,0.5970760235867412,0.20468386258777954,0.35905938815795324,0.11555845759583128,0.48584290251287693,0.22732947979921295,0.3061309215428741,-0.04894794364120123,0.20550770283967495,0.2809709624567678,0.24958677217556793,0.07722306737719917,0.029110302906444577,0.6367832008212584,0.4428969251486213,0.20640021334111555,0.4363399027944226,0.11156490643734979,-0.15148562124559697,0.1329925833544972,0.0037314911858648673,-0.09938796322135737,0.10352295105564113,-0.17575116537736293,0.06209748060443747,-0.16592484435993618,0.2357163766401002
0.13054266258589833,0.3200492828729012,0.15016529984111956,0.19109576245238608,0.16425418939453082,0.1576626534267806,0.2323149528504329,0.02657123219685392,0.20703503591226557,0.2710992303235555,0.18549335027368913,0.06568045555912856,0.16028524646705192,0.09483278763534606,0.2513225318826517,0.08579540360082913,0.25872354600948,-0.00017322438525727577,0.050062903181010684,0.20753744896358153,0.28708386050247986,0.12700327258667754,0.35844417497654757,0.3793243802899547,2.2558658700195515,0.05983198450568944,0.8123576420506978,0.36426794507238736,0.6992563293140769,1.189116405912555,0.47244512734538546,0.09475578890605696,0.42586739226219017,0.650616555525334,0.43483441538089773,0.10012664343768549,1.5261335568967553,0.6163189750476953,0.5537590346366636,-0.07517112123688138,0.46954722758191564,0.21828139744168326,0.5444590442771168,0.19872983865750016,0.705707143287226,0.8250882802636679,0.6517829198829543,0.30973304217126174,-0.12500514224758566,-0.0007374869810787676,-0.15615041028858057,-0.2057346775223832,0.08526647912537037,0.03869234556484872,0.06710205399505025,0.2780986204712191,0.35161081988290366,-0.1834025233539771,-0.5284046729428794
0.10193987325801791,0.14602878436985944,0.3267221207249296,0.33122348551845343,0.1809410307212862,0.2905965301862697,0.17444726789935214,0.3508619641030415,0.2016858088948204,0.1874419556445797,0.24281324914754768,0.2427955677864678,0.21400691797935206,0.30432469004470997,0.20555503867517816,0.2207158313311338,0.2198464662389817,0.41262780459894194,0.16245390206210328,0.3665997350245617,0.23323473590777513,0.20748609901740114,0.18874768258888117,0.16900752899611793,0.05983198450568944,1.1724901523777194,0.1335039123361988,0.1553585439616146,0.24171454498400544,-0.17675049290717773,0.08924086624001129,0.32480581194453895,0.0798488383268676,0.2753581823368839,0.19493006060271845,0.043811826396200404,-0.01884647434276475,0.23488354701747324,-0.23283898607336384,0.19762591893377024,0.16795435096962577,0.33728380351867937,0.37766542343202164,-0.035003824916560025,0.3025839440623667,0.18306243691620172,0.17534127708089617,0.14933669062825242,0.5929377060443656,0.0005224504948709621,-0.043010984240473726,0.0046008943063211745,-0.008503788831848885,-0.004511910206994546,-0.02116318894698215,-0.10628391058334725,0.00921881656557521,0.1244729813565777,-0.01917087571282735
0.22459080904250966,1.0093143781103637,0.12798178559496082,0.14406668449617333,0.20277559686439697,0.17822186465000017,0.25972110487768885,0.07871626403899164,0.258666957997679,0.29103678727464305,0.20332034507242153,0.11588264631248613,0.167536645095035,0.13379937332355937,0.2821620010370505,0.16742228353390168,0.296357144794815,-0.36151972459163534,0.07657573943251476,0.40345533640051645,0.20178026676419122,0.2269774190220974,0.08393858223110523,0.20003251103045566,0.8123576420506978,0.1335039123361988,2.113981415961813,0.4769817986456506,0.09022125496192546,0.9740217308919011,0.6858138101688437,0.1138557988140251,0.3117683226986272,0.17430672826601012,0.5267801932669103,0.3177777813086497,0.9223329676842813,0.8641174934216983,0.3758801615723213,0.46618148959130545,0.7631477238930987,0.22537482582260185,0.3845344366448116,-0.048466271636472005,0.6880678460735148,1.38149397036867,0.4358141150694022,0.4522110982232127,0.6856826245825374,0.029908390944762983,-0.1671755155805117,-0.2113389661926087,0.021344129011846603,0.10178221533445014,-0.12099439376335677,0.37450850395370827,0.27547644541008565,-0.0035961350960041784,-0.5103904720428066
0.17899980214647238,0.4439598256168932,0.32595795315434245,0.11859220548743005,0.05222241343771265,0.07471982517575963,0.134516462384363,0.0768155196986314,0.20282779600334425,0.23396973069405996,0.1731279753955965,-0.013498168820464326,0.20730344644537446,0.13692615090506552,0.2834384638001537,0.1764724808488031,0.40112302598305966,0.13067175961212865,0.10966333382245651,0.03778237563785462,0.4091819818107746,0.18020362150083685,0.18730994424860717,0.412223028522547,0.36426794507238736,0.1553585439616146,0.4769817986456506,1.836171603813418,-0.23095686618706449,0.0701438286406638,0.1888374403603287,0.12984147099423718,0.9053961261141578,-0.1089667605098145,1.9548210939881647,-0.061892284747285385,0.38249515492189234,0.2804508650895899,0.1639312181775379,0.15369954939721067,0.3686325365732693,0.06543578164052788,0.5625082133716567,0.10632442979672488,0.14005488986872985,0.54752641669326,0.22566172499168924,0.4027569023013415,0.27611954108773706,0.43721007243772253,-0.21335570632793852,0.4741737614914881,-0.32902060811394523,-0.22800319063136731,0.5155092098706974,-0.07258791085007939,0.11067267754652485,-0.4571696402128668,0.410995833932349
0.14782916557033945,0.19694755884596798,0.5279976581666764,0.4893869845211549,0.28094270217653583,0.4263148428707973,0.278848997373575,0.4248534746836692,0.22515369091727236,0.3828650791244492,0.38329788305275886,0.2583434797544329,0.4501259388381467,0.34761446119273387,0.33157651533356214,0.3645527488985579,0.3184399291576083,0.4150890603233878,0.23301512674352845,0.8255677211776348,0.16334584110133563,0.2897758280864592,0.7847263393907136,0.20444472461142546,0.6992563293140769,0.24171454498400544,0.09022125496192546,-0.23095686618706449,2.707280803098386,0.3606142098945598,0.2674498305570613,0.30238678593008433,-0.21219870746186048,0.9706748054701567,-0.16927278449189712,0.36227986225788233,0.882599701943945,-0.19247919784206494,0.3695112535019735,-0.08280273438282536,0.6439403292830983,0.4897538145402727,0.14694088546858083,-0.036342465902604655,-0.20894172688904886,0.8680598477822685,0.4749336533573119,0.04192988096527032,0.5729424931294193,0.08569026263611194,0.005927877851989323,-0.1884466918097548,0.033520931439728945,0.04259253945619012,-0.03470805326634385,-0.2265953400347729,0.022223071247564577,0.0423896534560845,0.05860562283974814
0.09257845755983855,0.22882974152947727,-0.4538822392871134,-0.003122560853086381,0.2372464183222365,0.07538884606095116,0.15524075660187053,-0.1418062132468309,0.07465552251828511,0.13030453719249074,0.02775688082618331,-0.06712376225237042,0.025972895523368005,0.005037087785661616,0.14615236735643639,0.07460664920549095,0.16964927640203176,-0.41819500654506303,0.014593485312474971,0.5593551211155832,-0.028693670634860866,0.09138415873129843,0.180868659639722,0.5160760591368408,1.189116405912555,-0.17675049290717773,0.9740217308919011,0.0701438286406638,0.3606142098945598,4.061597342382686,0.7818467149466828,-0.10658399798887175,0.38707072608030985,0.3642559641558108,-0.0701109730552112,0.5164276079683805,1.4812798725467746,0.6585783230002255,0.6734292720750498,-0.204257341554567,0.6658592967548691,0.18195264382097648,0.43949979736993955,0.12134923484935532,0.6160381271911877,2.4634865030690327,1.585242922874665,0.34628446946889135,0.31435730448246685,-0.039936448719451456,-0.18040055800770485,-0.33071128592042076,0.17861669317588916,0.12362104940852288,-0.20999078386006811,0.27514360854586145,-0.22300480065699835,0.08161372531632449,-0.09287838500414183
0.1420878555300808,0.4411344563750254,0.24583751663909123,0.24377813970154555,0.17661854875960908,0.19366335043789215,0.22912616520579976,0.13481028976753104,0.2293358894720594,0.2517477039132399,0.20881021889246515,0.15021597262198558,0.18202000859598566,0.15807871274252924,0.22841374922423183,0.18978494350045463,0.27200285006910613,0.04892835357193936,0.0988063590733935,0.5651469818651491,0.11711405256161977,0.2248308881565554,0.22590491326936868,0.18771662970022757,0.47244512734538546,0.08924086624001129,0.6858138101688437,0.1888374403603287,0.2674498305570613,0.7818467149466828,0.9094894174145398,0.1087263951970809,0.18758733758639665,0.3404176890264923,0.15760360449274413,0.6459284582608155,0.9604408111393284,0.6169037368280232,0.44677428371044714,0.06643474730787574,0.6629335216635868,0.2245246391373277,0.20343353887488802,0.08736040169902205,0.4762105597078826,0.5949332938828389,0.42461529514937146,0.07388955129486367,0.12080083287909862,0.09612598755071353,-0.14961062646379636,-0.05153522195900619,0.0508854311509616,-0.025105373698903463,-0.07948594108380475,0.18699760630510667,0.20648467760131503,-0.08338631666335099,-0.3702668756694924
0.16525966559622376,0.38610326185114324,0.4090213849570381,0.4756003326410086,0.18158033472955554,0.35112813399513143,0.21230099875260064,0.40225880272333525,0.25050021252459553,0.226410926902476,0.27327738803956425,0.29636313149350224,0.25409433568684414,0.5249491321504394,0.29723018145049046,0.34582591359859605,0.2767021665947623,0.3623114744518366,0.21354100249951583,0.43530874381103135,0.12061028605551741,0.3048580642436212,0.14553158424027746,0.3656780662583108,0.09475578890605696,0.32480581194453895,0.1138557988140251,0.12984147099423718,0.30238678593008433,-0.10658399798887175,0.1087263951970809,1.0163599351288566,-0.023644377838565527,0.31965207392655903,0.14972286889189834,0.2279480988693671,-0.23834865223022134,0.15084345668623383,0.16304789814297196,0.054224284917661424,0.21325238022642656,0.3671128269411525,0.08557438034797732,0.03178445775648312,-0.05733418979636222,0.34195173130551004,0.20889772634818576,-0.003960842913934543,0.4838190979209018,0.09676089687382636,-0.0679085505874504,0.30097954767136287,-0.30454932081480873,0.03546221425920555,-0.1805996473721622,-0.019319701023933888,-0.00011597585018823565,0.14924041332878105,-0.03439848577814048
0.2164830589676471,0.21491857806015532,0.22488649311816708,0.025047153804918523,0.07940058397387809,0.009304417232882835,0.1896512394273556,0.03436259229654461,0.21503266578375604,0.13824897157434685,0.11598508008522775,0.0883767672969207,0.20269026299842618,0.0463471443482495,0.15707094881143072,0.0900742109631458,0.27399022095281456,0.13262977852258281,0.07676407531144416,-0.09045492726859616,0.17488546739481042,0.1556540156307719,0.32542829126484546,0.5970760235867412,0.42586739226219017,0.0798488383268676,0.3117683226986272,0.9053961261141578,-0.21219870746186048,0.38707072608030985,0.18758733758639665,-0.023644377838565527,1.992891621660199,-0.3352523882403447,0.14369106825077313,-0.28126574291624457,0.894083158939256,0.16146011268186064,0.2943739427519967,-0.15092218151238024,-0.094399911104987,0.18840286869356299,0.34685497555169115,0.08814108282577407,-0.13732093840857487,0.6095748086472768,0.41410368680459947,0.4562226606911034,0.5549498961508927,0.18889833029969752,-0.23441596348375737,0.2661954758841882,0.11882193417535847,-0.32688915281369807,0.40024396537014806,-0.12479800252558024,-0.04775709270531951,-0.3985991792137733,0.4577315180534158
-0.11910012309272999,0.1860761558807199,0.40178269400322814,0.5378011072799095,0.3465098425537409,0.30167278864469504,0.2970543706588547,0.3096424985003011,0.155508856401278,0.397268065737205,0.3355222759509963,0.2559820125393138,0.350456436078285,0.28169608278765157,0.30300003529564284,0.24762887800542915,0.3011281725070923,0.352122102866536,0.15046483224631707,0.8754165459917894,0.047110977859881845,0.20664687705626564,0.6934271871991058,0.20468386258777954,0.650616555525334,0.2753581823368839,0.17430672826601012,-0.1089667605098145,0.9706748054701567,0.3642559641558108,0.3404176890264923,0.31965207392655903,-0.3352523882403447,2.2591160083711674,0.15986790339736298,0.25512935130565473,1.0135069020075074,0.0018823854917536667,0.1905958170085511,-0.3367967905463914,0.590335126000819,0.4144819481993722,0.08331406500793574,0.13010338946513253,-0.5588234147751553,0.46785579325402926,0.42950300189846824,0.14739397729477793,0.2083966234170371,0.16753233599731607,-0.2015215152107011,-0.05459756886576622,0.05157127938205486,-0.058036262496274985,-0.14117443534306995,-0.09421488370719312,0.050341895396602235,-0.0645904777001495,0.10417329163285934
