1.0387170717135792,-0.002337434094234912,-0.002845172766560166,-0.003214502081020282,-0.003411767553264041,-0.003655669763974911,-0.003572970718456683,-0.0005698903101359447,0.0019362798393724892,0.003408754309764558,0.0035909054009022,0.0032568000710758503,0.0027531661211856306,0.002473751490952456,0.002230511868832295,0.0021732684117814964,0.0017438340160757003,0.0009584013837620927,-0.0002710635761113169,-0.0014233851156912729,-0.002169990203013959,-0.0023535913145346235,-0.0019503570914086324,-0.0014525001800074547,-0.0008756336773892685,-0.00040629145212660376,-0.00011599636452357064,6.246937012883382e-5,9.550665093693778e-5,0.00015056870468711203,0.00019523220943606744,0.00021692263476453389,0.0002049215851989219,0.0001439759947994779,0.00013336035788468221,0.00017667608959195531,0.00023480478647385072,0.0003301541490743234,0.0004355682624969111,0.0005114079423162703,0.0006003015424008631,0.0007274245449696507,0.0008839199377404739,0.0010116995301905833,0.0010677770489094982,0.0010279874806723318,0.0009641532508613591,0.0007797761176623042,0.0006148633678527544,0.00026226354400702193,3.1311935864008324e-5,-1.9105457627869797e-5,-9.15890798059311e-5,0.0003337948445476322,-9.943506958898854e-5,-0.00026140189435190994,-0.00026246358624686946,-0.00027205047597574,-0.0002997283857323758
-0.002337434094234912,1.0374400828129815,-0.003989064457928335,-0.004758714720366259,-0.0053804265269533375,-0.006005689699876894,-0.0060505421287424515,-0.0009491014245295098,0.003114811044108674,0.005430058870660774,0.005846432501360794,0.005501146871287598,0.004728282913159637,0.003977274511839346,0.0031602576627790674,0.00256312821715856,0.0016158554388224348,0.00034387341881215034,-0.0012659044277477365,-0.0025563923761240306,-0.003318292207334545,-0.003403116605379373,-0.0028282506532702136,-0.0021745967207403116,-0.00142359741191977,-0.0008353332602783329,-0.00045216831175112716,-0.00022408388002635209,-0.0001587894532122769,-3.0717736555040684e-5,0.00010110560781276322,0.0002162686784829559,0.00023057196931244202,0.00013833308729473107,0.00012141295827120076,0.0001804554409757634,0.0002553772495843022,0.0003700896066144223,0.000512985322951721,0.0006529285303324156,0.0008510884364650902,0.001165890407041668,0.0016456363172472899,0.0018167632632746125,0.0018772580564543188,0.0018054309278612817,0.0016947523093221951,0.0014329392306362398,0.0011947531175480856,0.00013798863335750007,-0.00018733951451941022,-0.0002871941176141295,-0.0005065672591616925,6.252050162313978e-6,-9.39160839771838e-5,-0.0003290606034370698,-0.00041514189286270684,-0.00043428727874196706,-0.0004325026621826414
-0.002845172766560166,-0.003989064457928335,1.0350986889960205,-0.006933803677894295,-0.008396755034855414,-0.009840014681283557,-0.01034470463401744,-0.0020540647226534804,0.004427173626163011,0.008119777576128496,0.009162787885006261,0.009109993005877922,0.008060904663720734,0.006502977428423149,0.0046832946743398975,0.003131062325950942,0.001328318080519198,-0.000696014473631958,-0.002805660514208938,-0.004181829072273147,-0.004875679529691377,-0.0047696018338004844,-0.003964433941239762,-0.0031185384815103994,-0.002158008793305564,-0.001436874545442139,-0.000939423360494144,-0.000651616074471085,-0.0005378954458291835,-0.0003023954873412337,-4.312074609863787e-5,0.00021356697365121035,0.0002694317079685584,0.0001349110931315237,0.00010904680201935787,0.00018782086818724202,0.000282288305953045,0.00041961461473637233,0.0006115445106211693,0.0008426447079779205,0.0011997458512657193,0.001787248122551182,0.002742083346062507,0.0029619531269980378,0.003018833881175582,0.00289819331962716,0.002718625159487281,0.002350117487552731,0.0020106148016735105,-3.917349741203822e-5,-0.0004909620661003044,-0.0006645960379065593,-0.0010885056204249018,-0.0004886670121194624,-8.05197983276484e-5,-0.00038437150830407987,-0.0006248349949302569,-0.0006705372308666039,-0.0006246314653525801
-0.003214502081020282,-0.004758714720366259,-0.006933803677894295,1.031080669096601,-0.01230310670654336,-0.015248623291675915,-0.01700268815809688,-0.004610313072648076,0.005277592555676048,0.011113198954367146,0.013452344442306538,0.014253694448074188,0.012984639261207668,0.010228872676474229,0.006937799751714226,0.00396510759368083,0.0009994030552090416,-0.001974726558437569,-0.00458894972855399,-0.005932568480134802,-0.006429144739949745,-0.0060435068964141865,-0.004980399482090096,-0.003933783357073779,-0.0027978792888977747,-0.0019423505013918176,-0.0013319424062735274,-0.0009812354706628314,-0.0008024915167116595,-0.0004904483970992208,-0.00013440772380141286,0.00023521402203796894,0.0003133363798425203,0.00016014030837435827,0.00014188460952515753,0.0002611789611088188,0.0003915041399016713,0.000559512634737306,0.0007996326206792208,0.0010986539907565647,0.0015774906015667471,0.0023724056220058303,0.003676986863503451,0.004003918503314887,0.004091425100203383,0.003929544404682029,0.0036808431417235687,0.0032158467430870616,0.002781338785312903,-0.0001050342656166472,-0.0006805951965819384,-0.000916500597064407,-0.0014956957590862865,-0.0008345911397499801,-6.13316005102475e-5,-0.00039708459472646764,-0.0008138754494996273,-0.0008993071507634546,-0.000787278489307546
-0.003411767553264041,-0.0053804265269533375,-0.008396755034855414,-0.01230310670654336,1.0234047335439507,-0.022657717771473313,-0.027381920391479686,-0.010635388474527068,0.0038645589844865567,0.01332530713790761,0.018886694207915056,0.022297100997159237,0.02121900415834371,0.016515823842384803,0.010761794232405208,0.005397277480986537,0.0005474595049331321,-0.003886442483276539,-0.007134832595347586,-0.008254178541104992,-0.008330702168625373,-0.007470325679320261,-0.006079033796463216,-0.004802554377165647,-0.0035033390230105386,-0.002536541125666502,-0.0018125037092390744,-0.0014028259456748552,-0.0011342365905818031,-0.0007233941325614881,-0.00024059880166144872,0.0002839367545315896,0.0003877874421213406,0.00021180121277418403,0.00019892365176674828,0.00036272205750243175,0.0005267106637829135,0.0007191707945764117,0.001008927376817256,0.0013944194277208798,0.002043096668229072,0.0031382653039215796,0.004967310650191252,0.005414983967762692,0.0055244878862051065,0.005302228988270066,0.004955679179821516,0.004371064548817288,0.0038155845643429295,-0.00016087747075474497,-0.000927820803770683,-0.0012767505474898173,-0.0019304555685190706,-0.0013324577987312719,-1.056585327273302e-5,-0.0003895402651429724,-0.0010521650196789044,-0.0011891032318211796,-0.000986532278305929
-0.003655669763974911,-0.006005689699876894,-0.009840014681283557,-0.015248623291675915,-0.022657717771473313,1.0080136511181017,-0.04382011416595723,-0.023777373571550398,-0.003320999753372015,0.012692047258391286,0.025492335364420835,0.034682531058806976,0.03475598572146516,0.027489301732822748,0.01814998600797422,0.009053321714009016,0.0009724165902189218,-0.005987652169485587,-0.01046551505163936,-0.01148593090644172,-0.011074295658847705,-0.009570481356760736,-0.007649320823472465,-0.006043512979009624,-0.0044954046457639125,-0.0033558608071554965,-0.002492770253059857,-0.0019581243070879674,-0.0015540284686174006,-0.0009826519462379567,-0.0002844124980908369,0.00045974942644785627,0.0006178784735232857,0.0004048836932191641,0.00039768997791866435,0.0006298581238299665,0.0008524957516642258,0.0010999934252924491,0.001473444021165893,0.001990999768206887,0.002875067753115455,0.004435471313719203,0.007065170122965066,0.007633416746350865,0.007725611288878485,0.007347270184072896,0.006808759028546096,0.005994374678348725,0.0052252729153451465,-9.679685077196866e-5,-0.0012282719662809836,-0.0017231363989253779,-0.0023377360628549274,-0.0019358036858851116,1.003268028975512e-5,-0.0003939653172936131,-0.0012686195129058208,-0.0014683048960392987,-0.001218542151552814
-0.003572970718456683,-0.0060505421287424515,-0.01034470463401744,-0.01700268815809688,-0.027381920391479686,-0.04382011416595723,0.972719218025611,-0.05037574593701697,-0.023901378338119266,0.0055891852113278085,0.034163848677552865,0.05498690398367083,0.057042787161997247,0.04598686588977163,0.03065322052748947,0.015155964725893813,0.001489106926683029,-0.009409757802063178,-0.015496043521349624,-0.015862866782606865,-0.014384517565426275,-0.0117048622126484,-0.00900300379816696,-0.006997241055657536,-0.005254887147553078,-0.00403507207880143,-0.003098652930167958,-0.0024377987264119767,-0.0018588836712116917,-0.0011036299561327622,-0.0001493964879052661,0.0008630857861863713,0.001077743400339185,0.0008136691256472937,0.0007885165714038507,0.0010726184685950324,0.0013242213455327012,0.0015996918485124984,0.00203283384693071,0.0026945273684657258,0.0038730992582148337,0.006102451021870036,0.009934825551658116,0.010604876935137739,0.01062135083438404,0.009996655337998078,0.009172181519968223,0.00804778942914464,0.006991887306592849,0.00013726123050160471,-0.0015711300483992848,-0.0022429480091037016,-0.0025923581488627857,-0.0026092250788066133,3.9933005343614825e-5,-0.00045173037726894895,-0.001511011232297241,-0.0017369843868623581,-0.0014128087774564933
-0.0005698903101359447,-0.0009491014245295098,-0.0020540647226534804,-0.004610313072648076,-0.010635388474527068,-0.023777373571550398,-0.05037574593701697,0.9677294680458304,-0.06926266787076778,-0.03198140127949907,0.017092498119691296,0.04472229447066163,0.05364531372079999,0.04877302323449843,0.03723712921349978,0.022445580115751877,0.007905004941089535,-0.0036630441342819045,-0.00898508076010759,-0.009131660006853176,-0.007521652530564118,-0.004956619141607967,-0.0027927084505590728,-0.0014881236476672784,-0.0005540662067698595,-7.167041927618111e-5,0.00023719534059545272,0.0005028104079085669,0.000649428022023639,0.0009245582955922274,0.0012994097137249588,0.0016165034852927264,0.0016016192669800868,0.0013297297426924887,0.0012508049911939259,0.0013874224207753995,0.0015295968971678255,0.0016986017134640223,0.0019653094364129983,0.002392990131990514,0.00318046118141807,0.004711102357272463,0.007388178005044445,0.007296471537533727,0.006872428778945097,0.006129184791032158,0.005342012642524308,0.004376804438983961,0.0035248152397382333,0.0013733057945715158,-3.2637525730354344e-5,-0.00010443702970479893,0.00029619006035884254,-0.00029142999126674615,0.00024437378885101065,-0.00010304046842843259,-0.0009403866753115632,-0.0009539202775716073,-0.0006599688583759781
0.0019362798393724892,0.003114811044108674,0.004427173626163011,0.005277592555676048,0.0038645589844865567,-0.003320999753372015,-0.023901378338119266,-0.06926266787076778,0.9487610443298332,-0.06183242415332868,-0.011583165939161796,0.020409891082982627,0.038672838068255846,0.046652597162529306,0.040308653822724166,0.02910040681881639,0.014250960310343716,0.0033235162936800914,-0.00198498320809358,-0.0014967849796225805,-1.3357239978264346e-5,0.0018605329494122312,0.0030577734437071446,0.003427122754724752,0.0034720928693622263,0.0032882279027848923,0.0030730577478412778,0.0030342315160489285,0.002822991704751604,0.0026512426015721235,0.0023739754501712292,0.0020432841984955397,0.0018520052548225206,0.0016206283919401865,0.0014755152602429506,0.0013744535548130376,0.0012808780385812192,0.0011979820645991236,0.0011000418805739317,0.0010713737886742496,0.0011741792313562504,0.0015983792028798998,0.0025614821190007827,0.0024701937270205456,0.0021659704364132325,0.0017197152745051694,0.0012748232439704897,0.0007035489026778186,0.00022344519567001265,0.0020266821577398482,0.001079598672631113,0.0018231584901295696,0.0018245338107703683,0.0013113476868273353,0.00037682364798471654,0.00026408891527210734,-0.0003774491647228095,-0.00021581746410708475,9.38789439980576e-6
0.003408754309764558,0.005430058870660774,0.008119777576128496,0.011113198954367146,0.01332530713790761,0.012692047258391286,0.0055891852113278085,-0.03198140127949907,-0.06183242415332868,0.9582549095019413,-0.07172991715064972,-0.030250476199653435,0.019090177224631518,0.04342487301725358,0.04190663668536022,0.033255777138889435,0.020098694696408494,0.01048961373517728,0.006060523581436165,0.006391654758323602,0.007105646481838567,0.007576757747863224,0.007388122022805888,0.006706909279296918,0.005898442388553909,0.005205904578032543,0.004644974727118232,0.004394611523091867,0.003967980450214739,0.003488014102117552,0.002734422616340341,0.001827506073611642,0.0015046313703653987,0.0013745335624456062,0.0012357926805054693,0.0009632874656700189,0.0006793294950817868,0.000345723483651296,-0.00011864918384210801,-0.0006430630441458603,-0.001276600280192533,-0.0020800928219931727,-0.003008244364594174,-0.0026180281395598777,-0.002426038643482494,-0.0023026631774247723,-0.0022159744563686307,-0.002246125809257742,-0.0022637094186856955,0.00206088827100527,0.0016799431037715312,0.003155362660023599,0.0024166864494075215,0.0022898797516139138,0.0002951900783960022,0.0005652168204918514,0.0008578714226670884,0.0009818483618417766,0.0005099542688987463
0.0035909054009022,0.005846432501360794,0.009162787885006261,0.013452344442306538,0.018886694207915056,0.025492335364420835,0.034163848677552865,0.017092498119691296,-0.011583165939161796,-0.07172991715064972,0.9226214913590094,-0.08921281093688854,-0.022658578719906092,0.027156336839564615,0.03739810567419604,0.03339789902409712,0.024773357211100168,0.019805599943209903,0.015077288231462972,0.01500997543614114,0.014145285065154587,0.01232080539541077,0.01029104002361524,0.008400246636201812,0.0067591578529263615,0.00579770502848493,0.005132214640206828,0.004881644444618591,0.004412920368475105,0.0037393731360487697,0.0025470736898986286,0.0012320858350660193,0.0008338395779247953,0.0008390165456535383,0.000701605388625909,0.00024595677384974023,-0.0002683577583929313,-0.0008989693992406517,-0.001807194773117894,-0.002932577614403876,-0.004446952408231161,-0.006652616489981407,-0.009721848858833058,-0.007964773626595678,-0.006669185714004657,-0.005629679460131657,-0.004792611792815011,-0.004146023548176314,-0.0036253200391196607,0.0014475622797271307,0.0016678620285470603,0.003573150422801581,0.0023837404611523005,0.002696974010423653,6.309632358563887e-5,0.0007875566814127492,0.0018826859273059918,0.0019370641122736043,0.0008234844590683208
0.0032568000710758503,0.005501146871287598,0.009109993005877922,0.014253694448074188,0.022297100997159237,0.034682531058806976,0.05498690398367083,0.04472229447066163,0.020409891082982627,-0.030250476199653435,-0.08921281093688854,0.9227985534943914,-0.08208845793758533,-0.024499331377946937,0.012699758521516407,0.02480226660535305,0.029374443087138866,0.029545474336632266,0.0256553812321765,0.023442175526169767,0.02023125338228503,0.01585642050095469,0.011886702809044513,0.008815696641078914,0.006365248777371625,0.0051085708138331985,0.004328188387286426,0.00405450370053061,0.0036474108382410875,0.0029724402522621532,0.0017310707252228077,0.0001764868463135405,-0.0002064398050930707,-2.180958423257472e-5,-5.0824221760021486e-5,-0.0005278672728802546,-0.0011094830399019946,-0.0019092247971005687,-0.0030871737392776802,-0.00462437055938832,-0.006762990485727689,-0.009994087507695475,-0.014631424589786444,-0.01179385217806849,-0.00957908516414793,-0.0077683086417470164,-0.006298923834380843,-0.005067212739088498,-0.004089962876659315,0.0005676771456924913,0.0014356173628993973,0.003268155475564842,0.002517811253032938,0.002827292739541129,-1.7562937502580615e-5,0.0010633483906308215,0.001747027500526423,0.001900134181740263,0.000938043670408234
0.0027531661211856306,0.004728282913159637,0.008060904663720734,0.012984639261207668,0.02121900415834371,0.03475598572146516,0.057042787161997247,0.05364531372079999,0.038672838068255846,0.019090177224631518,-0.022658578719906092,-0.08208845793758533,0.9260750484985913,-0.09386349832206169,-0.040962680614399644,0.0021396761482717227,0.02627612353952153,0.03291488099409574,0.030754796997811935,0.027348805959358416,0.022671904835566158,0.01705060519773456,0.012033803604181935,0.008421519001698642,0.005574170357837994,0.004158315517780712,0.00339365823805937,0.0031526965355647687,0.0028565641439293405,0.0022579008671149404,0.0010291351596160543,-0.00037217346992511277,-0.0006987567006935768,-0.00048027517410890124,-0.0005379653336838235,-0.0010787974783753704,-0.0017612308354108925,-0.0026317156493709856,-0.0038971902143332304,-0.0055054302866288166,-0.007725261109033713,-0.01106234600986159,-0.015821099262673787,-0.012490313101013652,-0.009891865650345737,-0.007797618561827036,-0.0061131393657050835,-0.004660900705557636,-0.0035199086790111793,-0.00021927062828111323,0.001411194810780734,0.0025280993118769685,0.003329348619654009,0.0031346318937444453,-9.987285938548292e-5,0.0011583009364668725,0.001483572153266736,0.0016746120252767636,0.0009821000222636185
0.002473751490952456,0.003977274511839346,0.006502977428423149,0.010228872676474229,0.016515823842384803,0.027489301732822748,0.04598686588977163,0.04877302323449843,0.046652597162529306,0.04342487301725358,0.027156336839564615,-0.024499331377946937,-0.09386349832206169,0.9164982449988629,-0.08517929229008188,-0.03065881524342239,0.007244547054973557,0.022115214515699616,0.027996135142879727,0.02567380319975121,0.02156755973795338,0.01643618577658186,0.011314586357833839,0.007552702957048191,0.004441586745145412,0.0026547215720978904,0.0017321410693370825,0.00133579033827349,0.0011274788665981514,0.0007822972787635249,5.2530064798195496e-5,-0.0009461652421020838,-0.0011598472708250467,-0.0010134505687501138,-0.0010453285870229512,-0.0014508307047203513,-0.001993213442202584,-0.002683914682226057,-0.0036418900867477176,-0.004791769353006915,-0.006301217867112285,-0.00854534559079854,-0.011547273565156054,-0.009078042233472944,-0.007072596652081843,-0.005417352128299139,-0.00406177268915645,-0.0028218344235237756,-0.001844096108141088,-0.0010560937932444063,0.0013818451685025596,0.0012156485339116054,0.004108084783627567,0.003160346765709995,-0.00022298254032200699,0.0009077613147138405,0.001435498768856277,0.0015477874381198316,0.0009824305442164949
0.002230511868832295,0.0031602576627790674,0.0046832946743398975,0.006937799751714226,0.010761794232405208,0.01814998600797422,0.03065322052748947,0.03723712921349978,0.040308653822724166,0.04190663668536022,0.03739810567419604,0.012699758521516407,-0.040962680614399644,-0.08517929229008188,0.9532002758494075,-0.05985541761954191,-0.026118929788663175,-0.00033303113282876265,0.016376824641375583,0.018121833987310747,0.016910633247567673,0.013831526732890361,0.009568879656133525,0.006043145490452767,0.002896288070821583,0.0008447259838227854,-0.00010420654698135661,-0.0004639786521204821,-0.00046147636844344,-0.0004682792275281993,-0.0007214240509426087,-0.0010211625385712802,-0.0010445859097194163,-0.0010359621061094494,-0.0011351345050813642,-0.0014730332008710354,-0.0019437589616549476,-0.0024270277470455387,-0.00303500651976665,-0.003594375036947343,-0.004198654794686105,-0.004971392322468143,-0.005635923105999209,-0.004150103648805664,-0.0029009785898203057,-0.0018782267927562534,-0.0010298813026154827,-0.00017997291993657335,0.0004888479512543777,-0.0019874383502744195,0.0006659192805073969,-0.0007028005463084587,0.003160565564562696,0.0018771314958674074,-0.000362277769465939,0.00044864662990475794,0.0012856513036325961,0.0012885027490751864,0.000985592486587418
0.0021732684117814964,0.00256312821715856,0.003131062325950942,0.00396510759368083,0.005397277480986537,0.009053321714009016,0.015155964725893813,0.022445580115751877,0.02910040681881639,0.033255777138889435,0.03339789902409712,0.02480226660535305,0.0021396761482717227,-0.03065881524342239,-0.05985541761954191,0.9717845388533938,-0.050527404288297335,-0.022290352635401023,-0.00019244793657415297,0.005185848570327599,0.00770218099469841,0.007655546913309712,0.0053992730854315095,0.0029610470255477914,0.0004772838370455022,-0.001326632482287909,-0.0020460497205503575,-0.0022112465036417677,-0.0019478846365582443,-0.0015937114359032255,-0.0012558815716202363,-0.0009995037091893423,-0.00088011611584288,-0.0010036061449328099,-0.00107380058136004,-0.0012067788671550953,-0.0014343291533214532,-0.0016037001306515614,-0.0017435266860141726,-0.0016341614594591264,-0.0012729466631750278,-0.0005523572472023561,0.001090757651766431,0.0014395435127557412,0.0018444859769179748,0.002172589584222786,0.002468138486959804,0.0028866881308716595,0.0032101688627884702,-0.0030070081605150386,-0.0010047380938356665,-0.0027678132027453917,0.00016104642368080247,-0.0010540084132995497,-0.00041582733857377667,-9.917630367964701e-5,0.0009120351055342988,0.0008640036181806099,0.0009500552548672887
0.0017438340160757003,0.0016158554388224348,0.001328318080519198,0.0009994030552090416,0.0005474595049331321,0.0009724165902189218,0.001489106926683029,0.007905004941089535,0.014250960310343716,0.020098694696408494,0.024773357211100168,0.029374443087138866,0.02627612353952153,0.007244547054973557,-0.026118929788663175,-0.050527404288297335,0.9896633255782459,-0.03550700825286206,-0.019147084000189354,-0.011513673707011984,-0.005885977285458031,-0.0026047908287952577,-0.0015544850331066064,-0.0015236538519689672,-0.0020279091897736352,-0.002550841498323969,-0.002545556369352831,-0.0022517782802511277,-0.001837698952936332,-0.001319000096889501,-0.0007327659798031181,-0.0001751277483801532,-4.185081443898291e-5,-0.0003801201932310439,-0.0005121351653372802,-0.0005502528790846519,-0.0006112981739239954,-0.0005165080442653199,-0.00028980107340435173,0.0003378336877929237,0.0013959319532262946,0.0032264939083176637,0.006519075926270836,0.006261992053490057,0.006160126034019069,0.0059801069706383846,0.005838503761248601,0.005819029407226752,0.005778258778331845,-0.003730680576702197,-0.003014405142713124,-0.00447722025392505,-0.0037630905387901364,-0.004512399234557434,-0.000332238926420772,-0.00044298629813209164,0.0004278158728490413,0.00040091294780145837,0.000806782341286768
0.0009584013837620927,0.00034387341881215034,-0.000696014473631958,-0.001974726558437569,-0.003886442483276539,-0.005987652169485587,-0.009409757802063178,-0.0036630441342819045,0.0033235162936800914,0.01048961373517728,0.019805599943209903,0.029545474336632266,0.03291488099409574,0.022115214515699616,-0.00033303113282876265,-0.022290352635401023,-0.03550700825286206,1.0009829434268134,-0.035248433005000225,-0.02837606260474111,-0.021646639196542715,-0.01562205963155162,-0.010473044123459901,-0.006623701410098842,-0.0037833674615069994,-0.0020599269683105087,-0.001009390971932156,-0.0003698790605572458,-0.00018490215630754547,0.00014239480028792702,0.0006826101256073136,0.001129441098759548,0.0010452859174150018,0.00039222022873197925,0.00014559414902036704,0.00016397308266942004,0.0002764601230139566,0.0006136761370288951,0.001186401662333299,0.002265635889520332,0.003912728417580975,0.006638185417847552,0.011198823861049602,0.01050774075319501,0.010022323960976165,0.00943246545891237,0.008923017194179723,0.008487960781739698,0.008095841881952186,-0.004159451576092043,-0.004630007717476163,-0.0056233850853424335,-0.006973152420137405,-0.007349394609092928,-0.0002301333746792114,-0.0006112487374298299,-0.000121405427306594,-2.8594402917790008e-5,0.0006081501010692877
-0.0002710635761113169,-0.0012659044277477365,-0.002805660514208938,-0.00458894972855399,-0.007134832595347586,-0.01046551505163936,-0.015496043521349624,-0.00898508076010759,-0.00198498320809358,0.006060523581436165,0.015077288231462972,0.0256553812321765,0.030754796997811935,0.027996135142879727,0.016376824641375583,-0.00019244793657415297,-0.019147084000189354,-0.035248433005000225,0.9969950519570803,-0.0417758447642744,-0.03681679232172176,-0.029405749072701416,-0.019996830687482533,-0.01153249662197675,-0.004428222090797678,0.00025391074200323136,0.0025189774710204175,0.0033616455272285368,0.00294109276719561,0.0027302735900216774,0.0028399838350480016,0.0028363249594695905,0.0023724807052144282,0.0013638210269457357,0.0009201448095585296,0.0008661525118546607,0.0010428852409856179,0.001499474525410738,0.0022447546740682407,0.0035130422266141425,0.005358707604833609,0.008386105468976066,0.013268059856417654,0.012750687159869696,0.012312675669501361,0.011630380728415813,0.010986846536001743,0.010267826244232954,0.009620575338405303,-0.004120142586689271,-0.005449869423462032,-0.0059992628098668,-0.008691643229234576,-0.008797191168712665,-0.0002596032627126073,-0.0007715951521748323,-0.0006625188930506066,-0.00043852090674627135,0.0003775861530538597
-0.0014233851156912729,-0.0025563923761240306,-0.004181829072273147,-0.005932568480134802,-0.008254178541104992,-0.01148593090644172,-0.015862866782606865,-0.009131660006853176,-0.0014967849796225805,0.006391654758323602,0.01500997543614114,0.023442175526169767,0.027348805959358416,0.02567380319975121,0.018121833987310747,0.005185848570327599,-0.011513673707011984,-0.02837606260474111,-0.0417758447642744,0.9937996621723818,-0.04576865845049505,-0.03926856603127252,-0.0275686302624237,-0.016016293458167557,-0.0057348777590843225,0.001411821370220917,0.004892687522721096,0.0061452718331135815,0.005415972545683596,0.004855970299816201,0.004612386218840764,0.003968564895692729,0.003078507428992147,0.0017521406504354589,0.0011709357314833432,0.0011270046177189275,0.0014555285822719156,0.0021093550010856644,0.003121495961387604,0.00461610614621221,0.006689141179158911,0.009949599440873992,0.015010026328731125,0.014394210208589548,0.013844384093378318,0.012976868809265709,0.012162440770536577,0.011162068790771683,0.010280711692081902,-0.0036594511074777005,-0.005098007548848158,-0.005508325571445832,-0.008093129179108503,-0.008235618133948417,-0.0004825403865113817,-0.0009980285490744473,-0.0008646411946577339,-0.0006511956334308712,0.00022812657112144787
-0.002169990203013959,-0.003318292207334545,-0.004875679529691377,-0.006429144739949745,-0.008330702168625373,-0.011074295658847705,-0.014384517565426275,-0.007521652530564118,-1.3357239978264346e-5,0.007105646481838567,0.014145285065154587,0.02023125338228503,0.022671904835566158,0.02156755973795338,0.016910633247567673,0.00770218099469841,-0.005885977285458031,-0.021646639196542715,-0.03681679232172176,-0.04576865845049505,0.9925905055876421,-0.04311231516232517,-0.031245536107469978,-0.018872623031535692,-0.0074384947091898,0.0007509870174263589,0.004926472350205536,0.0065576506575160025,0.0059332669305245936,0.005390375880633201,0.005100536015185763,0.004218263369450073,0.003165058331303468,0.0017300757321040284,0.0011195851463089812,0.0011442919292009577,0.0016277314375521125,0.0024682695844033906,0.003743257150613333,0.005469337813184915,0.007778345555962773,0.011223832588001272,0.01636372043708022,0.015293302730658109,0.014407385692607676,0.013286355726324238,0.0122863028811364,0.011095945549845063,0.010071235191910057,-0.0030694314442317916,-0.004282784341007813,-0.004681394149923759,-0.006721877771398743,-0.007035863310333163,-0.0006523989977560063,-0.0011843862688342523,-0.0010221864293834793,-0.0008497786967073954,2.584036875173311e-5
-0.0023535913145346235,-0.003403116605379373,-0.0047696018338004844,-0.0060435068964141865,-0.007470325679320261,-0.009570481356760736,-0.0117048622126484,-0.004956619141607967,0.0018605329494122312,0.007576757747863224,0.01232080539541077,0.01585642050095469,0.01705060519773456,0.01643618577658186,0.013831526732890361,0.007655546913309712,-0.0026047908287952577,-0.01562205963155162,-0.029405749072701416,-0.03926856603127252,-0.04311231516232517,1.000107446586285,-0.030858350161891028,-0.020550235975586823,-0.010587029568732625,-0.003038117194737957,0.0014014818677593897,0.003734381703147547,0.004000696424633199,0.0040698929188469415,0.004176210439358399,0.003462953265702818,0.0025524790415876932,0.0012494727696154369,0.000782128596212537,0.001013819243343973,0.0017218285224823685,0.002802419032693426,0.004388661215433995,0.006416330091005134,0.009035091414802576,0.012718478671928643,0.017982002742628286,0.01603606080548653,0.014549375561090165,0.013043571287136393,0.011796482680418389,0.01046786934341019,0.009357512754000095,-0.0024739688883056673,-0.0033670643873136073,-0.0037453489576074806,-0.005193523210917148,-0.005658161943109932,-0.0007212478330277312,-0.0012768896877024716,-0.0011579340707813409,-0.0010318406925407958,-0.00019705363296748565
-0.0019503570914086324,-0.0028282506532702136,-0.003964433941239762,-0.004980399482090096,-0.006079033796463216,-0.007649320823472465,-0.00900300379816696,-0.0027927084505590728,0.0030577734437071446,0.007388122022805888,0.01029104002361524,0.011886702809044513,0.012033803604181935,0.011314586357833839,0.009568879656133525,0.0053992730854315095,-0.0015544850331066064,-0.010473044123459901,-0.019996830687482533,-0.0275686302624237,-0.031245536107469978,-0.030858350161891028,1.0146952276340675,-0.02048421729493745,-0.01474455110578525,-0.009787053486502398,-0.005733292192600433,-0.002588712051053608,-0.0007180404083178484,0.0005524490649621809,0.001563636636738041,0.0016137461962537028,0.0012504975765362963,0.00039180040445812626,0.000277241535043362,0.0008850082155147684,0.0019023109051084007,0.0032666756790293195,0.005204009574809673,0.007594526253902788,0.010597298310696604,0.014557436961532532,0.01999005544022105,0.01653223708239185,0.014048042981775965,0.01199065895636124,0.010422047444302541,0.00903760475340034,0.007929939350770252,-0.0019432414929993278,-0.002562168822134114,-0.0029149685977460397,-0.003965053470796,-0.004616909664048018,-0.0006674632224593509,-0.0012752854912698429,-0.001306066032898322,-0.0012051790578552868,-0.00042632803512365037
-0.0014525001800074547,-0.0021745967207403116,-0.0031185384815103994,-0.003933783357073779,-0.004802554377165647,-0.006043512979009624,-0.006997241055657536,-0.0014881236476672784,0.003427122754724752,0.006706909279296918,0.008400246636201812,0.008815696641078914,0.008421519001698642,0.007552702957048191,0.006043145490452767,0.0029610470255477914,-0.0015236538519689672,-0.006623701410098842,-0.01153249662197675,-0.016016293458167557,-0.018872623031535692,-0.020550235975586823,-0.02048421729493745,1.019736399360653,-0.02006576267145425,-0.018205421141780885,-0.014585628449329757,-0.010364102779855259,-0.00651711821369968,-0.003729052607286319,-0.0015644601088497195,-0.0005057051366086134,-0.00013302995199123265,-0.00047558663997551086,-0.00011897612966944405,0.0010170639696578969,0.002464983468862227,0.004231055645465149,0.006611518914456137,0.00944364942749701,0.012897151004145128,0.017206944238829368,0.022915553343992073,0.017737630344330207,0.01413918185268445,0.01142818756371792,0.00947477352754349,0.007980196119402231,0.006838968348588141,-0.0015650348640000517,-0.0020458859482782397,-0.0023839558190710598,-0.0032774161916799874,-0.004115396718969402,-0.0006113550926097582,-0.0012542650652318439,-0.0014355125300741082,-0.001354186415487673,-0.0006083761681892236
-0.0008756336773892685,-0.00142359741191977,-0.002158008793305564,-0.0027978792888977747,-0.0035033390230105386,-0.0044954046457639125,-0.005254887147553078,-0.0005540662067698595,0.0034720928693622263,0.005898442388553909,0.0067591578529263615,0.006365248777371625,0.005574170357837994,0.004441586745145412,0.002896288070821583,0.0004772838370455022,-0.0020279091897736352,-0.0037833674615069994,-0.004428222090797678,-0.0057348777590843225,-0.0074384947091898,-0.010587029568732625,-0.01474455110578525,-0.02006576267145425,1.0166897367556262,-0.02492592905252174,-0.02193427033763128,-0.0170223599881395,-0.011629979174875677,-0.007628613511166971,-0.004426090605810268,-0.002415270271155141,-0.0014016634179294708,-0.001273716293405076,-0.0004398852891422911,0.0012677534329673932,0.0031439792300350855,0.005226939077762255,0.007887966405916654,0.010951462353192658,0.014611890091199526,0.018990863171448744,0.024629616393477095,0.01805818477387772,0.013579403294246957,0.010395662372197995,0.008187135775455682,0.00669303291212844,0.005598728836784314,-0.001239693474908658,-0.0016427843045890278,-0.0019666274839852437,-0.002778481954642671,-0.0037400684452236674,-0.0005453084906141257,-0.0011321426209024066,-0.0013872673002655084,-0.0013354549413353654,-0.0006529630216138614
-0.00040629145212660376,-0.0008353332602783329,-0.001436874545442139,-0.0019423505013918176,-0.002536541125666502,-0.0033558608071554965,-0.00403507207880143,-7.167041927618111e-5,0.0032882279027848923,0.005205904578032543,0.00579770502848493,0.0051085708138331985,0.004158315517780712,0.0026547215720978904,0.0008447259838227854,-0.001326632482287909,-0.002550841498323969,-0.0020599269683105087,0.00025391074200323136,0.001411821370220917,0.0007509870174263589,-0.003038117194737957,-0.009787053486502398,-0.018205421141780885,-0.02492592905252174,1.012267026632814,-0.02642059044666785,-0.02195767865166529,-0.01624586618493313,-0.01154147696071507,-0.007153501161516435,-0.0038701361667809577,-0.0023360659499432647,-0.002075382056219833,-0.0008953919686557707,0.0014144879862873015,0.0036678164941281186,0.0058963627190357975,0.008551979936612452,0.011532732998976674,0.015088972093040644,0.01928707087994385,0.0246799318074249,0.017598292185351062,0.012788736187953204,0.009484821766317491,0.007217218184279031,0.005823890401386606,0.004822313984065263,-0.0011481460305745143,-0.0015323377471718515,-0.0018986912869275734,-0.0027621931913055517,-0.003932529967016226,-0.0005119724903360659,-0.001003480522841,-0.0012881598530643066,-0.0012751534084975455,-0.0006706395069717727
-0.00011599636452357064,-0.00045216831175112716,-0.000939423360494144,-0.0013319424062735274,-0.0018125037092390744,-0.002492770253059857,-0.003098652930167958,0.00023719534059545272,0.0030730577478412778,0.004644974727118232,0.005132214640206828,0.004328188387286426,0.00339365823805937,0.0017321410693370825,-0.00010420654698135661,-0.0020460497205503575,-0.002545556369352831,-0.001009390971932156,0.0025189774710204175,0.004892687522721096,0.004926472350205536,0.0014014818677593897,-0.005733292192600433,-0.014585628449329757,-0.02193427033763128,-0.02642059044666785,1.014389723398043,-0.023511045709120732,-0.01915649623118925,-0.014487734731370558,-0.008615277441345633,-0.0038056112785347478,-0.0023704487339313907,-0.002972357467917066,-0.0018063785701672532,0.001267555602207804,0.003913662500533679,0.006088133848290489,0.00827634103005245,0.010589465045198846,0.01333741061262836,0.016655795518192035,0.021004132141859876,0.015058933687113425,0.010992385039096098,0.00823986535860762,0.0063147015955894595,0.005211693619166644,0.004399155746907723,-0.0011094682065933335,-0.0014695723074137333,-0.0018717617218491109,-0.0027796709939923933,-0.004123107919300431,-0.0005046836172501729,-0.0008188758044878902,-0.0010656432664911343,-0.0011195587991355155,-0.0006059609689487737
6.246937012883382e-5,-0.00022408388002635209,-0.000651616074471085,-0.0009812354706628314,-0.0014028259456748552,-0.0019581243070879674,-0.0024377987264119767,0.0005028104079085669,0.0030342315160489285,0.004394611523091867,0.004881644444618591,0.00405450370053061,0.0031526965355647687,0.00133579033827349,-0.0004639786521204821,-0.0022112465036417677,-0.0022517782802511277,-0.0003698790605572458,0.0033616455272285368,0.0061452718331135815,0.0065576506575160025,0.003734381703147547,-0.002588712051053608,-0.010364102779855259,-0.0170223599881395,-0.02195767865166529,-0.023511045709120732,1.0169761565835496,-0.021646246569208535,-0.017137002637510057,-0.008604885224408202,-0.0013858405776671335,-0.0010186325434479312,-0.0043131767408187425,-0.003757313531324246,0.000652219504422379,0.004067734516717773,0.0062270101917387185,0.007746578691749779,0.009072416358810523,0.010627945095713897,0.012686286460831564,0.01559995267091111,0.011454615839938759,0.00860576111362564,0.006741860504911491,0.005373950178305813,0.004699005252309948,0.004154588802473676,-0.0011657575136507085,-0.0014878224580815054,-0.0019394750674304848,-0.0029033480524732758,-0.004453165654813502,-0.0004889496994024852,-0.0005402490898902461,-0.0007290464045175573,-0.0008945799479842204,-0.0005157591873985976
9.550665093693778e-5,-0.0001587894532122769,-0.0005378954458291835,-0.0008024915167116595,-0.0011342365905818031,-0.0015540284686174006,-0.0018588836712116917,0.000649428022023639,0.002822991704751604,0.003967980450214739,0.004412920368475105,0.0036474108382410875,0.0028565641439293405,0.0011274788665981514,-0.00046147636844344,-0.0019478846365582443,-0.001837698952936332,-0.00018490215630754547,0.00294109276719561,0.005415972545683596,0.0059332669305245936,0.004000696424633199,-0.0007180404083178484,-0.00651711821369968,-0.011629979174875677,-0.01624586618493313,-0.01915649623118925,-0.021646246569208535,1.0181896596200934,-0.018766890511881656,-0.008925531813476327,-0.00028569313750144323,-0.0004582830468059931,-0.005370556016410489,-0.005133104330348244,0.00012038484006701184,0.003994264757192689,0.006159514270560926,0.007118272323266481,0.00749451618388394,0.007830013734999945,0.008582996253985484,0.010015235881220032,0.008153558937490885,0.006808524093813035,0.005950589170397534,0.00519016575933302,0.004853491912144226,0.004490234358075898,-0.0011846128942388458,-0.0014340394813589811,-0.0018810917510888102,-0.002805852900767967,-0.0043756596595538036,-0.00045847801787795195,-0.00025544196099325543,-0.0003793847420808065,-0.0006579263536778447,-0.0004222658898896841
0.00015056870468711203,-3.0717736555040684e-5,-0.0003023954873412337,-0.0004904483970992208,-0.0007233941325614881,-0.0009826519462379567,-0.0011036299561327622,0.0009245582955922274,0.0026512426015721235,0.003488014102117552,0.0037393731360487697,0.0029724402522621532,0.0022579008671149404,0.0007822972787635249,-0.0004682792275281993,-0.0015937114359032255,-0.001319000096889501,0.00014239480028792702,0.0027302735900216774,0.004855970299816201,0.005390375880633201,0.0040698929188469415,0.0005524490649621809,-0.003729052607286319,-0.007628613511166971,-0.01154147696071507,-0.014487734731370558,-0.017137002637510057,-0.018766890511881656,1.0210425106450247,-0.01842140185038683,-0.01533027863015531,-0.01010772484804707,-0.004498723640154157,-0.0006642226670425155,0.0015126721098045915,0.003267636376051247,0.004904575052558366,0.006150392173288271,0.0068734747123521695,0.007823251321868575,0.009244172290835075,0.011507433152035987,0.009740905684523697,0.008072971927854698,0.006896598893183055,0.005820170587949215,0.005230372909305611,0.004677644711932522,-0.0009946478957731882,-0.0011571854273900858,-0.0015343545532721312,-0.002322999955734195,-0.0037293412393779378,-0.00039519265449031225,-0.00016580939103097718,-6.989635312155645e-5,-0.00029986127136956653,-0.0002884274770281188
0.00019523220943606744,0.00010110560781276322,-4.312074609863787e-5,-0.00013440772380141286,-0.00024059880166144872,-0.0002844124980908369,-0.0001493964879052661,0.0012994097137249588,0.0023739754501712292,0.002734422616340341,0.0025470736898986286,0.0017310707252228077,0.0010291351596160543,5.2530064798195496e-5,-0.0007214240509426087,-0.0012558815716202363,-0.0007327659798031181,0.0006826101256073136,0.0028399838350480016,0.004612386218840764,0.005100536015185763,0.004176210439358399,0.001563636636738041,-0.0015644601088497195,-0.004426090605810268,-0.007153501161516435,-0.008615277441345633,-0.008604885224408202,-0.008925531813476327,-0.01842140185038683,1.0005239233005208,-0.05277128189334699,-0.03509971056275253,-0.002964792214329389,0.01040438151067227,0.0052106648177685155,0.0019633890823712924,0.002264576728942158,0.004229987748421682,0.006631204193625379,0.010423181992622033,0.015004303333931292,0.021157611730855192,0.017636403099593044,0.013845856914374887,0.010904382675294465,0.008415966551495884,0.006767174702175109,0.005478301254045692,-0.000693015772168292,-0.0007163137981912812,-0.0009330202746746139,-0.0014485563662144595,-0.002520782534027585,-0.0003156673128645273,-0.0003419742065536496,0.00017089360431881106,0.00018229157756219808,-0.00017005001405832234
