1.349519695097403,-0.045239285890228936,-0.05002130480711669,-0.0507034100839626,-0.04310261658858663,-0.02168732079579046,0.022041932148047713,0.02732707786130623,0.03247382401067219,0.03264066242375656,0.030288383641716387,0.02892871540669537,0.02930183630695277,0.0292673906663504,0.02697142332382311,0.022936030104853986,0.015535991013126605,0.006595936296816397,-0.002627903354055007,0.0007020157749621248,0.00227814745877423,0.0025334776283532363,0.0016835657399623706,0.00046933927812469785,-6.607554793180421e-5,-0.0007571420244496083,-0.0009462805441475999,-0.0010829121447871461,-0.0011470168704122124,-0.0005819371837674276,0.00014210694987746076,0.004543826009091048,0.006055478294790975,0.005556303419360745,0.005543447039148389,0.0055837195694872915,0.005207353866317058,0.00417726703130959,0.0027668996596502612,0.0017818023142009381,0.0020577637209299206,0.005183039338009741,0.014301221134138406,0.01140240592178168,0.008602401890814012,0.005746057942781434,0.0030733545624745946,0.0007346767963622865,-0.001087436784655833,0.0003946439548082696,-0.009853777004913997,-0.008669560151552765,-0.02182360706220588,0.0008439233439358465,0.006160342256833041,-0.00869201004304239,-0.008504004201066251,-0.004999614859969217,-0.007919323357562878
-0.045239285890228936,1.3346131613558396,-0.06150451558611221,-0.06539130089762317,-0.06016585521388358,-0.03742975637602575,0.017551878378155132,0.03023780834428995,0.040108053136927016,0.041421160437065986,0.03867571690568227,0.037355545309857956,0.03814911569285485,0.03837003333233493,0.03571566984928662,0.030429145341328866,0.02075983851335319,0.009292895078306652,-0.0020230930009863747,0.0022826995825039787,0.0046675904061076615,0.005320372091613276,0.0042945269528605,0.002561471717610247,0.001376429217322956,9.767505884888565e-5,-0.000543562571391875,-0.0009501114885122345,-0.0011536914273426097,-0.0006648380116055673,4.5213354319671316e-5,0.0043775796187888434,0.005844098795305592,0.005353977389152836,0.005380030133663878,0.005468755203731017,0.005145455530768107,0.004154444923663737,0.002785087502603474,0.001834851688675095,0.0021045241929590923,0.0051483209110555666,0.013919255964759047,0.011276821782328141,0.008535276087574137,0.005685780770910473,0.0030175146356659554,0.0006900008626406819,-0.0011095826692638802,0.0003782763835146362,-0.011197491482540893,-0.007950627384069773,-0.02426806839949342,0.001072533615816292,0.008414223326904563,-0.010632190099273221,-0.01035133742108232,-0.006257070588429415,-0.009481514637358973
-0.05002130480711669,-0.06150451558611221,1.31513816544113,-0.08277900418524965,-0.08328994222641738,-0.062287697682795864,0.005139122890395919,0.02968758199938239,0.04744407231463785,0.0515808630260792,0.049163540773348884,0.04828806826859963,0.04955602615219448,0.050083716384795904,0.04696149421998949,0.04012090685475051,0.027589906767261634,0.01300356443008929,-0.000852893047479015,0.00488551944725104,0.008461420743913078,0.009699050844930572,0.0084334354795206,0.005963287808832362,0.0037812375105589387,0.0016035545361267095,0.00023030552196645862,-0.0006200226915415595,-0.0010752591637673977,-0.0007728945627639977,-0.0001733839060471888,0.003653518968004396,0.00490786622933312,0.004464715995714864,0.004559934185255638,0.004735298996599404,0.004543635802236898,0.003712653543364076,0.0025243143681597906,0.0017029830362033564,0.001918084612639052,0.004548830812567038,0.01202899735650754,0.009977714766934542,0.007574278199838175,0.005007093533304327,0.002600229658527376,0.0005112408596435943,-0.001083997915494699,0.00037055588948437353,-0.01194261192063951,-0.006395255974301341,-0.025595541470599316,0.0009474037573678071,0.011246199942412797,-0.012355991478636452,-0.012130119104123746,-0.008147774254063251,-0.01051369953144405
-0.0507034100839626,-0.06539130089762317,-0.08277900418524965,1.2875118022459437,-0.11245153300101586,-0.09948934237307783,-0.022239093346424026,0.020029513778802847,0.05063048972869038,0.06142174286060798,0.06180956497959623,0.0625900303097987,0.06423857523984008,0.06482788176343075,0.06081041942672911,0.05211459651014705,0.03624432325350796,0.018078486625888783,0.001215112181156419,0.009038479119917344,0.014206803925818318,0.016179237404612138,0.01458935129663095,0.011152788570103541,0.0075648899030273855,0.004143951556969092,0.0017069535961920243,0.00019563779177709349,-0.00066986490422189,-0.0007731548434169405,-0.0005091539331804894,0.0019913808645729003,0.00272333746792312,0.002406458383670227,0.002615090468363786,0.002929583526248853,0.0029940846320073234,0.0025407905016474087,0.001787443297389642,0.0012558776455638266,0.0013130053560960432,0.002889196792351312,0.007295458917477632,0.006596649814086134,0.005143991358742503,0.003404762629050981,0.0017401190183774916,0.00029441761440419175,-0.0007871377764423641,0.00043409112469388093,-0.011314286770695983,-0.00375348583779126,-0.024390438088487284,0.00035107676800137124,0.013866061427329424,-0.013231597825214363,-0.013257497788574176,-0.010603433446469504,-0.009761628636833865
-0.04310261658858663,-0.06016585521388358,-0.08328994222641738,-0.11245153300101586,1.2475916119525956,-0.1467996165890567,-0.07403595800861464,-0.009875258775922227,0.03962068235328051,0.06472750820205453,0.07438006847807414,0.07985798375763689,0.0815298827677545,0.08169448868751471,0.07606116752260302,0.06564143463909043,0.04663349190862096,0.0252426732607535,0.005097477062012776,0.015746349873401594,0.02252144774358721,0.024988555452365356,0.022801205921449134,0.01817729269196838,0.012802189951008769,0.007865308770934847,0.004078054750203905,0.0017108108682590076,0.0002693211948499632,-0.000559397176966842,-0.001036017650974608,-0.0009989311402500273,-0.001205722483250511,-0.0012447136045094529,-0.0008687367745988758,-0.0003739614993318037,8.00634279729991e-5,0.0002910129734496937,0.00030715667329648286,0.0002647448968308982,-1.788294976264465e-5,-0.00045726812645854826,-0.0016450835747256819,0.00023747109844832236,0.0007192373013633649,0.0006498446874600197,0.0004332759427857642,0.0002015798288977286,4.943491628219314e-5,0.0007116088109474573,-0.008080313936884069,-0.00015614090180081196,-0.01864037127710688,-0.0007617285279219724,0.01568621302789044,-0.012641602325709746,-0.012436589081679817,-0.012682607974001675,-0.006392878846972198
-0.02168732079579046,-0.03742975637602575,-0.062287697682795864,-0.09948934237307783,-0.1467996165890567,1.200978568370989,-0.16342479875743793,-0.08131601341478553,-0.008179537282828239,0.045211339352819305,0.07895233157006161,0.09818061406539726,0.10010678799629477,0.0983941712124624,0.08889066807956005,0.07765087996108955,0.057239271599126354,0.03487044057485986,0.011705461780621236,0.025555049726287925,0.032818833784735026,0.03476836339708236,0.03156786018779029,0.02582139738451079,0.018718984098044622,0.012502446215898702,0.0075109652850205546,0.004350186873842324,0.002331375293870011,0.0004085324755839328,-0.0014019823579073751,-0.0050684974949303475,-0.006672994114807216,-0.0062186323345408325,-0.005648558319147391,-0.004989424183486666,-0.004064208272857457,-0.002888761341604795,-0.0017269373898225128,-0.001069163089043999,-0.0019118818065090638,-0.005542698584613419,-0.015400964695357781,-0.009183274237074128,-0.005502566105092784,-0.0029452832562147143,-0.000966939745606801,0.0005791505329971268,0.0017348954215327082,0.001264768945135156,-0.0016609991102416294,0.004261928147690727,-0.006945091437301907,-0.001359140126728703,0.012529320964498518,-0.008155250803591902,-0.007143140076876703,-0.01224496678661987,0.0013317418012560433
0.022041932148047713,0.017551878378155132,0.005139122890395919,-0.022239093346424026,-0.07403595800861464,-0.16342479875743793,1.0993770331115345,-0.216396812519514,-0.1289545614233506,-0.03305261475036633,0.047695872110143735,0.09916632387437387,0.1056992119274819,0.10106997843323143,0.08574227404539357,0.07690323685821661,0.06051394477066205,0.04345034680953386,0.02204252622559365,0.03675218577865737,0.04225932863737038,0.04235809574714703,0.03792833146844848,0.03173713392308725,0.023459651878512466,0.016837649373327466,0.011205934748043794,0.007462555109567552,0.005000187288593434,0.0015245287028809178,-0.0019035234729353053,-0.010319072989904029,-0.0132751862184855,-0.011476778024146192,-0.01039005158196528,-0.009477586297502115,-0.008019148265744755,-0.005590073432619508,-0.0029258153132157875,-0.0014513279633656191,-0.003312315217085626,-0.012032860450753373,-0.035478184717845376,-0.021722524619944318,-0.013218254208280445,-0.007120499191255112,-0.0023678660499538615,0.0013665337385558947,0.004022707779848452,0.0014226475737135274,0.006886513182437686,0.011668060597463519,0.011428354515165587,0.0013087113193104819,-0.002721515456960354,0.005169819214166073,0.0073431266716392765,-0.005443619890296895,0.015833656004239915
0.02732707786130623,0.03023780834428995,0.02968758199938239,0.020029513778802847,-0.009875258775922227,-0.08131601341478553,-0.216396812519514,1.1520999976949244,-0.2065608330200091,-0.11324202450266194,-0.0036689100402775825,0.05896673062258846,0.08311310069599766,0.08507475866722357,0.07747615838097893,0.07056145173787418,0.05857788634326086,0.04341661628493239,0.02525799721586278,0.03342337363866571,0.033776317129306926,0.030595445603534013,0.025505725477713483,0.020574993359753303,0.01569693576324348,0.012117395209590341,0.009404228873110002,0.007564464563195109,0.00602104284163178,0.0036358464617323237,0.0006273374091099784,-0.004797207269187715,-0.006941958904877725,-0.006266701350705888,-0.00597694668455602,-0.005934043862294151,-0.005719991286728511,-0.005192069885463982,-0.004675447469935391,-0.004733032815094956,-0.006167248780206326,-0.010211109356971807,-0.01894885022217591,-0.008746615885814584,-0.002370522501421122,0.0018138666475286057,0.00460798868786395,0.006419882003608455,0.007481502504695879,0.002148010394378484,0.00832720623392487,0.004916630155798863,0.014827509618574961,-0.009301230739229876,0.0034581187020232456,-0.004070000300153492,0.008160423790922142,0.003608079242037975,0.010259811125791728
0.03247382401067219,0.040108053136927016,0.04744407231463785,0.05063048972869038,0.03962068235328051,-0.008179537282828239,-0.1289545614233506,-0.2065608330200091,1.1505421172147225,-0.17560917794435055,-0.08113792532442735,-0.0010374502185665272,0.04540054550837609,0.07054659186397769,0.06737111774981631,0.06496444982243214,0.05380708028657072,0.04309166695015565,0.028726572590096,0.031262609344768585,0.028020059114511255,0.022908734087752652,0.017548398759275354,0.013377376515393924,0.010415265130878381,0.008492890856538435,0.007173168668370719,0.0061056431568000825,0.004870649841423598,0.003359697820331396,0.0014870177292342977,-0.002402168629889594,-0.003941517179966811,-0.0038150507955871946,-0.003855126132344649,-0.004193104118210625,-0.004585102696374328,-0.005086346945354333,-0.005707229157723199,-0.0065986486019063385,-0.007746412160995666,-0.00910568268221301,-0.00963158903333859,-0.0018907080326812365,0.0030910801065669683,0.006153898843817668,0.007884292250828033,0.008667733953411694,0.008906705073303583,0.0013296930423958694,0.006938471685994773,0.008173426219751811,0.013524455410491696,-0.012752327382521845,0.004703258741404168,-0.006672010783283169,0.008944252828529892,0.00881945284700052,0.0055650654457756405
0.03264066242375656,0.041421160437065986,0.0515808630260792,0.06142174286060798,0.06472750820205453,0.045211339352819305,-0.03305261475036633,-0.11324202450266194,-0.17560917794435055,1.1696116689937812,-0.19297596988358323,-0.10926661271059876,0.0001025161148192641,0.052992896530572896,0.06580339793624415,0.057959068908209975,0.051687161886607866,0.04037569110208585,0.031423043390705174,0.03190349977339916,0.027346484167613122,0.021024001931346747,0.015183151977842316,0.01096135731954665,0.008382121890452166,0.0069468127029524,0.00625441343021623,0.00595433664186752,0.005419030733726401,0.004383463125892415,0.002397952266208966,-0.0008424369836507181,-0.0024789237419798084,-0.002946290408486475,-0.0035218807608178673,-0.004297207295880992,-0.0051101996998208984,-0.005950407323574775,-0.00685735393716811,-0.007821037724766364,-0.008613681213303132,-0.008813926334593818,-0.006614059724614349,6.516135027633618e-5,0.0043466060140153065,0.006854639096451826,0.008121857865835457,0.008495409754851753,0.008439738177756971,-0.00011341179580709609,0.0037845201978517645,0.014005007718760659,0.008790478588749163,-0.011028886838245856,-0.0038134772722541762,0.004281228826163265,0.011782852217657703,0.009823557809159129,-0.002008360839260022
0.030288383641716387,0.03867571690568227,0.049163540773348884,0.06180956497959623,0.07438006847807414,0.07895233157006161,0.047695872110143735,-0.0036689100402775825,-0.08113792532442735,-0.19297596988358323,1.1153061972166427,-0.21255596355777154,-0.0912336032223673,0.01650420037774019,0.047993840225378795,0.054237584342116014,0.048312875188345525,0.04381746388950227,0.03496666719780526,0.03597874718879373,0.030299292781766407,0.02270270941137491,0.016063006386542095,0.011307075885663,0.00821506762208717,0.006383457214760015,0.005173806192904479,0.004421389453111361,0.003604436825773294,0.0027158990964233254,0.001508759148367574,-0.0019196551433811532,-0.0034173294976150926,-0.003637183431116529,-0.003920953955552492,-0.004422176773267569,-0.005004529529235336,-0.005692487013112587,-0.006465976864211475,-0.00740793389472927,-0.00833409548646405,-0.00899633932420527,-0.008177001329196585,-0.0013984173008369505,0.002941314832630506,0.005518338722610211,0.006909039001957022,0.007414861943818566,0.0074910797012368024,-0.001543717863932394,-0.00013114403777122943,0.017664940810720495,0.0017873102411152017,-0.0057075081093427875,-0.01090437843569132,0.01272312116400839,0.014023008874771595,0.008019807826088375,-0.004997216497017651
0.02892871540669537,0.037355545309857956,0.04828806826859963,0.0625900303097987,0.07985798375763689,0.09818061406539726,0.09916632387437387,0.05896673062258846,-0.0010374502185665272,-0.10926661271059876,-0.21255596355777154,1.1260676279384338,-0.19312689488622767,-0.0913693889818907,-0.008976054561682581,0.028347541140976287,0.047372970330003296,0.04655431536287688,0.04077920282482274,0.04000111831957074,0.0331340980661594,0.02419679547291617,0.01675456606267913,0.011501183219795113,0.007827797203065546,0.005673123281009095,0.004322258714243451,0.0038282276622875117,0.003398348016642968,0.002389998846973713,0.0004813408792495593,-0.00299288297990639,-0.004582404828785428,-0.004738582525593565,-0.005186081864722388,-0.005856650922850434,-0.006476163726653182,-0.006896533794608621,-0.007284850689052075,-0.007816530892661962,-0.008620419948273339,-0.009786357310277383,-0.010967894385698656,-0.0037903137363681128,0.0008270014789774631,0.0036591348529982333,0.005332540353260318,0.006130260820193008,0.006461436291110802,-0.002521287399197164,-0.0026714843805413406,0.017061975592619197,-0.0019314730853797245,-0.0004985905317288784,-0.0061174453292108365,0.005357953840096025,0.012874241910899791,0.0048949343969010425,0.0007553765396016374
0.02930183630695277,0.03814911569285485,0.04955602615219448,0.06423857523984008,0.0815298827677545,0.10010678799629477,0.1056992119274819,0.08311310069599766,0.04540054550837609,0.0001025161148192641,-0.0912336032223673,-0.19312689488622767,1.1359497922267898,-0.20901504565475895,-0.11515077203511294,-0.018141284811687204,0.03146251197611851,0.04772057948802894,0.03977479251506476,0.03757160288106343,0.029987185911883117,0.02178469975269649,0.015242481216214236,0.010760571206196463,0.007441710342342931,0.005382841336297273,0.003815009943715752,0.002823888129745091,0.0018435065675018788,0.0004227719689104152,-0.001441768900706798,-0.005031670006495517,-0.0062300916569731695,-0.00578077635767284,-0.0059350889940198975,-0.006526109626002189,-0.0070743726055571875,-0.00733468582237997,-0.007498189343309876,-0.007917520060504656,-0.00888790012416791,-0.010794014276594543,-0.01370116691169187,-0.006297904887027507,-0.0012795903537426191,0.0019995981798253946,0.004109788951241923,0.005293700244854558,0.005920592249956365,-0.0015430990416283419,-0.0008364652777582319,0.007702161248617263,0.001950631754498327,0.005237900191600411,-8.208835117787202e-5,-0.0030103233216317873,0.01135118988925502,0.0032780294634660984,0.005456315135744063
0.0292673906663504,0.03837003333233493,0.050083716384795904,0.06482788176343075,0.08169448868751471,0.0983941712124624,0.10106997843323143,0.08507475866722357,0.07054659186397769,0.052992896530572896,0.01650420037774019,-0.0913693889818907,-0.20901504565475895,1.1236320708239622,-0.1946440891403725,-0.08727151281800065,-0.006806586073458151,0.024834097322012194,0.029524085781872402,0.025505394586285535,0.019176090207116678,0.013489856236669689,0.009235402089842942,0.006560685341696317,0.004666216787529142,0.003727506666294676,0.0031678592788707207,0.0028825645247624837,0.0023280522572779318,0.0007273944457763166,-0.0018429428113031449,-0.004736094320078992,-0.005583832755222202,-0.00503596484470761,-0.005498115505432994,-0.0065198325579423596,-0.007451843079338686,-0.007824545669401755,-0.007947216667537185,-0.008225905515957825,-0.009014115042284176,-0.010791468327237791,-0.013549309276895889,-0.006765854562998059,-0.0019387686509451493,0.001296178416506653,0.003469855932700781,0.004767003934014205,0.005511904034718519,0.0009328124203934033,0.004748840320033524,-0.008022523424811254,0.011827810597333373,0.009741179247570975,0.0014443298711871826,-0.0034806635143811615,0.008642205144970284,0.004345196545832581,0.004660130304709905
0.02697142332382311,0.03571566984928662,0.04696149421998949,0.06081041942672911,0.07606116752260302,0.08889066807956005,0.08574227404539357,0.07747615838097893,0.06737111774981631,0.06580339793624415,0.047993840225378795,-0.008976054561682581,-0.11515077203511294,-0.1946440891403725,1.193360532399515,-0.13817566517588908,-0.07138373097806808,-0.019358386957599165,0.007723769598891107,0.006007602183956821,0.0028667823222722276,0.000634974258442802,-0.000680639386754128,-0.0007792214122537944,-0.00029668725283724443,0.0007308059893390127,0.0017630484256479094,0.0023465302076508877,0.0022309008265906046,0.0009124345707030802,-0.0014221130064579152,-0.0034584352179348066,-0.003916167240554476,-0.0033720366710043993,-0.0039412195811995504,-0.005110504201494355,-0.006251155467074717,-0.006801531153428194,-0.007093875402530875,-0.007502860739824764,-0.008246325297871336,-0.009693337260178153,-0.011251311094475736,-0.004958552671886235,-0.00023269254911184126,0.0028809182183376727,0.004934149544891046,0.006104363103503373,0.006728472396346502,0.0036126505848050215,0.010470982447249937,-0.021434378392107684,0.02004384015651498,0.010267538826193856,0.0009501204801085387,-3.430753652028256e-5,0.0047666886097112995,0.006089654753048575,0.0015820257282400428
0.022936030104853986,0.030429145341328866,0.04012090685475051,0.05211459651014705,0.06564143463909043,0.07765087996108955,0.07690323685821661,0.07056145173787418,0.06496444982243214,0.057959068908209975,0.054237584342116014,0.028347541140976287,-0.018141284811687204,-0.08727151281800065,-0.13817566517588908,1.2258082044333598,-0.13130951389466325,-0.07547274125976529,-0.022060391286658577,-0.021657997154228115,-0.01861449135254455,-0.0155885787093826,-0.012891721370026348,-0.009941761229582626,-0.0068464119999921726,-0.0036153855291619578,-0.0007012896371401855,0.0013164151293104589,0.0023526848049376875,0.0019388093162458772,0.00020303177206906387,-0.0009775143715957438,-0.0012624230039483305,-0.0009841616791829689,-0.0017184111308894052,-0.002921565106796248,-0.0041434344003650385,-0.004798313864899505,-0.00524382656354734,-0.005737060463450743,-0.006364138774452375,-0.007392117371024214,-0.007843545677019425,-0.0019597374099983474,0.002504546611217685,0.005284641127526701,0.007032975558463516,0.007950748664841752,0.008371746771753548,0.003222004229102251,0.010322538370292747,-0.02083861189078846,0.019669383311887844,0.008340468209791023,-0.000791582493207781,0.005776296052453565,0.0010785147342562982,0.0063173897666947984,-0.002288605921519451
0.015535991013126605,0.02075983851335319,0.027589906767261634,0.03624432325350796,0.04663349190862096,0.057239271599126354,0.06051394477066205,0.05857788634326086,0.05380708028657072,0.051687161886607866,0.048312875188345525,0.047372970330003296,0.03146251197611851,-0.006806586073458151,-0.07138373097806808,-0.13130951389466325,1.2488315018057732,-0.10195982289278513,-0.04873661094396267,-0.04868242975267548,-0.0412321791231557,-0.033080249687268276,-0.02584793146528189,-0.01928030693997817,-0.013061440483703805,-0.007422955975093781,-0.00282308489919385,0.00022018920164460428,0.0019699582882445597,0.00269029110238411,0.0026192202857802734,0.0020439622098293118,0.0020150201560025774,0.002126250973770509,0.0016336028207073639,0.0008529764561914521,-5.277423937424836e-5,-0.0006751419631184025,-0.0012812684022182534,-0.0019501054670843165,-0.002569162310124116,-0.0031606631787968035,-0.0024287753230000804,0.002428151804834318,0.006226885833803258,0.00843235939351832,0.00968764849295426,0.010194308235496666,0.010286681587841375,0.0011094303965857736,0.004790199546167386,-0.011729547134351854,0.010110343606028105,0.005931939367970281,-0.003422213206116081,0.009996398961277691,0.0006599864611055603,0.0033705267942616434,-0.0026841075870739873
0.006595936296816397,0.009292895078306652,0.01300356443008929,0.018078486625888783,0.0252426732607535,0.03487044057485986,0.04345034680953386,0.04341661628493239,0.04309166695015565,0.04037569110208585,0.04381746388950227,0.04655431536287688,0.04772057948802894,0.024834097322012194,-0.019358386957599165,-0.07547274125976529,-0.10195982289278513,1.2911081061503258,-0.06446422035908277,-0.06948176637462539,-0.06222105051064858,-0.05181969928177522,-0.04064050895395196,-0.03000257080775495,-0.019683135397864572,-0.01080845278594961,-0.003959636882157512,0.0004069906103732207,0.0028826428434093714,0.004567374740061199,0.00619260346012949,0.006156213018464402,0.006367504351300157,0.006173905513067849,0.0058625482706057275,0.005521489605419172,0.005036350752521943,0.004575786087792025,0.003977857907883062,0.003366512506138508,0.0030033811424091026,0.0030686827536208724,0.00493563079357183,0.007915258794642565,0.01066227511153027,0.012105422785810798,0.012756896247380526,0.012754876130098399,0.01242868196786635,-0.0009265483020152664,-0.0010000472417385686,-0.004400617664033059,-0.000573025338721629,0.003626300032057259,-0.005545753004373205,0.011414784879151135,0.002047508090207007,-0.0004715591789112099,-0.00010084655628476066
-0.002627903354055007,-0.0020230930009863747,-0.000852893047479015,0.001215112181156419,0.005097477062012776,0.011705461780621236,0.02204252622559365,0.02525799721586278,0.028726572590096,0.031423043390705174,0.03496666719780526,0.04077920282482274,0.03977479251506476,0.029524085781872402,0.007723769598891107,-0.022060391286658577,-0.04873661094396267,-0.06446422035908277,1.3235834359521315,-0.07361505938550866,-0.07241450469103763,-0.06547206271707477,-0.052829775584051705,-0.03831988503580245,-0.02287863169248798,-0.009639411855108899,0.00021952711190067087,0.006082533518717489,0.008687165330810013,0.009979047785333784,0.010878170036068715,0.01062823130435446,0.009906702584021296,0.00861254083682801,0.007900173488952,0.007572237165345154,0.007398961740501801,0.007182416453394001,0.00686004689276001,0.006645783076890763,0.006877574762822563,0.00797868590696623,0.01146515362016961,0.012430343622394398,0.01432912951115404,0.01521218691970604,0.015381669192089754,0.014893573582605913,0.014128134925053208,-0.0012348423927945984,-0.0056258572782021295,-0.0020297191550539316,-0.013055022754747871,0.002319132388249911,-0.006539643616529302,0.008917325108057482,0.003802581419523061,-0.0029117841230233035,0.005854509583264435
0.0007020157749621248,0.0022826995825039787,0.00488551944725104,0.009038479119917344,0.015746349873401594,0.025555049726287925,0.03675218577865737,0.03342337363866571,0.031262609344768585,0.03190349977339916,0.03597874718879373,0.04000111831957074,0.03757160288106343,0.025505394586285535,0.006007602183956821,-0.021657997154228115,-0.04868242975267548,-0.06948176637462539,-0.07361505938550866,1.2920312932120974,-0.10321853995123527,-0.09848478994169818,-0.08250870628516421,-0.06258754497961326,-0.04075689137284559,-0.021625123999259598,-0.006863973916592017,0.002777075573052484,0.008328480535813391,0.012227564956792935,0.015530264403592673,0.015340699913013622,0.01480576838215775,0.013214874901394447,0.01219965030637171,0.011543813859266302,0.011153379890033184,0.010768300312658581,0.010497045347554424,0.010430823258656059,0.01106701438012542,0.0128827341806312,0.01737449477446122,0.018828192485056152,0.021167756112102334,0.021991773419907403,0.02183739414227447,0.020831444522292793,0.019517721795361712,-0.0027974852980729927,-0.005289445099379504,0.004740928361343206,-0.006470187072539111,0.002422458672362803,-0.0065585863289529985,0.01028062986451285,0.005215084498668992,-0.0019007568418413284,0.005936718749609847
0.00227814745877423,0.0046675904061076615,0.008461420743913078,0.014206803925818318,0.02252144774358721,0.032818833784735026,0.04225932863737038,0.033776317129306926,0.028020059114511255,0.027346484167613122,0.030299292781766407,0.0331340980661594,0.029987185911883117,0.019176090207116678,0.0028667823222722276,-0.01861449135254455,-0.0412321791231557,-0.06222105051064858,-0.07241450469103763,-0.10321853995123527,1.2694119545326321,-0.11985631254025181,-0.10441758671648863,-0.08248531164519438,-0.05691927403249502,-0.03354641052121611,-0.014276856850337265,-0.0003711198804755846,0.008990706999380826,0.015776379163768714,0.020082006940198887,0.02045194487340576,0.019573564928731683,0.0171307450538864,0.015294533785630218,0.013810787083218878,0.012782681724142587,0.01193943486606119,0.011463022276818835,0.011420202635369706,0.012480878219461467,0.015467620173738901,0.02253406242519101,0.026446579404849044,0.029927173206506622,0.030608975841584306,0.02971150607561131,0.027692338071992024,0.025350739046519626,-0.0033830479472454493,-0.0044106546338218665,0.007533474308884608,-0.0012948764942451927,0.0034663376526293047,-0.006085149992541112,0.010392865088916053,0.006016028834272213,-0.0013458401498637922,0.006164280814543586
0.0025334776283532363,0.005320372091613276,0.009699050844930572,0.016179237404612138,0.024988555452365356,0.03476836339708236,0.04235809574714703,0.030595445603534013,0.022908734087752652,0.021024001931346747,0.02270270941137491,0.02419679547291617,0.02178469975269649,0.013489856236669689,0.000634974258442802,-0.0155885787093826,-0.033080249687268276,-0.05181969928177522,-0.06547206271707477,-0.09848478994169818,-0.11985631254025181,1.2621993611425117,-0.11445852685298442,-0.09465781959580902,-0.06967816246317743,-0.04559577416876659,-0.024080977097803335,-0.0069824423518915464,0.006038148405182899,0.015974511284267908,0.02184985879664452,0.023629301197666153,0.023071104368067863,0.020195159677931226,0.017860299650218427,0.015758793330833416,0.014117136788898619,0.012713046031311008,0.01175163154672455,0.011408794140194313,0.01252623660613459,0.016423159568762825,0.02606345090269862,0.0336644676162651,0.03853644252288309,0.038995379109770266,0.03715191016907019,0.0339308049202485,0.030400061368354155,-0.0033164401174918218,-0.0035506626997187226,0.007846158604364951,0.0021104854906289095,0.00475755585510722,-0.004640740954198198,0.008904879135806275,0.006014427757775438,-0.0018703861288522354,0.006599676065149585
0.0016835657399623706,0.0042945269528605,0.0084334354795206,0.01458935129663095,0.022801205921449134,0.03156786018779029,0.03792833146844848,0.025505725477713483,0.017548398759275354,0.015183151977842316,0.016063006386542095,0.01675456606267913,0.015242481216214236,0.009235402089842942,-0.000680639386754128,-0.012891721370026348,-0.02584793146528189,-0.04064050895395196,-0.052829775584051705,-0.08250870628516421,-0.10441758671648863,-0.11445852685298442,1.2797290024390147,-0.09581129074215426,-0.07733998566807807,-0.05796103377922854,-0.038071307609223906,-0.019830595026191555,-0.0034490540497026006,0.0104858524940729,0.019581676049419988,0.02408444965755097,0.024881195748079555,0.02227692752394786,0.020127661305803686,0.018035738064216,0.01615123777239208,0.014339582288089299,0.012825266863770049,0.012066733211960019,0.01303216440704083,0.01747283525862532,0.028938568935853635,0.03901080251762335,0.04417608720403668,0.04387420334733497,0.04089583171197969,0.036569843935692174,0.03206158168992469,-0.0032347717144455886,-0.0026935803640458834,0.007471188667247962,0.004826855054848741,0.005226875921556711,-0.0018376215314626818,0.006135373490780281,0.005354819092914919,-0.003053865879005678,0.0057106383709024655
0.00046933927812469785,0.002561471717610247,0.005963287808832362,0.011152788570103541,0.01817729269196838,0.02582139738451079,0.03173713392308725,0.020574993359753303,0.013377376515393924,0.01096135731954665,0.011307075885663,0.011501183219795113,0.010760571206196463,0.006560685341696317,-0.0007792214122537944,-0.009941761229582626,-0.01928030693997817,-0.03000257080775495,-0.03831988503580245,-0.06258754497961326,-0.08248531164519438,-0.09465781959580902,-0.09581129074215426,1.2961232130102947,-0.08399301499943308,-0.07281387698586558,-0.056935459820471504,-0.0384774995076725,-0.018240680264660462,0.0010781377044602504,0.015142175712054146,0.023288416508558882,0.026090059311824704,0.024117712675072973,0.022728606317971318,0.02131290419748619,0.019715146695484607,0.017775154868252676,0.015800200567433,0.014622558659960915,0.015355163955900135,0.02011283567035954,0.0327421601765626,0.043708456720908596,0.048096585362520185,0.04649022812266493,0.042216004986145535,0.03686993667907804,0.03158427578512575,-0.0030892617752486156,-0.0018622450093369086,0.006550346830229708,0.006571832008218665,0.004468851800988796,0.0010499571880454204,0.0037061500981380073,0.004633345677098141,-0.004931006043935422,0.004492449371031394
-6.607554793180421e-5,0.001376429217322956,0.0037812375105589387,0.0075648899030273855,0.012802189951008769,0.018718984098044622,0.023459651878512466,0.01569693576324348,0.010415265130878381,0.008382121890452166,0.00821506762208717,0.007827797203065546,0.007441710342342931,0.004666216787529142,-0.00029668725283724443,-0.0068464119999921726,-0.013061440483703805,-0.019683135397864572,-0.02287863169248798,-0.04075689137284559,-0.05691927403249502,-0.06967816246317743,-0.07733998566807807,-0.08399301499943308,1.300994742152611,-0.08651543292890745,-0.07654244352939651,-0.05923849381931635,-0.0357492016591892,-0.010955284374293451,0.00886037376748383,0.020781588755183194,0.025643268826929726,0.02442536551404235,0.02414047072766728,0.02390720295725692,0.02313063635895751,0.021527805383817822,0.01953255978194227,0.01835195859458917,0.019120653088472182,0.02395630041643986,0.0362431209589717,0.046225130689741885,0.04879155358223883,0.045652357404509424,0.04027251011609474,0.034337768790262645,0.028745744628279297,-0.002845541294436,-0.0008460873664148755,0.005732438074528247,0.008092380631041682,0.0031261734546802963,0.003640660073568122,0.001919433979497284,0.0045031186657517,-0.006452559903371093,0.003358765184317472
-0.0007571420244496083,9.767505884888565e-5,0.0016035545361267095,0.004143951556969092,0.007865308770934847,0.012502446215898702,0.016837649373327466,0.012117395209590341,0.008492890856538435,0.0069468127029524,0.006383457214760015,0.005673123281009095,0.005382841336297273,0.003727506666294676,0.0007308059893390127,-0.0036153855291619578,-0.007422955975093781,-0.01080845278594961,-0.009639411855108899,-0.021625123999259598,-0.03354641052121611,-0.04559577416876659,-0.05796103377922854,-0.07281387698586558,-0.08651543292890745,1.293360239419708,-0.09164724365832276,-0.07715049393443901,-0.05259545182608833,-0.023993796568256783,0.0011015892765738847,0.01668767770624385,0.023344034303440283,0.022613032669788886,0.023452861030597114,0.024607108438555,0.024972755751239042,0.024009090335593487,0.02232533372173628,0.02150116765181055,0.022703207469997704,0.027940896090986177,0.04001636413594027,0.04817265718035819,0.04855198143968324,0.04387311601790909,0.03750436212629308,0.031128232468109068,0.025369927917611355,-0.0024716411440249926,0.0001219595150709198,0.004207717959711634,0.008557283949437224,0.0012398989167541883,0.005690986078274945,0.0008063569624994388,0.004874845637985802,-0.007654252620706351,0.002356819506784608
-0.0009462805441475999,-0.000543562571391875,0.00023030552196645862,0.0017069535961920243,0.004078054750203905,0.0075109652850205546,0.011205934748043794,0.009404228873110002,0.007173168668370719,0.00625441343021623,0.005173806192904479,0.004322258714243451,0.003815009943715752,0.0031678592788707207,0.0017630484256479094,-0.0007012896371401855,-0.00282308489919385,-0.003959636882157512,0.00021952711190067087,-0.006863973916592017,-0.014276856850337265,-0.024080977097803335,-0.038071307609223906,-0.056935459820471504,-0.07654244352939651,-0.09164724365832276,1.2938723026002512,-0.08544568445568669,-0.06438740838755849,-0.0364429648049881,-0.008553701778636558,0.009053490899990158,0.01671250404389811,0.016348776094993,0.018289614928329284,0.020886524746571877,0.022672478393191402,0.022809832026749022,0.022021852158536814,0.022104791323986215,0.024130264772298845,0.029789568156274728,0.040722958945818434,0.04793862108430357,0.04676301711404355,0.04112693867383806,0.0342398869269021,0.02774051723413164,0.02202957611226634,-0.0019472853298036672,0.001068538246275498,0.0027731288797721567,0.008683481876166452,-0.0003855187907191392,0.00630914817819641,0.0008888126480293737,0.005369334477536856,-0.008810715398304117,0.002191432282381131
-0.0010829121447871461,-0.0009501114885122345,-0.0006200226915415595,0.00019563779177709349,0.0017108108682590076,0.004350186873842324,0.007462555109567552,0.007564464563195109,0.0061056431568000825,0.00595433664186752,0.004421389453111361,0.0038282276622875117,0.002823888129745091,0.0028825645247624837,0.0023465302076508877,0.0013164151293104589,0.00022018920164460428,0.0004069906103732207,0.006082533518717489,0.002777075573052484,-0.0003711198804755846,-0.0069824423518915464,-0.019830595026191555,-0.0384774995076725,-0.05923849381931635,-0.07715049393443901,-0.08544568445568669,1.3049812199446955,-0.07020926781960213,-0.04783267970238325,-0.020328057421647745,-0.0033649852115059773,0.004707667998747246,0.005400382389297813,0.008802258667982458,0.012970495651270737,0.01641911428747821,0.018185346050935133,0.019049881969052003,0.020794415217768175,0.024327789049901776,0.030802552002066875,0.04046363026119432,0.046687513706106736,0.04428628265344653,0.03825561310937357,0.031369748583692354,0.02510857652113648,0.019670077511353006,-0.0012231430155002086,0.0017883617748289898,0.00125406177045965,0.008135005103414607,-0.0016290015827358211,0.006606838876552933,0.0014119176435443235,0.006243767617616389,-0.009440700712491012,0.0019759417552386027
-0.0011470168704122124,-0.0011536914273426097,-0.0010752591637673977,-0.00066986490422189,0.0002693211948499632,0.002331375293870011,0.005000187288593434,0.00602104284163178,0.004870649841423598,0.005419030733726401,0.003604436825773294,0.003398348016642968,0.0018435065675018788,0.0023280522572779318,0.0022309008265906046,0.0023526848049376875,0.0019699582882445597,0.0028826428434093714,0.008687165330810013,0.008328480535813391,0.008990706999380826,0.006038148405182899,-0.0034490540497026006,-0.018240680264660462,-0.0357492016591892,-0.05259545182608833,-0.06438740838755849,-0.07020926781960213,1.3202244479070608,-0.05704965693023803,-0.035300461057170336,-0.024396349838036912,-0.015930528038681793,-0.011158477784397575,-0.004708203172851092,0.0015673434908169154,0.007185466648179394,0.011564483533406446,0.015418096579952061,0.01988732279816095,0.025661648803379213,0.0333115309542886,0.04178514999287849,0.04518518184062478,0.0411664313611537,0.034949230753222274,0.02844587447692438,0.022706281409952216,0.017756517808025965,-0.0002649327722682786,0.0023117877558470005,-0.00019892208966662526,0.006527701156936323,-0.0023221611021033524,0.006140524472981614,0.002766614198904772,0.006374433596314093,-0.010128122692007354,0.00167308248047035
-0.0005819371837674276,-0.0006648380116055673,-0.0007728945627639977,-0.0007731548434169405,-0.000559397176966842,0.0004085324755839328,0.0015245287028809178,0.0036358464617323237,0.003359697820331396,0.004383463125892415,0.0027158990964233254,0.002389998846973713,0.0004227719689104152,0.0007273944457763166,0.0009124345707030802,0.0019388093162458772,0.00269029110238411,0.004567374740061199,0.009979047785333784,0.012227564956792935,0.015776379163768714,0.015974511284267908,0.0104858524940729,0.0010781377044602504,-0.010955284374293451,-0.023993796568256783,-0.0364429648049881,-0.04783267970238325,-0.05704965693023803,1.326975185264885,-0.05435406115254151,-0.058582683133914154,-0.04914424421927277,-0.03378273684143438,-0.021123538646947316,-0.011946443793634319,-0.003390830980499926,0.005434563323188216,0.014957868143869818,0.024282607193693333,0.03360771494029392,0.04266983631171476,0.050049407586214324,0.04380298781960016,0.03622003692237141,0.029531834922558214,0.023747286554238828,0.018984895934536623,0.014979788216386156,0.0009793315206765997,0.0029271159827935493,-0.0009899693733991753,0.0042815252901164435,-0.002815315604106232,0.005170803367264763,0.0051051152090512185,0.005233897309795979,-0.010047029332862173,0.000987697971813308
0.00014210694987746076,4.5213354319671316e-5,-0.0001733839060471888,-0.0005091539331804894,-0.001036017650974608,-0.0014019823579073751,-0.0019035234729353053,0.0006273374091099784,0.0014870177292342977,0.002397952266208966,0.001508759148367574,0.0004813408792495593,-0.001441768900706798,-0.0018429428113031449,-0.0014221130064579152,0.00020303177206906387,0.0026192202857802734,0.00619260346012949,0.010878170036068715,0.015530264403592673,0.020082006940198887,0.02184985879664452,0.019581676049419988,0.015142175712054146,0.00886037376748383,0.0011015892765738847,-0.008553701778636558,-0.020328057421647745,-0.035300461057170336,-0.05435406115254151,1.317364569854932,-0.09767706310960902,-0.0886754800489774,-0.058661639157667825,-0.03771569719586484,-0.025166077793553118,-0.013031259165418323,0.00142314145987263,0.018121606128564123,0.03295850770762748,0.04535087533464439,0.05441401751592126,0.061525037728366615,0.041330095661928544,0.030338253755592626,0.023359869493002502,0.01842424255845047,0.014733858479196765,0.011816499930296515,0.0017844612425618835,0.0031762691505818944,-0.0014194326248119916,0.001906482321194938,-0.0028226555713314655,0.00404583058846219,0.008733411028418153,0.002510535652610775,-0.009156459034462586,-0.0012104150830926806
0.004543826009091048,0.0043775796187888434,0.003653518968004396,0.0019913808645729003,-0.0009989311402500273,-0.0050684974949303475,-0.010319072989904029,-0.004797207269187715,-0.002402168629889594,-0.0008424369836507181,-0.0019196551433811532,-0.00299288297990639,-0.005031670006495517,-0.004736094320078992,-0.0034584352179348066,-0.0009775143715957438,0.0020439622098293118,0.006156213018464402,0.01062823130435446,0.015340699913013622,0.02045194487340576,0.023629301197666153,0.02408444965755097,0.023288416508558882,0.020781588755183194,0.01668767770624385,0.009053490899990158,-0.0033649852115059773,-0.024396349838036912,-0.058582683133914154,-0.09767706310960902,1.2286789052454672,-0.15743759321547326,-0.11201758052863582,-0.07707110788697359,-0.052357883306240784,-0.027833811358020953,-0.0004697162016516324,0.029699113165585326,0.05590020510772706,0.07718853409882119,0.09138375823425561,0.0999909594569868,0.06157009558169048,0.04116311848102848,0.029464223135140483,0.022571860338018848,0.01831096786301875,0.015528568948155061,0.0006903187947364907,0.0026946734993024855,0.0017472888841942459,0.0053020598061729336,0.001476614599906789,0.003532613778346324,0.01447409469920785,0.0012433073234407166,-0.0071853448558252654,-0.004973229653301545
