5.762215613504559,0.6950595083364429,0.9482325274365813,1.4426864774480677,2.1992753499238002,1.6780417498968057,2.0450936762121783,1.5077846723972892,1.5581342533195366,1.7961166567526863,1.605931279559863,1.7286061280934029,1.5615209692502539,1.5962168794854865,1.6931927952612076,1.526964882605632,1.2367995673637155,1.5967776487607706,1.3389442483150238,1.476162345335233,1.2347605198000835,1.2118807234228992,0.7390765193116117,1.2434379340596216,1.6133777300131906,1.3362922074846781,1.5884300232164674,0.8202351509565999,1.3809176189980792,1.261043609955044,1.4283425052467724,1.507844393533919,0.9519050987738952,1.1702445161069528,0.6930670506372878,1.972332797979285,0.9507474814564725,0.9494785260352981,1.6777312690547606,1.4919563019867932,1.4446482174314783,1.2139895040950295,1.5458675718986767,0.3092178046722514,1.763680549029392,-0.5422516134566021,0.9720590431760434,0.7405078520321794,2.472181160675936,-0.18132399055210566,-0.010739866453149984,-0.36961259150699405,0.302462344477498,0.14358629882443263,0.6420866222857231,0.30381507285674353,0.06995043086093518,-0.5135237349357396,-0.49163516028291204
0.6950595083364429,2.5684627938291142,0.39244200011800334,0.3217242431354158,0.5395772724425466,0.8290469281158228,0.27290204658425427,0.42665931692634956,0.3738840213752306,0.3845094120414358,0.3182681964554072,0.3832651721780281,0.31269761599626433,0.29777041071051613,0.25515836436763695,0.25899086743265204,0.18168792615064658,0.37471541544086284,-0.11355226497883111,0.42857303405993846,0.36950189615618595,0.2421083897336944,0.18477526943152908,0.2294167835539828,0.2791372383102833,0.4209523662020159,0.28829089885097176,0.12303669595343852,0.3021019421046987,0.17504276402938074,0.2213186091265077,0.3369508898375884,0.04204982176327765,0.3461226594846334,0.15403726480319951,0.28439014954708974,0.09249473554554831,0.22777630390032988,0.2335141173577552,0.31117449622594345,0.24523053154194513,0.30798771184405194,0.3121207280878912,0.019618528113900375,0.5274893619509127,-0.01618679176060322,0.6820543517646348,0.12175835305322047,0.7716855887663153,-0.5499066461407227,0.38175671607449513,0.17142642627735102,-0.04088748485792108,0.006921056489992989,-0.16226787094354125,0.005251552688815766,0.07242704432125341,0.1310425850731332,-0.12776286405906717
0.9482325274365813,0.39244200011800334,3.887044317531602,0.649192051298962,0.38772800575301325,1.0572252988819144,0.6962842988236422,1.2266149693740334,1.165755689757606,0.9381779944243628,0.8894582244375446,0.8622192231187701,0.9554130321409802,0.775504920827775,0.8828350768137191,0.7642185945763793,0.8823432949467432,0.9405457276371187,1.0690966786121054,0.8218477885567048,0.6499719971913306,0.684716016683347,0.09818714365098664,0.8954691317125241,0.5171431249744538,0.766427772436133,0.9813569110469287,0.6222796297343721,0.6828725071177864,0.6583233529728286,0.6534998033054628,0.7770103106400486,0.7094008327771025,0.7852492997089898,0.5700456520241626,0.8781886391520174,0.6385398466441436,0.5198548065243889,1.0349831788300332,0.7107424046398885,0.7223583919258635,0.6464170504918163,0.8537309827215268,0.086648832098293,0.9078046930186174,-0.0714213142576561,0.9823155258990849,0.44669771504369044,1.7368668106917815,0.031201281182604946,-0.010508710497190103,0.10957532943422195,0.005531671459675865,-0.21246499942037508,0.1216917339061393,-0.2796789374452692,0.01698131718502186,0.03980187278142649,-0.0848475043066175
1.4426864774480677,0.3217242431354158,0.649192051298962,1.3720252480851785,1.4522993503597388,1.190472163202397,0.9592207933574739,0.990337524481329,0.9075704216140861,1.01702755504698,0.9423447735771494,0.9723625693454364,0.9601741833470293,0.879629481679778,0.8956186269327863,0.8879439641614804,0.7973781026985852,0.9760650666775434,0.7380494625813403,0.8718024628989268,0.6801971125321294,0.69017445479359,0.3914374390139128,0.8446640517526427,0.7136634817676297,0.7983035750994196,0.9118437900588412,0.50433050058894,0.7534980399990967,0.6055971096876435,0.7467957905095739,0.8873588073422469,0.5739161233421763,0.9246470795743849,0.33817095525817586,1.0447190047671202,0.563564432479573,0.5515034773423045,0.9679368982023567,0.7933636582562338,0.7565918812755772,0.6849748068551117,0.9331758717400742,0.2051742827676203,1.0010805596628385,-0.2551953225737905,0.893923850184501,0.47193922776834596,1.631388856924428,0.10735324654904313,-0.0699223093760896,0.017518130928509068,-0.05650729467021885,-0.024895184315136303,0.17923644726057383,-0.0816521866351707,0.04481993691194185,-0.15788445785499683,-0.08794168885108804
2.1992753499238002,0.5395772724425466,0.38772800575301325,1.4522993503597388,2.625649846201335,1.5241614504218448,1.2165206164389457,1.139149375874094,1.1337420188287963,1.3028189989447756,1.202214450394607,1.2535913014476523,1.200182083146503,1.1233286510269995,1.186395742314925,1.146002457715798,0.9441369669692214,1.1607269991748173,0.9213849954411026,1.0926168997195753,0.8836277597340348,0.8724525004786164,0.5749960782891553,1.0120164165001513,0.9698650674071869,1.0042705042850308,1.1579341507497245,0.5431421297410692,0.9640409956865997,0.7743229165038475,0.9784268694945483,1.1127811420658225,0.6692693173025045,1.202361684272962,0.3731160697001448,1.366012030559561,0.7141558524014512,0.6958015549771855,1.2239650364736605,1.043445327399918,0.9774167369804472,0.8822253580382339,1.208207836835206,0.2640485367700063,1.363940879301258,-0.36493320784871935,1.1194855777904051,0.5976027947327646,2.0453646570229784,-0.10297135742012922,0.030011386194652462,-0.13750943586278194,0.1578508590825871,0.0346436316694186,0.13179539997030015,0.10093109770568673,0.005588047648807546,-0.2699937894689306,-0.10227455880358464
1.6780417498968057,0.8290469281158228,1.0572252988819144,1.190472163202397,1.5241614504218448,1.9551845132238321,0.9891112454120925,1.196030724263617,1.1669447114403297,1.1881157987276045,1.1267350313888114,1.1072170365044753,1.1093763651983546,1.0011529939803516,0.9750640195419455,0.9960852605011329,0.9741302259860963,1.110184374783285,1.0210048420451625,1.043749189035213,0.8323380860486652,0.8308545273865634,0.3312123674017636,0.9435139716880482,0.8303106179444413,1.0014787096205748,1.1278312956371026,0.627593292649251,0.855376986504951,0.6726698440342768,0.8643271029549975,1.027192958608221,0.6394028549733882,1.0331776192461672,0.43928310538218596,1.1344893800158213,0.6909460735290781,0.6589179452175428,1.1258039027663638,0.9781719960374653,0.8818129803760145,0.8188003807913983,1.095992960560537,0.17641474666640977,1.2586980807523114,-0.29971489026455983,1.3779226717722677,0.5254474648851185,2.0320783408902203,0.40788144689066586,-0.2966877195088012,-0.03907424477616638,-0.21638722655363857,0.043593881397511226,0.1001396590951795,-0.0368644694796703,0.06531665069341484,-0.029146687767059438,-0.2619628090160446
2.0450936762121783,0.27290204658425427,0.6962842988236422,0.9592207933574739,1.2165206164389457,0.9891112454120925,1.4487329779455103,0.8667820978755978,1.076566250583002,1.0601477817190519,0.9993043998690316,1.0854475756800974,0.9622861017027319,0.8751858073759265,0.9309311995249634,0.9192064133452947,0.8266309162742557,0.9449991297686986,0.805147888045793,0.8658332499367076,0.7250764101290165,0.6970420584018475,0.388801096682089,0.769251524952696,0.8281082197090703,0.8554922368389757,1.0055547741436075,0.5495484010627957,0.6831607762341481,0.6887587261243641,0.8459899392236271,0.8749687870707852,0.5642901493682071,0.8194798052845819,0.45568065714445355,1.1619835207052434,0.5422816192387102,0.5565628769570884,1.0123596006464208,0.8570598008254945,0.8650280978256767,0.722129195863142,0.9997506212592132,0.18952196862208695,1.1143669040689042,-0.3838011688013137,0.40674969806551603,0.5012998764820152,1.5025077972179202,0.013261899071204324,-0.04544167241148002,-0.12755964533593883,0.04423511956886558,0.05761076306887525,0.3094691352476949,0.19143519549473068,-0.05159028522483859,-0.14109296099829563,-0.39653686574504443
1.5077846723972892,0.42665931692634956,1.2266149693740334,0.990337524481329,1.139149375874094,1.196030724263617,0.8667820978755978,1.6291732480463372,0.9591351068917721,1.1022136527002504,1.123046022091751,1.0827385776543765,1.098389894052205,0.9758651918580171,0.9686512325008761,0.9433636603506396,0.9675213235618548,1.066304791583144,0.978542466137752,1.010578582093298,0.7348101016045739,0.7622647102819129,0.27480231320370563,0.9357984736194853,0.7305143774832202,0.9350702845459529,1.1042237461589974,0.5751821464291005,0.8403000869775286,0.6852720091247765,0.8123359736410056,0.9749283400651134,0.6409506784224142,1.0003020817027848,0.5385808781980934,1.0371151900159483,0.6643050682413371,0.6240910533009919,1.181751385427732,0.8954166893279373,0.8184216949208301,0.7480749640014475,0.9853781379623708,0.1416607563908603,1.1532826822283773,-0.20845814381836703,1.2350246906387414,0.5153011825361599,1.9909849868579599,0.055991818651029396,-0.06318042200944332,0.03579648226814127,-0.0027139541678166284,-0.09049935016995057,0.08905867021076896,-0.23023131637452376,0.1646413861922448,0.027204120031809238,-0.2485101503622655
1.5581342533195366,0.3738840213752306,1.165755689757606,0.9075704216140861,1.1337420188287963,1.1669447114403297,1.076566250583002,0.9591351068917721,1.45566515883951,1.014749729046063,0.9557499117665308,0.9562589359757933,0.9562989059614574,0.8624400222761478,0.8190947642390626,0.8767778081913195,0.8413256718968555,0.9418629144678741,0.9122795236105394,0.8572452805110649,0.7177315903166016,0.7185106760475818,0.2858324951702609,0.797943553561299,0.6989260030439274,0.9455245475180678,0.9708800038056306,0.5921275863837969,0.5910415154087065,0.626484333919878,0.7946472984888742,0.8612271719394835,0.6283301862440832,0.7975462025471016,0.49052414531370186,1.0585330456336386,0.6122847482666025,0.5570570669348754,0.9761980886402213,0.7870577721631994,0.7811130550427486,0.7138398269847627,1.016054425102181,0.15861304006245502,1.1235633019675546,-0.2521687772736028,0.7645649120822378,0.49000657921381674,1.6889413981193877,0.0432976543204815,-0.04038638861914902,-0.023966086154723107,0.00626960116420644,-0.04240690950221268,0.23998982680024905,0.15641573300089606,-0.050223093073487456,-0.061703764737219106,-0.37829184075308214
1.7961166567526863,0.3845094120414358,0.9381779944243628,1.01702755504698,1.3028189989447756,1.1881157987276045,1.0601477817190519,1.1022136527002504,1.014749729046063,1.4149689948121424,1.0083967855343121,1.0320527688708476,1.048305928662511,0.9200683501606768,0.9963958970975042,0.9252757139592225,0.888576277271094,1.0207620381980507,0.9505280761488044,0.8819428152127686,0.7356233795196181,0.7588798892251706,0.35792245384905896,0.8489015079973838,0.8185466555694445,0.8586287705312792,1.0806727601017287,0.5830468757290873,0.8157486595267172,0.7468925166386342,0.8322778314803049,0.9208235858166988,0.5655066538618073,0.9487180746441569,0.5169638632741582,1.1271480537670204,0.5582808043716181,0.5583321501403014,1.0972625930256437,0.9479317106904851,0.8714345307573232,0.7391286856183079,1.0045079113098396,0.20252427677219365,1.1215036532010492,-0.30072448931262347,0.90726204650566,0.4707792969921894,1.7194701155580019,0.07409554268003296,-0.03369100057332473,-0.1982648342254469,0.0072388697715602,0.0743347648370113,0.23859800883637952,0.10718032902293861,0.007777372991625406,-0.2673447696098626,-0.15056776303141148
1.605931279559863,0.3182681964554072,0.8894582244375446,0.9423447735771494,1.202214450394607,1.1267350313888114,0.9993043998690316,1.123046022091751,0.9557499117665308,1.0083967855343121,1.321572999895319,1.0591999086977988,1.139035879014909,0.8851968723437262,1.003767759139655,0.9405755376216481,0.9227542434383978,1.0397430024679213,0.9111822763564047,0.9914267853485248,0.7705228753819621,0.7466700553386373,0.2492541874119596,0.8558887741199735,0.7522910426324838,0.8667247716603486,1.1826795508850343,0.5981105119411793,0.7611183546778385,0.7072117022320423,0.8421866231816694,0.9078009563522982,0.606748883177042,0.8984159725023915,0.49686637070807727,1.0380587323458093,0.5818943015578358,0.6042539455122055,1.1512196247707962,0.990662638442422,0.9281105950053148,0.7617905599610317,0.9651065766127678,0.13551827915109194,1.10493198082691,-0.29893957956549927,0.8833872197709921,0.4683345255481212,1.7144026503966876,0.15039764828764635,-0.06524675385922124,-0.1587790995415471,-0.04674818858653461,0.07069551894815271,0.09176751982571527,-0.01765234134335891,-0.017201061107210546,-0.1938390062259384,-0.0171519371917719
1.7286061280934029,0.3832651721780281,0.8622192231187701,0.9723625693454364,1.2535913014476523,1.1072170365044753,1.0854475756800974,1.0827385776543765,0.9562589359757933,1.0320527688708476,1.0591999086977988,1.3439656270210318,0.991635389757886,0.9020239009638149,0.9612612013873618,0.9409398937038344,0.8431365685143652,0.9548112561591344,0.8381401377347649,0.9057514409566564,0.7273105226358156,0.6943428215063944,0.36599824650460816,0.8098569585013385,0.7869279159093946,0.9202306970938465,1.0953459869564142,0.5066747995000501,0.7538614001781125,0.6262198633684148,0.8472522278585111,0.9137776300000315,0.5655100537863285,0.9047760076920304,0.45535296608523346,1.1432268666743803,0.5418307588385234,0.5706604450342626,1.042411223862664,0.9151317946885397,0.8229616115495143,0.731264180561008,0.9693249185999354,0.1376744498500521,1.1697118348557536,-0.3593111542490771,0.8482973661908411,0.5337563472428924,1.8141627848592647,0.00275276865197856,-0.040228951523426995,-0.15014979007983098,0.07505640793150578,0.05346252523261858,0.18764809632836704,0.04219437330239722,-0.04700718102212307,-0.09796016234992513,-0.21541286894248757
1.5615209692502539,0.31269761599626433,0.9554130321409802,0.9601741833470293,1.200182083146503,1.1093763651983546,0.9622861017027319,1.098389894052205,0.9562989059614574,1.048305928662511,1.139035879014909,0.991635389757886,1.3983856254526212,0.9355789464691823,0.8010214941494993,0.9885265774266696,0.9307359830981095,1.064602860784151,0.965724012306193,0.9360731025996858,0.7538391351130571,0.9818374935317692,0.2540543596975368,0.936879943499366,0.7665401053076346,0.8474212913150395,1.1718870117532776,0.627662587991019,0.8941694835636822,0.7630555022378737,0.7924961315007443,0.9523163068438668,0.6910945543475672,0.9533267066359405,0.49873390943706986,1.0151612792192803,0.611475101613634,0.5859354307166186,1.1155779412475384,0.867596296660966,0.8721790526090569,0.7489141242225316,1.040593496810034,0.19109073101290314,1.0251905363652285,-0.12407223912819122,1.0015128814484189,0.36043216685551155,1.9144135821136257,0.2447957006326663,-0.037082157277005284,-0.12669014731047876,-0.09678019564685462,-0.03702044290981059,0.013949714393612157,-0.10693148468470144,-0.17957344587025206,-0.32670513703132503,0.419595563986262
1.5962168794854865,0.29777041071051613,0.775504920827775,0.879629481679778,1.1233286510269995,1.0011529939803516,0.8751858073759265,0.9758651918580171,0.8624400222761478,0.9200683501606768,0.8851968723437262,0.9020239009638149,0.9355789464691823,1.1119680983476745,0.9452192074122708,0.9428886513285892,0.802389260923136,0.9016033777686331,0.8327276027501658,0.8893941988112335,0.7340718635182651,0.7140333473662654,0.35974528082542195,0.9193724481127684,0.7495640730369317,0.8163810255385504,0.8102134383529404,0.5487952381546598,0.7665201708541779,0.6994353641655912,0.7434131909698365,1.0306375570550965,0.6046699067491443,0.9043708288085865,0.4752941885861752,1.1152864906593094,0.5808412644790816,0.5651159223284403,0.9232390503286243,0.7733662385149596,0.7772220923469796,0.7307230346802109,0.9835346163616965,0.19854050911762217,1.070161275377479,-0.32134073131911767,0.9376666667278464,0.5047701598483199,1.8287289334257615,0.09852725810330665,-0.07766774500493262,-0.15724483946711063,0.06266453581453567,0.02758002397432377,0.0756088112156942,-0.07306992082729892,0.24766302026329728,-0.19096738790177786,-0.1326485860686873
1.6931927952612076,0.25515836436763695,0.8828350768137191,0.8956186269327863,1.186395742314925,0.9750640195419455,0.9309311995249634,0.9686512325008761,0.8190947642390626,0.9963958970975042,1.003767759139655,0.9612612013873618,0.8010214941494993,0.9452192074122708,1.7381961780551753,0.853408188938465,0.7820436391944752,0.9756264194800622,0.916660192598037,0.9604498932068192,0.7497913904483874,0.356747467231027,0.3039705425619317,0.8752482948196474,0.7265331499554709,0.7026464272435057,0.8757829234080703,0.5817362750091487,0.6528352505994803,0.6929782902502358,0.8246233941545419,0.901605333942545,0.6383112395533094,0.8648539694716239,0.4669263263358923,1.1778482078183325,0.6461349706859526,0.5850014854494661,1.0637873191666567,0.8925506942259988,0.8980922325003033,0.7438909266695214,0.835425091359642,0.14069227800284495,0.9857147682177138,-0.44004599262359356,0.6200076969861652,0.6998492337315054,1.4330391268688416,-0.10304863338256903,-0.050472269907548356,0.016285992833714156,0.13352335359565845,-0.04755966987781095,0.25934964582215414,0.040439477281064354,0.28348649108829316,-0.28821210709227696,-0.2875413961080251
1.526964882605632,0.25899086743265204,0.7642185945763793,0.8879439641614804,1.146002457715798,0.9960852605011329,0.9192064133452947,0.9433636603506396,0.8767778081913195,0.9252757139592225,0.9405755376216481,0.9409398937038344,0.9885265774266696,0.9428886513285892,0.853408188938465,1.19948643508591,0.8252599262010011,0.9277703484816894,0.8645097292691426,0.8501580013364656,0.7106715011069108,0.7406971032809687,0.2937670808038852,0.8665529195546063,0.6727157610606915,0.7575865888497602,0.9629115359439748,0.5539972601110603,0.6871019597203935,0.6933038133945575,0.749149866485209,0.9141151948016838,0.5917053770464814,0.8851931303262702,0.5007921227468216,1.0386924081322717,0.5843346725972947,0.5416497243579794,0.9941615464068858,0.8253103136348535,0.7948619465429401,0.7200295730998376,0.9954614172844738,0.1790998591674939,1.063405263586179,-0.26317609861574415,0.8842004889007992,0.45605698927551436,1.7044212673708266,0.030023278807394117,-0.07368708227896757,-0.10888296382491496,0.0881962188242598,0.007401688926462641,0.11726669056774415,-0.043668244646636024,-0.0361863165001858,-0.17497469759004622,0.041346894879667646
1.2367995673637155,0.18168792615064658,0.8823432949467432,0.7973781026985852,0.9441369669692214,0.9741302259860963,0.8266309162742557,0.9675213235618548,0.8413256718968555,0.888576277271094,0.9227542434383978,0.8431365685143652,0.9307359830981095,0.802389260923136,0.7820436391944752,0.8252599262010011,1.1916412211495255,0.8427637726388303,0.8869691535259258,0.8609176703722682,0.7304318457462551,0.7300404450025199,0.2134935902775213,0.794363535554693,0.7027038632685376,0.8077741214186914,1.0095115859230368,0.6929769993315116,0.6502856352922673,0.6273432731166452,0.7641475653468895,0.8194996599382791,0.6283940377015717,0.8163405973617203,0.5015106441109423,1.0269615088505106,0.6521595888930565,0.5639043204646436,0.9470406557723148,0.7578122965874424,0.7818487988459338,0.7284135703561719,0.983441746888428,0.13026899448807522,1.1618114190276225,-0.23825609538674233,0.9039930484257349,0.4470269130882511,1.5773156097723555,0.3879471732375296,-0.10967167166118075,-0.1038432057680483,-0.23973220183444685,-0.0007671691139968545,-0.017085934052223126,-0.08164861406852515,-0.04314797399457681,0.07592966313897477,-0.2283255316154127
1.5967776487607706,0.37471541544086284,0.9405457276371187,0.9760650666775434,1.1607269991748173,1.110184374783285,0.9449991297686986,1.066304791583144,0.9418629144678741,1.0207620381980507,1.0397430024679213,0.9548112561591344,1.064602860784151,0.9016033777686331,0.9756264194800622,0.9277703484816894,0.8427637726388303,1.7293454998636988,1.0454182621781842,0.8251729391620242,0.7615150670771305,0.7288060145955141,0.2975083520728115,0.9496264458060488,0.7267197706639522,0.7764900945671239,1.0605436403853266,0.6831793535036859,0.7448449053921101,0.6907493813835581,0.8036516127689013,0.9312310984818688,0.7055954538746028,0.933493257345893,0.4496770909278707,1.1712220972949092,0.5455361311664552,0.5260771207003025,1.063097534069386,0.8970503459958948,0.8595861113977167,0.7395643863770122,0.9793903744446067,0.1539611927323852,0.9770335208189894,-0.23289504385449977,0.8016188990555193,0.49553006081184353,1.6048069895781383,0.21499364045342828,0.1001373378731678,-0.08847685065770605,-0.27394545856564967,-0.0572704765603108,0.21572954339634295,-0.0738088129000385,0.07278423382226853,-0.27336885641623715,0.0175889174395756
1.3389442483150238,-0.11355226497883111,1.0690966786121054,0.7380494625813403,0.9213849954411026,1.0210048420451625,0.805147888045793,0.978542466137752,0.9122795236105394,0.9505280761488044,0.9111822763564047,0.8381401377347649,0.965724012306193,0.8327276027501658,0.916660192598037,0.8645097292691426,0.8869691535259258,1.0454182621781842,2.040830739465032,0.6463855721993331,0.7490527404009426,0.7280715039254007,-0.007640482406787457,0.9327007736543486,0.6234857286545094,0.584292908976587,1.0246435237827904,0.769868926109577,0.6080645400892497,0.7461790670525134,0.7566820844836482,0.8371312004392568,0.9219417644298213,0.7619547666728546,0.35271160832128967,1.0385705967549703,0.8094424180283848,0.4967357980093451,1.1819063008196833,0.8676338177250633,0.8787973779641964,0.7115263377219977,0.9970040602097211,0.12711915576581634,0.8711184932265795,-0.30001406817137555,0.4110706000749877,0.5775338280326137,1.356187284607258,0.7084259580598485,-0.177278163671213,-0.05500153550791657,-0.3542501358655472,-0.13592005710467278,0.12769639585091164,-0.03932304431546775,0.009837935150726508,-0.035383774520343234,-0.06397099145206062
1.476162345335233,0.42857303405993846,0.8218477885567048,0.8718024628989268,1.0926168997195753,1.043749189035213,0.8658332499367076,1.010578582093298,0.8572452805110649,0.8819428152127686,0.9914267853485248,0.9057514409566564,0.9360731025996858,0.8893941988112335,0.9604498932068192,0.8501580013364656,0.8609176703722682,0.8251729391620242,0.6463855721993331,1.9289661487537921,0.7146776149415979,0.5543887849577765,0.17968820389833975,0.9836055421084392,0.7966156354907997,0.6468803050446161,0.9408527652112116,0.5652490523450194,0.7593971753828487,1.009946442207307,0.9410538510742845,0.8457478816671925,0.7086603315288318,0.8115155480445707,0.4772982104602896,0.9840409420751004,1.1108810633080473,1.0244668759913702,1.2872804980767234,1.0597798713373046,1.2600439330726878,0.7951083053356688,0.9960084362432203,0.14067518954112246,1.2013319080891873,-0.381495250220208,0.6183031378029585,0.675154180452185,1.7395019486597385,-0.13595904676822948,-0.0991226018415616,-0.10071471706240068,0.3006643094763245,-0.03852909810514093,0.1166059477459467,-0.09805210117479465,0.14650520861819258,-0.09968478903274453,-0.15915784162745225
1.2347605198000835,0.36950189615618595,0.6499719971913306,0.6801971125321294,0.8836277597340348,0.8323380860486652,0.7250764101290165,0.7348101016045739,0.7177315903166016,0.7356233795196181,0.7705228753819621,0.7273105226358156,0.7538391351130571,0.7340718635182651,0.7497913904483874,0.7106715011069108,0.7304318457462551,0.7615150670771305,0.7490527404009426,0.7146776149415979,0.9160153090809964,0.6217280966534271,0.3320655558664176,0.6985351152346148,0.6161676795818327,0.7373488699034989,0.7669758402177865,0.5086252667708046,0.5483177836889772,0.611393775164532,0.6610042826027455,0.7418436710817413,0.5455073386441618,0.7151041911220789,0.3717592316819483,0.9987603396835225,0.5407719827009747,0.47918220950473994,0.754382395338743,0.7162897633788581,0.7665314657421048,0.7905444782305566,0.8957485707133663,0.13208101674502648,1.0014602903005354,-0.3075738291392631,0.6952358903164001,0.4784908181177082,1.4092624152736484,0.09374788946628362,0.003416416448031252,-0.1212819378486937,-0.042573955600030834,0.011192541402680858,0.10716695576889446,0.002440093302049545,-0.009933417452070806,-0.08375135335105725,-0.06664888733657418
1.2118807234228992,0.2421083897336944,0.684716016683347,0.69017445479359,0.8724525004786164,0.8308545273865634,0.6970420584018475,0.7622647102819129,0.7185106760475818,0.7588798892251706,0.7466700553386373,0.6943428215063944,0.9818374935317692,0.7140333473662654,0.356747467231027,0.7406971032809687,0.7300404450025199,0.7288060145955141,0.7280715039254007,0.5543887849577765,0.6217280966534271,1.6880124799247107,0.49984534882250564,0.7805215511727535,0.7749512575627943,0.6934907130596443,0.8528665288413979,0.41929413199405,1.1369100306821056,0.8260373136037866,0.5238610229377798,0.7424714505199467,0.6152476980513922,0.7959308209866716,0.3339927030341364,0.7859712888789363,0.4462132416919866,0.3940398202335701,0.8027176819396565,0.5137831609572105,0.5773817092107425,0.586515604957832,1.212248934715127,0.3037443190678006,0.9463616818580763,0.36377990058225185,1.1386941902449872,-0.21171642308776226,1.7991327844496237,0.12058419403079491,0.04695560848448545,-0.19664876611512458,0.025007766973255647,-0.05032325817494422,-0.0024319193223994685,-0.06545730215325818,-0.4340397421361281,0.06487103525452026,0.22333897596205185
0.7390765193116117,0.18477526943152908,0.09818714365098664,0.3914374390139128,0.5749960782891553,0.3312123674017636,0.388801096682089,0.27480231320370563,0.2858324951702609,0.35792245384905896,0.2492541874119596,0.36599824650460816,0.2540543596975368,0.35974528082542195,0.3039705425619317,0.2937670808038852,0.2134935902775213,0.2975083520728115,-0.007640482406787457,0.17968820389833975,0.3320655558664176,0.49984534882250564,1.6943544370532395,0.42430733916878105,0.5713018361910381,0.19957459997315427,0.17552856466784492,-0.155576658920403,0.6897562935186112,0.4015065694406073,0.4071190069168112,0.3527430468912451,0.24308307879419755,0.5796131102610773,-0.22624211002456754,1.2556401383604374,0.3452879251556823,0.18656134084738313,0.5421073365112429,0.403131900769934,0.2108327148296864,0.3240317996524207,0.5219621810943861,0.47243489042199244,0.49956041368232607,-0.21213796989888967,0.30684909906759894,0.39025260396988165,0.8335683244257175,-0.5917667801799839,0.2334595549832041,-0.08813047697037636,0.3525708369898017,-0.016621878973078076,0.12272076150804834,0.004452572836968525,0.05030283209025944,-0.20624190962829553,-0.043759182475866944
1.2434379340596216,0.2294167835539828,0.8954691317125241,0.8446640517526427,1.0120164165001513,0.9435139716880482,0.769251524952696,0.9357984736194853,0.797943553561299,0.8489015079973838,0.8558887741199735,0.8098569585013385,0.936879943499366,0.9193724481127684,0.8752482948196474,0.8665529195546063,0.794363535554693,0.9496264458060488,0.9327007736543486,0.9836055421084392,0.6985351152346148,0.7805215511727535,0.42430733916878105,1.4979274543205976,0.6312451954204109,0.5355077059007508,0.7974928152319001,0.6315154536334285,0.8987783867427687,1.0377309513375998,0.7141273135213909,0.9489753946782606,0.9159342448716948,0.947761948847922,0.4420849006104535,1.1618607410978972,0.6776484668867518,0.6102773111218884,1.1410490772206587,0.9497904230528046,0.9801159371141018,0.7145364734219852,1.057215416339304,0.2665404883585489,0.8586951284681843,-0.27172353428932194,0.8563992501437367,0.553238980283135,2.008226602311497,0.05085563457940057,-0.035414508083382534,-0.06218024473252397,0.06743962023102966,-0.1037947173082778,0.0586965720228645,-0.2607274809324682,0.16726028620145092,-0.022417515454541626,-0.014507014496532813
1.6133777300131906,0.2791372383102833,0.5171431249744538,0.7136634817676297,0.9698650674071869,0.8303106179444413,0.8281082197090703,0.7305143774832202,0.6989260030439274,0.8185466555694445,0.7522910426324838,0.7869279159093946,0.7665401053076346,0.7495640730369317,0.7265331499554709,0.6727157610606915,0.7027038632685376,0.7267197706639522,0.6234857286545094,0.7966156354907997,0.6161676795818327,0.7749512575627943,0.5713018361910381,0.6312451954204109,2.121149914207516,0.7497660733393395,0.8056597099090345,0.4014268183651498,1.5910137508886406,0.8944968965035099,0.7878410804552688,0.7325352555858703,0.28392034415237266,0.8947655894654012,0.6012126153017167,1.0639150447546748,0.6882920612793605,0.520171109760974,0.8271879956466626,0.5142945126832852,0.6989504444410686,0.6134608985005325,0.8118485219016629,0.287252277481797,1.07586260596574,0.11883319307210388,0.8590033877857639,0.07285312564808538,0.6749676668340975,-0.3404952834259362,0.231109312397916,-0.13270017565495065,0.2238419938992683,0.015210655742721796,0.18059933764147099,0.10567868576284375,0.034658577754183115,-0.256274309456459,-0.16529117996661422
1.3362922074846781,0.4209523662020159,0.766427772436133,0.7983035750994196,1.0042705042850308,1.0014787096205748,0.8554922368389757,0.9350702845459529,0.9455245475180678,0.8586287705312792,0.8667247716603486,0.9202306970938465,0.8474212913150395,0.8163810255385504,0.7026464272435057,0.7575865888497602,0.8077741214186914,0.7764900945671239,0.584292908976587,0.6468803050446161,0.7373488699034989,0.6934907130596443,0.19957459997315427,0.5355077059007508,0.7497660733393395,2.1678241252043393,0.6636352840136186,0.6157814996812816,0.4526182850958516,0.1376866463960588,0.6101133536383835,0.8451691382327032,0.4821517754786165,0.6452003537022147,0.5582641827467347,1.0148305629488452,0.6278911919470583,0.45484335287959354,-0.2228460968561785,0.3511626722996525,0.40147390072168987,0.748008207726073,1.2982237292168084,0.04374143152178095,1.5673064110101504,-0.47410073304415734,1.0854812728381777,0.6894305033889835,2.482359156588537,0.21931616234274104,-0.0018661680519839166,-0.08837842343999534,-0.2521263471470373,0.06392595621262846,0.14476197887691805,0.12662507368839568,-0.32596711919315197,0.14776076829181603,-0.22233412359162485
1.5884300232164674,0.28829089885097176,0.9813569110469287,0.9118437900588412,1.1579341507497245,1.1278312956371026,1.0055547741436075,1.1042237461589974,0.9708800038056306,1.0806727601017287,1.1826795508850343,1.0953459869564142,1.1718870117532776,0.8102134383529404,0.8757829234080703,0.9629115359439748,1.0095115859230368,1.0605436403853266,1.0246435237827904,0.9408527652112116,0.7669758402177865,0.8528665288413979,0.17552856466784492,0.7974928152319001,0.8056597099090345,0.6636352840136186,2.761603365011629,0.7402518171762389,0.5908893248355404,0.9060792815195207,1.1264782979653298,0.8640196021392585,0.6656407171189102,0.9317038965073483,0.5875353144359405,1.2194619471333181,0.3295553103318772,0.625644445267009,1.3714380008946918,1.5249740837162375,1.2652945285779884,0.7686716994823374,1.0680851045477935,-0.04843285203640812,1.2687502219952844,-0.18464274759682534,1.0213310073325879,0.4290118908848721,2.067258130465791,0.20357545175103325,-0.08968803606057091,-0.22356967760141486,-0.0906940178650539,0.1373223218569271,0.12325572472976751,0.036638005941689,-0.12287918605796594,-0.27620005565805106,0.10935216489559792
0.8202351509565999,0.12303669595343852,0.6222796297343721,0.50433050058894,0.5431421297410692,0.627593292649251,0.5495484010627957,0.5751821464291005,0.5921275863837969,0.5830468757290873,0.5981105119411793,0.5066747995000501,0.627662587991019,0.5487952381546598,0.5817362750091487,0.5539972601110603,0.6929769993315116,0.6831793535036859,0.769868926109577,0.5652490523450194,0.5086252667708046,0.41929413199405,-0.155576658920403,0.6315154536334285,0.4014268183651498,0.6157814996812816,0.7402518171762389,1.3139101013050887,0.17293249747063566,0.582927263253296,0.6040141007532347,0.620185918889252,0.7340175091018247,0.45199401637585457,0.778626779662072,0.973936529424714,0.3006144257308701,0.3783172500829671,0.5481899814721672,0.7031429495724213,0.6482987241579268,0.5004358556141395,0.837346954726176,0.1985247583675748,0.6775363933954037,-0.2570909850604153,0.4045084494761813,0.4776706819337985,1.0252895086858902,0.6277554379180181,-0.0618273159721344,0.2554485574713486,-0.8363594267227152,-0.01197867858928827,0.24319734031491624,-0.007504325562928947,0.03863097186725135,-0.2276711070905197,0.15813089225313595
1.3809176189980792,0.3021019421046987,0.6828725071177864,0.7534980399990967,0.9640409956865997,0.855376986504951,0.6831607762341481,0.8403000869775286,0.5910415154087065,0.8157486595267172,0.7611183546778385,0.7538614001781125,0.8941694835636822,0.7665201708541779,0.6528352505994803,0.6871019597203935,0.6502856352922673,0.7448449053921101,0.6080645400892497,0.7593971753828487,0.5483177836889772,1.1369100306821056,0.6897562935186112,0.8987783867427687,1.5910137508886406,0.4526182850958516,0.5908893248355404,0.17293249747063566,4.255386590804988,1.4650754129367398,0.5186323381279211,0.791457510264131,-0.053872672853653464,1.4830750059960924,0.6529446922795507,0.9477022333709205,0.8699510108737486,0.3888693836550972,1.2694636311033467,0.6267200307229971,0.7309515401430889,0.5250407847501022,0.3848789312042364,0.25166720907956663,0.7815340768992721,0.3754737317312148,1.5991523048036047,-0.20352048700690376,2.038891317747541,-0.2667985243525474,0.23343587086690115,-0.14733105681900513,0.21019452122662088,-0.01592850872350527,0.03904506015429256,-0.32328522172074703,-0.07224796098689201,-0.22054385637201535,0.29400374263234796
1.261043609955044,0.17504276402938074,0.6583233529728286,0.6055971096876435,0.7743229165038475,0.6726698440342768,0.6887587261243641,0.6852720091247765,0.626484333919878,0.7468925166386342,0.7072117022320423,0.6262198633684148,0.7630555022378737,0.6994353641655912,0.6929782902502358,0.6933038133945575,0.6273432731166452,0.6907493813835581,0.7461790670525134,1.009946442207307,0.611393775164532,0.8260373136037866,0.4015065694406073,1.0377309513375998,0.8944968965035099,0.1376866463960588,0.9060792815195207,0.582927263253296,1.4650754129367398,2.7702103171054806,0.7419273995555914,0.6176472637865226,0.5961401874470462,0.677196387014251,1.0084683762251339,0.7893412129332285,0.294578147364769,0.5644673315924913,1.6045454570315114,1.646983365111303,1.511502569251611,0.6330395274298111,1.4335455833522186,0.5427316051430389,0.9211111235589159,-0.029972207575041213,0.8199801295488968,0.18293178605169186,1.3734124703419885,-0.315663291539145,0.13991289089280864,-0.5046805760264531,0.5596935361019189,0.03568221379554295,0.09196661450050739,-0.09139965136508006,-0.2876662604306993,0.5489825585105628,-0.19924679694963643
1.4283425052467724,0.2213186091265077,0.6534998033054628,0.7467957905095739,0.9784268694945483,0.8643271029549975,0.8459899392236271,0.8123359736410056,0.7946472984888742,0.8322778314803049,0.8421866231816694,0.8472522278585111,0.7924961315007443,0.7434131909698365,0.8246233941545419,0.749149866485209,0.7641475653468895,0.8036516127689013,0.7566820844836482,0.9410538510742845,0.6610042826027455,0.5238610229377798,0.4071190069168112,0.7141273135213909,0.7878410804552688,0.6101133536383835,1.1264782979653298,0.6040141007532347,0.5186323381279211,0.7419273995555914,1.4562479668911326,0.7519450597814337,0.6609911782421591,0.7582037591462555,0.44460400382385895,1.3465358872615962,0.5896965922686923,0.6701404480053351,1.0996350814523193,1.0135200932564994,0.9892525286732354,0.6862609919674585,0.9228121949370673,0.23241943566169582,1.0985935716944322,-0.3479357611925864,0.5277520338465861,0.5722150451297426,1.0350780654010214,0.05996083207264902,-0.021794752982381486,-0.1935945163461263,0.09801738109885612,0.000644608623735484,0.211230676051377,0.09295556776829383,0.12949805786232982,-0.2951890928845464,-0.16483775010454846
1.507844393533919,0.3369508898375884,0.7770103106400486,0.8873588073422469,1.1127811420658225,1.027192958608221,0.8749687870707852,0.9749283400651134,0.8612271719394835,0.9208235858166988,0.9078009563522982,0.9137776300000315,0.9523163068438668,1.0306375570550965,0.901605333942545,0.9141151948016838,0.8194996599382791,0.9312310984818688,0.8371312004392568,0.8457478816671925,0.7418436710817413,0.7424714505199467,0.3527430468912451,0.9489753946782606,0.7325352555858703,0.8451691382327032,0.8640196021392585,0.620185918889252,0.791457510264131,0.6176472637865226,0.7519450597814337,1.2100892078390517,0.590241479522045,0.960581561192328,0.4374403786437923,1.1521581153802773,0.4759462147006975,0.5580191681468604,0.8997292126543204,0.7612756120996932,0.7617161155032237,0.7293129899530817,0.9226327788477529,0.18580652090630637,1.0342675262392493,-0.31319504013120175,0.9102625799569475,0.4801053255184084,1.8093704215303554,0.23529364244663706,-0.04241115471497903,-0.0034134178748637836,-0.28465273521909124,0.04152731081235737,0.06628463630815896,-0.10565275935914004,0.46328325945655,-0.33329147490555033,-0.17094663969942114
0.9519050987738952,0.04204982176327765,0.7094008327771025,0.5739161233421763,0.6692693173025045,0.6394028549733882,0.5642901493682071,0.6409506784224142,0.6283301862440832,0.5655066538618073,0.606748883177042,0.5655100537863285,0.6910945543475672,0.6046699067491443,0.6383112395533094,0.5917053770464814,0.6283940377015717,0.7055954538746028,0.9219417644298213,0.7086603315288318,0.5455073386441618,0.6152476980513922,0.24308307879419755,0.9159342448716948,0.28392034415237266,0.4821517754786165,0.6656407171189102,0.7340175091018247,-0.053872672853653464,0.5961401874470462,0.6609911782421591,0.590241479522045,1.935151641021111,0.20030165325422725,-0.2766238377748368,0.9197768416145171,0.8583938866050786,0.4927056000626941,0.6651826209957441,0.6361539518713105,0.8086298471341248,0.5741897452631313,1.2117192897256652,0.19964737468885596,0.4683517669510835,-0.25487061619525486,0.34011294744691,0.6205549464144682,1.3751983327164483,0.1668177605832954,-0.06704783770360083,-0.010755973724602439,0.033910080000237326,-0.23362562037794132,0.24982684237441527,-0.1306974801560169,-0.23256012385428568,0.07494503732977825,0.12699868873517592
1.1702445161069528,0.3461226594846334,0.7852492997089898,0.9246470795743849,1.202361684272962,1.0331776192461672,0.8194798052845819,1.0003020817027848,0.7975462025471016,0.9487180746441569,0.8984159725023915,0.9047760076920304,0.9533267066359405,0.9043708288085865,0.8648539694716239,0.8851931303262702,0.8163405973617203,0.933493257345893,0.7619547666728546,0.8115155480445707,0.7151041911220789,0.7959308209866716,0.5796131102610773,0.947761948847922,0.8947655894654012,0.6452003537022147,0.9317038965073483,0.45199401637585457,1.4830750059960924,0.677196387014251,0.7582037591462555,0.960581561192328,0.20030165325422725,2.229377497006447,0.7963035806865137,1.1414169785151724,0.62494756758956,0.4678558708023245,1.2041898560599449,0.509451849655041,0.7207597810455577,0.7117705827434496,1.0728160734799732,0.38881778450653953,1.2109308122678657,-0.14367403636278103,1.333674600194884,0.3978792352262068,1.5684698715584484,-0.12478822273358484,0.04838530245559396,-0.02921297689364508,0.10943095736124506,-0.08348044145611125,0.011962083857041403,-0.1611152373329848,0.14673467844309374,-0.1957114799961146,-0.02255841700481715
0.6930670506372878,0.15403726480319951,0.5700456520241626,0.33817095525817586,0.3731160697001448,0.43928310538218596,0.45568065714445355,0.5385808781980934,0.49052414531370186,0.5169638632741582,0.49686637070807727,0.45535296608523346,0.49873390943706986,0.4752941885861752,0.4669263263358923,0.5007921227468216,0.5015106441109423,0.4496770909278707,0.35271160832128967,0.4772982104602896,0.3717592316819483,0.3339927030341364,-0.22624211002456754,0.4420849006104535,0.6012126153017167,0.5582641827467347,0.5875353144359405,0.778626779662072,0.6529446922795507,1.0084683762251339,0.44460400382385895,0.4374403786437923,-0.2766238377748368,0.7963035806865137,2.654975421075536,0.43905179572899833,-0.07684028065696874,0.24005427564199894,0.5497835099327534,0.27653605341992693,0.3699051671987698,0.3663231011536927,0.4779567772610099,0.19803072681426473,0.76386563984766,0.19532472694362182,0.9806433737150371,0.08261305438867791,0.6081055720055988,-0.2835193530366328,-0.020767339407506295,-0.13481801473422667,0.35179019778278997,0.014874884320851923,0.06568346865387807,0.04043760535072505,-0.02564421806621054,-0.04653112758352694,-0.04111348733801891
