1.049675045320902,0.3736260435037929,0.38129831133108943,0.1337734880451543,0.26044354863736197,0.12801163132781843,0.30040363548265936,0.1968273618315016,0.14745792917479478,0.17940987986713067,0.19092326580636976,0.2052466304145832,0.2199977998032745,0.21543068668439383,0.1256947753478889,0.14447416781844863,0.16442057985060446,0.2540200184222861,0.15095005630855501,0.10058515560388008,0.16458520215513298,0.3377789048444127,0.19032212898639334,0.09907201630706083,0.16303286618968046,0.15830450853811698,0.15271325194487587,0.11516671933950429,0.12868498384099925,0.207775524325971,0.17070113253348349,0.17024279476854376,0.1930211501144462,0.02467151814046669,0.0892261231414927,0.16379024597518396,0.26525164212570107,0.31026992294130573,0.19404165032802248,0.08715223820044131,0.21505278152210155,0.13535719483053676,0.19716379914393667,0.33126205025527206,-0.03268294672218624,0.2617577471149929,0.19820388348323148,0.015105438428814948,0.19897683980927,0.08441025549768802,-0.01888239025183201,-0.10696935665590317,0.06095788276505588,-0.04057663873870637,0.059415044778707134,-0.03161700215334622,-0.02843056101188998,0.036065544869725255,-0.07358897977421114
0.3736260435037929,2.950005893807683,1.1277565712877764,0.2960174991094058,0.21681046926623182,0.21675931126819195,0.34549453795598467,0.39797857100355,0.26201630249574565,0.30654243973590195,0.37900627704658113,0.27793265248584287,0.3510044210250743,0.24282065157905577,0.4345938650649748,0.22756876207678672,0.46823705460283865,0.3379771019702217,0.21281229958000675,0.31999509143626625,0.2549491884008082,0.35530553302869744,0.06933191474262715,0.03708034216591929,0.2716525328100584,0.3976011431890065,0.2309833792181478,0.30275072075847986,0.46943958782867684,0.013277901258898495,0.2606010077664746,0.19897859550576688,0.39184640876998766,0.5651537411969088,0.28159176893961396,0.2741333265577721,0.9137031996427979,0.2738443795615525,0.28165181835952807,-0.004128903784985022,0.23272311877853827,0.31903663484047107,0.2832241366310229,0.302905974043164,0.12007775840614295,0.3722636639143957,0.254812879257872,0.0070487199034706145,-0.09772717445098703,0.14242235998602373,0.03712472263851283,-0.05105558189248754,0.06618231538046584,-0.23506563989353102,-0.9252450408249643,-0.26741388070308136,-0.47036109709656504,0.9397638958700729,0.5054914518152428
0.38129831133108943,1.1277565712877764,2.479017244616398,-0.021420283098116426,-0.21596536005428052,0.2309572146273478,0.13263524569682567,0.2891248739509659,0.36965209006228666,0.14260231726670902,0.20922397331991277,0.21742845180592452,0.19107527913655997,0.09286494443614761,0.19809441943089814,-0.0026003352772510637,0.3459771547541696,0.17873102602809687,0.09922791417659538,0.14248745828539927,0.17270516918299403,0.3152226989628913,0.05498257470733639,0.08872278810802504,0.16372344462124905,0.33054477024135387,0.10297783489879112,0.1997047066272889,0.1968288717145469,-0.5118163441068727,0.20243658917691096,0.10674930107484268,0.2689836270307427,0.3545534850493177,-0.035121982551333045,0.21799806095339103,0.4763530398090827,0.22945892706713564,0.09015988372055674,-0.3309058977621142,0.061994426795984575,0.16566733075285436,0.09520834153476743,0.08116924987149342,0.263419261601254,0.3377161165391842,0.14211344948664906,-0.07732416416321487,-0.19432716286156285,0.21462755380570028,0.0424396959553095,0.2939327843986947,-0.22992641914098386,-0.3522211562974699,-0.20191186224664778,-0.013150157383025227,0.07116487111009695,0.35153365448137047,-0.34199191613470054
0.1337734880451543,0.2960174991094058,-0.021420283098116426,0.9946794472744126,0.6572492409382791,0.29328610945883066,0.36234893531095513,0.38079328984667987,0.12484243267612337,0.3537624200470127,0.3378084404630672,0.29855672409051215,0.36566163031400567,0.3058533754300055,0.2557887779303086,0.32926288943375326,0.31183614149822314,0.28531517511463306,0.31730034584986866,0.24585325830233024,0.2641093630547454,0.3893451488724235,0.2516302126883269,0.20280636491988321,0.27896467008003617,0.20664051204628658,0.2419329693679503,0.1616565045573563,0.3203665354102086,0.29664774544209,0.25376741356491556,0.2506357574692094,0.2519276200476232,0.4131782947380308,0.27418933694065056,0.2607215560944691,0.467949011088038,0.2852569831879314,0.361819279754304,0.2229877848262595,0.31856622982857774,0.27047835399943276,0.25463792479080405,0.4551931820214415,-0.12413031140100887,0.3315104365050828,0.4358828524461339,0.03152556483243271,0.06038125526247564,0.17056978575172435,-0.14513915095206636,-0.24735433550557867,0.2273342136424,-0.03217550976988883,-0.07277570178525587,-0.05244973968175831,-0.4083711127607156,0.14937502621516804,0.29680353562101597
0.26044354863736197,0.21681046926623182,-0.21596536005428052,0.6572492409382791,1.3082565439401215,0.16061444955216755,0.3689719659507443,0.3203422816672974,0.010347883093165134,0.3972044878863322,0.32421864323320954,0.27610879639908925,0.39343923602797,0.2796240799365218,0.27098786874606967,0.3565920813103662,0.25926039703085585,0.2611732796890768,0.46770036893589,0.2703878509291993,0.22520214636551086,0.36300701389108403,0.25816039522698575,0.19283677595543536,0.25215019021354806,0.17196845325141627,0.24878499619969102,0.11377535384310258,0.3349261382882086,0.4881650116627977,0.22639042746330557,0.2069969491536361,0.1972511713089518,0.3276285333971439,0.35362296360613693,0.30222443544285277,0.3512817090853027,0.23302396761310817,0.359249477164394,0.2936751715282266,0.38256404642247877,0.28288771833995985,0.22572538332805778,0.43682674244657843,-0.15992621617045372,0.3735828228179803,0.4015471918117231,0.04764185704376293,0.13092348675532095,0.15558119732685857,-0.16414430878199282,-0.5024619152787795,0.39712055493638837,0.0907197428299132,-0.1350243768599861,-0.033374362202608435,-0.2178387415792674,0.1563476099972706,0.15577566746301935
0.12801163132781843,0.21675931126819195,0.2309572146273478,0.29328610945883066,0.16061444955216755,0.7942553627109582,0.08690823337202518,0.5954728921381384,0.21173947834240878,0.3003465949098443,0.4047650044471889,0.30521277922777285,0.37977374841626077,0.2501413318226024,0.23462462633332304,0.25124074325773577,0.3912136420201206,0.25300196294694954,0.3510571833542816,0.366283256663306,0.28919806606820136,0.4785913608729731,0.21204553618830937,0.23486784649785183,0.3047938421029184,0.315834640645477,0.2614321752497598,0.17408669162977947,0.36435430729390245,0.12050228892717843,0.28406188888854733,0.2319292601493513,0.2357506852248953,0.45814125395035027,0.17820154853247538,0.19422366495601684,0.5431310015832475,0.4119600339480219,0.4227596415313585,0.24165328646944229,0.2232282036010116,0.2784684732243846,0.34162293992795156,0.4431056838463677,0.04960511471193578,0.34181144266660424,0.6222702999481076,0.013815380202104526,0.0981318241533965,0.2392962399876577,-0.19394192666105056,-0.10647535817181278,0.09399569752727635,-0.10693367218284612,-0.16511735799812238,0.05632310314026421,-0.13718399084665597,0.2810664546200535,-0.1442247706001314
0.30040363548265936,0.34549453795598467,0.13263524569682567,0.36234893531095513,0.3689719659507443,0.08690823337202518,0.700622159454782,0.17922862937330403,0.2443066996901907,0.1706251376733383,0.24694890327329116,0.326145675768085,0.2866748879700673,0.08637695681249498,0.10004284787168777,0.1816951635250303,0.22740524451517174,0.33022515498886273,0.1627806609192402,0.11646039526287304,0.2093122467703275,0.4017378299507764,0.24920618589850366,0.1572503368901192,0.1919610438929284,0.2070597412296408,0.19769916178863128,0.1254392726578902,0.1589774884085006,0.15857412430416953,0.22491106532228136,0.09926516713635239,0.258674721039592,0.1827984739095154,0.05750036669066057,0.22517104380902647,0.33186095645757313,0.2564749688480337,0.22671470705734798,0.1309247876132902,0.1525846604692977,0.17286176539018366,0.21767739199708996,0.3248799372528318,0.010252435526069343,0.24889274327484157,0.08980927706351258,-0.012133498628415198,0.23205830334884878,0.12000726486361772,-0.04325452385291384,-0.10792395478661129,0.030820108439172503,-0.08515808153693906,-0.04540531635456406,0.017085749608865566,-0.11816656333867685,0.062378867245535395,0.027659863688832477
0.1968273618315016,0.39797857100355,0.2891248739509659,0.38079328984667987,0.3203422816672974,0.5954728921381384,0.17922862937330403,1.0443669468930503,0.05690522875102785,0.5018847409318296,0.48736078495443164,0.21958661353191306,0.47837660198073206,0.304753763672655,0.32521414538722065,0.23320862175643345,0.522572311371337,0.34574518900655354,0.3342156108362135,0.36753844704363514,0.33765714906690397,0.49271402463748804,0.2529268255680302,0.21381690397833825,0.3676751432946829,0.27952487724920927,0.26166480409362364,0.16209025031747565,0.39031181482404936,0.22779434828109862,0.32741578072181193,0.21687097090348947,0.3857796045035495,0.5819856308117266,0.2389409085199528,0.22697498878976094,0.7707605170158958,0.4026966579810879,0.6510567390530962,0.2198497455867295,0.32374594567009946,0.3158342205394631,0.3789735062121601,0.5938612761823524,-0.09379853389381293,0.43280835145367785,0.8934175763685579,0.04911881973773677,0.08302510023066927,0.33947643288702234,-0.14567288490958566,-0.364196966218817,0.3932152964432537,-0.23874661232604424,-0.2847528358788792,-0.03464659693946421,-0.19042859777036295,0.41280365986265094,-0.04334074666408208
0.14745792917479478,0.26201630249574565,0.36965209006228666,0.12484243267612337,0.010347883093165134,0.21173947834240878,0.2443066996901907,0.05690522875102785,0.7151055007898323,-0.005575520382240973,0.11177078908873274,0.20304211733661018,0.1455535070704568,0.10120392977361477,-0.010854563690260088,0.17972761550720864,0.1284150117014545,0.169036937267617,0.10116895517337056,0.10537817239409679,0.1479506117203375,0.2612469670384278,0.12271733800227491,0.13847482682846748,0.09818166423754618,0.22161872830614351,0.13022983914706618,0.10401936887394976,0.1122829004978512,-0.044937111179391045,0.16811199894194084,0.10603130979955414,0.11192537112394145,0.19626228845003213,0.06170223286315781,0.11772419327807278,0.22793097033916299,0.20010742762779907,0.11040618790756414,0.030927864518786475,0.057312874803844706,0.11787674155269974,0.1527021165470174,0.17370529594784892,0.10891565940717482,0.13161650437569775,-0.03610260592631707,-0.012132170826174422,0.28802440116414946,0.025025397773792268,-0.01685398161685133,0.10974299159797288,-0.03971365871377731,-0.07961774676471808,-0.004877424403551079,0.1577018988621681,-0.09439928373527147,0.027137558552120886,-0.11839284443512772
0.17940987986713067,0.30654243973590195,0.14260231726670902,0.3537624200470127,0.3972044878863322,0.3003465949098443,0.1706251376733383,0.5018847409318296,-0.005575520382240973,0.8338527884942958,0.4113394632578252,0.2699335712075055,0.4021796415593039,0.2761260733826764,0.3443267418805822,0.15037817078126317,0.4046621160908866,0.3527914317106187,0.2535939448502033,0.29339656723130414,0.26323901163899416,0.3606258007645184,0.2909908515776,0.20777074946816107,0.2955507328889598,0.17485107109264442,0.2541934910109889,0.20027492445335132,0.33480421222922646,0.38640868353435975,0.2769330899964466,0.23257069467302297,0.2936188368856976,0.5045094349144628,0.36834426157883216,0.2341161846788125,0.5615259897371857,0.3187616440848559,0.46918703061339967,0.28231348229636266,0.4621702993513251,0.26603142396720453,0.36423003175511004,0.5770391146148246,-0.13581388704644703,0.43280329407280926,0.846289670235113,0.09523276044960803,0.07510776217760777,0.07844583567842776,-0.03301337386875285,-0.39417613071929475,0.2984457546932416,-0.009032123317940881,-0.05306568939241708,-0.009468693528417825,-0.11640746508214017,0.07252797603359382,0.01122066987239124
0.19092326580636976,0.37900627704658113,0.20922397331991277,0.3378084404630672,0.32421864323320954,0.4047650044471889,0.24694890327329116,0.48736078495443164,0.11177078908873274,0.4113394632578252,0.6435577683463115,0.3724607478704505,0.49524944378833247,0.2489741554410137,0.3080726582863567,0.2851524175379446,0.5095477838577135,0.30043217454479987,0.2495504940877016,0.3107681159460717,0.2874666779961788,0.4672314042934926,0.2508610439558498,0.23025732728390352,0.31029801427750986,0.29444006563782404,0.2982954039798859,0.19819485271489026,0.3455960458607103,0.25863384674581286,0.30425740596093187,0.2093038317989389,0.29083230755159445,0.4306042486390172,0.32184770358646786,0.26848571868241056,0.5596323917135723,0.3432524175864186,0.4518042664954079,0.24626981703048248,0.3323090142057699,0.3074507658803148,0.3058399881107384,0.5031933352572203,-0.08066085699037837,0.4171719832623828,0.6231128191266233,0.03689308398584304,0.08213877381948821,0.18287547315589592,-0.08961106739525004,-0.3387827870771309,0.2947146868093525,-0.06957215083511889,-0.20258828047904695,-0.010958888964312758,-0.17846927610802582,0.2665795336166283,-0.03144916742277661
0.2052466304145832,0.27793265248584287,0.21742845180592452,0.29855672409051215,0.27610879639908925,0.30521277922777285,0.326145675768085,0.21958661353191306,0.20304211733661018,0.2699335712075055,0.3724607478704505,0.6270476870742663,0.351278787816328,0.17269349117333346,0.1451780357059605,0.1818346396939387,0.3031145849978878,0.381826930775289,0.23198504370503992,0.1760719672770512,0.22474715245141152,0.4162899756258695,0.2756288380981924,0.17061497524723085,0.2660787357821192,0.29330470054432306,0.2858096009991856,0.13653183368168473,0.22662372033255648,0.0853359045346846,0.26919168836881,0.20339639929924302,0.21458375807629407,0.2912846229435817,0.12258909814721672,0.2600627528437907,0.27372584911802084,0.2998897769862638,0.22136053358857535,0.2119790894488037,0.22310259402748195,0.20037029634212203,0.2737474538253592,0.3324090813747557,0.06540729297669046,0.3188167567049741,0.30716922008661773,0.0001284855660668457,0.14732707025311703,0.013627571286500191,0.048677378360085656,-0.13518591192934595,0.004627273757099429,-0.011769613045496494,-0.06041039859544551,0.0407710433481067,-0.05691497340774323,0.13499918729464727,-0.21404783404919525
0.2199977998032745,0.3510044210250743,0.19107527913655997,0.36566163031400567,0.39343923602797,0.37977374841626077,0.2866748879700673,0.47837660198073206,0.1455535070704568,0.4021796415593039,0.49524944378833247,0.351278787816328,0.8303587783357651,0.24635311171594218,0.08057732243206185,0.26383660784955015,0.4676470543305842,0.40703950599033306,0.3026730470110149,0.20596333276120488,0.30482194497815995,0.6900364215217778,0.3033447751914761,0.19391702173405176,0.24943820188996274,0.27680407046542854,0.3206460519982828,0.2286278422930287,0.3244020374144914,0.3103463888395115,0.30859083167351925,0.21541431974468786,0.36070376879871424,0.36845918475609524,0.2917656560872148,0.26664420756552226,0.5747599560540468,0.3584793542496498,0.5315318292216681,0.24197042150831777,0.3391477363833471,0.27873360045120893,0.337093855766908,0.658154907896272,-0.20235008143581912,0.4366841297850488,0.6197041819508518,0.010253176290346605,0.30888834979139734,0.3247381627272801,-0.045720408542179125,-0.4347260298183273,0.19916029294567206,-0.10898264876505089,-0.19887499003261117,-0.06415351302893423,-0.08294985416011859,0.23289460988862437,-0.025553055735617926
0.21543068668439383,0.24282065157905577,0.09286494443614761,0.3058533754300055,0.2796240799365218,0.2501413318226024,0.08637695681249498,0.304753763672655,0.10120392977361477,0.2761260733826764,0.2489741554410137,0.17269349117333346,0.24635311171594218,0.5722120009567218,0.21417364055577798,0.3615583919529543,0.24203155152612219,0.11447568234726739,0.1901817764216515,0.21006290445750278,0.17834953534103024,0.30452376785735596,0.13968126368081055,0.13977914618387288,0.22830590321030364,0.14832009543414404,0.17831837893140226,0.14935919053456587,0.2555456666059232,0.28922778313945174,0.16207438982255887,0.4211061221280418,0.13954234180754516,0.334694354217336,0.32386443956371236,0.15578392675220107,0.34628606345544066,0.2783978367808098,0.255214494195385,0.15162108248464806,0.35726156722729135,0.23129348091670848,0.2017783258677408,0.38839486800334977,-0.1559468128012741,0.28172473683467925,0.43248792177639267,0.06611083838194455,0.29497895181443307,0.019051526521177076,-0.06838461539531297,-0.20414826189741545,0.24271046239174748,0.038978206264237564,-0.16384086073014537,-0.04151202287634292,-0.20436544239215368,0.2680202263866407,0.045361707661366164
0.1256947753478889,0.4345938650649748,0.19809441943089814,0.2557887779303086,0.27098786874606967,0.23462462633332304,0.10004284787168777,0.32521414538722065,-0.010854563690260088,0.3443267418805822,0.3080726582863567,0.1451780357059605,0.08057732243206185,0.21417364055577798,1.0802831187857855,0.18608445705149979,0.3309880714928802,0.11984557271914532,0.22473479676278243,0.2914631296445344,0.18662272644880887,0.000913081172016048,0.22376628270928045,0.21815241275966543,0.3790105186890765,0.0910138187585421,0.15586210565723949,0.21328018156692174,0.37457733239288027,0.2805231197173011,0.1783077081129859,0.2033942419187428,0.12031536037647793,0.5330300020254457,0.3409840840092782,0.22376030398123564,0.4280246205438243,0.060614438537845976,0.30224139789949395,0.12806076709637293,0.3747559592862003,0.22653790481800784,0.18775106377771972,0.32392442859857196,-0.1268180130649254,0.3362271440202272,0.43280188168096084,0.09303543324389277,-0.1870316781325994,-0.013803977608595294,-0.09131789116948111,0.09615260976394684,0.06467234590243126,-0.02630651428914016,-0.1785731603834733,0.09153872460800754,-0.4084779320104237,0.20264049324323608,0.27373359148177184
0.14447416781844863,0.22756876207678672,-0.0026003352772510637,0.32926288943375326,0.3565920813103662,0.25124074325773577,0.1816951635250303,0.23320862175643345,0.17972761550720864,0.15037817078126317,0.2851524175379446,0.1818346396939387,0.26383660784955015,0.3615583919529543,0.18608445705149979,1.5333519869415995,0.29676709553346103,-0.05152983060335606,0.18037202006290862,0.3384999891609531,0.2231034737410381,0.2991541668023548,-0.10483646103989969,0.1970971023351373,0.35685628657096125,0.11854054670874233,0.35673648973542516,0.20348734838550941,0.3935186392679573,0.4718949762512852,0.23804327617386872,0.20910469653953062,-0.03861297614449909,0.3774520542460592,0.6980365620072041,0.22564631602447935,0.5149590572517969,0.22196730077520246,0.4206411825260046,0.2961136899531261,0.3072897084963208,0.4514523483516966,0.23582868928594486,0.16979704881325217,0.20690042414306872,0.23584286354541711,0.29830317440238197,0.0234718964217219,0.13415924943955487,-0.04972329591941158,-0.30651323983522366,-0.14336278398568908,0.4703325318220544,0.12823089240176266,-0.17661650799844014,0.0729111574828108,-0.40513626180517376,0.3472196620518128,0.11848550393993527
0.16442057985060446,0.46823705460283865,0.3459771547541696,0.31183614149822314,0.25926039703085585,0.3912136420201206,0.22740524451517174,0.522572311371337,0.1284150117014545,0.4046621160908866,0.5095477838577135,0.3031145849978878,0.4676470543305842,0.24203155152612219,0.3309880714928802,0.29676709553346103,1.1025774072269223,0.13938701390273803,0.23576390594941443,0.4211242818544714,0.28378270694412233,0.47866455360821103,0.10683645413753537,0.21559310507752436,0.31721214817822224,0.3807227795632228,0.3338796984518195,0.44890823820041004,0.29532650414800143,0.21493305708874444,0.31021282142182915,0.23988645976632603,0.4146343220568204,0.4611477186227685,0.3928045502424853,0.23028142591996173,0.8786303442031488,0.5011811723894587,0.34611821080165844,0.2227972803583846,0.3512071775777639,0.4403208190643483,0.400076442312558,0.4681410364263177,0.1109009433846897,0.4305039603903857,0.7597768010820751,0.054665260252386216,-0.006790583591324038,0.35932157585558816,-0.11456871444617585,-0.23260106432845484,-0.056270160580861726,-0.12680465344183459,-0.342956796209345,-0.05919471614397775,-0.2097425181935418,0.37459417202260775,-0.030339665995670277
0.2540200184222861,0.3379771019702217,0.17873102602809687,0.28531517511463306,0.2611732796890768,0.25300196294694954,0.33022515498886273,0.34574518900655354,0.169036937267617,0.3527914317106187,0.30043217454479987,0.381826930775289,0.40703950599033306,0.11447568234726739,0.11984557271914532,-0.05152983060335606,0.13938701390273803,1.7492322080331937,0.2686857181059049,-0.3271823033754737,0.34584366336638034,0.6742017489064156,0.9362646030425106,0.020603062686324735,0.26023593852006416,0.2243547272782484,0.25992329470195036,0.2058297933952185,0.22917898100886858,0.20557049282918435,0.5353959318126775,0.178203655161808,0.5696461657410118,0.34554488731980215,-0.08043489065951771,0.43759728729415726,0.483434325952536,0.2783766840414452,0.36298117069147096,0.19929070003066396,0.34415071472543174,0.054195197205917665,0.6202600984304909,0.998248390520217,-0.19803503289785895,0.5365566117917473,0.5455367506206079,-0.030649356280485363,-0.1147603709665414,0.2145997653419889,0.46290524274170386,-0.4454315026501027,-0.21823048332126926,-0.20018231107271117,-0.0810567528165574,0.013512970306006572,-0.020980708850155818,0.21153817588573715,-0.13844673274452307
0.15095005630855501,0.21281229958000675,0.09922791417659538,0.31730034584986866,0.46770036893589,0.3510571833542816,0.1627806609192402,0.3342156108362135,0.10116895517337056,0.2535939448502033,0.2495504940877016,0.23198504370503992,0.3026730470110149,0.1901817764216515,0.22473479676278243,0.18037202006290862,0.23576390594941443,0.2686857181059049,0.6522157183225703,0.2504882400341505,0.19275387822556414,0.3389866420146501,0.19581035327457202,0.13989889119088728,0.2085831447609856,0.18725199371348836,0.20639438246630573,0.21413496555402922,0.25896176104848795,0.13522476018541596,0.21049939678495358,0.23084707427569132,0.15856763078117048,0.3112181985190173,0.1102376698306486,0.2190196491189337,0.24723353579016452,0.24209142716289409,0.24077520344100292,0.17362524770437038,0.2490129418246062,0.18282298214026604,0.22883626420118214,0.30122034045468044,0.024361072137551204,0.29780868787422804,0.22972702656481958,0.003994700003892493,-0.0021145857712659855,0.0628365392716511,0.10673798044819972,0.16011556135008884,-0.24766506480436679,-0.06799868235074201,-0.09333909069893591,0.013359441325478278,-0.1252410358825165,0.1435205277042567,0.011784284983731231
0.10058515560388008,0.31999509143626625,0.14248745828539927,0.24585325830233024,0.2703878509291993,0.366283256663306,0.11646039526287304,0.36753844704363514,0.10537817239409679,0.29339656723130414,0.3107681159460717,0.1760719672770512,0.20596333276120488,0.21006290445750278,0.2914631296445344,0.3384999891609531,0.4211242818544714,-0.3271823033754737,0.2504882400341505,1.3960931663909653,0.13129375647917238,-0.012866653667680254,-0.10315923620121172,0.2528857367231785,0.21963100644615516,0.44366045896146994,0.3066748329330697,0.0733450355951983,0.4984208195105579,0.2258404529368683,0.09395195173381783,0.13290979245300585,-0.25678982917302556,0.5179034205593469,0.5428394751984946,0.1653318080884972,0.5170245642082993,0.3576522137969005,0.2084808751361502,0.3995623072315216,0.2459209743411312,0.42898303788816206,0.336319998348754,-0.38708937557531603,0.9038896551770405,0.23427879183963465,0.021498270669554845,0.07255118060771944,0.33596857068391517,-0.08260734371549801,-0.21639350754623504,-0.0110976993348573,0.22481227822456293,0.08794957813589993,-0.09144515699324751,0.029082113583308124,-0.10544877507058241,0.09393983248124972,-0.04405596790533127
0.16458520215513298,0.2549491884008082,0.17270516918299403,0.2641093630547454,0.22520214636551086,0.28919806606820136,0.2093122467703275,0.33765714906690397,0.1479506117203375,0.26323901163899416,0.2874666779961788,0.22474715245141152,0.30482194497815995,0.17834953534103024,0.18662272644880887,0.2231034737410381,0.28378270694412233,0.34584366336638034,0.19275387822556414,0.13129375647917238,0.4487654113864229,0.33333948613172576,0.21625342366270897,0.189533583543156,0.23637199252586288,0.21363107192856864,0.2164223683451813,0.2288987101445618,0.27057112432490016,0.2568189734953576,0.32838889273806104,0.17768705089149572,0.4468773757073447,0.2958455287446114,0.1769180839395325,0.2572056147628585,0.564791484222198,0.3899130879501849,0.3930934771472874,0.2119109448319755,0.2526212944541214,0.25097825226119924,0.3918817750443413,0.4961413216868471,0.14812479313272542,0.3271372465695851,0.4774069877508183,0.052303672283646525,-0.006035426595309514,0.1778108469416045,-0.0983699687183614,-0.1882465153795062,0.150576229101501,-0.09752945311008586,0.035077432235823096,-0.0053233111938077405,-0.20633734359892586,0.049764870583296955,0.06333228275396491
0.3377789048444127,0.35530553302869744,0.3152226989628913,0.3893451488724235,0.36300701389108403,0.4785913608729731,0.4017378299507764,0.49271402463748804,0.2612469670384278,0.3606258007645184,0.4672314042934926,0.4162899756258695,0.6900364215217778,0.30452376785735596,0.000913081172016048,0.2991541668023548,0.47866455360821103,0.6742017489064156,0.3389866420146501,-0.012866653667680254,0.33333948613172576,2.251133961551678,0.5568152402731762,0.18506130126648065,0.29082764639458614,0.317705123380198,0.3238676792660506,0.2974889271937642,0.09036406274062782,0.41472218789523196,0.36438583092394833,0.2856642332564411,0.6875387530752047,0.3578980325730323,0.1920654387366279,0.3112266479024458,0.7539745177670473,0.6879729939025608,0.5228841819189034,0.2673213383317816,0.2861955585799377,0.3529413007008759,0.39029108100675886,1.2625305278988919,-0.7339260846316398,0.6520400304115549,0.6203394012974655,-0.2526637831219124,1.1168007451069453,0.362113595696723,-0.006388052627987596,-0.5067344015466653,0.24396361922174953,-0.2266865191312073,-0.24001964402900194,-0.012499067862632036,-0.03375798406297605,0.3466503924101264,-0.24320050243879318
0.19032212898639334,0.06933191474262715,0.05498257470733639,0.2516302126883269,0.25816039522698575,0.21204553618830937,0.24920618589850366,0.2529268255680302,0.12271733800227491,0.2909908515776,0.2508610439558498,0.2756288380981924,0.3033447751914761,0.13968126368081055,0.22376628270928045,-0.10483646103989969,0.10683645413753537,0.9362646030425106,0.19581035327457202,-0.10315923620121172,0.21625342366270897,0.5568152402731762,1.4322701336637649,0.32475727166312673,0.3060086050665333,0.07102189286562963,0.106440978596025,-0.09232224957234823,0.2940741183626252,0.31442473361460943,0.1474205410151904,0.16396591969383412,0.3177332444796908,0.3339895275463131,-0.1312357006200985,0.4029920862489777,0.08551031670534025,0.18869015840647335,0.26347642047252723,0.24896784968729116,0.4634902983984346,0.03022828764405076,0.3566234744258234,1.098844638315425,-0.7206038640061452,0.5164259045240109,0.5269522827764022,0.021896870140037595,0.2328869811395984,-0.04263654500759507,0.3111113001602759,-0.42011921753304043,0.10950987359122852,-0.05742995146815907,0.007966153116447603,0.11181546729621049,-0.09485876972188577,-0.06530461057525853,-0.0054738137639603395
0.09907201630706083,0.03708034216591929,0.08872278810802504,0.20280636491988321,0.19283677595543536,0.23486784649785183,0.1572503368901192,0.21381690397833825,0.13847482682846748,0.20777074946816107,0.23025732728390352,0.17061497524723085,0.19391702173405176,0.13977914618387288,0.21815241275966543,0.1970971023351373,0.21559310507752436,0.020603062686324735,0.13989889119088728,0.2528857367231785,0.189533583543156,0.18506130126648065,0.32475727166312673,0.6862760853772589,0.2614824291301149,0.06496942353125013,0.13014719611893272,0.08901669284690626,0.14252854159961695,0.2714486326052993,0.28615069402079385,0.09214692273941778,0.07705860532086407,0.08723864738683644,0.20337378300047076,0.22674824256527049,0.2763292203726282,0.25662861140187515,0.2344119225472771,0.18045445845914748,0.31124740201131285,0.16093105268202215,0.09663204216052215,0.36000823976072827,-0.17508661165837142,0.2827888350387672,0.3349619515139845,0.04928137377384156,0.07860631288775753,0.013234273552060924,-0.1483459371634278,-0.033539381925813634,0.19204899816274001,0.002698330218718979,0.11946802884083332,0.17172624360307717,-0.09849704357323782,-0.3220463574060117,0.05837031660933047
0.16303286618968046,0.2716525328100584,0.16372344462124905,0.27896467008003617,0.25215019021354806,0.3047938421029184,0.1919610438929284,0.3676751432946829,0.09818166423754618,0.2955507328889598,0.31029801427750986,0.2660787357821192,0.24943820188996274,0.22830590321030364,0.3790105186890765,0.35685628657096125,0.31721214817822224,0.26023593852006416,0.2085831447609856,0.21963100644615516,0.23637199252586288,0.29082764639458614,0.3060086050665333,0.2614824291301149,0.9341625281502371,0.10380574165220444,0.25129062221241594,0.09695392292992888,0.4369668181018431,0.22485425242034232,0.2779857408588107,0.17048719541376026,0.15734503347369022,0.5741231541716248,0.349236468186665,0.2500723533099283,0.3526501797942008,0.16610507934461335,0.38038527672456857,0.17233879413120323,0.2718989634433943,0.22404773373711495,0.2665525017214193,0.42064452347787634,-0.06570710124255996,0.4232406353480288,0.4507673024391047,0.02350637653138053,-0.10073522113035278,-0.4073695024839282,-0.11881956619610062,-0.0330055116444358,0.4545304889293483,-0.005606407901585149,-0.09516316381307138,0.03851335069954556,-0.23287301266986357,0.14173070527161866,0.06898114371285728
0.15830450853811698,0.3976011431890065,0.33054477024135387,0.20664051204628658,0.17196845325141627,0.315834640645477,0.2070597412296408,0.27952487724920927,0.22161872830614351,0.17485107109264442,0.29444006563782404,0.29330470054432306,0.27680407046542854,0.14832009543414404,0.0910138187585421,0.11854054670874233,0.3807227795632228,0.2243547272782484,0.18725199371348836,0.44366045896146994,0.21363107192856864,0.317705123380198,0.07102189286562963,0.06496942353125013,0.10380574165220444,1.7207162522733328,0.2268005914702287,0.23778561632724807,0.11181146621775552,-0.2817550238939498,0.15724350936067674,0.14396137663119418,0.16495086098352318,0.3514038296737163,0.19489989124585627,0.17893724377679027,0.20120791449664457,0.20970068830144886,-0.3829050851103729,0.21106624998195708,0.1427963159950529,0.4138556409824527,0.5378352782129732,-0.10557221267134245,0.9046791200452785,0.16136897044003856,-0.20753388728846897,-0.021300634210222186,0.023039980002780316,0.3028564471616083,-0.055710265198497665,-0.087219334991495,-0.3874517510836429,0.02039046758501117,-0.1540096466487281,0.012943630157307828,0.04876886949900615,0.2753503414632238,-0.30393263855882235
0.15271325194487587,0.2309833792181478,0.10297783489879112,0.2419329693679503,0.24878499619969102,0.2614321752497598,0.19769916178863128,0.26166480409362364,0.13022983914706618,0.2541934910109889,0.2982954039798859,0.2858096009991856,0.3206460519982828,0.17831837893140226,0.15586210565723949,0.35673648973542516,0.3338796984518195,0.25992329470195036,0.20639438246630573,0.3066748329330697,0.2164223683451813,0.3238676792660506,0.106440978596025,0.13014719611893272,0.25129062221241594,0.2268005914702287,0.7554897185813956,0.22416867226995363,0.26747558746393957,0.2410290515798674,0.29093529343853425,0.2372794158799339,0.1053717637541942,0.27969407936359736,0.3339468302900493,0.3382154515506239,0.41982403371659016,0.3839313677919722,0.2533902771145433,0.2764362967356002,0.3587046652112489,0.26637565373189837,0.46197188797552685,0.06280625730144818,0.4248637295261471,0.29544488243999323,0.2525612621481882,0.014382236151659778,0.06716848017646329,0.04022299789305139,-0.09343886505655762,-0.037954382113141644,-0.00681938165804084,0.05008014455846985,-0.08171750563956703,0.026704223147861108,-0.08421713372895491,0.1807357695699248,-0.1371231917627864
0.11516671933950429,0.30275072075847986,0.1997047066272889,0.1616565045573563,0.11377535384310258,0.17408669162977947,0.1254392726578902,0.16209025031747565,0.10401936887394976,0.20027492445335132,0.19819485271489026,0.13653183368168473,0.2286278422930287,0.14935919053456587,0.21328018156692174,0.20348734838550941,0.44890823820041004,0.2058297933952185,0.21413496555402922,0.0733450355951983,0.2288987101445618,0.2974889271937642,-0.09232224957234823,0.08901669284690626,0.09695392292992888,0.23778561632724807,0.22416867226995363,1.212944052436634,-0.05497229459247538,0.2957947581279295,0.2933822184992924,0.25889527301182663,0.5848073883422674,0.21502586257650524,0.5494829143063706,0.09475944189334407,0.8832464182623888,0.4158212789244743,0.16708668301251842,0.16295509441526057,0.25543521770481104,0.28572414575626376,0.44805755672195213,0.6932525911346817,0.0842558290524211,0.29939251325417854,0.35397069337013826,0.11303190282662455,-0.079090597261592,0.3002640302318789,-0.1383799234856125,0.6371440208168899,-0.9927499899127878,-0.032879676795575886,-0.07294912312512418,-0.04970060017851839,-0.1739232598848545,0.06383872786855814,0.3189337587567378
0.12868498384099925,0.46943958782867684,0.1968288717145469,0.3203665354102086,0.3349261382882086,0.36435430729390245,0.1589774884085006,0.39031181482404936,0.1122829004978512,0.33480421222922646,0.3455960458607103,0.22662372033255648,0.3244020374144914,0.2555456666059232,0.37457733239288027,0.3935186392679573,0.29532650414800143,0.22917898100886858,0.25896176104848795,0.4984208195105579,0.27057112432490016,0.09036406274062782,0.2940741183626252,0.14252854159961695,0.4369668181018431,0.11181146621775552,0.26747558746393957,-0.05497229459247538,2.2703655156415956,0.2611558682810351,0.05862277311567225,0.2692808007968394,-0.2765673558430743,0.7061627254957744,0.4356093634011466,0.6313706895215447,-0.12203826246463235,-0.2441355386389458,0.4159466253003563,0.13653889928431842,0.45432866159237645,0.18318831580310194,-0.02703767499157075,-0.358178410961237,0.2095713458984391,0.3325571405113747,0.43732093204338235,-0.10645139964097258,0.06732771618349714,0.04404759328599054,-0.21844608074641897,-0.23113489714882818,0.18104035374609548,0.11335483153654383,-0.24527315480458817,0.012560763731017407,-0.3472795705244334,0.2811545486159877,0.25128400985839433
0.207775524325971,0.013277901258898495,-0.5118163441068727,0.29664774544209,0.4881650116627977,0.12050228892717843,0.15857412430416953,0.22779434828109862,-0.044937111179391045,0.38640868353435975,0.25863384674581286,0.0853359045346846,0.3103463888395115,0.28922778313945174,0.2805231197173011,0.4718949762512852,0.21493305708874444,0.20557049282918435,0.13522476018541596,0.2258404529368683,0.2568189734953576,0.41472218789523196,0.31442473361460943,0.2714486326052993,0.22485425242034232,-0.2817550238939498,0.2410290515798674,0.2957947581279295,0.2611558682810351,3.7019957242617254,0.22608439000891806,0.08435523184864764,0.3003243871329416,-0.027274597015598208,1.1160635501268439,0.2294284807683747,1.2883667552119238,0.748378360467829,0.9354668271113248,0.33301871648746123,0.9511306267530062,0.35857688430273066,1.2400125397641826,1.4507725473737607,0.09674656864927206,0.5447879782150491,1.1008312392363895,0.2999146850321996,0.6105838947385563,-0.14365890652732205,-0.20262183568653028,-1.2167017400611273,1.2178042001544047,0.20713896841327678,0.08612823644372024,0.01981134924806633,-0.10516326373663992,0.06386301343812091,-0.02407247032584315
0.17070113253348349,0.2606010077664746,0.20243658917691096,0.25376741356491556,0.22639042746330557,0.28406188888854733,0.22491106532228136,0.32741578072181193,0.16811199894194084,0.2769330899964466,0.30425740596093187,0.26919168836881,0.30859083167351925,0.16207438982255887,0.1783077081129859,0.23804327617386872,0.31021282142182915,0.5353959318126775,0.21049939678495358,0.09395195173381783,0.32838889273806104,0.36438583092394833,0.1474205410151904,0.28615069402079385,0.2779857408588107,0.15724350936067674,0.29093529343853425,0.2933822184992924,0.05862277311567225,0.22608439000891806,0.8443961198973035,0.13318963887358173,0.2755815620374676,0.21839293628625597,0.27109135766272724,0.3791191430331908,0.6801620093960615,0.44831526376032127,0.40144800335278874,0.1669758064555926,0.3007803398749814,0.22192752853576958,0.2853074687503815,0.5002483047665917,0.10654582427800724,0.41128480133652384,0.5076198155946394,0.0034444800171842937,-0.3202356852003457,0.23225771198191444,-0.05943666532907808,-0.0907757124693872,0.03729016173550158,-0.13171474492738885,-0.046447892345512796,0.05933219079229491,-0.08117467588071461,0.06394153973775758,-0.060087731768668516
0.17024279476854376,0.19897859550576688,0.10674930107484268,0.2506357574692094,0.2069969491536361,0.2319292601493513,0.09926516713635239,0.21687097090348947,0.10603130979955414,0.23257069467302297,0.2093038317989389,0.20339639929924302,0.21541431974468786,0.4211061221280418,0.2033942419187428,0.20910469653953062,0.23988645976632603,0.178203655161808,0.23084707427569132,0.13290979245300585,0.17768705089149572,0.2856642332564411,0.16396591969383412,0.09214692273941778,0.17048719541376026,0.14396137663119418,0.2372794158799339,0.25889527301182663,0.2692808007968394,0.08435523184864764,0.13318963887358173,1.0092361446997902,0.0558981012569598,0.354070554548159,0.17316203250384868,0.16495633321845923,0.13775750422010088,0.37156091324504853,0.1745330330191903,0.09328765533032223,0.3732129150322991,0.18313625498305278,0.1495655470582096,0.31415312774854476,-0.10919379518780564,0.25950772720324206,0.35624887095586427,0.0443631642653299,0.1751072151406947,0.10118607617983952,0.022936822873802158,0.27308351985361035,-0.47292415677265925,0.03418772443979952,-0.13134820188606078,-0.03795717010549598,-0.14011744805765255,0.20659080905830543,-0.02502927030962905
0.1930211501144462,0.39184640876998766,0.2689836270307427,0.2519276200476232,0.1972511713089518,0.2357506852248953,0.258674721039592,0.3857796045035495,0.11192537112394145,0.2936188368856976,0.29083230755159445,0.21458375807629407,0.36070376879871424,0.13954234180754516,0.12031536037647793,-0.03861297614449909,0.4146343220568204,0.5696461657410118,0.15856763078117048,-0.25678982917302556,0.4468773757073447,0.6875387530752047,0.3177332444796908,0.07705860532086407,0.15734503347369022,0.16495086098352318,0.1053717637541942,0.5848073883422674,-0.2765673558430743,0.3003243871329416,0.2755815620374676,0.0558981012569598,2.420887163154802,0.18375162301912865,-0.4782254908035083,-0.08637420085842068,1.3229822318783773,0.6392667003279665,0.20893411750914412,0.1381325425684156,-0.36308033646320326,0.3477245915308939,0.7376484184320093,1.3195404378184654,-0.7523177890833882,0.5284048550084365,0.9920361750465903,0.12485007595022785,0.20150217927488595,0.30957062971135,-0.07717155993615706,-0.49526803120698826,0.44932488471514165,-0.4666295087000859,-0.17617149850240293,-0.18649748674721514,-0.1083066845666116,0.22763376999913457,0.17120824600196644
0.02467151814046669,0.5651537411969088,0.3545534850493177,0.4131782947380308,0.3276285333971439,0.45814125395035027,0.1827984739095154,0.5819856308117266,0.19626228845003213,0.5045094349144628,0.4306042486390172,0.2912846229435817,0.36845918475609524,0.334694354217336,0.5330300020254457,0.3774520542460592,0.4611477186227685,0.34554488731980215,0.3112181985190173,0.5179034205593469,0.2958455287446114,0.3578980325730323,0.3339895275463131,0.08723864738683644,0.5741231541716248,0.3514038296737163,0.27969407936359736,0.21502586257650524,0.7061627254957744,-0.027274597015598208,0.21839293628625597,0.354070554548159,0.18375162301912865,2.362128292962598,0.8316276855632875,0.1367321663520184,0.8749176772805841,-0.04662708200739958,0.5213831694066904,0.16984428598288376,0.3760952552617374,0.43509538790739016,0.6476797630762473,0.6693887473892147,0.34598242015438363,0.44630608233790836,0.7497432450778319,0.09575755768508977,0.10490995122164977,-0.4457096007025169,0.038473124679093605,-0.3457949050227172,0.5837282735885115,-0.07809795070132644,-0.38158829695424684,0.10391739205570685,-0.5349315913233751,0.42631076057232425,0.3654397121840889
