1.856771508761181,0.27501245956442694,0.5288129268805134,0.12528454769399336,0.5089965604672976,0.2630933539156345,0.4924029901527607,0.3143302527275959,0.35697991959406994,0.3573245442716306,0.36335316722714656,0.39751683697115486,0.33774463290002643,0.4041832958186225,0.4648856008299609,0.33987343595841196,0.27473186891500306,0.31305190224812207,0.3226293807647348,0.19453497489738233,0.34362482701210323,0.23952032197130918,0.10878179819123956,0.16426271987103602,0.28169201438994496,0.3225735836874104,0.25081709925337486,0.19392610465557086,0.3003662888830075,0.27201871250973675,0.33188966806884085,0.07199694705451314,0.45333889863594273,-0.1484522206403896,0.09231737641285105,0.4333409403644315,0.1531755047043782,0.14840766713780335,0.33762806741420653,0.08584097531924183,0.2658167216913045,0.17514982789721825,0.1953626397651727,0.14169395865079001,0.2719225668243026,0.5748110029607224,0.26680033096463307,-0.4218240212026595,0.30445794901470713,-0.06779342996855861,-0.13753466823704835,-0.10738695976178084,0.29710134437171803,-0.07526262504048345,-0.013840467799458921,0.049601618162909866,0.17323392089730308,0.2656115289651766,-0.4955026857152732
0.27501245956442694,2.184328550073007,0.6885313781063532,0.19590884952743684,0.16379215966434305,0.3790225416765745,0.19854595032603603,0.417236741408031,0.2482748151423746,0.29956241518733423,0.29335862924112743,0.2750366343187219,0.3166239509518578,0.2304818604740747,0.13619741109737699,0.2404263225807313,0.2682945153519645,0.5858489237695292,0.3065992244183418,0.37620682194143995,0.38499720307918794,0.38186891551232005,0.45386853657668486,0.18624257003820802,0.4012474064544974,0.31419006041310993,0.2980550587225432,0.04943379816026987,0.7137354323887574,0.2782127095291692,0.15547734912363292,0.20885726662169882,0.16257952148935448,0.42646500849806285,-0.07684038954132444,0.4644039965582761,0.40335733500445264,0.21362308955322906,0.32390419640607054,-0.011079261643694131,0.46239810849919555,0.20052007618262582,0.2209376023321523,0.2274493764211883,0.1268178495860328,0.5914628447509642,0.4224187480555945,-0.40174405828293974,0.12193115601820949,-0.24850947728059697,0.4484034389657602,-0.10296351457696727,-0.06597861565205716,-0.12979506959196882,-0.36525649065103577,-0.1275134432021914,-0.3144669140106804,0.2817644778384173,0.1862426031110106
0.5288129268805134,0.6885313781063532,1.7429769863686067,0.3516832417986266,0.10630711837355526,0.36755842014326695,0.28399092806037796,0.4366636443467266,0.5031827654603739,0.4276886291219641,0.3512194163219284,0.3155829666251142,0.3385221479279509,0.28696016758389215,0.29637122226949125,0.27629370224636884,0.3414887272763848,0.48444515604622335,0.30702466313531046,0.3710243053957481,0.3852300746953806,0.38940618041470687,0.3717402502022609,0.2954406168872423,0.3880408626709276,0.4726601405580907,0.32144181207713807,0.21873835195424385,0.5732179463873028,0.13671246670239365,0.3395245324102157,0.30812685167593323,0.3835180623034509,0.3844208316322072,0.041465618686479064,0.7071668744995665,0.13254669731521876,0.23831640352020464,0.21075584799138058,-0.16507420226391584,0.42217082279804996,0.24081983693219128,0.23790770247929202,0.24394017362273557,0.6498558845311879,0.9604820194466651,0.3696181316033342,-0.763080806228287,-0.5771708002737256,-0.2316254012605855,0.22954261034966952,0.06631715937567213,0.03945001580008959,-0.20682481273322145,0.07659200003254228,0.11880952560279975,-0.08023940814963011,-0.22121989511269752,0.10783701785782657
0.12528454769399336,0.19590884952743684,0.3516832417986266,2.0551629769601054,0.42323388931553174,0.4917183039325556,0.5452513929061675,0.4530775432366102,0.2830287018268658,0.46314020824426366,0.4786902669273287,0.5895916669804179,0.4690031553861725,0.5244638093969183,0.46405497628426656,0.4544378198565247,0.41387909815782953,0.49056114762687403,0.3786201387870311,0.442541954832886,0.373411865221714,0.40021630566863375,0.42953908841367555,0.2887085672520837,0.41879725152142616,0.5289524243274291,0.3984214422640308,0.12211475798665353,0.69208635881836,0.2932630445819441,0.2554770104649449,0.3597374806815091,0.1018563058654059,0.6794302309743546,0.17865193206744653,0.4967220125097216,0.30170837443049214,0.23327836939752927,0.3886423931994587,0.15941715025877654,0.34660048493725554,0.2909662140406889,0.35989644228799256,0.360688042881742,0.2448516686214815,0.4951043460089995,0.4528194418599902,-0.356637921792837,0.08488139454043887,0.12342093744669438,-0.2048263298315387,0.10816883660737203,-0.0010732571131897772,-0.14663428621046878,-0.49347425123111194,0.06169011627055266,-0.08158895035258774,0.40268363435043764,-0.31994448016545624
0.5089965604672976,0.16379215966434305,0.10630711837355526,0.42323388931553174,1.1934896813391787,0.3133033678558028,0.36677873353295176,0.28892540197330335,0.28545018896176516,0.32713533016723206,0.353827054330369,0.41934912338213437,0.43797123874412536,0.34573132193562434,0.5510810121459387,0.3912964567374745,0.284513919287183,0.23846463894718917,0.5282124530276098,0.1726428626687795,0.2848070871110907,0.33056605715830073,0.23979055338873845,0.2533270390235676,0.042304996527424955,0.35429627981878176,0.23865975755276664,0.08207042057286872,0.4243438316283705,0.12520779278313926,0.20525878716728535,0.2822083929469474,0.25396309494378033,0.36264870045000697,0.07802873223512699,0.4044350349021981,0.25044800977898957,0.1054207839513276,0.25496538682208425,0.14592776865808962,0.2364886812372142,0.23298023835534384,0.20397805056301604,0.08612185158639418,-0.034654628108397256,0.346008768558471,0.21102134584586849,-0.21432540816833875,0.2648303371670216,0.45054453481530937,-0.41239026739875695,-0.19281886444879517,0.19542149537857248,-0.04103367437899416,-0.11647088189372354,-0.12394324067514859,-0.15858822180704688,0.08395901542817216,0.1853618241166245
0.2630933539156345,0.3790225416765745,0.36755842014326695,0.4917183039325556,0.3133033678558028,0.8472205003972508,0.29442074570964377,0.5545911719634564,0.3849702647031003,0.40212158894724576,0.4563994632664467,0.46365290778145596,0.41973736756542307,0.37477761506661794,0.29060310567643954,0.376754145006025,0.4149885148230078,0.4529750707921973,0.5067397649841587,0.464818526787768,0.3352437806798568,0.45542665238454516,0.41399439671224597,0.2632609337092913,0.38350961494675884,0.4828568518632471,0.35867193096719946,0.08912763780852759,0.6995050763232978,0.25652988621443307,0.2402910243091276,0.40474711837960026,0.06957554816904479,0.5647351975412523,0.09255295275761431,0.39329578576254937,0.30423305087408214,0.2519649812591217,0.42811870414316777,0.17082532136657544,0.4148477305118799,0.25586735357025436,0.30626979586957215,0.26440639541143945,0.10438071274155679,0.5435437758195802,0.5155566519297983,-0.4269366785789393,0.5296065255550587,0.23625285557375464,-0.19137451877153325,-0.0002376133740819757,-0.10898241468657993,-0.04388400421433173,-0.39185565366497815,0.03912046965648971,-0.048252322731659684,0.35698640641096435,-0.25310393701763656
0.4924029901527607,0.19854595032603603,0.28399092806037796,0.5452513929061675,0.36677873353295176,0.29442074570964377,0.7215182691470937,0.3411097261524166,0.36451696655767296,0.33297117811976434,0.40125430543994167,0.4799378841168519,0.3603003690710652,0.3310042948408365,0.31484343659670094,0.36582111183834504,0.34457426980600536,0.38641938900521566,0.28120429368546157,0.2640356245494452,0.30294543505786076,0.3396373640039742,0.29864048046686764,0.21556355114824755,0.3257806527824448,0.4684759794858471,0.3029444363740907,0.11906154688300351,0.43083597522504,0.19351836037868786,0.24175113855805447,0.2234337002169997,0.224089572499008,0.35851784630637396,0.14565578982599472,0.4749636001013842,0.17014357147222528,0.14717176828588996,0.32320562160683713,0.14329752265214615,0.1827802056104601,0.24918177361274907,0.29147609052123447,0.1845475624848771,0.17562329438324562,0.3947672590896826,0.2216054799468993,-0.23409964619491042,0.2610298015488816,0.0006776395075868335,-0.12181351547539641,-0.03563290862821275,0.18250858384196658,-0.12990571612253365,-0.17011561386776844,0.14484108028388734,-0.01647968334204251,0.2353667034221264,-0.4359047516685935
0.3143302527275959,0.417236741408031,0.4366636443467266,0.4530775432366102,0.28892540197330335,0.5545911719634564,0.3411097261524166,0.8810645914945427,0.18761938222499436,0.43072459203394864,0.45398589501481434,0.270499466309827,0.4354152846755943,0.35430864833414843,0.16533088815048666,0.348533879199751,0.392411358035842,0.4857812081652482,0.40577836381983023,0.46180583040651035,0.3196700411926013,0.4774932162725689,0.4664469075659996,0.2496087873790621,0.409446245422235,0.4350405251948935,0.3474424561434258,0.07465016648743976,0.6652079308406981,0.34771049036276636,0.21558005690638674,0.347470747526344,0.06174895989664591,0.5290788686358486,0.10263033477593009,0.41805583162213217,0.2535053923025824,0.24749538036016494,0.5271994157215866,0.15549156957235316,0.4236522548274879,0.2433480774587821,0.3633897407990341,0.3256269545311919,0.23949930167501354,0.5327765821458744,0.5476479827419298,-0.3938400200138743,0.49773568137494867,0.12164746312658141,0.04185230258858397,-0.12578800030590545,-0.0013716882557930528,-0.056278773598711015,-0.3387680469345949,0.03871745497587112,0.006755770584987626,0.38376673604825573,-0.282651496526024
0.35697991959406994,0.2482748151423746,0.5031827654603739,0.2830287018268658,0.28545018896176516,0.3849702647031003,0.36451696655767296,0.18761938222499436,0.7953210070770794,0.27213868007001024,0.3420637521202147,0.3862028207386067,0.30711450624666525,0.309803041953018,0.34210331181772485,0.3158194615588345,0.31504438740874857,0.32690450469106236,0.31827228931749213,0.29316919654499335,0.32612904652969843,0.25927974468224085,0.20096062918118285,0.2598404628350312,0.17356271149066996,0.5413174428776606,0.28805395503798864,0.23265721328226108,0.32330168339584336,0.141727832081504,0.32547480009968827,0.28668601295698976,0.3198040506090687,0.27664909380916924,0.19715284521001905,0.5021610503440419,0.08255499623143231,0.16696970968497252,0.14755947481327747,0.07111159599701045,0.22398814297070996,0.26345657471757833,0.26572417685680105,0.09824121825262065,0.3084258245746424,0.5072254534336429,0.2429164998539819,-0.3558083372705998,-0.10192746893738185,-0.06859202490024334,0.0004804584270173055,0.06323766208740669,0.06122002599680446,-0.10259257775646083,0.0549436099490655,0.16944083240819688,-0.1087933558703854,-0.07045416864332621,-0.058504537784143204
0.3573245442716306,0.29956241518733423,0.4276886291219641,0.46314020824426366,0.32713533016723206,0.40212158894724576,0.33297117811976434,0.43072459203394864,0.27213868007001024,0.8842145837098313,0.4066142297194511,0.4724323700623783,0.4055983510232607,0.3392242194182712,0.385617712241872,0.38063871708662145,0.39247080923808664,0.46512413319248713,0.3419580638791914,0.43685183776964565,0.3296671322598002,0.3866293044196239,0.41837464538360536,0.2695931546686972,0.4313956921792541,0.4005971061554437,0.37215847663977125,0.11002207680473862,0.6680894178313881,0.3327224075903382,0.2625460265055883,0.38308017403636274,0.09200317232657512,0.5915065614780994,0.18215905676236394,0.5585052265326782,0.2474439758770411,0.23712760277690184,0.36359682029788004,0.17451423924628,0.4708486616808393,0.2989282203446801,0.2600399499214927,0.2204098192895144,0.18064471400856816,0.6401674424882944,0.4911221263965294,-0.5278020501219253,0.39332517518783006,-0.052233181302582726,0.019007762573795203,-0.11485916467743977,0.0932503639673124,0.0060819621355590785,-0.21639487272067065,0.10336334228940923,0.07463391632246716,0.11908694338845711,-0.2974120808340549
0.36335316722714656,0.29335862924112743,0.3512194163219284,0.4786902669273287,0.353827054330369,0.4563994632664467,0.40125430543994167,0.45398589501481434,0.3420637521202147,0.4066142297194511,0.6024114323236179,0.47810158854727985,0.4125203913027847,0.3813710114541052,0.4343515597854418,0.3872529531653727,0.41865160341882796,0.38646386258540383,0.3748646364900506,0.4428520032248561,0.3443022823638754,0.3421049060837222,0.32269750413222803,0.27547351694731015,0.337164871346288,0.44430123028522706,0.36133220505315733,0.1535315359224891,0.5388807022131292,0.2755420808045597,0.293749210954234,0.3417423508543152,0.19185887816490768,0.45249549792259514,0.19491341700896633,0.5015211812951942,0.22376933522793785,0.23545855763458895,0.3749453147421782,0.18859288527638932,0.32909719184979863,0.283764669260226,0.3019358258852234,0.2038330692552745,0.26071623162974683,0.5427967576622564,0.3993322492988223,-0.38827226496452755,0.2849148359891699,0.00044122441772078314,-0.04145245363020521,-0.01372940593160747,0.12029177509396051,-0.07271133340596986,-0.2909457949966281,0.1062409272602012,-0.04336814349150517,0.28500241099743606,-0.3377553874039492
0.39751683697115486,0.2750366343187219,0.3155829666251142,0.5895916669804179,0.41934912338213437,0.46365290778145596,0.4799378841168519,0.270499466309827,0.3862028207386067,0.4724323700623783,0.47810158854727985,0.8769217395945648,0.3874001106091297,0.3766947501195732,0.4861629325893367,0.42672130288121657,0.4106661173724657,0.41102409952458124,0.38056551309625564,0.3787655394931279,0.3237803058819759,0.31743671127831136,0.36761478658658625,0.25320567991422593,0.3823132078097177,0.4522552914372652,0.39533054649659016,0.048657554399973976,0.5358705022673709,0.2151791168475365,0.22132905777831352,0.31166770194682863,0.20803573661952074,0.47223308809308506,0.06491032292567875,0.49294953448799095,0.21825651867853355,0.2051631229386722,0.34088419886578186,0.16706773818790752,0.3229064889919085,0.25481015738330803,0.23667064208364844,0.1969275246980008,0.0443691306912682,0.5193768350235736,0.3585520328228719,-0.35614771325570127,0.5124443278329361,-0.10881871421170923,-0.09995593297121881,-0.05521727142253857,0.27918391594777187,-0.08887300900417887,-0.43127217937441975,0.13413376189199594,-0.06470833380047264,0.3660734106320522,-0.5323712865820595
0.33774463290002643,0.3166239509518578,0.3385221479279509,0.4690031553861725,0.43797123874412536,0.41973736756542307,0.3603003690710652,0.4354152846755943,0.30711450624666525,0.4055983510232607,0.4125203913027847,0.3874001106091297,0.6812770343852662,0.3789602227434693,0.33480053888996203,0.3940121927041662,0.3495320479175862,0.3777657435567665,0.38503558886225725,0.3284479182454834,0.3373906986894762,0.4538035239257254,0.37404831045363823,0.2900148834338541,0.3237803885831407,0.38886789986231135,0.34111471745941896,0.16471931959823014,0.6013220669653908,0.32914475087311285,0.2197805386327451,0.30486681772193475,0.1852497288405662,0.47025909765395146,0.22538380098944236,0.4809321693629049,0.2308768393227772,0.17417769549482984,0.41339451796317145,0.14415028222356582,0.3440475851291297,0.2567526940179186,0.3220909024454999,0.26143913657371,0.18428448201177344,0.50761896123185,0.3981521618442157,-0.34775483448253086,0.24958228169352584,0.10998372341700932,-0.058294677452741625,-0.092770425987844,0.043276803515401044,-0.06922902698425537,-0.1183431616906509,-0.028881893646154077,-0.13552242434177683,0.06942356270896449,0.037727274409087116
0.4041832958186225,0.2304818604740747,0.28696016758389215,0.5244638093969183,0.34573132193562434,0.37477761506661794,0.3310042948408365,0.35430864833414843,0.309803041953018,0.3392242194182712,0.3813710114541052,0.3766947501195732,0.3789602227434693,0.6889296351058676,0.4857565925781024,0.4099496005460882,0.3039460618023855,0.2750439599584982,0.32051475321740386,0.39483969746841124,0.3267488111482015,0.26345321656270027,0.20642678861932034,0.24797077193452458,0.2564434696667695,0.4161306612921744,0.31773340345748236,0.16688847016549746,0.4843208251530448,0.307415280080163,0.25784552304004155,0.2873778944230934,0.1982569605722562,0.35141620877740104,0.1738461599290266,0.4126132182615364,0.21216720798090172,0.21037544240095693,0.2508287533559309,0.14443971518891865,0.3727406080271873,0.2591359771435451,0.32703052189362075,0.151484499316758,0.15754260228934808,0.483666036397527,0.3854705219016856,-0.37489940923279647,0.4174323664653575,0.02230314391538288,-0.08979639942708341,0.014278644970240732,0.048557713764487836,-0.04212605686569175,-0.2667727917488422,0.05687990470281814,-0.15487644196511094,0.3063919730436664,-0.050407172995219816
0.4648856008299609,0.13619741109737699,0.29637122226949125,0.46405497628426656,0.5510810121459387,0.29060310567643954,0.31484343659670094,0.16533088815048666,0.34210331181772485,0.385617712241872,0.4343515597854418,0.4861629325893367,0.33480053888996203,0.4857565925781024,1.414559685004977,0.3655126093987839,0.3538072670691326,0.13797569809595667,0.35839236966994603,0.3740725627713185,0.3405035291398732,0.10624366529993039,-0.031115347050990234,0.28344734665552157,0.2635998337590671,0.35231493854826845,0.3354021212717476,0.3324034103634739,0.36151025498711487,0.34151140221397147,0.33530916267394395,0.31413635873060936,0.341462823890139,0.3172892991602299,0.32658880594007533,0.46079991101366613,0.21400201204055022,0.1779877589859068,0.20728396738997992,0.1498653370568445,0.35760148912318546,0.27854241434353794,0.33909032267372957,0.04638908670542314,0.40934234277211506,0.5378235487074389,0.2778786864189942,-0.41054203101195214,0.2745636925116256,-0.06291643755341304,-0.31522324527310963,0.30218334941027925,0.10402900984933418,-0.012378159635291977,-0.0015128308048790264,0.26056325390881957,-0.3004105856989065,0.11143077913015677,-0.14393465877766914
0.33987343595841196,0.2404263225807313,0.27629370224636884,0.4544378198565247,0.3912964567374745,0.376754145006025,0.36582111183834504,0.348533879199751,0.3158194615588345,0.38063871708662145,0.3872529531653727,0.42672130288121657,0.3940121927041662,0.4099496005460882,0.3655126093987839,0.7180553889914735,0.3711075963868279,0.29299509310390265,0.35918417820174814,0.3249155204879758,0.3027689367766429,0.32984157919753565,0.20129452783400684,0.245037163916138,0.24236320694065275,0.40571975789240616,0.34418693124461025,0.2109804156127499,0.5051559483785818,0.23551681173084715,0.2350859337181205,0.28897195743552456,0.15840090459988132,0.4086615526760383,0.26005610140887186,0.4124535294753039,0.2282544859280082,0.16697382494758536,0.2933940708954108,0.21155891189508252,0.2852990114304683,0.2874993072669878,0.28360344429241396,0.14641874717742923,0.17168421369260767,0.4323428188146942,0.3423634394116487,-0.35526123199441534,0.30803359147643494,-0.05083948775703263,-0.1892541810081951,0.1125185295306284,0.002638837812395995,-0.00040640802080966896,-0.22819665777906473,0.030929571046209636,-0.11295568509407582,0.2236525166395754,-0.08908003944317057
0.27473186891500306,0.2682945153519645,0.3414887272763848,0.41387909815782953,0.284513919287183,0.4149885148230078,0.34457426980600536,0.392411358035842,0.31504438740874857,0.39247080923808664,0.41865160341882796,0.4106661173724657,0.3495320479175862,0.3039460618023855,0.3538072670691326,0.3711075963868279,0.7329243095162089,0.288463495193373,0.33449684209364233,0.5061146801393761,0.3294568894677073,0.3503239935063376,0.24093753233912676,0.29166929117359996,0.4813318790420525,0.34813947702587655,0.3328475062220499,0.24746352290439558,0.5506310174544203,0.29277189678762267,0.261598033458659,0.3096016481387556,0.27080215646791955,0.45592465877616895,0.21644629365293022,0.5034983296287989,0.44486850339325973,0.2801460367023634,0.3578387531208357,0.22556502055051794,0.37462345798438285,0.35805119593681356,0.24832432906177937,0.15409578797552156,0.2541182652718786,0.597727802404815,0.42479934756737336,-0.47392111212469107,0.35446172026377987,0.13067387936088945,-0.10915588707780766,-0.026635444732185726,0.040254333834931426,-0.048872862612680916,-0.30925063775269473,0.032139867284051604,-0.030135091328040976,0.23157772624825756,-0.21770761055684731
0.31305190224812207,0.5858489237695292,0.48444515604622335,0.49056114762687403,0.23846463894718917,0.4529750707921973,0.38641938900521566,0.4857812081652482,0.32690450469106236,0.46512413319248713,0.38646386258540383,0.41102409952458124,0.3777657435567665,0.2750439599584982,0.13797569809595667,0.29299509310390265,0.288463495193373,1.2493810497902813,0.40429116266976256,0.22559263770308027,0.3924016882902018,0.564065635589509,0.7898660127310649,0.1700157503136195,0.5172436753244133,0.5544015282847992,0.21071814862603647,0.005450321495661068,0.8108647430571989,0.16446455046880792,0.4094880507746955,0.2737301256493984,0.021048710058840774,0.6368344752910482,-0.013486071368919005,0.6832716163331176,0.19025426459731462,0.1339402271594002,0.31051978002123864,0.12601222584122243,0.4126138889736087,0.25026873946132766,0.3584636790788743,0.17501327781854792,0.2152947049531018,0.6258973278992522,0.587632561076639,-0.448369089070583,-0.04572495729193297,0.04908881517826318,0.46617828225671426,-0.23615934746402428,-0.23060459884326906,-0.13283060269048605,-0.24600571202023042,0.11338445627863267,0.13049372612947255,0.34958344342360825,-0.6625054075911015
0.3226293807647348,0.3065992244183418,0.30702466313531046,0.3786201387870311,0.5282124530276098,0.5067397649841587,0.28120429368546157,0.40577836381983023,0.31827228931749213,0.3419580638791914,0.3748646364900506,0.38056551309625564,0.38503558886225725,0.32051475321740386,0.35839236966994603,0.35918417820174814,0.33449684209364233,0.40429116266976256,0.7287506368296002,0.22149013914476043,0.2990450844371002,0.4557257144468126,0.364533286745886,0.25275075680175463,0.28400848069052026,0.3017243845281153,0.2576571129393761,0.19567922713140182,0.47490806089806115,0.2321964148716162,0.2415489046304932,0.3347530253340519,0.17380421050297035,0.4186335340793963,0.09828176909277153,0.450513153751194,0.13053695544721178,0.14589148553912576,0.3569798499186852,0.10301286826532269,0.3401954921543922,0.20035871719126264,0.29109574731342636,0.18276634929374214,0.18442759593481325,0.4215590213556926,0.3257497204526537,-0.23983054838299728,0.26434806753962986,-0.024446207339417443,0.22816017604770447,0.1764896454420854,-0.2816332996691597,-0.1184814198063274,-0.15500085383957374,0.006113306194373971,-0.09005547515561056,0.16446897000360788,-0.0651737265624939
0.19453497489738233,0.37620682194143995,0.3710243053957481,0.442541954832886,0.1726428626687795,0.464818526787768,0.2640356245494452,0.46180583040651035,0.29316919654499335,0.43685183776964565,0.4428520032248561,0.3787655394931279,0.3284479182454834,0.39483969746841124,0.3740725627713185,0.3249155204879758,0.5061146801393761,0.22559263770308027,0.22149013914476043,1.413958613171381,0.3656981228538938,0.202710086174393,0.2523634934690028,0.4151274859283634,0.6187097840923733,0.4742826183598926,0.5294984271205739,0.13193141497830532,0.7241133608600094,0.6375611072977191,0.33412048447353837,0.6464677116740206,0.15174244615380653,0.6263543020591856,0.2857204434344135,0.5725608907135167,0.6376239637529965,0.6936485590557262,0.3871481866141111,0.2123531755020758,0.6471036188519358,0.5539843793924033,0.3195209867913792,0.24141243879177657,0.11628166039761502,0.8365010895964905,0.5328449152443033,-0.6993729682476627,0.9660135366599212,-0.10174588417873415,-0.14430579808440505,-0.18111878417402522,0.4514618841048909,-0.050657257977366824,-0.25446116505881516,0.058199982739765815,-0.030627079083826236,0.16500671456171134,-0.08864050252290498
0.34362482701210323,0.38499720307918794,0.3852300746953806,0.373411865221714,0.2848070871110907,0.3352437806798568,0.30294543505786076,0.3196700411926013,0.32612904652969843,0.3296671322598002,0.3443022823638754,0.3237803058819759,0.3373906986894762,0.3267488111482015,0.3405035291398732,0.3027689367766429,0.3294568894677073,0.3924016882902018,0.2990450844371002,0.3656981228538938,0.6637376144756082,0.2996046170636284,0.2562727504331224,0.2941897927442908,0.2990774234408184,0.41733248255266125,0.25634315774125244,0.23871116830570846,0.4254783526681882,0.3380453311206068,0.38009127198644005,0.28255103533209824,0.3953342556359248,0.3300104711515837,0.19053711845124296,0.6022249312929469,0.269109782137243,0.21949930769308684,0.3355291367032579,0.13661265317741772,0.5475282858431391,0.29647929685317187,0.2977319764541738,0.13254141219677085,0.2707582987136897,0.6170676884636714,0.40455687913340627,-0.4280888387500935,0.3810408957326169,0.029228877350188483,0.034884269206419245,-0.0972748069338579,0.08155991289871922,-0.08790240256430704,-0.02241789820208937,0.0372837808669158,-0.1295844069994586,0.03861524061993673,0.01861750519420257
0.23952032197130918,0.38186891551232005,0.38940618041470687,0.40021630566863375,0.33056605715830073,0.45542665238454516,0.3396373640039742,0.4774932162725689,0.25927974468224085,0.3866293044196239,0.3421049060837222,0.31743671127831136,0.4538035239257254,0.26345321656270027,0.10624366529993039,0.32984157919753565,0.3503239935063376,0.564065635589509,0.4557257144468126,0.202710086174393,0.2996046170636284,1.7064536113161948,0.7149684694702946,0.23370787252338895,0.45534794553626434,0.30979401156509323,0.28586341063001236,-0.04255304118359055,0.8119162266210136,0.23614311256591933,0.16069208536646465,0.44034989330536173,0.004080382388432194,0.7033490491410935,-0.08115992566082819,0.41947660146653853,0.10153878878061046,0.1263327626323975,0.5116125731000938,0.09080370109996845,0.278964892130439,0.17333547527437274,0.5836018230288056,0.2906776253729618,0.35502666542415096,0.4054274296021113,0.4764288447961665,-0.2607224887581124,0.16540766979047813,-0.11117590502895597,0.22490313074597423,-0.18463728903142249,-0.11608659199755994,-0.11163696027652958,-0.19424614854843303,0.027066605852519073,-0.07524328543088304,0.2898469910943551,-0.24565920268849645
0.10878179819123956,0.45386853657668486,0.3717402502022609,0.42953908841367555,0.23979055338873845,0.41399439671224597,0.29864048046686764,0.4664469075659996,0.20096062918118285,0.41837464538360536,0.32269750413222803,0.36761478658658625,0.37404831045363823,0.20642678861932034,-0.031115347050990234,0.20129452783400684,0.24093753233912676,0.7898660127310649,0.364533286745886,0.2523634934690028,0.2562727504331224,0.7149684694702946,1.9337030158529136,0.32711173349530465,0.888129437076987,0.08360179430314983,0.24145816644045948,-0.3653531493895201,1.0654690815617278,0.6406537393114607,-0.24128772444711735,0.26600289999222015,-0.09513390648699735,0.8110913613425136,-0.27390251838782614,0.9098208439747275,0.0867881707801687,0.09555622426894637,0.6589694596164513,-0.08160519493314118,0.6298865158880528,0.11337776570101366,0.4486598323076049,0.6515044895315556,-0.03229180793848032,0.5834626317424143,0.6297417043263716,-0.42830051592670665,0.12913986527202023,-0.40063910170356115,0.5816773317383871,-0.4663394741326189,0.3388924916478749,-0.1405519888290347,-0.37442750326121627,-0.07895951543008314,-0.036875021923969256,0.2775499008132323,-0.2244987560564566
0.16426271987103602,0.18624257003820802,0.2954406168872423,0.2887085672520837,0.2533270390235676,0.2632609337092913,0.21556355114824755,0.2496087873790621,0.2598404628350312,0.2695931546686972,0.27547351694731015,0.25320567991422593,0.2900148834338541,0.24797077193452458,0.28344734665552157,0.245037163916138,0.29166929117359996,0.1700157503136195,0.25275075680175463,0.4151274859283634,0.2941897927442908,0.23370787252338895,0.32711173349530465,0.7750454015915551,0.34417174189263633,0.1410544011698932,0.31675930143174286,0.28106587113002746,0.2286079204803029,0.5421965988731127,0.3040687465380524,0.5464366520614852,0.6278757854173959,0.28127593560497977,0.19846865424554852,0.5231047982887647,0.2522497262475141,0.2435354807763193,0.33274325490887485,0.028461706293157796,0.483985532566187,0.2749094205622122,0.23069335413153735,0.23207726471299597,0.20663001586613977,0.6033210070813407,0.39042939292647233,-0.40642436940381965,0.42328516668420235,-0.21178835944126187,0.07524395835817843,-0.08995029316044326,0.3251312754224872,-0.11563497753081531,0.10777132247736806,-0.013803151543785358,-0.08926374332735697,-0.2703466030926266,0.29243365064211807
0.28169201438994496,0.4012474064544974,0.3880408626709276,0.41879725152142616,0.042304996527424955,0.38350961494675884,0.3257806527824448,0.409446245422235,0.17356271149066996,0.4313956921792541,0.337164871346288,0.3823132078097177,0.3237803885831407,0.2564434696667695,0.2635998337590671,0.24236320694065275,0.4813318790420525,0.5172436753244133,0.28400848069052026,0.6187097840923733,0.2990774234408184,0.45534794553626434,0.888129437076987,0.34417174189263633,2.258883879361705,0.08142889275225837,0.32055543233818634,0.16081395473472107,0.9997253342482801,0.8812155751397572,-0.15382660351143537,0.40793890169868424,0.024773279634519325,0.8210760669785683,0.3537555097853423,0.7889878809789678,0.5377642858337724,0.37964303594205817,0.8524388443284061,0.21127007207542645,0.6859995547197287,0.35074100823370025,0.44040473185288465,0.49341205375102076,0.5448361749025936,0.9150338916489965,0.6992673913153998,-0.7362971226622939,0.6344315551702027,-0.635975209322155,0.5551893181557336,-0.06754932476111576,0.14995222383403767,-0.0961507463598824,-0.14697643208072284,0.14241540650801468,0.10260521945537063,0.08074852965833218,-0.3893559467409784
0.3225735836874104,0.31419006041310993,0.4726601405580907,0.5289524243274291,0.35429627981878176,0.4828568518632471,0.4684759794858471,0.4350405251948935,0.5413174428776606,0.4005971061554437,0.44430123028522706,0.4522552914372652,0.38886789986231135,0.4161306612921744,0.35231493854826845,0.40571975789240616,0.34813947702587655,0.5544015282847992,0.3017243845281153,0.4742826183598926,0.41733248255266125,0.30979401156509323,0.08360179430314983,0.1410544011698932,0.08142889275225837,1.8311920195292832,0.39873517508189227,0.20236631880771228,0.6114069199251921,-0.1772047983474194,0.4714203142200553,0.40370596308300766,0.06716315482919251,0.5594623175535699,0.48515288856847905,0.6094491344729646,-0.2651893598749044,0.24132757758329304,-0.45069122583539145,0.16939962405602504,0.1245212982562938,0.47668061672716383,0.3906977487589041,-0.0657618126766737,0.060323866543229736,0.49836950103964467,0.22713007757488266,-0.5013735459530683,-0.4010952377566046,0.3270501098238228,-0.35674855872163747,-0.23303968844991277,0.1065747125325364,-0.023518685771964764,-0.13936493460916013,0.19131409473219768,-0.062368120641567014,0.1850260189176175,-0.2504367670917349
0.25081709925337486,0.2980550587225432,0.32144181207713807,0.3984214422640308,0.23865975755276664,0.35867193096719946,0.3029444363740907,0.3474424561434258,0.28805395503798864,0.37215847663977125,0.36133220505315733,0.39533054649659016,0.34111471745941896,0.31773340345748236,0.3354021212717476,0.34418693124461025,0.3328475062220499,0.21071814862603647,0.2576571129393761,0.5294984271205739,0.25634315774125244,0.28586341063001236,0.24145816644045948,0.31675930143174286,0.32055543233818634,0.39873517508189227,0.8493604513572961,0.11713002812298062,0.46146987462128297,0.2896887436866052,0.23311393366109665,0.5553375888250465,0.13722311079776423,0.46805806541088124,0.20877778309635625,0.42185709492648804,0.20698705777103282,0.2715807128702878,0.27617268145352686,0.12707547169995775,0.3348931634473409,0.30112819877268154,0.2511596502767808,0.22983329807546207,0.03727802525336467,0.5380209831872099,0.3405886772060492,-0.3985367480856041,0.40557733378969574,-0.060160702332137904,-0.10029146177068492,-0.009745057594622417,0.22160490484065953,-0.04481922787229815,-0.2137842549507033,0.06346923648753101,-0.0181171165716894,0.19481670820592126,-0.19078852271330793
0.19392610465557086,0.04943379816026987,0.21873835195424385,0.12211475798665353,0.08207042057286872,0.08912763780852759,0.11906154688300351,0.07465016648743976,0.23265721328226108,0.11002207680473862,0.1535315359224891,0.048657554399973976,0.16471931959823014,0.16688847016549746,0.3324034103634739,0.2109804156127499,0.24746352290439558,0.005450321495661068,0.19567922713140182,0.13193141497830532,0.23871116830570846,-0.04255304118359055,-0.3653531493895201,0.28106587113002746,0.16081395473472107,0.20236631880771228,0.11713002812298062,1.5626271585056952,-0.2995343234026822,0.2547612241852058,0.4283195860182023,0.024878070565336197,0.814525873930472,-0.16764119630628257,1.1961619356447089,0.3800864248929122,0.2706292332405884,0.1252533900179677,0.07672483382800196,0.19789290701449977,0.03977964971616108,0.22441426129670053,0.2124863956094398,0.1625292140597751,0.6088515900211782,0.23836162461526153,0.029757439131125704,-0.14240075940019392,-0.24845363228484058,-0.1984483258075604,-0.1804935024441772,1.0043885276453792,-0.9234829781148527,0.017320356884327443,0.6554162070230307,0.04953995440240298,-0.08574627340638086,-0.6167823130310413,0.5126232549575014
0.3003662888830075,0.7137354323887574,0.5732179463873028,0.69208635881836,0.4243438316283705,0.6995050763232978,0.43083597522504,0.6652079308406981,0.32330168339584336,0.6680894178313881,0.5388807022131292,0.5358705022673709,0.6013220669653908,0.4843208251530448,0.36151025498711487,0.5051559483785818,0.5506310174544203,0.8108647430571989,0.47490806089806115,0.7241133608600094,0.4254783526681882,0.8119162266210136,1.0654690815617278,0.2286079204803029,0.9997253342482801,0.6114069199251921,0.46146987462128297,-0.2995343234026822,3.077112505316586,0.47168790130127464,-0.10629625830153412,0.614439112749286,-0.47523496901737455,1.3648307811161482,-0.339962583114985,1.160878711274557,0.10034217494595016,0.270013576477744,0.4856809622662604,0.331888481137183,0.5959881873135273,0.377570710262218,0.2985186617839561,0.013339711884244845,0.1553351445529073,1.196847820655752,0.7776008408739016,-1.4339255455810407,0.23618405966265912,0.687401153333749,-0.36227153400580997,-0.0476331681492865,-0.42187021983276013,0.0670533631435669,-0.7078725672625976,0.0044582751991621445,-0.0931222337193369,0.5667566890725197,-0.35134331707747873
0.27201871250973675,0.2782127095291692,0.13671246670239365,0.2932630445819441,0.12520779278313926,0.25652988621443307,0.19351836037868786,0.34771049036276636,0.141727832081504,0.3327224075903382,0.2755420808045597,0.2151791168475365,0.32914475087311285,0.307415280080163,0.34151140221397147,0.23551681173084715,0.29277189678762267,0.16446455046880792,0.2321964148716162,0.6375611072977191,0.3380453311206068,0.23614311256591933,0.6406537393114607,0.5421965988731127,0.8812155751397572,-0.1772047983474194,0.2896887436866052,0.2547612241852058,0.47168790130127464,2.1001819499419847,0.03925106720954086,0.3826968942188633,0.25195205297501866,0.25562876999341616,0.48256956333674866,0.5969270461012027,0.4023936955485893,0.37659233174636486,0.8627552397754906,-0.048364516647358385,1.1705416195638025,0.278268746375013,0.8054508641186908,0.7627829746569215,1.0015536532183145,0.7792515034926183,0.9492577496107126,-0.5745792561130534,0.7054887321957146,-0.5271332099383229,0.3315488808423896,-0.2803301161272948,0.4673247378082974,-0.014214155270480073,0.1796187584184477,-0.1585074229741241,-0.2037437660479249,0.05422942341012947,0.19463768569142828
0.33188966806884085,0.15547734912363292,0.3395245324102157,0.2554770104649449,0.20525878716728535,0.2402910243091276,0.24175113855805447,0.21558005690638674,0.32547480009968827,0.2625460265055883,0.293749210954234,0.22132905777831352,0.2197805386327451,0.25784552304004155,0.33530916267394395,0.2350859337181205,0.261598033458659,0.4094880507746955,0.2415489046304932,0.33412048447353837,0.38009127198644005,0.16069208536646465,-0.24128772444711735,0.3040687465380524,-0.15382660351143537,0.4714203142200553,0.23311393366109665,0.4283195860182023,-0.10629625830153412,0.03925106720954086,1.5102712017172528,0.3859443791053567,0.4967290183756006,0.139427396495801,0.3124123404771231,0.3582629193223182,0.2230257831803283,0.24080712658717782,-0.01598574397402878,0.1415305438617041,0.23975604045322477,0.3227829016623681,0.13067203218503604,-0.06589225945385402,0.34349851309044904,0.5375883649256469,0.28378161925046175,-0.3017681051546778,0.06021803667497667,0.2564220537031369,-0.07412888582422353,0.17952186930282818,-0.23951006293944094,-0.10013004809179048,0.136326985897393,0.20781969887084628,0.20652996180246747,-0.142709144692138,-0.30952491762024664
0.07199694705451314,0.20885726662169882,0.30812685167593323,0.3597374806815091,0.2822083929469474,0.40474711837960026,0.2234337002169997,0.347470747526344,0.28668601295698976,0.38308017403636274,0.3417423508543152,0.31166770194682863,0.30486681772193475,0.2873778944230934,0.31413635873060936,0.28897195743552456,0.3096016481387556,0.2737301256493984,0.3347530253340519,0.6464677116740206,0.28255103533209824,0.44034989330536173,0.26600289999222015,0.5464366520614852,0.40793890169868424,0.40370596308300766,0.5553375888250465,0.024878070565336197,0.614439112749286,0.3826968942188633,0.3859443791053567,1.7941782032349713,-0.10618143358705683,0.8160391701827455,0.23098830684857755,0.648105710283139,-0.1212375515631679,0.3605370917402753,0.270446353470783,0.2172789068874829,0.6005335020684707,0.3935535546461267,0.25157743532002375,0.024545077024861566,0.19720607536437243,0.8399525295449634,0.4969255728704403,-0.6860342582063579,0.5776299485147982,0.01771742307378317,0.16766046026022094,-0.1641589083963856,0.17531024720660326,0.00959047601186232,-0.13251564776583488,0.24128749916939024,-0.0673234572360747,-0.012212087701151984,-0.09023489557443762
0.45333889863594273,0.16257952148935448,0.3835180623034509,0.1018563058654059,0.25396309494378033,0.06957554816904479,0.224089572499008,0.06174895989664591,0.3198040506090687,0.09200317232657512,0.19185887816490768,0.20803573661952074,0.1852497288405662,0.1982569605722562,0.341462823890139,0.15840090459988132,0.27080215646791955,0.021048710058840774,0.17380421050297035,0.15174244615380653,0.3953342556359248,0.004080382388432194,-0.09513390648699735,0.6278757854173959,0.024773279634519325,0.06716315482919251,0.13722311079776423,0.814525873930472,-0.47523496901737455,0.25195205297501866,0.4967290183756006,-0.10618143358705683,2.374286930128371,-0.5725337424192729,-0.15217130685900554,0.5363453424600764,0.5836932651127785,0.15007482137356204,0.12147190563688476,-0.11076093093451435,0.21196973725847143,0.24722808287188475,0.13106670452594657,-0.023497038328456045,0.12100793326309282,0.6430563233302556,0.12922972324292062,-0.3920449535363456,0.6011768993300222,-0.32978549776592614,-0.07357678239502646,0.026634013088513486,0.4858314387096747,-0.318280644977176,0.42205140340552033,-0.044365771382735855,-0.109914430349381,-0.4649726263660944,0.41603281211405424
-0.1484522206403896,0.42646500849806285,0.3844208316322072,0.6794302309743546,0.36264870045000697,0.5647351975412523,0.35851784630637396,0.5290788686358486,0.27664909380916924,0.5915065614780994,0.45249549792259514,0.47223308809308506,0.47025909765395146,0.35141620877740104,0.3172892991602299,0.4086615526760383,0.45592465877616895,0.6368344752910482,0.4186335340793963,0.6263543020591856,0.3300104711515837,0.7033490491410935,0.8110913613425136,0.28127593560497977,0.8210760669785683,0.5594623175535699,0.46805806541088124,-0.16764119630628257,1.3648307811161482,0.25562876999341616,0.139427396495801,0.8160391701827455,-0.5725337424192729,2.057902428545764,0.22512671906965384,0.6788988476405627,0.37416772522961966,0.2763260274597648,0.33654725314355166,0.2241594269697992,0.6477891657237995,0.4614089737610776,0.5483322109250571,0.29593354226674645,0.18207244725269575,0.5756347155793929,0.6140933638204111,-0.49166791999547615,0.23156708683005656,0.054086905854839336,0.06654270978193778,-0.1660756461863608,0.03090059537720084,-0.046738429854097215,-0.4676796349387637,0.1235936401680216,-0.1391016981868887,0.34130357980217657,-0.24898078569587964
