1.0078854015239058,0.23796013935792718,0.4169451864501018,0.011841046323077115,0.25041186519677866,0.1595453860079631,0.20361505914273068,0.18584084640341866,0.09956951653703872,0.1859000208994643,0.12837933206162483,0.16645190242956034,0.09923956301811467,0.2002851506017956,0.1550763625811974,0.1470841127330098,0.0762649364391748,0.20858023233907164,0.08621948985089602,0.10642167564528165,0.10718152680279891,0.1671738159654265,0.15249509035040654,0.0446725290542252,0.1917376076395577,0.14651669459674646,0.10748918957056339,0.055382911147103295,0.1617781896486191,0.19311198766685073,0.1034587805373699,-0.00022055053351350984,0.095644518327748,-0.025056779230950354,0.13844272005568212,0.046026957428904315,0.11548590568395284,0.13455429377081887,0.17617044156410833,0.02543141463572861,0.08921553932375852,0.08405031104819131,0.1283496294117006,0.13323117069755452,0.04975725216033044,0.08240876450834761,0.1829380952507775,0.0055542794045982,0.23489177312777804,-0.1219130650602929,-0.0017107428890385853,-0.028761633697546782,0.1084747186282015,0.03444816024918439,0.027773992221063557,0.004457625330826418,0.046993885506857694,0.10543211214938872,-0.22169144557037984
0.23796013935792718,2.912525285835053,1.6025100619701427,0.13094102777846833,0.12092486881921805,0.2567099319862616,0.13706079843200392,0.3266128900513588,0.1537728599678667,0.36613143096126344,0.2479770863391976,0.2792608248794031,0.21159064681358883,0.23280369397847858,0.2730183678725829,0.24064355727739165,0.3692733380104866,0.41611159001411424,0.18929301988527827,0.4672799621695171,0.34240380713271407,0.27854752986666836,0.2295974807945182,0.2932375398498726,0.3341601255193157,0.2830510723071711,0.31648399517988396,0.3175010982401979,0.8007580433029619,0.5367067295754211,0.047742530313103486,0.105898901404769,0.3263403153912193,0.3272922426625852,0.47102586744574154,0.24973440648817624,0.5099109873377871,0.10610387907163,0.3465529365834151,-0.07655866754612702,0.37231850546012535,0.28626049452120944,0.4098180815568359,-0.006440310119001512,0.19717350687333207,0.18557329822529145,0.41340117889223293,0.005054871899047153,0.14877478710806447,-0.17439734102078655,0.06396523101088021,0.17337738835256947,0.0344960963964314,-0.01855480904275676,0.32448256292693667,-0.11303625982671252,-0.9367072973404292,-0.20418991434218595,0.6431581574364931
0.4169451864501018,1.6025100619701427,3.8488532769003,0.06732313191650764,-0.06585147980674619,0.3970795290823716,0.13864510951706366,0.42396218275637115,0.30494360340964144,0.322629191844221,0.23961963683104082,0.27752751915841684,0.18399451208314022,0.2539318466072299,0.31789132186038277,0.21675326880653828,0.35953656248770816,0.42091159279062274,0.23108682869899416,0.4068545851716021,0.3108538120584196,0.3682397873611733,0.2580953994114395,0.3643234208399506,0.39918537344588156,0.28325295410681245,0.26858629835735304,0.37416862724647926,0.8276707438008057,0.5056507234982849,0.25247937396273734,0.1913865056944288,0.2711176557103909,0.29729764510513207,0.6738577401665741,0.3956733889347851,0.3392517667096208,-0.06665786508121437,0.5052139354136078,0.26082916198650447,0.37164718091902743,0.3094921165584616,0.21333866710494853,-0.07434893096591509,0.4271584145214797,0.4125974894881436,0.47324166781229354,-0.053461895628704265,0.3626411484980468,-0.10465794722401765,-0.006453343186373082,0.20173703371779356,0.033003656148051314,-0.020961207951028314,0.12499433910033585,-0.014262801070398871,0.1750258720000193,-0.10342005785834953,-0.33682532539377563
0.011841046323077115,0.13094102777846833,0.06732313191650764,2.249379212854307,0.23541789485047207,0.4663077294759607,0.3005603999911012,0.41162129671398573,0.22743513265852483,0.2828475118269241,0.37490769847830663,0.5057985721060256,0.29534718343910876,0.42795494058073824,0.28549965408729144,0.46101219195578863,0.3087257797844837,0.18571274904160542,0.33100873612838866,0.27506748595908037,0.2721429402527187,0.37445965987336,0.2582247743624495,0.3232994312977546,0.30340023386396303,0.3642710490097301,0.32688759272076684,0.08261947828566693,0.15629554200970916,0.1485550386389618,0.15044322942904567,0.32127404066631676,0.35387132149062356,0.27825449922381046,-0.3504356886862798,0.05457668475752995,0.21831802977390186,0.4120584997721698,0.39818605691113007,-0.20866812414857672,0.1275559623839955,0.2641513603894747,0.294879651909488,0.6935717558904384,-0.06604347588440589,0.08984680352402499,0.2585163111440017,0.033873793326028814,0.30120995235103265,0.049035115629814406,-0.0245714880814577,-0.09830567366567468,-0.11147683725570186,-0.10030649064463089,-0.17668071561308807,0.0035143169948264026,-0.06899808487246188,0.20969696307161004,-0.12063117811425765
0.25041186519677866,0.12092486881921805,-0.06585147980674619,0.23541789485047207,1.034780927743618,0.3895079775617563,0.30445888239851027,0.32203783260228575,0.12686663457013123,0.17098692751499298,0.259798672915374,0.33659980095586106,0.201187737777654,0.18814182357838963,0.1785239535927737,0.2628230376658399,0.14595797326680116,0.17507267192679596,0.1736921052152848,0.19150622001378456,0.19538217444495773,0.20330972323609176,0.16085090571485428,0.19869900453253922,0.1697641304481647,0.31559781619513266,0.20087296071668906,-0.04171080213965277,0.2234134405006072,0.04931891385951927,0.07136620590656984,0.2805488848695305,0.09416801170942789,0.2896366307093166,-0.07798552213074267,0.05815523590641848,0.01894067772890188,0.212530222987518,0.2393867281308763,0.06616395487138518,0.08933903043001903,0.20975023221744743,0.11890544866285627,0.25022894866408163,-0.04065020439132063,0.033039590480292425,0.17205711744572652,0.010230128222009345,0.3440026811776743,-0.1432846706771741,0.05265447685560149,-0.1526865032283723,0.14716754678739535,0.12028946801893993,-0.15408996630796917,-0.05850011870583411,-0.015681953040455075,0.16026122436873244,0.002349031842984294
0.1595453860079631,0.2567099319862616,0.3970795290823716,0.4663077294759607,0.3895079775617563,0.8629325624398975,0.22157628760075285,0.40888160114971267,0.212437254736832,0.11023449128386756,0.31870768425019264,0.36973998434921257,0.2153553880027275,0.20102133310402456,0.24109366254248787,0.2533582362893401,0.22591948665118758,0.20014614397437486,0.24039716255077162,0.33240290616636076,0.23854331176488783,0.2801060303281402,0.18160875666646156,0.28658323120326057,0.26425879431861493,0.36930163206859995,0.2730592367194097,0.1623176512242916,0.4283386236675385,0.17149896775642165,0.12870174320273023,0.3498670961346588,0.14774246862719217,0.3199443009551064,0.11444788100291145,0.06300683841577745,0.14782727178874314,0.25412391507628557,0.3367368583029112,0.14313191601789046,0.07536316117387103,0.23489608136880732,0.2785086703794961,0.3295050996065659,0.13404648051449677,0.149640592089129,0.28896433458481635,0.005887606890644095,0.3438643734208041,0.17133966101708178,-0.16478153344008548,0.004136448043007195,-0.1878453205373727,0.04229719055764411,-0.07456349954955062,-0.08296081474947224,0.08609795154447607,0.2846644586889403,-0.20557163455612554
0.20361505914273068,0.13706079843200392,0.13864510951706366,0.3005603999911012,0.30445888239851027,0.22157628760075285,0.7227528443994776,0.1551070715172357,0.2689184368856103,0.07173709869924741,0.25221528037414936,0.3635088367310518,0.19840817967579835,0.1652539749203676,0.20092460520132807,0.2404956246385695,0.20630478289451057,0.14477510559068435,0.16499931074263904,0.19696775612305129,0.21921538615503955,0.2683614581412301,0.13082046789291088,0.2311517775286975,0.21334344776466801,0.2899831812180261,0.22417825617190568,0.0667926504805239,0.20048920905841117,0.17647149783638003,0.13841450079312528,0.24157958869871507,0.17783854904669352,0.26373614523735833,0.11330756717321885,0.12758521558662558,0.14055105489370207,0.21061691602279073,0.25928070965386485,0.022772670260435595,0.15619146236889167,0.21430256309314272,0.17381084898980395,0.22671315506537676,-0.001957845704376377,0.14857210339827961,0.14849022399524464,0.002586208519077763,0.3324599413897805,-0.05952262838924612,-0.06256327012463159,-0.09569046680059888,0.16078127311839854,-0.04531900575471763,-0.12738785501523667,0.019764597386711418,-0.03378397177556298,0.1407603944651967,-0.12198053122927278
0.18584084640341866,0.3266128900513588,0.42396218275637115,0.41162129671398573,0.32203783260228575,0.40888160114971267,0.1551070715172357,0.7547826649295343,0.11683895431415006,0.29082046910821124,0.3055426937448235,0.12347764690414445,0.2391056286010631,0.24094015090457238,0.21181046723694663,0.23422619453631938,0.26539662780518475,0.25895022486475305,0.2564412398068268,0.3003800735996025,0.2311560117100274,0.2448415792042379,0.20436228866575645,0.28954459231772856,0.25604735142260865,0.27472048879703415,0.2359390798745535,0.18431678487464828,0.35052707349274637,0.3453897350443795,0.1968401719034415,0.16985155122730564,0.22242270263854824,0.26897395123348855,0.2352107145153963,0.13378456992876767,0.2846508370416784,0.23123890197925,0.4121845091991863,0.21187820800257318,0.1894605847102605,0.2155744180308515,0.26014977237144765,0.25009748125744113,0.22224202440523722,0.25451741945097933,0.39675865619020095,0.01634992003756372,0.35119693004703306,0.06241620285391012,-0.0775998069511184,0.13826372643340198,-0.04332569320060498,-0.08316704084310338,-0.07270009463332867,-0.1779190787390116,0.23285201163208197,0.2895035437734416,-0.2777144663404594
0.09956951653703872,0.1537728599678667,0.30494360340964144,0.22743513265852483,0.12686663457013123,0.212437254736832,0.2689184368856103,0.11683895431415006,0.739979397158991,0.1481531065679947,0.21889914074625982,0.2483682012408772,0.1664536734410684,0.21294318808193552,0.2924894661007334,0.2149822407608305,0.2531093936965231,0.12119752745588279,0.18922677051434914,0.2265885458928154,0.21693426594932888,0.33940615418405323,0.13062291438790102,0.24802636117600116,0.20408114059391724,0.29706630091815794,0.2332782717760066,0.18734108046026318,0.0911757526503442,0.25362083508090233,0.266918344916054,0.23889830847049948,0.24041340111323273,0.2013942838860574,0.19499483533350406,0.1797524989659003,0.26206584582340303,0.2615442583815933,0.24876366640043615,-0.022910629008042492,0.2347826088987937,0.21179724433919753,0.20720096696647075,0.18037056159910772,0.02444845028121604,0.2069143195642036,0.21984763826425585,-0.0001600212816110897,0.3572662120925234,-0.18788538210900907,-0.037704733041224237,0.18829991208168917,0.07287569718699406,-0.10909030986201593,-0.08036678676430424,0.11191011789135834,0.04002582028292194,0.060443230247750376,-0.2751000272695462
0.1859000208994643,0.36613143096126344,0.322629191844221,0.2828475118269241,0.17098692751499298,0.11023449128386756,0.07173709869924741,0.29082046910821124,0.1481531065679947,1.4115337957737768,0.2863713035283275,0.3687332357458996,0.18916488320907324,0.33897887937593546,0.28007075635932843,0.29502724550081477,0.3566380146779331,0.4043310505154727,0.3164597904032592,0.056803207046673077,0.129076024452787,0.23154050022407,0.32925247839982086,0.21971293784566592,0.2812794609550907,0.13272348761098593,0.23383712370172033,0.19380210577015033,0.1490922744053194,0.28832864274953185,0.2745490784206227,0.1439560533511463,0.1360763981591614,0.38488783699157686,0.4098700387721042,0.2936005195647014,0.3307761096280391,0.23024624718651376,0.2939547024712408,-0.1564538931312415,0.32751627417124024,0.12730340383257388,0.06758371236992672,0.2469209424455295,0.017359482136377728,0.2124199591834234,0.4032126117799715,-0.019457045535442946,-0.0131958247909727,-0.2552544760904427,0.018384529909070507,0.2094404167344939,0.1229770322440517,0.009729820572154232,-0.012746919656420606,0.09636564664853836,-0.022600861513575796,-0.6405225096514927,0.23503677830477396
0.12837933206162483,0.2479770863391976,0.23961963683104082,0.37490769847830663,0.259798672915374,0.31870768425019264,0.25221528037414936,0.3055426937448235,0.21889914074625982,0.2863713035283275,0.5082650658917869,0.30718173439437957,0.2579699645770182,0.23481386979202315,0.3125258443034822,0.25825885687693345,0.31490275441776605,0.16412430998802716,0.19999960611989498,0.31637444794211556,0.2221765211211121,0.23232101634307353,0.15680953907150352,0.2525801103575862,0.24186214866287642,0.24801307607319226,0.26055116766645076,0.1618352339723439,0.2593070861823108,0.2203502498794401,0.18324364210341165,0.2479007721689846,0.16507426795495062,0.3064132620353512,0.22803611434550272,0.16986334966815275,0.23432480843774678,0.22075417643934675,0.33441495627840334,0.021343544333993127,0.21149947632377344,0.2230739747847573,0.18174489334891156,0.19272842038835267,0.11478430838271901,0.20112798846450222,0.2661319164852224,0.0017326561741298132,0.21442974875117585,-0.07536315019247869,-0.0489142485518338,0.12179269402737038,0.036528936872976245,-0.03085260104238882,-0.06052277422480108,-0.005481877754879556,-0.020762172665436278,-0.006811526969323744,-0.09339622079115371
0.16645190242956034,0.2792608248794031,0.27752751915841684,0.5057985721060256,0.33659980095586106,0.36973998434921257,0.3635088367310518,0.12347764690414445,0.2483682012408772,0.3687332357458996,0.30718173439437957,0.778807268666828,0.16947031099854576,0.22638683309164448,0.23637517364242389,0.2948035936249397,0.2569313041914352,0.24433818784459724,0.2190489860503202,0.19228802201151443,0.20487876450505954,0.2655762335665436,0.21565423491581517,0.21920289624776673,0.29519603249834336,0.32172084828984193,0.2864385591548645,0.058287751819772395,0.25208218344985683,0.09962448300649966,0.099526245683283,0.31021449692813935,0.09199202377106251,0.3486341114760533,0.20220031686209172,0.15741105989552986,0.09452342543473277,0.22222377649022482,0.26768276304974814,-0.11735010592631519,0.17391614026358743,0.19975280601924061,0.16320114839021294,0.2589101442618244,-0.012832665221233672,0.13400165393306257,0.205378644547347,-0.007948119913310387,0.20598100689445253,-0.18266651535469883,-0.012647544659652243,-0.06018976589000728,0.1327095044699781,0.01359802443538892,-0.07690336516549462,0.10198736346499025,-0.1760346561346995,-0.07552438574201253,-0.06939004563770813
0.09923956301811467,0.21159064681358883,0.18399451208314022,0.29534718343910876,0.201187737777654,0.2153553880027275,0.19840817967579835,0.2391056286010631,0.1664536734410684,0.18916488320907324,0.2579699645770182,0.16947031099854576,0.465296127276431,0.2244786271652178,0.15670788890186307,0.23912370508430128,0.24711483589723085,0.12204780616161018,0.20154294401894804,0.212730033498296,0.16909516306058683,0.2594813646977763,0.12130015833742112,0.22552731484288152,0.19450627003129195,0.15908098291396197,0.2058233384945769,0.1824608092954954,0.25477979995944616,0.23988684827099652,0.13773740596432452,0.14992032062480348,0.18634477178938222,0.23233386737782785,0.1803158383357661,0.13764943282366665,0.23716625933694632,0.15701558914687963,0.2599743350362764,0.05215526703548572,0.17670199519756663,0.17504384551951277,0.19010944978281263,0.19894227694764194,0.021886706645163394,0.1993182895208661,0.2228396841379535,-0.000838643603091463,0.24013089642328703,0.09533375486098418,-0.02124662887540458,-0.004091327600229069,-0.06482968043408263,-0.06629289746737202,0.05070895586358343,-0.06833139648439128,-0.003766144913960078,-0.08849785354033061,0.08133482367999983
0.2002851506017956,0.23280369397847858,0.2539318466072299,0.42795494058073824,0.18814182357838963,0.20102133310402456,0.1652539749203676,0.24094015090457238,0.21294318808193552,0.33897887937593546,0.23481386979202315,0.22638683309164448,0.2244786271652178,0.7336681304120366,0.3381298212231773,0.3756950355864493,0.29575520330409205,0.184718328968964,0.17981141799588451,0.2798058408772615,0.1986380265735244,0.2816828423405235,0.20266707985000493,0.23853447185917212,0.2637809011816285,0.23148987152839234,0.1940298345940464,0.2193002495171468,0.12394264109811669,0.296668978954287,0.19639161875742994,0.13211385488272176,0.22361719219986778,0.18784782421504967,0.22900715717342862,0.17923451807274315,0.35335672518021655,0.2701339425287614,0.17211951837000686,-0.012532149845526775,0.2475803449892555,0.2035011135665133,0.3066659342471012,0.23864304602830483,0.11622184283037386,0.20569763019093337,0.3057327706787255,0.006975373932460402,0.26461038198796616,-0.12495568953076269,-0.003459507043925638,0.07021634613194304,0.013705373466834286,-0.03333041659097958,-0.06831184193073511,0.023918025104143485,-0.018070872526248793,0.29171086907878774,-0.34221163036815005
0.1550763625811974,0.2730183678725829,0.31789132186038277,0.28549965408729144,0.1785239535927737,0.24109366254248787,0.20092460520132807,0.21181046723694663,0.2924894661007334,0.28007075635932843,0.3125258443034822,0.23637517364242389,0.15670788890186307,0.3381298212231773,0.8575686283856253,0.2409541182799108,0.3147796188261639,0.14148250332719536,0.19728969741040678,0.352853342274978,0.24410354505347903,0.19375401230135544,0.16576888076428473,0.2786809999309002,0.27685813909888896,0.20997892784700287,0.2502938200647348,0.243695627317316,0.22171067139781234,0.31093935757429764,0.2314782915168285,0.21229678157772464,0.2626942595298375,0.23455459906717052,0.2215396983540864,0.20235475881731899,0.40583059848548503,0.2313405280063829,0.25092172725283707,-0.024724525174618397,0.2723060917428734,0.2422856905086748,0.23059401998599727,0.13604590590421944,0.15258617367438004,0.22561944654579486,0.2933402466224198,0.0111574430018027,0.1766437555847132,0.2639125841492557,-0.14766221899877782,0.1851786078252985,-0.12800838446072244,-0.07108632164760344,-0.056419843738150094,0.051332922863225335,-0.05712104119686332,0.10658543911298136,-0.1887823570031598
0.1470841127330098,0.24064355727739165,0.21675326880653828,0.46101219195578863,0.2628230376658399,0.2533582362893401,0.2404956246385695,0.23422619453631938,0.2149822407608305,0.29502724550081477,0.25825885687693345,0.2948035936249397,0.23912370508430128,0.3756950355864493,0.2409541182799108,0.5463093128845596,0.2960946431087485,0.142986456113112,0.23750161011296117,0.24586892375574682,0.21617003076510344,0.33397141612774367,0.18482974839238467,0.24827214001402256,0.2662340866588752,0.2371424116353605,0.25014889540539936,0.18055947716917245,0.1809305167161789,0.2696886084820193,0.15284138153227822,0.18025710193551486,0.17380016680355714,0.25831442075315686,0.2665275723501825,0.18659943084024427,0.2998240598365549,0.24961320799925824,0.237470827989626,0.033028028020734,0.23781782493363363,0.22674435929703976,0.2538611900707447,0.2885110622259094,0.07043286074831366,0.19442852637951705,0.257981681149455,-0.004094308093120139,0.23789070425246386,-0.18865723817190203,-0.0375762500828928,-0.03133446362789109,0.10304304343630305,-0.026190702589062757,-0.0838261799109141,-0.008409569793584731,-0.0709444704979545,0.11815326421394948,-0.07977761726337501
0.0762649364391748,0.3692733380104866,0.35953656248770816,0.3087257797844837,0.14595797326680116,0.22591948665118758,0.20630478289451057,0.26539662780518475,0.2531093936965231,0.3566380146779331,0.31490275441776605,0.2569313041914352,0.24711483589723085,0.29575520330409205,0.3147796188261639,0.2960946431087485,0.8913854943650106,0.10751984915756742,0.2741119621652803,0.41188944293149576,0.2559021422962449,0.28911078482926345,0.18330612196448412,0.24627382423814062,0.31989651057259083,0.19462974731425914,0.2849802981658466,0.34788511588111415,0.22588208464168302,0.32460348628684227,0.19224889699197198,0.18128388669733622,0.19754607272266758,0.308656727635979,0.35864858680954825,0.27479352340075397,0.44820331975167643,0.30258657943460504,0.35780754007712967,-0.10457152018031837,0.33462149456009377,0.2694797691409024,0.2093368885737885,0.19049662423843775,0.3305988618972776,0.2987421331257273,0.3523361699569646,-0.007969681716629784,0.09422473164265445,0.09093029910050314,-0.07512121362377319,0.27525715275420687,-0.08341830859014573,-0.06142496248077254,-0.29367196476807883,0.025988969655077444,-0.21335796434742751,0.20751276179139372,-0.3803675057866437
0.20858023233907164,0.41611159001411424,0.42091159279062274,0.18571274904160542,0.17507267192679596,0.20014614397437486,0.14477510559068435,0.25895022486475305,0.12119752745588279,0.4043310505154727,0.16412430998802716,0.24433818784459724,0.12204780616161018,0.184718328968964,0.14148250332719536,0.142986456113112,0.10751984915756742,1.1112016735590824,0.2385987614232876,-0.15744070057955215,0.2192175367345848,0.23085608750859327,0.437398557531166,0.21692879014519764,0.1831870725594134,0.2478148389750599,0.06583814972142836,0.22829995866058672,0.26574556923976894,0.1488148853735077,0.3890796184934739,0.04356195524708991,0.31092401662595187,0.2647625837385139,0.1817776142811261,0.20498029658930636,0.33633963260755084,0.22427813561184073,0.1305903767959915,0.24470080741224773,0.16783770113699453,0.1384383462364253,0.2729666091729062,0.08894362317457231,0.3264211335328062,0.3519514478330933,0.5345248159778595,-0.02457159187930816,-0.10099244617662392,-0.05789301049134172,0.028381220342508156,0.39407163056288896,-0.11849484680996065,-0.11941719346887936,-0.09732597734072342,-0.08103567036503583,0.3404590494762415,0.3430275703624838,-0.49062018009261166
0.08621948985089602,0.18929301988527827,0.23108682869899416,0.33100873612838866,0.1736921052152848,0.24039716255077162,0.16499931074263904,0.2564412398068268,0.18922677051434914,0.3164597904032592,0.19999960611989498,0.2190489860503202,0.20154294401894804,0.17981141799588451,0.19728969741040678,0.23750161011296117,0.2741119621652803,0.2385987614232876,1.0102957503479435,0.017192519113050555,0.24338815083458887,0.3357905643947028,0.03392430433609672,0.24051282385897796,0.16564442986292433,0.12984021839935547,0.16291928130513061,0.16573236941001723,0.18562068917459704,0.2959274825611257,0.25664817125460504,0.24498894072540583,0.2660322737449953,0.18838105743750447,0.1294507135926074,0.22655311689403143,0.3109305124412003,0.3214489362047551,0.268138717038066,-0.09966977501853615,0.24933414754450264,0.20532792710161793,0.20113759368962805,0.1901618328311551,0.08253155726384083,0.25767619661256724,0.2694136740643232,-0.011456440582388268,0.10922638275743438,0.36344749994087017,-0.09149878364408577,-0.18962049212908072,-0.047695303789514996,-0.08101683483196084,-0.04067363093754811,-0.006800972065394229,-0.009123297512866,0.11549648256924629,-0.23243362393045144
0.10642167564528165,0.4672799621695171,0.4068545851716021,0.27506748595908037,0.19150622001378456,0.33240290616636076,0.19696775612305129,0.3003800735996025,0.2265885458928154,0.056803207046673077,0.31637444794211556,0.19228802201151443,0.212730033498296,0.2798058408772615,0.352853342274978,0.24586892375574682,0.41188944293149576,-0.15744070057955215,0.017192519113050555,1.1426622888122704,0.18935503721501984,0.22522655396918456,0.09847828783068785,0.3372316527402418,0.32432834998771576,0.30834289799656284,0.39669002325872277,0.32776708387145015,0.3341078721897845,0.5251670885095755,0.1227455792537822,0.22266527522782853,0.2801410310142266,0.1903656966860642,0.3412966094302942,0.16036170576314115,0.5417219817350206,0.23411735817639442,0.2707966538514758,0.19224276757351572,0.31186340569301496,0.24137419448777395,0.4427915195922462,0.194646284823545,0.33375217111052247,0.2362957562945384,0.24255448802380492,0.03907747736507132,0.4458717547901457,-0.11675111914396644,-0.09504906189337554,0.029781713342719094,0.06624726494970393,-0.03196450527958279,0.04946397984047567,-0.09202965677934795,-0.07882292541688318,0.24161882888764363,-0.11011544083183473
0.10718152680279891,0.34240380713271407,0.3108538120584196,0.2721429402527187,0.19538217444495773,0.23854331176488783,0.21921538615503955,0.2311560117100274,0.21693426594932888,0.129076024452787,0.2221765211211121,0.20487876450505954,0.16909516306058683,0.1986380265735244,0.24410354505347903,0.21617003076510344,0.2559021422962449,0.2192175367345848,0.24338815083458887,0.18935503721501984,0.5148774870627943,0.25536928004960596,0.1506279419759653,0.2768468799746534,0.19890482989526137,0.29066740773215705,0.17076168150884607,0.17781798071377336,0.2158447109811414,0.3270451356751063,0.27104130418496253,0.21446024388278226,0.3094483407101287,0.2623369469441852,0.17703073478842757,0.22800326687831443,0.3446021254316627,0.3232499034266781,0.24456634120173382,0.032209732525144794,0.3463621088225129,0.39480138737276793,0.3136379459340666,0.18346487037050774,0.1964507323271946,0.2339503964669493,0.3373199180497203,0.02041720339529787,0.09357833825097085,0.04954300376476313,-0.08389976700332433,0.0040826227807007585,0.026885151510768233,-0.07341563192253156,0.0329363177899689,-0.05469358224527346,-0.1843366769243329,0.09691008011792547,0.005984997683736177
0.1671738159654265,0.27854752986666836,0.3682397873611733,0.37445965987336,0.20330972323609176,0.2801060303281402,0.2683614581412301,0.2448415792042379,0.33940615418405323,0.23154050022407,0.23232101634307353,0.2655762335665436,0.2594813646977763,0.2816828423405235,0.19375401230135544,0.33397141612774367,0.28911078482926345,0.23085608750859327,0.3357905643947028,0.22522655396918456,0.25536928004960596,0.8496424458232359,0.26890455575825617,0.3155933609905032,0.3000991425131089,0.24426645950802595,0.2501487018928884,0.1958941851771413,0.25026302228733927,0.40168996573960125,0.22723011261093123,0.1776978398161921,0.33515299604296267,0.23574486286234253,0.19821370502176294,0.2299369177610892,0.35429246099120415,0.3411844859260901,0.2906453506790633,0.013722193215940356,0.2768086661530996,0.25534823675271234,0.3442716540169214,0.34074713988807886,-0.03949504592646099,0.30220623314377454,0.339843264342364,-0.04638639706348644,0.6472032567391636,-0.1139587453458761,-0.05149338796037282,-0.1863943795817662,0.10331034857559648,-0.08606737658432598,-0.035459059272206536,-0.03985794826178764,0.03443583443259535,0.1705943671027703,-0.24133480338542077
0.15249509035040654,0.2295974807945182,0.2580953994114395,0.2582247743624495,0.16085090571485428,0.18160875666646156,0.13082046789291088,0.20436228866575645,0.13062291438790102,0.32925247839982086,0.15680953907150352,0.21565423491581517,0.12130015833742112,0.20266707985000493,0.16576888076428473,0.18482974839238467,0.18330612196448412,0.437398557531166,0.03392430433609672,0.09847828783068785,0.1506279419759653,0.26890455575825617,1.3698027927312402,0.34110857131677913,0.447501556577381,0.0017421140647397465,0.08238177847343003,-0.029103223161876843,0.3186527629599121,0.3684107249877203,-0.057838700814281226,0.044593984530768634,0.2129283314962429,0.2957419549765546,0.09357181892062254,0.24018365472708766,0.2555389066771851,0.07594640052944464,0.35515400669527947,-0.10392553934160309,0.23878261521732255,0.10415353151087016,0.2289757308464044,0.416551915453487,0.006429847743960906,0.2291086804069527,0.4127011536958072,-0.010565092916554818,0.0660871805893662,-0.1615732813047059,0.05168878029061293,0.14997187993596398,0.020735630240606553,-0.08509388255426907,-0.0680694169922167,-0.09587165489355062,-0.10093007646459161,0.06419656326187949,0.008400663513992927
0.0446725290542252,0.2932375398498726,0.3643234208399506,0.3232994312977546,0.19869900453253922,0.28658323120326057,0.2311517775286975,0.28954459231772856,0.24802636117600116,0.21971293784566592,0.2525801103575862,0.21920289624776673,0.22552731484288152,0.23853447185917212,0.2786809999309002,0.24827214001402256,0.24627382423814062,0.21692879014519764,0.24051282385897796,0.3372316527402418,0.2768468799746534,0.3155933609905032,0.34110857131677913,0.8325348631668434,0.3219913177276465,0.22539034586969892,0.2617173953475944,0.27157145905723507,0.3623977594434305,0.5297152359952735,0.22300111702118175,0.5640141952691425,0.5362280716921796,0.31653498745402003,0.24471716175524025,0.2893589297494336,0.49010293745237515,0.3571089289492236,0.27785521468448177,0.10425952523066938,0.30903305009420795,0.2857611810215242,0.33207659983914356,0.22889367638933775,0.1364964238783355,0.3757110939633397,0.43644192033777407,-0.0035024973516400815,0.255810767516494,0.06512536319262355,-0.13038932135207187,0.058113090054784655,0.003059627833351036,-0.12439292067739069,0.0683517873864373,-0.16895890259293464,0.15923112497178843,0.029920571534365375,-0.009171764911234007
0.1917376076395577,0.3341601255193157,0.39918537344588156,0.30340023386396303,0.1697641304481647,0.26425879431861493,0.21334344776466801,0.25604735142260865,0.20408114059391724,0.2812794609550907,0.24186214866287642,0.29519603249834336,0.19450627003129195,0.2637809011816285,0.27685813909888896,0.2662340866588752,0.31989651057259083,0.1831870725594134,0.16564442986292433,0.32432834998771576,0.19890482989526137,0.3000991425131089,0.447501556577381,0.3219913177276465,1.0238091053663667,0.08970085167989975,0.2509462189387646,0.17350732651719752,0.4996625225978654,0.5172622650172715,-0.06963133484072076,0.1926571191063415,0.17949294510158095,0.33935891037491134,0.341159775578916,0.24664654551058812,0.4815236912821621,0.24968006167535953,0.4313770528890943,-0.02498504188796045,0.3061289671727249,0.1984463240514843,0.30516026377791655,0.31334779220792325,0.2153962276016581,0.339451398844695,0.4057470453142769,-0.011464352873208374,0.18835737745253317,-0.13641136980735027,-0.00983628384690783,-0.04449267310671414,0.08420252370815658,-0.05979609375684437,-0.01886292904157455,0.023690236815782646,-0.05635695554150985,0.07445041599083808,-0.20948453219756502
0.14651669459674646,0.2830510723071711,0.28325295410681245,0.3642710490097301,0.31559781619513266,0.36930163206859995,0.2899831812180261,0.27472048879703415,0.29706630091815794,0.13272348761098593,0.24801307607319226,0.32172084828984193,0.15908098291396197,0.23148987152839234,0.20997892784700287,0.2371424116353605,0.19462974731425914,0.2478148389750599,0.12984021839935547,0.30834289799656284,0.29066740773215705,0.24426645950802595,0.0017421140647397465,0.22539034586969892,0.08970085167989975,1.3321534940540736,0.2564738802666666,0.21007296626169628,-0.12836629660230675,-0.06834342939786169,0.21393623769386277,0.3269771352580971,0.18484514320142867,0.26296589294938544,0.18275820480974356,0.1210210268100898,0.13977312921205012,0.39430782278270166,-0.5089669147657396,0.13052815853203253,0.2036562723864264,0.31768407033470014,0.4195113196453253,0.19972106185463337,-0.021373396164931825,0.17656790721327104,0.11577298514778794,0.018000930194806905,0.020229058508427655,0.010250202567835723,-0.11408093732019126,-0.12158409439187713,0.007263239701990854,0.001966646692053234,-0.06749615877289207,-0.014986985480118804,-0.036790301183389156,0.37769595155809715,-0.14039950121924552
0.10748918957056339,0.31648399517988396,0.26858629835735304,0.32688759272076684,0.20087296071668906,0.2730592367194097,0.22417825617190568,0.2359390798745535,0.2332782717760066,0.23383712370172033,0.26055116766645076,0.2864385591548645,0.2058233384945769,0.1940298345940464,0.2502938200647348,0.25014889540539936,0.2849802981658466,0.06583814972142836,0.16291928130513061,0.39669002325872277,0.17076168150884607,0.2501487018928884,0.08238177847343003,0.2617173953475944,0.2509462189387646,0.2564738802666666,0.8442389495283615,0.2326589799781515,0.15346849691524253,0.2965420880198973,0.14303419669281195,0.3528424220832539,0.21101506214358498,0.26957688380351535,0.2408788292469853,0.21982767237960826,0.29631001254210315,0.2588273874002753,0.22833439660251859,0.02410707884927506,0.26376443881791967,0.20364007045777033,0.36092231411563164,0.25256533892225597,0.04758195416331792,0.1907663407502061,0.21597767152289404,0.004767900386354385,0.29986968961355814,-0.012610464665220422,-0.06752724500432895,0.06984742838463663,0.03202331453894939,-0.032853298554802714,-0.04759640335195872,-0.0025023427467025625,-0.008214009800184536,0.09138770902017579,-0.05847346226090422
0.055382911147103295,0.3175010982401979,0.37416862724647926,0.08261947828566693,-0.04171080213965277,0.1623176512242916,0.0667926504805239,0.18431678487464828,0.18734108046026318,0.19380210577015033,0.1618352339723439,0.058287751819772395,0.1824608092954954,0.2193002495171468,0.243695627317316,0.18055947716917245,0.34788511588111415,0.22829995866058672,0.16573236941001723,0.32776708387145015,0.17781798071377336,0.1958941851771413,-0.029103223161876843,0.27157145905723507,0.17350732651719752,0.21007296626169628,0.2326589799781515,1.5110171019601686,0.05792661043812754,0.3502355508430814,0.42236457635161645,-0.04000738415134187,0.601150594399278,0.10174141363010107,0.5276171837285737,0.2675800979489065,0.756110451116589,0.2507493480025858,0.041912760808760705,0.3359629070701313,0.3018788069772576,0.1796670729870926,0.4264832912720968,0.14825285256918166,0.25088594980607887,0.3139597321106746,0.26173240970284367,0.005870278888376065,-0.025916286264802125,0.6649678450187214,-0.10773789395206959,0.7833916702501549,-1.1951253360239351,-0.0788423160696274,0.3097636456444831,-0.07256052170372675,0.23824218187374466,0.029494503071793476,0.12899828187243292
0.1617781896486191,0.8007580433029619,0.8276707438008057,0.15629554200970916,0.2234134405006072,0.4283386236675385,0.20048920905841117,0.35052707349274637,0.0911757526503442,0.1490922744053194,0.2593070861823108,0.25208218344985683,0.25477979995944616,0.12394264109811669,0.22171067139781234,0.1809305167161789,0.22588208464168302,0.26574556923976894,0.18562068917459704,0.3341078721897845,0.2158447109811414,0.25026302228733927,0.3186527629599121,0.3623977594434305,0.4996625225978654,-0.12836629660230675,0.15346849691524253,0.05792661043812754,2.9686914882382234,0.7662892322649605,-0.1754058852106211,0.2113147382956711,0.07091744994625633,0.4600862360249614,0.3326416540364228,0.22696202729996331,-0.1462234885158169,-0.40610654067403756,0.7628286019036907,0.4129482143845666,0.15615026689397568,0.15569733322743823,0.12566718769725796,-0.39295989579405755,0.44928654045318933,0.4415292572763649,0.56410672701983,-0.08844660457600612,0.7575562609959565,0.6656878441194511,-0.36756619646361505,-0.019937264129690668,-0.28084229456263715,0.014091847108304736,0.21433771267503376,-0.3368074011334714,-0.2996187682342944,0.04047550105313927,0.12368495451135267
0.19311198766685073,0.5367067295754211,0.5056507234982849,0.1485550386389618,0.04931891385951927,0.17149896775642165,0.17647149783638003,0.3453897350443795,0.25362083508090233,0.28832864274953185,0.2203502498794401,0.09962448300649966,0.23988684827099652,0.296668978954287,0.31093935757429764,0.2696886084820193,0.32460348628684227,0.1488148853735077,0.2959274825611257,0.5251670885095755,0.3270451356751063,0.40168996573960125,0.3684107249877203,0.5297152359952735,0.5172622650172715,-0.06834342939786169,0.2965420880198973,0.3502355508430814,0.7662892322649605,2.402514247548082,0.3937399881770328,-0.045528428326941824,0.5645383955047372,-0.07273874115559249,0.6081587810025574,0.3220888865501945,0.5202215271694436,0.3440710367004599,0.8123964997540064,-0.13006600084518505,0.7825607779807617,0.3168949525528721,1.0050649539640089,0.34353408794270146,0.3684344549143442,0.4031041120223814,1.0806510828113935,0.09838408712633981,1.1137370645654492,-0.15546556453396287,-0.10983008357145525,-0.15896003332522463,0.1653693653345481,-0.09696429407095315,0.8289267477516996,-0.29041045682853495,-0.18867086548790368,0.6565897139497244,-1.0514489565456488
0.1034587805373699,0.047742530313103486,0.25247937396273734,0.15044322942904567,0.07136620590656984,0.12870174320273023,0.13841450079312528,0.1968401719034415,0.266918344916054,0.2745490784206227,0.18324364210341165,0.099526245683283,0.13773740596432452,0.19639161875742994,0.2314782915168285,0.15284138153227822,0.19224889699197198,0.3890796184934739,0.25664817125460504,0.1227455792537822,0.27104130418496253,0.22723011261093123,-0.057838700814281226,0.22300111702118175,-0.06963133484072076,0.21393623769386277,0.14303419669281195,0.42236457635161645,-0.1754058852106211,0.3937399881770328,1.5584487762591968,0.06052520752595815,0.5626080691281072,0.17836250714129948,0.3119722872837197,0.28657875687394785,0.593050449664831,0.5682610963192452,0.18755374283949594,0.007985286526542902,0.31087043940804543,0.25548062340021277,0.26559850919637934,0.20615867900337184,0.4056632310671584,0.4615140659236015,0.47143118699999376,-0.0017233675164714402,-0.19911264294033915,0.17372074025860026,-0.2197482338502969,0.36925020922880647,-0.12116540383900486,-0.1471426802459336,0.2016634720503323,0.05319453308368671,0.7404390400037362,-0.1717420108086421,-0.662442611009034
-0.00022055053351350984,0.105898901404769,0.1913865056944288,0.32127404066631676,0.2805488848695305,0.3498670961346588,0.24157958869871507,0.16985155122730564,0.23889830847049948,0.1439560533511463,0.2479007721689846,0.31021449692813935,0.14992032062480348,0.13211385488272176,0.21229678157772464,0.18025710193551486,0.18128388669733622,0.04356195524708991,0.24498894072540583,0.22266527522782853,0.21446024388278226,0.1776978398161921,0.044593984530768634,0.5640141952691425,0.1926571191063415,0.3269771352580971,0.3528424220832539,-0.04000738415134187,0.2113147382956711,-0.045528428326941824,0.06052520752595815,2.2665119427453697,-0.20178573477926806,0.6525153178381694,0.15564405576081522,0.3623811095125457,-0.2422073572696389,0.6088432814981004,0.15555162533424674,-0.1673895547940653,0.35692490002656324,0.24719398267021145,0.06455809006669039,0.12622330255367575,-0.07145551278561144,0.34470241470402335,0.18309457101440813,-0.03723962211501519,-0.12024355324633648,0.05692605380839854,0.047535071503348486,0.13362146235140265,0.02277096161315168,-0.01675470190582174,-0.20038365789629511,0.1868733979201913,-0.0009282875268117315,-0.1814320265825841,-0.2014155935654366
0.095644518327748,0.3263403153912193,0.2711176557103909,0.35387132149062356,0.09416801170942789,0.14774246862719217,0.17783854904669352,0.22242270263854824,0.24041340111323273,0.1360763981591614,0.16507426795495062,0.09199202377106251,0.18634477178938222,0.22361719219986778,0.2626942595298375,0.17380016680355714,0.19754607272266758,0.31092401662595187,0.2660322737449953,0.2801410310142266,0.3094483407101287,0.33515299604296267,0.2129283314962429,0.5362280716921796,0.17949294510158095,0.18484514320142867,0.21101506214358498,0.601150594399278,0.07091744994625633,0.5645383955047372,0.5626080691281072,-0.20178573477926806,1.7059624654837497,-0.210120472486476,-0.1652553243849996,-0.00269952895377879,1.1039186781184989,0.27705907356328563,0.12291919715702256,-0.02050337697468446,0.05237292196038791,0.32951324982725644,0.49867541655888115,0.17036377819916557,0.11534912440046748,0.2864017073604273,0.4672131485484992,0.05302314517591047,0.2975816917365637,0.2459555015907362,-0.3100568442324532,0.12123752599135397,-0.1753957191930244,-0.2419549977534043,0.5072577660952249,-0.19919918148217827,0.12432992786629639,-0.008733956138638657,0.08374887326870079
-0.025056779230950354,0.3272922426625852,0.29729764510513207,0.27825449922381046,0.2896366307093166,0.3199443009551064,0.26373614523735833,0.26897395123348855,0.2013942838860574,0.38488783699157686,0.3064132620353512,0.3486341114760533,0.23233386737782785,0.18784782421504967,0.23455459906717052,0.25831442075315686,0.308656727635979,0.2647625837385139,0.18838105743750447,0.1903656966860642,0.2623369469441852,0.23574486286234253,0.2957419549765546,0.31653498745402003,0.33935891037491134,0.26296589294938544,0.26957688380351535,0.10174141363010107,0.4600862360249614,-0.07273874115559249,0.17836250714129948,0.6525153178381694,-0.210120472486476,1.7432352032805194,0.4776401327942131,0.38137376872684914,0.17832511856406288,0.3778198100366158,0.28870410265874297,0.04505892459090436,0.4087594039856285,0.25031120909550236,0.2380728995444743,0.3219659839356682,0.07187374082526153,0.29088664935712205,0.299238621796306,-0.030591536902754863,-0.06811215986505488,-0.10060955997678366,-0.0008001006958489013,0.08040257612184887,0.07741737170207734,-0.02698456803026123,-0.45577694231452354,0.08238550653753068,-0.2929163527379611,-0.21109584850491972,0.5467828768315649
