1.0188503071273975,0.2763616328407708,0.46346424531711433,0.03565724237153907,0.2594892602940383,0.17242740504985926,0.21783641258147401,0.19307232533138208,0.1010937723563928,0.15779925733209985,0.12389544068738319,0.17001274816890885,0.08959400366947383,0.1993721911062896,0.1653871478729276,0.1415509046091233,0.06848444190551671,0.21141277615183637,0.07507367157836904,0.1115167280118856,0.118588228769001,0.17060303587789735,0.1604820524864814,0.037051805244554134,0.1948290961308765,0.1358448474963461,0.09999597911241068,0.05037571029398814,0.14639121595778198,0.20015966000989052,0.09513486236665761,-0.019253716247269834,0.09327499996599958,-0.03837888390034489,0.11506247206450856,0.042171327536289,0.12816604905448678,0.15117505970825434,0.16093367299181338,0.05632456817788263,0.09263916574126731,0.09431943372896218,0.17056298104883838,0.13301830456929667,0.09486485055010485,0.09485914173258105,0.19191860912882477,0.0074375172502598435,0.20902620408377498,-0.1154681948676939,-0.004849179723565594,-0.003021276254268426,0.06973768903652854,0.02901747294810542,0.09075756070682854,-0.006874932869486332,0.027215163511947617,0.15386290866459051,-0.27482151600060306
0.2763616328407708,3.147121121900252,1.8954531830707353,0.23754696779389506,0.10533028051210344,0.2843382726924463,0.17182750469146463,0.3065118199408494,0.14047180663625544,0.34092144307464317,0.22868051700520092,0.2804134357244333,0.17789959185626897,0.21471734624485184,0.2536853173321093,0.19552922677380366,0.349579990902788,0.3826662575889829,0.15457666192784283,0.48198997971452406,0.26978594041329357,0.24276001232201894,0.22753646703461586,0.29870386236905216,0.3246996143326131,0.20851982270608196,0.26522103244152906,0.2857232878233131,0.8252734230207804,0.561914710641161,0.012907878155780565,-0.024658277658489866,0.35813722666841313,0.2991723211442528,0.37567905386022965,0.24195957699943751,0.6044559861926528,0.042834533182597875,0.2986177173750732,0.15711523737253794,0.31777501009355785,0.23480101634299957,0.28737786184267344,0.10191229601721283,0.1624369733558967,0.17707992849735754,0.374134975596277,0.0005750173065562057,0.04576045889410998,-0.2245373735298317,0.07054556042529017,-0.008248553945261087,0.07019137278695133,-0.051696945724353044,-0.725928717866413,-0.23034421769577731,-0.6493573376778271,0.5373397037685937,0.6443339837219345
0.46346424531711433,1.8954531830707353,4.154049861293995,0.17545722025508773,-0.09642314860670044,0.3997505829364086,0.19098737995467951,0.3685256031086271,0.3279156513818824,0.3567063167363349,0.22829815297750428,0.3091444793563381,0.14857387207494682,0.2454976770073998,0.35670135390372193,0.17897552863770372,0.323892216781574,0.40049865660612555,0.1780717850788498,0.40842530255301646,0.3061014548118844,0.34827740073860636,0.28009315107623434,0.36894850167861026,0.38722791989354505,0.21213000056490927,0.25114707253389523,0.3737121687792087,0.8350006520586652,0.5158999249588284,0.20907853209728036,0.12632113400397668,0.327712657212435,0.2774953231531583,0.5707670235847976,0.3688100039569979,0.40687889785998854,-0.10625473306417682,0.399457734248093,0.3095912787191807,0.3472127196707891,0.31071142442033084,0.25965594685648047,-0.06587694940704993,0.36768506803933293,0.40280737277586354,0.46114668471376424,-0.04655521192836649,0.32604697505345126,-0.0957912703547327,0.010438323008627279,0.18243834404598774,-0.03521780427868023,-0.09291542663480144,0.11433967779078044,-0.04939664378485666,0.054520818991437,-0.015219785197017643,-0.1553787152470579
0.03565724237153907,0.23754696779389506,0.17545722025508773,2.295732754578016,0.22209130657518983,0.4341312470375841,0.3517681811369273,0.40466972269194385,0.24485306566864368,0.28219435088895134,0.39017730157563557,0.545494192893048,0.27996051767575164,0.4475924638192951,0.32218250911880136,0.4552604270362212,0.2856292769374398,0.20291074124871847,0.3227979404889452,0.2735879824433488,0.26895452569731715,0.379197356449092,0.27861444509027844,0.32314519653421797,0.3235876926621643,0.32306032352555875,0.320360307189564,0.04686584681966553,0.1874186354563058,0.20092937196732083,0.15419899100819362,0.2635402030927931,0.3652890859139483,0.2621024728840151,-0.37790740870785566,0.0726778482431067,0.2347690421648036,0.4217211207013503,0.3895923007880723,-0.24796003462448163,0.142320475634853,0.2503736636496249,0.3264939676607613,0.6528405829988814,0.0175523018109881,0.11896139489937664,0.29769339681342527,0.02236960060463826,0.27883424296461257,-0.010979121559509964,-0.0110879136142626,-0.09995096968729586,-0.08446341049323426,-0.19801655801733412,-0.16084332127176756,0.014873863012131942,-0.09534271085305379,0.30534563096835493,-0.3200771150073559
0.2594892602940383,0.10533028051210344,-0.09642314860670044,0.22209130657518983,1.0447529164025016,0.3856991514873167,0.31274785290925333,0.3710597654253607,0.13702165754830617,0.112073756873473,0.26165364969971927,0.32867648450670955,0.1928721355452286,0.21473196294620356,0.1892514671526448,0.25462822665067747,0.14327644977394619,0.17296085123787552,0.16479448297290766,0.2036310076038112,0.20521286717925694,0.21401686888223764,0.16274126878964626,0.20326289552571544,0.19129936595663152,0.2944711548006887,0.19150312945506826,-0.017539174494726622,0.2107703488133172,0.10051210765123862,0.08409568089528142,0.2676212365375218,0.1087318924714696,0.26701048422507284,-0.06991445112478122,0.069766143024478,0.04313554958933881,0.22514032653703986,0.23605239037487136,0.003314741026934497,0.11390297844205216,0.2148284117020457,0.17495683087318714,0.20443757031673868,-0.02861410927764437,0.0754114174075626,0.20033258532681275,0.010363539350886398,0.3064241473497589,-0.16177482638017754,0.04214606219985004,-0.10707211309097456,0.09804666318181514,0.08663486368218436,0.0029904537186678285,-0.06441092530307063,-0.04956792056037097,0.14723548751496882,-0.09178949736940341
0.17242740504985926,0.2843382726924463,0.3997505829364086,0.4341312470375841,0.3856991514873167,0.8346154376772431,0.22084552124238743,0.43936205877688095,0.21710267267882166,0.09713867526266373,0.3092399991369243,0.35464762464954497,0.19450721646027716,0.2217091843809322,0.2623868353190901,0.23903465031289928,0.21232402169388137,0.1996043525782652,0.22302194153953808,0.33472302587906233,0.24134847824237346,0.27791743779516126,0.1873543153186082,0.27798053760549996,0.2844995285233555,0.33042489924785745,0.2632048884673499,0.16436436916334915,0.41318215407441,0.21385884101963468,0.12733894299281953,0.3227021026611761,0.1446131458480424,0.30489659095372024,0.13118700881691578,0.07197297029250457,0.17539005879775535,0.2572054458646356,0.3172246620646918,0.08961128340188829,0.09654649058401761,0.2312640892767163,0.31908417410426826,0.28198884986648337,0.13734059365882273,0.14410858789724326,0.30730056872679795,0.0031702975579176247,0.2976731018372963,0.047416346565694115,-0.17548868781697533,0.04683811569828132,-0.1702736479785224,0.023419100782983874,0.012454895139820392,-0.06906988911784895,0.0015591584663223366,0.2650157871884119,-0.20008267265819207
0.21783641258147401,0.17182750469146463,0.19098737995467951,0.3517681811369273,0.31274785290925333,0.22084552124238743,0.6883283693631378,0.20217779357507618,0.25249692018860065,0.02617804654348567,0.23804222893857288,0.3604669928979476,0.18359254455790064,0.17864784602282432,0.2029268456709805,0.23025547280829098,0.16864417572657553,0.16369672376509062,0.1531592384437252,0.18683235890985114,0.22067044729090862,0.27498703108924094,0.12860440300749448,0.20965646548516437,0.22164471593115964,0.27361410222222704,0.21000687583086516,0.07203630698611742,0.20051361837311435,0.18578482456415146,0.13419528783239515,0.19246656173376225,0.1816694804005178,0.2413139302706827,0.07512620487788098,0.10244526421672799,0.13812580442712677,0.20074642788313418,0.26565852255808514,-0.016540109248899707,0.13894517330995604,0.2086367682611722,0.2416444214814804,0.22562930908631124,0.012573983771918781,0.14867933827329452,0.16790615778873724,0.002307502528273812,0.34963188270109813,-0.04607670479776414,-0.058229536648130624,-0.15663000782575753,0.07258475543023744,-0.08804547073862337,0.049003249923579704,0.034235794282865925,-0.08714509548833778,0.1483481187829827,-0.2225724615901006
0.19307232533138208,0.3065118199408494,0.3685256031086271,0.40466972269194385,0.3710597654253607,0.43936205877688095,0.20217779357507618,0.81390062360926,0.1101205445451561,0.22723055272289605,0.27831034123731835,0.09611083097144599,0.2322644602235445,0.23911583593456842,0.23690977065247637,0.2109328387562357,0.21997195655701643,0.2524765493526475,0.250498323456636,0.2993008279621723,0.2450143596002759,0.2406044101493652,0.18905546203543483,0.2637301105271571,0.26353248212509145,0.26127369135536177,0.22064426497781264,0.1970612234936072,0.32691092001837435,0.3677674347883558,0.2072081913132924,0.14984399768009857,0.2359201890658001,0.25490552442717046,0.20571929048447862,0.11612213924332257,0.32014138094413785,0.23476228726097953,0.41704127164930294,0.19128357602649806,0.19202691048952011,0.22339513711193193,0.3158687970339859,0.25374156674987386,0.17985434605467204,0.21796149083530061,0.39236108817492876,0.018686793111834347,0.3020581478332238,0.14512620190018746,-0.05786515335377459,0.002201560763253754,-0.10367557963094488,-0.09862751521384383,0.03578791313464747,-0.18527702078917696,0.1836731764932037,0.2039969442767548,-0.0965492550168532
0.1010937723563928,0.14047180663625544,0.3279156513818824,0.24485306566864368,0.13702165754830617,0.21710267267882166,0.25249692018860065,0.1101205445451561,0.7414376403925385,0.17619197303616674,0.20825960353019407,0.27370632083629154,0.16342675366839055,0.18728189371418605,0.28253663416684965,0.2003529808780127,0.22284482494145474,0.14643951700447197,0.18502920761428693,0.18972231964083017,0.2145869210752316,0.3446824413950301,0.12277383623837529,0.2293696168654574,0.19373849160898118,0.3038106288520304,0.23897131308632547,0.1596706220826002,0.10587354187039247,0.2023346004330519,0.2561460268716374,0.24816318023442083,0.2135251175339336,0.20473521252907365,0.15919533916134648,0.148484425365771,0.18461170652767964,0.24815947327427154,0.2460655015357266,-0.04337911495851042,0.1952655983743142,0.20122778229537597,0.2241010207141478,0.1838724643008884,0.020181667999382643,0.19163321545766618,0.22179068573011715,-0.002539972263532843,0.44671254121942006,-0.09992373526800162,-0.004471164361795121,0.05383557935290264,0.043484512129943774,-0.09958436202246002,0.1407822722223287,0.15547048993523602,0.0006638969684393079,-0.039124504394891395,-0.37783571377314285
0.15779925733209985,0.34092144307464317,0.3567063167363349,0.28219435088895134,0.112073756873473,0.09713867526266373,0.02617804654348567,0.22723055272289605,0.17619197303616674,1.417091406474436,0.2610866923739017,0.37252723323821885,0.20587186331415377,0.32138694917028127,0.2600586534492973,0.27491863162866303,0.3381800571465074,0.4247921600556591,0.3115473818886673,0.025427841583429665,0.11258215307174305,0.24265808463159177,0.3159249328649119,0.20893753613361743,0.2617045207047902,0.151966675360017,0.23656858061477193,0.22939639645609666,0.15320402615879153,0.21205511634427612,0.28684227905112875,0.1494268777391649,0.1472192297640127,0.36369639110469787,0.3682304725292192,0.27021148142150686,0.3230046415699111,0.19375311150640856,0.27189797822229894,-0.021186944309082485,0.272460130560848,0.1054944551598282,0.029051688750410816,0.27740227666571354,0.021199013329954212,0.2395078996521231,0.3806286427799245,-0.020864033622961457,0.08223962106076982,-0.043691187152287654,0.004214452777678593,0.16988044538133512,-0.03309772535541577,-0.006286993719454217,-0.13128649653928234,0.08311356925264611,0.19917054651374672,-0.5835339830691055,0.16354449112933012
0.12389544068738319,0.22868051700520092,0.22829815297750428,0.39017730157563557,0.26165364969971927,0.3092399991369243,0.23804222893857288,0.27831034123731835,0.20825960353019407,0.2610866923739017,0.5137087852341489,0.3327644102916717,0.2664545966400075,0.25088192956652555,0.3060510638484636,0.2653798306714876,0.30255051746060563,0.16190423197214168,0.19770931395580196,0.3118874921795152,0.22321083328253172,0.23714187193296088,0.1380294126984451,0.24074779547532232,0.24214558401169278,0.25350089949592497,0.26575004430332194,0.1555571301845583,0.2586356204469194,0.202981347196031,0.17812031644808354,0.25073846152700113,0.16213170394542556,0.2946811052292995,0.21018428257288949,0.1573991664540499,0.20638494853018713,0.21703909813372965,0.3208733086399094,0.03575630058680471,0.19670867161289418,0.22245581547069718,0.20645707167163632,0.18812316564064355,0.10985769772975944,0.20479589506333779,0.2601425413881138,0.0009703958898016947,0.24297884626217234,-0.04966179154255943,-0.03925487040177565,0.04283119118111695,0.03751298311382968,-0.028140204744730567,0.02674890086678139,-0.008453475313033837,-0.015034188811658853,-0.009468728491487301,-0.1444666639390702
0.17001274816890885,0.2804134357244333,0.3091444793563381,0.545494192893048,0.32867648450670955,0.35464762464954497,0.3604669928979476,0.09611083097144599,0.27370632083629154,0.37252723323821885,0.3327644102916717,0.8229059417507377,0.1655475901712527,0.25393098438792383,0.2153317387287094,0.30871058159883735,0.2568791294047242,0.262496294967581,0.21102708868592393,0.18521113976767903,0.20196441689249353,0.28559674146413844,0.21778533762075059,0.21784002352542767,0.3043096677204994,0.3313245637003858,0.2970390314813896,0.03562056359731421,0.25119695153179933,0.07797899721861923,0.09686050804802736,0.3024454612645861,0.08592962365623079,0.34701280720798855,0.18034315676482418,0.1548477667387992,0.06613236607258705,0.23795355222328932,0.25280948010955334,-0.06789640994203792,0.15462215948870522,0.1939805989855674,0.18921460493746425,0.25885754806452593,0.0447617965446083,0.16906197267971657,0.21992321754200259,-0.012507339526220143,0.2630118859101608,-0.2495332247984832,-0.043408980110329905,-0.012354501472382387,0.16773247094338628,-0.007795855832906445,-0.06679107477230552,0.11160448268677176,-0.12128232613768732,0.044623320192137085,-0.3098463786635716
0.08959400366947383,0.17789959185626897,0.14857387207494682,0.27996051767575164,0.1928721355452286,0.19450721646027716,0.18359254455790064,0.2322644602235445,0.16342675366839055,0.20587186331415377,0.2664545966400075,0.1655475901712527,0.46455377851477575,0.23647537644509714,0.1467504053453499,0.2458693145131946,0.24404789708140842,0.12364070315545882,0.21165123781467668,0.20545802310094116,0.1686305714241968,0.261412975273368,0.11058669481245062,0.2151534947498765,0.19221053151833128,0.15964813156606433,0.2078427495871836,0.1781795007705546,0.24577037166704355,0.2447275402809573,0.14642198462474187,0.14703695500182534,0.1807594132222205,0.23130224010638198,0.18886040442771432,0.1364668478411227,0.22052525762589587,0.1576530599747525,0.2646838020909675,0.06178422006815577,0.17737030743348584,0.17062897010550288,0.19252633954614384,0.19945415588904677,0.014998142083898595,0.1930544670806658,0.22506767927900065,-0.0025425944698525983,0.25611227166327477,0.08120909050670405,-0.0066023771411341785,-0.06476188832051796,-0.03321260925362163,-0.059264205197018985,0.02368044992392143,-0.07676687351846605,0.018485254714483406,-0.04587572756467394,0.04870769592550037
0.1993721911062896,0.21471734624485184,0.2454976770073998,0.4475924638192951,0.21473196294620356,0.2217091843809322,0.17864784602282432,0.23911583593456842,0.18728189371418605,0.32138694917028127,0.25088192956652555,0.25393098438792383,0.23647537644509714,0.7094622257363519,0.335920548758796,0.3864163816705717,0.27113028869731615,0.17397088367350072,0.18842170138112424,0.27428232566545335,0.20671926876092225,0.2778920951560349,0.18334108081396408,0.24225682439970944,0.26134942358644064,0.25602324790232944,0.2107179562895714,0.20186539342275361,0.16209639841986095,0.2705287525490723,0.18357189390915418,0.16938905845158497,0.2182233557074734,0.19953424357102836,0.2112566105451408,0.1703699532686449,0.3067712281217865,0.27057620359942114,0.17641985967817236,0.002596602256578908,0.22821899567041284,0.20625587001949433,0.29395443024730283,0.22541648995136374,0.09624224179039209,0.19916710484105304,0.2913569458973848,0.0054741123464942905,0.30781323613567774,-0.06570043834260836,0.004227523760263164,0.06773664139575014,0.0016651376466766572,-0.03256614507756072,-0.005209180166406806,0.01273103212497162,-0.008825627978720562,0.2097490419372741,-0.2992601436019866
0.1653871478729276,0.2536853173321093,0.35670135390372193,0.32218250911880136,0.1892514671526448,0.2623868353190901,0.2029268456709805,0.23690977065247637,0.28253663416684965,0.2600586534492973,0.3060510638484636,0.2153317387287094,0.1467504053453499,0.335920548758796,0.9386472474202986,0.2580700878190554,0.26142917563647466,0.11841223037508827,0.17884449954758816,0.3613228460300933,0.25194178027831526,0.18369172247088078,0.132975551093196,0.28988202832370297,0.27084055978508215,0.22811131081859312,0.2656628607457412,0.27348219279967345,0.2314145583964204,0.28940221991932286,0.23952081571845968,0.23064308023371752,0.29069605967944845,0.22149679187142682,0.18724179701303909,0.16520392728718788,0.39458030708606157,0.19596182699272555,0.24939495019288968,-0.01973366063721504,0.23530277978705416,0.248706920210293,0.2514516843367746,0.13060202836201276,0.07809056600700387,0.20278245554157773,0.273918151872727,0.016975138852874813,0.28816678345650487,0.1887466210464566,-0.1848616567821268,0.3035760223888285,-0.21494973362644887,-0.10703811730794388,0.10988037988542304,0.06826546699235982,-0.051316147932176856,0.016587419814790408,-0.12865359980689545
0.1415509046091233,0.19552922677380366,0.17897552863770372,0.4552604270362212,0.25462822665067747,0.23903465031289928,0.23025547280829098,0.2109328387562357,0.2003529808780127,0.27491863162866303,0.2653798306714876,0.30871058159883735,0.2458693145131946,0.3864163816705717,0.2580700878190554,0.5596154562048037,0.29516658164553805,0.14094203661194696,0.2491523224813747,0.2423433377146637,0.21826065536539738,0.3344302217877439,0.16628326217899828,0.24130852127371535,0.2753314979656409,0.24811090977022193,0.2626699419847633,0.1856378094373092,0.18522037965771468,0.2679305736220072,0.15625818633888722,0.19806299735769006,0.1713385532026764,0.2597826605538083,0.26999067885765654,0.1862923021048734,0.27176763177060226,0.26087724936836815,0.2252559444706428,0.014059791339175405,0.23488718798927968,0.22734421409102887,0.2839866560028015,0.26103615124345797,0.07905600242129818,0.20268000048524928,0.261260492063896,-0.006229739933379491,0.27238706683620256,-0.12607139992399977,-0.028154100461036783,-0.030350753221083007,0.07446929622096538,-0.03221293098816421,-0.010509723605950452,0.02275615825732959,-0.07885101761016965,0.1619124365053177,-0.22413958186333297
0.06848444190551671,0.349579990902788,0.323892216781574,0.2856292769374398,0.14327644977394619,0.21232402169388137,0.16864417572657553,0.21997195655701643,0.22284482494145474,0.3381800571465074,0.30255051746060563,0.2568791294047242,0.24404789708140842,0.27113028869731615,0.26142917563647466,0.29516658164553805,0.8565446355447183,0.10070042275879056,0.26049185840415895,0.4124305822827002,0.24198992461929386,0.2870779836547919,0.1520820505571258,0.24696163904294957,0.29739423620014394,0.23651704031896145,0.292965879983813,0.340275481951034,0.23662883402124568,0.3081084808154071,0.1852435013533908,0.19164477493163737,0.23055245798043045,0.2845571020767213,0.3342021672586202,0.24704391081564117,0.4244017176332958,0.29097942686764616,0.2999976018857791,0.007200187229048229,0.29547899542625433,0.2703461777930265,0.25571349801306104,0.19474222394807042,0.28973979873597655,0.277388627739805,0.3276015909425112,-0.006233312477234192,0.1288208770279723,0.053019197711936056,-0.07657351167274933,0.16134519559382274,-0.012588676362513705,-0.026307714910881328,-0.2486681325674562,-0.00768544057481102,-0.15715487374217446,0.232884910138038,-0.30603685494848476
0.21141277615183637,0.3826662575889829,0.40049865660612555,0.20291074124871847,0.17296085123787552,0.1996043525782652,0.16369672376509062,0.2524765493526475,0.14643951700447197,0.4247921600556591,0.16190423197214168,0.262496294967581,0.12364070315545882,0.17397088367350072,0.11841223037508827,0.14094203661194696,0.10070042275879056,1.1335236630528314,0.2624502952220787,-0.18752005106465536,0.23634985894913774,0.24670961979227826,0.4107506548942777,0.18701323277095122,0.17254922157352526,0.27641406902217625,0.07198189372669818,0.21411700438059508,0.24286111740849,0.14990940224320717,0.4266135913840241,0.06761974120686494,0.3208792562654798,0.24237270950752524,0.15143198231947935,0.19125565559010152,0.2908273358202922,0.246431555061213,0.13110401414348033,0.16579399414239265,0.1603929476943536,0.155662446954192,0.35353239968069405,0.0904107753522229,0.35846443854144505,0.3883865435387002,0.5606211324163498,-0.025178535175249858,-0.07646377780687863,0.05263817699857874,0.07060724352180173,0.23150550421796226,-0.14652701787536745,-0.16366878793267414,0.15026582546546893,-0.03422164879299081,0.28716627256015537,0.2941630237173587,-0.7128568010572308
0.07507367157836904,0.15457666192784283,0.1780717850788498,0.3227979404889452,0.16479448297290766,0.22302194153953808,0.1531592384437252,0.250498323456636,0.18502920761428693,0.3115473818886673,0.19770931395580196,0.21102708868592393,0.21165123781467668,0.18842170138112424,0.17884449954758816,0.2491523224813747,0.26049185840415895,0.2624502952220787,1.014717315786809,0.008379589786366456,0.24568805592848794,0.3414205772859229,0.027036156200304137,0.2254905423902285,0.146133454057534,0.14551809566458068,0.16483988226158805,0.17819876354528885,0.14930709521240462,0.2821248378005207,0.26672253980914196,0.21621850023726505,0.27001427979862147,0.18578192043587943,0.1275817721922723,0.21832450575894943,0.3397623441920569,0.3326150042271999,0.2396357186385229,-0.028298990316451184,0.24215883695040327,0.21298973898462897,0.2475592259473252,0.19914010615687874,0.09160256977539524,0.23990479652884095,0.26854896240738935,-0.011436766747316916,0.11217534958650072,0.36523908169426345,-0.0767040758485201,-0.22602040575449706,-0.05344072012626212,-0.09754199477631209,-0.05412470899079682,-0.009616625133105829,0.00777223625336904,0.17341218750968654,-0.1918058664368757
0.1115167280118856,0.48198997971452406,0.40842530255301646,0.2735879824433488,0.2036310076038112,0.33472302587906233,0.18683235890985114,0.2993008279621723,0.18972231964083017,0.025427841583429665,0.3118874921795152,0.18521113976767903,0.20545802310094116,0.27428232566545335,0.3613228460300933,0.2423433377146637,0.4124305822827002,-0.18752005106465536,0.008379589786366456,1.1455199564051868,0.18436284469125466,0.20294852128920343,0.07454405388611576,0.3337635900949865,0.32606431636117944,0.29683166050536114,0.3966042771865919,0.3243636273760506,0.3695277525137229,0.5248923279403441,0.10147653962885299,0.2304194116491951,0.2806726586114768,0.1944819611822246,0.3213146144299671,0.14512276868529878,0.5072887219175289,0.21890492830443595,0.26842288030470485,0.1498964434810193,0.2941440499883533,0.23861749723041795,0.4184636579398855,0.16933901835145157,0.28549870584082,0.2101172234917425,0.22258802223886232,0.03996778776119335,0.4346421229936171,-0.10660277311071487,-0.10376920234131681,0.11972143486975548,0.020113862637419717,-0.03129818484722985,-0.03102819209864857,-0.09634317057626979,-0.15731151807259167,0.29862277641984053,-0.07393090806893288
0.118588228769001,0.26978594041329357,0.3061014548118844,0.26895452569731715,0.20521286717925694,0.24134847824237346,0.22067044729090862,0.2450143596002759,0.2145869210752316,0.11258215307174305,0.22321083328253172,0.20196441689249353,0.1686305714241968,0.20671926876092225,0.25194178027831526,0.21826065536539738,0.24198992461929386,0.23634985894913774,0.24568805592848794,0.18436284469125466,0.5217716899940157,0.2553397699889039,0.12076626346022996,0.26890478245180044,0.19662452022388524,0.3011463827713927,0.18355659365893243,0.20002166230699375,0.19088975030107488,0.3273860663030695,0.31690276487125923,0.23256150084524504,0.3166391378776409,0.24370399514090169,0.17655880410895206,0.23148594397678546,0.3128054106672777,0.3437249858807838,0.25197417150691387,0.05898915338123893,0.3470769885776701,0.4092747858271287,0.36329569305006165,0.1447424554232708,0.2361212364406584,0.2785766881304521,0.35905748460435116,0.015147371376126793,0.10030043182007435,0.09401491935909007,-0.0698780411007776,0.03105027784510172,-0.024897025348406522,-0.09632633629078563,0.24781764684242644,-0.053799280652364584,-0.09506934157333892,0.1123211988092914,-0.22412883930331534
0.17060303587789735,0.24276001232201894,0.34827740073860636,0.379197356449092,0.21401686888223764,0.27791743779516126,0.27498703108924094,0.2406044101493652,0.3446824413950301,0.24265808463159177,0.23714187193296088,0.28559674146413844,0.261412975273368,0.2778920951560349,0.18369172247088078,0.3344302217877439,0.2870779836547919,0.24670961979227826,0.3414205772859229,0.20294852128920343,0.2553397699889039,0.8465482872904995,0.24469989008951357,0.3009422206521663,0.29613742963034045,0.26275227035021065,0.26663395797090983,0.18469827534936575,0.2612380666001413,0.3717360142345618,0.2418912256945872,0.20212396612316003,0.32267169926655687,0.2543065134711434,0.1841868214421695,0.22219552512093374,0.2852367393586783,0.3582556266735705,0.2924232491861748,-0.012065106873038033,0.2564429527600035,0.2530206630633651,0.36662906128987144,0.30665884571703456,-0.029692109846872285,0.30364239913402113,0.34635150509215196,-0.05166204756311107,0.7000072804787183,-0.05091199871243337,-0.02903527747782544,-0.17049266517820783,0.0718819456472109,-0.09839501704418538,0.07561910330622695,0.009565148170505001,0.009710629752087314,0.18482930262138134,-0.4284741192531616
0.1604820524864814,0.22753646703461586,0.28009315107623434,0.27861444509027844,0.16274126878964626,0.1873543153186082,0.12860440300749448,0.18905546203543483,0.12277383623837529,0.3159249328649119,0.1380294126984451,0.21778533762075059,0.11058669481245062,0.18334108081396408,0.132975551093196,0.16628326217899828,0.1520820505571258,0.4107506548942777,0.027036156200304137,0.07454405388611576,0.12076626346022996,0.24469989008951357,1.3067152850487938,0.32661414654833254,0.42917705992124866,0.01679625824979138,0.0793357199213367,-0.04738258460565925,0.35417157464762145,0.33218886671864695,-0.05659757847611043,0.04754363439937215,0.23356975415282447,0.2900133920274232,0.03854885641108582,0.19904597498798304,0.18849614293012518,0.03153767029577429,0.35513927297610437,-0.13507999819202285,0.17998422242739304,0.07902739499876327,0.20004956515118663,0.4303929135257708,-0.09784644566700293,0.19237898302771297,0.36900313861782646,-0.010794805006634128,0.10158526492254344,-0.13542212856713776,0.05938321828830948,0.019923533595342026,0.030143002341661777,-0.10368301524135666,-0.16750879836038637,-0.05504319568273646,-0.08693775998544752,0.11908521198839662,-0.0031388095922591534
0.037051805244554134,0.29870386236905216,0.36894850167861026,0.32314519653421797,0.20326289552571544,0.27798053760549996,0.20965646548516437,0.2637301105271571,0.2293696168654574,0.20893753613361743,0.24074779547532232,0.21784002352542767,0.2151534947498765,0.24225682439970944,0.28988202832370297,0.24130852127371535,0.24696163904294957,0.18701323277095122,0.2254905423902285,0.3337635900949865,0.26890478245180044,0.3009422206521663,0.32661414654833254,0.8481951064264177,0.33197546245583864,0.22319282477306193,0.2767992744201145,0.27969333096598176,0.4413524894860016,0.5125181448768585,0.2105386403054062,0.6290469262490891,0.5575379276585384,0.3333821163768157,0.19890975135807845,0.2572736011791902,0.3859179802877496,0.3009754972304856,0.270899490487811,-0.048320333337484506,0.2707244946941415,0.27064888500240375,0.29008973933255294,0.19480246658385175,-0.00909759019697098,0.3180193889363746,0.40671534993211267,-0.004690445731445358,0.3280861547043232,0.09516198378733126,-0.12072813861919533,0.1066217795378885,-0.036454977455405296,-0.11982721057145705,0.06288481733386875,-0.09957557501397629,0.0034076828653069355,-0.017079602496211495,0.03193772141832483
0.1948290961308765,0.3246996143326131,0.38722791989354505,0.3235876926621643,0.19129936595663152,0.2844995285233555,0.22164471593115964,0.26353248212509145,0.19373849160898118,0.2617045207047902,0.24214558401169278,0.3043096677204994,0.19221053151833128,0.26134942358644064,0.27084055978508215,0.2753314979656409,0.29739423620014394,0.17254922157352526,0.146133454057534,0.32606431636117944,0.19662452022388524,0.29613742963034045,0.42917705992124866,0.33197546245583864,1.0325420759774901,0.11011454899752822,0.26714268790434603,0.1568851509548843,0.541727238706328,0.5018829263673953,-0.09074793580599448,0.17516443848123878,0.2049189317567075,0.36387611593261393,0.3145711210421526,0.204552429784363,0.43690515812232616,0.22848875537291083,0.43274213737321315,0.017707980987873285,0.2536137300861704,0.1983734314336012,0.317064745880135,0.3361021613868439,0.1462474099415033,0.30561981862444065,0.3896800757865307,-0.008009209231830223,0.27832202179267235,-0.32038578205962176,-0.08541965980058773,0.05584578767718707,0.14970007913334837,-0.06518885018978071,-0.04380584542446812,0.005153411495315186,-0.048733891846645304,0.12987304068909733,-0.1571095376408983
0.1358448474963461,0.20851982270608196,0.21213000056490927,0.32306032352555875,0.2944711548006887,0.33042489924785745,0.27361410222222704,0.26127369135536177,0.3038106288520304,0.151966675360017,0.25350089949592497,0.3313245637003858,0.15964813156606433,0.25602324790232944,0.22811131081859312,0.24811090977022193,0.23651704031896145,0.27641406902217625,0.14551809566458068,0.29683166050536114,0.3011463827713927,0.26275227035021065,0.01679625824979138,0.22319282477306193,0.11011454899752822,1.3187506421606712,0.26503256269138437,0.19127563128064767,-0.13866876669134673,-0.04389598727238528,0.24229137794236663,0.3709831165952425,0.16803625938570874,0.2677872817156472,0.20993471199535008,0.14996245935001384,0.07620055816196239,0.4333918002008859,-0.49649416630921533,0.01592524326468772,0.22820587823595165,0.31965644235944174,0.4487695540383586,0.14990526026732445,0.05661488975850411,0.24058526044011472,0.1676019411181353,0.009557007304067442,0.056965115450428094,0.021490553308567466,-0.09218644034021245,-0.081440962011229,0.03624165682997814,-0.014079969134700067,0.030443206056904936,0.039144830180506615,-0.0463027657127426,0.45865856554936274,-0.5765772697537236
0.09999597911241068,0.26522103244152906,0.25114707253389523,0.320360307189564,0.19150312945506826,0.2632048884673499,0.21000687583086516,0.22064426497781264,0.23897131308632547,0.23656858061477193,0.26575004430332194,0.2970390314813896,0.2078427495871836,0.2107179562895714,0.2656628607457412,0.2626699419847633,0.292965879983813,0.07198189372669818,0.16483988226158805,0.3966042771865919,0.18355659365893243,0.26663395797090983,0.0793357199213367,0.2767992744201145,0.26714268790434603,0.26503256269138437,0.8617506503563649,0.24685693447390525,0.16666748596901423,0.2999524240156422,0.1651966968660154,0.3940504596434072,0.22678130752049655,0.2734025655179181,0.24870979254666736,0.2172528446627055,0.23899718732542732,0.2569657840735,0.2296321488567134,-0.06488499522150709,0.2560159548795114,0.21240848607639878,0.40090224178975425,0.226370130972072,0.023450345364067985,0.23164920562707794,0.23729059336548317,0.002341978570504349,0.3770594365537696,-0.03152432040102237,-0.07143347282531996,0.08786899410271042,0.017550022306096053,-0.04680874137125612,0.19496780248280995,0.028329625253195875,-0.039007682183798895,0.03648076063859876,-0.2662904619287624
0.05037571029398814,0.2857232878233131,0.3737121687792087,0.04686584681966553,-0.017539174494726622,0.16436436916334915,0.07203630698611742,0.1970612234936072,0.1596706220826002,0.22939639645609666,0.1555571301845583,0.03562056359731421,0.1781795007705546,0.20186539342275361,0.27348219279967345,0.1856378094373092,0.340275481951034,0.21411700438059508,0.17819876354528885,0.3243636273760506,0.20002166230699375,0.18469827534936575,-0.04738258460565925,0.27969333096598176,0.1568851509548843,0.19127563128064767,0.24685693447390525,1.4184849580630692,0.07792815264429673,0.32417530501839664,0.4270588369335171,0.06525573538022848,0.5763004312661261,0.13209646039068368,0.5593916100515899,0.25579803973640314,0.682742720708779,0.20857593552103407,0.07844581583888077,0.19361532913922247,0.2942946000152738,0.18496721948157407,0.3260414527843379,0.11330672120279472,0.14949858024652826,0.2665863222612312,0.2529833728053895,0.006412265487470368,0.05770808043325914,0.42765342594480565,-0.08334748052976512,0.7054753329409339,-0.9326410906848907,-0.08093965425446353,0.2632925199998762,-0.0453942576553397,0.15119553390123888,-0.11703153573134051,0.24307763119305134
0.14639121595778198,0.8252734230207804,0.8350006520586652,0.1874186354563058,0.2107703488133172,0.41318215407441,0.20051361837311435,0.32691092001837435,0.10587354187039247,0.15320402615879153,0.2586356204469194,0.25119695153179933,0.24577037166704355,0.16209639841986095,0.2314145583964204,0.18522037965771468,0.23662883402124568,0.24286111740849,0.14930709521240462,0.3695277525137229,0.19088975030107488,0.2612380666001413,0.35417157464762145,0.4413524894860016,0.541727238706328,-0.13866876669134673,0.16666748596901423,0.07792815264429673,2.9426718292265504,0.7873120606147302,-0.16035831342894644,0.20448085960375503,0.13886324822054338,0.4577315494914872,0.2739937124907286,0.22607389510118855,-0.14684678366019185,-0.435004128503986,0.7344610238348993,0.41569374805927384,0.14571795918612687,0.14352820151965023,0.1474292233008355,-0.34825995819279654,0.29213304449594696,0.43814888612035235,0.5405767944258973,-0.08561807793333207,0.7452389861318217,0.3485633282025426,-0.3624870475343113,0.0249308875061435,-0.1794492115771135,-0.021398637267841778,-0.13799455470471783,-0.3181286261818329,-0.3476982796943211,0.4170445551344916,0.08035668821453133
0.20015966000989052,0.561914710641161,0.5158999249588284,0.20092937196732083,0.10051210765123862,0.21385884101963468,0.18578482456415146,0.3677674347883558,0.2023346004330519,0.21205511634427612,0.202981347196031,0.07797899721861923,0.2447275402809573,0.2705287525490723,0.28940221991932286,0.2679305736220072,0.3081084808154071,0.14990940224320717,0.2821248378005207,0.5248923279403441,0.3273860663030695,0.3717360142345618,0.33218886671864695,0.5125181448768585,0.5018829263673953,-0.04389598727238528,0.2999524240156422,0.32417530501839664,0.7873120606147302,2.33286339290954,0.3372740425314899,-0.11955038673528644,0.5443083173026039,-0.052115559331249235,0.5014712087609036,0.28024689831753813,0.5006674687729891,0.36879620764813886,0.7850193845387947,0.13778519529015604,0.7273074911445225,0.3166674050609363,1.0033488984062637,0.4064377180033865,0.345226031462054,0.3316620891331052,1.0162291428525476,0.10039113968688122,0.9935895112799983,-0.14002195846413154,-0.1049590656062396,-0.14464617547666933,0.12752675456963827,-0.09857968050528516,0.2714871959649376,-0.35596809247282357,-0.3167817870362846,1.323758541354104,-0.9859623520274661
0.09513486236665761,0.012907878155780565,0.20907853209728036,0.15419899100819362,0.08409568089528142,0.12733894299281953,0.13419528783239515,0.2072081913132924,0.2561460268716374,0.28684227905112875,0.17812031644808354,0.09686050804802736,0.14642198462474187,0.18357189390915418,0.23952081571845968,0.15625818633888722,0.1852435013533908,0.4266135913840241,0.26672253980914196,0.10147653962885299,0.31690276487125923,0.2418912256945872,-0.05659757847611043,0.2105386403054062,-0.09074793580599448,0.24229137794236663,0.1651966968660154,0.4270588369335171,-0.16035831342894644,0.3372740425314899,1.5468156503353139,0.10860244371558563,0.5572320955940965,0.18188220895155635,0.2722562428113359,0.26356603338933504,0.5566883090954987,0.5844381789881117,0.16055758290723876,0.02041407447146753,0.2933325435996798,0.28213575823029613,0.2888454661893088,0.19073127322024133,0.4417660362596249,0.4725579182060786,0.4894124106078092,0.00033490854402659626,-0.1159763003510344,0.3758729464427488,-0.1621252974035026,0.33184064997628404,-0.23304422622256257,-0.18086157440277545,0.5218752990903397,0.03689297621155172,0.6314309728567027,-0.3760994180669646,-0.6138717341266267
-0.019253716247269834,-0.024658277658489866,0.12632113400397668,0.2635402030927931,0.2676212365375218,0.3227021026611761,0.19246656173376225,0.14984399768009857,0.24816318023442083,0.1494268777391649,0.25073846152700113,0.3024454612645861,0.14703695500182534,0.16938905845158497,0.23064308023371752,0.19806299735769006,0.19164477493163737,0.06761974120686494,0.21621850023726505,0.2304194116491951,0.23256150084524504,0.20212396612316003,0.04754363439937215,0.6290469262490891,0.17516443848123878,0.3709831165952425,0.3940504596434072,0.06525573538022848,0.20448085960375503,-0.11955038673528644,0.10860244371558563,2.356949902681975,-0.1738462233734688,0.634371515512785,0.18072972694761502,0.3754181171349767,-0.2934837279487126,0.5938817932890236,0.06799386345147264,-0.19548763515074993,0.3297369200953617,0.26268350083327113,0.11218633633828898,0.026323747939066777,-0.1007136201845779,0.43421247573433513,0.20013887546418205,-0.04399861727109149,0.043497997328913074,0.1926316256082235,0.027748039212339117,0.34271576365191425,-0.1455234305239702,-0.017401032230847213,0.4092594168092884,0.19683369191269942,0.03106606382673567,-0.4723335079810699,-0.3787104897224478
0.09327499996599958,0.35813722666841313,0.327712657212435,0.3652890859139483,0.1087318924714696,0.1446131458480424,0.1816694804005178,0.2359201890658001,0.2135251175339336,0.1472192297640127,0.16213170394542556,0.08592962365623079,0.1807594132222205,0.2182233557074734,0.29069605967944845,0.1713385532026764,0.23055245798043045,0.3208792562654798,0.27001427979862147,0.2806726586114768,0.3166391378776409,0.32267169926655687,0.23356975415282447,0.5575379276585384,0.2049189317567075,0.16803625938570874,0.22678130752049655,0.5763004312661261,0.13886324822054338,0.5443083173026039,0.5572320955940965,-0.1738462233734688,1.6788847476314361,-0.16724724930343945,-0.16868028226506399,0.0237312033195312,1.053658148560044,0.27364309618667126,0.16164618689175367,-0.11702801590266873,0.05236335323468808,0.31568666317317223,0.398628672909445,0.13752073243687102,0.10506127080342056,0.2944710957614649,0.4770208724550018,0.039928223330811995,0.31821512991796375,0.327174631938616,-0.27366195193473736,0.2006332860877556,-0.15863768178866142,-0.2890120994087745,0.2987318984934439,-0.18268869326837692,0.0024771194486060007,0.14559277911022012,-0.04891956304348741
-0.03837888390034489,0.2991723211442528,0.2774953231531583,0.2621024728840151,0.26701048422507284,0.30489659095372024,0.2413139302706827,0.25490552442717046,0.20473521252907365,0.36369639110469787,0.2946811052292995,0.34701280720798855,0.23130224010638198,0.19953424357102836,0.22149679187142682,0.2597826605538083,0.2845571020767213,0.24237270950752524,0.18578192043587943,0.1944819611822246,0.24370399514090169,0.2543065134711434,0.2900133920274232,0.3333821163768157,0.36387611593261393,0.2677872817156472,0.2734025655179181,0.13209646039068368,0.4577315494914872,-0.052115559331249235,0.18188220895155635,0.634371515512785,-0.16724724930343945,1.7464638549285705,0.5046903690006723,0.3702329972458533,0.199373172805602,0.327152568820188,0.2823861490338905,-0.0388847398012388,0.38417919402788275,0.23705920765219887,0.25938221825953717,0.344053843249278,-0.07179259000196227,0.27901693873113703,0.2922119449771626,-0.030367189266858188,0.06912565105913995,-0.1871534895925238,-0.02192097672986521,-0.10460689164756246,0.16587518461519665,-0.03924564180221657,-0.351923762462213,0.09207714212963418,-0.2020594335739513,-0.3918587019702574,0.6653155899356619
