0.34078834269257985,0.08034803415610581,0.14508517907872828,0.021592086090527988,0.06295412676068153,0.03987122503963379,0.0562498282137354,0.024534351255181934,0.056451810058472926,0.03409099405049073,0.034080065355188406,0.05029807138355027,0.014662576005014742,0.04448014709168314,0.04085362372507558,0.03285807893079284,0.01662251108831898,0.04732698593133381,0.021579746098542234,0.016130303246086972,0.04314869226224508,0.058159604617988636,0.028760391164820726,0.02318922700636366,0.03840169734170531,0.026583747816220783,0.02375663802140147,0.008625408836183502,0.03403716047983473,-0.00011553725300887102,0.0399435593771905,0.03679699812797573,0.026019084909806714,-0.02007993470086315,-0.0013363252942632754,0.017930943599638947,0.01107116371276999,0.07851674995613193,0.025791824031852928,0.005796881923543156,0.03759732783426188,0.029906032501876175,0.04049326250090478,0.05942047024281004,0.05472850708174936,0.05122558451161014,0.04355487711656596,-0.006213085009059778,-0.011413810182542,-0.012242623836913356,0.010965010692974888,0.011654059808689783,0.022246473859674206,-0.015671732064700346,0.06291894608494145,-0.005400264590723003,0.00799619225337775,-0.004416043426044731,-0.018849827450723004
0.08034803415610581,1.5316732920291158,0.450835157144504,-0.1134519741579626,0.05033101782787274,0.18076868316837275,0.07517819368370678,0.13142871029224173,0.1497082333440523,0.0661649913745349,0.12525200022741392,0.08806304746772718,0.04920395554353495,0.04371594671232919,0.18565359878688226,0.045178507206431726,0.11670909970000212,0.2321723954549089,0.0021824573607016136,0.16447257533355503,0.14441303071010264,0.07392984565397502,-0.10465807652938848,0.013533494056408859,0.09544772932881451,0.155875988475926,0.09838416975973598,0.18690645448144969,0.15362930431831742,-0.07032750303907245,0.03275861169286956,0.07531326017827186,0.157238823230644,0.19430131288186717,0.0725753910046677,0.047255633764142914,0.22968748384892135,0.16473291026009998,-0.010495909725295268,-0.01590314805122567,0.033092120008532296,0.10276422394416507,0.19805360713410847,0.028504140318942935,0.24605637861411442,0.1737157772417055,0.12198162805623147,-0.00029470030059593525,-0.11525971271540482,-0.14265126172615278,0.24737497803978897,0.27759023530667465,-0.13743615435831638,-0.1915917343959969,-0.39232316468528816,-0.06698083130409245,-0.10534611425845412,0.3105996366994336,0.13939982513485202
0.14508517907872828,0.450835157144504,1.5350133762009417,0.11739737039293086,-0.14866410639184383,0.15499846245329815,0.11802058146666321,0.21767255226194937,0.33282055881359013,0.22583700265405354,0.19842637879925953,0.13933132576083684,0.04763983774624511,0.09321094898556045,0.18826115358360196,0.08308947041771822,0.2457988697702157,0.15268514054936852,0.19364307970061875,0.1782069808707621,0.10585063003214798,0.2524454207225488,0.01510135912853017,0.12739658890001723,0.1470405334237975,0.1456669386480193,0.0956895973124673,0.13809793264708892,0.20739409232357733,-0.3444457963588436,0.1383712598660751,0.09587713016446889,0.22471902550442852,0.31608886637002154,0.055673454781111575,0.14764232863492774,0.228341605126217,0.30780710333438205,0.11234543508863029,-0.2088337304050702,0.11351669362169346,0.15787587366082953,0.14973962234127491,0.16117583916022257,0.2839736512549246,0.3649150958999157,0.2309234591277963,-0.02943817235200457,-0.1920714765818843,0.0004677882735863845,0.045113937398248614,0.25020517577805723,0.03906964568224919,-0.2793251336399527,-0.12443792456676564,0.10721104993979493,-0.031448674396688046,0.027566627716456345,-0.2119455423591817
0.021592086090527988,-0.1134519741579626,0.11739737039293086,1.705284798601422,0.3311388451371428,0.2710683192553584,0.259372158800254,0.19663611485118343,0.10605485097240602,0.21891736195940564,0.1725141262920809,0.3063199637573369,0.06610900019736939,0.2863801862434553,0.13164693717791157,0.24238005719516975,0.15590827227266113,0.2069822632481209,-0.0183249705770141,0.08878885653397162,0.19869865861766578,0.2341596697614127,0.20818562590355336,0.09769470580544952,0.17092350601247405,0.10782209423236122,0.0931206268919677,0.02033985936550732,0.14977244155704958,-0.03001871770907221,0.09542375217208521,0.1800039118402122,0.13075564379525909,0.2754119424812235,-0.07100507679131941,0.1905801030757032,0.07484414747966661,0.15358957353367494,0.12072956985383261,0.08419971268746113,-0.01170899986175869,0.12646645168750248,0.06887993699497334,0.15365073037348947,0.02347069404182273,0.12144106173633534,0.17974966355252997,-0.00150071491485035,0.09697811232914696,-0.04797909384611312,0.02034482444863966,0.1959888840344248,0.02078513143798058,-0.12112522192456733,-0.3358081921997996,0.08736578080126117,-0.04220464808429454,0.31717383825304485,-0.2756181428002136
0.06295412676068153,0.05033101782787274,-0.14866410639184383,0.3311388451371428,1.3534791145681317,0.20795596912041123,0.11547612593709283,0.1361019551626472,0.032981618673345536,0.10884810318966728,0.11832300647507552,0.20098341723384858,0.07739236500194255,0.1442165430816621,0.1262491319291479,0.174011143601003,0.04582502797927012,0.13903921141507397,0.03500995693014703,0.1064705169668103,0.08667873025044215,0.09137339711071313,0.126907158191713,0.07941563657346072,0.09730146234741295,0.15543302067471107,0.05824780321841233,-0.03182415895897357,0.11001653460496967,-0.052593225358181284,0.09297599441111984,0.14394440589609725,0.0703886733470012,0.14170722325386254,-0.12535346267541234,0.13999485377768892,0.014129138349298671,0.016002611235881835,0.08735823103937011,0.09641236978243843,-0.018624771308136025,0.1394448384389163,-0.09392722666835703,0.03118052239129456,-0.08401459429522602,0.04665860004512949,0.0742621483645894,0.014110568653420502,0.03598659017855805,0.024023897862831465,0.11230514372132744,0.057205475090007826,0.020330960298554423,-0.06374874630168147,-0.0011903369088515818,-0.09531927030621484,-0.055144044083183394,0.11768950028898581,0.1330020018715461
0.03987122503963379,0.18076868316837275,0.15499846245329815,0.2710683192553584,0.20795596912041123,0.5993298405176345,0.08904518043764624,0.2170111896812275,0.07103591488616909,0.132955347329844,0.16706285908229096,0.1564012798028408,0.07238033318503423,0.16920792192796336,0.18235677729914787,0.15819709054970774,0.1710660236647658,0.1530489610339178,0.14146289594659905,0.21114397529289894,0.26880838730304724,0.24777560937393434,0.05741980877596975,0.12871087924376068,0.1559993081727167,0.1650031890407962,0.1188687895889163,0.09140930164713763,0.21459686589846277,0.0024640862895012254,0.11005450698340993,0.17999498666209765,0.03175328679689888,0.2165531368878696,0.0696242982057229,0.0498170683213406,0.16947283572898308,0.22315221884983938,0.2088303441463267,0.0958049019948973,-0.014664313909447156,0.14921985259170342,0.21158623987336037,0.1892948724403297,0.20749985582481476,0.07371649240964813,0.20719122881503332,-0.013031700088174964,0.023011966948936008,0.08549388118452861,-0.18526175799309422,0.11843872529524249,-0.04959570421089761,-0.039656398580349174,-0.11112506444006935,-0.014633941680179497,-0.03302201840221785,0.14428059611156976,0.015137678566144088
0.0562498282137354,0.07517819368370678,0.11802058146666321,0.259372158800254,0.11547612593709283,0.08904518043764624,0.4402280069511085,0.05614338062230176,0.20053529952108357,0.10547221215843196,0.11152975042632017,0.23723440845301055,0.04669727040530578,0.08423170206481094,0.06590573034795821,0.10842917866875723,0.11015591301626228,0.14754478844716554,0.06416014978203709,0.06907112516892366,0.19712308773541723,0.17872933510173136,0.13583734009096354,0.09332407146285622,0.10964258665734579,0.03924194303654549,0.08891113079604177,0.030627617471596393,0.07626378768668038,0.02997220940951567,0.09810936869910564,0.1180747532258828,0.1486037117224715,0.16533123386651355,-0.04161802289886925,0.0938287104043325,0.09797720714749604,0.13021132822648393,0.10659171976769045,0.05860823473503618,0.0214198998921753,0.0869901489959086,0.09998103107751267,0.12953573414964073,0.05989434445223999,0.10623273897117384,0.15786133096184418,-0.002713159380295202,0.09225968881426823,-0.04865457312992048,0.020787675576256985,0.05990141222034075,0.035865635196862075,-0.0930385580221136,-0.0037337343951534814,0.07828733197262326,-0.032984747466322246,0.009277491027110141,-0.05090600680487246
0.024534351255181934,0.13142871029224173,0.21767255226194937,0.19663611485118343,0.1361019551626472,0.2170111896812275,0.05614338062230176,0.672516130206974,-0.04206853438982616,0.13198699050366205,0.16327580763134858,-0.0169392792542646,0.09492141804585047,0.1776288635129162,0.1127850350558428,0.13100046037678478,0.2384726385824389,0.13994794950615003,0.09172762586553411,0.15533998882269953,0.13872784810848018,0.13245156942150862,0.04038707446225955,0.042517761104753984,0.141209268836757,0.14027426840139912,0.08759727564386709,0.024134898986276337,0.1485790541478654,0.08506788940718718,0.06238127624990195,0.0894037691004777,0.06762583514217606,0.18861118174282113,0.09301144136329063,0.08583643101809386,0.15744292776220173,0.14713012489303495,0.13383053426030964,0.02024586343530815,0.04529488818075256,0.10696005787693301,0.15438019055531405,0.09600680543098063,0.1455814430732281,0.12466993555269484,0.14476294393657343,-0.0029231899041455935,-0.004795510626207541,0.01676527329327048,-0.04102127222224294,0.07377487392329377,0.07593098393405384,-0.09972446958728798,-0.14922400729237942,-0.09574787860228659,-0.044020038414403634,0.2991345208484018,-0.018626782233702524
0.056451810058472926,0.1497082333440523,0.33282055881359013,0.10605485097240602,0.032981618673345536,0.07103591488616909,0.20053529952108357,-0.04206853438982616,0.8301627648936079,0.003261743343304131,0.06711941685972603,0.11706520261116106,0.029669055372090247,0.09149185774507022,0.15471275302822343,0.049123328273883556,0.11767969721674762,0.08650470672863313,0.020519918003183514,0.006874042309985121,0.15442084790059504,0.17223813984949524,0.17650307840770185,0.15986966095514027,0.07718738804621648,0.09866759352018482,0.06718242563295698,0.07032538129348224,0.035402966351492204,-0.01311027670249404,0.11597246289569783,0.06569985492296554,0.2073379755197027,0.18315201619345906,-0.04510924591079408,0.11019994250575967,0.04199291912489182,0.15198104667279422,0.030249096827270304,0.008068326754296416,0.033765269872030525,0.08074682323638349,0.01898958810324015,0.18378297435084137,0.025494099015426295,0.14348482993367515,0.13673513953434807,0.005988723444458918,0.14249996446701002,-0.20933093486322651,0.12166663665578815,0.055183820324769615,0.15687268163969229,-0.09660890321570625,0.05948160275253488,0.225601957018375,-0.05103816434921021,-0.11467415906529545,-0.14608937597529373
0.03409099405049073,0.0661649913745349,0.22583700265405354,0.21891736195940564,0.10884810318966728,0.132955347329844,0.10547221215843196,0.13198699050366205,0.003261743343304131,0.512743324855566,0.13275856747945106,0.12997510188097175,0.058872569729521144,0.12231350961003842,0.10291686586768858,0.10399677070394325,0.16743047348899306,0.11131420942092815,0.04328329219289921,0.13863545185412118,0.0749254661583997,0.0985620554539139,0.049550335885337415,0.1148975735628988,0.11612053355130397,0.08218222921141405,0.11012251634802665,0.06251362656020787,0.15984749048706404,-0.05408223132357286,0.09648683574166217,0.088004045466457,0.07010042083621079,0.16642700218083073,0.07760641222865973,0.08053807344445392,0.14171289641618495,0.09481641303128872,0.10329253729967447,0.044243964105526404,0.12149964703920114,0.08458749908404431,0.12092910104916954,0.06909768457652603,0.06243674771819848,0.10433141896103176,0.20534699965418624,-0.004515158887787836,0.014588587691384759,-0.003396616919670138,-0.05157611930285032,0.07416606286207883,0.017059486362157813,-0.03646809646256266,0.09610754286269961,0.05096194911886773,0.014294535868964158,-0.12427351675552466,-0.018427927591494715
0.034080065355188406,0.12525200022741392,0.19842637879925953,0.1725141262920809,0.11832300647507552,0.16706285908229096,0.11152975042632017,0.16327580763134858,0.06711941685972603,0.13275856747945106,0.35540034138889603,0.16911324224974456,0.0750227656155652,0.11014167080422688,0.170099398322671,0.12361045040916087,0.2327789587434483,0.10024816409830294,0.049635783755826814,0.15329642572109298,0.0965583945059731,0.11148687340431296,0.08134036853528644,0.10467266912621609,0.12866384561036465,0.09472696299453882,0.12329357812536534,0.058537296524429155,0.15798928849687563,-0.03815370735417384,0.10594564566291563,0.10474016039176297,0.09253418261916482,0.15499126071873992,0.08654069168182435,0.13423214722473753,0.11398675455370214,0.1074791410000344,0.10046725585392186,0.04596259672221581,0.051305581065428325,0.10961289697511883,0.08819393557466323,0.06690444532914507,0.0445161775120739,0.11238079097088619,0.1290214199882617,0.004047458192529072,0.011746893791370675,-0.057819786002079376,-0.02542431947022272,0.08046920655495127,0.09180707901991149,-0.06468395023173866,-0.11141151343629122,0.024120455890185973,-0.023140297214971333,0.09173896683248145,-0.08994917488583354
0.05029807138355027,0.08806304746772718,0.13933132576083684,0.3063199637573369,0.20098341723384858,0.1564012798028408,0.23723440845301055,-0.0169392792542646,0.11706520261116106,0.12997510188097175,0.16911324224974456,0.6762068476167578,0.049525368164764036,0.14301404422499284,0.09355101347039964,0.1870960574793222,0.09247923593084069,0.18445676494415178,0.06418448829569293,0.0649425917903102,0.15585014008560324,0.15468593110491202,0.1443932320539718,0.08671327601832879,0.14043934519039455,0.09434405670754603,0.16152756625508133,-0.027283210896713327,0.10294209877389751,-0.0775458723559138,0.09048812062954696,0.1843551255815537,0.07022851952514451,0.13219968206642302,-0.0004991717583071243,0.1508657335512519,0.026959388939738097,0.11447127338404277,0.10679700896851353,0.10504457831607003,0.0039925061616734505,0.10227247238542293,0.11935619236150574,0.059869492050234015,0.08567959569045976,0.09856895149786238,0.11875729166495048,-0.0040044703896217745,0.02001283902788583,-0.025068521133636817,0.03146180204693452,0.011364401252261291,0.05101951226641688,-0.03175024578395027,-0.05889918491333996,0.07236648228477538,-0.07170561456285894,0.08305704779027537,-0.10093362109752717
0.014662576005014742,0.04920395554353495,0.04763983774624511,0.06610900019736939,0.07739236500194255,0.07238033318503423,0.04669727040530578,0.09492141804585047,0.029669055372090247,0.058872569729521144,0.0750227656155652,0.049525368164764036,0.18028273061038777,0.06453204725412115,0.03499939722001928,0.07014365012712026,0.07079920094207443,0.05692293297053313,0.04043424455225696,0.024479687358336742,0.045599199711963696,0.07287476202349409,0.05709739296281175,0.047942829363773795,0.06741760156480638,0.05592421680185693,0.0642435316810683,0.03933055596813041,0.096742590941716,0.021568926523328775,0.03272194063375448,0.06892965145577651,0.041536765146507705,0.06363017388114581,0.054581027533910344,0.059647138899039484,0.03152208887838992,0.03273887238878046,0.047465103419430964,0.02777012839197249,0.05157054318589923,0.048244389924673975,0.04733923637501128,0.06603768361429936,-0.01980245158167564,0.04830984803128783,0.04550631237001719,-0.00338218371617171,0.028169944627789954,0.015026010343701601,0.0009532368758873346,0.003956378597979971,-0.0036981962344684073,-0.020359003210393887,-0.02600313498445457,-0.01853788855340475,-0.009226852409360687,0.008262910221203729,0.02985440265642324
0.04448014709168314,0.04371594671232919,0.09321094898556045,0.2863801862434553,0.1442165430816621,0.16920792192796336,0.08423170206481094,0.1776288635129162,0.09149185774507022,0.12231350961003842,0.11014167080422688,0.14301404422499284,0.06453204725412115,0.5386943621985191,0.12914204763053616,0.27177379989031236,0.13735502914283382,0.0960001836523648,0.03996820862718877,0.03934170068357987,0.0956118426867691,0.23856873614894603,0.14820816990899685,0.10853510217714203,0.10321891316587586,0.1205083059748522,0.02286123043011492,0.07109201173773069,0.0860651930182075,0.07207034287584978,0.08361939238379915,0.09663943555871927,0.012399808032048702,0.11742709064868365,0.11882610130729898,0.15799478069801345,0.06021355688398992,0.12467620331601709,0.10471771144265173,0.07719871098313248,0.11397613979822128,0.1140534218691351,-0.005435361024059092,0.19166126221271812,0.04420418240714057,0.062727057495036,0.09056572920766083,-0.01499050322365549,0.10165969202133135,-0.06992661163946101,0.040244439372144135,-0.02508813945750983,0.03690097536588522,0.0400837991995256,-0.15760935595052852,0.04678056290563111,-0.14719319306093898,0.15266271608542328,-0.019845110079584533
0.04085362372507558,0.18565359878688226,0.18826115358360196,0.13164693717791157,0.1262491319291479,0.18235677729914787,0.06590573034795821,0.1127850350558428,0.15471275302822343,0.10291686586768858,0.170099398322671,0.09355101347039964,0.03499939722001928,0.12914204763053616,0.6882231919558406,0.14582648487120686,0.18248481863289975,0.0920941564205977,0.0556860147049702,0.1537954847762108,0.02946000256983162,0.16901981967549748,0.11200337477818514,0.14880956627016242,0.13157186303521148,0.1420430620758809,0.11170871827008932,0.16109403919928256,0.14024037637610545,0.012464234491615824,0.13126067966291366,0.0633046478229159,0.0947716130629646,0.189030054711066,0.09420672013534952,0.12624200763429022,0.18950313705863508,0.12654787835607684,0.09005269122612844,0.004743651565959765,0.11589395475744474,0.13589306303685733,0.06733575098021903,0.1107749200788462,-0.004118540649565425,0.07531697510230444,0.1272475988960116,-0.0019494472361109077,0.09900568269006048,0.07640130403444335,-0.15973313863805927,0.2817924179397707,-0.15832527509333963,-0.02103710746132862,-0.08024456720417193,0.14718488615511804,-0.11340732948378958,0.034868910112432414,-0.06536416390506544
0.03285807893079284,0.045178507206431726,0.08308947041771822,0.24238005719516975,0.174011143601003,0.15819709054970774,0.10842917866875723,0.13100046037678478,0.049123328273883556,0.10399677070394325,0.12361045040916087,0.1870960574793222,0.07014365012712026,0.27177379989031236,0.14582648487120686,0.47204069320191416,0.16137896697890897,0.11082396074731668,0.12278382637978788,0.06588947669308996,0.08611997479478146,0.25036272170886054,0.12621857276630488,0.11069377974250594,0.12701190617597802,0.08996967239720065,0.11100654421577535,0.10034681815593363,0.14234092125548803,0.08096332014872919,0.10051290657864187,0.14883176181558863,0.0620737333651168,0.13527239727381113,0.14289996525549079,0.15976326476227742,0.07838369939304096,0.1477028797968954,0.1341140006167169,0.08693009232580204,0.12014782214609021,0.17084746269625184,0.08541060041490146,0.17204693579188401,0.05217331120640231,0.07950786411459401,0.11993833777852364,-0.010425449622667057,0.10428260061152694,-0.009803603559653104,-0.02876128896714327,0.06386860755657298,0.007020292111948923,-0.01624767264920017,-0.12876471560147695,0.0701196400730002,-0.1106705320016814,0.12106932935131284,-0.06859950777330509
0.01662251108831898,0.11670909970000212,0.2457988697702157,0.15590827227266113,0.04582502797927012,0.1710660236647658,0.11015591301626228,0.2384726385824389,0.11767969721674762,0.16743047348899306,0.2327789587434483,0.09247923593084069,0.07079920094207443,0.13735502914283382,0.18248481863289975,0.16137896697890897,0.9588341581947817,-0.029655319074255768,0.11239125759974813,0.26553263615291756,0.0943327967631338,0.165985605505627,0.10179274495359782,0.09744520265363696,0.18829177222376178,-0.13916511115342176,0.16758580083574542,0.12709050004415606,0.2526556631016525,-0.009193132319327522,0.12768670301761956,0.0788114922512109,0.21460451603,0.2411523330952762,0.09056901355318794,0.1320557361495228,0.35233058263971206,0.17330046875838775,0.14291951376861955,0.04588509035063206,0.06317750717276147,0.12822269373158657,0.1479408871994033,0.1128564677125906,0.04797068632790099,0.13866858322706382,0.30033295035990615,0.00616000411659368,0.02839393065757114,-0.00015891924836298582,-0.022248909328085476,0.02629521144269581,0.03035309444626883,-0.080763286027331,-0.07463218995410087,-0.0012405434540499229,-0.03642370797447636,0.08673855248699083,-0.10695370342045796
0.04732698593133381,0.2321723954549089,0.15268514054936852,0.2069822632481209,0.13903921141507397,0.1530489610339178,0.14754478844716554,0.13994794950615003,0.08650470672863313,0.11131420942092815,0.10024816409830294,0.18445676494415178,0.05692293297053313,0.0960001836523648,0.0920941564205977,0.11082396074731668,-0.029655319074255768,0.9345618178149956,0.17670512100231497,-0.2650666329178402,0.181849517292029,0.3086658098944801,0.23824225911075303,0.10374969461615155,0.09414035834346807,0.2619129126206232,0.027618667706063842,0.1669899500925972,0.06691767651430566,-0.0118296889297844,0.06485375236034951,0.10513154444846023,0.09161807231462342,0.08651324111312751,0.03582220069777387,0.11676716207669169,0.08832831995607057,0.0728531175617976,0.0766316862854432,0.08227857312999946,0.08993108181306163,0.004458403014712276,0.2494392001374944,0.19499974721994373,0.18166555751819918,0.11486670987197864,0.04156467756554894,-0.04646900735888146,-0.0029502132814569456,0.03929975838032839,0.27515992511901066,-0.04353385909625917,-0.2500979820400423,-0.10147081555327105,-0.2038991927888382,0.02495902796479692,-0.09268582950657198,0.19690745292847195,0.04411782305554416
0.021579746098542234,0.0021824573607016136,0.19364307970061875,-0.0183249705770141,0.03500995693014703,0.14146289594659905,0.06416014978203709,0.09172762586553411,0.020519918003183514,0.04328329219289921,0.049635783755826814,0.06418448829569293,0.04043424455225696,0.03996820862718877,0.0556860147049702,0.12278382637978788,0.11239125759974813,0.17670512100231497,1.0600177105341893,0.0308455297554446,0.11801225723824149,0.3507763469454956,-0.2161761471114361,0.03510120259759194,-0.02952924929950521,-0.05711833568122706,0.02761805579737364,0.13757206932729302,-0.017087847565834674,0.13914206803871154,0.0877260284995657,0.12090754807682867,0.0872323805760451,0.023690790310974152,0.03838704976343838,0.10163278344460054,0.23078232872791932,0.09447681904354312,0.24528656695125772,-0.07098791548943774,0.0006244811671388421,0.08018408602303612,0.014401769637880141,0.006246303170122585,0.2267630639518848,0.08964125746732907,0.10413118519438054,-0.037195476843576804,0.0586851180772554,0.347524158806102,0.016585266538891124,-0.13768417690847493,-0.2197286952653836,-0.07730328881851697,-0.09521212207992172,0.0026969428479300186,-0.0075900148615493665,0.06030554037459364,-0.05637296006105087
0.016130303246086972,0.16447257533355503,0.1782069808707621,0.08878885653397162,0.1064705169668103,0.21114397529289894,0.06907112516892366,0.15533998882269953,0.006874042309985121,0.13863545185412118,0.15329642572109298,0.0649425917903102,0.024479687358336742,0.03934170068357987,0.1537954847762108,0.06588947669308996,0.26553263615291756,-0.2650666329178402,0.0308455297554446,1.0959740353662102,0.10480434052903104,-0.21789531991704733,-0.15227144017935879,0.03820385870961315,0.1275966728912338,0.27868526740345856,0.24026011444423095,0.18208485495782534,0.23509905144987625,-0.036717986358214626,0.20123715995532396,0.13014537191984513,0.24610095950791266,0.32489748608620295,0.1616854864034038,-0.046380489866905905,0.49322714560577036,0.3698160105943409,0.346402032981905,0.22045483744000427,0.1089585457976463,0.28435505666616134,0.595748859264703,-0.09449937100597534,0.5577965126471457,0.1506068459938424,0.3880491456852069,0.09090231471220912,0.0199236456152852,0.12555655682222192,-0.29359249454152664,0.3111227946705246,0.07144074022992926,-0.15153715071643512,0.0589217944602899,-0.06370949737905068,0.05114509437131237,0.0028957038480623884,-0.005437051116145716
0.04314869226224508,0.14441303071010264,0.10585063003214798,0.19869865861766578,0.08667873025044215,0.26880838730304724,0.19712308773541723,0.13872784810848018,0.15442084790059504,0.0749254661583997,0.0965583945059731,0.15585014008560324,0.045599199711963696,0.0956118426867691,0.02946000256983162,0.08611997479478146,0.0943327967631338,0.181849517292029,0.11801225723824149,0.10480434052903104,1.0576542463292902,-0.12684101473257534,-0.02026569114569304,-0.061910148127783234,0.12161796773279968,-0.2651479144361205,0.037270002096716104,0.14546360219867194,0.07571695790731839,0.2703560390548161,0.06701374747204995,0.11642237342028651,-0.013322357885178125,0.1699192327428896,0.3366711747313596,-0.02124146891311068,0.2911731482844244,0.17756842438363116,0.07006392290784381,0.16469606132171546,0.03795237894250206,0.09866059926019473,0.21069031907690688,0.22947176233814062,0.5631964035202133,0.04938064587472946,0.26996019150065476,0.031122710391451442,-0.32082271985625344,-0.1234815141796685,0.045130794991426075,0.032108178469284904,0.06920147977449606,-0.0013207460631725384,-0.19173791993122002,-0.05094247728477084,-0.029637505274371673,0.16284292089539332,-0.10905839734133564
0.058159604617988636,0.07392984565397502,0.2524454207225488,0.2341596697614127,0.09137339711071313,0.24777560937393434,0.17872933510173136,0.13245156942150862,0.17223813984949524,0.0985620554539139,0.11148687340431296,0.15468593110491202,0.07287476202349409,0.23856873614894603,0.16901981967549748,0.25036272170886054,0.165985605505627,0.3086658098944801,0.3507763469454956,-0.21789531991704733,-0.12684101473257534,1.5634212122389657,0.2473845024386781,0.06796964437011824,0.17928782466017928,0.18729240110624015,0.08917330653437623,0.08622793030467857,0.06524431969408931,-0.026773760216194223,0.22676367117907792,0.34394454603659086,0.21019688995403704,0.3359990240108555,-0.026699430491567477,0.08191999101933906,0.00800926657783796,0.41282795839681585,0.4386088219249939,-0.0071962760143556735,0.15048190633851527,0.19259519029074537,0.0297177590916789,0.46134366732620935,-0.2684064684617226,0.22753999544504533,0.28167318357623855,-0.19479805171712639,0.9194521574395689,0.13841485303316822,-0.015931725420613323,-0.07219086890400836,-0.08593206462375516,-0.0880234205053747,-0.16270826469888955,0.11237179780471311,-0.07250500635787181,0.20598266035167298,-0.12785482248104296
0.028760391164820726,-0.10465807652938848,0.01510135912853017,0.20818562590355336,0.126907158191713,0.05741980877596975,0.13583734009096354,0.04038707446225955,0.17650307840770185,0.049550335885337415,0.08134036853528644,0.1443932320539718,0.05709739296281175,0.14820816990899685,0.11200337477818514,0.12621857276630488,0.10179274495359782,0.23824225911075303,-0.2161761471114361,-0.15227144017935879,-0.02026569114569304,0.2473845024386781,1.600319284502385,0.14391444990171923,0.2811243429066892,-0.1941550544077198,0.05020017527891661,-0.18122179600498223,0.19840299070588824,0.06158534397198743,0.21077430166779967,-0.036601827092288694,0.14074745415760095,0.31490710854259013,-0.14615740686473572,0.47021287080085394,0.08792176073552889,0.10501915396915748,0.2001411690954475,0.23888049343068601,0.09179012978858686,-0.03225449910284109,-0.00573436673693481,0.6345122969285388,-0.40844415225983366,0.13182850612957497,0.1073247633088362,0.02909007340060281,0.053985864633476294,-0.20259158242592742,0.07546039684064498,-0.03667565211268797,0.1412177334111233,-0.01405917229896458,-0.00643564175119621,0.1349309467724748,-0.13192872655522453,-0.03937120977419044,0.029727339852814085
0.02318922700636366,0.013533494056408859,0.12739658890001723,0.09769470580544952,0.07941563657346072,0.12871087924376068,0.09332407146285622,0.042517761104753984,0.15986966095514027,0.1148975735628988,0.10467266912621609,0.08671327601832879,0.047942829363773795,0.10853510217714203,0.14880956627016242,0.11069377974250594,0.09744520265363696,0.10374969461615155,0.03510120259759194,0.03820385870961315,-0.061910148127783234,0.06796964437011824,0.14391444990171923,0.6156859348647782,0.06917456098067531,0.17951282511737243,0.0685258514804775,0.07330247336386064,0.11513064043756177,0.060750267948133485,0.1195055234646044,0.033951800866591046,0.059653632784159735,-0.04992020536797687,0.0540142991847032,0.2037283334537741,-0.010135972990384183,0.0210149959781684,0.06348593444370487,0.01399316637508863,0.09319876243423265,0.0677814268437902,-0.021489772342996982,0.07644067689820903,0.007867670895495449,0.0872966410458783,0.022558308285644105,-0.0042829094871599405,0.007801264457972249,0.0014188099886143612,-0.06791081289050702,0.02551233159627597,0.02056099683772068,-0.013098529822413,0.21488370835357132,0.180767003222375,-0.0757530972101273,-0.5648682574419722,0.31290914121138197
0.03840169734170531,0.09544772932881451,0.1470405334237975,0.17092350601247405,0.09730146234741295,0.1559993081727167,0.10964258665734579,0.141209268836757,0.07718738804621648,0.11612053355130397,0.12866384561036465,0.14043934519039455,0.06741760156480638,0.10321891316587586,0.13157186303521148,0.12701190617597802,0.18829177222376178,0.09414035834346807,-0.02952924929950521,0.1275966728912338,0.12161796773279968,0.17928782466017928,0.2811243429066892,0.06917456098067531,0.8679425136586907,-0.05788636395901123,0.12896428076159291,0.02904686278306683,0.3804719466991014,0.10744000972516418,0.18348255598472074,0.11877212469381167,0.1127588861617458,0.42991475094908416,0.12017854419024797,0.28335500531090774,0.15158694853135662,0.1569204285588948,0.16962331500767538,0.059083047606894284,0.06338516910868322,0.08808795753279378,0.12081752611212036,0.14790540036126973,-0.04183033728703227,0.18828339826193927,0.16613833206117667,-0.0066442811306316,0.06519340397389128,-0.24112660666015182,-0.07067630172575172,0.2062044210654595,0.14806832740057269,-0.08076685313753891,-0.04652684020704357,0.029038331356006333,0.012714395521848922,0.06211995924978689,-0.08544861441599647
0.026583747816220783,0.155875988475926,0.1456669386480193,0.10782209423236122,0.15543302067471107,0.1650031890407962,0.03924194303654549,0.14027426840139912,0.09866759352018482,0.08218222921141405,0.09472696299453882,0.09434405670754603,0.05592421680185693,0.1205083059748522,0.1420430620758809,0.08996967239720065,-0.13916511115342176,0.2619129126206232,-0.05711833568122706,0.27868526740345856,-0.2651479144361205,0.18729240110624015,-0.1941550544077198,0.17951282511737243,-0.05788636395901123,2.090951192822766,0.10023012525166006,0.25194505032006353,-0.19639326053078837,-0.31763754823986756,0.17169787421742203,0.31493625333727016,0.16839880688706943,-0.001217252311125998,0.03840453644536248,-0.023726056070938424,-0.32033624114390724,0.11827895309372806,0.28480537380624427,0.0186599318089951,0.463873351532177,0.38454903371789234,0.1755117544192804,-0.036385270545507976,0.38065031910792624,0.049687742614971615,-0.03621511889054869,-0.017544714874825958,0.27260658750922606,0.40063503055981564,-0.2185028810997341,-0.028720117334333425,-0.2606077113879031,-0.01916761998362473,0.07437083751321424,-0.0003171474168624146,-0.08949210348166815,0.07795980115126645,0.16344326053994668
0.02375663802140147,0.09838416975973598,0.0956895973124673,0.0931206268919677,0.05824780321841233,0.1188687895889163,0.08891113079604177,0.08759727564386709,0.06718242563295698,0.11012251634802665,0.12329357812536534,0.16152756625508133,0.0642435316810683,0.02286123043011492,0.11170871827008932,0.11100654421577535,0.16758580083574542,0.027618667706063842,0.02761805579737364,0.24026011444423095,0.037270002096716104,0.08917330653437623,0.05020017527891661,0.0685258514804775,0.12896428076159291,0.10023012525166006,0.5456413578237029,0.11684229471857821,0.12227420193798746,0.016259413817869516,0.14410251556319753,0.14210054653556428,0.13499236062509445,0.12029748585300716,0.11042886213336925,0.17211331898686727,0.17718820745162178,0.20865637970227366,0.07458258802199356,0.11121962275781108,0.1412743989784545,0.13797174319369732,0.4204025278379032,-0.006559802222243385,0.1076157939657993,0.11080929028599813,0.10809469737183611,0.012208468467073385,0.042930880664783413,0.013062214778106498,-0.10458911368152372,0.11279287398948681,0.0010686007137125147,0.008571062109371605,0.03206721069028421,0.023946410279548677,0.04411947805225099,0.017015273403988444,-0.059375952634081484
0.008625408836183502,0.18690645448144969,0.13809793264708892,0.02033985936550732,-0.03182415895897357,0.09140930164713763,0.030627617471596393,0.024134898986276337,0.07032538129348224,0.06251362656020787,0.058537296524429155,-0.027283210896713327,0.03933055596813041,0.07109201173773069,0.16109403919928256,0.10034681815593363,0.12709050004415606,0.1669899500925972,0.13757206932729302,0.18208485495782534,0.14546360219867194,0.08622793030467857,-0.18122179600498223,0.07330247336386064,0.02904686278306683,0.25194505032006353,0.11684229471857821,1.0608807954280097,-0.1070669206140877,0.20145320504695868,0.19268017111621263,0.08182921998055732,0.4139655661443079,0.1455429902852512,0.4475779579762412,0.10848771888371674,0.3127966722115944,0.1837254005220551,0.06523375304476245,0.03580056092133841,0.3502413508627617,0.21714922814617982,0.12615998453910163,0.32654022863142607,0.19439333006017148,0.05309468128661048,0.1403942384370961,0.029788753096011332,-0.005072190145447403,0.1322398611175908,0.036136587111500536,0.40850690781840976,-0.5970153088599515,-0.022786410392151065,-0.16281221880932498,0.004617841634072009,-0.041927364419228605,-7.163243595241338e-5,0.024125056239056374
0.03403716047983473,0.15362930431831742,0.20739409232357733,0.14977244155704958,0.11001653460496967,0.21459686589846277,0.07626378768668038,0.1485790541478654,0.035402966351492204,0.15984749048706404,0.15798928849687563,0.10294209877389751,0.096742590941716,0.0860651930182075,0.14024037637610545,0.14234092125548803,0.2526556631016525,0.06691767651430566,-0.017087847565834674,0.23509905144987625,0.07571695790731839,0.06524431969408931,0.19840299070588824,0.11513064043756177,0.3804719466991014,-0.19639326053078837,0.12227420193798746,-0.1070669206140877,1.7930486101820877,-0.3220336350115459,-0.22878140074500497,0.0767196912512587,0.02497371567293948,0.2984443706801563,-0.011828571099328328,0.24946512790512151,-0.17902020542956748,-0.22712865769229804,-0.04115022763037022,-0.00045234331375809157,0.23296439188690218,0.026546930540694454,0.04628017532020202,-0.24293140530329413,-0.38495098056229016,0.11042276858109833,0.06097698511171406,-0.033064138071913,0.061562882758743026,0.03064211317559203,-0.25075970324383506,0.15579658441431796,0.0036229101364826074,0.03632812921451845,-0.02942690508365465,0.01112115862631626,-0.008032057315116083,0.07990984066213275,-0.05919325102472629
-0.00011553725300887102,-0.07032750303907245,-0.3444457963588436,-0.03001871770907221,-0.052593225358181284,0.0024640862895012254,0.02997220940951567,0.08506788940718718,-0.01311027670249404,-0.05408223132357286,-0.03815370735417384,-0.0775458723559138,0.021568926523328775,0.07207034287584978,0.012464234491615824,0.08096332014872919,-0.009193132319327522,-0.0118296889297844,0.13914206803871154,-0.036717986358214626,0.2703560390548161,-0.026773760216194223,0.06158534397198743,0.060750267948133485,0.10744000972516418,-0.31763754823986756,0.016259413817869516,0.20145320504695868,-0.3220336350115459,2.939757465032217,0.10400164263382083,0.14164271723750754,-0.026411672010802998,-0.33786993256194714,0.3716542245625165,0.6504158078433704,0.1381163429185302,0.14176686145356113,0.06133595410774576,-0.13227733400154673,0.11343173802888677,0.08619615760198537,-0.06951175387910223,0.15465309699114652,0.6986365960798551,0.43347999716853886,0.07818749042934846,-0.013531683294894827,0.02208028775053194,-0.04876077460607131,-0.02329316308655114,0.16084388126376825,-0.0071395227015919474,-0.02252570958439116,0.10537727668334297,-0.20317971021372094,0.028146343032998164,0.08273337197687589,0.16397296875153608
0.0399435593771905,0.03275861169286956,0.1383712598660751,0.09542375217208521,0.09297599441111984,0.11005450698340993,0.09810936869910564,0.06238127624990195,0.11597246289569783,0.09648683574166217,0.10594564566291563,0.09048812062954696,0.03272194063375448,0.08361939238379915,0.13126067966291366,0.10051290657864187,0.12768670301761956,0.06485375236034951,0.0877260284995657,0.20123715995532396,0.06701374747204995,0.22676367117907792,0.21077430166779967,0.1195055234646044,0.18348255598472074,0.17169787421742203,0.14410251556319753,0.19268017111621263,-0.22878140074500497,0.10400164263382083,1.1209525277345365,0.16097525489733044,0.1684562751245461,0.04477400866257503,0.17035125775140192,0.5000351192628043,0.31511882124814805,0.2047538930094988,0.33838720170123,0.1090039760543307,0.17585431284324896,0.14739387701405152,-0.07996819906620618,0.250595646304989,0.21401979579366004,0.2091592944818257,0.17476748880729326,0.0032611207911779367,-0.052138556080722986,0.13041923997292335,-0.11270609219948328,0.11892827613264759,-0.007397316551336489,-0.10876068769321459,0.08305105141552827,0.09541037410584888,0.06803291808115655,-0.11877385616264956,-0.04929014153272609
0.03679699812797573,0.07531326017827186,0.09587713016446889,0.1800039118402122,0.14394440589609725,0.17999498666209765,0.1180747532258828,0.0894037691004777,0.06569985492296554,0.088004045466457,0.10474016039176297,0.1843551255815537,0.06892965145577651,0.09663943555871927,0.0633046478229159,0.14883176181558863,0.0788114922512109,0.10513154444846023,0.12090754807682867,0.13014537191984513,0.11642237342028651,0.34394454603659086,-0.036601827092288694,0.033951800866591046,0.11877212469381167,0.31493625333727016,0.14210054653556428,0.08182921998055732,0.0767196912512587,0.14164271723750754,0.16097525489733044,0.648616088802713,0.11159345707188385,0.10386918858191017,0.016972637814958717,0.13444010250794813,-0.06456058676212391,0.1291321631571492,0.18138270637662932,0.019840046140417705,0.0664661231994712,0.21379976926404978,0.09734746782155458,-0.022388984131882776,0.15932674929807575,0.17758295737774982,0.17602709719157553,-0.04104404724581798,0.2144176939398846,0.035931991958438415,-0.043876266876088206,0.08450454679988685,-0.022218699282396722,-0.07602509381256387,-0.1278457029907591,-0.09770150809425802,0.33427977322811636,0.009376432311281026,-0.1761428585504884
0.026019084909806714,0.157238823230644,0.22471902550442852,0.13075564379525909,0.0703886733470012,0.03175328679689888,0.1486037117224715,0.06762583514217606,0.2073379755197027,0.07010042083621079,0.09253418261916482,0.07022851952514451,0.041536765146507705,0.012399808032048702,0.0947716130629646,0.0620737333651168,0.21460451603,0.09161807231462342,0.0872323805760451,0.24610095950791266,-0.013322357885178125,0.21019688995403704,0.14074745415760095,0.059653632784159735,0.1127588861617458,0.16839880688706943,0.13499236062509445,0.4139655661443079,0.02497371567293948,-0.026411672010802998,0.1684562751245461,0.11159345707188385,1.7674077778915376,0.25194395477675946,-0.5321151371997824,-0.10447032290184297,0.34562391952579385,0.4646922687494094,0.02279879065379519,-0.02835174681869932,-0.2830405568317857,0.313225843047056,0.15641277472631257,0.399770497878554,-0.17747551624025584,0.17435642936470291,0.7326335062585246,0.11400757816493702,0.3179804884739165,-0.09633069066278593,-0.07254688967390577,0.2509532053838831,0.09487498626150437,-0.3067699233227504,-0.07478895829621046,0.022266053926583564,-0.07238857351150974,0.13705151549654315,0.14568626536825396
