0.5816232014685966,0.14766534661457484,0.335443730980621,0.045128571468159656,0.044764639810025916,0.0791615644323343,0.05578957775169041,0.08833727758061811,0.0935319741737713,0.1165912576837653,0.0587454596936971,0.0777340549431014,0.07524227523459438,0.08186610049137487,0.10349581974189667,0.07949614734015452,0.030693136748041805,0.11206387820537353,0.06765988433049291,0.040894518569536124,0.05320042153156732,0.08949677834738491,0.04949644210352585,0.018425771278365463,0.09025977263705195,0.07319722242802328,0.12223437854478639,0.007182160259348987,0.04554867196436269,0.0885353495458598,0.08411420070136795,-0.029396980235558725,0.03214056152485742,-0.03916625020921093,0.10284470329113574,0.033907907559863094,0.09502523366252348,0.032031291417768795,0.0798332390386072,0.07240391395551847,0.07382654692591281,0.04727353686511183,0.10689659657630185,0.03373850082872166,0.06561265747357153,0.044290018559313644,0.07810409124550269,-0.0021252067988314577,0.0976151812877163,-0.018468500351342645,0.02005469336178741,0.01732577576112555,0.011450932059183797,-0.013874892428963512,0.13410285093134058,-0.0661765918293106,0.19944978310443962,0.04254134254297192,-0.17966093137865213
0.14766534661457484,1.341823129910342,0.7212661678534172,-0.05686807133926542,-0.03566264188633687,0.2352553645313461,0.11065465432748617,0.24805312246676878,0.27017065163156223,0.21800482473954852,0.135689235373495,0.15757443099872617,0.2037130228589235,0.14672463797441143,0.18793020834781962,0.1636222297673418,0.11165524322732594,0.3371283798689645,0.14068904642321212,0.248223273395024,0.22573192131063333,0.21930542251468604,-0.0654595364782198,0.09054230343505662,0.12615589690660203,0.271674625871549,0.2727255288258327,0.17445802753424888,0.21566093394445848,0.27488634066334555,0.01848274579066297,0.08915963310242314,0.12443059547448572,0.10762877783568835,0.0029380919387566942,0.14540863759316056,0.2788675260262999,0.1600548197777725,0.1400313658440167,0.07088818261298671,0.16229804136942078,0.2078313673860781,0.21969910922900043,-0.048841791071319814,0.23207799240221205,0.1501183708107426,0.2371252606775269,0.002774501606013196,0.1687038397886967,-0.09676431992339438,0.2095297520317427,0.0601606009874719,-0.04837145266499838,-0.10922548943676111,-0.2822565999647025,-0.1024368385286958,-0.4444937013588144,0.4026395065642582,0.13544469072368134
0.335443730980621,0.7212661678534172,2.074744910499021,-0.04601627331970581,-0.2778806144548248,0.27495964144504975,0.08394361780750743,0.42172026935416806,0.46417310809612755,0.5363185278918703,0.21186597728489504,0.2066619770017831,0.26421499804979914,0.28921398955720834,0.27414434529971965,0.23835004867905213,0.3349369263704845,0.310172663281252,0.13058176343160482,0.166414472072567,0.22221361204348372,0.34206027339639367,0.17428824205393142,0.2969659637480837,0.24253560854489767,0.260690172292072,0.4041933123294353,0.14798978402682353,0.21174611069895685,0.13356584017001924,0.2103360984881739,-0.04837948707890148,0.18859165647288054,0.11730464928550238,0.16798377412522247,0.3248921451858084,0.24434853806270143,0.0890512550765765,0.21043828435394335,0.10769891677358846,0.1976106089748229,0.2334959543797,0.16195961762294878,0.06745428078721699,0.07053890330647067,0.26085288696274156,0.2112829366515259,-0.00938015595944805,0.20072669778980173,-0.09047225430185633,0.18137058439426257,0.22627744204593475,-0.02111328656893407,-0.18190150601888427,0.10355751744076151,0.1472345068210567,0.042680088642804696,-0.4916535981144641,0.10912886620927778
0.045128571468159656,-0.05686807133926542,-0.04601627331970581,0.8689377460113777,0.46131135499106996,0.31104741368785155,0.2328814810283989,0.21220072769815487,0.12924301107114836,0.13083781867296926,0.21830687575033056,0.2641066080762084,0.27176209955928793,0.20198330783544388,0.15050146889218916,0.2662880538529798,0.17554724393333193,0.14018278208381094,0.2930544221471644,0.13865047779655673,0.15736391960930315,0.19449693106454238,0.05783573616843726,0.203735670716221,0.15252275319227315,0.20937642773468304,0.08661201444600186,0.12766896327212496,0.2018711380112458,0.04013031927100819,0.12624420880058376,0.21357951739013706,0.04737017204179645,0.17985967102457157,0.07625239995670156,0.09551076365200752,0.16244852489259545,0.08292179954894614,0.2143404420347252,0.03559128159869395,0.11838784820667379,0.15753892206101167,0.10784346030941297,0.18581566726282991,0.01463593748242535,0.05302841115648235,0.11084671305172977,0.0018253982916026643,0.12274337469871466,0.12864884625396525,-0.15597870403622585,0.021638018544096266,-0.03574734466867205,0.0038421962812594792,0.10188522326538023,0.05839513210556677,-0.06630092513175181,0.012567185951903892,-0.09144821901534683
0.044764639810025916,-0.03566264188633687,-0.2778806144548248,0.46131135499106996,1.0676171000235484,0.3120284937264979,0.2563918935150242,0.24919502210798064,0.10992353184432126,0.3103211552706514,0.27541239627627256,0.32776366012226116,0.31140404414131306,0.21811830445368569,0.2363781216393105,0.3206520424983071,0.18964516152844327,0.21028650694747644,0.5150329014671422,0.11909287215039838,0.18433478590854283,0.21259573727269176,0.058107281267093414,0.21009926991127126,0.18551302136564768,0.22350165215687576,0.05640195530353264,0.11862684157498989,0.22301956736982162,0.04729232140981991,0.19534009689857135,0.34446116274879757,0.07585942295271379,0.2559691691271386,0.08402120943640645,0.13267887696247024,0.25258152764675945,0.07798075489544412,0.2950286602355186,0.040325132481539266,0.15364179269947134,0.1896468303833055,0.03530575107719029,0.2254890807609692,-0.027740641146978894,0.04815508364806225,0.14337576672524682,0.009319272752117786,0.12884289119511758,0.19152088226114017,-0.17990543668521258,-0.08820585698444305,0.04020090171386519,0.011695875609320353,-0.016142263946194117,-0.130289387145967,0.1524279478144958,-0.014290440226539185,0.059821847609579606
0.0791615644323343,0.2352553645313461,0.27495964144504975,0.31104741368785155,0.3120284937264979,0.7822582225794452,0.18609362590572492,0.4965552651827546,0.32546798805928817,0.2542720766155568,0.3651510998762924,0.35595691326210976,0.37477076035775475,0.32737478750180987,0.2408284081689495,0.3746022728108253,0.36884756484249825,0.23942440173174528,0.44348753667214613,0.2971129667517456,0.25558131686000746,0.3463438442176007,0.018168741565089724,0.2917005171737345,0.25613943694581065,0.3823961242626456,0.26795977083997596,0.27047459317123546,0.3822919195078878,0.18911740415961573,0.22757744639628907,0.30577145129391725,0.04574055471533572,0.3137601674466694,0.06706535722608581,0.20840220190619219,0.36330921221394863,0.18189472692848827,0.37428658523608016,0.08765677776522884,0.15765562942537606,0.24928063909747902,0.24682262982484482,0.20858566347244525,0.16434553323038337,0.15766419993042113,0.22628047953394748,-0.012455785999164191,0.17733305332954408,0.17015096528021323,-0.37031068203940015,0.12234559312902374,-0.03365256318793979,-0.05919608641962513,0.037818572523012337,-0.048153574804570075,0.10393770705066908,0.026496539311325083,-0.08714035494923067
0.05578957775169041,0.11065465432748617,0.08394361780750743,0.2328814810283989,0.2563918935150242,0.18609362590572492,0.6312910149092185,0.1701202388455011,0.352399141775376,0.1608512532749041,0.26823162437144454,0.3605345086432239,0.30274289419931527,0.291166591465274,0.09731821438515005,0.2853927308059722,0.2650579898326937,0.17401639799305169,0.21273358279930493,0.2453025584276857,0.19726388327510477,0.30398113806198795,0.11212524830194488,0.2390467604255943,0.18028603207659732,0.2766045008628984,0.1933032734294162,0.07980089749115582,0.2023008131128861,0.10517742387558023,0.14172088644109854,0.15939262877989022,0.13078528375265852,0.17076490665314575,0.057874582868830356,0.18342885313298216,0.19853372581687206,0.15752081285182343,0.2269287439395157,0.08733347031624675,0.1589855240472221,0.196920772720854,0.12618206972738577,0.08877226315397567,0.06204060875799374,0.06409122300597149,0.1428754042431898,-0.0029071951808133504,0.3109778602187081,0.04789657841027499,-0.056477822715535086,0.061061066885316574,-0.026096769089685726,-0.023241410465069112,0.04170365992954124,0.05339601860123896,0.017034954504401924,-0.05218039524838179,-0.13722880820185984
0.08833727758061811,0.24805312246676878,0.42172026935416806,0.21220072769815487,0.24919502210798064,0.4965552651827546,0.1701202388455011,0.7694658853977467,0.12069151366431803,0.33795324130324994,0.3211098202462696,0.18155293759249924,0.3499407656012913,0.311665354306336,0.1910587279537832,0.3493271503341184,0.43866238366131804,0.23941814932349345,0.315238350622708,0.2720941606571592,0.20035980282965937,0.24885312282715716,0.09854301207403697,0.2423870158134175,0.27647091482894987,0.29531807773983315,0.30213776476362286,0.15544404154225025,0.31704598492903124,0.23294165480782675,0.2125717075097261,0.09170852069841268,0.05303671671280215,0.2733826738720591,0.18896204340736883,0.2032611725081406,0.4281996039607911,0.14900492403911397,0.3719291698128029,0.13017743141842517,0.20294766441559536,0.19546491703690227,0.23354703290840226,0.17269851797019428,0.15445730511410521,0.10675728557348309,0.22939467680274653,0.010210609704070605,0.2121141121959383,0.08423170261438548,-0.22196322450842876,0.033188583908764925,0.05682778550708326,-0.06836501714121246,0.051873564015847896,-0.08960552089416866,0.2342870922311982,-0.02736096617612264,-0.07249196704721396
0.0935319741737713,0.27017065163156223,0.46417310809612755,0.12924301107114836,0.10992353184432126,0.32546798805928817,0.352399141775376,0.12069151366431803,0.9805746957863417,-0.15514861927599105,0.17343687491726895,0.18733008957089053,0.32084046517119563,0.38406708489353736,0.04870612338869325,0.3213115317730484,0.2897762257601653,0.166280881836762,0.28543350297032255,0.3107138406893833,0.2652448358023118,0.5871496987055949,0.07172890938181366,0.2722323941430445,0.12300918653749242,0.3657546014854273,0.19298384152141426,0.2198404834057541,0.16993676097885432,0.20759937521490723,0.17708286513441196,0.29033709510796446,0.27892857029429785,0.17962456601153493,0.03349729227365027,0.2062409813472418,0.1679168761118251,0.21641868626463534,0.27368872091101837,0.07600029533492048,0.15490676674942103,0.2733057400364098,0.18477511103817476,0.184430326483491,-0.0011676594369771603,0.25647013200788293,0.22079028196399372,-0.03510454774795155,0.5052675729722624,0.05486782528825002,0.02626396852499651,0.24559683410841598,-0.053747674206236884,-0.15733763118752467,0.0575001764168902,0.071209066209644,-0.013436457248108952,-0.09680003943682586,-0.08248014021242923
0.1165912576837653,0.21800482473954852,0.5363185278918703,0.13083781867296926,0.3103211552706514,0.2542720766155568,0.1608512532749041,0.33795324130324994,-0.15514861927599105,1.3978985517327793,0.37205374412983916,0.5019728337296536,0.21213863621170292,0.168471497614413,0.4537926417832492,0.13715321712752634,0.3498089422792306,0.35509496863153056,0.2704697497248438,-0.007373137810140974,0.11341861859247952,0.019111342839840936,0.2644871310278918,0.29608522448899055,0.28390058123062073,0.12458732316866487,0.3050355712513932,-0.01703444164835232,0.2658659018229842,0.045680395754211525,0.20055765209704077,-0.0027569319229351088,0.0433970623486268,0.21345418806984115,0.18646157161999868,0.2517421310269281,0.3146239512119549,0.0032868995131820834,0.17992829890738124,0.06826652043541942,0.1614044674033477,0.10637459355870685,0.043091872256321745,0.0918789200977593,0.01041770496508181,0.1062174263606974,0.17750932171076036,0.03279455209773475,-0.10449727483148277,-0.027082361959738375,-0.022294916927175123,0.013986556593532871,-0.0065212560635534746,-0.012928511317916135,0.03661404157699359,0.01708603820479128,0.21693625873987962,-0.3954125177828592,0.05425975968073498
0.0587454596936971,0.135689235373495,0.21186597728489504,0.21830687575033056,0.27541239627627256,0.3651510998762924,0.26823162437144454,0.3211098202462696,0.17343687491726895,0.37205374412983916,0.7449481678321539,0.39275394290660304,0.38574075266192387,0.16459848045782263,0.17226655902553575,0.28780437043315465,0.3893545062324484,0.21006814512446173,0.27466486336092716,0.3134172388610426,0.2315262399705956,0.23275777552225635,0.07969462352566993,0.2948962172834586,0.16903038830593148,0.2732897382950853,0.20371381269696026,0.12145613131342808,0.312037510896423,0.06401290637642179,0.22986621191897047,0.16818493635049808,0.06654320689096765,0.23394425903241095,0.18270928819941976,0.21163779182231945,0.2360508350299195,0.17222435554350715,0.31771079555945714,0.11852723363476152,0.19351821010139306,0.22422876669833186,0.10943955263857419,0.10756313705755886,0.10376283494785316,0.08174440439549249,0.1770141820800294,0.018617616654481747,0.2192138071785499,0.05291004793490357,-0.10538296303715411,0.07589934161223348,0.03367436563863967,-0.022820834508540094,0.05240762530286242,0.00439124342159777,0.15186203640784632,-0.1537265975515785,-0.1527601049445376
0.0777340549431014,0.15757443099872617,0.2066619770017831,0.2641066080762084,0.32776366012226116,0.35595691326210976,0.3605345086432239,0.18155293759249924,0.18733008957089053,0.5019728337296536,0.39275394290660304,0.7524022789251866,0.27599744166860307,0.26645020847184553,0.23715398812528482,0.25893656258830644,0.2520150400477966,0.19232084953464001,0.3112420157538686,0.1947620492774204,0.17994756230847594,0.21943549306084448,0.0588781206120664,0.26353890925645895,0.23166388190605305,0.2659775828008102,0.23444392843109377,0.13807524692896134,0.24154771286859794,0.03148476328407915,0.1618844556656551,0.22216160456803707,0.07875609143763344,0.20440977810571329,-0.006885366380350563,0.24053111069917746,0.1401555786106439,0.13023423486968289,0.20896473694950854,0.05788442867700357,0.10985801774824847,0.18730903038152338,0.06582883149405544,0.05331167117848313,0.0513068796875341,0.09103884058152684,0.12353015383933422,0.0024141218338280097,0.12868162682478584,0.02975578813516846,-0.06904950327271096,0.10685743834849805,-0.02576157898129966,-0.03287986120295529,0.006300380463682589,0.058257292679446536,0.03042530053100303,-0.13813541443135394,-0.07827951566805702
0.07524227523459438,0.2037130228589235,0.26421499804979914,0.27176209955928793,0.31140404414131306,0.37477076035775475,0.30274289419931527,0.3499407656012913,0.32084046517119563,0.21213863621170292,0.38574075266192387,0.27599744166860307,0.7321633534898895,0.2673253229442169,-0.0006037843095600515,0.36248977605212335,0.3945058340068165,0.2532004380448388,0.31009432113459073,0.2726053355410645,0.25521221916722386,0.3458581769953112,0.14507998964462812,0.26115332913005496,0.18566433536281707,0.26937390982041776,0.1828183488573686,0.13284771854630467,0.31313117321945483,0.17922801960923143,0.20770752209164806,0.21038994205023817,0.1365595728205342,0.26087129125190917,0.16289776298816644,0.1755771751672535,0.3404699972997755,0.14370915114550326,0.3909536989065967,0.0876186258355334,0.2002072049491326,0.23992848818575788,0.1905833002909257,0.24101387318286557,0.05615599878946177,0.16561058058111713,0.2362581167470658,0.003240791289626595,0.2844598190919552,0.20843668606917723,-0.09000546502503895,0.055944452978857334,-0.08059771974934463,-0.14323187926712702,0.07819557884486403,-0.05510338033861283,0.09562336691043993,-0.047441404187652476,-0.1053471484596827
0.08186610049137487,0.14672463797441143,0.28921398955720834,0.20198330783544388,0.21811830445368569,0.32737478750180987,0.291166591465274,0.311665354306336,0.38406708489353736,0.168471497614413,0.16459848045782263,0.26645020847184553,0.2673253229442169,0.9346500524965183,0.2063303917142362,0.3710863543218284,0.2955892796197212,0.12798122790223035,0.23811340505936793,0.2582690172537232,0.20710398374203906,0.3575249410469243,0.08380178788795409,0.3069825971026379,0.29667154561539755,0.3319819168162429,0.2517185268086927,0.14689582547840674,0.2263739250497463,0.11250281370293341,0.13475572686119588,0.10288979708934984,0.12662593757853202,0.14499007397870473,0.21595623720907825,0.1964389792522274,0.28102651295315334,0.16816627779140245,0.14295607080502654,0.13355520664800175,0.26602133687189006,0.2241030633866607,0.19522373866645024,0.13267939999214542,0.04348866071278911,0.07496495745920158,0.15681507163548816,-0.006383219856249368,0.35722186734498607,-0.0007890043793665379,-0.058158840623685475,-0.010825098298806174,0.016085461260827938,0.0270887436758532,0.08449598751828605,0.0383246203637392,0.13296166039716134,-0.1918797737578753,0.14128061883635934
0.10349581974189667,0.18793020834781962,0.27414434529971965,0.15050146889218916,0.2363781216393105,0.2408284081689495,0.09731821438515005,0.1910587279537832,0.04870612338869325,0.4537926417832492,0.17226655902553575,0.23715398812528482,-0.0006037843095600515,0.2063303917142362,0.9198295109112951,0.02704994141669942,0.17254007836786253,0.20875770746004507,0.20357141233529005,0.1192266092040317,0.13703219522419482,0.05242742630675114,0.15283857110393725,0.24103528023356408,0.24654554828333208,0.18367234621250514,0.24051296996056276,-0.017539882867501286,0.1803300260926724,0.09969819397778236,0.21058495624974233,0.07077214165484363,0.05210723354779384,0.1472035216645353,0.06551659240411387,0.1672540313840388,0.30305798243183446,0.05788982653447902,0.11592813011051491,0.055294473134656075,0.12256065719570536,0.12808488417926847,0.12255179048079454,0.018777910909281652,0.11890513775872569,0.06779134854317599,0.12895048687191754,0.024183286802494364,-0.025052513276378453,0.0015727711231050211,-0.10184966702565118,0.03685681836374032,0.03574297620154899,-0.03267835711828872,0.07932583448066843,0.10409392905490535,0.02096574137364854,-0.1562301469302484,-0.023641111109448772
0.07949614734015452,0.1636222297673418,0.23835004867905213,0.2662880538529798,0.3206520424983071,0.3746022728108253,0.2853927308059722,0.3493271503341184,0.3213115317730484,0.13715321712752634,0.28780437043315465,0.25893656258830644,0.36248977605212335,0.3710863543218284,0.02704994141669942,1.0540291087519666,0.30594500084504267,0.2170516486096502,0.3260916315096827,0.23087856162203207,0.22414548984780633,0.6003998058876995,0.09322590837332273,0.2790069804110914,0.2725435865304415,0.16845610976437014,0.12492946104990334,0.2245156376499618,0.2861070420097128,0.09386499708030979,0.150247199500419,0.1266945356300837,0.10672186849100007,0.21403737359821212,0.23811063108612665,0.21135076441605558,0.24983586396001367,0.14286894894056923,0.3614164858164469,0.11259964506350083,0.2463583519160166,0.27306223127778206,0.15312288199909785,0.2978022292519953,-0.023040117163753447,0.22810550606377644,0.20301561389761966,-0.06303445597060756,0.4384288041589862,0.07055487351307456,-0.17185361531758844,0.12258345122067671,0.027810107611185894,-0.06113344328187062,0.09317588762250933,-0.032191665781605504,0.18898828609397234,-0.19950968046220044,-0.0020440189330518986
0.030693136748041805,0.11165524322732594,0.3349369263704845,0.17554724393333193,0.18964516152844327,0.36884756484249825,0.2650579898326937,0.43866238366131804,0.2897762257601653,0.3498089422792306,0.3893545062324484,0.2520150400477966,0.3945058340068165,0.2955892796197212,0.17254007836786253,0.30594500084504267,1.1953201764627992,0.11229163423783181,0.2464049367778712,0.39944434581984234,0.2955662276506321,0.28815895095116,0.24685403224420624,0.26599339508013725,0.43553971145304904,0.21661634995545515,0.31226555313919285,0.0347818019788112,0.4475643114273907,0.08643245838271815,0.3592566583645201,0.06381409705529088,0.11140431809259412,0.29392961913199156,0.22537656915540832,0.27842102183162576,0.5344620500586976,0.23164316006650354,0.35918391119447257,0.15673748241637733,0.284028832554605,0.25315283215587026,0.21446850327836725,0.1317922403836265,0.2347789399052492,0.11436142204889864,0.22845417287362074,0.02001771003550054,0.1918375253535757,0.19740684533038763,-0.17767488057222242,-0.1382825241025353,-0.08963952853503783,-0.0644504015367322,0.09006031937223047,-0.0404855074918404,0.16694878489602763,-0.16008529907623748,-0.0587181967337449
0.11206387820537353,0.3371283798689645,0.310172663281252,0.14018278208381094,0.21028650694747644,0.23942440173174528,0.17401639799305169,0.23941814932349345,0.166280881836762,0.35509496863153056,0.21006814512446173,0.19232084953464001,0.2532004380448388,0.12798122790223035,0.20875770746004507,0.2170516486096502,0.11229163423783181,0.7991055860122845,0.21594633840950236,-0.008039297584528392,0.18015679025412043,0.1951760567571116,0.27154654346549106,0.2415965275815587,0.14372695475247257,0.21643721950150155,0.03491285577731993,-0.009027267767485867,0.21141338402238258,0.02612500285851029,0.11218934399002636,0.008472016126274086,0.08727900627957276,0.14433107466158712,0.05689010370471983,0.05788764806764857,0.35043190961765813,0.003083272902720365,0.19515635994273708,0.03845132342551218,0.12155069506976554,0.1282409705706418,0.22373354733767994,0.19669994726573936,0.0896026492812664,0.23766042894189152,0.27627453485674575,-0.008956379313657151,-0.027234815405967446,0.07993467871196829,0.08327579397746006,-0.03531796940072931,-0.11854908346557826,-0.10794590968484576,-0.022109508195776065,-0.05943101382558895,0.01897183604889482,0.016083777585330254,0.01772495540043258
0.06765988433049291,0.14068904642321212,0.13058176343160482,0.2930544221471644,0.5150329014671422,0.44348753667214613,0.21273358279930493,0.315238350622708,0.28543350297032255,0.2704697497248438,0.27466486336092716,0.3112420157538686,0.31009432113459073,0.23811340505936793,0.20357141233529005,0.3260916315096827,0.2464049367778712,0.21594633840950236,0.7112129185425299,0.13868407722666684,0.22170325811130387,0.3075532136482256,-0.02081705366825835,0.21751007717357757,0.26263321506046816,0.2425362204741585,0.14516979893268048,0.2984076340581371,0.24244527469486685,0.17291802697960248,0.20625648487617373,0.3912480635903124,0.167801498458539,0.25144310502819756,0.004212656065357755,0.1803879384542441,0.21421744863136505,0.11251400057909439,0.3309235218617928,0.0393595337714161,0.13906120169816386,0.22144679408671877,0.09067375837184041,0.21256321632580136,-0.023054809220189543,0.13468098153555402,0.19244433664660304,0.00801618251542016,0.2217259070921064,0.10512298017335883,-0.018671401665774006,0.23641317069546855,-0.16856370228370932,-0.10497931720857807,-0.024803386594832708,-0.07495611884921727,0.0946252231596582,0.03709538301687603,-0.02593246678731793
0.040894518569536124,0.248223273395024,0.166414472072567,0.13865047779655673,0.11909287215039838,0.2971129667517456,0.2453025584276857,0.2720941606571592,0.3107138406893833,-0.007373137810140974,0.3134172388610426,0.1947620492774204,0.2726053355410645,0.2582690172537232,0.1192266092040317,0.23087856162203207,0.39944434581984234,-0.008039297584528392,0.13868407722666684,1.0220436876026078,0.14714565900344898,0.2713518306924421,-0.047698391322742756,0.24396099331087187,0.1885396711720885,0.22588298124242703,0.19804111447767472,0.11994994697222837,0.3526861778840275,0.4625747656472893,0.08654955809828811,0.2256115550033699,0.030221041969281336,0.28419140635720186,0.24368828256696823,0.17731320286860527,0.6898966484051776,0.4948761520949668,0.3738829407924247,0.24668974821446052,0.3026402263455515,0.15588736560801375,0.3147739338756467,-0.05893086453811156,0.4942829174939593,0.07470089941743084,0.2971195245469603,0.03759384434325561,0.4681491327098712,0.008772512751241647,-0.19012869066685165,0.010323494558111358,0.08425534372949077,-0.026641377269156916,0.10177563285857552,-0.03220310760225054,0.11341310988144236,-0.04394668736395539,-0.09427541628960513
0.05320042153156732,0.22573192131063333,0.22221361204348372,0.15736391960930315,0.18433478590854283,0.25558131686000746,0.19726388327510477,0.20035980282965937,0.2652448358023118,0.11341861859247952,0.2315262399705956,0.17994756230847594,0.25521221916722386,0.20710398374203906,0.13703219522419482,0.22414548984780633,0.2955662276506321,0.18015679025412043,0.22170325811130387,0.14714565900344898,0.43049288376012007,0.24511449350337886,0.15564909383906236,0.17668452897819054,0.17519970383785718,0.2582831817911859,0.15091930820135854,0.09832298648125036,0.19872325032563656,0.05746378994127233,0.3267220878762321,0.19950085289901884,0.150326053195654,0.11188008274972225,0.10130527171210947,0.19666950374590195,0.19598460723623773,0.12263116985377187,0.23878908682914055,0.09936957733747499,0.2117870998761491,0.3527551594615681,0.19407422835089227,0.16981700699865054,0.204616680298099,0.11780839748939376,0.17640643532856695,0.023419689142672815,0.07900537664272657,0.11072176908968612,-0.07467379966050611,0.061507303652228895,-0.05291298058709439,-0.06813040873653818,-0.021723381106160282,-0.0028961415954411062,-0.133218085179302,0.06557340526546815,0.006551513810088936
0.08949677834738491,0.21930542251468604,0.34206027339639367,0.19449693106454238,0.21259573727269176,0.3463438442176007,0.30398113806198795,0.24885312282715716,0.5871496987055949,0.019111342839840936,0.23275777552225635,0.21943549306084448,0.3458581769953112,0.3575249410469243,0.05242742630675114,0.6003998058876995,0.28815895095116,0.1951760567571116,0.3075532136482256,0.2713518306924421,0.24511449350337886,0.8367987055254353,0.10377340437189396,0.27018064977658707,0.1935217212038382,0.2499025942213421,0.14550306844419172,0.2531199215699284,0.20979453599205983,0.21532266832713995,0.13011667567793567,0.2434973455087075,0.247716276751785,0.19592533607356843,0.169312274414875,0.2319504918999478,0.18777813119535375,0.2017999240294874,0.34836755724710017,0.10608672389946387,0.22320787348406215,0.28488242852354223,0.1690376077591682,0.32105055141423633,-0.09542437632405376,0.3411254002760098,0.2490756946852441,-0.09579450345580034,0.6454425940854983,0.08295767302229098,-0.06334944507390466,0.14897436884857224,-0.00777294361776556,-0.12168077072661804,0.046064300081298006,0.011099544361997766,0.08706643783900501,-0.13705804992389065,-0.034584579718379735
0.04949644210352585,-0.0654595364782198,0.17428824205393142,0.05783573616843726,0.058107281267093414,0.018168741565089724,0.11212524830194488,0.09854301207403697,0.07172890938181366,0.2644871310278918,0.07969462352566993,0.0588781206120664,0.14507998964462812,0.08380178788795409,0.15283857110393725,0.09322590837332273,0.24685403224420624,0.27154654346549106,-0.02081705366825835,-0.047698391322742756,0.15564909383906236,0.10377340437189396,1.4018717186379919,0.23927673042141467,0.3172920794840003,-0.14817024673877527,0.0006688390301757221,-0.7855401358782957,0.33761255572414456,0.11467258940501442,0.29413562785108416,-0.10347611936772873,0.13575471790619267,0.24988421992293006,0.21961874568053213,0.15560837116860068,0.4701916316336106,-0.04632381094547372,0.38004970388458836,0.1272265592907978,0.08743557290852425,0.06818337591872796,0.14692391242004454,0.4808837897190244,-0.014691256008286037,0.19228929129242522,0.233914454132616,0.059836143469504166,-0.0590499666182731,0.2539711320992973,-0.13848774844147732,0.02055302445869739,-0.05446715497674591,-0.07692964323385412,0.12053105301278122,0.035310942420053136,0.1650335625291446,-0.41490467937192177,0.18422122130112428
0.018425771278365463,0.09054230343505662,0.2969659637480837,0.203735670716221,0.21009926991127126,0.2917005171737345,0.2390467604255943,0.2423870158134175,0.2722323941430445,0.29608522448899055,0.2948962172834586,0.26353890925645895,0.26115332913005496,0.3069825971026379,0.24103528023356408,0.2790069804110914,0.26599339508013725,0.2415965275815587,0.21751007717357757,0.24396099331087187,0.17668452897819054,0.27018064977658707,0.23927673042141467,0.8472074094011282,0.2345412538446419,0.18433316884156561,0.11609653011254753,0.04798923680396967,0.3138117700794571,0.0270374003491085,0.14140166918151964,0.09798256722947549,0.14950157752182106,0.09156277896711107,0.20109542159145052,0.23801761716661246,0.2574085851560645,0.12369648354438718,0.1911637142685845,0.08492773883018535,0.17256309080778612,0.16178593588242313,0.07948673228460752,0.15471914016342916,0.025780557996462963,0.18161328568439164,0.14364261316663837,-0.005179481477158411,0.10694446597496272,0.07821276393116113,-0.1481343358465553,0.12623899186953644,-0.006807390291240133,-0.054935673658520055,0.2737140110724672,0.12043660400135137,0.2585855649614546,-0.8152918631220718,0.36978229567390325
0.09025977263705195,0.12615589690660203,0.24253560854489767,0.15252275319227315,0.18551302136564768,0.25613943694581065,0.18028603207659732,0.27647091482894987,0.12300918653749242,0.28390058123062073,0.16903038830593148,0.23166388190605305,0.18566433536281707,0.29667154561539755,0.24654554828333208,0.2725435865304415,0.43553971145304904,0.14372695475247257,0.26263321506046816,0.1885396711720885,0.17519970383785718,0.1935217212038382,0.3172920794840003,0.2345412538446419,1.1909018260168471,0.08893580410734939,0.22659729434337245,-0.08324267403962793,0.472664751906361,0.048019625140132256,0.44024660963025997,0.15750970292459276,0.05989612869714516,0.3361817808702027,0.12254608156735003,0.2909060417739729,0.14304875583987398,0.10286104211869787,0.22688729022373194,0.11464230455816884,0.15315871528044445,0.15343522737201934,0.08783431446459071,0.11520629205401155,-0.05193449933292723,0.09288239369095774,0.12445644729695952,0.007003359735673462,0.11630634773687117,-0.07241436094319327,0.07356602905105664,0.1331920243832696,0.03834255403280377,-0.06224118181754733,0.03294106198893136,-0.0003811906788620308,0.1551150704856878,-0.22159048319368865,0.07280018950181394
0.07319722242802328,0.271674625871549,0.260690172292072,0.20937642773468304,0.22350165215687576,0.3823961242626456,0.2766045008628984,0.29531807773983315,0.3657546014854273,0.12458732316866487,0.2732897382950853,0.2659775828008102,0.26937390982041776,0.3319819168162429,0.18367234621250514,0.16845610976437014,0.21661634995545515,0.21643721950150155,0.2425362204741585,0.22588298124242703,0.2582831817911859,0.2499025942213421,-0.14817024673877527,0.18433316884156561,0.08893580410734939,1.3104714358758014,0.3335149133249682,0.19524727957394405,0.04742368050490046,-0.05275188711358683,0.2936611681156642,0.23927142252064046,0.2935667139038382,0.039226838632956604,-0.12007576337673263,0.13594602144890988,-0.20450728166127774,0.15687379640028096,-0.18406186695765345,0.018216275933706057,0.0195145632040985,0.29295368739216476,0.16966140719763334,-0.1422562138521147,0.00047134094702342067,0.019608122227909565,0.04551581237062788,0.0034401814788448544,0.10394381958608871,0.07385964238773676,-0.08460991474185334,-0.003512738657591563,-0.11772060796606723,-0.030426360939247176,-0.040600114462882544,-0.02902944706924968,-0.08981543765461067,0.15745120543836075,-0.08904320177329893
0.12223437854478639,0.2727255288258327,0.4041933123294353,0.08661201444600186,0.05640195530353264,0.26795977083997596,0.1933032734294162,0.30213776476362286,0.19298384152141426,0.3050355712513932,0.20371381269696026,0.23444392843109377,0.1828183488573686,0.2517185268086927,0.24051296996056276,0.12492946104990334,0.31226555313919285,0.03491285577731993,0.14516979893268048,0.19804111447767472,0.15091930820135854,0.14550306844419172,0.0006688390301757221,0.11609653011254753,0.22659729434337245,0.3335149133249682,1.7346172377182918,0.03649816070863619,0.09896350702464032,-0.05523125541571603,0.28138724390875974,0.06584514582469939,0.21117023529274812,0.016845796952623223,0.03606111729032424,0.6209989884668855,0.23791695579069794,0.26656300257125015,0.003259608434436315,0.21513749946122834,0.2333736520699505,0.20302395147666186,0.36778068561500865,-0.54132389732598,0.3191969872168762,-0.1746940804464333,-0.045877998189301265,0.02772775524230449,0.21746547887531256,-0.04068876580142339,-0.11164941477151624,0.0779805845577192,0.05848249958677487,-0.01592595038900824,0.1049600815387111,-0.01998124432572568,0.2582959651513548,-0.14127102469789796,-0.17163244564766114
0.007182160259348987,0.17445802753424888,0.14798978402682353,0.12766896327212496,0.11862684157498989,0.27047459317123546,0.07980089749115582,0.15544404154225025,0.2198404834057541,-0.01703444164835232,0.12145613131342808,0.13807524692896134,0.13284771854630467,0.14689582547840674,-0.017539882867501286,0.2245156376499618,0.0347818019788112,-0.009027267767485867,0.2984076340581371,0.11994994697222837,0.09832298648125036,0.2531199215699284,-0.7855401358782957,0.04798923680396967,-0.08324267403962793,0.19524727957394405,0.03649816070863619,2.679031929587526,-0.4890190623639818,-0.03683250372029568,0.13663679792522587,0.3745502614629785,0.062096959411612924,0.13208585373365272,0.14199461665738158,0.6926573747197601,-0.010263877419538837,0.18086081981768867,-0.019316073463947286,-0.16946447807962586,0.5141600819597736,0.20861091272487084,-0.026852012713206634,0.8147303027130885,-0.25098142377729876,0.268360531086073,-0.27134984047811556,0.016426757404467945,-0.5676195362917393,-0.36339554782516886,0.06352464070949251,0.43038925327119504,-0.25340018167771944,-0.04726457631678649,-0.1685563025065126,-0.0009400400782643575,0.0904371282854684,0.12485613120885097,-0.06539012669625469
0.04554867196436269,0.21566093394445848,0.21174611069895685,0.2018711380112458,0.22301956736982162,0.3822919195078878,0.2023008131128861,0.31704598492903124,0.16993676097885432,0.2658659018229842,0.312037510896423,0.24154771286859794,0.31313117321945483,0.2263739250497463,0.1803300260926724,0.2861070420097128,0.4475643114273907,0.21141338402238258,0.24244527469486685,0.3526861778840275,0.19872325032563656,0.20979453599205983,0.33761255572414456,0.3138117700794571,0.472664751906361,0.04742368050490046,0.09896350702464032,-0.4890190623639818,2.0902052761562637,0.45199852175361926,-0.408124653948192,0.29223857557273547,0.027619145973391195,0.5879621536989056,0.23980200485151387,0.08806512826224214,0.2038067824244295,0.1261497469490615,0.4028855723257566,0.16228622847304172,0.20502574768906864,0.16655214186134948,0.24253270086681705,-0.1629952440181069,-0.1438539848329387,0.06739231932530654,0.3982524307841187,0.007991578219388921,0.7327239849071003,0.2997021718275831,-0.295757226108378,0.006409564322963557,-0.1509094764518662,0.08775570982053792,0.0914463963593982,-0.006972452444869585,-0.10549800086545669,0.027333898759473927,-0.02213997040729428
0.0885353495458598,0.27488634066334555,0.13356584017001924,0.04013031927100819,0.04729232140981991,0.18911740415961573,0.10517742387558023,0.23294165480782675,0.20759937521490723,0.045680395754211525,0.06401290637642179,0.03148476328407915,0.17922801960923143,0.11250281370293341,0.09969819397778236,0.09386499708030979,0.08643245838271815,0.02612500285851029,0.17291802697960248,0.4625747656472893,0.05746378994127233,0.21532266832713995,0.11467258940501442,0.0270374003491085,0.048019625140132256,-0.05275188711358683,-0.05523125541571603,-0.03683250372029568,0.45199852175361926,3.5191799878603627,-0.2849189359001574,0.9085605333048143,0.3240767355391653,0.4105523592199113,0.3814045500990357,-0.13961571387088592,0.737047503900224,0.21307104317577097,0.7369488928654696,0.3049809203244957,0.17848230812181273,0.10605512523988941,0.572538889046061,0.24207290693020886,0.13241397528885007,0.2510293132680313,1.1970082666713713,0.10491540924211032,1.4082987050437838,-0.07556968510832027,-0.041138677093820825,-0.12823690509079486,0.09839975893318945,-0.08379561916199477,0.15714592837288074,-0.3169886352842718,-0.20565760991740578,0.9520786596548156,-0.24284860110326326
0.08411420070136795,0.01848274579066297,0.2103360984881739,0.12624420880058376,0.19534009689857135,0.22757744639628907,0.14172088644109854,0.2125717075097261,0.17708286513441196,0.20055765209704077,0.22986621191897047,0.1618844556656551,0.20770752209164806,0.13475572686119588,0.21058495624974233,0.150247199500419,0.3592566583645201,0.11218934399002636,0.20625648487617373,0.08654955809828811,0.3267220878762321,0.13011667567793567,0.29413562785108416,0.14140166918151964,0.44024660963025997,0.2936611681156642,0.28138724390875974,0.13663679792522587,-0.408124653948192,-0.2849189359001574,2.947371401132386,0.4317516307334485,-0.051235789246200425,0.11228299878925142,-0.006693188076635655,0.4918567264521971,-0.033084899039467555,0.06412126849062741,0.2632464199856599,0.013362613174727964,0.15904619162904396,0.2503385088419544,-0.0624755606336999,0.44008446516008126,0.19379319741882828,0.1538586637585933,-0.050590095145852644,0.008882614136379155,-0.6858177578732665,0.029578411044926776,-0.1468908214018169,0.18537821409290986,0.16609795614348968,-0.2945077616206083,-0.09523529948124157,0.04164678676672508,0.6089251406472431,-0.6242750553332197,0.031289272679624724
-0.029396980235558725,0.08915963310242314,-0.04837948707890148,0.21357951739013706,0.34446116274879757,0.30577145129391725,0.15939262877989022,0.09170852069841268,0.29033709510796446,-0.0027569319229351088,0.16818493635049808,0.22216160456803707,0.21038994205023817,0.10288979708934984,0.07077214165484363,0.1266945356300837,0.06381409705529088,0.008472016126274086,0.3912480635903124,0.2256115550033699,0.19950085289901884,0.2434973455087075,-0.10347611936772873,0.09798256722947549,0.15750970292459276,0.23927142252064046,0.06584514582469939,0.3745502614629785,0.29223857557273547,0.9085605333048143,0.4317516307334485,3.5690944161398344,0.4176712275878958,0.6355635536398794,-0.569953319293139,0.4190800832289462,-0.2969342852908957,0.16283631197643192,0.3566092754071052,-0.1693163669884036,-0.019674044565831928,0.27924169792863424,-0.24381749989789225,0.08916288186319575,-0.4052562099591532,0.18319567954755536,0.36117322496199655,0.020801351936434277,0.20805041829712317,-0.006044147369912262,-0.1257070809284145,0.5012322957376463,-0.08138476510114043,-0.1938509720442549,-0.4213292029819086,0.11971831664492973,-0.010435125805758292,0.10479188908464877,-0.09004921565566508
0.03214056152485742,0.12443059547448572,0.18859165647288054,0.04737017204179645,0.07585942295271379,0.04574055471533572,0.13078528375265852,0.05303671671280215,0.27892857029429785,0.0433970623486268,0.06654320689096765,0.07875609143763344,0.1365595728205342,0.12662593757853202,0.05210723354779384,0.10672186849100007,0.11140431809259412,0.08727900627957276,0.167801498458539,0.030221041969281336,0.150326053195654,0.247716276751785,0.13575471790619267,0.14950157752182106,0.05989612869714516,0.2935667139038382,0.21117023529274812,0.062096959411612924,0.027619145973391195,0.3240767355391653,-0.051235789246200425,0.4176712275878958,1.8156913471443576,-0.0766985400358323,-0.21188080910043328,-0.17733640509727935,-0.11267521268989887,0.06811629407204191,-0.14998308938907345,-0.18722926504517612,-0.4554032656434339,0.19572104249135422,0.12190549714695413,0.21545157668777862,-0.8304266610822788,0.13060125645312015,0.3119964000336049,0.15304594436478428,0.356246615046305,0.09337209355119386,-0.0739764766623659,0.4460548200514645,-0.1454597006713248,-0.21310405016707545,0.056403864600290454,-0.0010922550976014613,-0.1340551918984981,-0.021700818538434308,0.1914840720726101
-0.03916625020921093,0.10762877783568835,0.11730464928550238,0.17985967102457157,0.2559691691271386,0.3137601674466694,0.17076490665314575,0.2733826738720591,0.17962456601153493,0.21345418806984115,0.23394425903241095,0.20440977810571329,0.26087129125190917,0.14499007397870473,0.1472035216645353,0.21403737359821212,0.29392961913199156,0.14433107466158712,0.25144310502819756,0.28419140635720186,0.11188008274972225,0.19592533607356843,0.24988421992293006,0.09156277896711107,0.3361817808702027,0.039226838632956604,0.016845796952623223,0.13208585373365272,0.5879621536989056,0.4105523592199113,0.11228299878925142,0.6355635536398794,-0.0766985400358323,1.7124442792909462,0.19721599054556854,0.19126734655101027,0.6834057985244074,0.16330074425223123,0.4522148140267236,-0.12407496864757121,0.1849366781137742,0.13303142370201215,0.2138092990956843,0.5239328185661594,-0.5753903112344416,0.027495906380709513,0.3037370516297973,0.05717293791179848,0.2719859582773223,0.021604656237596692,-0.21069688239382933,0.1792437464569829,0.07479245019468415,-0.1405496435584014,-0.03829760629719658,-0.03206549861698287,0.07106121788219952,0.017386920440845572,-0.05767219593117868
