2.6660726493853275,0.3058582106292195,0.14253837246737103,0.43029248130168496,0.3546649333371609,0.17771396788633775,0.18965519790253052,0.2560791244905034,0.3054790385881567,0.34193111140620136,0.32774497799310903,0.3109847523373371,0.3066652290329393,0.2706426149774702,0.3024359531176246,0.37213808293364053,0.33141484710501945,0.2488493665331213,0.25482521478610964,0.21535228690504216,0.15536058890507362,0.3727294612230344,0.18691185088605103,0.11205543977406027,0.16910534875893776,0.0781846271939945,0.022201480075974646,0.11607051189178222,0.14928052166697636,0.21861214498343542,0.07767944312131402,0.20725780821761358,0.03830399231468969,0.14537463411853926,0.1572129949530909,0.1251727322943271,0.06466276027753727,0.1367280695031791,0.1263472997373067,0.021156737230544186,0.16836289298415674,0.05173537083683932,0.055596228936023256,0.15680456312903618,-0.11506346854900268,0.15301435110198275,0.13918019737855908,0.14599911121998604,0.08252348743843849,-0.09326182757188005,-0.2667047558915032,-0.010098290189110857,-0.05490672461744152,0.06639070197438292,0.04125427976318144,-0.06268636831858929,-0.031100074896498176,-0.3908054984494159,-0.42938983990866975
0.3058582106292195,1.6777281257492023,0.6945214685139232,0.35835204686040484,0.34911342046633626,0.3371504699719508,0.372268265657753,0.37543974145936315,0.27051639440790315,0.3133537295233645,0.42389121846699845,0.3761277310014172,0.4104881579198922,0.47353924877810544,0.3774249178882475,0.40214190716399717,0.36620493418115024,0.2870088647781243,0.3700311331887521,0.30435963938183686,0.3255834259872266,0.2076386373675278,0.27475283160828856,0.25244582962100426,0.30557377397554214,0.19249131007746362,0.14086649613241614,0.325042318339391,0.20957935071089887,0.12773949168408597,0.23031600638654007,0.34783565634014857,0.2924067217042783,0.21101959626480965,0.25013862142225357,0.21403800241661436,0.1750790492814699,0.2358713066702074,0.20312878030578876,0.2233077618919186,0.29311014993764184,0.20506029597849218,0.0241647406373339,0.28331961262278976,-0.277594964166411,0.22526202892876346,0.3164918503706028,0.15577810872717157,0.20577362978219993,0.17118097643835997,0.03534338920074747,0.09432207448916034,-0.37792636726556617,-0.055554316756854766,-0.12982539442799676,0.024187794075845728,0.06796126360137747,0.25366895076774126,0.08524089424051344
0.14253837246737103,0.6945214685139232,1.275197908623979,0.4054724503206718,0.43643578455941867,0.44235630150133215,0.37394020086934343,0.45450727711551986,0.3920671877926365,0.41883990498191714,0.4779323967702533,0.4595929616819999,0.5553507974112314,0.4458099256091286,0.3856925141050603,0.46127609301714206,0.46585018209689444,0.37969873183629393,0.44435114583717683,0.4700403550490271,0.38652675369920697,0.2916332623791443,0.3336100048863795,0.379304761719045,0.3200149913600869,0.3732930248331473,0.3421918872511971,0.43902257069432954,0.3094794805427464,0.20232865869709635,0.37034585103804746,0.4333965130090394,0.36038451339808136,0.32177393811831917,0.3445055389237316,0.33790865162975836,0.28050630612050553,0.3413172432182814,0.27805751918718263,0.4475088051618876,0.3829876769600653,0.3346962351900794,0.06102156258803654,0.3404993492375853,-0.2514680002931294,0.31864796647596494,0.2834040414005396,0.22391112520665984,0.3444129074453205,0.15254943009751504,0.06437401817366457,0.20753550318431108,-0.35441336344861946,0.002839582218555378,0.5312495383986952,-0.0037109103725741516,0.051056171687368236,-0.07167218505492498,-0.2824738052136029
0.43029248130168496,0.35835204686040484,0.4054724503206718,0.8964083761098458,0.3423307338744737,0.35648402542898167,0.27039755852936376,0.31798939670983406,0.3062751343209238,0.3377856950566694,0.3277062572362182,0.3145460855065718,0.32450092670368014,0.3012008262937742,0.2858248736029971,0.3320141293544192,0.3619505337402513,0.2988997811972124,0.3421868913901452,0.29148139420294683,0.2424363948300486,0.2285854693117593,0.24456654338148892,0.21939427242314388,0.2486226517084195,0.2071280503714427,0.14416839213954222,0.2846818288982494,0.20953292675098315,0.19000516458620537,0.23627517342644166,0.28583571829275956,0.18699996635909663,0.2018387187017319,0.23569251774546807,0.20997143321256195,0.18310062062275004,0.21847577271829927,0.16566902527587302,0.28799847616597124,0.23445166652212074,0.22084592050238575,0.04768614101860617,0.22969470256715369,-0.06334483983538271,0.22700623126667444,0.16617739930696754,0.15009952267923263,0.2171798476374361,-0.19064217098876482,0.08118431690607406,0.23447296647697038,-0.3679086652045173,0.0953044347165078,0.21168026889229344,-0.08875895838994804,0.05526024427804092,0.055193627384678194,-0.34077056858146876
0.3546649333371609,0.34911342046633626,0.43643578455941867,0.3423307338744737,0.7354653968836354,0.3350498185402093,0.2686046209095343,0.37974368856615315,0.3452833282497037,0.3781691838876002,0.32832913013789117,0.390451892961172,0.37287348646026747,0.28889036367596677,0.3067880007629128,0.3379023640246779,0.3457671488364859,0.2947969242840683,0.32241756385136117,0.26390277163971587,0.25415035669931985,0.22504971321730954,0.2516402042965568,0.29800335558062346,0.20507011263130492,0.244709580845309,0.15551068386472533,0.26861531885513384,0.1991347240086406,0.15526701884697824,0.2201332592886965,0.28512483628247126,0.21914232527736088,0.20765214026774897,0.23396305965889408,0.21835835491163066,0.1708562033424458,0.22610868959213867,0.18826354655246078,0.22919168876761276,0.2403040829155666,0.21363270666641523,0.04876222787644562,0.2511247110151009,-0.019366190895843894,0.22843413235839155,0.19812980478500303,0.15934477774064906,0.22029461314835047,0.3222624654691222,-0.06683082985663284,0.017782042807704852,-0.07289342666812015,-0.036411157099205914,0.283202988576687,-0.06304414292796078,-0.012937880752974501,0.08626339274924252,-0.16301064406403357
0.17771396788633775,0.3371504699719508,0.44235630150133215,0.35648402542898167,0.3350498185402093,0.6016910255324411,0.31054351367476135,0.3189417667641641,0.31427791475745454,0.32078231773883586,0.3339312855654412,0.3311121993398301,0.3003738933065673,0.30290826081766237,0.2880067448290422,0.30697169769986504,0.335901615021464,0.285677391157233,0.32050625222134954,0.28507255044331,0.2800081963774901,0.1801214474712409,0.24532255499462913,0.2918149983558266,0.2466458678451432,0.24304807907241713,0.14178303945886733,0.29554995511407517,0.21453166895313683,0.15309790261463987,0.24385530206386294,0.2937000240714507,0.21713625899166636,0.21415735995698693,0.2553493397219509,0.23924951062692304,0.17371688502589636,0.23322054654758267,0.19002364891376597,0.29835870320724056,0.24339467680143276,0.22283576044542125,0.047932854630801845,0.26039841373416056,-0.04679452957956191,0.2381028843734135,0.1628823227915248,0.15054275764652128,0.2632785706555581,0.08234987206197959,0.054242716196598664,0.1631568399043438,-0.3819418175624405,-0.07983246155899099,0.07850892204968307,-0.01229815505727732,-0.010220839581213517,0.10569801518702827,-0.23383931376258116
0.18965519790253052,0.372268265657753,0.37394020086934343,0.27039755852936376,0.2686046209095343,0.31054351367476135,0.6231159790756889,0.34465706032980686,0.29110636515774047,0.2861844629019227,0.3653032115222815,0.3542381193655756,0.3305089514346415,0.2777093808705616,0.29732836212302505,0.31707572171316206,0.3162075997189022,0.317579968938294,0.34678617578023213,0.2429551607658883,0.3389841403055068,0.05579669870584015,0.25018623640268556,0.39056969606726605,0.2648039155209768,0.28850779645614494,0.2538451801422689,0.3365559099618663,0.1971341269047031,0.10309334386305384,0.29030026062711184,0.2858771605921027,0.3257197480490207,0.18959443413235305,0.24537974460772016,0.23385321435178144,0.17416417683373342,0.258516114701378,0.23609739732378465,0.16317611389036107,0.3050820783882314,0.23889797820785993,0.044781813591572635,0.27989790592448865,0.12191421602796718,0.21076852893835282,0.2228874752879997,0.20151020435716077,0.24453031521439744,0.09201002645970695,0.22344822864168373,-0.013028503689923664,-0.22720514107571319,-0.13782169105506614,0.41512572572952955,-0.1403044945906768,0.0011466719222973441,0.12167421189787031,-0.025614891920689192
0.2560791244905034,0.37543974145936315,0.45450727711551986,0.31798939670983406,0.37974368856615315,0.3189417667641641,0.34465706032980686,0.6043060593502835,0.3864257119529356,0.4188977787703882,0.413013268364231,0.42755191705682705,0.4538575363878573,0.4096815868370496,0.3580989160270726,0.40446719792072994,0.45106737789068674,0.3495196168868172,0.37184003351944805,0.28121763789094806,0.35638632300950124,0.20185000294847263,0.34418243996860026,0.4457091837924952,0.30282592344765386,0.3146004086622216,0.19855261711910888,0.35802345448611317,0.2501829393225258,0.16085546513243362,0.30628191165122437,0.365477630742748,0.3362728123036025,0.2364366663531957,0.29579341689650496,0.2796980473548285,0.23732253463586903,0.29084694933040095,0.2452215319997496,0.2825174127555738,0.31581348223943606,0.2816861699154385,0.060036409497161804,0.2935171505442378,0.11141450552429188,0.27658588731421946,0.2848692778877636,0.21926620621360662,0.2788720404050366,0.2130141846806298,0.3012824544560038,-0.034948957501564896,-0.11978247197032835,-0.12260804561615102,0.2681458871127257,-0.04444713267745041,0.08950360588490493,0.046374441374324275,-0.08660611087676816
0.3054790385881567,0.27051639440790315,0.3920671877926365,0.3062751343209238,0.3452833282497037,0.31427791475745454,0.29110636515774047,0.3864257119529356,0.6313538216373504,0.464056063187899,0.31566936589356315,0.37065125309004554,0.406105595776924,0.2866385275274292,0.28965364395425924,0.3270986035518786,0.3388465836693207,0.3178324361159733,0.3280909219999442,0.29397330634389135,0.28379256152301574,0.2933757930770653,0.26217394706553765,0.25047082815565064,0.22905100448500818,0.22407036573136588,0.15586502826302112,0.2755052986640253,0.21712508209499506,0.1762348485986843,0.2521735260742494,0.29068720651175567,0.22523535507496437,0.2085668668955897,0.24743915452663579,0.21978567410006755,0.17188458535035747,0.23757805916127378,0.18417079227884492,0.22914713399805936,0.258028621904832,0.19859103051805363,0.06409869934688046,0.221690994837165,-0.019700286454129832,0.2329796841903322,0.18981640968042787,0.16989767276763032,0.18558912520295265,0.056775732409723896,0.11738038874519353,0.12014974059406552,-0.03380967647555735,-0.045171038295088305,0.2727700844559066,-0.09418767071410622,0.12525840951994502,-0.060545701126936864,-0.15189327953435136
0.34193111140620136,0.3133537295233645,0.41883990498191714,0.3377856950566694,0.3781691838876002,0.32078231773883586,0.2861844629019227,0.4188977787703882,0.464056063187899,0.6740053545889994,0.3787847028451464,0.41086991392067196,0.4518410497591637,0.28977094754921967,0.2916586224628855,0.3730728560200174,0.3748922249493657,0.33747053130929755,0.3640424446864959,0.2588593060898905,0.29726271061205106,0.28185046225348936,0.2818063405498746,0.2826002470223481,0.23088897898845825,0.24425098682612645,0.16341144667923574,0.2960558708439461,0.22798568265603547,0.17987734904424846,0.2561659014733341,0.3144345317766156,0.25207594388482385,0.2210427758184403,0.2578142785631891,0.23535118162598298,0.1834646971262563,0.24824266979643614,0.20522060574366616,0.22789919358558022,0.27401808937683025,0.21433048568684177,0.068966485524334,0.24881585320891136,-0.0017023077076824499,0.24420176250827214,0.214925202645625,0.18626012231703096,0.20372244244184792,0.1655242689146916,0.08627181160160498,0.024277060542972462,0.015715568640612312,-0.055369632093194183,0.27350998295638884,-0.1381557333845119,0.09949918678401981,-0.07964729584907336,-0.003429396553290641
0.32774497799310903,0.42389121846699845,0.4779323967702533,0.3277062572362182,0.32832913013789117,0.3339312855654412,0.3653032115222815,0.413013268364231,0.31566936589356315,0.3787847028451464,0.7271509026010324,0.42119349126231315,0.448134570648547,0.3753910110790321,0.3334171095939738,0.42053954240626984,0.37665170435025197,0.3349121816652318,0.47138641085980904,0.38141785458988425,0.4389263029640398,0.17808826767973088,0.3205470554744554,0.4563354345358956,0.3166793209270208,0.3531361418986112,0.2715860831284603,0.36317333337347074,0.28352674367071573,0.23265508050840114,0.34151651221753615,0.39513402443059625,0.3457487350255105,0.2877441851379752,0.3190401553268092,0.3064015492036139,0.30198637586950283,0.3245562764919763,0.3157764840846693,0.34689310490372205,0.3254658400843045,0.35510992221241516,0.06478514933451833,0.3056972090180401,0.41609284245046485,0.31051984604950666,0.3188430408061728,0.29357190961418367,0.3406511234414665,0.26784326752007326,0.08576252697421184,0.02277162546640319,-0.2171213022258031,-0.0637784855327104,0.3257425500405778,-0.1216637901582047,0.10492486765389003,-0.022605543722977493,-0.038458156655475105
0.3109847523373371,0.3761277310014172,0.4595929616819999,0.3145460855065718,0.390451892961172,0.3311121993398301,0.3542381193655756,0.42755191705682705,0.37065125309004554,0.41086991392067196,0.42119349126231315,0.6362126267780656,0.4445287586531464,0.38097907772369455,0.3359349226822256,0.3775698679861705,0.40254377969810035,0.3406125969083044,0.39198130992970415,0.36884802699157854,0.3715463323171384,0.2455716552054449,0.3039408816145251,0.37335451452340557,0.2389991764906797,0.31778315928025885,0.24226887570855718,0.3434050238449357,0.27402980296026525,0.20913345566494415,0.31055248742877467,0.3705970240429667,0.324108556974176,0.2752453282461804,0.3003115994035478,0.2957135025469224,0.25418689617069645,0.2963756449731767,0.25939217684044397,0.3325247998547094,0.32155232383251836,0.2846445105814382,0.06452182400706084,0.29969618379204443,0.028565383267133145,0.2815155808046309,0.2457582966277435,0.22615278902581204,0.28494528313198614,0.24450113403414053,0.11705828530069595,-0.005773882495128717,-0.15817256241680772,-0.0578090429280504,0.2623992268897033,-0.06816401415019095,0.044237414898580116,0.03439730444844029,-0.11865086721857473
0.3066652290329393,0.4104881579198922,0.5553507974112314,0.32450092670368014,0.37287348646026747,0.3003738933065673,0.3305089514346415,0.4538575363878573,0.406105595776924,0.4518410497591637,0.448134570648547,0.4445287586531464,1.027072947091842,0.49483142431200594,0.37934701234325935,0.38529975596284266,0.33128306146516595,0.39716147235840826,0.41447679815369054,0.43153129598729917,0.46541031566948515,0.20296501706012335,0.3737364170244093,0.382477528187023,0.36973750435473784,0.42871808988914556,0.27060396178570556,0.4329726918892048,0.3386725278581148,0.2559835140748756,0.39251947665516773,0.41104560966132425,0.42283196530338657,0.34384630123318105,0.3349378134002551,0.3710383328443769,0.3175493069169925,0.348024089129102,0.3200901868858059,0.4210318252967394,0.39083687549403956,0.3272961271076165,0.05617356360490174,0.3524573557910056,-0.1683205890020699,0.2917655785761888,0.26266558616897523,0.24326349375528458,0.32897341872554653,0.2690725040084479,0.022502084455553736,0.14797432263620483,-0.17126853356846503,-0.10019503680499683,0.3928446337051591,0.0003548908018545054,0.039281293674862154,-0.11532419138153668,0.02518038181644178
0.2706426149774702,0.47353924877810544,0.4458099256091286,0.3012008262937742,0.28889036367596677,0.30290826081766237,0.2777093808705616,0.4096815868370496,0.2866385275274292,0.28977094754921967,0.3753910110790321,0.38097907772369455,0.49483142431200594,1.2778068804720841,0.5461237802096355,0.3824472034550842,0.3411641976121859,0.15985312714840566,0.2747313392814525,0.3063787806913914,0.4093416209329764,0.23386571109509435,0.4015403674749129,0.3073490939031179,0.5068128505072832,0.38049427635344624,0.2661412888702528,0.4142707905623408,0.2926696875844036,0.13033707086376708,0.33943147268969504,0.3903615722329974,0.3884956795100259,0.2779998728672323,0.33683000529728024,0.3326357932793232,0.297394456910383,0.3231743354123564,0.22898025715450884,0.4714071399133277,0.356210605126342,0.37539249763046656,0.06779848746423278,0.3369586193545375,-0.388044059433888,0.2839566589831847,0.19128669985472554,0.15716348716826664,0.308519386419246,-0.17916521577473088,0.22122716358320266,0.11860603655384327,-0.021459124894054205,-0.050585513135657074,0.149534428610683,0.24405632689889503,-0.07183706797314894,-0.12033584842045775,-0.2917865680173326
0.3024359531176246,0.3774249178882475,0.3856925141050603,0.2858248736029971,0.3067880007629128,0.2880067448290422,0.29732836212302505,0.3580989160270726,0.28965364395425924,0.2916586224628855,0.3334171095939738,0.3359349226822256,0.37934701234325935,0.5461237802096355,0.69042575409946,0.40788578803139003,0.4179102707055747,0.3894183947691112,0.37386175404059324,0.3624786904481855,0.3927685515832784,0.2820227843725167,0.3457631734631966,0.3428904525497419,0.38563907001324843,0.3344622701154935,0.27745871854397314,0.40245818674626466,0.2805030421121091,0.18002207653308375,0.3316365430503173,0.3759898644935037,0.3304655177614023,0.26991604734345365,0.32598247509211614,0.3098669951795164,0.24833608837353216,0.31030966603792653,0.2466130835106871,0.35965269469646255,0.329851637785009,0.3117127994659678,0.07225191192627972,0.3107929868874931,-0.19036194871895348,0.28449378071340803,0.22571317937500565,0.19265455893783368,0.2881802565425661,-0.06724407131923892,0.13475749587642413,0.15165763127603374,-0.009989577610216332,-0.04659096729919074,0.3067359253872511,0.1428334252030081,-0.054553365064644026,-0.1080063326743879,-0.03820572753700212
0.37213808293364053,0.40214190716399717,0.46127609301714206,0.3320141293544192,0.3379023640246779,0.30697169769986504,0.31707572171316206,0.40446719792072994,0.3270986035518786,0.3730728560200174,0.42053954240626984,0.3775698679861705,0.38529975596284266,0.3824472034550842,0.40788578803139003,1.1058073049755683,0.5388106704488489,0.3158260299211751,0.353876240642874,0.2399438204660197,0.0110909874198988,0.2462965603216051,0.3486391320462769,0.2963718559016671,0.2180668959643744,0.2739302745907324,0.17833196811218902,0.340257234266332,0.2336712405533987,0.21467444116923043,0.3058258179363592,0.3005815367144626,0.2976960118376029,0.22190167995776527,0.29108884462937573,0.25860511410256065,0.2165709658665173,0.267543775237991,0.22155436786259053,0.3292827637636384,0.25282112008796626,0.29115348172404387,0.06666381246913826,0.27627451290636124,0.07004524358082279,0.2928853388867965,0.23774714761242058,0.1942393005483231,0.24029725871225835,-0.0999254719532659,0.1486005198661873,-0.028041274372015486,0.0031373795362517813,-0.018246790158849446,0.2092014995744215,-0.2348871897548117,0.10144474048998618,0.09442523757691693,0.20280757086925008
0.33141484710501945,0.36620493418115024,0.46585018209689444,0.3619505337402513,0.3457671488364859,0.335901615021464,0.3162075997189022,0.45106737789068674,0.3388465836693207,0.3748922249493657,0.37665170435025197,0.40254377969810035,0.33128306146516595,0.3411641976121859,0.4179102707055747,0.5388106704488489,1.6059262157737721,0.3408165518622711,0.4174060275569499,0.30128444317289527,0.2721445083120003,0.2593729361431841,0.34256873573513164,0.261333377881081,0.44500286655151183,0.23382016006364234,0.15523535527673932,0.4111490043064002,0.33742088170962053,0.19368550999641287,0.3687139319423979,0.6249939144397153,0.38425156354736084,0.3513683048112244,0.4140003328733482,0.33116704741427255,0.2727234975717542,0.35316967568091717,0.20843514470290284,0.4503263526904714,0.27087207529318774,0.43750240505662724,0.0783905635835166,0.34452203278761,-0.2615426073890797,0.39399335380654393,0.17830008374362055,0.13083211989328056,0.30635162912030417,0.12751321875921698,0.022712268896939114,-0.11880107346361336,-0.20860456381941056,-0.062172952171196054,0.11096915210478886,0.11784488349088235,-0.0144803928754326,-0.008998151183910843,0.013200073167646898
0.2488493665331213,0.2870088647781243,0.37969873183629393,0.2988997811972124,0.2947969242840683,0.285677391157233,0.317579968938294,0.3495196168868172,0.3178324361159733,0.33747053130929755,0.3349121816652318,0.3406125969083044,0.39716147235840826,0.15985312714840566,0.3894183947691112,0.3158260299211751,0.3408165518622711,0.9733140320777459,0.6011847420614771,0.42718426312416957,0.3093851151573162,0.30159072185145547,0.37644331836008416,0.4590594624897015,0.3208268407489298,0.33509096127764165,0.2928044101328867,0.4085355511288762,0.2756788744814568,0.25488340716057417,0.36507362704366975,0.30032435706475064,0.30416519927739766,0.27952347872191774,0.29845430343470364,0.2915892810469008,0.23835226806466736,0.28276730244742165,0.26302950524207613,0.3188219400019245,0.33780145722818333,0.2139251883110408,0.08933146294651939,0.3350239253792275,0.04628080134330782,0.2674153520244601,0.28649560705698435,0.23464050235753636,0.2934893734789486,0.17325881313859187,0.00837298221390628,0.13145575998994172,-0.1185534217695023,-0.03603626044599194,0.32321075285354495,-0.05217113623978667,0.022514988092903296,-0.007351037714660704,0.21540892369928627
0.25482521478610964,0.3700311331887521,0.44435114583717683,0.3421868913901452,0.32241756385136117,0.32050625222134954,0.34678617578023213,0.37184003351944805,0.3280909219999442,0.3640424446864959,0.47138641085980904,0.39198130992970415,0.41447679815369054,0.2747313392814525,0.37386175404059324,0.353876240642874,0.4174060275569499,0.6011847420614771,0.9202912047046414,0.423379243889805,0.42971855895927225,0.22747021706732928,0.3414400650943852,0.4656841992253584,0.33853832247162446,0.3766035056125577,0.3299715862051503,0.39485274555173094,0.3327201332633367,0.2552597639505251,0.408310045797349,0.4826452776810801,0.3756930378446069,0.33565234020994367,0.36501531756081623,0.3403284910791552,0.31191802650922346,0.3325466918522865,0.3043849098778128,0.38697086907289086,0.36896216600071824,0.3684305820236197,0.08000900701867007,0.34242740747807116,0.07208025372366478,0.32799614988898185,0.27222484125138313,0.2693884989812204,0.3397490708338857,0.16647919474839473,0.03817505930935268,0.1224233578738575,-0.19525855018216676,-0.0332235728551508,0.33897247386184826,-0.07905841606351295,0.05549881125604068,0.03854865058790158,0.10951758561617134
0.21535228690504216,0.30435963938183686,0.4700403550490271,0.29148139420294683,0.26390277163971587,0.28507255044331,0.2429551607658883,0.28121763789094806,0.29397330634389135,0.2588593060898905,0.38141785458988425,0.36884802699157854,0.43153129598729917,0.3063787806913914,0.3624786904481855,0.2399438204660197,0.30128444317289527,0.42718426312416957,0.423379243889805,1.617717717511456,0.6211446613411893,0.31283619217644026,0.3346675205283543,0.3644673644020638,0.4211613619410712,0.4780672869020694,0.3748494771720617,0.510025271081065,0.4318906460879504,0.45994574437057656,0.42529596346035314,0.5153983489326308,0.35726463266945613,0.5056521704316865,0.4003386212470133,0.41617719967329625,0.47252726213312024,0.3962496329966747,0.32097129224151055,0.7032450829571837,0.3549185963111138,0.4948467273711042,0.04753564256413701,0.34894048745334383,-0.19442116969370654,0.35788570218592747,0.20026651013959187,0.2223016556000626,0.40313979635904196,0.0379487030672153,-0.04478941528336474,0.28758229557712806,-0.4628003156123439,-0.007507868892310021,0.16607748160380006,0.14662981132765418,-0.03017910288357556,-0.048345351134226916,-0.10801024490312859
0.15536058890507362,0.3255834259872266,0.38652675369920697,0.2424363948300486,0.25415035669931985,0.2800081963774901,0.3389841403055068,0.35638632300950124,0.28379256152301574,0.29726271061205106,0.4389263029640398,0.3715463323171384,0.46541031566948515,0.4093416209329764,0.3927685515832784,0.0110909874198988,0.2721445083120003,0.3093851151573162,0.42971855895927225,0.6211446613411893,1.3737602198015555,0.1829673262705954,0.3493339601197915,0.5872507876052332,0.5757276733601671,0.3466921196947197,0.44007366563367417,0.4317736639330546,0.4217799463419031,0.23081338896895381,0.45794989100399436,0.6370511447685242,0.49712252436287996,0.42709992148512516,0.4108711714648423,0.3930137513930351,0.35694195231541076,0.4200640820858367,0.40734689211602676,0.3727912918246748,0.5032272351582171,0.40756438453970406,0.05376068454209133,0.34115665765867986,-0.0706230584184943,0.32760730688395906,0.27494082554133936,0.3168864483115934,0.3994842824107046,0.14644791899859863,0.15019299232955996,0.2503407311644793,-0.4260406863947234,-0.04560589076845358,0.35894257023738235,0.03935649024814324,0.055031758871579246,-0.08878616146870649,-0.13654028094541062
0.3727294612230344,0.2076386373675278,0.2916332623791443,0.2285854693117593,0.22504971321730954,0.1801214474712409,0.05579669870584015,0.20185000294847263,0.2933757930770653,0.28185046225348936,0.17808826767973088,0.2455716552054449,0.20296501706012335,0.23386571109509435,0.2820227843725167,0.2462965603216051,0.2593729361431841,0.30159072185145547,0.22747021706732928,0.31283619217644026,0.1829673262705954,1.4519682525552227,0.24807322397255754,0.252230754361509,0.21701414472247402,0.37955714654207595,0.298792916054452,0.18223424675713207,0.2550577093738438,0.3510002194589392,0.22162422378219487,0.25891002446384553,-0.08724989757792538,0.20680416643857782,0.26018037477075384,0.21285790839477142,0.09342895687225117,0.2405901561178413,0.13789694727365354,0.3731662460083056,0.19866322354175722,0.04837295065243474,0.11924143655007914,0.08590369782143,-0.15650710549903604,0.3013725471321513,0.27058188856390375,0.20805306054517553,0.1502593043213776,-0.035559607125529996,-0.006070156070774711,-0.23578287161629838,0.42749400651314495,-0.0038370929258628944,0.10927913896695078,0.07330571766030462,0.11250855285283369,-0.2507419204131306,-0.39797555759284997
0.18691185088605103,0.27475283160828856,0.3336100048863795,0.24456654338148892,0.2516402042965568,0.24532255499462913,0.25018623640268556,0.34418243996860026,0.26217394706553765,0.2818063405498746,0.3205470554744554,0.3039408816145251,0.3737364170244093,0.4015403674749129,0.3457631734631966,0.3486391320462769,0.34256873573513164,0.37644331836008416,0.3414400650943852,0.3346675205283543,0.3493339601197915,0.24807322397255754,0.7186283892369859,0.4443043078780469,0.3858336622187673,0.4069850707044473,0.10863212338028087,0.31473466468829564,0.2574169011082636,0.18036378101104414,0.32313160113243217,0.3125004706293473,0.35447986779084933,0.23754970352446717,0.2737169793620458,0.2777266960874234,0.2907506671891032,0.28754338482679426,0.2655500167950787,0.308760889061565,0.3519905335418543,0.3228791643908947,0.08773618076507171,0.28950857142295555,-0.0024530255499078165,0.2392900733962647,0.20089882436041248,0.23408855913902749,0.24575017783798053,-0.04417934173731353,0.19958629117851126,-0.007491462790530577,-0.06208485249001308,-0.028627026861597273,0.20508900617862827,0.014069237982424385,0.03236459709010179,-0.011737789790212123,-0.01942708394081434
0.11205543977406027,0.25244582962100426,0.379304761719045,0.21939427242314388,0.29800335558062346,0.2918149983558266,0.39056969606726605,0.4457091837924952,0.25047082815565064,0.2826002470223481,0.4563354345358956,0.37335451452340557,0.382477528187023,0.3073490939031179,0.3428904525497419,0.2963718559016671,0.261333377881081,0.4590594624897015,0.4656841992253584,0.3644673644020638,0.5872507876052332,0.252230754361509,0.4443043078780469,1.7752918847113333,0.32838563690078443,0.7855358744383408,0.4464335453154041,0.47088043536104185,0.2894557047230779,0.11265561094767058,0.38080968449212965,0.4647350488809041,0.34555334287095446,0.2614889270146586,0.4005676087303604,0.4374043854737581,0.37689985518864466,0.42100373695455884,0.4288709782445765,0.3173757241214731,0.37694034491940037,0.3447210906471938,0.025416336319977244,0.34155392841008914,0.8310730947940935,0.3964476034286886,0.5236282892128276,0.3954252581026153,0.5783325706700387,0.3106558399977633,0.6360364637756846,-0.18613577694261496,-0.036504091363309545,-0.10413602880617696,0.3960855018834556,-0.06859490615091975,0.11111439259544179,0.11290493295137781,-0.08097536044271525
0.16910534875893776,0.30557377397554214,0.3200149913600869,0.2486226517084195,0.20507011263130492,0.2466458678451432,0.2648039155209768,0.30282592344765386,0.22905100448500818,0.23088897898845825,0.3166793209270208,0.2389991764906797,0.36973750435473784,0.5068128505072832,0.38563907001324843,0.2180668959643744,0.44500286655151183,0.3208268407489298,0.33853832247162446,0.4211613619410712,0.5757276733601671,0.21701414472247402,0.3858336622187673,0.32838563690078443,1.2408864018125787,0.3300592263781128,0.24882207180630528,0.5173238795115158,0.34906702935679096,0.16495827151418532,0.41294237899616654,0.42905952030829775,0.3977848570044254,0.31293930411396476,0.3226598301508764,0.3034197605707384,0.3763162787622106,0.30594941166428463,0.22288884999513484,0.4947173705218296,0.3328661762358581,0.4722774989925969,0.058773560357457524,0.3219864109609906,-0.4086957982750783,0.26377672995588725,0.18475944364589858,0.18699482223529898,0.3260159052007414,-0.12436000624686137,0.11772404758893293,0.24246255593509475,-0.35613828288273386,0.013392758911598222,0.10650923789754634,0.19928737100376268,-0.0349731952553731,-0.06787477180568224,-0.008437035663372859
0.0781846271939945,0.19249131007746362,0.3732930248331473,0.2071280503714427,0.244709580845309,0.24304807907241713,0.28850779645614494,0.3146004086622216,0.22407036573136588,0.24425098682612645,0.3531361418986112,0.31778315928025885,0.42871808988914556,0.38049427635344624,0.3344622701154935,0.2739302745907324,0.23382016006364234,0.33509096127764165,0.3766035056125577,0.4780672869020694,0.3466921196947197,0.37955714654207595,0.4069850707044473,0.7855358744383408,0.3300592263781128,2.2409706421737354,0.47193224626157415,0.28864543993439673,0.29179698203945514,0.15078965362549343,0.28271537944881914,0.43628138056012983,0.36485304260354334,0.29802109858373554,0.3427564152078327,0.5744469045800429,0.4067229225535077,0.39902904054492844,0.3751122602606442,0.5672557801882969,0.3299531905423594,0.6608753078639256,0.09251102539680493,0.41348108541260675,0.0952559868242707,0.3325964781398245,0.2594902469673374,0.2833463787108806,0.47484398301154884,0.11074771555677863,0.1553574780210222,0.04404172771589618,0.040351399212265646,-0.1335506135006316,0.3350429937387885,0.08030487752842926,0.007485832617823164,0.03200812509093266,-0.060712989388019674
0.022201480075974646,0.14086649613241614,0.3421918872511971,0.14416839213954222,0.15551068386472533,0.14178303945886733,0.2538451801422689,0.19855261711910888,0.15586502826302112,0.16341144667923574,0.2715860831284603,0.24226887570855718,0.27060396178570556,0.2661412888702528,0.27745871854397314,0.17833196811218902,0.15523535527673932,0.2928044101328867,0.3299715862051503,0.3748494771720617,0.44007366563367417,0.298792916054452,0.10863212338028087,0.4464335453154041,0.24882207180630528,0.47193224626157415,1.7571832200172501,0.6365866627784698,0.4935413175726018,0.3908869910430674,0.7051841714785604,0.424942406293687,0.5741783831270793,0.5129422543677861,0.5348882053128032,0.5411535785926912,0.4345500230072616,0.5025450985713235,0.46932406057287046,1.0596871470752476,0.6219206396098833,0.39995778732282417,0.056588844177146075,0.3921748360526144,-0.41177077131301215,0.44346024821618557,0.4050446143821609,0.4192110904484215,0.730374587488273,0.13619496610238313,-0.02165062600374822,0.2976474354747975,0.23786544313394048,0.12945742334917154,0.6498309646300943,-0.24869455233422935,-0.10324175711472722,0.20085424335925417,0.021533084206754528
0.11607051189178222,0.325042318339391,0.43902257069432954,0.2846818288982494,0.26861531885513384,0.29554995511407517,0.3365559099618663,0.35802345448611317,0.2755052986640253,0.2960558708439461,0.36317333337347074,0.3434050238449357,0.4329726918892048,0.4142707905623408,0.40245818674626466,0.340257234266332,0.4111490043064002,0.4085355511288762,0.39485274555173094,0.510025271081065,0.4317736639330546,0.18223424675713207,0.31473466468829564,0.47088043536104185,0.5173238795115158,0.28864543993439673,0.6365866627784698,1.6622747155333524,0.41874358213390883,0.13476778218303373,0.5579081364542317,0.5099162575533183,0.5606778210742767,0.39385419653091847,0.5574646805315363,0.5207695655423719,0.579803755958873,0.42853528094414517,0.08386437098671894,0.9210359937099031,0.5318513497722837,0.6373538849647691,0.03378506492564777,0.5451448119078361,-0.8498259284748529,0.4190191156279813,0.31391751225836223,0.26118678669056283,0.45885310297092324,-0.022190954689346627,0.17164801146559241,0.30624818214940447,-0.35253480779108026,-0.007027745293809176,0.4183103887986016,0.016319868921622516,-0.11310156308257574,0.044951524325103555,0.12361714054216247
0.14928052166697636,0.20957935071089887,0.3094794805427464,0.20953292675098315,0.1991347240086406,0.21453166895313683,0.1971341269047031,0.2501829393225258,0.21712508209499506,0.22798568265603547,0.28352674367071573,0.27402980296026525,0.3386725278581148,0.2926696875844036,0.2805030421121091,0.2336712405533987,0.33742088170962053,0.2756788744814568,0.3327201332633367,0.4318906460879504,0.4217799463419031,0.2550577093738438,0.2574169011082636,0.2894557047230779,0.34906702935679096,0.29179698203945514,0.4935413175726018,0.41874358213390883,0.9048536299224508,0.7412725900094381,0.6143524263688716,0.5791743687020702,0.5250349156927653,0.7455764830077666,0.402059172352355,0.5462050332488076,0.48886647290160684,0.3991123351920909,0.31304205576506766,0.9306381941403403,0.3880484438299028,0.47134091709546294,0.07299753604030397,0.33658184176667577,-0.7480988787557015,0.38574072850479263,0.06810276448166669,0.26559290236617555,0.44712131164087665,-0.07482931869315941,-0.0937175312516105,0.2607579191132056,-0.24454128175685597,0.010468860802169912,0.18950536487552222,0.006445023822530987,0.007114152943402601,-0.006996369760421959,-0.07499520701325635
0.21861214498343542,0.12773949168408597,0.20232865869709635,0.19000516458620537,0.15526701884697824,0.15309790261463987,0.10309334386305384,0.16085546513243362,0.1762348485986843,0.17987734904424846,0.23265508050840114,0.20913345566494415,0.2559835140748756,0.13033707086376708,0.18002207653308375,0.21467444116923043,0.19368550999641287,0.25488340716057417,0.2552597639505251,0.45994574437057656,0.23081338896895381,0.3510002194589392,0.18036378101104414,0.11265561094767058,0.16495827151418532,0.15078965362549343,0.3908869910430674,0.13476778218303373,0.7412725900094381,2.0303121099912227,0.5429146629764756,0.2699920249126822,0.09350857851086818,0.6151131122001342,0.2790912533802398,0.38613803750690284,0.39644492149132676,0.2593670581677723,0.26387906118132376,0.7582679873099657,0.1475355493186378,0.2002222678382227,0.0531236136628372,0.0457814487733057,-0.3156265721324174,0.26321615945228344,0.08848719278498962,0.244311190466191,0.28080641084926666,-0.13104425986375368,-0.3505944283590561,0.1649662192229548,-0.19860342647083748,0.1575362234689383,0.01535536578025825,-0.14019384276026436,0.0884904444618534,-0.002860671143771899,-0.114750682136257
0.07767944312131402,0.23031600638654007,0.37034585103804746,0.23627517342644166,0.2201332592886965,0.24385530206386294,0.29030026062711184,0.30628191165122437,0.2521735260742494,0.2561659014733341,0.34151651221753615,0.31055248742877467,0.39251947665516773,0.33943147268969504,0.3316365430503173,0.3058258179363592,0.3687139319423979,0.36507362704366975,0.408310045797349,0.42529596346035314,0.45794989100399436,0.22162422378219487,0.32313160113243217,0.38080968449212965,0.41294237899616654,0.28271537944881914,0.7051841714785604,0.5579081364542317,0.6143524263688716,0.5429146629764756,1.309226433510088,0.5495141913612164,0.8055594353103274,0.5882928595739484,0.4975367977140547,0.46191980023994544,0.4403889870597264,0.48771971741827913,0.3470825873369314,0.8561647725405218,0.4965508588551807,0.5580628798377061,0.051474877586701315,0.48331980067436436,-0.644495175379057,0.42227764708255794,0.08515223241725892,0.2974414737507773,0.4753240734425607,-0.17259454086307557,0.11558546790749948,0.48354544071922,-0.3185111930614861,-0.0313118137820052,0.3974915999433422,-0.06754403840784091,-0.03048686138510315,0.21555834346449035,0.01947487241758323
0.20725780821761358,0.34783565634014857,0.4333965130090394,0.28583571829275956,0.28512483628247126,0.2937000240714507,0.2858771605921027,0.365477630742748,0.29068720651175567,0.3144345317766156,0.39513402443059625,0.3705970240429667,0.41104560966132425,0.3903615722329974,0.3759898644935037,0.3005815367144626,0.6249939144397153,0.30032435706475064,0.4826452776810801,0.5153983489326308,0.6370511447685242,0.25891002446384553,0.3125004706293473,0.4647350488809041,0.42905952030829775,0.43628138056012983,0.424942406293687,0.5099162575533183,0.5791743687020702,0.2699920249126822,0.5495141913612164,1.2500841409673533,0.5388665959947417,0.5873785940370706,0.6197375017115,0.5295276035095996,0.528185253307695,0.5014819891502093,0.3487107005037614,0.6959310486002591,0.4181137055552814,0.6999534665379943,0.09153923450574755,0.4388397764183879,-0.7699036824657801,0.588812487240496,0.11861984631632731,0.255777006492165,0.45247110894041487,0.07513960255564367,0.006779857194192479,0.22069030674318368,-0.40683738035053935,-0.039356059744971396,0.2876534237135691,0.058009108105421606,0.008651347366805385,-0.0512269195957924,-0.04351519325595323
0.03830399231468969,0.2924067217042783,0.36038451339808136,0.18699996635909663,0.21914232527736088,0.21713625899166636,0.3257197480490207,0.3362728123036025,0.22523535507496437,0.25207594388482385,0.3457487350255105,0.324108556974176,0.42283196530338657,0.3884956795100259,0.3304655177614023,0.2976960118376029,0.38425156354736084,0.30416519927739766,0.3756930378446069,0.35726463266945613,0.49712252436287996,-0.08724989757792538,0.35447986779084933,0.34555334287095446,0.3977848570044254,0.36485304260354334,0.5741783831270793,0.5606778210742767,0.5250349156927653,0.09350857851086818,0.8055594353103274,0.5388665959947417,1.8634294581624953,0.6179174371798829,0.4720664364661566,0.5993252563489568,0.5933808503782533,0.5079698722387513,0.38348857021074895,0.686666379625715,0.7112958377490072,0.6540246858862186,0.11339004197360862,0.7551839017224582,-0.6255757022583228,0.3191695657407261,-0.27230333413548635,0.3243824881867828,0.2509259093081175,0.3232413119453128,0.09486683463544619,0.014265841944540236,-0.01922303208475686,0.028556221422017677,0.33325698912576324,-0.04837122403621042,-0.017019677330602227,0.19193818103433224,0.20252267583038047
0.14537463411853926,0.21101959626480965,0.32177393811831917,0.2018387187017319,0.20765214026774897,0.21415735995698693,0.18959443413235305,0.2364366663531957,0.2085668668955897,0.2210427758184403,0.2877441851379752,0.2752453282461804,0.34384630123318105,0.2779998728672323,0.26991604734345365,0.22190167995776527,0.3513683048112244,0.27952347872191774,0.33565234020994367,0.5056521704316865,0.42709992148512516,0.20680416643857782,0.23754970352446717,0.2614889270146586,0.31293930411396476,0.29802109858373554,0.5129422543677861,0.39385419653091847,0.7455764830077666,0.6151131122001342,0.5882928595739484,0.5873785940370706,0.6179174371798829,1.0733383020774843,0.3927921607315318,0.6273661283809966,0.46798739681388474,0.41006205010672786,0.31810173044795337,0.96982810914808,0.36512330175851676,0.5044164140155559,0.07538446872269015,0.39664066749689914,-0.801205800505836,0.3915133935851649,0.12558613726313164,0.25438562579456825,0.4963634962752034,0.25729306241478506,-0.28769200876054435,0.2956795487532397,-0.3359710425302772,0.06721802268427345,0.19743434389504974,0.017693758519885264,-0.02418555392144319,-0.0034286685462284615,-0.03788279945462215
