uidp,mean_km,dist_mode,dist_mean,norm_mean,norm_sd,dt_wcha,peak_rate,pk_am,pk_pm,adetourtime,adetourdist,in_area_treatment,area_charge_mean,nct23,nct,ntr,cha_ct23,cha_ct,cha_tr,sample_dt_pre,sample_dt_pos,mean_dt_pre1,mean_dt_pre2,mean_dt_pre3,mean_dt_pre4,mean_dt_pre5,mean_dt_pre6,mean_dt_pre7,mean_dt_pre8,mean_dt_pre9,mean_dt_pre10,mean_dt_pre11,mean_dt_pre12,mean_dt_pre13,mean_dt_pre14,mean_dt_pre15,mean_dt_pre16,mean_dt_pre17,mean_dt_pre18,mean_dt_pre19,mean_dt_pre20,mean_dt_pre21,mean_dt_pre22,mean_dt_pre23,mean_dt_pre24,mean_dt_pre25,mean_dt_pre26,mean_dt_pre27,mean_dt_pre28,mean_dt_pre29,mean_dt_pre30,mean_dt_pre31,mean_dt_pre32,mean_dt_pre33,mean_dt_pre34,mean_dt_pre35,mean_dt_pre36,mean_dt_pre37,mean_dt_pre38,mean_dt_pre39,mean_dt_pre40,mean_dt_pre41,mean_dt_pre42,mean_dt_pre43,mean_dt_pre44,mean_dt_pre45,mean_dt_pre46,mean_dt_pre47,mean_dt_pre48,mean_dt_pre49,mean_dt_pre50,mean_dt_pre51,mean_dt_pre52,mean_dt_pre53,mean_dt_pre54,mean_dt_pre55,mean_dt_pre56,mean_dt_pre57,mean_dt_pre58,mean_dt_pre59,mean_dt_pre60,mean_dt_pre61,mean_dt_pos1,mean_dt_pos2,mean_dt_pos3,mean_dt_pos4,mean_dt_pos5,mean_dt_pos6,mean_dt_pos7,mean_dt_pos8,mean_dt_pos9,mean_dt_pos10,mean_dt_pos11,mean_dt_pos12,mean_dt_pos13,mean_dt_pos14,mean_dt_pos15,mean_dt_pos16,mean_dt_pos17,mean_dt_pos18,mean_dt_pos19,mean_dt_pos20,mean_dt_pos21,mean_dt_pos22,mean_dt_pos23,mean_dt_pos24,mean_dt_pos25,mean_dt_pos26,mean_dt_pos27,mean_dt_pos28,mean_dt_pos29,mean_dt_pos30,mean_dt_pos31,mean_dt_pos32,mean_dt_pos33,mean_dt_pos34,mean_dt_pos35,mean_dt_pos36,mean_dt_pos37,mean_dt_pos38,mean_dt_pos39,mean_dt_pos40,mean_dt_pos41,mean_dt_pos42,mean_dt_pos43,mean_dt_pos44,mean_dt_pos45,mean_dt_pos46,mean_dt_pos47,mean_dt_pos48,mean_dt_pos49,mean_dt_pos50,mean_dt_pos51,mean_dt_pos52,mean_dt_pos53,mean_dt_pos54,mean_dt_pos55,mean_dt_pos56,mean_dt_pos57,mean_dt_pos58,mean_dt_pos59,mean_dt_pos60,mean_dt_pos61,idfxnpre,idfxnpos,idfxbe,idfx,dur_gm_0,dur_gm_1,dur_gm_2,dur_gm_3,dur_gm_4,dur_gm_5,dur_gm_6,dur_gm_7,dur_gm_8,dur_gm_9,dur_gm_10,dur_gm_11,dur_gm_12,dur_gm_13,dur_gm_14,dur_gm_15,dur_gm_16,dur_gm_17,dur_gm_18,dur_gm_19,dur_gm_20,dur_gm_21,dur_gm_22,dur_gm_23,dur_gm_24,dur_gm_25,dur_gm_26,dur_gm_27,dur_gm_28,dur_gm_29,dur_gm_30,dur_gm_31,dur_gm_32,dur_gm_33,dur_gm_34,dur_gm_35,dur_gm_36,dur_gm_37,dur_gm_38,dur_gm_39,dur_gm_40,dur_gm_41,dur_gm_42,dur_gm_43,dur_gm_44,dur_gm_45,dur_gm_46,dur_gm_47,dur_gm_48,dur_gm_49,dur_gm_50,dur_gm_51,dur_gm_52,dur_gm_53,dur_gm_54,dur_gm_55,dur_gm_56,dur_gm_57,dur_gm_58,dur_gm_59,dur_gm_60,dur_gm_61,dur_gm_62,dur_gm_63,dur_gm_64,dur_gm_65,dur_gm_66,dur_gm_67,dur_gm_68,dur_gm_69,dur_gm_70,dur_gm_71,dur_gm_72,dur_gm_73,dur_gm_74,dur_gm_75,dur_gm_76,dur_gm_77,dur_gm_78,dur_gm_79,dur_gm_80,dur_gm_81,dur_gm_82,dur_gm_83,dur_gm_84,dur_gm_85,dur_gm_86,dur_gm_87,dur_gm_88,dur_gm_89,dur_gm_90,dur_gm_91,dur_gm_92,dur_gm_93,dur_gm_94,dur_gm_95,dur_gm_96,dur_gm_97,dur_gm_98,dur_gm_99,dur_gm_100,dur_gm_101,dur_gm_102,dur_gm_103,dur_gm_104,dur_gm_105,dur_gm_106,dur_gm_107,dur_gm_108,dur_gm_109,dur_gm_110,dur_gm_111,dur_gm_112,dur_gm_113,dur_gm_114,dur_gm_115,dur_gm_116,dur_gm_117,dur_gm_118,dur_gm_119,dur_gm_120,dur_gm_121,dur_gm_122,dur_gm_123,dur_gm_124,dur_gm_125,dur_gm_126,dur_gm_127,dur_gm_128,dur_gm_129,dur_gm_130,dur_gm_131,dur_gm_132,dur_gm_133,dur_gm_134,dur_gm_135,dur_gm_136,dur_gm_137,dur_gm_138,dur_gm_139,dur_gm_140,dur_gm_141,dur_gm_142,dur_gm_143,n_pre,n_pos,inverse_income_with_pred,area
L0202100848,8.1592512,6.802,6.802,-0.8174291133910838,0.6208317018233287,0,0,10.5,18.5,8.1999998,3.0999999,1,96,15,5,4,0.86666667,0.80000001,0.5,1,1,0.0005619298058951283,0.001711166149824495,0.0033225651613724813,0.0038801495414355833,0.005732718513618306,0.007139759681985609,0.009469139864019668,0.011849038765243182,0.014835613218905775,0.018130939596965642,0.021797324972438314,0.02580339995331284,0.02991596151914389,0.034222428850785955,0.038303823292090505,0.04229035284728053,0.04572539332456086,0.04879105347859181,0.05092505634920904,0.05242285892224536,0.05286403689129279,0.052592221116724076,0.05120880562748337,0.04921799966437032,0.04628257619141992,0.04288020145403117,0.03898547781020266,0.03486624566616527,0.030634766805843455,0.026415501216145613,0.0224444782241016,0.018661827891291366,0.01533785778656805,0.012299236743836055,0.009780617638368518,0.007554945093193387,0.0058184808258956765,0.0043386122748489365,0.003236728802302514,0.0023256596233214672,0.0016840561846351088,0.0011659919863379771,0.0008222706562818182,0.000549017043646362,0.00037964405995830297,0.00024455924927219434,0.0001684227307094777,0.00010539164712664866,7.470260749946236e-5,4.63755743030879e-5,3.585853693707592e-5,2.324628472357894e-5,2.0737181204277198e-5,1.494981530188989e-5,1.5135288793237345e-5,1.2264994089966148e-5,1.306811584619344e-5,1.1604589731537297e-5,1.228341340781859e-5,1.152111360247021e-5,1.1947770260312013e-5,0.0007215724479914942,0.001794289390076402,0.0034268346717783844,0.004002959105156943,0.005882673699829359,0.007326676144440921,0.009684835218021303,0.012106694989241149,0.015122043174862178,0.018455253911862462,0.02213926953783417,0.02616895489850098,0.03027671228341596,0.03458159560214582,0.03863658830803944,0.04259493194099144,0.04596434539744296,0.04897392631139889,0.05103416165524239,0.05246200207877266,0.05281363639302003,0.052472402031719816,0.051007801228173714,0.048959301082262714,0.04598125442403234,0.04254433225906117,0.03863021434635626,0.03450233654497885,0.030282454519847405,0.026076371016729497,0.022134743089334215,0.01837927219682924,0.01509184504260006,0.012085212067861959,0.009603622735824277,0.007408009203699645,0.005700864369201716,0.004245058454591882,0.0031651991269972916,0.0022710335838530883,0.0016439201666828434,0.0011365106775112774,0.0008014213972286758,0.0005342394748345558,0.00036963610459653636,0.00023769424579862534,0.0001639710908173866,0.00010242116563111711,7.286773535009946e-5,4.518026555406448e-5,3.515431335413099e-5,2.2801100722176555e-5,2.048018544531992e-5,1.479723184998128e-5,1.5043167283022683e-5,1.2225397391980519e-5,1.3028509486461507e-5,1.1597797488799743e-5,1.2264284594328872e-5,1.1524470853976836e-5,1.1936733504169928e-5,17,12,-6.8232317,-11.621732,1185,1174,1183,1167,1160,1162,1167,1157,1150,1130,1138,1149,1121,1135,1139,1145,1161,1145,1107,1133,1135,1131,1127,1129,1133,1142,1146,1159,1158,1161,1158,1168,1184,1176,1189,1195,1207,1218,1226,1254,1276,1284,1313,1326,1353,1359,1372,1390,1410,1413,1435,1469,1480,1529,1537,1517,1486,1472,1476,1452,1453,1451,1447,1452,1463,1459,1453,1445,1442,1453,1448,1446,1433,1437,1450,1450,1439,1435.0,1420,1409,1394,1382,1373,1368,1366,1356,1357,1371,1381,1397,1422,1438,1443,1445,1455,1458,1473,1470,1471,1471,1470,1468,1473,1488,1498,1509,1525,1543,1558,1576,1598,1617,1650,1659.0,1641,1633,1615,1591,1578,1567,1552,1529,1505,1506,1487,1465,1456,1435,1428,1396,1384,1363,1322,1305,1282,1267,1251,1245,1233,1224,1221,1213,1193,1191,18,14,0.37756038,1
L0204115017,1.9610834,1.791,1.791,0.1539115931197672,0.9402057906708114,0,0,10.5,19.5,8.0,2.3,1,192,5,3,2,0.40000001,0.33333334,0.0,0,0,1.2838613036852359e-23,8.240455974670062e-18,5.286708361976389e-12,1.3791580579886963e-7,0.00027393819721528966,0.0028364305817431047,0.0034338531355912103,0.004098898291872612,0.004849926359713107,0.00570942892621624,0.006652997312759312,0.007718578920180754,0.008860308220827534,0.010130557188983211,0.011465468113988797,0.012922786238936735,0.014411650224982798,0.01601467763360382,0.017645079505149742,0.01933733205601464,0.021002336169325096,0.02269886034691864,0.024322477338877744,0.025925384999150095,0.027432230482681147,0.028838584735314043,0.03008858915659264,0.03119858241972527,0.03212363306188401,0.0328528068019387,0.033363030170548,0.03365417449581227,0.03370745872953505,0.0335373571026411,0.033148439232691194,0.0325300965419667,0.031685326879664244,0.03067057995082107,0.029492211296180085,0.02815782575622385,0.026692651978782962,0.02513774738168702,0.023497872394737607,0.021828705174626005,0.020132437560400344,0.018449347056874302,0.016784742761040743,0.015174411799099051,0.013621335285676852,0.012149513875623574,0.01076449177256404,0.00947307889098967,0.0082799911220249,0.007190211667095327,0.006203289164062261,0.00531652367114165,0.004527601866555103,0.0038309651064878806,0.003221568943615954,0.0026927202464914935,0.0022387577830608567,6.759250022978073e-21,4.3385202643442405e-15,2.783459271974877e-9,7.223617805317903e-5,0.00035295124359611155,0.0028606173612119364,0.0034582974883597462,0.004124684919677034,0.004876949016083061,0.005737457404052004,0.006682096317052357,0.007749071786110149,0.008892367617000886,0.01016444771319,0.011501279511634021,0.01296010029092484,0.014450783197524686,0.016056338606697064,0.017688728894911597,0.019381327065824006,0.021046590023795178,0.022743084091295628,0.024366338907619862,0.025968642301960023,0.02747379969375054,0.02887659419507475,0.030122521511118366,0.03122817450310574,0.03214804980757565,0.032870953737228856,0.033374513141922586,0.033658605425676884,0.033704807269507656,0.033528052691185466,0.03313226535457124,0.03250615198440066,0.03165470498042102,0.03063531515478011,0.029452438714872627,0.02811305876439803,0.026643980805616384,0.025086229525219102,0.02344461344229506,0.021774825628179312,0.020078634554499757,0.018396000615669365,0.016732550201442247,0.015123915754921538,0.013573005277716441,0.012103740425276401,0.010721477581776143,0.009432785203944607,0.008242655970366565,0.007156052538350439,0.00617230183628435,0.005288613257378276,0.004502689252994268,0.0038089227346317193,0.0032022446495782882,0.0026759903303366682,0.0022243707638958895,0,0,0.0,0.0,418,422,431,424,412,409,419,413,398,390,391,391,386,385,392,391,380,394,391,386,385,385,391,392,388,380,380,379,380,384,387,389,391,434,404,425,426,428,429,428,434,433,435,437,443,447,454,473,470,506,512,508,509,512,516,535,526,528,533,533,532,526,524,522,524,526,525,520,519,520,525,521,520,518,516,513,510,503.0,500,500,501,506,504,503,509,502,496,494,511,509,508,507,503,506,499,506,512,511,520,527,535,536,532,530,536,536,541,547,553,556,559,564,565,570.0,577,582,578,579,578,586,584,572,573,573,560,544,543,539,533,527,508,494,494,493,482,483,481,483,478,465,461,450,431,423,,,0.75512034,1
L0208084657,6.7074308,6.294,6.2940001,-1.1813249771764642,0.6104883715804706,0,0,10.5,18.5,5.0999999,0.60000002,1,96,5,1,4,0.80000001,1.0,1.0,1,1,3.867028552371334e-5,0.0011383116426966979,0.009092373258298862,0.015696298809500953,0.01862196478114668,0.022883565150620684,0.027012578872223813,0.03141209620486826,0.03582799777767058,0.04012907729395998,0.044143286314147545,0.04771049451327143,0.05065127967707119,0.05282791160556408,0.05417892316901507,0.05452452481153787,0.05408950954574381,0.05256291459547352,0.05040011441630242,0.04714042864221605,0.04379340285586383,0.03962077321825675,0.03549791262997685,0.03092192100604192,0.026795140307015183,0.02257595750998412,0.01887435962135316,0.015395034270033593,0.012418246820164206,0.00980447548837082,0.007648434285582178,0.00586000520167998,0.004434644071959553,0.0033093906773886224,0.00244700425268915,0.0017960186352190472,0.0013161059553397402,0.0009689899099092034,0.0007223921551513542,0.0005507589028844322,0.000434131996173732,0.00035641740183061987,0.00030494785168603655,0.00027192525606526405,0.00025098269256512826,0.00023810478623959795,0.0002301578707267877,0.00022547857846171607,0.00022265096209179874,0.0002210218222698316,0.0002201150453269177,0.00021962693882599026,0.00021932253574562816,0.00021913593642493108,0.00021905110244247182,0.00021897972950845162,0.00021897680596829404,0.00021899289417232057,0.00021894990831794508,0.00021886320125211322,0.00021887754218752467,5.7282687587847964e-5,0.0016036021992111738,0.009741579028053008,0.015872596805062766,0.018962937776439863,0.023203853800856065,0.027364369291800007,0.03177342870653007,0.03618857386063093,0.04048011975848219,0.04445488814503021,0.047988044542608334,0.05085581679607007,0.052985678336485514,0.05423194518457766,0.05454287010085924,0.05397350615800431,0.05242306755902037,0.05014051612276931,0.04690842796458507,0.04343211422633172,0.039292148929396795,0.035111250744167787,0.030592432246789505,0.026430611404723,0.02227146771022007,0.018571748916165736,0.015145193687125823,0.012192310328488842,0.009622629604450688,0.007494072979804456,0.005739141781493558,0.004337995730493414,0.003236213804056703,0.0023912477983374864,0.0017552755990584135,0.0012864101029753832,0.0009480005291740008,0.0007078066882586783,0.0005408850984826897,0.0004274469125187775,0.00035197782464394266,0.0003021444567576979,0.0002701097920848691,0.00024988454932052415,0.00023738757106807288,0.00022975866473596377,0.00022519913246858865,0.00022251591212724722,0.00022092234551338266,0.00022006127213032036,0.00021957202988391792,0.0002192990718070374,0.0002191107538378944,0.0002190305279842812,0.00021896704432942534,0.00021895005438295087,0.00021896232653740273,0.00021893077447904862,0.00021886329863572354,0.00021884295009415918,5,1,0.89740068,-1.6666666,880,869,866,865,862,858,855,854,854,852,849,841,842,839,837,833,829,823,822,819,818,823,826,822,825,825,825,826,829,831,837,841,848,853,859,869,876,886,898,907,947,963,988,1010,1026,1055,1084,1099,1115,1125,1151,1217,1248,1298,1307,1327,1349,1371,1399,1408,1393,1434,1427,1411,1445,1428,1408,1377,1378,1361,1373,1351,1346,1356,1344,1335,1341,1350.0,1356,1323,1318,1327,1307,1284,1282,1291,1281,1270,1274,1274,1282,1275,1267,1274,1272,1283,1291,1301,1282,1279,1276,1279,1280,1289,1317,1341,1339,1355,1338,1358,1373,1384,1394,1417.0,1422,1411,1414,1410,1384,1362,1347,1331,1285,1304,1287,1261,1237,1226,1204,1179,1148,1138,1113,1085,1066,1039,1025,1000,981,947,932,922,912,905,6,4,1.3592167,1
L0208111357,10.831003,11.519,11.519,0.9635736368067384,0.18798870833516915,0,0,9.5,18.666666,3.2,0.40000001,1,192,5,3,0,1.0,1.0,,1,1,2.3369545496397747e-40,2.8168474823505334e-39,3.3953221369980326e-38,4.081560451609872e-37,4.906545094632001e-36,5.888730788208057e-35,7.067596556585383e-34,8.456339511582775e-33,1.0118052506755476e-31,1.2053896802996372e-30,1.4360233187086926e-29,1.703573176637308e-28,2.0209856672859358e-27,2.3847297652962235e-26,2.813959533161053e-25,3.3057127968256455e-24,3.883424026538392e-23,4.541273831953097e-22,5.310588975933987e-21,6.165309440513825e-20,7.157622079098395e-19,8.256561200676432e-18,9.524254732591244e-17,1.087370548451484e-15,1.2414377520684084e-14,1.402728758238533e-13,1.584967745906204e-12,1.7726618174202407e-11,1.9823020295395485e-10,2.1849326977392474e-9,2.402260762128298e-8,2.599747437716647e-7,2.7296464575036885e-6,2.6098105480860784e-5,0.00020873436833017652,0.0012588256915781336,0.005591119063697077,0.018836800834124826,0.048779048283242525,0.09748944353055,0.15133494454789082,0.1838041634459651,0.17655315335925353,0.13625437362198956,0.08699492026392422,0.04755893576632579,0.02367151661579516,0.01132999910120655,0.00539805380244152,0.0025743804945812993,0.0012277397568074297,0.0005815284866469149,0.0002754455257978598,0.00013060663588777556,6.192910872317552e-5,2.936846227334698e-5,1.3927323150734095e-5,6.599557726162567e-6,3.1272461750891254e-6,1.4905284191487244e-6,7.104255778703123e-7,2.583016925077878e-40,3.114686221638288e-39,3.7558247865517184e-38,4.516673038905948e-37,5.4316992251061546e-36,6.521473626307793e-35,7.82995651805183e-34,9.371902071443607e-33,1.1217587341880093e-31,1.3368396761287935e-30,1.5931702665036295e-29,1.890613480253966e-28,2.2436029748157565e-27,2.648215835862316e-26,3.12581376596899e-25,3.673107574303445e-24,4.3162468509904285e-23,5.048753748481294e-22,5.905598558855794e-21,6.857702301500556e-20,7.963331332895493e-19,9.187911155339366e-18,1.0600831924582731e-16,1.2104891046617481e-15,1.3822369666411594e-14,1.5620270437712095e-13,1.7651936120969029e-12,1.974411275636629e-11,2.208096758499983e-10,2.4338135125730706e-9,2.6755864026135302e-8,2.893968066513188e-7,3.0332144048105557e-6,2.8863582456074984e-5,0.00022855458989539217,0.001358344836020567,0.005947472280581127,0.01977945546862427,0.05056435046912449,0.09982425098292363,0.15319794520766775,0.18411760411547531,0.17520808961538434,0.13416000143826104,0.08513569452623404,0.046355442355494485,0.02303769661014385,0.011024538878409852,0.0052528290181205325,0.0025053231431781298,0.0011949024630432503,0.0005660026343775398,0.00026810475044968153,0.00012713277557617708,6.0285188256801074e-5,2.859043594809183e-5,1.3559104524416185e-5,6.425403418289831e-6,3.0448777225172095e-6,1.451383164684138e-6,6.918221441787451e-7,0,0,0.0,0.0,1712,1709,1708,1710,1708,1698,1692,1682,1672,1662,1657,1647,1643,1627,1625,1624,1625,1618,1622,1611,1608,1602,1595,1598,1605,1644,1628,1636,1657,1671,1676,1664,1669,1699,1715,1746,1798,1840,1903,1981,2041,2073,2124,2168,2186,2188,2231,2254,2320,2363,2430,2481,2509,2538,2541,2558,2544,2549,2559,2531,2553,2549,2532,2526,2533,2491,2479,2481,2460,2455,2478,2492,2487,2485,2484,2493,2470,2442.0,2411,2389,2352,2331,2330,2331,2326,2331,2339,2341,2317,2323,2321,2319,2362,2404,2435,2421,2444,2454,2504,2496,2505,2527,2556,2549,2610,2655,2709,2775,2819,2878,2942,2988,3066,3037.0,2992,2997,2998,3020,2930,2891,2863,2853,2798,2718,2639,2525,2458,2417,2369,2323,2282,2204,2174,2098,2045,2001,1963,1911,1869,1835,1815,1799,1762,1750,11,5,0.29371557,1
L0208192703,7.3786578,7.898,7.8979998,-0.7177302743433517,0.22637029999928623,0,0,10.166667,18.5,8.6000004,2.0,1,192,13,5,5,1.0,1.0,0.0,1,1,5.357390769421785e-20,2.1236857861134384e-18,8.418869945838238e-17,3.3796695575715103e-15,1.356768051484761e-13,5.446886128133836e-12,2.1549208372403813e-10,7.495455942858522e-9,1.447577079665261e-7,1.5734393451755263e-6,1.5622521281961197e-5,7.374581834897912e-5,0.0003627834975662065,0.001070107892871483,0.003644778732395065,0.008562889257366485,0.02062257480504567,0.039058658831021706,0.06822776771891845,0.10041507990303208,0.13034659848595365,0.14725095495701573,0.14319501655272907,0.12262680777909626,0.09029394619815827,0.060085214942988685,0.033662509265075365,0.017555097174053055,0.007654189758403386,0.0033266609780234304,0.0012636692250354877,0.0004392833247743583,0.00015831643511420994,5.6617645721489804e-5,1.930960581025243e-5,6.612652854434916e-6,2.2641317510091943e-6,7.825146322728439e-7,2.704482394139847e-7,9.346198166953789e-8,3.229882821175382e-8,1.1263947246986602e-8,3.928219840040115e-9,1.3591711576110916e-9,4.702768101946294e-10,1.634660205383695e-10,5.6820191245098744e-11,1.9808384683109904e-11,6.905527853279027e-12,2.4105984441451217e-12,8.415006119222517e-13,2.9620759343797144e-13,1.0426535784172625e-13,3.694599537273618e-14,1.3091738280854431e-14,4.654606340739274e-15,1.6548992329077646e-15,5.896184636265527e-16,2.1007473615149956e-16,7.462514859840424e-17,2.6509387598815698e-17,9.602920304240194e-20,3.810103198885101e-18,1.5117634598554657e-16,6.07437655303551e-15,2.4407099802625074e-13,9.806665972958087e-12,3.8817047808214797e-10,1.3470378995058235e-8,2.5475710364003685e-7,2.606954943788728e-6,2.5644860910445333e-5,0.00010284781244670637,0.0004925369891135251,0.0014001855309936529,0.004512326950203052,0.010345441472162901,0.02370859831484842,0.04351505806781785,0.07319049792647513,0.1047303861334173,0.1321244907192594,0.146136579813747,0.1396019239446196,0.11790748877742213,0.08574920643609002,0.05660000288605035,0.03150328594072373,0.016355241038032587,0.007114403071706872,0.0030800141763247546,0.00116861745998591,0.00040646782573266387,0.0001463948735519129,5.232602308354094e-5,1.7846046104021278e-5,6.112282122919179e-6,2.093099707094273e-6,7.235291658848369e-7,2.5010595078129714e-7,8.644740119833204e-8,2.988008099290343e-8,1.0422673795854666e-8,3.635626234901601e-9,1.258174622054641e-9,4.3541633555872296e-10,1.5138115982392695e-10,5.263098517752006e-11,1.8352224330094205e-11,6.399393745890618e-12,2.2344620746991657e-12,7.802078061939607e-13,2.7471139052777966e-13,9.672689466336746e-14,3.428594153423947e-14,1.2153185933889802e-14,4.322442093037642e-15,1.537354914052762e-15,5.479454563023839e-16,1.9530213313019539e-16,6.940363198431261e-17,2.4664006360383023e-17,4,6,0.88451242,0.17361228,1251,1250,1248,1238,1246,1236,1228,1221,1214,1207,1195,1193,1183,1172,1167,1166,1171,1167,1171,1153,1152,1156,1166,1178,1188,1196,1199,1198,1197,1201,1201,1216,1227,1243,1273,1293,1309,1327,1350,1362,1361,1397,1429,1476,1548,1598,1645,1717,1685,1733,1771,1832,1901,1931,1979,2041,2119,2156,2160,2160,2140,2132,2092,2113,2090,2076,2060,2070,2078,2065,2073,2044,2043,2006,1992,1970,1960,1929.0,1906,1897,1885,1888,1872,1874,1905,1928,1925,1937,1951,1936,1880,1888,1881,1880,1877,1878,1898,1907,1900,1899,1909,1904,1895,1905,1943,1937,1956,1958,1986,2026,2010,2010,2039,2029.0,2053,2012,1974,1954,1937,1914,1874,1841,1810,1799,1786,1753,1718,1678,1645,1603,1584,1550,1531,1491,1458,1445,1418,1391,1375,1348,1336,1316,1292,1287,4,6,0.97086877,1
L0208195435,38.438034,48.515,46.261375,0.20449877781128425,0.977621057540402,1,24,10.166667,18.666666,5.4000001,0.69999999,1,96,3,0,1,0.0,,0.0,0,0,0.0006409430319525716,0.0008769916297166137,0.0011747668311425155,0.001525319869796018,0.001927397744632828,0.002404606566777639,0.0029600236713139836,0.003599601673744794,0.004305070904366361,0.005113718908760881,0.006021164812901326,0.00706223753226822,0.008179391393195025,0.009425532552953102,0.01072770347454501,0.012139477094258456,0.01359600813375539,0.015151620432030504,0.016716216180198588,0.018322875902509313,0.019920406995363873,0.021530155461313306,0.02310003975231622,0.02462018722184971,0.026056199684428974,0.027372798946985303,0.02862169206998196,0.029745209707847702,0.030680813382092758,0.03140090828447337,0.03198928287793023,0.03233554289776869,0.03251505735227661,0.03245202414379362,0.032224153629407996,0.03174991196126863,0.031133820577874647,0.030295947653975207,0.029327179059906946,0.02816939778585951,0.026935884676233725,0.025579064089189966,0.024155124467321258,0.022643904548940073,0.021125236656201796,0.01957868557087855,0.018051293359099736,0.016555098407418447,0.015091692554238707,0.013685781402925597,0.012340826221321124,0.0110731875493715,0.009880105738505519,0.008774832573357061,0.0077508868145933765,0.006812456777675282,0.0059590278583596034,0.005188034366567286,0.004496241130578184,0.00387871301223508,0.0033325244374537437,0.0007514211375849269,0.001056970616450849,0.001469075386239264,0.002005394204781925,0.002717157621962135,0.003715819363763622,0.005155213582690726,0.007270030245756879,0.010489611290254833,0.015552028997376009,0.02364318655263854,0.03648211321809152,0.05686212934804211,0.033662721114019405,0.019806871301956967,0.011463713045422952,0.006485596898331457,0.003558652889203146,0.0018858901722191164,0.0009638371505984439,0.00047433037147203593,0.00022388375631091125,0.00010068112991924121,4.313953889703037e-5,1.7709948253197473e-5,1.8437278489626288e-5,1.8706994816794612e-5,1.8554185152191893e-5,1.7991943564485196e-5,1.7080040541723166e-5,1.5987734654769678e-5,1.4740943419076426e-5,1.3445241077079724e-5,1.210934887347754e-5,1.081748468739697e-5,9.55764411336061e-6,8.389959796772437e-6,1.9179593145035706e-5,4.3599844208785344e-5,9.818195105612063e-5,0.00022017415211123808,0.0004910255158173341,0.0010908852159489148,0.0024078589617758115,0.005300288943943016,0.011617846097318946,0.025417061533601286,0.055554899641779204,0.12128318624068951,0.10073378555075446,0.08362234457912963,0.06946285555632181,0.05768742434885725,0.04794882638693137,0.03984503065316881,0.03310512572169763,0.02749764571321456,0.02283236422528357,0.018949957203135675,0.015713984794343272,0.01302346989434284,0,0,0.0,0.0,3981,3933,3968,4023,3920,3916,3914,3908,3958,3984,4049,4032,4092,4108,4077,4086,4074,4121,4068,4110,4057,4074,4052,4019,4037,3963,3889,3911,3891,3952,3998,4023,4057,4078,4102,4068,4061,4095,4150,4218,4290,4385,4517,4734,4907,5090,5287,5486,5506,5592,5507,5527,5516,5496,5515,5474,5471,5444,5334,5280,5179,5173,5119,5099,5115,5090,5064,5067,5055,5037,5013,5011,5019,4988,4964,4946,4923,4931.0,4885,4868,4868,4860,4864,4878,4864,4854,4831,4822,4817,4810,4841,4882,4929,4960,4979,5041,5102,5131,5164,5209,5212,5274,5358,5458,5493,5542,5574,5525,5547,5572,5588,5630,5609,5671.0,5600,5498,5456,5359,5298,5232,5135,5073,5007,4935,4884,4804,4727,4674,4617,4613,4565,4522,4478,4488,4413,4388,4335,4271,4219,4144,4122,4088,4078,4045,,,0.61782604,1
L0209101737,7.0299411,8.873,9.3838816,0.04500024189290719,0.9594722506809084,0,0,9.5,19.5,10.8,3.9000001,1,96,6,3,0,0.83333331,1.0,,0,0,0.0009129002252690104,0.001621201594087748,0.0019822267139584615,0.002449754520614544,0.0029626410452263025,0.003504281676186128,0.00425504538014178,0.004819465162295271,0.006020215873566562,0.00636147527263851,0.008339197639523665,0.0081967918048216,0.011152955687818602,0.010424164183267673,0.01418026026191892,0.01330569085499706,0.017281489500960884,0.016661214959131317,0.020359739340903696,0.020311781916813525,0.023412775056299646,0.0239265404058209,0.026362163933818787,0.027233131712365948,0.029046834546229666,0.030001575203581664,0.031253352741223726,0.032054200953110006,0.03277986324894162,0.03326777402445255,0.033482029894898076,0.033564330757605704,0.03328624478930194,0.032890906188154594,0.0321809331961838,0.03141750086378018,0.030292297129479832,0.02912578538211349,0.02772017004225543,0.026286187041571207,0.024680150867943052,0.02307138312661905,0.021371994561677456,0.019695731353748466,0.018000730563498733,0.016362977362938104,0.014749546191252167,0.013218882368844323,0.011754209090724601,0.01039230145446114,0.009113057297175167,0.007947020982570881,0.006872750719534405,0.005909769203370698,0.005041327241878298,0.004276607776189736,0.0035977495635619583,0.0030113560675526256,0.0024981421426123395,0.002060363234430502,0.0016868581040862106,0.000988598178630215,0.0016687200404718336,0.0020212952041461863,0.0024858090106135017,0.003005124806245635,0.0035459953886800987,0.004313915660845745,0.004866192058596153,0.00610029231666539,0.0064160407674283245,0.008433994169604534,0.008265771415464921,0.011253793341529256,0.010519680222236835,0.014275509948182219,0.013419868622730972,0.017374284428393148,0.0167860396294469,0.020451363002831954,0.020433311056430946,0.023502108421411993,0.02403466778860624,0.026443412929743355,0.02732047224285489,0.029112800520063147,0.030063520817506368,0.031297723846591755,0.032087779252049184,0.03279764344631695,0.033271032489822196,0.03347027863625083,0.03353784192310275,0.033248930421763974,0.03283818617936229,0.03211485726821277,0.03133937846681458,0.030207386524164295,0.029031790033882926,0.027620582484932158,0.026180929369909182,0.024572624125750498,0.022961819829469432,0.021263185524469628,0.019587853872078634,0.017895671816737672,0.01626147766014965,0.014653175310197832,0.013127756484966745,0.01166917155454329,0.010313499088202715,0.009040963415980664,0.007881513876676308,0.006813996360752508,0.0058573085624044246,0.004995006547263912,0.004235935010085061,0.003562393686178982,0.002980870957488055,0.00247218245829087,0.00203833968480189,0.0016683318409746206,0,0,0.0,0.0,1522,1518,1511,1503,1484,1491,1488,1489,1466,1450,1429,1423,1421,1421,1419,1420,1417,1395,1396,1392,1380,1373,1369,1387,1403,1408,1414,1407,1415,1412,1420,1429,1439,1452,1462,1493,1508,1541,1581,1690,1701,1804,1842,1845,1886,1917,1996,1973,2005,2036,2061,2071,2095,2098,2100,2106,2106,2109,2122,2117,2091,2086,2100,2076,2082,2099,2092,2095,2088,2084,2075,2077,2073,2067,2066,2073,2066,2061.0,2045,2042,2112,2100,2094,2091,2067,2077,2063,2076,2008,2101,2117,2117,2151,2088,2087,2082,2065,2079,2076,2078,2079,2096,2136,2152,2161,2178,2204,2230,2224,2247,2278,2314,2340,2354.0,2347,2334,2312,2314,2286,2261,2262,2236,2217,2177,2154,2132,2166,2101,2055,2004,1964,1935,1902,1883,1844,1808,1759,1726,1710,1699,1682,1673,1632,1546,,,0.37756038,1
L0209112655,4.2264585,4.339,4.3390002,0.7987621896326369,0.7861959455570765,1,24,10.5,19.0,7.0,1.3,1,192,7,4,0,1.0,1.0,,1,1,4.1833557864737214e-11,1.7916556364698514e-8,8.546960824218511e-7,2.9218763365892088e-5,6.117458466678337e-5,8.655160262704556e-5,0.00012244995120549892,0.00017158478222840864,0.00023721507270356638,0.00032582664748461067,0.0004415522750602888,0.0005942787757648288,0.0007892961836656876,0.0010410958574025224,0.001355985392243008,0.0017516598813244653,0.0022351892855125262,0.0028311167743704994,0.003542657965038056,0.004395596926921562,0.005391633050100832,0.006558421967288484,0.007886282184595451,0.009411658432230461,0.011111386496797547,0.012982383737049843,0.015042402308380238,0.01722989407628231,0.019579700385406514,0.02197285720258274,0.024487781710096794,0.026920045632149645,0.029406627051077255,0.03169148319993893,0.03391655037828959,0.035828768112235905,0.037563703785948505,0.03890393706380996,0.039941289991821165,0.04060867567592891,0.040834811690383194,0.04065021847389349,0.04007728037891645,0.03913456045881432,0.03778862613736528,0.036188164289517925,0.03425056078814105,0.03210987971739056,0.029811256645032938,0.02738312903731624,0.02491820243349186,0.022432845933613502,0.020005522993778023,0.01765085233564547,0.015426551477153543,0.013339874191822686,0.01142445856596531,0.00968887910639604,0.008128879045026384,0.0067521909493388306,0.005554449532928175,1.8963608110020912e-10,8.104142650866535e-8,3.2845083216033658e-6,3.131751688350935e-5,6.298787206998663e-5,8.910267912039386e-5,0.00012579596029047737,0.00017616449033514714,0.0002432020635947068,0.00033408928685706906,0.00045439844614471016,0.000633338804693794,0.0010704240425713108,0.0011663503319305853,0.0014893418408499892,0.0019109634540662526,0.002433189546137594,0.0030644137517180903,0.0038257804542649676,0.004726794677819888,0.005788239959654337,0.007010028082660913,0.008394089188066988,0.009654280580558583,0.008391086750451837,0.012506314984164388,0.014984690715444943,0.017238785098863143,0.019599687803338955,0.021993364457126463,0.02450843879220618,0.026937194905272323,0.02941224978305557,0.031620686863705096,0.033334527279203684,0.032286265680263,0.02435271631714631,0.03326493620132025,0.037401339872429544,0.03947277169754301,0.040418627827105306,0.040646102955112805,0.04038977626877515,0.03980258592841573,0.03882430807353477,0.03781404182112345,0.036908682779164745,0.03721550857692511,0.04435964390750151,0.02952918879302305,0.02506190600597988,0.022286914633818426,0.0198244832865973,0.017473761579410718,0.01526063142195066,0.013187826906441331,0.01128624018544769,0.009565337263480076,0.008020478693021938,0.006657985715642435,0.005473251406319779,0,0,0.0,0.0,653,646,640,641,636,617,625,641,639,633,628,651,648,642,627,617,614,635,630,606,599,609,616,620,618,621,619,620,614,617,624,627,635,641,656,676,680,694,714,721,728,751,761,768,788,802,813,824,827,838,862,921,921,926,954,947,894,863,859,852,851,851,857,864,861,853,849,851,851,838,838,840,835,832,836,830,833,836.0,824,830,828,835,831,819,816,811,813,820,820,829,835,835,851,850,849,844,837,837,851,857,862,863,861,862,871,873,883,902,913,921,945,975,996,1005.0,1010,1019,1021,1020,1011,1003,985,977,964,948,936,927,899,879,853,835,825,810,790,785,759,745,733,710,701,698,686,677,667,652,11,5,0.19417374,1
L0209192746,18.227434,16.288,16.563494,-2.302478938366185,0.15532728290155165,0,0,9.5,19.5,10.166667,1.457,1,192,12,4,5,1.0,1.0,1.0,1,1,0.13694687124955554,0.22301550908027806,0.24129043213934034,0.17746589937812435,0.10376304644985147,0.05563106553142155,0.02947941601354862,0.01547222156133239,0.008121545113291004,0.004229998046008365,0.0022034456879817263,0.0011416986704575853,0.0005916465230618254,0.00030826865402686223,0.0001606396619340721,8.418852663511123e-5,4.412699188484312e-5,2.3277936115228246e-5,1.2280918779036514e-5,6.583551766972248e-6,3.5296126507845164e-6,1.9179908764428793e-6,1.0423097043793033e-6,5.806122537694412e-7,3.2344237765617237e-7,1.8459526164707424e-7,1.0535572879564298e-7,6.15469085385685e-8,3.595529542310167e-8,2.174201147312583e-8,1.3147393176485457e-8,8.06856759179314e-9,4.9517055032651464e-9,3.156899477764005e-9,2.0126427766814475e-9,1.3062984669220177e-9,8.478489595919052e-10,5.577007530644467e-10,3.668470701804116e-10,2.4502669159207005e-10,1.6366060603894556e-10,1.0923385767076638e-10,7.290759182537069e-11,4.856969151707884e-11,3.235639530172733e-11,2.154452698981873e-11,1.4345508947361937e-11,9.493126909282577e-12,6.282090983925666e-12,4.169697644315467e-12,2.767622162580582e-12,1.824226811634477e-12,1.202408882128864e-12,7.930679242949214e-13,5.230822247968386e-13,3.4523050605603294e-13,2.278504010446122e-13,1.5039561504479294e-13,9.927090919240228e-14,6.573036002845444e-14,4.352229168574156e-14,0.14238366648230869,0.22631928187245676,0.23979941440478553,0.1746321900641136,0.10178580693452811,0.05451579904611489,0.028869528393089372,0.01514223554859764,0.007943231186305837,0.004134408326771569,0.0021522619487962438,0.0011144520021596357,0.0005771576542797025,0.0003005355414147184,0.00015651590095842964,8.198033473618988e-5,4.2945411388585107e-5,2.264252169641668e-5,1.193942161388761e-5,6.397460812628032e-6,3.4282531352310378e-6,1.862127951565107e-6,1.0115325283842834e-6,5.632736863175122e-7,3.1367684046528045e-7,1.7897253475282777e-7,1.0211879490399533e-7,5.964325306810734e-8,3.483584467319269e-8,2.1062418418236806e-8,1.2734840396142274e-8,7.814679006048518e-9,4.795462681067771e-9,3.057289973808079e-9,1.9491387184734984e-9,1.2651354030951825e-9,8.211673281210051e-10,5.401903465449006e-10,3.5535560509686757e-10,2.3737778298911066e-10,1.5856948993795967e-10,1.0584759985941879e-10,7.065534190638114e-11,4.7074348584544403e-11,3.136361035524253e-11,2.088572233118206e-11,1.3908341014059935e-11,9.204686847960301e-12,6.091783680591576e-12,4.04379156506225e-12,2.6843252078855606e-12,1.7694725186756912e-12,1.166417289371636e-12,7.693957656542197e-13,5.075129588197725e-13,3.349846844384588e-13,2.211079384370775e-13,1.4595827228821766e-13,9.63506571462452e-14,6.380305811360215e-14,4.225034002234453e-14,0,0,0.0,0.0,2452,2449,2424,2446,2375,2373,2364,2383,2347,2332,2295,2267,2250,2265,2202,2186,2212,2171,2163,2204,2180,2181,2170,2171,2183,2202,2230,2243,2253,2242,2249,2267,2296,2323,2368,2424,2464,2509,2578,2635,2732,2817,2907,3006,3137,3246,3339,3284,3319,3401,3641,3821,3909,4044,4086,4147,4247,4234,4196,4139,4133,4143,4066,4054,4045,4031,4028,3991,3947,3958,3988,4011,3990,3919,3856,3803,3794,3776.0,3789,3777,3737,3671,3640,3615,3620,3588,3565,3578,3573,3567,3602,3606,3604,3647,3698,3750,3811,3777,3814,3871,3880,3861,3836,3903,3931,3935,3987,3986,4037,4038,4136,4142,4149,4009.0,3923,3881,3868,3774,3729,3661,3644,3617,3581,3515,3473,3379,3316,3248,3177,3107,3026,2964,2923,2880,2828,2789,2733,2674,2643,2605,2562,2542,2511,2477,2,9,0.37756038,1
L0220074727,18.563192,23.527,25.776306,0.0949865314047732,0.9640296303780441,1,24,10.5,19.0,3.8,1.3,1,192,3,1,0,1.0,1.0,,0,0,0.0008804994284304133,0.0012514991252055468,0.001685047704249699,0.0021410984972903445,0.0026506573275461988,0.0032109637736946854,0.003846967908868686,0.0045575313297176135,0.005347733219297192,0.006237726340369753,0.007224456721058498,0.008327151733247945,0.009497371161408983,0.010797272847980172,0.012137498545923034,0.01363351362132233,0.015132765804289053,0.016789535019301458,0.018334876344619045,0.020052012518148067,0.021670458676928833,0.023466254460811957,0.02498435650975056,0.026572453866948557,0.027933110311165195,0.02933213470598647,0.03043692215412401,0.03150687623921496,0.03225111003854056,0.03284082761250738,0.03317922079804345,0.033323916519621424,0.033226192568640976,0.03290870369655992,0.032382990505272456,0.03163784985168353,0.030725313741795903,0.029650497423841148,0.02841500580211095,0.02702432447581241,0.02555552286859611,0.0240083418494357,0.022405618352459303,0.020754315757863188,0.019110353911321598,0.017463234525504003,0.01586590880248062,0.014299508133500463,0.012817420626043682,0.011396013700246016,0.010077853445271208,0.008838893717417987,0.007711805298504248,0.006675008338400789,0.00574680267058916,0.004912439678917662,0.004174538067153681,0.003523695955053801,0.0029560094066956753,0.0024626735105239797,0.002039342452691808,0.0008909031225940892,0.0012652591208735585,0.0017003093321329027,0.002162123886707083,0.0026820345747946674,0.0032667370385916247,0.003954517420575687,0.004784938877730084,0.005859439566309731,0.007463249619933458,0.010304968533237596,0.016400300551690842,0.03134477432564771,0.02601399633218647,0.024081627903935674,0.023347014428045643,0.022835002529228616,0.021861626533507213,0.020107399760424943,0.017157076376698537,0.013190770739739524,0.008977873105930304,0.005294753872619165,0.002710498872329484,0.0012031954014144574,0.0012659892284459374,0.0011975976694669301,0.0010625578216001874,0.00088986437471247,0.0007185879473428026,0.0005635841902863592,0.0004332027993311885,0.0003270252286299384,0.00024340281571059785,0.00017890933746375778,0.00012969035884773661,9.320088938484512e-5,0.00017826123050064972,0.00033866701401541347,0.0006373547813512248,0.0011940998578273,0.002230931250308911,0.004152759097841903,0.007692515336337268,0.014217374358925512,0.026178107018955305,0.04817674476740122,0.08840740787465884,0.16264602971514544,0.11057243846399056,0.07560300426406051,0.05188540470742101,0.03597304413071563,0.02515004367467263,0.017822157591145048,0.012791907908883028,0.009315419816559091,0.006876677252838541,0.005142513183027116,0.0038866764857005674,0.002966455729615254,0,0,0.0,0.0,2555,2532,2514,2485,2484,2472,2456,2441,2433,2413,2398,2379,2363,2351,2351,2349,2343,2340,2327,2320,2314,2310,2307,2313,2317,2326,2332,2343,2360,2372,2371,2399,2419,2419,2440,2460,2493,2528,2580,2643,2714,2821,2905,2974,2976,3004,3071,3122,3247,3367,3490,3645,3777,3937,4023,4043,4148,4137,4086,4084,4096,4127,4097,4084,4056,4078,3969,3955,3932,3953,3946,3901,3933,3947,3916,3862,3831,3816.0,3821,3789,3895,3860,3834,3837,3835,3792,3772,3817,3776,3770,3774,3790,3799,3866,3919,3952,3989,4020,4035,4051,4125,4162,4217,4252,4285,4380,4493,4564,4613,4618,4629,4544,4527,4530.0,4538,4538,4525,4445,4358,4306,4133,3994,3846,3748,3649,3612,3516,3443,3388,3341,3286,3202,3151,3056,3006,2955,2917,2823,2792,2751,2711,2672,2636,2597,,,0.38324466,1
L0220092815,12.982421,12.653,12.653,-1.0364347169173644,0.41976027569928875,1,24,9.5,18.5,3.0833333,0.43799999,1,96,7,0,4,1.0,,0.0,1,1,0.00012987987479433043,0.0002814410786815377,0.0005797867015477871,0.0010870402282611776,0.0019512349231456184,0.003318140778233359,0.005464281298313603,0.008510287928189676,0.01293511924411227,0.018487650369377336,0.02588755149583827,0.034014585784112976,0.043836064230674675,0.05311128553625019,0.06293932880417438,0.07047635050534931,0.0765556654978425,0.07906572476251808,0.07916354376361212,0.07583049506597003,0.06986183209885663,0.061940471518515325,0.05267099145209578,0.0433058315618428,0.03409565815621614,0.0260717716837205,0.019069888772977987,0.013600665932010876,0.009283447721867623,0.006222811087422548,0.003996122336677836,0.002524112396659509,0.0015413175023999454,0.000925497730761815,0.0005427514491436544,0.00031466891570870216,0.0001795125368846107,0.00010117941586613408,5.6510112901201476e-5,3.130544799508336e-5,1.7274598630506887e-5,9.481210176079712e-6,5.194984096292357e-6,2.83841719683237e-6,1.5508133682290077e-6,8.453825280982445e-7,4.6083692808696627e-7,2.504085618075266e-7,1.3606652206451822e-7,7.392356825614651e-8,4.016194768902484e-8,2.1779699909315624e-8,1.1811068569498153e-8,6.406190319260059e-9,3.4746467589559486e-9,1.886264992452327e-9,1.0239881767530841e-9,5.564924498974254e-10,3.024292717808743e-10,1.6459347219832755e-10,8.957805566412928e-11,0.00013268566793481654,0.0002876296503386853,0.0005894561129437838,0.0011048655496745687,0.0019815351611126037,0.003377591297714507,0.005576793043356149,0.008779300357945599,0.013589486852669004,0.02039219554106382,0.031561652848937,0.05231476277704354,0.10218458996278537,0.08887404606810102,0.08501152564942796,0.08491237800673881,0.08300878385871831,0.07966863733691713,0.07243454808351688,0.06340233624657743,0.05226057547245055,0.040421899285837455,0.02823134187870135,0.017124065891737,0.008738777345971628,0.009468582919233371,0.008369016523180908,0.0064569575211792666,0.004359781230037952,0.0027543350113128865,0.0016302174334976865,0.0009343343853454446,0.0005226980278863079,0.00028954147792888786,0.00015921165199158144,8.782321453893045e-5,4.8356984695584216e-5,7.059403541320051e-5,0.00010305146574180561,0.00015025973022677965,0.0002191441288530255,0.000319155437433315,0.0004649353723257646,0.0006757826787157534,0.0009825233606189025,0.0014256306042926723,0.0020691563491550065,0.0029943512205629647,0.004334454105585063,0.0023551729976162505,0.0012797096497378347,0.00069406585151331,0.00037643509063660727,0.00020419886365029096,0.00011076861747260124,6.014003057034415e-5,3.265207347434137e-5,1.7747320674219398e-5,9.646173332438497e-6,5.250555846974273e-6,2.8579575066486974e-6,11,6,-17.095125,-21.938131,2003,1981,1974,1960,1943,1914,1914,1911,1900,1902,1917,1927,1911,1893,1900,1906,1919,1921,1920,1891,1861,1860,1838,1846,1862,1909,1915,1900,1933,1951,1932,1966,1984,2008,2066,2125,2176,2214,2217,2272,2313,2334,2347,2370,2387,2436,2487,2522,2579,2622,2717,2751,2754,2716,2775,2719,2774,2750,2699,2672,2665,2673,2686,2687,2678,2660,2642,2636,2608,2602,2612,2596,2592,2577,2580,2568,2582,2572.0,2526,2508,2499,2496,2474,2464,2436,2445,2456,2434,2462,2487,2505,2548,2592,2599,2615,2597,2592,2596,2609,2611,2625,2615,2626,2637,2691,2724,2767,2793,2852,2907,2987,3024,3014,3020.0,3029,3008,3001,2952,2951,2917,2856,2803,2768,2745,2710,2667,2623,2556,2502,2459,2417,2390,2349,2303,2269,2223,2175,2156,2119,2088,2080,2051,2031,2016,11,6,0.30704838,1
L0220102705,5.0364184,4.048,4.0479999,1.1424394620835783,0.49050533661946205,1,24,10.5,19.5,7.5999999,1.8,1,192,13,4,2,1.0,1.0,1.0,1,1,1.60793926572626e-35,3.0456354832510843e-33,5.768927642030122e-31,1.095606075169119e-28,2.0807626515610175e-26,3.950997558030768e-24,7.502382225057004e-22,1.4169366108583315e-19,2.6761371633228716e-17,5.031890228177064e-15,9.410604862048744e-13,1.477805964889902e-10,4.852558731046979e-9,4.4709648089636846e-8,2.302685317706566e-7,4.064733966204105e-7,1.585151818266415e-6,2.194943798753237e-6,7.455026966212251e-6,9.779648155897335e-6,3.0138244928759693e-5,3.5608128649504476e-5,0.00010442214829597595,0.00012295576933723655,0.00031154010601782144,0.000417253166121795,0.0008422415217848746,0.00120609289674627,0.002094553770073589,0.0030181030868487706,0.004735778131298086,0.006651357553290738,0.009648710367827867,0.013018364414922531,0.017638816410241318,0.022657894207843483,0.028864041187055163,0.035199806208783484,0.04223575703286719,0.04869938635353896,0.055224348409248884,0.0602562448980081,0.06449485005781277,0.06653347091597007,0.06728953314528535,0.06560075790903483,0.06270744262496941,0.05780668523712638,0.05219178282939849,0.04548878693932822,0.038797831980395756,0.0319882142743283,0.02575604415776589,0.020094624869169745,0.015269582617559374,0.011260362157602469,0.008085803628646963,0.005639183207748619,0.0038240346312389175,0.0025204523550789123,0.0016154412242080749,1.1086186195473413e-34,2.100105467822522e-32,3.978390455285489e-30,7.556410717886757e-28,1.4352612865505726e-25,2.7255925884762996e-23,5.176040938439042e-21,9.776643604320335e-19,1.846661839100265e-16,3.4725380283634054e-14,6.4948481537787546e-12,1.0199963624409429e-9,3.352794169506397e-8,1.1906974648460782e-7,3.568736155781079e-7,8.720579300009566e-7,1.944857738250631e-6,4.349240787017635e-6,8.255102745364318e-6,1.854146839131203e-5,3.060226991858854e-5,6.466251680876165e-5,0.00010475798674838524,0.00017521831077913736,0.00023754749370446444,0.0003944164325507666,0.0008329942474429946,0.0011984208683533224,0.002084109520484726,0.003004007544875173,0.004715917293134556,0.0066229347057776165,0.009594225814358105,0.012829755434411675,0.01671200453586891,0.018479448656162238,0.015939644144827632,0.02495548655273421,0.03334640326346392,0.04071287818708867,0.04788418271211022,0.05403705582858646,0.059582842503148756,0.06363068889911949,0.06679183311249132,0.0685520768179713,0.07030996968446306,0.07357031734202171,0.08714372571864791,0.05266495369921912,0.03980721317332096,0.03178354567953822,0.025355943646765335,0.019716551284532233,0.014952654686650158,0.01100971202607779,0.007894064253514436,0.005498300026930879,0.0037237672612521555,0.002451393258285992,0.0015692993804368087,0,0,0.0,0.0,843,840,835,839,835,823,807,807,803,803,799,790,781,774,770,765,760,755,755,756,767,773,772,771,782,784,792,792,792,805,813,806,810,823,826,838,843,844,845,857,868,877,895,899,916,921,927,947,957,983,999,1032,1047,1059,1073,1083,1097,1116,1106,1128,1117,1109,1094,1112,1107,1126,1118,1131,1130,1145,1126,1122,1125,1109,1106,1111,1113,1114.0,1123,1111,1116,1098,1089,1074,1078,1075,1066,1083,1071,1067,1073,1077,1120,1116,1115,1110,1090,1093,1092,1117,1103,1125,1143,1157,1168,1194,1230,1252,1257,1263,1268,1288,1318,1335.5,1353,1387,1390,1411,1400,1353,1302,1289,1285,1250,1206,1158,1139,1127,1115,1080,1071,1040,1018,1018,1010,997,980,955,954,940,916,907,901,877,4,5,0.75512034,1
L0220130052,2.5403509,4.172,4.1719999,0.8533896216653876,0.4882814055247748,0,0,10.0,19.5,5.0,1.0,1,192,2,0,4,1.0,,0.25,1,1,2.0276824255183936e-23,6.608317455628742e-19,1.499422537525664e-14,3.7391669677456715e-11,4.0671569952398236e-10,8.541220600095909e-10,2.5103699037067285e-9,6.674188892471866e-9,1.756084198386078e-8,4.5337306831679234e-8,1.1318081093232315e-7,2.749164081617998e-7,6.437235699182383e-7,1.466709037423916e-6,3.2145957874324977e-6,6.859743325950687e-6,1.4090559172346644e-5,2.8209759000380176e-5,5.441151877711413e-5,0.000102388013733997,0.00018608596090283907,0.00032940978820578587,0.0005630762599480313,0.0009393627924246991,0.0015167885024693106,0.002384548202296046,0.0036299704060468478,0.005385922949625889,0.007737467505270982,0.01085079065478107,0.014785389452294533,0.019559643301951826,0.025214107636206913,0.03152471934230772,0.03845367442620326,0.045341665139304606,0.052285331220848275,0.05814964808083595,0.06326436933633978,0.06642889245452471,0.06818082219938318,0.06750180055977557,0.06524270081868709,0.06106070504489451,0.05555574140743201,0.049089876813698426,0.0421285139803212,0.035091305478423866,0.028359286497928814,0.022341707435572816,0.017012552583031037,0.012655105942275743,0.00909670951179828,0.006388462751954444,0.004335568222618176,0.002875390325274119,0.0018426761004008939,0.0011531846869677655,0.0006975489951328162,0.0004123671787522441,0.00023536395231255427,1.4015358770183117e-21,4.592204841995688e-17,9.984677489480908e-13,7.498863217497615e-11,4.3766885978075023e-10,9.851820414306402e-10,2.818566883525465e-9,7.470052754681832e-9,1.9567051841709897e-8,5.025044514673569e-8,1.249567223075217e-7,3.025065253625812e-7,7.049896743251128e-7,1.6005774695131799e-6,3.4909812922236248e-6,7.423128329836732e-6,1.5171455058477934e-5,3.0266625139757425e-5,5.809886993644332e-5,0.00010894445438164157,0.00019714299345670113,0.0003478169070292118,0.0005920325641332794,0.0009844533939365454,0.0015838450476021878,0.002482240207923348,0.0037654184743385623,0.005570528980765115,0.00797786471259573,0.01115485328306514,0.015160861917976682,0.020000884754232322,0.02571542220107292,0.032065442297785816,0.03901389923914301,0.04588791657056377,0.05277455978030847,0.05855751422243286,0.06353914206473622,0.0665662528293882,0.06814846435397363,0.06732705004866818,0.06491529507684597,0.06062476185124281,0.055039733436925115,0.04853268698488879,0.04156614243515641,0.0345557774251124,0.027871854757307506,0.021915626036273693,0.016659467748856602,0.012369495221180402,0.008876984719594078,0.006222993173079905,0.004216731727207196,0.002791660933884803,0.0017863605329018132,0.001116014930893527,0.0006740825968321734,0.00039779131138003524,0.00022672210582414426,0,0,0.0,0.0,624,619,611,606,606,603,604,602,603,606,599,601,597,594,589,581,583,581,585,581,587,591,591,595,599,601,598,598,603,609,612,619,627,633,635,640,646,655,669,674,693,705,708,718,745,756,776,787,788,811,834,852,894,933,919,893,889,885,866,835,839,853,856,851,852,853,860,859,863,863,856,858,856,854,865,859,847,844.0,835,830,822,822,815,822,817,805,806,810,810,825,836,854,859,851,860,849,848,872,866,869,854,850,842,845,858,862,905,933,937,958,957,975,970,983.0,988,969,959,956,994,962,966,945,927,909,879,866,857,830,805,793,774,756,745,728,705,697,688,674,665,660,650,645,638,632,13,2,1.3592167,1
L0220182629,4.8562737,2.759,2.7590001,0.16880534142046175,0.9440177217280843,1,24,10.166667,18.5,7.9000001,2.5999999,1,96,11,3,3,0.27272728,0.0,0.33333334,0,0,6.194088074543334e-11,1.3721393112597338e-8,3.02680969781933e-6,8.352308525132916e-5,0.0019234035611628464,0.0029689383311115795,0.003579924256197358,0.004119286789159992,0.005163381068740224,0.004790524833771049,0.008472093964345636,0.003936576405541862,0.013164291969065368,0.004773888113248813,0.014595053996677402,0.009964498445641996,0.014673843444178393,0.014882548114260784,0.01695489680477222,0.01850384496024701,0.020261622291172145,0.021943548647645958,0.023754545051576398,0.025316123261650624,0.026833669524384672,0.02830156997041523,0.02977783352771972,0.03088245803125028,0.03188865346420162,0.03267062367862177,0.03329790804776184,0.033653030422015506,0.03389058920777457,0.03374328527324134,0.033419316851630104,0.032848556641440145,0.03209022141384907,0.031111045418374124,0.02998791273586831,0.02865307544106781,0.0271707260042304,0.025641386118816948,0.024057198618383558,0.022342622069918036,0.020571439608772196,0.01888833238637702,0.017215057538418118,0.015564100851451178,0.013968033078639157,0.012461858380164802,0.011025624052886485,0.009707573564970236,0.008481919720153351,0.007364784683918349,0.00634927272280375,0.005440065462404058,0.004629041375134602,0.003915822419105596,0.003294520121910079,0.0027495319575414727,0.0022819416259335524,1.1239507705083983e-10,2.4907534252295123e-8,5.4960832507372005e-6,0.00013912347124779854,0.0019481247009624013,0.0029833260700596934,0.0035928192523117784,0.004141543935121538,0.005162262698187095,0.004862625792590989,0.008456929117771576,0.004221476158878162,0.016297278938275258,0.0033627649397113815,0.016472097573708773,0.009016586533783164,0.015597896876225993,0.0148656718379802,0.017351002855297705,0.01877474191391159,0.02060828543018878,0.022246527100765676,0.024034239654431692,0.02492903043383582,0.022037926613829906,0.027271184968620413,0.02956255684432412,0.030821739687502517,0.03186215444069543,0.032654521964221424,0.03328950880617294,0.033645226815052,0.03386572593567494,0.03359137602868239,0.03261150678095062,0.02919951121801099,0.020310488526182644,0.025724602388785142,0.02785965846518917,0.028212409599790336,0.027637847051369395,0.026628174487442438,0.02538135116967316,0.023909026423662445,0.02240913165914798,0.021068318779063115,0.020052279587541796,0.01978577893832027,0.02215049648402571,0.01402105811282574,0.011291038638721506,0.00973045863247133,0.008462346528239195,0.007339666903079709,0.006325483862383616,0.005418702002622322,0.004610222229718292,0.003899438369282564,0.0032802686672147568,0.0027373502621710786,0.0022715857389115236,0,0,0.0,0.0,517,526,522,503,507,504,496,485,488,492,506,490,494,499,482,482,464,465,465,464,466,467,464,469,471,474,477,479,478,479,479,480,490,495,511,519,523,524,525,525,526,532,532,537,546,550,557,575,579,582,598,610,621,643,656,667,674,678,686,683,680,677,683,672,663,663,658,672,670,668,665,664,667,665,660,655,654,658.0,659,659,652,656,649,651,641,633,630,624,624,632,633,637,637,639,637,643,649,659,661,664,664,666,673,677,689,698,705,703,703,703,719,725,732,744.0,745,756,754,755,750,734,727,717,700,694,682,665,655,649,630,622,614,596,590,576,567,560,552,542,540,524,517,519,512,507,,,1.3592167,1
L0221081458,12.3561,10.536,10.536,-1.1812690644008366,0.15468955724635713,0,0,9.5,18.5,6.4000001,3.2,1,192,12,4,5,0.91666669,0.75,0.2,1,1,9.883928362527566e-14,8.479587471738458e-13,7.2748653544495194e-12,6.25591876031463e-11,5.379757626350083e-10,4.6295536757990204e-9,3.984015901854609e-8,3.4276663331310267e-7,2.949041825945354e-6,2.5307398519647214e-5,0.00021691887694961354,0.001814298566215694,0.012970999312094823,0.05820581364529181,0.15217758877049856,0.24008997979892932,0.23345558436720612,0.14941690019988466,0.07569229014618523,0.03775824159457484,0.018829182779705373,0.009511568939133764,0.004804780935789111,0.0024501830629509043,0.001249463732704479,0.0006426755049920921,0.00033056726218601734,0.00017084695318619834,8.829877406183328e-5,4.5774877418331214e-5,2.3730113739216807e-5,1.2337010909470119e-5,6.4138721427688e-6,3.3271025149908226e-6,1.7258863812045357e-6,8.975796768816568e-7,4.66803449292102e-7,2.41637699636901e-7,1.2508216848596748e-7,6.444011067146156e-8,3.319840019052704e-8,1.7033828443877743e-8,8.739918878854807e-9,4.465606501745646e-9,2.2816741038870074e-9,1.162469104419614e-9,5.922559651743145e-10,3.0088260759294453e-10,1.5285691267765133e-10,7.765228175190768e-11,3.9447884656303945e-11,2.0059065227905044e-11,1.0199948270643822e-11,5.189937885985478e-12,2.6407459729426424e-12,1.3496474141830077e-12,6.897856093890235e-13,3.5413319011311015e-13,1.8181057740940664e-13,9.385699099359055e-14,4.845226990887582e-14,1.1385336412682406e-13,9.770790908706962e-13,8.385283322342672e-12,7.213175912700847e-11,6.204971227527594e-10,5.341441945375804e-9,4.5981354359599546e-8,3.957299460707092e-7,3.405806587992342e-6,2.923598336031706e-5,0.0002506582781056573,0.0020956924062117822,0.014897735332207566,0.06521578629635585,0.16253018612261064,0.24214126835336658,0.22599499327904152,0.14251341667529874,0.07206634502424648,0.0359399387790368,0.01791798275164821,0.009049951228776904,0.004570926675194142,0.0023307625159686156,0.0011884803642885798,0.0006113054270817888,0.0003144303743371306,0.000162512322663064,8.399397761153431e-5,4.3545718810648506e-5,2.2575787892336284e-5,1.1737824210921098e-5,6.102847961945094e-6,3.1659604814393348e-6,1.6423986907107642e-6,8.542309328036311e-7,4.4429587527060473e-7,2.299973654885852e-7,1.1906209741717312e-7,6.133918603395446e-8,3.160112117651314e-8,1.6213891006748888e-8,8.319017365106766e-9,4.250307443619072e-9,2.1715448066297194e-9,1.1062724496261955e-9,5.635801146775819e-10,2.8628535822917894e-10,1.4542632969777816e-10,7.386998475549893e-11,3.7522641793569656e-11,1.9078297070651576e-11,9.700322559784246e-12,4.935280854026665e-12,2.5109490415966126e-12,1.2832409107451513e-12,6.558108795026519e-13,3.366843664745299e-13,1.7284917050361065e-13,8.923293886261723e-14,4.606627732562237e-14,12,5,15.229754,19.652777,1486,1479,1497,1479,1481,1472,1457,1437,1434,1433,1438,1448,1449,1430,1414,1415,1423,1414,1408,1412,1413,1418,1425,1435,1451,1460,1474,1484,1479,1474,1481,1491,1511,1513,1524,1543,1565,1584,1604,1628,1635,1650,1669,1704,1740,1768,1804,1822,1842,1865,1906,1920,1932,1950,1931,1941,1922,1919,1885,1881,1892,1892,1907,1904,1905,1915,1927,1931,1937,1938,1920,1924,1927,1924,1948,1931,1915,1918.0,1907,1881,1858,1845,1846,1840,1826,1814,1814,1823,1848,1851,1860,1885,1898,1923,1928,1937,1945,1951,1951,1936,1942,1954,1958,1989,2013,2065,2095,2101,2117,2119,2140,2179,2204,2233.0,2222,2216,2215,2254,2222,2217,2194,2163,2121,2068,2045,1998,1966,1915,1890,1863,1828,1790,1752,1710,1668,1646,1620,1592,1577,1548,1521,1516,1508,1504,12,7,2.2449009,1
L0221174033,17.031301,17.505,17.220257,-0.1691751566397875,0.20886713114462027,1,12,9.5,19.5,5.0,0.69999999,1,96,11,4,4,1.0,1.0,1.0,1,1,3.733091944487672e-19,1.9090488949900094e-18,9.762735012717443e-18,5.0353502980689476e-17,2.597137037854245e-16,1.352495114744571e-15,7.0434368023233986e-15,3.697600569959879e-14,1.941173651695426e-13,1.027509324463174e-12,5.438976485304303e-12,2.9045946246835e-11,1.5511901034924252e-10,8.270358159771547e-10,4.409549278115598e-9,2.352215132295664e-8,1.254760765080708e-7,6.67281954342887e-7,3.546616017286212e-6,1.857111275393038e-5,9.647510725781668e-5,0.0004843889347236726,0.0022963055872755145,0.00953236130715269,0.03238065158259221,0.08250788033158843,0.14989972373584498,0.19331565996313255,0.18032329587139329,0.13410208115954958,0.08513089642682935,0.05119203766789784,0.03012949517396897,0.018337645118110934,0.01115690233612606,0.006933150870484504,0.0043084159207911485,0.002742435853898002,0.0017456444729683736,0.0011401244714931006,0.000744646805876526,0.0004924219297770858,0.00032563181433136395,0.00021750599443239296,0.0001452843339471148,9.766498506084974e-5,6.565422767473004e-5,4.398419100052978e-5,2.9466866174257907e-5,1.9831647909157224e-5,1.3347118076540933e-5,8.874574225568737e-6,5.90079327873356e-6,3.930830289575399e-6,2.618551965982951e-6,1.7390990892799103e-6,1.1550219666136398e-6,7.650245241470345e-7,5.067141853040148e-7,3.357184534771365e-7,2.224282721059371e-7,1.3194944501373577e-16,6.749989154196955e-16,3.4530598557427025e-15,1.7816375011331365e-14,9.192654160340278e-14,4.789055078644433e-13,2.494974177045158e-12,1.3103223577634621e-11,6.88174222181182e-11,3.644224380118085e-10,1.929838049246668e-9,1.0310590553345844e-8,5.508790527802262e-8,1.7851331105262573e-7,5.7848269613099e-7,1.8755056828394674e-6,6.0805391693669336e-6,1.9652703144301137e-5,6.34819808199135e-5,0.00020201181675727982,0.0006377203402037839,0.0019455866906583654,0.0056045055173085875,0.014143500954150014,0.02924818562093921,0.07458776856077086,0.13557701198479166,0.1747732817368535,0.16283740238240155,0.1209597661239027,0.07673842351527815,0.04613558225229542,0.02715272589414912,0.01652591193849807,0.010054666027857977,0.006248183110510178,0.003882753320612184,0.004028730410215552,0.004180612638465208,0.004451829831637526,0.004741213065692376,0.005113133520267174,0.005514960060244491,0.006009196731883281,0.006548665244048823,0.007183373540073263,0.007880794512898467,0.008617467159751521,0.009424428174573183,0.006344722646741799,0.004271441181398948,0.002840854515166191,0.0018894118383247676,0.0012589787943580967,0.000838906273188343,0.0005573014658532395,0.00037022856866866566,0.0002452815045600315,0.00016250340385908868,0.00010769243740885955,7.136919019395511e-5,5,8,-97.468102,-98.177086,2355,2343,2307,2295,2273,2251,2235,2240,2251,2238,2218,2198,2221,2167,2150,2146,2136,2128,2111,2108,2112,2114,2123,2133,2139,2150,2147,2157,2160,2161,2160,2182,2199,2218,2252,2286,2330,2375,2414,2460,2584,2612,2666,2740,2831,2935,3081,3212,3185,3326,3459,3580,3693,3805,3921,4005,4076,4137,4128,4119,4039,3924,3933,3917,3908,3919,3914,3883,3770,3703,3654,3671,3634,3592,3565,3548,3538,3468.0,3470,3463,3395,3353,3295,3283,3294,3263,3252,3254,3274,3236,3266,3295,3303,3333,3400,3471,3524,3630,3670,3677,3676,3720,3721,3795,3827,3771,3871,3907,3943,3958,3961,4020,4022,4011.0,3924,3891,3789,3699,3655,3556,3502,3428,3359,3293,3253,3178,3105,3073,3007,2954,2903,2838,2779,2735,2657,2628,2573,2531,2511,2477,2456,2440,2402,2381,5,9,0.75512034,1
L0221181047,11.772655,12.045,12.045,0.6668618806844135,0.26912418264497473,1,12,10.5,19.5,3.8,1.8,1,96,9,3,3,1.0,1.0,0.66666669,1,1,8.428022521515488e-29,8.510499952061744e-28,8.593899968419058e-27,8.600090936368318e-26,8.606383614200198e-25,8.558950314729475e-24,8.511862860241519e-23,8.407510344416715e-22,8.304508019356613e-21,8.156554554310794e-20,8.011296400775493e-19,7.790231786142152e-18,7.57529783423348e-17,7.291822195523654e-16,7.018664900409903e-15,6.676106926993405e-14,6.34445682305073e-13,5.899381821440037e-12,5.417739003657519e-11,4.74465538090518e-10,3.751848939768735e-9,2.365821073175711e-8,1.101639783238692e-7,4.4578225848630173e-7,2.3233518857614376e-6,1.3386324454498379e-5,6.0945987690579735e-5,0.00021178309982605283,0.0006591560756758841,0.0018666591852748067,0.004657534570752139,0.010405258476696645,0.020710828281700518,0.03684712270040337,0.05859294895168934,0.08348545768906997,0.10665562662482878,0.1223299602782202,0.1261225065248209,0.11735962877076864,0.09894676219811253,0.07599806581429212,0.0534001492771291,0.03464635450840465,0.020983166234207058,0.012006520607157489,0.006587839303996826,0.003523195485453464,0.0018580804729800733,0.0009775890636049235,0.0005139827741648733,0.00027134592650189965,0.00014325156740892556,7.618422162466056e-5,4.051658288269788e-5,2.156411416432664e-5,1.1477111935978783e-5,6.1732509301339645e-6,3.3204595032740867e-6,1.787726431155308e-6,9.625138078749426e-7,3.3235872665449145e-26,3.3580915555378223e-25,3.392990380399593e-24,3.397261648882915e-23,3.4015688556149595e-22,3.384518455998574e-21,3.367580022912977e-20,3.327835508966577e-19,3.2885822874989243e-18,3.231386374916391e-17,3.175203831835051e-16,3.0887564002680218e-15,3.004671896354958e-14,1.6801130639711514e-13,9.40103976007961e-13,5.202142511571989e-12,2.878436266331753e-11,1.559879374246837e-10,8.361021558950133e-10,4.286669633400277e-9,2.000795421805258e-8,7.612158361713891e-8,2.2521696201149336e-7,6.118768019150869e-7,2.035587908774185e-6,1.1975078860221331e-5,5.512009421496065e-5,0.00019171603912686706,0.0005864161122112339,0.001622736583959644,0.003893266367156124,0.008171888738851444,0.014849491763960353,0.02322344813811158,0.031172557231891624,0.03590708971383072,0.0358666470418849,0.05222266481340192,0.06758429041590827,0.07915378118955499,0.08542393044170062,0.08646020930459096,0.08290584883724174,0.07638560836867246,0.06855805306839476,0.06051307172908632,0.053001417884075155,0.04639982219500646,0.040612909984806815,0.02136388603400007,0.011237627189409051,0.005935906738366319,0.0031354619204893726,0.001668537458790648,0.0008879182404790401,0.0004728730897421391,0.00025183661551241547,0.0001355555631673503,7.296580604507158e-5,3.9313763020729134e-5,2.1182319379105375e-5,0,0,0.0,0.0,1796,1785,1774,1759,1740,1719,1704,1695,1697,1702,1692,1681,1665,1672,1688,1699,1702,1685,1676,1680,1695,1677,1674,1668,1671,1679,1696,1714,1716,1728,1747,1774,1791,1815,1846,1865,1881,1939,1967,2009,2127,2253,2314,2419,2464,2495,2499,2522,2562,2664,2752,2819,2860,2982,3012,2995,2953,2997,3048,3040,3020,3018,2985,3058,2973,2989,2905,2909,2873,2920,2861,2845,2883,2868,2835,2790,2755,2729.0,2738,2753,2667,2616,2592,2565,2549,2562,2546,2518,2534,2554,2553,2582,2595,2636,2620,2610,2632,2683,2720,2731,2723,2696,2707,2769,2802,2835,2859,2872,2925,2954,3045,3030,3160,3163.0,3189,3227,3130,3123,3118,3062,2999,3036,3031,2989,3006,2942,2944,2863,2827,2743,2652,2499,2465,2372,2336,2265,2174,2119,2054,2021,1981,1933,1891,1846,15,9,1.3592167,1
L0222094327,15.364108,14.533,14.533,-0.8594676234313728,0.606956633814,0,0,10.5,19.0,6.5,2.8,1,192,12,3,5,1.0,1.0,1.0,1,1,0.0012446406776055953,0.0019174553974539985,0.002882076791902271,0.00408224169111692,0.005574147469422925,0.007470407024224185,0.009742096366661977,0.012559887690128614,0.015713790549473645,0.01946249884514938,0.023413868823917487,0.027906269925263516,0.03227203884306061,0.036988118631363115,0.04118365926846178,0.045387509739702535,0.048599724695928645,0.051573090061461525,0.05324987482676043,0.05431038092274285,0.054095803486643126,0.05318832476002622,0.051013973057800095,0.048434367302807146,0.04492451975071068,0.04098392996151028,0.036687632490509554,0.032312284090438556,0.027945626874131012,0.023756511227479578,0.019857636308902558,0.016301421807992857,0.013169497996071323,0.010455171589238973,0.008178619128412595,0.006269249828753455,0.004741075914780671,0.0035271010136176204,0.0025900943593926587,0.0018610889656940092,0.0013227543293389066,0.0009252331614700475,0.0006400300974588085,0.00043562628614977113,0.00029362072046787224,0.00019498323636316453,0.00012836251485408523,8.353380898394666e-5,5.395083433061084e-5,3.452161948449008e-5,2.196758028945947e-5,1.3892141175727785e-5,8.76637802403791e-6,5.51452088793116e-6,3.483241371994829e-6,2.2128771823775955e-6,1.4292170113245892e-6,9.431787877196443e-7,6.467135917705241e-7,4.6475533853630496e-7,3.546307222195677e-7,0.0012887400990094853,0.0019784332521539235,0.0029474206653056726,0.004163939296039314,0.0056744987916372,0.007603396899927532,0.009902999913597343,0.01275703465311486,0.01594427307439733,0.0197300415213956,0.023707830047643177,0.028224168396569282,0.032593225979248144,0.03730566787884484,0.041479484574847444,0.04565479494131303,0.048803029720154316,0.0517149718357951,0.05332196574069869,0.054317900388121225,0.05403251019103158,0.05306601672063736,0.05081488451808376,0.048186678666775194,0.044651145112168424,0.04069458764942607,0.03639239017428083,0.03202114206286153,0.027668883982529972,0.023499625044222778,0.019627135060981703,0.01609834115951516,0.012995060403278113,0.010308104736166234,0.008058794756869315,0.006172948306235923,0.004664874001409385,0.0034678843126778264,0.0025454553188046162,0.0018279507515953305,0.001298439686296288,0.0009077220188462658,0.0006276045820177515,0.00042698125191443,0.00028766421453752834,0.00019096273018730562,0.00012566810474774957,8.175863697116701e-5,5.279106800948318e-5,3.377400677042348e-5,2.1489472323072398e-5,1.358956469379754e-5,8.576242460189388e-6,5.396152510896083e-6,3.4099059873908794e-6,2.1677986246419806e-6,1.4015829067344907e-6,9.263862886561211e-7,6.36496165533454e-7,4.586050960882774e-7,3.5089327984271284e-7,11,5,10.029737,14.583333,2158,2148,2134,2116,2092,2077,2085,2092,2061,2043,2010,1993,1985,1977,1973,1975,1969,1941,1943,1936,1925,1906,1905,1922,1939,1955,1962,1958,1963,1967,1981,1984,2007,2026,2038,2065,2102,2165,2209,2276,2391,2465,2528,2591,2693,2764,2881,3042,3274,3380,3498,3570,3576,3625,3650,3621,3659,3593,3614,3556,3435,3426,3382,3372,3365,3327,3309,3253,3230,3198,3149,3159,3137,3095,3053,3072,3089,3077.0,3063,3015,2993,2972,2989,2989,2963,2983,2997,2990,2964,2974,2975,3005,3032,3098,3154,3242,3218,3203,3210,3193,3188,3245,3289,3332,3370,3398,3391,3434,3378,3444,3461,3468,3510,3527.0,3495,3479,3428,3390,3331,3298,3289,3287,3243,3142,3055,3043,2941,2861,2801,2739,2683,2643,2597,2561,2501,2456,2392,2355,2326,2306,2282,2266,2221,2205,13,6,0.48543462,1
L0222101454,17.992958,17.131,17.169083,-1.0401811757347912,0.4560300217658032,0,0,10.5,18.5,8.6000004,3.3,1,192,7,3,3,1.0,1.0,1.0,1,1,0.0003193031107856005,0.0005973871761713946,0.0010858744152605717,0.0018700663415251468,0.0031021107285358106,0.0049390159325281915,0.007572978293340193,0.011187258955503121,0.015895688494037406,0.021802968787666185,0.02876742034314986,0.03666394709000686,0.044972439958354773,0.053312870678300144,0.060865775801839106,0.06717563932611095,0.07144223458038114,0.07351228831085908,0.07291976654286736,0.0700477905652423,0.06489344407951393,0.05832030829536929,0.050572056633644925,0.0426086912976199,0.034678922966534846,0.02748363867598484,0.021077349061052124,0.01578319373755463,0.011468880678857166,0.008163523457651546,0.0056633894665856135,0.003862022282128556,0.0025811048695865,0.0017034404611086312,0.0011078169874007315,0.0007151501979874774,0.0004572592056000243,0.00029215536003278353,0.0001858119722664609,0.0001183167514494023,7.522474071079717e-5,4.8098638808743796e-5,3.075160257162199e-5,1.981008183203678e-5,1.2761594698488749e-5,8.283691121246289e-6,5.3770432512176085e-6,3.525530062395518e-6,2.3115692174484015e-6,1.5289295138322136e-6,1.0112882535468455e-6,6.746670285698407e-7,4.5013802963388386e-7,3.0280419603587376e-7,2.037451897737352e-7,1.371812002236017e-7,9.239350263625701e-8,6.24090503196743e-8,4.219271795590338e-8,2.854477124393542e-8,1.934387762540309e-8,0.0003324924864038205,0.0006192660314615759,0.0011205153895053207,0.0019244611830949337,0.003185240555253688,0.005062224576117942,0.0077467114417775025,0.011423625343673957,0.01619913118116952,0.02217731655742169,0.02920197454534828,0.03714469823066228,0.04546694899898612,0.053789854937817794,0.06128189459629782,0.06749653424786625,0.07163270484314961,0.07355731949729612,0.07281378224829313,0.06980551301901111,0.06453802689636183,0.05788887934442558,0.05010216239117832,0.04213686021780758,0.034234758183296625,0.027087348803063065,0.020741063278719444,0.015509096165644757,0.011254850040011928,0.008001571573529232,0.005545198822912931,0.0037779714650591685,0.0025229583380082863,0.0016640414039518676,0.0010816414922207957,0.0006979892686111424,0.00044616656492013233,0.0002850160573064663,0.00018125052441249473,0.00011540754323254237,7.337465853741388e-5,4.691676209920817e-5,2.9996719964575024e-5,1.9324686099004623e-5,1.244948314483603e-5,8.08164666726196e-6,5.246251927441828e-6,3.4401088209242804e-6,2.2557810896711232e-6,1.492213359363668e-6,9.871256944875347e-7,6.5864766038995e-7,4.395192726860552e-7,2.957158035915911e-7,1.9901249177002348e-7,1.3401995958419845e-7,9.028269084677147e-8,6.099707741530217e-8,4.12479168444397e-8,2.791289874553949e-8,1.8921541359110896e-8,6,4,31.533192,45.833332,2214,2189,2174,2168,2162,2133,2116,2100,2135,2121,2121,2120,2131,2125,2129,2126,2132,2139,2126,2097,2081,2082,2043,2100,2084,2088,2098,2104,2134,2160,2184,2224,2264,2284,2330,2367,2377,2433,2485,2558,2648,2757,2853,3009,3073,3160,3274,3220,3281,3442,3518,3529,3580,3640,3711,3760,3790,3795,3857,3866,3870,3885,3918,3958,3948,3959,3975,3979,3987,3960,3907,3907,3916,3877,3880,3897,3862,3823.0,3790,3690,3673,3634,3586,3598,3591,3669,3632,3725,3700,3757,3840,3865,3882,3894,3924,3990,4083,4089,4112,4182,4185,4260,4375,4361,4435,4540,4620,4712,4749,4877,4855,4866,4811,4811.0,4801,4768,4681,4563,4516,4389,4236,4096,4052,3879,3797,3705,3575,3433,3330,3221,3085,3006,2917,2812,2751,2660,2578,2517,2452,2387,2334,2301,2258,2213,6,4,0.29371557,1
L0222115217,13.856485,17.629,17.734819,-0.13487928755695874,0.6697049473028522,0,0,9.5,19.0,10.6,-2.9000001,1,192,11,5,5,0.90909094,0.80000001,1.0,1,1,8.42233141235148e-5,0.00013926897277372153,0.000215638141060821,0.000323680136098518,0.00048459103430007557,0.0006944306400940739,0.0010161921630342024,0.00139587249513405,0.001994256044087434,0.002641728500303646,0.0036557310740450264,0.0047104288268080404,0.006272714423140595,0.007890509299361465,0.01008476788992616,0.012413494255972234,0.015256271798947542,0.01827293522259705,0.021679002871680304,0.025250954289423175,0.028970103138651917,0.032745982761768766,0.03638240634783394,0.039856219669527154,0.04291413121593255,0.04557659918682244,0.04756597537984229,0.048979063580230596,0.04955288072956585,0.04947688174824545,0.048530686384174945,0.04697087278679745,0.04467490256284344,0.04191771914309205,0.03866307012685602,0.03518457961530965,0.031474938232230784,0.027774492730569523,0.024100925893188126,0.020628281078379693,0.017366414269951724,0.014427684070191474,0.011787776581295187,0.00950724293924546,0.007540337058794488,0.0059037468470328576,0.004546176593110889,0.0034577909800681942,0.002586078251666693,0.001912737646292592,0.0013900041494478215,0.0009982958825043677,0.0007044142590217405,0.0004932731993873273,0.0003384976258333579,0.00023060621373995483,0.00015363117108426686,0.00010203224405192491,6.599871675044247e-5,4.286722669760966e-5,2.699036905731537e-5,8.952078069735275e-5,0.00014562516145156783,0.00022385902689218217,0.00033458241674979525,0.0004996829913521783,0.0007151011775290154,0.0010444263920171332,0.0014340929600109174,0.002043710767791156,0.002707463249373918,0.0037358782460431305,0.004814269054747103,0.0063953177907844,0.008042495557399793,0.010254743053163031,0.01261365491219743,0.015477701614797947,0.01851949362218296,0.021936780290886995,0.0255211077587585,0.029237268197515133,0.033008436387066756,0.03662630971964165,0.04007618008785918,0.04309580658298159,0.04571704866575657,0.04765349261697951,0.049014699972702455,0.0495299689194214,0.04940170103888256,0.048404219622933155,0.04680140468639587,0.044468501261427755,0.04168373359095576,0.03840948501131569,0.034921712490718404,0.03121161055971032,0.027518120768945643,0.023858194772707682,0.020403458658817333,0.017162979805549764,0.014247337194553194,0.011631474064402984,0.009374158154738365,0.007429610835708882,0.005812910393935799,0.0044732993429789,0.003400023677888051,0.0025412911689799153,0.0018784077892870304,0.0013643810034179092,0.000979258289867313,0.0006906104677895071,0.00048330526572669874,0.0003315308086202174,0.0002257154667433276,0.00015032516850235826,9.976703955914594e-5,6.451795324843332e-5,4.187312086403419e-5,2.636255007732549e-5,8,6,-15.365081,-22.222223,1729,1715,1720,1714,1730,1736,1718,1704,1699,1671,1673,1680,1711,1710,1722,1724,1717,1720,1707,1713,1713,1715,1681,1697,1700,1696,1695,1711,1694,1678,1707,1700,1703,1693,1705,1714,1727,1739,1742,1755,1772,1804,1815,1841,1880,1904,1946,1976,2035,2076,2133,2154,2140,2106,2092,2097,2107,2132,2150,2156,2134,2112,2135,2138,2094,2073,2062,2020,2010,2012,2032,2020,2022,2025,2008,2015,2008,2004.0,1995,1984,1971,1972,1957,1945,1934,1913,1919,1917,1906,1910,1911,1933,1931,1929,1939,1952,2070,2113,2136,2148,2193,2210,2202,2224,2267,2258,2323,2355,2353,2325,2298,2299,2324,2317.0,2329,2200,2213,2220,2199,2199,2183,2173,2137,2121,2088,2059,2048,2034,2003,1998,1979,1969,1966,1946,1930,1921,1895,1857,1850,1828,1796,1774,1750,1728,15,8,0.19417374,1
L0224080525,23.39341,24.806,24.797972,-0.3398829726065724,0.8766377150188317,1,12,10.0,19.0,4.5999999,0.69999999,1,192,2,0,1,1.0,,1.0,1,1,0.0014552306832305276,0.002094850623988347,0.0028870581429077326,0.0037567706147970674,0.0047377029819274195,0.005837230952024393,0.007028649245821773,0.008384787581496644,0.009865824214589114,0.011541339191395536,0.013258992548552855,0.015156815953739815,0.017090520609139844,0.019211537106050763,0.02124902404748807,0.023441830649071134,0.025445316400269303,0.027575509890914274,0.02937612236850635,0.03127402273368129,0.03272109104328419,0.034272990324056236,0.03524113156996504,0.03633414454478266,0.03675724772711546,0.03713487353462394,0.03685405279238475,0.036815462733446755,0.036013156453493046,0.0351770524838179,0.03381460993458761,0.03250454931233751,0.03069582522836901,0.02903978696586288,0.02707615349581723,0.02509954039099987,0.023043024416865107,0.02103749479831485,0.01903428359389284,0.017107658008359554,0.015285571940710342,0.013507211737585,0.011866460021396456,0.010364570903720227,0.009012267085566036,0.007705360512978139,0.006572827634651648,0.005564314386685085,0.004687739311848677,0.003894954998591432,0.0032311804617314293,0.0026375746212940563,0.0021483972257763106,0.0017322453518577804,0.0013912797989658816,0.0011051521541733994,0.0008761844420808932,0.0006884320957963934,0.0005388715549938059,0.0004198944615381218,0.0003262434060901992,0.001480535780596658,0.0021320254008823473,0.0029393553821109486,0.003835687067913868,0.004864598070523867,0.006055704317744616,0.007428259815589242,0.00914758645192588,0.011353275474710846,0.014465981462470141,0.019020881378107184,0.026402661215849825,0.038666398493836705,0.03655146904360726,0.03570856156025584,0.03552366290292012,0.035157988684109166,0.034216805416942865,0.032117028043638876,0.028917077431015636,0.024584786306021598,0.019780859891094973,0.014741997666515592,0.01035027852428777,0.006785306340760964,0.006957844659032695,0.006795152857645193,0.006524212289294541,0.006007950547810041,0.005444866579661726,0.00481000482084633,0.004239148804939658,0.003667295239625185,0.003186807753610541,0.0027317200086203657,0.002330763770351349,0.001971988131469107,0.0027123189840188335,0.0037087374990377865,0.005052252922719759,0.006856061144023142,0.009214772914545324,0.012355414620335639,0.016547073865059717,0.022121555692335683,0.029055771981910054,0.03813777551525187,0.049915973907253934,0.0652901517489341,0.05165914533869304,0.04086788417790897,0.03188366560342382,0.024872844632943005,0.019241947396983598,0.014882714970756872,0.011413336515538195,0.00875218501543268,0.00667221185442493,0.005085062272224268,0.0038660602554719697,0.002938553584433207,4,1,7.5945969,36.458332,2823,2795,2778,2763,2728,2725,2698,2694,2676,2674,2649,2633,2609,2598,2585,2579,2572,2556,2538,2553,2542,2542,2539,2554,2570,2598,2615,2619,2630,2656,2657,2688,2718,2746,2790,2833,2876,2982,3076,3179,3383,3577,3858,4119,4273,4463,4538,4739,4819,4897,4976,5170,5235,5430,5429,5469,5438,5528,5484,5387,5384,5197,5127,5046,4857,4814,4665,4588,4494,4448,4359,4377,4345,4276,4167,4074,4040,4025.0,4029,4015,3957,3863,3830,3808,3817,3787,3801,3793,3829,3825,3913,4031,4152,4327,4480,4519,4619,4698,4743,4686,4707,4711,4683,4706,4678,4676,4718,4799,4906,4916,5015,5012,5149,5137.0,5192,5149,5107,5036,4993,4888,4862,4843,4828,4705,4672,4586,4483,4387,4235,4071,3930,3714,3634,3506,3447,3320,3242,3169,3112,3071,3008,2962,2929,2874,6,2,0.37756038,1
L0227190011,22.603781,19.398,28.413521,-0.7399554988417918,0.5033764893138646,0,0,10.5,19.5,4.6999998,-0.1,1,96,1,1,0,1.0,1.0,,1,1,7.883809966712122e-5,0.00015458294688668595,0.00028833180632788035,0.0005163974817413744,0.0008896391898394084,0.0014833060811239485,0.0023874595414328406,0.0037233687777731904,0.005613937890779867,0.008205409842730195,0.011604684360889156,0.015911700296536394,0.02111398852377685,0.0271757771422405,0.03385907303410041,0.0409433758939311,0.04793836260667899,0.054501749410208064,0.06002406213487009,0.0642234271957397,0.06663443884094854,0.06720853067361263,0.06577704491116086,0.06263837094807011,0.05794726009379786,0.052163662945114576,0.04572216311535328,0.03904947759735657,0.03253513086052778,0.026448779976703536,0.021030552542021946,0.016355193715257423,0.012478153175308126,0.009345258412533676,0.006890766989835607,0.005003923196113692,0.003592403187671959,0.002554995006960615,0.0018035967955543743,0.0012650588618898478,0.0008835436412675781,0.000615598181867427,0.00042848280557227533,0.0002986768373490351,0.00020818687363122532,0.00014531877266057064,0.00010143551989074632,7.098731733503365e-5,4.967884505202907e-5,3.4857786637868615e-5,2.4458407023744785e-5,1.7197675107887276e-5,1.2092368686714414e-5,8.529415265855742e-6,6.016269060625257e-6,4.248613686482821e-6,3.000318563485288e-6,2.125489040629536e-6,1.5057419967194329e-6,1.0677935164427214e-6,7.572237208883769e-7,7.937561829294925e-5,0.00015551838165920952,0.00028992689769671213,0.0005190015463513661,0.0008938272851789697,0.0014897849959428556,0.002397161675882258,0.0037374051262677893,0.005633420234519171,0.008231604297903828,0.011638202231168541,0.01595319735280958,0.021162726163580413,0.027230844789376995,0.033917919083177185,0.041003142415258216,0.04799479564747921,0.05455083491418546,0.060062546915802,0.06424781103227173,0.06664322237499756,0.06720064133117741,0.06575350448428162,0.06260099126118845,0.057900518838961273,0.0521105497309947,0.04566655016822071,0.038994426187109785,0.03248357998917207,0.026402408121343326,0.020990451297042,0.016321668013509268,0.012450945440405644,0.009323802556393828,0.006874258592721913,0.004991515540134318,0.003583231554316452,0.002548329136913687,0.0017988188665277562,0.00126166677038453,0.0008811566457705344,0.0006139300856129933,0.00042732095075280165,0.0002978673239550735,0.00020762293819764327,0.00014492550925532962,0.00010116127594451111,7.079570849249489e-5,4.954497211038046e-5,3.4764072713162126e-5,2.439280565223891e-5,1.7151682470851525e-5,1.2060123879495688e-5,8.506757043923273e-6,6.000347513115207e-6,4.237416446076212e-6,2.992443957027087e-6,2.119938514130609e-6,1.5018297357596381e-6,1.0650340117005428e-6,7.552773698731494e-7,0,0,0.0,0.0,2656,2651,2639,2621,2619,2598,2574,2559,2553,2546,2534,2529,2530,2531,2525,2528,2526,2531,2524,2541,2538,2543,2563,2568,2578,2584,2615,2654,2677,2690,2725,2755,2811,2857,2921,2994,3030,3083,3122,3150,3205,3222,3267,3298,3329,3357,3438,3496,3482,3509,3588,3630,3644,3664,3662,3666,3644,3678,3669,3662,3653,3643,3623,3614,3609,3604,3649,3646,3645,3633,3630,3649,3623,3626,3624,3615,3596,3569.0,3561,3552,3544,3534,3543,3525,3499,3486,3477,3454,3458,3495,3512,3518,3537,3555,3555,3534,3524,3530,3562,3551,3546,3587,3607,3629,3675,3704,3751,3801,3839,3901,3959,3968,3984,4009.0,4002,3987,3969,4066,4004,3940,3889,3821,3772,3727,3691,3629,3565,3522,3428,3379,3329,3270,3204,3141,3078,3002,2958,2928,2829,2806,2778,2741,2731,2695,5,1,0.75512034,1
L0228120650,16.385487,17.067,17.066999,1.5264002262220395,0.5393778683870609,1,24,10.5,19.0,12.5,-1.1,1,96,10,1,4,1.0,1.0,1.0,1,1,1.0088874387501059e-10,1.2124750637460716e-10,1.5298705189991227e-10,2.1045477001606828e-10,3.400839027719144e-10,6.3578443455012e-10,1.3099212503655406e-9,2.8085748977926667e-9,6.090290985101554e-9,1.3105588995941392e-8,2.7836260509412e-8,5.8080717894326286e-8,1.1904553748513434e-7,2.392144104924405e-7,4.718011360322666e-7,9.124365122681244e-7,1.7305967146521331e-6,3.217169387236908e-6,5.8693383636054145e-6,1.0508358996543803e-5,1.844800829236869e-5,3.1763068698100906e-5,5.366332290105891e-5,8.894919300117558e-5,0.0001446170443526345,0.00023078262462545844,0.00036129687680291266,0.0005548938281599294,0.0008363458403103715,0.0012366654752186247,0.0017941864954555957,0.0025542181820386663,0.0035676608937973576,0.004888746160204464,0.006574156221665244,0.00867522145253928,0.011231738456272925,0.014269614182202997,0.017789265091446117,0.02176192434080841,0.026122243968509054,0.030778959454361043,0.035577876944340905,0.040358390754063556,0.044932472542994636,0.049083447021408336,0.05263488136445857,0.05538108235003304,0.05720689707480096,0.0579791080922836,0.057699101759035316,0.056346292380064195,0.054032470342996304,0.05088354346907086,0.04703314552399103,0.04268795205126507,0.03804740256381747,0.033375532391375556,0.028706219545683247,0.024284370701560334,0.020161274191233973,1.0201275251342243e-10,1.2258846146493987e-10,1.5541715488650964e-10,2.1707451490963055e-10,3.622561763875625e-10,7.183762102933989e-10,1.637596491881643e-9,4.155751648120224e-9,1.1774049548008459e-8,3.730302741926319e-8,1.3161694684234205e-7,5.026631244545368e-7,2.016771473413205e-6,3.2950227044583295e-6,5.389899151888386e-6,8.689635623503353e-6,1.3700801021577406e-5,2.0908231124145024e-5,3.056169121134469e-5,4.2099468825284744e-5,5.3721867412981675e-5,6.206525059731914e-5,6.308993271972821e-5,5.4792326219685345e-5,3.989201639909972e-5,6.177780703325911e-5,8.26141240002708e-5,9.859214374535905e-5,0.0001082620501436133,0.00011167500803087545,0.00010974450849408337,0.00010372960284471009,9.489936079825394e-5,8.439506835887862e-5,7.320981475566751e-5,6.215000127719393e-5,5.166478167783754e-5,0.00010753536337763147,0.0002201968755925103,0.00044429183011492784,0.0008833225345456343,0.001733592733912191,0.0033580903154631285,0.00642290423279734,0.012168309172830545,0.022870309166118322,0.04292350388716914,0.08102287224995341,0.1559743042953707,0.11984451882587815,0.09591291915565028,0.07974960542178891,0.06829124103618381,0.05955572075498006,0.05229036456901787,0.04586408740080522,0.03995419715310338,0.034518212686960946,0.029382967238659154,0.024678426854597806,0.02038487823126295,0,0,0.0,0.0,1762,1770,1764,1773,1792,1788,1760,1754,1745,1748,1744,1758,1763,1759,1775,1771,1775,1764,1751,1766,1760,1747,1736,1746,1738,1720,1730,1726,1704,1719,1749,1732,1735,1762,1762,1785,1812,1832,1839,1830,1858,1883,1903,1929,1967,2012,2038,2063,2102,2147,2191,2190,2182,2143,2127,2127,2121,2132,2118,2139,2128,2158,2162,2155,2150,2133,2095,2091,2092,2108,2105,2092,2112,2101,2108,2101,2099,2091.0,2083,2074,2058,2063,2059,2040,2008,2006,1996,1970,1967,1979,2000,2011,2019,2031,2040,2044,2064,2072,2080,2090,2114,2118,2135,2145,2161,2174,2202,2221,2245,2240,2250,2257,2292,2315.0,2325,2337,2338,2341,2348,2334,2303,2278,2238,2210,2184,2154,2139,2106,2083,2072,2055,2022,2006,1981,1960,1937,1914,1885,1868,1849,1817,1801,1785,1771,7,4,0.25433803,1
L0301084123,15.40263,16.025,16.981251,-0.7955501934293525,0.6750936251693413,0,0,9.833333,18.833334,2.3,4.0999999,1,96,2,0,0,1.0,,,1,1,0.001836175277826298,0.0028281559398931023,0.003986554610786058,0.005340284533065572,0.006928991823203741,0.008790728789852719,0.010965382442992194,0.013428113822675385,0.016190077206215868,0.01924655585118995,0.022572761858482913,0.026041450020322838,0.029584330361057384,0.03312838790510597,0.03655529823933193,0.03976611830913665,0.04262164649204601,0.04500838195241835,0.04680710760057807,0.047986897234250786,0.04847190151277675,0.04827089644772956,0.04736266289936029,0.04580880780052835,0.04364946045232924,0.041012064839381315,0.03797562220455653,0.03467383440883488,0.03119142004703953,0.027669101435248672,0.024189762214408005,0.020862655998408617,0.017733142741664848,0.014874345595290812,0.012296484557643247,0.010032792720611557,0.008069657289067833,0.006407385464084761,0.0050166302103730204,0.003877785458411638,0.002956654825012087,0.002225111586588201,0.001652604021726868,0.0012116613849059515,0.0008771333637628207,0.0006272293065310359,0.0004430246961421363,0.0003087637338671869,0.0002127234767741158,0.0001449522918081878,9.767369687557672e-5,6.500488453065405e-5,4.281966943113858e-5,2.7876670241223645e-5,1.7976527993062034e-5,1.1478842270737733e-5,7.26596523987779e-6,4.558603814610088e-6,2.837845041424254e-6,1.755461952786335e-6,1.0785773090964331e-6,0.0018466481396142865,0.002847381011285211,0.004000488051194434,0.005360021697738475,0.006948086219676169,0.008815409901360281,0.010992578495998568,0.013459482477297618,0.01622525828890854,0.01928678872216273,0.02261571524547621,0.026085629348641136,0.029629756695667135,0.03317438713445163,0.0365991051573449,0.039807496732492495,0.04265752932427567,0.04503690659963919,0.04682842857766991,0.04800032229419516,0.048476217992280954,0.048266622940987026,0.04734924656179487,0.04578704290613509,0.043620508116922044,0.04097806722575204,0.03793639347143772,0.034631182816669014,0.031147122645077022,0.027624959694317688,0.02414634052332733,0.020821485001033476,0.017694589111681994,0.01483919087940936,0.012265052007879616,0.010005252392523716,0.008045993050934864,0.006387380326502553,0.005000063420832525,0.003864235668481733,0.002945825891206948,0.0022165637887660134,0.0016459838034686481,0.0012066055489485554,0.0008733296740816056,0.0006244013618603875,0.0004409622819740069,0.0003072833571705599,0.00021166992020904785,0.00014421218549685996,9.7161655781785e-5,6.46556255555097e-5,4.258383663191382e-5,2.771988087492747e-5,1.787306071015956e-5,1.141148853341109e-5,7.222477361500086e-6,4.5308648091063186e-6,2.820278583409349e-6,1.7444384437216564e-6,1.0717104615076054e-6,8,1,1.8601314,1.8229156,1855,1832,1831,1817,1809,1807,1800,1788,1784,1785,1770,1758,1754,1751,1760,1763,1775,1760,1752,1754,1759,1748,1749,1741,1728,1739,1751,1789,1790,1818,1831,1854,1872,1884,1894,1920,1952,1982,2015,2052,2083,2130,2192,2254,2321,2406,2422,2466,2479,2491,2523,2574,2512,2511,2524,2540,2588,2576,2552,2571,2582,2602,2594,2609,2572,2540,2554,2545,2541,2519,2528,2528,2527,2543,2556,2542,2550,2529.0,2521,2523,2497,2484,2480,2467,2437,2424,2416,2429,2442,2479,2502,2583,2621,2557,2548,2601,2648,2611,2574,2581,2583,2609,2633,2652,2701,2729,2777,2805,2831,2847,2885,2932,2976,3010.0,2991,3009,3011,2963,2917,2921,2861,2821,2783,2721,2648,2587,2519,2476,2434,2387,2351,2294,2262,2208,2180,2149,2118,2069,2050,2009,1978,1943,1919,1898,9,1,2.5648136,1
L0301104632,12.917445,14.953,14.71543,-0.29712421091677527,0.8712907450145703,1,12,10.0,19.5,12.1,4.3000002,1,96,13,4,5,1.0,1.0,1.0,1,1,0.0016990147288958595,0.0021161891614713164,0.0029020976831963564,0.003520190199306804,0.004440719706778617,0.005258785984519735,0.006406384079961785,0.007508311384901918,0.008928759081034047,0.010294203950686904,0.012044951015496847,0.013618381906350084,0.015616138667624442,0.017473745116876025,0.019607824544763525,0.021605593932478476,0.023733714053383804,0.025831582114512208,0.027830405930677368,0.02979989484960042,0.03156086610435803,0.033140434744003675,0.03446396308975442,0.035756198938800506,0.03656937543794784,0.03703883118656888,0.03722398744609698,0.03731884893055067,0.03685677288517722,0.03624322778797444,0.03518576939392428,0.03393112595052334,0.032385747642286716,0.03078733233512174,0.02888583279078995,0.026881410878373455,0.024796059775764396,0.022672068300973278,0.020560342144549108,0.018504462677848273,0.01649506951052812,0.014548422446782366,0.01274627490415043,0.011093745486624175,0.009553162499428064,0.008164223668057302,0.006908662579767919,0.005797633472573423,0.004822640931520577,0.003996580984874033,0.0032696942696870588,0.0026658047576445486,0.0021445990200188074,0.0017194166049793159,0.0013604123123711071,0.0010734163793020926,0.0008353092497541439,0.0006473926312608322,0.0004953830770201992,0.00037796725872933775,0.000284641421022185,0.0017219283364458134,0.002136011797527074,0.0029204254564019314,0.003538608289301434,0.00446308904226907,0.005289094272966688,0.006455687445312896,0.007605486889760061,0.009155315403050857,0.01087533660184795,0.013560113359173788,0.017573485274185955,0.025391195007261138,0.023614314621345864,0.023822918288451605,0.025030719330781,0.026768310540314224,0.028580226670247046,0.030325387448542056,0.03178518686896235,0.03259368504326979,0.0324266582107734,0.030742662029300677,0.02719808456340534,0.022237707348459305,0.027360925129669957,0.03129250234667144,0.03374227407672344,0.03455094478661094,0.03432842810640601,0.03296631317067484,0.03079101681484813,0.027722076782220374,0.024093985191411347,0.019835441709552284,0.015491798704789825,0.011467939497828475,0.01321184002852124,0.014605920513812778,0.015652638852551453,0.016358570893529108,0.01673711685906995,0.016898950160469325,0.016996917842950404,0.01696899623028927,0.01694184676733438,0.016924534606913205,0.01707370922549454,0.017454340591091726,0.01105766797896854,0.007176957629421254,0.0048390914059414265,0.0033477685699991183,0.002390450892106439,0.001733764427704309,0.0012826427543264852,0.0009522534273724181,0.0007128304572517365,0.0005318341080929404,0.0003982407080462706,0.0002958306119771866,4,10,-21.159615,-27.604168,2253,2259,2240,2224,2204,2183,2169,2165,2151,2139,2114,2094,2079,2083,2072,2061,2056,2042,2044,2050,2048,2052,2052,2052,2062,2075,2084,2089,2095,2093,2104,2111,2137,2148,2175,2194,2218,2263,2291,2332,2407,2478,2534,2628,2733,2747,2799,2874,2963,3028,3139,3237,3296,3394,3448,3521,3581,3587,3560,3558,3494,3520,3533,3498,3509,3564,3571,3577,3538,3533,3523,3555,3543,3505,3485,3400,3362,3324.0,3291,3307,3275,3304,3319,3283,3253,3234,3260,3281,3347,3386,3369,3328,3323,3316,3380,3346,3365,3349,3383,3359,3360,3346,3376,3402,3426,3461,3457,3459,3458,3451,3497,3531,3508,3507.0,3496,3468,3437,3416,3409,3338,3301,3294,3270,3212,3128,3085,3076,3038,2980,2930,2867,2793,2763,2731,2667,2617,2575,2532,2480,2438,2384,2367,2308,2281,5,12,0.28358495,1
L0301202156,6.8249965,6.094,6.0939999,0.037553062055595714,0.9499024134261651,1,24,10.5,19.5,9.1999998,2.7,1,96,0,0,2,,,0.5,0,0,1.766690352110432e-5,0.00016800278129295055,0.0006472738996306188,0.0026731050812138562,0.002914978593446343,0.0037106900193106403,0.004344409487073244,0.005140236195746669,0.006014230993347086,0.006988318189931691,0.008072889325532613,0.00924859587398086,0.010540344455458229,0.011918417108941167,0.01339238129956483,0.014947729445190676,0.01655575865650293,0.018211626119808085,0.01990246755225323,0.021628675139369453,0.023287432410411688,0.024909471547237057,0.026475164404394427,0.02796477605720834,0.029305717809442293,0.03051904611513273,0.03154213745503042,0.03237462976343875,0.033014409158584154,0.03343465757422303,0.03362982132469955,0.03358920172285693,0.03332365575890924,0.03282507186732899,0.03212211908860294,0.03121702427465006,0.03012672445067827,0.028868766356585945,0.027480331530056207,0.02597828558783342,0.024389123820226684,0.022738769753109945,0.02105521226933429,0.01936178751759919,0.017683133422054027,0.01603828791745992,0.014448323541635678,0.01292689481463326,0.01148704609191777,0.010137235603703379,0.008886392407087211,0.007736683607228373,0.006691782588351443,0.0057521936747534416,0.004909238636278271,0.004160762003493515,0.0035052678508915402,0.0029372850539617647,0.0024442450203495682,0.002021532344742959,0.0016625606827669526,2.2043564729867313e-5,0.00020689658264623224,0.0006847048417893409,0.002687615149468707,0.002936455807254126,0.0037316818086305936,0.0043698272718644795,0.005171455401945978,0.006060825848901409,0.007087792621331103,0.008378935149085436,0.010439673904924694,0.016133000411168046,0.013683403534201619,0.014285399059363152,0.015622225037589886,0.017185691109810813,0.01883557733401773,0.020505908178013975,0.02214660129994896,0.0237448780088085,0.025317629551349707,0.02639837075315868,0.02561419276718312,0.01992787949373178,0.027111563150925718,0.030419848547666318,0.03200216692889842,0.032879799762805154,0.033371228146007834,0.0335544244104364,0.03337402326839574,0.03262466697234601,0.030740614538995896,0.02671821528752164,0.019862024617208457,0.01190167329764183,0.01555918540609594,0.018279648203662346,0.020258668072868552,0.02163162768239749,0.022560215291950115,0.02315280484943639,0.0235489807521114,0.02385703297055315,0.024250421965931142,0.024948382716900086,0.02649510576579074,0.030529971413174355,0.01605754699423762,0.01068350472622029,0.008267361684814477,0.00683612121928614,0.005780784198060724,0.0049042173728485235,0.00414712553953378,0.003490456777976466,0.002923761837590052,0.0024325016750605583,0.002011525964747652,0.0016541334989848696,0,0,0.0,0.0,801,798,797,821,828,832,857,850,834,812,820,818,815,824,841,838,831,812,805,803,793,797,799,811,807,794,797,792,789,790,793,802,810,808,813,832,853,865,877,894,907,920,923,928,957,984,999,1026,1057,1070,1072,1058,1063,1026,1014,1011,1024,1016,1017,1007,1024,1026,1026,1009,1002,1014,1017,1016,1013,1003,1004,997,997,996,996,996,990,978.0,977,971,967,959,956,951,933,929,926,946,955,976,1029,1037,1056,1051,1051,1019,995,993,985,982,980,987,978,984,987,1004,1013,1049,1071,1075,1073,1057,1066,1084.0,1125,1127,1111,1084,1079,1055,1028,1023,1013,983,976,963,955,944,942,943,940,924,903,893,884,870,864,859,856,844,838,829,821,824,,,0.97086877,1
L0302114520,14.679776,14.635,14.635,2.3629032644066643,0.1078399815594414,1,24,10.166667,19.0,5.8000002,0.89999998,1,96,9,1,3,1.0,1.0,0.0,1,1,4.1045453012772853e-44,3.129156690394579e-43,2.385749585563991e-42,1.8044001348634202e-41,1.3648135482012486e-40,1.0225380953157837e-39,7.661523450954123e-39,5.591950170231209e-38,4.081639130843602e-37,2.9362983799242274e-36,2.1124459523750367e-35,1.4752761602267005e-34,1.0303277679695658e-33,6.988804607938108e-33,4.740676424233882e-32,3.11093407684605e-31,2.041490016659808e-30,1.295787410002265e-29,8.224760670959721e-29,5.047122245082979e-28,3.097172652890383e-27,1.821685288611258e-26,1.0714731053852592e-25,6.143555893705952e-25,3.522559835791146e-24,1.9215253220322543e-23,1.0481794941041396e-22,5.56917018000416e-22,2.9590269297521753e-21,1.521435463879107e-20,7.822847604563369e-20,3.889169629581496e-19,1.9335701032525223e-18,9.460611029658572e-18,4.6290515397279894e-17,2.2378013394275435e-16,1.0818494035268016e-15,5.208064471880953e-15,2.5072789711736663e-14,1.2148172256075177e-13,5.886200360793181e-13,2.849614897985554e-12,1.3796003744694982e-11,6.829412134606747e-11,3.3808371326224945e-10,1.6774594613516234e-9,8.323072035571813e-9,4.215241418971412e-8,2.1345886887926645e-7,1.102845170501777e-6,5.69246266484485e-6,2.9800680694041117e-5,0.0001548582050316216,0.0008014267359771892,0.003945183701067294,0.017500227998635407,0.06244946151416105,0.15840164134350046,0.2613621728915064,0.27907209614787337,0.21627606943813793,4.241351695972434e-44,3.234702911868753e-43,2.467163588618264e-42,1.8666596852178067e-41,1.4124174538317996e-40,1.0585691730922977e-39,7.934201830146011e-39,5.792724113563188e-38,4.2294538535876994e-37,3.043479545331151e-36,2.1901566457338412e-35,1.5299050491245378e-34,1.0687282653711097e-33,2.6311243126651416e-33,6.479957560325811e-33,1.5444771578773746e-32,3.6827756422293433e-32,8.498066693687165e-32,1.9619183436209891e-31,4.381816802410374e-31,9.792172026811888e-31,2.099224233866461e-30,4.503359723885945e-30,9.426245505339647e-30,1.974584751441233e-29,1.077759337304161e-28,5.8826129126465135e-28,3.1281516004774112e-27,1.6634516067610093e-26,8.562677719482293e-26,4.407761011816171e-25,2.194541662670405e-24,1.0926581410192156e-23,5.354875386406082e-23,2.6244142690394486e-22,1.2709428604770593e-21,6.155174809206594e-21,8.111645391910714e-20,1.0694648092589287e-18,1.41957049718438e-17,1.8851007172570116e-16,2.5021250878768037e-15,3.322487369521783e-14,4.5124562172964277e-13,6.131231362351994e-12,8.352918658906564e-11,1.1384139501323894e-9,1.5843015048814065e-8,2.205468830752467e-7,1.1392547239638433e-6,5.879207257377037e-6,3.0771433732314354e-5,0.00015984834443709674,0.0008267325186670718,0.004064260924976375,0.017975563341516954,0.06377744942691768,0.16026568607145178,0.2616565331981142,0.27721337693253867,0.2140225217272067,0,0,0.0,0.0,1948,1928,1921,1918,1898,1891,1874,1862,1867,1856,1835,1822,1810,1809,1802,1781,1779,1790,1756,1758,1765,1760,1759,1761,1772,1790,1795,1803,1808,1814,1829,1837,1857,1887,1902,1917,1937,1954,1984,2044,2167,2291,2447,2740,2892,3058,3238,3393,3470,3564,3746,3850,4014,4175,4222,4295,4345,4359,4361,4257,4166,4128,3975,3890,3772,3660,3529,3381,3238,3154,3088,2972,2997,2960,2900,2867,2829,2792.0,2791,2782,2754,2726,2635,2593,2575,2575,2550,2549,2559,2562,2585,2618,2631,2699,2812,2854,2980,3002,3042,3058,3105,3068,3100,3065,3073,3095,3083,3100,3070,3072,3029,3082,3146,3253.0,3272,3254,3196,3154,3087,3102,3029,3019,3018,2990,2982,2888,2882,2847,2784,2704,2594,2485,2408,2386,2343,2325,2258,2195,2173,2155,2120,2079,2042,2005,5,3,0.28947672,1
L0302173835,13.883937,22.822,19.4645,0.09087301438059225,0.9580419251638093,0,0,10.5,18.5,2.5,-0.1,1,192,9,4,5,0.8888889,0.75,0.2,0,0,0.0007895747678277075,0.0011263360209529335,0.001650334071470208,0.0021119869841186973,0.0026150674032737087,0.0031420840889549604,0.0037694743222718295,0.0044793608020564715,0.005259771040191866,0.006172567997190419,0.007125633041228138,0.008261662574983026,0.009402837889289745,0.010772231348280094,0.012093016244088341,0.013666231323616544,0.015162111925984762,0.016897222167836075,0.018478348604287476,0.020224119571779622,0.02186481160873688,0.02358839640628892,0.0252245155737736,0.026847152684597204,0.028238924120083376,0.02950712571898807,0.03066197479610782,0.03161549998176148,0.032422972662252816,0.03297033624711996,0.033353488028583574,0.0334540606769594,0.033399693953299545,0.03307694415650277,0.032561637694806606,0.031808943681078485,0.030901208963737714,0.029798263510364242,0.02852550919866282,0.0270880943961676,0.025610910398730768,0.0240211823039024,0.022385450147028266,0.020664874464247394,0.018999417792737176,0.017285127271036874,0.015689658590907284,0.014087640781944613,0.012616150118541372,0.011169380376965812,0.009871364095423819,0.008624903611970807,0.007522376810986841,0.006489087968052907,0.005581015728749242,0.004746454972895171,0.004027797909376092,0.003384140657709484,0.0028316449237860385,0.002346068030806353,0.0019358267946457347,0.0007989094360119671,0.0011412177984880063,0.0016620645542082732,0.00212381268637617,0.002626788873745372,0.0031565377366954434,0.003785154386799048,0.004497685909690986,0.005280207450937118,0.006195441473351935,0.007151296522465259,0.008289548446860313,0.009433532124291245,0.01080451563142035,0.012127372757857956,0.013702349959132947,0.015198342915331762,0.01693289836378352,0.01851304625645733,0.020259879635441617,0.021898106654367908,0.0236224852920792,0.02525388248148229,0.026869773631749,0.028260483232768103,0.029526398729199838,0.030678014932126414,0.03162748005574835,0.0324311783613919,0.03297366059443494,0.03335313439375913,0.033449423473388314,0.03339072585496644,0.033062380485163065,0.03254381720216883,0.031787231048724454,0.030875901983857187,0.0297682389679913,0.028493966687878017,0.02705647473465218,0.02557652452678288,0.023985646684444806,0.022348992801002172,0.020630396947476336,0.01896403255863994,0.017253206635255237,0.015656926817265642,0.014058078148258261,0.012586775662488388,0.011143354587828589,0.009846168000903455,0.00860263648097591,0.00750147559248985,0.006470477383490255,0.005564213049230417,0.004731806005968376,0.004014841493673954,0.0033727735982921566,0.0028218872833066233,0.002337677748332125,0.0019287462766512493,0,0,0.0,0.0,2156,2147,2139,2128,2104,2091,2091,2077,2058,2017,2006,1981,1965,1974,1967,1984,1974,1956,1952,1931,1918,1896,1891,1905,1924,1918,1924,1917,1923,1934,1939,1975,2003,2034,2064,2093,2112,2153,2198,2248,2393,2486,2579,2545,2740,2842,3043,3129,3268,3420,3550,3611,3728,3750,3614,3589,3549,3539,3546,3529,3512,3426,3369,3304,3256,3186,3162,3152,3127,3081,3083,3059,3023,2962,2938,2949,2943,2919.0,2914,2891,2887,2871,2834,2841,2836,2818,2809,2835,2836,2836,2829,2844,2822,2860,2886,2938,3000,2988,3035,3058,3083,3135,3138,3213,3258,3371,3427,3515,3571,3590,3560,3580,3565,3585.0,3537,3579,3532,3553,3430,3315,3247,3184,3131,3045,2952,2908,2851,2798,2760,2714,2767,2720,2669,2629,2556,2505,2440,2402,2366,2323,2288,2259,2212,2186,,,0.27184331,1
L0302200827,16.510647,30.233,28.614876,-1.792385882181056,0.229159161680691,1,12,9.5,18.666666,12.4,2.9000001,1,192,4,2,5,1.0,1.0,1.0,1,1,0.00031086931338481524,0.0013780363192726695,0.005123089559429544,0.014869058377366315,0.0343785357841782,0.06593987021764984,0.10513714388245733,0.14160242271247814,0.15956109808764327,0.15059284941645687,0.11903002816407786,0.08072740166202536,0.04931510718031174,0.029183454382777994,0.017187962255036805,0.010260657636791182,0.006125290532627159,0.0036731457992741213,0.0022026740668031454,0.0013317460730397509,0.0008051795167928939,0.0004911968685942224,0.0002996529003358841,0.0001833580256510204,0.0001121970572042353,6.883290435651388e-5,4.222901375439215e-5,2.5930247182515305e-5,1.592218397023227e-5,9.74592632487463e-6,5.9654570983714255e-6,3.6541393816018465e-6,2.2383429945207594e-6,1.3599924902875463e-6,8.263164288076125e-7,5.017445858328433e-7,3.046625069341974e-7,1.8415270387196595e-7,1.1131080061687568e-7,6.694482569987414e-8,4.026216303442102e-8,2.419213003215261e-8,1.4536222264108034e-8,8.728540530380601e-9,5.241217697624101e-9,3.1491292650901294e-9,1.8921223553540467e-9,1.1396166721602451e-9,6.863863747543729e-10,4.1354330916964437e-10,2.491572944205785e-10,1.5060215313395453e-10,9.10309070410184e-11,5.506040030255513e-11,3.3303505543332847e-11,2.0175452702722526e-11,1.2222405101474431e-11,7.416789804299305e-12,4.500650454320015e-12,2.733374330579476e-12,1.6600567907683262e-12,0.00035030889558047997,0.0015514619067727193,0.005752031812107311,0.01657832958160001,0.03780677846787099,0.07115934351711516,0.11130013736079522,0.1475717252510305,0.1647968297108197,0.15534066846593472,0.12327401885782563,0.08396964987891643,0.051382628218366456,0.018596044812985674,0.006701768047988055,0.002449725680203791,0.0008960228109912876,0.00032939842062016257,0.00012115822287526303,4.494924680376635e-5,1.6683165910449458e-5,6.249617748601817e-6,2.3419603484302914e-6,8.805336042929781e-7,3.3116131766561153e-7,2.031416082465374e-7,1.2461154206948792e-7,7.650550988717048e-8,4.697072667128603e-8,2.8747950649442767e-8,1.7594890002293856e-8,1.0776608472744816e-8,6.600513457609063e-9,4.010467229009244e-9,2.4367570133566943e-9,1.4796535247225783e-9,8.984788235399616e-10,8.836530147183648e-10,8.693296578118053e-10,8.512795914209873e-10,8.338815219878179e-10,8.163793472007854e-10,7.995496596945768e-10,7.828720899917017e-10,7.66877821478211e-10,7.520239180448426e-10,7.378295820939276e-10,7.260496274609693e-10,7.148766846000075e-10,4.3069484864751165e-10,2.5948276351616483e-10,1.5684006054037973e-10,9.47994058624754e-11,5.733872282061368e-11,3.468091253185693e-11,2.100961196235131e-11,1.272757306804819e-11,7.72327454356461e-12,4.686594361640817e-12,2.84628885800569e-12,1.7286241951456613e-12,0,0,0.0,0.0,2284,2276,2272,2271,2299,2369,2351,2345,2344,2341,2316,2302,2279,2285,2285,2284,2278,2273,2264,2247,2263,2263,2207,2206,2271,2225,2207,2228,2231,2274,2241,2247,2248,2233,2229,2238,2244,2268,2290,2295,2320,2350,2363,2391,2446,2469,2509,2545,2555,2584,2615,2598,2585,2557,2542,2528,2535,2538,2554,2544,2544,2556,2563,2574,2579,2582,2582,2591,2591,2605,2604,2590,2593,2606,2599,2576,2595,2597.0,2595,2597,2596,2602,2584,2587,2589,2581,2579,2576,2572,2581,2597,2617,2636,2645,2651,2633,2642,2638,2627,2613,2612,2617,2628,2637,2645,2662,2691,2731,2747,2762,2791,2807,2812,2827.0,2838,2820,2797,2773,2736,2727,2705,2677,2663,2664,2656,2644,2630,2603,2576,2560,2530,2498,2485,2459,2438,2420,2406,2384,2369,2355,2346,2347,2335,2337,19,3,0.75512034,1
L0303085514,24.783848,36.033,36.033001,-1.2917374499878067,0.29959319747546853,1,12,9.5,19.5,10.0,0.60000002,1,192,15,5,0,1.0,1.0,,1,1,1.7553300030204896e-6,5.320465622895509e-6,1.6124376793780184e-5,4.864882944564516e-5,0.00014654989426344226,0.0004362619501492786,0.0012832348472001066,0.0036437519400413067,0.009764172228472215,0.0235180294180444,0.04876240897337454,0.08416857527125843,0.12024690640723365,0.1425903125402057,0.13936864882049332,0.11610880713125858,0.08668796984190259,0.062394831167179504,0.04445637232692126,0.031945548953976194,0.02295436661885302,0.016667956129941413,0.012103183715711023,0.008819244663575183,0.006426338155479239,0.004694998872557207,0.0034301095671494712,0.0025099637860727052,0.0018366551221616885,0.0013416894376570498,0.0009801148415203805,0.0007166914832739828,0.000524068637254723,0.0003820099000365566,0.00027845916078123983,0.00020294138046408902,0.00014790407680116528,0.00010754240045400395,7.819511393340915e-5,5.673626962380819e-5,4.1166330156228744e-5,2.972951758775564e-5,2.1470078677447003e-5,1.543961738877559e-5,1.1102976892236796e-5,7.952160423870425e-6,5.695486711052786e-6,4.062603962229689e-6,2.8978654756069373e-6,2.066724914616348e-6,1.4739651710764102e-6,1.0508574895516667e-6,7.492047598864846e-7,5.339808317699758e-7,3.8058434283736535e-7,2.7195472986636986e-7,1.9433112407184832e-7,1.391170250342075e-7,9.959057034503664e-8,7.157057132410958e-8,5.143405321174113e-8,3.285740142117773e-6,9.956495655422533e-6,3.0166715404838162e-5,9.099770001261472e-5,0.00027409991998471914,0.0008161905383649743,0.0024034285389008116,0.006844544172257061,0.018458995991777766,0.044991401664230386,0.09510789080118726,0.16868057586974133,0.2491662976556132,0.18759999976177805,0.1156174064058327,0.06005492551182189,0.0277304236821382,0.012298249835804588,0.005394277634827624,0.0023858550705829636,0.001055213447874851,0.00047159526823619687,0.00021076824137229372,9.452532183488609e-5,4.239327768565516e-5,3.09670281659667e-5,2.2620517623081483e-5,1.6549544021318473e-5,1.2107935412245246e-5,8.843519089050684e-6,6.4592279720720335e-6,4.72239492209493e-6,3.4525861562217587e-6,2.5163438311842663e-6,1.8339851041740656e-6,1.336424682991802e-6,9.738532739553353e-7,1.150255839130262e-6,1.3586509930567347e-6,1.601484968693629e-6,1.8877738625336174e-6,2.2149796228328104e-6,2.5989655482733214e-6,3.0367787585417603e-6,3.5484265687813443e-6,4.129746422172634e-6,4.806401851202097e-6,5.5714071534711305e-6,6.458296084142577e-6,4.606169500219316e-6,3.285201114363955e-6,2.3422698408194513e-6,1.6699827386188452e-6,1.1902994641197461e-6,8.483998683379356e-7,6.062598276425069e-7,4.332285140667839e-7,3.101435717765692e-7,2.2202841147236792e-7,1.5955954065937775e-7,1.1466661817032846e-7,6,12,15.325301,16.145832,2962,2952,2958,2931,2908,2859,2842,2833,2864,2916,2910,2906,2909,2885,2875,2813,2801,2789,2810,2827,2868,2906,2904,2907,2889,2903,2871,2862,2866,2895,2880,2874,2884,2902,2915,2958,2986,3073,3141,3229,3234,3283,3322,3420,3538,3629,3699,3737,3766,3701,3687,3673,3679,3723,3712,3717,3660,3627,3640,3641,3633,3636,3636,3622,3600,3579,3577,3600,3616,3617,3618,3666,3699,3702,3664,3645,3599,3573.0,3562,3569,3545,3561,3571,3544,3552,3560,3577,3626,3655,3714,3772,3752,3697,3662,3647,3624,3617,3618,3651,3647,3681,3661,3681,3701,3788,3870,3880,3939,3960,4031,4072,4126,4105,4069.0,4051,4015,4011,3966,3977,3911,3828,3722,3655,3630,3564,3459,3418,3367,3311,3270,3248,3197,3164,3113,3094,3066,3032,3004,2975,2951,2945,2967,2976,2986,6,12,0.48543462,1
L0303103620,16.927584,15.763,15.868688,0.036365500975744265,0.616397995345604,0,0,10.5,18.5,10.1,-0.69999999,1,96,7,2,3,1.0,1.0,0.0,1,1,8.723944214353281e-6,1.5515990151339053e-5,2.7496768921423802e-5,4.6656873836980614e-5,7.822003537367944e-5,0.00012762215639770984,0.00020515329150258118,0.0003222462741557861,0.0004981679995450167,0.0007512748527532884,0.001117850251553999,0.0016229722115158006,0.0023200554750313247,0.003245446724146298,0.004459382871875048,0.0060072978515169715,0.007933072197676553,0.010299828129144024,0.013092897704286172,0.01634701477367049,0.019991287650962666,0.024079946880232395,0.028346368047151935,0.03284563701490306,0.037245601568794445,0.04157874113485455,0.04540535517006451,0.048863485433693864,0.051420021996774576,0.0532507960193683,0.05401424927900466,0.053894982612014586,0.05270244287492612,0.050673302252673316,0.047792705223611065,0.044251710325550656,0.04024187627225984,0.035990457033358084,0.03159676656686463,0.027205239579923778,0.02304091423300668,0.019186427527691657,0.01570377344399131,0.012622412755468717,0.009984767138055416,0.007755620885780856,0.00593373097724008,0.004467665182759957,0.003313800407224042,0.0024211576214392882,0.001744017645362357,0.0012403984152744717,0.0008703715307312506,0.0006050954570359319,0.00041541984185473733,0.00028235135897297024,0.00018987942289385056,0.0001272945761241902,8.454612427998001e-5,5.585394991278268e-5,3.6632190643784875e-5,8.930560191030717e-6,1.5836835063046525e-5,2.7989333227477152e-5,4.743741205562776e-5,7.94486692347612e-5,0.00012954765865887905,0.00020811895157612465,0.00032669099104368796,0.0005047302426478686,0.000760760018124031,0.0011311546744727998,0.0016414098309184759,0.002344813361072267,0.003278227157329016,0.004501380193423,0.006060122610195233,0.007997029688152572,0.010376670269583678,0.013182749842645466,0.01644876954594188,0.02010050784302372,0.024196536657648544,0.028466720977529416,0.03296569734117568,0.03735905644868076,0.04168067359619485,0.045488807469531704,0.048926494075063276,0.051461006818777584,0.05326588605908121,0.054003566855730385,0.05385799454137881,0.052642685145490344,0.05059317998213041,0.04769846849366485,0.04414497879482839,0.04012709977361469,0.03587353533477352,0.031483761486781836,0.027097540429140306,0.022940799216195823,0.019096213545331513,0.01562492062680001,0.012554929001108278,0.009928431071426132,0.007709481807993646,0.005896654126637427,0.004438498114832079,0.003291289577122953,0.002404108430341272,0.001731318017670493,0.0012310997287368485,0.0008636651001375444,0.000600333015921593,0.00041209213159657947,0.0002800539288742182,0.00018831210009432947,0.00012623506381184433,8.383911508118408e-5,5.538541128841241e-5,3.632489920052551e-5,0,0,0.0,0.0,1740,1718,1702,1688,1682,1661,1651,1652,1635,1616,1601,1583,1575,1562,1574,1573,1581,1583,1562,1550,1560,1572,1577,1586,1584,1587,1596,1607,1617,1613,1618,1632,1650,1686,1694,1724,1749,1754,1791,1821,1878,1966,2142,2215,2336,2302,2382,2397,2407,2477,2527,2541,2578,2652,2730,2753,2739,2689,2711,2742,2740,2737,2717,2593,2646,2603,2603,2575,2587,2539,2577,2515,2510,2545,2544,2523,2470,2433.0,2417,2449,2466,2392,2336,2303,2280,2292,2283,2283,2235,2221,2218,2257,2289,2299,2314,2410,2442,2471,2483,2547,2558,2508,2475,2496,2552,2572,2603,2654,2626,2632,2636,2718,2771,2803.0,2688,2721,2749,2710,2645,2639,2604,2565,2621,2614,2564,2581,2527,2532,2482,2448,2342,2253,2160,2123,2093,2078,2009,1969,1935,1893,1887,1851,1814,1792,4,5,0.28641954,1
L0303105126,7.0406551,5.69,5.6900001,1.2603104562414553,0.6384526225961189,1,24,10.5,18.5,2.2,1.2,1,96,10,4,5,0.60000002,0.25,0.0,1,1,2.2700935802064434e-10,7.290821767668845e-9,5.29910892827645e-8,1.0490062737332635e-7,1.9208916065413977e-7,3.4609529119475937e-7,6.150978657947262e-7,1.0754248264935478e-6,1.858133344462293e-6,3.158718251217742e-6,5.298649183941729e-6,8.755552535838604e-6,1.4277067324784698e-5,2.2934627913934777e-5,3.6336274377815524e-5,5.673939066677515e-5,8.733230776975717e-5,0.000132542720770051,0.00019842308319879067,0.0002927817842716933,0.00042558762942300455,0.0006101867250197932,0.0008630512996411049,0.0012032259750298542,0.0016530038611214802,0.002239672656004928,0.0029914765908358454,0.003939906355177784,0.005114879443604437,0.0065476872323754496,0.008262539780484537,0.010280618656103128,0.01261089184854325,0.01525174551148183,0.018180448302723713,0.02136514941383946,0.024765748098959314,0.02829765656069804,0.03187000075389612,0.035384165273618116,0.03874222800834652,0.041811900351361106,0.044498704044837835,0.04668686549882921,0.04828763774444941,0.04923924711817831,0.0495080355926961,0.049083460650923325,0.047965598159519555,0.04622553849590483,0.04391019892719422,0.04113921256002934,0.03799451229936742,0.034619497891957916,0.03106972112613196,0.02750011125873113,0.02400503949038729,0.02067501158925583,0.017538146575204576,0.014674686504323024,0.012104171717489101,2.504778169825577e-10,7.973743205166676e-9,5.4612858769473715e-8,1.0671977842175296e-7,1.9558549257824297e-7,3.5228104066556926e-7,6.259674986367884e-7,1.0951263034617496e-6,1.8963843590325103e-6,3.2512190146426782e-6,5.617248205502008e-6,1.0374372675858607e-5,2.520171083680767e-5,3.242082554546035e-5,4.910753682179315e-5,7.542311948682804e-5,0.00011470670682748933,0.0001721941953905244,0.00025479707975943513,0.0003710567973817316,0.0005331020160607105,0.000753939524389928,0.0010278465532922402,0.0012537606307757947,0.0011584253446140812,0.0020256138140292024,0.0029013294462989932,0.0038862246767349434,0.005065924684937153,0.006487587320412636,0.008167791314202815,0.010073024856478749,0.01202415409939714,0.013477594861342571,0.013396558969589176,0.01102411139885069,0.00733271777837773,0.011086396979623448,0.01506076091806893,0.019218725516579466,0.02366424390530439,0.028424018443846157,0.03361174141912947,0.03940515176648741,0.04599418698537177,0.05388457859799169,0.06393748771787183,0.07881627296471522,0.10729327927095941,0.06511752869122318,0.049763885099315494,0.04290401572626447,0.03847276617985795,0.03468762153874374,0.031012028547249354,0.027403926849417993,0.023901745251000462,0.02057146700745145,0.017443361665700062,0.014588394898151912,0.012028221056391604,0,0,0.0,0.0,923,908,911,913,895,895,893,878,878,874,877,873,871,864,859,861,871,861,855,846,848,848,857,858,859,878,880,890,897,903,914,916,916,918,933,937,948,967,983,999,1015,1025,1052,1089,1119,1163,1211,1224,1239,1221,1226,1240,1245,1273,1258,1246,1239,1244,1226,1194,1207,1207,1213,1208,1204,1201,1209,1213,1215,1215,1202,1200,1209,1208,1224,1218,1217,1216.0,1208,1197,1175,1169,1164,1164,1167,1155,1155,1157,1172,1192,1190,1196,1200,1202,1218,1212,1211,1225,1223,1218,1213,1206,1199,1213,1236,1264,1285,1307,1320,1327,1325,1347,1375,1396.0,1387,1393,1389,1420,1419,1402,1389,1380,1343,1306,1280,1257,1230,1202,1168,1146,1124,1099,1069,1046,1020,999,987,966,953,945,931,921,919,918,8,8,0.37756038,1
L0303180448,10.352387,11.819,11.820167,-0.7876404083712052,0.3217724831637581,0,0,10.5,19.5,2.7,-0.1,1,96,15,5,5,0.80000001,0.80000001,0.0,1,1,1.7536552907344475e-8,1.1418401412754104e-7,6.987885828823987e-7,2.2849719730537498e-6,6.445574825810715e-6,2.4353820409253837e-5,6.54639941597421e-5,0.00017582832318680796,0.0004474281664058544,0.00103363734060983,0.0022571082490360763,0.004540149446480174,0.008557140859151527,0.014951417648838524,0.024365190813336515,0.036942496745644066,0.052189356802156445,0.0687112017457539,0.08439271653776732,0.09665920720161807,0.10314033618169789,0.10279696113836294,0.09580835453653416,0.0835132674613913,0.06806756943357761,0.05199269093725596,0.037276461143969014,0.025114672040855237,0.015958606439215636,0.009581988195629356,0.005459269837245662,0.0029612047308997347,0.001538327835621551,0.0007689560041155665,0.00037255456307986847,0.00017610701700501868,8.171785755779548e-5,3.7472743948089814e-5,1.70372284260607e-5,7.741558968122516e-6,3.5119348158947916e-6,1.595963015797657e-6,7.252684893004903e-7,3.312531920027769e-7,1.5129388792163777e-7,6.94593985734375e-8,3.188899062999966e-8,1.4696434017393935e-8,6.773035573755761e-9,3.1317727243334404e-9,1.4480961052271427e-9,6.714537147571358e-10,3.113401411365836e-10,1.4481141349839824e-10,6.735516474526414e-11,3.133452951057893e-11,1.4577259859761975e-11,6.7994011966322046e-12,3.171509162045366e-12,1.4792204190494996e-12,6.899225595642616e-13,1.8325854777754415e-8,1.2071029572127575e-7,7.264083578566548e-7,2.3400415709014585e-6,6.668355336487956e-6,2.5129926251035567e-5,6.696158063278173e-5,0.00018071679978767628,0.0004571206162672954,0.0010561949671687779,0.002299117936137936,0.004618666641596484,0.008685138056153334,0.015148190379432032,0.024637341162594195,0.03728655497987911,0.05257917464518463,0.06910303195713799,0.084724676048595,0.09686525400482945,0.10319411599538855,0.10268756839030647,0.09555352230891825,0.08315920325787846,0.06768210555469469,0.05162442132036447,0.03696310353241911,0.02487173879893694,0.015785050274378088,0.00946710453542219,0.005388276993248647,0.00292001532406529,0.0015157149515578003,0.0007571450666136146,0.0003666325886721302,0.00017323643792359155,8.036232606185597e-5,3.684397633103077e-5,1.674919271881522e-5,7.610357860302798e-6,3.452426868067328e-6,1.5689438463494715e-6,7.130006767782807e-7,3.2566094651112796e-7,1.4874469039195985e-7,6.829261514166909e-8,3.135495223281779e-8,1.4451270304885522e-8,6.660488938198046e-9,3.0799730853660254e-9,1.4242558742986616e-9,6.604578276426358e-10,3.0626864136515475e-10,1.424667600355862e-10,6.62712301136927e-11,3.083337182155323e-11,1.4345559266135807e-11,6.69206586233473e-12,3.1217886733790065e-12,1.4561910197626489e-12,6.792564422764252e-13,7,8,6.2042317,7.4776778,1621,1630,1632,1639,1654,1628,1623,1626,1621,1627,1638,1638,1643,1622,1614,1593,1569,1571,1574,1565,1578,1591,1608,1597,1608,1626,1613,1584,1568,1575,1588,1594,1620,1663,1677,1720,1740,1759,1777,1779,1779,1770,1791,1806,1838,1879,1892,1914,1950,1964,1988,1997,1993,1997,1977,2004,1995,1961,1949,1953,1962,1963,1972,1992,1998,1984,1983,1984,1980,1959,1962,1950,1977,1970,1962,1956,1947,1928.0,1909,1907,1899,1887,1887,1874,1872,1863,1881,1883,1890,1924,1928,1925,1925,1915,1910,1914,1912,1915,1913,1907,1922,1939,1967,1979,1994,2050,2050,2047,2050,2081,2119,2142,2155,2147.0,2122,2108,2093,2097,2073,2036,1999,1980,1950,1919,1911,1892,1861,1852,1837,1811,1793,1778,1773,1758,1740,1745,1742,1721,1718,1709,1691,1680,1675,1670,7,9,0.97086877,1
L0303184351,25.60367,27.885,27.834055,-1.795153581131307,0.2155285668499235,0,0,9.5,18.5,3.0999999,-0.30000001,1,96,12,5,1,0.0,0.0,0.0,1,1,0.00021882081224041327,0.0007096390557207241,0.002281561096509236,0.007186394151658739,0.021212763635177333,0.0546298940261854,0.1129959592376968,0.17344835227901279,0.19138206733265828,0.15865526631208743,0.10734394444294443,0.06684435919855636,0.039949532136810816,0.023936976553401403,0.014312423394195724,0.008915153362931657,0.005553154676881952,0.003531674209356492,0.002246069582523828,0.0014739181897238096,0.0009672183904136693,0.0006559195141419632,0.00044481252627541045,0.0003090528644379212,0.00021472802198572508,0.0001526357740423502,0.00010849856279982784,7.883979446671489e-5,5.72884380527907e-5,4.248508699798632e-5,3.1506930004096614e-5,2.375212623259143e-5,1.790601892175101e-5,1.3807471629650663e-5,1.064705851020464e-5,8.33701452034326e-6,6.528178815936799e-6,5.208732320245723e-6,4.155974931240912e-6,3.383329874690738e-6,2.754336932839908e-6,2.2610506438012805e-6,1.8561155489611492e-6,1.5344037901596169e-6,1.2684576955233444e-6,1.051986827819056e-6,8.724617048801357e-7,7.200429392313375e-7,5.942539146765847e-7,4.917002059192591e-7,4.0684635515141834e-7,3.32172176250184e-7,2.712048473503097e-7,2.2125958653715366e-7,1.8051284154193668e-7,1.4628811870209738e-7,1.1855263594043997e-7,9.535507539454127e-8,7.669683853285901e-8,6.149664773858377e-8,4.930902438075402e-8,0.00021974400259631546,0.000712649415706741,0.0022911916406068724,0.007215785774994534,0.021292093438703787,0.054797508864640514,0.11322781644965162,0.17359728796690566,0.1913347210887847,0.1584914572205236,0.10718579854024025,0.06673271652153505,0.03987912256915932,0.023893428743410317,0.014285659145189988,0.008898130706160502,0.005542333008840023,0.0035246719587474612,0.002241540082952973,0.0014709077151963995,0.0009652178466446307,0.0006545514298697919,0.0004438770204192251,0.00030839942802629507,0.00021427161986391132,0.00015231053674192815,0.00010826679651859927,7.867140839839904e-5,5.716609986284553e-5,4.239459662757979e-5,3.1439997103536594e-5,2.370189922796574e-5,1.7868328987059016e-5,1.3778623458112315e-5,1.0624979155399284e-5,8.319888277985148e-6,6.514895776879914e-6,5.1982608403881165e-6,4.1477211473598855e-6,3.3767105422593083e-6,2.7490296351587394e-6,2.256765600281116e-6,1.8526568559826198e-6,1.5315960959392598e-6,1.2661792552637517e-6,1.050133460641646e-6,8.709546980906184e-7,7.18823133571581e-7,5.932669646612566e-7,4.909002653539688e-7,4.0619827719948496e-7,3.3165318594088255e-7,2.7078939405256896e-7,2.2092735911100476e-7,1.8024727834396466e-7,1.4607709616268705e-7,1.183850199571809e-7,9.522280493795268e-8,7.659249959441583e-8,6.141458158120731e-8,4.924450128215984e-8,8,11,0.1896847,0.18939394,3327,3284,3250,3225,3191,3188,3174,3164,3157,3148,3126,3098,3083,3062,3044,3028,3008,3011,3002,3026,3032,3045,3051,3068,3077,3114,3115,3124,3154,3185,3212,3263,3340,3396,3429,3488,3539,3589,3642,3782,3857,3986,4191,4653,4997,5200,5336,5544,5604,5718,5761,5723,5811,5831,5986,6045,6129,6105,6137,6042,5829,5826,5669,5619,5518,5394,5305,5212,5105,5079,4989,4907,4938,4844,4729,4648,4582,4483.0,4454,4446,4406,4355,4284,4265,4280,4344,4306,4299,4364,4395,4444,4519,4632,4799,5006,5094,5204,5230,5313,5343,5372,5351,5342,5311,5325,5378,5438,5519,5595,5603,5587,5612,5628,5749.0,5765,5693,5545,5463,5396,5326,5237,5208,5102,5056,4992,4894,4802,4721,4666,4571,4473,4316,4167,4040,4027,3967,3838,3719,3642,3584,3515,3465,3407,3375,12,12,0.29370686,1
L0303194826,4.7241011,7.963,7.9629998,-0.7568591520818633,0.8484944679393884,1,24,9.5,19.5,8.1999998,1.8,1,96,10,4,5,0.30000001,0.5,0.0,1,1,0.0002920512296050784,0.0050345473941605075,0.011605790898131475,0.011579241183265239,0.014018745319066994,0.015617527105378339,0.01766539510798485,0.01961570181054543,0.021690459993460216,0.023699155477556702,0.025685339752206143,0.027558272535269858,0.02915739851614252,0.03164650398417444,0.030602348505418438,0.03788240653601931,0.02780192798772471,0.04549600720269992,0.02603415773497864,0.0464475715671106,0.030127960309508244,0.04146668067159303,0.03409371328147605,0.03718668639681467,0.03417928819212091,0.033973503038255325,0.031853128475375324,0.03056326504023419,0.028424456557329468,0.026855341541776555,0.024577816808615528,0.022647589323250505,0.020494266521173306,0.01868504199072903,0.016596351458655453,0.014847803116258503,0.013011579739210168,0.011411709909265927,0.009870680224978239,0.008533247342294364,0.007265301427182619,0.006157895539926933,0.005180025524526851,0.0043191406158316304,0.003583367212336415,0.0029513850171892023,0.00241261519099493,0.001957194867775215,0.0015838202037543345,0.0012757925203974937,0.0010213578322306987,0.0008156058442640317,0.0006522462306618725,0.0005215936222775713,0.000418982105064976,0.00033949107025463786,0.00027691558413973894,0.00023007117598315805,0.00019341936153347518,0.00016701229914556544,0.000146106974714572,0.0005453875514457539,0.005227343958241012,0.011633130023597069,0.011661592681722753,0.014084801394200548,0.015689906391933153,0.017739892655718445,0.019688913521062737,0.02176773665198308,0.02378851812346993,0.0259120709288851,0.028890682714783088,0.0390809440307605,0.033042884634046234,0.03220860639780502,0.035834426716904365,0.03280005729308392,0.03964576604866242,0.033282476522551646,0.04045845837581057,0.03480283243406067,0.038476002930903724,0.035432397782212036,0.03380363045221933,0.023352796556577606,0.03140422215319044,0.031425012137691874,0.030516147763245353,0.02844352898880417,0.02688394984271615,0.024605246191142866,0.02266885149560113,0.020491570623671504,0.018561645936021432,0.015955906702669324,0.012560226585651988,0.007765789865280863,0.009576346490247224,0.009789096604602518,0.009265284314813898,0.008341404916922073,0.007305569957569158,0.006299980638894787,0.005357276132305379,0.004534356354977262,0.0038436178268178934,0.003290529277740711,0.00291842794601269,0.002969636111669959,0.0015548809304667855,0.0010692817965993074,0.0008202636060385682,0.0006497368349794452,0.0005185098228950075,0.00041635185129242704,0.00033742729005968976,0.00027533256504928355,0.00022887058171357105,0.00019251528693073347,0.0001663358895996973,0.0001456119134742492,25,1,69.52961,77.0,1276,1266,1255,1251,1247,1249,1244,1233,1230,1220,1232,1237,1233,1229,1214,1217,1206,1204,1200,1185,1189,1185,1181,1186,1188,1187,1198,1209,1209,1221,1227,1246,1266,1282,1311,1335,1349,1359,1386,1407,1429,1430,1456,1474,1480,1497,1518,1569,1602,1636,1707,1727,1762,1816,1847,1849,1870,1873,1853,1862,1859,1847,1804,1788,1786,1793,1816,1806,1809,1808,1799,1803,1783,1777,1741,1703,1702,1708.0,1707,1698,1693,1676,1678,1657,1648,1632,1634,1643,1639,1647,1661,1665,1702,1714,1732,1740,1810,1810,1818,1890,1884,1881,1865,1902,1887,1920,1946,1938,1977,2017,2056,2051,2051,2030.0,2086,2116,2108,2097,2094,2076,2063,2025,1986,1932,1875,1811,1749,1714,1671,1633,1620,1585,1567,1539,1503,1483,1456,1431,1414,1390,1367,1352,1329,1298,34,3,3.3980434,1
L0304092654,5.5344324,5.193,5.1929998,0.06193603109086546,0.9504024669529899,0,0,10.0,18.5,2.5,0.80000001,1,96,1,0,2,0.0,,0.5,0,0,3.387440211981018e-7,4.120717715525489e-5,0.001307426083434337,0.0025260274859224946,0.0029629762351546713,0.003396791141773605,0.004514207429715741,0.004005841195734026,0.007104793632955355,0.004806700389895194,0.009530395828054379,0.0072708748980361585,0.011004904534743117,0.010886400071877649,0.013009667225462703,0.014253157003053796,0.015842611377021656,0.017572665623759413,0.019101438345844723,0.020958820873193448,0.022475237970760963,0.024276626271030048,0.02571730404352947,0.027514690786091933,0.02870448069564347,0.030106159579111957,0.03106694456120582,0.03222024198000035,0.03275988936119919,0.03351727317907832,0.03361612986282002,0.03377596584088195,0.033483479375282794,0.033173097206551476,0.03243564000437815,0.03171057653906742,0.03056745014929315,0.02945163347015349,0.02800697915702708,0.026635319451836625,0.024969961451585306,0.023401775376973372,0.02164942568686164,0.020020034709199733,0.018265503086240427,0.016588985761951724,0.014963030571382808,0.013455994694113581,0.011936903443150512,0.010558573614585533,0.00925291008174971,0.008069102850640424,0.006978579743455945,0.006002369030986759,0.005122263058433695,0.004342908148851931,0.003659778282974142,0.0030646164298586956,0.0025484453991776036,0.0021062314931044224,0.0017302423029694617,4.3943823620823053e-7,5.308531946716009e-5,0.0014499115560918944,0.0025323050557922505,0.0029921817143188415,0.003437393829940431,0.0045297261641900005,0.004145811107645562,0.0070249135825059695,0.005121365432205614,0.009375524205671337,0.007605182981916876,0.010975671935674145,0.011088312160968228,0.01310843434841203,0.014388680491483124,0.015997823898999144,0.017693125763736526,0.019275770933336198,0.021076681238178047,0.0226517764723633,0.024389648507224724,0.025896243830623146,0.027602258213380214,0.02884497901954255,0.030181311333908403,0.03118731542563261,0.03225509866516512,0.03283898212127361,0.03351252022215638,0.03363664364148015,0.0337445244395628,0.03346207175647705,0.03310350698409352,0.032376078461375225,0.03160394374057598,0.030471382841406127,0.029318983615168666,0.027886031266511815,0.026480924809332212,0.02482999373635605,0.02324038196831408,0.021503129918110934,0.019858592012533826,0.01811818026706639,0.01644568034146984,0.014831835782870754,0.01332202654057744,0.011820138498418746,0.010448910211488329,0.009155877634000994,0.007980829814249498,0.006900800901579622,0.005933313865463704,0.005061827095586473,0.004290815615528076,0.0036145862601747276,0.0030258496176074783,0.0025153809474227936,0.0020784447491107266,0.001706837696046114,0,0,0.0,0.0,823,814,813,812,803,789,787,791,790,782,772,755,749,751,750,745,749,745,743,740,743,742,739,729,739,748,755,758,753,756,756,755,763,772,780,782,799,804,826,847,866,946,972,1016,1018,1048,1071,1141,1226,1345,1390,1441,1445,1489,1507,1514,1468,1505,1495,1528,1516,1477,1472,1441,1437,1438,1412,1400,1378,1368,1336,1285,1302,1312,1288,1263,1262,1301.0,1311,1290,1248,1231,1230,1225,1230,1206,1215,1206,1202,1227,1231,1245,1239,1248,1301,1335,1367,1327,1316,1314,1297,1281,1323,1358,1397,1436,1450,1449,1459,1463,1477,1471,1463,1536.0,1541,1557,1575,1569,1520,1523,1502,1511,1489,1495,1434,1348,1370,1282,1214,1171,1126,1091,1074,1033,1021,994,974,938,915,900,885,876,871,833,,,1.3592167,1
L0304105136,12.229506,14.922,15.055083,-0.27977635764057746,0.29367537143571737,1,12,10.5,19.0,9.0,2.5,1,192,14,5,5,0.9285714,0.80000001,0.80000001,1,1,6.436947873160595e-17,6.545048623694944e-16,6.655379746381615e-15,6.74124656177855e-14,6.828389863994125e-13,6.888540688648235e-12,6.939630640023152e-11,6.816510752287855e-10,6.522718460868305e-9,5.669120593912959e-8,4.065584946702982e-7,2.0654521200399134e-6,7.49873806108497e-6,2.5419897275635667e-5,8.87842820298209e-5,0.0002781545480633726,0.0007806660675923517,0.002008435170833539,0.004559023266001897,0.009554599068304467,0.017955951454522945,0.030867227896168834,0.04825815264534678,0.06864873596414953,0.0892120414996503,0.1061041329153305,0.11485473921576453,0.11479516835389127,0.10429098288404769,0.08772298196001761,0.06769818182282214,0.04886294182181297,0.03277306404591171,0.020878218612550868,0.012642346051956415,0.007384702301763557,0.004227817962013458,0.0024072236593992652,0.0013644270043555672,0.0007655235240291883,0.00042947255814273393,0.00024176501051262418,0.00013610060785980785,7.628903888232915e-5,4.276340210630931e-5,2.3880604934007128e-5,1.333601095904893e-5,7.4265211542302e-6,4.135729454816828e-6,2.296343963089986e-6,1.27505413801891e-6,7.073218749837441e-7,3.92384998807117e-7,2.1708126477118656e-7,1.2009883755507455e-7,6.630422616102873e-8,3.660579981132417e-8,2.0159944067953548e-8,1.110285672372654e-8,6.095118959383417e-9,3.3460714677819296e-9,1.8090312688929684e-16,1.838414952052054e-15,1.868414682791504e-14,1.8915600446955552e-13,1.91507317098661e-12,1.931127399816316e-11,1.9452053055466676e-10,1.9131059578945975e-9,1.842711811638907e-8,1.6397433867094665e-7,1.2656012305302704e-6,7.841875656592951e-6,4.36142275545009e-5,0.00013993051486122768,0.00042037530874276823,0.0011163674209139396,0.002736883071084548,0.006024538822948979,0.01194543866109301,0.02150460309429899,0.03411585668963638,0.04881692397362725,0.060566173514350945,0.0662539903123451,0.06273922875323945,0.08497463699229928,0.10035035538571763,0.10543368040194115,0.0982813399967088,0.08348275603162598,0.064337992076486,0.04602160474723535,0.030422536831465563,0.019057481037037333,0.011371442236415081,0.006566328039648249,0.003732244268206461,0.0034624556361317377,0.0032074870989910833,0.002945737740971663,0.002708451644649672,0.002502036124204326,0.002314665424031996,0.0021353597105930773,0.001973228435182626,0.0018196971025738412,0.001681324194739612,0.0015521833766659987,0.0014360697210751175,0.0007987168854957501,0.0004442455193928453,0.0002468581705301641,0.00013717806580823373,7.6018138178704e-5,4.2127123818625713e-5,2.3295828397198104e-5,1.2882674461156336e-5,7.106349260110702e-6,3.920107532237202e-6,2.155388231219189e-6,1.185122192380842e-6,7,4,-14.49999,-23.214285,2222,2203,2184,2169,2154,2139,2127,2121,2098,2094,2070,2049,2024,2044,2041,2019,2021,2017,2000,2004,2000,2001,2011,2022,2031,2052,2061,2079,2084,2007,2112,2127,2129,2063,2085,2132,2158,2194,2228,2265,2312,2380,2439,2485,2566,2629,2728,2911,3011,3034,3131,3215,3353,3447,3497,3564,3642,3671,3666,3643,3606,3555,3573,3525,3509,3565,3506,3446,3382,3306,3296,3296,3285,3261,3201,3169,3152,3138.0,3142,3138,3074,3038,2983,2973,2964,2949,2931,2933,2934,2903,2927,2917,2912,2955,3020,3074,3136,3173,3212,3194,3230,3245,3316,3335,3351,3355,3438,3511,3547,3591,3617,3636,3645,3601.0,3558,3493,3460,3430,3357,3301,3240,3185,3140,3065,3042,2948,2894,2865,2796,2763,2705,2649,2596,2554,2496,2477,2438,2404,2436,2416,2386,2358,2316,2270,8,5,0.19417374,1
L0306162733,12.714555,13.927,13.927,-1.0132410132969816,0.18266790542208117,0,0,10.0,18.5,13.8,1.7,1,96,10,3,5,0.89999998,0.66666669,1.0,1,1,7.91341135418732e-14,6.379057420826967e-13,5.142241223767291e-12,4.115712665040823e-11,3.2941237774988924e-10,2.6076812795976194e-9,2.064288208975038e-8,1.6281394552748982e-7,1.2841219309702422e-6,9.977447376085728e-6,7.727767860181729e-5,0.0005796042308932775,0.003705663987256794,0.014726922518172146,0.0339411380120461,0.06536920104433157,0.13012175723744643,0.20161351237018557,0.21250916969777617,0.1518037194983858,0.08630582059274096,0.04623677027303038,0.02473422604092113,0.013198916091236903,0.007043362562972457,0.0037613104919426224,0.0020086319053444234,0.0010625935516214778,0.0005621270399875075,0.0002970968683751747,0.0001570225624059831,8.24330946717464e-5,4.3275406565129593e-5,2.2552840275712638e-5,1.1753347312678015e-5,6.107335996284471e-6,3.173529724323101e-6,1.6447525710205902e-6,8.524313586165865e-7,4.412289501212681e-7,2.2838606479592566e-7,1.1827529189443184e-7,6.125187453126225e-8,3.1711335822596724e-8,1.64176370224683e-8,8.520779134688039e-9,4.422303893424782e-9,2.295648721737927e-9,1.1916888321875689e-9,6.200085718869151e-10,3.2257660612451416e-10,1.6819648288553102e-10,8.770031083261491e-11,4.582327932578794e-11,2.394259788115656e-11,1.2534409221042328e-11,6.5620038670395526e-12,3.439774564646426e-12,1.803115223997465e-12,9.464270008939738e-13,4.967647475833636e-13,8.827819728915633e-14,7.116495728490829e-13,5.736958512662163e-12,4.5918836690200913e-11,3.6753781893844615e-10,2.909569318430693e-9,2.3033315601615973e-8,1.8167209271621054e-7,1.4328912793999356e-6,1.113349154052642e-5,8.623192948538946e-5,0.0006467269123283033,0.004133011379195398,0.016386504896883314,0.03734535432125704,0.06920319757517847,0.13161782778430647,0.19982295321836124,0.20922921736192693,0.1491983940888378,0.08480124774592263,0.04543318819379022,0.02430587386095732,0.012971053955763472,0.006922155764469192,0.0036968012452844256,0.001974299944928549,0.001044461756683658,0.0005525511621179971,0.00029204344687607637,0.00015435577205252573,8.103340601756247e-5,4.254076764679523e-5,2.2169528853425368e-5,1.15533485091686e-5,6.003230653428829e-6,3.119340374227528e-6,1.6166057136955167e-6,8.378116657003704e-7,4.336434134274723e-7,2.2445033565064042e-7,1.1623245613331177e-7,6.019156315036159e-8,3.116113989790055e-8,1.613214575183918e-8,8.372341291804984e-9,4.345126335269005e-9,2.255515493752971e-9,1.170819331726378e-9,6.09136153914478e-10,3.169124241327274e-10,1.6524027811557978e-10,8.615743750010549e-11,4.501664832539932e-11,2.3520882999378803e-11,1.2313573691283462e-11,6.44636100250855e-12,3.3791517078010628e-12,1.771335219742191e-12,9.297488853913695e-13,4.880120896230378e-13,22,7,-3.6543927,-4.6401515,1121,1107,1107,1109,1100,1111,1109,1112,1098,1094,1100,1094,1106,1091,1097,1095,1101,1102,1096,1087,1084,1085,1070,1072,1068,1069,1069,1081,1102,1118,1127,1116,1117,1115,1114,1115,1110,1124,1135,1136,1153,1167,1180,1191,1219,1225,1260,1301,1307,1339,1361,1366,1321,1296,1295,1271,1272,1272,1272,1266,1261,1273,1275,1286,1289,1288,1297,1289,1296,1304,1316,1306,1308,1318,1319,1308,1309,1312.0,1308,1296,1297,1302,1304,1295,1305,1305,1300,1301,1295,1294,1296,1313,1317,1317,1328,1323,1326,1333,1321,1314,1308,1307,1311,1312,1323,1327,1347,1376,1379,1390,1397,1402,1407,1420.0,1425,1426,1412,1401,1390,1379,1373,1358,1345,1343,1331,1325,1327,1313,1287,1280,1261,1244,1243,1222,1212,1204,1191,1182,1178,1164,1162,1156,1146,1145,22,7,2.6093063,1
L0306163831,8.0285425,7.605,7.7370415,-0.7815706639194798,0.5907488986359719,0,0,9.833333,18.5,2.0,0.0,1,192,11,4,3,1.0,1.0,0.33333334,1,1,0.000152176969156848,0.0011279108346507936,0.0019350737018339764,0.0027239246979861654,0.0038502510666481447,0.005264320507040964,0.007072285276355048,0.009297211350771207,0.012010747092167394,0.015145390862957566,0.018891882338152324,0.02284468053737046,0.02748473059385662,0.03173926693088707,0.036980965209290825,0.04099750192142309,0.04594766371801057,0.04902202434792777,0.05271945210739309,0.05429147610400275,0.05592894426840242,0.05561308927647476,0.05488591041817074,0.05262597503452772,0.04983892514212473,0.04606668726513537,0.04187541115802763,0.03724723040643784,0.03253392404796952,0.027831410228261327,0.02338847739356131,0.01928061463729023,0.015565751605809867,0.012326707854016492,0.009575847999055281,0.00729739292860757,0.005454579550204183,0.003999951301396694,0.002877625558135122,0.0020311203187001283,0.0014078205277910374,0.0009585837824157654,0.0006410069436005385,0.00042149841767508676,0.00027317986425847834,0.00017498204353085518,0.00011121103261281963,7.061911877152207e-5,4.5407026946225166e-5,3.0022825444724815e-5,2.082900057098523e-5,1.5437131539464316e-5,1.2339653167569029e-5,1.0591248223049685e-5,9.627498711757183e-6,9.102545294215716e-6,8.825362960467747e-6,8.678183402204926e-6,8.605791411426585e-6,8.568360145409566e-6,8.551081334915626e-6,0.00016790049208311865,0.0011686063415297914,0.0019524268217010708,0.0027596675189190878,0.003892352272887238,0.005320565169902268,0.007142527615166802,0.009386578696750796,0.012113386518133392,0.015278993435181243,0.019022166956044705,0.02302482729363478,0.027619604256593377,0.03196966618042236,0.03709953673395189,0.041236605093012954,0.04603056242079038,0.049223448902781596,0.05275450588211749,0.05440943416821542,0.05590452451249773,0.05562758551498794,0.05479716510706321,0.05254901630181688,0.04969675885824466,0.04592222715622938,0.0417012508336514,0.037075125748600564,0.03235541970406313,0.027665162302096754,0.023229783768580575,0.019135879691014927,0.015439696750805853,0.012218967158591214,0.009486049359050749,0.007224186846268965,0.00539647449742947,0.003954779424118223,0.002843387080777962,0.002005759982106035,0.0013893877125206013,0.0009454553472767012,0.0006319077492045147,0.00041531143064354456,0.0002690602054932788,0.00017228538454391025,0.00010949323964642008,6.954522018470731e-5,4.474775681249203e-5,2.9626006148768967e-5,2.0594943972326114e-5,1.5301794115797607e-5,1.2262699906323237e-5,1.0548708342460826e-5,9.603870424446205e-6,9.09014847314499e-6,8.818369956281443e-6,8.674868027045918e-6,8.603626697099957e-6,8.567309474888313e-6,8.550240319796106e-6,4,9,11.902413,21.412035,1222,1212,1198,1185,1185,1174,1162,1162,1149,1136,1131,1126,1120,1120,1111,1108,1101,1096,1098,1098,1101,1103,1112,1106,1115,1121,1126,1129,1134,1138,1147,1157,1181,1201,1231,1237,1267,1273,1291,1320,1350,1372,1400,1418,1443,1485,1566,1600,1595,1644,1671,1706,1723,1761,1750,1746,1753,1760,1762,1757,1744,1715,1691,1689,1693,1715,1728,1724,1701,1737,1724,1678,1668,1661,1653,1665,1681,1703.0,1654,1696,1641,1666,1654,1644,1638,1632,1629,1622,1631,1648,1655,1652,1663,1689,1691,1685,1691,1694,1698,1717,1731,1750,1758,1739,1783,1821,1826,1866,1910,1933,1951,1975,1990,2005.0,2044,2052,2043,2034,2037,2000,1961,1924,1873,1844,1834,1843,1750,1753,1698,1652,1629,1583,1527,1504,1461,1434,1379,1355,1332,1314,1288,1262,1242,1228,5,9,2.304049,1
L0306195634,5.8598218,5.798,5.7979999,-1.0094965125627682,0.12721641751622575,0,0,9.833333,18.5,11.8,2.0999999,1,96,9,1,4,1.0,1.0,1.0,1,1,5.827217814984793e-26,5.548594024117623e-24,5.283369475471122e-22,5.0831506881150705e-20,4.890593689236378e-18,4.759367827231083e-16,4.6316803384884535e-14,4.5609595192227086e-12,4.3675416756531865e-10,3.266421167343755e-8,1.2043814927646074e-6,2.073806577042818e-5,0.000224449489644361,0.001660158263323338,0.009485484552879647,0.040963131664058135,0.12112044413902082,0.22732101600219298,0.2659879834574288,0.19643802631530125,0.09433838314354263,0.03179362703445595,0.008199873249484149,0.001895084479256707,0.0004236589917632117,9.745222495552714e-5,2.2416483319297816e-5,5.22777750623055e-6,1.219177519822117e-6,2.940318485371053e-7,7.091235226283007e-8,1.7376303052004647e-8,4.257874951021707e-9,1.0650603381228262e-9,2.664130979283627e-10,6.81516290791001e-11,1.7434000141874523e-11,4.501315065554474e-12,1.1622028901744551e-12,3.02459783013351e-13,7.871428610324242e-14,2.059145848415865e-14,5.386677229548219e-15,1.4049327982591116e-15,3.6642949251308036e-16,9.598961709514617e-17,2.5145394173392646e-17,6.517135747761431e-18,1.6890998222259338e-18,4.383083064393384e-19,1.1373767950506193e-19,2.9413225741040794e-20,7.606435664813846e-21,1.958978796530492e-21,5.045201199010382e-22,1.300125074040954e-22,3.3503642012857115e-23,8.635261832539216e-24,2.2256622329681904e-24,5.7356210918307235e-25,1.4780935279880585e-25,9.954768626991227e-26,9.480008978821202e-24,9.027967415802985e-22,8.686929177283562e-20,8.35884713147755e-18,8.135542709127277e-16,7.918180424703194e-14,7.79817975298994e-12,7.468205441406719e-10,5.584783391217107e-8,2.0540195232459067e-6,3.4786843935170115e-5,0.0003552320406090777,0.0023527472010580973,0.01157141627058605,0.04439972826627187,0.1236274146473036,0.22656355232617995,0.26285870641979264,0.19357929400702376,0.09288189627893877,0.03129528943033825,0.0080709077726301,0.001865239015508397,0.00041697642161485853,9.591345046660692e-5,2.2062168354157346e-5,5.145082703671784e-6,1.1998775406373995e-6,2.893758804998375e-7,6.978914030132317e-8,1.710105174735179e-8,4.190422617200904e-9,1.0481912135841991e-9,2.6219431252078496e-10,6.707295811044304e-11,1.715820536849946e-11,4.430153978265556e-12,1.1438420860215666e-12,2.9768532358053706e-13,7.747278834285976e-14,2.026699358054447e-14,5.301881163310437e-15,1.3828378881257041e-15,3.6067250315609423e-16,9.448318837370084e-17,2.4751222711206538e-17,6.415074804356086e-18,1.6626744019379402e-18,4.3145837114845426e-19,1.1196211026697815e-19,2.8954533915080685e-20,7.487942863234579e-21,1.9284927253398913e-21,4.96676799181895e-22,1.279934967866847e-22,3.2983926890163545e-23,8.501462389981125e-24,2.1912168812250503e-24,5.646960044549058e-25,1.4552732018311854e-25,9,4,16.27239,20.3125,873,867,859,846,841,836,840,831,828,829,825,818,817,823,823,826,825,825,817,813,806,799,798,800,817,805,811,814,814,814,816,817,835,845,862,882,886,891,903,915,930,945,967,993,1017,1047,1069,1087,1113,1150,1161,1184,1243,1265,1299,1324,1349,1374,1381,1376,1364,1337,1329,1327,1312,1303,1304,1293,1289,1284,1280,1263,1255,1252,1249,1237,1224,1217.0,1209,1212,1203,1199,1187,1194,1194,1200,1198,1197,1204,1194,1204,1188,1184,1183,1185,1200,1206,1218,1216,1221,1216,1226,1239,1240,1250,1274,1272,1271,1281,1287,1310,1330,1335,1350.0,1364,1360,1372,1367,1351,1316,1299,1288,1272,1264,1239,1198,1175,1156,1136,1115,1090,1071,1051,1036,1012,986,974,958,944,919,907,894,879,870,9,4,2.1324158,1
L0308150044,5.9496803,6.33,6.60075,0.041512382392922195,0.9540676626475116,0,0,10.5,19.0,5.0999999,1.0,1,96,10,1,0,0.60000002,0.0,,0,0,3.4779719086537216e-5,0.0006154833361595536,0.0022886625289485762,0.002082328753016221,0.0035202718860931105,0.0029685179601315298,0.0049048841044569535,0.004440136989155945,0.006286130496185079,0.0065928656750207084,0.008029308213015127,0.009041219912597579,0.010361469670045498,0.011737631947053942,0.013160774949301646,0.014731176188752353,0.01628595501687672,0.018007247570243287,0.019625590866704255,0.021337540959548224,0.022971544439778585,0.02470517452015639,0.026207885472903262,0.027740681754321015,0.029053042899466468,0.030331254458731,0.03133855082968871,0.032291811201621876,0.032904484693738814,0.03338672906374046,0.03358301832772001,0.033603210569395255,0.03334763987813348,0.032900106887502036,0.032208075461463224,0.0312952719514951,0.030239494071192932,0.02903309340127572,0.027647175442690117,0.02610600801859368,0.024548487949544954,0.022913569841324116,0.021228661487701035,0.01952757626007848,0.01784915132882398,0.016186293356615658,0.014593434774317567,0.013069910726987558,0.01161359136502313,0.010259471555163298,0.00899142851624076,0.007835088841778179,0.006773537322046174,0.005823463432531579,0.00496628322630882,0.004208749103928792,0.0035430851559477184,0.002962557751240503,0.002461440200786677,0.0020315677301111865,0.0016664199874989053,5.607338424533878e-5,0.0007789237754060075,0.0022395643237458148,0.0022431284133834096,0.003420580754981767,0.00318142205255162,0.004819460277719919,0.0046245848325063114,0.0062917018419836445,0.006724952670304892,0.008108237707358778,0.009158411281628304,0.01047442135049672,0.011864492543772906,0.013290535984474296,0.014873729897393806,0.016423927466006866,0.01814969668485283,0.019767476204739554,0.021491861050099727,0.0231050066090955,0.024837805352193543,0.026328162465135745,0.027858730790718475,0.02915035763091728,0.03042300128354892,0.031403771102135034,0.0323405198519602,0.032935731757274635,0.033400613290581936,0.03357608601086843,0.03357673078069705,0.033302568906511766,0.032833641379522674,0.03212986836743735,0.031205164733350853,0.030130259234952377,0.02890654389581405,0.02751918118870271,0.025974898817627514,0.024406667051971875,0.022767665886766486,0.02108367667626943,0.019383606729521878,0.017708617995799293,0.01605201845672443,0.014462975011519668,0.012946245262676237,0.01149801414627021,0.010151917356475462,0.008892974547631423,0.007745151509562518,0.006692701805048792,0.005750620040033622,0.004902296641501088,0.004152474860427085,0.003494070414863732,0.002920240507118028,0.0024251460199297783,0.0020006744271089533,0.0016404187060814527,0,0,0.0,0.0,1021,1014,1013,1005,995,988,1004,998,1001,993,985,980,977,977,971,968,954,1021,1010,951,951,950,952,942,946,944,948,942,955,959,968,979,987,997,1008,1016,1031,1027,1043,1067,1076,1105,1120,1132,1141,1171,1252,1274,1300,1333,1362,1412,1475,1497,1517,1554,1546,1566,1564,1574,1577,1555,1559,1576,1556,1545,1529,1514,1512,1531,1524,1511,1502,1501,1502,1503,1504,1501.0,1450,1506,1433,1419,1402,1468,1465,1458,1431,1448,1440,1441,1449,1382,1398,1398,1403,1405,1484,1414,1410,1415,1426,1446,1464,1509,1535,1549,1564,1566,1606,1646,1652,1665,1687,1688.0,1693,1700,1681,1651,1618,1596,1582,1531,1527,1504,1486,1444,1426,1400,1387,1354,1334,1311,1289,1270,1248,1221,1194,1171,1130,1106,1089,1077,1063,1047,,,1.2557172,1
L0309093151,12.137979,11.413,11.325791,-0.7412411983388237,0.5565708911924117,1,12,10.0,19.5,5.6999998,1.0,1,96,9,3,4,0.8888889,0.66666669,1.0,1,1,0.00032363250124028443,0.0005801732396540632,0.0009709263010216503,0.0015008321829616774,0.0022603303393912083,0.0032577902668050407,0.00469755662031786,0.006447726306704363,0.00884259659161069,0.011669518205641903,0.015175819130939912,0.019215798668648712,0.023867562591648246,0.028853582270373417,0.0343326786752594,0.0394646225010649,0.045074662630422486,0.049537531100460865,0.05396470866496372,0.05685261722819659,0.058941362571202215,0.05960840444034121,0.058938638325047366,0.05726087759033172,0.05393548135000377,0.0499744084344284,0.045105901092020506,0.040287076962429245,0.03472817690918541,0.02951819558401296,0.024371675299856108,0.01986951262271467,0.015725741713742743,0.012304302618828849,0.009335562972321975,0.006968685358207788,0.005071452563781071,0.0036307966625061285,0.00253718190100216,0.001743226978685445,0.00117054944806765,0.0007713511036440969,0.0004980529641890985,0.00031738529877522033,0.00019786899630368338,0.00012145777844571299,7.311611155284462e-5,4.3541385146911924e-5,2.543070362189773e-5,1.4770073266198971e-5,8.420371092113041e-6,4.776072039886791e-6,2.6743361778360463e-6,1.4883735626065347e-6,8.224883684995951e-7,4.5194186285234706e-7,2.468540776909498e-7,1.3444436505072082e-7,7.275394225469414e-8,3.931439681524798e-8,2.1219124332095195e-8,0.00033253258831383707,0.0005940449109993188,0.0009849830894995382,0.001525808214543573,0.002285950184021452,0.0033093289484860586,0.004757181231491071,0.006567001485390246,0.009059343775633924,0.0122149178264866,0.01668521462626728,0.023704404985593588,0.036617012167657934,0.037648735901177066,0.041164983580305854,0.04583383165074964,0.050718184011576795,0.05489061048867951,0.05825132188095699,0.060128962565180404,0.06044806976778365,0.058479469268809335,0.05347831946050822,0.04504140308066707,0.03425923485012334,0.03845351071387386,0.0390161443621868,0.03710029923235708,0.032984546980105375,0.028374171634582165,0.023380298110840476,0.018771499132563735,0.014382332258785775,0.010670124734833933,0.007450769426971906,0.004959419217253769,0.0031122850190954806,0.003056916207709695,0.0028792646327924975,0.0026390667004909576,0.002363738706472375,0.002080900731619437,0.0018103786571840774,0.0015727663840779675,0.0013575602784870052,0.0011679039093675852,0.001001775447705725,0.0008618928554974991,0.0007406867338062405,0.000390973163205461,0.00020623470699505301,0.00010945478814384987,5.8066764189604306e-5,3.0988211999204116e-5,1.6533015223522224e-5,8.861040077569415e-6,4.747922842308818e-6,2.546294521159807e-6,1.3651466181785408e-6,7.328950222446143e-7,3.934415980763669e-7,5,6,-6.7377853,-5.6944442,1757,1746,1745,1725,1695,1670,1668,1666,1663,1643,1632,1599,1582,1571,1576,1570,1567,1579,1563,1566,1557,1554,1551,1556,1569,1569,1586,1584,1584,1594,1614,1609,1609,1633,1639,1666,1685,1692,1707,1752,1789,1830,1889,1992,2093,2111,2157,2197,2244,2304,2404,2490,2527,2645,2696,2789,2820,2866,2855,2841,2870,2827,2901,2813,2878,2873,2831,2839,2826,2793,2824,2841,2856,2820,2778,2767,2691,2680.0,2651,2627,2656,2635,2662,2689,2642,2626,2639,2718,2613,2754,2685,2668,2616,2626,2613,2651,2644,2641,2657,2709,2725,2735,2773,2721,2830,2916,2865,2899,2891,2934,2914,2978,2884,2874.0,2861,2896,2807,2753,2677,2630,2600,2571,2545,2524,2464,2432,2432,2430,2377,2323,2279,2229,2147,2137,2109,2074,2040,2004,1981,1954,1933,1858,1828,1791,5,6,0.58206284,1
L0309110103,9.1285133,3.415,3.415,0.8069955441040103,0.1588216299778856,1,12,10.5,18.5,2.7,1.5,1,192,10,2,3,0.80000001,1.0,0.66666669,1,1,1.0529039895011228e-45,1.8777234608593626e-44,3.3487282408330962e-43,5.977863450427736e-42,1.0671308498046346e-40,1.9059816355742694e-39,3.404281242546066e-38,6.073478429289178e-37,1.0835649027581356e-35,1.9315570814902803e-34,3.4432242520709e-33,6.121223837480104e-32,1.0882175569557833e-30,1.9289049515540623e-29,3.4190843619838405e-28,6.0409633616232306e-27,1.06734753746382e-25,1.8766007176016777e-24,3.2994408032830965e-23,5.787733864924861e-22,1.0152636839570104e-20,1.7712779433912724e-19,3.0902666907390702e-18,5.376245610528071e-17,9.353266643032563e-16,1.6230528384982007e-14,2.8164550845136984e-13,4.873416525203077e-12,8.432664591823498e-11,1.4575963627039694e-9,2.5194748790362536e-8,4.3494768161773077e-7,7.496250238081183e-6,0.0001165117535646145,0.001119550592586266,0.006832501084912868,0.027833434840336506,0.07802460975728075,0.15265403990116896,0.21127890240348787,0.21039720107808524,0.15468396352723604,0.0874279724291301,0.04065823655278224,0.017037720504528297,0.007009106292757765,0.0028827913059383927,0.0011919924556506177,0.0004928723839611418,0.00020475965461844546,8.506588541845625e-5,3.5442174504161965e-5,1.4766812864371429e-5,6.17241226651514e-6,2.580031444966086e-6,1.0799230996853416e-6,4.520253526343404e-7,1.8949405062806443e-7,7.943844688975209e-8,3.3346530356502896e-8,1.3998231609424368e-8,5.50610781518445e-43,9.830732907093579e-42,1.7552149576187408e-40,3.1368987959495e-39,5.606270252875815e-38,1.0024900805324053e-36,1.792625206202992e-35,3.201767965192037e-34,5.7186481196329626e-33,1.020518808320908e-31,1.8211749422711314e-30,3.2409116742676303e-29,5.767470192349977e-28,5.8949382755784795e-27,6.029107734455045e-26,6.150199494518567e-25,6.278267732592696e-24,6.38194412676825e-23,6.4926267384604535e-22,6.595474044585287e-21,6.706002142887441e-20,6.787547423353334e-19,6.8770039513792785e-18,6.955241123210642e-17,7.042119295659604e-16,1.2219604072206819e-14,2.1203704447629478e-13,3.6688442042836965e-12,6.348153324310079e-11,1.0972550524134517e-9,1.8965664030697905e-8,3.2740260359275667e-7,5.641251233190391e-6,8.652719020948162e-5,0.0007560064921594587,0.003805627085703202,0.011595789423187616,0.03836372900098999,0.08693511588830989,0.14090274083779325,0.16957331663229494,0.15951959651366476,0.12516502548734806,0.08896423421940819,0.06087418500720188,0.041695257739137376,0.02859993157639177,0.01975516300237684,0.013667589583329807,0.005681684742604346,0.00236191272464919,0.0009847890978452812,0.00041060532778215697,0.00017177153858626015,7.185886762397027e-5,3.0104144262922387e-5,1.2611740109782352e-5,5.291851923819455e-6,2.2204626844136192e-6,9.33002579350081e-7,3.9203571079545786e-7,0,0,0.0,0.0,640,635,628,621,617,619,619,623,613,615,615,611,606,586,594,591,584,584,583,581,586,587,566,576,577,587,586,592,586,580,580,589,607,608,619,625,624,624,632,636,648,658,668,676,687,702,716,722,737,760,770,800,815,836,861,865,879,893,902,894,910,917,924,937,925,937,935,927,950,955,957,948,950,941,933,920,904,896.0,892,881,881,879,870,875,872,866,868,856,858,862,879,880,875,866,860,865,861,865,866,867,866,874,882,884,893,908,916,919,930,934,932,947,951,950.0,970,975,967,970,968,969,968,962,950,938,933,908,886,883,859,838,825,809,791,770,746,730,720,703,692,685,677,672,668,655,2,1,0.74170029,1
L0309180523,10.312842,9.731,9.7309999,-1.5972507379257184,0.22425003768656449,1,24,9.5,19.0,4.5999999,1.2,1,192,14,5,3,1.0,1.0,1.0,1,1,2.479852407115882e-5,0.00011484219233299703,0.0004989877708343438,0.001682171732588222,0.005173074244621212,0.013055177160776433,0.02872396928420092,0.05414829256697196,0.08690909389429816,0.1214678274196618,0.14433763716113523,0.1498181310041127,0.1334099177666357,0.10417154684094002,0.07072370987705537,0.042807785268347394,0.022939630198343913,0.01120656993285343,0.005028462455525256,0.0021811418260869043,0.0009082436381898323,0.0003834351856985507,0.00016079757196442318,6.969959955404915e-5,3.021198800824153e-5,1.3536412981423826e-5,6.064960057046946e-6,2.7905381684842748e-6,1.2839509805124951e-6,6.090612928026383e-7,2.8891929199366313e-7,1.3915352599256448e-7,6.702194212168948e-8,3.285381251631955e-8,1.6105080234303888e-8,8.011134864870877e-9,3.985078888463576e-9,1.9786736730855725e-9,9.824781339222618e-10,4.867203305953967e-10,2.4112773814937475e-10,1.1874694493966763e-10,5.848002874479224e-11,2.857245470670957e-11,1.3960333357355506e-11,6.771953799416656e-12,3.285028164907424e-12,1.57822220747049e-12,7.582325932667203e-13,3.628998508947456e-13,1.736903953250393e-13,8.213904972588757e-14,3.884423148329132e-14,1.8288833356909548e-14,8.610888035297949e-15,4.022910638887962e-15,1.8794660769197728e-15,8.712685144344533e-16,4.0389693436210723e-16,1.8639495745272468e-16,8.601980729860386e-17,2.8271908155421704e-5,0.0001251205172208773,0.0005541201011693648,0.0017991765417891324,0.005622533301327932,0.013747091197521748,0.030514197858117032,0.05629365616054195,0.09079558658583552,0.1264704874898566,0.15470268075282717,0.17358737669285446,0.1931094458193096,0.08527028852446304,0.03969264107259265,0.017499855471674243,0.006924977397551534,0.0023662896828896647,0.0006884923152430433,0.00016594623114307485,3.434666730282378e-5,6.210117807029093e-6,9.956906812919062e-7,1.6287257975223745e-7,2.666415943776564e-8,1.194806383996263e-8,5.3538622903095074e-9,2.4626317398499748e-9,1.1327444607380467e-9,5.369281073315319e-10,2.5450811625323727e-10,1.2245787228244777e-10,5.892153174585474e-11,2.88460227547931e-11,1.4122173303574598e-11,7.014008679714326e-12,3.4836640031885216e-12,4.578805501705129e-12,6.02549002293714e-12,7.921778816862293e-12,1.0430190548648356e-11,1.3673754198058934e-11,1.7957532885853343e-11,2.3442626509818727e-11,3.0666177216630356e-11,3.991616814083625e-11,5.2079580586662106e-11,6.746419465083475e-11,8.7626317725584e-11,4.1955266979069957e-11,2.008832789289068e-11,9.502813304328513e-12,4.495355445553962e-12,2.117123453618399e-12,9.970826572376126e-13,4.659341166144136e-13,2.177307481176407e-13,1.0095226178909223e-13,4.680728987812137e-14,2.160443970386603e-14,9.971794590616486e-15,12,9,8.368701,13.310184,1327,1320,1310,1303,1296,1302,1298,1300,1302,1307,1292,1304,1297,1294,1293,1291,1308,1310,1317,1312,1301,1294,1292,1295,1298,1304,1320,1322,1325,1328,1327,1330,1339,1342,1346,1354,1366,1377,1397,1414,1445,1475,1497,1528,1561,1597,1640,1693,1726,1790,1955,2054,2070,1975,2009,1970,1958,1955,1946,1935,1865,1847,1798,1790,1806,1784,1767,1714,1706,1688,1675,1669,1684,1688,1683,1671,1661,1666.0,1665,1654,1656,1639,1635,1617,1619,1614,1606,1619,1612,1615,1622,1627,1632,1649,1662,1677,1684,1691,1734,1777,1807,1873,1861,1903,1932,1934,2000,1989,1998,1993,1970,1975,1973,2005.0,1996,2000,1987,1984,1931,1874,1842,1816,1781,1757,1738,1711,1691,1652,1640,1633,1612,1589,1581,1560,1546,1524,1506,1481,1456,1430,1402,1395,1372,1365,12,10,0.97086877,1
L0310152324,19.517893,18.685,18.965771,-0.6258939427878183,0.41027984640536613,1,24,9.833333,18.5,3.7,-0.30000001,1,96,14,5,5,1.0,1.0,0.80000001,1,1,5.4476501971927256e-8,2.404451118951144e-7,1.0371357770576424e-6,4.208917229197192e-6,1.4904042122046168e-5,4.4357022704464864e-5,0.00011422981880911558,0.00026292113680902006,0.0005630223378700177,0.001144855861547901,0.0021868664270018445,0.003961058622457264,0.006742688160782833,0.010951509424979572,0.016902582393934117,0.024826023152762895,0.03442275355486146,0.045579533839033626,0.05691315583209788,0.06809303588654533,0.07677058201754704,0.0831550839587239,0.08487114780174111,0.08338400888722265,0.07740524611200691,0.06951817368117842,0.0590996561579328,0.0486637263848844,0.03826403088891811,0.029448648043378618,0.021802411483851966,0.015923862185198714,0.01131745008822681,0.008014172067973275,0.005614850042735998,0.003981526372449818,0.002820280488001932,0.0020175707506011583,0.0014433109286827845,0.0010404962856462058,0.0007501071868103594,0.0005433432090050912,0.00039357504201930173,0.00028505664958990005,0.00020646059917078896,0.00014995066798013275,0.00010890859474275616,7.857198057727494e-5,5.6685951221509915e-5,4.094490818179225e-5,2.957512782179852e-5,2.1232090297996496e-5,1.5242663062292036e-5,1.0878518494467799e-5,7.763908052554222e-6,5.5084921165415e-6,3.908288103998665e-6,2.754834841488973e-6,1.9418058731263407e-6,1.3616024583329587e-6,9.547637363965648e-7,5.810963312200875e-8,2.5655391878451866e-7,1.1074811974115715e-6,4.506558667563538e-6,1.6095026219008702e-5,4.8967044308719034e-5,0.00013194751800318325,0.00033082306299855727,0.0008225354827754118,0.0021183408997762373,0.005760993881885227,0.016587995000380894,0.049987191032368324,0.058653138155753286,0.06785700774102427,0.07493182288488688,0.07818469618463755,0.07526704068919816,0.06588067422787225,0.05138654576722009,0.034976634793448966,0.02065742173455295,0.010387350502745259,0.004520935343859178,0.0017049543324531838,0.0015217632190483374,0.0012297771803930413,0.0009383986874159888,0.0006786680908920655,0.0004844051423780908,0.00033704751777861234,0.0002354041676839006,0.00016285608869767175,0.00011390408385995397,7.947279147140426e-5,5.630915635239522e-5,3.9888529983020125e-5,7.451220688566475e-5,0.0001391930811029899,0.0002620450094615919,0.0004933389177277474,0.000933246187088658,0.0017654595443745858,0.0033394722352879883,0.006316966495211789,0.011982691560749019,0.022730581251543702,0.04283151974440265,0.08071001438666765,0.05830216881848767,0.04211572611550155,0.030237172711285724,0.02170901252668301,0.015494506597414331,0.011059033654874139,0.007846867298392598,0.0055677143403022305,0.00392473632927928,0.0027665930916239145,0.0019400484105718163,0.0013604448193410329,18,11,-13.286534,-14.446548,2573,2559,2559,2563,2540,2502,2486,2483,2462,2445,2430,2393,2371,2370,2360,2350,2341,2341,2321,2323,2320,2315,2316,2316,2321,2334,2344,2354,2368,2377,2384,2411,2433,2450,2444,2490,2525,2574,2615,2650,2719,2804,2895,2979,3126,3295,3463,3678,3859,4030,4072,4242,4328,4398,4436,4503,4571,4576,4510,4484,4491,4465,4374,4372,4338,4266,4210,4182,4083,3989,3934,3940,3913,3886,3834,3800,3778,3747.0,3740,3717,3714,3678,3660,3621,3644,3679,3697,3786,3748,3710,3707,3679,3684,3700,3792,3865,3987,4085,4108,4149,4120,4156,4274,4262,4270,4271,4314,4409,4444,5098,5084,5108,5125,5022.0,4916,4739,4554,4477,4327,4268,4172,4133,4055,3990,3919,3733,3657,3607,3531,3435,3361,3300,3203,3150,3103,3001,2941,2877,2818,2774,2725,2693,2643,2598,18,11,2.6246049,1
L0311105330,5.4100537,6.427,6.4294305,0.05457907606251626,0.9513223931764924,1,12,9.5,19.5,7.3000002,1.6,1,192,7,2,2,1.0,1.0,1.0,0,0,3.762902850870395e-7,4.9440858290696146e-5,0.0015510275842714083,0.0025479394914544092,0.0030875358479256925,0.003327878470022739,0.005007900323757742,0.003228720328834225,0.007810966135609015,0.004944841063949789,0.008750939421916853,0.008683934084034313,0.010409812828326476,0.011642781210042561,0.013137016172572328,0.014311160465991478,0.016836709059084815,0.015756005264741992,0.0223118896511041,0.016593015196806987,0.027525002305023038,0.019439817382552557,0.029820860187075394,0.024508404927500248,0.030750379908388817,0.02895845580863497,0.03181644220690031,0.03184242887316944,0.03285893822519033,0.0336327995388912,0.033474362469687345,0.03386443460189655,0.03325601023720385,0.03338935567695328,0.03224543699100394,0.03189673137760397,0.03043382525500144,0.029440890651418816,0.027914114122700312,0.026525751330533125,0.02487507808799218,0.023248124564826844,0.021527176847424435,0.019814063427276752,0.01810764752649145,0.016441500657892513,0.014813527818396083,0.01325263052761269,0.011789432016446007,0.010422059307732639,0.009136987278051475,0.007933324290188877,0.006879567843523268,0.005918332305940494,0.005057073488272233,0.004276399237502417,0.003613211412052955,0.0030133353144218746,0.0025146338702416943,0.002073684923650504,0.001707877427710817,3.7629028548254267e-7,4.944085834292697e-5,0.0015510275861550199,0.002547939504637072,0.003087535948475383,0.003327879375743265,0.005007905797121349,0.0032287930519240985,0.007811336561017409,0.004949337018334515,0.00878194470741175,0.008952322794508406,0.012310994322893945,0.012195179927183279,0.013540664092229083,0.014750071827019462,0.017111714695188858,0.016644542837172364,0.0222794632247434,0.018115089039693298,0.027139947541461536,0.021094290688895522,0.02953589951157064,0.024169501372189334,0.025795942356502344,0.027424397943186858,0.03149186770559478,0.03177438814697986,0.03284462271303749,0.03362887537305034,0.03347017898048901,0.033849524842260226,0.0331949343921433,0.03314947862006178,0.03134980861343799,0.028996903102670245,0.02324585599949468,0.026569047997982237,0.02722576277283221,0.026729179960463808,0.025517103088756394,0.02407959668432386,0.022470563822658392,0.020813086882134367,0.01917112150743516,0.01762249965992154,0.016267480909642727,0.015365653113031442,0.01575446043101634,0.011519049898528508,0.009416482074738006,0.008002285031911574,0.00689656764084374,0.005922511922192459,0.0050581010991017665,0.004276647011946728,0.003613271154785933,0.003013349444688334,0.002514637212383243,0.0020736857050997906,0.0017078776104750173,0,0,0.0,0.0,1002,1001,997,992,978,964,951,936,944,939,938,927,929,918,909,904,902,899,894,900,896,893,900,895,910,925,931,927,918,925,924,918,928,942,950,949,965,978,1000,1031,1066,1152,1189,1232,1240,1275,1337,1416,1488,1531,1691,1795,1807,1801,1792,1793,1749,1806,1789,1814,1791,1737,1724,1689,1673,1666,1632,1613,1600,1597,1554,1505,1530,1553,1532,1507,1508,1531.0,1536,1522,1484,1472,1457,1446,1452,1416,1433,1419,1428,1447,1458,1468,1492,1486,1517,1556,1573,1559,1550,1541,1529,1517,1565,1613,1642,1682,1717,1706,1725,1711,1749,1743,1708,1728.0,1755,1738,1753,1741,1726,1719,1711,1687,1657,1627,1612,1586,1607,1529,1456,1402,1349,1306,1294,1252,1234,1199,1177,1142,1117,1099,1078,1061,1044,1018,,,0.27303511,1
L0311120432,28.674932,27.839,27.839001,1.3664809148842083,0.3930839683637042,0,0,10.5,19.5,5.8000002,-0.2,1,192,6,2,3,0.16666667,0.5,0.0,1,1,8.395687407815994e-17,2.349570344953069e-16,6.575436541092954e-16,1.7868486422114407e-15,4.855715608432014e-15,1.3003435651561607e-14,3.482286922905211e-14,9.117763879388238e-14,2.3873308447233983e-13,6.108275045861212e-13,1.562872747962545e-12,3.925913988018969e-12,9.861761664986443e-12,2.434767429328381e-11,6.011071317591091e-11,1.4608019527755005e-10,3.549864029860007e-10,8.500596081131503e-10,2.035388619664962e-9,4.8198708073519636e-9,1.1411459467534026e-8,2.666866365116122e-8,6.23018648226641e-8,1.440147716553346e-7,3.3265942016348496e-7,7.613893646019086e-7,1.740202043322938e-6,3.935115571812871e-6,8.874444971859989e-6,1.9886870782824454e-5,4.432309005890469e-5,9.78854132074578e-5,0.0002138594147088113,0.00046006681645515844,0.0009696241957390794,0.0019918246847066283,0.003942350955879664,0.007443439417583356,0.013272966962438534,0.022128387041216512,0.03422437238610946,0.048993868896069444,0.06505316824100496,0.07992086219229007,0.09094752971261563,0.09499431295982103,0.0916728154660736,0.0824163448590738,0.07066977343138257,0.05875631822359237,0.04830750464616032,0.039431333420624735,0.0321642918245043,0.026163693653248117,0.021282555360688377,0.01720735491825643,0.01391252658494384,0.011212015927956774,0.009035721141267154,0.0072369088079909235,0.00579621596822704,8.503816741942527e-17,2.38000505653438e-16,6.661096644535313e-16,1.810227686614391e-15,4.91952219844066e-15,1.3174930945445587e-14,3.5283796138453647e-14,9.238766419015764e-14,2.419096121146947e-13,6.189680532803526e-13,1.5837345027927978e-12,3.978359942559225e-12,9.993607308812969e-12,2.4673196377008015e-11,6.091438411445142e-11,1.4803190902544277e-10,3.5972573169543603e-10,8.613924678596427e-10,2.062483400524873e-9,4.883899135039872e-9,1.1562712164974982e-8,2.7021089117358036e-8,6.312247034708755e-8,1.4590389774184546e-7,3.370027280845228e-7,7.712735299415743e-7,1.7626395920976755e-6,3.985427223351457e-6,8.986734296499886e-6,2.0135229926882177e-5,4.486740823819062e-5,9.906157460642359e-5,0.00021635625088358107,0.00046523718870455623,0.0009799811268263365,0.0020116895425823693,0.00397824521974196,0.007503587928348407,0.013364982486309906,0.022254427213089553,0.03437795712816083,0.04915908265277098,0.06520656649720719,0.08003088110942273,0.0909848108690245,0.09494673693205602,0.0915603064701279,0.08227620773545943,0.07053356746215277,0.05863941320001865,0.04821241837508322,0.039355590749829805,0.03210424281084503,0.026116234202830088,0.02124508008982258,0.01717790023336159,0.013889395326462455,0.011193901415392353,0.009021547561502674,0.0072258674062236515,0.005787621497762538,0,0,0.0,0.0,3541,3508,3496,3463,3443,3424,3400,3383,3370,3342,3326,3302,3305,3292,3297,3294,3298,3288,3274,3285,3286,3301,3309,3301,3314,3330,3336,3341,3350,3404,3421,3453,3507,3545,3575,3617,3659,3727,3819,3969,4240,4486,4637,4983,5281,5606,5853,6031,6091,6219,6238,6382,6375,6480,6567,6618,6536,6616,6483,6361,6344,6188,6112,5948,5833,5771,5657,5551,5485,5425,5275,5281,5242,5134,5020,4938,4903,4861.0,4852,4808,4742,4643,4604,4608,4645,4700,4673,4658,4707,4779,4848,4916,5034,5171,5388,5527,5603,5681,5814,5879,5918,6040,6038,6052,6085,6100,6171,6222,6221,6176,6202,6265,6373,6365.0,6330,6281,6170,6081,6036,5927,5838,5805,5708,5634,5623,5554,5451,5312,5157,4961,4820,4664,4546,4419,4297,4185,4038,3920,3861,3798,3735,3676,3634,3599,12,6,0.19417374,1
L0313170828,2.0496953,2.591,2.5910001,-1.6401984497330917,0.0767348576334802,0,0,9.5,19.5,3.3,1.4,1,192,3,1,4,1.0,1.0,1.0,1,1,9.542529416329044e-34,3.1974865490981473e-28,1.071564165554723e-22,3.583675268360094e-17,2.232869301176536e-12,6.356820534997045e-9,3.279468707089481e-6,0.0004469228747247061,0.016193046223715105,0.15697276498847787,0.41638401074631126,0.3203092864879857,0.08138917423056109,0.007969147349160897,0.0003256104967150716,6.646300965569205e-6,1.0289262193124051e-7,1.5570725753745756e-9,2.356315691599603e-11,3.5892118838858815e-13,5.467197893979352e-15,8.3740849256987e-17,1.282655393450181e-18,1.989149294494074e-20,3.0847844173639964e-22,4.847745145967006e-24,7.61824228159864e-26,1.2146403959820756e-27,1.936603398549952e-29,3.1504785708300517e-31,5.125218552498258e-33,8.424649987116971e-35,1.3848137231054362e-36,2.3219319972633814e-38,3.893208324734998e-40,6.60680985676097e-42,1.1211816449418365e-43,1.920889639794461e-45,3.2910073624664733e-47,5.696817809213568e-49,9.861337217829522e-51,1.7176444933824095e-52,2.991787580793268e-54,5.245878613470029e-56,9.198260836253286e-58,1.6271887871377392e-59,2.8785260629045346e-61,5.142357857237375e-63,9.186591950633798e-65,1.6598849913951412e-66,2.9991733605044948e-68,5.506492216796583e-70,1.0109937937053849e-71,1.8755995983517956e-73,3.479619635482385e-75,6.565019346848985e-77,1.238626162194696e-78,2.3738824083668364e-80,4.549651780798133e-82,8.85042911585556e-84,1.7216723427957424e-85,3.5924185212421527e-32,1.2239449779301876e-26,4.170049379858579e-21,1.4004081093103553e-15,7.427017777597357e-12,9.958202397618657e-9,3.96315717260084e-6,0.00048388831567921554,0.01677906454234481,0.15960641483374396,0.41847804988480164,0.3176320616349675,0.07911474183380646,0.0075888098481316345,0.0003066577638612194,6.240195705803084e-6,9.654149111024095e-8,1.4602344423263077e-9,2.2087299386917227e-11,3.3629554663486503e-13,5.1204634867372e-15,7.840043205081141e-17,1.2004271936574206e-18,1.861040913945713e-20,2.885243175919053e-22,4.532966546442818e-24,7.121763349274526e-26,1.1352335773320105e-27,1.8096168011920593e-29,2.9433872384164853e-31,4.787520794117374e-33,7.86839646126182e-35,1.293194131132198e-36,2.1680689375754036e-38,3.6348261506554255e-40,6.16776712766971e-42,1.0465816823911035e-43,1.7929426328498383e-45,3.07156891843686e-47,5.316637055898836e-49,9.202676832275115e-51,1.6028349063440606e-52,2.7916676874306694e-54,4.89476867896283e-56,8.582243727721103e-58,1.5181638947494008e-59,2.6855707738941962e-61,4.7975460447464415e-63,8.570413164763798e-65,1.5485353076593684e-66,2.797953395733368e-68,5.137089414808206e-70,9.431782563648688e-72,1.749820349273698e-73,3.2463338982531826e-75,6.125104341673255e-77,1.1556703180717895e-78,2.2150161351400456e-80,4.245415345328241e-82,8.259209807834126e-84,1.6067837581562965e-85,5,3,2.7915976,2.7777777,533,529,524,523,518,528,524,526,525,526,527,521,521,507,512,521,513,510,518,516,513,500,479,482,482,488,494,495,492,491,490,497,505,502,507,509,516,517,522,527,537,543,550,558,575,569,582,595,598,618,634,637,650,676,681,679,691,694,705,702,713,715,720,721,715,725,722,715,730,736,729,720,720,717,707,704,697,682.0,679,669,668,671,663,665,662,660,659,655,656,671,674,672,668,664,661,665,667,669,670,672,670,670,670,675,692,701,700,705,709,715,713,714,721,723.0,729,735,737,740,738,747,740,732,721,718,716,690,688,686,663,656,646,628,628,608,588,585,576,569,564,558,549,548,546,542,5,3,0.97086877,1
L0314110410,6.2581348,8.104,8.1040001,1.4352676567310068,0.4936451890031052,1,24,10.5,18.5,8.3000002,3.5999999,1,192,13,3,5,1.0,1.0,1.0,1,1,8.720054646794843e-15,5.2083317167655384e-14,1.7875249307808564e-13,5.670356358682643e-13,1.7605945328560722e-12,5.313389035272332e-12,1.5673467297567666e-11,4.493094697546102e-11,1.2585026375479614e-10,3.4270858202143646e-10,9.11580475628938e-10,2.3580668843033154e-9,5.956682373568491e-9,1.4641028210654799e-8,3.511787078222677e-8,8.201338961589117e-8,1.8681994789201232e-7,4.1448060005512506e-7,8.967213167052329e-7,1.8902921119078353e-6,3.884201302982749e-6,7.775968280864645e-6,1.5180317445870175e-5,2.8869813237336438e-5,5.353216728844983e-5,9.670927656072464e-5,0.00017032847755273596,0.00029228455764840436,0.0004889687001256189,0.0007971106907200148,0.0012665225210188088,0.0019615010133568764,0.002960024334136049,0.004354718364986231,0.006241983092589856,0.008720306828831681,0.01187495629145308,0.015767099890932126,0.020389489413533867,0.02568748684483307,0.031568768849117725,0.03781339235207583,0.044125661898465854,0.050176746194608685,0.055628735723981165,0.06006806593239782,0.06326174078360458,0.06491773423001851,0.06492956396891104,0.06328145321572634,0.06012372522721338,0.0556906387104201,0.050259093137687415,0.04425156880533687,0.03793465977856602,0.031702056005744175,0.025826813593477833,0.020540947719553553,0.01589577246663683,0.011996584266459448,0.008824014524523745,1.4394033664959154e-14,6.724954562893314e-14,2.253144301152371e-13,7.095983501304351e-13,2.1893172299988316e-12,6.563976032187155e-12,1.923515319999181e-11,5.483374711117102e-11,1.531351479078788e-10,4.2089624218171437e-10,1.183089734444272e-9,3.76089112713375e-9,1.6937892626859813e-8,3.236225693644787e-8,6.93896481870831e-8,1.5001989860254135e-7,3.2061132684067867e-7,6.730844205875531e-7,1.3886495956051283e-6,2.8089685443590585e-6,5.565837436533133e-6,1.0726080491096593e-5,1.9646934460942953e-5,3.1564933272085194e-5,3.827474947727033e-5,8.491174038879633e-5,0.00015761767874239433,0.0002740777716774327,0.0004611867339024859,0.0007548790387933086,0.0012028064502738604,0.0018614154615009726,0.0027786533750484912,0.003930738858323113,0.0050302581397208635,0.00534482907466482,0.0043754667038036045,0.007485890881615135,0.011120719264472046,0.015280386188202426,0.02011392573483086,0.02566205072232382,0.031970275521996286,0.03897922558059589,0.04697638143381552,0.056179055367271295,0.06790017547884421,0.0855358999542837,0.12262533171823303,0.07991595358621499,0.06434838305076519,0.05636842451611605,0.049943334136923825,0.0436730023881219,0.03731087071923261,0.03110648195441458,0.025286173855227224,0.020074737794779612,0.015508937207681336,0.011685468577854798,0.008580829178770871,0,0,0.0,0.0,1375,1382,1378,1372,1366,1371,1371,1384,1396,1391,1391,1372,1365,1359,1350,1361,1346,1337,1333,1334,1334,1329,1328,1329,1332,1335,1340,1350,1351,1366,1374,1388,1390,1415,1450,1466,1501,1516,1538,1535,1505,1506,1494,1492,1508,1521,1530,1555,1570,1571,1573,1570,1574,1580,1576,1578,1585,1590,1592,1591,1584,1582,1590,1587,1589,1581,1576,1572,1576,1581,1578,1570,1566,1575,1591,1593,1597,1599.0,1598,1595,1578,1568,1551,1550,1550,1547,1550,1550,1549,1553,1546,1543,1556,1556,1571,1591,1600,1614,1624,1628,1632,1626,1641,1652,1649,1667,1673,1702,1716,1730,1753,1768,1779,1799.0,1806,1810,1787,1774,1764,1739,1723,1715,1701,1680,1665,1659,1653,1643,1616,1608,1591,1571,1553,1523,1500,1489,1462,1453,1449,1429,1409,1403,1395,1381,8,2,0.61782604,1
L0314192920,4.3230166,5.016,5.0159998,0.46405541325223554,0.47918057545838727,1,24,9.5,18.5,4.8000002,1.3,1,96,14,5,5,0.71428573,1.0,0.0,1,1,5.1394707492282256e-14,1.8493823101180282e-11,1.3287419537681048e-9,8.924292166317902e-9,2.2508967168272663e-8,5.3350594801754724e-8,1.4261600663306288e-7,3.0560278568556854e-7,7.563890511633273e-7,1.6493345306811887e-6,3.5102640351814135e-6,7.753532929183163e-6,1.5258938264206332e-5,3.1680799390525036e-5,6.0830007384593315e-5,0.00011599947082593215,0.0002128961908265881,0.0003807409752658257,0.0006568494579738022,0.00110696485794738,0.0017939728649074916,0.0028357998149372214,0.004303417153738237,0.006431376187316744,0.009163367417669606,0.012899892496617762,0.017294817804900088,0.02293667869313906,0.028892151678101524,0.03630461504170104,0.04318539336091341,0.05063653601209181,0.05671077423953254,0.06310567174271138,0.06649198815499942,0.06938684630397302,0.06913136070727562,0.06742978883413693,0.06338844927754234,0.058283651038402745,0.05167706318760661,0.04440403508781449,0.03717952688370234,0.030046656792925373,0.02366004808086758,0.01806283206235013,0.013375753567495971,0.009583639494309485,0.006672759932545201,0.00453474996198592,0.00296014538564378,0.0018930193104405948,0.0011622332316602736,0.0007004073661986969,0.00040318032947056335,0.0002310250206096202,0.00012427321494159316,6.723089678413226e-5,3.388267253848408e-5,1.736598215710726e-5,8.198144985390676e-6,9.494676777870362e-14,3.3418975476727673e-11,1.6153211241903867e-9,9.291010702120746e-9,2.3779312967058698e-8,5.493073544708747e-8,1.518711731356481e-7,3.08533157503884e-7,8.089736627563107e-7,1.666356592310128e-6,3.7347237689465227e-6,8.282891154790745e-6,2.4515596138068443e-5,3.903386327874996e-5,7.754111209278172e-5,0.0001416665802335624,0.00025824982732155214,0.0004534534155729886,0.0007734262648791785,0.001286457397683905,0.0020620880769450455,0.0032266674539164434,0.004844065836454987,0.006852267016843233,0.007391813145836711,0.012485031055093318,0.017191021336646052,0.02287457601704658,0.028825462305923637,0.0362418369942463,0.04311761678738194,0.050576132268018756,0.056628279690969174,0.06288118360363622,0.06516743095660867,0.062244806852184274,0.04426672472001103,0.05817812573593425,0.061731449253251434,0.06013880657779581,0.055592918824614916,0.049263549200574214,0.042383726693753274,0.035273940339467756,0.02858324796411683,0.02264290416818544,0.017632605714117486,0.013788883352119133,0.01190065191527397,0.005314873986577122,0.0030419660749235657,0.0018819062253849026,0.001146229707539129,0.0006888072052220856,0.000396224157682319,0.00022671608813620294,0.00012195608048562085,6.58848332638322e-5,3.3211696570923525e-5,1.6996188839825675e-5,8.026841803150301e-6,0,0,0.0,0.0,936,935,936,927,927,912,901,887,880,872,854,849,840,834,828,827,824,823,821,829,832,830,836,836,841,867,847,850,855,862,871,879,894,897,917,931,938,965,988,992,1027,1036,1062,1078,1082,1097,1121,1135,1163,1187,1212,1216,1263,1304,1335,1346,1353,1338,1356,1348,1347,1338,1352,1355,1340,1331,1370,1367,1400,1411,1404,1370,1361,1372,1346,1345,1337,1306.0,1283,1288,1288,1259,1242,1230,1220,1224,1226,1231,1227,1208,1226,1229,1249,1253,1243,1258,1267,1268,1305,1303,1318,1349,1329,1349,1390,1400,1420,1475,1546,1625,1651,1667,1672,1698.0,1671,1705,1626,1585,1543,1517,1524,1530,1508,1441,1415,1403,1419,1404,1385,1313,1261,1198,1182,1149,1122,1096,1061,1041,1023,984,983,971,949,946,14,13,0.75512034,1
L0315181842,3.6038616,3.008,3.0123403,1.28822926374566,0.601005068265909,0,0,10.5,19.0,5.5999999,1.5,1,96,14,4,5,0.9285714,1.0,0.60000002,1,1,2.9596335791944185e-16,5.080844786403096e-13,3.0720631755991285e-10,1.5793046303987816e-8,3.9047131796591054e-8,6.985776657829975e-8,1.2789647350160292e-7,2.3761746461946271e-7,4.3125947797940394e-7,7.814799893963309e-7,1.3586001802872547e-6,2.4143314498473933e-6,4.0084037134619386e-6,7.1039257707424735e-6,1.118027920027972e-5,1.9948944737095577e-5,2.993669084814523e-5,5.2894026900911524e-5,7.978114171893102e-5,0.0001320660862457161,0.0001932286809256832,0.00031337952055981197,0.000460266389226905,0.0006959500941905501,0.0009986946481783374,0.001445746477793046,0.002006214259074897,0.0027889468494494583,0.0037503662259949907,0.004983259416822178,0.006476857829560037,0.00830707619514851,0.010460914351289392,0.01298205189903889,0.015904248041859814,0.019081127225956014,0.02262707437549772,0.026476696154351675,0.030797710791195528,0.03463224306201667,0.038633774771707985,0.04269347276632884,0.04662386402540709,0.04931098121374796,0.051638571608191824,0.05307851550022802,0.053158324864251164,0.053215813825765235,0.051339536003196726,0.049737565359648586,0.04610778424510389,0.04355400831525199,0.038977317305350624,0.035696721474584206,0.03097857255389934,0.027337959010120427,0.022865494367962737,0.01970705192823966,0.016067918861718898,0.013170574452464355,0.01038172936887012,1.836190057919375e-15,3.165957416084656e-12,1.7074476908334397e-9,1.802596822545043e-8,4.2049059031439623e-8,7.558152188145154e-8,1.3839946963627117e-7,2.562960613908723e-7,4.6410483229226966e-7,8.365046800763152e-7,1.455685726375309e-6,2.565502069052242e-6,4.290779872039977e-6,7.495012983803299e-6,1.1973151512246199e-5,2.0926345058403087e-5,3.197978718099098e-5,5.543219851843734e-5,8.444940689399497e-5,0.00013789822771979087,0.0002037031520717059,0.0003267490691183425,0.00048092490477767333,0.0007233664550441725,0.001038022930909977,0.001496963513250761,0.0020757139250352497,0.0028773110615208744,0.0038635174043005686,0.005123586299461728,0.006648458101273524,0.00851122112106612,0.010698731823378802,0.01325274429462232,0.016201351284813963,0.01940126994754328,0.02296096881443709,0.026818852117933122,0.031118117666911065,0.034938009619293005,0.03892657623227587,0.04293623598155749,0.0468006709305626,0.049412428811096844,0.0517214658754732,0.053002875875430074,0.053131619404883534,0.05298263125466073,0.051185406254778645,0.04937077465143655,0.04587387218719665,0.043118614727134685,0.03868073159515663,0.03525726332297344,0.03065722420476419,0.026932390170684682,0.022580797473243763,0.019377483822880105,0.015812727078882358,0.012921458707529063,0.010196869160892295,0,0,0.0,0.0,562,555,548,550,547,535,536,538,536,533,526,517,513,516,512,507,509,508,507,508,505,507,505,501,500,506,510,514,513,511,511,513,520,521,531,531,537,545,560,569,590,630,646,675,687,708,740,786,827,845,921,970,984,1008,1018,1044,1031,1030,1053,1041,1021,1026,985,957,928,919,890,879,865,854,846,817,831,828,822,810,822,836.0,838,837,817,804,801,775,771,773,771,761,756,768,770,784,777,779,780,797,824,844,844,865,866,877,907,922,959,987,996,1023,1022,1028,1015,1015,1040,1034.0,1031,1041,1047,1044,1008,1010,1001,977,975,995,967,919,936,900,860,839,800,761,728,717,695,681,665,642,635,621,600,595,587,562,12,5,0.75512034,1
L0315183653,13.209072,12.556,12.556,-1.259297731326371,0.38000388886560627,1,24,10.0,19.166666,14.0,1.2,1,192,14,5,5,1.0,1.0,1.0,1,1,0.00036075907339883437,0.0007621073671258169,0.0014449632451618562,0.0027221693542662274,0.004783286612581912,0.008071309131384917,0.012878246497081032,0.01948162122803687,0.028056164537209934,0.03844029889746848,0.05001408028670916,0.06178287102275057,0.07274578577524396,0.08137201836997808,0.08672873227370761,0.08795855814492774,0.08490852670510718,0.07804985283977162,0.06835480825858554,0.057110293218704686,0.04548962893031688,0.03464815028069538,0.025214511678310587,0.017616338714399292,0.01179846433158142,0.00762571974134645,0.004752106239881398,0.0028825523367164096,0.0016985822527994306,0.000982825221041872,0.0005577524016610605,0.0003137873829694336,0.00017472758644617717,9.725038800975852e-5,5.391285086867739e-5,2.9922343773339777e-5,1.659880767512473e-5,9.222957065764389e-6,5.124682876153249e-6,2.8436197890767254e-6,1.577900261386604e-6,8.71849964525457e-7,4.817332841070672e-7,2.6632575456250847e-7,1.4723889162285407e-7,8.088872077244037e-8,4.4438068003393365e-8,2.441771118222885e-8,1.3417035554584828e-8,7.349613066582206e-9,4.025999983035942e-9,2.1982520149228996e-9,1.2002788955181574e-9,6.547169770058343e-10,3.5712964954980104e-10,1.9465698937560867e-10,1.060998802923986e-10,5.78748257447876e-11,3.1569331922221554e-11,1.7257315573845695e-11,9.433704424551676e-12,0.0004496842881191312,0.0009086559722162522,0.00169631585683857,0.0031398151595321147,0.005456139795453689,0.009112685518015012,0.014446949547023516,0.021833007873728213,0.031804249205870515,0.04537976207714054,0.06490280053820321,0.0977258659264804,0.16560785638004846,0.11971467895779526,0.09577968942903466,0.07940223034608482,0.06538080112415508,0.052409729431393264,0.040301489837387044,0.029550808789613033,0.020494381953599254,0.013321221502869168,0.007941480804293894,0.004171137298868942,0.0018363711829793483,0.0017133383056385405,0.0013238602055387523,0.0008893597821064181,0.0005430850477088895,0.0003147965027884338,0.00017653966247022164,9.806666118436212e-5,5.409501058838826e-5,2.995098493218606e-5,1.6568829380999434e-5,9.189055209893863e-6,5.0960711525728846e-6,7.457076314734273e-6,1.0915194825146184e-5,1.5960391064192906e-5,2.334590799774411e-5,3.401740664867849e-5,4.958745677636364e-5,7.235676807922052e-5,0.00010563388983316265,0.00015332038788371858,0.00022265938138304935,0.0003236158031839564,0.000470660625606948,0.00025789075380314565,0.00014130772941403408,7.7174012340861e-5,4.214808253446962e-5,2.299564462197002e-5,1.2546273822576777e-5,6.839926270959529e-6,3.7289740666015217e-6,2.034522964773482e-6,1.1100365163767618e-6,6.069579889369795e-7,3.318806153523054e-7,7,9,1.8346711,4.1005297,1295,1285,1269,1254,1242,1228,1218,1217,1206,1199,1190,1178,1172,1168,1172,1169,1160,1162,1152,1133,1141,1150,1149,1151,1165,1162,1172,1183,1189,1192,1191,1195,1213,1225,1244,1261,1281,1288,1317,1317,1335,1402,1431,1561,1619,1689,1717,1778,1777,1843,1878,1913,1940,1949,1931,1976,1990,1995,1957,1981,1980,1947,1957,1921,1891,1972,1911,1879,1847,1845,1837,1867,1825,1840,1885,1876,1859,1815.0,1793,1762,1806,1806,1767,1724,1699,1688,1698,1666,1678,1648,1647,1640,1664,1698,1703,1710,1678,1715,1730,1755,1822,1804,1762,1754,1780,1811,1825,1821,1843,1816,1835,1812,1860,1901.0,1955,1950,1941,1967,1951,1886,1894,1886,1861,1932,1914,1887,1921,1892,1907,1901,1847,1754,1644,1592,1566,1536,1520,1473,1433,1419,1415,1403,1373,1338,8,10,0.27184331,1
L0317172945,2.8663063,4.241,4.2410002,-0.7106281761990924,0.3255333920334254,1,12,10.5,18.5,9.5,2.2,1,192,15,5,5,1.0,1.0,1.0,1,1,1.856882041300765e-14,1.0183566247054448e-10,2.3354314969829742e-9,1.136852511981891e-6,4.340311377258977e-6,1.3533935611090636e-5,3.9246615559224066e-5,0.00010613845291588583,0.0002674052326548269,0.000628584852480642,0.0013767840021012589,0.002825963807359811,0.005418479645525084,0.009734662681201134,0.016385785638820177,0.025820262322287645,0.038225438183699105,0.05296704297678873,0.06875940349066559,0.08349440991214935,0.09519139019055192,0.10155218702572022,0.10133126257559058,0.09472754978899171,0.08282793491748172,0.06790105821421635,0.052041333267424064,0.037465511609906674,0.025233590220949315,0.015926241191105788,0.00942449730159526,0.005227789948365626,0.002719386924696477,0.0013272741383890724,0.0006080683892324982,0.00026062364840054444,0.00010490074645209703,3.97327447970914e-5,1.4130608098632377e-5,4.693628461473314e-6,1.4716599430302222e-6,4.3751639636555196e-7,1.2641856797440466e-7,3.8753852312640255e-8,1.5592356769796138e-8,9.846695904785104e-9,8.501959183849524e-9,8.215087394275878e-9,8.141827481846796e-9,8.132636180723557e-9,8.115677531046123e-9,8.115498745408583e-9,8.086388143769425e-9,8.09321960895329e-9,8.082715620723974e-9,8.076843424024643e-9,8.047970374144552e-9,8.052203832278578e-9,8.039579865554693e-9,8.038069637017591e-9,8.041089037780281e-9,5.374616820529704e-13,2.9463374866315383e-9,4.205771981387571e-8,1.2463659303900251e-6,4.667603691137854e-6,1.4471453247141104e-5,4.1712774152810565e-5,0.00011210880429548463,0.00028063287104515794,0.0006552763427479309,0.0014269415272292066,0.002939948965918116,0.005973131046425085,0.01023993803742881,0.017019810335113208,0.026591124809179262,0.03919714819016215,0.053948044555478615,0.06975807849128995,0.08429430159616735,0.09588147779062248,0.10167409140739798,0.10111218157322265,0.09374294849001538,0.07747576624679106,0.06741559380779706,0.05196069908164791,0.03742334499638932,0.025203985175130453,0.015906101334720674,0.009411750730855093,0.005220298346242047,0.0027152887761989777,0.0013251631682304906,0.0006068792951281401,0.0002588582151467724,9.729032647764753e-5,4.441001377054362e-5,1.6757189155108615e-5,5.727192234243621e-6,1.8365373731930164e-6,5.571133758454858e-7,1.6304675358534203e-7,4.926851484135934e-8,1.8422857613641307e-8,1.055715967116463e-8,8.670887280909538e-9,8.33723563372025e-9,9.093118092288472e-9,8.208423276662327e-9,8.12210171513256e-9,8.11550556829784e-9,8.085621939479897e-9,8.093262347091319e-9,8.083251423532934e-9,8.077752186444389e-9,8.048953417870332e-9,8.054475204466017e-9,8.042886527473416e-9,8.042495107297514e-9,8.046724749988843e-9,7,8,7.4797645,13.392859,668,651,655,653,650,640,636,635,627,626,627,626,624,615,613,607,604,595,595,595,596,596,595,597,598,606,613,613,614,618,621,623,630,636,648,658,661,681,709,720,736,758,770,780,786,784,795,815,841,867,926,934,943,975,996,1011,1049,1043,1043,1058,1032,1039,993,984,968,960,958,981,973,974,967,975,984,960,934,929,892,881.0,893,880,881,880,857,840,834,826,828,830,844,833,843,855,865,874,891,892,888,950,955,958,1023,1020,1041,1012,978,974,991,974,990,1017,1056,1061,1063,1040.0,1044,1065,1069,1042,1024,1016,1023,1059,1042,1018,974,920,898,865,851,843,816,793,786,783,763,750,739,728,721,711,694,693,693,673,7,14,0.97086877,1
L0318131309,6.6990094,7.746,7.9165487,-0.9398810962482086,0.10592779329900233,1,12,10.0,19.5,5.5999999,1.1,1,192,13,5,5,0.92307693,1.0,0.60000002,1,1,4.447832486036041e-28,2.7305014733916005e-26,1.67646709401729e-24,1.016012887558922e-22,6.15819348440955e-21,3.6578641032886083e-19,2.1729090455474668e-17,1.2754732470693145e-15,7.487334980098028e-14,4.264462031741083e-12,2.423798766515549e-10,1.339012551149667e-8,6.770008140697774e-7,2.3817356774729052e-5,0.00038781355409828926,0.0033405561143812594,0.02378590342187941,0.11908267134840714,0.29466805296801474,0.3238580857775221,0.16025846692001558,0.05252758213795808,0.01542163507506864,0.004633737516427299,0.001391356361471647,0.00042808189789889166,0.00013170924283843955,4.106077723277123e-5,1.2800873341716292e-5,4.073860783597694e-6,1.2965091293459795e-6,4.1367631270868674e-7,1.319923606562632e-7,4.2141568438094826e-8,1.3454754764691109e-8,4.327533952733082e-9,1.3919032834960926e-9,4.4970000704768005e-10,1.4529180422649276e-10,4.709193024783031e-11,1.5263589863973537e-11,4.946110651298312e-12,1.6027873448003525e-12,5.190711840871538e-13,1.6810589859194085e-13,5.378560268176745e-14,1.7208898710814342e-14,5.502575260159147e-15,1.7594741675194667e-15,5.553207933209719e-16,1.752701277891913e-16,5.465346107367163e-17,1.704235085174939e-17,5.2715990690050124e-18,1.630635209250682e-18,5.005955668374581e-19,1.5368035183894764e-19,4.710322087125871e-20,1.443723271630525e-20,4.421782719891124e-21,1.3542907378051186e-21,4.783372718264546e-27,2.9418476179522227e-25,1.8094297255601355e-23,1.0983842829510826e-21,6.668021779409696e-20,3.966293465976804e-18,2.359372405463149e-16,1.386682848039105e-14,8.150238101512216e-13,4.646839545401481e-11,2.643872605834091e-9,1.462244753401718e-7,7.410746337933807e-6,0.00015103958026874733,0.001545068302505121,0.011355732963761023,0.06826270917198726,0.21558745756018421,0.3396423205707175,0.2572637275689532,0.0844353200883243,0.017752842064825806,0.003237418495194949,0.0005988886317201416,0.00011064413693139363,3.404055276044478e-5,1.0472866189888777e-5,3.2647507719531898e-6,1.0177375439955857e-6,3.238665692496016e-7,1.0306206000150459e-7,3.2881041114547076e-8,1.0490468675954758e-8,3.3490158142891675e-9,1.0691587655168148e-9,3.438449957822792e-10,1.1058252224220876e-10,5.8085674931295135e-11,3.05212473446565e-11,1.609470836438031e-11,8.4907309353758e-12,4.480187985336192e-12,2.365167866376294e-12,1.2485158377584e-12,6.59445610032795e-13,3.4429657316684816e-13,1.7987505743060427e-13,9.39801939542862e-14,4.913969749070781e-14,1.55191078216649e-14,4.901247479914314e-15,1.5291426813264812e-15,4.770823361173289e-16,1.4764197027342083e-16,4.5690859408656284e-17,1.4032524252819046e-17,4.3096747110185715e-18,1.3214436326833498e-18,4.051864126112422e-19,1.241478397273059e-19,3.8038684546883526e-20,6,11,-14.904755,-15.214646,1209,1210,1203,1197,1182,1181,1179,1173,1163,1153,1135,1121,1118,1119,1111,1107,1106,1102,1096,1098,1094,1086,1080,1081,1095,1105,1109,1110,1111,1110,1112,1122,1138,1153,1159,1169,1182,1199,1228,1256,1372,1460,1506,1530,1533,1566,1634,1729,1837,1973,2058,2064,2066,2043,2072,2042,2024,2077,2052,2064,2041,1992,2003,1995,1983,1951,1949,1923,1888,1858,1843,1821,1828,1831,1812,1812,1833,1850.0,1826,1818,1773,1769,1741,1740,1730,1725,1731,1717,1732,1759,1788,1784,1810,1855,1909,1901,1878,1863,1870,1833,1838,1844,1862,1912,1973,1985,2012,2007,2065,2035,2050,2073,2070,2138.0,2170,2161,2176,2123,2112,2073,2091,2062,2071,2016,1958,1909,1842,1792,1720,1670,1631,1591,1549,1536,1516,1488,1447,1409,1384,1381,1359,1351,1326,1231,6,11,0.48543462,1
L0318175818,27.225294,24.76,25.521528,-1.7580238842810718,0.3054725140509797,0,0,9.5,19.0,4.4000001,-1.1,1,96,14,4,5,1.0,1.0,1.0,1,1,0.003695946944644846,0.008240382423140218,0.016265919082955372,0.02897965035289541,0.04631658346761036,0.06690431702166745,0.08763869303077892,0.10431983599916284,0.11362759438678993,0.1131878669561751,0.10365154381624168,0.0878142248742166,0.06882067621956667,0.05064492773671456,0.034983011473771045,0.023409969026850243,0.014991153703642453,0.009426640271493146,0.005849589006787154,0.0037359873508212055,0.002383787870041865,0.0015709461820890838,0.0010352657472844932,0.0007070882719585973,0.0004829441661203912,0.0003416355570545098,0.0002416738606239446,0.00017618915259760823,0.00012844840149430024,9.66932966960795e-5,7.278872356932057e-5,5.575862735843633e-5,4.271302541911829e-5,3.332683277229367e-5,2.600329758275875e-5,2.062897338596847e-5,1.6365450641628685e-5,1.300965941175281e-5,1.034201396368096e-5,8.239804723095367e-6,6.5649289953910385e-6,5.2265679948664925e-6,4.161064673621592e-6,3.305789413209542e-6,2.6263168589299982e-6,2.0862470312549197e-6,1.6572405748132725e-6,1.312397872476156e-6,1.0393135561987522e-6,8.235410528397797e-7,6.525669126974569e-7,5.138833354402854e-7,4.046736804631968e-7,3.183111736990677e-7,2.503800468155741e-7,1.9630233297291135e-7,1.5390474870882392e-7,1.2021346110569362e-7,9.389768735565323e-8,7.325200970443783e-8,5.714587340221263e-8,0.0037090640993604823,0.008264996013738521,0.016307021476916345,0.029039624104223213,0.04639274750663741,0.06698854812680759,0.08771532255232688,0.10437563892195055,0.11364725121674055,0.11317035266518999,0.10360169937980755,0.08774511617723142,0.06874779179577696,0.05057878832977361,0.03492953311586489,0.023369844616386106,0.014963327363314089,0.009408256410586704,0.0058377663556998145,0.003728239777321576,0.0023787209035803195,0.001567543451906632,0.0010329814711287479,0.0007055083894154034,0.00048185164421060456,0.0003408573780469543,0.00024111960831485742,0.000175784188283197,0.0001281525159312142,9.647115023723733e-5,7.26219405643118e-5,5.563154588974084e-5,4.261619772319467e-5,3.325190370379046e-5,2.5945318707040014e-5,2.0583482009750743e-5,1.6329761806947473e-5,1.2981616649288333e-5,1.0319982312419007e-5,8.222465921009616e-6,6.551285625026118e-6,5.215840921818085e-6,4.152631924959185e-6,3.2991729401064697e-6,2.621126316229308e-6,2.0821762174996916e-6,1.6540484860223626e-6,1.3099015560754013e-6,1.0373616802402733e-6,8.220144065791468e-7,6.513730694561155e-7,5.12954573948779e-7,4.039512538837889e-7,3.177498427861927e-7,2.499439570444772e-7,1.959644759903938e-7,1.5364303554798428e-7,1.2001135971573202e-7,9.374164088444427e-8,7.313165681995495e-8,5.7053062303339196e-8,8,10,-5.2597671,-5.46875,3047,3039,3006,2968,2944,2918,2899,2880,2861,2827,2801,2773,2752,2745,2740,2727,2714,2702,2693,2695,2710,2718,2730,2734,2763,2769,2792,2810,2845,2843,2866,2891,2908,2929,2953,2998,3028,3096,3158,3259,3328,3473,3585,3689,3949,4047,4266,4287,4597,4988,5104,5340,5438,5386,5384,5419,5397,5445,5379,5373,5352,5263,5109,5041,4990,5010,4950,4962,4860,4820,4806,4703,4708,4667,4641,4541,4505,4517.0,4477,4458,4426,4422,4418,4390,4410,4433,4435,4424,4426,4413,4392,4434,4513,4526,4602,4690,4851,5017,5067,5092,5321,5362,5505,5674,5674,5846,5986,6000,5912,5921,5888,5991,5877,5841.0,5672,5550,5409,5259,5173,5014,4846,4711,4623,4542,4483,4377,4368,4310,4210,4134,4001,3878,3801,3769,3704,3647,3592,3561,3501,3412,3302,3260,3184,3133,17,13,0.29440206,1
L0320125044,14.149138,13.432,13.511,-1.0436757699396964,0.24955462761824754,0,0,10.0,19.5,2.8,2.2,1,96,2,2,0,1.0,1.0,,1,1,3.341220922354493e-10,2.2691105629290683e-9,1.5406162762250952e-8,1.0423252039927334e-7,6.991332010897652e-7,4.509371708594371e-6,2.6146548873326238e-5,0.00012456483784166388,0.00048155473461711413,0.0015800029790629993,0.0044738041730127374,0.010959916062701892,0.023358621448651046,0.04337202611834312,0.07037678071165847,0.0999437477703323,0.12459147946016329,0.13672266226424323,0.13255425862559334,0.11418043775303283,0.08785373167684475,0.06106688732098245,0.03865939882372914,0.022771039034382583,0.012598205369842236,0.006753340176378418,0.003544046326345144,0.0018733297004288206,0.000988431235067898,0.0005258463678913613,0.00027974916149392905,0.0001513605708700585,8.189493222555349e-5,4.5049168600262056e-5,2.4780873701020606e-5,1.3816677760828117e-5,7.703545427395374e-6,4.348404541060279e-6,2.4545351239119504e-6,1.3956964941018047e-6,7.936203360702387e-7,4.5346085219203423e-7,2.590997069264296e-7,1.4885033249948477e-7,8.551314370676216e-8,4.9084698757987605e-8,2.8174716335861734e-8,1.6258740250788698e-8,9.382411495458163e-9,5.405330821606386e-9,3.114083828787655e-9,1.7910937826603423e-9,1.0301644210916748e-9,5.930155088284361e-10,3.4137032215141737e-10,1.9652722505644297e-10,1.1314096776586522e-10,6.526693976398133e-11,3.765016199688175e-11,2.175883290451232e-11,1.2574902131729177e-11,3.4099363632271276e-10,2.316030547813541e-9,1.572654564129437e-8,1.0641437142902978e-7,7.138851506711693e-7,4.604794559385191e-6,2.6684928287685653e-5,0.00012693421806137705,0.0004898727568767563,0.0016050746062111839,0.004537871837578489,0.011099201973682686,0.023615032971195,0.04376920704737567,0.07088507924800644,0.10046361692667154,0.12497798551273803,0.13685074121266846,0.1323900500494759,0.11378885235531774,0.0873690648509386,0.06060635609718278,0.038301534256112664,0.02252544031996812,0.012448843053338609,0.006668876518027073,0.003498499918701571,0.0018490013772531778,0.0009755151112108682,0.0005189415347145327,0.0002760581012537402,0.00014935708988105952,8.080746962808244e-5,4.444999118797513e-5,2.4450735920543845e-5,1.3632538108109139e-5,7.600838593493804e-6,4.2904741244200364e-6,2.4218602683797388e-6,1.3771438205727593e-6,7.83086215111484e-7,4.4745330222849996e-7,2.556736490045774e-7,1.468868614543782e-7,8.438788749100159e-8,4.8440321148375074e-8,2.7805716018311032e-8,1.6046413842008245e-8,9.260237933738812e-9,5.335137577905551e-9,3.073755546735366e-9,1.767958775084302e-9,1.0168927296234285e-9,5.853962153479657e-10,3.369961126330645e-10,1.9401583412443751e-10,1.1169909993642244e-10,6.443761834593725e-11,3.7173164489962707e-11,2.1484029969556625e-11,1.2416587217480695e-11,10,2,-2.4383001,-3.9583335,2046,2023,2010,1990,1992,1983,1960,1977,1975,1967,1964,1959,1942,1932,1924,1942,1934,1927,1944,1940,1967,1975,1978,1930,1941,1947,1955,1960,1983,1999,2021,2054,2099,2123,2170,2211,2237,2267,2298,2352,2406,2523,2579,2625,2669,2718,2789,2846,2918,2903,2943,2972,3020,3145,3138,3161,3207,3251,3291,3344,3355,3327,3352,3371,3368,3361,3335,3328,3269,3246,3262,3260,3252,3246,3266,3255,3254,3233.0,3206,3175,3146,3134,3103,3101,3104,3106,3116,3128,3130,3125,3136,3153,3141,3240,3237,3272,3247,3261,3258,3251,3280,3345,3340,3358,3359,3403,3482,3508,3539,3585,3613,3645,3670,3654.0,3663,3665,3674,3627,3576,3473,3417,3337,3269,3162,3094,3028,2963,2897,2835,2754,2699,2632,2547,2482,2422,2361,2304,2262,2225,2179,2148,2110,2083,2058,10,2,0.48543462,1
L0321090215,6.726593,7.418,7.3181248,-1.1007385581189242,0.20132642085812563,0,0,10.0,19.5,3.8,-0.40000001,1,192,14,5,5,0.85714287,1.0,0.0,1,1,9.860866039808247e-14,4.6093936753449276e-12,1.7452787691345406e-10,4.2776356898264444e-9,6.034864889169701e-8,5.829286920642582e-7,4.664291238262488e-6,3.0393401973680794e-5,0.00016700405084106294,0.000750533800671154,0.002810324250360837,0.008690117446814664,0.022474220093724878,0.048075178635988806,0.08591307641349905,0.1278267062363246,0.1586942325054477,0.16521688408822358,0.14421424699031776,0.10647197935674627,0.0664282643278975,0.03557633992770926,0.016401643321494193,0.006658461250521272,0.002416454785846595,0.0008106131682455185,0.0002561511436439703,7.82903193178836e-5,2.3503530043225228e-5,7.054553015788547e-6,2.1147073403332043e-6,6.31395135709334e-7,1.8851760716498624e-7,5.6057189171223536e-8,1.6669046707298835e-8,4.945445012257204e-9,1.4672361340775156e-9,4.343777727168421e-10,1.2859828655225561e-10,3.799081062102481e-11,1.1223335337815341e-11,3.3075820470385806e-12,9.747636260413457e-13,2.872738066369924e-13,8.466282302687253e-14,2.4912974125232277e-14,7.330918921808802e-15,2.157577811654008e-15,6.350011696978947e-16,1.8699312969232192e-16,5.506514412303866e-17,1.6217342586983916e-17,4.7762011216707224e-18,1.4110922272123586e-18,4.1689644688114667e-19,1.2353932159217181e-19,3.6608526084949454e-20,1.0889820590743567e-20,3.2393603181418927e-21,9.699238137715002e-22,2.904130739252638e-22,1.6955684598463146e-13,7.866548166856675e-12,2.8837410522827186e-10,6.526669821120652e-9,8.35486884188816e-8,7.85705680600452e-7,6.044028565122262e-6,3.843042860337743e-5,0.0002039402183873796,0.0008910899170394932,0.0032385861250759395,0.00976746619693362,0.024597718824332676,0.05144374062983642,0.08990874277981965,0.13114260173947342,0.1599040002216961,0.16374928031988276,0.14084942631800468,0.10259140228589479,0.06328119677508155,0.03354129825952903,0.015339402396243826,0.0061848293390595116,0.0022342701326257108,0.0007470152728598378,0.00023576666838842508,7.199604720313278e-5,2.161609115592706e-5,6.48922425738645e-6,1.9456984184909698e-6,5.810445191681303e-7,1.7351744424611612e-7,5.160314214889543e-8,1.534649627361169e-8,4.553455501978142e-9,1.3510549010453486e-9,4.000021932797295e-10,1.1842728209857193e-10,3.498658094475368e-11,1.0335970123990333e-11,3.0459913840867576e-12,8.976480661341934e-13,2.645402075599601e-13,7.796097898054897e-14,2.2939709249705993e-14,6.7499188097282596e-15,1.986486701902242e-15,5.846188151372984e-16,1.7215000577138637e-16,5.0692219109664704e-17,1.4928913900206566e-17,4.396581529011086e-18,1.2989569608436654e-18,3.8377297918170704e-19,1.1373129856153194e-19,3.370432445288401e-20,1.002721785714071e-20,2.9831519169428227e-21,8.9342410503748e-22,2.675717666303147e-22,4,7,-4.2447262,-6.25,1251,1244,1241,1232,1225,1215,1210,1201,1192,1184,1204,1201,1199,1183,1180,1185,1190,1186,1186,1183,1192,1182,1189,1197,1200,1243,1248,1256,1234,1240,1240,1232,1244,1264,1271,1277,1292,1311,1329,1336,1347,1347,1362,1387,1405,1430,1466,1505,1534,1542,1528,1537,1525,1534,1527,1520,1520,1516,1513,1514,1522,1521,1522,1507,1505,1506,1508,1505,1505,1508,1518,1516,1510,1513,1523,1519,1509,1505.0,1501,1489,1478,1488,1477,1473,1466,1463,1472,1484,1482,1493,1499,1515,1533,1526,1523,1521,1528,1516,1519,1518,1517,1531,1535,1553,1561,1565,1581,1590,1624,1633,1664,1684,1695,1717.0,1697,1691,1687,1669,1653,1628,1606,1600,1580,1562,1555,1530,1516,1505,1483,1475,1456,1447,1420,1401,1375,1361,1347,1338,1330,1317,1306,1300,1272,1264,4,7,1.3592167,1
L0321155058,15.036863,15.904,15.904,-1.7155541683112516,0.3507885715394728,0,0,10.5,19.5,2.0,2.9000001,1,192,9,0,0,1.0,,,1,1,0.007659527159072158,0.013779507428218919,0.022232559187250985,0.032923444175804645,0.04549967768788797,0.0590896996249675,0.07238151692642136,0.08359442726152919,0.0912315260302753,0.09408017631462949,0.09177692946128134,0.08483975864557926,0.07435718693551063,0.06194895522358815,0.0490804598285825,0.037117838222848816,0.02682429831471004,0.01859937783079655,0.012412865239799772,0.008020912943157451,0.005034562203646066,0.0030718870325804654,0.001840063988958992,0.0010884109992503484,0.000637979681093218,0.0003703925459307715,0.0002144925270283445,0.00012354578220004228,7.115383026466252e-5,4.099597868278132e-5,2.362023638258575e-5,1.3617383734862839e-5,7.85060486909799e-6,4.536270148185884e-6,2.6211670687001638e-6,1.5200145663894039e-6,8.814563218939731e-7,5.117431711192764e-7,2.971004546178566e-7,1.7302998517591152e-7,1.0077189669515137e-7,5.876031797961777e-8,3.4263273576979645e-8,2.0008882419903874e-8,1.1684680149448674e-8,6.834709924015117e-9,3.997821251176798e-9,2.341691574607872e-9,1.3716270757371036e-9,8.045565407226269e-10,4.719295099156953e-10,2.7733596431662537e-10,1.6298037298218058e-10,9.594600551544848e-11,5.648310519381047e-11,3.3275306525566294e-11,1.9603140226700358e-11,1.1552491018467238e-11,6.8080967225862855e-12,4.013001140508068e-12,2.365445443532611e-12,0.007783735100848919,0.013929219054327823,0.022428355975487754,0.033152651186623944,0.04575879125120584,0.05936334545582523,0.07263348904099554,0.08379730518429866,0.09135087992467526,0.0940983287654472,0.09169626417669101,0.0846731235729803,0.0741335151090043,0.0616966090301213,0.04883313796418056,0.0368941898343116,0.026640000896306214,0.018456348551176924,0.012308496043973612,0.007948151693832532,0.004986447060343014,0.0030413173262256316,0.0018211257037954289,0.0010769698118001506,0.0006311834765070158,0.00036641745058104406,0.00021218351186273038,0.0001222135406257078,7.038561666459554e-5,4.055287033535378e-5,2.3364650249500812e-5,1.346988892883886e-5,7.765487983415714e-6,4.487061457619696e-6,2.592718018892641e-6,1.5035201439849236e-6,8.718930513525376e-7,5.061934200678717e-7,2.9387982723516603e-7,1.711562932510588e-7,9.968182420003855e-8,5.812552505529098e-8,3.3893608860528677e-8,1.9793355985137895e-8,1.1559021637939881e-8,6.761352045788277e-9,3.954996003087065e-9,2.316663305090547e-9,1.356999933685618e-9,7.959985148732576e-10,4.66922427087621e-10,2.744021398118164e-10,1.612613583898816e-10,9.493739238079481e-11,5.589131922915722e-11,3.292789359016963e-11,1.939919114385623e-11,1.143273224899914e-11,6.737775399978748e-12,3.971702635448493e-12,2.341191881558724e-12,2,2,-3.8669064,-4.1666665,1794,1776,1805,1837,1826,1772,1771,1761,1781,1773,1768,1764,1759,1740,1739,1734,1723,1713,1716,1708,1723,1719,1724,1707,1700,1704,1716,1686,1694,1691,1690,1701,1713,1730,1750,1768,1791,1804,1814,1839,1872,1904,1943,1971,1992,2013,2062,2120,2174,2240,2249,2244,2215,2201,2202,2197,2195,2210,2200,2217,2230,2220,2204,2207,2221,2220,2223,2232,2231,2230,2214,2214,2202,2186,2188,2178,2172,2165.0,2172,2174,2170,2151,2127,2115,2124,2118,2121,2116,2118,2119,2111,2120,2133,2150,2169,2199,2205,2205,2228,2227,2232,2251,2259,2265,2275,2296,2309,2360,2386,2413,2464,2491,2495,2539.0,2523,2555,2561,2546,2511,2445,2434,2396,2346,2337,2326,2283,2267,2234,2192,2150,2108,2042,2010,1977,1952,1939,1921,1908,1892,1859,1836,1840,1821,1800,3,6,0.97086877,1
L0322110533,14.032991,14.282,14.282,0.21457582904733064,1.1392216912592164,0,0,10.0,19.5,6.0,1.5,1,192,4,2,2,1.0,1.0,1.0,1,1,0.002406712322144166,0.0030303252018034532,0.0037252943159372357,0.004321164117674613,0.004926050555917241,0.00553237420914564,0.006190648717595921,0.0068465793741287525,0.007602727114103575,0.008352540062449443,0.009191858292168332,0.009997888496865637,0.010917949334176271,0.011821009012088796,0.012791472799912645,0.013759287738871029,0.014765670343631063,0.01573484430311072,0.016759827642136203,0.01773019092344698,0.01873850690707929,0.019657825089037857,0.020629571539803486,0.021459439434532768,0.02234260280938479,0.02308647120687593,0.023856651278827894,0.02441227673525983,0.02503224715376477,0.025469924387034926,0.025904621254967918,0.026157417683343002,0.026389027343397493,0.026449310719949923,0.026467285419794873,0.026343467392998948,0.026147470662966833,0.025834408934646447,0.02543698658327048,0.02494611453960488,0.02436536481119493,0.02372331181591403,0.022989689633828542,0.022217732100739164,0.021359369753958534,0.02049924490537417,0.01955504409932347,0.0186180042548314,0.017622322080132504,0.01665227937550026,0.015640072902987728,0.014667018348936495,0.01366803598037314,0.012722127610267552,0.01176429086507114,0.01086734060236274,0.009972217801367488,0.00914892671903695,0.008329096822832746,0.0075897302396741055,0.00686273732244278,0.0024842752376229298,0.0031042576431934946,0.0037749515143032293,0.004368981490685875,0.004962416306941769,0.005575036675126135,0.0062271168498764205,0.00689876314074947,0.007642166863004517,0.008403541809368245,0.0092356084753506,0.01005558285772138,0.010966781264969598,0.011880996562656895,0.012840884180721322,0.013813309042626828,0.014816143721415771,0.015790008314439778,0.016809988421227537,0.017782648765503745,0.01878484024646661,0.019703937087170737,0.020674188331446384,0.02150759206736869,0.022377884531652157,0.023118493950303035,0.02388636446853599,0.024445581892233368,0.0250527425208268,0.02549015874694086,0.025913499900921656,0.026165120529764975,0.02638686615897148,0.026445750592300615,0.02645331083674539,0.026326611171042957,0.026121582584497285,0.025804942118029212,0.025400475108149252,0.024906345124361753,0.024318914455180567,0.023673400354822304,0.022935618944705867,0.022161478783293716,0.02129827915364966,0.02043544314381356,0.01948982163677529,0.018551537028227656,0.01755533380486006,0.016584805630500146,0.015573437231952715,0.014600817601859963,0.013603414072136359,0.01265851849718793,0.011703523912645874,0.010808414847901973,0.009916327139786765,0.009095153579095525,0.008277741513728445,0.007540123597858227,0.0068181479647827755,6,3,-9.2783709,-13.888888,1830,1820,1810,1802,1790,1780,1760,1753,1735,1724,1717,1715,1710,1716,1714,1711,1709,1712,1718,1726,1724,1729,1723,1722,1731,1747,1735,1737,1746,1749,1756,1772,1789,1806,1828,1854,1882,1908,1951,1992,2036,2085,2166,2259,2378,2435,2602,2665,2716,2648,2601,2596,2632,2685,2676,2657,2640,2633,2667,2684,2698,2702,2736,2739,2710,2726,2728,2731,2707,2733,2731,2705,2736,2736,2700,2690,2667,2647.0,2657,2636,2603,2578,2556,2517,2503,2488,2511,2529,2590,2600,2683,2736,2762,2835,2854,2794,2803,2809,2894,2895,2992,3017,3028,3160,3135,3219,3368,3359,3426,3541,3541,3619,3619,3659.0,3646,3650,3567,3541,3555,3516,3442,3365,3297,3204,3098,3076,2919,2841,2741,2669,2550,2503,2427,2307,2252,2188,2110,2044,1998,1953,1926,1899,1871,1853,13,3,3.3980434,1
L0323153816,8.1119556,7.215,7.2024169,-0.8420500525453277,0.4139206161336515,1,24,9.5,19.0,4.3000002,1.2,1,96,8,2,2,1.0,1.0,1.0,1,1,4.926432799718886e-6,4.6453325794595034e-5,0.0001184442012924242,0.00023116022039099997,0.0004756228921876954,0.0008506505018006869,0.00160841399957456,0.002661500721298695,0.0045970095953428575,0.007077626690852258,0.011136171419062497,0.01597302517461204,0.02289515554509346,0.030514586313649197,0.04001213284982904,0.04946532054282612,0.059405696605223386,0.06789360330940462,0.07494950039487402,0.0791319694363852,0.0803656284741275,0.07832283510311878,0.0732611918418764,0.06588953320382236,0.056814669811539306,0.04716658391350365,0.03751639344688794,0.028758755690026665,0.021120122816404352,0.014969651752721153,0.010156916120522346,0.006658526422842557,0.004179430980996954,0.0025403405147017746,0.0014771521815691799,0.0008340154095041436,0.0004500342122359777,0.00023659087750473487,0.00011872879234410914,5.852178077521354e-5,2.7450304698957336e-5,1.2875045231285524e-5,5.74652586309885e-6,2.7092131969157555e-6,1.2606591428714157e-6,7.129494001467167e-7,4.449978819985097e-7,3.6144450240180184e-7,3.1374726031154134e-7,3.041137323054575e-7,2.9523299326250994e-7,2.9492733247209976e-7,2.9305272008210747e-7,2.933925189693283e-7,2.9291165901953684e-7,2.931119799824433e-7,2.929339496349294e-7,2.930218709055577e-7,2.9293794258986504e-7,2.930255310082111e-7,2.9293127255186137e-7,5.7507219556397944e-6,5.105874641977548e-5,0.0001196838482560104,0.0002464863133709024,0.0004815307878933716,0.0008969705823488292,0.0016333784385602116,0.0027808212013399384,0.004700383697933134,0.007445902310239936,0.011955407243676322,0.019650607022641396,0.04067807698266062,0.0416555328904738,0.04892783134711475,0.05848622946309533,0.06711419005357774,0.0745261684430182,0.07911802107967777,0.08076941798151827,0.0790313822182023,0.07385669004985165,0.064902704436038,0.050283943794422505,0.030389777972890435,0.036239127830112856,0.03366686033804916,0.027528327705885588,0.02077691837074454,0.014892718542702752,0.010102928564714286,0.006538910451284963,0.003951840856650923,0.0022192062317206588,0.0011146626755968354,0.0005075472180983938,0.0002089367545665432,0.0002171217614872283,0.0002177206601716965,0.00021550759772055684,0.0002116821532569227,0.00020745665601736862,0.00020338230921210123,0.00019955219052968716,0.00019635360952028618,0.0001936178088158963,0.00019167181591453827,0.00019020426463187004,0.00018967797026230834,6.850724494282218e-5,2.4859117819235698e-5,9.138071958676806e-6,3.4768427565286887e-6,1.440179087598358e-6,7.060505475918929e-7,4.420719965533534e-7,3.4667040839761597e-7,3.1241828428226373e-7,2.999502703718292e-7,2.955602952644634e-7,2.938567877817208e-7,0,0,0.0,0.0,1208,1176,1172,1167,1175,1162,1153,1152,1154,1152,1137,1133,1128,1120,1110,1108,1098,1106,1104,1100,1102,1107,1098,1094,1096,1095,1113,1125,1123,1132,1133,1149,1163,1171,1193,1198,1209,1222,1236,1254,1280,1291,1321,1333,1345,1358,1376,1376,1398,1401,1425,1437,1442,1460,1464,1477,1463,1457,1445,1454,1466,1471,1472,1469,1474,1466,1478,1467,1465,1483,1480,1484,1480,1498,1486,1483,1484,1486.0,1487,1475,1470,1460,1459,1460,1450,1444,1441,1437,1447,1454,1465,1465,1467,1484,1484,1498,1507,1513,1521,1529,1517,1517,1539,1556,1580,1575,1588,1614,1630,1640,1661,1683,1714,1697.0,1710,1711,1757,1758,1716,1707,1696,1709,1678,1674,1644,1609,1584,1548,1523,1508,1473,1435,1412,1384,1358,1339,1306,1286,1266,1240,1224,1215,1209,1209,1,1,0.61782604,1
L0324091429,18.372227,26.168,24.047049,-1.0852045194826825,0.4989826244034839,0,0,9.833333,19.5,8.8999996,1.9,1,192,9,3,4,1.0,1.0,0.75,1,1,0.0007677974511598301,0.0013517075716710347,0.0022917442486300385,0.0036537209148416335,0.005614922043026329,0.008287060672420448,0.01183586163282716,0.016307111705673737,0.021778902714613024,0.02816345841729866,0.03516945924153676,0.0426382116116731,0.049809927497087396,0.05650089385637743,0.06183843334182687,0.06634805624914115,0.06802341809145114,0.0685587424674923,0.06601593140848662,0.06268156281589907,0.05683768380362403,0.05103868982663842,0.043806695845377316,0.03725982997189486,0.03040695689891648,0.02472134733654383,0.019386908706962948,0.015056054330783412,0.011377585938761333,0.008590516684719626,0.0063442224109528465,0.004706432767619023,0.0034485999524926482,0.0025238874132601594,0.001838669229831765,0.0013470247384912886,0.0009865204872167763,0.0007236159465706763,0.0005307970542188419,0.0003890129898558307,0.00028511443008421823,0.00020860557294188694,0.0001526342219899546,0.000110932854680491,8.062804538736085e-5,5.851715623745491e-5,4.2471521370665005e-5,3.0362374340750385e-5,2.1706378224183003e-5,1.546625397164064e-5,1.1020365198684769e-5,7.739856196430183e-6,5.436002989534219e-6,3.761032372827518e-6,2.6022048118177222e-6,1.782343917674479e-6,1.2208067192326757e-6,8.278808719505281e-7,5.614262589195643e-7,3.7820449382330976e-7,2.547790745824771e-7,0.0007876513595317754,0.0013819468843874955,0.0023332194519702916,0.0037142738557235286,0.005698266606394853,0.008404261230641844,0.011987896229497613,0.016506026741155574,0.02202007444462738,0.02845814405728724,0.035486262908332095,0.04296923995372596,0.05015026296783066,0.05684211083759983,0.0621204057840742,0.06655843431013894,0.06813400302158952,0.06856978257223992,0.06592069529518589,0.06249598388537554,0.05657707375106883,0.050727019374589684,0.04347506159915248,0.03692566067040037,0.03009211312025894,0.024437576162642458,0.01914588449606611,0.014857667014907105,0.011219710835622548,0.008466948289319345,0.006250830670235298,0.0046365096965520465,0.0033973708467435887,0.002486806667793063,0.0018121335901741162,0.0013280138858790726,0.0009729238403089235,0.0007138878168563462,0.0005238424691168407,0.0003840491874788058,0.0002815747401567665,0.00020608735610942985,0.00015084449515360084,0.00010966884287969912,7.97362421703531e-5,5.788935504195832e-5,4.203007695062908e-5,3.005578936109125e-5,2.1493670315639078e-5,1.5319194063086215e-5,1.0918803362943804e-5,7.670498495567288e-6,5.388681971475484e-6,3.7291037665546773e-6,2.5806777176242655e-6,1.767936947523045e-6,1.2111708774294015e-6,8.214812444127841e-7,5.571780787348248e-7,3.7539759442398186e-7,2.529252647632373e-7,23,8,-3.041539,-6.4424825,2646,2635,2622,2602,2585,2572,2572,2563,2546,2522,2499,2477,2474,2471,2459,2456,2440,2424,2425,2423,2411,2402,2398,2413,2433,2439,2453,2449,2458,2474,2491,2514,2548,2565,2603,2649,2687,2734,2805,2807,2845,2912,2958,3000,3168,3283,3550,3765,3948,4156,4315,4380,4520,4503,4494,4477,4450,4449,4436,4355,4376,4283,4223,4119,4023,3917,3861,3811,3746,3693,3689,3674,3627,3549,3516,3542,3522,3504.0,3478,3454,3442,3403,3378,3386,3371,3352,3359,3376,3358,3369,3353,3353,3353,3418,3456,3536,3614,3612,3672,3708,3797,3872,3898,3974,3970,4126,4171,4315,4351,4345,4298,4292,4275,4274.0,4180,4180,4102,4140,4041,3912,3819,3755,3693,3595,3485,3434,3369,3282,3240,3181,3148,3120,3115,3091,3132,3073,3007,2953,2913,2866,2823,2770,2715,2688,25,8,0.75512034,1
L0324114304,7.221776,7.908,7.8839998,-0.32972836233106,0.7611435124876434,0,0,10.0,19.0,6.0999999,6.4000001,1,96,7,1,2,1.0,1.0,1.0,1,1,0.0005397489796920594,0.0011588336205122167,0.0013729439641466516,0.002110491766446543,0.002334613573370288,0.0035239973083415455,0.003917823583445011,0.0054610190815814,0.006343748416185156,0.008102692906363933,0.009632251220267738,0.011663925071573392,0.013765270657922815,0.016143000603449257,0.018673486495304512,0.021366458476068145,0.02414275864316371,0.027019041001866622,0.029814408603922957,0.03256835769761922,0.03512764834318406,0.03745751746791028,0.03948660531947414,0.041117606512976766,0.04239052482077197,0.042979846293625744,0.043332290839823415,0.04300172625362213,0.04234656071036437,0.04095322451064455,0.039425475333205486,0.03727594070199377,0.03502925105470558,0.03239565621609427,0.02972315761660418,0.026827583732082126,0.024047847442933225,0.021214212462404368,0.018570643296649935,0.016008472049048386,0.013689892574755315,0.011519445439772683,0.009621381082935913,0.00792336465674061,0.006464230188203284,0.005188037691801937,0.004136992807106628,0.003248217359309961,0.002529614063191165,0.0019405176350609243,0.0014764857421953013,0.0011058961935492971,0.0008220146645619959,0.0006028583191996646,0.0004376317549714667,0.0003138460152253693,0.00022266627152122152,0.0001562567255836953,0.00010844819868255019,7.469231899961231e-5,5.0847647269611556e-5,0.0006477593789509063,0.0011824492438177632,0.001464080545172739,0.002138939062161383,0.002460607984054581,0.0035910646136862743,0.0040792255884476375,0.005588725388796458,0.006544973214901748,0.008306657029729275,0.009882147142801802,0.01193489619131976,0.01406963671834309,0.016471655213731378,0.019028439837845076,0.021754533594903678,0.024530760285682005,0.027430138290614966,0.030208181694926322,0.032973469091622236,0.03548842594837112,0.03781505423794009,0.039759434274516,0.041341218028137824,0.042552271224275635,0.04309716229754737,0.04333667847258432,0.04293113175255195,0.04220770346965203,0.040751016476221855,0.03915953865612777,0.036963113743777865,0.0346659248188836,0.03200143711013114,0.02931764091243845,0.026415283384184144,0.023641410098522365,0.020819463691347722,0.018196579432625357,0.01565809610925377,0.013373461157492415,0.011234971737501284,0.009367888566752884,0.0077010694855269915,0.006276365030701708,0.005029071071185911,0.004004715272485464,0.0031392396149027176,0.0024415601278907273,0.001869975229799843,0.0014212713054789063,0.0010629719157284913,0.0007890259813795225,0.0005778603830201654,0.00041896016763078985,0.0003000829942438853,0.00021266091521731146,0.00014908052412924232,0.00010334089646168227,7.11156199863694e-5,4.8387751884549667e-5,6,5,-6.6446667,-12.986111,1305,1298,1288,1286,1282,1278,1280,1277,1272,1267,1262,1263,1256,1245,1236,1246,1243,1239,1236,1238,1233,1238,1244,1252,1258,1266,1275,1284,1299,1313,1326,1336,1350,1363,1384,1413,1417,1446,1468,1489,1525,1575,1600,1621,1613,1630,1668,1733,1705,1735,1774,1821,1880,1901,1904,1935,1952,2002,2054,2064,2028,2027,2042,2037,2062,2055,2048,2085,2073,2082,2079,2078,2083,2093,2028,2069,2042,2020.0,1998,1992,1978,1954,1968,1915,1914,1912,1903,1900,1892,1895,1895,1911,1917,1927,1940,1949,1989,1984,1970,1974,1988,1989,1985,1994,2008,2026,2027,2033,2034,2041,2065,2074,2082,2090.0,2108,2123,2120,2116,2076,2036,2012,1985,1952,1909,1868,1838,1806,1781,1739,1689,1657,1607,1569,1545,1498,1475,1442,1417,1400,1384,1372,1357,1340,1328,9,5,2.4013815,1
L0324174311,6.545187,6.036,6.0359998,1.5800040876343355,0.549251084258888,1,12,10.0,19.0,2.8,0.60000002,1,192,8,3,0,1.0,1.0,,1,1,7.172494481699463e-13,2.4146754245310523e-11,2.2494305078705345e-10,6.464636509028226e-10,1.0005576120302296e-9,2.9031019935395724e-9,4.654281242507983e-9,1.2394515788539144e-8,1.873729505355162e-8,4.6235489136862615e-8,7.898974622226245e-8,1.6452617260369578e-7,2.981601756396263e-7,5.685097850815005e-7,1.0282389694743765e-6,1.8652380642217108e-6,3.2951913814674294e-6,5.766815069702463e-6,9.878000832761199e-6,1.67229043040045e-5,2.7727817041508472e-5,4.538346035888168e-5,7.293061932227124e-5,0.00011578153113024449,0.00017971862650364084,0.00027547483652006253,0.00041471124495004946,0.0006167392728803498,0.0008971434637229852,0.0012909280989139976,0.0018173884338452376,0.002526507392381499,0.0034467574216257716,0.004637627323428207,0.0061216292764714715,0.007960040957786779,0.010177590643445459,0.012794106381690788,0.015840869740387915,0.019264413720100154,0.023083352036417305,0.027148812783117246,0.03149155745645619,0.03586153330041002,0.04023414693227524,0.04435988393277403,0.0481409330607758,0.05137261155367989,0.05394345512507201,0.055725682135364475,0.05661155417175754,0.05662422001585922,0.05564627176796572,0.05385679975116008,0.051226265250174596,0.04797791434254567,0.044168093666332994,0.04002961303302513,0.03566907465412589,0.031283573513238135,0.026981427858952814,1.002437613785498e-12,3.1716979783779624e-11,2.614597814298976e-10,6.474109990083146e-10,1.1678527083754472e-9,2.8958912837163975e-9,5.4180860937452244e-9,1.2388379493692526e-8,2.123589102405417e-8,4.793798858842002e-8,8.786731226578292e-8,1.8813350879548072e-7,4.3380328020295526e-7,7.339774409246919e-7,1.3189034580548806e-6,2.3578639703222036e-6,4.167480067283865e-6,7.2168456573050835e-6,1.234549280832034e-5,2.068579247157641e-5,3.419943008243152e-5,5.529565251849551e-5,8.71425501508045e-5,0.00012716000965454368,0.00015912387602061678,0.00027362166913810375,0.00042411681815495106,0.0006327539848527977,0.000921331616085097,0.0013226497868818923,0.0018605410583316369,0.0025789278809605592,0.0035031631437210274,0.004652723280479761,0.005926148033237602,0.006987467323294257,0.007180071588474764,0.010399593834356196,0.01367288474420554,0.017088793200440877,0.020800672211665365,0.024738980001030957,0.028986947468698347,0.03340388974309145,0.03803806566671348,0.04291364465999229,0.0484368867434731,0.055927955942192596,0.06993038858496281,0.0607913747642151,0.058019319824873086,0.05686638756407915,0.05550660722857434,0.053544452286219325,0.050838139740385466,0.04753083918904322,0.04369763889544019,0.039542083573596586,0.035188280239870647,0.03081654062857079,0.026543567416615472,0,0,0.0,0.0,1088,1076,1046,1036,1031,1047,1050,1055,1047,1040,1044,1042,1044,1039,1057,1063,1065,1067,1038,1033,1021,1012,1016,1008,1007,1007,1001,1003,1012,1018,1022,1033,1048,1059,1072,1104,1110,1116,1136,1141,1155,1191,1208,1217,1234,1249,1264,1271,1294,1310,1346,1390,1427,1438,1448,1464,1424,1413,1408,1405,1413,1410,1413,1403,1401,1386,1387,1381,1378,1370,1359,1361,1356,1350,1351,1349,1339,1327.0,1331,1329,1323,1317,1322,1320,1321,1312,1303,1317,1316,1317,1327,1329,1339,1336,1341,1342,1359,1353,1356,1353,1368,1357,1357,1362,1370,1385,1388,1404,1409,1435,1461,1479,1493,1522.0,1528,1534,1542,1538,1529,1524,1511,1493,1463,1448,1415,1402,1380,1359,1310,1298,1283,1268,1254,1239,1206,1191,1174,1159,1151,1130,1120,1114,1102,1094,5,2,1.3592167,1
L0325123608,17.348629,20.415,20.378521,0.11348239540024148,0.9601441331249324,1,12,10.5,18.5,4.1999998,-0.80000001,1,192,13,3,5,0.38461539,0.33333334,0.0,0,0,0.0008112569452944752,0.0011545795330819202,0.0015953352128901283,0.0020433151111787532,0.0025410392483805836,0.003085821723972141,0.0036946001980465047,0.004389963428296091,0.005144963112598854,0.006014070871365315,0.0069498523308359665,0.00803609712553646,0.009153058336473528,0.010437762723558864,0.01172533039332026,0.013203669818020779,0.014634320134589492,0.016298328069638955,0.017792539013047837,0.019453758567485213,0.021002673028327756,0.02287761739503238,0.024358325463081164,0.02599054208713636,0.027344825973523924,0.028943827449465616,0.030084539671831906,0.03141861248225434,0.03221708066566943,0.032979074924139755,0.0333662650863352,0.03366564435174631,0.033618895773238684,0.033388194962642725,0.03292371059270278,0.032163958350960566,0.031304956533380904,0.030244435754705156,0.029057026988710037,0.02749883210283096,0.02606810215254821,0.02450144505348283,0.02291502185240534,0.02114842323115333,0.019497722097176727,0.0177399003926877,0.01613291161642816,0.014521656023457615,0.013028833748765218,0.011573354326743604,0.010242882544390977,0.008990701596618881,0.007851153155965093,0.006805604580542039,0.0058643285842188714,0.005011365375091064,0.004260770048994074,0.003603395941759114,0.0030256240310299145,0.0025200820188542475,0.002088020092358978,0.0008232010730179398,0.001169380360739912,0.0016107315830173113,0.002062580473491865,0.0025680024487489623,0.0031314038945463984,0.0037810859454907473,0.004569118094639448,0.005533049138535077,0.0068697517731064785,0.008823888006902496,0.01207262941316813,0.017605400599210567,0.01723134044276846,0.017693637843918433,0.018827035363836276,0.020153741366160695,0.021647597541222335,0.02294770637532348,0.023829761322020897,0.023554126371626193,0.022359977975228252,0.020054107330502047,0.017030462292985982,0.01336461503072811,0.015909784285239006,0.017674049526604337,0.0188358254567288,0.01896225306677781,0.018468325317661415,0.017321779697548587,0.015861088631040483,0.014089179751137198,0.012235455404490479,0.010377884895531715,0.008563396931893943,0.00695680645123605,0.008949737130093356,0.011341911002630392,0.013891406749292779,0.016907592276255157,0.020412541457598594,0.02447059997887472,0.02874971762140569,0.033679934073973655,0.03877369798900726,0.04467540898532313,0.05123890762615789,0.05907806233776227,0.04247179351442557,0.030894928230570235,0.022711738935319872,0.01695376766356423,0.01282968809008087,0.009849277484468863,0.007632914697879283,0.0059844549035794475,0.0047391665808040355,0.0037737225071161986,0.003010164507269065,0.002408704179720946,0,0,0.0,0.0,2541,2513,2488,2468,2463,2438,2428,2426,2421,2406,2391,2424,2410,2392,2379,2376,2353,2335,2321,2323,2324,2331,2282,2282,2285,2304,2307,2319,2334,2342,2350,2392,2416,2443,2482,2531,2575,2790,2946,2889,2994,3085,3178,3273,3313,3549,3764,3825,3862,3966,4053,4101,4312,4417,4479,4551,4669,4716,4744,4737,4603,4505,4415,4436,4391,4277,4184,4105,4030,4004,3938,3927,3928,3912,3894,3834,3799,3773.0,3802,3781,3702,3619,3592,3577,3602,3575,3599,3593,3599,3572,3620,3642,3651,3704,3720,3760,3781,3804,3832,3786,3779,3759,3797,3859,3873,3880,3935,3993,4066,4093,4159,4193,4264,4333.0,4337,4322,4263,4211,4248,4148,4050,4000,3905,3807,3744,3655,3593,3515,3458,3383,3291,3215,3141,3090,3007,2946,2879,2807,2770,2723,2717,2688,2651,2569,,,0.97086877,1
L0325134006,20.125645,22.505,22.504999,-1.2333221874748537,0.22908730262452348,0,0,9.5,19.5,13.4,1.5,1,192,12,3,5,1.0,1.0,1.0,1,1,2.1512252011272154e-8,8.663425223793494e-8,3.489053399356643e-7,1.4045603607901696e-6,5.654062032303678e-6,2.2618883419112666e-5,9.034625342493318e-5,0.0003561961173908564,0.0013747741869731447,0.004971377411823378,0.015749673445121983,0.03972509102156509,0.07684468257877085,0.12070690638436435,0.16117886286423272,0.17294044973149664,0.1427523458633504,0.09795897949667685,0.06191682647806989,0.03862780754936633,0.024056200481769197,0.015055088002996493,0.009422098921220114,0.005932732822623374,0.0037356700980014793,0.0023658410292735025,0.0014983311013141887,0.0009572359597281067,0.0006115523960662117,0.0003955732175226822,0.00025587138784737993,0.00016658362898513274,0.00010845357401426487,7.16454823273979e-5,4.7329710537068724e-5,3.147820329206449e-5,2.0935629465147688e-5,1.4019392351312181e-5,9.387986459392734e-6,6.332806108393691e-6,4.271892820162593e-6,2.885701928509592e-6,1.9493198285529703e-6,1.3184437424029e-6,8.917450433395901e-7,6.038187165332365e-7,4.0885858517335495e-7,2.7669174692959797e-7,1.8724918446785348e-7,1.2707315854134337e-7,8.623599717008253e-8,5.836286915816962e-8,3.949893044035486e-8,2.6779692547106307e-8,1.8156270337116295e-8,1.2297373723500449e-8,8.329114427883347e-9,5.632027640701119e-9,3.808301548963021e-9,2.5819582470453877e-9,1.7505233844332617e-9,2.2819172182718486e-8,9.191294194164395e-8,3.702256445662912e-7,1.490629256294949e-6,6.001485796654063e-6,2.4012216539612206e-5,9.592403320388361e-5,0.00037821203953055006,0.001459587826685235,0.0052748137696666695,0.01667870017150794,0.04185617186864615,0.08002680959685725,0.12323308848911314,0.16125801588943417,0.17095509227381087,0.14038720549268732,0.09617511858742396,0.06076127382851658,0.037899558505848495,0.023598713110456217,0.014766522910099878,0.009240105026009169,0.005817353333921149,0.003662529122393334,0.0023192447721732718,0.0014686478903812553,0.0009381821594880903,0.0005993222259174118,0.00038763685307647536,0.0002507214562921319,0.00016322263949019046,0.00010626012514498686,7.019536469947383e-5,4.6371020046616995e-5,3.084059370132594e-5,2.0511565604860826e-5,1.3735639070189356e-5,9.198119243754313e-6,6.20493306967588e-6,4.185772497237393e-6,2.8276298671129263e-6,1.9101613348686756e-6,1.2920095986968768e-6,8.739006768755338e-7,5.917610512601628e-7,4.007111406497818e-7,2.7118924493700436e-7,1.835330168685669e-7,1.245572630574002e-7,8.453272196371359e-8,5.721252738136573e-8,3.872203045924297e-8,2.625418747222425e-8,1.7800815871069766e-8,1.2057156820415713e-8,8.166776937892875e-9,5.522481333360266e-9,3.734379663611213e-9,2.531960359276696e-9,1.7167071433713138e-9,12,6,-13.272694,-13.715278,2403,2390,2376,2351,2327,2304,2294,2278,2280,2284,2272,2267,2259,2254,2261,2281,2277,2262,2245,2262,2272,2260,2269,2262,2264,2274,2286,2299,2316,2328,2337,2376,2384,2401,2427,2443,2461,2508,2538,2579,2723,2881,2998,3127,3195,3246,3263,3283,3306,3396,3450,3485,3535,3607,3634,3646,3629,3661,3736,3725,3715,3718,3651,3714,3621,3625,3583,3601,3573,3651,3592,3590,3624,3602,3579,3521,3482,3451.0,3480,3500,3425,3362,3336,3294,3266,3279,3275,3251,3223,3204,3220,3236,3233,3249,3258,3267,3300,3300,3379,3391,3363,3332,3346,3410,3421,3425,3486,3484,3523,3557,3624,3678,3739,3746.0,3746,3834,3774,3694,3694,3632,3567,3603,3579,3528,3522,3467,3469,3376,3336,3273,3139,3017,2962,2889,2831,2784,2737,2672,2648,2616,2580,2531,2491,2439,12,7,0.32164434,1
L0327153055,12.56098,12.345,12.867333,0.6318982109904523,0.8925549450637004,1,24,10.5,19.0,2.8,0.0,1,192,8,1,4,0.75,1.0,0.0,1,1,9.698299936731767e-5,0.00014754877529943322,0.00022923196285295808,0.0003084125794432544,0.00041756248511334073,0.0005337890774140258,0.0006967103814968556,0.0008736872132963282,0.0011162784582406798,0.0013841094360430013,0.0017335566843061424,0.0021270112652547156,0.0026130347931787637,0.0031668046225738983,0.003825211360916604,0.0045780639018540795,0.005440323843637198,0.006420832081755806,0.007506068564714078,0.008719921900968498,0.010051443518218496,0.011518598976251253,0.013061996299936006,0.014722780216914795,0.016456859733611814,0.018281580317531968,0.020126838914432184,0.02202441284659625,0.023880002489242703,0.025737881579615082,0.02748779907850945,0.02918651564517378,0.030701939583521534,0.03211503107895242,0.03327258826277511,0.03428235333244348,0.034985425701157556,0.035506236544111024,0.03566898142706846,0.03560931339385553,0.035269812548748315,0.03472417853120166,0.03385570543227058,0.03279850910366925,0.03149670087904608,0.030043316526096844,0.02843609289099265,0.02675535258005465,0.024933025470829852,0.023107164660707176,0.021206912500358145,0.019362983692590707,0.017506527355691234,0.01575560229430242,0.014024390193112357,0.012420629122900916,0.010893227189449966,0.009506572611263314,0.008214331890959287,0.007064393236287929,0.006010849961820819,9.84667745084656e-5,0.0001500209037625109,0.00023132436561946294,0.0003112882571511209,0.0004208681125759068,0.0005395291966738695,0.0007060268734092718,0.0008941930262528846,0.0011630866873451452,0.0015088544511732505,0.002090283282633203,0.0032344188186822502,0.0061762947313280785,0.005614175169727086,0.005927877262597767,0.006701849966448311,0.007731010421405463,0.008926407316578986,0.010239873407218106,0.011574172510781244,0.012711220764401373,0.013257586834007393,0.012660243195941624,0.010536316877719054,0.007323464331317774,0.010882968335473215,0.013562250297345058,0.014670172816206743,0.01412918391437625,0.012431983095734313,0.010028517997478635,0.007574002479721209,0.005366585807180092,0.0036427201047241112,0.0023727133117100977,0.0015066965742856603,0.000932257823827404,0.001493314918238806,0.0023514355360011265,0.0036583068675227724,0.005627613265259396,0.008612969261156095,0.013073914051754348,0.019750960908148908,0.029691359078206386,0.044552545973248626,0.06686890216528205,0.1013576398820874,0.15589872356142326,0.09424868180885745,0.05959663123294261,0.04006056334091991,0.028644145202490374,0.021756892350064956,0.017252339501673923,0.014148641722364736,0.011813459691721482,0.009990071471217304,0.008464451742961145,0.007188402661268953,0.006069127707865614,0,0,0.0,0.0,1796,1792,1785,1769,1752,1742,1739,1743,1736,1735,1730,1724,1714,1705,1701,1697,1703,1697,1690,1688,1682,1682,1694,1705,1716,1731,1749,1759,1767,1780,1785,1793,1810,1829,1861,1895,1916,1973,2020,2057,2111,2149,2246,2312,2346,2405,2403,2408,2458,2498,2539,2609,2611,2604,2608,2621,2696,2719,2740,2778,2791,2785,2781,2742,2736,2751,2768,2770,2736,2735,2752,2748,2722,2720,2683,2667,2710,2656.0,2639,2620,2599,2601,2573,2595,2591,2606,2602,2589,2599,2596,2607,2624,2651,2665,2663,2689,2652,2637,2684,2698,2712,2718,2755,2768,2817,2861,2899,2963,2993,3020,3045,3132,3105,3142.0,3145,3123,3076,3035,2970,2906,2869,2823,2772,2716,2664,2615,2587,2547,2509,2452,2381,2323,2266,2203,2201,2172,2144,2102,2039,1974,1932,1891,1846,1817,7,5,3.3980434,1
L0327193615,9.3815393,9.918,9.9180002,0.9479233861755726,0.19466600413083554,0,0,9.5,19.0,7.3000002,2.0999999,1,96,13,3,4,0.84615386,1.0,0.0,1,1,1.6116210465576816e-44,2.790451989876748e-43,4.831648798251102e-42,8.373701818673532e-41,1.451271723216857e-39,2.5095720325325036e-38,4.339693313435832e-37,7.48279628613514e-36,1.290257858163795e-34,2.2174938665937357e-33,3.811143540870906e-32,6.516034331061602e-31,1.1140826525044292e-29,1.8994818900809117e-28,3.238607756181919e-27,5.495212659043264e-26,9.324280720930191e-25,1.5763802808025276e-23,2.6650832698983265e-22,4.495069543481508e-21,7.581686575174432e-20,1.2756313528344084e-18,2.146287910617289e-17,3.597768411590149e-16,6.03088995428869e-15,1.0067283210128993e-13,1.6805155648353785e-12,2.7877927229076207e-11,4.6212886597674257e-10,7.555620789051864e-9,1.196948254357213e-7,1.6565251675759897e-6,1.6765003906133805e-5,0.0001204000066492465,0.0006745181494753948,0.0029164557590419036,0.010046867718287236,0.027451738965852634,0.060269805114734676,0.10626084863651926,0.1512445308074656,0.17495768927680982,0.16488216063845063,0.1287240659948667,0.08371958585960779,0.046948391573981355,0.023096206980206185,0.010553706276844434,0.004609108906029993,0.0019926959221084587,0.0008607087495994175,0.00037088476013737485,0.00015981699429635862,6.907811002896809e-5,2.985790875044795e-5,1.2833260665681908e-5,5.515891207529883e-6,2.3579762787712987e-6,1.0080077856009854e-6,4.294881158153286e-7,1.829948884251321e-7,1.9432785425984628e-44,3.365749583975564e-43,5.82956140248812e-42,1.010626619081392e-40,1.7520756505971533e-39,3.030607827236154e-38,5.2421972149592026e-37,9.041425924746677e-36,1.5594327070142268e-34,2.6807965283349232e-33,4.6085744250055633e-32,7.881276060205161e-31,1.3478179454820795e-29,2.298502331291583e-28,3.91979169581479e-27,6.652380162594468e-26,1.1290023519429319e-24,1.9090714783219303e-23,3.2281433369010425e-22,5.4457249060599495e-21,9.186743299437007e-20,1.5459443016356676e-18,2.601529914460383e-17,4.3615554523322765e-16,7.312339076526075e-15,1.2208118999697698e-13,2.0381680152482374e-12,3.3815150346510797e-11,5.606123725216777e-10,9.165957609749831e-9,1.4514661680083363e-7,2.0041985600702416e-6,2.0122144469255194e-5,0.0001422524996023697,0.0007836776618070366,0.003320209046190537,0.01116526904560642,0.029735773312860078,0.06358820674605269,0.10958537659236293,0.15292374379154025,0.17420981292388293,0.16221734033083246,0.12556134832407218,0.08116983018002921,0.04534045205294661,0.022259717690380775,0.01016195153043939,0.0044373323793627404,0.0019186421286559543,0.0008288293905537123,0.00035719100786843174,0.00015393500760198947,6.654463680735089e-5,2.8766732930374343e-5,1.2365676662342182e-5,5.315529639268846e-6,2.2725402094805103e-6,9.715776237534252e-7,4.1400054629193625e-7,1.764107330397175e-7,0,0,0.0,0.0,1475,1477,1476,1480,1467,1465,1452,1452,1451,1441,1435,1426,1419,1403,1394,1389,1404,1403,1404,1399,1408,1407,1410,1403,1414,1442,1444,1462,1472,1479,1499,1518,1515,1532,1550,1568,1584,1600,1630,1661,1688,1738,1778,1821,1862,1883,1902,1927,1935,1968,2010,2040,2085,2080,2085,2113,2125,2160,2173,2179,2204,2205,2198,2189,2156,2180,2162,2138,2145,2116,2101,2114,2105,2097,2108,2088,2090,2098.0,2105,2086,2072,2060,2039,2009,2015,2018,2013,2006,1996,1996,2031,2021,2024,2049,2059,2072,2073,2084,2106,2130,2139,2123,2131,2157,2182,2195,2229,2275,2309,2365,2409,2430,2488,2501.0,2556,2570,2516,2496,2483,2450,2400,2354,2301,2293,2256,2230,2179,2131,2058,1995,1943,1865,1813,1769,1719,1677,1648,1624,1599,1571,1559,1540,1523,1515,7,5,3.3980434,1
L0328133114,2.5862164,3.963,3.9721668,0.027248162720453564,0.9461790628378584,1,24,9.5,18.5,4.0,1.4,1,96,1,0,5,1.0,,1.0,0,0,1.2919285654755624e-14,3.226670117321548e-10,3.3969066620023004e-6,0.0020273390396394805,0.0031964377985482066,0.003821571427223292,0.004519522878887266,0.005323609684610575,0.006209307653165604,0.0072165900145640385,0.008292774939802442,0.009514968278072147,0.010811001101907297,0.01222064423065629,0.013662178705194664,0.015254269815567875,0.016859056139014908,0.018543699151036132,0.02021283287134594,0.021928262867145207,0.023571948445666104,0.02522421199659586,0.026771561382455893,0.028236806825742217,0.02955980147627858,0.030747794117882168,0.03174676099263943,0.03256897154618417,0.03317494519502078,0.0335593075498575,0.03369992253629263,0.033632233532408906,0.03333715244378017,0.032794349311460254,0.03203921680578574,0.031098207654755752,0.029979687039290655,0.02869047780363021,0.02728126592763804,0.025747392159294454,0.02413905096655062,0.02247390983470624,0.020781470521659906,0.0190828326812815,0.017404553382269337,0.015763331676145458,0.014178478405212188,0.012668329356321648,0.01124001006125634,0.009907094258207336,0.008670463328411293,0.007540925745141935,0.006512298435350157,0.005589201827282851,0.004764518188523667,0.004036299660752607,0.003397378831055879,0.0028426513476390992,0.0023637055062261897,0.0019554772003657754,0.0016085402172570323,2.087236827617445e-13,5.2264813599830744e-9,4.218685394374646e-5,0.002074512681739586,0.003217309692657748,0.003846562211883084,0.004548812244989262,0.0053578709118373,0.00624789941622554,0.00726047895512246,0.008341245871629523,0.009616598732110359,0.012262415066309311,0.012369888216888968,0.013807355830757838,0.015376326014777838,0.016993109166315107,0.018665705834945843,0.02035147725941106,0.02205185622041123,0.023716577488097936,0.02534739118863796,0.02689448673014749,0.028264088521089647,0.026574974532547334,0.03059570942418407,0.031741379899818685,0.03256908091071404,0.03317455143905345,0.03355814169592853,0.03369786779600283,0.03362946614052994,0.03333374305662176,0.032789542499022016,0.032018046422631674,0.030727860733632036,0.023980299944154442,0.028288528785322824,0.027559985136935753,0.02611611492268045,0.02453590911692902,0.02288441547720889,0.021200153000758098,0.019501530572858333,0.017819510920952887,0.01616969145048127,0.014593881636694216,0.013280172145222304,0.014002869854380989,0.00999330919950875,0.008633143940192649,0.007502282421758295,0.006477271682440373,0.005558013963260789,0.00473695078156878,0.004012173096311972,0.0033764161670756495,0.0028246115998933554,0.0023482670825148385,0.0019424181990663962,0.0015975540145234941,0,0,0.0,0.0,805,796,821,819,812,817,821,812,808,802,818,818,834,819,795,793,794,743,742,742,811,798,802,791,797,783,798,801,804,801,805,796,807,815,813,829,830,824,826,849,850,872,910,915,934,928,943,952,965,971,974,968,976,978,971,973,962,968,968,962,968,977,981,978,967,978,965,963,972,971,971,962,972,967,969,969,969,961.0,959,956,956,945,942,942,933,934,932,948,953,966,964,968,965,971,972,964,960,958,959,966,962,973,967,978,982,981,978,986,995,998,1009,1009,1018,1033.0,1043,1046,1049,1052,1056,1049,1052,1040,1040,1025,1010,994,974,967,964,960,954,953,931,923,905,881,875,858,860,857,849,831,826,848,,,2.673032,1
L0404084037,12.98773,14.506,14.492084,0.06828231187788028,0.9613039522946336,0,0,10.0,19.166666,2.7,-0.69999999,1,192,3,0,5,0.33333334,,0.0,0,0,0.0008983904308145066,0.0013859791485450262,0.0017955705974448156,0.002296812907401787,0.002788164349914205,0.003375545685271738,0.004009084555536636,0.00474098482847831,0.00557489576464428,0.006505050684517448,0.007523602193352745,0.008633188190077938,0.009872048962574403,0.011186700127904058,0.012622935999752085,0.014113227968524511,0.015693402333547945,0.017295000779096143,0.01897534610503889,0.020638193763666723,0.022332222359528118,0.023965228822818988,0.025568922843034775,0.027066022260072688,0.028493007986894886,0.02976262795360616,0.030871083659921843,0.031767491644256886,0.032541975122554634,0.03307451445685163,0.033392424393998345,0.03343281723585119,0.03329446172996079,0.032869002427788244,0.032304674777582865,0.03148250164865625,0.030513516154108397,0.029332061021391798,0.028042527447993966,0.026605557318661707,0.025091827682412297,0.023499349533136295,0.02185112515243254,0.020176762007438984,0.018510385945235613,0.016871759333281503,0.01526697571720993,0.013724834199966077,0.012249277931740734,0.010858454520196924,0.009560052742986507,0.008359972559426991,0.007260794906417581,0.006263174284884441,0.0053660949502773525,0.004566077221529679,0.0038595991368069096,0.0032409285939213345,0.0027029325412114787,0.0022398940635889163,0.0018429603342596074,0.0009165396356200848,0.0013982516024546464,0.0018111100382882683,0.0023086619358718705,0.002802771993493239,0.0033900903470710747,0.004026221978554142,0.0047610089060918575,0.0055963371636,0.00652919282970563,0.007549261119981287,0.008663909524009404,0.009902412288450017,0.011222607509069019,0.012657102501035807,0.014152362833104783,0.015730234248749805,0.017337183263095256,0.01901365183725886,0.02068069084777589,0.022369802686839965,0.024005126468289503,0.025603543213006355,0.027101932498715082,0.028521924038626235,0.02978931891951817,0.030892212717951152,0.031788666853499487,0.032553659436266855,0.03308267064502558,0.03339270464030874,0.033431092454642736,0.033284001562595096,0.032858326644403864,0.03228389699502046,0.03146094146553593,0.030483669036966636,0.029302275137085835,0.02800606821884813,0.026569447436427245,0.02505100133772763,0.02345845181686054,0.0218086656350568,0.02013559002287777,0.018468745634951867,0.016831487904324035,0.01522788818357732,0.013687643883617264,0.012214246920461146,0.010825863714035735,0.009529870892504733,0.008332373181271141,0.007235692180193251,0.006240630142529181,0.005345941388972067,0.004548318568585353,0.0038439543104240837,0.0032273547585579122,0.002691168403544434,0.0022298209201155523,0.0018344067269583815,0,0,0.0,0.0,1868,1849,1841,1844,1835,1829,1831,1819,1811,1796,1790,1787,1802,1809,1811,1815,1812,1803,1788,1766,1756,1769,1775,1776,1784,1788,1791,1803,1806,1823,1833,1848,1855,1856,1885,1908,1919,1928,1946,1979,2017,2074,2135,2204,2246,2329,2353,2419,2473,2537,2612,2640,2597,2583,2599,2606,2608,2610,2649,2663,2673,2686,2666,2678,2683,2650,2667,2670,2663,2660,2672,2659,2652,2636,2634,2615,2604,2610.0,2620,2628,2592,2584,2583,2574,2555,2548,2559,2552,2563,2557,2558,2564,2568,2600,2611,2620,2654,2673,2690,2705,2726,2724,2745,2764,2792,2834,2882,2951,3017,3021,3042,3080,3167,3240.0,3195,3202,3164,3130,3132,3108,3054,2980,2923,2860,2792,2707,2647,2580,2523,2478,2415,2331,2249,2208,2168,2109,2121,2089,2051,1985,1960,1927,1903,1878,,,0.37756038,1
L0406203532,9.172864,9.388,9.6825838,-0.7841104980436922,0.1544265640683175,1,12,10.5,19.166666,3.5999999,1.2,1,96,2,0,5,1.0,,1.0,1,1,3.8247809390374904e-22,7.504363291250493e-21,1.4724344038419344e-19,2.863967586946464e-18,5.5707446940563e-17,1.0806728483914936e-15,2.096464686339513e-14,3.9873524134162296e-13,7.583758240989926e-12,1.4150831274500254e-10,2.6376207597485407e-9,4.7686768662049807e-8,8.326391912519363e-7,1.2491471347312742e-5,0.00013527336724546553,0.0009704395493627639,0.005867026398789942,0.027148425575877416,0.08110805791676738,0.16280597559251608,0.22323061579468104,0.2135394485291393,0.14703121274702355,0.07789401035152806,0.034776412427169466,0.01474496036984687,0.006205503529531815,0.002616904986059438,0.0011035656827930696,0.00046652866118081704,0.00019722372160031214,8.349683926931225e-5,3.5349368606515594e-5,1.5035783985406426e-5,6.395454985300367e-6,2.7279513286554367e-6,1.1635977801051292e-6,4.980231579368447e-7,2.1315595726925857e-7,9.136879823804638e-8,3.9165143816495685e-8,1.6821180325108355e-8,7.224614958703946e-9,3.1085107280246888e-9,1.337493415138022e-9,5.765451343140727e-10,2.485287957097963e-10,1.0720520382978005e-10,4.6244151855650436e-11,1.995825852238549e-11,8.613711351513432e-12,3.71817948070559e-12,1.6049897104119676e-12,6.925640408896081e-13,2.9884739727231175e-13,1.2881764083657797e-13,5.5526844725017986e-14,2.384506980324863e-14,1.0239900953847825e-14,4.387258351213831e-15,1.8797153321319248e-15,3.979857032320974e-21,7.812214169841592e-20,1.5335365481791265e-18,2.9840879510999975e-17,5.806852343034319e-16,1.1269407197691476e-14,2.1871189655014844e-13,4.161233594024802e-12,7.917264678027642e-11,1.4778011678095205e-9,2.7561358752829986e-8,4.993364719655199e-7,8.807872857179625e-6,8.083763488443058e-5,0.0005948705902531078,0.0034519630289834265,0.016980055592101383,0.059182564886309526,0.13788191859985846,0.22086064027875807,0.24002943865633863,0.17904371438200273,0.09191914664343089,0.033427325725737866,0.009514003420102717,0.004064236884250841,0.0017109599165701693,0.0007214221045901527,0.000304184219857772,0.00012857269467995413,5.434521973552189e-5,2.3003872252172027e-5,9.737357882386657e-6,4.140992567187158e-6,1.761037185146939e-6,7.510113126168587e-7,3.2027666874375215e-7,2.2435227976116062e-7,1.572538131661921e-7,1.1045856316534317e-7,7.76406416912276e-8,5.471875122158899e-8,3.859242504432064e-8,2.7288446251654695e-8,1.9310881794362865e-8,1.370214533872138e-8,9.730820282112966e-9,6.9213890342255924e-9,4.927624225350349e-9,2.1274964399911895e-9,9.185490789399279e-10,3.966515616578108e-10,1.712845763324683e-10,7.39388083574319e-11,3.191750260708456e-11,1.3763180021035628e-11,5.9348652835486e-12,2.5495271069349327e-12,1.09524252733572e-12,4.694122629290827e-13,2.011871754114129e-13,10,1,5.9246483,6.4583359,1578,1578,1566,1535,1563,1496,1494,1486,1481,1483,1528,1509,1501,1509,1493,1491,1486,1474,1458,1459,1454,1457,1458,1460,1477,1476,1497,1515,1519,1521,1515,1515,1525,1544,1515,1530,1541,1556,1585,1595,1622,1654,1666,1704,1721,1758,1799,1874,2024,2117,2172,2205,2301,2247,2307,2330,2337,2299,2344,2336,2332,2287,2279,2284,2289,2269,2254,2265,2250,2253,2250,2212,2178,2154,2146,2126,2136,2119.0,2110,2097,2087,2086,2109,2052,2044,2090,2033,2030,2080,2081,2093,2092,2072,2107,2177,2229,2258,2217,2201,2199,2175,2161,2188,2183,2216,2235,2230,2244,2262,2256,2301,2327,2353,2375.0,2426,2388,2403,2382,2359,2309,2279,2270,2253,2220,2195,2140,2111,2100,2036,1988,1955,1913,1885,1848,1822,1779,1737,1707,1686,1670,1651,1624,1596,1619,10,1,0.37756038,1
L0406211052,17.761444,17.21,18.690111,1.0495184898888317,0.4290996697825699,0,0,10.0,19.5,5.1999998,0.80000001,1,192,15,5,4,1.0,1.0,1.0,1,1,3.9667293684039696e-19,1.8831055230103423e-18,8.939721742524845e-18,4.2216727642782766e-17,1.9936622759630933e-16,9.314572934572861e-16,4.351904416044533e-15,2.025172320289902e-14,9.424300063108528e-14,4.309262366722075e-13,1.9704128823543424e-12,8.960969708923762e-12,4.0746583550835816e-11,1.8289902660878557e-10,8.189407948782169e-10,3.5896957371384602e-9,1.536914261141334e-8,6.198531716431778e-8,2.2674023398308613e-7,7.31144746904428e-7,2.121321706488965e-6,5.6839566650493455e-6,1.4088030013805843e-5,3.271459739937595e-5,7.266197423617112e-5,0.0001539546028088094,0.00031195653800832285,0.0006065519190429527,0.0011279405043096756,0.0020106662392713193,0.00342947816517497,0.0056058881194746965,0.008785985556197303,0.013191834438477369,0.01899914291672315,0.02621922430117789,0.0347064476994297,0.04404130062633395,0.05363078044563125,0.06264873405607108,0.07026306887775238,0.07566611938302718,0.07824608610945091,0.07780727400268979,0.07431463078219198,0.06839959982715217,0.06052396905218928,0.05171392693507177,0.042568380903338934,0.033961384475701496,0.02617463980807754,0.019636227391904924,0.014293015335306553,0.010197980649718566,0.007100370006496945,0.004881383253551808,0.0032980655770490333,0.00221967398829033,0.0014793340549238486,0.0009923549755541427,0.0006643187192017694,4.1525087001057584e-19,1.9717691486284757e-18,9.3628563736235e-18,4.4224814483577714e-17,2.0889579806667717e-16,9.761722729483032e-16,4.561712738858187e-15,2.123201866628449e-14,9.882317795411357e-14,4.5193427447908146e-13,2.066769082986326e-12,9.400397678709778e-12,4.27500880657432e-11,1.9190768944320747e-10,8.592932330271903e-10,3.7658078421706945e-9,1.6111557384846316e-8,6.486314489035557e-8,2.3648634729732096e-7,7.594950362049688e-7,2.197012932380911e-6,5.873697267484163e-6,1.4516371371496968e-5,3.36536257364542e-5,7.464972349484354e-5,0.00015786487008139573,0.0003195099705971567,0.0006202073052275013,0.001151677911729461,0.002049794337491378,0.0034907123970991274,0.005697938672412661,0.008915933942759828,0.013368355060790853,0.01922264499380783,0.026490376490385666,0.03501074255066279,0.04436529857068939,0.05394497520125529,0.06293116062571667,0.07047586035708095,0.07579611417672447,0.07826781676351605,0.07773038636533493,0.074137843127023,0.06815324275508816,0.06023013663712215,0.051405191603733864,0.042265551105475585,0.03368569401069151,0.025936899058746018,0.01944139782606636,0.014140163410364167,0.01008226414874493,0.007016252656345094,0.004821486831803444,0.0032567621075811353,0.0021915078549505592,0.001460460423501942,0.0009797910845530404,0.0006560125361533509,0,0,0.0,0.0,2098,2087,2068,2057,2058,2044,2030,2017,2017,2001,1994,1981,2000,2004,1980,1974,1965,1956,1953,1951,1962,1950,1945,1937,1942,1957,1979,2012,2024,2033,2036,2048,2069,2097,2122,2144,2160,2190,2245,2290,2323,2357,2411,2481,2586,2774,2815,2948,2980,3023,3010,3104,3138,3134,3130,3155,3140,3158,3132,3159,3214,3257,3255,3262,3284,3257,3261,3222,3217,3196,3208,3235,3230,3235,3240,3171,3121,3091.0,3034,2983,2941,2915,2855,2813,2782,2756,2757,2784,2812,2876,2959,2955,2935,3043,3077,3154,3241,3389,3565,3591,3656,3783,3820,3864,3886,3917,3981,3971,4031,4135,4208,4218,4170,4207.0,4173,4146,4101,4051,3922,3825,3774,3728,3680,3660,3653,3552,3488,3369,3327,3285,3137,3044,2974,2882,2844,2771,2591,2536,2436,2351,2279,2230,2190,2130,16,10,0.37756038,1
L0407152413,7.2300196,8.115,8.1149998,-1.7599826457634467,0.48406922192684115,0,0,10.5,18.5,9.8000002,2.9000001,1,192,12,4,4,0.91666669,0.75,0.75,1,1,0.028436264354753122,0.057446653033260006,0.05144888748341021,0.06294098867584869,0.06258970453532793,0.06541111614794443,0.06580355787531075,0.06534961220914375,0.06402262989569966,0.060906286774682614,0.058094636312955854,0.05331419919930417,0.04925534810737403,0.04366976038073693,0.038932665525999124,0.03340177726311953,0.028681406165281666,0.0240187761455249,0.01979770765579316,0.015934011363158314,0.01269533210283076,0.009957918741851006,0.007639342847319284,0.005786836255775611,0.00428506343262016,0.003128766777088415,0.002239696744522512,0.0015825638883184316,0.001094591896607188,0.0007464160934205815,0.0004990575622408253,0.0003287214063074275,0.00021248933506870852,0.00013537206245276676,8.46022568164739e-5,5.2046656229115484e-5,3.145760386278111e-5,1.8735929718668103e-5,1.0951703630565621e-5,6.266955403297798e-6,3.544498152081591e-6,1.965768335853765e-6,1.077864820782554e-6,5.732931957410442e-7,3.054257081178434e-7,1.5542010126392363e-7,8.106957266975383e-8,3.9209587382108516e-8,2.0247573548360627e-8,9.21401058783168e-9,4.73145065212968e-9,2.0749922109389635e-9,1.0227997707623791e-9,4.4396692951156333e-10,2.062019258356681e-10,8.729859627663743e-11,3.902236229136501e-11,1.6182959363310128e-11,6.757692842003613e-12,2.6474434817797713e-12,9.079777094222021e-13,0.03388127616827677,0.059542606125639996,0.05293580544359679,0.06336548929119364,0.06306484196717121,0.0656073031660751,0.06579925063535724,0.06513018404924607,0.06367389294935093,0.06038091243672621,0.057441499913363975,0.05256141994604315,0.04843252564935637,0.042836921379869636,0.03810134538536621,0.03262004083563917,0.027923345754212434,0.02334526757482925,0.019216617909119466,0.015440796453667286,0.0122747623700569,0.009613997969177755,0.0073638764600672205,0.005571670707858068,0.004120895949012969,0.0030052603295904323,0.002148377460595035,0.0015162804201707045,0.00104753201784852,0.0007135313070509114,0.0004765365178957234,0.0003135384210145238,0.0002024423970364701,0.00012883583358044392,8.04360102875161e-5,4.9432358544745153e-5,2.984449088455757e-5,1.7758187598134518e-5,1.0372734457903414e-5,5.929292237513318e-6,3.3500010337376958e-6,1.8559205576853115e-6,1.0169828980784477e-6,5.402610733904687e-7,2.8765948116249596e-7,1.461836154789491e-7,7.620134205133947e-8,3.68145849506131e-8,1.898748491771971e-8,8.644141372069851e-9,4.4259605759707945e-9,1.9440231001457528e-9,9.550867968019335e-10,4.1498722319491253e-10,1.9224407290140415e-10,8.148370237590067e-11,3.6316612821054583e-11,1.506550504534852e-11,6.2653528561189415e-12,2.4477817846674607e-12,8.394037195756059e-13,1,4,11.438631,23.958334,1210,1202,1205,1198,1181,1163,1171,1159,1157,1142,1144,1138,1136,1135,1132,1111,1112,1110,1081,1078,1086,1085,1090,1085,1106,1126,1135,1132,1147,1150,1145,1141,1154,1160,1176,1178,1183,1191,1211,1238,1266,1303,1350,1388,1421,1462,1500,1583,1663,1738,1880,2002,2023,2009,2001,2016,2015,2061,2075,2061,2027,1994,1958,1931,1924,1887,1837,1830,1815,1778,1778,1720,1719,1712,1703,1676,1641,1651.0,1652,1662,1649,1632,1627,1607,1610,1606,1602,1604,1603,1619,1637,1632,1626,1634,1645,1645,1687,1690,1707,1763,1749,1830,1866,1936,1959,1957,1981,2002,1988,1983,1985,1997,1991,2009.0,1967,2002,1977,1976,1968,1951,1903,1870,1859,1842,1797,1747,1769,1728,1653,1609,1572,1534,1503,1486,1459,1423,1395,1358,1334,1332,1320,1285,1268,1235,2,4,0.75512034,1
L0407163825,16.670069,15.273,15.273,-0.8893817565439436,0.536109446018368,0,0,10.5,18.666666,6.5999999,1.4,1,96,13,4,5,1.0,1.0,1.0,1,1,0.0005687877399974228,0.0009750988140267906,0.0015363669034256983,0.0023730746999777136,0.0035219024877069746,0.0051152210126266485,0.007210088427724224,0.009918567102343038,0.013277822991231411,0.01733947428619871,0.022057031060958434,0.027364426721815906,0.03307582369448144,0.03899507788785894,0.04482770805275493,0.05026762189130729,0.0549468331885885,0.05864712481134632,0.06103431999923361,0.062010074592452745,0.061451262279180935,0.05951920695415686,0.05620316814562959,0.051908778106430686,0.0467723334613606,0.04118758872743291,0.03542337295995158,0.029793608749357565,0.024490452761407485,0.01969394933217901,0.015493022121130805,0.011930085629911786,0.00899726314871699,0.00664733875585568,0.004817537492508212,0.00342001343152757,0.002385582381855506,0.0016369291838526576,0.0011055518059214706,0.0007335889374966872,0.0004803346927505537,0.0003108348802646547,0.00019893302550648913,0.0001262215354913947,7.942203259946188e-5,4.968961065727457e-5,3.0911674528474935e-5,1.9218158973482735e-5,1.1907293331162223e-5,7.388705252000634e-6,4.576897045403566e-6,2.8448471740386527e-6,1.766989916195055e-6,1.1021817838651329e-6,6.873835746201881e-7,4.2940954271441105e-7,2.6825321158879053e-7,1.682490939809858e-7,1.0552662872177108e-7,6.628484063098027e-8,4.1635911953588684e-8,0.0005788605562535746,0.0009874234527148485,0.0015536256455241306,0.0023958762373191287,0.0035537703007231473,0.005158458311423732,0.007266385664771244,0.009991360317404809,0.013366712335140125,0.017447843101350155,0.02217896529860196,0.02750259191111109,0.033217961128475804,0.039142509539082306,0.044965651344338504,0.050395894973872014,0.0550457727068383,0.05871998760681988,0.06107064466571349,0.06201331288120576,0.06141360139122376,0.05945013585219548,0.05610216699846038,0.05178741874078057,0.046637780805206704,0.04104798628898918,0.035284853776068374,0.029662475409627638,0.02437089151418768,0.019588703870076964,0.015403367986254952,0.011855917565820126,0.008937675730755754,0.006600694398592954,0.004782059440708208,0.0033936186011006373,0.0023663474408473838,0.0016232208723884409,0.0010960042153952186,0.0007270615520431128,0.0004759429864035051,0.00030792759467248985,0.00019703538656150278,0.00012499827698121308,7.86421941184087e-5,4.919684847683637e-5,3.060265505603666e-5,1.902515494006076e-5,1.1787348269457887e-5,7.314240081071822e-6,4.530793188331203e-6,2.816260037172456e-6,1.7492890424952549e-6,1.091191151573078e-6,6.805626253562274e-7,4.251714219381273e-7,2.656200077903368e-7,1.6660821309698544e-7,1.045041688007882e-7,6.564706342665303e-8,4.123811196317863e-8,16,12,6.3010464,7.5954857,1572,1557,1554,1545,1517,1495,1496,1486,1476,1467,1451,1460,1473,1462,1447,1448,1425,1434,1446,1446,1444,1447,1437,1445,1474,1493,1507,1495,1520,1544,1550,1569,1600,1619,1647,1670,1677,1673,1709,1687,1686,1713,1736,1754,1794,1809,1849,1905,1957,2040,2154,2189,2220,2262,2231,2280,2286,2280,2314,2297,2288,2253,2232,2267,2306,2296,2303,2316,2255,2258,2230,2268,2266,2282,2232,2292,2278,2266.0,2225,2205,2158,2155,2130,2142,2109,2099,2092,2087,2086,2112,2058,2064,2073,2120,2136,2096,2141,2131,2149,2144,2185,2237,2286,2314,2424,2458,2631,2698,2737,2721,2745,2773,2758,2737.0,2696,2625,2568,2557,2486,2418,2467,2401,2364,2350,2279,2181,2166,2100,2058,2029,1978,1944,2003,2033,2008,1973,1876,1802,1833,1751,1683,1706,1654,1619,17,12,0.48543462,1
L0408085053,17.060768,17.331,17.330999,0.09516985071134858,0.9713497134956317,1,24,10.0,19.0,8.6000004,1.8,1,96,10,4,1,0.89999998,1.0,1.0,0,0,0.0010076501209345934,0.0013584191508920374,0.0018099515856392918,0.002261988333068261,0.0027776175160104917,0.003343640495477988,0.0039876545933782755,0.004713477997098608,0.0055239807557353185,0.0064420362503640125,0.007436331237690028,0.008550001902842278,0.009726588954246194,0.011037352406478133,0.012378422242558865,0.01385425487367809,0.015311587131870273,0.016938744906053137,0.01845216307228644,0.020131162498553345,0.02161691482525082,0.023317681520508518,0.024616195283461373,0.026315492279761234,0.02752799659344515,0.028783858670125163,0.02952710564889253,0.030946168771284564,0.03155369665216346,0.03226347110730347,0.03240288544990157,0.03286777213912526,0.03257231644734639,0.03268020158137829,0.03209857383956709,0.03155246613736645,0.030612690744625245,0.02967281931041172,0.02846958070893209,0.02720486465677938,0.02583812861397136,0.024260528244704947,0.022685839579157617,0.021107540578017264,0.019598192307559555,0.01780461989671317,0.01621032625442992,0.01462877954237812,0.013184664353728072,0.011647122797345298,0.010332086274247141,0.00897359842879065,0.007825396481643153,0.006716362492993278,0.0057733402575133935,0.004888342473925866,0.004139666633118848,0.003466593174093394,0.0028958766636850096,0.002398225744447483,0.0019789908150510036,0.0010229890057550813,0.001376226653425304,0.0018278260269192874,0.002283866011518553,0.0028060673098370408,0.0033887062922117192,0.004069202704500037,0.0048859338055610955,0.005925998866938878,0.007451264814131035,0.010094743354778835,0.01577300870006676,0.029797711920546227,0.024350271799962454,0.022290307675986065,0.021314115614556855,0.02020013512818945,0.018200257946298568,0.015055499950176352,0.011133944709189339,0.007134895747439313,0.003956102258458436,0.0018816280798200327,0.0007961317817797471,0.0002941098578079278,0.0002648001489476615,0.00022209519536549676,0.00018758628567924868,0.00015175833200009673,0.00012190198338521256,9.590354232032226e-5,7.713975756704061e-5,6.108869640087407e-5,4.9698491780572324e-5,3.986668093623128e-5,3.218478001635389e-5,2.5755157279185518e-5,5.50658290727015e-5,0.0001170201093755255,0.0002486108947755535,0.0005261667467971539,0.0011005289025876953,0.002298624352425028,0.004800380655421471,0.010014232393413067,0.020247230845367007,0.041018092528456854,0.08300389449236471,0.1684461771693571,0.12271836660570934,0.08970527706440234,0.06395349292867387,0.04589527696339115,0.03255877653579901,0.023314587912465826,0.016566305809321485,0.01191386660721376,0.008581925671767809,0.006261445898216242,0.0045976631575330796,0.003416264858559428,0,0,0.0,0.0,2162,2150,2148,2120,2096,2088,2071,2064,2067,2067,2052,2041,2022,2019,2030,2036,2027,2015,2000,2010,2013,1998,1993,1987,1995,2010,2011,2020,2024,2038,2044,2071,2080,2108,2137,2156,2190,2255,2290,2344,2479,2648,2774,3032,3224,3277,3360,3486,3521,3624,3739,3828,3990,4163,4265,4301,4318,4359,4410,4396,4325,4255,4121,4046,3841,3774,3632,3527,3422,3388,3304,3281,3292,3261,3224,3180,3148,3148.0,3167,3171,3092,3004,2986,2968,2953,2958,2943,2947,2912,2916,2933,2959,2981,3088,3186,3201,3232,3231,3296,3296,3276,3206,3182,3173,3203,3226,3250,3291,3346,3385,3433,3477,3552,3597.0,3587,3632,3536,3502,3503,3410,3329,3304,3270,3240,3189,3121,3112,3066,3019,2928,2849,2707,2664,2610,2560,2510,2459,2393,2373,2346,2305,2275,2228,2221,,,0.66300189,1
L0408095637,12.288573,9.804,9.8607712,-0.7553084541139685,0.2854745036691763,1,12,10.5,19.5,8.6999998,1.0,1,192,10,4,2,1.0,1.0,1.0,1,1,1.6927777516185603e-12,1.724828251692183e-11,1.7573459586640073e-10,1.7871295813102117e-9,1.8003239329364095e-8,1.73521909611921e-7,1.4594264056681806e-6,9.075919899441115e-6,3.9585173765806805e-5,0.00014008697239347803,0.0004325692241435754,0.0011958912546551758,0.0030122452033798054,0.006715926324929516,0.013679560563492506,0.02496386006081009,0.041217330529593886,0.06210485503408149,0.0841237143809996,0.10392508527119455,0.11592439525545624,0.11981731194712665,0.11059830704030664,0.09495036490309501,0.0735731574754187,0.05347949354452335,0.03570399872235157,0.022706934124111535,0.013689804890973673,0.007891201356650519,0.004466516483626945,0.002506861065787899,0.0013982315874919457,0.0007769671180981308,0.0004315895289706743,0.0002368678284599206,0.00013000145749983687,7.150685436379171e-5,3.933278913071641e-5,2.117050487956782e-5,1.1394922650629316e-5,6.1238439052809134e-6,3.2910945029943624e-6,1.7538127916930965e-6,9.346058634110063e-7,4.934234087227608e-7,2.6050279085686646e-7,1.3792250895308743e-7,7.302298739573911e-8,3.8808180682404355e-8,2.0624768787035095e-8,1.1062754851482986e-8,5.933908916463825e-9,3.236921869599996e-9,1.765753373790492e-9,9.648725163221452e-10,5.272502484100882e-10,2.936264739767393e-10,1.635255396768205e-10,9.117176669912956e-11,5.0833230466560585e-11,2.2605552281642323e-12,2.305631159621174e-11,2.35135281039844e-10,2.3934255623183376e-9,2.413278254577333e-8,2.328203277537705e-7,1.961093100388093e-6,1.2254424661804221e-5,5.47283445927497e-5,0.00021058181085148692,0.0007715813513249504,0.0027097688235756443,0.00917685113098323,0.01749823336014305,0.030956772440701483,0.04964377610285695,0.07234359998559525,0.09575458643151903,0.11495923534399445,0.12441253991643407,0.1209954813225648,0.10535671645596617,0.08149159739426869,0.055727922904676847,0.032870830872244204,0.028343633180696378,0.02105521679067682,0.014302203796280529,0.008943352112428063,0.005231089294247684,0.0029798259586364213,0.0016778735841014008,0.0009367620502954613,0.0005205874853521489,0.0002891656566714889,0.00015869626663035468,8.70950566080585e-5,7.80038655280152e-5,6.988142093303603e-5,6.127452524375479e-5,5.3741669833456394e-5,4.707452192896004e-5,4.124587262888492e-5,3.584283535028158e-5,3.115617171362869e-5,2.6836337005933656e-5,2.312174638720637e-5,1.998390201332752e-5,1.7277004368979622e-5,9.185387650575406e-6,4.883480057056104e-6,2.620677812623982e-6,1.4063792431545865e-6,7.676900919882319e-7,4.1906193839458854e-7,2.2915167130112372e-7,1.2530755566080995e-7,6.98486764525608e-8,3.893634909543479e-8,2.1729327260680008e-8,1.2127022870717746e-8,6,9,-13.697775,-16.898149,1464,1455,1441,1433,1435,1420,1407,1409,1414,1414,1403,1382,1368,1366,1372,1369,1370,1363,1343,1354,1364,1370,1371,1372,1374,1394,1397,1397,1404,1408,1416,1442,1458,1471,1498,1507,1522,1546,1565,1561,1594,1647,1695,1754,1807,1866,1916,2028,2145,2247,2439,2542,2676,2709,2782,2800,2840,2910,2938,2887,2839,2784,2714,2675,2691,2659,2641,2639,2599,2619,2608,2591,2569,2608,2541,2519,2499,2473.0,2497,2494,2423,2362,2324,2261,2234,2223,2220,2269,2274,2379,2370,2368,2445,2441,2468,2518,2511,2510,2503,2514,2456,2407,2438,2456,2462,2437,2513,2514,2524,2514,2533,2551,2576,2548.0,2531,2557,2541,2565,2481,2450,2403,2388,2333,2259,2224,2171,2200,2167,2099,2021,1967,1904,1873,1857,1816,1792,1750,1690,1649,1622,1599,1569,1539,1498,6,9,0.19417374,1
L0408110413,18.316805,30.965,26.905146,0.5190626906601176,0.35799507184921586,1,12,10.0,18.5,2.7,1.4,1,192,9,2,2,0.8888889,1.0,1.0,1,1,1.4679765702957996e-18,6.301285698329545e-18,2.7048279326552125e-17,1.171266961984382e-16,5.071924201266565e-16,2.224716655564956e-15,9.758377198837155e-15,4.296968949406029e-14,1.8921165544459226e-13,8.45485226369981e-13,3.778032562318187e-12,1.6935488053349093e-11,7.591560776105891e-11,3.4216374452451784e-10,1.5421619067093914e-9,6.988642309290978e-9,3.165641426103705e-8,1.4251611883480974e-7,6.372815737409914e-7,2.773758570944737e-6,1.1422822951097691e-5,4.171376735328162e-5,0.000129946535787315,0.0003457517294222438,0.0008340549675126019,0.0018599983417409592,0.0038390110933553463,0.007307656324229392,0.012823039909888971,0.021144978810828427,0.03233428862625179,0.04625819953202532,0.06137743422372878,0.07621107288309958,0.08794699282848507,0.09541878704124035,0.09676070937364603,0.09257700377101538,0.08320653209404534,0.07092609484363682,0.05733251982619731,0.044231114045848445,0.032793940214501674,0.023566454625636012,0.016512847685335435,0.011231889814510322,0.007588556522498296,0.005127085864307102,0.0034630258650446633,0.0023139422238643683,0.0015461428174055266,0.0010200170820441042,0.0006729232273280194,0.00044246137154864954,0.00029092791438261825,0.0001905364956653848,0.00012478750312752113,8.152855651135463e-5,5.3265808892643336e-5,3.489228901521036e-5,2.285654272607226e-5,4.0335106792829447e-16,1.7315967597549845e-15,7.433797208150458e-15,3.219519355817439e-14,1.3943504259976197e-13,6.117210956290898e-13,2.68371163996827e-12,1.1819648668236806e-11,5.205641504629544e-11,2.326665963221511e-10,1.039908741029372e-9,4.662646085195432e-9,2.090599929040511e-8,5.668614198153612e-8,1.5373596816079275e-7,4.193258577192101e-7,1.1435800481444555e-6,3.1013551781553796e-6,8.36579076600882e-6,2.2048091148991576e-5,5.548809332222387e-5,0.0001259171927114834,0.00024879001062094643,0.00042224207124690294,0.000636115318902587,0.0014077949786664055,0.002778400621942152,0.0049202043871276096,0.0077788310505394415,0.01129823352844657,0.014939907876551518,0.018166086314433536,0.020238280408982536,0.020993099435691748,0.020071926838019182,0.018037709720956387,0.015213723822852533,0.02015453293460007,0.025455448322701937,0.031098867231425825,0.03689059098501314,0.0427332438112957,0.04881013784677288,0.05552125470156909,0.06282089517108168,0.06984708364041253,0.07761588298984491,0.08643114761310368,0.09628167047316043,0.06434384780824501,0.043000242508816844,0.028371126003534745,0.018718993198667877,0.012309352718368341,0.008094464897990313,0.005301734096899169,0.003472545044477215,0.0022689240678057084,0.0014824913087777471,0.0009712039286164439,0.0006362515521223313,0,0,0.0,0.0,2598,2593,2560,2551,2530,2517,2506,2495,2459,2432,2410,2401,2403,2400,2418,2417,2403,2414,2418,2425,2429,2426,2421,2407,2429,2446,2444,2451,2455,2484,2511,2544,2585,2610,2634,2676,2712,2751,2697,2707,2712,2754,2770,2812,2819,2820,2853,2888,2922,3020,3085,3150,3203,3244,3356,3451,3539,3611,3699,3770,3723,3681,3674,3577,3522,3460,3394,3351,3342,3331,3393,3375,3380,3380,3366,3358,3275,3257.0,3225,3206,3213,3210,3184,3201,3204,3184,3169,3183,3210,3188,3182,3180,3202,3195,3225,3241,3263,3281,3301,3288,3266,3253,3246,3243,3226,3216,3224,3243,3259,3312,3331,3366,3389,3403.0,3375,3359,3330,3307,3299,3257,3219,3164,3113,3092,3045,3015,2998,2947,2928,2897,2850,2824,2807,2767,2729,2721,2692,2677,2677,2635,2640,2718,2670,2637,7,8,3.3980434,1
L0408194808,6.7669635,7.34,7.3274446,0.6281789836508792,0.11877395665878097,1,24,9.5,19.5,3.7,1.2,1,192,2,0,1,1.0,,0.0,1,1,2.550894160770276e-59,1.337301009109202e-57,7.01103436879666e-56,3.690399295050619e-54,1.9425914971106544e-52,1.0248747977091752e-50,5.407259833576376e-49,2.852442663336411e-47,1.5047811617228062e-45,7.9027696794693e-44,4.150502697755868e-42,2.1582200308623484e-40,1.1222864886555553e-38,5.783997935338129e-37,2.9810108919581964e-35,1.502636739568422e-33,7.574458799126764e-32,3.782150067381251e-30,1.8885637467418303e-28,9.219704998243289e-27,4.500963580862369e-25,2.150491818280974e-23,1.027475410118853e-21,4.8163430509817626e-20,2.2576872806583992e-18,1.0396032252502983e-16,4.787084234711529e-15,2.1777206425109924e-13,9.90594759812724e-12,4.4447178871649644e-10,1.9830875410306966e-8,8.469141199576467e-7,3.0590757348558084e-5,0.0006935394736713851,0.008441033302992305,0.0517794835824501,0.16492573602759883,0.28184788206196515,0.2665461190950315,0.14581001908094435,0.05450152505712908,0.01747507124837899,0.005478915257971021,0.0017033387473716053,0.0005295510745973171,0.00016355078380794267,5.0512431279338956e-5,1.5457586828458617e-5,4.730266589263473e-6,1.4441210155484877e-6,4.4088160884853566e-7,1.3375429246287285e-7,4.057828811080529e-8,1.228930311535432e-8,3.721868276298539e-9,1.128216007098999e-9,3.419981408694099e-10,1.0382302427099398e-10,3.151837889232358e-11,9.595775823214789e-12,2.921437914409459e-12,6.711431625065715e-54,3.527399705086277e-52,1.8539514547455143e-50,9.783628233766846e-49,5.163044095450695e-47,2.7308490302267824e-45,1.4444212649313023e-43,7.63851929171049e-42,4.039509911665686e-40,2.1264334785251748e-38,1.1193830940500181e-36,5.833048784342832e-35,3.039594635221552e-33,5.069191299637854e-32,8.463224123800982e-31,1.3832312958152776e-29,2.264143255552542e-28,3.67704295566198e-27,5.98358505168428e-26,9.539605362092745e-25,1.524975979573116e-23,2.392907724063946e-22,3.768066536296285e-21,5.844589468271552e-20,9.10632570442983e-19,4.193094700398332e-17,1.930748488009997e-15,8.783589129901175e-14,3.99553833277228e-12,1.7927461518824064e-10,7.992764187676625e-9,3.3963634697701875e-7,1.1948119987130926e-5,0.0002442454919774124,0.0023941104988421487,0.011125265246952116,0.023945483827405065,0.07192439513056993,0.12168982444241519,0.13492633661617423,0.1214339731829942,0.1030476505165879,0.08737005518608053,0.07384931556718446,0.06274547165323713,0.0532573451672966,0.04548340489405482,0.03873354255385257,0.03321514230117956,0.010149297976570732,0.0031012509462941098,0.000941487633023591,0.0002858202029474301,8.661516977079212e-5,2.624795635421016e-5,7.961742719991328e-6,2.41502333379771e-6,7.336597673819046e-7,2.228787743325096e-7,6.790957714269022e-8,2.0691604266135823e-8,0,0,0.0,0.0,1309,1292,1282,1279,1282,1275,1267,1261,1253,1246,1243,1238,1234,1224,1219,1207,1210,1206,1213,1209,1205,1198,1206,1214,1236,1259,1274,1288,1186,1187,1193,1215,1226,1245,1262,1289,1311,1337,1374,1389,1426,1465,1488,1507,1603,1632,1657,1691,1691,1725,1767,1892,1863,1877,1848,1879,1844,1856,1828,1795,1764,1771,1766,1784,1790,1778,1765,1750,1746,1739,1725,1730,1727,1714,1714,1728,1726,1731.0,1716,1672,1670,1660,1661,1650,1655,1637,1645,1654,1639,1655,1657,1680,1721,1746,1767,1782,1752,1744,1747,1761,1745,1745,1739,1742,1754,1765,1789,1817,1822,1860,1911,1956,1967,1990.0,1996,2006,2016,2006,1960,1965,1952,1916,1880,1849,1833,1810,1757,1715,1673,1634,1600,1581,1557,1531,1509,1474,1449,1419,1423,1399,1369,1355,1331,1312,6,1,1.3592167,1
L0411083425,37.522408,47.295,47.294998,0.2295295494200567,0.9761803957337367,1,12,10.5,18.5,3.5999999,1.0,1,96,14,5,5,0.42857143,0.80000001,0.0,0,0,0.000574041091113939,0.0007899457240951577,0.0010731985233468815,0.0014050645139281834,0.0017841870193573374,0.0022313414546882666,0.0027501747940229,0.003357725850923282,0.004037733504470081,0.004823806836778881,0.005687192329724095,0.0066755465261010595,0.007741689557634764,0.008943094856038785,0.010207707205876977,0.011605070049908649,0.013046801530589314,0.014614166657468156,0.016186079950263072,0.017838518207308075,0.019469915083571755,0.021164229608625993,0.022766195274968426,0.024375679870669388,0.025844742750939745,0.027224523534748638,0.02845790683464343,0.0295840185531714,0.030522430566822675,0.0312696178996781,0.0318479600402894,0.03222427897955295,0.032414315414352544,0.03238759588830615,0.03218559977551404,0.03175195920581213,0.031165953226358664,0.030405683307010215,0.02949578312885142,0.028395692380334285,0.02721197691745358,0.025917504523149847,0.024549579943756318,0.023104582971823256,0.02163409746194787,0.020128914912550488,0.018631969381016307,0.017132397412277463,0.015680990954727123,0.01425649762127499,0.01290372574312057,0.011595542562189878,0.010380298611212934,0.009220112240074848,0.008161575359249718,0.0071723437219930715,0.006281249772771854,0.005450979625004862,0.004721633813124427,0.0040609498768431175,0.003475909066578158,0.0006408213503289261,0.0009010614793662797,0.0012581278108039597,0.0017099490283217667,0.0022877688204225232,0.003063954934557792,0.004127506400281117,0.005621442673280289,0.0077480264915120185,0.010846479292971766,0.01539151968346627,0.022091639983898643,0.03190161653677305,0.0284325173351508,0.025194527450633466,0.022070909962515525,0.018994996044169724,0.016017200330366896,0.013168084369308868,0.010544566656518883,0.008178435719436283,0.006142700658400298,0.004443085309830975,0.003112136631361556,0.002108564620899081,0.002253679140029757,0.0023479072049736242,0.0023947766378720177,0.002390242336276471,0.0023396188217754653,0.0022530480459721468,0.0021375806191724377,0.0020039017073345327,0.001856841858316371,0.0017041196378153132,0.0015465187746055479,0.0013935339322688096,0.0020213644476449995,0.002914055134083101,0.004164470589755929,0.005923939127075949,0.00838167800236115,0.01181460912197075,0.01657523552478374,0.02318733879879821,0.03231454020176933,0.04494143979637919,0.06226989385649266,0.08616911625688083,0.07330993396104248,0.06232321032095598,0.05277793772594338,0.04467926529700495,0.037633486867482475,0.031693665331601034,0.02658296295479922,0.02229082836631839,0.01855573794039049,0.01544848040916441,0.01280461753096213,0.010602784145349955,0,0,0.0,0.0,4575,4565,4586,4594,4604,4610,4624,4611,4592,4553,4526,4512,4541,4631,4588,4578,4630,4576,4539,4515,4514,4472,4463,4459,4519,4521,4520,4534,4580,4608,4643,4670,4713,4752,4804,4899,5007,5116,5226,5338,5450,5618,5683,5842,6127,6323,6479,6705,6879,6964,7129,7296,7331,7418,7514,7498,7472,7410,7346,7310,7216,7177,7096,7031,7013,6979,6934,6909,6794,6772,6727,6654,6618,6591,6571,6516,6465,6420.0,6428,6471,6451,6444,6393,6484,6513,6547,6538,6608,6631,6634,6666,6661,6747,6845,6911,6968,7093,7113,7237,7291,7310,7335,7304,7323,7389,7439,7431,7384,7364,7386,7358,7294,7256,7190.0,7101,6950,6816,6680,6486,6416,6251,6136,6055,5942,5861,5757,5704,5641,5555,5459,5350,5299,5210,5160,5090,5005,4956,4908,4879,4842,4803,4751,4722,4725,,,3.3980434,1
L0411105747,24.83606,20.831,21.851139,0.720322230930443,0.44986257910548894,1,12,9.5,19.0,4.9000001,1.7,1,96,2,0,4,1.0,,0.75,1,1,1.8160924188438224e-15,5.782091399022068e-15,1.8409255422848623e-14,5.899192503017997e-14,1.890399722987667e-13,6.072485076456635e-13,1.9506716217351835e-12,6.2726703823172365e-12,2.017092080633152e-11,6.484111264063028e-11,2.0843952667137357e-10,6.677697260703039e-10,2.139327549517776e-9,6.826963952978044e-9,2.1785478633049852e-8,6.886182204394854e-8,2.1756900965307443e-7,6.828202459491497e-7,2.134756352679496e-6,6.540320137829274e-6,1.9638386671794858e-5,5.6208548013259854e-5,0.00015091721552817113,0.0003673100457667909,0.0008040029381856337,0.0015898146277478708,0.0029204289592009926,0.00508122302191285,0.008367173768204079,0.013049929353835097,0.019295045144102498,0.027258077695704933,0.036537784985603436,0.0468118065022069,0.05686174659696321,0.06614191556197899,0.07318048680743863,0.07777453329179407,0.07869495996709593,0.07676015125722598,0.07153185444816901,0.06436518520290772,0.05575334709077854,0.04694513820361081,0.03826865232306793,0.030489899503284026,0.02378799135992136,0.018358472925784627,0.014085711731598352,0.010833850028925167,0.008328613218608194,0.006383650857926003,0.004892868251708117,0.003760905647805127,0.0028908321257192153,0.002219673948112565,0.0017043428906788319,0.0013068634891667149,0.001002085769353464,0.0007682495084818762,0.0005889807495471475,3.276266033222844e-13,1.0434533578482023e-12,3.323309960800938e-12,1.0653234908009785e-11,3.415045614563375e-11,1.0974023413501968e-10,3.5264664311399766e-10,1.1343970571472328e-9,3.6491773718908874e-9,1.1734794268025611e-8,3.7736399063628995e-8,1.2093661571656208e-7,3.8757752811612034e-7,7.45433751658375e-7,1.4338518951083548e-6,2.7322176807323168e-6,5.20437848954508e-6,9.846796161443054e-6,1.855257086629224e-5,3.422175113205966e-5,6.172587700977135e-5,0.00010566479833918046,0.0001682676788575632,0.00023956065348921184,0.0002995047141881659,0.0005406313439206656,0.0008736990612157643,0.0013111192852486902,0.0018463754881441231,0.0024509625242153063,0.0030420689857672146,0.003585499891800049,0.0040115340118751334,0.004322915827215581,0.004424853447862859,0.004359400541552994,0.0041075410671389725,0.006166104451378357,0.00890303223517027,0.012568713953866956,0.01718430089969589,0.023034419655153262,0.03017996600269116,0.03911258788984505,0.049989967025905344,0.06358164326119635,0.08031457748367599,0.10125041792307103,0.12745917888583336,0.09801231909309703,0.0753585569745395,0.05777142240057014,0.044288821148601235,0.03404973352142676,0.026177906105249824,0.02010437594226325,0.015440019043852823,0.011841555189702055,0.009081783348831427,0.0069639569232409155,0.00534001516252748,0,0,0.0,0.0,2857,2832,2825,2814,2782,2771,2753,2744,2741,2739,2724,2706,2698,2673,2670,2656,2643,2634,2635,2630,2636,2652,2651,2670,2674,2692,2702,2718,2734,2750,2772,2804,2843,2880,2901,2972,3005,3079,3144,3208,3311,3469,3593,3729,3891,3992,4150,4296,4308,4527,4650,4762,4875,4924,5000,5107,5161,5173,5227,5204,5103,5108,5171,5058,5029,4972,4941,4882,4847,4813,4727,4746,4679,4633,4599,4561,4500,4469.0,4433,4401,4358,4329,4324,4316,4324,4334,4350,4379,4433,4485,4527,4531,4575,4586,4573,4550,4576,4557,4677,4794,4907,4996,5091,5158,5215,5192,5229,5210,5310,5348,5371,5304,5281,5268.0,5166,5179,4948,4849,4869,4749,4533,4447,4370,4278,4206,4141,4075,4092,3973,3866,3792,3679,3579,3455,3402,3335,3273,3187,3126,3056,3013,2989,2937,2904,10,1,0.51464736,1
L0411153041,9.5679007,10.981,10.981,0.10484793600395428,0.9530639619767283,0,0,10.5,18.5,6.0,1.2,1,96,7,1,1,0.5714286,1.0,0.0,0,0,0.0007445054638383283,0.0009696140925117109,0.0016860258827629214,0.002084387006708355,0.0025878489579632034,0.003051383151329747,0.0036609704118885393,0.004307049542822402,0.005082293359699976,0.005875486237899426,0.006785624425106979,0.007917960845230367,0.008971152683437704,0.010330075324683309,0.011564481597869944,0.013108173188750785,0.014484296498013667,0.01653986473254282,0.0180142085138703,0.019549615187573102,0.02118009751978595,0.023390807507481154,0.024905265012811862,0.02672902105254658,0.028032449556065396,0.029516287684166864,0.030574085649543534,0.03205058552761897,0.03267472040833265,0.03336012362808147,0.033675086063190356,0.03394357240762064,0.03380921560530394,0.03364475768965177,0.033013680355034186,0.03204563577019035,0.031150934578457624,0.030487011994857423,0.028993178068127484,0.02715822045653002,0.025740689304062783,0.024330339486247757,0.022625128040432672,0.02089271639097258,0.019193995204437254,0.01735205345149463,0.015792459789596074,0.014233975009433124,0.012745626787529472,0.011294641115178266,0.009973400075951,0.00873845478284179,0.007604176031876822,0.006636054722437136,0.005666125977451745,0.0047999276881804595,0.004058285730617637,0.003468194556874208,0.002868974279213834,0.002386410006026836,0.0019486179292421864,0.0007647009494257582,0.0010180966583962817,0.0017076168636200252,0.002112977105614558,0.002611006335110414,0.00308951046567315,0.003693349254403499,0.004358306788279227,0.005125917945135979,0.005939004420484092,0.006851688281709272,0.007995834454202579,0.009050383080300737,0.010425963533099943,0.011656246316613031,0.013215400031295935,0.014606281344788802,0.016644344617596625,0.018101099916455695,0.01968307398478586,0.02129842427711476,0.023494181158744014,0.02499419362712835,0.02681186062985017,0.02810056988129334,0.029583839506902285,0.030639280572760035,0.032070706038766,0.03269852123078253,0.03336575515682447,0.03367760427603153,0.03391919062083461,0.03379021072400955,0.03358663952215058,0.032957763238910975,0.03198862874918886,0.03110845666253956,0.030369201032297625,0.02889636445130078,0.02707736042076089,0.025661623189120852,0.024219168927081973,0.022527813837501923,0.020788517132607223,0.019090268247963064,0.0172661377046473,0.015699827544567547,0.014148835548958589,0.012657335886282792,0.01122014324702131,0.009896730626951181,0.008673895408774421,0.007542125035825576,0.00657740117700401,0.005612747912012342,0.004757988859205018,0.004020536409769598,0.0034313393857671095,0.0028395056270608668,0.002360368487832382,0.0019281356788625507,0,0,0.0,0.0,1547,1545,1544,1538,1525,1500,1487,1485,1478,1463,1442,1415,1405,1408,1409,1404,1406,1400,1380,1388,1397,1395,1396,1393,1395,1417,1430,1451,1456,1461,1460,1478,1501,1522,1553,1574,1591,1616,1635,1660,1695,1791,1854,1936,1968,2043,2120,2238,2458,2626,2737,2953,3059,3062,3119,3174,3186,3263,3263,3273,3193,3166,3130,3044,3026,3031,3019,2998,2959,2960,2949,2906,2977,2981,2977,2931,2912,2916.0,2878,2819,2756,2723,2688,2651,2621,2610,2623,2644,2634,2758,2749,2768,2825,2822,2826,2905,2913,2897,2886,2850,2758,2754,2801,2842,2857,2867,2919,2924,2929,2932,2979,2946,2928,2974.0,2920,2954,2955,2972,2864,2856,2796,2775,2726,2656,2600,2485,2498,2409,2328,2246,2165,2082,2046,2001,1963,1921,1873,1810,1764,1728,1685,1658,1634,1581,,,0.27184331,1
L0411191021,13.624324,15.393,15.393,0.49397029446714186,0.6909316126687556,0,0,9.666667,18.5,4.5999999,2.0,1,96,13,5,4,1.0,1.0,0.75,1,1,3.4945257322737042e-6,6.591793602383723e-6,1.1144076286982982e-5,1.8300165580449485e-5,2.9440415721370427e-5,4.665937861258478e-5,7.260350051123536e-5,0.0001116830191236244,0.00016876920218003396,0.00025154143171285094,0.0003688752559352532,0.0005346602254111307,0.0007623667260999043,0.0010712979874744927,0.001481240088181511,0.002022264514928134,0.0027177883099625925,0.0036057489097482474,0.004705895326658344,0.0060588115503062145,0.0076775902118655925,0.009599197944055218,0.011819206897585007,0.014354478069868216,0.01716922404720628,0.020249144326862128,0.023530352661357532,0.026966145605553965,0.030447609863159628,0.03388412917315792,0.03716502008812716,0.04017839492502162,0.042826037383979394,0.04499307759658597,0.04659186597257823,0.047540583511794306,0.04783287993866323,0.047424898015344115,0.04636606140757507,0.04468758042598422,0.04245650270532955,0.03976642216580399,0.03671858857199185,0.03342773930283799,0.030000999456891414,0.026556941429891495,0.023172827467105923,0.01994207894770125,0.01691947331837489,0.014161684645917421,0.011686086102085644,0.009514071700720265,0.007637657244929411,0.006045757772678655,0.004720935771505351,0.003635226396045389,0.002761968988576535,0.0020699811039745055,0.0015309531330348848,0.0011170102454919162,0.0008044390590171402,3.594271361776014e-6,6.6851440450442526e-6,1.1328908994525132e-5,1.8521437253114647e-5,2.984887696516905e-5,4.7217924789511956e-5,7.351553082515731e-5,0.00011299544836451321,0.0001707300083330721,0.0002543313731818456,0.0003728806707933549,0.0005403390241313382,0.000770039761825291,0.001081627390100432,0.0014949659351121895,0.0020404140185386528,0.0027407685368275353,0.003635045253433782,0.004741492579531369,0.006102010207483797,0.007728910937911981,0.009659470074003338,0.01188780693182199,0.014431696061925415,0.017253620772062214,0.020339633598352336,0.023625872043336937,0.02706466390729754,0.030544183648168303,0.03397538206469377,0.037252224436464074,0.04025699632045344,0.04289040583849076,0.045041180348054696,0.046623384440489635,0.047552874664361144,0.047827185046471925,0.047401418339262626,0.04632332822056693,0.04462894507688859,0.04238360947610892,0.0396825356707815,0.03662712162495145,0.033331981349641514,0.02990305288805449,0.026459958904350628,0.023079714554662612,0.019854448464400175,0.016838955094629154,0.014088963948140926,0.011621947392471892,0.009458178635484182,0.007590400080739686,0.006006132195710666,0.0046884975497361375,0.0036089811707240584,0.0027411244702143967,0.0020536617717391093,0.0015183904630332841,0.0011074903111197264,0.0007973189103363912,0,0,0.0,0.0,1495,1501,1497,1503,1516,1522,1510,1509,1500,1484,1483,1483,1512,1522,1528,1522,1506,1518,1509,1496,1495,1497,1468,1475,1474,1473,1471,1478,1495,1475,1507,1486,1489,1476,1478,1501,1514,1518,1536,1541,1547,1573,1590,1610,1661,1701,1724,1759,1807,1814,1855,1870,1860,1809,1780,1784,1781,1789,1791,1794,1794,1799,1823,1816,1806,1792,1771,1748,1740,1746,1758,1746,1755,1772,1755,1754,1745,1743.0,1729,1719,1710,1703,1700,1685,1673,1666,1671,1666,1664,1664,1680,1676,1672,1683,1683,1699,1706,1721,1737,1739,1755,1767,1777,1766,1790,1798,1821,1853,1870,1881,1874,1870,1889,1918.0,1930,1930,1935,1940,1917,1923,1895,1891,1867,1844,1828,1805,1775,1771,1749,1738,1721,1711,1699,1688,1669,1660,1657,1624,1618,1605,1581,1563,1551,1534,15,13,0.27184331,1
L0412153305,6.7391167,11.552,12.604923,0.7656566372313148,0.13327937389763309,0,0,9.5,19.0,3.0,-0.30000001,1,96,13,3,4,0.69230771,1.0,0.25,1,1,4.125211616173226e-62,2.3024697338394026e-60,1.2851425616935456e-58,7.215096302027415e-57,4.0508219909852634e-55,2.298344843792348e-53,1.3040627022383043e-51,7.463363195545445e-50,4.2715233722960184e-48,2.4725505127447086e-46,1.4312676509315639e-44,8.404495077923078e-43,4.935342420196809e-41,2.8932439255581682e-39,1.6961617854056888e-37,1.0047434033001654e-35,5.951940908236422e-34,3.5144053381237803e-32,2.0752001594126028e-30,1.21622398734487e-28,7.12821338345086e-27,4.15565281869347e-25,2.4227352643328012e-23,1.3777392494858135e-21,7.833720196739805e-20,4.341889314815894e-18,2.402545457358112e-16,1.2867393319089647e-14,6.806411923396646e-13,3.360991508613947e-11,1.5568664648917662e-9,6.258349063556413e-8,2.006039928239702e-6,4.472248442086827e-5,0.000643263658712396,0.005641527709428479,0.029983841383194033,0.09874138625257634,0.20119204998300647,0.26012098446979903,0.2126263443653284,0.11833085004664742,0.04851128842578532,0.016534037544442402,0.005236311414433825,0.0016439364855696085,0.0005155993498889837,0.00015977745875149998,4.951297931809161e-5,1.549989027169687e-5,4.852201411485896e-6,1.4862039217699875e-6,4.5521674150089776e-7,1.4001851345531408e-7,4.306783112205545e-8,1.3274849944648863e-8,4.09172630771675e-9,1.2606259369030396e-9,3.8838838229650253e-10,1.2169511106441375e-10,3.813121966556025e-11,5.483132461179955e-62,3.0633377178336195e-60,1.7114657193390983e-58,9.618019497643852e-57,5.405186038114644e-55,3.0699229320019698e-53,1.743622992503908e-51,9.989564531316688e-50,5.723338174400102e-48,3.3165590453607582e-46,1.9219220602444735e-44,1.1298631688613055e-42,6.642426538793075e-41,3.898361085889507e-39,2.2879568870954186e-37,1.3568650642265085e-35,8.047049925897112e-34,4.7568068715694333e-32,2.8119334020370676e-30,1.6497599177613367e-28,9.679347071451159e-27,5.64869739286008e-25,3.2965108376801264e-23,1.876297543907639e-21,1.0677750334498927e-19,5.922400038791526e-18,3.2789684569152463e-16,1.756291732050466e-14,9.282793957150473e-13,4.5708255159918e-11,2.1028160621866187e-9,8.331746415481839e-8,2.5985370736001816e-6,5.5528420045649624e-5,0.0007583613581881938,0.006336819345047228,0.03232338589050519,0.10301445463110534,0.20439630059807254,0.25892842198785965,0.20871014829499787,0.1151327576989831,0.04697646109006018,0.01598797202047302,0.005063439519192417,0.001590089021772562,0.0004988479838009843,0.00015462023818568158,4.7925320526620944e-5,1.5006891885619634e-5,4.699129009396512e-6,1.439556144369118e-6,4.4100161779438464e-7,1.3567129576952603e-7,4.1738437427932265e-8,1.286761160956259e-8,3.966981476570097e-9,1.2224308306740857e-9,3.766941525112766e-10,1.1806352462467994e-10,3.7003562598880505e-11,0,0,0.0,0.0,1877,1853,1831,1807,1800,1783,1775,1770,1760,1754,1748,1741,1734,1727,1721,1710,1701,1690,1684,1672,1673,1679,1683,1682,1690,1699,1715,1732,1737,1751,1766,1778,1790,1814,1833,1850,1907,1955,1971,2028,2075,2145,2189,2263,2340,2384,2368,2415,2502,2573,2617,2719,2791,2889,2949,3008,3095,3100,3158,3138,3119,3092,3050,3041,3018,3014,3044,3048,3003,3031,3027,3035,3038,3004,2976,2957,2934,2934.0,2867,2846,2836,2796,2761,2760,2782,2781,2799,2771,2758,2800,2818,2825,2819,2846,2844,2827,2826,2824,2825,2829,2841,2851,2838,2851,2874,2879,2901,2888,2880,2894,2899,2948,2941,2937.0,2921,2913,2913,2900,2865,2838,2786,2736,2687,2633,2600,2557,2507,2484,2463,2427,2378,2332,2289,2263,2244,2199,2144,2081,2035,2006,1974,1952,1928,1907,7,8,2.6864257,1
L0412154527,9.9458389,9.988,9.8810558,-0.44996047758800634,0.37304971305678525,1,12,10.5,18.5,2.0999999,-0.69999999,1,192,6,2,3,1.0,1.0,1.0,1,1,1.4485117020647356e-8,5.0956620787198224e-8,1.7835620542603549e-7,5.574882563202582e-7,1.682064241397492e-6,4.7242606293041255e-6,1.2779968721337017e-5,3.2376133059625184e-5,7.866129916943781e-5,0.00017972732539074974,0.0003926487185788845,0.0008089286911491561,0.0015892255897099607,0.0029511851830548094,0.005217860750573461,0.008735590288039961,0.01391429208709484,0.021006709511775183,0.03011639982223504,0.04098637874556778,0.053017959772556834,0.06514530746053221,0.07598819884247748,0.08428641359372491,0.08874205307411179,0.08890247838350304,0.08465957855349464,0.07677222926587667,0.06615884288287678,0.05428641012975139,0.04244905969522743,0.03162354571506302,0.02249329982095253,0.015264542498516468,0.009910548595747174,0.006140684676574841,0.0036576397317914424,0.0020917580309184366,0.0011531369355634673,0.0006107834711208734,0.0003142601950419672,0.000156589830235511,7.644182347351276e-5,3.636764090385071e-5,1.7181525553140626e-5,7.952566390700213e-6,3.6524956241220706e-6,1.6854108474760766e-6,7.710872819168875e-7,3.535574332355208e-7,1.620530095101663e-7,7.470627699509575e-8,3.443958155687854e-8,1.5991970534586758e-8,7.4258661236592136e-9,3.450698120532473e-9,1.6034959465123983e-9,7.496493898589717e-10,3.5046914843618136e-10,1.6393929435696385e-10,7.668627279403241e-11,1.515214024097455e-8,5.343887336570204e-8,1.8536127349053875e-7,5.795773482871104e-7,1.7421475335354762e-6,4.897699623107308e-6,1.3241165143275358e-5,3.373981133026612e-5,8.296225692689828e-5,0.000195970587487398,0.0004605442233482682,0.0011053670886434423,0.0028048724368849955,0.004663177139826598,0.007753400059817961,0.012489106842106785,0.019187855155228195,0.027982646410745556,0.03872998001129538,0.050829055604613524,0.06303434672547942,0.07330170834520003,0.0787901566859157,0.07612710468577163,0.06437586343244246,0.07521893187891253,0.07773461794444807,0.07327937956665576,0.06426280440381525,0.053094429704246444,0.041546334577193963,0.030809634339939867,0.02166475554116133,0.014378391993388074,0.00897622570425953,0.005218919226857302,0.002840888662426453,0.0023191023792097413,0.001808493176792936,0.0013598843369222674,0.0010035366409297602,0.0007314952599872756,0.0005298350221666611,0.00038334809546100297,0.0002769604407834628,0.00020045432370891279,0.00014503674611041442,0.00010565659668535842,7.697636334552575e-5,3.5286203378433595e-5,1.6175240052480898e-5,7.457749093787758e-6,3.4384730345716668e-6,1.5968899348355743e-6,7.416268030660573e-7,3.446763089853113e-7,1.6019116182098024e-7,7.490347458539422e-8,3.5024078524308817e-8,1.6386033088925694e-8,7.666238092713014e-9,11,5,-17.664291,-20.30303,1623,1611,1622,1611,1608,1598,1595,1598,1577,1555,1540,1545,1543,1539,1511,1512,1500,1486,1485,1490,1493,1492,1489,1511,1519,1535,1550,1530,1530,1532,1534,1552,1565,1575,1579,1595,1605,1622,1654,1719,1832,1859,1948,1993,2039,2062,2081,2125,2138,2167,2169,2186,2212,2238,2240,2254,2273,2250,2253,2226,2206,2168,2160,2182,2166,2151,2167,2127,2118,2135,2130,2122,2115,2084,2088,2065,2035,2025.0,2019,1996,1971,1928,1916,1928,1910,1909,1906,1911,1904,1912,1934,1969,2013,2035,2067,2084,2076,2077,2058,2082,2100,2110,2116,2114,2137,2140,2170,2207,2225,2239,2305,2349,2392,2439.0,2432,2393,2405,2376,2379,2374,2358,2319,2296,2264,2225,2179,2135,2078,2058,2017,1970,1941,1906,1882,1866,1828,1793,1778,1762,1734,1717,1707,1670,1643,13,5,0.97086877,1
L0412192917,4.0013537,4.494,4.494,-0.7546558495174024,0.5791444941618207,0,0,10.5,19.0,3.8,1.6,1,96,15,5,5,1.0,1.0,1.0,1,1,1.6907161416464758e-8,9.666204481510866e-6,0.000765441115258143,0.003165548634704933,0.0020443168643144794,0.005878412426184531,0.004563033396440618,0.009614666920866804,0.00926975845129166,0.014803794033415904,0.016237242172929402,0.02193453394806009,0.02504564356493044,0.030829787391731152,0.0348917525645706,0.04042989841308231,0.04446816829231511,0.049292929778897,0.05212671904005965,0.05525180374450002,0.05630872896618861,0.0574482275249053,0.05602050267438604,0.054936254177946446,0.05139398313514654,0.04828033209026131,0.043463511347565396,0.0391688617869187,0.03383780954277787,0.029226483761942878,0.024283762878180414,0.02009524870077631,0.016066097450018014,0.01274701328011159,0.009799978698172555,0.00745602391580636,0.005518005276948813,0.004030188931619041,0.002870112673047061,0.002016040110881557,0.0013832346601800223,0.0009372346033639391,0.0006232706929757561,0.0004109147499929322,0.00026840746501937356,0.00017606401730805584,0.00011683832828458442,8.009446040858061e-5,5.75709023446147e-5,4.417918978787817e-5,3.631726154236342e-5,3.184064599258075e-5,2.9321324367886096e-5,2.7949900504356774e-5,2.7202259732879886e-5,2.6813477630847734e-5,2.661489005435831e-5,2.6517415832460798e-5,2.645813517037528e-5,2.643621718999447e-5,2.6418613519695188e-5,5.251639655901659e-8,2.9272133956320747e-5,0.0011652507679858906,0.0028604375613609213,0.0026760009358095037,0.005490947868202201,0.005342686516350152,0.009351166227041196,0.01004869279047629,0.014801535080928177,0.016965484973342115,0.022180241795462484,0.025739055011575283,0.03122306134501526,0.035541717142531126,0.040854465033896545,0.045042548228311045,0.049588290324851826,0.052524438309315594,0.0553766916915226,0.05649528374084776,0.057282889401224425,0.05596927401587347,0.05452698021528025,0.05110951950672302,0.04773356878327059,0.04302693823781789,0.03855528792237128,0.03334729249038887,0.02865563468640658,0.02382228527487601,0.019627987774010244,0.01569074259043304,0.012402663422630305,0.009529999863960931,0.00722849883590992,0.005343856604189653,0.003892986850635887,0.0027690223180027954,0.0019405679877510691,0.0013300335737445347,0.0008995713657365003,0.0005977257257675603,0.0003937096816360759,0.00025722796630677896,0.0001688677226411265,0.00011237174872079076,7.734502430745968e-5,5.59369266229755e-5,4.321549854964867e-5,3.577046078559452e-5,3.1531229086914484e-5,2.915421239820469e-5,2.7857560089411293e-5,2.715573890037735e-5,2.67896010578857e-5,2.6602942183109845e-5,2.650884837605108e-5,2.6456215760840918e-5,2.6432854609021717e-5,2.641832578390415e-5,19,13,3.1551688,3.0533061,889,886,856,855,854,871,871,871,862,856,861,859,859,857,876,874,874,875,870,869,856,855,851,844,836,835,829,836,838,843,848,853,865,871,880,911,917,916,933,941,948,980,994,1003,1014,1032,1038,1038,1050,1060,1085,1135,1158,1154,1172,1179,1139,1128,1123,1121,1128,1125,1128,1119,1116,1104,1104,1103,1104,1093,1087,1090,1087,1079,1081,1078,1074,1067.0,1066,1064,1059,1055,1059,1058,1059,1054,1043,1055,1053,1056,1068,1063,1079,1075,1081,1082,1092,1091,1092,1088,1097,1081,1081,1085,1092,1106,1106,1116,1120,1131,1145,1158,1169,1186.0,1191,1196,1205,1205,1202,1202,1187,1176,1164,1151,1127,1125,1104,1097,1056,1044,1042,1034,1021,1011,980,963,953,947,935,928,918,909,902,895,20,14,0.75512034,1
L0412201251,20.367945,20.236,20.236,-1.0774229019067876,0.27373769733523645,1,12,9.5,19.166666,9.6000004,1.7,1,96,15,5,5,1.0,1.0,0.0,1,1,7.841712568113777e-9,3.34607057992122e-8,1.427844305841617e-7,6.114313295272072e-7,2.617144678766697e-6,1.1171166072991026e-5,4.726222084915252e-5,0.0001939843100974418,0.0007458950769311501,0.002528380384649734,0.007194864480628992,0.016991307121455634,0.034031001618482694,0.05860329430900433,0.0874190095154221,0.1141647459507843,0.13041337973102657,0.13237760098193374,0.11873371895984502,0.09654280388246123,0.07052757026688827,0.047853083143913185,0.030197610015704826,0.01882215913306084,0.011449023104729842,0.0071550214398578005,0.004460659737876411,0.0028956022542183323,0.0018795762561552157,0.001291053035076742,0.0008868064610081918,0.0006250350443377941,0.0004405369748602142,0.00032997494827365277,0.00024716734743935573,0.0001902802842817782,0.00014649220539818606,0.0001159092789869918,9.17166337959608e-5,7.471791341302856e-5,6.087490090285716e-5,4.9839310572411486e-5,4.080801998644536e-5,3.345079119729943e-5,2.7422589233838143e-5,2.2366089670382484e-5,1.8243651560751646e-5,1.4600157644626043e-5,1.1685218628675638e-5,9.323263630547887e-6,7.439300680106998e-6,5.7255800547021045e-6,4.406849057789152e-6,3.3675792780704526e-6,2.573516471589006e-6,1.9163014115684607e-6,1.4269656042390998e-6,1.0339931179165137e-6,7.492539247194777e-7,5.357401006926742e-7,3.8307549186087496e-7,1.3821186836982033e-8,5.8948939917043156e-8,2.514384867416582e-7,1.0762591567733227e-6,4.605456499227838e-6,1.966406934186193e-5,8.33951412108205e-5,0.0003452190881850147,0.0013579696728128054,0.004839399854569389,0.015130581707898275,0.0412791447579892,0.09979299603223643,0.12892282432968521,0.14810908032165387,0.15093594906204175,0.13564747754730547,0.10756465771583604,0.07450922810890287,0.045498691347613356,0.02412863590687699,0.011362576121829686,0.004745771073241908,0.0018817553885535905,0.0007125195262627738,0.00044696706790472036,0.0002789965605641891,0.00018117162228539863,0.00011763628917087791,8.078009423930391e-5,5.547122199386556e-5,3.9075715947823895e-5,2.7526285483595616e-5,2.0593680413186183e-5,1.5407320543984158e-5,1.1843559696746293e-5,9.104331678407458e-6,1.1707746265871462e-5,1.5060952760744844e-5,1.994758839798999e-5,2.6431188399941198e-5,3.5205017647764095e-5,4.691403014213014e-5,6.26129961400313e-5,8.360978173337492e-5,0.00011113333093128386,0.00014780129933508033,0.00019297470839676724,0.0002520990875830524,0.00020095974528196205,0.00016020480587167094,0.0001232092303764555,9.476097196490485e-5,7.236202408790639e-5,5.525974986005262e-5,4.1123810544878516e-5,3.060476232869702e-5,2.216675956698388e-5,1.6055423289011394e-5,1.1475880384727808e-5,8.202660469709764e-6,23,12,8.9653511,13.149155,2488,2482,2460,2436,2420,2397,2386,2389,2381,2369,2347,2316,2309,2300,2288,2279,2272,2257,2253,2255,2254,2251,2252,2260,2286,2307,2323,2330,2339,2340,2348,2366,2413,2440,2481,2528,2602,2672,2756,2903,3081,3292,3567,3781,3842,3903,4030,4104,4218,4304,4485,4621,4958,4955,5012,4954,5005,5013,5047,4998,4842,4671,4606,4388,4311,4155,4041,3920,3865,3800,3753,3766,3739,3707,3659,3645,3616,3626.0,3658,3551,3474,3439,3414,3391,3404,3381,3372,3343,3333,3387,3400,3446,3593,3698,3749,3785,3804,3830,3803,3776,3706,3679,3680,3692,3718,3754,3804,3890,3929,3988,4049,4136,4229,4200.0,4214,4128,4108,4102,4038,3943,3966,3911,3838,3786,3684,3671,3624,3565,3424,3326,3166,3112,3072,3012,2967,2909,2825,2767,2754,2719,2664,2632,2605,2548,23,12,0.97086877,1
L0413112809,23.954107,33.645,30.793249,0.1454723494199362,0.9663444918099654,1,24,10.5,18.5,10.6,3.0,1,96,0,0,1,,,1.0,0,0,0.0007483563366851007,0.0010688584450191786,0.0014458055679909395,0.0018723661567700389,0.0023591845540101982,0.0028968077889701617,0.0034985214697404806,0.004167493542124182,0.0049100607388719835,0.005735281807003471,0.006668538972418532,0.00770455995244593,0.008812991831238121,0.01004083459161781,0.011330772806158984,0.012754689174640902,0.014210012170980224,0.01580860836603875,0.017305824255927575,0.018920464441873498,0.020551195809596516,0.02229704574897016,0.02381157083981947,0.025388183109413136,0.026818392271272293,0.02829928418996465,0.029525523030454966,0.03075324286976803,0.03161235405036881,0.03237568610666417,0.03287287565424929,0.03321562493130788,0.03328424664303025,0.033159890796394774,0.03277207568770585,0.03214412015759182,0.031401177665694675,0.03043406194700208,0.029272456151522155,0.02786101654263038,0.026500394182380385,0.0249930420571406,0.023435651349566496,0.021772321579454718,0.02014195972172871,0.018456498624328563,0.01686057648731445,0.015284313534156362,0.013782229680575644,0.012337781180332158,0.010983615568493145,0.00970821072284457,0.008534508647457762,0.0074517661247998504,0.006468642429664527,0.005575338208077465,0.004779056758383911,0.004066729619417092,0.003442701920647038,0.002894439085739359,0.00242016534354978,0.0007580733924208483,0.0010848894317960962,0.0014723051128110573,0.001917253385713809,0.00243763748240994,0.0030391933471747385,0.003767570972603926,0.004698695368880336,0.00600756459823284,0.008112008453546267,0.012019720420638386,0.02006695028753387,0.03792908187041437,0.02995889478630428,0.02496992942996021,0.021028371239248476,0.017441661438679878,0.01385695373140938,0.010401909311806401,0.0071510685329103435,0.0043609350214640005,0.002360177423470165,0.0011463664969860027,0.0005058159672898173,0.00020342754471536662,0.00020168745332559503,0.00018917079141452263,0.00017282071163656837,0.00015278216053570557,0.00013269555149923888,0.0001132059432219252,9.564480205943164e-5,7.976943681245964e-5,6.602217778506297e-5,5.4093047032370307e-5,4.373171932701563e-5,3.513096767549116e-5,7.381310725241467e-5,0.00015397245300648212,0.00031469872826823074,0.0006409964538307099,0.0012981416026415086,0.002617716476417856,0.00522194916429377,0.010387512982965896,0.020441994387558476,0.0401733248015607,0.07873216563358869,0.15431785154245495,0.11503245052775787,0.08593153343775756,0.0642637320365161,0.048231247630960386,0.03630742917099591,0.027443043831157636,0.02078979473528012,0.015815885212168583,0.012052317822765814,0.009221035048214017,0.007068524684735078,0.005435658717105258,0,0,0.0,0.0,2943,2926,2915,2900,2892,2866,2873,2857,2855,2838,2787,2834,2828,2828,2828,2839,2840,2819,2813,2816,2777,2772,2774,2822,2826,2853,2844,2855,2876,2917,2945,2892,2905,2898,2908,2948,2962,3001,3024,3043,3058,3098,3127,3159,3167,3208,3236,3317,3418,3480,3573,3610,3664,3787,3895,4004,4060,4170,4269,4211,4103,4030,3954,3855,3807,3763,3795,3791,3760,3734,3721,3688,3653,3641,3621,3588,3574,3562.0,3537,3536,3541,3544,3538,3549,3555,3538,3529,3546,3516,3514,3502,3517,3522,3539,3565,3588,3618,3644,3620,3608,3592,3610,3642,3638,3633,3660,3688,3699,3694,3717,3737,3759,3776,3840.0,3836,3801,3749,3722,3677,3645,3596,3542,3520,3505,3451,3409,3368,3341,3302,3274,3236,3190,3157,3129,3093,3064,3047,3031,2995,2969,2949,2946,3024,3012,,,0.75512034,1
L0413113427,17.410585,17.462,19.532049,0.9877552260218364,0.3959520406131165,0,0,10.5,19.5,2.4000001,2.2,1,192,4,1,3,1.0,1.0,1.0,1,1,4.2023900635468856e-21,2.1378752343123855e-20,1.0876036860785875e-19,5.462188399410471e-19,2.743244956005254e-18,1.370498130690828e-17,6.846901106701767e-17,3.369870874127289e-16,1.658569874151151e-15,8.042048193286762e-15,3.8994199686992773e-14,1.8636984250024592e-13,8.907294913509562e-13,4.1962578836824146e-12,1.976624996445819e-11,9.19599167176287e-11,4.2743269959086693e-10,1.9583600129952778e-9,8.922416392106881e-9,3.976918016246734e-8,1.7267997730180001e-7,7.071881466798086e-7,2.666432022563397e-6,8.893479871840689e-6,2.6006865687090874e-5,6.78378495387387e-5,0.0001627963852584769,0.00036427279967611256,0.0007665500614190121,0.0015266574370430069,0.0028695472158466484,0.005112160847572649,0.008613150626567935,0.013759945116696827,0.020796960137314288,0.029831826444534967,0.04049510996839258,0.05223189358231758,0.0638213662418604,0.07419535282651277,0.0817810769786872,0.08590899827576746,0.08569284698604243,0.08161743545762405,0.07408016147474669,0.0644234795809291,0.05359771481375497,0.0428702132924485,0.03305616057668738,0.024668161878014263,0.01789465766895161,0.01270301874879404,0.008838851560614636,0.006078000979277412,0.00415109122784445,0.0028280989769246035,0.0019257281481313336,0.0013127316801471159,0.0008948595317776311,0.0006087156483728675,0.00041407113376691114,4.271799422985868e-21,2.1734710807439635e-20,1.1058574113992014e-19,5.554523452962768e-19,2.789949427143528e-18,1.393989871602534e-17,6.965055864717598e-17,3.428365369524218e-16,1.6875275262474736e-15,8.183158617836354e-15,3.968181407695053e-14,1.8966999432738268e-13,9.065684458520597e-13,4.271139105769604e-12,2.0120308888822303e-11,9.361325455351523e-11,4.3515546520179385e-10,1.9939703054376715e-9,9.086244071379813e-9,4.0508756021340165e-8,1.7593746350096904e-7,7.206319846271948e-7,2.7165647625569515e-6,9.05364352145918e-6,2.644303919039349e-5,6.88975255809236e-5,0.0001651960891815982,0.0003693362690707676,0.0007766229371165824,0.001545559894119852,0.0029026477648135857,0.005166862678392855,0.008697583371623664,0.013881906424134588,0.020961363018949103,0.030037425874374128,0.040733071311707794,0.05248419823067257,0.06406274455779268,0.07439617209707446,0.0819149935479114,0.08595752519134807,0.0856499784634117,0.08149454071882649,0.07389409247529602,0.06420034157700341,0.05336341242831999,0.04264877612818028,0.03286155984679523,0.024507086692392283,0.017769017378420984,0.012608590507522612,0.008770363849124945,0.006030029741728539,0.004118314111202764,0.002805943521460637,0.00191079672768961,0.001302664450032742,0.0008880730685300383,0.0006041498391212594,0.00041099973087647945,0,0,0.0,0.0,2627,2604,2653,2640,2628,2592,2508,2500,2489,2471,2442,2405,2376,2364,2364,2350,2334,2322,2303,2306,2327,2313,2316,2311,2320,2330,2353,2369,2388,2411,2430,2462,2499,2521,2547,2576,2604,2638,2685,2741,2803,2900,2983,3075,3187,3349,3482,3596,3684,3806,3886,3962,4099,4171,4179,4195,4327,4319,4329,4327,4338,4344,4300,4322,4281,4298,4318,4278,4207,4149,4118,4063,4060,4006,3989,3910,3823,3811.0,3804,3786,3765,3730,3678,3580,3539,3525,3524,3531,3578,3605,3653,3701,3692,3718,3746,3813,3887,4017,4094,4196,4265,4254,4347,4491,4534,4573,4601,4676,4710,4696,4709,4751,4770,4721.0,4711,4603,4577,4463,4350,4274,4201,4147,4041,3990,3939,3859,3792,3757,3671,3552,3467,3371,3300,3231,3176,3128,3078,3013,2959,2891,2862,2864,2824,2702,12,2,0.89386904,1
L0413153556,8.7606258,8.214,8.2139997,0.03572190208822315,0.9584725498681719,1,24,9.5,18.5,10.5,5.5,1,192,0,0,1,,,1.0,0,0,0.0004455277376698891,0.001355662060669076,0.0021497903920715327,0.0024660729461277392,0.003068438371630636,0.003639268832207615,0.004328663097293175,0.005093561589278219,0.0059635887381588055,0.006918423030838061,0.007990391532575303,0.009159088458635587,0.010438778284684628,0.011763283604950102,0.013235787808427024,0.014770961459300682,0.016376319205403823,0.017984787734517012,0.0196815833797694,0.021339306395536307,0.023026363970191012,0.024666234972845917,0.02623400205856938,0.027702422624782994,0.029061105964819974,0.030282453040862616,0.031326226410417574,0.032203489255632455,0.03285523556236278,0.03328214882333429,0.03349763066629114,0.033517499676059555,0.033262778917644356,0.032756311351092054,0.032078319877475524,0.031217337304304663,0.030143203752105205,0.02890210217297564,0.02753140153787011,0.02603199548060444,0.024459843309282716,0.02281521908452839,0.02114420837668033,0.019449449589572895,0.017779228559581816,0.01613435664170907,0.014547058095581778,0.01301603985572191,0.011575956208327565,0.010221551300171142,0.008966149960906764,0.007806099897697571,0.006754523540701673,0.005802656035648815,0.004952673007368323,0.00419748810560515,0.0035342389701943297,0.0029546618774218656,0.0024545427512748298,0.0020258249639571826,0.0016606817880796645,0.000553254653462625,0.001414637924670721,0.002196968458697966,0.0025195843985456085,0.003124063574863414,0.0037041479332627653,0.004405076840555228,0.005190129133023398,0.00610892665929063,0.0072016598167871475,0.008736647742894357,0.011572047460478248,0.01962017547185374,0.015267098775115489,0.014898493157511105,0.015729793805910646,0.017092249186940307,0.018686030843718,0.020352887736212206,0.022000318878537338,0.023592896137565354,0.02477156119474054,0.0250152705633128,0.02260893853064036,0.01644358451283237,0.023736093832518575,0.0282786855016981,0.030653794904534057,0.03176313911234947,0.032040264766235685,0.03148586120552285,0.029746838823666837,0.02628397332073498,0.021025052927283034,0.014913411647576862,0.009354727328985662,0.005281957523088668,0.007227394801838535,0.009394667513793946,0.01174202665282602,0.014333609777457273,0.017137057397641507,0.020256555892137866,0.023680647357590245,0.02764194556632569,0.032316017299132825,0.0383422002150746,0.046754512121495395,0.06084739216457026,0.029765458388666774,0.01662160928376702,0.010748397642309294,0.007857016952363079,0.0061915403619015276,0.0050685001658796565,0.0042114945015412925,0.0035129222905769418,0.002923352320284656,0.0024227865999999648,0.001996960382965701,0.0016356900642428437,0,0,0.0,0.0,1232,1211,1198,1192,1179,1177,1174,1179,1185,1188,1183,1169,1162,1157,1164,1171,1181,1192,1186,1183,1169,1164,1185,1167,1167,1167,1181,1175,1182,1191,1197,1207,1214,1211,1233,1255,1263,1293,1327,1336,1370,1405,1425,1476,1526,1544,1604,1619,1632,1610,1598,1612,1650,1648,1636,1613,1586,1585,1586,1573,1568,1565,1556,1555,1553,1561,1563,1564,1566,1568,1566,1556,1547,1548,1565,1567,1575,1577.0,1579,1565,1538,1533,1524,1515,1505,1495,1501,1504,1515,1536,1534,1537,1540,1555,1580,1578,1589,1580,1584,1579,1583,1574,1572,1574,1576,1590,1608,1635,1671,1687,1708,1735,1768,1775.0,1786,1807,1809,1796,1782,1765,1748,1709,1687,1666,1641,1617,1592,1568,1526,1502,1463,1443,1428,1396,1366,1354,1324,1307,1300,1280,1266,1253,1236,1219,,,2.3540342,1
L0413184859,22.760162,36.075,36.075001,0.07627549137674937,0.9697954750009616,0,0,9.666667,19.5,8.8000002,1.8,1,96,3,1,2,1.0,1.0,1.0,0,0,0.001101255236864862,0.0014439674035000819,0.0018417474617017707,0.002287361996004771,0.0027989445682708226,0.003374527623062272,0.004033435561043666,0.004770834290433345,0.005604801104863272,0.006529786282998256,0.007558660417589139,0.008682953474175142,0.009899934949493941,0.011220781944806317,0.012624226849235014,0.014106278624357569,0.015649456176518552,0.017263451442852244,0.018890312709432543,0.02055353110018803,0.022186237274817288,0.023809313802147656,0.025349020687243828,0.02683632323639837,0.028198187528777317,0.029437882451350657,0.030517722528508835,0.03144058173506448,0.032160350490704336,0.032694125678017216,0.03300515308075605,0.033101086488221174,0.03295640803775548,0.03262983588143842,0.03206747673574459,0.03130242137833157,0.030356182446873544,0.029234407484336165,0.027973147406240722,0.02658533541326642,0.02510444400275846,0.023539088768033862,0.02193315503194048,0.020296159941854845,0.018663444470262434,0.017044678481216873,0.015470540427478375,0.01394466082820377,0.012487845197535104,0.011124021299035775,0.009840626647225478,0.008649782387024886,0.007552076437806397,0.006563743563562029,0.005661154274697126,0.0048642359865736125,0.0041468828272225675,0.0035187659057729645,0.002963834406761121,0.0024849046369680894,0.0020685054946800907,0.0011101674677862433,0.0014534203808174565,0.0018515228155944448,0.0022975186713604825,0.002809740088102666,0.003386213906890581,0.004046323238498319,0.0047851523168069305,0.005620705306161201,0.006547482439127033,0.007578232247336313,0.008704465972539455,0.009922950539178257,0.01124557905276991,0.012650942004187093,0.014134659632630895,0.015678715090175002,0.017293616639541907,0.018920765653642105,0.02058407951668878,0.022216152531716462,0.02383834909317777,0.025376229526290896,0.026861744938517305,0.02822147482828257,0.029458621841264174,0.030535173899123347,0.03145464699330716,0.03217051825570649,0.03270044785111249,0.033007450895175414,0.033099183261667546,0.032949682124590304,0.03261903263832808,0.03205323257071053,0.03128481889891155,0.030335671092223734,0.029211173732889794,0.027947583589667122,0.026557877768303467,0.02507566500782008,0.02350933982355559,0.021902868390198525,0.020265763209422333,0.018633342011119935,0.01701524506557671,0.015442083491923378,0.013917386010759434,0.012461753397523477,0.011099508431699465,0.009817897272283233,0.008628838384350664,0.007532822403342994,0.006546237325782779,0.005645326324545052,0.004850093268400223,0.0041343761126348905,0.003507786899647628,0.0029542756844430193,0.0024766426949426384,0.0020614294792266267,0,0,0.0,0.0,2837,2857,2831,2838,2864,2839,2793,2782,2779,2777,2794,2809,2853,2815,2808,2804,2775,2747,2712,2672,2671,2665,2661,2682,2724,2745,2770,2788,2784,2791,2771,2767,2788,2785,2791,2786,2783,2782,2800,2818,2847,2868,2909,2930,2956,2960,2989,3001,3034,3069,3141,3156,3211,3237,3229,3253,3275,3271,3205,3167,3182,3214,3230,3302,3318,3303,3323,3308,3312,3312,3284,3283,3278,3271,3268,3282,3290,3298.0,3251,3226,3238,3228,3230,3235,3250,3269,3273,3269,3261,3252,3284,3298,3300,3329,3323,3330,3280,3293,3287,3271,3272,3277,3311,3355,3386,3478,3479,3489,3522,3553,3602,3638,3608,3622.0,3605,3571,3515,3486,3479,3473,3452,3403,3363,3320,3267,3243,3242,3200,3189,3131,3077,3071,3033,3008,2994,2980,2984,2978,2976,2958,2957,2946,2931,2933,,,0.37756038,1
L0414082305,7.5771446,8.238,8.2379999,-0.8025373689629983,0.31838015358507943,1,24,9.833333,19.166666,10.0,3.4000001,1,96,7,2,0,1.0,1.0,,1,1,3.092105020495977e-8,1.8111464599400036e-7,8.42019288670381e-7,2.814371100064966e-6,1.0579404188521906e-5,2.633380483855417e-5,9.49102080963658e-5,0.00018419282226626591,0.000619227871118348,0.001021303727966776,0.0029259149750190273,0.004487514363623229,0.010267504045302063,0.014992279081845711,0.027259529021905732,0.037591935320395856,0.05565441313695645,0.0700494563323357,0.0872162540416097,0.09786234817352524,0.10437588096884058,0.10313754332359758,0.09510393807801361,0.08225317892975148,0.06591693554443973,0.049925707895552236,0.03486226465079507,0.02313782580967715,0.014123987763907206,0.008241999579423983,0.00441198359544727,0.002297219191253685,0.0010795851315296378,0.0005086906198810633,0.00020778535293984146,9.237544924605706e-5,3.4977337780211944e-5,1.3142078660067806e-5,4.868332306350579e-6,1.6845899561090878e-6,5.69708299579563e-7,1.9275447610529844e-7,6.521628924180993e-8,2.2058815360671916e-8,7.46119321560433e-9,2.5273899464237486e-9,8.561231156686316e-10,2.894062428794569e-10,9.783169190575122e-11,3.312501666609271e-11,1.1215861802828974e-11,3.803445374116125e-12,1.2897980653084295e-12,4.3818693431034806e-13,1.4886655413877815e-13,5.0835354162864636e-14,1.7359396225772107e-14,5.959538981644407e-15,2.045930211485212e-15,7.072517237744939e-16,2.44487935678386e-16,3.90218807372401e-8,2.1271778670863674e-7,9.641710303357486e-7,3.1536740571297877e-6,1.1897230015529133e-5,2.887678072293498e-5,0.00010512331807795544,0.00019924479404907666,0.0006763590010739069,0.001126263378911177,0.0033527295023847185,0.006461441234021396,0.021254065539678558,0.027017297318389623,0.03681001698709095,0.05178847060708195,0.06665715439881488,0.08292484670022254,0.0952680423038758,0.10301655641798908,0.1038657730313888,0.09681935787287435,0.08299630819705234,0.06105694725500775,0.03483142381426545,0.03808222378184256,0.0314319979687433,0.022499372318138484,0.014221788866556763,0.00844862557534214,0.004559364279801021,0.0023767966570550523,0.0011065175553030629,0.0005093957881715843,0.00019836698959213014,7.853339839665208e-5,2.8110698300092087e-5,2.5359680426978798e-5,2.2747176533582136e-5,2.0277155655836398e-5,1.8070214613698183e-5,1.6152744052281326e-5,1.4480678097922138e-5,1.3035090152287502e-5,1.1811499928362516e-5,1.0824178468543609e-5,1.0061553416240291e-5,9.521618739955961e-6,9.258049730615881e-6,3.134774060044248e-6,1.0614339715479649e-6,3.599989528567424e-7,1.2209827424579409e-7,4.149298202122337e-8,1.4100674813044174e-8,4.818543243159496e-9,1.6466160719024454e-9,5.659339627098024e-10,1.9450959304524722e-10,6.735476719320223e-11,2.332382640582077e-11,6,3,21.521761,32.986111,1155,1148,1144,1138,1132,1128,1116,1114,1117,1114,1104,1105,1109,1111,1108,1112,1113,1111,1104,1098,1094,1093,1100,1104,1111,1116,1117,1140,1146,1150,1144,1157,1163,1179,1195,1214,1228,1251,1272,1293,1330,1364,1393,1416,1448,1470,1509,1550,1608,1657,1721,1749,1772,1772,1764,1765,1773,1784,1803,1792,1782,1782,1780,1782,1775,1798,1806,1811,1805,1800,1784,1779,1775,1778,1778,1783,1779,1795.0,1773,1749,1730,1719,1704,1699,1689,1683,1673,1672,1683,1694,1710,1704,1727,1741,1770,1773,1772,1769,1781,1764,1764,1770,1785,1803,1827,1864,1900,1902,1939,1967,2008,2036,2080,2130.0,2169,2189,2155,2146,2098,2065,2034,2004,1953,1903,1834,1776,1707,1668,1607,1567,1530,1489,1456,1422,1380,1350,1301,1272,1255,1227,1206,1191,1174,1164,6,4,0.37056431,1
L0414103814,7.4270167,7.468,7.4327917,-0.5584708959927491,0.7562112794280347,1,24,10.0,18.5,2.3,0.60000002,1,192,13,5,1,1.0,1.0,1.0,1,1,0.00022333374102015367,0.0020709994968538263,0.0033751877517667365,0.004147229627980482,0.00531722184348272,0.006561130814801727,0.008044223750426125,0.009726498696127673,0.011649239965452049,0.013773296618068746,0.016103600200758673,0.01856257078339307,0.02127098738801027,0.02395839618960296,0.02684724904370107,0.029518218359940843,0.03235986984382891,0.034752760622663824,0.03724825337002013,0.039104498776619714,0.04092932201525722,0.04198986419017982,0.04294396605104343,0.043108062845379894,0.043022325806753296,0.042216161448744786,0.04114901738383454,0.03949014505844389,0.03759445970549179,0.035306320016978456,0.032798285389345046,0.030087620380307652,0.027318419381633516,0.02449987571470426,0.02173251846897897,0.01904279544378995,0.01650843384146126,0.01413306201519684,0.011977319764204816,0.010023728556419392,0.008301228670985887,0.006787413430384288,0.005496202492957272,0.004394383727113306,0.0034791367208854124,0.002720691993619652,0.002106695717667941,0.0016116026140316738,0.001222052593157139,0.0009165352238922269,0.0006816401793656772,0.0005024576790984116,0.0003678741022194332,0.00026785662507487334,0.00019465661756705698,0.0001416259483960447,0.00010376291559574019,7.701147259124757e-5,5.8376138520680926e-5,4.5532213322281853e-5,3.6792560885405974e-5,0.00025130704332259344,0.0021734578638865866,0.0033832370157931514,0.0041997718477376315,0.005361561367378546,0.006619551024982042,0.00811243399856608,0.009812420702742722,0.011768569864280265,0.014000121771818707,0.016748961590767136,0.021190514635162885,0.03361341365055727,0.028538975462045233,0.029547240935126083,0.03223097903431024,0.03458899358052847,0.03722520766610838,0.03905734885704319,0.04101938056640323,0.04202338419235017,0.042915346866855275,0.0417758126955818,0.03689947260821197,0.025427967631208023,0.03480676102805307,0.03857431883400018,0.03861990838055568,0.037258948491483465,0.0351019388668162,0.03251494117388768,0.029472207160684494,0.025858461842000288,0.021280546120049572,0.015702151235418394,0.009910927244338579,0.0053019935368635905,0.00665379522020115,0.007640717777501613,0.008306862890804016,0.008708632397055436,0.008899281663883724,0.00893042661021782,0.00886033818499314,0.0087088849792486,0.008534451704610643,0.008350537456390033,0.008234464636991424,0.00831573353526776,0.003307336823618412,0.00147872239085446,0.0007672698249301765,0.00045419520806954956,0.00029498419066010276,0.00020230656553075756,0.00014316563282711827,0.00010352823282963544,7.641992025616507e-5,5.781723969927844e-5,4.510501682327158e-5,3.648550981703701e-5,8,7,-2.9676812,2.0089293,1195,1187,1186,1170,1158,1146,1149,1159,1163,1172,1185,1183,1180,1178,1159,1201,1137,1133,1139,1125,1128,1111,1116,1110,1112,1120,1135,1134,1128,1127,1134,1137,1150,1166,1180,1201,1216,1240,1255,1279,1308,1331,1338,1388,1417,1422,1462,1510,1555,1585,1605,1628,1654,1684,1709,1733,1730,1712,1704,1719,1724,1700,1709,1748,1737,1741,1743,1720,1745,1733,1740,1728,1723,1711,1707,1691,1690,1695.0,1689,1677,1668,1653,1642,1634,1626,1611,1608,1598,1607,1610,1612,1610,1619,1631,1647,1649,1671,1676,1673,1687,1685,1687,1691,1693,1699,1727,1733,1751,1794,1808,1813,1828,1844,1892.0,1888,1875,1880,1865,1846,1820,1798,1781,1779,1761,1739,1693,1661,1644,1604,1578,1563,1515,1493,1451,1419,1389,1352,1325,1297,1269,1247,1231,1217,1211,10,8,0.75512034,1
L0414184344,4.1062179,5.247,5.2470002,-0.6124508249277288,0.12624623613536168,0,0,10.5,18.5,12.6,3.5999999,1,96,8,2,0,1.0,1.0,,1,1,4.827667081640263e-50,3.55288329866408e-47,2.614719933336815e-44,1.8575369349583498e-41,1.3196237707568849e-38,9.279611696559973e-36,6.525439730873795e-33,4.4580410702519124e-30,3.0456398935430456e-27,2.0257245442572937e-24,1.3473560093718224e-21,8.757051225995262e-19,5.691419551071614e-16,3.612134941431204e-13,2.237253348626366e-10,1.0227036788626054e-7,9.764580543401399e-6,0.0001007346940936731,0.0006814007858760504,0.009290148685853686,0.05992627502262125,0.15791938292255506,0.24427196753380717,0.24755227844148478,0.16863073930451444,0.07938998107201357,0.025669726394998642,0.0056271484449871385,0.0008081833791731574,0.00010614197679554771,1.3917745587824782e-5,1.8295981256606354e-6,2.4051519590132514e-7,3.162085146184839e-8,4.157235242064098e-9,5.464521590053752e-10,7.182897890768376e-11,9.501242679796003e-12,1.2567854076930914e-12,1.6663401098897176e-13,2.2093583731914096e-14,2.9591207848125695e-15,3.963320721112302e-16,5.339866451788106e-17,7.194515844337516e-18,9.767064761531328e-19,1.3259482100050642e-19,1.822884792216197e-20,2.5060624100375262e-21,3.49208371953243e-22,4.866059468443655e-23,6.939776556035151e-24,9.897227759013107e-25,1.455647156181219e-25,2.1409112925248622e-26,3.1930294572827367e-27,4.762195110013305e-28,7.431316650623801e-29,1.1596431512328113e-29,1.8316195582920456e-30,2.8929851318852985e-31,1.028515582234735e-49,7.56933907450213e-47,5.570643015065708e-44,3.957492746681339e-41,2.8114807231356023e-38,1.9770462278908424e-35,1.3902684952091488e-32,9.498051100744007e-30,6.488890092302506e-27,4.315920438385198e-24,2.870625273921836e-21,1.8657478294750732e-18,1.2125970844729456e-15,7.695920727726203e-13,4.766638181775388e-10,2.1789309110680195e-7,2.080033593200622e-5,0.00021251778202573818,0.0010681602093379197,0.009957459130202363,0.06052001379251729,0.15801737809026756,0.24382823746506302,0.24691835933831868,0.168159418205476,0.07916267651646389,0.02559605055184707,0.005611025395790236,0.0008058685090329379,0.00010583794333263112,1.3877877718207215e-5,1.8243569594385336e-6,2.398261747196435e-7,3.15302612827802e-8,4.145324758117814e-9,5.448865112500176e-10,7.16231727045863e-11,9.474018653833424e-12,1.2531842172672072e-12,1.6615652545930984e-13,2.203027345388939e-14,2.9506411567459345e-15,3.951963309838229e-16,5.3245642673416585e-17,7.173898747805318e-18,9.73907566076741e-19,1.3221485005819935e-19,1.817661126228611e-20,2.498881154875697e-21,3.482077312699341e-22,4.8521164838602994e-23,6.919892930229828e-24,9.868872429465501e-25,1.4514772203717926e-25,2.134779011053735e-26,3.1838848425828324e-27,4.748558519024011e-28,7.410041883125748e-29,1.1563240789648904e-29,1.8263786919356636e-30,2.8847099078843097e-31,8,4,18.30954,19.010414,992,980,966,960,956,946,942,932,923,933,909,902,893,906,898,905,907,900,914,920,923,916,900,899,912,900,905,914,938,954,946,959,964,980,987,988,989,1014,1026,1038,1071,1093,1168,1197,1237,1277,1296,1299,1348,1365,1449,1514,1527,1573,1589,1578,1586,1575,1583,1581,1607,1631,1634,1651,1660,1660,1674,1669,1647,1618,1622,1638,1647,1647,1656,1661,1655,1609.0,1624,1634,1541,1511,1478,1449,1397,1400,1377,1358,1349,1374,1405,1392,1417,1462,1470,1468,1510,1533,1560,1582,1565,1551,1576,1605,1697,1707,1729,1747,1776,1800,1822,1821,1836,1853.0,1852,1902,1919,1852,1836,1793,1794,1805,1769,1772,1719,1698,1682,1668,1641,1607,1585,1537,1483,1508,1481,1412,1347,1276,1197,1163,1131,1097,1060,1032,8,5,1.3592167,1
L0417141549,4.3161631,3.233,3.233,0.04833004461785684,0.9442637779349555,0,0,10.5,18.5,1.6,0.5,1,192,0,0,2,,,0.0,0,0,4.46278331238265e-12,1.8768428917458736e-9,7.885785824526875e-7,0.0002665277726417857,0.0033392704197201385,0.0036022804132938525,0.004433595512678723,0.005160508502725424,0.006046641936805741,0.007002049596973206,0.008084218172401625,0.00924552466694936,0.010534998286234772,0.011888383195669051,0.013369628410433971,0.014879351174039214,0.01651791553350647,0.018135851950165285,0.01986083929905798,0.021499277557647325,0.023240104633053305,0.024815876756276636,0.026456959660519544,0.027864257457784203,0.029304107447176545,0.030434207870570013,0.031577235609457,0.03234313851196581,0.03310137626687041,0.03343153488087945,0.03375632619998892,0.03361541692051635,0.03348855223146829,0.032875787652313984,0.032322001687749576,0.03125836035955073,0.030348139727785897,0.028937300270542095,0.027717613733899513,0.026035517308987836,0.024627525018337777,0.022808605586645693,0.02128204236074711,0.01944480818323508,0.017889901191819976,0.01612660183476681,0.014629518387442279,0.013023447066222363,0.011638907281983824,0.010232807598777146,0.009011655104064131,0.007826177556112566,0.006792512340003144,0.005829363486766454,0.0049871335061202225,0.004225950719438578,0.003570386367761496,0.002990963557679395,0.0024953453192571163,0.002067874132380492,0.0017070053522502272,8.973997471593202e-12,3.779710450921952e-9,1.5900929723032013e-6,0.0005064591368844345,0.00339759512761387,0.0036864237116617958,0.004518570484613396,0.005265944756882631,0.006165256811994784,0.007142420671285949,0.008238085294861166,0.009423590086325043,0.010723986425877127,0.012103776639484146,0.013589883928179964,0.015129215195981574,0.016761625491410533,0.018407844406175676,0.02011519889957958,0.021785804417603527,0.023490005775980073,0.025094180310735636,0.026685361388816678,0.02811859779329625,0.029492830211126447,0.030649185979843476,0.03171051318351007,0.03250158882827958,0.03316644322983157,0.033525032858560344,0.033745485981547495,0.03363892569990462,0.03339978968780676,0.03283241829214971,0.03215709614814473,0.031161719331441948,0.030121185255477367,0.028785144679029605,0.02744237946522622,0.025852571994040126,0.02432489341654705,0.022598032032969388,0.020973775251438755,0.01921994083857096,0.017592793248901367,0.01590294765554943,0.01435811768967589,0.012808739466981283,0.011401582203872532,0.01003876070517901,0.008811946796108654,0.007658872456476873,0.0066307698745493695,0.005691119462653367,0.004860156842968076,0.004118703986853511,0.003474122159237283,0.002909686753027806,0.0024249727394408315,0.002009084655004924,0.001657250301173224,0,0,0.0,0.0,539,538,529,526,534,539,542,540,533,539,524,547,547,527,510,511,523,512,504,511,516,517,519,515,517,518,518,519,530,529,532,540,550,554,565,581,587,595,601,612,620,637,644,649,656,660,663,681,687,693,708,715,721,730,737,739,750,757,755,751,759,762,765,768,774,778,773,776,779,779,778,777,779,779,779,778,782,783.0,769,764,757,750,747,749,746,747,749,748,743,743,740,747,748,746,746,754,765,771,775,780,784,784,791,792,798,801,814,823,833,848,861,873,879,888.0,901,907,909,900,894,878,869,863,862,851,848,833,811,802,782,761,743,726,710,700,670,658,641,622,610,592,570,561,550,540,,,0.97086877,1
L0417211454,4.7021132,4.251,4.2254443,2.3846934278791387,0.08650270266117628,0,0,9.5,18.5,8.5,1.6,1,96,14,5,3,1.0,1.0,1.0,1,1,2.076145936978492e-127,2.0802367579929568e-127,3.602511168124684e-127,3.9957943915382513e-125,1.0170993329386161e-122,2.601231948954382e-120,6.652738254729161e-118,1.7038308761610312e-115,4.363681442843637e-113,1.1247783788888172e-110,2.8992224176031935e-108,7.531926403597354e-106,1.9567324761027616e-103,5.10323232767249e-101,1.3309451614551998e-98,3.501969746879797e-96,9.214373084248075e-94,2.4313136960969745e-91,6.41530650524183e-89,1.70681583996688e-86,4.5410610949021e-84,1.2176665748672206e-81,3.265134259450523e-79,8.816524082165909e-77,2.380649828586366e-74,6.471458657805789e-72,1.7591818310609616e-69,4.806346196339383e-67,1.3131710494206194e-64,3.6123896908276387e-62,9.937334541526472e-60,2.735176872614366e-57,7.52840201664816e-55,2.070418241621336e-52,5.693968729403996e-50,1.5635464141416594e-47,4.293465848294263e-45,1.1651555630940299e-42,3.1619933410386305e-40,8.477711885215483e-38,2.2729881725506092e-35,5.989709068577358e-33,1.57839167109146e-30,4.093226013224976e-28,1.061492561763272e-25,2.714917094744198e-23,6.943786186040675e-21,1.7582224104297675e-18,4.451926702763708e-16,1.1234391423533656e-13,2.820131093941433e-11,6.544554380377457e-9,7.832095395814975e-7,1.7415821600808202e-5,0.00026939104780634743,0.0029607534854202027,0.02300751705707903,0.11399856767892423,0.29012272854482707,0.3528592877698853,0.21676354881204887,1.060941213773254e-127,1.0724468807016119e-127,4.4165194726951484e-127,8.642048863218903e-125,2.2076602610932623e-122,5.646384288939285e-120,1.4441423947294895e-117,3.698747103072906e-115,9.473260721993583e-113,2.441935448027669e-110,6.294614918792606e-108,1.6353736535083347e-105,4.2487895015597095e-103,1.1081613924663166e-100,2.8902888122077208e-98,7.605358841450347e-96,2.001237874978354e-93,5.280802217574245e-91,1.3934828946816176e-88,3.707647089622594e-86,9.864970399623524e-84,2.645424015141496e-81,7.094071062384802e-79,1.91567001859912e-76,5.17304998365508e-74,1.4063134335743382e-71,3.8231244513724775e-69,1.0446019457866264e-66,2.854198046862082e-64,7.85208594134139e-62,2.1601648947460277e-59,5.94604258140109e-57,1.6367033903568715e-54,4.50141123375241e-52,1.2380214696101e-49,3.399735960831871e-47,9.33604421221413e-45,2.5337072142535686e-42,6.8762312459382895e-40,1.8436675953723618e-37,4.9432792488386e-35,1.302670620799267e-32,3.432845987884921e-30,8.902527107129882e-28,2.3087261356110887e-25,5.904971577753702e-23,1.5103001690849996e-20,3.824238481481497e-18,9.683298885662573e-16,2.4435909023214415e-13,6.13408627317068e-11,1.423415318441268e-8,1.7017396831149943e-6,3.7123681520361355e-5,0.0004740305410301573,0.004085538961101231,0.025845998090987882,0.11657787945526517,0.2891550877808291,0.34948767192262964,0.21433495353121387,0,0,0.0,0.0,663,661,655,653,650,641,637,639,636,638,637,630,632,643,644,640,664,644,645,646,666,675,669,685,682,692,697,693,720,727,706,714,728,730,737,759,776,782,783,779,784,790,794,803,839,841,849,851,838,841,858,854,829,903,911,925,948,964,954,985,999,1009,1016,1040,1027,1025,1047,1099,1077,1097,1037,1031,1038,1039,1058,1068,1120,1129.0,1125,1112,1100,1095,1083,1089,1101,1098,1123,1112,1108,1107,1107,1136,1125,1130,1123,1134,1127,1112,1131,1123,1156,1084,1075,1067,1120,1111,1045,1117,1103,1087,1071,1068,1062,1086.0,1099,1105,1097,1094,1079,1109,1103,1085,1072,1063,1025,991,960,942,898,876,862,826,805,792,770,760,751,743,734,727,720,711,698,690,2,1,1.3592167,1
L0418090513,3.2484796,3.329,3.329,0.5690145021003213,0.7722935938810073,0,0,10.5,19.5,4.4000001,1.2,1,96,15,5,5,0.86666667,0.60000002,0.40000001,1,1,9.418948650685699e-15,3.0061323358904186e-11,7.911323703248025e-8,2.4479465186599277e-5,0.00016692696888503548,6.67681841591838e-5,0.000306823515073227,0.00018974930819034018,0.0005000016539295582,0.0004704022155071077,0.0008108106033886867,0.0009574651015998334,0.0013557311828834738,0.0017261348768244401,0.0022637529649547376,0.002896964541834576,0.0036690268985253784,0.00462405676723165,0.005712661356787968,0.007037933049378387,0.008515335449668822,0.010258294620579943,0.012142724306154328,0.014312710735736468,0.016574487278038202,0.01905439307511334,0.021636984822162097,0.024306323961976066,0.027009378572442247,0.029639031753517744,0.03224776285864944,0.03458659122896029,0.03681936340526237,0.0386512501404191,0.04021788672746126,0.041282792047441605,0.042026332893709155,0.042251753306281704,0.04201506126824368,0.04132367530345643,0.040195372206753226,0.038680369064456134,0.03678269788636768,0.03467228017249009,0.03220187715122061,0.02971383561887008,0.026974561175287404,0.02436655746760734,0.021614702913036146,0.019110959693819145,0.016567001574812005,0.01433680568133487,0.012142644855731924,0.01029813417547879,0.00850800338825785,0.007056667846625434,0.0057019979406597535,0.004636880025645527,0.0036481778129839027,0.00290653844747565,0.002232033348164312,6.606378500230827e-14,2.1146977710754404e-10,5.432182526724361e-7,3.622451516652088e-5,0.00015684039688514286,8.606869353564732e-5,0.00029453146796334695,0.00021312041470107046,0.000493776558905831,0.0004937385793383442,0.0008167262098950261,0.0009822673348031704,0.001376083600035703,0.00175788330294929,0.0023001176958099864,0.00294196604981323,0.0037244496237463683,0.004687261486490946,0.0057900261887382995,0.007124169394007315,0.008617396195580712,0.010368820738051721,0.012270344894551631,0.014445134562731676,0.016721369275776856,0.01920690082701092,0.02179506682017226,0.02446602223607206,0.027165358294890307,0.029793533982180397,0.0323859787466729,0.03471915753106018,0.03692657577496071,0.03874298003305633,0.040279349838251655,0.041326077831417646,0.04203666178207006,0.04223498690785445,0.041971133204312394,0.04125364979902142,0.040101893051628014,0.03856464582878021,0.036653426908024964,0.034521579782915826,0.03205070338458966,0.029547080064317523,0.0268163581201106,0.024198826400507533,0.021462964034731125,0.018955573624072335,0.01643173918208595,0.014202457182498199,0.012030470807106465,0.010187605949196847,0.008419761700204273,0.0069727622010113625,0.005636710902431138,0.00457495218734484,0.003602640912571824,0.002863908519294481,0.0022016450383067696,0,0,0.0,0.0,619,610,613,614,613,597,598,593,605,603,592,588,588,595,603,602,610,621,621,624,616,612,605,588,588,595,600,600,609,608,607,614,617,619,626,632,636,646,655,657,670,682,682,704,713,723,737,750,760,774,790,801,810,814,819,833,831,823,816,821,817,821,822,817,821,819,817,824,825,832,831,825,818,822,818,813,818,809.0,806,811,799,795,790,790,788,778,776,777,778,790,786,794,784,783,781,791,792,809,796,794,802,799,802,808,804,807,816,835,848,859,874,880,900,921.0,929,945,956,952,935,935,925,921,907,896,876,842,821,793,780,769,745,732,727,709,688,679,663,648,646,636,623,620,615,608,12,10,0.40132797,1
L0418091045,24.7491,40.274,41.551834,0.10437014304789809,0.9698013266189419,1,12,10.0,18.5,5.5,2.2,1,96,1,0,4,1.0,,1.0,0,0,0.0009491079431370568,0.0012775735070320005,0.0016614143095287372,0.0020974260846947116,0.0025925325782507505,0.003153653418942884,0.0037868812978227935,0.004505080715754782,0.005306121963545486,0.00620394685286601,0.007190298637333484,0.008285157119771921,0.009470610754991463,0.010770772349198933,0.012138237064067038,0.013610913076035468,0.01512781551608621,0.016727109872452264,0.01834038858465969,0.020004089264820724,0.021637623952724155,0.023276165890764405,0.024840816896779902,0.02635591824998572,0.0277466853194559,0.029032777218292536,0.030168416582640335,0.031133787201128714,0.03191594726561553,0.03250816558412021,0.03288466030218893,0.033029655106498655,0.032972450443824006,0.03268241459713901,0.03219308010292981,0.03150192216703913,0.030622950987452574,0.029573315221605227,0.02837023395519941,0.027041642826974972,0.025602700568195712,0.024085086346889772,0.02250588522521342,0.02089536477079489,0.019274337827245105,0.017659209772079403,0.01607667147857819,0.01454293413621986,0.013071198374207171,0.01167073792377668,0.01035597030144222,0.009128901258106,0.007997472089724317,0.006963810425869728,0.006025461945636494,0.005182632015276135,0.004429623153274818,0.003764651124408432,0.003179198306003474,0.002670766166475225,0.0022296260072314673,0.0009646308771132515,0.0013020642764427276,0.0017008618179495767,0.002162734117510144,0.0027030082476387153,0.0033441133004920294,0.004121020039997197,0.005100873061270338,0.006384854575486789,0.008187244009277724,0.010890228090164144,0.01524350342308348,0.02257080882728385,0.021288581736453965,0.020938562959647692,0.021168402699743426,0.021674747658056374,0.022185633761513134,0.022443454429222277,0.022211971609775595,0.021280597724374694,0.01953907234497132,0.01701369184297863,0.013938002833132053,0.010675373656348384,0.012595708469500203,0.01392807861061938,0.014543584921982659,0.014451594398867163,0.013768144216852187,0.012644844362152208,0.011251585591809339,0.00975233982335652,0.008249517105776797,0.006842711746425669,0.005578217075990408,0.004479099551487416,0.005836408583456965,0.007522104978157651,0.009609651976824389,0.012180433658603888,0.015344596831279759,0.01922593177710731,0.023992788938006562,0.029841087424037748,0.037004867496985026,0.045843824573405176,0.05682786691966238,0.07057050996550186,0.05323120987049301,0.04032629673747639,0.03069587001831968,0.023504111787458322,0.018113574429251256,0.014040906204627104,0.01094766538804491,0.008576008645410225,0.006749637941202987,0.005328143086150608,0.004220200003021789,0.0033468389707674265,0,0,0.0,0.0,3000,2996,3005,3010,3036,3069,3062,3060,3043,3027,3035,3019,3011,2988,3037,3019,3015,2983,2974,2942,2968,2988,2958,2960,2966,2972,2970,2982,2995,3043,3055,3052,3074,3124,3180,3203,3193,3208,3226,3194,3181,3216,3270,3310,3338,3360,3403,3469,3536,3657,3641,3660,3622,3623,3605,3607,3603,3660,3635,3660,3658,3612,3660,3622,3628,3624,3630,3636,3630,3612,3621,3629,3635,3639,3619,3607,3606,3627.0,3639,3591,3581,3594,3567,3584,3557,3539,3551,3538,3514,3519,3517,3552,3561,3562,3566,3576,3602,3534,3533,3603,3601,3620,3614,3690,3718,3684,3725,3791,3822,3862,3876,3875,3869,3870.0,3846,3825,3782,3766,3708,3699,3668,3616,3595,3584,3586,3539,3492,3486,3442,3414,3348,3315,3285,3234,3207,3186,3172,3161,3140,3119,3114,3086,3087,3094,,,0.48543462,1
L0418103152,10.741371,11.17,11.386833,0.3148915676259794,0.6402656777309574,1,24,9.5,19.5,10.6,2.0999999,1,192,13,3,4,1.0,1.0,0.5,1,1,3.366207453452795e-6,5.360023038527122e-6,1.0573072912144465e-5,1.6932321163972962e-5,2.954994856225051e-5,4.691928268196505e-5,7.834411992530671e-5,0.00011916033131005714,0.00019361308072074915,0.0002871840974745484,0.0004432294044318357,0.0006439616061083166,0.0009572331420546562,0.0013382939240190739,0.0019265565450188188,0.002620705006574392,0.0036172788172711048,0.0047796190649177575,0.00631781559153072,0.00818002531786377,0.010402086443964075,0.013021535967394767,0.01598957442740507,0.019416345078587565,0.023018562368331177,0.02705401867546499,0.030989483469075766,0.03522711886661266,0.038927432056167104,0.043070770410387864,0.04594718333189017,0.048738191783444164,0.050267457794114866,0.05190269359443069,0.051720364467060465,0.051495114399145045,0.04963132353780528,0.047602554973374074,0.044445151538100615,0.04122339380223951,0.03729025804528338,0.03336106827991777,0.029241201991968602,0.025269715045756473,0.02145333627298133,0.017912040067673697,0.01472713299486781,0.011851145961625613,0.009435129836499318,0.0073725355149857254,0.005687711965610628,0.0042426527694001785,0.0031688565334667875,0.0023055714330613448,0.0016715398169960302,0.0011644486348952499,0.0008170326449378822,0.0005484678250750707,0.00037139474570109374,0.0002436935699313979,0.00015898815933542638,3.5917144210781366e-6,5.699110017184144e-6,1.1009064376275197e-5,1.7705519744626973e-5,3.073410779894833e-5,4.8920173827134536e-5,8.149332313478977e-5,0.00012477781955892497,0.00020403547081776418,0.0003142575910905804,0.0005346596984475828,0.0010163055568670068,0.00255180244998319,0.00281965309350878,0.003544335704382632,0.0046859631561346786,0.006171652276169729,0.008094371537829758,0.010342237403709148,0.012878760394411142,0.015256108896294043,0.01693655168145499,0.016570091573075565,0.01417509313957842,0.010180417936976306,0.01522705416745078,0.019294144208098607,0.02128894770615906,0.020219590909528237,0.017970143850006493,0.014077318455354863,0.01038184393642624,0.007090553983181616,0.00473491564600684,0.0030060974395702367,0.0018809341395095093,0.0011409376406385388,0.0018048135455168144,0.0028014356828900194,0.00433664976330722,0.006628270655798214,0.010097342578052153,0.01526105510556873,0.02302088322275275,0.034590708322549665,0.051872370422609795,0.07781362475418599,0.11606927035841247,0.17418528617110174,0.09673375833915089,0.05405466454153672,0.02967593599949391,0.016530554693019006,0.009296806932281444,0.005326810596718338,0.003028307898425878,0.0017657605315435788,0.001018831819415775,0.0006036572751867983,0.0003567567737260426,0.0002137335412147533,8,3,-1.7512259,-0.43402624,1865,1852,1842,1823,1809,1791,1783,1773,1747,1738,1715,1689,1682,1683,1678,1679,1687,1674,1651,1670,1651,1662,1643,1651,1667,1676,1682,1688,1690,1700,1702,1712,1735,1753,1765,1805,1818,1841,1872,1911,1987,2125,2228,2294,2299,2357,2473,2585,2754,2950,3035,3107,3209,3189,3151,3147,3131,3214,3219,3226,3210,3089,3069,2973,2933,2891,2863,2802,2746,2689,2670,2680,2688,2689,2629,2641,2660,2671.0,2645,2621,2554,2543,2486,2493,2494,2484,2489,2471,2488,2498,2513,2529,2561,2577,2613,2673,2685,2695,2683,2636,2653,2691,2709,2779,2825,2849,2897,2893,2975,2977,3033,3055,3104,3198.0,3236,3194,3179,3146,3114,3083,3083,3047,3049,2953,2863,2795,2694,2627,2533,2452,2394,2320,2271,2251,2230,2171,2130,2084,2040,2024,2003,1986,1950,1905,23,12,0.37003988,1
L0418140057,8.1094408,8.926,8.629035,-1.570552287506677,0.1844869761486856,1,24,10.5,18.833334,5.5999999,0.40000001,1,192,13,4,3,1.0,1.0,1.0,1,1,2.0950821898649994e-7,2.390674099930212e-6,2.063211972893492e-5,0.00014003065509646606,0.000753352527500004,0.0032249309864679746,0.011010781269636727,0.030033816440707975,0.06556039884550302,0.11468470789247387,0.16119984226644404,0.18237722870495476,0.16663012737909977,0.12394982153441894,0.07553980743710759,0.03849100497718669,0.016639564399996667,0.006397117720333424,0.002232590649681086,0.0007453352884344677,0.00024323980886256245,8.15966213813128e-5,2.73642857211832e-5,9.286285177549341e-6,3.1514011317719507e-6,1.0890209268234786e-6,3.7633167087735017e-7,1.3262537334061616e-7,4.6739408199839435e-8,1.653465681762426e-8,5.84935155829396e-9,2.0765230419936956e-9,7.371675479188157e-10,2.617629929069757e-10,9.295027906692196e-11,3.2836368686229137e-11,1.1600057913146524e-11,4.127995315326871e-12,1.4689890795465965e-12,5.213632079438796e-13,1.8503871897833336e-13,6.606509317117497e-14,2.3587489759144683e-14,8.491058047499924e-15,3.056623603710799e-15,1.1078645601022435e-15,4.0154237424908915e-16,1.4752532195238891e-16,5.4200319451552994e-17,2.0163787380953315e-17,7.5014078167859e-18,2.823536964434576e-18,1.0627842197879173e-18,4.0660276892983646e-19,1.555598668234757e-19,5.979282259577177e-20,2.2982801258604655e-20,8.972993891960825e-21,3.5032877040317465e-21,1.3755399228593857e-21,5.40101497809606e-22,2.923553924009351e-7,3.2174064290647678e-6,2.696869461508379e-5,0.00017771466191556857,0.0009266288983762153,0.003840288507610318,0.012688357111032023,0.03353520558905447,0.07118053635681194,0.12215830303279038,0.1718038605980125,0.2055982029290487,0.22650653459196055,0.0944430416812749,0.03828323277555993,0.013648731898191529,0.004017809802410567,0.0009486987768685737,0.0001805443932247831,2.7686316128086303e-5,3.613193959272154e-6,4.6242640635427675e-7,5.89100049988547e-8,7.59451572483068e-9,9.792048960119323e-10,3.384569750259146e-10,1.1698619409046576e-10,4.1233395802195594e-11,1.4533293840214439e-11,5.141939268150044e-12,1.819240777670141e-12,6.458968712696179e-13,2.293171012561452e-13,8.14369787998419e-14,2.892058808222123e-14,1.0217952933695538e-14,3.610115154145478e-15,3.3821893698854932e-15,3.168886235694272e-15,2.961381817789418e-15,2.7676806379027024e-15,2.602274010373676e-15,2.446968951107807e-15,2.320105992936907e-15,2.2000448732988263e-15,2.100696196672032e-15,2.006068015183136e-15,1.942098745726896e-15,1.880432666025468e-15,6.995725904659011e-16,2.602604669402775e-16,9.796390061718268e-17,3.68743938538361e-17,1.4107846968284838e-17,5.39757479053584e-18,2.0747316093735495e-18,7.974944901359379e-19,3.1137046353786605e-19,1.2157137310881087e-19,4.773595332188194e-20,1.874411157830814e-20,8,9,11.630376,12.065972,1290,1280,1277,1284,1292,1279,1271,1282,1250,1233,1232,1232,1227,1236,1225,1230,1228,1223,1214,1206,1191,1194,1189,1196,1202,1216,1227,1232,1233,1244,1254,1265,1289,1312,1328,1358,1357,1366,1380,1399,1446,1481,1496,1539,1573,1622,1654,1644,1657,1688,1739,1758,1833,1929,1947,2004,2059,2028,2058,2074,2097,2098,2101,2095,2118,2120,2107,2116,2125,2124,2127,2164,2163,2176,2180,2128,2112,2097.0,2046,2041,2042,1996,1995,1962,1968,1958,1964,1964,1968,1964,1975,1977,1981,2000,2028,2014,2054,2025,2022,2022,2008,2000,2046,2059,2082,2085,2124,2114,2116,2140,2185,2192,2189,2214.0,2186,2175,2152,2130,2130,2093,2072,2067,2046,2015,1960,1924,1861,1784,1737,1715,1675,1607,1591,1561,1519,1501,1466,1429,1401,1376,1358,1339,1308,1303,8,9,3.3980434,1
L0418153154,11.235963,14.692,14.448,-0.9792952145092189,0.11375742190182601,0,0,9.666667,19.5,4.0999999,-1.0,1,96,12,3,3,0.83333331,0.66666669,1.0,1,1,2.3331445881213227e-18,2.5436716873477658e-17,2.7732229326846557e-16,3.0432901989750778e-15,3.3396958744100225e-14,3.6889360210478087e-13,4.07475004091339e-12,4.543654902751579e-11,5.066592192527812e-10,5.714801500822604e-9,6.44559444424618e-8,7.299220397939369e-7,8.242827291674664e-6,9.323387434590099e-5,0.0009980284713750729,0.009112024153483868,0.05889704781542471,0.21414019233181258,0.34258888164946916,0.22536178429122025,0.09300502750166087,0.03492111400735434,0.013051273788581907,0.0048762509466547845,0.001822038934112589,0.0006911383452320626,0.0002621836628981158,0.00010288652208341618,4.037712020265722e-5,1.6144375297499857e-5,6.455452322571375e-6,2.7587822935004247e-6,1.1790062711492523e-6,5.147694115133646e-7,2.2475776345333616e-7,1.0326353891670467e-7,4.744392432453526e-8,2.2936218695962885e-8,1.1088252286412072e-8,5.529822773637858e-9,2.757782632752873e-9,1.4156700637218764e-9,7.267186456869728e-10,3.796192900205132e-10,1.9830509541836288e-10,1.048282559152738e-10,5.5415041137224205e-11,2.9724318737306773e-11,1.594419587282598e-11,8.5036789183698e-12,4.535414354252187e-12,2.4489507448355496e-12,1.3223626016049965e-12,7.071150036155466e-13,3.781253744171133e-13,1.9986261711505853e-13,1.056409594085069e-13,5.5775486646036574e-14,2.9448239470626255e-14,1.5490807592954467e-14,8.148794719855095e-15,2.5193130946800784e-18,2.7473428272821916e-17,2.996039071553129e-16,3.2887049174302157e-15,3.609996854247078e-14,3.988661627221305e-13,4.407097444359636e-12,4.915797456852485e-11,5.483285486199895e-10,6.186938031230892e-9,6.98047687398804e-8,7.9075457122784e-7,8.931679040796993e-6,0.00010099509161388279,0.0010786255803607976,0.009772975080753803,0.06207821896501679,0.21921829623885308,0.34079158927787584,0.22130685400846808,0.09107947346533037,0.034167053294432426,0.012758903404753406,0.004763113583392444,0.0017783243324534022,0.0006740484585487055,0.00025551013609129733,0.00010020422888555515,3.929982369962473e-5,1.5704758307727227e-5,6.276154597657856e-6,2.6812005784421415e-6,1.1454438813943084e-6,4.999706592202968e-7,2.18233382975848e-7,1.0025208802191231e-7,4.605397361136086e-8,2.226450194053316e-8,1.0763634035472035e-8,5.368477820969749e-9,2.6775906678505016e-9,1.3747614188971592e-9,7.058509150405712e-10,3.68806872098928e-10,1.927032667603291e-10,1.0189522415963146e-10,5.387954787244902e-11,2.8910034780795743e-11,1.5512453052425115e-11,8.275972064622352e-12,4.4153393863610774e-12,2.384949610091121e-12,1.2882571844912077e-12,6.891005409251632e-13,3.6861208512930746e-13,1.948908177361608e-13,1.0304305937192703e-13,5.441960099514211e-14,2.874070541275284e-14,1.512285064372165e-14,7.957469429207382e-15,10,11,-0.25722411,-0.35984787,1782,1788,1797,1806,1811,1801,1776,1773,1774,1769,1757,1741,1706,1693,1675,1679,1672,1665,1639,1645,1644,1644,1640,1646,1671,1679,1688,1677,1690,1720,1721,1719,1719,1745,1776,1808,1818,1845,1869,1911,1940,1972,1997,2113,2187,2288,2267,2211,2201,2250,2368,2475,2597,2680,2709,2789,2880,2994,3022,3153,3169,3173,3187,3129,3104,3011,2981,2882,2870,2826,2823,2844,2912,2869,2766,2732,2738,2735.0,2660,2612,2553,2495,2490,2507,2493,2499,2555,2572,2598,2665,2663,2612,2534,2555,2599,2539,2544,2555,2574,2617,2610,2603,2610,2595,2626,2641,2641,2644,2582,2598,2591,2607,2602,2556.0,2563,2552,2530,2503,2459,2433,2417,2389,2351,2303,2244,2203,2188,2145,2121,2101,2060,2026,1997,1963,1953,1933,1919,1907,1879,1869,1853,1824,1782,1773,10,11,0.75512034,1
L0418164134,16.39921,15.415,15.436542,0.07895502090085292,0.967762709071324,1,12,9.5,18.5,3.8,-0.5,1,96,10,2,5,0.80000001,1.0,0.40000001,0,0,0.0009567570551566929,0.0013512424920249667,0.0018024458673554413,0.0022571311821932617,0.002789053548628786,0.003346445452839218,0.004016585459264679,0.00473670014773611,0.0055745128574158235,0.006486529191893736,0.0075204126296158766,0.008618444585581662,0.009885135843745474,0.0111502142791343,0.012612131660261523,0.01402450288648096,0.015639009161734302,0.017205827233961524,0.018879489668554142,0.020480620159285257,0.02217064871967691,0.023684824732880416,0.025336392594357333,0.02673694286098602,0.02816692672736682,0.029361552055766803,0.030473438685275692,0.031398162502095796,0.03214179867469506,0.03271171613613663,0.032993506182411717,0.03306928932517112,0.032953503530876185,0.032723758771333024,0.03211026647031312,0.03136772157323561,0.030372780698321656,0.029356231913779614,0.02803936950031803,0.02676614839274437,0.025208824933211728,0.023719226589865895,0.022040489872801446,0.02046538383721949,0.0187716400311331,0.017188431439857946,0.015562597890263577,0.014058776655756918,0.012561886095799456,0.011200081385505168,0.009877268165531769,0.008680496430699973,0.007555925914906192,0.006559116920838696,0.005635449950898759,0.0048215269771774245,0.004087963094167527,0.0034508871344596037,0.002888013599583072,0.0024079537162626907,0.0019898879534540914,0.0009634810060822328,0.0013597128274351869,0.0018096821213359048,0.0022676218733154443,0.002801675976776021,0.0033697997883061085,0.004057956033048916,0.004823392426144995,0.005760965263471085,0.006914335550999863,0.008522565982991547,0.011034189882170186,0.015537808862330483,0.014920666061237011,0.015316799497161344,0.01648851108831502,0.017895780591810278,0.0195137437432454,0.021085881404269927,0.022661979146872274,0.023853362731502206,0.024603254974423002,0.024075529906379577,0.022135085257559577,0.0186207386332007,0.023027766720136247,0.026495519761605114,0.02871595178387193,0.029867761931273402,0.030080672774531043,0.029292122881781874,0.027561471266190362,0.024971896308297003,0.021773574369836644,0.0179889473023077,0.014232946365971215,0.010742322493474095,0.012735207225009273,0.014580791638235531,0.016543512946534958,0.018365816564058265,0.02032020054419765,0.02220327006469706,0.024326524667379622,0.026476429484872038,0.029000571615911155,0.03176155113492575,0.035235749733258645,0.03948059552520053,0.02810520001269023,0.020412231281270406,0.015239305902752904,0.011628183378672014,0.009100396670687676,0.007220019232196288,0.005810760457107797,0.0047049896950520816,0.003835733703598868,0.0031276337166058665,0.002557231127840696,0.0020826190875838247,0,0,0.0,0.0,1932,1914,1905,1885,1878,1881,1879,1874,1873,1860,1858,1847,1832,1819,1813,1810,1800,1798,1794,1785,1778,1782,1761,1764,1766,1771,1774,1780,1782,1797,1792,1812,1827,1845,1861,1881,1914,1952,1984,2035,2107,2170,2244,2288,2353,2370,2446,2472,2524,2615,2704,2750,2887,2983,3014,3091,3141,3197,3251,3368,3367,3377,3317,3353,3364,3349,3338,3315,3344,3356,3330,3253,3271,3311,3272,3227,3181,3167.0,3158,3150,3125,3141,3119,3088,3111,3161,3142,3250,3166,3157,3151,3142,3174,3193,3162,3204,3226,3299,3321,3302,3316,3336,3438,3498,3575,3699,3659,3710,3740,3762,3771,3818,3835,3893.0,3778,3693,3599,3538,3405,3296,3216,3129,3002,2946,2867,2835,2766,2686,2642,2583,2533,2494,2451,2377,2321,2292,2239,2154,2105,2067,2041,2009,1991,1965,,,0.97086877,1
L0418191407,9.5232191,10.147,10.147,0.041587507138859454,0.9610314163202149,1,12,10.5,18.5,6.1999998,0.5,1,96,11,5,2,0.90909094,1.0,0.0,0,0,0.0006323665882759533,0.0016064536193594744,0.0019803981373446447,0.0024900680180889147,0.002975425401209106,0.003638136997380729,0.0041862972196141735,0.0051749832465825185,0.005676947864352757,0.007156402108098992,0.007556552846393236,0.009467156120741246,0.009995345868285897,0.011984244129762223,0.012968654923939947,0.014792205910537969,0.016220419092553024,0.017932342094560984,0.019567959171748757,0.02125276104119975,0.022919066051971103,0.024528254988955295,0.026150691319981594,0.02740956646240278,0.029099345029185084,0.029753426722714974,0.03167929113080877,0.03130696065002355,0.033585954476634254,0.032105255679007134,0.03450701061160621,0.032246859429867866,0.03427928866239549,0.03169010517198867,0.03293611093413363,0.030471697967847104,0.030759389843132395,0.028473793977258157,0.027951049228732597,0.02587983292441128,0.024775546320312883,0.02284562570405043,0.021412455689056916,0.019554815553470127,0.018004643026717913,0.0162715743545831,0.014736914018651712,0.01317114386669339,0.011741924007891312,0.010363206601831858,0.009099967343030915,0.00793865221963067,0.006866909696567546,0.005926458812858518,0.005049096725484081,0.004292782523492079,0.003605870664811495,0.003042257064243469,0.002517003144296053,0.0020899427853644853,0.0017051382138727304,0.0006888427005573521,0.00163028281820002,0.002007385780113416,0.0025135299191411855,0.0030068076451596182,0.0036638199078239332,0.004236322932431198,0.005208109665729105,0.00578072829936134,0.007277583826550084,0.007994387032389425,0.010616108077862292,0.013852385517883248,0.013683749507999386,0.014324974432198923,0.015820958973212597,0.01734864004383401,0.019052101333395494,0.020744814622311845,0.022432897248147284,0.02404883943269359,0.02534923217734239,0.026090934931244585,0.024969773571679735,0.021828397359716492,0.026259298237434045,0.03021687883054092,0.030765777619720755,0.03332607307450406,0.0320051188029436,0.034297220632692534,0.031910900288900056,0.03340266343864231,0.02980335940883057,0.02900041743492467,0.02328720992365695,0.01910730485374653,0.021380206791492003,0.0235547632983534,0.02396524447820599,0.024243062777309227,0.023705834849122715,0.023138177306119164,0.022159951769079044,0.021286173727328852,0.02035425499963546,0.01973194968614602,0.019580260595354382,0.020478675206721635,0.014214434139108405,0.01072028743109554,0.008599889317116067,0.0071191649479789045,0.006010332957873288,0.00506437614566088,0.004281204361147002,0.0035843454089281596,0.0030186485715199616,0.002495586512919713,0.002070552067581845,0.0016887923506867801,0,0,0.0,0.0,1277,1263,1257,1243,1222,1217,1206,1203,1197,1191,1189,1182,1170,1170,1170,1171,1154,1152,1176,1175,1180,1177,1184,1187,1191,1189,1192,1208,1204,1208,1222,1241,1255,1256,1285,1290,1303,1322,1326,1321,1345,1383,1434,1495,1520,1535,1558,1568,1585,1587,1612,1636,1675,1700,1720,1740,1766,1798,1874,1927,1968,2029,2060,2059,2068,2053,2070,2051,2055,2026,2106,2114,2149,2126,2129,2099,2088,2096.0,2075,2067,2070,2024,2009,1970,1932,1934,1938,1925,1950,1958,1959,1993,1983,1990,1982,2000,2018,2013,2000,2019,2021,2043,2044,2076,2113,2178,2254,2285,2255,2250,2230,2187,2179,2191.0,2189,2160,2157,2131,2102,2084,2060,2052,2015,1972,1936,1886,1854,1829,1769,1717,1685,1671,1651,1621,1565,1526,1478,1432,1407,1371,1346,1315,1305,1296,,,1.3592167,1
L0418201900,15.501371,16.171,16.171,-1.1556767548208797,0.27059678640795565,0,0,9.5,18.5,16.799999,1.8,1,96,15,5,5,1.0,1.0,0.40000001,1,1,5.347889610958548e-8,3.0038553105937526e-7,1.6777734403658486e-6,9.151892608503763e-6,4.4629271710815945e-5,0.00017966727534686784,0.000602145375353728,0.0017448290705685105,0.004398691393544428,0.009742695931880173,0.0192084408588938,0.03406743288311711,0.054453470803022715,0.07877256664713143,0.10324888172445323,0.121933077037158,0.12880635385103145,0.12169699801424776,0.10297140594898305,0.0785415670749645,0.05432336340344469,0.03489376325378537,0.020984524567725205,0.012282566142323379,0.0071061715822187885,0.004141531655100656,0.002413692226103218,0.0014148344901654315,0.0008293340053039755,0.0004878681137029631,0.0002869957067323716,0.00016932410871794949,9.989924601390555e-5,5.867851733170511e-5,3.4466412415120424e-5,2.028461365921549e-5,1.1938160196308567e-5,6.983830919113959e-6,4.085546987638709e-6,2.374757358884346e-6,1.3803491778984721e-6,8.004540687886534e-7,4.6417828062329017e-7,2.6858893765028647e-7,1.554148942355348e-7,8.994793075780544e-8,5.205840738057317e-8,3.0189284206049146e-8,1.7507157994579823e-8,1.0162443079995568e-8,5.8990405005549465e-9,3.437459511285221e-9,2.0030611931579225e-9,1.1687862440344591e-9,6.819872835869465e-10,3.993363051992469e-10,2.338306475958226e-10,1.3739993072070151e-10,8.073681495665744e-11,4.7611893239484664e-11,2.8077555641219527e-11,5.724154338980424e-8,3.2153415655115246e-7,1.795953833501583e-6,9.796243728938772e-6,4.775754934714472e-5,0.00019208034728423966,0.0006423551463111674,0.0018542552000211188,0.004650564542611071,0.010234617747532369,0.020019305108982345,0.03519064974420389,0.05571722237828808,0.0798694256858799,0.1038474447921963,0.12187559738566929,0.12813364840243333,0.1206490739079683,0.10184314250079143,0.07756415995093048,0.05359764008268787,0.03441094093099361,0.020689674959556755,0.012109081560908123,0.007005545001260484,0.004082811731968983,0.0023794273299098598,0.0013947382654301546,0.0008175476654373562,0.0004809337326440743,0.00028291592982253116,0.00016691761707417617,9.847975643199093e-5,5.784448460587477e-5,3.3976369859912365e-5,1.999618618097349e-5,1.1768398596336035e-5,6.884442042726554e-6,4.027358785971616e-6,2.3408830892307223e-6,1.3606294691119966e-6,7.889983734286832e-7,4.5752346020322326e-7,2.6473054863856336e-7,1.5317788409755368e-7,8.865073710161757e-8,5.1306205667683606e-8,2.9752341741911225e-8,1.7253348103323594e-8,1.0014885560112688e-8,5.813255908062569e-9,3.387415856843708e-9,1.973867692420395e-9,1.151735475081235e-9,6.720286480977713e-10,3.9350160926917385e-10,2.3041214520792234e-10,1.3539074938154838e-10,7.955594445024955e-11,4.691561251861228e-11,2.766700529583014e-11,16,15,-4.2937818,-5.2430553,1573,1570,1556,1565,1567,1559,1554,1545,1544,1540,1524,1531,1523,1520,1510,1517,1510,1496,1490,1500,1497,1503,1495,1476,1457,1458,1460,1469,1480,1486,1496,1511,1521,1517,1535,1539,1541,1560,1571,1577,1580,1588,1608,1636,1673,1701,1729,1765,1810,1868,1926,1981,1947,1924,1911,1916,1912,1914,1925,1915,1918,1942,1952,1952,1948,1960,1967,1983,1993,2013,2003,2002,1977,1975,1978,1991,1981,1973.0,1954,1950,1950,1934,1924,1921,1903,1908,1905,1887,1890,1906,1898,1900,1895,1895,1902,1910,1908,1915,1927,1928,1941,1954,1973,1994,1996,2030,2052,2063,2054,2058,2074,2070,2112,2134.0,2134,2129,2118,2121,2089,2067,2043,2039,2025,1990,1957,1955,1956,1937,1905,1869,1832,1794,1763,1752,1712,1678,1675,1651,1644,1634,1606,1598,1594,1574,16,15,0.48543462,1
L0419095328,7.2705121,9.84,9.8400002,0.06911256477889424,0.9543737404739344,0,0,10.5,19.0,6.0999999,1.5,1,96,2,0,3,0.0,,1.0,0,0,0.0010261084911244052,0.0009355329565415787,0.0019868343508977477,0.0021697090560026857,0.002835637012880483,0.003146593988680541,0.004084153772518716,0.004365438480384744,0.005671886825514569,0.006093439323462091,0.007446891069792783,0.008389881046644988,0.009643751569234733,0.011046925537203498,0.01230888066778392,0.014009018707252565,0.015378449053499176,0.017427693982720843,0.018761110888140572,0.020649823812348023,0.022096376733681047,0.024234951304759868,0.025525737189213027,0.027421332494695076,0.028545328298581023,0.03003169447430375,0.031030298413309145,0.0322607374525515,0.032845809089273426,0.03338404139524694,0.033658498859770694,0.03374821503815337,0.03360651277840359,0.033253795132936866,0.032596041138019664,0.03161859268782828,0.03073389606388309,0.029691835089315343,0.02827858201654503,0.02660582894379049,0.025147177981085733,0.023529351708041456,0.02187144095602279,0.020156104817375085,0.018457084631346335,0.016735245489338513,0.015136574075212728,0.013606421818271056,0.012104890306103115,0.010727188524393258,0.009404772221969048,0.008214569003365133,0.007114555008271647,0.0061556375291266585,0.005240874745758525,0.004436296262639395,0.003741882794269096,0.003143948215924978,0.0026102224022633183,0.0021546891956263393,0.0017652071267060185,0.0010261084911244052,0.0009355329565415787,0.0019868343508977477,0.0021697090560026857,0.002835637012880483,0.003146593988680541,0.004084153772518716,0.004365438480384744,0.005671886825514569,0.006093439323462091,0.007446891069792783,0.008389881046644988,0.009643751569234733,0.011046925537203498,0.01230888066778392,0.014009018707252565,0.015378449053499176,0.017427693982720843,0.018761110888140572,0.020649823812348023,0.022096376733681047,0.024234951304759868,0.025525737189213027,0.027421332494695076,0.028545328298581023,0.03003169447430375,0.031030298413309145,0.0322607374525515,0.032845809089273426,0.03338404139524694,0.033658498859770694,0.03374821503815337,0.03360651277840359,0.033253795132936866,0.032596041138019664,0.03161859268782828,0.03073389606388309,0.029691835089315343,0.02827858201654503,0.02660582894379049,0.025147177981085733,0.023529351708041456,0.02187144095602279,0.020156104817375085,0.018457084631346335,0.016735245489338513,0.015136574075212728,0.013606421818271056,0.012104890306103115,0.010727188524393258,0.009404772221969048,0.008214569003365133,0.007114555008271647,0.0061556375291266585,0.005240874745758525,0.004436296262639395,0.003741882794269096,0.003143948215924978,0.0026102224022633183,0.0021546891956263393,0.0017652071267060185,0,0,0.0,0.0,1416,1400,1401,1391,1372,1357,1345,1335,1333,1321,1307,1289,1269,1267,1270,1261,1258,1256,1241,1250,1255,1254,1250,1244,1244,1253,1264,1268,1269,1274,1273,1291,1302,1313,1329,1351,1364,1385,1405,1419,1472,1525,1594,1661,1760,1855,1953,2115,2276,2413,2511,2566,2631,2699,2744,2771,2804,2864,2873,2833,2813,2751,2645,2625,2612,2611,2537,2553,2519,2495,2509,2500,2514,2489,2399,2377,2308,2263.0,2242,2214,2217,2186,2156,2152,2111,2082,2094,2147,2246,2242,2244,2260,2238,2242,2274,2305,2327,2350,2357,2415,2414,2417,2464,2509,2528,2563,2632,2662,2617,2589,2568,2593,2645,2681.0,2632,2610,2535,2491,2429,2381,2337,2282,2225,2205,2179,2133,2120,2098,2032,1956,1903,1860,1823,1796,1768,1724,1689,1652,1597,1559,1542,1515,1485,1446,,,1.3592167,1
L0419150021,11.632421,13.403,13.403,-0.9719029011938441,0.175401130131638,1,24,10.5,19.5,9.3000002,0.80000001,1,192,8,3,3,1.0,1.0,0.66666669,1,1,2.733824855940406e-16,3.172003492280365e-15,3.6806556043169414e-14,4.2226821820460637e-13,4.8447447079611724e-12,5.515748572946347e-11,6.277889590435097e-10,6.9403688257841616e-9,7.636463204278534e-8,8.075142706100117e-7,8.22380628816644e-6,7.462057416490381e-5,0.0005779158398141035,0.003415593753198048,0.014590453843196884,0.0450408247001799,0.10451214818719534,0.18371143345132748,0.2231020608327543,0.1841424672240371,0.11142521489705076,0.06067408810650691,0.03179551259239301,0.017015294834066667,0.009103945120700273,0.004924123208777346,0.002663396455134155,0.001460970745484664,0.0008014153660208872,0.0004375573526325691,0.00023890328095749989,0.00012969825722670717,7.04133700774198e-5,3.81734806526643e-5,2.0695566353092676e-5,1.110286129172207e-5,5.956617524418477e-6,3.206603897750036e-6,1.726230971913191e-6,9.202926608453369e-7,4.906360321473036e-7,2.6124817722616186e-7,1.3910842881746255e-7,7.43282322038645e-8,3.97156108844482e-8,2.1263140847791463e-8,1.1384165141725734e-8,6.134214624014585e-9,3.3054135134956406e-9,1.7913481161702155e-9,9.70833389966032e-10,5.274626917714235e-10,2.8658281953672856e-10,1.5629425188141123e-10,8.524098170053017e-11,4.6363293515833116e-11,2.5218097279200736e-11,1.3649158834714373e-11,7.387724722581438e-12,3.988246832634698e-12,2.1531000260008015e-12,1.6089851925729092e-14,1.864587159221289e-13,2.1610094714852296e-12,2.4765204222167745e-11,2.8383122453914223e-10,3.228221927906034e-9,3.6709617838945354e-8,4.0562173624435106e-7,4.464328080325619e-6,4.733172886703719e-5,0.0004860674340698881,0.004499833877807285,0.03638457657814272,0.08367008910302562,0.14763860510378604,0.2000380798301271,0.21472693495677597,0.1759093836843191,0.09477866854738912,0.03219389225212223,0.007623040327493245,0.0015873366614766317,0.00031614411933566096,6.423643982429839e-5,1.3049711359670398e-5,7.052180527624409e-6,3.811082164481369e-6,2.0883658038144102e-6,1.1443743117067758e-6,6.241721804517864e-7,3.404425192709614e-7,1.8464065457349425e-7,1.0014140791590958e-7,5.423581894766888e-8,2.937389492727809e-8,1.5744298006842876e-8,8.438929421115134e-9,1.194859601885244e-8,1.692115499928108e-8,2.373796468227085e-8,3.3308123640420236e-8,4.668920540247462e-8,6.54621306237202e-8,9.212111509079828e-8,1.2967436470001847e-7,1.8294848631652816e-7,2.5819629925350785e-7,3.6684677733744717e-7,5.214261554165353e-7,2.824087802147034e-7,1.5295744588446946e-7,8.304901990309822e-8,4.5092678031302495e-8,2.4575184518565243e-8,1.3393559656830679e-8,7.279811296642551e-9,3.956876207694046e-9,2.1401900554949135e-9,1.15760350387802e-9,6.245092310925099e-10,3.3691881061752154e-10,5,6,-6.9857645,-6.8750005,1871,1875,1865,1856,1834,1816,1801,1803,1799,1786,1775,1756,1738,1740,1727,1716,1709,1687,1686,1690,1679,1670,1668,1673,1682,1694,1715,1728,1735,1750,1751,1762,1775,1793,1820,1837,1867,1902,1947,1984,2060,2111,2164,2275,2339,2410,2515,2603,2742,2836,2966,3049,3116,3264,3316,3348,3376,3365,3356,3301,3246,3180,3139,3126,3070,3015,3060,3038,3002,3013,3035,3012,2961,2894,2832,2779,2742,2731.0,2705,2690,2683,2670,2644,2638,2640,2649,2660,2695,2674,2653,2674,2679,2728,2751,2778,2857,2925,2924,2963,3020,3000,3006,2998,3011,2980,3011,3034,3053,3086,3102,3164,3150,3191,3158.0,3145,3072,3026,2990,2963,2905,2934,2923,2890,2799,2711,2645,2593,2533,2452,2403,2345,2313,2287,2243,2201,2156,2099,2062,2033,2012,1977,1977,1947,1905,5,6,3.3980434,1
L0419153703,19.549408,21.993,21.993,-1.1272343700403118,0.6947951343405087,0,0,9.5,18.666666,4.0,1.3,1,192,5,0,1,1.0,,1.0,1,1,0.007695608884527771,0.010695774390946213,0.013965623124980103,0.0171154052127199,0.020373559784081088,0.023529630082341862,0.026736476308903176,0.029824771115990013,0.03290182748882388,0.03577775754910422,0.03846269851840737,0.040823935119834336,0.04269740541246301,0.04419099818802194,0.04520830403819737,0.04585703919762279,0.045618567458258326,0.04500170197032976,0.04377707086929878,0.042359940768206344,0.04023568208804497,0.03804800719392078,0.03526239725122209,0.032507308621067724,0.02943572399857436,0.026521059087284166,0.023476990960924933,0.02066431665295752,0.017883593596190014,0.01537765671933622,0.013014791571496955,0.010950167069074524,0.009069526017940754,0.007448499604612009,0.0060347190535347955,0.004860978526650216,0.003860184280245869,0.003045088339770454,0.0023704862839164565,0.001833484901629408,0.0014004762417040547,0.0010650617106128712,0.0008000783754425287,0.0005987942024996542,0.00044310994363735393,0.00032670386214296105,0.00023848575275283574,0.00017386087790854503,0.00012563240846797386,9.06949799335078e-5,6.49976016504984e-5,4.66569557857735e-5,3.329550987930781e-5,2.38131042543961e-5,1.6959619080486898e-5,1.2100795801093437e-5,8.612031460436275e-6,6.145428339383028e-6,4.380947791366024e-6,3.1362204510257086e-6,2.2461289513317304e-6,0.007758532079525339,0.010772667603897801,0.014028320786090478,0.01718073011497067,0.020430916948085652,0.023591183655081314,0.0267936400846919,0.02988755112380004,0.032960504011044396,0.0358391716706096,0.038518137390446364,0.04087503085763721,0.04274158197072251,0.04423366180938544,0.04524046690560437,0.04587350873935699,0.045625639375995126,0.04500310127738682,0.04376706946790449,0.042338034751565376,0.04020396671128714,0.038004255045564844,0.03521263261133341,0.032452345960250095,0.029377284478791087,0.02646058104351353,0.02341645466641825,0.02060484960996356,0.01782706525600857,0.015324846171738155,0.012966296932468277,0.010906015182597602,0.009030707919432971,0.007414945322340642,0.006005899727647516,0.004836470514136102,0.00383976684388709,0.003028245472935657,0.002356834532918064,0.0018225267425480435,0.001391793421956353,0.001058228309180341,0.000794783776054594,0.0005947173832291847,0.0004400167382849811,0.00032437408289783106,0.00023674871281316464,0.00017257275685126386,0.0001246874938034595,9.000519454577171e-5,6.44982652392782e-5,4.6296160343672264e-5,3.303705962418741e-5,2.3628089601710232e-5,1.6828098068268386e-5,1.2007418195746087e-5,8.545995081474362e-6,6.098769192438003e-6,4.348072969195992e-6,3.1130224640645116e-6,2.2298100203676044e-6,5,1,-13.235416,-37.5,2609,2622,2601,2555,2505,2468,2428,2439,2422,2415,2412,2419,2401,2382,2389,2385,2383,2370,2374,2384,2369,2353,2355,2379,2401,2426,2460,2473,2488,2505,2527,2572,2594,2606,2632,2649,2691,2768,2822,2888,2975,3037,3145,3234,3320,3436,3673,3854,3981,4091,4160,4262,4209,4285,4296,4329,4372,4333,4398,4476,4455,4443,4480,4516,4461,4383,4347,4351,4228,4260,4268,4208,4165,4177,4106,4055,4002,3923.0,3855,3813,3768,3760,3724,3692,3646,3666,3698,3731,3882,3913,3979,4079,4095,4045,4015,4091,4123,4122,4175,4223,4283,4344,4431,4482,4500,4585,4653,4732,4821,4864,4818,4792,4729,4832.0,4730,4684,4633,4545,4628,4551,4514,4434,4327,4241,4154,4068,3987,3882,3794,3725,3614,3597,3545,3431,3356,3203,3077,3038,2960,2880,2827,2735,2680,2652,5,1,2.6246049,1
L0419164811,22.338934,23.682,24.920334,0.15858606402598374,0.9582919401503501,1,12,10.5,19.5,6.1999998,2.0,1,192,1,0,0,1.0,,,0,0,0.000652571653140179,0.0009589210562249078,0.0013701507940547155,0.0017918450892625824,0.002256018078297378,0.002749214481005886,0.0033092955091887644,0.003949037137295577,0.0046187748794216475,0.005390769974801747,0.006220313999642603,0.007221364893817727,0.008221786500549244,0.009434533732499936,0.010629797497621149,0.012066941335397152,0.01349940882392127,0.015264567680507856,0.016816989067767466,0.018572191922477492,0.02026227302093148,0.02233934385005686,0.02401483511510295,0.025803420835653353,0.02729437406125575,0.028814133320978742,0.030028230671782955,0.031240409166411683,0.032093962594047114,0.032735282528037174,0.03321245401917278,0.03343882024463712,0.03350034559058838,0.033305206936528914,0.032937033205082504,0.03226369697037794,0.03155127535657064,0.030594243905296678,0.02947269880802247,0.02804790493432334,0.026718627847605207,0.025213345427588782,0.02367304982902476,0.021971217868390437,0.020344539299766894,0.018615906651387144,0.017014656613991753,0.01540305303675956,0.013889809517577414,0.012413872511405301,0.011049027991494213,0.00976004194574761,0.008579664058254886,0.007500302226943274,0.006511468408771324,0.005609437849297723,0.004811564858389527,0.004108734583234279,0.003483375655040829,0.0029304333769595956,0.002453431200615335,0.0006559311247073898,0.0009647003283518566,0.0013804010299321575,0.0018103598450765832,0.0022912823777285008,0.0028198298081250363,0.003455389075029612,0.004254891011322954,0.00526476331471705,0.0067528230164978645,0.009065023493517893,0.013045301218139672,0.01991408268142419,0.019927225459074837,0.02059677023294522,0.021668518257750666,0.022491609226856047,0.02300669043578101,0.022925746238274303,0.022029328572710404,0.01981901054117252,0.016969401053948265,0.013662112278054606,0.01050935875825838,0.007610856496976063,0.008537506396467654,0.009115924968027867,0.009414093042686882,0.00933280991887976,0.008966842457676405,0.008411944421244167,0.007713940024591103,0.00694949672379133,0.006150682825943393,0.005366788968137404,0.004582623450659301,0.0038803290392468793,0.005278574054200994,0.007108621603037162,0.009338897471980802,0.012220172798474996,0.015862732627872952,0.0204819656438863,0.026030823671434573,0.032995098143391986,0.041196342769392526,0.05141029177805253,0.06376121850509824,0.07917775428433109,0.06043912761000966,0.04630996501769578,0.035525263185806996,0.027394068869716258,0.021254225998664875,0.016564852545233915,0.012924600180856323,0.010134521839681814,0.007997118647019462,0.006323987917501613,0.004997564456757534,0.00395782226617636,0,0,0.0,0.0,2776,2745,2741,2703,2684,2655,2637,2618,2605,2586,2554,2518,2506,2486,2480,2463,2452,2436,2427,2429,2448,2446,2458,2448,2457,2484,2511,2515,2543,2587,2602,2652,2661,2682,2718,2774,2792,2830,2895,2956,2992,3057,3157,3229,3313,3473,3560,3763,3949,4144,4555,4867,4977,5112,5150,5187,5224,5217,5154,5144,5130,4998,4926,4769,4614,4526,4473,4460,4421,4363,4319,4298,4238,4208,4181,4125,4072,4048.0,4052,3996,3975,3974,3969,3893,3864,3879,3872,3923,3937,4014,4014,4059,4055,4096,4109,4212,4309,4447,4576,4604,4669,4874,4979,5061,5258,5304,5261,5285,5306,5361,5468,5486,5428,5327.0,5295,5310,5192,5094,4925,4788,4654,4488,4367,4209,4175,4065,3909,3837,3794,3735,3624,3525,3407,3351,3354,3320,3260,3212,3194,3138,3059,2972,2926,2850,,,0.75512034,1
L0420090336,8.4235296,3.364,3.3640001,-0.2700754100675596,0.46654642519953143,1,12,10.0,19.5,6.0,0.0,1,96,15,5,4,0.73333335,0.60000002,0.5,1,1,8.354928194848336e-10,1.8952544855822384e-8,3.934031884569561e-7,3.962283400040969e-6,1.8961111251896286e-5,3.7903073702444436e-5,7.50965243226297e-5,0.0001428784220224314,0.0002628376878829627,0.00047055217153261955,0.0008114286651552193,0.0013635144857818949,0.002199398399627583,0.0034930190785718708,0.005272372238485785,0.007879611939051574,0.011134834692885532,0.015667337029235073,0.02076627770522148,0.027416321857920634,0.03413945179701327,0.0421996505309122,0.04939234168708177,0.05721323017550163,0.06301877800136826,0.0681202405387843,0.07050598960591897,0.07142940516509,0.06945520787059296,0.06592922073211911,0.06026745329295755,0.053445742299536254,0.04586547965162497,0.03818531953786461,0.030749921285927524,0.02404377351937774,0.018175040845822707,0.013342004964096406,0.009468187912297458,0.006539693434289829,0.004361602712284907,0.00283125152251224,0.001776602661432947,0.0010839110271353932,0.0006404080778468856,0.00036822021113676074,0.00020518106360016924,0.00011127257882767506,5.860850758847025e-5,3.008528527058313e-5,1.505259093975803e-5,7.3821523129839804e-6,3.566245413450401e-6,1.7244127542928344e-6,8.567271413150634e-7,4.5961428386380986e-7,2.811093169111098e-7,2.036756909471757e-7,1.6992368605364636e-7,1.5625623216808886e-7,1.5023913701177693e-7,1.065440064276409e-9,2.4180852360363056e-8,5.003080241108099e-7,4.769921600178886e-6,1.9929627137536914e-5,3.9844292939197076e-5,7.873022968569822e-5,0.0001495867926141289,0.00027548899264282715,0.0004959629779220779,0.000875078060822721,0.0015775097162070834,0.0031034001443104487,0.004394200072181134,0.006431235880602615,0.009414906932347675,0.013193657896878994,0.01822622372856488,0.023946861990473592,0.031016645429276686,0.03817551261430368,0.04606963069768988,0.05220918783021997,0.055555739784927255,0.05057513559455351,0.06290884556953245,0.06851940440614006,0.0705466826031141,0.06893768441726791,0.06543695618396313,0.059715111506286944,0.05275060906248231,0.04491851112376658,0.036755445321741353,0.028471178037137123,0.02047655352371228,0.013200203516800594,0.012220608555175313,0.010330055741912538,0.008241692274136578,0.006271344600405681,0.004616111259213398,0.0032936670055302704,0.0022951245064098866,0.001564564908434361,0.0010497445112232888,0.0006940303307135075,0.00045475768724667474,0.0002966611593750682,0.00012010595406727884,4.9033966993212584e-5,2.0210527818518677e-5,8.405695324332549e-6,3.5497832744769244e-6,1.5449447412790415e-6,7.191678798712551e-7,3.790321396849731e-7,2.4064608964248913e-7,1.8391901056276623e-7,1.6153834165697574e-7,1.522503798167654e-7,9,4,-7.7275858,-7.8703699,509,500,501,500,495,492,491,488,496,497,491,490,489,495,494,495,502,497,498,496,495,495,483,480,480,486,489,489,497,499,500,509,510,510,520,527,530,537,543,549,556,568,574,591,597,602,615,634,644,673,699,704,715,725,734,743,742,736,747,746,753,755,755,755,754,753,754,761,770,771,770,751,753,747,738,744,747,744.0,748,755,739,736,730,723,721,710,707,709,706,705,709,712,699,698,700,718,729,739,727,733,738,735,741,747,746,751,760,777,784,798,811,823,835,857.0,877,887,901,885,881,880,871,859,847,830,813,766,745,707,685,664,642,632,624,607,590,580,566,552,547,537,527,523,514,509,10,5,1.3592167,1
L0420093133,11.624096,11.509,11.509,-0.8964317738700802,0.21178628907438932,1,12,10.0,19.5,10.1,3.4000001,1,192,14,4,4,0.5714286,1.0,0.0,1,1,7.30628375750467e-15,7.561211500833944e-14,7.825266558676604e-13,8.19193729634494e-12,8.576083565617808e-11,9.125999620070337e-10,9.70957547074588e-9,1.0330723800266514e-7,1.0776955283737462e-6,1.03417130987028e-5,7.750305612229483e-5,0.0004273500989325355,0.0018149173600251658,0.006121695020227975,0.016871570738086532,0.03795678734681275,0.07098245982955005,0.11096150446633622,0.1454644902191552,0.1614498063613632,0.1503020957957114,0.11998310974342122,0.08066043429530532,0.04840097984164215,0.02518289956340784,0.01230587934405482,0.00575626702971096,0.002742217936793997,0.0012992144785729423,0.0006264589556734319,0.00030206546299064096,0.0001491016667008604,7.359764599804134e-5,3.726024256670498e-5,1.8863748947425256e-5,9.658446867424833e-6,4.945244822047713e-6,2.558489675537769e-6,1.3236756331851336e-6,6.912944303361089e-7,3.610335220924725e-7,1.890729773047885e-7,9.901813877677936e-8,5.221390838514101e-8,2.7533532660014296e-8,1.4420282108662184e-8,7.552471809025659e-9,3.966348273329828e-9,2.0830348695454973e-9,1.0891563957798412e-9,5.694917699744719e-10,2.961696750227681e-10,1.5402693130706558e-10,7.983733089102687e-11,4.138261986142386e-11,2.1380394310623548e-11,1.1046272939559257e-11,5.687460989186828e-12,2.9283509108635834e-12,1.5055636700519031e-12,7.740643302190547e-13,1.4508653216702384e-14,1.501489114555695e-13,1.5539254319259352e-12,1.6267391106033322e-11,1.7030233728758771e-10,1.8122321964753372e-9,1.9282309961550276e-8,2.0530134182109123e-7,2.1539376417414383e-6,2.1316632546085705e-5,0.00017613166236602173,0.0011786430660102405,0.0066308288220908885,0.017347695616239743,0.03857720445934087,0.07140645719298434,0.1117467162060864,0.14673472877104485,0.1644282081145698,0.1550945693996124,0.12373438781891666,0.08195222345121136,0.04501727902189062,0.020525750225710196,0.0075330483946275725,0.004062332497331176,0.0019870739517349498,0.0009552667270837296,0.0004530181352007782,0.00021847371960301114,0.00010535946082634362,5.2006147181378416e-5,2.5670588321662793e-5,1.2994085879162856e-5,6.577424034045071e-6,3.3669000213635748e-6,1.7234751132663859e-6,1.448271627262043e-6,1.2174955960865595e-6,1.033582046117639e-6,8.779299270724425e-7,7.482376684449102e-7,6.381742243352752e-7,5.485130804261331e-7,4.719211082702158e-7,4.0371932721921775e-7,3.4582244630976534e-7,2.974822853137349e-7,2.5633690796986176e-7,1.3409270383767836e-7,7.014631116089535e-8,3.649584254746314e-8,1.898832744725149e-8,9.846299055596212e-9,5.1057974394903455e-9,2.6389397807001085e-9,1.3639521779667243e-9,7.025219357168105e-10,3.6184610604485703e-10,1.861036773177786e-10,9.57170044897342e-11,8,4,5.3011198,11.197916,1731,1712,1693,1684,1671,1660,1663,1658,1667,1666,1664,1652,1653,1637,1624,1632,1609,1596,1593,1592,1594,1610,1620,1630,1638,1656,1702,1709,1728,1751,1773,1817,1873,1844,1855,1877,1895,1921,1957,1994,2038,2058,2078,2092,2126,2149,2194,2236,2298,2370,2464,2545,2589,2682,2714,2772,2898,2949,2944,2952,2949,2932,2878,2859,2859,2824,2793,2808,2758,2784,2794,2782,2772,2723,2655,2651,2616,2628.0,2647,2624,2632,2629,2624,2610,2589,2571,2541,2512,2528,2542,2512,2538,2565,2581,2595,2617,2593,2675,2675,2684,2745,2779,2764,2753,2727,2718,2732,2750,2748,2790,2829,2841,2851,2825.0,2831,2853,2818,2771,2745,2692,2680,2702,2681,2644,2570,2501,2480,2400,2351,2312,2265,2198,2139,2087,2034,1987,1940,1897,1851,1833,1803,1775,1763,1739,8,4,0.97086877,1
L0420124613,23.281601,23.897,23.881687,0.8629052730639563,0.36245673562979164,0,0,10.0,19.5,3.2,-0.5,1,192,5,2,3,1.0,1.0,1.0,1,1,5.743345332676021e-19,2.0265630875437762e-18,7.150864362401697e-18,2.5069188385273043e-17,8.788706068996163e-17,3.0369095779259076e-16,1.0494002057805136e-15,3.598027166761381e-15,1.233643884419102e-14,4.131820560974683e-14,1.3838672759276755e-13,4.582164586070689e-13,1.5172178875903835e-12,4.935156315249995e-12,1.6052931219944492e-11,5.1257041636365513e-11,1.6366350833794238e-10,5.153646276315256e-10,1.622821338998325e-9,5.042136286335929e-9,1.566484028936049e-8,4.803548972833954e-8,1.4725275598870065e-7,4.454595206985828e-7,1.3460431420432553e-6,4.017372786233691e-6,1.1945262863514752e-5,3.479334247820753e-5,0.00010028305232053037,0.00028172362684945505,0.0007710486917938162,0.0020126041436202085,0.004979713925141816,0.011402771092091951,0.02381892280265845,0.04430638886329587,0.07164930134647572,0.0990135527660884,0.11581645363518721,0.11652752064564574,0.10414353445910592,0.08627092588118966,0.06905577606315853,0.05481719280081321,0.04341566224098215,0.034031410868794354,0.026675307969273726,0.02091786061896133,0.016403137426399008,0.012773507293734812,0.00994706620892264,0.007688548812416116,0.005942854946881441,0.004570903768841263,0.003515687573257287,0.002689334041553268,0.0020572180500927815,0.0015664902439664224,0.001192823122414161,0.0009050311328773336,0.0006866760329153293,5.814484870083982e-19,2.0518531664591216e-18,7.240765236642691e-18,2.5386579481809376e-17,8.900753791854055e-17,3.0758684174800977e-16,1.0629455894807696e-15,3.644737177255552e-15,1.2497508387734105e-14,4.186014316409216e-14,1.4021010018806232e-13,4.642779994754293e-13,1.5373682674761895e-12,5.000906278742123e-12,1.626746849709361e-11,5.1943607244956573e-11,1.6586063881211978e-10,5.22294304953384e-10,1.6446764125586432e-9,5.110102897569167e-9,1.587617103794209e-8,4.868355867898104e-8,1.4923877089976765e-7,4.514583151574393e-7,1.3641201694672263e-6,4.07104835154793e-6,1.2103497869676386e-5,3.5247771042100016e-5,0.00010156390487041258,0.0002852014410809274,0.000780090784827276,0.0020345366210899863,0.005028557767724976,0.011499541091411982,0.02398340108103999,0.04453374866781044,0.0718818452633322,0.09915782226988062,0.11581253577203171,0.11640425063825562,0.10397630127291328,0.08611570526181417,0.06893119738865824,0.05472173962369509,0.0433433814828359,0.03397718184528453,0.02663470721026932,0.020887524249727302,0.016380526588044432,0.012756759066540602,0.009934693487437593,0.0076794654925277425,0.00593620529946063,0.004566060097457632,0.0035121705081669554,0.0026867934701401202,0.0020553892778437427,0.0015651803132766093,0.0011918885854234017,0.0009043676862118204,0.0006862072763185696,0,0,0.0,0.0,2878,2848,2826,2809,2786,2781,2754,2756,2728,2715,2695,2678,2661,2665,2648,2636,2623,2611,2594,2608,2607,2617,2615,2627,2642,2657,2670,2668,2681,2702,2708,2734,2764,2786,2824,2853,2887,2915,2963,3048,3192,3326,3424,3741,4104,4242,4289,4520,4621,4674,4737,4712,4810,4847,4989,5021,5095,5029,5080,4982,4941,4895,4774,4719,4666,4560,4501,4370,4288,4229,4200,4120,4128,4091,4003,3923,3863,3799.0,3799,3754,3747,3690,3618,3606,3608,3614,3594,3593,3602,3625,3643,3724,3887,4124,4281,4381,4450,4418,4493,4510,4520,4518,4485,4450,4449,4453,4469,4505,4596,4630,4601,4688,4721,4827.0,4886,4894,4840,4808,4780,4709,4634,4579,4493,4534,4464,4470,4390,4270,4156,4025,3906,3775,3606,3490,3423,3333,3255,3179,3130,3106,3046,3008,2966,2939,4,3,1.3592167,1
L0420145724,14.385073,13.773,13.773,0.11375997692188954,0.9606161249189649,0,0,10.5,18.833334,3.4000001,2.9000001,1,192,10,1,4,0.89999998,1.0,0.25,0,0,0.0007595328374464972,0.000951506514194331,0.0014785326131723064,0.0019459109133326713,0.0024628446297542783,0.0030006718258346905,0.0036147320668896087,0.004307226774083269,0.005078577482485228,0.005958238486072487,0.006918606885383352,0.007999049542558942,0.00916289870041635,0.010450860482945546,0.011810642004664359,0.013280339487383011,0.014810079174699956,0.016425466425231242,0.01807556249500893,0.019768726893232568,0.0214527087480086,0.023091336323509792,0.024748369698947056,0.026358108933677706,0.027846705108397724,0.029130499720658114,0.03035821391423671,0.031324260435406905,0.032196192132597515,0.03277705743917535,0.03321308483688949,0.033344349002403045,0.0333210861720821,0.03305757978354211,0.032576604254103865,0.03189738545969607,0.030993552355487737,0.029925894502520735,0.028691914440600822,0.02740745283238126,0.025906926915745147,0.024325809051987748,0.02268384721504545,0.02109223192083464,0.019410053316913537,0.017805970604338934,0.016167775524231664,0.014634621150521103,0.013113312754950038,0.011713779501107476,0.010357384199299486,0.009120448018889851,0.007958829317422911,0.006920322797105377,0.0059598028200255814,0.005103941043860105,0.004336753747601409,0.0036623389176314407,0.0030714038523746543,0.002561829528554455,0.0021202554724464987,0.0007690977408822298,0.0009739550282055145,0.001499991498048507,0.0019643560156167045,0.002482800537809524,0.003021282494740739,0.0036386190363527126,0.004333126825336715,0.005108408094073531,0.005990735172996866,0.006955245616427129,0.008038686192062924,0.009206717173543792,0.010497328237544103,0.011860704865583214,0.013332700647873933,0.014865133704845285,0.0164818826226289,0.018133100063365017,0.01982622577158653,0.02150875578471058,0.023148352518530164,0.024803587779063555,0.026408678358481583,0.027890525897900434,0.029173186367913214,0.03039338995904241,0.03135634461359727,0.03221995502960279,0.03279578838130252,0.03322301284509555,0.033348796584712355,0.033318066145226685,0.03304622370568528,0.032558246385066866,0.0318704784730806,0.03096068013007039,0.02988628703234502,0.028649124284952525,0.027355713819042973,0.02585185745382587,0.02426824045868844,0.02262697490958793,0.021030833196563396,0.019350154206432765,0.017744262146021678,0.01610884282582065,0.01457595441662802,0.013058307699065415,0.011660508521089477,0.010308161864264285,0.009074401945170923,0.007917083902083255,0.0068818669135959215,0.005925323710872207,0.0050732396831149286,0.004309710186750336,0.003638748777675726,0.003050969737380187,0.0025441651851340983,0.002105100825287952,0,0,0.0,0.0,1807,1826,1841,1842,1847,1852,1849,1832,1831,1836,1842,1825,1801,1784,1790,1776,1764,1776,1778,1774,1796,1796,1788,1791,1795,1801,1799,1809,1802,1799,1809,1851,1866,1893,1928,1960,1957,1948,1935,1935,1937,1959,2005,2028,2062,2075,2088,2125,2143,2163,2197,2221,2226,2238,2235,2233,2213,2195,2200,2221,2217,2215,2202,2211,2212,2233,2266,2283,2301,2316,2326,2309,2304,2272,2249,2221,2215,2192.0,2193,2181,2186,2153,2148,2153,2158,2144,2146,2145,2142,2162,2174,2176,2188,2211,2208,2231,2252,2255,2247,2204,2199,2208,2204,2215,2224,2227,2242,2277,2303,2314,2331,2337,2352,2376.0,2390,2362,2349,2313,2289,2250,2227,2205,2187,2168,2143,2132,2117,2101,2063,2027,2016,2010,2007,1980,1959,1928,1915,1904,1890,1888,1884,1875,1877,1862,,,1.365725,1
L0420164633,16.270912,13.926,13.923445,0.08104065444403759,0.9650380096219504,0,0,10.5,19.5,4.4000001,-0.69999999,1,96,14,5,4,1.0,1.0,1.0,0,0,0.000988237383615402,0.0013704658486107509,0.001826226551942738,0.0022704765256803517,0.002801033039002295,0.0033620583909582027,0.004020139066770367,0.004731890080278369,0.005566583365231217,0.0064374965074477045,0.007487124584687547,0.00856074487322253,0.009783748485669415,0.011059375186666163,0.012440837944162937,0.01390533203555506,0.015430569389791102,0.017038727674084347,0.018608235415056747,0.02023141245228421,0.02186310636906107,0.02359119172513581,0.02508560988634347,0.02657110628402057,0.027928236888790054,0.02930305078917625,0.030394040137910104,0.03149030802381472,0.032206698284465485,0.03283320222293808,0.03314467839756314,0.033337693588254884,0.03320926167303617,0.03292765329633664,0.0323730468183071,0.03163804536973276,0.0306930622728191,0.0296150059203367,0.028349335679111028,0.026918613730908328,0.025425977543172832,0.0238660150825004,0.022242773290967577,0.020556754476753564,0.018896760531538482,0.01721972658927203,0.015614213694883057,0.014038295864720366,0.01255737846501198,0.011134640118250074,0.009824766278060379,0.008593068709767731,0.007479620340206916,0.0064542390200753,0.005542610746671074,0.004721264546808009,0.004000900883264887,0.0033639321411420495,0.0028132282266499827,0.002333988621786892,0.0019261826697174616,0.0009957464172200986,0.001379382059697864,0.0018330675928766422,0.00227861069911972,0.0028084071155383724,0.0033711599751511364,0.004029198114605124,0.004743695052530177,0.005577835268211622,0.006453287615561181,0.0075016383502693835,0.008579311209802154,0.009801944241060265,0.011081003191698214,0.01246237785711752,0.013930396981287023,0.015453582894343626,0.017063454029714556,0.018632669415782257,0.02026063680965486,0.021885543438809857,0.02361325225800358,0.025105301306604797,0.02659305545669281,0.027944322323138177,0.029318838427890414,0.030402694310936916,0.0314960772294933,0.032209460558416586,0.03283366071342362,0.03314163611446303,0.03333152345798366,0.03320052345560841,0.03291572769711986,0.032360435100471124,0.03162301110147619,0.03067528653521893,0.029594225891782545,0.028330057170374963,0.02689831435876272,0.025404076534226726,0.023842636991443584,0.022220373710374934,0.020534072614531072,0.018875125447297875,0.017198459421380596,0.015593895879695042,0.014018742281124296,0.012539052726507679,0.011117442850522236,0.00980887218600296,0.008578489807089428,0.007466336897410762,0.006442317898864855,0.005531864551559494,0.004711782705557019,0.003992490979330088,0.0033566326524162703,0.0028068743171700498,0.002328572997514424,0.0019215347520673113,0,0,0.0,0.0,1884,1885,1861,1847,1836,1819,1803,1813,1816,1816,1809,1797,1792,1771,1758,1755,1745,1746,1741,1732,1733,1760,1769,1773,1776,1779,1814,1825,1831,1848,1873,1902,1975,1950,1984,1993,2012,2033,2009,2027,2035,2048,2048,2078,2107,2115,2119,2162,2194,2249,2358,2434,2536,2645,2724,2860,2915,2929,2957,2949,2927,2895,2866,2863,2851,2721,2684,2618,2616,2604,2584,2578,2562,2534,2487,2464,2442,2425.0,2428,2417,2413,2399,2407,2415,2401,2394,2378,2381,2351,2372,2366,2347,2334,2368,2397,2394,2428,2444,2485,2544,2529,2535,2491,2482,2502,2509,2500,2469,2485,2503,2536,2591,2616,2635.0,2612,2649,2641,2591,2537,2531,2494,2462,2409,2371,2349,2318,2305,2273,2232,2205,2185,2156,2129,2088,2069,2042,2006,1991,1957,1953,1947,1908,1889,1866,,,0.61782604,1
L0421145134,6.4447136,7.445,7.4450002,0.08102380800440517,0.9569681296946503,1,24,10.5,19.0,2.7,0.0,1,96,3,1,2,0.66666669,1.0,1.0,0,0,0.00035812040228749836,0.0014044386988006868,0.001682232658976283,0.0022534701527163474,0.0026721649541850767,0.0032446137407851363,0.0038427324237428825,0.004586458939147927,0.005362219137788121,0.0063113083482166195,0.007284479757163431,0.008425496989677227,0.009610295945254761,0.010966762516446144,0.012348668534118363,0.013861528567087302,0.015416124378528089,0.01702023175697117,0.018689572034556658,0.0204506588071405,0.02213074167375048,0.02366993472684704,0.025322160844844874,0.02694473074619573,0.028373383499898423,0.029607168028311943,0.030799842120390195,0.03165435795448204,0.032475566009600165,0.033077016337826184,0.033408471393299416,0.033525681683473335,0.03338421699203675,0.03309745929495661,0.0324758451308338,0.031875281498550685,0.030812049747844253,0.029641190257027994,0.02829072626249437,0.027095336597661057,0.025447512962285566,0.023841480685340397,0.022122372213598446,0.02052357549094005,0.018763923534095717,0.01719199615501405,0.015499177088958253,0.013944486166441162,0.012417149065956718,0.011023151178698034,0.009684397683129453,0.008473827565162557,0.007345942813081894,0.006326490801941895,0.005413331181838433,0.004607181333521965,0.003887667620758143,0.0032494296606918227,0.0027075996148951823,0.0022381812967320054,0.0018383863430024932,0.000415104150431577,0.0014310298472202882,0.0017105338805913485,0.0022783136787835182,0.0027018639994636283,0.003277353093977481,0.0038829196021935002,0.0046307009293371235,0.00542329760685671,0.006409853081107657,0.007557698112334534,0.00953223774087859,0.01495826888004532,0.012896558506235679,0.01364413940846562,0.015089809349437225,0.016679843016623286,0.018348842249548445,0.020070531346429835,0.021755454353274938,0.023343467089319062,0.024907729745072188,0.025931964155399462,0.02446010329219559,0.018060573306061853,0.02572009303747331,0.029686202153250782,0.0313896439447634,0.03242728142174107,0.033064911414324556,0.03337381497212084,0.03336891989136094,0.0328433010715334,0.0313214408838727,0.027521944446947152,0.02098244685726402,0.0128547436400487,0.017083604527118913,0.019884354006372142,0.021950351277334718,0.02304720148401826,0.02364381276104739,0.023745544780767982,0.023871924624548794,0.02378027475514741,0.024045682164488293,0.024522553258317904,0.026019282295202135,0.030325530290626197,0.01649567670123883,0.011263108005434156,0.008894890443738394,0.007429838988035202,0.00631520196587425,0.005378158989823104,0.0045682849574230034,0.0038512125368420163,0.003217847771770137,0.0026799945352143106,0.002214539084434957,0.00181819563919625,0,0,0.0,0.0,1228,1211,1193,1187,1183,1163,1163,1156,1140,1146,1144,1127,1138,1136,1145,1136,1142,1127,1123,1124,1127,1139,1146,1156,1159,1165,1163,1166,1179,1193,1207,1221,1232,1240,1270,1285,1297,1304,1327,1341,1382,1425,1442,1476,1533,1545,1585,1586,1619,1657,1710,1732,1748,1718,1729,1717,1726,1736,1736,1748,1752,1762,1765,1780,1783,1848,1853,1836,1819,1802,1802,1809,1791,1790,1754,1746,1745,1730.0,1735,1743,1737,1720,1706,1712,1698,1681,1681,1675,1688,1710,1706,1725,1719,1725,1757,1755,1743,1744,1747,1760,1799,1815,1809,1803,1806,1815,1851,1892,1922,1938,1942,1961,1973,1992.0,1996,2038,2048,2034,2021,1970,1959,1900,1886,1848,1810,1760,1730,1715,1679,1642,1618,1574,1549,1490,1456,1437,1388,1409,1383,1348,1289,1275,1256,1243,,,0.48543462,1
L0421203049,20.525543,16.309,16.309,0.11306309441616019,0.9707757762018244,0,0,10.166667,19.0,3.2,-0.1,1,96,11,5,4,1.0,1.0,1.0,0,0,0.0008777322253797125,0.0012443761748751607,0.0016715909848989859,0.0021210175342743437,0.002634757807228213,0.0031887305987015058,0.0038206999032402655,0.004516894316974901,0.005316564033815103,0.006191397486919331,0.00717573005846368,0.008236384394053733,0.009395726172582065,0.010638350203133418,0.011987404025381457,0.013430906914725586,0.01490394373195045,0.01647493708887337,0.018029243137716137,0.019692259697634978,0.021264930015992313,0.022966731100752744,0.024399027696200594,0.02593940493816521,0.027286601965994216,0.02878566506782633,0.02982595488362882,0.030898683813837598,0.03162514245354222,0.03241992493200475,0.03276581739956264,0.03314901697909538,0.03305411504876724,0.032879554375920626,0.032367232994138496,0.031763718640460674,0.030864420364290417,0.029874338693114545,0.028653206445157342,0.027330703626071533,0.025874038980961498,0.02437939962915723,0.022782138075681677,0.021126928561937236,0.01948470826810336,0.017872715738177076,0.016274060266099344,0.01471834379833638,0.013227746629273422,0.011808022698888792,0.010476428545453597,0.009241844119968999,0.008098668795989899,0.0070558936578000555,0.00610752775204453,0.005258579333736029,0.004497373975862705,0.003828328047471095,0.003236799762324161,0.0027180684564191617,0.0022695469809677765,0.0008804244573695201,0.0012476695161756676,0.0016745612198681517,0.0021243516197094036,0.0026379967164191945,0.003192508265593251,0.0038247019831366877,0.004521746896084762,0.005321765561330594,0.006197608810911904,0.007182348722494106,0.008244045505565102,0.009403950393402409,0.010647920957255494,0.01199744822731383,0.013441861437571825,0.014915347438930655,0.016487144367380337,0.01804180238566425,0.019705330550109364,0.021277830552703957,0.022978630541575777,0.024411183877770425,0.025952230775254975,0.027297464560214587,0.0287942712406254,0.02983356625221127,0.030905411604816798,0.03163000718778181,0.03242302309942994,0.03276625673143684,0.03314696485871633,0.033050473563043914,0.0328745292402869,0.03236064242610952,0.0317557722492504,0.03085527136333125,0.02986401245028175,0.028642540717233454,0.02731964850911662,0.025862227854640624,0.02436701230828875,0.02277027021097504,0.02111550189828452,0.019473180580541868,0.01786138049495381,0.016263224480335983,0.014708058797963169,0.013218085874091862,0.011799056890112743,0.010468058195056978,0.009234147628987045,0.008091653333223167,0.007049564789022827,0.006101846895092298,0.005253527316257338,0.004492900481526011,0.0038243888479766587,0.0032334172955344256,0.002715167401933193,0.0022670615917232007,0,0,0.0,0.0,2003,1975,1955,1949,1944,1929,1922,1910,1883,1877,1877,1876,1872,1868,1861,1867,1856,1842,1839,1837,1830,1854,1861,1854,1864,1864,1877,1889,1893,1902,1920,1939,1966,2006,2028,2026,2033,2058,2097,2153,2242,2361,2424,2484,2559,2683,2739,2796,2815,2928,3039,3163,3317,3454,3589,3715,3765,3817,3798,3793,3825,3796,3779,3704,3628,3624,3634,3604,3607,3572,3463,3439,3402,3363,3352,3305,3251,3211.0,3177,3165,3134,3082,3026,3030,3020,3043,3027,3078,3097,3208,3291,3452,3287,3277,3291,3314,3454,3468,3521,3650,3776,3877,3964,4036,4120,4162,4164,4203,4165,4188,4282,4175,4158,4056.0,4009,3965,3850,3727,3535,3451,3343,3285,3211,3179,3111,3046,2964,2933,2873,2820,2731,2653,2593,2579,2530,2492,2425,2357,2263,2202,2152,2127,2089,2046,,,0.61782604,1
L0422093610_403C,7.1655722,6.517,6.5170002,0.04321799532650369,0.20585895774200205,1,24,9.5,18.5,10.6,2.5,1,192,10,3,3,1.0,1.0,1.0,1,1,8.113616439594628e-35,3.4846351575566e-33,1.496680647038574e-31,6.540226917774438e-30,2.8581806083080656e-28,1.2644093516811661e-26,5.593975563182112e-25,2.5007404707912076e-23,1.118026214994714e-21,5.028613575013046e-20,2.261925957185734e-18,1.0248331919628437e-16,4.643183089951113e-15,2.0951238403120172e-13,8.755760802049944e-12,2.5853086217126783e-10,4.096687730835526e-9,4.424557901295788e-8,4.149767808795824e-7,2.9233165912318102e-6,1.8672059436373127e-5,9.303925298210116e-5,0.00041684362567912496,0.0015051335186953005,0.004847115040281165,0.012831399471883404,0.029919302709557845,0.057801554620840065,0.09670260517551646,0.13516086173114578,0.16018504529914696,0.15918420801507666,0.13426190928206574,0.09603590097214684,0.05819167413395751,0.030425049128872138,0.013782209195126413,0.005568909274014132,0.0020304835992615675,0.0006975174148754071,0.00022875620906621949,7.372653622623828e-5,2.3571757314569598e-5,7.5577069880273024e-6,2.4230595698731083e-6,7.777069533763507e-7,2.496134000311963e-7,7.960584948101997e-8,2.538762462289525e-8,8.156606756413414e-9,2.6205775139090748e-9,8.30269292486066e-10,2.6305159891115003e-10,8.373058420547979e-11,2.6651846112558336e-11,8.479149731359376e-12,2.6975985027665957e-12,8.557467384548609e-13,2.7146459455901486e-13,8.726127567704328e-14,2.8049811829519873e-14,5.36408236418305e-32,2.3053180116398885e-30,9.907947503769142e-29,4.332592248567152e-27,1.8946624849048427e-25,8.387334419510165e-24,3.713102326989236e-22,1.6609890768289617e-20,7.43049450895671e-19,3.3440735404999023e-17,1.505060932503313e-15,6.822959664999501e-14,3.093175181994005e-12,3.827835118004387e-11,4.673264452395191e-10,5.177273181131507e-9,4.669844425155872e-8,3.618538125938765e-7,2.3869247577642993e-6,1.3404800976418896e-5,6.308073875159305e-5,0.00024769133965985783,0.0007817664942383143,0.0019309784481228178,0.0033941294503673516,0.010845548911663767,0.027343290731235235,0.054951141562917694,0.09441826468527907,0.13413498211043426,0.16047551283998424,0.15969737701665937,0.13312111979486557,0.09173329484827834,0.051097152451593374,0.023175723786739086,0.008717488700035213,0.007767361023300476,0.006554337323026036,0.005517688300329108,0.00462574229552028,0.0038930894886344846,0.0032797775857987517,0.002778587397759231,0.002359244490766049,0.0020116227296924655,0.001722531966193944,0.0014738564370087124,0.0012707922469841555,0.0004084373649723509,0.00013127347817241781,4.15848083476418e-5,1.3173237172719595e-5,4.193218986681133e-6,1.3347581441595303e-6,4.2465011294093265e-7,1.3510141843861838e-7,4.285329735491091e-8,1.3592790514633626e-8,4.371085247431505e-9,1.4056286895228175e-9,0,0,0.0,0.0,949,942,932,922,917,905,902,896,894,890,887,883,878,873,869,866,866,865,864,864,865,860,861,872,878,882,883,886,885,882,886,888,902,913,917,930,952,968,976,997,1028,1047,1080,1112,1117,1153,1201,1249,1333,1411,1476,1503,1514,1528,1567,1605,1649,1703,1707,1718,1727,1737,1713,1670,1682,1668,1657,1657,1670,1694,1684,1705,1707,1744,1734,1657,1664,1626.0,1620,1603,1544,1507,1499,1473,1438,1412,1412,1419,1468,1561,1573,1562,1553,1546,1540,1533,1505,1483,1493,1497,1491,1494,1470,1480,1513,1518,1530,1546,1555,1594,1554,1561,1571,1611.0,1634,1682,1645,1624,1562,1502,1499,1466,1432,1412,1398,1384,1356,1294,1288,1281,1224,1180,1168,1150,1134,1127,1104,1083,1071,1052,1041,1021,1010,999,10,6,0.19417374,1
L0422100656_08DF,2.9288561,3.491,3.4909999,-1.1776015694561088,0.5721853894562672,1,12,9.5,19.166666,9.3000002,3.0999999,1,96,12,3,4,1.0,1.0,1.0,1,1,3.970007387965689e-13,3.157022443772313e-9,1.0684140483182189e-5,0.00017663665118119272,0.01687495716589929,0.02197178701318634,0.024920222453071093,0.030255282481527486,0.03616122503063064,0.04177770528319082,0.04710661057579333,0.05197793830384387,0.056181197744027925,0.05908099300222678,0.060582248910436086,0.06231040758319278,0.060929137867970024,0.053606723472928226,0.06823909149806692,0.029780030351635827,0.07201165102767616,0.01619737458547878,0.054293838575310324,0.017548096771334735,0.03136753818206406,0.016686665276380547,0.017011195078433034,0.0116461034622437,0.009297338823789804,0.00676963319993463,0.004940896361577676,0.0035539035088647595,0.0025217563748384437,0.0018106629423457078,0.0012929714728245822,0.0009580530420839875,0.0007301364116910544,0.0005895584067680092,0.0004977488957491923,0.00044537409709842653,0.00041155307309814667,0.0003938596569111061,0.00038266785252123725,0.0003775949678017607,0.00037405765561776994,0.00037301655263757496,0.00037189159000683474,0.00037156225193848643,0.00037147854419170175,0.00037199707057830855,0.0003716921688397017,0.0003709732388433747,0.0003717084668817693,0.0003720466807308505,0.00037193894580777947,0.0003712099487746874,0.0003720735756023192,0.00037077361298370397,0.0003718632041984637,0.0003710318102321389,0.00037162994860322494,3.5826864341805564e-12,2.8491676317952737e-8,9.632012547404875e-5,0.00033094875401003666,0.01693875389228938,0.02203658789900237,0.025008714730239318,0.030347285212888094,0.03624887818114954,0.04185826261819384,0.047183819614105525,0.05221496320167573,0.05928326851133212,0.05955597883034605,0.060824929046957056,0.06244494505794411,0.06059942496610573,0.055005616273677914,0.06531557954253284,0.03376004622626255,0.06694005005200963,0.02024037110992143,0.05048263033427145,0.019037662356433928,0.02782648555609518,0.016477043346984032,0.016998791587132446,0.011645186958055253,0.009297090871716467,0.006769480105951585,0.004940785446021453,0.0035538240944963527,0.0025216960458664408,0.0018105671590638386,0.0012922387824096325,0.0009495073785681174,0.0006502944545704618,0.0005969576894643382,0.000507627570217191,0.0004524720489956163,0.000415694726270033,0.00039657326168467783,0.00038424733867969746,0.000378833492106587,0.000374907388577862,0.00037392256125167274,0.00037309325920651044,0.0003761927471126068,0.00041857551045108236,0.0003754785712403667,0.00037199001535051274,0.00037100785152361894,0.00037171698692198675,0.0003720531032247634,0.0003719563388113733,0.00037122110118360785,0.0003720881276030331,0.000370785558857925,0.0003718716405800524,0.0003710389080396523,0.0003716373836323217,20,5,11.533126,25.208334,585,578,575,572,556,561,557,561,559,561,569,570,566,564,563,560,570,561,570,579,556,555,556,553,555,556,558,563,567,575,577,586,595,599,605,611,618,629,638,649,661,669,682,694,706,716,731,743,749,759,776,787,801,818,838,835,842,838,845,844,857,865,852,852,846,838,834,829,830,831,841,828,824,827,825,823,824,830.0,820,825,815,803,795,790,783,778,773,769,762,762,768,771,771,774,782,785,792,795,790,792,797,801,809,819,830,838,847,859,866,876,894,909,920,925.0,935,941,946,949,948,941,937,938,933,909,889,866,848,828,801,791,770,754,743,730,718,708,697,683,671,656,630,623,608,595,21,6,1.3592167,1
L0422115900_A6B1,6.842732,4.623,4.8015208,-0.3789873486584514,0.41845612912810914,0,0,10.5,19.0,12.2,4.9000001,1,192,11,4,4,0.18181819,0.0,0.25,1,1,5.190221041056609e-8,1.948834754367055e-7,9.946549015298343e-7,3.827609708890215e-6,8.892926891368473e-6,2.057382429636608e-5,4.512655792144456e-5,9.536105192404934e-5,0.00019384460708439164,0.000378896220148238,0.0007106911200218831,0.001282197735417888,0.0022217840879976115,0.0037047140216668714,0.005939077435985253,0.009151529902573298,0.013535560293386836,0.019257239801854186,0.02637040336752806,0.03471187596286694,0.04391563598387327,0.05342417341838941,0.06250843886829287,0.07039291111110128,0.07620740300494115,0.07933550247880561,0.07916925778495643,0.07593751689346238,0.06995878495402708,0.06197617915970159,0.052765582987574014,0.04319267470453804,0.03393618522031891,0.02563485522725289,0.01859606078547114,0.012981566358868215,0.008705100045120848,0.00561817754569759,0.003477587556392771,0.002080449814364699,0.001194764883596811,0.0006624396912312522,0.0003511389626323206,0.00018004953111876892,8.856290648096644e-5,4.2220478364879534e-5,1.9302790515322055e-5,8.545889179191186e-6,3.634331894709607e-6,1.4982719560845536e-6,5.957972477667593e-7,2.3021141492433862e-7,8.61410361346278e-8,3.135783513807174e-8,1.1105981798234637e-8,3.8437070732446e-9,1.3019811611629546e-9,4.318962253434206e-10,1.4099950440933733e-10,4.5430988056122266e-11,1.4487967480249933e-11,1.274438263212869e-7,4.5285095306355256e-7,1.5804302173374238e-6,5.103654960165571e-6,1.1726661218042837e-5,2.6535491226999625e-5,5.7163132798203486e-5,0.00011849495641352976,0.0002363632568564168,0.0004533158245770592,0.0008355109246792968,0.0014814539793206651,0.0025269862870549984,0.004149002484012682,0.00655704323197037,0.009965463105543141,0.014562248958399224,0.02047518926661623,0.02774228780605428,0.03614482364039708,0.045320688254222245,0.054657774915426206,0.06346929346842078,0.07095853397188452,0.07631872508494729,0.07896630456946352,0.07837875467596699,0.07480491065165798,0.0686132564882844,0.06053739226098935,0.05135465943807907,0.041897844044526546,0.032822988516138435,0.02472738209789971,0.017896060121939554,0.012466020510322737,0.008343841802587043,0.005375714999969797,0.0033227566454422396,0.0019851847558439457,0.001138762310252614,0.0006307186465077335,0.0003340305154091241,0.000171137860039005,8.412144441007827e-5,4.007782827479349e-5,1.8313232314982232e-5,8.103727378668905e-6,3.444774672862419e-6,1.4195552186730792e-6,5.642927397878308e-7,2.179682181196885e-7,8.153650009479756e-8,2.9674069918961255e-8,1.050730613715619e-8,3.635818843697563e-9,1.2313685396104572e-9,4.0841899235420443e-10,1.3332183079221336e-10,4.295428946173944e-11,1.3697609263403694e-11,0,0,0.0,0.0,849,843,818,810,810,802,812,808,800,803,800,790,795,793,802,790,787,783,795,800,782,779,786,829,783,789,799,798,801,806,811,825,834,849,862,869,884,899,906,908,922,933,943,950,964,985,1003,1025,1026,1052,1058,1106,1166,1201,1187,1172,1158,1155,1167,1185,1184,1207,1202,1197,1225,1256,1252,1240,1224,1209,1215,1208,1204,1198,1195,1226,1219,1195.0,1183,1174,1129,1155,1164,1157,1148,1108,1158,1152,1138,1151,1140,1139,1136,1147,1149,1158,1162,1160,1141,1178,1181,1186,1190,1192,1207,1221,1243,1238,1242,1253,1277,1274,1295,1305.0,1301,1288,1270,1264,1253,1256,1246,1231,1224,1204,1183,1170,1155,1130,1111,1100,1085,1064,1061,1050,1034,1020,1001,972,950,934,915,906,890,874,1,2,3.3980434,1
L0422125300_7C22,9.4388924,10.686,10.803416,0.7372595362293456,0.3277339954041889,1,24,9.5,19.5,8.6999998,3.0,1,96,13,4,5,1.0,1.0,0.60000002,1,1,2.0238754091428237e-31,3.6972350355834104e-30,6.754553990193538e-29,1.2592315921532158e-27,2.3477204002254611e-26,4.471189463159996e-25,8.516035753678384e-24,1.6503153183818642e-22,3.1984409454589116e-21,6.259386117445466e-20,1.2250905979745742e-18,2.4092769717108992e-17,4.738569093439897e-16,9.283316024498906e-15,1.818612239185516e-13,3.5131883347471968e-12,6.70524691481658e-11,1.187861708789872e-9,1.6118268008585005e-8,1.1930236629972724e-7,5.198709451034343e-7,2.082004759796331e-6,6.94589430809877e-6,2.1949547484843603e-5,6.275846344200034e-5,0.00016753738474793546,0.00041585318657674623,0.0009582893269575698,0.002077306791515638,0.0041102429629939876,0.007857176269173078,0.013405923520478055,0.022165091285570315,0.03362650213040572,0.04796542502188436,0.06366839613772131,0.07912244860588012,0.09199386158614703,0.09987057587487166,0.10205794877718762,0.09696899506574469,0.08671845044062215,0.07241212456814523,0.056979611253982876,0.04198312528598512,0.029254946152954275,0.0191420822368134,0.011880779348137149,0.006971644033616925,0.003919918257959051,0.0020964790781692177,0.0010820531114780244,0.0005386965318753943,0.0002618619797167697,0.0001250430014147632,5.836185921841701e-5,2.7012694898278607e-5,1.2399306931927995e-5,5.679994761891663e-6,2.58659522506517e-6,1.1778800449765858e-6,3.647469649479891e-27,6.670702048030739e-26,1.220021498865853e-24,2.2771912791394455e-23,4.250606420984031e-22,8.105553145549438e-21,1.5457428092537632e-19,2.999409427399821e-18,5.82048968125074e-17,1.1405434325393783e-15,2.2350637832515082e-14,4.4009222310232496e-13,8.666075534575249e-12,4.829530709013327e-11,2.701668198600441e-10,1.4983555072800763e-9,8.296711059749208e-9,4.4136179085368884e-8,2.0494241054123665e-7,7.529149521347705e-7,2.4207874506013847e-6,6.394765457986995e-6,1.4143763525159357e-5,2.512000419844988e-5,3.29178281253986e-5,0.00010462253738176765,0.00027306293074261094,0.000631821032921969,0.0013073421442908687,0.0024181016939434255,0.004040969732917917,0.005388248328534921,0.006592057361719209,0.006885594278475846,0.006066708542936805,0.004829159228085104,0.0034167667058063607,0.005945597091077185,0.009580200908582139,0.014816953783597233,0.02167861820489432,0.030594205609372947,0.04155072501391049,0.055087978989468926,0.071345159690478,0.09150028005387688,0.11626643076950886,0.14762249864022475,0.18808694687173308,0.08776059278301553,0.04085070364393723,0.01894866088208988,0.008774762598219556,0.004071435705080773,0.0018872170393368188,0.000869776007603232,0.00040065234223527613,0.00018381147998526034,8.432042662796151e-5,3.8462566989698795e-5,1.7545115439343555e-5,0,0,0.0,0.0,1838,1827,1825,1791,1781,1766,1751,1751,1713,1697,1683,1650,1635,1617,1603,1598,1593,1587,1582,1577,1579,1571,1577,1578,1587,1597,1603,1606,1622,1633,1645,1664,1681,1698,1720,1739,1773,1794,1817,1842,1882,1931,1985,2046,2133,2229,2282,2322,2379,2471,2585,2731,2796,2947,2962,2984,2999,2946,2922,2965,2986,2974,2959,2896,2910,2867,2856,2837,2819,2813,2748,2706,2672,2658,2636,2654,2649,2624.0,2613,2596,2577,2557,2535,2516,2503,2489,2480,2492,2513,2517,2522,2496,2532,2512,2507,2508,2538,2551,2586,2628,2634,2661,2722,2771,2782,2849,2946,2985,3010,3043,3061,3086,3086,3151.0,3181,3153,3117,2958,2933,2853,2822,2704,2684,2654,2604,2571,2542,2523,2447,2420,2377,2310,2265,2213,2173,2135,2097,2054,2027,2005,1963,1937,1919,1886,19,10,0.37756038,1
L0422151139_3F77,18.666197,29.019,26.494625,0.050066727880383514,0.9698886764744312,1,12,10.0,19.0,13.3,10.8,1,96,8,4,5,1.0,1.0,1.0,0,0,0.001255341081440019,0.0015926502107048086,0.002017034524669403,0.0024683306571338082,0.0030048831337338884,0.0035915190095933496,0.0042827460154239326,0.005039316554616192,0.00590970648624062,0.00686119837481867,0.007942565243139972,0.009071437048007249,0.010343197304237288,0.011686000961620095,0.013125693189547807,0.014625628951374143,0.016181468849418033,0.017805812848849644,0.019413036454998093,0.021097806813840197,0.02268114355440306,0.024278045947723065,0.02574943805028995,0.02727844484139947,0.028562596183738433,0.029732278081292866,0.03072432465495975,0.03164784882773405,0.03228790327590199,0.03280386038986838,0.03303079513436397,0.033060486092188084,0.032861768990945964,0.0325103993489915,0.031895689100916516,0.031075915504419186,0.030082629148826628,0.028906551958717438,0.02761355335246711,0.02620186757464638,0.024694029250071678,0.023050795298052495,0.021430402625205666,0.019808971148893698,0.018175390284900412,0.01653330501105878,0.014962079911742613,0.01344342051641138,0.012006250345290735,0.010661072488133522,0.009398005341921587,0.008232686213980548,0.007162772283892919,0.0062029667499560225,0.005329514269330805,0.0045599101576088335,0.003868451830155565,0.003266233198308417,0.002735957242391599,0.0022854858679174144,0.0018913862375742802,0.0012467966732592737,0.0015858413899413973,0.0020133553068775087,0.002470139710091499,0.003017681009935148,0.0036278588736268565,0.004369598012669765,0.005236476806222899,0.006347410801843459,0.007834629660344093,0.010102169673496047,0.013897741928773287,0.02105601324860298,0.018994904944781673,0.018464288922361644,0.01883497286798786,0.019655497311924907,0.020654688953434946,0.021608323392698872,0.022264169899320563,0.022369809007749042,0.02171341294019471,0.02003642411677268,0.01736098068448563,0.01402879180729628,0.01742322424670512,0.020161841757406603,0.021883702639977222,0.02245928041069618,0.022106559150265145,0.020848819128188548,0.018997481272970865,0.016684140100620512,0.01422449223051386,0.011713853934506942,0.009354667060547881,0.007281753912397863,0.009025122486328849,0.010999526390170216,0.013188568381399068,0.015662385642397407,0.01835182627484264,0.02144201952652903,0.025054182841094667,0.02931220474193459,0.03427969187497939,0.04043997236366462,0.0483061182331972,0.05869346293748622,0.041252485933223344,0.029360275648938325,0.02125527421562359,0.01564518852019128,0.01175711290166115,0.008965648621936932,0.006953808708759842,0.005445064176603148,0.0043089685477258645,0.0034260245021319902,0.002745278307354749,0.0021979944323361734,0,0,0.0,0.0,2451,2422,2396,2401,2401,2378,2355,2345,2330,2335,2331,2321,2315,2303,2288,2283,2271,2256,2255,2248,2258,2277,2282,2285,2296,2304,2312,2328,2342,2354,2376,2388,2421,2447,2461,2486,2595,2601,2620,2620,2627,2649,2681,2724,2798,2893,2914,2992,3034,3137,3226,3289,3355,3337,3436,3510,3511,3517,3466,3446,3434,3454,3433,3425,3418,3393,3372,3374,3401,3393,3432,3402,3431,3411,3412,3397,3332,3307.0,3285,3263,3223,3230,3240,3216,3225,3213,3189,3186,3183,3199,3223,3193,3206,3196,3246,3306,3315,3345,3383,3480,3472,3501,3697,3733,3798,3749,3780,3862,3885,3995,4062,4042,4001,3997.0,4005,3954,3852,3740,3734,3685,3646,3510,3409,3359,3336,3284,3212,3171,3131,3118,3117,3069,3026,3022,2999,2944,2914,2869,2711,2654,2599,2573,2551,2506,,,0.19417374,1
L0422152727_A87E,12.382732,12.029,12.029,-0.7591167719446792,1.0578225168111641,1,24,9.5,19.5,11.2,2.2,1,96,12,3,0,0.5,0.0,,1,1,0.01396741741872781,0.015981424891746424,0.01886754280533489,0.019766609415868528,0.021559051327745084,0.022345245243330362,0.023620093006249954,0.024399671978816283,0.025497485058680956,0.025982772585207828,0.027247515835535235,0.027094953585650915,0.028634052757265927,0.02799260208675681,0.02941404914740556,0.02868026635096069,0.029477111999064668,0.029024774665069523,0.029348865560705196,0.028587961896005,0.02890299412407842,0.02766746247592794,0.02789784590112035,0.026580001114259576,0.026376714184259336,0.02517513973064268,0.02460775070678946,0.023417906553835778,0.022689698077250433,0.021493859414259592,0.02064509409440684,0.019379573617420747,0.01834873941843382,0.017420488612346165,0.016293407344174154,0.01517322936788932,0.014053523100116537,0.013156772699223404,0.01207778342350658,0.011232231974238012,0.010229273714070775,0.009425950059683745,0.008525577329615387,0.007802851151715526,0.007006478566932224,0.006341756869711414,0.00565168274498783,0.005087390855451477,0.0044995592547359955,0.004014560681936289,0.0035240217881062253,0.0031094757262782134,0.0027124314857538885,0.0023867303461815965,0.0020681727633555663,0.001787931872372105,0.0015385492997225863,0.0013166003783435434,0.0011251403543921894,0.0009556059401246715,0.0008105752662218806,0.014314682813998747,0.01621141744393705,0.019007015496799777,0.019868251793396702,0.021637829418659597,0.022435006545506796,0.02374626352163276,0.024626459705461116,0.025991509078387702,0.027155900471377864,0.030317035831412903,0.03575826532855504,0.053641487659141465,0.03726687981997961,0.0312661976060157,0.02986692309516754,0.028762671122781747,0.028630956938822796,0.027905100304943198,0.027778196689376266,0.026382961391095847,0.02526413441050043,0.0216836556439535,0.01736174862043013,0.011183316971751265,0.015625672169312547,0.01896106780056369,0.019170173469846122,0.01796774259165932,0.0149226040433761,0.011469851151022325,0.007958428229450224,0.005001140477276069,0.0030476747908008946,0.001723567474813439,0.0009439537602999279,0.0004982277098962792,0.0007078823097901254,0.0009843269406694401,0.0014065686911670708,0.0019847750117272613,0.0028807211671821433,0.004150524446431541,0.006164578604175715,0.009122237492638463,0.013813770240516809,0.02093841468044256,0.03267308722358654,0.05142620220363698,0.030907870036986102,0.01888445381517957,0.011934696755811037,0.007774914532710285,0.005337115811453451,0.003786203763296684,0.002779428750450018,0.0021097110710884444,0.0016420292188550829,0.0013096712739644103,0.0010589967257180017,0.0008678478411198356,2,3,-2.2736731,-0.347222,1748,1747,1740,1733,1717,1707,1701,1688,1682,1683,1674,1665,1671,1674,1671,1665,1668,1676,1681,1665,1671,1670,1666,1679,1676,1679,1690,1698,1712,1730,1740,1732,1748,1772,1794,1837,1851,1851,1886,1905,1941,1973,1999,2047,2103,2151,2198,2204,2266,2316,2389,2492,2540,2678,2718,2766,2842,2917,3042,3078,3249,3312,3261,3245,3204,3206,3094,3034,2934,2940,2937,2914,2849,2918,2881,2794,2796,2774.0,2746,2676,2598,2566,2509,2483,2471,2478,2470,2470,2480,2477,2490,2496,2521,2509,2538,2570,2565,2611,2608,2660,2664,2671,2688,2681,2697,2781,2780,2781,2755,2774,2802,2810,2851,2833.0,2754,2714,2684,2664,2654,2587,2571,2538,2499,2462,2397,2338,2299,2256,2203,2177,2140,2111,2060,2021,1992,1968,1934,1912,1882,1856,1828,1800,1786,1753,4,4,0.48543462,1
L0422165605_6378,14.860491,14.196,13.9265,-0.9031184996768861,0.21131167554679203,0,0,10.166667,19.166666,6.0999999,1.8,1,96,13,5,4,1.0,1.0,0.5,1,1,3.802757466533195e-13,2.3555992995649048e-12,1.4591820644849102e-11,8.980917125737272e-11,5.5275939272691e-10,3.389113624022205e-9,2.077928880473073e-8,1.260902402440389e-7,7.646661877774665e-7,4.604084625191364e-6,2.744253009911738e-5,0.00015721452231597818,0.0008306501973811205,0.0037257690604887888,0.013240271383876635,0.03597429338217317,0.07543741702803408,0.12443277774409552,0.1630253042486864,0.17211011995938585,0.14799593977242348,0.10675951968873924,0.0664761599296628,0.038566562107054295,0.02189722506552028,0.012501700191310285,0.007136427927448593,0.0041002288951995595,0.0023557832214473316,0.0013615749521151497,0.0007869512115268136,0.0004573355013331093,0.00026577988962959905,0.00015494638697477204,9.033185979035195e-5,5.2776169170843076e-5,3.083436352878275e-5,1.8000502523997973e-5,1.0508348295632676e-5,6.117260945756321e-6,3.5610631891935312e-6,2.0753225002951488e-6,1.2094603918624536e-6,7.015174730637795e-7,4.068978495034052e-7,2.3635677097140983e-7,1.372937537926084e-7,7.959493989365128e-8,4.6144525603911706e-8,2.6699246610498062e-8,1.5448199049139598e-8,8.950182218475948e-9,5.185443916855321e-9,3.0079052953585196e-9,1.7447870897548435e-9,1.0154360553236386e-9,5.909664810621493e-10,3.45753918072158e-10,2.0228870497310407e-10,1.1847710599926154e-10,6.93901062273829e-11,3.990802592702791e-13,2.472445509209986e-12,1.5317861441750143e-11,9.42903829249945e-11,5.80417632724514e-10,3.559140480622369e-9,2.182447628537645e-8,1.3244640376376093e-7,8.032902474093825e-7,4.836900250553225e-6,2.8827959027746177e-5,0.0001650699048306353,0.0008708445355920536,0.0038927120018912966,0.013749564901265918,0.037050447028410066,0.07702310992371011,0.1259997960587535,0.16372131217745617,0.17162489877023182,0.14669696443979888,0.10534894570079495,0.06545607494448075,0.03795255505727444,0.021546311095356884,0.012301082808120742,0.0070217796768856046,0.004034341631885851,0.002317918439776023,0.0013397022278979795,0.0007743163604850494,0.0004500022229977071,0.0002615236582115319,0.00015246931762057212,8.889024459501802e-5,5.193560897701991e-5,3.0344262212146808e-5,1.771494061842043e-5,1.0341963942096623e-5,6.020552694279516e-6,3.504853242849758e-6,2.0426202301092944e-6,1.1904346801491562e-6,6.904937552921426e-7,4.0051058936893827e-7,2.3265126205841736e-7,1.351440423011856e-7,7.834990464250863e-8,4.542344712878315e-8,2.6282332596909415e-8,1.5207147376755777e-8,8.81065205532693e-9,5.104678475580959e-9,2.9611066743086008e-9,1.7176702009273358e-9,9.996789667999089e-10,5.818103776495568e-10,3.404093474263881e-10,1.9916901206012269e-10,1.1665446815156224e-10,6.832526374667265e-11,5,11,-10.230522,-12.878787,2165,2149,2125,2120,2110,2081,2065,2052,2057,2037,2016,1998,2005,1996,1990,1977,1969,1972,1973,1982,1993,2021,2035,2016,2017,2025,2036,2048,2069,2117,2175,2196,2232,2264,2288,2313,2342,2371,2401,2447,2496,2562,2602,2666,2717,2780,2837,2874,2911,2972,3018,3047,3080,3111,3101,3123,3147,3160,3153,3130,3143,3155,3192,3176,3154,3149,3131,3112,3106,3102,3080,3082,3104,3120,3133,3135,3140,3119.0,3055,3048,3059,3023,2972,2968,2969,2941,2962,2938,2972,2954,2955,2975,3014,3029,3036,3037,3063,3060,3092,3095,3148,3155,3178,3239,3306,3327,3388,3461,3558,3600,3685,3708,3752,3772.0,3756,3768,3677,3584,3554,3552,3488,3431,3403,3322,3276,3211,3164,3103,3053,2974,2889,2784,2719,2654,2600,2567,2510,2461,2373,2323,2297,2251,2228,2196,5,11,0.75512034,1
L0422184431_6CFB,15.216015,14.991,15.019333,-0.7614358669171154,0.18458423846201738,1,12,10.0,19.166666,4.1999998,2.0999999,1,192,4,1,4,1.0,1.0,0.25,1,1,1.2529547401512135e-15,7.758883472792199e-15,4.8047352736602996e-14,2.992434161248716e-13,1.8637458647318323e-12,1.1667879633365882e-11,7.304738103867765e-11,4.5581903758343925e-10,2.8443775898878503e-9,1.771117502500665e-8,1.1028346810048536e-7,6.840726235435612e-7,4.241845342145302e-6,2.5970934181404366e-5,0.0001578989982413748,0.0009278359863901699,0.005064518307863681,0.022975404630384486,0.07596042191785961,0.16194674718692542,0.21670054265106192,0.19674975732567104,0.13395265399578157,0.08021062533822026,0.04520927922172719,0.025468882949450385,0.014320251847257128,0.00833176303427079,0.004847546139395453,0.0028689145824483753,0.0016979049769053464,0.0010181255513148036,0.0006105055760702433,0.00037166151219385663,0.00022625925814841194,0.00013777562330544605,8.389561000415526e-5,5.1027648780729414e-5,3.1036494572834705e-5,1.8864464212185826e-5,1.1466134911345874e-5,6.9151202895446095e-6,4.170450147752848e-6,2.5198468028420695e-6,1.5225301570177628e-6,9.124835627366348e-7,5.468705432989679e-7,3.276410766212678e-7,1.9629646774529333e-7,1.1768684412703967e-7,7.055758277979248e-8,4.2316722211438156e-8,2.5379362042905737e-8,1.525102518572161e-8,9.164690033783732e-9,5.517006015500295e-9,3.32115839853129e-9,2.000301675273288e-9,1.2047637141320021e-9,7.263228166298384e-10,4.3788291031762167e-10,7.213243480265704e-14,4.468053745057744e-13,2.7676560821193934e-12,1.7242332890045663e-11,1.0742030453884579e-10,6.72704770647839e-10,4.2127875092472005e-9,2.6295770820336135e-8,1.641378423821799e-7,1.022337439665014e-6,6.367697221946084e-6,3.950899432194276e-5,0.0002450604830281591,0.000880797656907096,0.003145974444691152,0.010871655484151064,0.03498430452142263,0.09417828495476216,0.18767244931004573,0.24751376781941226,0.210248879959609,0.12208612537762922,0.05261781712195706,0.019578594495241058,0.006769639345572052,0.0038186106383701454,0.002147819639045673,0.0012496602821304482,0.0007270833076722839,0.00043025978612899215,0.00025461114426327084,0.00015264161444032123,9.151003827722415e-5,5.5690870808261976e-5,3.38922078882439e-5,2.063107810936281e-5,1.2558696784448857e-5,1.2530061624416963e-5,1.251075524216657e-5,1.2492665322708126e-5,1.2484639159544999e-5,1.239032780235315e-5,1.2307247610755504e-5,1.2258285403025557e-5,1.2220761183586028e-5,1.2096158417584065e-5,1.1984367830193547e-5,1.1881382121194321e-5,1.179126327181396e-5,7.069824034616675e-6,4.238939727820985e-6,2.5424877347018705e-6,1.5249684902326516e-6,9.164628601091026e-7,5.507687653185542e-7,3.3158340776888503e-7,1.9962584375193227e-7,1.2024337225802447e-7,7.242792336280671e-8,4.3669028741322026e-8,2.6329436606990623e-8,3,3,-22.121515,-27.777779,2179,2159,2143,2141,2129,2107,2101,2108,2103,2083,2068,2082,2075,2056,2046,2040,2033,2049,2029,1994,1983,1985,1991,2005,2002,2011,2008,2020,2013,2023,2045,2071,2086,2114,2154,2202,2247,2296,2342,2405,2470,2552,2610,2674,2782,2842,2878,2955,2999,3067,3152,3293,3401,3503,3603,3661,3654,3701,3638,3607,3599,3581,3543,3539,3512,3523,3554,3505,3473,3458,3490,3505,3496,3418,3415,3353,3381,3396.0,3381,3346,3334,3299,3330,3325,3340,3324,3300,3294,3297,3332,3367,3349,3392,3386,3364,3375,3355,3327,3361,3358,3355,3359,3368,3415,3459,3477,3490,3509,3495,3517,3572,3572,3583,3558.0,3556,3531,3497,3442,3391,3340,3291,3263,3206,3160,3094,3044,3002,2965,2906,2845,2811,2759,2702,2664,2603,2531,2462,2401,2362,2334,2301,2273,2236,2209,3,3,0.37756038,1
L0424113958_4D35,9.3081961,9.406,9.4060001,0.22612917711442082,1.1358322369562044,1,12,10.5,19.0,4.0,0.60000002,1,96,14,5,5,1.0,1.0,0.80000001,1,1,0.0020251334684829175,0.0032326619225602543,0.0036063948221109797,0.0043138941912561225,0.004719480422248286,0.005447109851465802,0.005945597211172646,0.0067297348454965905,0.0073511858565348765,0.008192151435010078,0.008930003417651638,0.009829415792879308,0.010669025341702748,0.011625666645546451,0.012540836817075898,0.01353702679761263,0.014505697254275012,0.015526007800432683,0.016520024640266064,0.01753816646459865,0.018517156463357578,0.019493955140278352,0.020439420904388363,0.021359862127955143,0.022216195797575198,0.02301624802369753,0.02376359125293082,0.024423112947090975,0.025027000836994058,0.02551858163163916,0.02594981559705945,0.02624988439504301,0.026489415305138004,0.026583717813488755,0.026614968516855842,0.026496302586307495,0.02632728162372575,0.026022152968406997,0.02564406821367358,0.025145180243217376,0.024586294070907927,0.02393211330781172,0.02321315450079529,0.022427888216148575,0.021579257695618997,0.020690365313337237,0.01975051148761261,0.018796596947781612,0.017798938570254448,0.016809855293268394,0.01579300368810612,0.01480879329906856,0.013805263187099395,0.012849772114919255,0.011881693403878886,0.010964292917461139,0.010064998972531086,0.009228722071378174,0.008402212661953252,0.007634285381203159,0.006898859511661243,0.002116248303184106,0.003244413101048494,0.0036572415061043267,0.004314294061127537,0.004762755684051412,0.0054551999217005084,0.005991927574176644,0.006764001591889744,0.0074458806815044425,0.008372002125777935,0.009422312600532026,0.011187909000705121,0.014611982710477188,0.013380548675597612,0.013565876295061355,0.014296593055174407,0.015237442514318342,0.016215951770764785,0.0172157034026394,0.018175971973060707,0.0191026803032117,0.019868368767672288,0.02013385972128023,0.01918651622826502,0.01639562799455175,0.020170175703171055,0.0225244264228443,0.02390303434434688,0.024798668800979536,0.025391075420897684,0.025811343368114196,0.025985982701792802,0.02588565997058867,0.025203333197869427,0.023633716073404913,0.020686454245683772,0.01654834186107149,0.019634916369816888,0.02171008631307702,0.022896521476703065,0.023534317156131183,0.023771116685402133,0.02377390205513822,0.023665810574580295,0.023531040181951998,0.02354221948702917,0.023875748608954556,0.025069146652187364,0.0280603749695672,0.021207468469781433,0.017591461544085838,0.015527079393435967,0.014077357069566435,0.012938687757236781,0.011897195694967517,0.01094991491673932,0.01003855806330888,0.009197167769394093,0.008371497449692313,0.007604249232613202,0.006870640433997276,4,2,16.736691,45.3125,1388,1379,1366,1363,1343,1327,1320,1312,1313,1318,1325,1318,1320,1308,1312,1323,1298,1297,1299,1291,1283,1291,1298,1321,1329,1338,1349,1358,1362,1363,1374,1380,1406,1418,1419,1457,1487,1494,1513,1519,1528,1560,1573,1584,1623,1624,1661,1695,1717,1716,1721,1765,1784,1795,1779,1793,1785,1756,1752,1754,1744,1734,1759,1767,1789,1791,1803,1789,1794,1795,1787,1806,1815,1798,1829,1847,1844,1839.0,1829,1821,1793,1778,1761,1736,1720,1707,1702,1717,1717,1742,1733,1692,1711,1715,1730,1751,1760,1762,1753,1761,1783,1783,1809,1832,1848,1887,1911,1922,1939,1978,2016,2033,2069,2089.0,2080,2056,2009,1982,1952,1924,1900,1852,1827,1798,1779,1771,1745,1713,1673,1651,1642,1615,1601,1599,1584,1565,1550,1537,1523,1515,1493,1488,1466,1446,9,3,0.97086877,1
L0424202459_EAC1,13.109288,13.499,13.499,0.05433793207411784,0.9628958228016324,1,12,10.5,19.0,4.6999998,4.0,1,96,1,0,4,1.0,,1.0,0,0,0.0010676645373639154,0.0014591717402357431,0.00191547725249913,0.002372136394132462,0.0029069178493377422,0.003485724724102757,0.0041541790471275215,0.004897893403445627,0.005749355245552661,0.0066755102984291164,0.007745217366070483,0.008848283321723835,0.010141971477073656,0.011425144852987587,0.0129090122165584,0.014390275931831724,0.01598313735748508,0.017621648715638802,0.01924280766185906,0.020987765298249493,0.02257662640833619,0.02430489517843792,0.025769336490700505,0.027346950781872197,0.02859360289145779,0.02999322934043684,0.03092762434296732,0.031979167242836004,0.032534333832476246,0.03316001396166147,0.03328559299110906,0.03345682109093648,0.03314324415909415,0.032842404609250656,0.032104565338460705,0.03137764096506211,0.03026376085456036,0.029156704869128514,0.027763204524136265,0.026366745430732325,0.024758657560196497,0.02321003436277554,0.021510654698700043,0.019865793969366666,0.018166927864682107,0.016557572317059108,0.014923620215866415,0.013445507228130569,0.011959327748815649,0.010627620406336703,0.009327485253189723,0.00818271541904633,0.0070841887283111405,0.0061329206255282724,0.005248895793752571,0.004471351486953003,0.0037749323603120397,0.0031757351197216543,0.0026471205515381717,0.0021948292250238816,0.0018083490693359835,0.0010664263816363953,0.001458328375824736,0.0019147627302712423,0.0023723449107087274,0.002908348231261558,0.0034912979628121035,0.00416958480504783,0.004939661926458783,0.005860068664732772,0.006971292076411305,0.008544321476575915,0.011020029173335645,0.015862382726643715,0.014855059818868407,0.015222871143816388,0.01642020393404142,0.017809812886688616,0.0194948553796723,0.02107259492775831,0.022775245293234898,0.023982527643108143,0.02470718502605927,0.024214629831674973,0.02216721148481808,0.018358199420446253,0.023334414122459096,0.026985230056913785,0.029540566265457546,0.030789355221987717,0.031335493065512546,0.03083699338316292,0.029626461479929405,0.02725320744507679,0.024100338422108184,0.020117538096481993,0.015993981051316507,0.011973572888069856,0.014298199518638565,0.016348967731934762,0.018230391831020164,0.019863727498686992,0.021496448500376988,0.022970605624192345,0.024491392669129308,0.025992906713134784,0.027704889701508174,0.029659137801654613,0.032459377813892035,0.036222902619615506,0.024510456059513186,0.017182890924383902,0.012638315888173175,0.009604077989029226,0.007572420388970759,0.006071175072461055,0.004941350181417217,0.004043781084036913,0.003330143375563089,0.0027359402428874724,0.0022460975053287435,0.0018380055340672177,0,0,0.0,0.0,2100,2067,2040,2023,2007,1999,1989,1976,1951,1946,1935,1922,1913,1899,1898,1892,1887,1879,1871,1866,1868,1854,1853,1861,1875,1884,1891,1910,1909,1915,1925,1938,1950,1960,1973,1993,2000,2013,2031,2081,2133,2255,2302,2339,2420,2439,2476,2480,2537,2569,2644,2697,2731,2767,2799,2854,2946,3016,3072,3172,3172,3219,3212,3221,3215,3193,3202,3170,3224,3233,3247,3235,3223,3191,3193,3169,3135,3111.0,3065,3036,3009,2951,2940,2961,2976,3002,3051,3064,3084,3096,3071,3076,3043,3062,3079,3099,3109,3148,3171,3219,3248,3271,3287,3378,3475,3455,3483,3462,3421,3407,3381,3360,3340,3281.0,3274,3273,3269,3290,3282,3294,3246,3182,3142,3067,3053,2984,2913,2841,2800,2765,2724,2673,2615,2575,2510,2482,2436,2381,2336,2280,2230,2211,2172,2118,,,3.3980434,1
L0425080947_D174,22.632996,34.957,34.957001,-0.9106590783512918,0.9432738138810283,0,0,10.0,19.0,4.3000002,1.0,1,192,3,2,1,1.0,1.0,0.0,1,1,0.011794810452727782,0.014821072790715371,0.017799985033629232,0.0203966425345861,0.022690792430115812,0.024662504839709668,0.02635146316034328,0.027824360516642423,0.029120944453755026,0.030252478745217713,0.03118456559069329,0.031964762890685804,0.03256277632245539,0.03300833623967263,0.033275798926975284,0.03338442355791337,0.0332959415419095,0.033043014361052024,0.032628306475253624,0.03206181712297551,0.031353600703991465,0.03051815289814177,0.029545561020013104,0.02847404213247143,0.02729627437239341,0.026055141031839386,0.024733518489967146,0.023381764872458723,0.021972731029392394,0.020560002429947242,0.019139596142876487,0.0177530242951661,0.016367245203306357,0.015035806830979779,0.013725735022315031,0.012482024871405,0.01128484425808342,0.01016341675168992,0.009099804151215758,0.008112840800714897,0.007194127112819734,0.006353533036600958,0.005580939404414925,0.004884623219665602,0.004249910238441872,0.0036822826636315775,0.0031737300435747268,0.002725385683440331,0.002326964343226893,0.0019781696315531376,0.0016727565094901387,0.0014081624181116268,0.0011795274747806433,0.0009845367695074053,0.0008172086687764653,0.000676006513210098,0.0005560733869640825,0.0004560798940086105,0.0003719517281942777,0.0003029533685440848,0.0002451525956450061,0.011876199020906883,0.014905008712166476,0.017870623364819236,0.0204574947243525,0.02273993587045918,0.02470292150392238,0.026384987363718873,0.027853652269981464,0.029145612240735766,0.030272727025385863,0.031201928606891093,0.0319786123035382,0.03257408868941992,0.03301647282047525,0.03328124712930968,0.03338606735799933,0.03329519289535264,0.03303959765124494,0.032622242856266845,0.03205360538988717,0.03134267117619303,0.030504898007552426,0.02953007936888829,0.028456889317804126,0.02727722998478275,0.02603482805182963,0.0247118012414362,0.023358968079959144,0.021949349501427025,0.020536734389658404,0.019115977316483984,0.017729337168386965,0.016343897604606947,0.015012676915322517,0.013703480933050044,0.012460579826732486,0.011264441098252746,0.010144003375264181,0.009081648944742426,0.008095935084128578,0.007178503648399564,0.006339174324526038,0.0055678106933211785,0.00487261170862358,0.004239105155605429,0.0036726151867771234,0.0031650948185673804,0.0027176913253218536,0.002320200424822864,0.0019722392239123663,0.0016676059744862677,0.0014037175894537355,0.0011756980252190952,0.0009812489268336965,0.0008144112971160109,0.0006736324088771929,0.0005540743634770447,0.000454403595184397,0.0003705502858313855,0.0003017801255578853,0.0002441857147502342,8,1,53.055351,68.229164,3039,3031,2976,2953,2931,2945,2958,2962,2981,2998,2984,3001,3017,3044,3034,3006,2954,2947,2886,2904,2940,2872,2862,2827,2807,2815,2841,2882,2917,2930,2946,2958,2966,2972,2991,3014,3045,3075,3101,3127,3156,3215,3278,3318,3377,3411,3496,3543,3569,3601,3618,3640,3676,3684,3701,3721,3770,3819,3868,3911,3923,3955,3975,4008,3981,3974,3993,3974,3975,4001,4037,4091,4119,4121,4103,4092,4054,4048.0,4039,4042,4034,4002,4008,3981,3947,3923,3903,3879,3900,3892,3923,3938,3982,3986,4006,4003,4051,4077,4082,4073,4088,4113,4166,4207,4267,4279,4344,4376,4445,4468,4539,4561,4524,4522.0,4500,4468,4426,4364,4299,4241,4235,4221,4133,4067,4049,3976,3922,3841,3754,3689,3627,3557,3531,3485,3425,3390,3330,3280,3243,3207,3175,3139,3113,3101,14,1,2.6865437,1
L0425085646_7A74,25.0739,47.439,41.093006,-1.0199710120043692,0.31917068385194103,1,12,9.833333,18.5,7.1999998,1.2,1,96,14,5,5,1.0,1.0,0.0,1,1,9.190641513602576e-8,2.761551747480202e-7,8.297412055387231e-7,2.4828181575942075e-6,7.426746265176285e-6,2.2063082026435522e-5,6.540435119398211e-5,0.00019115185729127248,0.0005528588049055429,0.0015587286005268024,0.00422451778250158,0.010602310594371807,0.02409107733644272,0.04768461217626563,0.07993640979759224,0.1120233965447979,0.1307335615434152,0.13011484424536202,0.11265644051390891,0.0892787102735239,0.06701427728819885,0.04964474111631367,0.03653500971475881,0.02699283408746729,0.019940060717302185,0.014726211741024044,0.010875669179861155,0.008060007536086801,0.005973316326957023,0.00439117451883859,0.003228093973025496,0.002377122091914612,0.0017504800573599855,0.0012832527935124393,0.0009407353945799878,0.0006863687336675472,0.0005007807264643455,0.000364586250531018,0.00026543185405887316,0.00019283596806363252,0.0001400951461674175,0.0001016492693542951,7.375398073616976e-5,5.345928308822173e-5,3.874902841436846e-5,2.8084130570669153e-5,2.035453440611547e-5,1.478255986031505e-5,1.0735892833214155e-5,7.798743682839356e-6,5.665146867826163e-6,4.12901021523496e-6,3.009406421764292e-6,2.2008879914055925e-6,1.6095897923058575e-6,1.1795864237636194e-6,8.644592804989915e-7,6.346748666327348e-7,4.6597039938156304e-7,3.423019908195632e-7,2.514553064126369e-7,4.954158444502328e-7,1.4881257079763077e-6,4.4698588080583045e-6,1.337132728566866e-5,3.9987196027984855e-5,0.00011877579216276106,0.0003521195467942019,0.0010296261867282516,0.002982000879167997,0.00843300211876994,0.022993535465810483,0.05832210705701786,0.1348382819119028,0.16665706630244212,0.17642338913600378,0.15737745823479482,0.1172932441504455,0.07423016931601979,0.0405075088326128,0.02001037181767584,0.009282612121503586,0.004229383289588712,0.0019111223879258617,0.0008666461644926357,0.00039295508594170396,0.0002901392503310869,0.00021422507373531786,0.0001587208420777442,0.00011759749840709185,8.643329549006811e-5,6.352786762914556e-5,4.677137334916968e-5,3.443469522052653e-5,2.523948682935294e-5,1.84997117317257e-5,1.3495969554206276e-5,9.845625189983105e-6,1.1675430694397087e-5,1.384665307485619e-5,1.6388894758376318e-5,1.939980072215549e-5,2.2937106477024725e-5,2.712210772298516e-5,3.2041425480388607e-5,3.785684502661481e-5,4.4728510680833575e-5,5.285300763869979e-5,6.258699310197911e-5,7.412172660631428e-5,5.3841201350082666e-5,3.9109656200894926e-5,2.8503227877886985e-5,2.0773237346027952e-5,1.519108795747777e-5,1.1108968275180776e-5,8.140502471694064e-6,5.9652533658751125e-6,4.3791966054666235e-6,3.2148464383205768e-6,2.361395868163881e-6,1.7345132372240929e-6,15,12,-22.572332,-23.229166,3553,3527,3519,3497,3482,3471,3459,3422,3408,3387,3404,3381,3376,3356,3354,3336,3345,3335,3315,3323,3321,3321,3353,3371,3396,3421,3434,3438,3455,3487,3512,3565,3623,3694,3621,3663,3750,3762,3815,3888,3934,3982,4044,4121,4155,4236,4368,4494,4619,4659,4611,4575,4561,4580,4603,4597,4567,4526,4461,4479,4460,4465,4461,4469,4472,4465,4465,4469,4454,4430,4414,4408,4425,4420,4391,4371,4343,4335.0,4329,4313,4284,4289,4282,4284,4283,4268,4271,4241,4232,4229,4256,4250,4272,4308,4293,4309,4327,4330,4355,4405,4459,4498,4547,4604,4679,4727,4746,4709,4753,4765,4794,4807,4848,4860.0,4853,4778,4762,4735,4678,4631,4579,4516,4488,4431,4369,4341,4287,4241,4198,4182,4141,4095,4058,4058,3994,3996,3954,3898,3816,3759,3698,3654,3620,3570,15,12,0.27184331,1
L0425195539_D949,24.769831,23.684,23.684,0.08655796475707805,0.9733945272833894,0,0,9.5,18.5,8.0,2.0,1,192,6,1,3,1.0,1.0,1.0,0,0,0.0010326060173788312,0.0013766477697371088,0.0017759069500123362,0.0022197746698543724,0.0027281775774513047,0.0032990872566968036,0.003952706439230009,0.0046817151006340344,0.005513787804103549,0.006426175155825375,0.00745731381583052,0.00856595968589963,0.009800500837958345,0.011105737842918014,0.01252497578925849,0.014005027722261929,0.015567176377014425,0.017167624901729146,0.01881701010323883,0.020460615033108278,0.022122333897989104,0.02371546513063381,0.025298229109445045,0.026736629674301435,0.028138041603875306,0.029329859753535085,0.03044579488895038,0.03132273986504824,0.0320474447049068,0.03255661758779901,0.032867758733011794,0.03295520679950953,0.03277684749097911,0.03247758812358292,0.03189759202936804,0.031153343156917555,0.03017917527723756,0.029127829400539,0.02785215949105223,0.02653790890402614,0.025056800738839587,0.02356265501884401,0.02196492672994701,0.020394330373162885,0.018779853869569648,0.01720983598303611,0.01564564269021464,0.014170897154337463,0.012734352724714263,0.011386549250198915,0.01010476072753231,0.008937570982498465,0.007841563742626949,0.0068544855712678356,0.00594682544391879,0.005132635252956091,0.0043996505298270466,0.003753459243160797,0.0031814027679967056,0.002679964652344297,0.0022447440801567587,0.0010430204289498754,0.0013878023800084575,0.0017874118348194074,0.0022317827866323824,0.0027410317793878937,0.003313041460041696,0.003968227961835824,0.0046989580281436225,0.005533143854082766,0.00644777305273337,0.00748114770704558,0.008592275630893174,0.009829152012005427,0.011136930869771732,0.01255807161892213,0.014040179333434238,0.015603792110411019,0.01720544473473807,0.018856078291455657,0.020499983305044097,0.02216220139408847,0.02375458186364143,0.025336844308500448,0.0267735871187808,0.028173236156508293,0.029362731086121457,0.030475443599082736,0.03134934687326225,0.032068418991666625,0.032573466295594496,0.03287981895297291,0.032962642859710505,0.03277489751057963,0.03246997268312738,0.03188529178378334,0.031136281300468086,0.03015576722281774,0.0290996014322013,0.027818992081091214,0.02650118448519919,0.025016899578665742,0.02352074931940653,0.021921271556761938,0.020350227790782202,0.01873593840546407,0.017166638343781175,0.015603197403160157,0.014130168755289482,0.012695775499013151,0.011350236847432426,0.010070555975688686,0.008905917082994695,0.007812464384390487,0.006828122007305887,0.005923196874401936,0.0051115948163590694,0.004381025432267122,0.0037371405788010374,0.003167249179963069,0.0026677608175440484,0.0022343121709724185,0,0,0.0,0.0,2190,2170,2169,2163,2129,2119,2108,2095,2090,2085,2071,2058,2053,2046,2037,2030,2022,2020,2004,1999,2001,2003,2010,2040,2039,2038,2041,2068,2088,2105,2141,2147,2178,2231,2262,2232,2237,2249,2262,2286,2329,2375,2432,2519,2560,2575,2585,2594,2610,2635,2707,2754,2865,2935,2995,3040,3035,3012,3066,3162,3212,3236,3268,3331,3300,3278,3245,3179,3170,3178,3158,3119,3128,3121,3109,3103,3064,3056.0,3029,2991,3015,2998,2966,2988,3001,3008,2984,2983,2987,2999,2994,3002,3011,2979,2985,3002,3036,3060,3114,3145,3215,3255,3305,3349,3399,3421,3488,3551,3555,3588,3716,3798,3828,3850.0,3849,3833,3778,3756,3716,3651,3596,3447,3369,3276,3143,3077,2994,2969,2908,2866,2821,2795,2776,2704,2619,2572,2545,2507,2427,2392,2342,2306,2272,2233,,,0.48543462,1
L0426084835_BA55,3.6968825,3.132,3.1360555,1.182456169239654,0.3667596229046008,1,24,9.5,19.0,9.8999996,2.3,1,192,12,4,5,1.0,1.0,1.0,1,1,4.75411972647717e-28,5.726824049381808e-25,6.8303821348166485e-22,5.374017692924527e-20,5.5222453139776036e-18,6.3641462150236724e-18,3.910571753876233e-17,8.229352638661123e-17,4.142285058869684e-16,2.4496754940587e-15,1.4363793644506715e-14,8.036751310280925e-14,4.261661730004631e-13,2.1401680854903347e-12,1.019395509918925e-11,4.590943566234434e-11,1.9572081775166168e-10,7.896928983939394e-10,3.016645440942031e-9,1.0911810345822032e-8,3.738640235057733e-8,1.2117599132414283e-7,3.7397219966517724e-7,1.0896785808677335e-6,3.0510130285012338e-6,7.983929131342554e-6,2.0537243017578988e-5,4.814103631036325e-5,0.00011471771068522151,0.00024285723225931914,0.0005296072137701019,0.0010054000087303262,0.0020119235144718597,0.0035300504517679497,0.006273468128685989,0.010011590276377824,0.01610434318526654,0.023476431030738754,0.033822626610805845,0.045067208572096465,0.057846933602533755,0.06979523699709247,0.08049665383129104,0.0876703827918802,0.09079973998993739,0.08919959952879213,0.08314330198017178,0.07365219638517463,0.06202446308987458,0.04966163266493708,0.03777439758268306,0.02729101304708459,0.018778183399875633,0.012293803292281118,0.007658769374468113,0.004530026071005873,0.0025542126607305767,0.0013666365133464641,0.0006971722386358809,0.00033796684806517926,0.00015610376718324685,4.291352860377095e-27,5.17126371793157e-24,6.169424337328959e-21,4.303138730075399e-19,5.4969534013200455e-18,8.340981373327561e-18,4.152311377328869e-17,1.0238214423293932e-16,5.369542347251486e-16,3.180665327032134e-15,1.8777315751614056e-14,1.1402505980108142e-13,9.058637399401976e-13,3.873903298393072e-12,1.668814180869066e-11,6.91278454825136e-11,2.741906701250966e-10,1.0429356340846515e-9,3.8048122931452235e-9,1.330638558724798e-8,4.4576165483095624e-8,1.4259458794871486e-7,4.355448711315851e-7,1.2373653812255806e-6,2.8307303208499253e-6,7.927544129720541e-6,2.0479272955526032e-5,4.803155473285429e-5,0.00011449206391076565,0.00024243822312153778,0.0005288052533036106,0.0010040264609495284,0.0020095445578361625,0.003523357638956679,0.006221888926838755,0.00942953489871094,0.01180260320176871,0.01996345164940784,0.029766345176193084,0.040695713035780054,0.05300442015866409,0.06517680370433275,0.07628135358651952,0.08478609753828206,0.08948134257202323,0.09007604799232755,0.08683166405140712,0.0818281227660399,0.08246151446760132,0.05207838306198873,0.03778712306850706,0.02705335222020378,0.018569339529595486,0.012143226043897474,0.007558285367396872,0.004466540535546888,0.002516345368069375,0.0013452856320949782,0.0006857893330423532,0.0003322401404279665,0.00015337407305209076,0,0,0.0,0.0,503,505,498,491,479,474,472,478,479,483,481,482,482,479,477,475,484,481,484,459,458,454,454,454,456,466,466,465,470,466,469,469,476,487,493,496,496,501,505,505,513,519,522,533,548,554,566,588,604,620,639,635,652,700,725,745,770,794,774,788,804,796,767,749,742,732,717,710,700,693,695,700,695,698,692,693,687,681.0,689,684,675,676,671,667,667,666,668,658,657,657,659,663,652,653,650,655,656,657,661,654,662,665,666,673,679,677,682,679,685,692,692,698,717,719.0,724,728,720,716,716,713,708,699,692,693,679,662,660,646,637,630,619,605,594,585,573,569,553,540,541,533,529,519,516,511,15,7,0.75512034,1
L0426143204_CA92,10.680469,11.45,11.705334,0.03763843279878398,0.7810501726642328,0,0,10.5,19.5,1.7,5.5,1,96,15,5,5,1.0,1.0,1.0,1,1,0.00018210857575748536,0.00029801745363192963,0.0004315170449674529,0.0006058087683238314,0.0008238107051531694,0.0011067121226231197,0.0014682346593066081,0.001922144837291811,0.002492635263844144,0.003188295177323347,0.004040582850551701,0.005053309899175288,0.006261867036994635,0.007656995839313162,0.009271464933808824,0.011085142873402518,0.013115988320139648,0.01533909124821231,0.017754479190834796,0.020296760798190486,0.022934566288674574,0.025647072643685695,0.02837228549609114,0.031021425068433972,0.033528004132286855,0.035839965494987594,0.0378680943554144,0.03958609879139629,0.040914538673448735,0.04182220855908938,0.04226447022018297,0.042241183777036104,0.04173575547372048,0.040787119940039314,0.03939845709694361,0.03765307613761811,0.03557369329311749,0.03324542788430447,0.030699824222877297,0.028053137064749087,0.02534052975665349,0.02264770427408739,0.020004426125235442,0.017481366107539444,0.015099811232192015,0.012903919746676278,0.010902446158357284,0.0091123578454591,0.007530277621648918,0.006155209145287536,0.004976339735129728,0.003979141616651193,0.003147830499577345,0.0024620851676676932,0.0019051382082437333,0.0014570726666912625,0.0011032209221718526,0.0008257410156070872,0.0006117408862096884,0.0004477268053155948,0.0003245422506542331,0.00018480380362648446,0.00030332643780178704,0.0004349596231941044,0.0006113789777142595,0.0008297345436719796,0.0011150041392462113,0.0014785071039649387,0.0019351093455380285,0.002509066611181351,0.003207958976568882,0.004065107901174149,0.00508177631737516,0.006296430207637976,0.007695622983909181,0.009316946591331044,0.01113464920192338,0.013172141516931244,0.015399371858330079,0.017820175411620117,0.020363207036403534,0.023003914417770468,0.02571928447523248,0.028443297117714383,0.03108822792970527,0.03359057945318969,0.03589726973821558,0.037916247795637396,0.03962801463233393,0.04094390949460177,0.041840949835796844,0.04226987930756384,0.04223491214252258,0.041715967827432546,0.040757432020141725,0.039356050771295954,0.03760484084063534,0.03551484166189051,0.03318240830552475,0.030630011032186537,0.027985203541531684,0.0252687103775385,0.022578797522206345,0.01993575044207404,0.017417792538921582,0.015039042662558838,0.012849348095149189,0.01085225543921212,0.009068014540510467,0.00749111803453208,0.006121401716020021,0.004947544645934087,0.003954643110623633,0.0031277222881073807,0.0024452347846888366,0.0018917673810402587,0.0014462404606932044,0.001094837758045835,0.0008190336759312963,0.0006067132139177942,0.0004438215648761903,0.0003216888173513533,14,6,1.7193553,0.69444364,1695,1679,1677,1673,1662,1648,1634,1631,1637,1634,1629,1633,1630,1635,1643,1629,1630,1622,1625,1611,1607,1593,1591,1584,1589,1595,1600,1613,1629,1633,1642,1654,1679,1705,1723,1743,1774,1827,1874,1899,1922,1926,1939,1944,1969,2001,2028,2055,2085,2112,2142,2146,2121,2118,2115,2104,2132,2119,2105,2106,2101,2099,2095,2098,2105,2098,2111,2125,2086,2084,2075,2082,2080,2083,2126,2118,2108,2112.0,2094,2092,2086,2080,2071,2053,2056,2046,2065,2076,2095,2118,2082,2081,2088,2079,2075,2080,2090,2138,2140,2133,2124,2136,2121,2136,2160,2197,2232,2264,2302,2297,2322,2338,2352,2346.0,2332,2316,2311,2297,2298,2284,2265,2251,2207,2182,2195,2163,2119,2066,2055,2015,1980,1951,1908,1871,1841,1812,1794,1777,1749,1731,1726,1703,1701,1686,27,13,1.3592167,1
L0426160429_A7FD,22.003895,24.307,24.306999,0.09843093862324402,0.9683885947838136,1,24,10.5,18.833334,6.4000001,0.69999999,1,192,10,3,4,0.69999999,1.0,0.5,0,0,0.0009250000401550131,0.001271684100325904,0.0016761683381452384,0.0021193554114972467,0.00262254008875252,0.0031844754375475624,0.0038255006384621203,0.0045437204607646445,0.0053541300164716065,0.006255901751116523,0.007256304966173694,0.008356567426227349,0.009553882560256622,0.010848729901829512,0.012229140106129478,0.01369314436723743,0.015226466190664525,0.01682051867709454,0.01845162692923164,0.020105189092065094,0.021753277234866773,0.02338104458309281,0.024959879522666185,0.026470782163509995,0.02787087776753556,0.02915211087563593,0.03028022452253203,0.031247920396539033,0.03202077505965877,0.03260569258845918,0.03296197719723677,0.03311628853503322,0.03302947531832423,0.032746197215980474,0.03222146943385432,0.03151877070425451,0.030602146415006165,0.029537163259931682,0.028297284393249522,0.02696257779701081,0.02549215336229833,0.023965490660736017,0.022363299841522973,0.020761514102823786,0.01912248252104731,0.017526984087810178,0.0159365890782478,0.014413561135003802,0.01293723218844039,0.01155037876609636,0.010234802230759905,0.009019553053841204,0.007891062315941819,0.006862410730092,0.005926468830766952,0.005088651351935243,0.0043398305069227115,0.003675800383842577,0.0030941923219516975,0.002588973236524835,0.002152587808868096,0.0009472401606044691,0.0013026576783535001,0.001720125599018007,0.0021861025607865527,0.0027294617044791394,0.0033647656489146985,0.004142373610018571,0.005127142202759945,0.006484695743248806,0.008579009622630022,0.012330670134683178,0.020050598676270875,0.03760992488146456,0.029848859432170676,0.025654072675041956,0.022914135358522866,0.020647277759609037,0.01835422697186262,0.015778778317081174,0.012831423866505789,0.009618276622241004,0.006444725032734356,0.003757703571337698,0.0018811057379071235,0.0008148877777692706,0.0008312850315466106,0.0007738485012738944,0.0006761201951486985,0.0005648473321386679,0.00045752398873003355,0.0003615592879254512,0.0002807288584346459,0.00021456832161714302,0.00016223953484851764,0.00012129742747102395,9.004913636979257e-5,6.627388592977569e-5,0.00012862727776453617,0.00024802261960495836,0.0004772594080082749,0.0009133635291982713,0.0017428163432600939,0.00331170537406173,0.006291643711483096,0.011915112921525639,0.022596278279081887,0.042777709741847886,0.08107945950652201,0.15379399438231287,0.11012236942415932,0.07912439950020048,0.057174352230381094,0.04154079698354258,0.03035245908789626,0.02232327868785068,0.016534295309651857,0.012329416204722733,0.009235670624180275,0.006963177233128863,0.0052795476925003885,0.004023661079664159,0,0,0.0,0.0,2233,2210,2200,2188,2198,2224,2267,2255,2272,2235,2216,2213,2201,2177,2202,2210,2180,2169,2166,2161,2149,2195,2173,2156,2150,2155,2189,2208,2239,2210,2243,2237,2218,2236,2233,2241,2253,2276,2303,2325,2359,2390,2421,2460,2493,2511,2553,2581,2604,2615,2626,2651,2657,2679,2714,2717,2732,2722,2724,2726,2715,2724,2734,2751,2784,2816,2808,2797,2782,2774,2776,2766,2760,2731,2727,2726,2711,2731.0,2732,2718,2694,2704,2696,2688,2695,2689,2700,2708,2709,2704,2705,2712,2710,2721,2710,2709,2717,2758,2779,2766,2746,2767,2778,2789,2783,2803,2838,2874,2871,2899,2904,2940,2977,2980.0,3000,2971,2959,2945,2913,2900,2847,2806,2774,2747,2717,2697,2682,2654,2620,2575,2538,2510,2482,2449,2427,2409,2389,2353,2339,2315,2282,2258,2255,2242,,,0.370024,1
L0426194106_A70E,16.963621,17.153,17.153,-0.9223916623941903,0.3107484680889883,1,12,10.0,19.0,16.9,-2.0999999,1,96,15,5,4,1.0,1.0,0.0,1,1,3.4276320324359123e-9,1.8325654091940007e-8,9.783163168381192e-8,5.242683138852369e-7,2.7460016582430975e-6,1.361818482030372e-5,5.912330063917954e-5,0.0002125361135401283,0.000645081003472854,0.001738346471022797,0.004114337147695948,0.008639963833554103,0.016484238441041597,0.028351659578438892,0.04488305353382302,0.06419151257458018,0.08509536556984809,0.10207524414079376,0.11295405451991099,0.11369063149249316,0.10498474905912168,0.08919249919440138,0.06966524154273394,0.05131735646057697,0.035128267277763116,0.023236698705180955,0.014739229332776849,0.009578190584000204,0.00621417373636272,0.004113216909759186,0.002722669336107419,0.0018434124784929304,0.0012481816874522556,0.0008649368511406369,0.0005994274933539291,0.00041930751321525935,0.00029334969556937026,0.00020659512949967678,0.00014551990072240857,0.00010238729224071127,7.205124471954089e-5,5.007628342145942e-5,3.480853071171434e-5,2.419044916404425e-5,1.6813920246992734e-5,1.138454468101354e-5,7.709131732319265e-6,5.20335291562416e-6,3.5123935405018423e-6,2.3300694891985036e-6,1.5458352254384214e-6,1.0067751042987017e-6,6.557197713730081e-7,4.232191465580215e-7,2.7316443585746653e-7,1.7469736345771788e-7,1.1172651681840664e-7,7.1033476066867e-8,4.516223258427744e-8,2.8641137492739962e-8,1.8163931128394923e-8,4.46844978723266e-9,2.3892981392168408e-8,1.2758078472431372e-7,6.841648357483073e-7,3.5917833866495554e-6,1.7938356542926978e-5,7.929019395281314e-5,0.0002960605143370192,0.0009577184066196198,0.0028216796365511726,0.007598308082393333,0.019015286212026097,0.044894926674264986,0.06384693017369766,0.08458822342000723,0.10403456691230233,0.11781556408605288,0.1226256494920455,0.11639936763838571,0.10038641652229442,0.07808274124924956,0.05440752880997925,0.033760759369827,0.018370494214802722,0.008926531395102038,0.006350738102083495,0.004106608351443541,0.0026738410409560174,0.00173467186012492,0.001148017064614283,0.0007597886483741814,0.0005143130455501553,0.0003481667497790382,0.0002411965619941149,0.00016710762515220054,0.00011685577660602704,8.17251593167105e-5,9.28601828962128e-5,0.0001055137876924173,0.00011974285136943797,0.00013589269095549216,0.00015230933277060902,0.0001707130750512762,0.00019127512051280972,0.00021431858699466597,0.0002340009415229325,0.0002555024974203508,0.00027807699876312156,0.00030266020714662175,0.00020045785646285872,0.00013277161208854126,8.636390970008313e-5,5.617818777251996e-5,3.62200428126379e-5,2.335265150617927e-5,1.4921656217894512e-5,9.534585028102221e-6,6.057345434120164e-6,3.848271584913188e-6,2.438799995888394e-6,1.545571433145623e-6,25,8,-34.535149,-37.21875,1791,1775,1755,1751,1740,1721,1721,1706,1693,1687,1689,1679,1680,1669,1661,1658,1656,1661,1667,1681,1680,1674,1661,1682,1689,1718,1728,1733,1775,1810,1807,1809,1846,1850,1855,1847,1839,1846,1832,1844,1828,1846,1884,1912,1963,2005,2095,2306,2460,2603,2677,2702,2754,2795,2906,2950,3008,3005,3028,2988,2911,2884,2802,2706,2692,2606,2508,2438,2365,2319,2345,2330,2347,2342,2327,2321,2303,2304.0,2251,2210,2198,2195,2192,2166,2167,2188,2189,2208,2188,2183,2199,2223,2246,2252,2228,2283,2317,2315,2347,2388,2475,2516,2677,2711,2698,2749,2812,2874,2894,3003,3000,3063,3061,3043.0,3020,2952,2931,2886,2837,2833,2713,2644,2598,2566,2480,2377,2338,2292,2257,2198,2106,2126,2162,2136,2109,2067,1978,1989,1975,1914,1892,1883,1854,1819,25,9,0.48543462,1
L0427082821_EE6B,24.398325,24.536,28.225277,-1.0051147198411399,0.7560344974518627,1,24,9.833333,19.0,7.4000001,2.7,1,192,14,4,4,1.0,1.0,1.0,1,1,0.00620454502332658,0.008561777364400306,0.011231158214135192,0.014017346608576446,0.016895072562299652,0.01986479406196472,0.022831878463588515,0.02586374700882337,0.0287407223433322,0.03166382440300495,0.03428904916068662,0.03689524743563483,0.038876821018267664,0.04069319000849378,0.04183511209125607,0.04298987522179275,0.043189689489272876,0.043358021990002917,0.042521492975327146,0.041855035027979715,0.040153401817210756,0.038672583797886004,0.036309546999284265,0.03421294422140781,0.031382064007255864,0.029102998971520206,0.02634039951856612,0.02375351097015109,0.020958441730433024,0.01869841824438913,0.016345425339356418,0.01432891415802938,0.012383015264454449,0.010681026239646254,0.009116232172225153,0.007801164409546891,0.0066298094055790464,0.005588942474646736,0.0046971514645153135,0.003915164559453592,0.0032555965652631583,0.002682511907128646,0.0022083108049244598,0.0017833054778962994,0.0014392417129792982,0.0011574465086420186,0.000929960194669808,0.0007266126704026058,0.0005677735362725273,0.00044095640312607034,0.00034229335611050157,0.00026225073913362426,0.0002008000688094974,0.00015168642246689567,0.00011461183999900238,8.646651696834553e-5,6.522480810819735e-5,4.914555336200919e-5,3.704815249765833e-5,2.80063871226226e-5,2.1194136393143535e-5,0.006324283427969274,0.008720399838336786,0.011433126986133278,0.014301213687555265,0.017330062094897458,0.020604722959185886,0.02419066639647605,0.028501105989178373,0.034054499369361724,0.04257783923481993,0.056930681052718125,0.08395779442171004,0.13650629641886972,0.08615109318276676,0.056265221590057826,0.03653573214846055,0.022791863254571845,0.013381864625097157,0.0072337857376058605,0.0036153041620199554,0.0016433450919617059,0.0006959684081486828,0.000271029721019636,0.00010086614445806128,3.532665927878886e-5,3.252272921268789e-5,2.8595708942598623e-5,2.4702808204906095e-5,2.0742052320093305e-5,1.7625904943632573e-5,1.471535596970971e-5,1.236848211297456e-5,1.0284852537160356e-5,8.574835105384973e-6,7.111398970430765e-6,5.944832269820655e-6,4.955626077913143e-6,1.0961957885446195e-5,2.4263247216641582e-5,5.3465198719188644e-5,0.00011799862100590504,0.0002589944567652852,0.0005696557094382237,0.0012324542762720172,0.0026730472710626086,0.005797812937800848,0.012610089842229413,0.02675609243063665,0.05693666407709651,0.04405431175354582,0.034086651452922355,0.02605125554727656,0.01991002558668254,0.015012915131828447,0.011320367333859584,0.008521994136960268,0.006415386033160545,0.004824076084820518,0.0036275138544343524,0.002732868514767552,0.0020588973542865607,19,4,-23.499683,-32.620613,3172,3162,3171,3164,3123,3103,3103,3074,3050,3037,3011,3009,3004,2977,2970,2976,2949,2925,2908,2908,2913,2915,2930,2942,2944,2968,2982,3005,3034,3060,3073,3094,3129,3181,3246,3293,3342,3426,3550,3660,3815,4062,4386,4516,4698,4862,5003,5109,5323,5657,5828,5960,6088,6090,6129,6148,6257,6281,6165,6046,5904,5759,5606,5545,5494,5335,5265,5157,5142,5157,5097,5085,5028,5020,4986,4936,4877,4881.0,4807,4749,4691,4641,4583,4516,4496,4480,4504,4537,4552,4574,4542,4519,4534,4618,4699,4780,4792,4845,4938,4893,4871,4854,4839,4827,4891,5002,4993,5053,5156,5243,5308,5347,5411,5483.0,5434,5419,5303,5224,5109,4973,4983,4889,4769,4659,4533,4432,4373,4312,4212,4114,4018,3963,3892,3845,3760,3638,3564,3505,3434,3394,3327,3270,3218,3192,25,12,0.41304442,1
L0427115643_8306,10.636723,10.054,10.280916,0.04010002027495159,0.9610101355293388,1,12,10.0,19.5,5.3000002,1.8,1,96,4,1,2,1.0,1.0,1.0,0,0,0.0010863521202233695,0.001591372002949705,0.001985194495285846,0.0024712350881253213,0.002980677536025137,0.003576550440327189,0.004244232471040871,0.005011821454262093,0.005867326854608064,0.006831032962560803,0.007881971334740317,0.009036379808944705,0.010301511522536165,0.011659780339719478,0.013113299016336394,0.014632992561029021,0.01623229933057062,0.017865562207684507,0.01954552128593131,0.021229146400473544,0.022899091176684344,0.02453057724526649,0.026096041707930902,0.027587504923593187,0.028941522307450198,0.030177962354817605,0.031225561485484516,0.03210460785800268,0.03277149468703626,0.03326647423949214,0.03349007261449856,0.033478174133683355,0.03325035182896429,0.03277789401674951,0.03211367047307653,0.031233613144411445,0.030182186474451783,0.028945191144085194,0.02758927326993075,0.02610041723052615,0.024537279479158233,0.02290122365091752,0.021235189459334645,0.019548657954186067,0.017878414004752253,0.016250216842282218,0.014658829886413682,0.01313341388007842,0.0116851866122687,0.010333639112415355,0.009069121908698121,0.007912987410317426,0.006850514111201941,0.00589582808091824,0.005035040183506981,0.004274658996137667,0.0036012474515273807,0.0030162310583505777,0.002506861865058962,0.002071192556938105,0.0016983239460271371,0.0011084657556094599,0.0016042581148084684,0.001999053739336898,0.002483740460615663,0.0029953364715379757,0.0035947350602479615,0.004269522611785582,0.005055457136636764,0.005953157513064854,0.00703872075071375,0.008439319251446682,0.010646310980636925,0.014891235046473522,0.014207211616730359,0.0148601381182197,0.01614504647384272,0.01769817128444543,0.019339837642630506,0.021003028323787164,0.022610286269878477,0.024099722727379945,0.025218949361974746,0.025455520487444653,0.023978032544929417,0.020322691124294797,0.02535489224840622,0.02878891585874752,0.030899173586598692,0.0321294984444733,0.032813704466647144,0.032950277239728515,0.03256301996603429,0.031487796065864,0.02944812835817098,0.026227599841989243,0.021811363612011553,0.016741160944823426,0.019581728540021312,0.021572685136385304,0.02276692244730542,0.023371271103432997,0.02354357274789905,0.023397755881872814,0.023056104287854984,0.0226238155165962,0.022317356925122545,0.022159984239591767,0.02247775852770383,0.023742578315761022,0.016153284265997186,0.011813042446533062,0.009199460117404532,0.007446361802521851,0.006168467081217954,0.005155077874510573,0.004323971985805563,0.003617704800829946,0.0030182147604894028,0.002502694452842945,0.0020649401944727295,0.001691767045859521,0,0,0.0,0.0,1442,1429,1412,1404,1398,1392,1386,1383,1376,1378,1364,1372,1370,1383,1381,1389,1386,1369,1357,1349,1353,1352,1369,1363,1374,1391,1422,1432,1456,1464,1477,1489,1530,1557,1560,1594,1595,1611,1610,1629,1642,1642,1655,1658,1683,1744,1789,1869,1853,1904,1989,2043,2026,2030,2086,2022,1997,1958,1970,2011,2012,2009,2022,1995,2025,2043,2045,2021,2017,1994,2001,2001,1998,1996,1975,1970,1970,1960.0,1912,1922,1901,1874,1861,1870,1861,1854,1862,1870,1846,1856,1858,1858,1859,1874,1888,1889,1910,1885,1888,1895,1879,1889,1882,1914,1948,2008,2039,2050,2063,2060,2109,2120,2135,2103.0,2106,2031,2089,2068,2058,2036,2014,1969,1968,1952,1929,1908,1863,1829,1800,1770,1766,1753,1722,1684,1645,1621,1595,1575,1555,1533,1528,1509,1488,1478,,,0.97086877,1
L0427183634_92D5,5.4975004,5.769,5.7690001,-0.022681088869189438,0.8908802980604678,0,0,10.5,18.5,4.1999998,1.2,1,192,12,4,5,1.0,1.0,0.80000001,1,1,4.269804803983431e-6,0.00017291763914613535,0.001308173303792667,0.001990399071959426,0.0024618871368679894,0.003035532146203095,0.003692433754509757,0.004464750088119387,0.005343355731647189,0.0063591902177108205,0.007489772885549417,0.008767225755351707,0.01016138507389056,0.011704001807175152,0.013346467599994178,0.015118036877236252,0.016962738904355103,0.018900859275742234,0.020867929655853556,0.02287570864556483,0.024853120346701528,0.02677241522491028,0.028623420673377656,0.030376055300821207,0.0319589794712841,0.0333124578674735,0.03450354554562788,0.035376309010388116,0.03604742496963728,0.036360910462657284,0.03644599735358613,0.03615670231183165,0.03564840263800925,0.03479904321969335,0.033744101944223406,0.03239209126191839,0.030892157377742088,0.02919180952888639,0.02737885115708584,0.025438946210154745,0.023467623237474734,0.02145514234524786,0.019463262186671337,0.01751119926853608,0.015622879494290908,0.013824656197265878,0.012130001784053109,0.010568147865898781,0.00911994341053666,0.007817451086726815,0.006636916847277398,0.0055994517586585605,0.004677812103585415,0.003887278186707085,0.0031972853743918333,0.002611306042916765,0.0021154181162381185,0.0017042903767194564,0.0013604095461275455,0.0010793575352710005,0.0008503899839212187,8.834651973518815e-6,0.0003086184763282912,0.0014125402786948045,0.0020496695787954582,0.002536028131957168,0.0031239008994600206,0.0037907538032967104,0.004583204363882534,0.005471992465664584,0.006509847051968013,0.007651421655024721,0.008952184964038861,0.010354773674424961,0.011917596324477066,0.013567306830415198,0.015354371005265792,0.017201590569614067,0.019147397691273955,0.021111535342610864,0.023112634318461642,0.025087880442349882,0.026999576079200522,0.028827693822090824,0.030548830691329517,0.03212081914823999,0.03344175740344947,0.03460864806479476,0.03544559983972313,0.036085406351267474,0.036360381938013414,0.036413070659147645,0.03608928330272164,0.03554699277421837,0.03466477471974871,0.03358313313948552,0.03220941789061118,0.030685149351361976,0.02896624514771384,0.027142502139432506,0.025196123450276334,0.023219828973917674,0.021208974550066696,0.019219757458477656,0.01727509378274149,0.015396977980071107,0.013612913131496587,0.011930696489614713,0.01038453886630123,0.00895228673252478,0.0076667791782265345,0.0065022150127692895,0.005481030024334362,0.004574132948193523,0.00379708200771185,0.0031209491438545555,0.0025471373681302625,0.002061430545977001,0.0016592314200490387,0.00132366505251374,0.001049448697325679,0.000826342202897392,10,4,12.397576,16.770834,1041,1018,1014,1010,1010,1009,1011,1013,1019,1019,1028,1018,1001,1002,982,977,979,977,985,985,994,990,992,994,993,983,977,979,1007,1006,995,1003,1011,1021,1024,1017,1042,1038,1040,1060,1068,1080,1103,1122,1145,1169,1194,1217,1232,1258,1268,1293,1319,1298,1289,1259,1264,1258,1246,1223,1226,1219,1232,1221,1213,1213,1227,1226,1220,1224,1239,1228,1227,1228,1231,1237,1238,1245.0,1239,1215,1200,1194,1187,1178,1189,1189,1197,1214,1217,1218,1220,1233,1241,1246,1245,1252,1266,1264,1278,1266,1250,1255,1241,1242,1259,1275,1298,1305,1322,1336,1349,1360,1355,1354.0,1357,1330,1328,1328,1313,1300,1301,1283,1271,1261,1257,1238,1209,1199,1179,1163,1146,1125,1110,1108,1097,1083,1082,1080,1068,1062,1053,1033,1033,1023,17,4,0.97086877,1
L0427185609_0793,8.0948505,5.888,5.8835902,-1.028773884205508,0.5388154613979842,0,0,10.5,18.5,2.4000001,0.30000001,1,96,12,5,5,1.0,1.0,1.0,1,1,4.369855487918216e-5,0.0007576820783835572,0.0035374673540009643,0.005144859386336285,0.007261017696460452,0.009853999114367561,0.013075377971357357,0.016897684852797155,0.021371129044103987,0.026347203402904588,0.03181136836738097,0.03743497828177166,0.04312526978791994,0.048444257000920206,0.053213008661776105,0.05703213179821413,0.05979328397964896,0.06118425594823712,0.061172548624601586,0.059721255063952955,0.05697658262002835,0.05308916049143955,0.04835318726547484,0.043032777987605214,0.03738436556443779,0.03173251690142284,0.02631919811751344,0.021330788265079725,0.01689182353530988,0.013071381166618571,0.009886983298001797,0.007308981154234926,0.005285540695577659,0.0037392488371514564,0.0025897230742308597,0.0017571923104756097,0.0011710343942932773,0.000768545842663793,0.0004989855657341999,0.0003230159686360184,0.0002108226146449249,0.00014105388039459255,9.875463409000079e-5,7.3735138898152e-5,5.923488603806676e-5,5.104064274454282e-5,4.6504732480697896e-5,4.4049475905248096e-5,4.275846876708256e-5,4.209102103780032e-5,4.17560831541317e-5,4.159289211794451e-5,4.15102784128847e-5,4.147277652721891e-5,4.145858407321107e-5,4.145653911154102e-5,4.144514624197522e-5,4.143650877424767e-5,4.1437684594768444e-5,4.143964016627131e-5,4.143834588023114e-5,4.898603243879229e-5,0.0008278428651237866,0.003612273538776742,0.005203471584250185,0.00734522803052035,0.009959681069359818,0.013201088298464229,0.017052505234560155,0.021540926444635025,0.02654689031926059,0.03201043043955693,0.037652854074275745,0.04332151538216136,0.048636543925579444,0.053363268720452786,0.05715994193340132,0.05986004515829202,0.06120862318406317,0.06113658276052413,0.05964292307108029,0.05684715476331446,0.05293031121814646,0.04816365995255168,0.04282710525710012,0.03717776833027078,0.03153159151644642,0.026132395339655896,0.021161997465622025,0.016745769992506192,0.012947979305918,0.00978650654293507,0.007229224528059648,0.005224028758409245,0.0036930111989425763,0.00255599740502446,0.0017332344816962189,0.0011544013030849619,0.0007573122782093675,0.0004915762833079762,0.00031825629927316495,0.00020783574020887585,0.0001392362825901642,9.76605897642616e-5,7.310096565409673e-5,5.886783073388912e-5,5.083873596293449e-5,4.639016319606804e-5,4.399029457971307e-5,4.272322377916241e-5,4.207283224781072e-5,4.1743477234578336e-5,4.15847120339008e-5,4.150366350764201e-5,4.146751449309259e-5,4.145360602468449e-5,4.1450348464362527e-5,4.1440656144506136e-5,4.143241768821725e-5,4.1433538290550264e-5,4.14348246912449e-5,4.1434295458856345e-5,9,9,38.314999,50.694443,972,976,964,967,958,971,962,978,971,968,958,955,968,937,934,945,935,930,942,933,931,949,941,955,962,954,950,931,945,948,961,968,977,984,989,999,1007,1011,1024,1051,1068,1090,1102,1128,1145,1162,1182,1200,1222,1249,1282,1308,1356,1362,1357,1373,1324,1382,1373,1379,1316,1311,1309,1319,1377,1370,1369,1365,1353,1360,1342,1342,1344,1336,1327,1329,1315,1308.0,1311,1298,1295,1293,1283,1284,1275,1276,1272,1271,1283,1278,1284,1303,1306,1321,1319,1330,1329,1338,1335,1339,1335,1335,1344,1353,1371,1391,1407,1412,1431,1443,1465,1497,1520,1532.0,1542,1550,1543,1544,1534,1520,1510,1491,1468,1444,1430,1402,1387,1357,1337,1304,1270,1247,1218,1194,1172,1146,1114,1098,1075,1058,1039,1031,1021,1006,10,10,0.27184331,1
L0428123453_A627,10.981887,9.523,9.5277777,0.5949633105169845,0.4238965273276393,1,12,10.5,19.0,7.1999998,2.4000001,1,192,9,4,3,1.0,1.0,1.0,1,1,4.740565690012544e-9,5.282623062687945e-9,5.992838628500569e-9,6.047215240284259e-9,6.325246670353672e-9,6.242970448347715e-9,6.44971815879658e-9,7.258510166314708e-9,9.012343189978447e-9,1.425409706858363e-8,3.7924025254667147e-8,9.627778297073512e-8,2.5107291409608304e-7,6.855755639142376e-7,1.7586179505895357e-6,4.553488620703305e-6,1.07023175399894e-5,2.4808559058277025e-5,5.527400986621008e-5,0.00011615449115618956,0.0002387745086595158,0.0004601349917711407,0.0008663627695009802,0.0015446127562725217,0.002666740126945682,0.004398848778079527,0.00696789777502679,0.010617084816007977,0.015506395830849035,0.021784727279968295,0.029374694330370103,0.03811838602481396,0.04743095050245956,0.05683500575041211,0.06543484156836916,0.07234506334998152,0.0768986563973915,0.07875929464192258,0.07752393461183084,0.07304895345641707,0.06652942078434132,0.05825555845896945,0.04913759064111712,0.03982264380599196,0.03115767988705428,0.0234216329594151,0.017023171798429968,0.011936626442183487,0.008092017565224577,0.005303377324370538,0.0033680345875972,0.0020717491488359673,0.0012391624162823613,0.0007205498351058247,0.0004090857542518247,0.00022640050274952414,0.0001229950577549729,6.539531419040241e-5,3.432932542304658e-5,1.7729710114314287e-5,9.094472940196859e-6,4.873221228577703e-9,5.380774435052924e-9,6.0190108518996725e-9,6.073883071684798e-9,6.3373907207826056e-9,6.258199855173832e-9,6.477332720117068e-9,7.445888865879596e-9,9.360212811883387e-9,1.6919513896212324e-8,5.43036152535498e-8,1.8224763036197856e-7,7.652327363312601e-7,1.899002580002561e-6,4.742391336073486e-6,1.1544290907898334e-5,2.600740968810405e-5,5.83560281534537e-5,0.00012138392373136267,0.00024341442285201662,0.00045192418090187213,0.0007775822838424047,0.0012157323356863491,0.0016792733806001334,0.0020793325254438197,0.0038228545908148065,0.006408912255839392,0.009981623532855113,0.01463021313695395,0.02035767321877186,0.026831633388021237,0.03342611065399503,0.03894365593051889,0.04223818490777097,0.04211522745266582,0.038413802236827804,0.03218620753219975,0.04125992838555097,0.0493314900945435,0.055138672343854306,0.05928328504988559,0.06146358217311168,0.061855401509714164,0.060363418275975064,0.05770698847810162,0.05383560606346541,0.04957961754533108,0.04518585093685954,0.040965069392215225,0.02217444122621395,0.011992395214249489,0.006463136839050017,0.003474357181314035,0.001856045455222209,0.0009860047923974347,0.0005184200089554808,0.00027084832824340654,0.00013993648462006905,7.192041682421969e-5,3.6623616862038966e-5,1.8592245071001908e-5,0,0,0.0,0.0,1503,1493,1502,1491,1479,1467,1454,1445,1453,1443,1428,1410,1391,1381,1383,1374,1373,1375,1355,1361,1360,1358,1348,1338,1337,1346,1362,1370,1376,1380,1381,1399,1409,1418,1435,1447,1460,1479,1494,1506,1547,1595,1647,1706,1792,1864,1952,2069,2160,2280,2439,2490,2534,2507,2545,2690,2701,2746,2757,2693,2662,2598,2495,2471,2489,2463,2391,2421,2365,2329,2308,2310,2302,2272,2232,2198,2176,2136.0,2133,2115,2118,2099,2095,2084,2090,2083,2074,2078,2066,2074,2080,2085,2078,2110,2162,2196,2270,2277,2288,2331,2314,2313,2333,2354,2395,2411,2443,2465,2439,2448,2412,2443,2458,2480.0,2439,2443,2392,2364,2350,2307,2262,2220,2168,2155,2117,2081,2102,2080,2019,1962,1923,1882,1854,1827,1799,1771,1738,1691,1646,1619,1612,1587,1566,1540,1,6,1.3592167,1
L0428162106_EA0F,23.179956,28.141,25.825653,-0.8744227448677335,0.3210382533413885,1,24,9.833333,19.5,8.3999996,-0.89999998,1,192,10,4,4,1.0,1.0,1.0,1,1,8.505465117947389e-9,2.892678475802134e-8,9.838082492814478e-8,3.375482815283913e-7,1.1580532980692369e-6,3.985820559665792e-6,1.3696341969963647e-5,4.687747262230654e-5,0.00015794318816977397,0.0005109936188614874,0.0015376204433820765,0.0041269995381284005,0.00968632796570075,0.01976489138437999,0.035341072304570856,0.056057067029691834,0.0792419635780328,0.10049173140910024,0.11415678906577553,0.11787765645415449,0.10956638829092875,0.09412005776026205,0.07385749665410335,0.05467563156445265,0.03819597084647595,0.02669167125599498,0.018429303469957015,0.012861152300054999,0.008971406398333518,0.006441323135059801,0.004624766163060135,0.0033720950557130564,0.0024587331735171744,0.0018004843581373117,0.0013184668682800884,0.000970352644886686,0.0007141548215437426,0.0005229297846472235,0.0003829096357664858,0.0002786167265867796,0.00020273067239558155,0.0001468784232460409,0.00010641371898230075,7.662735999195139e-5,5.517861632341692e-5,3.976895814301663e-5,2.8662785005935836e-5,2.059881020882544e-5,1.4803570952899505e-5,1.0640910807417051e-5,7.648772378377888e-6,5.500280050112016e-6,3.955291646744126e-6,2.843654888134628e-6,2.044447193415882e-6,1.4733082936548793e-6,1.0617252304494522e-6,7.666818814366754e-7,5.536294115322653e-7,4.0058983534080847e-7,2.8985561738632666e-7,6.872580727236545e-8,2.3346324359713124e-7,7.931021710354369e-7,2.717837214656271e-6,9.313616982049754e-6,3.2027680501726655e-5,0.00011008189005672478,0.00037824028212656724,0.0012926981167274902,0.004346191110135614,0.014236185788133309,0.04453730673422838,0.1323383422342929,0.14400934661503434,0.1461930273147976,0.13628248434414467,0.1158376476230103,0.08837429334143189,0.05967500777958748,0.035258783603415625,0.017901446761193675,0.007780302894747833,0.0028542158021536133,0.0009119451286915794,0.0002586086731399302,0.00018408714960028628,0.0001276588604132125,8.91435978038642e-5,6.21864099841708e-5,4.464691482023441e-5,3.205434680191443e-5,2.3370321432719235e-5,1.7038993429425587e-5,1.2476300648056976e-5,9.13544192059313e-6,6.722788260767905e-6,4.947338285123764e-6,9.42965147250935e-6,1.7976536695906818e-5,3.406192231700093e-5,6.455343018467777e-5,0.00012184022608709807,0.00023001089102678073,0.0004316736097308488,0.0008103058764628812,0.001522683283775916,0.0028618880131715805,0.005364604050786508,0.010057804869582921,0.007227790554617916,0.005194076896794925,0.003734128497297373,0.0026845445944397145,0.0019295565509897209,0.001386899118490281,0.0009991712553731006,0.0007198393205217597,0.000519644220077056,0.00037512611926276073,0.00027134116793074036,0.0001962704165397698,17,9,-41.163361,-44.389977,2819,2801,2771,2753,2761,2743,2723,2720,2707,2696,2682,2667,2662,2658,2653,2643,2627,2622,2620,2610,2599,2600,2602,2615,2620,2620,2623,2629,2638,2654,2663,2700,2721,2742,2758,2792,2830,2867,2914,2995,3050,3187,3261,3339,3374,3429,3496,3586,3719,3795,3956,4193,4483,4491,4522,4501,4484,4467,4392,4417,4408,4448,4421,4373,4249,4258,4259,4256,4256,4254,4241,4223,4259,4214,4156,4141,4130,4053.0,4044,4078,4005,3958,3948,3935,3954,3916,3914,3921,3905,3887,3890,3911,3942,3981,3992,4031,4048,4078,4087,4140,4121,4185,4205,4261,4258,4349,4424,4528,4550,4618,4606,4593,4514,4574.0,4615,4613,4639,4566,4462,4391,4371,4294,4210,4148,4120,4052,3792,3718,3686,3618,3562,3492,3417,3327,3284,3230,3173,3080,3042,3009,2966,2925,2895,2855,17,9,0.28358495,1
L0428170536_7ED5,8.1962938,6.943,6.9429998,0.04194898180605533,0.9541063638308485,0,0,10.0,18.5,5.0999999,1.2,1,96,13,4,2,1.0,1.0,1.0,0,0,2.658476232575959e-5,0.00045170953536029457,0.0018890450944055494,0.00251831333092304,0.0030366544272413445,0.003628962642470652,0.004415597225761256,0.004813145683076302,0.006303018796386892,0.006533035206067807,0.008244556947048377,0.009009415405349157,0.010481067485509412,0.011797272396924097,0.013231020459981884,0.01477027132177317,0.01631634738187417,0.017992416468604822,0.019615194429080385,0.021325001084105368,0.022944218637149967,0.024607025847054695,0.02613848834611119,0.027716489045103123,0.02898221300751759,0.03021337751569228,0.031204410645941136,0.03223496190252474,0.032807108940920336,0.03333755610809413,0.0334892771413731,0.033547550091947057,0.0332720930204126,0.03289792157046732,0.03220507560567458,0.03133065294696061,0.030293676934893293,0.029047436321786944,0.027723818132234256,0.026197917183069117,0.024651683799127466,0.02294787783353118,0.02130428595340236,0.01960077929987871,0.017914566777040255,0.016214497014326718,0.01462051541428051,0.013084047483107184,0.011637215145796983,0.010256497548613373,0.008996094264349197,0.00781738146046899,0.006763709844326186,0.005805222689449206,0.004955555879255401,0.004196400504699825,0.003534148670067971,0.0029551654376124433,0.002456793881825753,0.0020305655722232486,0.0016670964974191225,3.187047870597005e-5,0.0005244970142341097,0.0019355836349164903,0.0025568953119216938,0.0030456047561477234,0.003732125226839752,0.0043556748122970095,0.005000838705500113,0.0062331441499614655,0.0066991011248472366,0.008266175922444925,0.009127290049747157,0.010567313744802695,0.011907627386841183,0.013337911446067195,0.01490029408289703,0.01643054858010223,0.018134023450493725,0.01972948857299973,0.021470760121086046,0.02305280305295172,0.02475554601116277,0.02622734425502757,0.027816611060806688,0.029056367495069294,0.030316168162001823,0.031241135488128673,0.03227183474221046,0.03281262897453838,0.033337236012455446,0.03346650737881782,0.033517792451895595,0.033216091967209094,0.032824406816762235,0.03212675739542983,0.031240577769946758,0.030196137783673277,0.028941606933795314,0.027613322862853697,0.026078454422543813,0.02453879597666063,0.022834723362451764,0.02118947897803377,0.019476441355721564,0.017810011531117404,0.016110645219197594,0.014522632594722643,0.012986119905675922,0.011552235636179072,0.010173973062217852,0.008924920650009502,0.0077512636379239224,0.0067052452900094464,0.005752059638856903,0.0049093674902589484,0.004155565128340346,0.003498812397838601,0.002924755818716315,0.002430473892382928,0.0020080659629485857,0.001648312860602585,0,0,0.0,0.0,943,933,915,902,894,876,876,868,865,852,842,844,838,845,843,838,837,835,838,830,843,844,840,826,845,856,884,890,895,924,945,946,951,968,968,1002,1002,1011,1042,1037,1050,1050,1068,1096,1111,1137,1177,1201,1297,1415,1496,1566,1602,1604,1662,1656,1669,1646,1621,1611,1591,1579,1548,1493,1452,1402,1354,1311,1334,1322,1319,1317,1323,1317,1317,1280,1272,1292.0,1280,1259,1243,1243,1233,1211,1204,1205,1213,1208,1202,1212,1222,1223,1203,1203,1209,1230,1255,1273,1292,1282,1296,1331,1344,1378,1399,1419,1458,1525,1522,1551,1617,1644,1677,1654.0,1658,1652,1631,1621,1591,1583,1567,1493,1471,1429,1408,1365,1303,1263,1259,1228,1208,1165,1157,1144,1165,1139,1116,1100,1101,1070,1043,1023,1009,986,,,0.97086877,1
L0428181713_D8C0,8.3690653,10.58,10.883,-0.7417364460112161,0.6495021961701378,1,24,9.5,19.5,5.0,1.3,1,96,7,2,2,1.0,1.0,0.0,1,1,0.0011456045670327527,0.0019670489820577167,0.002760152239652363,0.0037715076599311816,0.005045077826376985,0.006386029391114887,0.008649759546316593,0.010121032644792314,0.01352812780728276,0.015687590251881826,0.019450776270313004,0.022691625809929884,0.026484866550877246,0.030633519899770468,0.0336146583959944,0.03900023651657579,0.04014056366047518,0.045617094089388265,0.046105085938958915,0.04961045122592613,0.04978354386622951,0.05078929713235088,0.049971717086436114,0.04918253947624924,0.04696871286482324,0.04470647942415962,0.04135913639549774,0.038080812139838764,0.03415154347729549,0.03056806386079492,0.026510180413363837,0.022820013550479037,0.019204218741177427,0.0161282681000634,0.013138321411198521,0.010641542959172998,0.00840403648142392,0.006581693154683023,0.005041448033882183,0.0038315958415487813,0.0028453663829519525,0.0020842714566810415,0.001500924327580676,0.0010643754892439101,0.0007432173999323299,0.0005101980106291733,0.0003453443870980352,0.00022855980912431147,0.00014999382666095804,9.667866118755364e-5,6.158263789928265e-5,3.810922441619436e-5,2.3555129491525332e-5,1.4158885839861121e-5,8.528608706921897e-6,4.9327755205787045e-6,2.906081319154141e-6,1.6114914673033403e-6,9.295726014716814e-7,5.052835139815178e-7,2.7687281650853255e-7,0.0011953319917381248,0.002002963413823244,0.0027936760963243558,0.0038334996884632102,0.0050612158769192065,0.00652539259632776,0.008639139248557548,0.010329715738945875,0.01360230676377914,0.016037153731359558,0.020367189504863655,0.0266533128449191,0.04486567232146901,0.0373423870597677,0.039439851786669054,0.041148335832409406,0.04553111941549559,0.04759421092887895,0.05021757744922397,0.05114369483258229,0.051620092359848865,0.05053607721878551,0.04659456473532058,0.03762055882325465,0.024568206571596366,0.03336011743370179,0.036876482649261876,0.036404618632090185,0.033380257939290066,0.029707316986793183,0.024908229079410617,0.0198552570007048,0.014524539628932725,0.009831155234934105,0.005842424414270531,0.003193462645197169,0.0015893271636461476,0.0020006916163782217,0.0024073932159712394,0.0028600195103262124,0.0033298835745406738,0.003825834400075946,0.004360522977604266,0.004933964852760687,0.005571231976461263,0.00626202049977505,0.00704995937138044,0.007843377893674225,0.008770000333810504,0.003574206938467867,0.0014631946116684506,0.0005924755350419784,0.00024271163411587233,0.00010058669198299,4.2573892725786795e-5,1.826655711686166e-5,8.110970093401095e-6,3.632329347068419e-6,1.708329790215513e-6,8.052980029107773e-7,3.91349332041009e-7,8,4,-12.765358,-19.010416,1735,1745,1735,1729,1711,1641,1632,1622,1609,1607,1632,1613,1600,1610,1600,1589,1593,1586,1575,1583,1582,1575,1574,1575,1578,1617,1627,1614,1609,1614,1619,1627,1642,1661,1638,1656,1669,1685,1708,1731,1749,1781,1794,1818,1866,1931,1967,2067,2205,2286,2373,2404,2426,2529,2591,2624,2650,2630,2602,2578,2562,2562,2521,2495,2500,2468,2429,2416,2402,2376,2422,2431,2420,2380,2382,2358,2344,2365.0,2313,2313,2301,2310,2281,2268,2250,2279,2237,2230,2286,2290,2307,2283,2251,2282,2303,2323,2371,2400,2414,2449,2423,2431,2443,2467,2500,2524,2554,2561,2590,2574,2570,2614,2608,2628.0,2686,2649,2589,2568,2552,2498,2454,2412,2393,2374,2336,2294,2277,2237,2191,2151,2108,2070,2049,2021,1972,1937,1903,1869,1837,1822,1801,1782,1750,1775,10,7,0.48543462,1
L0429095803_8BCE,9.1566582,8.998,8.9980001,-0.6319773101006999,0.5743701840208906,1,24,10.0,18.5,4.3000002,0.1,1,96,13,3,4,0.15384616,0.0,0.0,1,1,0.0002020048392467216,0.000467079407303356,0.0006971760480931613,0.0011407329237730678,0.001604697179875665,0.0024641960022240483,0.0033768927650275503,0.004862693860095913,0.006517659942961632,0.008842713081591423,0.011508912518496351,0.01484379045241616,0.01861672403550076,0.022950981840499634,0.027626529282520886,0.03261567125429283,0.037669284152985406,0.04265466246142961,0.0472104759245922,0.051247887143149845,0.05438429562247126,0.05662467194411384,0.05763916377337244,0.05759796162324536,0.05615717460998479,0.05373491710594377,0.05030401413033248,0.046251549902236726,0.04149286813690269,0.0365484621545734,0.031460875680983595,0.026588208785118833,0.02196287087234744,0.01781900598063696,0.014121437878509582,0.01098287881486762,0.008355329397164298,0.0062364859084996565,0.004555082644225016,0.0032631085060182566,0.0022882832115123726,0.0015717584574564281,0.0010589422988480635,0.0006997359839461977,0.0004529563302642132,0.0002864770930364716,0.00017823319734071034,0.00010864747293688843,6.509817771329842e-5,3.813967555533254e-5,2.2038945782636078e-5,1.2453168769136303e-5,6.987748177503644e-6,3.861583603854105e-6,2.1521538710240464e-6,1.2032937789685124e-6,7.093579711298052e-7,4.406767570100796e-7,3.093929295853977e-7,2.3745285048542247e-7,2.057392744851803e-7,0.00022004591223846254,0.000474858833325304,0.0007258478968324441,0.0011532996855712074,0.001657084769939947,0.0024973647519634288,0.0034654325872821006,0.004951309041450105,0.006705576265085093,0.009205286425436712,0.012582105204037342,0.018698256766953417,0.03420220113039516,0.03156210968193387,0.03440365105112642,0.03905409949282639,0.04401067415394794,0.04864184189143022,0.052665547150522726,0.05576526011836054,0.05763926916979859,0.057613473081302255,0.054066533400406964,0.04451325298246735,0.029554313516319663,0.03987965614012293,0.04399796963272392,0.04322271808890131,0.03958911287315826,0.03462722669814772,0.02874998725072463,0.022463384890411196,0.016099313095285422,0.010481055531215653,0.006122956535170287,0.0032707594467240686,0.001623651883545924,0.0020233711612015625,0.0024346995641597413,0.0028659768641104487,0.003320091174965238,0.0037931300788483445,0.004301089301417427,0.0048596837574443556,0.005470965819839409,0.006090527577425387,0.006769951051973981,0.007521704224924423,0.008354303641294551,0.0035050695409636515,0.0014717786256643265,0.0006154836960172906,0.00025780346579343396,0.00010827034154177963,4.560900310964606e-5,1.9308409966632787e-5,8.249923043223824e-6,3.5917878165453977e-6,1.6249886798612983e-6,7.910172221833799e-7,4.379554917945939e-7,13,7,12.817766,19.139194,1258,1242,1235,1239,1229,1231,1229,1218,1221,1215,1211,1225,1216,1192,1192,1187,1177,1172,1173,1173,1170,1166,1157,1155,1169,1182,1190,1202,1226,1231,1237,1240,1237,1259,1268,1297,1334,1369,1399,1408,1490,1529,1526,1581,1608,1604,1632,1687,1709,1739,1758,1790,1831,1825,1826,1855,1878,1870,1896,1885,1873,1872,1878,1822,1825,1816,1794,1800,1778,1793,1793,1788,1768,1775,1764,1763,1753,1756.0,1750,1723,1706,1677,1671,1671,1666,1649,1644,1641,1630,1656,1652,1659,1668,1702,1714,1709,1730,1748,1735,1738,1725,1752,1784,1775,1776,1807,1844,1876,1901,1947,1951,1969,1999,2019.0,2012,2003,1997,2018,2007,2003,1986,1936,1909,1878,1834,1801,1761,1710,1654,1627,1592,1556,1548,1510,1468,1438,1404,1382,1381,1344,1327,1329,1295,1288,14,8,0.37756038,1
L0504090514_A05B,24.002317,23.835,29.436562,-1.1329574861651313,0.40754655663193073,0,0,9.5,19.5,5.6999998,1.3,1,192,9,1,5,1.0,1.0,1.0,1,1,2.9923964569759902e-5,9.411346275354699e-5,0.0002641969270135982,0.0006515627674317133,0.0014396578251191301,0.0029130061040017158,0.005463568440800966,0.009578997166610157,0.015701759283180825,0.024197580459556618,0.03494394091138692,0.04751355620012715,0.06042537535359563,0.07283545925117525,0.08249504900908798,0.08896498144105175,0.08960443449619176,0.08601378967113381,0.07778745683553416,0.06787976805660016,0.055824114832780956,0.04473377809528314,0.034097223939486214,0.025562890552043478,0.018498376888847964,0.013450855506417723,0.009659708116813489,0.007082156891686638,0.005183832169736438,0.003899086988992277,0.0029325746981020136,0.0022426417399513086,0.0017150332748695153,0.0013362377659253996,0.001041113517939053,0.0008233767337654968,0.0006511834670476996,0.000516758284295655,0.0004100870851066982,0.00032649937930167623,0.00025995219128703735,0.00020636781996759404,0.00016383062905865058,0.00012944199124069377,0.00010227265420794514,8.036545441769952e-5,6.315142066544504e-5,4.917128392541193e-5,3.8286278788345456e-5,2.971480191783946e-5,2.3062452848040422e-5,1.7655772057904854e-5,1.3516680893133751e-5,1.0300973617086031e-5,7.85033828856102e-6,5.916349890929131e-6,4.45882742566803e-6,3.3218996567471724e-6,2.47487474032878e-6,1.8286234765575552e-6,1.3511263128091494e-6,3.0378802244043484e-5,9.547314208516994e-5,0.0002676609352322084,0.0006592000609482267,0.0014550978685125865,0.002941706450344431,0.005513380853884485,0.009659381101372155,0.015821571515812857,0.024364351744620025,0.03515484413924792,0.04775605292819517,0.06067871610247652,0.07308303110206255,0.08268796963292328,0.08906750565257875,0.08961470389520511,0.08594103713463988,0.0776385815682643,0.0676779135325149,0.05560126902420677,0.044514429538345786,0.03390047937536919,0.02539742439442892,0.018369370330810316,0.013353624310016236,0.009588838794620788,0.007030157671337935,0.005145883506898332,0.0038707674151320956,0.0029114474202709567,0.002226655869892082,0.0017029391692638535,0.00132694283413984,0.0010339713762374874,0.0008178202290224768,0.0006468618615785629,0.0005133885733208109,0.00040746049917068987,0.0003244472090946677,0.0002583494442753888,0.00020511959528631308,0.00016285889961084778,0.00012868878205359456,0.00010168905885336984,7.991546820463618e-5,6.280459048712623e-5,4.890603300888958e-5,3.808348935032621e-5,2.9560219631289126e-5,2.2944659174448464e-5,1.7567007063827194e-5,1.3449808815326742e-5,1.0250787253496459e-5,7.812683796204944e-6,5.888347807916652e-6,4.438007395938466e-6,3.3065586698193423e-6,2.4635723851493693e-6,1.820349991353315e-6,1.3450705626076962e-6,20,5,17.595087,18.229166,2998,2982,2983,2967,2953,2922,2910,2894,2887,2886,2898,2878,2886,2885,2873,2863,2863,2844,2833,2819,2801,2800,2786,2798,2802,2818,2842,2864,2884,2902,2917,2928,2952,2990,3040,3106,3130,3220,3316,3420,3558,3835,4030,4251,4445,4587,4688,4793,5002,5125,5382,5466,5486,5441,5460,5427,5442,5378,5275,5245,5220,5109,5045,4991,4909,4769,4707,4664,4613,4572,4541,4520,4522,4497,4499,4459,4428,4402.0,4387,4462,4411,4358,4377,4352,4322,4319,4321,4323,4371,4399,4427,4499,4524,4480,4654,4706,4688,4647,4589,4568,4634,4692,4702,4746,4810,4900,4990,5047,4954,4978,4991,5043,5053,5077.0,5076,5140,5057,4901,4847,4732,4626,4612,4529,4415,4292,4192,4108,4043,3989,3882,3802,3728,3667,3621,3547,3450,3375,3328,3273,3211,3174,3117,3072,3031,21,6,0.36811596,1
L0504124342_FCBF,7.8418636,4.77,4.77,-1.1200602320836008,0.5582383171889586,0,0,10.0,18.5,5.0999999,1.9,1,192,4,0,3,0.5,,1.0,1,1,2.1575178150248815e-5,0.0005699699350426396,0.0047858963149859605,0.010027296770181385,0.01109369172085853,0.016380522591276914,0.01818230431856507,0.025274016606027995,0.02726998975233308,0.035456517599832135,0.037821007853176006,0.04558283567814047,0.04818904262779877,0.053906751699482836,0.056008922253871496,0.058768209044024425,0.05928136702696417,0.059132016833137076,0.05732074106973429,0.05460189049514625,0.050732918729355134,0.046267635001221954,0.04118589697956642,0.036022911342833835,0.03069990932278113,0.02566084601201973,0.020979974463489332,0.01685219414605933,0.013200370922097476,0.010149492954457101,0.007633121561976213,0.005640142415803124,0.004079997261119869,0.0029072293746605794,0.0020329868545319683,0.0014061422699821586,0.0009627009036950869,0.0006594384971717169,0.00045492330824366863,0.0003214812278728088,0.0002354607219897481,0.0001817776715521638,0.00014879960089634632,0.0001291938846522254,0.00011754561865241578,0.00011083884267822661,0.00010715141702975581,0.00010517410228379059,0.00010405482701718919,0.00010347207039421087,0.00010315362434402364,0.00010294331333530884,0.00010288556093100718,0.000102861281672444,0.00010283060675539993,0.00010282589394297228,0.00010280561072907814,0.00010281224384786305,0.00010281065690027043,0.00010288582772967572,0.00010283770499741424,3.135617164058017e-5,0.0008240824591586241,0.005904621479514694,0.009682381461601275,0.012286397906704825,0.01599679131947387,0.019739487905180705,0.024886637807074237,0.028954471878600584,0.03530617437208657,0.03928966734543636,0.04574123659334029,0.04922387220448498,0.05421105233782803,0.05655735984940953,0.058970583249280936,0.059381503785598845,0.059013874314589834,0.05701639752748435,0.05416413261195766,0.050126333495588725,0.045605806271169655,0.040431463752860775,0.035260354921087686,0.02994418230742264,0.024977706691395055,0.020337563427629088,0.01629263317102058,0.012720793744863696,0.009758578739423134,0.00731464496668326,0.00539365425023927,0.0038900930610938273,0.0027668170517211404,0.0019308611800678257,0.0013343505042327606,0.0009129382963736592,0.0006260984141454629,0.0004328711325292856,0.00030735900590883505,0.00022654774531132984,0.00017635099712185904,0.00014551027347661858,0.00012723303417754847,0.0001164234946122415,0.00011023530996237034,0.00010679576156488503,0.0001049612686220211,0.00010394564671848257,0.00010339907880776732,0.00010310801481903485,0.00010294457899150561,0.00010285239253533224,0.00010286181080572157,0.00010279519148291747,0.00010283297895548727,0.00010276371866632752,0.00010282510337122672,0.00010277055988333771,0.00010286229727823293,0.00010279377693224978,0,0,0.0,0.0,903,888,874,860,857,856,859,851,838,843,841,863,865,861,865,864,861,858,856,847,848,841,845,836,838,845,855,843,850,839,839,839,846,863,880,911,932,941,946,948,953,968,978,991,1007,1013,1036,1045,1057,1079,1104,1132,1168,1175,1178,1200,1204,1248,1290,1298,1280,1275,1277,1247,1259,1270,1256,1261,1272,1279,1274,1269,1255,1249,1238,1234,1238,1227.0,1230,1218,1211,1199,1203,1194,1186,1175,1171,1171,1173,1179,1178,1189,1194,1202,1206,1213,1219,1213,1220,1218,1219,1220,1230,1241,1250,1251,1258,1276,1287,1299,1313,1313,1324,1344.0,1352,1364,1359,1357,1364,1370,1366,1356,1334,1324,1319,1304,1291,1272,1242,1225,1197,1172,1140,1119,1097,1074,1053,1039,1013,1000,990,965,941,916,8,1,1.3592167,1
L0504193107_4BC7,19.741356,23.096,23.096001,-0.9281339610962555,0.33840423796718105,1,12,9.5,18.666666,12.9,4.0,1,96,6,1,5,1.0,1.0,0.80000001,1,1,6.143037579446031e-8,2.5924872356219405e-7,1.0925349738878238e-6,4.663687625040552e-6,1.9109196560522727e-5,7.048776312627179e-5,0.0002176076486897606,0.0005991932977647908,0.0014813129603042058,0.0033018658185126493,0.00678597498038225,0.01263292789219193,0.021871063275522046,0.03442159018358739,0.050142897577776784,0.06730172065477254,0.08389822267581852,0.09628159613050657,0.10265186849334704,0.10262205764445056,0.09473818044828738,0.08285863708511527,0.06709819067471179,0.05225688560659747,0.03791617092684452,0.02683264242393066,0.018059565010586986,0.012008217004553429,0.0077767660253629045,0.0051720031893704495,0.0034277650360795193,0.0023130177174546626,0.0015605564067808443,0.0010835078354279198,0.0007522949783384954,0.0005322507727074621,0.00037657537153703603,0.0002680290378286609,0.0001907746919454447,0.00013669906556274583,9.795377716999648e-5,6.985352534231676e-5,4.981559231754281e-5,3.5298784773327404e-5,2.5012819141120077e-5,1.7602141254705773e-5,1.238726298755879e-5,8.607235940274087e-6,5.980763536023125e-6,4.1549897442456185e-6,2.886608463462153e-6,1.981098054563676e-6,1.3596488900438293e-6,9.311556386890727e-7,6.377055988769545e-7,4.359186023964959e-7,2.9798390156489934e-7,2.0307910248127217e-7,1.384011012936854e-7,9.453367412416256e-8,6.457072946955087e-8,6.815076013485757e-8,2.876675057306728e-7,1.212583446406051e-6,5.1787805880163085e-6,2.125478349907536e-5,7.884924615501437e-5,0.00024713235585015236,0.000702007825159795,0.0018350198755331905,0.004491372891881907,0.010644052336337508,0.02448002864170166,0.05553052085236313,0.07066970201845316,0.08657197099560547,0.10065853650539276,0.10975408361744299,0.11135531570765077,0.10462857084448753,0.0906294856654973,0.07203105787373841,0.052490071011920804,0.03467139212013373,0.020867190891378683,0.011145719856392856,0.009049005168560236,0.006648647104571863,0.004607482774402921,0.00303014797937337,0.002023553355938719,0.0013423293388800824,0.0009056735245368959,0.0006108788310765265,0.0004238592812801295,0.0002940961187112645,0.00020788294500201279,0.00014694396274422632,0.0001702730213092004,0.0001974384496387983,0.0002306243384125512,0.0002696131448936248,0.0003139743656744202,0.0003659979230417192,0.0004243835201541749,0.0004926561783923283,0.0005686924770159246,0.0006573488265346956,0.0007512873670618239,0.0008599455968652292,0.000597573871851057,0.0004152575193630399,0.0002850483018860984,0.00019566922279940014,0.0001340284926525913,9.180673706472534e-5,6.276759910467307e-5,4.291400355944642e-5,2.9251041821294998e-5,1.993819291505541e-5,1.3620971327538296e-5,9.30535270614203e-6,26,2,4.3822279,12.580126,2463,2456,2404,2384,2363,2355,2338,2323,2299,2281,2260,2243,2229,2223,2210,2204,2196,2196,2202,2222,2208,2212,2198,2214,2231,2261,2284,2300,2340,2372,2387,2402,2439,2457,2496,2496,2512,2540,2551,2578,2600,2663,2716,2856,3054,3124,3201,3405,3507,3726,3935,4078,4177,4173,4226,4325,4303,4248,4260,4220,4128,4093,4071,3994,4007,3939,3900,3893,3827,3814,3836,3856,3855,3842,3841,3763,3745,3691.0,3632,3629,3604,3620,3636,3590,3597,3591,3647,3673,3698,3654,3647,3667,3631,3585,3589,3583,3656,3648,3650,3749,3880,3912,4029,4142,4229,4279,4373,4309,4261,4288,4331,4363,4369,4256.0,4229,4136,4020,3991,3898,3866,3779,3705,3612,3580,3472,3336,3298,3283,3205,3147,3058,2999,3009,3002,2961,2912,2847,2798,2767,2677,2631,2615,2553,2506,26,2,0.48543462,1
L0505115836_B751,4.5813417,4.381,4.4668331,-0.6992248633453514,0.6994533264464597,0,0,10.5,19.0,3.4000001,1.6,1,96,14,5,5,1.0,1.0,0.60000002,1,1,5.855132936342238e-9,1.8052828481439413e-6,0.0003346615243291683,0.004478023270301586,0.00656255615019123,0.008240542363331606,0.010141466394847967,0.012304574550826456,0.014727643583464366,0.017393465769548894,0.020284874365967025,0.023342861883567528,0.026535282264938658,0.029741003252147433,0.03296182050015505,0.035977095787805356,0.038887122005039215,0.041372756648618524,0.04350405024324669,0.045023551348743474,0.04619843695464165,0.04660592841719997,0.046487152534081325,0.04565212313307669,0.044346459271069054,0.042403228332992336,0.040103845168619146,0.037356357034696135,0.03435804414363501,0.03115751873672449,0.027898805595707187,0.024636150418211773,0.021476437133865493,0.018473094461360674,0.015674265083686908,0.013127119836488226,0.010857177618241029,0.008867858558253304,0.007142443509899946,0.005684251180025181,0.004473260061518709,0.0034811273888508015,0.0026793200694161558,0.0020435743265863997,0.0015463882189361018,0.0011638453292363697,0.0008743859317433201,0.0006581565014082035,0.0004991247868386707,0.00038377363865153364,0.0003014848678615738,0.00024346761951791427,0.00020334898842931374,0.00017587083745158652,0.0001573312173864235,0.00014496416758425537,0.00013697516857203603,0.00013178595194295522,0.0001284721740912695,0.00012638128092930272,0.0001251013055203078,1.3920128201879099e-8,4.298923968719328e-6,0.0007323449102390254,0.004785795363822285,0.006784266536879173,0.008504152980256046,0.010448323602898307,0.0126602941257079,0.015123637847013538,0.017840443854773867,0.02074425328236087,0.023846035268952685,0.027016837515034416,0.03025891925907796,0.0334090194562585,0.03645981187619884,0.039247388191563135,0.04172452883358299,0.043728145217904434,0.04525930910014332,0.046244710390696823,0.04662518731495067,0.04636200328738523,0.04549722211965209,0.04405511951007098,0.04209543190785464,0.03969199884787854,0.03692619782540869,0.033884249631743205,0.030683295882686784,0.027413533405085077,0.024170411972567578,0.02102805435935516,0.018054366564032198,0.015294559398821926,0.012788163048964352,0.010557918675924366,0.008605596653553144,0.006924898205104922,0.005502006755918062,0.004323323862622731,0.003359247496131062,0.002583284809891986,0.0019678418796544054,0.00148842672042356,0.0011198021517033214,0.000841328694339595,0.0006338378713312813,0.0004814006464083573,0.00037116374016641447,0.00029250654087596706,0.0002373176251511548,0.00019904821070476585,0.00017299530163992767,0.0001553887361759541,0.00014374489489367705,0.0001361211095236299,0.00013125178873763795,0.00012811587406990957,0.00012616333739342092,0.00012494288374264226,12,9,-12.411565,-20.19676,811,818,813,812,815,823,805,797,810,804,800,789,786,781,780,779,780,769,769,765,766,761,759,766,781,778,786,786,790,793,793,789,806,814,822,834,837,837,838,839,840,851,859,864,876,884,893,918,928,935,968,985,999,1009,1025,1039,1045,1069,1076,1075,1078,1068,1062,1052,1048,1045,1046,1060,1063,1056,1054,1053,1056,1050,1045,1055,1047,1047.0,1052,1045,1039,1034,1027,1031,1022,1012,1012,1014,1017,1026,1024,1021,1019,1016,1016,1016,1020,1030,1029,1034,1040,1044,1053,1061,1072,1086,1093,1092,1099,1099,1109,1129,1136,1149.0,1153,1160,1156,1157,1139,1126,1111,1093,1078,1061,1045,1029,1010,1003,979,963,955,934,925,910,893,882,875,867,861,844,839,839,832,829,15,9,0.75512034,1
L0505165641_0E94,31.125235,38.651,47.367821,0.2152146848433885,0.9716279530519842,0,0,9.5,18.5,12.3,3.8,1,192,8,3,1,1.0,1.0,1.0,0,0,0.0005974271728790269,0.0008521461254237114,0.001173318507104486,0.001541409426361612,0.001968371943398392,0.0024554053950126284,0.0029881351316919215,0.0035977440235183244,0.004262305563302421,0.005013783896969582,0.005847346113029012,0.006806589297852354,0.0077891683639406024,0.008899203969556076,0.010105444896217146,0.011523365613585879,0.012912099928931487,0.01441930606894973,0.015943417646592233,0.017682454599990176,0.019330636979079118,0.021145042448571565,0.022782691617078295,0.024478465334762597,0.02596745952546239,0.027498214154806192,0.028766746467492478,0.02998614495491407,0.030934962934411912,0.03179513945077404,0.03235946660453328,0.03280169948279079,0.032965566006324255,0.032926870455716316,0.03264510730571996,0.03225351826502269,0.031597270336680396,0.03069662975764431,0.029686416212404983,0.02851354995080228,0.027241703103088617,0.02582306618548489,0.024383639613564573,0.022843614178276572,0.021306658713456366,0.019739785237453317,0.018205623788293622,0.016660277368766806,0.01518293601111032,0.013753119520422187,0.01239590508234212,0.011099328444220999,0.009896394593425463,0.008766723223380811,0.007731426864840341,0.006786169634822527,0.0059281730940836785,0.005152846282708748,0.004460085663114408,0.0038399449043088818,0.003292536563536234,0.0005974271728790269,0.0008521461254237114,0.001173318507104486,0.001541409426361612,0.001968371943398392,0.0024554053950126284,0.0029881351316919215,0.0035977440235183244,0.004262305563302421,0.005013783896969582,0.005847346113029012,0.006806589297852354,0.0077891683639406024,0.008899203969556076,0.010105444896217146,0.011523365613585879,0.012912099928931487,0.01441930606894973,0.015943417646592233,0.017682454599990176,0.019330636979079118,0.021145042448571565,0.022782691617078295,0.024478465334762597,0.02596745952546239,0.027498214154806192,0.028766746467492478,0.02998614495491407,0.030934962934411912,0.03179513945077404,0.03235946660453328,0.03280169948279079,0.032965566006324255,0.032926870455716316,0.03264510730571996,0.03225351826502269,0.031597270336680396,0.03069662975764431,0.029686416212404983,0.02851354995080228,0.027241703103088617,0.02582306618548489,0.024383639613564573,0.022843614178276572,0.021306658713456366,0.019739785237453317,0.018205623788293622,0.016660277368766806,0.01518293601111032,0.013753119520422187,0.01239590508234212,0.011099328444220999,0.009896394593425463,0.008766723223380811,0.007731426864840341,0.006786169634822527,0.0059281730940836785,0.005152846282708748,0.004460085663114408,0.0038399449043088818,0.003292536563536234,0,0,0.0,0.0,4319,4284,4248,4224,4207,4182,4179,4153,4122,4102,4082,4061,4039,4033,4026,4024,4013,4006,4015,4015,4010,3983,3981,3990,4013,4021,4057,4085,4105,4139,4193,4233,4305,4409,4511,4567,4643,4768,4928,5089,5223,5396,5605,5953,6228,6399,6558,6591,6688,6746,6872,6860,6814,6866,6848,6824,6711,6629,6501,6414,6405,6300,6177,6178,6078,6016,5977,5938,5851,5831,5800,5738,5624,5554,5530,5469,5439,5412.0,5365,5347,5305,5309,5344,5384,5375,5370,5442,5513,5592,5652,5727,5739,5752,5854,5986,5948,5908,5996,5964,5947,5997,6008,6098,6154,6209,6244,6260,6351,6435,6523,6638,6610,6638,6660.0,6603,6564,6442,6475,6303,6221,6180,6114,6045,5981,5877,5925,5693,5597,5639,5481,5362,5259,5153,5053,4921,4813,4755,4656,4619,4552,4492,4411,4376,4347,,,3.3980434,1
L0505180850_130F,2.4716625,2.92,2.9200001,-0.8869770487160561,0.18658519380277921,0,0,10.0,19.166666,5.0,0.69999999,1,192,5,0,0,1.0,,,1,1,2.4746009557465684e-27,9.694094713826833e-23,3.4885036137797405e-18,1.219703983528476e-14,9.226261894775421e-12,1.837043479670097e-10,2.9813400392496125e-9,3.9550796396946045e-8,4.2881627234949355e-7,3.8019177607782073e-6,2.7549487844099437e-5,0.00016319883157456068,0.0007900339095020796,0.0031281458599932217,0.01012081402568399,0.026790492359366095,0.05795539485377792,0.10261689819554795,0.14853825597206,0.17611893893554037,0.17084272919942456,0.13586785962169298,0.08849939772335674,0.04734248746676599,0.020778855576761953,0.007504997799841923,0.002230058132496057,0.0005471526374098279,0.00011086735356919062,1.8654179929458724e-5,2.6077724682353806e-6,3.0421367943160606e-7,2.9785583218241313e-8,2.462350297794617e-9,1.7344369979803803e-10,1.0502706988271441e-11,5.610471469909425e-13,3.159850590571454e-14,6.626689977918353e-15,5.554288810778128e-15,5.5128955818462975e-15,5.510204993419641e-15,5.510160316567963e-15,5.510135406382275e-15,5.5106564874490275e-15,5.510259455897882e-15,5.510252534584938e-15,5.510197483030018e-15,5.509316551195036e-15,5.509906841857632e-15,5.509062549316565e-15,5.5095995938444634e-15,5.50826622819215e-15,5.509133116399886e-15,5.507921801021884e-15,5.508676464864662e-15,5.507655370097612e-15,5.508225233097194e-15,5.507080291876977e-15,5.50774354879435e-15,5.507827495748104e-15,1.300856679314875e-25,5.102902395345195e-21,1.8319164819145224e-16,3.6564845071279843e-13,1.597270249919244e-11,2.927324646791058e-10,4.412339836419016e-9,5.4862299480013046e-8,5.610800182379959e-7,4.735388090050837e-6,3.287345458620047e-5,0.00018783531123267613,0.000881200917170879,0.003401355500974703,0.010765694609942094,0.028000036426091883,0.059667986096586204,0.10438914181627212,0.14957093023664228,0.17591615649847553,0.16948332203203526,0.13405448102080175,0.08691763127293421,0.046327397112925967,0.020270793635111924,0.007303460654615603,0.002165663358905409,0.000530466204842254,0.00010733419549084932,1.8039278028866647e-5,2.519372103336039e-6,2.936583760527498e-7,2.8732201696375727e-8,2.3738858104735565e-9,1.6713186532173004e-10,1.0116597545934438e-11,5.404422897162602e-13,3.0624784920923986e-14,6.585092595784526e-15,5.5526843697767004e-15,5.5131378039085745e-15,5.510248506890207e-15,5.510197353607475e-15,5.510163163534929e-15,5.510777351802258e-15,5.510284108232713e-15,5.510271425532452e-15,5.510210542272631e-15,5.5091746071578875e-15,5.509915260283643e-15,5.508932318079745e-15,5.5096101273934955e-15,5.508057378640522e-15,5.509141899354759e-15,5.507741427187614e-15,5.508684536055962e-15,5.507509535926573e-15,5.508223951827923e-15,5.506908507381474e-15,5.507729287336927e-15,5.507837887452321e-15,20,3,10.894033,11.666668,564,557,551,562,575,563,549,576,576,577,573,571,574,580,577,574,571,576,575,558,547,546,535,537,525,527,526,531,529,533,536,562,571,567,571,581,582,582,587,590,591,598,607,612,624,632,646,650,654,661,673,678,689,685,693,692,690,685,678,679,678,679,674,673,678,675,674,676,673,672,668,671,668,673,668,669,665,663.5,662,655,651,651,650,651,649,659,651,655,662,662,660,665,664,667,669,666,671,667,669,665,670,671,670,677,683,692,698,705,713,715,725,733,739,747.0,752,749,742,742,748,744,747,743,735,729,725,713,707,704,696,693,686,671,664,647,631,620,611,598,588,588,585,580,572,573,20,3,0.37756038,1
L0506094845_4488,9.3882208,8.082,8.0819998,0.06443044593732226,0.9565195961808838,0,0,10.0,18.5,7.3000002,2.0999999,1,192,4,2,3,1.0,1.0,0.0,0,0,0.00013232049011214228,0.0011875822855717138,0.0020004201295505623,0.0023242273375850874,0.0028595579376154263,0.0035116023667429064,0.003889112968502893,0.005159780390254029,0.005134124786382782,0.007121137424447409,0.007083856141595438,0.009036794601034032,0.009720768017278295,0.01136164187021973,0.012616666297841746,0.014167771383339346,0.015715071623424018,0.017344268767855536,0.01901643328745795,0.02068612159844567,0.022374920637972407,0.02399195697891539,0.02564298448660571,0.027214987705181905,0.028576441407365073,0.029811518071949383,0.030955003754728004,0.03195742489702892,0.03268792377069989,0.03328947402670584,0.03353469244211664,0.03361599562500394,0.03344282274649136,0.03308752721051878,0.03245469712993816,0.03164193182012793,0.030623305286632607,0.029436531371111737,0.02811057722128944,0.02664709305788264,0.02509082888526478,0.023428006994318802,0.021793399060323956,0.020107999832017782,0.01841582804917657,0.016695875508462247,0.015122939184370257,0.013553504836423574,0.012097722249085046,0.010671759156705322,0.009402498922554056,0.008166821147774882,0.007108901235856667,0.0060952183925382115,0.005233354607414344,0.0044241852428238285,0.003748371251141998,0.0031280952604419198,0.002614854725682391,0.002156651007622134,0.001776115096478815,0.00013232049011214228,0.0011875822855717138,0.0020004201295505623,0.0023242273375850874,0.0028595579376154263,0.0035116023667429064,0.003889112968502893,0.005159780390254029,0.005134124786382782,0.007121137424447409,0.007083856141595438,0.009036794601034032,0.009720768017278295,0.01136164187021973,0.012616666297841746,0.014167771383339346,0.015715071623424018,0.017344268767855536,0.01901643328745795,0.02068612159844567,0.022374920637972407,0.02399195697891539,0.02564298448660571,0.027214987705181905,0.028576441407365073,0.029811518071949383,0.030955003754728004,0.03195742489702892,0.03268792377069989,0.03328947402670584,0.03353469244211664,0.03361599562500394,0.03344282274649136,0.03308752721051878,0.03245469712993816,0.03164193182012793,0.030623305286632607,0.029436531371111737,0.02811057722128944,0.02664709305788264,0.02509082888526478,0.023428006994318802,0.021793399060323956,0.020107999832017782,0.01841582804917657,0.016695875508462247,0.015122939184370257,0.013553504836423574,0.012097722249085046,0.010671759156705322,0.009402498922554056,0.008166821147774882,0.007108901235856667,0.0060952183925382115,0.005233354607414344,0.0044241852428238285,0.003748371251141998,0.0031280952604419198,0.002614854725682391,0.002156651007622134,0.001776115096478815,0,0,0.0,0.0,1119,1110,1107,1093,1081,1070,1058,1057,1054,1039,1025,1019,1008,1011,1015,999,997,993,981,987,990,991,992,985,987,996,1003,1008,1011,1015,1024,1033,1044,1067,1097,1104,1113,1124,1139,1159,1189,1222,1269,1300,1327,1381,1418,1501,1581,1674,1799,1836,1945,1949,1918,1916,1901,1923,1984,1945,1911,1904,1872,1854,1827,1814,1808,1792,1791,1769,1756,1713,1738,1742,1756,1744,1721,1692.0,1683,1692,1662,1626,1620,1589,1579,1569,1565,1571,1559,1595,1585,1583,1623,1668,1686,1718,1736,1738,1749,1757,1749,1758,1780,1832,1842,1839,1865,1856,1826,1842,1869,1859,1842,1887.0,1872,1872,1858,1869,1862,1866,1815,1789,1774,1743,1716,1697,1707,1657,1605,1551,1519,1485,1453,1427,1401,1371,1335,1295,1261,1236,1222,1198,1169,1144,,,1.3592167,1
L0506102509_FB89,11.012214,8.283,8.283,0.07035478555134,0.9594689187810671,1,24,10.0,18.5,6.4000001,3.5,1,192,0,0,1,,,1.0,0,0,0.0007934393975189825,0.0013790455715123515,0.0017765945542527754,0.002280131843748711,0.0027725968512206634,0.0033445528444547815,0.0039854847741782945,0.004707061287797841,0.00554010098256426,0.006448328330875253,0.007485714726343594,0.008562253504513225,0.009842214959891026,0.01109312705883688,0.012596603471030319,0.013986015228705297,0.015676424353287116,0.017163725669394694,0.018972999204050676,0.020509443726246492,0.02233419492951221,0.023843050124617925,0.025577053572586956,0.026978395987035067,0.02849570445878475,0.029675267065272747,0.030882961069156993,0.03175898329748532,0.03257380231359809,0.03308171613218867,0.03342816141331606,0.03349396668777348,0.03337160397712507,0.03300216757100872,0.03241772828082899,0.031629730834490034,0.030639116921268597,0.029493727288325968,0.02817380602433821,0.026745300616544673,0.025194338494676564,0.023573203682227237,0.021921987093756527,0.02025027204719701,0.01855994888771203,0.016881223686803656,0.01527882345008627,0.013723070461291861,0.012247320875317862,0.010842166739917093,0.009545708024581536,0.00833114237000156,0.00723873701728151,0.0062349068217043245,0.005343205673150433,0.004538989182624653,0.003837325487208234,0.0032168063557747803,0.0026828278389717927,0.0022202370846441796,0.0018254618193893001,0.0007934718575416599,0.0013791283047755074,0.001776816130758689,0.0022807312437943305,0.0027742510313075136,0.0033491110969210373,0.003998034366267179,0.004741587020069439,0.0056354136845255635,0.006717621929416918,0.008287245182768297,0.011160296252906262,0.018652801235916804,0.015602952463516133,0.015545347712604296,0.016819638342263316,0.018236701777917315,0.020057124392080114,0.021592571394802182,0.023370628207703827,0.024593277866422302,0.025454886546156165,0.024380374032792522,0.020814570920339608,0.014445788523874391,0.021029721506196166,0.02586877455901216,0.02813033053267219,0.028511405444546827,0.026972065167004376,0.023788838425063547,0.01927605279345092,0.014311647905190097,0.009781007425104392,0.006217524335207044,0.0037377461483467924,0.0021492439071217374,0.0031451892840937716,0.0044874000553081364,0.006281097932529868,0.008660919842854534,0.011778000550904255,0.01587248638765382,0.021257283877591997,0.028315126313214426,0.03745874075672076,0.04955992618673559,0.06596449289628127,0.08924387468842375,0.047594460741718386,0.026994441136939683,0.016590951217541384,0.011146760626503752,0.008086757848974013,0.0062207145709754505,0.004955526236992574,0.004035054644268922,0.0033109639857432714,0.002727669857696543,0.002241696430148091,0.0018357342638278733,0,0,0.0,0.0,1391,1384,1375,1375,1377,1370,1365,1359,1354,1353,1348,1346,1343,1347,1344,1360,1365,1362,1352,1343,1347,1351,1360,1361,1353,1358,1360,1369,1369,1376,1378,1394,1418,1443,1462,1488,1509,1542,1574,1590,1617,1647,1670,1705,1744,1785,1821,1861,1890,1930,1965,1978,2002,2019,2033,2056,2050,2048,2054,2073,2078,2074,2079,2060,2059,2064,2072,2073,2078,2065,2055,2059,2047,2065,2084,2100,2091,2071.0,2051,2044,2038,2028,2031,2022,1989,1988,1980,1981,1999,2006,1984,1981,1991,1995,1998,2006,2041,2049,2050,2067,2093,2101,2097,2134,2134,2163,2175,2213,2265,2337,2383,2448,2475,2500.0,2530,2495,2478,2459,2406,2382,2336,2298,2240,2202,2148,2083,2023,1984,1939,1898,1842,1792,1748,1715,1674,1646,1628,1562,1546,1505,1474,1451,1427,1412,,,1.3592167,1
L0506110207_811A,5.0506921,4.594,4.5939999,1.1890908445003525,0.4867244753621647,1,12,10.5,18.5,2.0999999,0.2,1,192,8,3,0,1.0,1.0,,1,1,1.2354077237922936e-18,2.271816481690088e-16,3.72217540491073e-14,1.3927015775911526e-12,5.045721025974415e-12,1.5929921678015795e-11,4.885785570827789e-11,1.4530088715443078e-10,4.196454914449922e-10,1.1752811055738178e-9,3.1992041880199618e-9,8.444073693933282e-9,2.16758312621289e-8,5.3964724953545843e-8,1.3068418349197927e-7,3.069270172613206e-7,7.018961956031801e-7,1.5570869065588495e-6,3.358876280442331e-6,7.031470630853406e-6,1.4328117407223452e-5,2.8332933173006637e-5,5.447942905425472e-5,0.00010173688033124519,0.00018464077848440844,0.0003255294195197209,0.0005578135242271631,0.0009287947731399077,0.001502559988491149,0.0023622448042050124,0.0036087033858913835,0.005357228446848968,0.007728729019908237,0.010836030154602641,0.014763580092388937,0.019543133401663727,0.02514587587177153,0.03144589141974718,0.038215314837724265,0.045118345884593486,0.05178199706417556,0.0577574777253964,0.06261263114181509,0.06594917291144525,0.06752642779801306,0.06717499367648179,0.06496292835259607,0.061038733703912884,0.05575175137978497,0.04947440704212354,0.042677791376114674,0.03577756217747805,0.029150417852008278,0.023088519159646662,0.01777141848101016,0.013294540180940968,0.009665710697833025,0.006836083967047296,0.004697168265363984,0.003137237385102637,0.0020365604619967666,1.860720147643338e-18,3.426975754889385e-16,5.4737033984847534e-14,1.5307629424681868e-12,5.383371291977063e-12,1.698605310290909e-11,5.2056852935997015e-11,1.5477994912533443e-10,4.469249547009737e-10,1.2531595676676573e-9,3.4288308038728942e-9,9.360050577321185e-9,2.863068219257413e-8,6.700647281059195e-8,1.6081879944479256e-7,3.7629748282087527e-7,8.553768342752362e-7,1.8861959464573975e-6,4.041989155728023e-6,8.418680787823245e-6,1.7031065253137485e-5,3.341942063823841e-5,6.346860324918663e-5,0.00011366455789613749,0.00017384380723429657,0.0003321400089257903,0.0005743316539359609,0.0009555552135314484,0.00154299767506179,0.002421049417413587,0.003691564747612428,0.005469593182872618,0.007873509422633629,0.010996353636015978,0.014807839952915255,0.01870219539832136,0.020335710594029995,0.028602293265702905,0.03600847392838799,0.043083146542426315,0.0498667016288497,0.05603345612194636,0.061205506444079856,0.0649444124847093,0.06708546673759506,0.06746938696922918,0.06649804065480229,0.06523383613615567,0.06789127228467533,0.05167182506288751,0.042794764759685265,0.035494864111032524,0.028813286000674135,0.022774134772729514,0.017500147999316297,0.013071096596111657,0.009488464219885482,0.006700118991161033,0.00459676836823428,0.003065489910367332,0.0019869279358944976,0,0,0.0,0.0,743,734,731,726,718,709,708,694,692,684,676,666,659,658,657,662,670,670,670,669,670,667,665,663,661,665,667,664,672,672,674,682,690,698,709,715,714,720,732,737,745,756,760,768,773,785,800,807,854,871,898,914,931,972,985,981,978,968,964,970,972,975,962,968,959,961,956,955,944,941,948,950,955,944,941,942,951,947.0,956,952,946,943,937,932,928,929,929,923,925,926,925,930,933,927,945,950,947,959,974,977,969,964,970,976,981,989,989,1003,1022,1026,1034,1044,1048,1064.0,1090,1097,1106,1084,1082,1073,1048,1041,1039,1021,1006,998,990,975,955,933,915,894,881,859,843,828,821,810,801,798,789,781,762,756,6,5,1.3592167,1
L0506113811_0E33,14.744379,15.669,15.764944,0.0711584065837871,0.9708687139727942,1,24,9.5,19.0,5.5999999,0.30000001,1,96,0,0,3,,,1.0,0,0,0.0010363243018894498,0.0014289530370741712,0.0018790261858460913,0.0023376722266209276,0.0028727954865176114,0.003439772105236632,0.0041261188128121585,0.004855052104768691,0.005716370987905818,0.006635694468835284,0.007681821788069596,0.00879944730335755,0.010094269688245297,0.011369326105108466,0.01285985471274994,0.01420490600774972,0.015894234258549786,0.017435665025405625,0.019149624455796134,0.020671722194517576,0.022412613855216746,0.023804493182122955,0.02547789285139328,0.02686354780885117,0.02823001324599121,0.02938091972926428,0.03044048816822883,0.03136489450697014,0.031996173310154565,0.032687658121988275,0.03276272894549537,0.03287560253974623,0.03250128627701974,0.03261982803911815,0.03177432014763735,0.03109893984487749,0.02991479868312203,0.02913927207067991,0.027679555812744415,0.02665191136593908,0.025034946610870128,0.023632324239777392,0.02194266675906764,0.020424569368581662,0.018751758240036116,0.017177330975054396,0.01559521123191257,0.014050160926655968,0.012582380678653695,0.011203281893833902,0.009924253678955504,0.008646518090025484,0.007537936904506515,0.006516053160368373,0.0056126843401878195,0.004757683396718553,0.0040349750276722175,0.0033672243722817196,0.002812013317336048,0.002319768483681777,0.0019106685402047496,0.0010487193982406215,0.0014434992631050135,0.0018910062420859329,0.0023534212108009267,0.0028895561127362263,0.0034677769518339655,0.0041702049820868245,0.004944644956425059,0.00591216798559727,0.007121669859884027,0.008996713962973957,0.012678084274874575,0.0218590759698753,0.017887114838431684,0.017230020264391917,0.018184512312432066,0.019456526115178407,0.020998116342283837,0.02242374843842685,0.02374077135335594,0.02427541499918565,0.02357969855586863,0.020287824816476067,0.014814220848144563,0.008526857064297783,0.010102854193220039,0.009870740063182337,0.008167676288592614,0.005950251425383082,0.004153719937049296,0.00270532008775146,0.0017183369910354297,0.0010581186802033837,0.0006802660023607661,0.0004268354840948207,0.0002693664829597117,0.00016792457427486232,0.00028618597792681445,0.0004828032922912707,0.0008461035759459577,0.0014700077324683524,0.002593230595432217,0.0045495980986376885,0.008100727404557239,0.014364619901007781,0.025649077221909067,0.04571269554965964,0.08125959706085965,0.14473177238004561,0.09848567412892831,0.06745853119783429,0.045604588272620795,0.031264526553845845,0.021764752117187116,0.015411955008607522,0.010922086010529589,0.007912245939965845,0.005749471218181789,0.00427494077727711,0.0032055176853071437,0.0024465149698725723,0,0,0.0,0.0,1981,1985,2045,2026,2012,1991,1978,1983,1986,1984,1969,1959,1956,1940,1927,1923,1902,1903,1889,1881,1881,1901,1905,1904,1907,1914,1950,1976,1996,2013,2036,2062,2137,2118,2158,2084,2082,2130,2204,2221,2235,2259,2262,2325,2365,2379,2369,2423,2481,2545,2699,2788,2863,2979,3066,3204,3354,3464,3489,3496,3467,3438,3430,3353,3240,3103,3065,2986,2974,2972,2964,2963,2964,2928,2880,2879,2870,2818.0,2823,2843,2838,2807,2820,2842,2824,2815,2843,2816,2802,2808,2791,2787,2774,2784,2807,2788,2841,2849,2882,2976,2975,2983,2939,2942,2966,2955,2946,2905,2901,2914,2957,3010,3006,3015.0,3010,3025,2993,2945,2895,2888,2834,2794,2747,2684,2660,2640,2619,2595,2549,2514,2499,2445,2415,2379,2343,2311,2259,2237,2200,2181,2159,2126,2082,2058,,,1.031521,1
L0506122828_C357,10.828839,10.401,10.401389,0.9669340625997195,0.6758255220495665,1,24,10.5,18.5,4.5,1.0,1,96,14,4,4,0.9285714,0.75,0.25,1,1,1.890701130485718e-7,3.6156079326972836e-7,6.638420658950821e-7,1.1539808594639718e-6,1.9986849503944334e-6,3.368727630504352e-6,5.636855305212009e-6,9.259187734591277e-6,1.5022897353538279e-5,2.4028065086120742e-5,3.7887805080752395e-5,5.894263204662506e-5,9.02988815508332e-5,0.0001365984914911502,0.00020346529180501063,0.00029941395787555703,0.00043362832996209826,0.0006199362574892242,0.0008720367007372742,0.0012125556726412085,0.0016603004755631316,0.002244658441967042,0.0029843197505560566,0.003919937231242916,0.005070473722198837,0.006479697463014799,0.008149111074655699,0.010123148194124318,0.012375303334378897,0.014940095018142517,0.017764371888811744,0.020852229478851972,0.02411050867604866,0.027507601843343492,0.030930900956761827,0.034310781843948875,0.03753131530442446,0.0404769234375491,0.04303943371491384,0.045092607312597024,0.0466625421806843,0.04759139734166677,0.047870921093925295,0.047413304410049824,0.04638248744215972,0.044665302077386435,0.042494610334967854,0.03982505598849372,0.036836245210623245,0.03357490039227482,0.030197719396063867,0.026788469081964004,0.023431458902302756,0.020232698284050516,0.0172103583161698,0.014448974927618239,0.011956235133143544,0.009782917802701964,0.007875801080461823,0.0062634409378348015,0.004904993609789689,1.9228557561009684e-7,3.674179591924886e-7,6.70835994210184e-7,1.1680322888413215e-6,2.020406683294625e-6,3.410933264492096e-6,5.71839659840333e-6,9.450808593074023e-6,1.555885483605438e-5,2.583959798192326e-5,4.497090348444594e-5,8.972593961378917e-5,0.00022960084865668182,0.0002744310239880539,0.0003735934737665326,0.0005283058472507627,0.0007462332594009996,0.0010425850000740599,0.0014384736476046656,0.0019481425208971073,0.002554401487965172,0.0031857112268182533,0.0036328921417829404,0.0035594609738987173,0.002817548811180245,0.0048051103419511215,0.0068352651576183525,0.008605927883482837,0.009900183852215971,0.010511297602121316,0.010214204610012987,0.009064506664189132,0.007322891712762571,0.00545403696038382,0.003780302365446083,0.002474651684318926,0.0015496951319113898,0.0025063024516050873,0.003942449589372382,0.006026893658475551,0.009069084797506406,0.013474211863076645,0.019789476109565062,0.028627214627077513,0.041155770454648466,0.058553116622238936,0.08340741466448312,0.11967917502210872,0.1761599366948402,0.10069628018068988,0.06221097038015873,0.042010680627342964,0.03064540550930546,0.023652493784327218,0.018819168071717837,0.0151950246606472,0.012292323598243195,0.009926760637675208,0.007930974395461962,0.006277786346723105,0.004902536610137339,0,0,0.0,0.0,1568,1560,1549,1541,1540,1534,1536,1539,1544,1536,1527,1514,1514,1513,1516,1531,1517,1506,1511,1487,1479,1481,1479,1483,1490,1494,1498,1504,1518,1525,1544,1552,1571,1591,1610,1638,1668,1689,1718,1726,1755,1771,1790,1822,1840,1890,1907,1935,1955,1987,2014,2056,2099,2127,2142,2149,2180,2207,2212,2237,2242,2232,2213,2190,2171,2153,2143,2134,2133,2143,2130,2114,2113,2110,2107,2105,2115,2113.0,2091,2083,2061,2032,2034,2025,2007,2000,1988,1983,1988,1995,1991,2007,2020,2035,2034,2039,2046,2037,2037,2046,2062,2094,2109,2139,2154,2186,2212,2234,2283,2302,2352,2413,2441,2424.0,2416,2427,2427,2431,2394,2349,2376,2348,2282,2227,2176,2130,2077,2017,1987,1931,1903,1872,1828,1818,1796,1766,1737,1721,1696,1662,1645,1620,1598,1590,11,13,0.93272221,1
L0506155809_A810,12.072971,10.929,10.934375,0.07332809833380252,0.9608755713207889,0,0,9.666667,19.5,11.8,3.4000001,1,192,1,1,0,1.0,1.0,,0,0,0.0003891753714457021,0.001445075451612067,0.0017809404504144242,0.0023500675669643973,0.0027054914063615837,0.0035283209853774872,0.003829191707033191,0.004954705761300334,0.005405411646105056,0.006604501314920055,0.007454808695907621,0.008670853772449659,0.0098312565797336,0.01124613620322168,0.0124270407958014,0.014293312209983875,0.015199947533792089,0.017732914154939352,0.018269709754116424,0.021077851085221692,0.021680851662255165,0.0242248354286405,0.025125624515490004,0.02715481357192866,0.028189269440669816,0.02968763361765975,0.030663998069493797,0.03174672778168309,0.03238419167429609,0.03296108159424285,0.03325737415718843,0.03344056254374374,0.033269056560343006,0.03297860600679928,0.03235512659709534,0.03160982502059807,0.030616888814390564,0.02952425554223921,0.028193505972767388,0.02679060410987177,0.025241954006051108,0.02365412289779311,0.021991406908037116,0.020331039729419412,0.01863512197704673,0.016975356787358432,0.015358478612152312,0.01381412352449417,0.012321630636008107,0.010926205543877002,0.009612420979165018,0.00841113827017066,0.007300612017860296,0.006312551997600748,0.0054032879030824,0.004615095563777467,0.0038940826752620213,0.0032812931757549508,0.0027311451201271642,0.0022717539418509046,0.0018656326050126948,0.0003891753714457021,0.001445075451612067,0.0017809404504144242,0.0023500675669643973,0.0027054914063615837,0.0035283209853774872,0.003829191707033191,0.004954705761300334,0.005405411646105056,0.006604501314920055,0.007454808695907621,0.008670853772449659,0.0098312565797336,0.01124613620322168,0.0124270407958014,0.014293312209983875,0.015199947533792089,0.017732914154939352,0.018269709754116424,0.021077851085221692,0.021680851662255165,0.0242248354286405,0.025125624515490004,0.02715481357192866,0.028189269440669816,0.02968763361765975,0.030663998069493797,0.03174672778168309,0.03238419167429609,0.03296108159424285,0.03325737415718843,0.03344056254374374,0.033269056560343006,0.03297860600679928,0.03235512659709534,0.03160982502059807,0.030616888814390564,0.02952425554223921,0.028193505972767388,0.02679060410987177,0.025241954006051108,0.02365412289779311,0.021991406908037116,0.020331039729419412,0.01863512197704673,0.016975356787358432,0.015358478612152312,0.01381412352449417,0.012321630636008107,0.010926205543877002,0.009612420979165018,0.00841113827017066,0.007300612017860296,0.006312551997600748,0.0054032879030824,0.004615095563777467,0.0038940826752620213,0.0032812931757549508,0.0027311451201271642,0.0022717539418509046,0.0018656326050126948,0,0,0.0,0.0,1297,1270,1253,1236,1229,1219,1213,1200,1197,1189,1183,1171,1164,1162,1160,1164,1157,1153,1149,1145,1137,1151,1155,1161,1167,1175,1185,1201,1221,1226,1241,1272,1290,1308,1310,1317,1342,1357,1376,1386,1411,1446,1484,1531,1583,1617,1682,1710,1774,1813,1882,1984,1990,2104,2140,2179,2196,2179,2165,2160,2144,2122,2093,2120,2136,2185,2200,2173,2134,2090,2064,2057,2043,2024,2014,2015,1965,1943.0,1947,1929,1909,1884,1857,1868,1856,1818,1780,1776,1757,1785,1794,1824,1864,1887,1912,1908,1883,1902,1914,1972,2024,2087,2116,2160,2263,2298,2351,2363,2441,2403,2468,2500,2556,2607.0,2637,2650,2626,2580,2543,2528,2495,2460,2492,2524,2474,2486,2372,2359,2296,2271,2174,2097,2059,2000,1904,1913,1904,1813,1774,1708,1682,1638,1553,1424,,,0.75512034,1
L0506174402_4BB5,13.424431,13.767,13.767,-0.7203606179421886,0.7457540573379963,0,0,10.166667,19.5,4.5999999,1.5,1,192,5,0,4,0.80000001,,1.0,1,1,0.002535356067626373,0.003646453158846278,0.004992674364355959,0.006349471299290965,0.007952584018563223,0.009648596347315727,0.011621870006222128,0.013755283379751827,0.016127506403881133,0.018632671962165462,0.021396476257764235,0.024154198940189366,0.027025468711124944,0.02984679988054311,0.03256741410707235,0.03525985252197531,0.037507817418052376,0.039677886920262494,0.041202298728573825,0.042619104837710343,0.043217425081892705,0.04368645082759149,0.043235249864885056,0.04256589406247755,0.041191582755768806,0.039825194871294066,0.03762796102573313,0.03538819194316246,0.03268161579093592,0.030138081359319786,0.027216958599963505,0.02455087785500608,0.02169649795544448,0.01904368308016481,0.01646062691004231,0.014119631169346692,0.011942045171153425,0.009993700107823498,0.008269946506549292,0.006741348211537008,0.0054481971168970625,0.004356858196876086,0.0034481672413765713,0.002673839480498137,0.0020631314625257366,0.0015731128696959366,0.001188693776975767,0.0008843054618364459,0.0006531930708211354,0.0004745581497163768,0.00034268174723875753,0.00024442816729565626,0.00017286590791518045,0.0001208332855466476,8.371425976666181e-5,5.730749634437903e-5,3.892046561922023e-5,2.612485089701659e-5,1.7397699111079862e-5,1.1444034679906183e-5,7.476776986787483e-6,0.002597854100416938,0.0037322616535411086,0.0050473837963237456,0.006429762399389756,0.008015086894334592,0.009740674941746344,0.011705498126299799,0.01387526117312813,0.016228884245135484,0.01878834437478202,0.021520623838381426,0.02432312387404997,0.02717056305363183,0.030023697543427708,0.032720916860099855,0.035426289881069425,0.037642141085502206,0.03981825237893409,0.04130102738053987,0.04271879079958135,0.04326229398469712,0.04371110777354497,0.04321857363134741,0.0425544857776551,0.04112468983874196,0.03972876191363736,0.03750664015539499,0.03526198564144173,0.03253386450381569,0.029984232554898096,0.027050310488750777,0.024378711607227425,0.021532301579875956,0.018888473648689504,0.016316707302365688,0.013987262782680757,0.011824050637111548,0.009888752856500644,0.008180837391221107,0.006666600350738126,0.005383945662216122,0.004302437019308757,0.0034044122186298576,0.0026395962916860635,0.0020351302292445327,0.0015510981839168064,0.0011713035738821131,0.0008711489528985193,0.0006430255750381068,0.00046712658056290347,0.0003370303310681958,0.00024033026255609283,0.00016984917109786937,0.00011869152015291388,8.217514184828096e-5,5.6241912881032566e-5,3.817246269695579e-5,2.5615883124532447e-5,1.7050422240856755e-5,1.1213188833770505e-5,7.322595463853005e-6,20,3,10.426099,16.701389,1890,1881,1875,1878,1896,1880,1863,1835,1829,1807,1788,1781,1760,1747,1738,1730,1724,1722,1713,1705,1705,1688,1691,1704,1709,1719,1722,1731,1734,1737,1743,1748,1777,1801,1834,1883,1926,1961,1986,2006,2045,2072,2114,2187,2214,2341,2509,2606,2707,2693,2785,2837,2944,3101,3139,3256,3278,3383,3391,3386,3312,3279,3253,3211,3185,3175,3142,3159,3132,3085,3059,3077,3041,3108,3099,3087,3005,3013.0,2994,2980,2960,2963,2909,2967,2971,3022,3002,2968,2985,2981,2989,3101,3110,3117,3070,3079,3083,3062,3079,3076,3096,3160,3175,3184,3172,3229,3267,3316,3350,3373,3385,3472,3492,3529.0,3476,3382,3305,3154,3106,3065,2966,2904,2809,2758,2698,2671,2635,2546,2491,2432,2403,2354,2308,2265,2228,2176,2142,2100,2054,2021,1992,1963,1947,1912,23,3,0.27184331,1
L0508084108_E789,13.819647,25.351,25.377132,0.10674299937015036,0.9623926461181826,0,0,10.0,19.0,10.5,2.5,1,96,13,4,4,0.76923078,0.75,0.75,0,0,0.0008043581531892437,0.001164446422714976,0.0016603050592950653,0.0021190930289116663,0.00263483333637414,0.0031698142690690296,0.003801508816742713,0.004488782506001602,0.0052803944468573175,0.006135827718661696,0.00711328146436936,0.008171943801635839,0.009333982409624386,0.010607493718445564,0.011933583717771657,0.013367523168499608,0.01483901754864183,0.016472053876808883,0.018019339383052682,0.01973935594825198,0.021291729735452104,0.023056486475239422,0.024520550629416042,0.0262577599919104,0.02754295415005355,0.028864744006808607,0.0298968586833666,0.031249935282716714,0.03192377906921261,0.03261193551372006,0.032885752027344964,0.03335202968319776,0.03323184595327652,0.03331726821045268,0.03274832476579128,0.032153582379639514,0.031184159679318035,0.030220901489430026,0.028926550807970658,0.027620045519326196,0.02608697190520465,0.024452786189424272,0.022809356927967407,0.021202082341994746,0.01949857569783472,0.01768051702344322,0.0160510742595267,0.014502670911302173,0.01299244107000004,0.011525910680271584,0.010180038561873293,0.008897585139877293,0.007757085659781066,0.006719949028135841,0.005782102471637554,0.004941137111156107,0.0041943960518351555,0.003538070367774103,0.002963693049696386,0.002468767301241847,0.002040655401458756,0.0008267822314098654,0.001188261516627335,0.0016812757749703278,0.0021397581958125036,0.002656131110179731,0.0031941460767553067,0.003828375785384289,0.0045195930313996005,0.005315107231989249,0.006175806615679917,0.007157770150525702,0.008222756497401968,0.00938877727041104,0.01066724392958782,0.011998980652816717,0.01343953805263871,0.014913910874047665,0.016550910369702236,0.018099621410695887,0.01982276241120699,0.021376320081064645,0.02314062784482663,0.024595469165107027,0.026326918530326173,0.02761485428605327,0.028934375506257135,0.02994913906427221,0.031288813639216165,0.03195680178420398,0.03263902033247534,0.03290108433602852,0.0333521963387202,0.03321237873794295,0.03328254745307232,0.032703883227411204,0.03210048056487967,0.031121783653306895,0.030150110949559602,0.028848768775201046,0.02753975183373081,0.02600808255602046,0.024371779618301625,0.022723397119698563,0.021117660798554684,0.01942180674563777,0.017608372411908654,0.01597965607363876,0.014433802783882467,0.012927991134807575,0.011466565078688264,0.010126226257260743,0.008848733600611022,0.007712274076342651,0.0066793582203219775,0.0057457295385348476,0.004908882091792153,0.004166030099661299,0.003513293632936225,0.002942166035958115,0.0024502983488252092,0.0020250584837184357,0,0,0.0,0.0,2825,2812,2803,2745,2716,2709,2692,2680,2667,2651,2641,2690,2674,2658,2660,2644,2633,2644,2626,2625,2632,2647,2648,2677,2617,2674,2632,2664,2727,2658,2690,2705,2736,2764,2808,2827,2947,3043,3101,3162,3285,3395,3489,3603,3674,3832,3965,4159,4284,4216,4346,4428,4635,4667,4712,4852,4935,5068,5070,5102,5031,4998,4919,4875,4870,4828,4829,4787,4762,4726,4666,4663,4629,4629,4602,4593,4469,4486.0,4474,4459,4389,4377,4324,4330,4333,4396,4379,4320,4388,4413,4427,4502,4479,4532,4536,4524,4518,4534,4514,4514,4577,4701,4724,4755,4784,4879,4988,5036,5100,5153,5193,5255,5257,5299.0,5173,5095,5040,4879,4741,4662,4561,4508,4415,4341,4292,4233,4089,4034,3962,3843,3766,3683,3640,3546,3491,3441,3347,3252,3189,3079,3017,2971,2913,2863,,,0.97086877,1
L0508165913_124E,7.6167121,8.295,8.2909584,-2.17514178192057,0.08949757440176541,0,0,10.0,18.5,3.5999999,1.1,1,96,12,2,5,1.0,1.0,0.0,1,1,8.629928421916994e-5,0.002694243591674336,0.054511276052010095,0.31754859001399144,0.3886069017135428,0.16702662597031293,0.049960775711019936,0.01406502698238238,0.003953733732783821,0.0011113244816923543,0.0003123898273773816,8.802301371657693e-5,2.4803729127911665e-5,7.109180746181375e-6,2.0376960373057026e-6,5.926984007626548e-7,1.7240196673622017e-7,5.158828323494034e-8,1.543722450555059e-8,4.751319943993918e-9,1.4623957210259695e-9,4.6223052825810787e-10,1.4610171883094427e-10,4.7883973463034445e-11,1.5693716767618056e-11,5.218804070014113e-12,1.7354674272922403e-12,5.958905083918327e-13,2.0460512548161656e-13,7.146031969782993e-14,2.4958228398313727e-14,8.780670619761096e-15,3.089172809578296e-15,1.096726705355787e-15,3.893638180874735e-16,1.379597942826935e-16,4.8882156782569955e-17,1.727298818142207e-17,6.1035900606542985e-18,2.1588589719140944e-18,7.635966217627727e-19,2.691984879191946e-19,9.490343112780752e-20,3.357080173546268e-20,1.1875238336365104e-20,4.184394043390801e-21,1.4744277075979197e-21,5.200665767773382e-22,1.8344045363522594e-22,6.484263929437968e-23,2.2920656670650417e-23,8.114581194070746e-24,2.87280429250061e-24,1.0217220783342457e-24,3.6337966044641798e-25,1.2984493362481922e-25,4.639709175604594e-26,1.6663456063306012e-26,5.984681882460597e-27,2.1673324035008715e-27,7.848961912045324e-28,0.00010422547189831232,0.0032440931937438356,0.06388027210424561,0.33606779365129347,0.37482037151798137,0.1569689146118102,0.04667250873697831,0.013120303093563915,0.0036833373995798523,0.0010339804403723674,0.0002902769706488447,8.169016499756658e-5,2.299085127395928e-5,6.5822746833401754e-6,1.8846023492411861e-6,5.476250681733974e-7,1.591349585100487e-7,4.758043174462916e-8,1.422667803988848e-8,4.376052757293479e-9,1.346074284706361e-9,4.2527461549891063e-10,1.343612010041964e-10,4.402616130145276e-11,1.4426095313614152e-11,4.7966043055046414e-12,1.5948483011304312e-12,5.476354807080032e-13,1.8804588281860118e-13,6.568682990234884e-14,2.2945274120253705e-14,8.074065527739428e-15,2.8411363232453037e-15,1.0089213868373679e-15,3.5828107117529964e-16,1.269770743418755e-16,4.5001598135817273e-17,1.5905341658109227e-17,5.62158896556002e-18,1.98883620400554e-18,7.036229963902682e-19,2.4810838918653494e-19,8.748705121822207e-20,3.0954646897494444e-20,1.09523931207138e-20,3.860038637805691e-21,1.360426764024388e-21,4.799612821791597e-22,1.6933166831504862e-22,5.986949318105105e-23,2.1167718086464555e-23,7.495828716660447e-24,2.6544003565144887e-24,9.443060867481079e-25,3.3593914033073195e-25,1.2007655669827836e-25,4.291979492592434e-26,1.5419849299530255e-26,5.539936960618094e-27,2.007066120049499e-27,7.271457921421573e-28,0,0,0.0,0.0,1363,1356,1343,1333,1325,1336,1337,1330,1337,1360,1345,1332,1312,1290,1283,1274,1271,1265,1263,1259,1257,1266,1263,1274,1304,1300,1318,1328,1340,1357,1371,1385,1414,1437,1461,1493,1510,1524,1554,1562,1573,1580,1624,1653,1688,1697,1717,1752,1784,1813,1914,1992,2023,2050,2076,2108,2115,2119,2113,2094,2084,2093,2079,2030,2049,2012,2028,2046,2044,2044,2012,2039,2012,1996,1957,1929,1936,1943.0,1915,1910,1913,1872,1870,1858,1832,1826,1823,1837,1829,1839,1847,1862,1890,1919,1930,1936,1999,1987,1988,2053,2053,2055,2035,2048,2038,2071,2054,2068,2111,2158,2172,2184,2144,2186.0,2188,2186,2182,2139,2126,2107,2118,2114,2069,2018,1964,1924,1870,1839,1793,1753,1734,1691,1674,1646,1601,1574,1531,1500,1485,1463,1435,1422,1410,1380,27,11,0.48543462,1
L0508174958_627D,4.24193,2.307,2.3069999,0.052283818279779806,0.9401968310065064,0,0,10.0,19.0,8.0,1.2,1,192,3,1,1,1.0,1.0,1.0,0,0,9.694774704678825e-12,4.409786909253763e-9,1.7419295200168046e-6,4.329502766136621e-5,0.0018805307760622776,0.0037858136676610825,0.004325117880957016,0.005157073806620472,0.006013928318015356,0.006987372387841416,0.008058843655458349,0.00923793504572187,0.010513779211706042,0.011892191709515955,0.01335438794659961,0.014900678263421986,0.016507001640733748,0.01816967280394107,0.019856203282026544,0.021559137681575097,0.02324514907909437,0.02488834747644306,0.02646858123088442,0.027954787839986978,0.029321721494021173,0.030540257841814016,0.031589133242215676,0.0324571764737231,0.03311067753700112,0.033554523997132914,0.03377030172025864,0.03374486239802859,0.03349944993281836,0.03301971380061266,0.032338919551123314,0.03142811813939029,0.0303623655687424,0.029100015687958895,0.027722171407021472,0.02620817019304893,0.024621913715300092,0.02295485713969759,0.02126253149112909,0.01955417465239494,0.017856475029378167,0.01620370265542484,0.014597671596563873,0.01306113012970122,0.011601615253907478,0.010246687009837427,0.00897852060849144,0.007826696284507814,0.006770730752491578,0.0058250238123020584,0.0049760204329936065,0.004228188638451511,0.0035690704465765493,0.0029968400414265464,0.0025017789690278706,0.002078605735718599,0.001718611538836418,8.18156755284879e-11,3.721677026582322e-8,1.4688497081977489e-5,0.0003216814955703997,0.0020406752492778592,0.0038586565349463917,0.004416786270257365,0.005255402553016427,0.00612389894955064,0.007108470735679015,0.008190120371419493,0.009380728026141285,0.01066585395984099,0.012054518532573676,0.013524297588224583,0.015078121044642713,0.016688187522850645,0.018354713935460478,0.020041059974881755,0.0217417712092363,0.023423568026107375,0.02505742161313514,0.026625494825527656,0.02809716341428683,0.0294474037009404,0.030646634328577137,0.03167201323101668,0.03251859508674374,0.03314763741365271,0.033565863049611504,0.03375791613966493,0.03370430777496095,0.033433872729329905,0.032927277983255974,0.03222777494475159,0.03129131819966736,0.03020954481338624,0.02892852940984448,0.02753981756624321,0.026015447681733573,0.024425675387407843,0.0227555573089259,0.021064135421937632,0.01936065090676735,0.01766840620254582,0.01602530350221789,0.014429631930151697,0.012904309178717278,0.01145479578161129,0.01011374338297498,0.008857076197634515,0.007718298457402424,0.006673626963650047,0.00573923398478834,0.0049001797050563945,0.0041621329950887916,0.0035117038647956293,0.0029474911189837217,0.0024595348835162708,0.0020428056561877946,0.001688435487963007,0,0,0.0,0.0,423,408,407,402,394,394,393,391,391,390,387,386,384,386,386,386,384,385,386,388,388,390,393,393,397,400,400,405,412,416,423,434,437,447,462,470,480,497,504,509,519,523,521,532,540,537,541,538,531,533,531,529,549,551,555,560,565,560,536,534,540,541,544,543,554,564,564,555,562,562,557,577,580,562,563,556,561,558.0,556,558,558,562,555,561,559,554,553,552,557,559,555,559,556,561,564,570,573,592,578,593,595,600,599,601,599,603,612,620,623,620,635,643,671,679.0,698,705,694,702,687,675,679,683,665,654,650,635,609,569,562,549,532,526,516,506,493,486,472,465,460,454,452,447,438,430,,,0.97086877,1
L0509084542_17D2,5.0289755,4.727,4.9911804,0.9395460556231436,0.4986976405420864,0,0,10.5,19.0,4.1999998,0.69999999,1,96,15,5,5,0.0,0.0,0.0,1,1,9.384793045887389e-15,1.0041758506869409e-12,2.423753107978594e-11,9.655460715947458e-11,2.6383038775152895e-10,7.425913996828211e-10,2.0101253266119253e-9,5.3039375781948745e-9,1.3600092262744456e-8,3.39223133389773e-8,8.223644292566558e-8,1.939112223964836e-7,4.444168524327113e-7,9.90833864782938e-7,2.1466253791500423e-6,4.524169381760953e-6,9.268665441542464e-6,1.8473077144238376e-5,3.5780956841774866e-5,6.741160659850206e-5,0.00012349619612359082,0.00022012355038304417,0.0003812576403367232,0.0006426022694180004,0.001052668524929064,0.0016779589666538002,0.002599953379954498,0.003921767124216957,0.005746981326592495,0.00819582537271949,0.011364231481129663,0.015330099732655247,0.02010917378475157,0.025667297988998628,0.03184903578185466,0.03842875320918186,0.04512284879806223,0.051546471652860124,0.05724006723202186,0.061812149570648345,0.06495327629415083,0.06637566812590548,0.06596325602225923,0.0638126103510847,0.059975807139053955,0.05490155824047949,0.0488186644043271,0.04228451798044018,0.03557613735646219,0.029160335042723032,0.023215770108336236,0.017996778925565168,0.013562461421837365,0.00994135073319332,0.007091508009705739,0.004920891914496551,0.003321143943359615,0.002177562820348152,0.0013917551940955857,0.0008643159806006046,0.0005224939442181991,2.0645240034387006e-14,2.0480170640442653e-12,3.021660151532999e-11,1.0780651124664075e-10,2.982419309403898e-10,8.341011963904183e-10,2.2509556223893924e-9,5.919824001438032e-9,1.5123391678993186e-8,3.76010408592904e-8,9.080710505936797e-8,2.1343060842396557e-7,4.872542134636523e-7,1.0826630187133253e-6,2.336639899342303e-6,4.908201019144934e-6,1.001703357041861e-5,1.9896175419955502e-5,3.83946497913111e-5,7.210407121582486e-5,0.00013158969777133633,0.00023376760137974202,0.00040343173725866123,0.0006777532708042744,0.0011063471507636946,0.0017579543947569593,0.002714511273005537,0.004081118018704042,0.005961685499271751,0.008475523192512106,0.011715690216082585,0.015756678495905008,0.02060686065968844,0.026223366621128532,0.03244791634154847,0.03904418455693269,0.04571454053790203,0.052075364357316946,0.057676376859414846,0.06212243642426825,0.06510646700497123,0.06636567444872833,0.06578525239521481,0.06348110543090078,0.05952214882728466,0.05435324616291761,0.04822117322928256,0.041667975997351676,0.03498098118643502,0.02860577361729763,0.02272692126990091,0.017578941450197116,0.013220225635454004,0.00967067410473639,0.006884112166275944,0.0047672009805229554,0.003211097447226254,0.0021016243190908244,0.0013404374873581717,0.0008309224643267723,0.0005013543746016516,0,0,0.0,0.0,868,855,858,852,847,842,839,833,841,821,820,839,855,853,858,858,851,850,847,843,820,836,838,840,803,811,817,826,834,842,847,848,861,866,925,947,907,962,969,986,999,956,976,992,1083,1080,1092,1099,1119,1128,1135,1150,1165,1171,1196,1220,1232,1228,1225,1220,1207,1212,1205,1212,1213,1216,1218,1221,1220,1209,1215,1216,1208,1198,1192,1204,1184,1187.0,1185,1177,1179,1175,1174,1182,1185,1182,1172,1165,1161,1157,1160,1156,1163,1175,1182,1193,1208,1209,1205,1207,1209,1210,1221,1215,1207,1212,1202,1206,1232,1230,1240,1260,1261,1276.0,1285,1282,1280,1280,1274,1263,1247,1237,1242,1237,1222,1214,1200,1180,1123,1106,1113,1120,1091,1070,1051,1033,1017,992,933,921,907,899,881,862,25,12,0.37756038,1
L0509120300_5752,13.777613,10.931,11.074458,0.04925414210094178,0.9645957813560603,1,12,9.5,19.5,6.1999998,2.9000001,1,192,5,2,2,1.0,1.0,1.0,0,0,0.0010998412422346799,0.0015390753264436896,0.0019468263137686168,0.0024364934755319017,0.0029462357480504932,0.0035371419345530297,0.004229910363935308,0.0049591867862757415,0.005849165595700144,0.006772824794908123,0.00783664968914621,0.009006687862297517,0.010237181293975571,0.01161488498814939,0.013049910233112421,0.014506052225393118,0.016192173083123124,0.0176953762372691,0.01947102035190477,0.021050122890210615,0.022732154768598512,0.024349917702137455,0.025872666725013888,0.027374518044975957,0.02872708444518196,0.02989651637072807,0.031021708370816744,0.031829930756077006,0.03254928324563821,0.03298325699463032,0.03325968893515012,0.03327681833228494,0.03294633211624817,0.03271974389163068,0.031949350924282645,0.031230065667156724,0.03004476266446179,0.02907009358539358,0.027551993454683753,0.026330310279884583,0.024658763295365493,0.02317418741385632,0.021420263942981924,0.019858400733176053,0.018117322170649718,0.016554900347438305,0.014928241017652645,0.013427349029340412,0.011932378781270906,0.010603777543669313,0.009321070560027931,0.008134672905769415,0.00704635895736813,0.006082084845809287,0.005201797057974738,0.004425334850282399,0.0037361211858273472,0.0031337810797472045,0.002609516270797036,0.0021627740816096874,0.0017779462184271126,0.0011182610004856345,0.0015562596868259903,0.0019588466715133716,0.0024549435582072125,0.002959316963552419,0.003564911900696539,0.004261213686591629,0.0050250965212853315,0.00597695497106519,0.007075521207531412,0.008597461512320118,0.011029888368459568,0.015608944426346662,0.01465722519052725,0.015207624048275192,0.0163054161773309,0.017937375627833065,0.019455629696412506,0.02120125779321062,0.022722499829781695,0.024201983567024212,0.02503956049532396,0.024900284657663037,0.02277510537561671,0.019130061459399297,0.023826326382744158,0.02756005179595596,0.029666613751234812,0.030917778632929778,0.031126748235446956,0.030553382260888846,0.02897093875130617,0.026403543067577827,0.02322471076424502,0.019156571650415212,0.015095652549855145,0.011208009319072414,0.013376175347822934,0.01529152865255969,0.017338606863593477,0.019162472058216837,0.02101009852488589,0.022741881186395828,0.02459083681542688,0.026430211572409948,0.028491455300172927,0.03077587594503927,0.03345182622461921,0.037006489636662164,0.02516492177832247,0.017697498426657972,0.012871785952019522,0.009714712509156034,0.007581293138025596,0.006040948485543192,0.004890763976044487,0.003992113138906046,0.0032715514473137283,0.002681737147250474,0.0021988065660463046,0.0017944377519574762,0,0,0.0,0.0,1640,1611,1597,1586,1584,1582,1566,1568,1557,1548,1535,1523,1518,1514,1509,1509,1502,1500,1497,1481,1472,1474,1471,1479,1481,1472,1472,1481,1488,1496,1500,1521,1543,1562,1577,1604,1641,1665,1691,1732,1772,1840,1884,1940,1978,2072,2091,2134,2203,2219,2273,2330,2428,2505,2595,2666,2721,2788,2811,2795,2765,2731,2732,2705,2692,2658,2702,2708,2689,2651,2641,2681,2690,2672,2602,2601,2564,2578.0,2561,2545,2535,2519,2504,2513,2520,2540,2526,2514,2518,2528,2542,2577,2564,2579,2578,2552,2546,2549,2514,2526,2528,2536,2526,2544,2572,2579,2577,2587,2599,2591,2602,2629,2652,2653.0,2635,2628,2605,2578,2545,2505,2469,2433,2409,2369,2330,2275,2230,2200,2173,2134,2079,2055,2016,1972,1953,1907,1873,1810,1778,1750,1723,1696,1679,1647,,,0.3691833,1
L0509192146_601D,19.948067,22.748,25.573584,-0.8214338849724944,0.2500818532156639,0,0,10.166667,19.5,10.5,0.80000001,1,96,6,2,4,1.0,1.0,1.0,1,1,1.9440139308119766e-11,7.874201351193583e-11,3.1895191305177487e-10,1.301147471381024e-9,5.30811990249877e-9,2.163030198325827e-8,8.814473182375449e-8,3.6050991530209234e-7,1.474471600645811e-6,6.015078873785125e-6,2.4520976818031046e-5,9.899705767863891e-5,0.00039590167326622873,0.0015314328319552992,0.005539425132009227,0.017347868662987376,0.04396202737811326,0.08634334722245025,0.134692654264508,0.1696033881670818,0.1631585263939183,0.12590489376336084,0.08480832992729287,0.05534752132458559,0.03584629428936625,0.023966134593953314,0.01602305870187597,0.010870461659412448,0.007374821910796451,0.00509648640774035,0.003522031977710567,0.00248393607323317,0.0017518396517463492,0.0012433523865207814,0.0008824751629148682,0.0006294179166700221,0.0004489370625563607,0.0003205831615961871,0.0002289318136184147,0.0001619548976240941,0.000114575019730976,8.117676749907071e-5,5.751510526253164e-5,3.996345919936555e-5,2.7768248018020478e-5,1.925453487692588e-5,1.3351236729115438e-5,9.184951802548603e-6,6.318804932606384e-6,4.3086779866246465e-6,2.938019714799296e-6,2.0008240318718222e-6,1.3625879120861465e-6,9.267946500905935e-7,6.303820390007767e-7,4.283620497233347e-7,2.9108470422962756e-7,1.9792707621489145e-7,1.3458366120101807e-7,9.13364487703973e-8,6.198648813037898e-8,2.005449718931222e-11,8.12386718164626e-11,3.290977515550142e-10,1.34267875326296e-9,5.4781214796314105e-9,2.232532722076724e-8,9.098617182181166e-8,3.72169632375137e-7,1.522313718706508e-6,6.210851163089024e-6,2.5321357167197948e-5,0.00010223508032485542,0.00040885276423087067,0.001581258151167621,0.0057161465516880824,0.0178726097763163,0.04512263614689825,0.08797637510739675,0.1357845076333904,0.16938667988676823,0.16209539679316523,0.12483246112229233,0.08403701190837984,0.05483777434023994,0.03551475019605686,0.02374476529849151,0.015875257239295133,0.01077054913516882,0.007307283245923962,0.005050115834236046,0.0034901970381946406,0.002461705721662517,0.0017363185295365005,0.0012324601528519272,0.0008748328169845543,0.0006240351710127849,0.00044514672175635097,0.00031791227338596865,0.00022705024647671443,0.00016063984082999815,0.0001136561017812461,8.053403918532748e-5,5.706566192471403e-5,3.965411092962577e-5,2.7555352914971074e-5,1.9108280260903786e-5,1.3250774914175012e-5,9.116382283007898e-6,6.272007301234011e-6,4.276963245269579e-6,2.916527756943329e-6,1.9862750455493025e-6,1.3527394514800405e-6,9.201347935560991e-7,6.258786281649618e-7,4.253192177608218e-7,2.8902883518188407e-7,1.965374241712718e-7,1.336443787090896e-7,9.070254167118166e-8,6.155869186023572e-8,16,5,1.2975878,1.2500004,2442,2447,2420,2411,2392,2384,2377,2395,2392,2387,2379,2364,2357,2346,2312,2346,2348,2319,2292,2291,2297,2316,2330,2319,2317,2333,2323,2321,2327,2343,2344,2372,2359,2375,2425,2438,2449,2504,2551,2602,2658,2702,2739,2829,2930,2986,3019,3096,3178,3288,3395,3409,3531,3555,3619,3784,3875,3943,3896,3877,3788,3734,3693,3638,3569,3550,3541,3509,3471,3478,3464,3449,3425,3403,3419,3412,3384,3357.0,3321,3325,3302,3279,3292,3290,3295,3282,3280,3260,3277,3254,3260,3259,3266,3274,3324,3360,3360,3446,3448,3490,3506,3521,3541,3590,3674,3680,3695,3678,3695,3749,3732,3803,3792,3758.0,3708,3650,3575,3538,3443,3418,3377,3338,3275,3186,3119,3082,3021,2984,2932,2902,2853,2810,2784,2755,2702,2663,2631,2586,2553,2529,2496,2477,2448,2442,16,5,1.3592167,1
L0509201048_32A7,9.25175,12.389,11.037042,-0.8195581301091144,0.6537400762653565,0,0,10.5,19.166666,7.5999999,1.8,1,192,13,5,4,1.0,1.0,1.0,1,1,0.0018782944236572156,0.002706120793458148,0.0038599806090601325,0.005317136393547775,0.006523637329182071,0.008969217512760913,0.01040440612505731,0.013764861916855898,0.015918521151134717,0.01964478314144666,0.022760572965688494,0.026649520974088514,0.030305565976214765,0.03411135874013962,0.03777022241872858,0.04107214716532433,0.044189032959815945,0.046602063627228664,0.04864023801043541,0.049398372778048844,0.050042804209093406,0.04973487053182968,0.04867235900650923,0.046613244600018214,0.044223207672915356,0.04126499284836866,0.037877263384537264,0.034392883789278544,0.030556270198928,0.026803501652534447,0.02309421353109286,0.01966042331282295,0.01642364534664353,0.01354683810846471,0.010973962604124688,0.00874333530141281,0.006870820450935639,0.005333523024121924,0.0040634452707053875,0.003034298631952589,0.0022417992489946236,0.0016330802605182817,0.0011701467066889853,0.0008254757133223739,0.0005735831149248705,0.0003921615344539126,0.0002642774585439926,0.00017591943688796214,0.00011506801344159547,7.438758627298982e-5,4.723112301209486e-5,2.967701132725493e-5,1.8297986996349838e-5,1.1193536085489823e-5,6.705100422770451e-6,3.977319326901692e-6,2.3098691661193845e-6,1.3382154731045745e-6,7.539134070432557e-7,4.2621849758265667e-7,2.321440720023401e-7,0.0020618067153957897,0.0028716104580842243,0.004027198301948113,0.00546491392765621,0.006769510889678698,0.00916101093575686,0.010747813020875008,0.01404387172251972,0.016331529355383748,0.02004655229703426,0.023215555301071972,0.027121004295789206,0.030775265615777418,0.03459507556190797,0.03820565056451847,0.04150958526095565,0.04450022248410189,0.046865445459988476,0.04881032004891125,0.04954721313626967,0.04998718376342438,0.04960327241695298,0.048439959670700534,0.04634332742272284,0.04384754952177298,0.040861045010155486,0.03740125257848681,0.03390899906333193,0.030074313088213726,0.02634523926954052,0.022658468216958275,0.0192617926036643,0.016064422934874246,0.01323165262624547,0.010707292695107309,0.008519838735572277,0.006683082168912297,0.005180141691122742,0.00394371211757947,0.002941436498554144,0.002169780067743612,0.0015785104746998395,0.0011296830603520147,0.0007959795757195698,0.00055248619869149,0.0003773216457362861,0.00025394670028400533,0.00016885864366932243,0.00011032640793151989,7.125175786589119e-5,4.519386666876728e-5,2.8370810640130723e-5,1.747521960615938e-5,1.068078220738868e-5,6.393654237047308e-6,3.7894492612964585e-6,2.1991633961393994e-6,1.2728720642330169e-6,7.168946808814617e-7,4.0473395556474974e-7,2.205730715767743e-7,17,10,12.423998,13.321079,1635,1566,1542,1531,1525,1508,1508,1556,1548,1541,1540,1537,1530,1523,1519,1515,1516,1503,1499,1435,1435,1441,1444,1446,1455,1465,1480,1492,1501,1510,1521,1528,1538,1554,1566,1581,1607,1643,1658,1699,1734,1794,1822,1897,1912,1963,2020,2056,2123,2165,2203,2257,2347,2424,2500,2565,2598,2700,2691,2655,2657,2622,2645,2616,2593,2600,2586,2572,2538,2536,2501,2533,2515,2497,2482,2474,2437,2412.0,2407,2353,2331,2321,2284,2287,2282,2289,2308,2298,2312,2337,2341,2345,2336,2361,2370,2365,2426,2428,2448,2427,2437,2446,2435,2435,2464,2487,2490,2514,2491,2485,2466,2501,2523,2508.0,2483,2477,2484,2483,2444,2416,2391,2345,2297,2243,2219,2181,2135,2103,2088,2067,2038,2005,1969,1943,1929,1863,1826,1758,1720,1686,1660,1642,1628,1608,18,10,0.97086877,1
L0511102846_87DE,11.12449,10.727,10.666583,1.54245891817058,0.6061140881529523,1,24,10.5,19.0,8.1999998,2.0,1,96,4,2,1,1.0,1.0,1.0,1,1,1.537282062170715e-6,2.0133387638766253e-6,2.412033640524138e-6,2.5309196719205864e-6,2.6648868604415255e-6,2.655446076465447e-6,2.8662633943537023e-6,2.9191644769680094e-6,3.2611890942183124e-6,3.628925857299075e-6,4.368220675650161e-6,5.45313444769952e-6,7.304914752379856e-6,9.97632149986365e-6,1.4416846633522435e-5,2.0810315084233002e-5,3.121508190133047e-5,4.561087608274868e-5,6.77256816845612e-5,9.855786405563916e-5,0.00014514004752501093,0.0002104877787710384,0.00030093653870654657,0.0004235501087827198,0.0005946386782743917,0.0008248178793763403,0.0011328481704772696,0.0015407784365981168,0.002049204729479293,0.0027068340773058323,0.0035217412222433866,0.0045441716677451244,0.005766659384291594,0.007254331053015293,0.008946009712248728,0.01093817532210101,0.013266498665495077,0.01591098496036163,0.018637840187028194,0.021608146246190077,0.024932915475275076,0.028400333060507037,0.031839183094762476,0.035258491456125855,0.03855601521333372,0.041598628817472144,0.044493115996386834,0.046952828280978146,0.048942018924861865,0.050363752727244575,0.05123429054594875,0.05148843159089489,0.05115286034457836,0.050259532993267776,0.04859213459235526,0.046437658245930546,0.04395833769420274,0.041201602333678346,0.037958092435754084,0.0345882479239304,0.03113580467977869,1.5727119537501138e-6,2.0347719708805748e-6,2.421127175419276e-6,2.5343874534935262e-6,2.6665705408489306e-6,2.6605449447064235e-6,2.8728856189517916e-6,2.941957290419618e-6,3.321530074262465e-6,3.826805414535704e-6,5.086995739221726e-6,8.368905866176721e-6,1.978497950495161e-5,2.2777553970519843e-5,3.0777620318231345e-5,4.51536735236074e-5,6.545206164248273e-5,9.724543224421379e-5,0.00013986294023876663,0.000200536427535338,0.00026911673947059084,0.0003394133098650326,0.00037803759318378726,0.000371138746083705,0.00029230256731172953,0.0005234080897752808,0.0008006858229392398,0.0010701091283523635,0.0012779905392745258,0.0014090285921728217,0.001420506487108872,0.0013252693718459557,0.0011379448025491629,0.0009184434528348131,0.0006939292231182414,0.0004934714442599044,0.0003402600488535976,0.0006091056156385306,0.0010578182761818637,0.0017606471983566776,0.0029067579610191643,0.004753928144718396,0.0076989963446243035,0.01229139165661546,0.019583582213688853,0.03097508970822684,0.04962071180478888,0.0816511297675403,0.14180922953183223,0.09788646290423411,0.07497883954082121,0.06320128115469788,0.05684768489845367,0.05300661989309738,0.049885472920634874,0.04700709153473751,0.044154316299274826,0.04121731078010524,0.03788844813012638,0.03447730018281485,0.031007827695750036,0,0,0.0,0.0,1594,1551,1528,1514,1490,1478,1468,1471,1478,1469,1456,1442,1430,1418,1417,1422,1424,1428,1444,1384,1393,1402,1388,1379,1374,1378,1384,1390,1394,1390,1399,1416,1438,1443,1472,1500,1507,1549,1583,1592,1646,1685,1736,1766,1825,1880,1980,2053,2127,2159,2187,2252,2396,2460,2582,2670,2720,2774,2801,2782,2753,2729,2685,2688,2655,2636,2635,2633,2611,2585,2562,2565,2620,2625,2621,2563,2554,2526.0,2553,2540,2525,2517,2464,2429,2438,2447,2451,2493,2484,2531,2540,2621,2598,2550,2553,2542,2491,2497,2478,2469,2503,2484,2486,2478,2489,2542,2556,2561,2593,2629,2638,2637,2667,2670.0,2654,2571,2480,2445,2419,2355,2326,2264,2229,2201,2180,2167,2126,2087,2061,2011,1971,1924,1896,1860,1826,1807,1796,1767,1736,1713,1691,1635,1613,1588,3,2,0.19417374,1
L0511145829_E8A0,7.4819708,8.338,8.3971109,0.45455562645509034,0.8571585238610964,0,0,10.5,18.5,6.0999999,1.2,1,192,14,4,5,0.64285713,0.5,0.80000001,1,1,9.954247542744515e-5,0.00018687373429202895,0.0002442301150228068,0.0003405384433789247,0.0004473767232854758,0.0005914032815026399,0.0007701435613625524,0.0009983908247580297,0.0012772698085189596,0.0016250829982928847,0.0020442885333347375,0.0025576927099270706,0.003161305831336655,0.0038865734219111644,0.004719637450037003,0.005697325669228907,0.006802877493616926,0.008077926905072271,0.009470761793857047,0.0110307457691879,0.012717302491296214,0.01456068100881053,0.016499759617479338,0.018576379771199494,0.020673236646283635,0.022807645510763443,0.02497004104258474,0.027071988049547004,0.02912199423980038,0.031008761282925623,0.03277365683486774,0.03427659772318592,0.03559660015511176,0.03661896689221732,0.03734294155967421,0.03773963052000119,0.037808132508482625,0.03755335715863178,0.036960084678641356,0.03609963536167332,0.03489105360917127,0.033448701179725454,0.03177205990421303,0.029969978565301356,0.027954978311087245,0.025917402502210456,0.023748383472622776,0.021627537029934155,0.0194732901018301,0.017427756150291882,0.01541696804739581,0.01355705760285515,0.011784021356900588,0.010185247325108088,0.008697908776802711,0.00738161633684711,0.006195484324697689,0.005164908210635743,0.004260274698837277,0.0034896306333440513,0.0028283612636590266,0.00011577051300890894,0.00019650478627982165,0.0002566007044063759,0.000353369095267758,0.0004645201389162682,0.0006133818713142721,0.0007971862776210815,0.0010329531746139137,0.0013190193258263289,0.0016782172891877255,0.002105955790186481,0.0026345357453458266,0.00324833164054263,0.003991815049763429,0.00483780301388922,0.00583817493631681,0.006954420312576502,0.008250076338918715,0.009658594415148374,0.011240183838306822,0.012937969853417573,0.014800503358986153,0.016741442987423402,0.018820415023014948,0.020930429774477483,0.023062021388889842,0.025222785854047657,0.02730947299218727,0.029350007615449064,0.03121124279171129,0.03295813744930467,0.03443315702597935,0.0357146335219683,0.036699327742151004,0.0373839981192202,0.03774203646542206,0.03776763864163353,0.0374778374878659,0.036837923397675325,0.03594083114612043,0.034705134449704036,0.03324234690891192,0.03153477886149956,0.029718546239814427,0.02768799473373168,0.025644681471910083,0.02347475690842769,0.021357913868386626,0.019211066840708554,0.017176223138412643,0.015180354572950892,0.013335972953065703,0.011581226925536876,0.009999192718424095,0.008533054149845945,0.0072340708089635355,0.006067400896348869,0.005052854210592404,0.004164930144870847,0.0034077455853474647,0.002760526718163332,2,1,-7.7081761,-10.416664,1412,1405,1386,1381,1361,1384,1370,1375,1345,1345,1334,1330,1341,1336,1332,1325,1312,1317,1318,1325,1293,1295,1319,1342,1344,1314,1345,1365,1369,1376,1384,1384,1398,1422,1458,1500,1524,1564,1582,1605,1583,1589,1602,1600,1618,1642,1667,1699,1732,1791,1824,1869,1915,1928,1929,1930,1924,1897,1889,1903,1887,1860,1852,1842,1857,1880,1871,1872,1869,1874,1874,1858,1846,1807,1777,1778,1782,1773.0,1764,1764,1749,1742,1732,1727,1703,1696,1705,1714,1710,1730,1746,1770,1801,1808,1811,1900,1911,1915,1971,1962,1955,1934,1964,1938,1972,2008,2008,2040,2065,2116,2120,2141,2135,2203.0,2235,2208,2206,2199,2168,2162,2144,2094,2060,1999,1946,1888,1846,1813,1777,1748,1722,1704,1682,1658,1631,1609,1591,1574,1553,1538,1517,1500,1459,1436,7,4,0.61782604,1
L0511173921_276A,15.668612,15.998,15.998,-2.041779749977691,0.2938971467011369,0,0,9.666667,19.0,6.8000002,0.89999998,1,96,13,4,4,1.0,1.0,1.0,1,1,0.053101124981128324,0.07289295871113945,0.09336720765979324,0.10468281743548634,0.11033540099433996,0.10788846045056028,0.10058216892038171,0.08818748969194008,0.07392549364533696,0.058862218749313494,0.04454615209281434,0.03221428004979553,0.022135823038555637,0.0148158374456217,0.00932604090378738,0.005686960706094339,0.0032939943301867106,0.001895505661313147,0.0010387877107344977,0.0005672024013455337,0.0003001621926967608,0.0001623047359503816,8.541957380723685e-5,4.6354576762941745e-5,2.4934084467252087e-5,1.4051969277194289e-5,7.914930396429327e-6,4.745258962836197e-6,2.844928887042383e-6,1.7681230059971845e-6,1.0988917451390654e-6,7.328105090538354e-7,4.886930777200447e-7,3.3827077445146515e-7,2.3415651345526478e-7,1.6900417044546924e-7,1.2198617166969488e-7,9.192462358760884e-8,6.927656784132904e-8,5.3112770894702115e-8,4.0724016268094735e-8,3.159111663625354e-8,2.4508855294988172e-8,1.904240074344624e-8,1.4796723938397224e-8,1.1335819907644085e-8,8.685240618377227e-9,6.649332635252693e-9,5.091155845411393e-9,3.766337135043913e-9,2.7864691333997548e-9,2.0513178211873443e-9,1.5102295724558407e-9,1.0802571294954595e-9,7.727432307900173e-10,5.370177346000193e-10,3.7321526568394336e-10,2.536611805442239e-10,1.7240966121646733e-10,1.1464182316051001e-10,7.623138726086143e-11,0.05372382135033342,0.07360800991520369,0.09376569042832598,0.10497517881851538,0.11040242771058384,0.10786671554597983,0.10040758034917469,0.08796651824917515,0.07364057244077404,0.05857508218908226,0.04427356751121883,0.0319829834808654,0.021950820034981475,0.014671598231398346,0.009225261648508822,0.005619183920169209,0.003251391317327172,0.0018690467612892745,0.001023205182513086,0.0005583086611112763,0.0002952647385533063,0.00015955469437946854,8.392711217164286e-5,4.553129412387194e-5,2.4486604415069625e-5,1.3798672077531576e-5,7.771696853727279e-6,4.659466139698385e-6,2.7935418218255535e-6,1.736304608321728e-6,1.0791904851744635e-6,7.197942971846176e-7,4.80094642051549e-7,3.3239385391134453e-7,2.3014065777582214e-7,1.6615392842310346e-7,1.1996404637971493e-7,9.043343078149816e-8,6.81776402227873e-8,5.229091678627953e-8,4.010990757604829e-8,3.112789663371955e-8,2.4159826067603655e-8,1.877939691691501e-8,1.4598791682920368e-8,1.1188907056827856e-8,8.57633921307904e-9,6.568782059365855e-9,5.03166612983646e-9,3.7237411108730552e-9,2.7560101254301297e-9,2.0296605373735482e-9,1.4948535273914122e-9,1.0696141892399722e-9,7.653860635758511e-10,5.320565281729885e-10,3.698733544110204e-10,2.5145214121395043e-10,1.7095079016847195e-10,1.1369566876051574e-10,7.561819937502938e-11,2,1,-6.6022325,-10.416667,2211,2187,2183,2197,2192,2180,2165,2155,2151,2139,2124,2095,2096,2088,2087,2062,2073,2069,2034,2047,2047,2038,2046,2039,2060,2061,2074,2081,2096,2100,2117,2128,2165,2222,2241,2241,2279,2291,2344,2371,2524,2686,2813,3072,3303,3472,3561,3702,3866,3983,4079,4311,4392,4547,4637,4724,4652,4737,4636,4568,4503,4383,4293,4165,4021,3969,3784,3652,3508,3453,3341,3274,3293,3269,3209,3159,3137,3095.0,3100,3092,3045,2967,2931,2896,2889,2890,2861,2860,2881,2884,2938,2924,2986,3079,3167,3261,3348,3355,3397,3451,3429,3468,3454,3474,3460,3456,3481,3454,3421,3373,3413,3485,3587,3653.0,3613,3580,3532,3456,3438,3439,3362,3352,3319,3320,3282,3195,3182,3163,3084,2938,2889,2762,2716,2692,2643,2597,2548,2481,2453,2436,2382,2357,2323,2289,15,13,0.75512034,1
L0511191236_3F96,7.2170606,8.04,8.14009,-0.5664184119345266,0.1399397671521702,1,12,10.5,19.5,4.5,0.2,1,192,2,0,4,1.0,,0.5,1,1,1.5073750268105434e-31,6.764299302044373e-30,3.0357282727410485e-28,1.328779631986494e-26,5.816640759612578e-25,2.530656393936898e-23,1.1010844327275673e-21,4.688085691747758e-20,1.996134261482376e-18,8.318463040939043e-17,3.4663453777777438e-15,1.4168389799782103e-13,5.776477269253515e-12,2.286198912565968e-10,8.68672926081325e-9,2.8769465685342196e-7,7.19051016803565e-6,0.00011609847076149215,0.0011949516641046513,0.008066186386602598,0.035766992009156666,0.10228482191124474,0.1931556802295642,0.24387308138306202,0.207784993344223,0.12447349604906402,0.05519065494364812,0.019442215604762947,0.006050049030724321,0.0018168103424795717,0.000543112182932995,0.00016297069627517932,4.890248517665375e-5,1.4895900157861797e-5,4.537367060784886e-6,1.4158473751524751e-6,4.4180369153395204e-7,1.396946348124279e-7,4.4170286109709093e-8,1.4371290639871259e-8,4.675859330555194e-9,1.5426914784399485e-9,5.089757943965067e-10,1.7086411953178221e-10,5.735954220468013e-11,1.9598311180307434e-11,6.6962811451821605e-12,2.327061730257639e-12,8.086963557288327e-13,2.8562722139241345e-13,1.0088315293877471e-13,3.6327507851686055e-14,1.3081569467398276e-14,4.815236705552418e-15,1.7724991205152325e-15,6.570064576271445e-16,2.4353719713097774e-16,9.134049278799242e-17,3.425910004429142e-17,1.2899678890316533e-17,4.857330543552697e-18,7.057640298230608e-30,3.1726547328623577e-28,1.4262967047392464e-26,6.2524309897204345e-25,2.7409797174722635e-23,1.19418969265575e-21,5.20303738186367e-20,2.21794262406838e-18,9.45486034861867e-17,3.9440906508392885e-15,1.6451758763851995e-13,6.730687763997635e-12,2.747329741162318e-10,6.63929630621468e-9,1.546787363145249e-7,3.181259870400216e-6,5.1033721622981026e-5,0.0005603048220872181,0.004181655916548194,0.02104838830533887,0.07027031278681338,0.15592956681670397,0.2297712976093729,0.22163800915654808,0.1384904241188408,0.09257743560252336,0.0431459632664511,0.015446560825679512,0.00482037272616944,0.0014471405904469407,0.0004323479121384322,0.00012966049363913353,3.888526273021071e-5,1.183949149253661e-5,3.6048184731981563e-6,1.1245974994853015e-6,3.508419221177572e-7,1.801280356683518e-7,9.24821581445835e-8,4.887275853130695e-8,2.5827831760952665e-8,1.384299113820734e-8,7.419721181471772e-9,4.047350150966972e-9,2.2078755625609496e-9,1.2261294641493944e-9,6.809647839094684e-10,3.847498126035905e-10,2.1740299480523053e-10,7.687047947188854e-11,2.7180862645422682e-11,9.80094381589632e-12,3.534163332227811e-12,1.30304736230513e-12,4.80456529318139e-13,1.7840628523064445e-13,6.62504981685103e-14,2.4896954861816108e-14,9.356874578003257e-15,3.5305367461668327e-15,1.332233304248615e-15,22,2,0.79396135,0.85227239,1099,1086,1082,1095,1093,1090,1063,1041,1032,1031,1026,1018,1004,994,996,992,990,987,981,987,987,981,985,985,1001,1006,1013,1005,1012,1026,1036,1049,1063,1078,1089,1105,1147,1161,1172,1181,1220,1259,1328,1426,1493,1556,1573,1616,1684,1806,1871,2021,2056,2082,2049,2002,2042,2082,2110,2148,2176,2191,2191,2161,2228,2221,2247,2228,2250,2271,2242,2240,2210,2169,2099,2090,2048,2079.0,2063,2039,2002,1924,1905,1845,1813,1831,1832,1868,1860,1871,1882,1894,1936,1973,2024,2080,2058,2156,2145,2162,2135,2138,2055,2086,2133,2138,2155,2070,2083,2101,2180,2154,2188,2229.0,2265,2293,2256,2216,2161,2188,2153,2147,2049,2039,1956,1888,1827,1763,1707,1688,1675,1590,1529,1488,1449,1419,1377,1322,1267,1235,1203,1154,1132,1112,22,2,0.8226254,1
L0512101224_8B58,8.982934,8.257,8.257,0.925083448529876,0.3410428279105139,0,0,9.5,18.5,10.3,1.1,1,192,15,5,5,1.0,1.0,0.80000001,1,1,2.094269606826887e-28,4.179357786665449e-27,8.340785494541167e-26,1.6782361345130342e-24,3.3769247845458606e-23,6.819398521191256e-22,1.3771869560729946e-20,2.7894052066881105e-19,5.649819674733631e-18,1.144876959537575e-16,2.2902293579190467e-15,4.0890433189681877e-14,4.5273342209475073e-13,3.0592248156615307e-12,1.949446632343747e-11,9.688882863208989e-11,4.868216389009469e-10,2.1423781059406387e-9,9.23628322912893e-9,3.634897117057051e-8,1.3640028660161247e-7,4.768239613090043e-7,1.572597099392327e-6,4.865690983662152e-6,1.4163594956406525e-5,3.8765114102812355e-5,9.977834317151384e-5,0.0002417212830958413,0.000551095346688255,0.0011811083688016435,0.0023843435052287062,0.004528847351089442,0.00809559993101443,0.013603079369609555,0.02154852510794822,0.032052986756657034,0.04497374428931459,0.05927751463449202,0.07362628116616401,0.0858618023057687,0.09448365770445152,0.09776393617815085,0.09522932957694734,0.08740468495487802,0.07544473914936524,0.06145574603804957,0.04710651780217497,0.034155014815587546,0.02331193126928475,0.0150796840601981,0.009206738778726062,0.0053385475803378185,0.002935741343070143,0.0015450781887204927,0.0007741834559694139,0.00037298228089374126,0.00017266309568345577,7.76615719940767e-5,3.391368322977372e-5,1.461190843371288e-5,6.180249026720104e-6,3.3100667810674074e-28,6.610226106405817e-27,1.320103596909906e-25,2.658034818526506e-24,5.352127728816346e-23,1.0815538210564191e-21,2.1856613815433417e-20,4.429829640481701e-19,8.978135516303922e-18,1.8204284094524122e-16,3.642924469393505e-15,6.492999201995204e-14,7.083561689475829e-13,4.531493058746021e-12,2.785012596478796e-11,1.367870329319657e-10,6.780430513957858e-10,2.9605872372555927e-9,1.2587571115364813e-8,4.9016127469269525e-8,1.8132288740178105e-7,6.254700572025374e-7,2.0321496640320536e-6,6.192735410684247e-6,1.7737487389547456e-5,4.7757107877362354e-5,0.00012086748420716185,0.0002879515767186059,0.0006457868697528546,0.0013612433025352892,0.002702253641113777,0.0050520377153916475,0.008895211150533282,0.014731142686154844,0.02301301603139061,0.03379027922329114,0.04682136624758508,0.061035233310407805,0.07503031373800413,0.08669594460554397,0.09456665374777921,0.09712987678667924,0.09396320650260746,0.08574996183629036,0.07363080415081376,0.0597142047486409,0.04558906772193625,0.03294500499522841,0.02241983417518977,0.014466634300684796,0.00881330818666834,0.005100845760219796,0.0028004028289946134,0.001471910469431462,0.0007367164595769658,0.00035461744561185774,0.00016404393742410457,7.37452902430009e-5,3.219071260358219e-5,1.3866433037020587e-5,5.864242148217051e-6,0,0,0.0,0.0,1133,1131,1127,1110,1102,1094,1076,1078,1069,1058,1063,1058,1063,1060,1055,1053,1056,1046,1041,1038,1036,1030,1026,1021,1023,1029,1033,1046,1044,1052,1061,1062,1063,1078,1089,1102,1115,1142,1152,1164,1182,1215,1256,1299,1332,1366,1425,1467,1485,1524,1557,1606,1658,1666,1707,1719,1742,1774,1866,1892,1887,1909,1911,1952,1947,1986,2039,2034,2018,1972,1956,1907,1924,1915,1998,1995,1926,1937.0,1927,1908,1842,1777,1738,1695,1682,1692,1686,1683,1665,1672,1679,1669,1691,1721,1721,1739,1765,1775,1798,1792,1802,1779,1750,1756,1780,1820,1858,1871,1881,1888,1894,1941,1924,1968.0,1948,1898,1867,1828,1802,1762,1706,1700,1690,1681,1643,1584,1542,1529,1508,1484,1445,1421,1399,1362,1350,1344,1285,1266,1244,1212,1189,1175,1143,1135,24,14,0.83996612,1
L0512161711_ED37,12.11419,12.161,12.19566,-0.4512970692368661,0.756766519836073,0,0,10.5,18.5,8.3000002,1.9,1,192,15,5,5,1.0,1.0,1.0,1,1,0.0011214902524717533,0.0015229008077044693,0.0022135750443569623,0.002847444723555764,0.0037418977774536237,0.004652440953782079,0.0058703643193353085,0.007214781434596889,0.008843981667048216,0.010590141309965908,0.012690972291714358,0.014898990845047833,0.01736480799274445,0.019997882991554507,0.02268798691455535,0.025607497635031166,0.028233052533441428,0.03134935502370326,0.033801449580223415,0.036344670406444096,0.0382790967967653,0.04056151121996435,0.041767247684306286,0.042981634374701295,0.04334004305113979,0.04341309373073962,0.042817968614049476,0.041955594730334035,0.04048463198278221,0.03858604391577402,0.036415248754076084,0.03387705995877172,0.03125970594680601,0.028341144504125667,0.025595117100343324,0.022563473430832166,0.019897956964723355,0.017251385626165332,0.014892936543139779,0.012473209628006158,0.010517169612675558,0.0086702861244101,0.007152289879165798,0.005732356105155335,0.004624609468530741,0.0036080461917476943,0.002842525867008,0.0021830344194689708,0.0016805433417692499,0.0012628042032645718,0.0009498228657578439,0.0007009923896174214,0.0005153286756607523,0.0003754156164738709,0.0002710590567480509,0.00019161594946881302,0.00013481637968701726,9.522133027966664e-5,6.601929828447192e-5,4.542525726141045e-5,3.082890528787657e-5,0.0011916110356428931,0.0016032483708238521,0.002275580439323956,0.002929706478929679,0.003825948579029067,0.0047737075548532695,0.005999768076241576,0.007382432675187994,0.00902798082153435,0.010821599991863756,0.01293508298600505,0.015186208199976084,0.01766005459835917,0.020326458353703284,0.02302400656439789,0.025962920222736375,0.0285440799058471,0.03163911859857493,0.03409384162795092,0.03661549890721024,0.03846484173371237,0.04068325316568823,0.04182619537354567,0.04298540198438609,0.04329818619952199,0.04331997126942798,0.042660949237827504,0.04175344866513244,0.04025809764945993,0.038330917819359066,0.03614251524050045,0.03358608723589752,0.030967423938785918,0.028046213582759275,0.025323087718806463,0.02230142429704215,0.019635680841952517,0.017002589730806577,0.014677710163794117,0.012283414326620976,0.0103423111218365,0.008517010018029663,0.007019515072535704,0.005621576857603681,0.004531500288126367,0.0035338252590383047,0.0027794197621597194,0.0021333411487973893,0.0016400442732510741,0.0012318716481081978,0.0009252323452793113,0.000682558866476517,0.0005008750440700949,0.0003647548439583555,0.00026317165998788084,0.0001860452221397844,0.00013065687202508543,9.225695416547194e-5,6.393841064431697e-5,4.3989316337632015e-5,2.9840852210038702e-5,19,14,-33.883991,-41.322056,1507,1502,1490,1483,1475,1453,1445,1427,1428,1412,1383,1379,1382,1368,1370,1375,1361,1358,1355,1362,1383,1385,1390,1381,1397,1423,1463,1479,1486,1523,1553,1573,1592,1628,1645,1699,1714,1719,1749,1743,1762,1766,1796,1861,1898,1966,2034,2129,2333,2519,2762,2852,2936,2999,3046,3012,3025,2987,3016,3008,2978,3016,2929,2876,2819,2798,2765,2687,2644,2665,2656,2691,2791,2800,2795,2765,2735,2714.0,2637,2563,2504,2437,2375,2338,2299,2326,2357,2403,2470,2474,2482,2557,2569,2557,2579,2615,2659,2735,2715,2698,2609,2679,2675,2690,2714,2714,2807,2922,2923,2952,3081,3108,3137,3126.0,3142,3085,3066,3025,2982,2989,2942,2801,2665,2596,2541,2463,2347,2266,2237,2163,2074,1980,1953,1927,1926,1887,1841,1778,1762,1725,1681,1652,1613,1581,24,14,0.97086877,1
L0512165956_D7AF,8.6330519,10.21,9.8478127,-0.2746899290215997,0.8908306053032856,0,0,9.5,19.0,3.3,-0.40000001,1,192,13,4,4,0.53846157,0.75,0.0,1,1,0.0013009940612509728,0.002322715172863443,0.003107734120066415,0.0037583591808065444,0.004870381139551451,0.005260940354659628,0.007092699256125665,0.0072653017022067615,0.009554358282525377,0.010144036196940612,0.012265258601364445,0.013552892307682857,0.015600449395330266,0.017057994443414815,0.01964187464350594,0.02058188620548683,0.02404485804626587,0.02396150044484185,0.02791422399864195,0.02801056708038724,0.03106859613173559,0.031669178403150894,0.033541282560132016,0.03448239490639456,0.03535421549228131,0.03611461430525959,0.036218665444817194,0.03644654256004334,0.03597446105621212,0.035754836584619275,0.03461279787527475,0.03361727295907018,0.03213484400262959,0.030854225708051138,0.028963621702443414,0.027291518027218888,0.02520507309823274,0.023316398726945863,0.021221890755534534,0.01935006746827971,0.017304547460132966,0.015457873171389426,0.013622902722300798,0.011968245887194107,0.010386160231256582,0.008974988185940988,0.007658489390660011,0.0064854577043639726,0.005459423228298463,0.004568819348539376,0.0037749813749314415,0.003090674438239338,0.002517721436886312,0.0020337314129270883,0.0016292109200357198,0.0012944025213446602,0.0010197848651579244,0.00079643285881205,0.0006175150840652049,0.0004749306699662257,0.00036218468531187093,0.0013789859171672507,0.002372219739655329,0.0031456253332817685,0.003816831026967601,0.00488305739008707,0.0053675939839066345,0.007079029496928947,0.007411618886060614,0.009559607796517624,0.010276684316899688,0.012324347179894793,0.013669728425595527,0.01568397564518393,0.01720322319686249,0.019696521721048278,0.020790154765256672,0.024029922850869592,0.024226071618123336,0.027898847435344952,0.028222133393960593,0.03108988394276414,0.03180009026089874,0.033594057604797126,0.03454191353547715,0.03540090801823825,0.03612241403009763,0.03623528300814304,0.03641941451587438,0.03595942072631464,0.0356816903616617,0.03455702171568884,0.03353274337099171,0.032059203987298376,0.03074023859258053,0.028866501545518206,0.027168280481070534,0.025098734499733114,0.02319607070496902,0.021116105032501057,0.01923115442634111,0.01720283776500336,0.015354538114429814,0.013532345821134653,0.011879740366513345,0.010308631164216837,0.0089012227364469,0.007594618466312625,0.006429122542884792,0.005409881157696293,0.004524010747634827,0.003737212191293664,0.003058974996823457,0.0024906828964199475,0.002011024400649388,0.0016103513203959278,0.0012788995381623179,0.0010071722915107402,0.00078632820513268,0.0006094148283764308,0.0004685217801328958,0.0003571581882572275,10,6,9.2430868,13.263889,1636,1627,1601,1594,1578,1566,1564,1554,1554,1548,1547,1551,1555,1545,1541,1532,1529,1521,1515,1515,1513,1512,1527,1541,1547,1558,1563,1570,1578,1587,1599,1601,1619,1633,1649,1676,1701,1656,1676,1691,1713,1757,1771,1794,1852,1911,1981,2038,2162,2287,2266,2289,2337,2390,2433,2495,2522,2499,2460,2461,2458,2441,2418,2410,2401,2373,2346,2342,2332,2326,2358,2355,2335,2305,2304,2276,2256,2230.0,2226,2213,2208,2217,2195,2190,2177,2168,2161,2162,2175,2196,2200,2183,2180,2208,2221,2236,2280,2313,2314,2374,2372,2360,2385,2374,2411,2439,2421,2419,2442,2407,2439,2459,2441,2463.0,2501,2464,2415,2407,2394,2355,2327,2300,2273,2268,2227,2168,2145,2111,2082,2052,2011,1993,1999,1961,1934,1891,1860,1825,1801,1769,1740,1727,1710,1679,17,11,0.37756038,1
L0513164135_618D,16.270494,40.268,30.30393,-0.6871461670285253,0.5220410362465273,1,12,10.0,19.0,6.6999998,2.0,1,96,4,3,0,1.0,1.0,,1,1,0.00010400264586592625,0.00019840336794424508,0.00035809822504380586,0.000614046668338978,0.0010114605054116176,0.0016120836301486176,0.0024900157003680335,0.003748321770221763,0.005482611872409842,0.007805128256555127,0.010772654800205811,0.01450502399541876,0.018973613501368676,0.02423919973247819,0.030004889459820425,0.03629191738599787,0.04253524469919681,0.048688016126456866,0.05411489666673971,0.05876105977952487,0.061945076716811015,0.06381082823479686,0.06385474447372358,0.06240192456267475,0.059300680023749774,0.05510472133781668,0.049790279741069726,0.04392959552967386,0.037761881767315056,0.031767465703299656,0.026024925874426213,0.02089514042878406,0.01634748519877843,0.01254882133346873,0.009401411241827827,0.00691930505174393,0.004980306377406793,0.003528045213818437,0.0024502585371674584,0.0016768011815376453,0.0011287366330368367,0.000750128397366059,0.0004920690842937925,0.00031973152531180894,0.00020577510529551122,0.00013108000277109425,8.2981104009049e-5,5.233821610201083e-5,3.2875427024634484e-5,2.0519670076041943e-5,1.2784051745489427e-5,7.919612159970176e-6,4.904048546759923e-6,3.029578738476669e-6,1.8720091193060107e-6,1.1547469394282466e-6,7.138201261705353e-7,4.421024236345111e-7,2.7513344891852133e-7,1.726758975668911e-7,1.0973616076547082e-7,0.00010608037927660009,0.00020194676698751798,0.0003641307537079517,0.0006248510318987467,0.0010322066812754394,0.001655122346345994,0.002586774952321882,0.003979826758812342,0.006052360202751922,0.009229626321312905,0.014327707535907938,0.02318568784933829,0.03941558506619241,0.042029414922423486,0.046027057371053746,0.05085964546583455,0.05577734246406147,0.06007385999043212,0.0630002511921801,0.06393737417203417,0.06228032793971305,0.05772550790538763,0.05030559437826982,0.040678649291920305,0.03025311624004316,0.03401916868133119,0.03508696041581637,0.03365164055917879,0.03021304512736361,0.02572239934327583,0.02078100614385772,0.01610362680111103,0.011925965479044395,0.008528556071438972,0.005877521081268549,0.0039462297640879196,0.0025829925510198813,0.0027351132741564466,0.0028566674627434696,0.002965220518280286,0.0030600788719912808,0.003153195840542804,0.0032431891495931903,0.0033403815218041063,0.0034400229029210427,0.003535308718078367,0.0036351728907921764,0.0037462655283050667,0.0038637651973071345,0.002399523877447926,0.00149014997352015,0.0009214197675294478,0.0005697491971937654,0.0003514143100844471,0.00021674870260341637,0.00013333482842308375,8.202364966629472e-5,5.039557600143317e-5,3.096455458508377e-5,1.9033110348503923e-5,1.1700577803344407e-5,11,3,-1.6315516,6.5025249,2482,2454,2435,2411,2410,2371,2366,2347,2336,2321,2304,2299,2291,2325,2320,2317,2299,2308,2299,2301,2301,2310,2306,2323,2333,2356,2381,2385,2400,2425,2449,2478,2520,2573,2608,2662,2698,2729,2780,2848,2911,2994,3064,3135,3229,3317,3454,3601,3675,3706,3668,3668,3738,3743,3738,3754,3773,3820,3814,3825,3842,3851,3815,3820,3781,3765,3722,3726,3712,3684,3676,3698,3706,3693,3684,3643,3619,3644.0,3651,3628,3616,3602,3585,3571,3574,3569,3557,3553,3551,3543,3549,3530,3543,3565,3595,3615,3634,3664,3701,3761,3742,3753,3777,3843,3896,3900,3920,3941,3987,4048,4140,4238,4291,4292.0,4268,4259,4194,4125,4092,4007,3932,3896,3844,3834,3809,3776,3719,3685,3596,3564,3502,3384,3369,3289,3329,3270,3154,3054,2996,2882,2711,2663,2551,2511,11,3,0.61782604,1
L0513192010_9C9D,4.2271986,4.127,4.1269999,0.8220355437740015,0.45531164739702235,0,0,10.0,19.5,5.9000001,2.0999999,1,96,11,4,4,0.72727275,0.5,0.5,1,1,1.152192672252611e-27,6.006288419309962e-25,3.131446077808608e-22,1.6646645789761904e-19,8.850652436337491e-17,4.752002669298688e-14,8.678062425715125e-12,2.851631877536855e-10,2.362174026759195e-9,8.487352094263775e-9,2.510116395138083e-8,6.430104869118295e-8,1.9043544950032686e-7,3.069317600690858e-7,1.354768577536819e-6,1.2996578378223928e-6,6.454591157035696e-6,9.049073571740455e-6,2.4333126480555097e-5,4.662688581066241e-5,9.538399973029078e-5,0.0001843492990076237,0.0003436280642892152,0.0006214857936485489,0.0010776686474132952,0.0018056119599371954,0.0029161591168712394,0.004592516748315603,0.0069315590255918285,0.010116942087398635,0.0143113940675951,0.019619631778774703,0.025900852989594627,0.03329830407392141,0.041036124581423035,0.04922744712193608,0.056740673490641894,0.06374517924341343,0.06872144123619413,0.07209038930073018,0.07282133698556373,0.07128478515440755,0.06743992387583926,0.062026980974540395,0.054938126950595266,0.04678693269099787,0.03892370602691847,0.0312850564118751,0.024241587093297243,0.018060895045408656,0.0131764449117403,0.009121786083872789,0.006244111028960436,0.004044611868011365,0.002584477200997959,0.0015597225849360962,0.0009352309121734964,0.0005252154739712996,0.0002961747589902995,0.00015404344437386366,8.239187982792734e-5,3.4143541753681105e-27,1.785629821434594e-24,9.338874022554464e-22,4.981860983961939e-19,2.657715531953951e-16,1.4306556746174506e-13,2.205296097012492e-11,4.052396988305276e-10,2.7239668386246137e-9,9.480905233175708e-9,2.7333887859200905e-8,7.210369787315622e-8,1.9663380812220102e-7,3.69698344848782e-7,1.3662115211135584e-6,1.6011036109167977e-6,6.726277994440108e-6,1.0085657563804245e-5,2.6092259625431244e-5,5.032326887105413e-5,0.00010202992767078308,0.00019634811248861822,0.00036347902934696235,0.0006544146337958118,0.001129057538075427,0.0018879051357187952,0.003029464867499521,0.00475776599755197,0.007154576596590549,0.0104232800929114,0.01466417908515009,0.020068119593382835,0.026360296982416744,0.03381978630982702,0.04153089194856721,0.049722818959122006,0.057125511257770975,0.06405330510992918,0.06888865843905573,0.0721229747956805,0.07271202739914852,0.07104805509467378,0.06706456232613156,0.061552249913496095,0.05445337109747907,0.04628881998899058,0.03842129673704818,0.030822215087199848,0.02385572801085101,0.017739376340051242,0.012924762713216225,0.008933475072170557,0.006105480380120944,0.0039495927843534685,0.002520561896930219,0.0015194353270287786,0.0009099076828071682,0.00051053208617083,0.0002875332117260122,0.00014944829492547114,7.983096169481765e-5,0,0,0.0,0.0,697,689,694,690,688,682,672,662,665,665,662,665,661,658,650,645,642,647,645,641,643,641,636,641,647,652,659,667,664,669,672,670,691,705,709,716,710,719,720,734,745,785,794,810,847,888,915,929,895,907,933,976,997,1050,1143,1167,1227,1264,1282,1329,1349,1344,1346,1305,1284,1265,1231,1221,1180,1167,1152,1157,1203,1193,1184,1183,1175,1175.0,1123,1124,1112,1103,1102,1110,1135,1139,1166,1159,1142,1143,1119,1104,1065,1041,1038,1032,1073,1112,1119,1136,1147,1171,1137,1150,1152,1197,1248,1229,1242,1213,1215,1216,1247,1266.0,1294,1278,1287,1265,1265,1255,1225,1173,1145,1159,1122,1095,1027,980,953,924,907,878,870,851,838,814,801,777,758,741,729,723,712,700,10,4,1.3592167,1
L0515140017_1614,21.810308,21.507,21.507,-1.3628767714123275,0.44022649437804734,0,0,9.5,19.5,9.5,3.2,1,192,8,5,1,1.0,1.0,0.0,1,1,0.002393563292340567,0.0040595019142316115,0.006545718389306496,0.00998321821143964,0.014614916533387676,0.020443271973896386,0.02757041796886521,0.03563647981549094,0.04446924547519557,0.05321993309249301,0.06156615098374301,0.06839440894836821,0.07338043817514471,0.07574103699339699,0.07544477886809164,0.07236089112208018,0.06701156791622714,0.05992458225585321,0.05164009296303486,0.043231052200246416,0.03480785155677174,0.027290175363897013,0.020582042197931638,0.015267694525157078,0.01089453627270115,0.007678814739138292,0.005233971809655429,0.003551379253858335,0.002343732767405875,0.0015672731191697883,0.0010263460756067763,0.0006768588397549109,0.000442230366422014,0.0003004072674499897,0.0002034396437770977,0.00014075492291754004,9.735261459639858e-5,6.93431730555583e-5,4.9392241002288835e-5,3.625974155486541e-5,2.6619219429505806e-5,1.9877662936124232e-5,1.4843718046948984e-5,1.1251563162527355e-5,8.528906905956723e-6,6.528204911192859e-6,4.996971028116174e-6,3.836046820101094e-6,2.944926787857231e-6,2.2782959029765333e-6,1.7626312192076232e-6,1.3528744916199806e-6,1.0384066282352407e-6,8.007116585344163e-7,6.174476397793452e-7,4.729832396990125e-7,3.623307185551317e-7,2.75408601326716e-7,2.093446655434543e-7,1.5860066169601769e-7,1.201598873233729e-7,0.002433092311408355,0.004116129023589812,0.006621325358267994,0.010084683148392318,0.014745687906303906,0.020608336954546547,0.02776760556816717,0.03586340658850766,0.044711741164206814,0.05346678375240286,0.06179514493340527,0.06859350369264733,0.07351637588327349,0.07580932787453096,0.07543380075435678,0.07228073221702261,0.06686409138613819,0.05973361195542594,0.051413319122620496,0.04299329445154094,0.03457707021873697,0.027079352754307735,0.020398931620262715,0.015114245180180346,0.01077331124536279,0.0075854284010715475,0.005165279144772665,0.0035017887759922943,0.0023090908405443444,0.001543155023010857,0.001010087628994796,0.0006659282853918252,0.00043498797235193894,0.0002954611530293411,0.00020008043121847024,0.00013843164018106094,9.574680819548376e-5,6.82034709167673e-5,4.858337559740826e-5,3.566985629505274e-5,2.6189059544831162e-5,1.9559164433296335e-5,1.4607921438706126e-5,1.1074664164670868e-5,8.396215079316753e-6,6.427825666986706e-6,4.9210511615668645e-6,3.7784914862533566e-6,2.901303684298749e-6,2.245015895629561e-6,1.7372490400665995e-6,1.3336566110830747e-6,1.023859792693297e-6,7.896595952470768e-7,6.090533123665339e-7,4.66646195871421e-7,3.575481538697701e-7,2.7182450155768774e-7,2.0665943275962143e-7,1.5659516840037896e-7,1.1866247057759701e-7,13,6,4.4010229,4.8878202,2383,2369,2351,2350,2341,2346,2336,2328,2329,2322,2292,2274,2265,2268,2258,2253,2291,2276,2286,2284,2276,2272,2274,2293,2291,2291,2307,2325,2340,2359,2369,2382,2401,2428,2442,2456,2484,2532,2610,2718,2786,2871,2966,3042,3219,3272,3452,3575,3736,3923,4033,4195,4369,4451,4536,4710,4767,4810,4865,4943,4900,4822,4774,4763,4579,4537,4466,4349,4329,4267,4199,4174,4139,4088,4040,3966,3906,3812.0,3797,3772,3685,3666,3667,3716,3669,3681,3700,3802,3789,3844,3860,3913,3962,3986,4024,4102,4105,4225,4242,4303,4404,4406,4492,4471,4485,4484,4365,4396,4436,4485,4471,4450,4411,4461.0,4418,4348,4325,4212,4117,4017,3956,3803,3651,3594,3465,3380,3347,3245,3185,3125,3074,3025,2952,2881,2817,2790,2728,2684,2630,2593,2557,2508,2468,2424,14,6,0.37756038,1
L0516085227_304F,24.416981,23.064,23.091904,-1.0926822800368667,0.39503839730685475,0,0,9.5,18.5,6.1999998,0.2,1,96,10,3,5,1.0,1.0,1.0,1,1,3.773293272963677e-5,0.00010070366623742554,0.00025149967465511246,0.000575677536801844,0.0012161662104830063,0.002410617994975773,0.00446326887918971,0.0077823748874254525,0.012769044004239947,0.019776065278802497,0.0289154684766129,0.03994216683840968,0.05208789067669634,0.0644070104128302,0.0753400469910745,0.08377832870086453,0.08793301959383015,0.08793167829878439,0.08328612409034156,0.07551885445423348,0.06489955446523955,0.053635722770349746,0.0421797493742402,0.0322038932293442,0.023512326739932636,0.016835836383779453,0.011637217492030878,0.008019318741913693,0.005401633064057111,0.0037261705265993154,0.002552766917977462,0.0017826035838124556,0.0012438755084358316,0.0009097118513862141,0.0006653080688143224,0.0004974204137341469,0.0003718992422541149,0.0002863717811440992,0.00022051473051454878,0.00017488519516767944,0.00013869898498824554,0.00011164229610328938,8.986498873660189e-5,7.318760434153156e-5,5.960629998855169e-5,4.8707686113002885e-5,3.9802550133410305e-5,3.234757022689801e-5,2.6289352562457014e-5,2.1431677006871826e-5,1.7471905930564133e-5,1.3939960583943695e-5,1.1122139480269104e-5,8.882472632743585e-6,7.093900103868241e-6,5.56672143262299e-6,4.368355060793235e-6,3.3650562530189157e-6,2.592204878213502e-6,1.982454166688055e-6,1.5161393306957096e-6,3.8005250738962755e-5,0.00010138958445389759,0.00025308685362363,0.0005789549376848879,0.001222643274950008,0.002422442380307135,0.0044834130551146,0.00781465992218236,0.012816872030545231,0.01984294884637063,0.029000968648898173,0.04004374320596761,0.05219802961720463,0.06451699203385261,0.07543404591744524,0.08384325970930044,0.08796133295078597,0.08792103319750337,0.08323830551160231,0.07544146293589839,0.06480492418917139,0.05353536268408915,0.04208354244255181,0.0321183012743058,0.0234415994144998,0.016780104711743495,0.01159549007882705,0.007988851462419417,0.005380275232622777,0.003711147551076177,0.0025423577502498664,0.0017753006280805015,0.0012387612121018462,0.0009059835230515486,0.0006625902828060207,0.0004954014128175437,0.000370399427537178,0.0002852292322121581,0.00021964445808926095,0.0001742055535935706,0.00013816835981676315,0.00011122291340384335,8.95336522161557e-5,7.292335478098127e-5,5.9395658408329494e-5,4.853940086452447e-5,3.966818100859405e-5,3.2240829525250454e-5,2.620460862788556e-5,2.1364270564659003e-5,1.741832603994553e-5,1.3898130006862331e-5,1.1089498734335856e-5,8.85699750228546e-6,7.074029084979474e-6,5.551442353591847e-6,4.356612091884568e-6,3.3561632114362967e-6,2.585472229006172e-6,1.9773868210795777e-6,1.5123264312226256e-6,21,6,12.915304,17.162699,2773,2753,2755,2735,2723,2687,2681,2669,2655,2648,2634,2618,2610,2602,2584,2573,2574,2563,2561,2553,2552,2594,2593,2608,2560,2561,2575,2586,2601,2627,2649,2652,2671,2707,2752,2816,2838,2901,2980,3088,3215,3403,3625,3905,4062,4232,4324,4379,4492,4636,4932,5082,5208,5333,5324,5390,5455,5586,5619,5577,5587,5508,5424,5324,5197,5059,4940,4837,4699,4700,4604,4594,4563,4630,4610,4526,4519,4486.0,4424,4316,4234,4151,4090,4073,4058,4039,4071,4068,4082,4120,4161,4275,4379,4473,4456,4511,4547,4596,4611,4616,4566,4618,4650,4711,4721,4815,4894,4921,4996,4966,5072,5050,4989,4987.0,4955,4913,4836,4691,4607,4484,4325,4347,4283,4169,4061,3949,3881,3807,3748,3650,3575,3485,3451,3389,3305,3234,3136,3074,3015,2942,2918,2859,2818,2782,21,7,0.37756038,1
L0516093509_8E36,19.042332,17.459,21.062666,0.0844344784246825,0.9640539809736548,1,12,10.5,19.166666,3.0999999,7.0,1,192,0,0,2,,,1.0,0,0,0.0009192292315884679,0.0013027200844437504,0.001703973620261913,0.002175709425295201,0.002677256698671923,0.003258840884598018,0.003889072924676428,0.004624955020395262,0.005407254137392921,0.006342336282859909,0.007326115618077127,0.008461293306020483,0.009644745260638958,0.010972247076406065,0.012343180874635082,0.013864037574845573,0.015408914963067694,0.017026949929465046,0.018592166651874173,0.020397588170826052,0.02199655522560948,0.02372473730812197,0.025225081997111726,0.02684792666609162,0.028154024730606072,0.0296098682582959,0.030658903212103402,0.0316573418195793,0.03239426240010621,0.03294723304656193,0.03326482110585978,0.03335324801701028,0.03325872122905427,0.03283008007070088,0.032310743540466216,0.03155259856191968,0.03059919847883239,0.02941419401469367,0.02818317541254484,0.026767722130517996,0.02524108624469313,0.0236972658569006,0.022058936540450564,0.020423803554058748,0.018760295051139908,0.017154427889481346,0.015542372588740873,0.014029964885886205,0.012559152388626187,0.011179410882996151,0.009884140637868575,0.008684387762216406,0.0075779212274063625,0.006570474022593818,0.0056658494860046815,0.004850114474840557,0.00412568692351709,0.003488972638865882,0.0029343652073595622,0.0024486253091805647,0.0020337214653452524,0.0009219855928827801,0.0013070491118567875,0.0017104839159291336,0.0021872292401175957,0.002698448831955198,0.0033006567529440768,0.0039735106434324735,0.004801455652937738,0.0057821911445613714,0.007164213928180305,0.009147185508161427,0.012566823208017585,0.018861973585916677,0.017599272123947626,0.017630928507308265,0.018577457114902038,0.01974328829226383,0.021098250318911452,0.022476526462514624,0.0235525489949189,0.023642801414272788,0.022802169384415507,0.020766039738816314,0.017681375047014176,0.013765292984309173,0.016985748390319754,0.0192708811046152,0.02052405135986485,0.0206164383480846,0.019816724243089123,0.018297168052958685,0.01632000107118726,0.014071625128634507,0.01176475508647142,0.00955357486046965,0.007521290517357248,0.005799500238372586,0.00733609326454794,0.009138763140994176,0.011171490948985806,0.01356912199917194,0.016431516460199455,0.019840493661320305,0.023975538199375354,0.028998959655384564,0.03520269286939646,0.042951075613539814,0.053069029942141493,0.06623364249992363,0.0471980257524095,0.03397521848880695,0.02482181372215475,0.01837720875347708,0.013832528837614202,0.010548612588401673,0.008134949267194035,0.0063355352825913225,0.004983007674191515,0.003944521764378386,0.0031324997501253047,0.0024967439617615363,0,0,0.0,0.0,2443,2426,2375,2356,2345,2345,2323,2318,2326,2311,2302,2293,2283,2284,2233,2263,2213,2218,2215,2228,2233,2236,2226,2231,2242,2250,2267,2269,2280,2301,2316,2338,2364,2390,2415,2458,2483,2505,2553,2607,2679,2771,2842,2896,2949,3008,3063,3070,3133,3174,3274,3364,3428,3554,3599,3744,3840,3909,3885,3830,3797,3807,3809,3773,3800,3770,3736,3730,3743,3749,3770,3762,3756,3752,3757,3738,3662,3630.0,3597,3582,3557,3549,3549,3530,3539,3557,3509,3505,3513,3545,3576,3553,3561,3539,3581,3613,3649,3681,3710,3712,3744,3797,3859,3930,4061,4035,4088,4071,4053,4078,4106,4079,4065,4093.0,4058,4040,4009,3969,3963,3879,3817,3739,3686,3606,3563,3462,3356,3301,3279,3193,3119,3052,2998,2944,2871,2807,2739,2696,2652,2609,2570,2533,2492,2464,,,1.3592167,1
L0516111321_1561,4.9179726,4.889,4.8889999,-0.8719483259468461,0.2223204640140466,0,0,10.5,18.5,3.2,1.5,1,96,12,5,4,1.0,1.0,0.75,1,1,5.4416134857226935e-15,9.704715422792707e-13,4.018073589368421e-11,4.892738761187982e-10,4.884272300370156e-9,4.2233645053078826e-8,3.1636183372987907e-7,2.0480783861904275e-6,1.1489959732054397e-5,5.573196695591582e-5,0.000233942936078068,0.0008502452760668504,0.0026752849801868687,0.007289372341622166,0.01720175316867724,0.0351678140388733,0.06228555934628389,0.0955900371884886,0.12725231131039696,0.14698265340551064,0.1473093213901907,0.12821009617646598,0.09704777646039718,0.06395637154231926,0.03671937310598983,0.0184394794353184,0.008093931693570424,0.0031263511107206265,0.0010629130936491197,0.0003218523057881703,8.677053660453186e-5,2.1217469192654388e-5,4.721902799059411e-6,9.801785480243857e-7,1.9138082879116887e-7,3.610434473223796e-8,6.630433255379299e-9,1.2074195678192567e-9,2.184680933100257e-10,3.966233798180235e-11,7.229126137466217e-12,1.3589735042685844e-12,2.8931061025743016e-13,9.457386686548157e-14,5.895623465548088e-14,5.2434770347229304e-14,5.125245505576069e-14,5.102550943979988e-14,5.099956276172623e-14,5.0977756468755445e-14,5.0998592203615796e-14,5.099045152561301e-14,5.10099419426805e-14,5.100778564849549e-14,5.1020081700968015e-14,5.1007909348824157e-14,5.1026963381454305e-14,5.102824451128467e-14,5.103481772482453e-14,5.101888374200755e-14,5.103544266133817e-14,9.66420597393793e-15,1.696712792060262e-12,5.541948152086005e-11,6.448647710983468e-10,6.336147021434134e-9,5.386837623034398e-8,3.965444643555625e-7,2.523733831786656e-6,1.3911751227469772e-5,6.628909709872462e-5,0.0002734089778029623,0.0009763680357049439,0.003018950680556889,0.008084427828157943,0.01875366863390912,0.03769363912245535,0.0656605249263767,0.09915841054218902,0.12991569373751768,0.14774869555450504,0.14589908650415323,0.12519297648908265,0.09347716441290747,0.060812608889603846,0.03449254032919956,0.01712494231332654,0.007439045329081902,0.0028459266536754496,0.0009592983565646677,0.00028824040811682727,7.720271761095659e-5,1.877179282703086e-5,4.159166493982953e-6,8.603528170609958e-7,1.6757464332033785e-7,3.1560177735604194e-8,5.7898840925663e-9,1.0536492246437988e-9,1.905616876329092e-10,3.4589010098096665e-11,6.307739926423897e-12,1.1907893619949136e-12,2.58612927138287e-13,8.896995015102996e-14,5.792877372059908e-14,5.22685543150634e-14,5.121703759122602e-14,5.1040409013486144e-14,5.099374475413351e-14,5.100061308952998e-14,5.099027341482815e-14,5.1009547120793595e-14,5.099984464601567e-14,5.102053028387129e-14,5.100799789604579e-14,5.102205402730964e-14,5.1013033104108156e-14,5.1034288058793686e-14,5.101826886370505e-14,5.102968907760377e-14,5.101504585257885e-14,11,11,5.4199004,5.8712125,885,878,880,891,898,926,899,896,881,878,856,862,851,872,857,847,841,846,850,842,810,809,831,829,838,803,806,809,819,829,836,840,867,876,881,891,903,911,920,926,935,951,1001,1011,1052,1065,1085,1097,1116,1135,1138,1149,1156,1158,1184,1207,1206,1225,1238,1256,1272,1283,1291,1303,1292,1312,1340,1339,1335,1329,1349,1352,1342,1338,1352,1351,1365,1357.0,1354,1358,1334,1337,1321,1316,1315,1305,1307,1288,1274,1278,1262,1265,1264,1275,1276,1288,1311,1297,1284,1288,1306,1300,1310,1336,1374,1373,1383,1373,1372,1386,1372,1364,1390,1410.0,1416,1397,1361,1371,1369,1330,1325,1299,1259,1241,1227,1209,1194,1181,1163,1149,1130,1094,1065,1048,1015,991,971,947,927,908,885,869,857,854,11,11,0.75512034,1
L0516203337_74A6,5.2688513,5.935,6.0485835,0.047665367464626324,0.951897579415276,1,24,10.5,18.666666,4.0,1.4,1,96,0,0,1,,,1.0,0,0,3.0595535265756073e-6,0.00024616234654363013,0.001993320583233725,0.0023006748416974573,0.003446477841582533,0.0026760263191978376,0.005241271886383911,0.0039716440176245866,0.006375971508069625,0.006506154564027414,0.007923522207108609,0.00904631635637729,0.010287341564802061,0.01165936105526051,0.013064943897934292,0.014541581132441087,0.016160299765699424,0.017872048030227405,0.019518297638896523,0.020989649143010564,0.022864632309669952,0.024649782698576306,0.02616930646241126,0.0276225427814638,0.029015264706836408,0.03027780586529612,0.03134384802546677,0.03243235009219192,0.03297806600839934,0.03344478128503608,0.03365223548800302,0.03367541699059128,0.03344803456884043,0.03302853659037205,0.03235021984072161,0.03129469669318036,0.030364454789568916,0.029212017211462722,0.027836206135953934,0.02610339405580981,0.024691840341430394,0.02299633882463312,0.021359978886185634,0.01961413640713554,0.017967520849203073,0.01624977652828646,0.014688635839943402,0.013144332633155129,0.011691224878962493,0.010329496081138563,0.009055736524788053,0.007889659841241778,0.006824465756562338,0.005870191293028185,0.005006558686719205,0.004244507549570173,0.0035748827827163042,0.0029891939633060667,0.0024860631422565817,0.0020521281476659587,0.0016856141885744139,4.083477548110097e-6,0.0003082909378021368,0.0020114818662004077,0.002382237737693668,0.0033540272401842474,0.0028824511932975397,0.005090725173870682,0.004143691951900877,0.006348467058782173,0.00659642341136026,0.008046666507096175,0.009686638274483258,0.014713950667830317,0.012885667439000284,0.013972541475110208,0.015494643806017276,0.01723981519960684,0.018754852591117623,0.020443035996255597,0.02218290652803168,0.024157860655665123,0.025437167963741715,0.026610762311803173,0.02537814959459108,0.019347989958517223,0.0268801044007595,0.030486291050924482,0.03221767808522518,0.03291841675357338,0.03342624729413648,0.03364169223296733,0.03364149515442421,0.03327870254472992,0.03232916652185333,0.02978589741564196,0.02390565626541107,0.01552946054721626,0.021001886876774543,0.024319419874757917,0.025115295041800125,0.02525872937536445,0.024625878096473267,0.02375433827526659,0.022519562826502706,0.02137911806221698,0.02014952355519786,0.019392167043963297,0.01953162828795094,0.022571524977192076,0.012838231698803559,0.009567596399417188,0.007961826682381193,0.006804440654445028,0.005833089523554697,0.004970126445251299,0.004211560393363351,0.003545907882279928,0.0029643026355711858,0.0024645068061689614,0.002033947332603502,0.0016700539683284737,0,0,0.0,0.0,962,947,945,928,920,916,905,894,886,881,876,865,858,856,856,857,857,851,847,847,857,868,876,878,882,889,901,902,910,919,929,945,956,972,995,997,1022,1039,1047,1031,1022,1040,1042,1075,1051,1159,1108,1136,1171,1208,1277,1365,1405,1532,1624,1628,1728,1729,1747,1706,1651,1650,1569,1522,1554,1546,1548,1556,1556,1527,1513,1511,1503,1522,1535,1480,1466,1452.0,1458,1457,1472,1469,1456,1457,1457,1445,1442,1441,1448,1447,1436,1431,1433,1431,1428,1438,1439,1466,1495,1512,1516,1535,1576,1585,1583,1572,1586,1612,1633,1626,1645,1640,1638,1677.0,1659,1658,1611,1601,1578,1582,1546,1515,1494,1488,1468,1454,1431,1407,1379,1373,1354,1366,1299,1286,1272,1244,1211,1158,1109,1063,1046,1030,1001,986,,,3.3980434,1
L0517084315_2C7E,8.3592091,8.778,8.8664446,-0.9130171908245452,0.2722813146599981,0,0,10.0,19.5,5.0,1.6,1,192,14,5,4,1.0,1.0,1.0,1,1,2.3615166674955033e-9,1.5390584246954542e-8,8.58605390943564e-8,4.4920050227817694e-7,2.0510166462755614e-6,8.684525568187993e-6,3.256756916722126e-5,0.00011196637813841892,0.0003455672261631808,0.0009660409600303992,0.0024458094189913704,0.005587560024803572,0.01162461191561056,0.021763790516479576,0.037155948317069004,0.0571515882969303,0.08016565923350746,0.10154335773284336,0.11722729372628224,0.1225788581982375,0.11679183354840952,0.10113554566590324,0.07987976525428123,0.05761577595200103,0.037971779528122404,0.02297234197203569,0.012775573928899353,0.0065877690245081996,0.0031499423852179567,0.0014146039534849606,0.0005985304851453713,0.00024247341485448827,9.451293318561822e-5,3.6079435573894794e-5,1.3529711681309466e-5,5.04851168569887e-6,1.8745764937171908e-6,6.97773474496896e-7,2.595886571893564e-7,9.685183316645185e-8,3.613513588409433e-8,1.3475177294170893e-8,5.025037418817727e-9,1.879491461529681e-9,7.029774854899348e-10,2.6168959594996845e-10,9.741627719944709e-11,3.636161285425736e-11,1.3572340871181834e-11,5.064974787002642e-12,1.8901654852715367e-12,7.052706216954041e-13,2.6315508768071574e-13,9.862254364842662e-14,3.696073750750224e-14,1.391513814444796e-14,5.238831572855019e-15,1.986731630931875e-15,7.534320625311181e-16,2.8846249872735323e-16,1.104421897203612e-16,2.971023149293143e-9,1.916525940823555e-8,1.0444315403067459e-7,5.483247069147609e-7,2.4457154433542147e-6,1.0382027076789509e-5,3.803791954898839e-5,0.00013083877119341646,0.00039490398807409433,0.001100355797380382,0.0027298854277151745,0.00620191177257375,0.012660371903633573,0.02350844058684044,0.03944749560450411,0.06007910612621487,0.08294752449711289,0.10394226957216499,0.11827775026580147,0.12233433144581049,0.1150618537768208,0.09860937432740506,0.07699680877862426,0.05500753553986524,0.035905919648028056,0.02154588699240071,0.011886890262215356,0.006088756194673739,0.0028939653441318876,0.001293355843234078,0.0005450347060325645,0.00022014263338554239,8.562157593596252e-5,3.2639812101050026e-5,1.2229491196927502e-5,4.561312174569173e-6,1.6932646301805285e-6,6.302187902268246e-7,2.3444074348852463e-7,8.746595518037351e-8,3.2632078556267304e-8,1.2168341129504394e-8,4.537514648679445e-9,1.6971216046806788e-9,6.347575673565251e-10,2.3628043512087343e-10,8.795239812146005e-11,3.282803944381886e-11,1.2252994074571949e-11,4.572456603050516e-12,1.7063062392306558e-12,6.366447778354834e-13,2.3754035570860284e-13,8.902329947482313e-14,3.336337453308763e-14,1.256137028522379e-14,4.7293787583213574e-15,1.7937348187981775e-15,6.803189500215007e-16,2.605228085350221e-16,9.976530351266628e-17,28,12,-2.8444846,-3.8690479,1425,1412,1404,1395,1383,1381,1374,1374,1383,1380,1374,1358,1358,1360,1354,1351,1364,1357,1354,1357,1357,1362,1362,1367,1366,1374,1384,1385,1396,1401,1412,1418,1440,1445,1471,1503,1515,1547,1546,1566,1571,1618,1685,1704,1729,1763,1789,1834,1855,1903,1944,1958,1974,2002,2016,2042,2057,2081,2087,2106,2099,2090,2099,2097,2108,2117,2126,2117,2105,2099,2105,2116,2114,2108,2116,2118,2107,2122.0,2107,2096,2059,2039,2020,2023,2012,1983,1985,1992,2008,2009,2011,2012,2025,2033,2030,2047,2046,2029,2077,2099,2122,2137,2178,2152,2187,2203,2225,2250,2282,2321,2397,2410,2420,2428.0,2452,2457,2438,2434,2427,2388,2363,2325,2274,2205,2162,2071,2020,1980,1932,1878,1838,1787,1747,1700,1673,1642,1607,1569,1555,1529,1506,1493,1475,1461,28,13,0.41906545,1
L0517093102_45F2,8.5075588,8.489,8.4890003,-0.8118883374219701,0.5510000919586129,0,0,10.5,19.166666,12.4,2.4000001,1,96,8,3,5,1.0,1.0,1.0,1,1,0.00041338389721410387,0.0010018350684106426,0.00126946191125147,0.0022052631559815908,0.0029305629975771657,0.00442269862141682,0.0060091779338785675,0.008312197710631835,0.011030413101095801,0.014411611732733764,0.018362873704913366,0.022897720983312036,0.027897949417510188,0.033241840846754425,0.038713244028440896,0.04402639288080742,0.0490456669404306,0.05342170822858647,0.05680950251692767,0.058984016834894966,0.06002466278554149,0.05971220431653077,0.058014422749231576,0.05515973891533154,0.051191231365746305,0.04646624590636695,0.0412296394325397,0.0357965435572001,0.030345364273960777,0.025160854616733386,0.020389343606394262,0.01615591211690545,0.012516586627328574,0.009484308267126217,0.0070247492431715726,0.005089657856632503,0.0036053428051598933,0.0025005644668879405,0.0016946391070656785,0.001125975389797834,0.0007302289462128225,0.0004641638048826702,0.0002882958788644079,0.00017585665417475525,0.00010472878455254107,6.132851457007792e-5,3.508691383948239e-5,1.9776404256407888e-5,1.0920661408489032e-5,5.972259422784139e-6,3.2303156455414697e-6,1.7602069355413557e-6,9.78804452421274e-7,5.766899984909108e-7,3.7068765262911524e-7,2.682390147130426e-7,2.1789302732367908e-7,1.9402426136968847e-7,1.824644737770642e-7,1.772062111675565e-7,1.747277203302271e-7,0.00045016376053289426,0.001040467079192221,0.0013156721681380722,0.0022619395041420503,0.0030111959876385113,0.00452353704855186,0.00614072709136535,0.008473108188510886,0.011225641944648547,0.014638058832545878,0.01861683200634305,0.02317322228542587,0.028183078231361278,0.03352882335072197,0.03898557591492001,0.04426907141906627,0.04923567608067024,0.05356126193530663,0.05688578229030356,0.05899160184432222,0.059953889213479224,0.059577886022736816,0.05782142708125156,0.05492596446642084,0.05092826041661447,0.04618807515318923,0.040948078418960865,0.03552520562120125,0.030093550008939606,0.024935032330349563,0.020193022684625164,0.01599033352128517,0.012380819558502227,0.009376192035217706,0.0069409484225948495,0.005026419364516878,0.003558820837003615,0.0024671965396635773,0.0016713107636744432,0.0011100591610519418,0.0007196518784402139,0.00045728664464895835,0.0002839322896408123,0.00017314477632147926,0.00010308615018353119,6.0352437688286724e-5,3.4521445152535713e-5,1.945462936480279e-5,1.0742037517491255e-5,5.874765633795371e-6,3.1783657759229995e-6,1.7329589122961812e-6,9.648307879702255e-7,5.696316583700337e-7,3.6720750914280714e-7,2.6654399425829305e-7,2.1707670179890324e-7,1.9363665134554742e-7,1.8228691800252545e-7,1.7712662574059287e-7,1.7469488697305774e-7,4,4,11.314768,21.875002,1262,1252,1255,1241,1236,1230,1225,1223,1221,1214,1204,1198,1193,1188,1184,1179,1182,1179,1189,1199,1193,1196,1193,1188,1221,1227,1212,1208,1214,1213,1216,1231,1235,1243,1247,1257,1275,1292,1310,1336,1353,1382,1412,1435,1483,1505,1546,1595,1618,1641,1730,1791,1865,1925,1908,1894,1925,1942,1959,1942,1960,1949,1961,1961,1987,1990,1974,1970,1962,1971,1987,1922,1926,1920,1941,1911,1853,1839.0,1834,1801,1805,1790,1775,1746,1730,1723,1734,1730,1743,1749,1794,1812,1862,1933,1944,1932,1920,1926,2033,2075,2147,2176,2257,2273,2294,2419,2463,2538,2605,2675,2724,2772,2791,2834.0,2761,2796,2803,2805,2788,2709,2632,2614,2493,2372,2274,2290,2114,2079,1992,1886,1791,1740,1679,1628,1555,1498,1464,1429,1391,1366,1339,1315,1305,1294,4,6,1.3592167,1
L0517115530_69B7,10.38042,9.524,9.5240002,-1.0661916300450989,0.4835584214539129,1,12,10.5,18.833334,4.3000002,1.3,1,192,10,4,5,0.69999999,0.75,1.0,1,1,0.0007232673379313201,0.0013094012984164506,0.0022654701314157176,0.003522500621037888,0.005329752881393674,0.007651438021546203,0.011000633452579735,0.014867657981218816,0.020000452063510803,0.025630185603865045,0.03226334115072382,0.03932028400358446,0.046329382970379286,0.05336563918870461,0.0590769908538512,0.06420793645944686,0.06704448707671093,0.06882551296675675,0.06754128558894595,0.06506437264336076,0.060369041993807285,0.055116182778410835,0.04823958806919779,0.04149180872538012,0.03428884756329649,0.027771040748308645,0.021697774807420307,0.016638458836106356,0.012286706694183885,0.008891538162568793,0.00620189736440786,0.004253184721634366,0.002802207621383112,0.0018222716245671015,0.0011414769902878467,0.0006954819098220776,0.00041399644366150545,0.0002418089303799307,0.00013721450221040266,7.546460888905987e-5,4.061370572486104e-5,2.145045104057714e-5,1.1089235617791413e-5,5.60027079265294e-6,2.772991065211615e-6,1.3326381075238058e-6,6.243733811787673e-7,2.870003771903854e-7,1.3078687836417144e-7,6.033817972652114e-8,2.7836761921348815e-8,1.30783042988736e-8,6.144479687703961e-9,2.9697458448952827e-9,1.4353458655870884e-9,6.968630201652993e-10,3.383310575987969e-10,1.6919162233904852e-10,8.461031244223645e-11,4.252434037743454e-11,2.137274011806625e-11,0.0007574644750645021,0.0013722933572984937,0.0023226421673939414,0.0036347900991161243,0.005427055157554565,0.0078895139726843,0.011201542347844833,0.015298602093904276,0.0205571762507577,0.02690205611710185,0.03530793898340712,0.04790249685939086,0.0696657461351601,0.06710291236638743,0.06792648408840006,0.07026681196504886,0.07075587111153724,0.0696299821757319,0.0664451996979526,0.061886236574861656,0.05526898933321858,0.04747363415208136,0.03846502401378199,0.028808285769836704,0.01947302377445264,0.019521870482374314,0.01742003492268467,0.014459555370838205,0.011178591654948937,0.008305440111663755,0.005875673985721462,0.004045588466875633,0.0026499791132408527,0.0016901259462227401,0.0010204092949712138,0.0005817996476479726,0.0003169401662071853,0.00027049689207993597,0.0002230284232022134,0.00017507568810167795,0.00013552453375660943,0.00010347503957894398,7.853959232276892e-5,5.9090074112548806e-5,4.437191136172495e-5,3.3086887051912814e-5,2.466424348760802e-5,1.8619653412025247e-5,1.406563953927961e-5,6.491186991970316e-6,2.9956359906678724e-6,1.4083407808262142e-6,6.621064968668276e-7,3.203901664104647e-7,1.5503687047826656e-7,7.536721892426971e-8,3.6638285633174884e-8,1.835587721639976e-8,9.196567939443301e-9,4.631170088825812e-9,2.332209071062771e-9,7,6,4.4212632,11.259921,1361,1363,1344,1334,1319,1307,1292,1291,1283,1274,1262,1262,1251,1263,1260,1252,1248,1237,1226,1234,1239,1235,1234,1230,1234,1248,1255,1263,1270,1272,1284,1297,1316,1328,1344,1355,1373,1398,1412,1443,1486,1539,1574,1613,1662,1723,1799,1872,1984,2101,2238,2342,2454,2478,2447,2451,2485,2519,2503,2499,2477,2408,2365,2364,2354,2331,2334,2325,2360,2332,2327,2297,2374,2376,2361,2376,2340,2309.0,2265,2204,2195,2132,2048,2046,2003,1993,2004,2041,2119,2116,2114,2173,2201,2190,2235,2251,2241,2243,2256,2258,2166,2197,2220,2209,2212,2212,2235,2271,2241,2259,2294,2309,2302,2302.0,2336,2367,2381,2373,2328,2319,2265,2214,2146,2110,2062,2106,2059,2008,1951,1880,1829,1793,1743,1717,1671,1638,1596,1550,1517,1501,1472,1449,1409,1384,7,6,0.19417374,1
L0517155016_B164,19.344748,19.432,19.361048,0.276093996141793,1.1383147253946462,0,0,10.5,18.5,4.5,-1.0,1,96,11,4,3,1.0,1.0,1.0,1,1,0.001932596190411752,0.0025599338397381865,0.0032675536539573035,0.0038960680551594984,0.004525330058207848,0.005132581825005294,0.0057634468748615445,0.006417023139828948,0.007085792203566627,0.007801096016139287,0.00853820570392879,0.009357433975230192,0.010150633133760871,0.011045574839612084,0.011888186431151847,0.012856894416757513,0.013745729262058155,0.014795160239743697,0.015684542830000855,0.016673182337409543,0.01757698750632462,0.018688914667522427,0.01954878903997777,0.020508485327707653,0.021303061326977835,0.02224361259501245,0.022958930612810024,0.023809604755522247,0.02439737738778041,0.025036747036581035,0.025468213617943616,0.025933822525397787,0.02619296930542001,0.026448165099122546,0.02652225587853139,0.026537229230310225,0.02641591198088892,0.026253004114282566,0.025946829332637335,0.02550366220626362,0.025021366242116698,0.024482587900043165,0.02384201509723905,0.023086266952922062,0.02230871944281941,0.021436346080907723,0.02056147478447199,0.019630361622421474,0.018692399836639707,0.01771212188825686,0.016743645160641453,0.01576248251480727,0.014792258953236787,0.013830674782036333,0.012885293785591998,0.011943196902243419,0.011044588267541962,0.010172676684811288,0.00934014812739839,0.008527738292796879,0.0077720981075119,0.0019413920709805,0.0025692135171155707,0.003275203742904432,0.003903153016122528,0.0045315425797262466,0.005138823972977799,0.005769511577039257,0.0064233662381415115,0.00709240699907155,0.00780835538938195,0.00854572234552753,0.009365310150946745,0.010158815472557982,0.011054074657227495,0.011896925941297303,0.012865949951402935,0.013754400710723447,0.014803360210742383,0.015692919304931986,0.016682190292315838,0.017584733733792244,0.01869549541833459,0.01955503277601194,0.02051458276542763,0.021308224881054782,0.02224804882816039,0.022961876193303664,0.0238114312313626,0.02439834184272483,0.025037055217360934,0.025467509275990213,0.025932335294730078,0.02619058679673211,0.026445063953693605,0.02651876956254965,0.026533246992281954,0.026410828458761543,0.026247164234253172,0.02594140025128543,0.025498182871655124,0.02501467039580469,0.024475161780826125,0.023834615314609623,0.023078671981084795,0.022301066315693594,0.021428571673882717,0.02055336476082204,0.01962207874981646,0.018684038285126988,0.01770377257712955,0.01673517860245568,0.01575405415656257,0.014783797725993596,0.013822290752937564,0.01287731916901104,0.011935520546197877,0.0110371179547725,0.010165448815272666,0.009333336333507067,0.008521285942523089,0.007766089445368331,3,1,2.9373546,2.7777812,2618,2583,2559,2546,2522,2474,2463,2436,2413,2398,2380,2358,2352,2337,2327,2354,2318,2330,2359,2360,2355,2351,2330,2348,2382,2384,2394,2400,2409,2436,2441,2469,2499,2515,2547,2576,2606,2658,2693,2730,2805,2888,2967,3034,3123,3197,3276,3365,3528,3725,3897,3910,3994,4181,4267,4394,4444,4489,4527,4504,4565,4543,4435,4451,4388,4319,4296,4218,4182,4176,4102,4074,4044,3993,3951,3915,3880,3875.0,3812,3787,3771,3730,3672,3654,3662,3706,3695,3751,3820,3845,3950,3935,3953,3934,3980,4083,4155,4202,4209,4293,4306,4410,4581,4628,4825,4860,4953,4952,5121,5169,5193,5245,5236,5238.0,5222,5162,5027,4904,4787,4672,4519,4373,4279,4133,4069,3941,3781,3667,3574,3503,3417,3363,3289,3196,3115,3031,2950,2879,2820,2780,2751,2729,2676,2648,5,5,0.97086877,1
L0517170611_F57D,15.134683,14.084,14.132417,-0.8309660912658493,0.2220084394720961,1,24,9.666667,19.0,4.1999998,3.0,1,192,12,3,5,0.33333334,0.33333334,0.0,1,1,3.1494769548055526e-13,1.9769794217194885e-12,1.241006617606784e-11,7.830735129136362e-11,4.941283489091279e-10,3.130348563089852e-9,1.9830991363899272e-8,1.256658045270902e-7,7.944328280423481e-7,4.938514703672219e-6,2.8843743641436086e-5,0.00014910868498797808,0.0006971115648276573,0.0028156618678702324,0.0086819092792006,0.022306090963540463,0.047011602365217106,0.08259356773413071,0.1210013795706341,0.14928517714256936,0.15551519811928335,0.13859423814375565,0.1061998887920255,0.07168749726054016,0.04304473463478728,0.02397435015470019,0.012571754680123295,0.006564648202863164,0.003405820621536538,0.0017940654395550023,0.0009450069086016205,0.0005100961263040734,0.00027534153559316424,0.00015089988930867194,8.270043822932404e-5,4.627178501543468e-5,2.588960531371162e-5,1.477566582460054e-5,8.432743463890618e-6,4.9106031906763905e-6,2.8595706412422025e-6,1.6978109214341577e-6,1.008040673770452e-6,6.091559639961119e-7,3.681117565131303e-7,2.2675460816236687e-7,1.396799815637561e-7,8.705701812672823e-8,5.4259494123621866e-8,3.4190957610086036e-8,2.1545170044198563e-8,1.3720955839826801e-8,8.738216973292685e-9,5.568601258730752e-9,3.548734574740579e-9,2.262182802029564e-9,1.4420689457264372e-9,9.189099216165999e-10,5.855500100383515e-10,3.7235690343421737e-10,2.3678751874149974e-10,4.675120623241746e-12,2.9349608485812015e-11,1.842552568325925e-10,1.1627749077659275e-9,7.338040431216231e-9,4.649242601610852e-8,2.945725922178601e-7,1.8673578618599183e-6,1.183476664306637e-5,7.478000496568543e-5,0.00046923465131296343,0.002899012216811194,0.01744585881639119,0.032893677774158664,0.05741725502569335,0.09065370468132335,0.12624603574273255,0.15268711286207073,0.15791771569501561,0.13867543688662204,0.10184118355871795,0.06221222124438335,0.030910811307545232,0.012441702355424184,0.004004512888724559,0.002754246538186266,0.0015699334218302163,0.0008376412301749261,0.00043652554627096455,0.00023032032925519115,0.00012149258431206058,6.56493105684522e-5,3.5474109670599573e-5,1.945784295955639e-5,1.0672803177534154e-5,5.974800471646233e-6,3.3447879543580098e-6,5.093676382012112e-6,7.779127601455831e-6,1.2159792432443826e-5,1.9081932080350682e-5,3.066486267732469e-5,4.95370018394972e-5,8.192702414003425e-5,0.0001364051361333138,0.00023323339179828447,0.00040205571097400467,0.0007074627893068566,0.0012564143969095985,0.0007925696498911552,0.0004999722865613391,0.0003187960173844904,0.00020327543360712782,0.00012970196886068355,8.2758645378474e-5,5.2821368383007395e-5,3.37140628061161e-5,2.1509966903482868e-5,1.372377281503571e-5,8.73776480168444e-6,5.563294989436219e-6,9,11,-49.411369,-53.851009,1987,1964,1933,1920,1912,1910,1900,1887,1875,1871,1857,1855,1869,1863,1827,1822,1817,1818,1822,1817,1816,1812,1801,1837,1828,1839,1844,1843,1849,1852,1865,1881,1904,1921,1931,1942,1965,2014,2044,2094,2148,2197,2289,2370,2435,2501,2581,2676,2768,2928,3059,3132,3124,3180,3250,3303,3362,3435,3511,3544,3571,3676,3635,3603,3578,3526,3489,3496,3402,3387,3398,3395,3341,3254,3203,3189,3146,3114.0,3085,3075,3051,3003,2972,2938,2937,2950,3008,3040,3120,3173,3269,3185,3168,3177,3276,3256,3366,3443,3459,3407,3506,3511,3563,3729,3823,3843,3981,4044,4101,4163,4150,4181,4176,4156.0,4192,4213,4166,4024,3942,3746,3597,3536,3509,3413,3314,3272,3178,3033,2906,2868,2766,2731,2664,2570,2497,2416,2329,2281,2240,2169,2117,2083,2049,2021,9,12,0.32595822,1
L0518084624_1761,5.9223804,5.892,5.917778,-0.9329340882701697,0.1734523301223565,0,0,9.5,18.5,4.0999999,0.40000001,1,192,13,4,4,0.07692308,0.0,0.0,1,1,5.532089243079398e-22,4.705110856237707e-20,4.001845164448628e-18,3.4433914388082005e-16,2.9629346224897365e-14,2.6046476345122835e-12,2.248953814975493e-10,1.4578090957935011e-8,2.3901303098524877e-7,1.4535404890998529e-6,2.018160873255886e-5,0.0001324651412771374,0.0008015048060455417,0.0035858763470529497,0.012862225004706069,0.035494252171954926,0.0779566997177396,0.13312047014866693,0.1795228397865527,0.1920380465574976,0.16069229289599357,0.10833843741960256,0.05740450308947685,0.025516034135940828,0.008837190434105975,0.0027564317883846863,0.0006919172913868465,0.00017529798268947259,3.964637216276816e-5,9.18901336754881e-6,2.129152828393547e-6,5.029078328143478e-7,1.1878779402901368e-7,2.9914922244365765e-8,7.533624444690444e-9,1.9455284702614437e-9,5.024256436676561e-10,1.335790526600185e-10,3.551461162243707e-11,9.767112510860805e-12,2.6861521825964486e-12,7.388441975540781e-13,2.0322661654184204e-13,5.5773379867922965e-14,1.5306598635103537e-14,4.174848407574862e-15,1.1386952611055911e-15,3.0304599223927373e-16,8.065143320276724e-17,2.1461384305084326e-17,5.71091795031525e-18,1.470283831138887e-18,3.7852712444678625e-19,9.68541856321167e-20,2.4782215798593765e-20,6.279874251771489e-21,1.5913359640270871e-21,3.9869515369976275e-22,9.988954562414116e-23,2.5032610937200712e-23,6.273245217935605e-24,1.0175199633598119e-21,8.668369225971778e-20,7.384764605340193e-18,6.366151880941214e-16,5.4880701834955034e-14,4.835170064513188e-12,4.1705314265334715e-10,2.5487139601366522e-8,2.85216300902363e-7,2.332573341105821e-6,2.660127174204713e-5,0.00017667312762580328,0.0010153731627231496,0.004409423874365685,0.015160339953328156,0.04043091653762657,0.085286569754741,0.14044443327574188,0.18297637470813366,0.1890957393118532,0.15395649892690388,0.1008935371491841,0.052409533253372914,0.022742842035649597,0.007792516140992505,0.0023881663454259827,0.0005975862742410033,0.00015019957194558627,3.3825256844190355e-5,7.831031343707472e-6,1.8125302390583296e-6,4.27776516998707e-7,1.0096088304255479e-7,2.5427943611797372e-8,6.404266638465506e-9,1.6546189196761401e-9,4.2749199772237416e-10,1.1375491786148123e-10,3.027036118440755e-11,8.336253867688965e-12,2.2958161556973672e-12,6.323674501460869e-13,1.7418673471619236e-13,4.787095063622861e-14,1.3156544923652853e-14,3.593250237838471e-15,9.813964382374976e-16,2.61440366913305e-16,6.964769857696827e-17,1.8551775665375567e-17,4.941629875597501e-18,1.2728308064298424e-18,3.2784794780899623e-19,8.391828900512448e-20,2.1480362181923054e-20,5.444356750095715e-21,1.3799133817713413e-21,3.4573533356632615e-22,8.662349670950518e-23,2.170883212612861e-23,5.440479978005921e-24,4,12,21.630165,24.826389,951,936,933,917,909,904,895,886,877,876,871,862,858,860,857,859,858,852,850,846,856,865,868,869,868,876,884,887,898,905,917,934,945,954,975,977,998,1019,1024,1015,1013,1034,1024,1059,1110,1136,1183,1207,1167,1200,1263,1346,1362,1472,1535,1548,1612,1599,1616,1576,1540,1543,1484,1442,1455,1459,1444,1441,1456,1459,1446,1445,1437,1454,1474,1437,1428,1422.0,1427,1420,1431,1436,1418,1423,1427,1406,1399,1403,1418,1421,1408,1396,1396,1400,1399,1417,1420,1446,1475,1492,1493,1519,1568,1573,1590,1596,1610,1616,1645,1636,1647,1650,1655,1716.0,1679,1686,1631,1611,1586,1582,1543,1516,1485,1474,1454,1434,1413,1394,1445,1440,1412,1325,1268,1260,1245,1220,1185,1138,1092,1050,1031,1012,993,978,4,12,3.3980434,1
L0518091333_1161,20.423178,19.81,19.809999,-1.1489660957702441,0.6028363954266105,0,0,10.0,19.166666,8.0,1.1,1,96,7,4,1,1.0,1.0,1.0,1,1,0.004557566106939113,0.006535806618237985,0.008989024614133593,0.011764281323801428,0.015028082270880429,0.018638355077218678,0.022722202997504066,0.026993076688261737,0.031562961290040735,0.03605248203679629,0.04058143182407629,0.04464159897054587,0.048335741478696466,0.051167034974297816,0.05331338413405932,0.05436105693885968,0.05449921337251669,0.05369556436931554,0.05178633376088119,0.04922112968834054,0.04570109534343659,0.04201192130266373,0.037538929458939746,0.033498886476330224,0.029011554086957256,0.024847647271513097,0.02072824471672002,0.01744367589949897,0.014216666816815321,0.011510113421149304,0.00910735303243444,0.007204352876127523,0.005572404106165132,0.004327890224261174,0.0032983064178672326,0.0025002968990605126,0.0018719368089408668,0.0013958801958136359,0.0010311706565362077,0.0007583251449770977,0.0005540525372145799,0.00040194476385761464,0.00029038219620025304,0.00020997280047683665,0.0001514564288482022,0.00010796576473206798,7.689384728280464e-5,5.483336291399316e-5,3.9077612368835557e-5,2.7553764369576747e-5,1.943549330192446e-5,1.3552479918757448e-5,9.455905911840237e-6,6.570088587267731e-6,4.572255815471255e-6,3.170029083923199e-6,2.2051908815912556e-6,1.5365791432913546e-6,1.0777592268246744e-6,7.636342411109379e-7,5.478140115725788e-7,0.0045952259201539536,0.006578990389080793,0.009033500479453027,0.011813237946583663,0.015080830046079947,0.018698910448981577,0.022785777520798155,0.02706212631511528,0.0316350049989668,0.03612897324582782,0.04065359227690085,0.044712298366591234,0.048395955403483334,0.05121962120642676,0.05335270247795144,0.054391751441820624,0.05450874010753084,0.05369131968944013,0.05176390965773582,0.04918631218388146,0.04565261144889746,0.04195359355543565,0.037469128716000395,0.033422918565518926,0.02893831194885091,0.024777086242903906,0.020658485763521223,0.01737774581728344,0.014158960749445696,0.011460146989404198,0.009065024550857798,0.0071689325822314985,0.005543470835488671,0.004304575472902078,0.003280085959968146,0.0024862250404141433,0.001861228194984237,0.0013878227003666379,0.0010251832006284794,0.0007539162042488544,0.000550839669976609,0.0003996213431011525,0.0002887117088986472,0.00020877573516877708,0.00015060334333045906,0.00010736427686926438,7.647016208014086e-5,5.453503940500953e-5,3.886811121474524e-5,2.7408000219278096e-5,1.933405488763765e-5,1.348252931704622e-5,9.407705575254732e-6,6.537005769694679e-6,4.549548134843073e-6,3.1545195845730677e-6,2.194593918509384e-6,1.5293568398225509e-6,1.072834531780932e-6,7.602740505230128e-7,5.455249701756042e-7,4,3,-4.1562138,-8.854166,2213,2201,2188,2171,2156,2166,2149,2147,2143,2123,2107,2098,2088,2083,2078,2062,2052,2047,2036,2011,2007,2000,2008,2012,2027,2044,2049,2036,2042,2059,2068,2068,2089,2100,2115,2140,2167,2202,2240,2272,2354,2416,2537,2605,2642,2670,2735,2763,2842,2956,3044,3193,3485,3674,3703,3756,3803,3777,3910,3974,3958,3974,3972,3882,3741,3652,3614,3595,3599,3617,3597,3530,3542,3578,3561,3526,3470,3441.0,3449,3457,3400,3423,3407,3362,3382,3429,3425,3537,3456,3461,3426,3426,3468,3479,3485,3535,3594,3648,3700,3707,3730,3724,3762,3869,4015,4058,4131,4175,4239,4304,4281,4274,4345,4424.0,4364,4276,4109,4082,3902,3795,3675,3556,3409,3292,3243,3142,3119,3027,2971,2911,2857,2825,2778,2699,2634,2602,2559,2474,2408,2377,2345,2310,2281,2254,5,3,0.48543462,1
L0519084000_1727,28.754904,24.952,25.864,0.1366436567184746,0.9741842939363792,0,0,10.0,18.833334,6.5999999,1.2,1,192,14,4,4,0.9285714,1.0,0.5,0,0,0.0008804101335080814,0.0012043476766637634,0.0015803585513273913,0.0020071296670000596,0.002490453454110898,0.003036582640618062,0.0036532004582250912,0.00434196725205623,0.005106315033345238,0.005954877457739462,0.006889062600895267,0.007924005400519947,0.009039809380377127,0.01026778917158201,0.011544807494372368,0.012952251946686883,0.014385270506994464,0.015980626915382788,0.017516433338350845,0.01921598761406118,0.02079642835071162,0.022530806410852606,0.024036133967335404,0.025710307700753377,0.02711069175650315,0.028509470475334243,0.029605106449310203,0.030794436332234117,0.03157604854985746,0.032307187367310905,0.03271288093484853,0.03296232724945011,0.032916742436264586,0.032746742646953,0.032320257082561275,0.0316815535002117,0.03087551655131678,0.029876705091925155,0.028738166632476348,0.02747140820528301,0.02611650599837487,0.024613062683908015,0.023070111970710964,0.02150395505574333,0.01994188822647859,0.018294488042517508,0.016720383000792777,0.015182095053492542,0.013710224621490031,0.012295142953656699,0.010971460198823139,0.009716659941189365,0.008560600320470053,0.007509407642108076,0.006545139767531847,0.0056800953272925555,0.004899573258965533,0.004204668991048727,0.003588074352570921,0.0030489174226666317,0.002576940784857202,0.0008850997057043671,0.0012096007271007014,0.0015860267199198353,0.0020131943362530044,0.002497078374807121,0.003043992041484333,0.0036614496654924795,0.00435121261779531,0.0051168483114596335,0.005966886767433423,0.006902757596383737,0.007939759436236019,0.009057359078447838,0.010287213061044692,0.011566489587252062,0.012976598554829693,0.014411347354366786,0.01600831881524471,0.017545403468310065,0.019245855349549184,0.020826649358499958,0.022561080755242383,0.024063604504414055,0.025735244453063476,0.027134427725071603,0.028531245557512033,0.029621980390660232,0.03080634160593292,0.03158317127467919,0.03231021468938416,0.032712376370352826,0.03295828720894438,0.03290845328125912,0.03273493692710888,0.03230606668026211,0.03166521347996546,0.030857189784391812,0.029856613073163923,0.02871614471056991,0.027447995907799394,0.02609282524001652,0.024588971325562294,0.023044957486502572,0.02147864480826983,0.019917751149615744,0.018271413338539665,0.0166978416620516,0.015160379402365377,0.013689624354131794,0.01227574119283325,0.010953460118886888,0.00970005887158521,0.008545210710183144,0.007495258324810241,0.006532290736013173,0.005668494484537439,0.0048892150649241465,0.004195497677372158,0.003579980648659661,0.003041835597481108,0.0025708184982652423,0,0,0.0,0.0,3173,3139,3106,3108,3106,3082,3082,3066,3053,3039,3017,3001,2962,2968,2946,2928,2918,2899,2905,2894,2891,2870,2881,2883,2882,2893,2900,2907,2914,2917,2955,2979,3002,3031,3057,3097,3145,3199,3280,3360,3493,3590,3653,3696,3764,3831,3927,4090,4227,4431,4745,4933,4976,5059,5107,5167,5250,5314,5256,5294,5271,5169,5031,4967,4921,4907,4932,4962,4964,4898,4896,4934,4885,4820,4767,4740,4741,4723.0,4669,4680,4659,4611,4633,4675,4657,4819,4687,4686,4691,4712,4772,4819,4796,4844,4899,4983,5047,5015,5062,5051,5152,5228,5245,5355,5443,5516,5585,5624,5652,5626,5641,5727,5807,5749.0,5644,5519,5402,5252,5154,5003,4866,4758,4649,4585,4498,4404,4337,4248,4177,4114,4037,3938,3845,3776,3710,3616,3509,3458,3413,3361,3311,3292,3250,3210,,,0.37756038,1
L0519102853_61C0,10.703703,10.632,10.632,0.11444681014016192,0.956742857889195,1,12,10.5,19.0,9.1999998,1.6,1,96,6,1,3,0.16666667,0.0,0.33333334,0,0,0.0006146021975320158,0.0012034145741557,0.0016460242836924197,0.002129229342398255,0.002701571906430141,0.0030823627350778254,0.003907866677085305,0.004421186497623972,0.005240545958876641,0.006058105167663154,0.007151334880498916,0.007810928877120559,0.009463730256255024,0.01018138916805119,0.01181206345104757,0.012727243208312738,0.014743705430965624,0.016255470008784606,0.01758183522416991,0.018498861956912745,0.021141122618024404,0.022764486453694523,0.024338745192391303,0.025081811410401108,0.026831616951799083,0.028245571624963203,0.029831998691649573,0.031222781804942805,0.03200979833586044,0.032842743268124704,0.03340285027012324,0.03394899622245532,0.033928733324708804,0.033772306773286395,0.03315990984126925,0.032709886550771027,0.03197566659862173,0.030998057027505195,0.02929416035754708,0.027880511174453913,0.02660895284538498,0.025166292050631055,0.02330001032615485,0.02148239702999348,0.01964678914548791,0.01783908436095361,0.01618259984573261,0.01451646893218864,0.012970209290489036,0.011451910520490233,0.010105171210115236,0.00879880544228864,0.00766298411466637,0.006584193506211344,0.005654331914689062,0.004792868701464101,0.004069246135207861,0.0034127177268086597,0.002849486797810485,0.0023521838660357356,0.0019400699419487228,0.0006413659960452281,0.00122137530330419,0.0016693532507470903,0.002143730021557834,0.0027212943525522803,0.0031059290513162294,0.0039317870769872065,0.004455182431932688,0.0053085952806984854,0.00619739985226444,0.007565805605687546,0.009140965806127378,0.013285626270716586,0.012553481129292722,0.013318192679182632,0.014439716868310309,0.016441916748029955,0.017795549879364016,0.01910678003739462,0.020918714475338964,0.02318280903923387,0.023827746783127875,0.02341321192400624,0.021548995580792738,0.018687095249672523,0.023066280700114624,0.026934244317011614,0.029421212799170784,0.03059284301469972,0.03119422235284314,0.03099963737997843,0.030179086602815437,0.02810738628271199,0.025265389028652305,0.02139946302612869,0.017491529989492688,0.01351144439856227,0.016449970784017328,0.018958388270845904,0.021114027776716317,0.02323674973544407,0.025432121463443647,0.027297225827136482,0.028449669191968945,0.029559165562929025,0.029943679105904963,0.030633848721218337,0.03121288167869012,0.032842246979399206,0.021716255686020303,0.015332348299567046,0.011383692561761877,0.00893121459799343,0.007189507059949878,0.005937702729050802,0.004918690501275382,0.004119751537267212,0.0034281884341266127,0.002849660339440829,0.0023459420118530027,0.0019317105581140512,0,0,0.0,0.0,1563,1565,1549,1539,1529,1518,1514,1518,1522,1523,1532,1534,1536,1529,1506,1505,1502,1478,1474,1476,1467,1480,1503,1507,1511,1518,1548,1557,1567,1588,1586,1613,1681,1706,1667,1676,1678,1685,1688,1706,1726,1752,1752,1785,1791,1812,1821,1832,1868,1916,1940,2056,2136,2196,2257,2314,2466,2583,2711,2729,2811,2887,2806,2697,2611,2509,2408,2365,2326,2287,2283,2264,2264,2242,2222,2171,2149,2141.0,2111,2090,2103,2114,2109,2106,2117,2112,2093,2062,2063,2040,2045,2022,2010,2019,2039,2066,2066,2096,2122,2189,2212,2200,2219,2238,2239,2272,2315,2301,2282,2268,2279,2279,2274,2300.0,2306,2289,2285,2271,2245,2197,2170,2144,2134,2105,2053,2060,2057,1999,1968,1944,1920,1894,1875,1832,1788,1766,1744,1703,1684,1653,1656,1630,1610,1581,,,0.95381087,1
L0520105847_63C7,9.197113,8.959,8.9589996,1.1212478844225184,0.43205265294686646,0,0,9.666667,19.5,6.4000001,2.7,1,96,15,5,5,1.0,1.0,0.0,1,1,4.700499240101836e-9,6.019136684708776e-9,6.282651328051836e-9,6.490444748229014e-9,6.5518113098690745e-9,6.5648957860604824e-9,6.560412122132026e-9,6.617509794578235e-9,6.4712806619135124e-9,6.7272898977887884e-9,6.430034667693627e-9,6.9384768644810924e-9,6.973703086563362e-9,8.532515005510001e-9,1.2252657548498224e-8,2.3644632029144732e-8,5.78468048637741e-8,1.470969279254064e-7,3.842436780489228e-7,9.530819877961774e-7,2.4750745610357907e-6,5.753187423107288e-6,1.3579147152545704e-5,2.908370832483928e-5,6.33670208937319e-5,0.0001287615748856108,0.0002548537408531968,0.00048296653422664695,0.0008808796936559355,0.001553503960191804,0.002614741657229045,0.004282150469557256,0.006669247491869081,0.010087005567145394,0.014581045972769562,0.02046958430975669,0.02740861053770598,0.035687394569107744,0.04436011166526855,0.053394006303425945,0.06168534233860863,0.06890188166538076,0.07389878891145793,0.07660978924053392,0.07634005814203342,0.07333034791535513,0.06787157261227734,0.06074491434570961,0.05225167637617342,0.04324256900518338,0.034594485575874745,0.026711853263858814,0.019881157987706195,0.014292397001540984,0.009910496632828234,0.006636436909798886,0.004293056749282656,0.002694276439710755,0.00163166181697566,0.0009601678595203253,0.0005462769968362764,4.9353281653662286e-9,6.106343150135973e-9,6.332208383040745e-9,6.502911322016375e-9,6.5661426511207675e-9,6.55785158300199e-9,6.582924904285088e-9,6.591275829613114e-9,6.511510019853975e-9,6.698303242678136e-9,6.469379485239412e-9,6.941609848251841e-9,7.022856986659479e-9,8.739720985348326e-9,1.2712396993769575e-8,2.5125013034704865e-8,6.271136886542621e-8,1.569426585707267e-7,4.192133065133395e-7,1.0176328480531769e-6,2.6940684847940047e-6,6.1570667590613295e-6,1.45756872184911e-5,3.1157234131699176e-5,6.764915553560508e-5,0.0001372867045960944,0.0002704784983726748,0.0005109374564039173,0.0009291841859954409,0.0016353984375641786,0.0027381689547904967,0.004467823885772721,0.006931635222904827,0.01044886784227133,0.015043146039219003,0.021047472593019933,0.028056839369293436,0.036394147191500824,0.04508588353328989,0.05408224370580983,0.06227178546451645,0.06932981334316159,0.07411314592685687,0.07658658581497128,0.07611590826222739,0.0729118885362463,0.0672761374477329,0.06003970933979172,0.05153565459021509,0.042547637344979544,0.033955423191566476,0.026157862678203882,0.019426139411307032,0.013936065543796712,0.00964508101704698,0.006446871062480973,0.004162598467465555,0.0026080578207992914,0.0015769386938014,0.0009266404837633784,0.0005265218301761485,0,0,0.0,0.0,1495,1473,1461,1452,1447,1451,1446,1452,1466,1466,1454,1440,1438,1431,1420,1421,1413,1414,1409,1415,1414,1412,1427,1431,1438,1449,1462,1463,1483,1509,1512,1563,1604,1628,1656,1679,1698,1724,1750,1761,1788,1783,1811,1845,1875,1871,1899,1938,1969,2050,2123,2198,2252,2322,2330,2382,2461,2490,2521,2500,2472,2427,2403,2386,2391,2376,2352,2361,2345,2368,2354,2371,2374,2315,2271,2261,2211,2213.0,2203,2179,2173,2160,2163,2153,2175,2175,2174,2182,2205,2211,2236,2255,2275,2238,2279,2289,2258,2311,2319,2306,2368,2396,2373,2329,2303,2290,2286,2293,2282,2315,2364,2361,2374,2360.0,2362,2439,2430,2398,2366,2309,2281,2296,2260,2213,2148,2095,2061,2005,1974,1932,1882,1836,1800,1774,1725,1704,1683,1633,1608,1583,1550,1536,1529,1512,19,13,0.97086877,1
L0520131128_5E81,9.4711246,10.313,10.362576,-1.4978779569950837,0.4057448231280946,0,0,9.5,18.5,4.8000002,2.2,1,192,8,2,5,0.75,1.0,0.80000001,1,1,0.0034880725620498446,0.006949012048551831,0.01085219551841183,0.016261043036305493,0.02292139257593304,0.030906553036955445,0.040345365091410325,0.04933657129554717,0.060429277354395565,0.06692770729530889,0.07647308363490274,0.07818122288701719,0.08139000670047343,0.07808548522298718,0.07380576279821102,0.0664158686315514,0.057305128261403535,0.04751920607231017,0.03791401930683718,0.0292578773705407,0.021562910576995626,0.015392546066201527,0.010510941685845616,0.006973620908239642,0.004421765356006927,0.0027339207289353564,0.0016153455416255008,0.0009324096259556383,0.0005159918596074658,0.0002810541881128777,0.00014699201189175367,7.542183650791111e-5,3.746415888743817e-5,1.833544303145637e-5,8.746731360891044e-6,4.149026123490748e-6,1.931175656138699e-6,8.832158021474675e-7,3.9962863892422647e-7,1.783746159176769e-7,7.915515152843866e-8,3.485926341651205e-8,1.5309656964469214e-8,6.679559761930733e-9,2.911255752128123e-9,1.2669817264674342e-9,5.512197556983717e-10,2.401250119558506e-10,1.045980249913993e-10,4.563471118763136e-11,1.990967370107599e-11,8.712583453416909e-12,3.812687074173452e-12,1.6710729379928067e-12,7.324216529927863e-13,3.2134393268638774e-13,1.4098751129175296e-13,6.190719232757335e-14,2.7183367376439615e-14,1.195600116885751e-14,5.258604020162117e-15,0.0037854766020838514,0.007160424249404571,0.011185625495009515,0.016672847306691666,0.02334172936751643,0.03171785227713428,0.040585986629938293,0.05078151580226727,0.06021540847235758,0.06852605190966968,0.07614871408759541,0.07903199730195365,0.08112604489347082,0.07808785300667788,0.07335455692583924,0.065848938524374,0.0565816238650294,0.046850948714118996,0.03718655788775896,0.028635241225874256,0.02099534534871149,0.014958836636910566,0.010162834733868071,0.006727999911665368,0.004246622197221181,0.002619267645827193,0.001541757658047692,0.0008879544615031193,0.0004897998532608878,0.00026617854677736394,0.0001389040076547199,7.114855809700664e-5,3.528267692439493e-5,1.72459820948341e-5,8.217557531935718e-6,3.8947455088011505e-6,1.8120564648312386e-6,8.284405392843006e-7,3.74781437730942e-7,1.6726939159809603e-7,7.422852002402634e-8,3.2692514669640966e-8,1.4360235447906368e-8,6.266397959281888e-9,2.7317162952830623e-9,1.1891010613217965e-9,5.17452300007861e-10,2.2546985495907976e-10,9.823836085118963e-11,4.287118442440452e-11,1.870886581263051e-11,8.189416783601328e-12,3.584761354139663e-12,1.5716387187865054e-12,6.890442322088156e-13,3.024044490725909e-13,1.327184398844769e-13,5.829444670961251e-14,2.560502512028814e-14,1.1265471662123729e-14,4.956508248659022e-15,0,0,0.0,0.0,1488,1478,1468,1454,1443,1456,1446,1431,1423,1411,1394,1387,1377,1372,1376,1368,1355,1351,1345,1349,1353,1354,1353,1349,1347,1357,1367,1381,1392,1404,1386,1404,1425,1443,1500,1515,1525,1538,1564,1596,1630,1667,1710,1737,1767,1825,1860,1939,2033,2125,2278,2373,2424,2434,2351,2352,2315,2350,2361,2363,2351,2331,2312,2311,2294,2293,2287,2278,2276,2268,2259,2203,2212,2211,2200,2200,2170,2139.0,2135,2138,2125,2112,2101,2090,2083,2078,2079,2084,2078,2095,2092,2093,2119,2135,2153,2169,2181,2171,2173,2191,2189,2209,2237,2287,2295,2348,2399,2391,2372,2371,2408,2420,2420,2455.0,2465,2469,2446,2466,2448,2437,2372,2345,2319,2281,2243,2222,2221,2153,2093,2030,1995,1963,1915,1875,1848,1814,1772,1729,1687,1662,1639,1612,1545,1513,1,6,0.37756038,1
L0522102108_E5FC,12.678038,12.132,12.152687,1.0438267957505118,0.3180719673556995,1,12,9.833333,19.0,4.4000001,1.4,1,192,14,5,4,1.0,1.0,1.0,1,1,1.6922003895172587e-29,1.4280082465427892e-28,1.2050812621774802e-27,1.018528827130555e-26,8.608692147186676e-26,7.297487784314017e-25,6.186098212955787e-24,5.2539281941806795e-23,4.462301447061156e-22,3.7978161658989004e-21,3.2323372347346374e-20,2.756228667726767e-19,2.3502914952729298e-18,2.006102457318355e-17,1.7123496949242795e-16,1.4668517022170443e-15,1.2565749472977641e-14,1.0796600311774862e-13,9.27669349139213e-13,8.00133924421769e-12,6.899451985506071e-11,5.950422722984773e-10,5.065747605405682e-9,4.0649542319719835e-8,2.6978324671592113e-7,1.2099500245198373e-6,3.7389637467015556e-6,1.2196150921726408e-5,4.194388738439252e-5,0.00012005179781679275,0.00032146536373483863,0.0008094216352299963,0.0018536612821982035,0.0039724849471578965,0.0077695438736508915,0.014149306100505226,0.023706164712474498,0.036842694399275594,0.05290868468858275,0.07047901560754063,0.08682398631283293,0.09948362636901223,0.10559021649568455,0.104580067801125,0.0960579803542789,0.08262188479921885,0.06618075021751002,0.049955930746554404,0.03531399668441204,0.023746545876714414,0.015105153655355622,0.00922375925157626,0.0054137991535949306,0.0031000683084600558,0.0017356927355195201,0.0009611866295244062,0.0005283661127385533,0.00029012587674041824,0.00015919830948564893,8.758203368377185e-5,4.81827441082746e-5,8.932023982196943e-27,7.544108155721083e-26,6.371925919613246e-25,5.3902542579921436e-24,4.55987222820672e-23,3.8688175676597856e-22,3.282531988434732e-21,2.790416240679021e-20,2.37210706092888e-19,2.0207183576473893e-18,1.721403616622371e-17,1.4691985318765272e-16,1.2539603707433723e-15,6.317884225859769e-15,3.183968782949816e-14,1.6107764776456165e-13,8.151090514218537e-13,4.138166567518634e-12,2.1014437272836177e-11,1.0715429466782213e-10,5.463804301304411e-10,2.787203397674749e-9,1.4037677055069841e-8,6.667242392232089e-8,2.625950784668502e-7,1.1820816477438411e-6,3.6552703831967884e-6,1.1808827485958958e-5,4.020716454372054e-5,0.00011265707900882408,0.000289093478864143,0.000682608195166513,0.0014019793452656343,0.00258226511881464,0.004082015315770053,0.005638999801512697,0.006889978201151229,0.01241738022591881,0.02030968328706085,0.030824027559445487,0.04329100406786849,0.05732426954292796,0.0711590894871025,0.0843600101191561,0.09460559041604834,0.10217886177604939,0.10577551401546272,0.10698599236936089,0.10514709155811985,0.061955478984625466,0.03579950188875528,0.02044993914669643,0.011500257521099158,0.006419347258723331,0.0035469407118858235,0.0019534666488136886,0.0010721458520697054,0.000588709216116062,0.0003231538718992276,0.00017785785316964684,9.78899699244111e-5,0,0,0.0,0.0,1655,1628,1609,1595,1577,1591,1588,1576,1581,1557,1547,1547,1551,1539,1534,1532,1521,1521,1517,1495,1495,1498,1504,1512,1512,1507,1507,1519,1533,1542,1554,1566,1583,1596,1622,1651,1666,1696,1719,1758,1792,1837,1892,1940,1997,2036,2143,2206,2187,2235,2270,2298,2378,2468,2520,2573,2636,2711,2757,2829,2829,2922,3016,2982,2999,2970,2991,2932,2957,2919,2856,2889,2890,2946,2915,2904,2813,2809.0,2781,2785,2746,2743,2697,2663,2666,2680,2678,2689,2708,2665,2664,2719,2738,2740,2735,2745,2751,2709,2723,2696,2721,2736,2744,2752,2760,2818,2832,2825,2852,2835,2788,2813,2794,2813.0,2781,2739,2711,2695,2664,2657,2617,2577,2542,2510,2450,2392,2371,2311,2258,2208,2161,2140,2075,2019,1964,1942,1916,1861,1807,1778,1748,1728,1687,1676,10,7,0.370024,1
L0522121607_1755,7.0408559,7.185,7.1885209,-0.37056216112426044,1.2239626436995117,0,0,10.5,19.5,3.0999999,0.80000001,1,192,4,1,5,1.0,1.0,1.0,1,1,0.001626990804073904,0.01193115388928987,0.01625480167263404,0.016299196727619803,0.01750283309970195,0.018041447300517117,0.018705300254695956,0.019296030131377574,0.019857126035470317,0.020371841008912636,0.020892847100978967,0.021344832605071393,0.021804679136379724,0.022158399940528418,0.02255657345092873,0.02279322375969142,0.023142633864999405,0.023312723444422354,0.023520748977883612,0.023519855137390237,0.023690495333569088,0.023673267178705094,0.023657352929725452,0.023500915765482355,0.023390981808897173,0.023156793818618106,0.022935810553649034,0.02263540705104369,0.02228586076343104,0.021885847646579547,0.021451702637419575,0.020979028077558408,0.020467445525780097,0.01992967121127565,0.019347867916774335,0.018744337117022294,0.018129520938755167,0.017502375176787075,0.016832262071112495,0.016147470284674774,0.01548425042510922,0.014816222797922227,0.014129334609745465,0.013440833123230805,0.012766555332159379,0.012090356007259025,0.011434776679282969,0.010782925855762003,0.010151813523828521,0.00952913276412813,0.008933777248509286,0.008353438583929033,0.007796880100676827,0.007260873639413825,0.006745788716255847,0.006252791849772853,0.005788228273424865,0.005350230816108488,0.004927449235055854,0.004529087432035253,0.0041576008369621055,0.002145045054135091,0.012992853520488354,0.016047234647426644,0.016506131561337182,0.017538063819398698,0.018122633373080642,0.01877153171893496,0.019365630830806623,0.019919158828797558,0.020447145732660377,0.02094554219301126,0.021416591173212988,0.021840221648649138,0.022228147136357887,0.022571658455798924,0.02286344555826629,0.023142908352253716,0.023357281071981265,0.02349955510556336,0.023572650980879413,0.023664324125676546,0.023682310294312385,0.023618367967685475,0.023501406181706704,0.023344536143111768,0.023138453200487616,0.022883306590891137,0.022590644932629,0.022225829242778092,0.02183054631470957,0.021385814796655606,0.020912633692091353,0.020396352579011838,0.01985348588626287,0.0192722557569516,0.018668043360194047,0.018052185415924717,0.01741567811151472,0.01675262718250577,0.016070855880882275,0.015406432282958715,0.014732341261421375,0.014051941464096631,0.013363004198119291,0.012692456402748532,0.012017266515561374,0.011364386662767446,0.010713942579906181,0.010085447135778452,0.009465953841213195,0.008872125398758651,0.008294583963891537,0.00773992307498261,0.007206302184647212,0.00669361086753755,0.006204597271580939,0.005741421788428714,0.005304758630060936,0.004885190039305623,0.004490523061162754,0.004120702956048813,0,0,0.0,0.0,1175,1169,1196,1181,1161,1156,1144,1146,1125,1131,1139,1085,1069,1072,1075,1064,1065,1060,1059,1064,1127,1122,1063,1126,1131,1135,1084,1089,1155,1162,1167,1180,1193,1199,1213,1235,1248,1266,1268,1284,1304,1312,1331,1343,1352,1369,1413,1434,1451,1481,1518,1570,1587,1632,1665,1681,1688,1697,1701,1693,1693,1701,1698,1680,1663,1646,1642,1632,1615,1602,1610,1605,1593,1582,1586,1588,1590,1608.0,1612,1598,1592,1584,1558,1546,1544,1526,1512,1515,1515,1516,1524,1528,1544,1558,1558,1562,1559,1552,1563,1567,1572,1590,1607,1613,1650,1673,1662,1677,1697,1706,1731,1774,1796,1811.0,1774,1754,1747,1732,1708,1680,1661,1651,1641,1625,1613,1572,1547,1529,1479,1461,1434,1419,1399,1377,1367,1354,1332,1311,1305,1291,1270,1258,1244,1165,5,3,0.61782604,1
L0522173559_0E5A,7.6472745,8.481,8.5918541,-1.0247073354522371,0.18935758701548475,1,24,9.666667,19.0,3.0999999,1.2,1,96,15,5,5,1.0,1.0,1.0,1,1,3.8453781252266677e-16,1.2736537062372174e-14,4.2182656927393967e-13,1.4013879270487994e-11,4.426250331358167e-10,9.963829840945064e-9,1.3509543058341875e-7,1.4241671174558002e-6,1.1905677458054781e-5,8.078329615994679e-5,0.0004409553919863781,0.0019413974001548148,0.006866024957021873,0.019801750357272357,0.04628521619059831,0.08776247120575868,0.13517338862455552,0.16985334838570812,0.1745681743556723,0.14709476538240185,0.10275051979294253,0.059689090931972485,0.029096987436938386,0.012138447789484976,0.004389605890064707,0.0014394054995154567,0.00043304424057275426,0.00012848915912318123,3.7181986367773506e-5,1.0874635797411651e-5,3.176863443005368e-6,9.812888379531343e-7,3.031094069587729e-7,9.554328856666051e-8,3.011646381633075e-8,9.876787562148951e-9,3.2391293442226992e-9,1.10854634928323e-9,3.793843868333992e-10,1.3224361432057716e-10,4.6096734871951766e-11,1.6352336364308383e-11,5.800829294308272e-12,2.0790141996341503e-12,7.451193095828499e-13,2.661766122128291e-13,9.508562294518535e-14,3.433630656790298e-14,1.2399198822828177e-14,4.393793060442656e-15,1.5569912343106985e-15,5.543726716062716e-16,1.9738684497181207e-16,6.992159666620589e-17,2.4768803899088662e-17,8.705846100156489e-18,3.059970932595086e-18,1.0818586245303288e-18,3.824936704622409e-19,1.358875780372164e-19,4.82765200199548e-20,4.3890634171240136e-16,1.454770135536167e-14,4.82153114946232e-13,1.602815138279609e-11,5.053860315052204e-10,1.1207121027309561e-8,1.5021449656577775e-7,1.5751728401458708e-6,1.3155195196783648e-5,9.046125008159713e-5,0.0005251656825414058,0.0028593938268568924,0.017173043722147025,0.038357846627289624,0.07611120352434517,0.12453303012685282,0.16630176260137247,0.1807812017151283,0.15983214840817403,0.1157263442291617,0.06769738466266977,0.03223988045450529,0.012410020778524327,0.0038149988958027198,0.0008981971093017839,0.00041663030919379755,0.0001494659413450687,4.723728738274404e-5,1.3882577433924032e-5,4.0725738411820605e-6,1.1908076063470052e-6,3.680000938750073e-7,1.1372509301562813e-7,3.5860869219402524e-8,1.1308043358135777e-8,3.709217041023194e-9,1.2166835608498618e-9,1.1120913021135354e-9,1.0188738105611532e-9,9.532539341832804e-10,8.94535161888399e-10,8.571781892808425e-10,8.244608612125922e-10,8.045299609821337e-10,7.886270951202425e-10,7.742200447798437e-10,7.640064361484347e-10,7.664432900724009e-10,7.733267825296006e-10,2.742645001544391e-10,9.726962228282302e-11,3.4665897972443155e-11,1.235461037708678e-11,4.3800717856591444e-12,1.5528676649514847e-12,5.46161781310945e-13,1.9209179777200288e-13,6.796777899839056e-14,2.4049070303773364e-14,8.551552476497556e-15,3.0408352155581573e-15,25,15,-7.7639861,-7.7777777,1322,1305,1296,1285,1278,1275,1266,1256,1250,1241,1227,1222,1216,1209,1202,1201,1195,1186,1183,1173,1170,1166,1170,1174,1175,1177,1181,1188,1197,1194,1197,1215,1229,1237,1256,1263,1273,1315,1346,1346,1402,1433,1485,1516,1558,1581,1663,1665,1706,1755,1797,1839,1887,1963,2038,2139,2202,2239,2325,2347,2327,2296,2248,2262,2226,2218,2187,2227,2231,2212,2216,2176,2252,2250,2223,2154,2154,2121.0,2131,2110,2096,2104,2079,2077,2083,2100,2095,2093,2063,2067,2083,2108,2133,2124,2135,2118,2095,2076,2071,2049,2080,2073,2088,2080,2094,2117,2120,2126,2139,2145,2140,2142,2172,2181.0,2170,2138,2117,2089,2066,2035,2009,1973,1952,1931,1896,1872,1845,1807,1789,1768,1732,1674,1648,1609,1578,1547,1514,1483,1429,1397,1382,1369,1346,1318,25,15,0.27184331,1
L0522191102_96ED,3.4294188,6.631,6.631,-0.8783551214370523,0.2513047995703234,0,0,10.5,19.5,3.2,0.1,1,192,15,5,5,0.86666667,1.0,0.0,1,1,1.9144213393974673e-12,5.25154274763542e-10,5.656904145314342e-9,3.832637749251194e-8,2.3815322244193448e-7,1.309602540683738e-6,6.359430638765492e-6,2.720178304951373e-5,0.00010299984001632868,0.00033967858507800985,0.0010341403050777222,0.002581158317981215,0.006746432354777276,0.012222367094737048,0.028559578365395553,0.03878891981885553,0.07591718181253594,0.08515583464576512,0.12777867612902166,0.12039173784610767,0.1375840857819346,0.11291557300545074,0.095749311123023,0.06475485884146524,0.04333901458082525,0.024112807640510565,0.012569872475842644,0.0057218473426866225,0.002342538503843807,0.0008598832464606328,0.00028290977968463887,8.420001197046534e-5,2.2370331984956704e-5,5.412183054329099e-6,1.1750682838403783e-6,2.3175114068844914e-7,4.157292902237833e-8,6.897880541737286e-9,1.0468731676374685e-9,1.459347831461404e-10,2.0965864844715297e-11,4.7466771502090094e-12,2.7474461025396276e-12,2.5166368666213267e-12,2.4875226735889824e-12,2.4809130092113903e-12,2.4831441928467677e-12,2.4823337635354315e-12,2.480854884445021e-12,2.4798750522783504e-12,2.4779321235431247e-12,2.476603119263232e-12,2.474678854249297e-12,2.4744937900764225e-12,2.473056827982291e-12,2.471126275623156e-12,2.4720247619724108e-12,2.467653874831874e-12,2.4691095744994935e-12,2.4688855791083543e-12,2.4728952460029023e-12,7.411438254883104e-12,7.499342022512451e-10,6.875512544095437e-9,4.5809316213552284e-8,2.7863975984006063e-7,1.50687850613512e-6,7.218802585403516e-6,3.0556792466517e-5,0.00011437067505479268,0.0003761797394779791,0.0011208268246386069,0.0028378921105233807,0.007084679531594665,0.013377264390404776,0.02918872304655551,0.04170331041589855,0.07638701718790011,0.08878381977627843,0.12706485007718019,0.12227978096801709,0.13554636811310963,0.11181931434803935,0.09330737758388198,0.06316141521789818,0.04177202228737951,0.02319146441679895,0.011999971656143459,0.005442270981778644,0.002218069337736736,0.000811290399612458,0.0002659271451510436,7.888675832341405e-5,2.089786202349696e-5,5.04172511515616e-6,1.0920041174757006e-6,2.148649448400396e-7,3.845917667728828e-8,6.368652926755596e-9,9.652110471332176e-10,1.3453417350709524e-10,1.9473923312778006e-11,4.56117913019359e-12,2.725476212921292e-12,2.5129361035823627e-12,2.4865473183995206e-12,2.4805084362124362e-12,2.481904136667925e-12,2.481296754891018e-12,2.479653996987741e-12,2.47879743496084e-12,2.476842615576007e-12,2.4756395429737383e-12,2.47374661921407e-12,2.4734892164236175e-12,2.472419989925144e-12,2.4704776828529054e-12,2.471637606401535e-12,2.467543539529489e-12,2.4689499459847707e-12,2.468615165067083e-12,2.4728186038402643e-12,21,1,0.60302675,0.39682603,1057,1057,1059,1063,1071,1065,1046,1032,1024,1017,1013,1005,1012,991,983,977,998,1001,995,988,994,994,987,999,1004,1005,1013,1014,1016,1020,1023,1030,1039,1050,1066,1085,1101,1116,1120,1130,1145,1155,1183,1241,1265,1308,1358,1397,1421,1412,1443,1481,1566,1585,1636,1660,1748,1783,1826,1828,1818,1802,1766,1736,1761,1729,1718,1711,1727,1716,1692,1700,1672,1682,1649,1650,1634,1620.0,1596,1575,1575,1573,1576,1564,1581,1611,1602,1610,1608,1620,1569,1586,1567,1565,1564,1559,1558,1567,1555,1555,1553,1555,1555,1559,1583,1602,1596,1591,1605,1622,1616,1597,1622,1615.0,1619,1605,1584,1548,1538,1531,1508,1478,1460,1449,1438,1422,1405,1363,1355,1332,1297,1282,1268,1240,1222,1209,1188,1174,1155,1146,1133,1118,1104,1094,21,2,0.32417044,1
L0522201601_AD83,16.37249,21.256,20.036036,-1.225632290611961,0.3076128818627724,0,0,10.5,19.5,3.5,6.1999998,1,96,14,5,5,1.0,1.0,1.0,1,1,1.6974560419838613e-6,8.265526154944866e-6,3.396783999177411e-5,0.00012558999617446533,0.000424555987648547,0.0011634883802090705,0.0028649785768379505,0.006432690283580774,0.012730013860362857,0.023437289719601885,0.038333858931882916,0.05776550251758879,0.0782701994632302,0.09736226696991034,0.10972101249044063,0.11396133559101285,0.10787458508909448,0.09480449299298001,0.07657868341367792,0.058161502633475914,0.04112921130990547,0.02809070887122497,0.018293050379957432,0.011739909301845227,0.007418122267480326,0.004728985184940269,0.0030122063457398702,0.001947379878532175,0.0012589746106883195,0.0008168019496719429,0.0005299292078728114,0.00034449317571028147,0.0002239467510083103,0.00014550890293613667,9.454438196953983e-5,6.088897134965804e-5,3.921413039075039e-5,2.530662238000815e-5,1.6331530833295008e-5,1.0393725777341828e-5,6.6147935358151774e-6,4.208177527157101e-6,2.6771486261903183e-6,1.696671067766772e-6,1.0752845282518584e-6,6.783743291676216e-7,4.279725118502295e-7,2.704861798939268e-7,1.709522377418244e-7,1.0820773934292787e-7,6.849240248054099e-8,4.345693538855399e-8,2.7572515904872902e-8,1.758030957566819e-8,1.1209271281310291e-8,7.136792338619322e-9,4.54390705792264e-9,2.9079381551102747e-9,1.8609801645365656e-9,1.1898277764564522e-9,7.607242952822813e-10,1.726288604280613e-6,8.403507839820449e-6,3.449914093165443e-5,0.0001275273263928271,0.00043091577551862813,0.0011785781225981814,0.0029012064470776617,0.006507766663655258,0.01286283169098511,0.023667798025015716,0.0386475890791282,0.05818180704292999,0.078700036567077,0.09775429022263989,0.10997127524273582,0.11401800881456267,0.10773619731922046,0.09448259890090253,0.07619616892559214,0.05777846893942821,0.04079380608528461,0.02782879865695885,0.018105867220743938,0.011614403912024576,0.007337966230017301,0.0046780130373337905,0.0029798890015032453,0.001926617736824063,0.0012456367508988323,0.0008082066321216903,0.0005243904108096529,0.00034091780811410074,0.00022163893240161687,0.00014402002285179922,9.358389143221017e-5,6.027428392521619e-5,3.882076498824355e-5,2.5054441645953062e-5,1.6169869432617742e-5,1.0291379087088453e-5,6.550000555386809e-6,4.167174230294865e-6,2.6512010860771287e-6,1.6803071840313875e-6,1.0649648794084176e-6,6.718929181000113e-7,4.2390185407242934e-7,2.679255601013431e-7,1.6934153684010053e-7,1.0719323554643046e-7,6.785343208536948e-8,4.3053651840355887e-8,2.7317992941766784e-8,1.7418979138231706e-8,1.1107015237290847e-8,7.072064359735651e-9,4.502935831623511e-9,2.8818877760380277e-9,1.8444175471742675e-9,1.1793067451061172e-9,7.54041354033429e-10,8,2,-14.93753,-18.489584,2300,2275,2258,2262,2256,2259,2250,2216,2203,2218,2209,2210,2190,2177,2163,2184,2183,2204,2176,2183,2186,2168,2186,2216,2224,2229,2212,2228,2248,2261,2282,2339,2373,2408,2460,2474,2512,2519,2580,2639,2707,2756,2775,2842,2909,3011,3062,3241,3409,3494,3566,3647,3726,3782,3883,3928,3996,4007,3970,3950,3902,3828,3838,3857,3775,3711,3683,3660,3678,3674,3631,3614,3590,3594,3574,3565,3537,3482.0,3467,3430,3388,3376,3375,3330,3313,3326,3338,3355,3363,3364,3387,3378,3446,3464,3510,3518,3506,3500,3501,3538,3616,3630,3646,3723,3715,3709,3720,3757,3720,3812,3869,3892,3853,3812.0,3718,3718,3700,3673,3611,3576,3506,3424,3343,3264,3135,3094,3061,3017,2948,2908,2843,2788,2758,2720,2669,2627,2579,2537,2488,2452,2416,2385,2348,2334,8,2,0.75512034,1
L0523145743_E000,7.8034873,8.141,8.1409998,0.6744763325303478,0.9388575593413535,1,12,10.0,19.166666,6.6999998,2.5,1,96,13,4,5,1.0,1.0,1.0,1,1,0.0001553081467258908,0.00032646139388765617,0.00036236979990355255,0.0005216273999519236,0.0006092836071591058,0.0007884171952077306,0.0009664134151053474,0.0011983087399970922,0.00143704359735545,0.001837788473110501,0.0020251394740132007,0.002740234066806834,0.0028892675756111027,0.003809834094753962,0.004173791504222218,0.005119885815892844,0.005803726048152557,0.006829162566423992,0.007767346618782254,0.008948852763772499,0.010092633778638707,0.011450700623642885,0.012770415682607308,0.014325249270159952,0.01577600486092951,0.01739080690763447,0.018944102601091355,0.020650011870773605,0.02220583293014658,0.02390272850671645,0.025382649077748873,0.026871282167260976,0.028214307800075823,0.0294975918470613,0.030580382187399176,0.03157225984429766,0.03230700052957153,0.03292180093013962,0.0332515636904277,0.03350933001322981,0.033389002351705374,0.033222520403911285,0.032674690878879954,0.03209124654014931,0.031160713604950784,0.030196107557856757,0.02894972797758234,0.027707384166035024,0.02621844327789814,0.024772668218971367,0.023139378870044882,0.02158172346677201,0.01990213995400264,0.018336914515442313,0.016694951203674046,0.01517515530893974,0.013648846591422409,0.012244209537643833,0.01087907336667075,0.009634280311636103,0.008453904479421868,0.00016490404681555727,0.0003269718996571575,0.0003692351207236573,0.0005241406451942852,0.0006160122255441718,0.0007945681274175717,0.0009759909411604075,0.0012062295335252909,0.0014573565975333352,0.0018549859133130437,0.002111490817972119,0.0030127169061833587,0.004010066773240814,0.004347857472655537,0.004660647439568679,0.005552379336494437,0.006341184617521535,0.007368323346173628,0.008417535676841812,0.009588868712248993,0.010831682553346142,0.012054820335794044,0.013033650164322078,0.013116639837758348,0.011776721311736675,0.015356106436936834,0.01805608167228289,0.02023643339967428,0.021983237831743715,0.023732572150692376,0.025200070014957943,0.026588740807391955,0.02763801664404401,0.028134595827364606,0.027405245218993696,0.024920094421619677,0.020460342652060298,0.02501736552260011,0.028124450878794078,0.030299544199677314,0.03147931745326922,0.03236426131742834,0.0326984451080711,0.03304069676739555,0.03313904798843069,0.033527132822103276,0.03426008865257208,0.03641333263346263,0.041244804613017085,0.031078210671364338,0.025604147087675947,0.022492760854266543,0.020205011628601513,0.01840658379314052,0.016677256594714005,0.015125011661146204,0.013589148969867244,0.012183324561950966,0.010820245520333508,0.009579162132686156,0.008404131136926424,3,5,0.24125506,10.416667,1244,1231,1234,1226,1216,1203,1193,1190,1184,1187,1179,1170,1167,1168,1167,1162,1162,1159,1150,1140,1147,1148,1151,1165,1169,1181,1182,1181,1195,1198,1208,1228,1234,1244,1266,1293,1308,1320,1333,1355,1377,1434,1487,1507,1559,1582,1612,1704,1834,1915,2061,2119,2159,2170,2111,2195,2225,2260,2284,2261,2261,2233,2194,2236,2250,2209,2177,2170,2198,2178,2166,2148,2103,2061,2015,1969,1978,1972.0,1954,1922,1868,1861,1826,1786,1799,1808,1832,1822,1836,1833,1832,1861,1872,1927,1946,1967,2056,2059,2061,2047,2043,1962,1991,2022,2021,2050,1989,1984,2002,2076,2080,2117,2169,2211.0,2252,2209,2193,2170,2191,2164,2161,2094,2056,1983,1937,1884,1799,1768,1753,1691,1628,1571,1549,1515,1477,1455,1416,1378,1365,1338,1321,1302,1279,1273,14,13,0.97086877,1
L0523185904_1FB0,6.6225519,9.084,9.3314791,-0.936697479483534,0.18820765009320656,1,24,9.5,19.5,5.5999999,0.2,1,192,15,5,5,1.0,1.0,1.0,1,1,1.0650052609955811e-18,6.38416684994595e-17,3.817528788024114e-15,2.2620723695918528e-13,1.2023244133544763e-11,4.4807972114440465e-10,9.647952084259968e-9,1.327116718917657e-7,1.3667717028015427e-6,1.1282260735300897e-5,7.546054521858374e-5,0.00040829558114408726,0.0017953119646878443,0.006401734902300744,0.01861640273099795,0.043931792934159726,0.08444165139676285,0.13216074643486034,0.16879089423077615,0.17629820425205994,0.15065941634519084,0.1060919273354686,0.0616404646707589,0.030106366589472473,0.012299676847513362,0.004376577216163258,0.0013559482607046023,0.00039162195061946903,0.0001051942086157181,2.8780759787369093e-5,7.755740604191524e-6,2.1424512797213686e-6,5.917144026343149e-7,1.7477456520288285e-7,5.162314318807438e-8,1.5695375648854915e-8,4.771992346768381e-9,1.50826225706969e-9,4.767124127504467e-10,1.565744774175351e-10,5.1426946949230496e-11,1.7235522513226192e-11,5.77650963409928e-12,1.968575154177891e-12,6.708848358319287e-13,2.3061398554990014e-13,7.9274640044884e-14,2.734956193842405e-14,9.435793528300496e-15,3.2765085939539952e-15,1.1377783092057404e-15,3.8999507345918813e-16,1.3368193390553283e-16,4.601113016200577e-17,1.583676111477997e-17,5.3295978152471975e-18,1.7936304733793163e-18,5.894325111043711e-19,1.9370591093998722e-19,6.261090265430894e-20,2.023778718388694e-20,2.0866201041473692e-18,1.2533746175168713e-16,7.507978407947807e-15,4.4490081463133386e-13,2.3417892114003566e-11,8.332909665132832e-10,1.6315001832094794e-8,2.1079360299079314e-7,2.093451253595923e-6,1.7105765169274628e-5,0.00012116902649511477,0.0008376362646916829,0.006199292731527312,0.016999302994240535,0.04047174313753224,0.07964590047091044,0.12804302990301097,0.16809274128837534,0.179880247179695,0.15689782994276408,0.11150054621495119,0.06444391578141649,0.030122135538517326,0.011110418824900619,0.0030908360560712067,0.0016245176116431853,0.0006239402039794295,0.00019887636468106203,5.540721137892155e-5,1.5339434716947637e-5,4.141392379416402e-6,1.1439181576159747e-6,3.1586659905632857e-7,9.330582873991159e-8,2.756221188649483e-8,8.381808240755341e-9,2.5489582867423e-9,2.12219153587566e-9,1.7670837303182312e-9,1.5295317209451413e-9,1.3241275435556254e-9,1.170008873119167e-9,1.0340318222566263e-9,9.295211242054259e-10,8.357695314564477e-10,7.581999577110912e-10,6.880138225677655e-10,6.267625486556917e-10,5.711336088360707e-10,1.9869725835205702e-10,6.913170283349628e-11,2.3739620520604656e-11,8.152639134309384e-12,2.811482529481825e-12,9.69623018160599e-13,3.268861206911469e-13,1.1020816799539658e-13,3.627276723035894e-14,1.193891574548858e-14,3.86426333766521e-15,1.2507828302046718e-15,23,15,-1.3283614,-1.0748798,1528,1514,1508,1509,1502,1486,1477,1461,1458,1455,1453,1441,1426,1424,1429,1428,1433,1443,1432,1421,1419,1416,1418,1421,1424,1434,1439,1445,1452,1463,1465,1469,1478,1485,1501,1530,1540,1552,1572,1598,1633,1719,1811,1883,1953,1956,1936,2015,2045,2113,2164,2227,2307,2337,2416,2368,2387,2356,2400,2458,2485,2469,2389,2380,2315,2233,2204,2190,2144,2106,2085,2105,2092,2074,2059,2015,2005,1999.0,1982,1984,1962,1935,1921,1874,1877,1889,1871,1868,1864,1861,1869,1871,1876,1891,1899,1937,1969,1996,2031,2035,2015,2022,2045,2057,2090,2084,2122,2150,2174,2205,2252,2297,2315,2366.0,2372,2409,2348,2348,2371,2335,2340,2314,2298,2295,2182,2132,2086,2033,1998,1944,1893,1871,1812,1824,1781,1760,1724,1655,1625,1619,1586,1575,1552,1540,23,15,0.75512034,1
L0524084800_E9EC,8.5163946,6.383,6.5534792,-0.444167106792306,0.41921703517941195,1,12,9.5,19.0,11.6,2.9000001,1,96,15,5,5,0.93333334,1.0,1.0,1,1,1.0370341705770592e-7,5.639507327740048e-7,2.8209139337582126e-6,5.7416688738932975e-6,1.794800893801462e-5,2.974378160723675e-5,8.283704522174759e-5,0.00014756650120804164,0.0003199945213158076,0.0005956119463336679,0.0011093925618287982,0.0019376884299115388,0.0033345336460901685,0.005264471508195814,0.008498349432685534,0.012206355252230504,0.018521387545903586,0.024011577100290653,0.033918789960526906,0.0410251618705304,0.05271998079554079,0.05989567083490331,0.0698756335984425,0.07444724485558221,0.07918207008325517,0.07884644084841426,0.07678781040871441,0.07100908264848,0.06362616025876745,0.054645992689269916,0.04511506159296025,0.035870330889311075,0.02734010399269928,0.02002740552762764,0.014148316980701918,0.009664381232949052,0.006323333074029259,0.003971761050592913,0.0024093959525748323,0.0014009864530461359,0.00078939105709312,0.00042829859012098726,0.00022508837242630778,0.00011401256257830004,5.608444247337037e-5,2.6760843274038686e-5,1.2422948395171857e-5,5.6404051362648e-6,2.500901794075636e-6,1.0889120626496052e-6,4.687016558720143e-7,2.034868913291274e-7,9.085623867337791e-8,4.387895786219704e-8,2.450391311744352e-8,1.66082596285315e-8,1.3404380956800054e-8,1.2117136523865922e-8,1.1596436672489601e-8,1.1388515357475197e-8,1.1304621693526127e-8,1.209182485979841e-7,6.289998264856045e-7,2.9931316876651695e-6,5.989336752851893e-6,1.8868430600240966e-5,3.1154028024835416e-5,8.631523304594524e-5,0.00015443849543457885,0.0003340648100519818,0.0006287577004534131,0.0012120655248303656,0.002344527176776492,0.005111994687709585,0.0071379002422505815,0.010656164560705141,0.015266666547628796,0.02170959643060262,0.02890772274843019,0.0383108628531266,0.04709654711063063,0.057303991738652124,0.06459610254193475,0.07031970353306345,0.06796071444069318,0.059082888390288295,0.06908996131021734,0.07301535661821994,0.06989630172949003,0.06365460457613677,0.0550505267598191,0.04556894958509764,0.03618008444426431,0.027380373757200045,0.01969997863294748,0.013387832249632201,0.008498733145710806,0.0049142026839220955,0.004191509668686403,0.0033306245501899725,0.002477812547235938,0.0017782093604127337,0.001233484844166251,0.0008386184472057639,0.0005576511270366675,0.0003670156741529044,0.00023969229439391827,0.00015586497657025727,0.00010166131810128701,6.628175055254795e-5,2.634441162046135e-5,1.0467401694524431e-5,4.192260298556893e-6,1.6821323316456238e-6,6.791585306928924e-7,2.7813214528620726e-7,1.1804019721133276e-7,5.397038274596489e-8,2.8371030514536728e-8,1.810909355419753e-8,1.3999011499520926e-8,1.2350851447193893e-8,1,2,-100.0,-100.0,994,993,989,977,963,953,949,962,961,956,937,923,918,912,904,897,903,897,897,900,900,902,903,904,910,915,918,917,909,911,911,904,916,930,942,951,960,973,999,1028,1052,1141,1185,1236,1249,1283,1343,1446,1527,1594,1728,1841,1852,1842,1720,1694,1677,1719,1709,1708,1693,1661,1658,1650,1650,1641,1628,1619,1654,1651,1598,1538,1563,1573,1540,1518,1536,1477.0,1484,1542,1497,1485,1471,1473,1483,1456,1476,1461,1475,1481,1424,1420,1453,1525,1473,1483,1498,1493,1516,1572,1562,1557,1619,1603,1616,1652,1750,1744,1670,1671,1766,1766,1693,1699.0,1723,1716,1711,1736,1729,1704,1707,1664,1640,1613,1596,1645,1636,1551,1471,1421,1373,1334,1312,1262,1246,1212,1181,1149,1122,1111,1090,1070,1050,1018,1,2,1.3592167,1
L0524090011_2E62,7.5318165,9.458,9.4580002,-0.9624018517572972,0.11440497252089596,0,0,9.5,19.0,9.8000002,1.4,1,192,15,5,5,0.93333334,1.0,1.0,1,1,8.22395972047254e-25,2.830751012116295e-23,9.743849417784731e-22,3.397232533572316e-20,1.1844859368680985e-18,4.2184920401932055e-17,1.5024422073350429e-15,5.4554967019246856e-14,1.981010040888751e-12,7.334598924789105e-11,2.714766785288035e-9,1.024382073767843e-7,3.700580105720163e-6,0.0001052279410640948,0.0015511622975600886,0.011674899058280317,0.05418069899908396,0.1633125015117193,0.29261091875093725,0.2741127928505729,0.13994503436940378,0.04566439874205298,0.012282156187379904,0.003316074169026589,0.000894268651131537,0.00024879783130975935,6.922055231721669e-5,1.9874328638485183e-5,5.706320200503831e-6,1.7156532866774712e-6,5.158291013976891e-7,1.5826431647485305e-7,4.8558138582065796e-8,1.570900009659624e-8,5.082008353552548e-9,1.6849320995980766e-9,5.586367160435856e-10,1.9075148294198036e-10,6.5133800359133e-11,2.295939095156252e-11,8.09309765888649e-12,2.888106736660317e-12,1.0306530029215284e-12,3.7150538595514167e-13,1.3391180125785357e-13,4.85661103683672e-14,1.7613641098251327e-14,6.3581161224090305e-15,2.295139053939555e-15,8.335720657537172e-16,3.027462815739256e-16,1.0861081785059703e-16,3.8964442050493316e-17,1.4008456497202592e-17,5.036320250816497e-18,1.807107056836724e-18,6.484188390106189e-19,2.320419932718921e-19,8.30383461395765e-20,2.973356932147821e-20,1.0646738901481862e-20,1.5982768092714264e-24,5.504054451461934e-23,1.8954716098253835e-21,6.612081477664874e-20,2.3065546431336898e-18,8.219509166425551e-17,2.9290999036101665e-15,1.0642533934705659e-13,3.866901220354167e-12,1.4326538152996606e-10,5.306071709331725e-9,2.0034175536411413e-7,7.236766248066419e-6,0.00020488745775583807,0.0029403360963393722,0.01989710990590302,0.07507749220077484,0.18051498627996146,0.28390716446719766,0.25342697069411424,0.12738706307859413,0.041394705407184325,0.01112042495644039,0.003000221565059615,0.0008085418957276172,0.0002248234152774863,6.251758664618623e-5,1.7942303517232718e-5,5.149534090147235e-6,1.5478270839714292e-6,4.6524677496606216e-7,1.4271465216770794e-7,4.377819385985177e-8,1.4161429362022252e-8,4.580965753363907e-9,1.5187652409116974e-9,5.035288358492889e-10,1.7194008781986067e-10,5.871242918279488e-11,2.0698021998616465e-11,7.29673678462046e-12,2.6042654736648574e-12,9.29487450647766e-13,3.350937912537292e-13,1.2080687234622353e-13,4.382132100539911e-14,1.589579504295627e-14,5.7390366899842126e-15,2.07204154227027e-15,7.526967210388273e-16,2.7342921449900014e-16,9.811051751849771e-17,3.520372778858787e-17,1.2658789062391382e-17,4.5519592191225216e-18,1.6336199473552806e-18,5.862816702598868e-19,2.0984505416059017e-19,7.510928922822906e-20,2.6899672701625307e-20,9.633918417712339e-21,7,9,-2.2129157,-2.414021,1444,1448,1459,1462,1465,1438,1413,1396,1386,1381,1369,1361,1355,1359,1360,1355,1349,1343,1333,1338,1346,1339,1355,1358,1359,1375,1375,1375,1381,1382,1375,1388,1406,1414,1438,1458,1475,1488,1506,1521,1532,1560,1601,1606,1644,1660,1694,1729,1793,1832,1902,1975,2042,2111,2175,2248,2270,2293,2315,2306,2286,2242,2234,2233,2214,2204,2209,2206,2180,2146,2130,2128,2136,2116,2103,2093,2055,2048.0,2038,2038,2034,2026,2025,2023,2044,2047,2040,2031,2028,2015,2038,2035,2048,2028,2025,2039,2044,2023,2052,2052,2032,2041,2058,2074,2101,2098,2108,2129,2156,2140,2148,2173,2173,2200.0,2188,2151,2144,2120,2109,2081,2038,2006,2007,1997,1956,1922,1885,1873,1809,1790,1753,1716,1686,1663,1639,1621,1595,1569,1553,1535,1514,1507,1486,1470,7,9,0.75512034,1
L0524095701_65FC,3.7454412,3.608,3.608,-1.3341969938221039,0.7081157625288009,1,12,10.0,18.5,3.3,1.1,1,96,15,5,5,1.0,1.0,1.0,1,1,7.036355826008322e-11,7.601627368888351e-8,7.704423704610095e-5,0.015809181844674215,0.04995196707564794,0.038296882779456615,0.05202463377910463,0.05092833124498023,0.05614196961251597,0.057548202949634655,0.0590979512523103,0.05932333265166662,0.05854392731093872,0.0569204233152359,0.054188314063636056,0.05090081747843071,0.046821782760334815,0.042503079834310176,0.037798662906404004,0.03318378118315262,0.028563183684376197,0.02427426448493459,0.020257908656113197,0.016709519245821893,0.013562701529446265,0.010900521249206629,0.008656998731642955,0.006834648912947296,0.005367526661093813,0.0042260835488251835,0.003343794090418865,0.0026828787158058843,0.00219386619505592,0.0018413783600600483,0.0015904425495521309,0.0014166832284373215,0.0012974453787147698,0.0012180800223448016,0.0011655405826963448,0.0011320359802544507,0.001110648752269771,0.0010972652928408233,0.001089101013801506,0.0010844979796992,0.0010816906864271818,0.0010797930747217309,0.001078828400731296,0.0010784717069977166,0.0010779884473378833,0.001077922461706295,0.0010776542943698353,0.0010776627957607345,0.0010772723934266701,0.0010775543828331323,0.0010770393330256907,0.0010772998087710554,0.0010766588950439154,0.0010770881558412456,0.0010762707140997846,0.0010770134452865365,0.0010764137911422255,2.5103570029523096e-10,2.7207408635262085e-7,0.00027209397864897555,0.023544778405273758,0.04637489624647914,0.041105221366078554,0.0511901373951412,0.05171986480914011,0.056089710175510926,0.05765324719934576,0.05907222820121374,0.059851430856754734,0.06628585967329248,0.05663983742585286,0.05323409616940519,0.04967719463398108,0.04557154791088376,0.04113806052162629,0.03649095032509503,0.031868834644123004,0.02736232327009528,0.023147468492973517,0.019258301834080758,0.015638426014683886,0.011202252320045288,0.010474662530536208,0.008498304595679608,0.0067268919260518615,0.005285600689126252,0.004162574280963009,0.0032961005466169884,0.0026473688168212163,0.0021680630231047412,0.0018223861018618669,0.001573284630378732,0.0013747904463598936,0.001094181077519521,0.0011908640375677014,0.0011692815379822376,0.0011393859401930637,0.0011172344107239793,0.0011026912605425119,0.0010936906013675706,0.0010888053837398296,0.0010859687047262419,0.0010844977805265308,0.0010874365305027097,0.00111036231996599,0.001264654019128219,0.0011005402846839482,0.0010801422187046586,0.001077868303199749,0.001077311373848492,0.001077483127128703,0.0010770892725346923,0.0010772745120245174,0.0010767990028059465,0.0010771109009901662,0.0010765272182525164,0.0010770815496304867,0.0010766568493620822,12,7,-9.6841364,-10.143849,652,647,645,647,641,638,638,630,629,624,622,626,627,629,635,633,629,627,620,615,617,619,623,629,632,633,637,638,643,644,646,652,656,659,671,685,696,702,720,731,739,749,755,760,771,778,792,815,825,833,843,854,859,863,871,877,879,883,874,876,883,876,882,887,886,885,881,878,886,889,884,880,874,872,876,880,885,884.0,871,868,858,855,855,845,844,845,839,839,842,846,851,860,855,860,861,862,857,856,860,866,866,874,884,891,899,915,926,930,943,960,987,1011,1031,1060.0,1071,1079,1074,1088,1077,1069,1050,1026,1007,991,977,962,939,919,884,868,851,823,809,791,764,750,736,719,710,695,683,672,663,655,21,12,1.3592167,1
L0524161938_1A8B,9.7708635,10.427,10.428833,0.06460356208055093,0.9583399645411691,1,24,10.5,19.0,7.5,1.6,1,96,13,4,4,0.23076923,0.0,0.25,0,0,0.0008326937903470474,0.0013423955031585347,0.0018874441370947896,0.0022079872554217556,0.002949004343258918,0.0031765343210513166,0.0042196290709101475,0.004540150485503093,0.005745860519255686,0.006348552196163403,0.007611146445554421,0.008584632561211449,0.00990493610011774,0.011192390882825701,0.012619337065228014,0.014129700096690945,0.015692442580931915,0.017373628686337572,0.018987319969375582,0.020687021201284045,0.022351295818701575,0.024070920367745555,0.02561528664567281,0.027171555558436627,0.028536718635447517,0.029859497156183884,0.03094838982830529,0.03196129998771777,0.032652077956306626,0.033219185335898405,0.0335042052747569,0.0336217858775087,0.033448192864629245,0.03306383710533872,0.03244069420366821,0.031554281705516676,0.030623458463976648,0.02946459938754831,0.028121964629018833,0.02655243118407628,0.025079663471032892,0.023435379093600384,0.02179888776113836,0.020073475089636347,0.01840566919166202,0.016700699303654195,0.015116754004221244,0.013570922331396493,0.012096381438390006,0.010718667138689726,0.00941466849996328,0.008234520588484779,0.007131179379584245,0.006160951177072133,0.005254524299467286,0.004470960940125423,0.0037644320010355643,0.0031686327909055657,0.0026276927141337058,0.002178765596103269,0.0017826879915264925,0.0008327016335318058,0.001342417954572831,0.0018875087417674424,0.002208196591182919,0.0029496208991084613,0.003178626266724771,0.0042257408066133486,0.004560177267874355,0.0058050616684828795,0.0065387864014589,0.00822130061352614,0.010742187352924072,0.01778364036694563,0.014923092516909885,0.01518316983372206,0.01644853112690292,0.018094733551099973,0.01968758482676109,0.02144324554144804,0.02311685990337756,0.024696727724874742,0.025579440066930484,0.0251627256192381,0.021703826064996695,0.015322003446483226,0.0223537973858091,0.027177994473138675,0.029872172845390323,0.030889344473681937,0.030706195304899125,0.029032960773760268,0.025776796659307922,0.020954707325928534,0.015411566341012692,0.010266720079187204,0.006221664684316383,0.003533478167692555,0.005017737801128468,0.006869193377739533,0.009036114535247877,0.011684820274521283,0.014893219275713084,0.01878021372463121,0.023417024424767483,0.029044818420245425,0.035777149834768256,0.04414440064208725,0.05524409285976867,0.07085694309755262,0.036735336783206306,0.020851511336435317,0.01327763034899526,0.00935396746621241,0.007147309578878363,0.0056922180582357025,0.004665298818599289,0.0038507211973989068,0.003207271589954282,0.002644996053391308,0.002186531118513967,0.0017861740804245123,0,0,0.0,0.0,1543,1533,1515,1503,1486,1478,1489,1519,1476,1495,1453,1494,1499,1504,1493,1517,1516,1504,1507,1511,1517,1520,1522,1530,1500,1506,1503,1519,1519,1522,1541,1546,1542,1569,1600,1610,1617,1638,1634,1651,1660,1657,1667,1683,1705,1738,1768,1857,1901,1977,1965,2050,2085,2097,2100,2088,2140,2183,2180,2210,2140,2126,2126,2139,2127,2125,2106,2075,2066,2067,2086,2069,2083,2091,2140,2130,2100,2088.0,2022,2014,1992,1972,1954,1967,1986,1982,1997,1955,1937,1942,1973,1978,1981,1958,1961,1955,1998,2031,2051,2061,2053,2115,2114,2137,2277,2282,2320,2268,2295,2310,2358,2372,2387,2377.0,2308,2296,2333,2318,2299,2267,2253,2251,2201,2168,2099,2054,2019,1971,1922,1887,1870,1847,1855,1844,1818,1802,1792,1763,1725,1706,1680,1667,1628,1583,,,0.97086877,1
L0524182150_D7B5,11.399998,14.295,14.157653,-1.301818735065958,0.16374046251261107,0,0,9.5,19.0,2.0999999,3.9000001,1,192,3,0,1,1.0,,1.0,1,1,2.5010475819896317e-12,2.6780881970388668e-11,2.8676719608251043e-10,3.0970696611585786e-9,3.344738068797619e-8,3.6457318363387286e-7,3.961857928589464e-6,4.24180065635966e-5,0.0004053030446526726,0.002880930065398199,0.013362709179069182,0.043640004477007575,0.10159456335251178,0.17059847004218426,0.2095557092042107,0.19180149167701052,0.13406982072938947,0.07418706854581497,0.034168413172831404,0.014228532361063256,0.005663260543253938,0.002261856150531094,0.0009025726558326902,0.0003698461430708451,0.00015155308098746157,6.375693571482163e-5,2.682214815273432e-5,1.1556075603637609e-5,4.978856406742714e-6,2.208427840138604e-6,9.795761860050567e-7,4.4090752256967027e-7,1.9845305328636383e-7,9.193538268939998e-8,4.2590033777200454e-8,2.0077815597226943e-8,9.465097724111395e-9,4.5429186687305085e-9,2.180443576561344e-9,1.067583082901365e-9,5.227072443560863e-10,2.58628890483624e-10,1.2796629535107157e-10,6.389425413912965e-11,3.190274969531259e-11,1.603049689936133e-11,8.05500871880193e-12,4.025776474816695e-12,2.012025185704673e-12,1.0126960088968829e-12,5.097121245885594e-13,2.5324963757475054e-13,1.258266889435041e-13,6.281591349512721e-14,3.135932415002807e-14,1.575598177093076e-14,7.916339428734983e-15,4.001458378416755e-15,2.0226113052176433e-15,1.039647479090687e-15,5.343923828918569e-16,2.592802150907039e-12,2.7770483670028096e-11,2.974397928766512e-10,3.213224274407082e-9,3.4711564018372356e-8,3.784806985016881e-7,4.115184095916198e-6,4.4108346469645934e-5,0.00042184582906169734,0.0029920741201262366,0.013803530394356897,0.04484784821933252,0.10369041552276824,0.1727675858340343,0.21032962786950973,0.19071713565287413,0.1320126996110158,0.07240352954783151,0.03311246395423512,0.013735874836455735,0.005459668658579536,0.0021792456684100537,0.0008691616794838419,0.00035599826288971006,0.0001458143691710827,6.131987367552738e-5,2.5787302141196277e-5,1.1106771877195048e-5,4.7837932197868994e-6,2.1214049128817263e-6,9.407543797572358e-7,4.2334985080784526e-7,1.905125725652799e-7,8.824583403510354e-8,4.087570053577516e-8,1.9268085681614766e-8,9.082640134286068e-9,4.359197725395218e-9,2.092189718963981e-9,1.024387626384003e-9,5.015654240313304e-10,2.481784427632289e-10,1.2280062203482535e-10,6.131894866708684e-11,3.061885501688558e-11,1.5386601812202165e-11,7.732085708267514e-12,3.864642468566542e-12,1.9316218358987206e-12,9.723096148215348e-13,4.894262399119056e-13,2.43183270486861e-13,1.2083151295399048e-13,6.032606059157646e-14,3.01182566788908e-14,1.5133644146564807e-14,7.604267408534718e-15,3.844083850226689e-15,1.9432495347903893e-15,9.98992786049198e-16,5.1356645713428145e-16,7,1,33.407738,35.714287,1944,1923,1917,1910,1900,1890,1895,1898,1908,1903,1905,1899,1894,1885,1883,1878,1874,1865,1855,1854,1850,1855,1853,1847,1849,1845,1852,1854,1881,1894,1902,1902,1912,1945,1983,2002,2015,2049,2073,2119,2151,2171,2217,2289,2334,2414,2455,2512,2573,2663,2748,2841,2903,2937,2981,3064,3211,3308,3184,3169,3180,3143,3158,3127,3118,3158,3185,3171,3185,3115,3121,3105,3037,3024,3073,3058,3048,3005.0,2934,2868,2786,2737,2723,2737,2714,2734,2720,2725,2719,2727,2744,2750,2743,2767,2803,2806,2816,2845,2897,2901,2905,2894,2927,2922,2961,2992,2994,2995,2976,3037,3029,3051,3076,3044.0,3025,3007,2979,2924,2857,2823,2818,2771,2715,2641,2559,2510,2485,2438,2391,2363,2333,2285,2252,2230,2198,2152,2120,2101,2056,2035,2010,1967,1952,1926,7,1,0.48543462,1
L0525091919_2EF1,17.80731,18.332,18.436619,-1.39072908122426,0.22708436238028837,1,12,10.5,18.5,10.3,1.9,1,192,2,1,0,1.0,1.0,,1,1,5.8041689024968766e-8,2.9374573244264647e-7,1.4860199728019143e-6,7.45770777528218e-6,3.7185756253579925e-5,0.00018102009151394068,0.0008397598221288586,0.003482613318069912,0.012238201528214965,0.03401037652532855,0.07275280689860597,0.12169440436045151,0.16119132608251632,0.17185338251948704,0.14539792258557394,0.10400670137606242,0.06574331307119322,0.04063443300465923,0.02461643662403591,0.015110899355210027,0.009270140381082712,0.005913734582121663,0.0037725663253560496,0.002456190951550991,0.0015991471752890743,0.0010570684728721362,0.0006987473064667727,0.00046989865357118513,0.0003160040671861107,0.0002125333702158943,0.0001429440471096217,9.601893682344618e-5,6.449886597566954e-5,4.329582516108159e-5,2.9063257277685158e-5,1.936589712212831e-5,1.2904297070376443e-5,8.626930677963827e-6,5.767427195530294e-6,3.827697937183369e-6,2.540365328128611e-6,1.686667201826564e-6,1.1198650241235106e-6,7.448404999507358e-7,4.954093361464626e-7,3.298609516855504e-7,2.1963477271338397e-7,1.4658649593879998e-7,9.783418798021025e-8,6.542829523553074e-8,4.3756714194138477e-8,2.9266295628837105e-8,1.9574695013423127e-8,1.3103580186629103e-8,8.771811710249003e-9,5.867317812899747e-9,3.924589313261448e-9,2.625237506493874e-9,1.7560922511951134e-9,1.17407382888368e-9,7.849604882584072e-10,8.588168435922779e-8,4.3459179624525064e-7,2.19833991719315e-6,1.1032558230152293e-5,5.5026529947630956e-5,0.0002681520168182209,0.0012474558381120385,0.005203815693775596,0.018480318626055592,0.05217818770359265,0.114053374430475,0.19591337112624363,0.2676198138342135,0.17932323443752965,0.0956693979018048,0.04287625692687164,0.01682753076480925,0.006411752707458688,0.0023872897013032333,0.0008999491397554478,0.000339081291809023,0.00013284132386694015,5.2052932881310045e-5,2.081642452151405e-5,8.325980180314583e-6,5.501122936129757e-6,3.634700551600799e-6,2.4427453292810793e-6,1.6416864765027496e-6,1.1034327399324558e-6,7.416585899242424e-7,4.978720065184508e-7,3.342210843073197e-7,2.2420741180057544e-7,1.504071654965459e-7,1.0016447771436451e-7,6.67053792154395e-8,7.255449254763486e-8,7.893849189723877e-8,8.528932069225873e-8,9.21784364138341e-8,9.969410800814871e-8,1.0785777389231384e-7,1.169325307835958e-7,1.2681655302727632e-7,1.3773385098501228e-7,1.496502960797493e-7,1.630460299620357e-7,1.7771848453935703e-7,1.1883665124258118e-7,7.94642934197204e-8,5.314191381766656e-8,3.553908387856301e-8,2.378711782223555e-8,1.5921407169351014e-8,1.0648110368655811e-8,7.121436473107492e-9,4.763016452716729e-9,3.1856684469213075e-9,2.129553968936892e-9,1.4235761823070654e-9,4,2,8.0631084,19.270834,2461,2438,2434,2455,2425,2411,2389,2378,2358,2350,2333,2311,2284,2267,2251,2230,2229,2213,2203,2212,2215,2216,2238,2255,2266,2288,2307,2303,2321,2337,2347,2390,2426,2474,2523,2586,2633,2686,2748,2791,2873,2921,2984,3121,3258,3387,3469,3518,3609,3689,3862,4069,4174,4291,4314,4449,4526,4513,4464,4410,4328,4344,4306,4277,4258,4247,4219,4180,4105,4139,4121,4162,4140,4073,3984,3944,3907,3872.0,3866,3867,3838,3815,3788,3768,3786,3739,3734,3730,3726,3681,3724,3722,3708,3747,3846,3924,3987,4057,4111,4166,4256,4269,4247,4301,4322,4364,4422,4427,4458,4571,4647,4657,4622,4481.0,4424,4282,4236,4169,4033,3953,3871,3815,3777,3711,3647,3519,3462,3360,3285,3208,3127,3073,3004,2939,2886,2836,2773,2711,2657,2624,2582,2550,2509,2489,4,2,0.27184331,1
L0525104002_B610,12.295655,10.641,10.641,-0.0500648893628331,1.1681545327843494,1,24,10.5,19.5,4.0999999,0.89999998,1,96,14,5,5,0.9285714,1.0,1.0,1,1,0.0041879964574816735,0.005374818074437684,0.006743084065956606,0.007611602436173714,0.008534896560161095,0.009310811194736469,0.0101619048660332,0.010954491933818557,0.011836428196288074,0.012615715713201858,0.013577725970506178,0.014433413395395405,0.015371074234711627,0.01626251082954108,0.01714586916533334,0.018067074579048933,0.01891680911980879,0.019857718676165988,0.02056382180095286,0.021352912115598432,0.02204987054440024,0.022881604073590436,0.02340492495390631,0.02399924415161245,0.024401823850261038,0.02486817615005775,0.025146770064982307,0.025462739677739706,0.02554205912705375,0.02558354947195741,0.025512213014053393,0.02538375501078317,0.02515537397878035,0.02484719051105927,0.024439138537912988,0.023933388492047212,0.023415701610298347,0.022826335817856747,0.022138511959962446,0.021353101075893458,0.02058794633545124,0.0197696524785069,0.01892604070876304,0.0180537964251188,0.017152251209566653,0.01624331151148202,0.015328815679216505,0.01443847403613346,0.013526945348940495,0.012652238597481548,0.011769399619667595,0.010931859994528245,0.010102787422014986,0.009324982016934026,0.008554543129220627,0.007826954590451836,0.007135755932877741,0.006491439064828809,0.0058787501374550355,0.005306308211942665,0.004771596089857518,0.004233660960771654,0.005432465120578932,0.0067691414862863526,0.007642456312691225,0.008558083009472283,0.009349532807092853,0.010217153938289526,0.011082495625597096,0.012115511533863393,0.013357557752676238,0.015551134165594553,0.020106576841086247,0.03195226120133861,0.02405344377056589,0.021694279107710712,0.02147725927357851,0.02176651405413468,0.022339886985455224,0.02301525771636203,0.023452889043276037,0.02303620559778055,0.021604315826537296,0.01860848614124923,0.014084079563590163,0.00899106606347149,0.012660997089471394,0.014989167309488372,0.015494766796161021,0.014159481606900724,0.011869671234435766,0.00919180484168426,0.006674799508451998,0.004587987709149693,0.003016977868500661,0.0019138825528562165,0.0011706105856548999,0.0007013784907105461,0.0011064506455971143,0.0017207663248480869,0.0026204361815700093,0.003960246275832467,0.0059468292696159735,0.008884503042594652,0.013259752389695829,0.01974050989543399,0.029416986496115568,0.043934847860734046,0.06655820689234758,0.10238785296669689,0.06044279741350388,0.037322506995687864,0.02462563227900156,0.01742731405464165,0.013270121203089536,0.010676469894818118,0.00896496094547406,0.007743081955130895,0.006813756612622713,0.006047566936961243,0.005391911653314462,0.004813252322155423,3,7,-18.679432,-45.833332,1681,1664,1648,1637,1634,1634,1630,1638,1645,1633,1625,1618,1616,1612,1599,1612,1604,1601,1605,1602,1606,1609,1617,1620,1634,1640,1650,1693,1700,1691,1742,1767,1809,1845,1887,1907,1938,1963,1995,2014,2035,2045,2086,2111,2135,2136,2186,2238,2273,2349,2427,2499,2571,2665,2730,2806,2838,2879,2872,2865,2807,2775,2747,2746,2753,2730,2754,2733,2735,2750,2746,2782,2769,2717,2692,2652,2639,2631.0,2620,2589,2582,2571,2572,2563,2554,2563,2571,2599,2624,2667,2665,2692,2691,2694,2720,2703,2755,2726,2706,2766,2796,2781,2733,2733,2709,2693,2710,2715,2741,2762,2801,2821,2853,2860.0,2921,2901,2876,2826,2777,2715,2735,2707,2644,2546,2506,2419,2378,2334,2262,2210,2142,2102,2063,2013,1971,1940,1899,1854,1830,1803,1766,1744,1740,1708,4,9,1.3592167,1
L0525163655_6B6D,14.260836,14.016,13.978444,-0.6712805342157733,0.7885259279240088,1,12,9.5,18.5,11.3,2.9000001,1,192,12,3,3,1.0,1.0,1.0,1,1,0.0030192416896360503,0.0039749338779489956,0.0053318572530416195,0.006453758385360292,0.0081594224101533,0.009567432160474327,0.011629780176961079,0.013385860093032853,0.01593368321663285,0.01787440762397768,0.020761512817289093,0.0229528222541291,0.025961436030901966,0.028096164772374928,0.03106211452849114,0.03307272808381396,0.03560188982704594,0.037211135199696516,0.03902689906441282,0.0401109399306172,0.041102329950757924,0.041412950932074734,0.04142821142917461,0.04098178873920382,0.0400040517102105,0.038841487059226215,0.03700957223276135,0.03528066141761224,0.03281258063724226,0.030778688670630525,0.02805758584747447,0.02554425667176189,0.022746161290740367,0.020605124152690325,0.018018761280544582,0.015791583515099038,0.01351354997443037,0.011739581040880588,0.009884268258730603,0.008469040017370326,0.007038381675305341,0.005900164566107276,0.004840902376361773,0.003992418088591439,0.0032383738213962463,0.0026219290756231643,0.0020980499541124057,0.0016659943170056802,0.0013119043524712373,0.0010289744784242904,0.0008002861248765308,0.0006082746241822584,0.00046096622243967653,0.0003472741026598149,0.00026027617838002363,0.00018983886377647567,0.00013819025610839743,9.782505869898824e-5,6.916589572238235e-5,4.768456245507858e-5,3.2871180693092654e-5,0.003135774558536587,0.004082460174913843,0.005421131000420729,0.006556786267728544,0.00826095696759355,0.00969993441926468,0.011788900252492534,0.013620393429134363,0.016332279695239,0.018742357283922075,0.022880090582960977,0.028456692915224825,0.039954929672973705,0.03620485759200025,0.03619513227911043,0.037025933781671294,0.03881158796912578,0.040103236248857,0.04143926916430022,0.041834518699395924,0.041619093538282845,0.039814596131809446,0.036382274774729335,0.030692383041483116,0.023923941406245406,0.027817648480414594,0.029477466667593873,0.029292943459864614,0.026949585232513333,0.02401853621423838,0.019954959026212207,0.016030474996041415,0.012151233258820338,0.00919834935064907,0.0065773982105149864,0.004626622574036851,0.0031507926740129625,0.0035801424071005526,0.0039755835238202515,0.004556548877580808,0.005151179138243065,0.005965102095086555,0.006862449814098517,0.00809450110899374,0.009521426829292787,0.011365814310629201,0.013571713957577159,0.016292433598103454,0.01960579500463085,0.014301421072139449,0.010430882292747577,0.007430120934514656,0.005294886832696864,0.0037823317019161015,0.0027023551867412896,0.0018750644430273059,0.0013015236771515687,0.0008772557378646218,0.0005915150395883911,0.0003887800410605608,0.00025565038306566155,5,9,6.2297387,16.018518,1702,1681,1661,1652,1637,1634,1634,1620,1625,1618,1600,1584,1573,1555,1552,1552,1536,1534,1530,1516,1526,1526,1532,1541,1547,1554,1565,1565,1567,1577,1586,1585,1603,1623,1632,1645,1666,1688,1706,1741,1791,1910,2014,2084,2389,2548,2590,2669,2831,2937,2982,3070,3082,3225,3298,3440,3443,3509,3497,3614,3481,3475,3414,3292,3181,3083,2956,2847,2735,2637,2554,2459,2483,2417,2462,2412,2372,2345.0,2289,2292,2279,2267,2201,2150,2130,2116,2107,2083,2089,2101,2107,2131,2148,2211,2324,2418,2456,2506,2468,2505,2519,2539,2505,2465,2441,2428,2456,2473,2492,2548,2548,2556,2625,2674.0,2743,2779,2737,2656,2622,2608,2601,2531,2521,2429,2412,2446,2390,2341,2317,2225,2215,2163,2054,2036,2017,1983,1948,1906,1849,1842,1839,1796,1767,1739,6,9,0.19417374,1
L0525201113_15C5,20.169359,17.539,19.685833,-0.8734815461145237,0.49821161870483505,0,0,10.166667,19.5,7.5,2.0999999,1,96,12,5,5,0.083333336,0.2,0.2,1,1,0.00015836336704234637,0.0003109588937749608,0.0005765359305377501,0.0010129592439843303,0.0017071950735907918,0.0027612536877161223,0.004311135127525652,0.006505736812884115,0.009500237519832092,0.013417349107183245,0.018317590543435524,0.024191203713485293,0.03087166650252467,0.03821769995785242,0.04566614615345934,0.05305814023775833,0.05931216971248404,0.0646173749224019,0.06768363760967154,0.06932247745609701,0.0680415166754546,0.06558046366509816,0.060640508000859954,0.05477276482228059,0.04760907118992537,0.04104330450075446,0.03394797270199762,0.027591462025967354,0.021708826925952777,0.01697629166715308,0.012875455676875466,0.009790180833709654,0.007272844700150858,0.005400235181702772,0.003958799110718322,0.002924137507363336,0.0021507474211358403,0.001596416660257847,0.0011846088679445621,0.0008804807331612154,0.0006544498124362871,0.0004899018796681063,0.0003667380584220079,0.0002710628122294371,0.0002003527284995686,0.00014859706825639068,0.00011021417092188232,8.09144732887546e-5,5.940528612497786e-5,4.3131123312123564e-5,3.13158684986405e-5,2.2639680966616572e-5,1.6367540993233814e-5,1.1778170272275376e-5,8.475762233025554e-6,6.094807686658565e-6,4.382760299303923e-6,3.1609087601014065e-6,2.279728919469319e-6,1.6388145088605836e-6,1.178101996801386e-6,0.0001603491324073899,0.00031438117902630406,0.0005820389180818153,0.0010218774666239541,0.0017211116605535936,0.0027823672223743355,0.004342240060532777,0.006550476223682303,0.009561010602195066,0.013498339862973016,0.01841868807897108,0.024313868686498378,0.03101289074816503,0.03837708755070907,0.045829185992236024,0.053218157000959,0.059455127589925626,0.06473436220836937,0.06776170916652706,0.0693575515509578,0.06802133369476264,0.06550936145377773,0.06053847593457353,0.05464710259830045,0.04745946223998996,0.040883597499702926,0.033796232577511846,0.027452953292449588,0.02158727809678843,0.016872877813890075,0.012791177269245418,0.009722792028586724,0.007221026878610683,0.0053610463474130544,0.003929868295203831,0.0029029006558833827,0.0021353308158415046,0.0015851774960716732,0.001176426549154294,0.0008745191898216099,0.0006501084762297446,0.0004867240233135844,0.0003644133072277924,0.0002693804330695896,0.00019913588246812033,0.0001477150869532346,0.00010957531120554443,8.0455671981333e-5,5.907598590788791e-5,4.289690760221837e-5,3.114936529856715e-5,2.252175787789006e-5,1.6284065304596175e-5,1.1719312138171593e-5,8.434281786060947e-6,6.065604817952025e-6,4.3622116870732015e-6,3.146427633524459e-6,2.2695299777052115e-6,1.6316524626919026e-6,1.1730757081060524e-6,13,5,-3.0843437,-8.333334,2229,2225,2198,2168,2149,2143,2131,2101,2086,2063,2045,2056,2033,2022,2034,2018,2026,2026,2032,2047,2023,2005,2008,2017,2036,2048,2073,2095,2122,2131,2155,2110,2135,2234,2174,2273,2306,2278,2406,2451,2537,2572,2665,2801,2810,2936,3075,3212,3338,3421,3530,3619,3742,3814,4012,4057,4230,4226,4258,4338,4351,4253,4145,4097,3990,3944,3896,3823,3766,3722,3737,3659,3608,3519,3547,3436,3477,3385.0,3329,3307,3284,3266,3176,3104,3094,3091,3090,3136,3173,3153,3156,3313,3369,3512,3674,3649,3669,3748,3805,3890,3976,4098,4138,4197,4262,4268,4313,4330,4388,4460,4516,4448,4522,4508.0,4468,4343,4283,4142,4008,3925,3792,3723,3617,3590,3526,3417,3316,3218,3161,3072,3047,2983,2880,2791,2699,2632,2581,2522,2448,2394,2333,2378,2313,2289,13,8,0.48543462,1
L0526192923_0894,3.8250458,3.85,3.8499999,1.117819513430188,0.7841447894787519,0,0,10.5,19.0,3.0999999,0.40000001,1,192,15,5,5,0.93333334,1.0,0.60000002,1,1,5.0530838436737146e-14,4.741624868100766e-11,4.017164241642328e-8,8.997421755056005e-6,3.735993397136599e-5,4.166250555325952e-5,6.316828917304997e-5,8.548744644020912e-5,0.00011789065593500764,0.00016059106521964958,0.0002165275935308742,0.00029081605566864987,0.00038531749380094825,0.000508866725780258,0.0006631466969790795,0.0008602602215953242,0.001102132082922693,0.0014077023946507826,0.0017736482140530369,0.002222200196876209,0.0027535835801772816,0.0033989686175004983,0.004139759064501266,0.005019214140029693,0.006017403882384872,0.007166882473838068,0.008452525695069484,0.009903619918907114,0.011491095607188015,0.01322075822741035,0.01509751753701027,0.017073561690878307,0.01917412118667831,0.021324209624253153,0.023550878519486944,0.02573396690775675,0.027943296584877184,0.030057269765306403,0.03207862152200816,0.033905949454644646,0.035586345875646186,0.0370018159516564,0.038174389082349866,0.039028446387789004,0.039591539322949516,0.039802067628859426,0.039703582251172785,0.039234645807074205,0.038487208897759376,0.03739791871065447,0.036065935356835235,0.03446498225332145,0.0326715716502968,0.030712697491931625,0.028618446205495987,0.02645160908536315,0.024225869989996717,0.02204516486016769,0.01984502205544667,0.01773719781035648,0.015704524111955474,1.7751801272122007e-13,1.670685375904733e-10,1.376069069720407e-7,1.3860633537975005e-5,3.697727780877314e-5,4.432900634976294e-5,6.52698478138294e-5,8.874422933901668e-5,0.00012200973904980966,0.00016585280154606354,0.0002234813297484309,0.000299412073704841,0.00039663217254059434,0.0005226647206150539,0.000680981856730142,0.0008818041424037736,0.0011299310825646147,0.0014404610805596098,0.001814585369586196,0.002270522376407092,0.002813933889581126,0.0034677599194132235,0.004223752957620866,0.005114547532291344,0.006129413510175346,0.007292878911977894,0.008597198159192158,0.010062399556711525,0.011665457702945987,0.013411400693332154,0.015297489395506965,0.017287755070041703,0.019391136996780037,0.021549630416865587,0.02376732421675504,0.025954444326799525,0.02814886788141256,0.030251356632830698,0.03224716831756195,0.03405799346972824,0.03570404962570166,0.03709128983108693,0.03822455653364556,0.03904488856408517,0.03956470764184728,0.03973934989295351,0.03959536654828649,0.03909530137096538,0.03830587710121186,0.03719040756831004,0.03582670122089536,0.03420589997230292,0.03239488747677359,0.030422369184096205,0.028323137297603697,0.026152210694626754,0.02393606251952144,0.02175347965323289,0.019568953460688158,0.01747169225264058,0.015459244517542053,0,0,0.0,0.0,694,689,680,671,666,659,684,675,669,666,658,649,647,645,645,646,651,636,630,628,636,639,639,643,643,645,643,630,634,653,639,646,669,664,674,695,704,709,708,709,715,721,720,727,724,730,744,752,764,779,794,810,818,854,862,860,854,851,842,843,840,843,836,844,836,835,837,836,825,824,834,839,838,831,828,826,832,829.0,833,832,833,837,830,826,819,816,812,807,809,813,816,819,821,829,843,844,840,851,859,861,853,847,845,854,861,867,865,876,889,889,901,912,916,936.0,943,950,957,946,948,938,921,907,907,890,876,865,865,863,843,827,815,800,792,775,767,757,750,743,733,731,725,738,724,713,22,13,0.61782604,1
L0603154038_4C0B,8.0679779,7.372,7.4040141,-1.1741035411946965,0.1015016833756148,1,12,10.0,18.5,4.4000001,1.1,1,192,10,0,4,1.0,,0.0,1,1,1.2320850022857844e-21,3.452019060614972e-20,9.672153278109925e-19,2.730797925825295e-17,7.710370051840373e-16,2.1952757161105017e-14,6.25063594590378e-13,1.7778904441280164e-11,5.057153875649167e-10,1.43810278958483e-8,4.0890962031086985e-7,1.158362986886514e-5,0.00031934808751803823,0.0072325857579940015,0.08224481430216818,0.2990703279855533,0.34656279598723094,0.17518152988108807,0.06027329969090047,0.019585738868152108,0.0063457903265042494,0.0021065474373530503,0.0006992990089708922,0.00023966922859240447,8.214176257957339e-5,2.8578016355135558e-5,9.942631870707383e-6,3.5669656011070132e-6,1.2796657073458395e-6,4.6668783020102667e-7,1.7019879518352935e-7,6.28906605483354e-8,2.3238934968234782e-8,8.708369639442926e-9,3.2633116312406274e-9,1.2257552639672696e-9,4.6041577811616576e-10,1.7307013592019455e-10,6.505719628986013e-11,2.440976150763996e-11,9.15868014778418e-12,3.40914605281089e-12,1.2689924690561778e-12,4.735691286387358e-13,1.7672931023776066e-13,6.535819968691499e-14,2.417085540829623e-14,8.948282818022383e-15,3.312743943363129e-15,1.2258841053178088e-15,4.536400917481444e-16,1.676411980030145e-16,6.195131087435802e-17,2.2971291817628268e-17,8.517671718451568e-18,3.167078228778027e-18,1.177598862942151e-18,4.385822251725893e-19,1.6334485437149466e-19,6.103190929989933e-20,2.28039154694994e-20,8.725063088846712e-21,2.447192879425075e-19,6.8640479224098326e-18,1.9401326347748664e-16,5.483984743801269e-15,1.5631949340561897e-13,4.455999251477809e-12,1.2688573120436455e-10,3.613223276433947e-9,1.0286135420379689e-7,2.927888499191747e-6,8.30192107440102e-5,0.0022880564430742293,0.029925342152572015,0.19144991052482813,0.38509570599436393,0.2751508141839393,0.091483320340113,0.01964005166002356,0.003907216615464375,0.0007749708333216786,0.00015758217048704058,3.206087450194858e-5,6.737380667479067e-6,1.416448713748547e-6,4.928608002922281e-7,1.7149390066358136e-7,6.152581038902957e-8,2.2073238027039755e-8,8.049772810563927e-9,2.9356295425874157e-9,1.0846752384860489e-9,4.007730552222184e-10,1.5016460381468866e-10,5.6264891420063874e-11,2.1131352060601847e-11,7.936299728990897e-12,4.863909001602466e-12,2.982211162653574e-12,1.8259229165461928e-12,1.118492278922304e-12,6.800505079670045e-13,4.136876400561319e-13,2.524367445339285e-13,1.5412849433812681e-13,9.330862522722946e-14,5.652326856766751e-14,3.4298182281341476e-14,2.0826148971643796e-14,7.708354945093787e-15,2.8530876654617463e-15,1.0545584536495029e-15,3.897865075640668e-16,1.4456450435549934e-16,5.3616362666804384e-17,1.9940989700798313e-17,7.416466997336047e-18,2.7629268279766928e-18,1.0293020148756024e-18,3.8470393237702136e-19,1.4378441585841133e-19,11,9,-4.0491076,-3.7037036,1197,1191,1184,1176,1176,1169,1164,1168,1155,1153,1150,1130,1118,1113,1104,1100,1104,1102,1101,1103,1103,1107,1110,1113,1111,1112,1119,1130,1134,1146,1150,1173,1193,1201,1224,1240,1258,1290,1309,1321,1349,1362,1369,1396,1434,1462,1513,1557,1594,1634,1709,1751,1821,1865,1893,1900,1926,1924,1933,1948,1917,1910,1896,1900,1889,1886,1874,1850,1853,1858,1857,1846,1837,1845,1872,1843,1834,1803.0,1801,1769,1759,1756,1780,1774,1765,1754,1743,1748,1753,1759,1764,1760,1771,1782,1788,1800,1812,1824,1867,1880,1876,1905,1914,1933,1940,1939,1936,1996,2043,2035,2058,2104,2109,2134.0,2065,2028,2010,1982,1975,1936,1910,1894,1896,1874,1806,1765,1727,1715,1647,1624,1585,1535,1503,1477,1418,1383,1358,1328,1313,1289,1265,1246,1230,1217,11,9,0.48543462,1
L0608104654_EAF0,31.507099,39.036,39.035999,0.7893149782209303,0.48282285966053673,0,0,10.5,19.0,5.1999998,-0.69999999,1,192,13,5,5,0.76923078,0.80000001,0.40000001,1,1,3.981717146047994e-12,9.182209995738102e-12,2.1175038761205546e-11,4.876102844831055e-11,1.1228497404904306e-10,2.5836097699620124e-10,5.94473249743416e-10,1.3668167497679564e-9,3.142594567942535e-9,7.218831398891913e-9,1.658232093279009e-8,3.805803014267458e-8,8.734646134356613e-8,2.0026724624206849e-7,4.5915189771934986e-7,1.0509858394031288e-6,2.4048739909283692e-6,5.489818631382993e-6,1.2503803607805697e-5,2.8295605448410715e-5,6.32836693716748e-5,0.00013815153709432248,0.0002902114482550956,0.0005774748884047334,0.001082020817367242,0.0019173653860097089,0.0032417738652682796,0.005245973365884517,0.008133241638646533,0.012093301989085342,0.01725525220489971,0.023640513997729692,0.03111105196027645,0.03935304193555788,0.04786102124915577,0.05600226492728377,0.0630578757758241,0.06838836774808399,0.07149317957639503,0.07209343774161743,0.07020161300572707,0.06610332929468782,0.060276758401572046,0.05330681086993798,0.04584856429440873,0.03840750393617232,0.03146923695607385,0.02528425787204519,0.019950680257742822,0.015548622483725445,0.01205557224212138,0.009343900478994019,0.007241435613249913,0.005621966898044024,0.004364675187215303,0.0033901585777873387,0.002633226140441113,0.002050717807808234,0.0015970692832094643,0.0012446059820191851,0.0009699294248691976,4.014381496831129e-12,9.257645961324922e-12,2.134925228924883e-11,4.9162719321765775e-11,1.1321116653027104e-10,2.6049466693778737e-10,5.993886700931092e-10,1.3781310765904464e-9,3.1686378741905426e-9,7.278717082493008e-9,1.6720025689366173e-8,3.837437320926668e-8,8.807317452681734e-8,2.019348141317842e-7,4.629780880992973e-7,1.0597482775707495e-6,2.4249276508632295e-6,5.5355586288334485e-6,1.2607677345131093e-5,2.8528847527193132e-5,6.37962721531586e-5,0.00013923220087439918,0.00029234888239946404,0.0005813762629976023,0.0010886492822985779,0.0019281045152280988,0.003258456196028115,0.005270577682628903,0.008167776763169387,0.012139401184246211,0.017313554762658587,0.0237103704782788,0.031189939388585466,0.0394366372318339,0.04794337684754151,0.0560764668440274,0.06311677145409167,0.06842633698055006,0.0715073917582053,0.07208267915701311,0.0701672396492585,0.06604990469119211,0.060210313909062854,0.05323369767391687,0.045774254796424906,0.038337014381528596,0.0314057617586692,0.02522879939034298,0.019904226584174022,0.015511518602975696,0.01202668707444833,0.00932154730842648,0.007224148806292029,0.0056085839531595984,0.004354314588688731,0.0033821355211939757,0.002627013292491243,0.0020458989942551795,0.0015933317762919696,0.0012417060178631732,0.0009676793622639589,0,0,0.0,0.0,2801,2797,2795,2780,2757,2727,2724,2707,2725,2751,2783,2812,2838,2848,2864,2857,2826,2822,2831,2775,2773,2823,2787,2763,2736,2714,2693,2685,2689,2685,2682,2670,2688,2707,2722,2723,2713,2718,2728,2760,2786,2816,2846,2866,2886,2892,2917,2962,3003,3021,3040,3027,3006,3023,3052,3069,3088,3090,3092,3103,3135,3140,3121,3098,3098,3078,3059,3059,3076,3067,3059,3066,3057,3069,3067,3047,3038,3026.0,3014,3016,2999,2987,2967,2946,2944,2935,2928,2916,2912,2920,2902,2899,2892,2917,2927,2958,2964,2973,2991,3019,3032,3043,3078,3057,3082,3111,3137,3141,3140,3142,3188,3257,3272,3317.0,3346,3353,3356,3343,3322,3289,3210,3172,3128,3097,3074,3048,3017,2999,2986,2961,2946,2920,2904,2902,2896,2873,2875,2871,2843,2826,2801,2795,2790,2798,1,5,0.27033764,1
L0612095352_E44C,11.926882,12.776,12.812486,-0.5275976092935971,0.731297643234621,1,12,10.0,19.166666,8.6000004,1.1,1,96,10,2,4,0.80000001,0.5,1.0,1,1,0.001150482916310253,0.001624496583796803,0.0023516132969935645,0.003021049412117585,0.0040744006836727405,0.005022062431575653,0.006489403812665897,0.007929585347425112,0.009859798273543193,0.011706954997097499,0.014319398834668571,0.01645981693260157,0.019602239076767666,0.022182922522825544,0.025437516621757913,0.028260973590872346,0.031505490960880664,0.03417173200861666,0.0372034021692058,0.03928135874000132,0.04163548552140312,0.04305914379820197,0.04423013134277426,0.04497714623305174,0.04484531178819894,0.04432138439432157,0.04297269735065711,0.04189562763759205,0.039540960809138076,0.03732834630708205,0.03434506986787146,0.031770375978552534,0.028498413836529513,0.02578719441295641,0.022562107063860932,0.01982674006274806,0.016930248923924546,0.014512927498685093,0.012107083906566903,0.010097010177465773,0.00823095179044892,0.00665732100374195,0.005298581205276322,0.004199630362866705,0.0032692789642183853,0.0024956614801136395,0.0018940104148803592,0.0014213893558839852,0.0010547744590748258,0.0007691256424066505,0.0005568825093758536,0.0003953628770610626,0.00027918654074464644,0.00019447434656782238,0.00013426589569377683,9.14666762505974e-5,6.173692974506947e-5,4.118746886898565e-5,2.7207946571014542e-5,1.7834400280203815e-5,1.1563604950855405e-5,0.0011843584081821599,0.0016613205785559718,0.002380581430122097,0.0030626858854200896,0.004112363106466943,0.005082572892134776,0.0065569111760512494,0.008037324466004097,0.010041880456769943,0.012146758840918294,0.015489131207485228,0.019905820641797762,0.029083424727740243,0.028118460266237155,0.029781018715191784,0.03213524854527222,0.03527789064531793,0.03783235141810806,0.0406724352807386,0.04244907616686524,0.04397027649911531,0.04364477218517448,0.041523522143832044,0.036431658762220494,0.0292887981842667,0.03478476285019322,0.037708363542661716,0.03893433389027232,0.03765322146760827,0.03567347483232013,0.032348179045542935,0.028978076578651178,0.02453273741399332,0.020413692708293088,0.015787122553662297,0.01178828501943863,0.008263240304494119,0.009110408129284896,0.009626974929478756,0.009904367894160385,0.0099456003625105,0.009743089850048499,0.009425508920076504,0.009072638745197046,0.00865727267333379,0.008049781695020863,0.007471864739385091,0.006948192285404839,0.006476240532377756,0.0036880387290368567,0.0021220857145096902,0.0012260816385480798,0.0007194794077996419,0.000428481244415982,0.00025851953645504653,0.00015758701973648108,9.687883008612752e-5,5.993667283648223e-5,3.719470130888322e-5,2.320027622350773e-5,1.4442635643999884e-5,0,0,0.0,0.0,1674,1653,1639,1620,1607,1595,1585,1573,1572,1565,1559,1548,1540,1528,1536,1533,1525,1520,1516,1499,1498,1492,1486,1485,1494,1500,1514,1523,1535,1534,1539,1547,1554,1564,1575,1588,1613,1654,1700,1725,1757,1854,1905,1961,2032,2104,2202,2284,2359,2482,2589,2598,2702,2817,2869,2965,3021,3127,3143,3169,3150,3106,3054,3005,3009,2965,2954,2966,2911,2869,2848,2835,2857,2874,2864,2792,2777,2764.0,2680,2663,2613,2589,2570,2546,2546,2497,2467,2467,2529,2533,2517,2567,2557,2614,2573,2599,2632,2632,2745,2812,2795,2863,2833,2866,2921,2908,2923,2966,3011,3069,3038,3081,3080,3154.0,3160,3156,3019,2904,2874,2760,2702,2663,2577,2519,2481,2454,2406,2309,2268,2241,2193,2170,2132,2082,2062,2005,1946,1891,1863,1830,1790,1769,1745,1714,8,3,0.75512034,1
L0617201157_8F9B,12.729081,14.553,14.577653,0.05031932905595929,0.9636547077525615,0,0,10.5,19.5,6.3000002,2.5,1,96,11,3,2,1.0,1.0,1.0,0,0,0.0011014852658075146,0.0015438625104737182,0.0019873913045385335,0.0024171635768406212,0.002997369408309256,0.0035394303766754192,0.004243117345383407,0.004988163482008556,0.0058612851364916625,0.006735087147981825,0.00793704946705273,0.008905332854432258,0.010326369159384103,0.011551751461250708,0.013040099396155762,0.014505029490880296,0.016133546004368247,0.01762120414718462,0.019453313772815124,0.020846281735999398,0.022646183965749016,0.02418406583431202,0.02583415346072124,0.02708008955040447,0.02844385063033289,0.029759678530628157,0.030693677636601756,0.0318089994293384,0.032394772007549234,0.033006233834749446,0.03318290708067235,0.033368295010402456,0.03313245481674596,0.03279372599475443,0.032201832085301085,0.031359957355921834,0.03034065403779689,0.029194591974967436,0.027954920813914524,0.026390342275592945,0.02487088927827091,0.023277612302700847,0.021664224258661897,0.019922712412019258,0.01827854915913844,0.01657029256576035,0.014987516224320914,0.013403663030718762,0.011957164764399373,0.010543600534631294,0.009273490435413563,0.008071548834493838,0.007002021746301897,0.006010877463554065,0.0051419793831026794,0.004357734846823847,0.0036758343393394886,0.0030769478150928513,0.0025612929131274727,0.0021126486070080944,0.0017336797146297988,0.0011287740196377974,0.0015703236968350354,0.0020021023312807415,0.002442900368652615,0.0030145629748846428,0.0035671179952191543,0.004267726462176896,0.005025994577791179,0.005888610068285473,0.0067921737083604045,0.007971705171759116,0.008971430659089149,0.010378076325976985,0.011625411207873877,0.013106780647744199,0.014595030389994254,0.01620592002306279,0.017714667844956008,0.01953728890201229,0.020964659804703533,0.022726687965771986,0.024268642265094717,0.025915572105099788,0.02717670678242685,0.02851506961849996,0.029830197153726132,0.030729122599635565,0.031833846868008796,0.032403476004002923,0.03300674344888747,0.03316127406364483,0.03333712252562599,0.033087337895205966,0.032741373152861256,0.03214858228361277,0.0313013462248377,0.03026515624983892,0.029113826590442492,0.027884722337368432,0.026320538905350823,0.0247892515285181,0.0231936707105679,0.021586061401612483,0.019844480603756206,0.018206580391516115,0.016499059334537478,0.014921910040583193,0.0133398010258723,0.011899714666193932,0.010489262494848443,0.009224378496863389,0.008025997421040472,0.006961662414149224,0.005974404089052366,0.00510989374641075,0.004329367786848798,0.0036508775291198736,0.003055112396092282,0.002542769811950337,0.0020969107630846723,0.001720231127142206,0,0,0.0,0.0,1546,1538,1522,1518,1502,1482,1486,1476,1475,1469,1463,1456,1450,1432,1426,1423,1415,1406,1404,1394,1391,1393,1384,1398,1406,1405,1412,1418,1427,1433,1451,1460,1478,1499,1509,1522,1528,1533,1532,1548,1583,1619,1647,1693,1774,1795,1807,1815,1852,1846,1889,1975,2120,2229,2438,2630,2651,2675,2704,2664,2698,2680,2639,2640,2612,2531,2505,2326,2282,2282,2255,2219,2233,2256,2257,2251,2261,2253.0,2263,2196,2221,2236,2198,2197,2207,2216,2216,2221,2247,2268,2299,2270,2240,2210,2213,2188,2209,2301,2378,2389,2443,2503,2576,2580,2612,2628,2745,2810,2837,2891,2894,2983,3054,3063.0,3112,3009,3060,2919,2920,2910,2816,2703,2572,2463,2399,2285,2196,2072,2037,1997,1955,1926,1908,1862,1841,1804,1760,1736,1713,1670,1650,1636,1609,1581,,,0.27184331,1
