0.9462700152840283,0.13265195506234345,0.25979724393307313,0.01141488005543937,0.06558592035424712,0.02854468405495596,0.10604703202331625,0.004301561992121394,0.02260313478379825,0.0767309194612035,0.02993929320176724,0.0726191902450296,0.03252719232972117,0.013457237664506514,0.02089772312463522,0.05305772626587883,0.04096089064623806,0.09259109575633655,0.020415306158373444,0.011780144055836389,0.04131696248546296,0.044171434513436046,0.005131053216033048,0.017755208273412912,0.02061414429312834,0.04035981701230367,0.05061050246779642,0.011951865535507311,0.02184512691348383,0.07223092510969985,0.08157994230080552,0.001171012775882817,0.04595088966590328,-0.0942320436698331,0.05297131522011459,0.017444088953166292,0.0003444112432743644,0.0117686442143233,0.03788318803789588,0.003944993504098156,0.033297150088858175,0.03142133985855215,0.06395713910763716,0.003826429726870827,0.1631497685423336,0.06996206788240684,0.07511030601256713,-0.00582682849342119,0.08584445841818018,-0.02848792880913212,-0.0046836451029344806,-0.10569789493683425,0.10095700602235612,0.02937143054470903,0.060691799107116626,-0.0548541321439906,0.17214233157569042,0.4127610753635217,-0.6210219503556746
0.13265195506234345,1.426303375664097,1.165461686637497,0.16673346270112444,-0.15481235707606444,0.3901966525202393,0.14265883902529697,0.15288083185628867,0.36844231816503137,0.3136932411969276,0.21425222565142055,0.24702156906174438,0.1254670592388709,0.09341248129017736,0.28712014689957815,0.1726496770759906,0.2730920484698114,0.34271130046520343,0.08933624533920176,0.4441187567283823,0.3384763540949027,0.22736047763239658,0.1354424272891973,0.1575632325139203,0.21269382502374284,0.25433575077045795,0.22645121366680637,0.24765430834233032,0.2879674438503239,0.09384979951254822,0.1530045944831553,0.07141734480456388,0.15831940591770605,0.2422425170120864,0.3440807894889075,0.26479044010659686,0.5680346727560357,0.24183104416948423,0.23584006115109651,0.05565406492174353,0.42736045153373653,0.26637871158408605,0.44162715022172666,0.04453258982780702,0.5933083950161332,0.2793992932081329,0.22023162977074023,0.0025699735129223063,-0.2674654425003283,-0.20770109605253795,0.04842703251819561,0.14448206284034812,0.11435768936233692,-0.0629650742363816,0.03279991886875658,-0.051253649250261574,-0.6883568500186834,0.10039708972356969,0.4876891446920434
0.25979724393307313,1.165461686637497,2.4680916566332036,-0.023463513460646568,-0.41625992627824604,0.40324535331041844,0.15043025575201477,0.04705065247192341,0.6119838051548792,0.2812060789069676,0.11883344229613135,0.23538388275494584,0.1016027596325353,-0.013914105438829249,0.25591633398076524,0.07231458897358577,0.2504911871839574,0.2567357891812045,0.08145468416763424,0.18856443179285698,0.27005265308310494,0.23085575518293197,0.16503344485250215,0.10188305207124133,0.19337846691787833,0.1647000404896167,0.23230984854828335,0.2714320060515716,0.10338392722731311,-0.21675860365035637,0.2006102463411792,0.029232860660276992,0.20002248158954594,0.10739277476491942,0.3772820617178036,0.3195238108087938,0.49352166237530337,0.12806475435569395,0.20411671532246722,-0.16935432597776137,0.3722762020143556,0.18565072823300202,0.13989977439884033,0.05076961770843884,0.556005314036752,0.3732276204641956,0.03808083594972092,-0.037335585882194516,-0.5298986758864926,-0.25706847480468864,0.06768812995205173,0.35246586383590867,0.07356355426566949,-0.15706852875851438,0.03566115852598499,0.15643427334001936,-0.2909700756522315,-0.5440186650266701,0.41093062411503595
0.01141488005543937,0.16673346270112444,-0.023463513460646568,0.8699778290190358,0.42640111699605643,0.3642299396525077,0.2596371494550366,0.30291923202371124,0.0701758467127516,0.15905811169724482,0.26219887046005197,0.3403105321332867,0.16823117623681227,0.20300819043504248,0.19476177032219474,0.3061496271773792,0.21289632073557804,0.1450998728122643,0.23115627246643064,0.17972121295263646,0.2084796683672371,0.18462214845465014,0.1275102119100539,0.1266741425040086,0.22824563489311697,0.2310228639328819,0.17788103930888166,0.04158755439113963,0.35922190871128823,0.08796658191354505,-0.03431953246246114,0.2063156164022026,0.04678444742156249,0.27831642856059213,-0.033639157704659646,0.12026487023642561,0.23992933542818976,0.11899770197372049,0.2252425429263064,0.09358045321774457,0.17262594794289915,0.17873722566064898,0.37185856392275946,0.03877817048005846,0.1504410419925566,0.11152931642034088,0.13985805316017721,0.002688689205439638,0.09768322830407808,0.12662290068835924,-0.07172728580004664,-0.04281642502043778,-0.03089258261378806,0.0014351615491753316,-0.0009078969582268253,-0.001305768971342722,-0.611756113270798,0.4686095426507894,0.11858856963258797
0.06558592035424712,-0.15481235707606444,-0.41625992627824604,0.42640111699605643,1.2937650069787539,0.008674477356356335,0.28502061207757273,0.41167303902813385,-0.11902671222132644,0.19185790735166086,0.2458468302692224,0.3303586277337153,0.18912836397782148,0.22552414328472994,0.12792855113136423,0.3044334320829559,0.14125084865794865,0.13157208628353262,0.31287494367489294,0.0769102387581428,0.09715415235928211,0.11904705838556137,0.04219689772098238,0.09681953813469776,0.187534273344573,0.1875999571805578,0.15283839031377097,-0.09569122083295824,0.3129201737939541,0.014459392044423812,0.006536547806020447,0.22510517400307453,-0.00624194285294195,0.29882928718950963,-0.20332446742992022,0.10048487210840668,0.03022300710732218,0.03148716588801262,0.2324188581917944,0.19433424891558293,0.048225090500341794,0.12369979650669707,0.0912766708028914,0.02244856550996998,-0.08222448234572087,0.08737987530609136,0.08678943222936952,0.0005779117721160652,0.2869466674914447,0.2906985220833662,-0.0862810237841857,-0.355384645331512,0.03271883955536086,0.07591331170692947,-0.1571895569563508,-0.03076161267575088,0.08502816571161458,0.28380770426087165,-0.1353667829936614
0.02854468405495596,0.3901966525202393,0.40324535331041844,0.3642299396525077,0.008674477356356335,1.2799015363964736,0.1584733136219922,0.24561575496411434,0.3155130947450519,0.23967340445958935,0.3361605661955881,0.3382636054301247,0.170797280326224,0.10590850027302033,0.2769133117532628,0.23144580433693263,0.3056916940179634,0.20459561978577434,0.4963343175854853,0.38113910826584046,0.27294352600669475,0.20088550638021815,-0.04688795528415962,0.11719598694246794,0.24345409867623033,0.291180763523235,0.2295419772777136,0.2616864760458961,0.3627525770106016,0.019084239278848825,0.17948970465401953,0.17655834469278994,0.05301278254445791,0.23131094728636326,0.32200503232602457,0.11842875898135291,0.4105758566030509,0.18438496139447255,0.3922692691381719,0.14381851033509674,0.30192607376893565,0.22501902766393753,0.40179047423733466,0.0363740867697498,0.4626762298869084,0.20095698727690456,0.1946739041884028,0.021094362301011096,0.14201426616909613,0.18825847178555943,-0.11911825335883662,0.009709025247422832,-0.16546537986543983,0.031992579675548805,-0.027222752546100307,0.11872739380758626,-0.40411744876221056,0.3387789248545988,-0.12938303033621504
0.10604703202331625,0.14265883902529697,0.15043025575201477,0.2596371494550366,0.28502061207757273,0.1584733136219922,1.066419314805229,0.18317850382727482,0.16992910123117438,0.018187316730135076,0.21407093917841113,0.32437007719660604,0.16758978779754016,0.2891294054951752,0.07461078933466977,0.32415616333702246,0.26854525886170044,0.14382355475016942,0.036611524146740175,0.07373018081694362,0.1794004597913798,0.25690023442283777,0.17199104527905187,0.12141420083983823,0.20870044975616725,0.22037241739869526,0.1975973222073202,0.024000326816146056,0.23042695942689578,0.09791607185043669,0.11809300901874387,0.27264555768384774,0.0520399641112673,0.23557826315829214,0.24595738745677242,0.18994116564575114,0.0606026198712832,0.0579195737985476,0.23440945370863076,0.056463260715391685,0.14277348369091666,0.1833435937406009,0.22281518615765541,0.03789541991868855,0.1228091676704998,0.17002495946770002,0.06431056299081653,-0.026695807261723103,0.23140071484979619,-0.0719481438998451,-0.06064571350585281,-0.3015880526568919,0.38032909876353593,0.0038039018133000295,-0.08233516799410673,0.14302828733606165,-0.122295639191151,0.32879639548761885,-0.43629440346172677
0.004301561992121394,0.15288083185628867,0.04705065247192341,0.30291923202371124,0.41167303902813385,0.24561575496411434,0.18317850382727482,1.119248275991912,-0.08618169360710058,0.04224189884006126,0.34308391903228685,0.11242373793039331,0.21531729493490118,0.17669148559536602,0.18645580400025122,0.2382048774595755,0.27525619023978587,0.30376887429304217,0.3353816817441264,0.39858982668109194,0.1991185331212239,0.17389380229632515,0.03971130440273692,0.09972764651234604,0.3277838506943487,0.35249606405701,0.23272396547147212,0.10424341449632846,0.36544302614555163,0.2168458039832971,0.279899549795753,0.15493313007312656,0.03688528559107252,0.32316241080903685,0.3389567177848426,0.14326225171933352,0.5064845023878551,0.20112196453407774,0.3934078140728749,0.1591390089250488,0.22025718242136816,0.20788242607399343,0.42377896583083097,0.02852543617098889,0.428010304325291,0.29930971403319045,0.32544737317675954,0.030968668611781883,0.1860484180976918,0.10549698379408345,-0.012661648695699213,0.03780734998399868,0.13022934223475421,-0.2400336781028613,-0.06654086763654674,0.12210913402978467,-0.06752280515376646,0.5412972469530433,-0.5758032567123085
0.02260313478379825,0.36844231816503137,0.6119838051548792,0.0701758467127516,-0.11902671222132644,0.3155130947450519,0.16992910123117438,-0.08618169360710058,1.035300645397807,0.17788470420312072,0.1224207740585521,0.2417369072148543,0.0604569259528573,0.19980930420362808,0.2741544013867852,0.07081621008869256,0.20184640560259404,0.13385663189011196,0.033284722088399867,0.17776926948080812,0.2158565345456461,0.29064274572913784,0.2543921796039486,0.13248212591840397,0.17929868393438134,0.18979634492406117,0.1703845725618465,0.16928143197003823,0.12514401376126882,0.06282867269653149,0.13715856686392439,0.20926011170713021,0.20071038108075093,0.09571692663466173,0.2225131255808791,0.22026529096165723,0.269886975858472,0.12601207012438836,0.21976942202045363,-0.022645638683788445,0.25444343935591174,0.1629377272237572,0.2519293624364229,0.025214826167978592,0.26678917445307027,0.21847679062990374,0.10596338026518393,-0.03305881748655533,-0.11456367311475743,-0.4098393044156328,0.06472944480602057,0.17796289558648118,0.20679202720808146,-0.045824408413701494,-0.05183858792904114,0.26934023635820764,-0.3998772148603594,0.0158773657975143,0.02090864953796997
0.0767309194612035,0.3136932411969276,0.2812060789069676,0.15905811169724482,0.19185790735166086,0.23967340445958935,0.018187316730135076,0.04224189884006126,0.17788470420312072,1.3353760430700163,0.24858608853394026,0.3967161520604275,0.12959915435825467,0.1770012019256327,0.3035090215692784,0.15901503355661678,0.27587154291432675,0.27785410194678284,0.19843291945263772,0.17659146969027534,0.15416629303879884,0.10040071031544673,0.07965334270415067,0.1384688115693166,0.1904044595865176,0.12307816472381035,0.2150817100117231,0.12193963969897668,0.3900388449805887,0.11245798743824899,0.07724252720368983,0.16378007631532807,-0.01591409231750902,0.3446346448672481,0.2752593426423271,0.1588145186901824,0.17524242970748358,0.07660781933649143,0.22054542311109368,0.14535807045842247,0.2032689210239838,0.14816049109198207,0.18381576899714938,0.04339756657273733,0.22290175347789992,0.13357904582577246,0.2353530228637936,0.0032931266962578382,0.07770895525825705,-0.1942258497694768,0.06409650140328031,-0.07568569416945084,0.13884229273312343,0.09858874962252812,-0.11756987113905845,-0.025806976560633445,-0.20170857360846128,0.025682187782728315,0.20856621878911744
0.02993929320176724,0.21425222565142055,0.11883344229613135,0.26219887046005197,0.2458468302692224,0.3361605661955881,0.21407093917841113,0.34308391903228685,0.1224207740585521,0.24858608853394026,0.5984125369907122,0.32135989335569143,0.1798862282159681,0.18624392308637164,0.3087322632652377,0.23188854409730145,0.2765827395811473,0.2055607014990796,0.20789094139987555,0.35130960306913317,0.23160540522792128,0.17037292249427988,0.09079213931220187,0.1411020740216077,0.2663580104738597,0.22153530731533166,0.23474881037068468,0.1618874678451542,0.376231201326377,0.15290379149534467,0.17283761033778394,0.18071200549026292,0.07273859323542085,0.2996726128735585,0.2981305603047958,0.19496988340264954,0.32247594157259035,0.1658263766279003,0.32195874770818256,0.1485029364609288,0.289133449067863,0.21767398383008899,0.33208157226992885,0.02038216301592951,0.3254635273403656,0.22796372793701103,0.21510129324364366,0.008827866332896105,0.05907325190559175,-0.14480319701922598,0.012505369328752082,-0.004154933568610641,0.1200638493818378,0.001957799069331895,-0.06236279275929356,0.08750822376546835,-0.22611474787181796,0.31474795864420957,-0.20441142328502093
0.0726191902450296,0.24702156906174438,0.23538388275494584,0.3403105321332867,0.3303586277337153,0.3382636054301247,0.32437007719660604,0.11242373793039331,0.2417369072148543,0.3967161520604275,0.32135989335569143,0.8448620275057293,0.11022033415633122,0.205727697270694,0.2664925740619872,0.2592614188919709,0.265789351636393,0.0700722337788338,0.17672737546201817,0.2417173407679533,0.20335055152783216,0.16820389998805854,0.0747910648798367,0.12320993234090166,0.2654894489125847,0.2702391325198172,0.30367894181071403,0.09619401916534623,0.32017484029901455,0.05277542936407849,0.03374313766262456,0.20362414703080112,0.036864151443976985,0.238691582647475,0.30017454330087356,0.11584464409488032,0.16363918342920736,0.1165108001162168,0.2609452811322126,0.11906007650926333,0.19788219377474559,0.19984328187951383,0.25911305458838,0.028824584075514623,0.19975898324792726,0.1321652527193952,0.09841851759316203,0.009141653070661619,0.24175553325516466,-0.15425170039691777,-0.00745089817103195,-0.16329300440499447,0.1837588598670461,0.08722436772478419,-0.03724759326551566,0.06270442616607091,-0.3160053111207878,0.20250732619673353,-0.01810848702281223
0.03252719232972117,0.1254670592388709,0.1016027596325353,0.16823117623681227,0.18912836397782148,0.170797280326224,0.16758978779754016,0.21531729493490118,0.0604569259528573,0.12959915435825467,0.1798862282159681,0.11022033415633122,0.3388126646985043,0.1316913822402916,0.09892250369298344,0.1673191698720175,0.13115618260451536,0.14900888936109027,0.15545029400024096,0.10213857885833062,0.1045931157797899,0.1801700200785243,0.06090997952630153,0.08956186844575943,0.14018520829592387,0.1330216731284103,0.14399506946620141,0.09120547941202253,0.22906368000846802,0.07118474201545295,0.0752722525292059,0.13760179061731728,0.043573834741303615,0.18048653873148,0.11260860072012543,0.12100195588979377,0.1641591633780731,0.060624817709379594,0.1369946169781971,0.05375646786907264,0.1023642559373337,0.10771973642270433,0.17490965686892915,0.023074294516041368,0.02139241846706889,0.15207747950406972,0.12181377896178598,-0.00909003531396813,0.15254560895580366,0.1457607907834926,0.03512049820888098,-0.06649638373758453,-0.06739048687243825,-0.07702879355023531,-0.019074742280403977,0.014929395860304619,-0.09738950003416669,0.1368384416750713,-0.07022879472768259
0.013457237664506514,0.09341248129017736,-0.013914105438829249,0.20300819043504248,0.22552414328472994,0.10590850027302033,0.2891294054951752,0.17669148559536602,0.19980930420362808,0.1770012019256327,0.18624392308637164,0.205727697270694,0.1316913822402916,0.7084906249018389,0.22448756486142746,0.28114536392744494,0.2187618686476645,0.13303108578880896,0.08920198996857588,0.1833328204971295,0.1862703402887355,0.19841727351921776,0.18899536831491792,0.20021941773461804,0.2311752086984261,0.181760881281844,0.12781995025312845,0.06674098299849182,0.32921966889394316,0.09885817866192649,0.05416491629515024,0.5676764881886736,-0.014545740510503766,0.2193811374546698,0.1885382827702985,0.1863360130630193,0.1132081698255164,0.13254995197875866,0.19026837248171968,0.1418087669706813,0.17481307894872994,0.17852516178027705,0.30084170890911927,0.03408037303680198,0.16360229898529863,0.17440326160383696,0.16246055323298816,-0.01991594578593439,0.05162274729364224,-0.08626439582782545,0.0017898534784315755,-0.11565258579064018,0.16664253268191817,0.02090267105719782,-0.16095490051240247,0.11741818286654072,-0.27633669301933705,0.2985555768079331,-0.028962504103894733
0.02089772312463522,0.28712014689957815,0.25591633398076524,0.19476177032219474,0.12792855113136423,0.2769133117532628,0.07461078933466977,0.18645580400025122,0.2741544013867852,0.3035090215692784,0.3087322632652377,0.2664925740619872,0.09892250369298344,0.22448756486142746,0.7531403906626298,0.12781090995549274,0.238507462838017,0.27364383914534735,0.18124889921368084,0.2900004405142367,0.2322188078949626,0.10576937036402792,0.22164152887834412,0.12661337833838243,0.3073623728147729,0.160571017983089,0.16329203745807516,0.2287606344404425,0.3060845528522995,0.14083938427999568,0.1280022148503821,0.20468366954095413,0.10971546746504744,0.2509092591474114,0.2076513857473488,0.21418610845226566,0.33261872270470993,0.14149725592326656,0.2617328457947343,0.07379852362057553,0.3242917240778702,0.18676997549409555,0.3351548303531745,0.02375759179855234,0.3598157920501178,0.2350867420634445,0.2222677486629819,0.01032220612071866,-0.17427463987159747,0.1260998684644756,-0.12543627153054604,0.30912849032922823,-0.14807153369967171,-0.03228845819750002,-0.09667340135343362,0.19250748275656623,-0.4043473648794796,0.31666442190619326,-0.12361317025223997
0.05305772626587883,0.1726496770759906,0.07231458897358577,0.3061496271773792,0.3044334320829559,0.23144580433693263,0.32415616333702246,0.2382048774595755,0.07081621008869256,0.15901503355661678,0.23188854409730145,0.2592614188919709,0.1673191698720175,0.28114536392744494,0.12781090995549274,0.7149316289250817,0.25278980780088983,0.13288886280312723,0.17282503176393657,0.17835859200971965,0.2020849908249366,0.27892338570778213,0.07552551962348242,0.1324498079514105,0.25497933575705917,0.2697628540525036,0.20273848448965784,0.13527223115547518,0.3378816752292298,0.1789265297476436,0.08124451879304162,0.19870929376964752,0.010570956575765717,0.1989575787891031,0.4059586511968487,0.139982534270679,0.23280695598989468,0.13114073827491374,0.17763543324137893,0.1374103259413372,0.1895061941644112,0.23298544370995278,0.3503169492468512,0.03772710059867,0.21528347477299611,0.14723068065413836,0.19177637612394433,-0.013252800972454406,0.23117440009133128,-0.35184785527048573,-0.023452428133971314,-0.09701163109810682,0.29343090790965104,0.058125037454261314,-0.018226250144605823,0.016567884271103162,-0.30392670135663363,0.33068909932395996,-0.09302405159373431
0.04096089064623806,0.2730920484698114,0.2504911871839574,0.21289632073557804,0.14125084865794865,0.3056916940179634,0.26854525886170044,0.27525619023978587,0.20184640560259404,0.27587154291432675,0.2765827395811473,0.265789351636393,0.13115618260451536,0.2187618686476645,0.238507462838017,0.25278980780088983,0.6681782245631791,0.1675698352592903,0.20972584984142595,0.35977244285299653,0.28094795096478226,0.2501926810290963,0.04818958003067417,0.1718019358409615,0.21746859906311744,0.1857142257602548,0.20564361335428008,0.33215795525508873,0.21985867404601098,0.14760127165585704,0.21838193110097856,0.18601623666205944,0.18120336821637356,0.2244061490741797,0.36777539235126305,0.2561943386600454,0.4180491222423861,0.19803200897965384,0.32057695159829136,0.11657708031403413,0.3913353120799235,0.2773483640934699,0.3355608981250563,0.040478559921405706,0.49988545583337274,0.2616234314431902,0.21120287358226617,0.0011396078373649829,-0.031509330052904606,-0.00016366278899768212,-0.0038917881425242326,0.030102724621734446,0.006095987646299565,-0.013287135678155725,-0.08620545267216366,0.06663123131098542,-0.2605403645469638,0.24100013520617747,-0.17307226077217816
0.09259109575633655,0.34271130046520343,0.2567357891812045,0.1450998728122643,0.13157208628353262,0.20459561978577434,0.14382355475016942,0.30376887429304217,0.13385663189011196,0.27785410194678284,0.2055607014990796,0.0700722337788338,0.14900888936109027,0.13303108578880896,0.27364383914534735,0.13288886280312723,0.1675698352592903,0.8180154551178141,0.14619353076057442,0.01280355914837949,0.182901129600928,0.15841169773675673,0.30529407764995947,0.06285648802722008,0.19562180627025882,0.18888556330029765,0.06958088872694558,0.13576938943838385,0.2715747444889248,0.008361815418409102,0.25814440524232735,0.10630521546663517,0.029420255263032023,0.3003815265961827,0.2198299477676925,0.1669399341860857,0.2964027508580762,0.035309114103198896,0.23057035368099,0.08865469302764585,0.14172598598160308,0.12065473924571869,0.33515726764712794,0.042507341682159826,0.4161518554698011,0.21002769158209592,0.3861386089754084,-0.016108054045727575,-0.11564971993646704,0.027137885633753384,-0.010777363717522016,0.13676637771892758,-0.0011500093212141007,-0.08399059351908784,-0.04809760657342106,0.06541049203556455,-0.11805960957656135,0.3533577293834,-0.3433738299962769
0.020415306158373444,0.08933624533920176,0.08145468416763424,0.23115627246643064,0.31287494367489294,0.4963343175854853,0.036611524146740175,0.3353816817441264,0.033284722088399867,0.19843291945263772,0.20789094139987555,0.17672737546201817,0.15545029400024096,0.08920198996857588,0.18124889921368084,0.17282503176393657,0.20972584984142595,0.14619353076057442,0.9825885537212791,0.13070548894857173,0.17991991535884516,0.1091095523906794,-0.16871810910121085,0.10724605198562066,0.19053170673913103,0.1516394938039328,0.13072504874954374,0.24580407344611857,0.23991882440295711,0.07086583936019154,0.19172544265703934,0.13451975029750443,0.13680939836094622,0.1702610998573121,0.07977151615594234,0.08422195613468628,0.42707601234751735,0.09738939665781665,0.3457171572639908,0.09000062596710579,0.18830085866458968,0.1447943456439257,0.16029566598763012,0.018134891204533654,0.28595602798571007,0.19143790516970355,0.1110564185270914,0.037512831501184576,0.10431096959469074,0.27579123294087277,0.19955345861884738,0.1491045087551218,-0.412192840951342,-0.11540529992463915,-0.04171180014431077,0.05470800047491407,-0.09064465869007969,0.2002835488454422,-0.14447303966274602
0.011780144055836389,0.4441187567283823,0.18856443179285698,0.17972121295263646,0.0769102387581428,0.38113910826584046,0.07373018081694362,0.39858982668109194,0.17776926948080812,0.17659146969027534,0.35130960306913317,0.2417173407679533,0.10213857885833062,0.1833328204971295,0.2900004405142367,0.17835859200971965,0.35977244285299653,0.01280355914837949,0.13070548894857173,1.5353610265880233,0.36057348147067014,0.21108354814051744,-0.0847916855739543,0.24866098198131575,0.32961538706986754,0.43852320679407436,0.30620087075696006,0.32219383014715036,0.2422302545443704,0.5686012668749149,0.469701059412064,0.08411907561895116,0.3333679288312959,0.19755612344812293,0.42497203477422546,0.34295264556925575,1.1303117488019425,0.6454206865088692,0.47905091909864944,0.22940523455876757,0.7883485775940963,0.43290024479887707,0.6093558514140927,0.008018843986525694,0.9652972639497228,0.4567840552863321,0.30533966931088136,0.08630459926965371,-0.011148719783847818,-0.21455206580421796,-0.04933656683407381,-0.09229764466385916,0.35662923490653536,-0.08971030729137049,0.05265338831175614,0.06152449302703227,-0.2118572770045054,0.2508855091901725,-0.17849018473344783
0.04131696248546296,0.3384763540949027,0.27005265308310494,0.2084796683672371,0.09715415235928211,0.27294352600669475,0.1794004597913798,0.1991185331212239,0.2158565345456461,0.15416629303879884,0.23160540522792128,0.20335055152783216,0.1045931157797899,0.1862703402887355,0.2322188078949626,0.2020849908249366,0.28094795096478226,0.182901129600928,0.17991991535884516,0.36057348147067014,0.6147590674011788,0.25556316901488046,0.1804687955013274,0.19857401599650143,0.19994748577444352,0.2472825971793717,0.1471112103918395,0.2315550820801545,0.23761061607532544,0.228111280765714,0.28965980331923125,0.139819528510726,0.24915171196149177,0.21194577901675474,0.24641978782859172,0.4282500277057332,0.6003714128374051,0.2058412047625776,0.35510088426459785,0.16037975913140287,0.6666797968988293,0.3837702775817252,0.48246889619394856,0.049133485476997085,0.90791411646715,0.3386723629287224,0.23581724835120385,0.0031356037227012645,-0.33123433525000495,-0.0521734615451672,0.018827077903580455,-0.04462998154888402,0.12993123783270694,-0.045290416242990066,-0.028275229212920704,0.02696759987657626,-0.3808020025839928,0.24550204221121522,0.04171005459676536
0.044171434513436046,0.22736047763239658,0.23085575518293197,0.18462214845465014,0.11904705838556137,0.20088550638021815,0.25690023442283777,0.17389380229632515,0.29064274572913784,0.10040071031544673,0.17037292249427988,0.16820389998805854,0.1801700200785243,0.19841727351921776,0.10576937036402792,0.27892338570778213,0.2501926810290963,0.15841169773675673,0.1091095523906794,0.21108354814051744,0.25556316901488046,0.7863017814963479,0.3295957979432653,0.19279970836622792,0.21807147692128723,0.21284361053592654,0.18615403018944135,0.13202764330026479,0.18696660099437865,0.23461493091982322,0.12495778007390418,0.16083104096768747,0.2086725382629685,0.18654030414491182,0.1973713993879432,0.32214129160184846,0.38870495084539025,0.18163537982665437,0.22498480378819669,0.06487119397258977,0.3043308190679932,0.23892341384170634,0.40414297970842034,0.053902735581829175,0.15806518274534517,0.30069149293420266,0.21351555863613084,-0.08757155928202992,0.39760089165759976,-0.23037321207304387,0.03542245027521143,-0.0936282265035809,0.20683995071640254,-0.06155652201156447,0.00869579444015458,0.03346056094017253,-0.24204732929683798,0.18316045545137602,-0.06646244521896706
0.005131053216033048,0.1354424272891973,0.16503344485250215,0.1275102119100539,0.04219689772098238,-0.04688795528415962,0.17199104527905187,0.03971130440273692,0.2543921796039486,0.07965334270415067,0.09079213931220187,0.0747910648798367,0.06090997952630153,0.18899536831491792,0.22164152887834412,0.07552551962348242,0.04818958003067417,0.30529407764995947,-0.16871810910121085,-0.0847916855739543,0.1804687955013274,0.3295957979432653,1.748541260712736,0.2521324495414048,0.5356817726115836,-0.14834411390296295,0.061019144981939596,-0.15313822252482914,0.42303453941859864,0.1340371753640388,-0.3267532515288264,0.145738534841168,0.1511442042260201,0.2681474082797489,-0.17676802444903567,0.4637076791099335,0.3785124172999697,-0.01512955962711877,0.43311021161208063,0.06491232006326607,0.28356234142453257,0.0906022352979116,0.2510880624782885,0.11154071653315467,0.09892118471384932,0.3412361482573649,0.22739095495707418,-0.0513903185760319,-0.2673569286842792,-0.19322291451424256,-0.019998503485761914,0.14014242852745556,0.205167036205462,-0.10432937230543408,-0.07219061835586325,-0.0032347633742814013,-0.282774127876848,-0.032925192064247016,0.31034930826805085
0.017755208273412912,0.1575632325139203,0.10188305207124133,0.1266741425040086,0.09681953813469776,0.11719598694246794,0.12141420083983823,0.09972764651234604,0.13248212591840397,0.1384688115693166,0.1411020740216077,0.12320993234090166,0.08956186844575943,0.20021941773461804,0.12661337833838243,0.1324498079514105,0.1718019358409615,0.06285648802722008,0.10724605198562066,0.24866098198131575,0.19857401599650143,0.19279970836622792,0.2521324495414048,0.5585719658203254,0.15524718907961982,0.08836375826269509,0.12658935352055076,0.1945240475814375,0.11452553574162667,0.39847307139679783,0.09497174385667882,0.22888074596326874,0.4144208531037079,0.26901706083547877,0.10310652727477497,0.27383073400528496,0.34497724150408166,0.17628302220051917,0.1363597485174427,0.054895654893738224,0.30877386873410856,0.17692095636169256,0.2163030871259084,0.0315100593264057,0.10541921943928446,0.22182059400482443,0.23966638320154862,0.012030492157152508,0.15244241212874612,-0.09880095020215186,0.0701120895325076,-0.04091012435739715,0.06242462756560759,-0.039988661668461184,0.05253568074962594,-0.11264291351765371,-0.10752537055492639,-0.1113037658746935,0.2855822297766737
0.02061414429312834,0.21269382502374284,0.19337846691787833,0.22824563489311697,0.187534273344573,0.24345409867623033,0.20870044975616725,0.3277838506943487,0.17929868393438134,0.1904044595865176,0.2663580104738597,0.2654894489125847,0.14018520829592387,0.2311752086984261,0.3073623728147729,0.25497933575705917,0.21746859906311744,0.19562180627025882,0.19053170673913103,0.32961538706986754,0.19994748577444352,0.21807147692128723,0.5356817726115836,0.15524718907961982,1.2324532714942344,0.1957423863579956,0.19411797712630813,0.04419136584636427,0.764872580410535,0.2784882888879697,-0.195766725938173,0.1798437483627572,0.039392708736327234,0.2930564619708622,0.22531193992430226,0.2676378327759922,0.634301866296284,0.17408338307661259,0.33333956787650393,0.07288362239551478,0.3284695818580797,0.21181862513426017,0.36128680405492514,0.055196540935561034,0.43500080496173266,0.41695542320244156,0.2738707615599993,-0.022475098932566138,-0.27007984275511937,-0.25608787965138363,0.06406822069073073,0.030523972176721172,0.22534624592637043,-0.0921182148436134,-0.06982381640384269,0.15376619278424483,-0.2716869773501373,0.2323757697352367,-0.14839069025352075
0.04035981701230367,0.25433575077045795,0.1647000404896167,0.2310228639328819,0.1875999571805578,0.291180763523235,0.22037241739869526,0.35249606405701,0.18979634492406117,0.12307816472381035,0.22153530731533166,0.2702391325198172,0.1330216731284103,0.181760881281844,0.160571017983089,0.2697628540525036,0.1857142257602548,0.18888556330029765,0.1516394938039328,0.43852320679407436,0.2472825971793717,0.21284361053592654,-0.14834411390296295,0.08836375826269509,0.1957423863579956,1.498298616363421,0.15347996420281595,0.2567867659457416,0.40531703865569224,0.11022386411071357,0.33688210375302496,0.18558020711933046,0.03393560325338436,0.3049711395201664,0.45211227382327074,0.0005106136459521676,0.44078707902491615,0.25250983648111114,-0.18532529674662604,0.04375008639528705,-0.05694527569669368,0.2885445540865089,0.5176350834454956,-0.0170051339153252,0.47686272209630914,0.0327919006956476,0.20357344227874763,0.048163982515125284,0.6249377879105796,-0.18124298519419463,0.021783587816822575,0.010937280727400925,0.05767572812091072,-0.013615690387287209,0.0845571833707784,0.05932622065012534,-0.254448951315148,0.4442384292838889,-0.3122294698547723
0.05061050246779642,0.22645121366680637,0.23230984854828335,0.17788103930888166,0.15283839031377097,0.2295419772777136,0.1975973222073202,0.23272396547147212,0.1703845725618465,0.2150817100117231,0.23474881037068468,0.30367894181071403,0.14399506946620141,0.12781995025312845,0.16329203745807516,0.20273848448965784,0.20564361335428008,0.06958088872694558,0.13072504874954374,0.30620087075696006,0.1471112103918395,0.18615403018944135,0.061019144981939596,0.12658935352055076,0.19411797712630813,0.15347996420281595,0.9131637858045764,0.19913141721595154,0.1048077537161775,-0.011521937985446606,0.14190305808040954,0.16395360169623735,0.18861820995245937,0.22754509293153788,0.24845395904146642,0.17919816140623418,0.28068560194548275,0.16794156358694518,0.2179670583406432,0.12511733164515024,0.24231290630848243,0.18242688171779217,0.3042298946120138,0.006966883170580166,0.09097997359166994,0.23567451914035561,0.07311408113500799,0.016669491053612696,0.2722375094780667,-0.1098531690485968,0.0010754293163795115,0.03614380052369924,0.07196173190254963,-0.026114276290125478,-0.0207406326946665,0.07513202513521239,-0.12873063942709617,0.17860230218328785,-0.10626796161383105
0.011951865535507311,0.24765430834233032,0.2714320060515716,0.04158755439113963,-0.09569122083295824,0.2616864760458961,0.024000326816146056,0.10424341449632846,0.16928143197003823,0.12193963969897668,0.1618874678451542,0.09619401916534623,0.09120547941202253,0.06674098299849182,0.2287606344404425,0.13527223115547518,0.33215795525508873,0.13576938943838385,0.24580407344611857,0.32219383014715036,0.2315550820801545,0.13202764330026479,-0.15313822252482914,0.1945240475814375,0.04419136584636427,0.2567867659457416,0.19913141721595154,1.2838837990359888,-0.2610814224722094,0.0408404143906772,0.3791160981891,0.17746284967312326,0.5194219207821378,-0.06670410705982686,0.6534030265306615,0.16847918942445633,0.4182506934742235,0.19445773350306578,0.05806944112475002,0.03459525016440511,0.35846755631912103,0.21777696666965557,0.3343531627474218,0.05087177597607192,0.3161152169789853,0.17320500935386268,0.08581661459934796,0.04266783995806862,-0.07160291116622729,0.2991800476893472,-0.046119268934070014,0.9176315221266584,-1.1247133419152875,0.0022417823011851414,0.12705508824183928,0.11792014575567902,-0.16074458924696097,0.03416389093332829,-0.05292020652719163
0.02184512691348383,0.2879674438503239,0.10338392722731311,0.35922190871128823,0.3129201737939541,0.3627525770106016,0.23042695942689578,0.36544302614555163,0.12514401376126882,0.3900388449805887,0.376231201326377,0.32017484029901455,0.22906368000846802,0.32921966889394316,0.3060845528522995,0.3378816752292298,0.21985867404601098,0.2715747444889248,0.23991882440295711,0.2422302545443704,0.23761061607532544,0.18696660099437865,0.42303453941859864,0.11452553574162667,0.764872580410535,0.40531703865569224,0.1048077537161775,-0.2610814224722094,2.866096995153511,0.28157808973195697,-0.41033179876458376,0.3637963329270426,-0.5633611474012713,0.7782332040836718,0.2804405593127265,0.16087524904015452,0.1935419198196639,0.04901427055692889,0.43740008014860354,0.29596036565269696,0.15462748101570026,0.1862717340727448,0.40946993417144223,0.013321145896297381,0.5310681303637909,0.20892808255519185,0.4002822347351351,-0.021010677539544977,0.5899754299247237,-0.21499491378322727,0.10918716971712282,-0.20015677273788882,0.243327496067144,0.02572766651880187,-0.13876389001254366,-0.05371614399726843,-0.4932913055693964,0.46987325297580884,0.09803335716194402
0.07223092510969985,0.09384979951254822,-0.21675860365035637,0.08796658191354505,0.014459392044423812,0.019084239278848825,0.09791607185043669,0.2168458039832971,0.06282867269653149,0.11245798743824899,0.15290379149534467,0.05277542936407849,0.07118474201545295,0.09885817866192649,0.14083938427999568,0.1789265297476436,0.14760127165585704,0.008361815418409102,0.07086583936019154,0.5686012668749149,0.228111280765714,0.23461493091982322,0.1340371753640388,0.39847307139679783,0.2784882888879697,0.11022386411071357,-0.011521937985446606,0.0408404143906772,0.28157808973195697,3.289518970592852,0.6721691524909266,-0.12217670813552478,0.44437070262211936,-0.10357247717961772,0.4107863494823854,0.332964057710889,1.1088633161804926,0.41625712374172613,0.31591543474600303,-0.011970632149387988,0.6471011909927267,0.24874367225485755,0.45939483442164425,0.020693524158221316,0.6208699718813365,0.3793364295783803,1.4396006561395442,0.02934436343749926,1.0035068254181991,-0.4565752184652526,0.22171928184061454,-0.923755712335559,0.968722640049578,-0.02421576507533134,0.41851486086032436,-0.243673673501539,-0.09369235487235382,0.5587997976982813,-0.7283167282927869
0.08157994230080552,0.1530045944831553,0.2006102463411792,-0.03431953246246114,0.006536547806020447,0.17948970465401953,0.11809300901874387,0.279899549795753,0.13715856686392439,0.07724252720368983,0.17283761033778394,0.03374313766262456,0.0752722525292059,0.05416491629515024,0.1280022148503821,0.08124451879304162,0.21838193110097856,0.25814440524232735,0.19172544265703934,0.469701059412064,0.28965980331923125,0.12495778007390418,-0.3267532515288264,0.09497174385667882,-0.195766725938173,0.33688210375302496,0.14190305808040954,0.3791160981891,-0.41033179876458376,0.6721691524909266,2.065984626029529,0.034909070018973185,0.35753162509702735,0.17013254488180743,0.541082588737663,0.28036333708239897,1.1358862375630354,0.3317974479387188,0.22371511191668986,-0.05517462643510724,0.42555645459753294,0.29557531234863266,0.37156332522430907,0.03514809331049291,0.7491623779738925,0.42670835005709085,0.4599758479024054,0.02430114826413621,-0.1131980254574719,-0.06234618360051601,0.03703495882139911,-0.021660525963818806,0.15859750901383785,-0.15486176322711978,0.13588842446259475,0.23817920719340152,0.28313603141905064,0.08769429061533487,-0.7400599818807051
0.001171012775882817,0.07141734480456388,0.029232860660276992,0.2063156164022026,0.22510517400307453,0.17655834469278994,0.27264555768384774,0.15493313007312656,0.20926011170713021,0.16378007631532807,0.18071200549026292,0.20362414703080112,0.13760179061731728,0.5676764881886736,0.20468366954095413,0.19870929376964752,0.18601623666205944,0.10630521546663517,0.13451975029750443,0.08411907561895116,0.139819528510726,0.16083104096768747,0.145738534841168,0.22888074596326874,0.1798437483627572,0.18558020711933046,0.16395360169623735,0.17746284967312326,0.3637963329270426,-0.12217670813552478,0.034909070018973185,0.9080843476694137,-0.109755998436523,0.22949827635719514,0.054102736284178846,0.14155124372723896,-0.04138963443808966,0.1111991169974511,0.17610272566101826,0.11280830378940904,0.04577362602501259,0.1209403720260648,0.17777753356438417,0.023904469162626632,-0.025311928741119736,0.14364273774683675,0.034533816974501315,-0.029657019481133595,0.08288388935053366,0.15340616662180862,0.00449615892083805,0.34969893678900776,-0.5328354618305041,0.013760147620397354,-0.19593336646198173,0.1754739314384397,-0.22466043394928945,0.16309250350571242,0.05687679319876107
0.04595088966590328,0.15831940591770605,0.20002248158954594,0.04678444742156249,-0.00624194285294195,0.05301278254445791,0.0520399641112673,0.03688528559107252,0.20071038108075093,-0.01591409231750902,0.07273859323542085,0.036864151443976985,0.043573834741303615,-0.014545740510503766,0.10971546746504744,0.010570956575765717,0.18120336821637356,0.029420255263032023,0.13680939836094622,0.3333679288312959,0.24915171196149177,0.2086725382629685,0.1511442042260201,0.4144208531037079,0.039392708736327234,0.03393560325338436,0.18861820995245937,0.5194219207821378,-0.5633611474012713,0.44437070262211936,0.35753162509702735,-0.109755998436523,1.6887878525435986,-0.24662465065611933,-0.16354761188967765,0.21506982119040893,0.37951077111605963,0.22022110202340228,-0.09489437571055326,-0.19860253886437942,0.5710265389423714,0.1930523610884608,0.1000004557255131,0.016209967213308814,-0.0784988722464298,0.33914391972365826,0.20407769438632198,0.0799950342390647,-0.0441910053999254,-0.09991789154555848,0.1224562612566583,-0.08353612547117525,0.16849895605575402,-0.13592485957348618,0.15395102989599416,0.03633401051129924,-0.05532809104658578,-0.10272370902947207,-0.0023129400443457097
-0.0942320436698331,0.2422425170120864,0.10739277476491942,0.27831642856059213,0.29882928718950963,0.23131094728636326,0.23557826315829214,0.32316241080903685,0.09571692663466173,0.3446346448672481,0.2996726128735585,0.238691582647475,0.18048653873148,0.2193811374546698,0.2509092591474114,0.1989575787891031,0.2244061490741797,0.3003815265961827,0.1702610998573121,0.19755612344812293,0.21194577901675474,0.18654030414491182,0.2681474082797489,0.26901706083547877,0.2930564619708622,0.3049711395201664,0.22754509293153788,-0.06670410705982686,0.7782332040836718,-0.10357247717961772,0.17013254488180743,0.22949827635719514,-0.24662465065611933,2.7192603198027823,0.19833930245344053,0.3506341696212859,0.2563557245349937,0.026872022523233313,0.400808033388458,0.17881806385478735,0.148734175982162,0.2158726869062886,0.8834745637044003,0.06413060883322999,0.25467099406236426,0.06441790146768381,0.26153982924406627,0.011639340734506915,0.1222414233854056,-0.18218183262041238,0.07003540361147598,-0.03031671880984365,0.1535293579910292,-0.08306626686915354,-0.12135630702864376,0.07663373947854368,-0.41182438373891095,0.17716140067139036,0.28309415081717587
