0.8299533663032468,0.28497288526645814,0.3640020023384474,0.01076113766680807,0.12063612510163703,0.14005329604123437,0.24307636196849336,0.064176098501984,0.14886886073323854,0.17311246091327498,0.13513254188696378,0.19970871384160999,0.1221403442789595,0.15737204125801463,0.1418279073853584,0.11847932438243362,0.09430761484832273,0.16913078637128812,0.07090441354883753,0.08883383122352256,0.1707021230957103,0.12986584271508297,0.09285901358191238,0.07502608206502717,0.13687918780677935,0.1316754836732011,0.12636718628243135,0.09898615149003939,0.18326525190653722,0.13576856653858466,0.1259665144393907,0.1727883494587269,0.020263483511483594,-0.040534081561495044,0.14897322606139649,0.24792531978145876,-0.03982864459055878,0.07520206654528248,0.1567976526430684,0.09179129625465021,0.08772851757318259,0.09872439603931887,0.07677797071226937,-0.002284795173514383,0.2556571181871349,0.15508156079413205,0.16435478092752276,-0.03820021697570627,-0.13360061449691385,-0.03288226875400059,0.010109608563795548,0.04530540342893424,-0.03363183860990481,0.0055410161617401674,0.20177107387839005,-0.05830667469178106,0.24236227001228286,-0.06274661948856772,-0.3227011805863031
0.28497288526645814,3.1190480713471653,0.3223290726924161,-0.11385620303972815,0.3691683087430552,0.3671176917416373,0.27621586693462885,0.285934347094098,0.3075699335431127,0.1996063944930942,0.2934612533382797,0.2395358960600821,0.2763989804293306,0.13409270012867003,0.44899718742781225,0.1408614169894681,0.1699222265480461,0.3422663649788423,-0.10777022952039574,0.03276002844772484,0.5537280353086231,0.19479574876504321,-0.28005053144621184,-0.0927860765387852,0.12026992638525964,0.3937254517668485,0.19917565334068676,0.2613875310561422,0.24378734376275468,-0.07016496030913524,0.2016592841938571,0.18881815856008569,-0.17429975807981454,0.2984189825413965,0.3539567977338885,0.09396572289192152,0.11474435219653917,0.018709480995370783,0.017244437463558495,0.12616084171531894,0.13754093076350338,0.08778653430244308,0.03426376361452608,0.027267192305306873,0.037807695305788785,0.048348508791674065,0.11576492184149983,0.0010613212465537133,0.11397948067958472,-0.09943039865892518,0.1734597298798164,0.2907187493364876,-0.37235470334260456,-0.060905994775701536,-0.634755045410254,0.22179270768784615,-0.0318492806402484,0.48338761430286414,-0.1954318838671688
0.3640020023384474,0.3223290726924161,2.4423499570243554,0.3167305876702692,0.15998304178623324,0.5929152158628553,0.2435565317942969,0.6402999386145882,0.44771464960566926,0.4029357530190187,0.42464517978254857,0.22884410915272393,0.42516899133115876,0.23771207619803264,0.45293201478595096,0.1844439573711921,0.36423976546841863,0.39540605414079794,0.34191383920110163,0.4914026131154154,0.24923394459513956,0.34814271477351894,0.32864754245227396,0.3407191729788061,0.3114051674246432,0.655721827100828,0.2736566895679584,0.3647423485289309,0.7955773148641424,0.022310544762071612,0.2675524012698589,0.3019730648196519,0.20232126921435922,0.6368449077169013,0.37914247428282566,0.6843954703868407,0.5949464947162697,0.32420170778480245,0.11313556297204001,0.030347943435214696,0.3048532242498261,0.3121150149112233,0.23769657472336417,0.020459149210197654,0.7420871256815297,0.5436216151583069,0.2527740252299062,-0.09921169462678064,-0.6687594325336687,0.21154437327141593,0.0090002853041504,0.2769522594673549,-0.24606265143596884,-0.16065227748755592,0.29620874814958825,-0.2056262841454862,-0.06642836958168825,-0.43543231231022217,0.46313385908306276
0.01076113766680807,-0.11385620303972815,0.3167305876702692,2.0135703232933557,0.478373997310958,0.497274847599982,0.4454899725987605,0.4826547793206819,0.2507274638669822,0.3552570123008126,0.43706688678798344,0.5728679987467159,0.45479317519360674,0.5430152713772808,0.311235971685854,0.5422110933440796,0.45550097893582325,0.4201270712745192,0.13134593440160905,0.4047922880392962,0.258938362838559,0.42692485939224945,0.5271964114655627,0.5419566901113239,0.37256536196325196,0.43475456987740385,0.38090713464408166,0.137412322287372,0.5171301273303484,0.313725996032439,0.31285212643698745,0.5123201757742194,0.44994160536859334,0.5613369892288519,-0.11796980619871401,0.533067109179635,0.3144191749934067,0.26229121843497755,0.374620587017516,0.15734673511473715,0.39177904337115144,0.3435485697890912,0.4447919632984792,0.13385443611101458,0.2599798254294983,0.37665243405156884,0.42204462021180117,-0.05566948202587349,0.3111435318974856,0.15569051507223794,-0.06026576403874319,0.026574338395756444,0.019889989016917606,-0.18190889340053612,-0.30023540169034757,-0.140395857744392,0.06174661159833802,0.2921190975704187,-0.21222003232652045
0.12063612510163703,0.3691683087430552,0.15998304178623324,0.478373997310958,1.3829025028941497,0.8115921885311602,0.27456668358992214,0.6431505575324907,0.30285765728568953,0.3602634031292242,0.4782596532940592,0.4343258838572809,0.48815007410457867,0.3249732542011261,0.41907750367828467,0.4070841676178028,0.3620525723305025,0.4428275715721896,0.2918456244178475,0.37298712728355266,0.16994067629377438,0.3428670266759646,0.38952632628927947,0.34421761654756344,0.35756381072470217,0.6188470521381838,0.33401068110905696,0.14045642654542734,0.5449899211955326,0.10369617949601592,0.29549185601854444,0.3723817682284321,0.22966988202528557,0.5995980638648158,0.023012526138845597,0.41804770590090734,0.4261619138242447,0.2183359956056017,0.1915752738120408,0.1420122866906175,0.33916139507989207,0.35941673188583423,0.27957388632068675,0.06179884373562559,0.21753809275588845,0.3492466270421801,0.301241274985289,-0.04179752983717239,0.28127260986092123,0.101551696858363,0.08197733259032484,0.12006136197696804,-0.09340784130565578,-0.16045477639120734,-0.17556157334671404,-0.10664798604605752,-0.007087230821427961,0.15185349290775665,0.06773997959251749
0.14005329604123437,0.3671176917416373,0.5929152158628553,0.497274847599982,0.8115921885311602,1.0887311077839568,0.23185215701859216,0.7228111207842917,0.3611188836693808,0.3823757439168628,0.5246610110667546,0.4210633566806093,0.5047689103084482,0.3432138858049861,0.4785602144370935,0.38610615538381254,0.42756617787671714,0.4095123655320962,0.32463819123694115,0.47159411685549146,0.24458869141134573,0.37025632065019454,0.3258640619772945,0.3565801222482817,0.40457446011125714,0.6473358189634736,0.38145827227814705,0.26939829040902374,0.6305981114015563,0.1322968664363754,0.31603782856601015,0.406790655481176,0.18806394337038637,0.648684607903199,0.27520103389536404,0.4341612620397938,0.4368589368803354,0.27827775318776626,0.26448336032296377,0.14604750356071,0.28646339713293084,0.370066561546825,0.32435714917151465,0.0741675746682122,0.3692973657818247,0.2903530553298525,0.29235000640004727,-0.05654883868572947,0.3657185765837737,0.1827763841616543,-0.3096508721273317,0.2962783509555429,-0.1884639202470358,-0.05765325732322735,-0.14907002357705212,-0.097319638010471,0.01873918161966682,0.14147604521494067,0.0288223218078267
0.24307636196849336,0.27621586693462885,0.2435565317942969,0.4454899725987605,0.27456668358992214,0.23185215701859216,0.6936442500744497,0.15083472233003184,0.2467728820877519,0.20225616427501436,0.2691851931638736,0.44033338357903495,0.2654206752628457,0.18974962012644614,0.127901595041799,0.27550709197845824,0.2622968955943032,0.2856401876526922,0.08704169880689167,0.162582818814436,0.21719211502759153,0.27958227141231756,0.24258493958344549,0.18445934490632326,0.24103570050396292,0.3021439573712143,0.23783753506310418,0.14035237548684784,0.3099793756057496,0.1011721553692618,0.18428219532460216,0.2505216859432964,0.1043528408254082,0.30588885795541454,0.14999448599974874,0.3016649102947226,0.09090077372670177,0.10741588249723223,0.23311798306884046,0.1209376809228551,0.1215331717377238,0.1763031107472675,0.2021255210502594,0.0401094137651363,0.29349285121139546,0.16809297260103245,0.21622950935800705,-0.03631179810364618,0.06528374247416169,0.022836238616052926,-0.01826885888847703,0.07192318179946218,-0.11032865927043661,-0.07259638439664513,0.01966929055852588,0.03368898449299973,0.05493176644323574,0.023503035087069298,-0.2942525164532824
0.064176098501984,0.285934347094098,0.6402999386145882,0.4826547793206819,0.6431505575324907,0.7228111207842917,0.15083472233003184,1.1444997240578754,0.2450801923258248,0.4082980186139553,0.5062816687247462,0.08548253555940563,0.5378867107639577,0.30125057735899363,0.41292087396539406,0.3205139631025357,0.417090752697355,0.3980154114382743,0.29895533030389765,0.453747834913405,0.1324729760975345,0.3272887609873569,0.3438916808613981,0.37027224238169754,0.3566368557910756,0.6891087468841135,0.327046681367859,0.25979953736545425,0.6234412349676116,0.2813020809192998,0.2842790478559473,0.33254481676844705,0.18202397979408755,0.6117286987431033,0.3472200686907717,0.4973944302947815,0.548061955377906,0.26198616342954945,0.2191047037793003,0.17647329571885342,0.4294826589868746,0.3646790976650913,0.36289420620430196,0.07211277016428766,0.40771758581913503,0.3854592172032331,0.35414468785651965,-0.054840711900602426,0.23473501724931484,0.22720718649103086,-0.06399353198424965,0.05137147876147437,-0.007337224139176992,-0.09562122912081741,-0.1302242393682787,-0.19359843098394242,0.039390451762706925,0.1970869747529529,0.13356740318917087
0.14886886073323854,0.3075699335431127,0.44771464960566926,0.2507274638669822,0.30285765728568953,0.3611188836693808,0.2467728820877519,0.2450801923258248,0.6560600690638968,0.25086769625540456,0.32569111268228657,0.28413494728420796,0.30382779349371947,0.2521725508052592,0.21744367408062212,0.24716531445558151,0.30739901510450907,0.3077755123443606,0.1663570907230444,0.17865551048627196,0.2849665246866079,0.37205689303651335,0.2656693919648749,0.22783976898667913,0.22323258873335927,0.5026249038561911,0.22957170393815854,0.22651084258086443,0.3919898201271414,0.10814239052075286,0.2305029570736451,0.29257599729054506,0.15661397878523428,0.3655716519010361,0.22365920650410576,0.41380770417756474,0.21038666842515558,0.12092128521613293,0.15147704253294494,0.1437832336346984,0.2505827114329033,0.2328253229802868,0.2026049475046424,0.0397828725439366,0.21770055491341056,0.27677090763897966,0.2377263851106661,-0.04653366493603023,-0.002035018480370987,0.020389842461637813,0.0691787171356611,0.1163494474196639,-0.11302907908121557,-0.10205335116710422,-0.00759704305527713,0.09344397017257755,0.04433502176728706,-0.06899334294471637,-0.098588832773227
0.17311246091327498,0.1996063944930942,0.4029357530190187,0.3552570123008126,0.3602634031292242,0.3823757439168628,0.20225616427501436,0.4082980186139553,0.25086769625540456,1.0338652615031023,0.3621832577875478,0.40149920384866317,0.3140218429176583,0.290211608935602,0.37574119138286755,0.29524547964652686,0.3630459023130685,0.35585267965472894,0.3048437560013936,0.4429026855141759,0.2153806450938538,0.22604305818549367,0.22433787141439931,0.2818325557128904,0.36932837012539615,0.4182824530015957,0.348235578560651,0.2992790774316403,0.4698104860159548,0.2801414940496367,0.33207889623749043,0.3479847989311075,0.1362790168399778,0.5353354389664248,0.34732063807346564,0.4809795980337118,0.38237379362704094,0.23937725549984878,0.2061785124832054,0.19295678839195737,0.35598085904182564,0.2711243041578789,0.3528678849907393,0.03704850617052295,0.5412025748008489,0.31407179046339145,0.39145158896663745,-0.05959536506937024,0.1671242023929987,0.02767515298934993,-0.004854906304924893,0.16853824651379115,-0.14646598210139086,-0.019693638304053233,0.09292210650637951,0.025523168608618807,0.32622431923144973,-0.19598608317219796,-0.21613136366519764
0.13513254188696378,0.2934612533382797,0.42464517978254857,0.43706688678798344,0.4782596532940592,0.5246610110667546,0.2691851931638736,0.5062816687247462,0.32569111268228657,0.3621832577875478,0.7064492727275732,0.371483688837733,0.44000385040283707,0.2846022397422206,0.3924416674006034,0.33794774156241053,0.45657971319414975,0.3370706736185965,0.18617511078934712,0.386274616709821,0.22915597000074714,0.31649368717613396,0.29476746899049205,0.32579474890519844,0.32469206820754454,0.5169819477624683,0.3402327417361895,0.25823460029860995,0.5003594058384361,0.23068469793804358,0.2992992920237906,0.3257537917688443,0.20261010940337645,0.4653339497368339,0.3108665612595586,0.4843372384738029,0.3657246846864248,0.2212007137235988,0.26459463874527583,0.19949954074687545,0.2969828557902366,0.3416763515194943,0.2782266703943631,0.05202702964611426,0.36313389460725004,0.34024089033068283,0.3182359455388819,-0.05435496995284813,0.12661496643052272,0.057300499879999606,-0.015895594409703718,0.1092929457045721,0.00786402287375035,-0.10056759789502054,-0.08931269829107706,-0.05237443557641101,0.053442682246842836,0.07545786944863625,-0.09843751007528685
0.19970871384160999,0.2395358960600821,0.22884410915272393,0.5728679987467159,0.4343258838572809,0.4210633566806093,0.44033338357903495,0.08548253555940563,0.28413494728420796,0.40149920384866317,0.371483688837733,0.920396371131229,0.29036870301716855,0.33749643942740226,0.2470924952041296,0.3747439277787911,0.3945128089304712,0.3551623356218774,0.20481850956852238,0.29235881808287795,0.305769299754757,0.3056402232078555,0.28732846109598226,0.27001224721865835,0.34569054898822044,0.3057855558336426,0.36424883846004336,0.14987807863320401,0.3565614528740319,0.1392440903961766,0.272898832132993,0.3642613185936337,0.1603473121589155,0.4164866840542091,0.19750997825286168,0.37455577637262555,0.12201807547000733,0.17465245736585638,0.3278371741828317,0.19109595523286804,0.12609037997337763,0.24644015702071836,0.2802623447158903,0.057170675927838796,0.38668481786862885,0.21150369818516576,0.2987050905063577,-0.04317512352533617,0.10062298505528118,0.009943516683877256,-0.037454496205157777,0.03218848680946129,-0.0029674158991546125,-0.08188384747454619,-0.1445895528848843,0.06273174217633051,0.08134368645079015,0.1300891588433588,-0.44542230485633705
0.1221403442789595,0.2763989804293306,0.42516899133115876,0.45479317519360674,0.48815007410457867,0.5047689103084482,0.2654206752628457,0.5378867107639577,0.30382779349371947,0.3140218429176583,0.44000385040283707,0.29036870301716855,0.7357294139820936,0.32639528514107685,0.28631055373191894,0.38372044655150667,0.38897281444251497,0.3112335183274239,0.26871571133487865,0.3175534427793159,0.18755667277367183,0.4273416961856784,0.30909089450975047,0.3559675204652695,0.3173385920820624,0.5363277205493513,0.35213146325683664,0.262568853150047,0.5794878387524651,0.2525558505117653,0.2638898646222788,0.3675721465044229,0.16797782686568677,0.4976364442128314,0.3277437613319505,0.516379259510728,0.35314145719504325,0.20001482283547015,0.20760338539368264,0.17280006675944,0.3461310479605008,0.32621687061182275,0.283293152603425,0.0537000447326952,0.323779804578017,0.34680121920664936,0.30770919563173466,-0.05870109077880085,0.10502768987128061,0.10880898765574762,-0.013986697181934094,0.0906196328479375,-0.06333336483878334,-0.11217929782945561,-0.0396018467382646,-0.10277069288522622,0.03632063170520335,-0.003292664266057507,0.0785636719466238
0.15737204125801463,0.13409270012867003,0.23771207619803264,0.5430152713772808,0.3249732542011261,0.3432138858049861,0.18974962012644614,0.30125057735899363,0.2521725508052592,0.290211608935602,0.2846022397422206,0.33749643942740226,0.32639528514107685,0.6710198279967589,0.28839455391211305,0.43187336622836814,0.3229151913148179,0.24230697273632987,0.14784240597489562,0.3139528337747853,0.2527154547533488,0.33108848637165833,0.34492150462314747,0.43130617618162703,0.2875525845316995,0.33983530071775125,0.2934724300303868,0.18102754534880594,0.40120952539882593,0.37218811905357607,0.24884696947513799,0.520743205336995,0.23104072157911498,0.3551268464502258,0.21179991068528506,0.5006447584328174,0.1456539123618633,0.20065486720103248,0.24225837844113124,0.2136939425074658,0.3871625887583183,0.30091775309041796,0.3052570532726528,0.07601706361129235,0.2533348992258157,0.2917046314181049,0.34665131266230614,-0.05945759656765856,0.15242401006505876,0.035009407136077385,-0.02995606140725189,-0.11273361442824736,0.131560464398217,0.006546554380394626,-0.19406506008589522,-0.1280481874633872,0.15036262948499962,0.22525965581934898,-0.16674908280899628
0.1418279073853584,0.44899718742781225,0.45293201478595096,0.311235971685854,0.41907750367828467,0.4785602144370935,0.127901595041799,0.41292087396539406,0.21744367408062212,0.37574119138286755,0.3924416674006034,0.2470924952041296,0.28631055373191894,0.28839455391211305,1.0041942354830453,0.2895198860365135,0.2990911133647638,0.30249048630030384,0.2264511230277414,0.36480071680158815,0.19951960551152093,0.15605469611536016,0.33927976685880457,0.29993316227716404,0.35930606061948056,0.4239696184027688,0.2727159630166268,0.28609343285888295,0.5203641508609114,0.22626916738536723,0.24418855165945771,0.29924262578979893,0.18048471422569382,0.4597844349131189,0.26025408015620416,0.4482241282205406,0.39053914716165694,0.20156989182449497,0.10846473963541345,0.1400841582287644,0.2973520932845761,0.29920454455782336,0.23743738083152616,0.053347111170518366,0.2194320195025493,0.31403114612416705,0.2881396387103198,-0.05853153524898428,0.16399466016854602,0.10308506146691504,-0.09743289875902855,0.3161860793138642,-0.2188626426777593,-0.055525373535382616,-0.045835942468953346,0.025827646873147026,0.001341044760679606,0.051886194832547736,-0.017041797464991834
0.11847932438243362,0.1408614169894681,0.1844439573711921,0.5422110933440796,0.4070841676178028,0.38610615538381254,0.27550709197845824,0.3205139631025357,0.24716531445558151,0.29524547964652686,0.33794774156241053,0.3747439277787911,0.38372044655150667,0.43187336622836814,0.2895198860365135,0.8025715343343439,0.3888255468412108,0.3219819338258629,0.18017674277090664,0.20383842303522554,0.23520979345091436,0.43859086458319,0.35381869190035076,0.3577489906121977,0.32840877359956683,0.3378678433702942,0.33963688262143477,0.27827153588846376,0.5004102745621367,0.3526889116168891,0.244752398930769,0.4197977505024404,0.10603727381726742,0.4521134243501656,0.4311692119098836,0.4800965771936706,0.23155459475036663,0.14360882120101254,0.2484871877792146,0.2349959959931655,0.30396581487328944,0.3435323982595008,0.3117447130876222,0.08864887863594413,0.28319443916579773,0.25802749962545235,0.3731735272242992,-0.05781937338428323,0.13744054240298995,-0.0037932844714146804,-0.011657497649089028,0.0023645934363701457,-0.0565416104230654,-0.043096500548149654,-0.1405925184672447,-0.0359932496021211,0.04012104898108647,0.19128640021652416,-0.14147243795536357
0.09430761484832273,0.1699222265480461,0.36423976546841863,0.45550097893582325,0.3620525723305025,0.42756617787671714,0.2622968955943032,0.417090752697355,0.30739901510450907,0.3630459023130685,0.45657971319414975,0.3945128089304712,0.38897281444251497,0.3229151913148179,0.2990911133647638,0.3888255468412108,1.066644783599339,0.1546618214665383,0.10995775266706233,0.4570998857895271,0.38262986117783837,0.36253471479266,0.1490006001563226,0.3856234340212321,0.3407357212076504,0.1535448688620386,0.3566113634911273,0.4458485341414208,0.38283843930727574,0.4182086872809029,0.3558115395113186,0.32294080242283507,0.35827174845620713,0.3757149211197469,0.4043303507749803,0.5020347748165567,0.5280170316357751,0.2599288834696539,0.5703450244759505,0.2385496867369737,0.25654878718148394,0.4575274376553301,0.30157051041177435,0.09068621978516428,0.4156889156704419,0.3383716757709884,0.3737511238529291,-0.046830736405087434,0.2740604927561106,0.5279459978130858,-0.17156432364768553,0.03152090111955113,-0.0926222967613391,-0.15065631100844767,-0.2061763112022978,-0.09108522773135627,0.07152583078703827,0.16404048203724955,-0.18889374940473913
0.16913078637128812,0.3422663649788423,0.39540605414079794,0.4201270712745192,0.4428275715721896,0.4095123655320962,0.2856401876526922,0.3980154114382743,0.3077755123443606,0.35585267965472894,0.3370706736185965,0.3551623356218774,0.3112335183274239,0.24230697273632987,0.30249048630030384,0.3219819338258629,0.1546618214665383,1.0907224355707061,0.18020591602175579,0.0407114287548293,0.3126286811751258,0.41262583360870814,0.6173816575966045,0.24949659183252892,0.3316952289168921,0.6236032414882478,0.21939351936720686,0.25325557637673823,0.5053545827994366,0.07946123765865404,0.38121805904908257,0.3210439914815173,0.13925706942612012,0.4995435094533484,0.20687435967999945,0.5153612387258292,0.24971971803754164,0.08128507052829569,0.07447317823582876,0.21417337470633088,0.43252725051705043,0.1334139246589024,0.4563718976761779,0.04561218383770629,0.4062579355207645,0.3589699986370743,0.5580193227873989,-0.05274242805881413,-0.22602445618613365,0.15697621703581874,0.3164204073892681,0.12182786845852253,-0.41527201285262066,-0.14111402447726326,-0.05742146504675191,0.02236042027921767,0.13846701977682874,0.1278965671457577,-0.32843252893846253
0.07090441354883753,-0.10777022952039574,0.34191383920110163,0.13134593440160905,0.2918456244178475,0.32463819123694115,0.08704169880689167,0.29895533030389765,0.1663570907230444,0.3048437560013936,0.18617511078934712,0.20481850956852238,0.26871571133487865,0.14784240597489562,0.2264511230277414,0.18017674277090664,0.10995775266706233,0.18020591602175579,1.7788953835077144,0.34620766232829686,0.052978048063817715,0.17136105257419362,0.1465029957396757,0.1673619455324345,0.23198196188755163,0.12031873680679694,0.16910687963120058,0.11498130906436478,0.29099257935166173,0.03574348325317554,0.17439918409865157,0.11956018835561988,0.19652880980674903,0.3346346049787982,0.08122321361814142,0.2324877729182182,0.41506717806995064,0.1959546409305517,0.13282451195464254,0.04191428145986151,0.1950113897092291,0.12069001985159948,0.18522289113377463,-0.0003410789667790279,0.2005371432303381,0.19079606396921794,0.13094677109130506,-0.01781411140226464,0.22037354737148426,0.3370608180025241,-0.17536097418657307,0.08528525786402387,-0.03174061860736411,-0.1042359067820728,0.06757925897557972,0.038937553791682795,-0.03600472447392475,-0.05267422282839688,0.053744343450103246
0.08883383122352256,0.03276002844772484,0.4914026131154154,0.4047922880392962,0.37298712728355266,0.47159411685549146,0.162582818814436,0.453747834913405,0.17865551048627196,0.4429026855141759,0.386274616709821,0.29235881808287795,0.3175534427793159,0.3139528337747853,0.36480071680158815,0.20383842303522554,0.4570998857895271,0.0407114287548293,0.34620766232829686,2.114449712419444,0.1309840293234451,0.034721439649204544,0.03735162533037195,0.47669525624975617,0.23130868106389443,0.179514288568863,0.6028702614008962,0.2719029262946636,0.487857471632032,0.5545976853938122,0.5416687669018309,0.317376596849472,0.5208530918800685,0.6935781785093915,0.0643993167139969,0.3985140103716132,1.0433478027088288,1.026257140854022,0.6005140066776482,0.46189939214865167,0.4581474025667574,0.46865323140401305,1.090045446704433,-0.030003336454097303,1.9512244852443086,0.13132706065808028,0.3848026770024998,-0.02487488206978201,0.07623223106402709,-0.10800083766502679,-0.2884464318542009,-0.03234185998400502,0.2753519454195284,0.047552740898118125,0.059268683271753136,-0.22902112368384034,0.16226121795131693,-0.0823919914445475,0.02478964509650274
0.1707021230957103,0.5537280353086231,0.24923394459513956,0.258938362838559,0.16994067629377438,0.24458869141134573,0.21719211502759153,0.1324729760975345,0.2849665246866079,0.2153806450938538,0.22915597000074714,0.305769299754757,0.18755667277367183,0.2527154547533488,0.19951960551152093,0.23520979345091436,0.38262986117783837,0.3126286811751258,0.052978048063817715,0.1309840293234451,1.4292322243609252,0.37050433248824854,-0.06296752103723814,0.07507610643216799,0.12755005681501538,-0.07510538680858622,0.16597788957050919,0.264230162071893,0.18829224663420088,0.2701471298446066,0.30231872246450536,0.2714214389978039,0.027518577855836012,0.20591208121919446,0.31163695188898993,0.24805877145191793,0.11602514073264089,0.10944184870268106,0.5182451976352312,0.3157652847324131,0.2467907164703177,0.19806293615179804,0.13848162068361275,0.060552409476149184,0.2590447758156368,0.08945994185205124,0.3568811969891411,0.004289431786241347,-0.012759099456358825,0.25320235034535366,-0.06106376862726665,0.10129577961882617,-0.20476154250418302,-0.06767025703769224,-0.1809491935717766,0.06499791694841794,-0.007304693213061508,0.18137957361415805,-0.2027914575749931
0.12986584271508297,0.19479574876504321,0.34814271477351894,0.42692485939224945,0.3428670266759646,0.37025632065019454,0.27958227141231756,0.3272887609873569,0.37205689303651335,0.22604305818549367,0.31649368717613396,0.3056402232078555,0.4273416961856784,0.33108848637165833,0.15605469611536016,0.43859086458319,0.36253471479266,0.41262583360870814,0.17136105257419362,0.034721439649204544,0.37050433248824854,0.8863608733457402,0.47650628554653146,0.3151454228051047,0.24396583938914332,0.34391874171018244,0.2572048145644929,0.19602977129572205,0.509584462737634,0.2331336628676309,0.23048898196946654,0.39258694546090533,0.10678737007668862,0.4405202548009246,0.2649215687875425,0.4846946858647748,0.12326643869823953,0.0800596380584787,0.3195016275388766,0.18866301282398293,0.25753886638909046,0.28044483522976443,0.23765314911402624,0.08499062841616861,0.16769001823838575,0.2735439480862866,0.35678572653633056,-0.055252382290109904,0.009086078878782032,0.10275669545323718,0.04108110077169369,-0.04462192510938923,-0.12770785064854884,-0.10014545933935742,-0.07354786139021571,-0.02988168883569345,0.023922190454016737,0.0716768272989147,-0.07637315706064599
0.09285901358191238,-0.28005053144621184,0.32864754245227396,0.5271964114655627,0.38952632628927947,0.3258640619772945,0.24258493958344549,0.3438916808613981,0.2656693919648749,0.22433787141439931,0.29476746899049205,0.28732846109598226,0.30909089450975047,0.34492150462314747,0.33927976685880457,0.35381869190035076,0.1490006001563226,0.6173816575966045,0.1465029957396757,0.03735162533037195,-0.06296752103723814,0.47650628554653146,1.7094166942113949,0.5925022806566873,0.4605929029607281,0.40371628617739613,0.23815219028717113,-0.01753957513942252,0.818749765273382,0.4150350136425374,-0.0041685637371704064,0.38044764225126665,0.24234795947528537,0.48996322496145817,-0.03388128527262741,0.8019652575731432,0.031670858918106254,0.07079444752329851,0.10263301381661087,0.25330454211937875,0.37400094893805425,0.24242622413331782,0.3938362193980896,0.11380287277220758,0.1568684858766525,0.49849268781274436,0.5303050995526408,-0.11686414062784674,-0.40831783047063946,-0.10699901627604319,0.1872617384770156,0.04519272658792784,0.043392503774041205,-0.06555216943516458,0.06424131251556663,-0.21219324264546863,0.08013965069797183,-0.021901943217356216,0.032652112227322325
0.07502608206502717,-0.0927860765387852,0.3407191729788061,0.5419566901113239,0.34421761654756344,0.3565801222482817,0.18445934490632326,0.37027224238169754,0.22783976898667913,0.2818325557128904,0.32579474890519844,0.27001224721865835,0.3559675204652695,0.43130617618162703,0.29993316227716404,0.3577489906121977,0.3856234340212321,0.24949659183252892,0.1673619455324345,0.47669525624975617,0.07507610643216799,0.3151454228051047,0.5925022806566873,1.063348335153199,0.3246407593458724,0.09159512389067129,0.32946902966263275,0.3787658459981075,0.31244143895321985,0.6685797455581249,0.42085478957866956,0.441804442874742,1.04174457374358,0.33063022784342283,0.0864683642365077,0.7241303635237428,0.5454114610458406,0.304594239929753,0.46737135513888245,0.21029553622205593,0.5216607178534061,0.40441259453527517,0.40260118863317745,0.1243412052384474,0.09704923804029793,0.5184521849307369,0.47038778966727085,-0.07847206296482291,0.567383481676648,0.11599493728350808,-0.21261996634240277,-0.07930296748352236,0.3250797670867454,-0.1328875747499996,0.02267653302596537,-0.3570247983972236,0.21441140536800035,-0.002359941607792188,0.0832164969988112
0.13687918780677935,0.12026992638525964,0.3114051674246432,0.37256536196325196,0.35756381072470217,0.40457446011125714,0.24103570050396292,0.3566368557910756,0.22323258873335927,0.36932837012539615,0.32469206820754454,0.34569054898822044,0.3173385920820624,0.2875525845316995,0.35930606061948056,0.32840877359956683,0.3407357212076504,0.3316952289168921,0.23198196188755163,0.23130868106389443,0.12755005681501538,0.24396583938914332,0.4605929029607281,0.3246407593458724,1.200015376401306,0.3752517177735107,0.2825123642932457,0.2560027714969913,0.7943794851495478,0.3820580060200001,0.16109917544949484,0.32401571145412245,0.12520877099056357,0.6845442206124387,0.38003518512437245,0.4531922638774404,0.5504594644785945,0.16440902480370173,0.23184182731631087,0.17893614272128386,0.2435825081188444,0.28128664397700914,0.317294310299804,0.08356849852212507,0.42657210717870514,0.3860536811760831,0.3940799038579936,-0.07955210702663604,0.41846925593344786,-0.32809020294426156,0.04418086182078112,0.2353660623758647,-0.029512417779285018,-0.020743034719481402,-0.06806639688959273,0.07337592794321952,0.10256303403732138,0.08240493348319125,-0.24848905167559363
0.1316754836732011,0.3937254517668485,0.655721827100828,0.43475456987740385,0.6188470521381838,0.6473358189634736,0.3021439573712143,0.6891087468841135,0.5026249038561911,0.4182824530015957,0.5169819477624683,0.3057855558336426,0.5363277205493513,0.33983530071775125,0.4239696184027688,0.3378678433702942,0.1535448688620386,0.6236032414882478,0.12031873680679694,0.179514288568863,-0.07510538680858622,0.34391874171018244,0.40371628617739613,0.09159512389067129,0.3752517177735107,2.6216328526893395,0.3334635403054738,0.2807458714760653,0.9996791699335209,-0.31468694971125066,0.17719021357091397,0.44392234647261175,-0.2155286636618691,0.7599970040309372,0.4381535876214468,0.6914645559999728,0.14521435510320607,0.11330150448796439,-0.8689004032767234,0.08840608201513296,0.6777294183418425,0.3590453386475889,0.4064604244712415,-0.017926578515085237,0.3411287906869341,0.5386091256433172,0.1798560993039012,-0.11029217626919242,-0.4008675115612337,-0.07445331041771598,0.36841295436764426,0.2650420989563369,-0.4955909778004219,-0.1103711499589988,-0.03009959715257239,0.10370862425650472,-0.08819799109577317,-0.04088492979298109,0.12948841958560753
0.12636718628243135,0.19917565334068676,0.2736566895679584,0.38090713464408166,0.33401068110905696,0.38145827227814705,0.23783753506310418,0.327046681367859,0.22957170393815854,0.348235578560651,0.3402327417361895,0.36424883846004336,0.35213146325683664,0.2934724300303868,0.2727159630166268,0.33963688262143477,0.3566113634911273,0.21939351936720686,0.16910687963120058,0.6028702614008962,0.16597788957050919,0.2572048145644929,0.23815219028717113,0.32946902966263275,0.2825123642932457,0.3334635403054738,0.721206811113755,0.2512774710173372,0.44452916018422145,0.331081978886078,0.29562782565478357,0.36204687651160217,0.1603468569716394,0.4320219061685542,0.2894155117993705,0.46634686237655115,0.31178984394916714,0.3231938181954632,0.26612930371129884,0.25330068008511375,0.2862355632502943,0.3069595653481344,0.49435646620488805,0.03292338645191677,0.761059656542829,0.18609309500502152,0.31281149895001537,-0.05322297444801898,-0.026722192355419547,-0.04678976552521076,-0.0914139808573851,0.07669501886248747,-0.026907909786830966,0.03973758474495779,-0.04887966393935709,-0.06736042510458864,0.1540509401263353,0.05632538181675402,-0.1828704776508571
0.09898615149003939,0.2613875310561422,0.3647423485289309,0.137412322287372,0.14045642654542734,0.26939829040902374,0.14035237548684784,0.25979953736545425,0.22651084258086443,0.2992790774316403,0.25823460029860995,0.14987807863320401,0.262568853150047,0.18102754534880594,0.28609343285888295,0.27827153588846376,0.4458485341414208,0.25325557637673823,0.11498130906436478,0.2719029262946636,0.264230162071893,0.19602977129572205,-0.01753957513942252,0.3787658459981075,0.2560027714969913,0.2807458714760653,0.2512774710173372,1.257154579468716,0.22060832286176682,0.300698122507287,0.4563878648226496,0.2546624070841178,0.7224234042256873,0.2329343547608034,0.8089266841353658,0.5895574148376592,0.5621579097268034,0.15220856820530046,0.22616149629475926,0.21677073706434677,0.3562329130807749,0.29344774784088706,0.20755902672700846,0.12372463335722114,0.02202051712822361,0.3787856174772823,0.29057256527854647,-0.058049054781018794,0.4972937144810551,0.3731384625826362,-0.13284018895991384,0.6592112804018819,-0.7280000200368728,-0.11904459898040502,0.11220735851766421,-0.003882082706060709,0.08497241974736904,-0.07500776991420777,0.02457538474300252
0.18326525190653722,0.24378734376275468,0.7955773148641424,0.5171301273303484,0.5449899211955326,0.6305981114015563,0.3099793756057496,0.6234412349676116,0.3919898201271414,0.4698104860159548,0.5003594058384361,0.3565614528740319,0.5794878387524651,0.40120952539882593,0.5203641508609114,0.5004102745621367,0.38283843930727574,0.5053545827994366,0.29099257935166173,0.487857471632032,0.18829224663420088,0.509584462737634,0.818749765273382,0.31244143895321985,0.7943794851495478,0.9996791699335209,0.44452916018422145,0.22060832286176682,2.7389103998248676,0.4042227935699426,-0.02700238999694919,0.5211440860365029,-0.4550721429300703,1.0263765849432376,0.47627711469745315,1.139777042930163,0.44237310466978114,0.20406538625678533,-0.14230261576636413,0.21988273917427448,0.21413003228087282,0.3322141291377963,0.2231818482500678,-0.060715191994341264,1.0207517493374563,0.6553703252239577,0.5572562463426296,-0.22728933605501953,-0.6563546489780294,-0.22198263630503265,0.27647928302553776,0.39345197750425126,-0.48425722262335474,0.03408771839320618,0.07125214705735344,-0.10981260944003997,-0.06636724143937216,-0.13040111973993135,0.26664374218943215
0.13576856653858466,-0.07016496030913524,0.022310544762071612,0.313725996032439,0.10369617949601592,0.1322968664363754,0.1011721553692618,0.2813020809192998,0.10814239052075286,0.2801414940496367,0.23068469793804358,0.1392440903961766,0.2525558505117653,0.37218811905357607,0.22626916738536723,0.3526889116168891,0.4182086872809029,0.07946123765865404,0.03574348325317554,0.5545976853938122,0.2701471298446066,0.2331336628676309,0.4150350136425374,0.6685797455581249,0.3820580060200001,-0.31468694971125066,0.331081978886078,0.300698122507287,0.4042227935699426,2.4844058130966773,0.36483369609144717,0.33039369582768086,0.3210975843007113,-0.08648557568264338,0.508808901344226,0.7993959185684787,0.6162781309681052,0.3600717887206201,0.8548460058329317,0.4540933313485769,1.015688411241061,0.43998269890884634,0.964580612965336,0.20757541529254683,0.5603847578829799,0.45413074182473295,1.1235962258029626,-0.05373005940131172,0.3338056598869332,0.0048698316919472025,-0.16711483943141306,-0.2270461122911206,0.46417295554824395,-0.032149170090079324,-0.007719418350325692,-0.3907550873981652,0.336111313473274,0.20886439228798268,-0.23332916838397774
0.1259665144393907,0.2016592841938571,0.2675524012698589,0.31285212643698745,0.29549185601854444,0.31603782856601015,0.18428219532460216,0.2842790478559473,0.2305029570736451,0.33207889623749043,0.2992992920237906,0.272898832132993,0.2638898646222788,0.24884696947513799,0.24418855165945771,0.244752398930769,0.3558115395113186,0.38121805904908257,0.17439918409865157,0.5416687669018309,0.30231872246450536,0.23048898196946654,-0.0041685637371704064,0.42085478957866956,0.16109917544949484,0.17719021357091397,0.29562782565478357,0.4563878648226496,-0.02700238999694919,0.36483369609144717,1.0802026053095541,0.2827093127397801,0.6791095695598816,0.29525593863797833,0.2364063146250486,0.6107474068576277,0.6731526128285267,0.35251602123990655,0.43272719770542767,0.219714763316909,0.5617260331078195,0.3051599635177116,0.39379656769191224,0.062232401564849334,0.3892581795312776,0.37849955227182513,0.39373466717895217,-0.033206562620849436,0.5045695484101249,0.31150721922435964,-0.10783744101040663,0.028007780267210253,-0.050252111223931806,-0.167605166400596,-0.01884139738204861,-0.003418587498868352,0.22596157903420427,0.040196642317829656,-0.314587186275933
0.1727883494587269,0.18881815856008569,0.3019730648196519,0.5123201757742194,0.3723817682284321,0.406790655481176,0.2505216859432964,0.33254481676844705,0.29257599729054506,0.3479847989311075,0.3257537917688443,0.3642613185936337,0.3675721465044229,0.520743205336995,0.29924262578979893,0.4197977505024404,0.32294080242283507,0.3210439914815173,0.11956018835561988,0.317376596849472,0.2714214389978039,0.39258694546090533,0.38044764225126665,0.441804442874742,0.32401571145412245,0.44392234647261175,0.36204687651160217,0.2546624070841178,0.5211440860365029,0.33039369582768086,0.2827093127397801,0.7778021380441059,0.08943980089560746,0.42713436928339427,0.24372203470731685,0.5957620485035479,-0.04170134861840012,0.20351745849154965,0.21210781502660292,0.20840995249180716,0.40871782415488833,0.2899596394771752,0.30496799048992235,0.062217599899623735,0.3490682853034405,0.3142825267795474,0.3696093811245813,-0.0770855053987539,0.0838296933781545,0.0033421982366685934,0.039864585939720094,0.23443853446369636,-0.2679944954756347,0.024076494382215312,-0.13026853717378373,-0.1068731915656024,0.32458968393594123,0.11617621589112012,-0.31650413245594605
0.020263483511483594,-0.17429975807981454,0.20232126921435922,0.44994160536859334,0.22966988202528557,0.18806394337038637,0.1043528408254082,0.18202397979408755,0.15661397878523428,0.1362790168399778,0.20261010940337645,0.1603473121589155,0.16797782686568677,0.23104072157911498,0.18048471422569382,0.10603727381726742,0.35827174845620713,0.13925706942612012,0.19652880980674903,0.5208530918800685,0.027518577855836012,0.10678737007668862,0.24234795947528537,1.04174457374358,0.12520877099056357,-0.2155286636618691,0.1603468569716394,0.7224234042256873,-0.4550721429300703,0.3210975843007113,0.6791095695598816,0.08943980089560746,3.113813918072024,-0.16251655776017568,-0.6264029217237368,0.5723641277103546,1.1327875402010272,0.351022095574908,0.6234030472903868,0.0210568186698137,0.43228548404231815,0.42871379427341355,0.2815412725803597,0.14911323441673466,-0.9290719038146088,0.6831323734095499,0.24173285896937163,-0.047875268230883686,1.8316682890384886,0.5040855074859489,-0.6124722289172143,-0.3229802032268124,0.8227819897089707,-0.44828160854546184,0.12148383201121514,-0.19365103738738546,0.04271973183075518,-0.10069955745596182,0.1335454329994552
-0.040534081561495044,0.2984189825413965,0.6368449077169013,0.5613369892288519,0.5995980638648158,0.648684607903199,0.30588885795541454,0.6117286987431033,0.3655716519010361,0.5353354389664248,0.4653339497368339,0.4164866840542091,0.4976364442128314,0.3551268464502258,0.4597844349131189,0.4521134243501656,0.3757149211197469,0.4995435094533484,0.3346346049787982,0.6935781785093915,0.20591208121919446,0.4405202548009246,0.48996322496145817,0.33063022784342283,0.6845442206124387,0.7599970040309372,0.4320219061685542,0.2329343547608034,1.0263765849432376,-0.08648557568264338,0.29525593863797833,0.42713436928339427,-0.16251655776017568,2.410236683092928,0.5482811412495103,0.2678134330820514,1.008552874728994,0.32556236136017314,-0.15289400926785246,0.1180806784322656,0.3989594843011125,0.35118518019084405,0.6000865357533791,0.08362311606252341,1.0723508881241788,0.33913721841218647,0.33094070052431995,-0.0447621680393436,0.9388853975061962,-0.3923251777372701,0.20915984091458378,0.1709584284034713,-0.1250976965657554,-0.014943061428406387,-0.18862855970154585,0.09869234553256502,-0.18408253264446234,0.08431858013846154,0.19557867246803246
