1.2771566477845933,0.4482734837574924,0.9785945972336147,0.09662594442259494,0.18732625598441385,0.2628240875724834,0.2980979241208359,0.16934115908424252,0.08349015377696464,0.2210987959590193,0.23638578031231336,0.30521100326703865,0.0958255355303889,0.26890641245689456,0.2307520677707569,0.1731866468792281,0.1673141167615785,0.2402343984090608,0.14757457009128364,0.1892913300398718,0.21336632546916498,0.2399614606157641,0.12271641435596499,-0.020978955419516204,0.2966974411218674,0.10267583583572293,0.3329568090282489,0.1676228865755642,0.2258615872525039,0.1943198827136229,0.11924977830457911,0.2583702134249543,0.13067704516914394,-0.0685093679367813,0.17996128077421442,0.17583673754384577,0.1285789053691217,0.3866768787008219,0.26537751553152433,0.20283798121996796,0.22363152414215692,0.19084755834060718,0.26304306892457757,0.19809772402377646,0.3015982803185226,0.15124495664417964,0.18574469767245086,0.02298977394638308,0.2938941345720116,-0.12723909978237485,0.03439501237030045,-0.043287066611580105,0.039017391829321006,0.045817017868156264,-0.17936281156430386,-0.018625672347118392,0.34166775990172654,0.47372949131336517,-0.6298962611295668
0.4482734837574924,1.548145009408905,0.9764805010781016,0.1754664205013846,0.14556033826687448,0.31027837409830367,0.22646501639402253,0.24814848184094948,0.20124096072717967,0.28867471233826875,0.23227200994132075,0.23957618467200514,0.1178235701588435,0.15361146961014568,0.40403310309359003,0.14360192986441583,0.3285430872751373,0.24488545292427277,0.015939399841326602,0.38983272391619295,0.33314112834052473,0.14403392386112024,0.08781120851378425,0.0635551332676458,0.21197300495240765,0.20710554809811155,0.34478813354977755,0.24150148603651705,0.41709163010113953,0.09722770310931941,0.14708611804387198,0.1435932290182384,0.1265390398699901,0.21369081124800904,0.2769117364309542,0.3013606117320222,0.389598976043929,0.2900794982584222,0.2178151110749695,0.22755685909693202,0.24399777019406088,0.3029244110289002,0.37223536239566524,0.0018242690930745326,0.5630564647423102,0.11013644246822292,0.13834899017042546,0.0627332953115414,0.06383664466850347,-0.047447126236412965,0.08343697276338312,0.09490299550355977,-0.04188905717403822,-0.025470768961370727,-0.17053928453221592,-0.08822492889587932,-0.41956218024124686,0.3154433709814538,0.146569623323018
0.9785945972336147,0.9764805010781016,2.325531720458304,0.12210159758137287,0.010392170695081828,0.4876537878642877,0.2875610411451596,0.4266208737589812,0.20261729951533194,0.5253520085972568,0.3756876878692035,0.3520490819933804,0.1533653891767662,0.2478845349219362,0.41590640261801237,0.15404262968616772,0.42531533204634625,0.20307769892125632,0.1942176538962826,0.31711476194862254,0.37215594517738926,0.33163229971137187,0.1871685202760256,0.20479170057872842,0.3867991157271619,0.19237136820976922,0.4458511270156686,0.2623312111901907,0.5171421675012217,0.1045915511805854,0.2015296195786223,0.2265072571803629,0.10273463568912769,0.18227430597291194,0.4029111983091953,0.3618158237998965,0.3112498328397519,0.3762214229728851,0.3957285319705549,0.27778353931856525,0.33157460625953644,0.3501190045885697,0.3864446810137118,0.17575792907806081,0.47824774722851676,0.19655139437198602,0.22257332957813508,0.02461321971961958,0.2137092231281575,0.02835700596537811,-0.055423938940896866,-0.009173258974127973,0.042288402949737486,-0.0048756544987756814,0.0906717776064241,0.10893756344892615,-0.08479798888582359,-0.08793623839870075,-0.020428812214376802
0.09662594442259494,0.1754664205013846,0.12210159758137287,0.5729685854369483,0.41789531490575466,0.2774848707561076,0.2596533175763611,0.1748367453456003,0.2002498246691195,0.17014832907828042,0.15325598366881427,0.20508391994214997,0.07645265021173978,0.14502029511098685,0.12716071149329208,0.15538393224636943,0.16460573090741568,0.14644169401905857,-0.05308905003534011,0.20589426101117,0.15809751413166448,0.1393775629960237,0.18464099543682227,0.17880896305566016,0.1331853897016566,0.18005708599791714,0.058915298401175056,0.021651862359617944,0.23426280504514757,-0.06310124172412138,0.12099279346998569,0.13227371499209034,0.013591524931242974,0.2558285951055266,0.08917333770949193,0.14093163760724578,0.14361580421709402,0.17248623356198786,0.15320514577193015,0.09581097012113811,0.1119489670878867,0.1416910586727472,0.2090063837271698,0.08832320271951301,0.23780763130493662,0.09206320640688095,0.14381923107728464,0.023173923878351016,0.08572615191828664,-0.08550050736006284,-0.040783346274545454,0.049034844689172,0.09532609250743448,-0.02869860708943615,0.032863196209857996,-0.007732182635669393,-0.15004668260629148,0.08211796532566432,-0.010166226552530525
0.18732625598441385,0.14556033826687448,0.010392170695081828,0.41789531490575466,0.7714617081003668,0.21481840429695956,0.2534207377544451,0.2325568968779017,0.19310193231634368,0.1520534887010496,0.16313343599601304,0.18664218413327346,0.0823832899261962,0.15341029160269978,0.1375039739808809,0.14279565528771185,0.09840473999719025,0.1414186410343446,-0.0820171647340627,0.20407673873567175,0.10685852232068802,0.0890410014020826,0.18838801584857898,0.16255048860753551,0.13359088236884034,0.18678533393557017,-0.038420605671799,-0.04651807249878571,0.19408822874222315,-0.09156572654326135,0.10097078923615249,0.1490923222724474,-0.027503120283586785,0.2646277693162622,0.05250201644879165,0.08760379119748687,0.06420855224613241,0.1327896329216168,0.12227509118760321,0.08415875516681084,0.11039219498036995,0.10244740767622544,0.12217379085526532,0.10629694368360978,0.1263149036630853,0.09531409955192192,0.15397621205945664,0.03110030172305144,0.13419846701368476,-0.20803695360580118,0.041630800034683405,0.029645925628477482,0.17857080891709795,-0.0017778699329769683,-0.09526218302516357,-0.049031446408201985,0.03311866695898657,0.1807791902513239,-0.12490236541753105
0.2628240875724834,0.31027837409830367,0.4876537878642877,0.2774848707561076,0.21481840429695956,0.7384863934385727,0.19967453580800934,0.34605338814378367,0.11698917186104657,0.1852939026458996,0.26233317587642724,0.22399637502150302,0.10675616710661176,0.19378756032345007,0.2634432323217819,0.17922122730789633,0.3353656466305216,0.11211034226444769,0.07722627266550874,0.35206494270479965,0.27117440547035065,0.2258594641122786,0.1381361743431992,0.2413651053060178,0.2400304121264071,0.2301679872359699,0.20843727923683386,0.11791080114676125,0.39054085404923383,-0.006400722976081905,0.1816968073154075,0.19506007405226497,0.030232069428487753,0.27912452582363806,0.1667247861920408,0.20372309114585205,0.3097601413831903,0.3208813649710303,0.2808400734815059,0.17383031250113523,0.13090169903536014,0.23776479991485763,0.30300641705606646,0.15488605651812748,0.458049955480101,0.14618088988299213,0.266908686834066,0.027048345121351222,0.09113481954349495,0.09580006175302579,-0.26395457041816556,0.06810607701756509,-0.008119127125254796,0.003321745719469732,-0.08321885332738944,-0.0033298209533785153,-0.011117884165594118,0.18139519177419922,-0.15172370133524116
0.2980979241208359,0.22646501639402253,0.2875610411451596,0.2596533175763611,0.2534207377544451,0.19967453580800934,0.5124772219881465,0.05653373178349089,0.29286446310543146,0.15176851841044833,0.22487423300111062,0.3312964025716097,0.07149540399204543,0.11866483204176999,0.03574632642383484,0.19308309683238667,0.17651061005236848,0.23009177310476317,-0.01574592701653076,0.20660246592172016,0.19443187971395115,0.2264350283834521,0.2287789044358456,0.18240934422368804,0.15678708929056975,0.14601070530297655,0.12575380780457995,0.06235183562813856,0.2327179303429487,-0.07222810055221646,0.17990859105488008,0.13675028089886765,0.06341409484078717,0.18438370841625346,0.06507060711143606,0.21431161033629478,0.1815048284303154,0.24799840739684872,0.22531298959433435,0.12624949421424508,0.12992877190159013,0.16593303043678795,0.2353567924397751,0.1051326143432457,0.29925506838619353,0.12262007254241516,0.12075907786049055,0.018149294955513293,0.192070453653805,-0.07506614416695086,-0.024006329299886116,0.03673255306317572,0.022857127132554757,-0.04120475849650852,0.01837152842937402,0.07660292262360917,-0.02872076144008231,0.10462248348495315,-0.2620435021429228
0.16934115908424252,0.24814848184094948,0.4266208737589812,0.1748367453456003,0.2325568968779017,0.34605338814378367,0.05653373178349089,0.7887896434294708,0.043890266555739646,0.21579079284716832,0.24247232989802392,0.04902017125503712,0.10423962877592267,0.16755024247551992,0.2010203507487465,0.07029580182887334,0.2869808819826897,0.07861540182491376,0.043281934483717165,0.27571913613074756,0.12638919526136178,0.11408223030084098,0.11309990992069892,0.17095307150849576,0.22482394950391044,0.24730451028746503,0.25495523721806235,0.037328718372961686,0.2085710724239439,0.11578685991746535,0.10666508439477392,0.16451374884734862,0.024675009713480044,0.25040033500779524,0.11575784689507271,0.12320718428499093,0.19169087006556965,0.20570330362041064,0.21662582530063937,0.12138898321204536,0.15707820436340364,0.1234269049527175,0.19839166631212793,0.1081335518113013,0.24763003044093027,0.08806608515565624,0.21551326453937603,0.033736493828837075,0.1876244195174781,0.018857596928530906,-0.08754399998650376,0.014625221227160184,0.10493703709754419,0.014194274077613015,-0.1297335509529097,-0.05345467951696715,0.1460650971333599,0.2227136711147819,-0.16596544724478052
0.08349015377696464,0.20124096072717967,0.20261729951533194,0.2002498246691195,0.19310193231634368,0.11698917186104657,0.29286446310543146,0.043890266555739646,1.148595834383549,0.10167904663115804,0.077687917289479,-0.012823516737952212,0.03772141423302236,0.02365456921493268,-0.15516609525173095,-0.027298301929419705,0.08429053094695779,0.0960521009074068,-0.3337631265840816,0.22694832609723603,0.09654993523703256,0.20807326885984348,0.2651878416003892,0.26013425642178895,0.006658987290254037,0.19566528809959888,-0.0033918228327664574,-0.014585771294550303,0.10341098540889591,-0.09251385669076247,0.12425593924914242,0.040974410298105404,0.021210500573682387,0.1344461732347501,0.008757286513754696,0.07954547797022476,0.09449751348799237,0.15646926201873515,0.19325514172950242,0.06546434972363087,0.0357733511753138,0.0721825406901168,0.1387165621105623,0.10169812451584599,0.09765281299664069,-0.019692367395091157,0.10321754131158183,0.01638258183708259,0.5479196647937155,-0.06389671704424266,-0.057260696757307286,0.06604515692811638,0.08032633004658829,-0.08465406685647879,0.13742464109943933,0.0996709786518061,-0.07921945592680417,-0.11682153652517602,-0.07687362817533284
0.2210987959590193,0.28867471233826875,0.5253520085972568,0.17014832907828042,0.1520534887010496,0.1852939026458996,0.15176851841044833,0.21579079284716832,0.10167904663115804,0.7398120883888354,0.07707926152096371,0.1517832308254106,0.11367412980830804,0.10369081022001057,0.21065144570610833,0.0700140779378254,0.18993169857474743,0.09794916131437344,-0.03498563580389662,0.12360688460284579,0.11139161538878152,0.14606440703609497,0.1822594442257966,0.1622388212441829,0.17047946125526736,0.12202923134659618,0.11939275240245156,0.007214015646917411,0.22562120187287554,-0.04988048803924174,0.08150837650865199,0.09039882249404657,-0.03350351885548666,0.23331564535662414,0.13327855122014975,0.09971992823249054,0.08720226611385049,0.09399653763256925,0.1384632873221502,0.08662134687811289,0.17358898228472483,0.11229355346363072,0.17940773657771278,0.1018515008530452,0.09596382317993783,0.07839401930187709,0.15339218079458622,0.004230314392776964,0.1846027588681152,-0.07546590107451899,0.00824351081876126,-0.049736578094774234,0.12963340995729603,-0.018614402605515723,0.17351088084351501,0.15935535427235276,-0.08730027020008392,-0.14367914371594856,-0.01853537884476101
0.23638578031231336,0.23227200994132075,0.3756876878692035,0.15325598366881427,0.16313343599601304,0.26233317587642724,0.22487423300111062,0.24247232989802392,0.077687917289479,0.07707926152096371,0.7134316653647863,0.26744112195951264,0.07617678114853131,0.13304354723996256,0.16931366169779916,0.22713939054587798,0.29108555226916,0.16063772740455198,0.002436297849583952,0.34278299943610707,0.20139373854208892,0.11774565396656075,0.14207832152020292,0.17734346513743315,0.23154621336745324,0.21916792403843674,0.19814821258091098,0.09211028181702993,0.30190123103992406,-0.029123642624232247,0.176520243426003,0.13761462788087736,0.04083193204521104,0.21485584013381426,0.21596547926867501,0.16809069874976915,0.20269398202934988,0.21177874971142463,0.23684530955024471,0.16947156022181623,0.18416125183178125,0.18742954836780776,0.2167263742718609,0.12090217520903045,0.2679092547202647,0.12899468510061002,0.17573109761667507,0.03505438651832457,0.05497231742060958,-0.10865977067764462,-0.11289275367991713,-0.04202948160415982,0.1449773108814872,0.06258833255565914,-0.10279189122113805,0.014353565523597614,0.025432933925719145,0.1304771708086291,-0.11980648552585153
0.30521100326703865,0.23957618467200514,0.3520490819933804,0.20508391994214997,0.18664218413327346,0.22399637502150302,0.3312964025716097,0.04902017125503712,-0.012823516737952212,0.1517832308254106,0.26744112195951264,0.727153977167693,0.06796732421947907,0.20071176418809275,0.14820393032513382,0.29319019963373444,0.2070362824351977,0.31928708367671466,0.11601925697911153,0.1702912809224486,0.2082186051685465,0.17511972041963583,0.2029742636829707,0.105763073150546,0.25791795718458205,0.14656038529659057,0.3082928814081856,0.0948130136182566,0.2875501472060614,-0.019839840061709677,0.18095460736342642,0.20259058554185191,0.10660998405848608,0.19687323682260033,0.10084512126534345,0.3052032372221507,0.17683963012390358,0.2531565183841109,0.22857676925355833,0.15161264829179838,0.1744037170022116,0.1871312710155589,0.2661024737901959,0.0460806201122192,0.3596027932419502,0.1305786706037916,0.12842503490284005,0.03273271898466239,0.08729931167031821,-0.1350342456825304,0.027651091825773206,-0.04673555098226866,0.03563742323655665,-0.013372675043040554,-0.0008608305386267844,0.048912081080012736,-0.0782991720239115,0.09453052406658495,-0.11878388930903845
0.0958255355303889,0.1178235701588435,0.1533653891767662,0.07645265021173978,0.0823832899261962,0.10675616710661176,0.07149540399204543,0.10423962877592267,0.03772141423302236,0.11367412980830804,0.07617678114853131,0.06796732421947907,0.20135973798757112,0.0747414132100243,0.057969998984924796,0.08274084410890853,0.083362964579626,0.08024026429420307,0.040324311625251553,0.06448462826101539,0.07163979666365601,0.1354878571777966,0.07486383271272141,0.058830317943066875,0.07104441345703297,0.06769470876177361,0.07609594087850823,0.053092065295815775,0.11069265992839018,0.03072586008261581,0.054469008524264416,0.07918691562367515,0.051258389096963175,0.08907988249301417,0.06261192096852172,0.07209871966249032,0.08005464970067759,0.09924757982468276,0.08357224629204069,0.04503350878177781,0.08018663939791996,0.0693749154202892,0.09706961175095076,0.08869785214873739,0.015305894596701848,0.07358945734431142,0.0784347465751405,-0.00017783217030682686,0.11353651168391636,0.020313391068173724,-0.012069477384046744,-0.016443401950405414,0.005369663856880813,-0.019742907490453585,-0.023728726689379257,-0.011418092607465237,-0.023875863306890996,0.0580463633929974,-0.03217557517152548
0.26890641245689456,0.15361146961014568,0.2478845349219362,0.14502029511098685,0.15341029160269978,0.19378756032345007,0.11866483204176999,0.16755024247551992,0.02365456921493268,0.10369081022001057,0.13304354723996256,0.20071176418809275,0.0747414132100243,0.46356041322633024,0.23344089619440483,0.26285845771861277,0.19765224714295285,0.0798693783915712,0.12354150642595933,0.19531956204724343,0.15367396414603954,0.14005812080343627,0.11086620668906144,0.14046903424154802,0.21873016888097038,0.2079673970128203,0.22796523332434618,0.11817676198505996,0.21700775606435668,0.24594745377685517,0.10713275079069869,0.3579109338188098,0.1186236480429658,0.19105928442329637,0.20524680381535998,0.1546114876376522,0.10892309565173729,0.2827856786585419,0.1556929683968206,0.1255548650204298,0.2720071522641892,0.15958464539692793,0.19875646489914386,0.14341866930656713,0.21097840033002227,0.07328101972704291,0.20518435138251948,0.03904475406250517,0.2779731220380414,-0.09692592969831706,-0.014215922174878026,-0.14908313612369808,0.15378222586837012,0.07454616825840871,-0.13075270788881108,-0.039862464647547446,0.1006453449608471,0.17686563154518892,-0.07594928207274645
0.2307520677707569,0.40403310309359003,0.41590640261801237,0.12716071149329208,0.1375039739808809,0.2634432323217819,0.03574632642383484,0.2010203507487465,-0.15516609525173095,0.21065144570610833,0.16931366169779916,0.14820393032513382,0.057969998984924796,0.23344089619440483,1.0379018940556524,0.12095260733631318,0.16935788513875008,0.0869117013829976,0.06610178118001707,0.2764706780771467,0.1960962984562384,-0.07188950557256936,0.26047970083971006,0.3291708417603405,0.32273444335399587,0.23017984012236822,0.22639296538295275,0.14572625664006872,0.24772053466452681,0.4581993190513592,0.14186925803358416,0.16229667868872708,0.12462975836645104,0.19329382330820846,0.2853779570301756,0.2991624776860809,0.1333322560330982,0.15352579782896567,0.14991316485654177,0.1726194781294712,0.18070675901765515,0.21026691446242685,0.25668903260978165,0.11360248684358012,0.2860856238164725,0.12733637838222775,0.09627334486373103,0.10121075174734595,-0.016717806218317144,-0.15925869037583498,-0.0913025510856136,0.028011170301995,0.22596932820355084,0.02568980053712722,-0.06933603286922899,0.09835398621369974,-0.10383844610470591,0.15546451265609634,-0.14834056885733335
0.1731866468792281,0.14360192986441583,0.15404262968616772,0.15538393224636943,0.14279565528771185,0.17922122730789633,0.19308309683238667,0.07029580182887334,-0.027298301929419705,0.0700140779378254,0.22713939054587798,0.29319019963373444,0.08274084410890853,0.26285845771861277,0.12095260733631318,0.923884379222309,0.21224183932237034,0.16316864659427185,0.18302249597603898,0.21000884330668512,0.17106072351755094,0.10347254184931812,0.06445283517788868,0.07459259171970421,0.21847831796144035,0.15257005912694263,0.12330504262356197,0.17601096352880305,0.2599156830406201,0.0005564978084370432,0.13569006179947055,0.2486647924787058,0.07732612772883392,0.21425732195498792,0.22929489262141553,0.09587341035021561,0.21493276477837747,0.28495985598982704,0.1419094956130909,0.11215408102382024,0.24792302947746356,0.17531539895193876,0.2289384435836333,0.11350336219503174,0.27750357339650034,0.11124453811886104,0.22811665600209446,0.024673127207087087,0.007361145635487774,-0.20220048101579322,-0.061984904321573095,0.01305662854719177,-0.028778648471509974,0.02953163049901576,-0.024362698175373395,0.007391326287432168,-0.09817966415933965,0.0801402611138659,0.004384671325261528
0.1673141167615785,0.3285430872751373,0.42531533204634625,0.16460573090741568,0.09840473999719025,0.3353656466305216,0.17651061005236848,0.2869808819826897,0.08429053094695779,0.18993169857474743,0.29108555226916,0.2070362824351977,0.083362964579626,0.19765224714295285,0.16935788513875008,0.21224183932237034,1.338432008768038,0.08854871010542131,0.24249700100469965,0.5155921075228438,0.38055574930318364,0.19799391032302802,0.02507379677780972,0.04554541433874024,0.27683113384716324,0.025574867806122385,0.3847531229440844,0.3151144591501893,0.49278908712431696,-0.33295834960196274,0.14208908522622501,0.15088508637239278,0.13524948197555353,0.276511908931721,0.352670665402668,0.1583544607490997,0.6617393079541914,0.41976623182322215,0.5172155080382357,0.2732798901842747,0.31462777560250854,0.33060873723622497,0.4466754256474215,0.17881923287214158,0.7422394168050657,0.21402945639465723,0.3617400237792635,0.04998302212410055,0.0035248383714010095,0.646971597649141,-0.009887130395695887,0.0753751479160663,-0.12616670184064968,-0.11732095690218337,-0.008302241840414688,-0.036431887750921016,-0.11234845378446548,0.053809017003046404,0.05565864643247973
0.2402343984090608,0.24488545292427277,0.20307769892125632,0.14644169401905857,0.1414186410343446,0.11211034226444769,0.23009177310476317,0.07861540182491376,0.0960521009074068,0.09794916131437344,0.16063772740455198,0.31928708367671466,0.08024026429420307,0.0798693783915712,0.0869117013829976,0.16316864659427185,0.08854871010542131,1.1576481751054981,0.12083463867321571,-0.13981701207194439,0.25114801544780085,0.33973478467978796,0.4289965529198928,-0.02981650928391548,0.15928740206017367,0.12367102202304431,0.36893493578466724,0.2826495915501233,0.18658232088823892,-0.13164894002533378,0.5779872567772366,0.1321508803563841,0.2294754418126541,0.17798219051963193,0.10571977084183642,0.5345484095243777,0.2730104787293106,0.31736961504628464,0.13800048374397159,0.11684094550148724,0.23047064025391048,0.22394808187420542,0.353687644031253,0.12976248647373056,0.4509141949669239,0.3182779410124448,0.022689350468835412,0.0006698552377704624,-0.35452055107761743,0.11131956731460356,0.2699376687021089,0.21037232835268724,-0.3535328718188503,-0.11145393253448098,-0.027239338325807733,-0.004099150060757741,-0.04840766645938295,0.13321156261510156,-0.1881125865348001
0.14757457009128364,0.015939399841326602,0.1942176538962826,-0.05308905003534011,-0.0820171647340627,0.07722627266550874,-0.01574592701653076,0.043281934483717165,-0.3337631265840816,-0.03498563580389662,0.002436297849583952,0.11601925697911153,0.040324311625251553,0.12354150642595933,0.06610178118001707,0.18302249597603898,0.24249700100469965,0.12083463867321571,1.3126081780007626,-0.2275108785124495,0.21672328584161094,0.19649819704905047,-0.20888182350307416,-0.10801012914152688,0.13029407071278215,-0.11213975937515784,0.2354429910433259,0.3706491495911266,-0.004201886992745678,0.2897440779592214,0.16802509558610243,0.12803501273484066,0.3472558775807272,-0.06489783983869665,0.09378490131664399,0.19006040307241284,0.3827515175139435,0.2675863225739701,0.24177897929724465,0.04159166604711339,0.17011912914308078,0.17816339023417446,0.16237243150960765,0.1510256836195435,0.2389441472923902,0.2504733860820516,0.07781888416433304,0.03184655955716934,-0.45848681806203806,0.6473210544592778,0.04556902736697705,0.10238382835353775,-0.42587313167088897,-0.10867638428127324,-0.20109462236000802,-0.12863770544646017,0.025520173389894603,0.24176373394044728,0.025325976514491425
0.1892913300398718,0.38983272391619295,0.31711476194862254,0.20589426101117,0.20407673873567175,0.35206494270479965,0.20660246592172016,0.27571913613074756,0.22694832609723603,0.12360688460284579,0.34278299943610707,0.1702912809224486,0.06448462826101539,0.19531956204724343,0.2764706780771467,0.21000884330668512,0.5155921075228438,-0.13981701207194439,-0.2275108785124495,1.2735863183280218,0.16232238196383708,-0.06439050929904154,0.07419483772115561,0.28665624264403916,0.2641979184475994,0.20633699346999537,0.23022219520773626,0.11325383042387974,0.4089706134292228,0.1664294514673981,0.044921001403140585,0.18110002441660672,0.10007769544072943,0.28381473421834114,0.19862953448276996,0.031139176420796565,0.495991091597267,0.2858749255734139,0.4389829114521945,0.2821926769679748,0.11514743826823653,0.14892516208461806,0.35485047231583705,0.05902045164148566,0.583156114659508,-0.026893484152285523,0.35178842731010856,0.1528675262116865,0.5854769810773786,-0.13322440606086364,-0.24039019756229071,0.05577184017891139,0.20003008353405316,0.0299535722621577,-0.02424671667919104,-0.010304857552192164,0.030380867500201365,0.12489585083101079,-0.1331275945326858
0.21336632546916498,0.33314112834052473,0.37215594517738926,0.15809751413166448,0.10685852232068802,0.27117440547035065,0.19443187971395115,0.12638919526136178,0.09654993523703256,0.11139161538878152,0.20139373854208892,0.2082186051685465,0.07163979666365601,0.15367396414603954,0.1960962984562384,0.17106072351755094,0.38055574930318364,0.25114801544780085,0.21672328584161094,0.16232238196383708,0.6627619541600922,0.25034136269452234,0.12383180690639345,0.10576610471884741,0.16995724512500032,0.0811108114441294,0.33228586429638457,0.33094376074536686,0.3479777966029757,0.019472214451829138,0.2676394522661149,0.13950461175134038,0.13296259037264027,0.18633355660111206,0.43707921012212897,0.41250594401758806,0.4699963699171665,0.48919846657862137,0.34576833467787826,0.32688161136834326,0.34001235035329114,0.5309088779917467,0.486196253504022,0.09446137620690381,0.9609833378897614,0.19319274367736783,0.20945163477025355,0.05010434971880805,-0.21787096035530362,0.18243022462883676,-0.05749134449678624,0.01341465711637812,-0.05534979854937936,-0.034956279859368715,-0.08892527308315223,-0.025311172279898365,-0.21501712483395563,0.20626233609153913,-0.027101343492190823
0.2399614606157641,0.14403392386112024,0.33163229971137187,0.1393775629960237,0.0890410014020826,0.2258594641122786,0.2264350283834521,0.11408223030084098,0.20807326885984348,0.14606440703609497,0.11774565396656075,0.17511972041963583,0.1354878571777966,0.14005812080343627,-0.07188950557256936,0.10347254184931812,0.19799391032302802,0.33973478467978796,0.19649819704905047,-0.06439050929904154,0.25034136269452234,1.2154810048767273,0.3559068586288531,0.11659072146624848,0.11272234963296827,0.015103559300695167,0.3771019576520787,0.21474006128508136,0.3237753775776262,0.015139104231587068,0.13578176203472123,0.18597319182788838,0.20030179674771417,0.16045177846326067,0.16663136246615448,0.3301073986911853,0.29979223328250004,0.3842019899018673,0.3321660298650005,0.12851404990567017,0.3040611733804597,0.26913788286123297,0.3903377983155362,0.4330078214388601,-0.023154705416663156,0.28527949004180597,0.20048296575841218,-0.1816322602915861,0.703321170870928,0.12087263029974625,-0.09378908055364278,-0.18621158823638753,-0.09889045762970396,-0.005318437132832717,-0.019555099203516665,-0.013549452992716553,-0.08830972067954393,0.09668964881277398,-0.077301108886175
0.12271641435596499,0.08781120851378425,0.1871685202760256,0.18464099543682227,0.18838801584857898,0.1381361743431992,0.2287789044358456,0.11309990992069892,0.2651878416003892,0.1822594442257966,0.14207832152020292,0.2029742636829707,0.07486383271272141,0.11086620668906144,0.26047970083971006,0.06445283517788868,0.02507379677780972,0.4289965529198928,-0.20888182350307416,0.07419483772115561,0.12383180690639345,0.3559068586288531,1.298538217146561,0.6041201737141206,0.4091054105335405,0.0004681995211022261,0.04613178205945956,-0.0280423663918871,0.40896529305526086,0.4403975570395825,-0.1083032653140485,0.05486794246928186,0.14735139727015317,0.24677791330143078,0.12215961895563004,0.39722661654124614,0.1721668918563006,0.06020570844640861,0.516274028510492,0.21928394283946523,0.15011373144038712,0.13116319203183655,0.40715543921943737,0.7291423072914873,-0.2448813675549039,0.22651858660834467,0.10520612150044727,0.07687423793744848,0.653312358956824,-0.1976443825729509,-0.055577095697876035,-0.22817250233726058,0.41648211205650815,-0.061357315064046965,-0.03980033644442001,0.08166419931973884,-0.08818358095547946,0.053348973101468064,-0.08871187682937468
-0.020978955419516204,0.0635551332676458,0.20479170057872842,0.17880896305566016,0.16255048860753551,0.2413651053060178,0.18240934422368804,0.17095307150849576,0.26013425642178895,0.1622388212441829,0.17734346513743315,0.105763073150546,0.058830317943066875,0.14046903424154802,0.3291708417603405,0.07459259171970421,0.04554541433874024,-0.02981650928391548,-0.10801012914152688,0.28665624264403916,0.10576610471884741,0.11659072146624848,0.6041201737141206,1.2534294637043761,0.3207805369529926,0.412727468189607,-0.24522353720472562,0.04896494309322306,0.1085519512648577,0.7563314552913014,0.4717649513368851,0.10059378362193529,0.2174483435673493,0.07464007936002989,0.12640856515987825,0.5550859832454849,0.09661469579113546,0.343608916771343,0.18672294298981112,0.08444476158784057,0.05939314322723272,0.1646778200762239,0.16423311051757428,0.3008621177538673,0.08472715337255843,0.1778268562380305,-0.02034181427519788,0.09972980694050497,0.16816473782281596,-0.14041315114233538,-0.29823620395653294,-0.056378877024022146,0.34097350339967736,-0.040760074867776115,0.11789184104309369,0.16525363052855718,0.10297848475568817,-0.26698708495594925,-0.04218690696958298
0.2966974411218674,0.21197300495240765,0.3867991157271619,0.1331853897016566,0.13359088236884034,0.2400304121264071,0.15678708929056975,0.22482394950391044,0.006658987290254037,0.17047946125526736,0.23154621336745324,0.25791795718458205,0.07104441345703297,0.21873016888097038,0.32273444335399587,0.21847831796144035,0.27683113384716324,0.15928740206017367,0.13029407071278215,0.2641979184475994,0.16995724512500032,0.11272234963296827,0.4091054105335405,0.3207805369529926,1.39595688364002,0.10833909305146307,0.23424964286293168,0.1763564442524008,0.473050493105784,0.45237779090905983,0.039043129999928115,0.17223114641043474,0.09741116170593714,0.3397396827440543,0.44397134870766014,0.1625817226833833,0.3310608720263123,0.29636417995663994,0.3528702195829449,0.17348234049069294,0.23644976751279018,0.21538891301420574,0.38595479216435674,0.5057423117156374,0.22067715643489044,0.2872785247878078,0.2624213677547783,0.01764746414287423,-0.10254741038270927,-0.34092365878236874,-0.12419734372725676,-0.18179942329220614,0.32481088489087406,0.03668407797167008,-0.05673292155616684,0.05680629990680913,0.05039443380419302,0.12045840120952632,-0.16575980943639465
0.10267583583572293,0.20710554809811155,0.19237136820976922,0.18005708599791714,0.18678533393557017,0.2301679872359699,0.14601070530297655,0.24730451028746503,0.19566528809959888,0.12202923134659618,0.21916792403843674,0.14656038529659057,0.06769470876177361,0.2079673970128203,0.23017984012236822,0.15257005912694263,0.025574867806122385,0.12367102202304431,-0.11213975937515784,0.20633699346999537,0.0811108114441294,0.015103559300695167,0.0004681995211022261,0.412727468189607,0.10833909305146307,1.5816867866878042,0.03834113161512242,0.13568296316293335,-0.22089931543927216,0.24423512433867864,0.5085910540563875,0.27457329519504453,-0.01701265202402038,0.25628692267795516,0.1821778072870289,0.1126856788416167,-0.05609576662720739,0.3915074500122274,-0.47810693346006816,0.061387631621824985,0.5035139364671761,0.17164142101296145,0.05550288025541999,-0.35366716851157315,0.6688473154277955,-0.08284912853522114,0.10450497026732083,0.03065853923660409,-0.023690302542367887,-0.1338090021483209,-0.03917709477601933,-0.024317974548077957,-0.20568729730088164,0.12396598507143232,-0.017710881228334727,0.012401267277583039,-0.03973741660493617,0.2541478793516741,-0.21955062621503504
0.3329568090282489,0.34478813354977755,0.4458511270156686,0.058915298401175056,-0.038420605671799,0.20843727923683386,0.12575380780457995,0.25495523721806235,-0.0033918228327664574,0.11939275240245156,0.19814821258091098,0.3082928814081856,0.07609594087850823,0.22796523332434618,0.22639296538295275,0.12330504262356197,0.3847531229440844,0.36893493578466724,0.2354429910433259,0.23022219520773626,0.33228586429638457,0.3771019576520787,0.04613178205945956,-0.24522353720472562,0.23424964286293168,0.03834113161512242,3.3157587253532914,0.49228786669095614,0.4190921545487822,-0.005606223098965627,0.06206348482244332,0.24651849608042214,0.5715961804420923,0.14960993591260724,0.2967708088370357,1.2715343856147885,0.556420389631941,0.41183494402338267,0.32543645639611596,0.3246100199935789,0.3547596202117466,0.4329626975774397,0.7855211158397386,-0.5207014156451908,1.008386219476415,0.008771324475275087,-0.17312532209438744,0.09926814838463524,0.5671200445349357,0.031870405255858686,-0.015324932004225708,-0.0769254466773351,0.0081696964737974,-0.00018562089277366698,0.0976464421740735,-0.13457014655757799,0.01440631537584302,-0.05346147309817494,0.1912823045774474
0.1676228865755642,0.24150148603651705,0.2623312111901907,0.021651862359617944,-0.04651807249878571,0.11791080114676125,0.06235183562813856,0.037328718372961686,-0.014585771294550303,0.007214015646917411,0.09211028181702993,0.0948130136182566,0.053092065295815775,0.11817676198505996,0.14572625664006872,0.17601096352880305,0.3151144591501893,0.2826495915501233,0.3706491495911266,0.11325383042387974,0.33094376074536686,0.21474006128508136,-0.0280423663918871,0.04896494309322306,0.1763564442524008,0.13568296316293335,0.49228786669095614,1.2531312597316098,0.09521243371724392,0.3266945020787621,0.3520449120761498,0.20216808108966333,0.5841923515807043,0.005754374662625336,0.9778615482902899,0.2992212291785594,0.5624435691249726,0.32101743734477056,0.23712112592136933,0.2508516627497484,0.3767946015668415,0.4031900279212551,0.48888206444636556,0.48425514142793713,0.4152529703810216,0.21337940729617233,0.10800090355151337,0.08969149415998176,-0.2631346447768086,0.526516774125,-0.1140038457732466,0.6078950028568259,-0.9020253341489191,-0.027738596021162295,-0.10352129194546594,-0.09389733937719362,-0.07004723535447537,0.09478844551103731,0.09908888744491283
0.2258615872525039,0.41709163010113953,0.5171421675012217,0.23426280504514757,0.19408822874222315,0.39054085404923383,0.2327179303429487,0.2085710724239439,0.10341098540889591,0.22562120187287554,0.30190123103992406,0.2875501472060614,0.11069265992839018,0.21700775606435668,0.24772053466452681,0.2599156830406201,0.49278908712431696,0.18658232088823892,-0.004201886992745678,0.4089706134292228,0.3479777966029757,0.3237753775776262,0.40896529305526086,0.1085519512648577,0.473050493105784,-0.22089931543927216,0.4190921545487822,0.09521243371724392,2.5047365627474796,-0.7272530860957563,-0.23014311855532515,0.20085526315259922,-0.1755895551456314,0.6145017756100907,0.41136237147951643,0.39704927234172704,-0.037307188974603965,-0.37235632243545724,0.4680328429236234,0.3673713934060642,0.3727712000097625,0.2413761291791163,0.3558313540466865,-0.15039636599972125,0.4265161474028567,0.30398458713154364,0.2747538279500517,-0.09735371609038034,0.4817429657877696,0.16715301573232574,-0.25493183583913603,-0.1483101829113004,-0.015543348082310761,0.1307955427263265,-0.06494960503664018,0.008528796501431174,-0.28567967860340826,0.08208806927266997,0.1585420229716815
0.1943198827136229,0.09722770310931941,0.1045915511805854,-0.06310124172412138,-0.09156572654326135,-0.006400722976081905,-0.07222810055221646,0.11578685991746535,-0.09251385669076247,-0.04988048803924174,-0.029123642624232247,-0.019839840061709677,0.03072586008261581,0.24594745377685517,0.4581993190513592,0.0005564978084370432,-0.33295834960196274,-0.13164894002533378,0.2897440779592214,0.1664294514673981,0.019472214451829138,0.015139104231587068,0.4403975570395825,0.7563314552913014,0.45237779090905983,0.24423512433867864,-0.005606223098965627,0.3266945020787621,-0.7272530860957563,4.315321897896969,0.07064428465717791,0.2503562618829908,0.599573074478253,-0.33318327848260015,0.1518502365582746,0.602781491259184,0.06196938491605425,0.3176355278542814,0.25181154939384737,0.13617643767646456,0.21813986352209155,0.023676459287685372,0.1712787128664527,0.4212639043249377,-0.1753730098897691,-0.1667578496131024,-0.07694426227172664,0.18212865357044208,0.8384021241447972,-0.2888220755762008,-0.0667596482391742,-0.5294044655199712,0.22614478129246504,0.3001367897112933,-0.3460165399989881,-0.3382487686694821,0.1350792745779194,0.6427512307059902,-0.05670374080160208
0.11924977830457911,0.14708611804387198,0.2015296195786223,0.12099279346998569,0.10097078923615249,0.1816968073154075,0.17990859105488008,0.10666508439477392,0.12425593924914242,0.08150837650865199,0.176520243426003,0.18095460736342642,0.054469008524264416,0.10713275079069869,0.14186925803358416,0.13569006179947055,0.14208908522622501,0.5779872567772366,0.16802509558610243,0.044921001403140585,0.2676394522661149,0.13578176203472123,-0.1083032653140485,0.4717649513368851,0.039043129999928115,0.5085910540563875,0.06206348482244332,0.3520449120761498,-0.23014311855532515,0.07064428465717791,1.473918331171306,0.17380837402522487,0.3216624090600116,0.010656547442780969,0.0831376622061133,0.702561847962396,0.23749579973340004,0.7289048332301961,-0.1762907968563381,-0.02934861780752627,0.13397516960365366,0.29332872787284003,0.12472003784917945,-0.15047425826569183,0.7592995649265656,0.3248331145028667,-0.10912486155828507,0.03693476018058776,-1.00591455974141,0.24268283592127704,-0.04770422794383404,0.47621512700666657,-0.4316585077304659,-0.10205741918686406,0.1634969743285793,0.13466471894502843,0.19014739986429652,-0.2368416996875284,-0.19424212484017322
0.2583702134249543,0.1435932290182384,0.2265072571803629,0.13227371499209034,0.1490923222724474,0.19506007405226497,0.13675028089886765,0.16451374884734862,0.040974410298105404,0.09039882249404657,0.13761462788087736,0.20259058554185191,0.07918691562367515,0.3579109338188098,0.16229667868872708,0.2486647924787058,0.15088508637239278,0.1321508803563841,0.12803501273484066,0.18110002441660672,0.13950461175134038,0.18597319182788838,0.05486794246928186,0.10059378362193529,0.17223114641043474,0.27457329519504453,0.24651849608042214,0.20216808108966333,0.20085526315259922,0.2503562618829908,0.17380837402522487,0.5267393720480747,0.10875215248779158,0.2297098986059141,0.1654189114018096,0.1597184210776378,0.04292019592680107,0.34570416578367386,0.11904889739372523,0.10462315554280484,0.30984371734118793,0.14254775907492043,0.15339265638657654,0.0849563435453961,0.2768473488321963,0.06817487211533148,0.2015366000993109,0.017817697699082525,0.22345083198994029,-0.06661630553281585,0.0789278206393422,0.03794017087601991,-0.2114656033135498,0.09711239166840058,-0.10505789292276169,-0.055566780757498636,0.2144033236508444,0.14559569557808089,-0.1592038329508639
0.13067704516914394,0.1265390398699901,0.10273463568912769,0.013591524931242974,-0.027503120283586785,0.030232069428487753,0.06341409484078717,0.024675009713480044,0.021210500573682387,-0.03350351885548666,0.04083193204521104,0.10660998405848608,0.051258389096963175,0.1186236480429658,0.12462975836645104,0.07732612772883392,0.13524948197555353,0.2294754418126541,0.3472558775807272,0.10007769544072943,0.13296259037264027,0.20030179674771417,0.14735139727015317,0.2174483435673493,0.09741116170593714,-0.01701265202402038,0.5715961804420923,0.5841923515807043,-0.1755895551456314,0.599573074478253,0.3216624090600116,0.10875215248779158,1.6703960445744128,-0.23360874339741522,-0.3137833803933101,0.30090262052933175,0.6295027437432433,0.16727039109786918,0.14743214850852746,-0.03638703237778779,-0.1522687029990677,0.1171418016408653,0.3003057149135818,0.35368281224660486,-0.33711067309907217,0.2739796771185532,0.1395968568123647,0.14264144213180016,0.2257949194087974,0.28732606132523686,-0.1575484817355465,-0.004860132850172823,0.0725705133134852,-0.252905523621312,-0.13114462146272457,-0.14053678867315555,-0.033578221798302624,0.24342741523861344,-0.005878037868269423
-0.0685093679367813,0.21369081124800904,0.18227430597291194,0.2558285951055266,0.2646277693162622,0.27912452582363806,0.18438370841625346,0.25040033500779524,0.1344461732347501,0.23331564535662414,0.21485584013381426,0.19687323682260033,0.08907988249301417,0.19105928442329637,0.19329382330820846,0.21425732195498792,0.276511908931721,0.17798219051963193,-0.06489783983869665,0.28381473421834114,0.18633355660111206,0.16045177846326067,0.24677791330143078,0.07464007936002989,0.3397396827440543,0.25628692267795516,0.14960993591260724,0.005754374662625336,0.6145017756100907,-0.33318327848260015,0.010656547442780969,0.2297098986059141,-0.23360874339741522,1.4124018099933442,0.3703450456938904,-0.0773918944712122,0.4551104339442077,-0.1430567405604491,0.10976025029884308,0.04021817355010804,0.4986629036183505,0.19119504933439627,0.3376167861934228,0.21197217923903727,0.3322152675693729,0.1743548838177377,0.620410054454347,-0.020456542766018538,0.08638430842255485,-0.1187374124758658,-0.07036406327303199,-0.05485439890021403,0.07788579333447321,0.05330210313296924,-0.009131087684248005,0.046921047767873696,-0.17723285572958147,-0.00174115561967254,0.10118856027835683
