0.5799196428001098,0.1754445331972098,0.33932365496536554,0.014982413601781071,0.21285528165209733,0.11860261892709327,0.14606748835577715,0.13817053621885364,0.13312596844375316,0.1216051176709852,0.11620702021227064,0.11990580937212897,0.1283367191367226,0.13312127387879688,0.11084114785441822,0.12059854493426106,0.09124770560693064,0.12927952022809863,0.1572256920479233,0.06258625910721775,0.11614231934457135,0.13985913403280942,0.11216090704075775,0.07919892117711089,0.11507935847823651,0.09718365199458903,0.09493963670051829,0.04191707504402922,0.19706554363941023,-0.08721221039371821,0.09456642178642968,0.1338864173761127,0.044440079040258096,0.02948401782355659,0.04432415038365946,0.120597599773007,0.01514950520872628,0.0746726535447475,0.08761002825074736,-0.012144997901597985,0.07809401426527926,0.11391836414518908,0.07833523657024855,0.03770674550848332,0.0967888256037967,0.14586030247437773,0.023129958283871058,-0.05345334381170619,-0.13980031057330666
0.1754445331972098,2.1514794818879075,0.2969874908760749,-0.44993792277856676,0.02363763062484796,0.28217459212231394,0.17532518465007318,0.23277426635756449,0.3006493295607928,0.16327973770163945,0.21181008588136796,0.08714391701008482,0.2263282009969948,0.08380522659789949,0.2842302973777761,0.11934651865821189,0.1811328373554737,-0.02249857951066218,0.09678673422196542,0.21942336733836026,0.3316535747603449,0.15326701169630172,-0.309069997353383,0.02997886455577384,0.17810796181938304,0.20386436840454383,0.1393206861182315,0.2506205234365116,0.3772857382880749,-0.025405333683225867,0.16598371104072687,0.11808887595638302,0.06836399928999923,0.08683437119252692,0.42165162353523633,-0.05618651112439477,0.36848970641669065,0.1255098500070741,0.21769655786628744,0.028515594608019935,0.11941265687987408,0.33032608050891993,0.20030614107845837,0.01007027375432718,0.44039386041377465,0.11160242248686396,0.005769069386927708,0.09032935129570019,0.3284740225716486
0.33932365496536554,0.2969874908760749,3.266570901687045,0.8284311114224628,-0.3188173160936526,0.35465532087496,0.29733176872462586,0.4785610257756559,0.5668984226678128,0.45623179332978137,0.34068782765515276,0.2696031260909831,0.3412418421819695,0.2801216669036751,0.3245252899357927,0.26532271879120084,0.30180443525070255,0.40532453006087504,0.06915662235912333,0.14352482391960572,0.3136710066408671,0.45414447637842814,0.38762955386042003,0.2750875910726667,0.23702276206384534,0.42651274294895575,0.23227305656641153,0.10929739573102878,0.6116605136897335,-0.7562846502505495,0.2586819200301514,0.30612569647564697,0.13215715124783903,0.31660873453218413,0.1096620308118189,0.3850224865439133,-0.05582664936966719,0.1832364692809957,0.12231484363008828,-0.758158288851891,0.22426594707677586,0.3257302793030155,0.2541642778086392,0.1721362354652598,0.7927196072852303,0.5673281146157492,-0.0909689043390661,-0.3201711559318378,-0.9881020380645874
0.014982413601781071,-0.44993792277856676,0.8284311114224628,2.776544573903219,-0.08878271619582594,0.640521470570426,0.5274897846733942,0.32718018388509995,0.3317473618665643,0.6519036613485284,0.5092255198118852,0.7757577969227958,0.434902915751122,0.6035780601246244,0.37809773572597805,0.617816293040004,0.5308728519743764,0.6160885026939886,0.26952233017366567,0.24082084469060286,0.2077918336945445,0.5484497037144326,0.6361538082690453,0.4225505198844562,0.19654579572322328,0.5171858106628257,0.44660510630156164,0.05808706932965022,0.5394639737102959,-0.18677385884650538,0.342623717102931,0.5930133403813967,0.24254674126422343,0.3563717878091,-0.1583310655324344,0.5945116337635886,0.029668746115898374,0.2897415418732785,0.18224847804268168,0.0864520662255176,0.22769004903111503,0.18273289592852446,0.42504970047862395,0.2360219471232847,0.21662137141065366,0.4833806338176933,0.30149671847433357,-0.2307193698724753,-0.5095075037731395
0.21285528165209733,0.02363763062484796,-0.3188173160936526,-0.08878271619582594,1.7028988919605035,0.20953508951967026,0.1732545645265107,0.37707394975720016,0.15032061115640316,0.17688664006857865,0.2278009825206038,0.24017446990864572,0.28036643500469693,0.20501486275459413,0.17711337037917912,0.23041964650568933,0.1528144543652858,0.20413859116392896,0.8393791443558821,0.28399153015827866,0.09705357833452491,0.2084929948767287,0.2629154496773135,0.19769277270249536,0.0038806080791516716,0.23164174648423566,0.19515044253761357,-0.0532602429603839,0.26136497698890493,-0.05065976298525209,0.12669547491327396,0.18398876546792223,0.0630332899228405,0.45218160487441905,-0.15283795277420337,0.2515132588838884,0.025801691561567832,0.13219398974081145,0.14650441079324975,0.20962319041684793,0.1511606035521967,0.09398699663475212,0.12968391532069054,0.04574204547852315,-0.276120317992001,0.1650620899504915,0.054760800505371195,-0.05314157967675208,-0.10580882951292449
0.11860261892709327,0.28217459212231394,0.35465532087496,0.640521470570426,0.20953508951967026,1.1442746311434409,0.3256941040521104,0.5923261676156785,0.36541125157337295,0.5112457838351422,0.5378357188872943,0.5739483173958911,0.494738936795481,0.44366301011788456,0.45362517990208223,0.47263721137070297,0.5462588737108467,0.3815366597929429,0.6972814746639033,0.6605025397661887,0.38222202683775325,0.45349520268690774,0.2678551100792006,0.40497989333598483,0.21124074478034627,0.4858898101592941,0.4503560993780455,0.2543701146686529,0.7893938171815141,-0.008643813841833863,0.37227988581674043,0.4508179726433524,0.057218618563097366,0.4772750508547385,0.4566279704582722,0.42369950389803673,0.12248521634426998,0.35074004423194655,0.40278975351232105,0.33005075339390305,0.14192303668897607,0.33553771498110446,0.701874565305014,0.15815626884541203,0.6102265957287646,0.3846615943497189,0.31333325765950254,-0.09292299474363229,-0.2590763509669075
0.14606748835577715,0.17532518465007318,0.29733176872462586,0.5274897846733942,0.1732545645265107,0.3256941040521104,0.5645169193011029,0.24237896852215737,0.2656964202634032,0.27091636717974865,0.30907827675213806,0.4067003228651469,0.28988279808718487,0.29663831540420177,0.21104342960600048,0.32916927950735153,0.32293552514463997,0.24892334285610873,0.24187345915156863,0.20528936099943823,0.2299043008162965,0.32806780117080436,0.290516838228109,0.23662708214881062,0.15289314001826435,0.26523759973657035,0.2558091790032254,0.09509955340731563,0.40131834249521525,-0.1622095620626401,0.185906062503732,0.2984862574082744,0.09196439265527016,0.2857273307943954,0.11906880843314786,0.25658632085668953,0.049172950952852755,0.16033569775250983,0.20974272126733978,0.131034985728683,0.14336051771301378,0.21869449217165288,0.28075508047821424,0.11120996306216333,0.16039317817363863,0.2354633337473779,0.005883186611240891,-0.07339687847888539,-0.02912873005868067
0.13817053621885364,0.23277426635756449,0.4785610257756559,0.32718018388509995,0.37707394975720016,0.5923261676156785,0.24237896852215737,1.1460214324568254,0.17533775217947448,0.3973526942938723,0.3781872794255483,0.0532552337881731,0.45945614685680086,0.29947685176038613,0.2297632290395204,0.27916805962058716,0.35128042314150204,0.2129231052756868,0.4871333915546044,0.5849136543673293,0.1833313689487417,0.29051939242269625,0.1820766276912823,0.2858081917915036,0.062193789951352746,0.4338389464417968,0.29779936201406537,0.14838720297212346,0.6100645799967833,-0.0884522847457561,0.23863234573152176,0.3105897898701841,0.019872746439741566,0.4392051257219815,0.3325850158694195,0.29553279516731557,0.05859995113340878,0.12897082427605203,0.4010331915735611,0.17915496515727292,0.2424122265914302,0.15749024878673643,0.46658417998146723,0.10501991361087244,0.3742623756610793,0.3049599099969039,0.1471160021630485,-0.07093763371956523,-0.10151081055648424
0.13312596844375316,0.3006493295607928,0.5668984226678128,0.3317473618665643,0.15032061115640316,0.36541125157337295,0.2656964202634032,0.17533775217947448,0.7725555055770307,0.2993407146669749,0.2860298806267093,0.3085488240289353,0.31681245321895873,0.2977280073622627,0.3157491414773123,0.26506071751632887,0.24104491825391064,0.2863662037765049,0.2574389153033212,0.1560839956893329,0.21465777031757638,0.4754773262689767,0.3634628809572252,0.28641721514096113,0.0756150332495664,0.34126921657531223,0.22843632636588498,0.12316864935971374,0.4098680185199937,-0.05454240890654754,0.2295659806325927,0.317832688792379,0.1484629450952213,0.18853587123345583,0.11303819501594176,0.3691904598501717,-0.008404325439779618,0.1602888864193858,0.20854198045734412,0.036585249017186794,0.18887755441917195,0.21055395641068733,0.2067189750429108,0.11707531786115392,0.18282411827992304,0.32516499251873754,0.14414767744845708,-0.13420248909001944,0.1528738687280239
0.1216051176709852,0.16327973770163945,0.45623179332978137,0.6519036613485284,0.17688664006857865,0.5112457838351422,0.27091636717974865,0.3973526942938723,0.2993407146669749,0.8922453248955334,0.439593427391453,0.45680674755808226,0.4522374118246277,0.3543621689644236,0.33944174757357254,0.39285676641321204,0.4064818437922518,0.3847737875354711,0.3689170420751445,0.4291835852033141,0.24903890959224995,0.39739870751994666,0.31311712089575966,0.31509616924675804,0.1493686043393446,0.39077526082021563,0.35401819708260546,0.21048327620832782,0.6177895330759177,0.04761277698483684,0.31360567613994694,0.3470226155630879,0.13937152519999257,0.48443475121230145,0.3197312640114487,0.43791733936712424,0.1111748936834432,0.2037139765361003,0.29567992992963843,0.1561756979397092,0.3126672935673352,0.22946977412746458,0.48855443726642006,0.13935705414733077,0.3774985857224894,0.36902330591985755,0.26669401614016514,-0.09304913669841498,-0.1799865835787417
0.11620702021227064,0.21181008588136796,0.34068782765515276,0.5092255198118852,0.2278009825206038,0.5378357188872943,0.30907827675213806,0.3781872794255483,0.2860298806267093,0.439593427391453,0.6804447234842382,0.4831935813800301,0.44588760938932104,0.3293291824484779,0.4173623606423377,0.4066386634814179,0.45250661453158414,0.3712877879824376,0.3874979841301131,0.40438313228745637,0.2900722188779578,0.38181739501242246,0.33780534002516677,0.34445386104510917,0.20426037311769538,0.3890525298693854,0.3459334640500259,0.21136848602068983,0.6180118466081355,-0.041093273540961164,0.3110568740482155,0.3213559894551407,0.11524760117548276,0.43087538110502627,0.3398988217926851,0.40918058649845557,0.09913893233102115,0.19455582811671518,0.3357904154553454,0.21800120055752523,0.2892720182998595,0.2745292137390803,0.4531137656183165,0.13224971863098442,0.3056859789424359,0.3471908312494964,0.20317528800986823,-0.07685926256418246,-0.17829478025536238
0.11990580937212897,0.08714391701008482,0.2696031260909831,0.7757577969227958,0.24017446990864572,0.5739483173958911,0.4067003228651469,0.0532552337881731,0.3085488240289353,0.45680674755808226,0.4831935813800301,0.9746909824060538,0.3537171452976577,0.40023693319204917,0.39185949453182634,0.485126254508846,0.48006639027563736,0.5301953157804289,0.42096444520478327,0.25311206458226526,0.3191804701696463,0.41466250459565807,0.38667485755316194,0.2766778924003995,0.25481698666014346,0.3892399732690356,0.4089763817124481,0.1935091128817709,0.5067944768423971,-0.06226636856746565,0.32730341129344404,0.37667333190649605,0.18539020896071798,0.39269877783338153,0.24421103091960283,0.4230102014809718,0.12580438546480496,0.266672617143432,0.2110449040544354,0.21653672697983706,0.1869793093689191,0.29461983984834184,0.47226878213307105,0.14221162530752265,0.3312046635505453,0.3434064965647102,0.2605756544964775,-0.08586363190190834,-0.26383839803936365
0.1283367191367226,0.2263282009969948,0.3412418421819695,0.434902915751122,0.28036643500469693,0.494738936795481,0.28988279808718487,0.45945614685680086,0.31681245321895873,0.4522374118246277,0.44588760938932104,0.3537171452976577,0.6682966578887515,0.3332516101096661,0.2794414450671399,0.3862648789969749,0.36513894961671284,0.343851876691843,0.3944733753971377,0.32691289474939794,0.23312276606635188,0.4212951705848018,0.3071328810673549,0.287965381966428,0.13380414578917707,0.3210909378675783,0.34777868281281593,0.18902412403729205,0.6032189942603418,-0.04079434132425095,0.2643464823013068,0.321002429717306,0.11901312437430893,0.3828791030825276,0.2926400059415296,0.39112053943697256,0.07416670587905429,0.1250858410732013,0.3428786542407467,0.196693239283086,0.27647886233425467,0.2180166577689703,0.39994602682154423,0.13649941090735596,0.17685221899553874,0.34941909031958923,0.18942961193695726,-0.1182191341411426,-0.06867571723334935
0.13312127387879688,0.08380522659789949,0.2801216669036751,0.6035780601246244,0.20501486275459413,0.44366301011788456,0.29663831540420177,0.29947685176038613,0.2977280073622627,0.3543621689644236,0.3293291824484779,0.40023693319204917,0.3332516101096661,0.6250759692851044,0.3301223388500309,0.4676908084746193,0.3631817599740004,0.33548588558851217,0.3346110839905431,0.283381675729793,0.2045129995005896,0.3972233449676047,0.3275052709733238,0.3185495347138058,0.15523722650448482,0.4085075848771094,0.33658492863792594,0.1663101702496276,0.44464849716435706,0.05979410822972657,0.2925304656515411,0.5544918917311161,0.15161617958211787,0.2375948392099232,0.19226881399056542,0.3978387491137182,0.12182777163169253,0.22711335500069554,0.12945489368588395,0.1834438549131853,0.2536210164343523,0.1895767190539463,0.3794850889235359,0.11805835518581713,0.24235028216379462,0.35507351553220307,0.2746482370795299,-0.08241725914239387,0.028512898795576225
0.11084114785441822,0.2842302973777761,0.3245252899357927,0.37809773572597805,0.17711337037917912,0.45362517990208223,0.21104342960600048,0.2297632290395204,0.3157491414773123,0.33944174757357254,0.4173623606423377,0.39185949453182634,0.2794414450671399,0.3301223388500309,0.6576048830240806,0.3673642036448625,0.4155342064910486,0.3284153226610204,0.32695656347293,0.34964108827961754,0.25849291613078523,0.32187830855666844,0.3593559059041522,0.3355468922976739,0.18453262825145922,0.3491911959086722,0.27935501793479983,0.1957636539867264,0.536806644383275,0.019913309861241575,0.2706088262747093,0.3007293400942653,0.12022857458761917,0.33714924922207334,0.285027809756152,0.3955335197478338,0.10864631671613616,0.17525451747573484,0.20881400452668064,0.1603433298255036,0.284895625510621,0.2482756963643773,0.38786339757800736,0.11422049618241073,0.3088712583741803,0.314866511176662,0.20934300659618352,-0.06753199417660319,-0.22323024685438386
0.12059854493426106,0.11934651865821189,0.26532271879120084,0.617816293040004,0.23041964650568933,0.47263721137070297,0.32916927950735153,0.27916805962058716,0.26506071751632887,0.39285676641321204,0.4066386634814179,0.485126254508846,0.3862648789969749,0.4676908084746193,0.3673642036448625,0.6899672848653933,0.46314567313249116,0.35100481742604617,0.3524593347724306,0.3177165671238711,0.2526488615424694,0.45179891651022397,0.31521261298327313,0.31314707642485023,0.16000259158999397,0.29233486066465353,0.38585561423999387,0.2134768386004476,0.5400633206514387,0.009822443554613194,0.3125254077175162,0.419719864560118,0.12332189773044352,0.31920155502476116,0.32062465647256905,0.3915677675876702,0.16757005893405696,0.2205015868970402,0.27479769372216245,0.2639686394682268,0.2773691659174606,0.23969603079852658,0.45350295670926505,0.13662350293269304,0.25230382901731624,0.3444098646099401,0.23848305284024626,-0.10632846950813862,0.001596520353863468
0.09124770560693064,0.1811328373554737,0.30180443525070255,0.5308728519743764,0.1528144543652858,0.5462588737108467,0.32293552514463997,0.35128042314150204,0.24104491825391064,0.4064818437922518,0.45250661453158414,0.48006639027563736,0.36513894961671284,0.3631817599740004,0.4155342064910486,0.46314567313249116,1.1012335740893393,0.38716737809090923,0.36001654945637324,0.5253947410656744,0.31292176902253666,0.39773684571003204,0.25491384125458116,0.27804971053787325,0.408992171583364,0.18891503720994265,0.36408721443079345,0.3101917913290307,0.6925812013217029,-0.04602990507851044,0.3756750442725429,0.31199199858214316,0.16636219351314094,0.419715007899772,0.43000047557540166,0.3440494645370789,0.44217936847404227,0.36237209406813337,0.467664962243441,0.3016919610582418,0.2691377719232682,0.28713560747631994,0.6711261741833688,0.16187742002776218,0.48967034498155954,0.3442715600057077,0.2475723280861649,-0.041625282971958305,-0.1504040284903027
0.12927952022809863,-0.02249857951066218,0.40532453006087504,0.6160885026939886,0.20413859116392896,0.3815366597929429,0.24892334285610873,0.2129231052756868,0.2863662037765049,0.3847737875354711,0.3712877879824376,0.5301953157804289,0.343851876691843,0.33548588558851217,0.3284153226610204,0.35100481742604617,0.38716737809090923,1.4323504500135624,0.3056643046849332,-0.16361312962184948,0.20562202498833435,0.4567552729713369,0.5431363746111216,0.09201912696574682,0.23927020351689868,0.5621330100362828,0.2384747124692535,0.3048176739964083,0.4153614692688774,0.06885824243519151,0.5113481046218278,0.24511674063113498,0.39073259093053553,0.39562560978424394,0.2465500617809676,0.7224297250543376,0.24364416733433,0.134470233402702,-0.019499776349690353,0.05036645343118763,0.40212976832684555,0.14729095713306858,0.5476638948522129,0.12697528414502116,0.49001893762370086,0.4167828295270624,0.7345092397352484,-0.1916251571497856,-0.6612750235847461
0.1572256920479233,0.09678673422196542,0.06915662235912333,0.26952233017366567,0.8393791443558821,0.6972814746639033,0.24187345915156863,0.4871333915546044,0.2574389153033212,0.3689170420751445,0.3874979841301131,0.42096444520478327,0.3944733753971377,0.3346110839905431,0.32695656347293,0.3524593347724306,0.36001654945637324,0.3056643046849332,1.0181234577881586,0.5098510322810687,0.25169164280803935,0.33815408412754006,0.2550722287565513,0.31042582214190584,0.10110021238419241,0.3510998901572586,0.3322781557232396,0.13021148220300618,0.5523759880972681,-0.01682616501005967,0.2718878087796566,0.31316115898075586,0.07564628980998149,0.4789164484121028,0.19761506243592167,0.35754436597811035,0.0728430941756864,0.25819473638119467,0.27630325035534065,0.2558588199523297,0.1586420723849133,0.21806934046494314,0.46010384736244586,0.10123945187947374,0.23778917341475694,0.2945060587793891,0.1780862096637959,-0.08532085305571897,-0.2851690549999795
0.06258625910721775,0.21942336733836026,0.14352482391960572,0.24082084469060286,0.28399153015827866,0.6605025397661887,0.20528936099943823,0.5849136543673293,0.1560839956893329,0.4291835852033141,0.40438313228745637,0.25311206458226526,0.32691289474939794,0.283381675729793,0.34964108827961754,0.3177165671238711,0.5253947410656744,-0.16361312962184948,0.5098510322810687,1.9229741848097959,0.13696183542118218,0.16479104059231625,0.11827582315124723,0.4797121741000999,-0.1199466936158903,0.33469124159445146,0.5049898606270831,0.3386477075571347,1.0495705742843122,0.1683827635436476,0.3586664957561562,0.3249471535973724,0.0771650019931907,0.6969067629409261,0.6012986983916956,0.3661034677638938,0.4780272928207036,0.4085000995929738,0.5333542214520743,0.6024069992681542,0.315017526870672,0.08062573402026427,1.0791197680417484,0.09824954289310413,0.8431716347510123,0.3234249506047662,-0.03528681780995186,0.10310039628397707,-0.037699074363993716
0.11614231934457135,0.3316535747603449,0.3136710066408671,0.2077918336945445,0.09705357833452491,0.38222202683775325,0.2299043008162965,0.1833313689487417,0.21465777031757638,0.24903890959224995,0.2900722188779578,0.3191804701696463,0.23312276606635188,0.2045129995005896,0.25849291613078523,0.2526488615424694,0.31292176902253666,0.20562202498833435,0.25169164280803935,0.13696183542118218,1.2260642096772347,0.2813530896513334,-0.014979085391613077,0.0855541797947308,0.5119917415774914,0.1392430123536771,0.192045778681002,0.3852704871592112,0.33733070359746536,-0.04132799515792853,0.22289180999884176,0.18830898117228254,0.18524378901013624,0.31547075487392356,0.5584566630413137,-0.022644021822500044,0.16504021338959624,0.5175594990413267,0.4132005217413859,0.1234040806763232,0.13146804073820764,1.1427458802107633,0.6351578046595421,0.1544978293609431,1.2175474742538788,0.1554378622054953,0.16567453253234063,0.1536248987936618,-0.6128686840870822
0.13985913403280942,0.15326701169630172,0.45414447637842814,0.5484497037144326,0.2084929948767287,0.45349520268690774,0.32806780117080436,0.29051939242269625,0.4754773262689767,0.39739870751994666,0.38181739501242246,0.41466250459565807,0.4212951705848018,0.3972233449676047,0.32187830855666844,0.45179891651022397,0.39773684571003204,0.4567552729713369,0.33815408412754006,0.16479104059231625,0.2813530896513334,0.899364956653598,0.4486038739729095,0.2997471875368277,0.0377296436829575,0.2948492548258491,0.3158108873717711,0.1704652059964804,0.5811234818110947,0.008461634550820078,0.3374074323131592,0.40526976714474,0.16890492774589327,0.34901821677599154,0.19913932840927093,0.536923709877635,0.030087598060963408,0.29208195144112503,0.3146950928075528,0.14423772114995942,0.2852378156522093,0.2729786793762366,0.3522707764037529,0.1553210229582432,0.17643735312036699,0.44908612901951345,0.2806550676002746,-0.31484470583712343,0.39493065765351976
0.11216090704075775,-0.309069997353383,0.38762955386042003,0.6361538082690453,0.2629154496773135,0.2678551100792006,0.290516838228109,0.1820766276912823,0.3634628809572252,0.31311712089575966,0.33780534002516677,0.38667485755316194,0.3071328810673549,0.3275052709733238,0.3593559059041522,0.31521261298327313,0.25491384125458116,0.5431363746111216,0.2550722287565513,0.11827582315124723,-0.014979085391613077,0.4486038739729095,1.635362499220378,0.6324036995505417,0.19714494447490888,0.3021418059739608,0.20616569656385256,-0.11712001075119152,0.6994936703995877,-0.03862309243550788,0.056248977613780775,0.27899704095387406,0.06377237759898496,0.4272955712372299,-0.18633885645236237,0.9406426427051354,-0.3411786402255944,0.02689499654897991,0.07971499322392173,0.16901813277189537,0.44435123643353375,-0.025433957247307813,0.32932612826108804,0.25805291510720163,-0.3344571754884957,0.46269491751643327,0.21872139166175572,-0.34537577989789353,-1.008439133828925
0.07919892117711089,0.02997886455577384,0.2750875910726667,0.4225505198844562,0.19769277270249536,0.40497989333598483,0.23662708214881062,0.2858081917915036,0.28641721514096113,0.31509616924675804,0.34445386104510917,0.2766778924003995,0.287965381966428,0.3185495347138058,0.3355468922976739,0.31314707642485023,0.27804971053787325,0.09201912696574682,0.31042582214190584,0.4797121741000999,0.0855541797947308,0.2997471875368277,0.6324036995505417,1.512568648193746,0.309484810531206,0.2730092286523594,0.2709870899064839,0.1418414346091919,0.4816294028489959,0.37029159821140184,0.4962810138578197,0.31775438438154624,0.08765495935880997,0.4343263428454439,0.250328557201968,0.6570501604101789,-0.016684527287797835,0.1753879158997264,0.2434198746562038,0.10908298744688819,0.45631433060607424,0.08891373264457747,0.2604388704414184,0.16425107635840436,0.17748117905307795,0.4240215326460823,0.27512785430202047,-0.10833930282290033,-0.4557057585452654
0.11507935847823651,0.17810796181938304,0.23702276206384534,0.19654579572322328,0.0038806080791516716,0.21124074478034627,0.15289314001826435,0.062193789951352746,0.0756150332495664,0.1493686043393446,0.20426037311769538,0.25481698666014346,0.13380414578917707,0.15523722650448482,0.18453262825145922,0.16000259158999397,0.408992171583364,0.23927020351689868,0.10110021238419241,-0.1199466936158903,0.5119917415774914,0.0377296436829575,0.19714494447490888,0.309484810531206,3.918411575493929,-0.3015637730492047,0.09404269559172106,0.24477602412547628,0.5372252810269917,0.48356845262897535,0.14543279877117155,0.181166855288738,0.1845454351138467,0.8398595942285405,0.42647980028817917,-0.03447964900786647,0.5544845406680379,0.74816099342769,0.9939925178652549,-0.07822597018822229,0.06510609061477689,0.5410940256031775,0.7081033725714423,0.20088085106272474,0.8202647374429806,0.4387888476488407,0.42605994229092564,0.13184497290588232,-0.9555176509680716
0.09718365199458903,0.20386436840454383,0.42651274294895575,0.5171858106628257,0.23164174648423566,0.4858898101592941,0.26523759973657035,0.4338389464417968,0.34126921657531223,0.39077526082021563,0.3890525298693854,0.3892399732690356,0.3210909378675783,0.4085075848771094,0.3491911959086722,0.29233486066465353,0.18891503720994265,0.5621330100362828,0.3510998901572586,0.33469124159445146,0.1392430123536771,0.2948492548258491,0.3021418059739608,0.2730092286523594,-0.3015637730492047,2.1453378667943186,0.270549596331556,0.2116190068879005,0.032373193047118276,-0.03809700656747633,0.3926740675887117,0.40385317735108084,0.26272928923047223,0.5460356835356681,0.2530853132588109,0.6168261589447299,-0.25606137485711855,0.1588226224185161,-0.9017509889151238,0.09478150210061492,0.57457907184613,0.11235306229165623,0.5123295093713314,0.0719200091809246,0.5186539099090337,0.39863293916972264,0.2675212762936212,-0.03762692511192821,-0.3329326505334452
0.09493963670051829,0.1393206861182315,0.23227305656641153,0.44660510630156164,0.19515044253761357,0.4503560993780455,0.2558091790032254,0.29779936201406537,0.22843632636588498,0.35401819708260546,0.3459334640500259,0.4089763817124481,0.34777868281281593,0.33658492863792594,0.27935501793479983,0.38585561423999387,0.36408721443079345,0.2384747124692535,0.3322781557232396,0.5049898606270831,0.192045778681002,0.3158108873717711,0.20616569656385256,0.2709870899064839,0.09404269559172106,0.270549596331556,0.6503132822830874,0.22132091527636108,0.4797079293454329,0.03900975859210901,0.28599111278771994,0.40802519485880273,0.17860834815871163,0.30576321938852036,0.2732802634741535,0.3553307776554559,0.2081366807202012,0.18932696387752426,0.258974430304823,0.24949896903750157,0.25964283273702055,0.1748069156913923,0.4437924106641358,0.1065335929523564,0.28059679850913855,0.36122671001807777,0.1640953813055434,-0.05354444832322832,-0.14452237736698823
0.04191707504402922,0.2506205234365116,0.10929739573102878,0.05808706932965022,-0.0532602429603839,0.2543701146686529,0.09509955340731563,0.14838720297212346,0.12316864935971374,0.21048327620832782,0.21136848602068983,0.1935091128817709,0.18902412403729205,0.1663101702496276,0.1957636539867264,0.2134768386004476,0.3101917913290307,0.3048176739964083,0.13021148220300618,0.3386477075571347,0.3852704871592112,0.1704652059964804,-0.11712001075119152,0.1418414346091919,0.24477602412547628,0.2116190068879005,0.22132091527636108,0.9505054025917695,0.20765784332190004,0.511088905823737,0.40723028844064646,0.10491501374176287,0.5645158698089325,0.23400411966905196,0.9342211964314178,0.3305943171485965,0.6127418366546364,0.2893434295622367,0.2871225753095353,0.22345332458062644,0.38022894138095675,0.3862184346298587,0.596823493491864,0.17101929952476383,0.8574702241198584,0.20729698372027427,0.46315945085079024,0.2125910985554926,-0.15019458166119512
0.19706554363941023,0.3772857382880749,0.6116605136897335,0.5394639737102959,0.26136497698890493,0.7893938171815141,0.40131834249521525,0.6100645799967833,0.4098680185199937,0.6177895330759177,0.6180118466081355,0.5067944768423971,0.6032189942603418,0.44464849716435706,0.536806644383275,0.5400633206514387,0.6925812013217029,0.4153614692688774,0.5523759880972681,1.0495705742843122,0.33733070359746536,0.5811234818110947,0.6994936703995877,0.4816294028489959,0.5372252810269917,0.032373193047118276,0.4797079293454329,0.20765784332190004,3.490938855943957,-0.5664323308419364,0.11938991107911308,0.420799408970694,-0.2835801586115285,0.7694458812936963,0.7954933894779078,0.8607305725327996,-0.5181456066889707,-0.1538444668585311,0.7938496319928615,0.5227451138518864,1.1128741002208495,0.29383550514511697,0.987501066351195,0.05885773145834725,0.6057568249148543,0.6279065107875662,-0.1474208267860479,-0.5312240553355148,-1.1389754217349788
-0.08721221039371821,-0.025405333683225867,-0.7562846502505495,-0.18677385884650538,-0.05065976298525209,-0.008643813841833863,-0.1622095620626401,-0.0884522847457561,-0.05454240890654754,0.04761277698483684,-0.041093273540961164,-0.06226636856746565,-0.04079434132425095,0.05979410822972657,0.019913309861241575,0.009822443554613194,-0.04602990507851044,0.06885824243519151,-0.01682616501005967,0.1683827635436476,-0.04132799515792853,0.008461634550820078,-0.03862309243550788,0.37029159821140184,0.48356845262897535,-0.03809700656747633,0.03900975859210901,0.511088905823737,-0.5664323308419364,4.06819594992584,0.4746202049598072,0.03184579579123195,0.5608809205410284,0.057968528085988485,0.5244573347404548,1.0105174968721917,0.8397909564173238,0.4649459071907304,0.5415549500543556,0.045278413921208856,0.5855942745105177,-0.07113258995505385,0.546840877286044,0.05283935722473811,0.9514510988072032,0.5733050378154241,2.0221122484485923,0.1443555717190888,-0.7313510731416076
0.09456642178642968,0.16598371104072687,0.2586819200301514,0.342623717102931,0.12669547491327396,0.37227988581674043,0.185906062503732,0.23863234573152176,0.2295659806325927,0.31360567613994694,0.3110568740482155,0.32730341129344404,0.2643464823013068,0.2925304656515411,0.2706088262747093,0.3125254077175162,0.3756750442725429,0.5113481046218278,0.2718878087796566,0.3586664957561562,0.22289180999884176,0.3374074323131592,0.056248977613780775,0.4962810138578197,0.14543279877117155,0.3926740675887117,0.28599111278771994,0.40723028844064646,0.11938991107911308,0.4746202049598072,1.3939589467335767,0.2618203745633291,0.31745356813175896,0.23160255357077117,0.47586380437972975,0.707113600079623,0.5027705315765467,0.31502858717865684,0.15867206831376507,0.09040892345208748,0.4164984284260898,0.19640544721161285,0.36313593384345133,0.09632534588741001,0.6737487529436049,0.4577668420547407,0.5521241546498686,-0.011757322082916249,-0.3246942899621975
0.1338864173761127,0.11808887595638302,0.30612569647564697,0.5930133403813967,0.18398876546792223,0.4508179726433524,0.2984862574082744,0.3105897898701841,0.317832688792379,0.3470226155630879,0.3213559894551407,0.37667333190649605,0.321002429717306,0.5544918917311161,0.3007293400942653,0.419719864560118,0.31199199858214316,0.24511674063113498,0.31316115898075586,0.3249471535973724,0.18830898117228254,0.40526976714474,0.27899704095387406,0.31775438438154624,0.181166855288738,0.40385317735108084,0.40802519485880273,0.10491501374176287,0.420799408970694,0.03184579579123195,0.2618203745633291,1.059813923181151,0.1734119028831361,0.07787639219363889,0.038915130026132214,0.3293062044962434,0.07907445855869465,0.29673029788439337,0.09594346117142491,0.1874412574511195,0.11691854990210769,0.17250345302426545,0.329462034738199,0.08793956064971299,0.22575140776154795,0.4079960175106724,0.202448928843346,-0.07530734893020163,0.1840666521691532
0.044440079040258096,0.06836399928999923,0.13215715124783903,0.24254674126422343,0.0630332899228405,0.057218618563097366,0.09196439265527016,0.019872746439741566,0.1484629450952213,0.13937152519999257,0.11524760117548276,0.18539020896071798,0.11901312437430893,0.15161617958211787,0.12022857458761917,0.12332189773044352,0.16636219351314094,0.39073259093053553,0.07564628980998149,0.0771650019931907,0.18524378901013624,0.16890492774589327,0.06377237759898496,0.08765495935880997,0.1845454351138467,0.26272928923047223,0.17860834815871163,0.5645158698089325,-0.2835801586115285,0.5608809205410284,0.31745356813175896,0.1734119028831361,1.4040685484266224,0.1426891305330743,-0.13186378149388903,0.231736766814022,0.8213906615589982,0.31262861175295364,0.099548066759639,-0.07149992135097509,-0.01300578625355581,0.19652363768782996,0.28041731965274486,0.20279252706684003,0.5233273963314873,0.19301474433110927,0.607351650540872,0.22340278337120645,-0.27152391351373273
0.02948401782355659,0.08683437119252692,0.31660873453218413,0.3563717878091,0.45218160487441905,0.4772750508547385,0.2857273307943954,0.4392051257219815,0.18853587123345583,0.48443475121230145,0.43087538110502627,0.39269877783338153,0.3828791030825276,0.2375948392099232,0.33714924922207334,0.31920155502476116,0.419715007899772,0.39562560978424394,0.4789164484121028,0.6969067629409261,0.31547075487392356,0.34901821677599154,0.4272955712372299,0.4343263428454439,0.8398595942285405,0.5460356835356681,0.30576321938852036,0.23400411966905196,0.7694458812936963,0.057968528085988485,0.23160255357077117,0.07787639219363889,0.1426891305330743,3.2545173380158516,0.6964956257641983,0.39039118338175993,0.5162214002051536,0.19785565647693298,0.3450410750558027,-0.23061390366691348,0.39278441215910764,0.2805000333857957,1.1478317337428126,0.1612532741115996,0.8317272142841008,0.07421613270101739,0.23354285662747287,0.06875396522683641,0.3871552445916467
0.04432415038365946,0.42165162353523633,0.1096620308118189,-0.1583310655324344,-0.15283795277420337,0.4566279704582722,0.11906880843314786,0.3325850158694195,0.11303819501594176,0.3197312640114487,0.3398988217926851,0.24421103091960283,0.2926400059415296,0.19226881399056542,0.285027809756152,0.32062465647256905,0.43000047557540166,0.2465500617809676,0.19761506243592167,0.6012986983916956,0.5584566630413137,0.19913932840927093,-0.18633885645236237,0.250328557201968,0.42647980028817917,0.2530853132588109,0.2732802634741535,0.9342211964314178,0.7954933894779078,0.5244573347404548,0.47586380437972975,0.038915130026132214,-0.13186378149388903,0.6964956257641983,2.3629395905150274,0.16022429493643128,0.26931113828957987,0.11488145965458095,0.45531780121260923,0.3738614065090877,0.574788270606596,0.536729433175447,1.0161096340769222,0.09976277445924976,1.4061504677818624,0.16742524711672638,0.372848469876348,0.22392726394591794,0.5247608033731815
0.120597599773007,-0.05618651112439477,0.3850224865439133,0.5945116337635886,0.2515132588838884,0.42369950389803673,0.25658632085668953,0.29553279516731557,0.3691904598501717,0.43791733936712424,0.40918058649845557,0.4230102014809718,0.39112053943697256,0.3978387491137182,0.3955335197478338,0.3915677675876702,0.3440494645370789,0.7224297250543376,0.35754436597811035,0.3661034677638938,-0.022644021822500044,0.536923709877635,0.9406426427051354,0.6570501604101789,-0.03447964900786647,0.6168261589447299,0.3553307776554559,0.3305943171485965,0.8607305725327996,1.0105174968721917,0.707113600079623,0.3293062044962434,0.231736766814022,0.39039118338175993,0.16022429493643128,3.189993076028659,-0.1715782702354037,0.11006398372945896,0.039458567773791225,0.351985168386298,1.010984134578059,-0.08546875228471462,0.418294332359338,-0.07224413354969196,0.1055944412459335,1.0079879611196616,0.8706437981150423,-0.7081060127042108,-3.544473529209872
0.01514950520872628,0.36848970641669065,-0.05582664936966719,0.029668746115898374,0.025801691561567832,0.12248521634426998,0.049172950952852755,0.05859995113340878,-0.008404325439779618,0.1111748936834432,0.09913893233102115,0.12580438546480496,0.07416670587905429,0.12182777163169253,0.10864631671613616,0.16757005893405696,0.44217936847404227,0.24364416733433,0.0728430941756864,0.4780272928207036,0.16504021338959624,0.030087598060963408,-0.3411786402255944,-0.016684527287797835,0.5544845406680379,-0.25606137485711855,0.2081366807202012,0.6127418366546364,-0.5181456066889707,0.8397909564173238,0.5027705315765467,0.07907445855869465,0.8213906615589982,0.5162214002051536,0.26931113828957987,-0.1715782702354037,3.9046864741576943,0.6888565282209126,0.27301587253256393,-0.17456267033112824,-0.1356089468015594,0.16063516267100786,0.5701708330218944,0.19290379675454786,0.4670865721652317,-0.013962421919306986,0.6807396560856214,0.7177998287874516,1.612531929982729
0.0746726535447475,0.1255098500070741,0.1832364692809957,0.2897415418732785,0.13219398974081145,0.35074004423194655,0.16033569775250983,0.12897082427605203,0.1602888864193858,0.2037139765361003,0.19455582811671518,0.266672617143432,0.1250858410732013,0.22711335500069554,0.17525451747573484,0.2205015868970402,0.36237209406813337,0.134470233402702,0.25819473638119467,0.4085000995929738,0.5175594990413267,0.29208195144112503,0.02689499654897991,0.1753879158997264,0.74816099342769,0.1588226224185161,0.18932696387752426,0.2893434295622367,-0.1538444668585311,0.4649459071907304,0.31502858717865684,0.29673029788439337,0.31262861175295364,0.19785565647693298,0.11488145965458095,0.11006398372945896,0.6888565282209126,2.333547084321015,0.14108756770941,0.4012812150954049,-0.2244353481091536,0.5664744748814896,1.2252797751071416,0.3892760862690862,0.34246184444066335,0.45516788702150746,0.3575475880690522,0.2899064776814071,-1.2535002656945342
0.08761002825074736,0.21769655786628744,0.12231484363008828,0.18224847804268168,0.14650441079324975,0.40278975351232105,0.20974272126733978,0.4010331915735611,0.20854198045734412,0.29567992992963843,0.3357904154553454,0.2110449040544354,0.3428786542407467,0.12945489368588395,0.20881400452668064,0.27479769372216245,0.467664962243441,-0.019499776349690353,0.27630325035534065,0.5333542214520743,0.4132005217413859,0.3146950928075528,0.07971499322392173,0.2434198746562038,0.9939925178652549,-0.9017509889151238,0.258974430304823,0.2871225753095353,0.7938496319928615,0.5415549500543556,0.15867206831376507,0.09594346117142491,0.099548066759639,0.3450410750558027,0.45531780121260923,0.039458567773791225,0.27301587253256393,0.14108756770941,2.8852340733021777,0.4101817742788287,0.057368005721598246,0.41542952295544916,0.40474731238738193,0.19686905353975695,0.8537478897080347,0.26192828366580434,0.29373932486904425,0.02310719360585101,0.24894145767411538
-0.012144997901597985,0.028515594608019935,-0.758158288851891,0.0864520662255176,0.20962319041684793,0.33005075339390305,0.131034985728683,0.17915496515727292,0.036585249017186794,0.1561756979397092,0.21800120055752523,0.21653672697983706,0.196693239283086,0.1834438549131853,0.1603433298255036,0.2639686394682268,0.3016919610582418,0.05036645343118763,0.2558588199523297,0.6024069992681542,0.1234040806763232,0.14423772114995942,0.16901813277189537,0.10908298744688819,-0.07822597018822229,0.09478150210061492,0.24949896903750157,0.22345332458062644,0.5227451138518864,0.045278413921208856,0.09040892345208748,0.1874412574511195,-0.07149992135097509,-0.23061390366691348,0.3738614065090877,0.351985168386298,-0.17456267033112824,0.4012812150954049,0.4101817742788287,2.645054025331649,0.2081431038879824,0.08201216827383738,0.5989463307666807,0.06211589540963174,-0.2233456674811158,0.38322868097082147,0.04203736000298743,0.18346127506775678,0.1508062078939131
0.07809401426527926,0.11941265687987408,0.22426594707677586,0.22769004903111503,0.1511606035521967,0.14192303668897607,0.14336051771301378,0.2424122265914302,0.18887755441917195,0.3126672935673352,0.2892720182998595,0.1869793093689191,0.27647886233425467,0.2536210164343523,0.284895625510621,0.2773691659174606,0.2691377719232682,0.40212976832684555,0.1586420723849133,0.315017526870672,0.13146804073820764,0.2852378156522093,0.44435123643353375,0.45631433060607424,0.06510609061477689,0.57457907184613,0.25964283273702055,0.38022894138095675,1.1128741002208495,0.5855942745105177,0.4164984284260898,0.11691854990210769,-0.01300578625355581,0.39278441215910764,0.574788270606596,1.010984134578059,-0.1356089468015594,-0.2244353481091536,0.057368005721598246,0.2081431038879824,2.6224062894325493,0.10787760769839387,0.18216173808347894,0.2975108147361166,0.013140408797695532,0.772209934335288,0.6166061810093559,-0.24288612681970778,-1.4123235883053158
