0.9637078357959042,0.3339395524462302,0.6441700675847347,0.09735611359504828,0.2858359645781486,0.24470992543761266,0.2398354141685343,0.20925627920767317,0.18609521778812105,0.10905127978110332,0.20354177742810892,0.22089889102984356,0.11638640773921816,0.22786094175647448,0.22172780228897446,0.16947327825488614,0.15882743564002622,0.25026378286152684,0.0897405830324551,0.12777122527381368,0.18896876431449044,0.20535987835164388,0.11821064280895947,0.009861179417741464,0.19507893511454,0.22885448789010185,0.15737648609698907,0.06740113372962182,0.1701750057253386,0.09611148004710032,0.16786674589858924,0.23019039912160535,0.19112760161279094,-0.0864405396889704,-0.012091553240191635,0.153719486365694,0.06054324185244915,0.11850603632563336,0.2031967186464048,0.026295669774381615,0.10142236885205427,0.17542651040091348,0.09636661935100174,0.030307708907481398,0.11957718227307532,0.2265000866895047,0.3094592865885907,-0.0034562192250896283,0.042556585392758084,-0.07326487494952914,-0.002055857780974604,0.14335451635636143,0.011213722285662654,-0.04984026371867972,0.21570288014564024,-0.08683894289544306,0.20958908988892544,0.20674849836078424,-0.5157849868462147
0.3339395524462302,1.8091340279636694,0.8780507001705934,-0.039901623350855744,0.09694649571231363,0.29005739596639635,0.16784205721819961,0.20834382486840708,0.27147728643551194,0.12204484411551497,0.14330318050094684,0.09542130157586887,0.12649947183250487,0.08694637896157546,0.21314740150764147,0.08453753697582987,0.11713769952188494,0.1663025968971314,-0.08904484289379924,0.25173357404231517,0.25573212317094085,0.16908840199841865,-0.016354301261062427,0.03317657709491821,0.09298275954117692,0.38609235780055595,0.1235919854587752,0.09751083999264226,0.29266301271354056,-0.0904821098129715,0.11888651117588551,0.14122903598727063,0.10647252826298129,0.19024925745891008,-0.031144287808546407,0.17815720389629133,0.1278007023096622,0.14881309672239562,0.03591584958503251,0.035530542923678264,0.07818616152929748,0.22845452946332623,0.029729295372866005,0.03127550873052327,0.14616977053028668,0.3132510440977316,0.2049798703900609,0.011396885819222904,-0.08623724135627961,-0.2783104196664723,0.16488793516210842,0.4527343317618222,-0.19239242395809997,-0.17783050492683633,-0.3732426371588751,-0.12227002330094666,-0.3356369276151226,0.4021009324854344,0.263522981536778
0.6441700675847347,0.8780507001705934,3.072109850772401,-0.18914647522921307,-0.5759426229807065,0.2277029403716415,0.23738997652659685,0.32202854932822333,0.5367170719433274,0.03959983229477131,0.14250458341759173,0.12070710857391462,0.09507814663241379,0.0672746396318491,0.24285059560685204,0.011691081195125623,0.11310031210079147,0.08709959455965344,0.1262308038616198,0.1701548477396934,0.1837603913591874,0.2296616179019533,-0.03697520994711526,0.07910136633517491,0.10361688486611291,0.310420778770061,0.11267848130247728,0.14103236574024672,0.05375112880954589,-0.5203109839663962,0.18207918003598741,0.16414685753171757,0.23662381249669912,0.04578599932106554,-0.27173965268361455,0.49541258371046326,0.13159813793366468,0.12233861825935895,0.13518716484393126,-0.3720979017437801,-0.08197469047967568,0.1655824352577569,-0.2520489846342447,0.01635234641018858,0.1526252671122562,0.6562715644075154,-0.06276574826025585,-0.02319030423056278,-0.4983072641125243,-0.03591500826843389,0.11975382199335496,0.49950650887264114,-0.380436721649844,-0.3079890499378317,0.10894533663769934,-0.047108221875372426,0.23882536919939112,-0.12280499643257602,-0.40906317839455825
0.09735611359504828,-0.039901623350855744,-0.18914647522921307,1.744407809472712,0.9355571698889324,0.4745030627914498,0.36269857996525035,0.21543538843899598,0.19471602223978263,0.3946974300118189,0.2758331226390551,0.3384014369108506,0.21290367460210485,0.34106358810642856,0.2483325055216374,0.3207557613674243,0.34692202674620304,0.2902212643073321,0.06490647902921304,0.23174673512408106,0.28005462305119133,0.31510281864272427,0.35992259710942087,0.2819544192157303,0.28063885781724984,0.355024332906382,0.2291517661062501,0.1540163751790875,0.3535477769554557,0.18264852746819202,0.23053201976211182,0.3060948475331486,0.19682526206218615,0.451795166981775,0.19721895537253772,0.2389933634763519,0.19965720787617006,0.16145153953320582,0.23279743443026624,0.1788821406535413,0.170187013886354,0.29435409077707575,0.24445363859031663,0.045741797191999556,-0.08480919908403904,0.17607271293898566,0.6215936856952706,0.001338144349042075,0.10754488499618228,0.007079482834747259,-0.07637672914491275,0.1114207495108537,0.07288211542636248,-0.038915303651856296,-0.06053709623081887,-0.0267232426959262,-0.4953235057015946,0.49726166034044955,0.06086552968648111
0.2858359645781486,0.09694649571231363,-0.5759426229807065,0.9355571698889324,2.4381965432432926,0.6748844251936775,0.33332520671268073,0.06738298048961337,0.062442228585993874,0.3708384093854384,0.33447817691602194,0.3825906177311755,0.24513243300009782,0.39147944195116546,0.3416212985792315,0.40165075014010365,0.3383247837231158,0.40527843401643565,0.1501080229959998,0.309490495508902,0.347325936306649,0.3078681466587646,0.4215104487917055,0.39865125287631986,0.3390359745515534,0.40558743423067334,0.28574299151354415,0.1496758729338692,0.3392202804859414,0.22018101316053745,0.38626936716207766,0.3622424884876208,0.17987548945118847,0.5491776080052171,0.2786470862937402,0.3437993704841293,0.44424865360094845,0.22270751332834943,0.23533703121473307,0.3121007879580768,0.23153348360147893,0.35903566118351243,0.3285124540254831,0.06196472535001998,0.02446941306301058,0.0601491021817311,0.7031447825592524,0.02911940683159509,0.12413724201701615,0.04833710385885831,-0.09171474333789024,0.0013180723743456966,0.20445769932152397,0.05582775923578546,-0.12092009064969926,0.033624558621197634,0.0031624506520148647,0.046039310517917376,0.14763046815772823
0.24470992543761266,0.29005739596639635,0.2277029403716415,0.4745030627914498,0.6748844251936775,0.8582342051376881,0.300702562301963,0.4038897500277712,0.25346728214259245,0.34255527465918423,0.3685946558476679,0.275808535470904,0.23368174508964681,0.31266684449639653,0.3828955511959954,0.27338285033141263,0.42431862029521433,0.24778246690130667,0.2765206878649611,0.4439359849702822,0.3286774507564664,0.40748292637452554,0.23599995460345688,0.34745406251904454,0.3122374204119688,0.42544618828183584,0.27595215240063464,0.2297936764930216,0.4312185869006329,0.0606220667084077,0.31767036449621866,0.37207797887451394,0.1919838308152907,0.4818505128063035,0.10604441707628187,0.2190106577698953,0.41684239501146364,0.2692028481697609,0.3672569415017268,0.17223698503119772,0.16152379222759375,0.32591303356557105,0.31186904423295875,0.06818288100728587,0.05283445718076717,0.2382187431927487,0.6614147016945878,-0.0008196747455632464,0.2847001046852651,0.2553821225024579,-0.1305201645459106,0.20385453791778954,-0.31479279095896856,-0.06405430792333473,-0.0349833735677583,0.01651979126144691,0.11571811767245178,0.04138892853598621,-0.09240126894268773
0.2398354141685343,0.16784205721819961,0.23738997652659685,0.36269857996525035,0.33332520671268073,0.300702562301963,0.52528584520163,0.1969416210041192,0.2820627059554615,0.2345458385485358,0.2504102825754612,0.3481550629256402,0.17378840109745014,0.2428827368140101,0.18105608223187733,0.24756977825083193,0.264964008571665,0.25556837838381413,0.06981348141140219,0.18077618307825824,0.22733727061578896,0.31610524694165415,0.25860394395441855,0.24625034422296369,0.24924502294428466,0.28693591577331234,0.21241691521924572,0.13146325451099003,0.22619918801232686,0.069548381626088,0.23698621876325002,0.2718769621578012,0.17553411401003613,0.2835056796780188,0.09129324843555911,0.3480475082075091,0.13530607537952974,0.12419692353804172,0.2469611831592326,0.10383514257863069,0.10679407447531392,0.2264207502158931,0.15803385552098811,0.029243406153228235,-0.056105078134547764,0.21001336793660422,0.2559370341723912,0.0036895366041038865,0.2703024141939326,-0.1123022223984632,-0.03388782729510967,0.17417899358353917,0.008508589714419503,-0.07797449586680193,0.030758943166882484,0.08252693041020696,0.05198404692953268,-0.015184929187203773,-0.15265598524535345
0.20925627920767317,0.20834382486840708,0.32202854932822333,0.21543538843899598,0.06738298048961337,0.4038897500277712,0.1969416210041192,1.4206111135524198,0.01598580987777185,0.3470604863210719,0.5044811165518414,0.3504104683214257,0.2738506183465821,0.29436414258718135,0.2556162991665448,0.2659531518726839,0.5364103957573433,0.3262827673011471,0.3970488513115198,0.4934268784702108,0.2235758640523703,0.3675385956813013,0.2486622687924864,0.1979640412000017,0.4425094816471661,0.2874775223565982,0.2961610715554778,0.331585409304272,0.36939382800076886,0.004303668231281267,0.2655903179582174,0.38195733096687623,0.31707660021677253,0.5498260091545103,0.1468328441346441,0.08465965901451236,0.5322403727996858,0.25309340612471776,0.6661183365397393,0.20707827816850108,0.1624391781045028,0.244436121255221,0.26127996174594337,0.04044712639880056,-0.04465114901482265,0.3198730099157456,0.8449062107687368,0.020547272914140328,0.44100243186219423,0.25201052366408244,-0.05470931883238847,0.582156868374279,-0.4057231041375005,-0.2843741495014887,0.01574994716025633,-0.11599390558905935,0.35812916481143764,0.3212637981670214,-0.4794062021294246
0.18609521778812105,0.27147728643551194,0.5367170719433274,0.19471602223978263,0.062442228585993874,0.25346728214259245,0.2820627059554615,0.01598580987777185,0.8878829762824949,0.19460736271997997,0.10176177204272346,0.1029673288349323,0.14233471164986966,0.22136604723255132,0.18662546360777207,0.09115779585689399,0.1813348052350066,0.15166740305813883,-0.04681119535223649,0.11707683151851102,0.2211975004911353,0.27469571779394253,0.27298038099107275,0.2777029141832239,0.13347071361315302,0.38486978654230297,0.12348756006961777,0.11662959276711053,0.11461177821635976,-0.04525693688278813,0.20879497096458846,0.20958444496674827,0.19603909989477433,0.2035599003420957,0.11644936319923013,0.2524487823961037,0.08908861525946685,0.10166022153185632,0.13281218364355532,0.02619217695999709,0.08423319815747236,0.20512371929053536,0.10877246640480748,0.0070622384396040894,-0.0675060233573925,0.2441250048115523,0.27564295317444215,0.00385637483646339,0.2678994719320381,-0.09760569387258697,-0.02601114935461922,0.06119804008440907,0.182229807194233,-0.11619098520676202,0.06721686705000225,0.20817811953089102,-0.05680280060491759,-0.28656057253464573,0.07738798697487881
0.10905127978110332,0.12204484411551497,0.03959983229477131,0.3946974300118189,0.3708384093854384,0.34255527465918423,0.2345458385485358,0.3470604863210719,0.19460736271997997,0.8452890227041786,0.37333382102893,0.3024736867592443,0.2410093105177021,0.23769741384193954,0.30159039627576917,0.20441971965073216,0.40515849848682073,0.25464227927147576,0.19488310326015132,0.24847558721208562,0.20046025641173684,0.300736809883722,0.3407816364011357,0.3315006983368726,0.28418916493079044,0.22100457298798412,0.22432536590721577,0.2387713987842749,0.33076741661694964,0.20038955397610106,0.2653760093759173,0.2515063620543625,0.22115130852993115,0.36671481005942747,0.2603140728167268,0.30221461363365265,0.37804373424747045,0.15072002698400333,0.3460087489145792,0.16385783542319413,0.23480381049005494,0.21140430331624704,0.1381545254206775,0.032842331804583826,-0.0881157687196909,0.2307897195982243,0.648601239618102,0.004993754958706412,0.1547261776230445,0.22526787839754844,-0.09462877152142514,0.10170238480749103,-0.04403652963315561,-0.06305921440063196,0.10774947611197158,0.006212203209694243,-0.012973551134865096,-0.28326341781745956,0.26354367460495576
0.20354177742810892,0.14330318050094684,0.14250458341759173,0.2758331226390551,0.33447817691602194,0.3685946558476679,0.2504102825754612,0.5044811165518414,0.10176177204272346,0.37333382102893,0.624632238811085,0.35990749312984416,0.23252438404224846,0.305859942943599,0.33124102535798805,0.24951507166452147,0.4327870447064651,0.27228057157321955,0.22745194676547645,0.3698972931261054,0.2533072619299941,0.28856888282949256,0.25944030676329205,0.2621308778806694,0.3230293799347153,0.2668183144147545,0.2653441008114935,0.21048154312861844,0.33328498564508796,0.14151728758119922,0.2656848630354182,0.3198213271309569,0.2487735095454802,0.3920970109803708,0.1928175201936559,0.22748330465252423,0.3691149214675757,0.20947483326712718,0.4029005499488939,0.1808154952529417,0.1741766258374229,0.2618173061204228,0.23009333989647918,0.035958335120982426,0.02659385844179945,0.2288583659042829,0.6177270606118007,0.019444632840575838,0.14954608470744615,0.09277699448258522,-0.07331623663364673,0.1844771451173698,0.0031510590808538556,-0.10946210717144093,0.030526104437479103,-0.0712965567362043,0.20861319563995273,0.09160914414880936,-0.21991490729629398
0.22089889102984356,0.09542130157586887,0.12070710857391462,0.3384014369108506,0.3825906177311755,0.275808535470904,0.3481550629256402,0.3504104683214257,0.1029673288349323,0.3024736867592443,0.35990749312984416,0.8012428894732091,0.200347360697062,0.3012748391751423,0.1457197200691503,0.31428299611210164,0.24735017701854314,0.3326165310333889,0.22334560398124903,0.18010071139314815,0.18149345221302282,0.23892882595027856,0.21650980774977488,0.19510997617449924,0.36299174519347716,0.20792265066620566,0.3019907569591756,0.13758537824904313,0.22652644664051694,0.06484555671772345,0.2426712948309004,0.3463105296070233,0.2105722881951225,0.29847275713290744,0.05452453336918946,0.32228850045643515,0.07747951203953228,0.1224128398751103,0.31451219069535574,0.1500286496638271,0.04775473241560099,0.2003806797475585,0.1737530662207506,0.025367611924142747,-0.06798867304346096,0.16458602526102253,0.3521173916864879,0.028335537810057473,0.22230670665934046,-0.3643932350261697,0.017343310309350844,0.378433030328033,-0.031034689120289845,-0.09245684332831765,0.011664663483151727,-0.025625004743627548,0.21621159601198423,0.020689290032849524,-0.20200897738464635
0.11638640773921816,0.12649947183250487,0.09507814663241379,0.21290367460210485,0.24513243300009782,0.23368174508964681,0.17378840109745014,0.2738506183465821,0.14233471164986966,0.2410093105177021,0.23252438404224846,0.200347360697062,0.39102085254595315,0.1813257737369044,0.11925847333111998,0.17391779323423437,0.214125545792577,0.17384392715839428,0.11693070640206416,0.1451332376746762,0.15648851892038526,0.23420860425502343,0.20480902409061466,0.1715899837452615,0.1695880508577005,0.15408413745527375,0.19338593882738417,0.16612589784244883,0.2513174528828882,0.10956529319878687,0.14675187093614953,0.21061958219134905,0.17980563720272022,0.23493109495635342,0.12382790918115093,0.1818048820865014,0.17279829698498997,0.08498632379365233,0.25310547619835677,0.11783094044501519,0.10557261829883557,0.15966129207032204,0.1364933010589291,0.030001138294135955,-0.06020754692055558,0.19113433707807867,0.3462597790770066,0.00038128910156205373,0.16349725767987644,0.1160304199071758,-0.029392819555336035,0.09482373282985793,-0.08609675678707655,-0.061695867206014054,-0.0013229944912999518,-0.08789745239533782,0.053572477923345296,-0.09950425937054877,0.14335179921748115
0.22786094175647448,0.08694637896157546,0.0672746396318491,0.34106358810642856,0.39147944195116546,0.31266684449639653,0.2428827368140101,0.29436414258718135,0.22136604723255132,0.23769741384193954,0.305859942943599,0.3012748391751423,0.1813257737369044,0.6479214752415394,0.2914850533427393,0.34731479846520286,0.3424210758384409,0.2562656022627882,0.17866176321477048,0.26681121220681736,0.2595385203518584,0.3494372074689444,0.2440875940778392,0.22898146227151117,0.2986657579224776,0.33018399667353987,0.24824383869819536,0.10182473257442015,0.27565265298666314,0.17550914773477394,0.2573525076060035,0.5263304256586883,0.24352984900629085,0.3486814266734418,0.19743070250761866,0.19806617292714404,0.23045491269560242,0.21483232764920782,0.24068531146040417,0.18848155025960395,0.23325407767662268,0.2735080043838528,0.30579839118877883,0.02765198050113353,-0.05077243541062655,0.1814538581812774,0.6865020363740539,0.014774749036474799,0.4453226136913179,-0.05703220476579048,-0.07589751708119169,0.0010741139157385564,0.31074641468590436,-0.048691553550193875,0.023195133882331995,-0.06714632781762836,0.321941879700823,-0.04655461736410187,-0.13593230553739905
0.22172780228897446,0.21314740150764147,0.24285059560685204,0.2483325055216374,0.3416212985792315,0.3828955511959954,0.18105608223187733,0.2556162991665448,0.18662546360777207,0.30159039627576917,0.33124102535798805,0.1457197200691503,0.11925847333111998,0.2914850533427393,0.914745369112768,0.20411138006277033,0.42014776949350013,0.21351494731445533,0.1865096750429686,0.3941142769380275,0.26341956187982996,0.2249916862121399,0.2418822372298746,0.3116127522746996,0.31249530455116836,0.28256202897300126,0.2108510627700286,0.3241838556104448,0.2842098798892242,0.15894950662700308,0.30564915937709547,0.29203833825652925,0.2165768029442738,0.34764311752285293,0.25088747160841635,0.271009776931011,0.5404570647436922,0.21421280734755774,0.27730941525089703,0.10615479004707083,0.21714995505607187,0.26134832921126844,0.2185332193418033,0.022520058891357324,0.13952660618577525,0.17084682191842365,0.5248055321694688,0.024740864620941643,0.018618611017936645,0.4495316821223182,-0.14841804787629007,0.2325298362984326,-0.3398285063064303,-0.04518787916381897,0.06784903184878711,0.12522197277507569,0.10340997097909337,-0.02217494986788152,-0.22926939960561293
0.16947327825488614,0.08453753697582987,0.011691081195125623,0.3207557613674243,0.40165075014010365,0.27338285033141263,0.24756977825083193,0.2659531518726839,0.09115779585689399,0.20441971965073216,0.24951507166452147,0.31428299611210164,0.17391779323423437,0.34731479846520286,0.20411138006277033,0.9238720350254213,0.26133200167416937,0.2267846993263902,0.321672278451078,0.1813884680606736,0.21373455406143202,0.24097066726225333,0.17718091913914927,0.2144087247833877,0.3625303493244424,0.13623265821550903,0.31416022171050567,0.22389816066461146,0.2547499652096918,0.29418160869849475,0.2301148893549524,0.3330908594029409,0.18679963795343085,0.2947575744454258,0.27252293334573424,0.25744976934905967,0.25441463877897447,0.1337838512473851,0.3187556511088381,0.2193050510615356,0.18639658079430593,0.25620315366225754,0.28447331690788324,0.0660837602607623,0.035597494719090725,0.12297234896894882,0.4682453871911672,0.014394198718599928,0.11788076367455522,-0.19759955024661766,-0.03255950925921572,0.11286214755892678,0.04315772401522784,-0.029619216336090024,0.01336211910979438,-0.014919670243548011,0.01675957730257226,0.15454680710565216,-0.08567315560048616
0.15882743564002622,0.11713769952188494,0.11310031210079147,0.34692202674620304,0.3383247837231158,0.42431862029521433,0.264964008571665,0.5364103957573433,0.1813348052350066,0.40515849848682073,0.4327870447064651,0.24735017701854314,0.214125545792577,0.3424210758384409,0.42014776949350013,0.26133200167416937,1.1070671423591376,0.407266334858631,0.19482003076629212,0.5181218287783059,0.34228500098969544,0.47294015403788653,0.41256438210669844,0.31294068603062125,0.4063894158947465,0.2892553073708037,0.2964855613781384,0.3287130034725334,0.3943220844601027,0.2428554176218019,0.37787825715173723,0.32780794453174944,0.3979138420333328,0.5213628161051772,0.3106415298095846,0.2669376014215075,0.7380917112072399,0.3252451580717038,0.4486979117925322,0.23194273416336755,0.33481986113387424,0.34416310593492977,0.3518746370300381,0.017396021171404465,0.07346599996641465,0.3238895857801031,1.0331286735422334,0.0004375617790958587,0.30070686217139075,0.26182132858424384,-0.1485590289087245,0.26103954987242717,0.013644807332534327,-0.1395512736928172,0.07622146349673103,-0.025351718239253866,0.09377486752901606,0.11274060908403995,-0.19906230106052245
0.25026378286152684,0.1663025968971314,0.08709959455965344,0.2902212643073321,0.40527843401643565,0.24778246690130667,0.25556837838381413,0.3262827673011471,0.15166740305813883,0.25464227927147576,0.27228057157321955,0.3326165310333889,0.17384392715839428,0.2562656022627882,0.21351494731445533,0.2267846993263902,0.407266334858631,1.389265350820177,0.1604875047310377,0.05045646252357222,0.3516152189425668,0.27202391207146387,0.6184616235630642,0.1653114181791091,0.3218677937590241,0.3563006314021455,0.21869408006398622,0.27553473690992064,0.4013646828501907,0.1219933659773587,0.4168112209423951,0.24812155115694987,0.3086024321897474,0.3329961231676189,0.2160469361114984,0.5344983250355828,0.3595644866777262,0.10762118864371734,0.21405338286533943,0.21726396430427034,0.2826787550531238,0.307272811747279,0.05850791451729699,-0.03563809323949961,-0.052251096494095726,0.2831316555230972,0.6592020048272694,0.026472693151729114,-0.13452833265068986,0.11498759927139758,0.03615818630337399,0.4280258852223402,-0.05407522074434616,-0.19885548586836596,0.039750871726071606,-0.084798725428368,0.13856735862340763,0.10684555393351788,-0.20677536220944473
0.0897405830324551,-0.08904484289379924,0.1262308038616198,0.06490647902921304,0.1501080229959998,0.2765206878649611,0.06981348141140219,0.3970488513115198,-0.04681119535223649,0.19488310326015132,0.22745194676547645,0.22334560398124903,0.11693070640206416,0.17866176321477048,0.1865096750429686,0.321672278451078,0.19482003076629212,0.1604875047310377,1.5047782057049017,0.22141131385643548,0.1688908199500459,0.28015966866156977,-0.2893199521905048,0.09975931786160556,0.19680345282830997,-0.1669401548944982,0.18188713386957808,0.28052249716080924,0.09301075752764915,0.1526830274514122,0.28803707924931854,0.1829589532847194,0.3535889045059945,0.14778656758725128,-0.043600534184120666,0.4494608800033098,0.6041564814608227,0.15641753267651787,0.5224495997488422,0.04354890523336708,0.1382839352000144,0.14880397209230384,0.01077344220857233,0.06394503860252994,0.13624830964020135,0.07185441721444977,-0.05825541787818098,0.03115306617776442,0.012366627064415783,0.43059955618136425,-0.044891744668209416,0.07830020066087151,-0.40268755694018876,-0.11443382791616201,0.05047936059737989,-0.03062407678376893,0.21719311985639356,0.007074436034839555,-0.1869077644165175
0.12777122527381368,0.25173357404231517,0.1701548477396934,0.23174673512408106,0.309490495508902,0.4439359849702822,0.18077618307825824,0.4934268784702108,0.11707683151851102,0.24847558721208562,0.3698972931261054,0.18010071139314815,0.1451332376746762,0.26681121220681736,0.3941142769380275,0.1813884680606736,0.5181218287783059,0.05045646252357222,0.22141131385643548,1.0439023995987555,0.22037205951981817,0.19481078225428386,0.21049910869307253,0.33999460760551586,0.3160456209069389,0.3070565152237881,0.30807635922369103,0.32560754882672477,0.37990086256466066,0.2517544589467907,0.3071364089645417,0.2814835804358902,0.2059556435634362,0.4882933228492625,0.3442321691198776,0.1763243791482361,0.7879469362839365,0.4559768353171958,0.47711718160856714,0.28623167632606605,0.2308413516685902,0.2699803698203922,0.4252937132041349,0.03086001338245187,0.32887608321944756,0.2284390379263744,0.5368416067159082,0.09833030143779019,0.26447661919046855,0.18313668196124402,-0.14229940118338777,0.2510582568682932,-0.12095042024054407,-0.11702316991010098,0.005397696639457452,0.015600150088812305,0.22124637971156377,-0.03257326139659819,-0.1388518579399565
0.18896876431449044,0.25573212317094085,0.1837603913591874,0.28005462305119133,0.347325936306649,0.3286774507564664,0.22733727061578896,0.2235758640523703,0.2211975004911353,0.20046025641173684,0.2533072619299941,0.18149345221302282,0.15648851892038526,0.2595385203518584,0.26341956187982996,0.21373455406143202,0.34228500098969544,0.3516152189425668,0.1688908199500459,0.22037205951981817,0.5559792755393221,0.28689116245079155,0.28657244457654113,0.2237660452883077,0.2253584903304311,0.333893436613013,0.17796654287453267,0.20583708988830368,0.23149465154716994,0.1981209308843685,0.3007271163814007,0.26376754709759753,0.2817727020711374,0.2783887912404395,0.179309472865349,0.3579882270948201,0.27726405959744327,0.1854414227315172,0.24597643995504662,0.1693708047892121,0.2944268085176979,0.4672824379947425,0.20024140902920137,0.033260868363837105,0.11389322869257648,0.21304774684535804,0.6302680787823314,0.027434886238066083,-0.05771513158470627,0.09130132748046872,-0.04821097414264677,0.1462739904888819,-0.012499502150745195,-0.09893369270340455,-0.00836297512848825,-0.01456738703239254,-0.04325556750205582,0.08268698680459682,-0.0338767800384378
0.20535987835164388,0.16908840199841865,0.2296616179019533,0.31510281864272427,0.3078681466587646,0.40748292637452554,0.31610524694165415,0.3675385956813013,0.27469571779394253,0.300736809883722,0.28856888282949256,0.23892882595027856,0.23420860425502343,0.3494372074689444,0.2249916862121399,0.24097066726225333,0.47294015403788653,0.27202391207146387,0.28015966866156977,0.19481078225428386,0.28689116245079155,1.8672311613183314,0.2598429390267927,0.21961228174558634,0.19376903896055533,0.14050962626988403,0.26556828189379944,0.36541168509403665,0.3902962220560737,0.4360921438255749,0.379626579645268,0.4798593924488156,0.44480104844532453,0.5076551057837003,0.18810285034022134,0.4775786894943729,0.32137286946177607,0.34499941458831207,0.5961551184085206,0.23181053194830356,0.31420190459056824,0.2856262887097643,0.6122383032861006,0.05647080599729851,-0.3901672572494098,0.874190093686615,0.61104571714787,-0.2737839365669211,2.516568256372191,-0.044006753084664015,-0.0027095712973402037,0.34352422547411665,-0.3655289208194832,-0.2484949037135013,0.0008784132296462314,0.016869038698907657,0.05270290438370587,0.04083723637316031,-0.12127320111637646
0.11821064280895947,-0.016354301261062427,-0.03697520994711526,0.35992259710942087,0.4215104487917055,0.23599995460345688,0.25860394395441855,0.2486622687924864,0.27298038099107275,0.3407816364011357,0.25944030676329205,0.21650980774977488,0.20480902409061466,0.2440875940778392,0.2418822372298746,0.17718091913914927,0.41256438210669844,0.6184616235630642,-0.2893199521905048,0.21049910869307253,0.28657244457654113,0.2598429390267927,1.5594232208131142,0.4974836268465524,0.46662316494163336,0.12882361939035872,0.16245003912995531,0.28716711428324554,0.3605323650002522,0.3645778501064386,0.2210620974131642,0.19197486847605344,0.4416469121325066,0.33548890528733266,0.3578237623951863,0.266205217868889,0.5477452844034484,0.12146430241376743,0.47295740393898295,0.2441529437342179,0.2794317493402417,0.2938368220286759,0.18204239640112196,0.015835525504385287,-0.10749673352459424,0.32707990797715664,1.0200241492247053,0.057275730349234624,0.12650334184522494,0.23111607498376643,-0.14008579284624026,0.08012568292231195,0.301536014278863,-0.13660431224718114,0.11848674973933955,0.0926424407726107,0.04042496493542649,-0.19526697192672657,0.037189190905541
0.009861179417741464,0.03317657709491821,0.07910136633517491,0.2819544192157303,0.39865125287631986,0.34745406251904454,0.24625034422296369,0.1979640412000017,0.2777029141832239,0.3315006983368726,0.2621308778806694,0.19510997617449924,0.1715899837452615,0.22898146227151117,0.3116127522746996,0.2144087247833877,0.31294068603062125,0.1653114181791091,0.09975931786160556,0.33999460760551586,0.2237660452883077,0.21961228174558634,0.4974836268465524,0.905328194216388,0.3179619687989395,0.2474109775770733,0.19604171545070517,0.28677571390565454,0.2277949844400682,0.3082210038516656,0.3800472738868001,0.23947002274587237,0.26657025625835884,0.08225774122126674,0.29078659335955437,0.5116398493014034,0.3004672936135584,0.19820623881416108,0.2996586447993821,0.16316123201306498,0.21816187172459267,0.24255051159775387,0.12695077277617417,0.0460404085408498,0.10419811133468404,0.19175494638499185,0.4929885104331861,0.03768494010705728,-0.0785598139292542,0.15683680227945984,-0.11888232442293782,0.10542343925089627,-0.008653691561422516,-0.057405013474614866,0.015162805252894271,0.2252049356750863,0.3111789314518252,-0.7396969712800061,0.23497342627576653
0.19507893511454,0.09298275954117692,0.10361688486611291,0.28063885781724984,0.3390359745515534,0.3122374204119688,0.24924502294428466,0.4425094816471661,0.13347071361315302,0.28418916493079044,0.3230293799347153,0.36299174519347716,0.1695880508577005,0.2986657579224776,0.31249530455116836,0.3625303493244424,0.4063894158947465,0.3218677937590241,0.19680345282830997,0.3160456209069389,0.2253584903304311,0.19376903896055533,0.46662316494163336,0.3179619687989395,0.9306393480266368,0.15307618216848407,0.2527330661728843,0.18377696809236688,0.33452683348980516,0.2367364468079334,0.28225186869617885,0.29252035001888177,0.2282332453129739,0.4463956041931832,0.2783800687104928,0.2196364481289965,0.3812385726207673,0.19345239789979296,0.44058456473211677,0.1896493395465713,0.17327052086052722,0.24866052081135828,0.25558577629603746,0.05216535012454503,0.011707696205530058,0.17627029503666372,0.6621553661990554,0.034522752942343464,0.10197657444979863,-0.44178497927318644,-0.10483337828875743,0.35930890677610783,0.19364008158986898,-0.09009830872406091,0.05687061882660237,0.0724298803984542,0.19504236462595165,-0.013566810574041082,-0.23220854798390633
0.22885448789010185,0.38609235780055595,0.310420778770061,0.355024332906382,0.40558743423067334,0.42544618828183584,0.28693591577331234,0.2874775223565982,0.38486978654230297,0.22100457298798412,0.2668183144147545,0.20792265066620566,0.15408413745527375,0.33018399667353987,0.28256202897300126,0.13623265821550903,0.2892553073708037,0.3563006314021455,-0.1669401548944982,0.3070565152237881,0.333893436613013,0.14050962626988403,0.12882361939035872,0.2474109775770733,0.15307618216848407,1.6421633585187259,0.19180507775457015,0.03155733723403854,0.2026847114780818,-0.37979226086878987,0.19966207745980813,0.35981828467718124,0.0437716289041752,0.36794432076461203,0.12768995123394838,-0.017884331380925,-0.35552971014293655,0.18909834250150664,-0.368063160619935,0.10369515839015016,0.17361874027561336,0.3604551357420345,0.42993734007769513,-0.01815995752161393,-0.19897744848511567,0.15764239555228837,0.45086691438178067,0.04074417261944093,0.06642611617233611,0.16218638141278008,-0.15982971845141067,0.03585877585033927,0.008207651800848592,-0.0948857788824126,-0.07619682062881004,0.016965331972264314,-0.02585367265338288,0.12687082235313996,-0.05538438928195465
0.15737648609698907,0.1235919854587752,0.11267848130247728,0.2291517661062501,0.28574299151354415,0.27595215240063464,0.21241691521924572,0.2961610715554778,0.12348756006961777,0.22432536590721577,0.2653441008114935,0.3019907569591756,0.19338593882738417,0.24824383869819536,0.2108510627700286,0.31416022171050567,0.2964855613781384,0.21869408006398622,0.18188713386957808,0.30807635922369103,0.17796654287453267,0.26556828189379944,0.16245003912995531,0.19604171545070517,0.2527330661728843,0.19180507775457015,0.5434459652037901,0.21662308269144243,0.22047787668426094,0.18555957633024656,0.2543086397008202,0.3015882347609503,0.19436757342223465,0.2998495378823232,0.16391694426414893,0.3350433422504761,0.28685603330586484,0.1769372290065469,0.27722867355996306,0.1722965537968235,0.13576558336068192,0.19821169479878395,0.33962092908313446,0.01752920529518047,0.04444351591567888,0.21363946853080543,0.34677588666231346,0.02033426269141053,0.15460078254691625,-0.011350842400860527,-0.0373842350705676,0.24951049256104066,-0.13496890737680908,-0.05978245694455961,0.015290982569894331,-0.019003482119598965,0.17987076299194185,-0.06166271976541789,-0.06530982461515898
0.06740113372962182,0.09751083999264226,0.14103236574024672,0.1540163751790875,0.1496758729338692,0.2297936764930216,0.13146325451099003,0.331585409304272,0.11662959276711053,0.2387713987842749,0.21048154312861844,0.13758537824904313,0.16612589784244883,0.10182473257442015,0.3241838556104448,0.22389816066461146,0.3287130034725334,0.27553473690992064,0.28052249716080924,0.32560754882672477,0.20583708988830368,0.36541168509403665,0.28716711428324554,0.28677571390565454,0.18377696809236688,0.03155733723403854,0.21662308269144243,1.991541877471437,-0.005704088606794091,0.4238375338008145,0.341654970241994,0.3071237607442356,0.7723383683745343,0.31281178263718806,1.024466720525217,0.4644974634820081,1.0079371674711717,0.20093764300665193,0.3562684130788473,0.2433405490266926,0.2082320933476552,0.22081825995445586,0.2047168689040358,0.010776193402801533,0.1932026911003556,0.3482510950327473,0.3595899589325187,0.0480477127333486,-0.012867799280834749,0.880830010271468,-0.05806099216892204,1.0919842959847328,-1.689752014161994,-0.20516366804747393,0.14414506712656433,0.05210681345586839,0.17791975273902,-0.15570182640013877,-0.11402091337044021
0.1701750057253386,0.29266301271354056,0.05375112880954589,0.3535477769554557,0.3392202804859414,0.4312185869006329,0.22619918801232686,0.36939382800076886,0.11461177821635976,0.33076741661694964,0.33328498564508796,0.22652644664051694,0.2513174528828882,0.27565265298666314,0.2842098798892242,0.2547499652096918,0.3943220844601027,0.4013646828501907,0.09301075752764915,0.37990086256466066,0.23149465154716994,0.3902962220560737,0.3605323650002522,0.2277949844400682,0.33452683348980516,0.2026847114780818,0.22047787668426094,-0.005704088606794091,1.869612744040792,0.4886566727270447,0.13659924809678087,0.28530855130546523,0.00731890497307176,0.44304056772062034,0.12692186816542775,0.19593670943146588,-0.01993835482160377,0.11315170726388461,0.33518859922516914,0.18871878770765632,0.3362083808800204,0.21901089920418026,0.06888857288781472,-0.03807393046924594,-0.2555101079821465,0.3358502510945118,0.802557991939612,-0.05385738598169995,0.4935662600722488,0.5433431834262591,-0.2710776001916496,-0.11935364334008693,-0.16856152832943044,-0.006221405397111982,-0.022233796241211592,-0.18244376500977877,-0.1807118659639654,0.29265428353314965,0.06056378347042065
0.09611148004710032,-0.0904821098129715,-0.5203109839663962,0.18264852746819202,0.22018101316053745,0.0606220667084077,0.069548381626088,0.004303668231281267,-0.04525693688278813,0.20038955397610106,0.14151728758119922,0.06484555671772345,0.10956529319878687,0.17550914773477394,0.15894950662700308,0.29418160869849475,0.2428554176218019,0.1219933659773587,0.1526830274514122,0.2517544589467907,0.1981209308843685,0.4360921438255749,0.3645778501064386,0.3082210038516656,0.2367364468079334,-0.37979226086878987,0.18555957633024656,0.4238375338008145,0.4886566727270447,2.502024738363125,0.22411223085476925,0.1459209833190062,0.22262139179333898,-0.09388777064093554,0.8809560415189006,0.12366235437112262,0.37852676226996984,0.25861694472579416,0.49863915651826235,0.33921752288509255,0.6276889498240091,0.2713854472201721,1.2353226974666376,0.1931984151459141,0.5591205650278402,0.39645600642325585,0.8878026573550728,0.008770894740944944,0.40819339797077797,0.030893468105467784,-0.14272919483059684,-0.028838553793931125,0.08116896726171575,0.059427757197904704,0.1291486856937767,0.022883210966737597,-0.17270131726834048,0.20258373004875754,-0.11810952235631766
0.16786674589858924,0.11888651117588551,0.18207918003598741,0.23053201976211182,0.38626936716207766,0.31767036449621866,0.23698621876325002,0.2655903179582174,0.20879497096458846,0.2653760093759173,0.2656848630354182,0.2426712948309004,0.14675187093614953,0.2573525076060035,0.30564915937709547,0.2301148893549524,0.37787825715173723,0.4168112209423951,0.28803707924931854,0.3071364089645417,0.3007271163814007,0.379626579645268,0.2210620974131642,0.3800472738868001,0.28225186869617885,0.19966207745980813,0.2543086397008202,0.341654970241994,0.13659924809678087,0.22411223085476925,0.9883711431446358,0.2956294871347746,0.2777169094379647,0.24291845218242483,0.22574276544087082,1.0160408363456261,0.4056564806717873,0.2625492815633769,0.34674288009946985,0.1895582525219286,0.2896089658389313,0.288919719204958,0.05665562062838689,0.0428667553084984,0.1205482843303867,0.2285679702472897,0.4363723563725154,0.020110886997882257,-0.22215794664188984,0.14058156034795152,-0.02860656224641345,0.3944020639808503,-0.24899705025331512,-0.10622560509185923,-0.022500126731694436,0.1531914701848532,0.3456527890511682,-0.3444049803602148,-0.1330128077838727
0.23019039912160535,0.14122903598727063,0.16414685753171757,0.3060948475331486,0.3622424884876208,0.37207797887451394,0.2718769621578012,0.38195733096687623,0.20958444496674827,0.2515063620543625,0.3198213271309569,0.3463105296070233,0.21061958219134905,0.5263304256586883,0.29203833825652925,0.3330908594029409,0.32780794453174944,0.24812155115694987,0.1829589532847194,0.2814835804358902,0.26376754709759753,0.4798593924488156,0.19197486847605344,0.23947002274587237,0.29252035001888177,0.35981828467718124,0.3015882347609503,0.3071237607442356,0.28530855130546523,0.1459209833190062,0.2956294871347746,0.7344623439594046,0.2544812967141644,0.3936344298813484,0.13585021998919203,0.3104817340017369,0.19218760961623182,0.22496305426269714,0.29416547599300963,0.18814333368160008,0.20943803072976902,0.28673531791230983,0.33704673534794616,0.03185296718289999,-0.08027986161735831,0.2704539149957326,0.5883726397608231,-0.009652304053701634,0.5470588753000051,0.047278810679208624,0.006633089453010151,0.5598490153248824,-0.5042014977731973,-0.10548658968254922,0.0033696685272082633,-0.07859466193586155,0.5189971267504009,-0.2094759252026588,-0.15919314162092252
0.19112760161279094,0.10647252826298129,0.23662381249669912,0.19682526206218615,0.17987548945118847,0.1919838308152907,0.17553411401003613,0.31707660021677253,0.19603909989477433,0.22115130852993115,0.2487735095454802,0.2105722881951225,0.17980563720272022,0.24352984900629085,0.2165768029442738,0.18679963795343085,0.3979138420333328,0.3086024321897474,0.3535889045059945,0.2059556435634362,0.2817727020711374,0.44480104844532453,0.4416469121325066,0.26657025625835884,0.2282332453129739,0.0437716289041752,0.19436757342223465,0.7723383683745343,0.00731890497307176,0.22262139179333898,0.2777169094379647,0.2544812967141644,1.6759390045797697,0.04019976126472569,-0.10129564964449302,0.09157668117351483,0.8616866743264685,0.20986450824119615,0.34650384420783015,-0.014302866530072116,-0.030909850519566455,0.3340173543235906,0.21100394038248746,0.03507071732530552,-0.1020396551402436,0.20729373829948236,0.7984219511730017,0.049456154245890345,-0.06813996874255941,0.3085402029683829,-0.1924283557702514,0.26231694399750627,-0.0712938958658304,-0.33636779061959826,0.18089394879885434,-0.19884442683170955,0.05857380117051447,-0.019923998266226275,0.050139968777974504
-0.0864405396889704,0.19024925745891008,0.04578599932106554,0.451795166981775,0.5491776080052171,0.4818505128063035,0.2835056796780188,0.5498260091545103,0.2035599003420957,0.36671481005942747,0.3920970109803708,0.29847275713290744,0.23493109495635342,0.3486814266734418,0.34764311752285293,0.2947575744454258,0.5213628161051772,0.3329961231676189,0.14778656758725128,0.4882933228492625,0.2783887912404395,0.5076551057837003,0.33548890528733266,0.08225774122126674,0.4463956041931832,0.36794432076461203,0.2998495378823232,0.31281178263718806,0.44304056772062034,-0.09388777064093554,0.24291845218242483,0.3936344298813484,0.04019976126472569,1.684050642442692,0.5598821339215784,0.12989485849479288,0.8629021208000367,0.25932733186135054,0.31089145362201653,0.21266860442469124,0.29021974547304563,0.29708243356451025,0.511139065755614,0.06854500055213415,-0.44765396386273865,0.29890343811364556,0.7148349990931527,0.0024260442957789387,0.7931255140163221,-0.06390446145083935,-0.11818569311061627,0.3474501483280566,-0.05859911854547114,-0.18726539015274504,-0.015485347769639841,-0.02967820158001504,0.004254858336829762,0.24726190937677422,-0.08614482112089286
