1.130969811144792,0.4680590734154397,0.2695317733007351,0.12199226633774317,0.2190466864839223,0.13879471253377987,0.22048282773679645,0.18306734643882688,0.09206675746315106,0.14679841572742147,0.13955081322765583,0.15384136033022733,0.112217450440379,0.18475780601653735,0.17007275267226693,0.17070063771786345,0.1784570787275485,0.15092681046846512,0.09860975221574667,0.12045385537009597,0.1404076060120943,0.22804527676033073,0.07220911382423555,0.036315200648018235,0.15269457267022493,0.1239903367594113,0.13473794968715513,0.15381246937067242,0.007136418068907559,0.20517434681252306,0.13657531883262208,0.1606038946339889,0.16630058856146465,-0.09765054419640426,0.14563315908938967,0.11837307843244337,0.1536896933676776,0.17996007449646795,0.1305570034050726,0.04492977402710564,0.17281981364375779,0.10987079545369043,0.05148575368548247,0.20882915387957454,0.12666839673899122,0.09065979702778419,0.17540574210629048,-0.0015897427521260538,0.08637345115899835,-0.027876018592170242,-0.024865617262927315
0.4680590734154397,3.139088768278503,0.34519554218302106,-0.14002369830735423,0.048910476771231504,0.13484428789943426,0.14485067686889355,0.07788108990409094,0.16317791755360134,0.17309449618565007,0.15061004272734088,0.16567739147833285,0.08623473442935795,0.06973120949181136,0.3109488786015808,0.1438587722198779,0.18163064456982042,0.18548716232351298,-0.014148187639022538,0.12777542356094365,0.29843725745403765,0.03922030038720323,-0.2568679439458247,-0.07059354510951124,0.1308700898187725,-0.1694075739763653,0.22845946472275924,0.18786137214217266,0.0932701962029605,0.2595242197483895,0.15146624715074397,0.08995010192496194,0.06718716647848613,0.021564152675353887,0.22308862789974374,0.1226591589984363,0.18555576899084808,0.12910677066436363,-0.08462582278998505,-0.038463210538951555,0.08757551524455241,0.10940445246901936,0.12457613641226296,0.023482721941057223,0.21400548218766957,0.09187967664805394,0.20769986205867727,0.005714465588137055,-0.2210635471150374,0.01610702248682437,0.008270125022115616
0.2695317733007351,0.34519554218302106,2.1462994676891274,0.33638334873977205,-0.11943311929458274,0.3479788864169034,0.1430023056951508,0.39112790190855207,0.3457743909426303,0.5423706047947254,0.26532138663631377,0.25476008118560134,0.22467441751898456,0.2283398211171842,0.3746722912250441,0.17022938129162957,0.3865878781286866,0.33325050318636984,0.13863136832936335,0.284830633700888,0.17172607688343994,0.4860903364514354,0.4421793594298497,0.40251559291979977,0.38849328417466744,0.29936785793451326,0.20210302731433125,0.31353665446940493,0.4652538959289383,0.1842194557239949,0.27991211132503396,0.21307339760669927,0.3333770527357112,0.40549642599474855,0.3053933008349396,0.3774734906627691,0.4656541113654038,0.24581943168465697,0.2096585822169018,-0.2369339989627387,0.3143828213755889,0.22328156741626015,0.17965118252623016,0.31829968218871063,0.17320142568280505,0.6201987952653515,0.3151678983898906,-0.008365501429275127,0.18248862683123285,-0.022611329974820536,-0.11762253744331043
0.12199226633774317,-0.14002369830735423,0.33638334873977205,1.1428444947962175,0.35317384878330405,0.30320483730854436,0.3036799727532427,0.34982138326110296,0.14628653091974977,0.22856717976921698,0.24555446797010438,0.27452269106305904,0.21458882930228348,0.32819128112156826,0.23197616793892512,0.3259017463524813,0.24805669676885098,0.311977330713254,0.1564821360349159,0.15709335274087327,0.13161240097414112,0.38876610396984823,0.3963846503795909,0.3277978327326366,0.3223324387421224,0.3380937557846511,0.18366151064909472,0.12393200771548281,0.33512727808037707,0.19436419339382008,0.24475036072442757,0.3036788274713908,0.26040451026460165,0.38962933772218566,-0.027907549035232817,0.2871625083528293,0.2326930296380482,0.2241992803493241,0.3502162321587223,0.03560294671951297,0.2820836422176066,0.18617930732481824,0.1795599615896993,0.40956422006252163,0.14630687464373168,0.13286446736081048,0.2865058629766058,-0.0017782230096717933,0.4038952431724859,0.040719177316817526,-0.11108545543794847
0.2190466864839223,0.048910476771231504,-0.11943311929458274,0.35317384878330405,0.9566908838322613,0.25562216519887015,0.2676919730048903,0.2585615972230878,0.08411682691547324,0.10498000112791862,0.189372971261185,0.2388212211938714,0.16918034086538689,0.2582067119580974,0.20236806003763128,0.31685633519017375,0.16691350050764153,0.22506396367672946,0.2974628123524698,0.1423162403087666,0.08522155693873597,0.2811648766070853,0.23322997587833255,0.21038934413931326,0.23404625613978985,0.2899207804639286,0.1544962512971141,0.04388363978333478,0.24952378508843634,0.07425545080991341,0.2026954268258319,0.25936846621127474,0.09339668170396541,0.3535407082320648,-0.045944184951552,0.22201594096965035,0.19293136689837823,0.1812180342370492,0.31534496341632134,0.13519715129258433,0.23895325437592535,0.17920118592373938,0.13060957921792354,0.19106483011723158,0.06617549943020681,0.10752962118196514,0.19177198462318132,0.012277232347342513,0.3145133267264928,-0.007073808474304699,-0.023589957541284675
0.13879471253377987,0.13484428789943426,0.3479788864169034,0.30320483730854436,0.25562216519887015,0.6549778755503856,0.10660649793838282,0.4305264916073535,0.190017100713237,0.14623765846625242,0.23925428702140653,0.22774274485496906,0.18917606936245007,0.25335065735567275,0.2499524607595898,0.2179642778829772,0.26325332310448973,0.2514299397346557,0.25463934961603263,0.21247896687523854,0.2410075845658533,0.31102688704678805,0.2331521938792614,0.25467679140288985,0.29488215724809097,0.21440937290975495,0.17846312944849388,0.17385657247770298,0.36220060519687575,0.24286378429635674,0.20828121128277405,0.24592528852671902,0.08211249899143191,0.33042254461885195,0.1825169569089385,0.21589598231712495,0.23016981931206928,0.18428728180691614,0.2659969995887404,0.04363203109005626,0.20901448394150277,0.1812402230839664,0.20621520911669142,0.2588507823086687,0.2420286615524327,0.14303150065549022,0.26881483212395413,0.0066619162743789435,0.27526170162928776,-0.0022031592575221313,-0.03409935194717636
0.22048282773679645,0.14485067686889355,0.1430023056951508,0.3036799727532427,0.2676919730048903,0.10660649793838282,0.6179954189172855,0.23737981267119618,0.20034824304017035,0.17881457425666455,0.22593947391661118,0.26255838396605197,0.1860466850883853,0.2431443128280504,0.16772808822942012,0.2571044363137851,0.23564126141307096,0.24131770232103805,0.09215411584188109,0.1715376030425249,0.18492717988245905,0.31887439517688987,0.3055580600207091,0.23831056129562694,0.2438707290044089,0.22998645547002544,0.1817108343021251,0.18375692682593017,0.2166099565000648,0.20441665764287809,0.184308923767865,0.24365641977588623,0.19129659288262482,0.2800355277248027,0.16590739495496432,0.205518096619042,0.14973720013148806,0.12500223183812834,0.28593593476600254,0.08062043803441508,0.2684685676299367,0.15955994624970002,0.14909181512214814,0.27013729659439323,0.19336697597021188,0.017257899922878125,0.2255244304481219,0.007732187729729203,0.4006863054726573,-0.02174470221471366,-0.014677520619774582
0.18306734643882688,0.07788108990409094,0.39112790190855207,0.34982138326110296,0.2585615972230878,0.4305264916073535,0.23737981267119618,0.8079914108101702,0.11003640435573059,0.20504174084268273,0.266620534855196,0.1050545593149764,0.2342224325413438,0.24226505164853623,0.2039817253952797,0.22012294497687573,0.2759776206639007,0.33810954403956756,0.2253893506236249,0.22523162337242586,0.28087828733200537,0.29918630768069926,0.3197176370409665,0.24594387716315647,0.3262346848512733,0.24290235978746746,0.17654469487190136,0.23904558258971648,0.3069628550479292,0.294253103113165,0.2372780698074011,0.22732942695353817,0.17337837445019122,0.35585997259223734,0.2532799379563345,0.21828812895854346,0.30117179317970005,0.19581181605531983,0.3567028645493607,0.06063767228215166,0.2972452313989175,0.19028852384257483,0.22916044844915942,0.32241750614293063,0.29292861796655306,0.1519728455994419,0.3338290009536095,0.013039174604552443,0.2489393444775536,0.07231189444562046,-0.08103184582037123
0.09206675746315106,0.16317791755360134,0.3457743909426303,0.14628653091974977,0.08411682691547324,0.190017100713237,0.20034824304017035,0.11003640435573059,0.578335696326949,0.15570952542466665,0.13550717484096825,0.13602164351994747,0.14078690372319158,0.1987818596610759,0.2084182185938382,0.11944359540610651,0.1863607152711639,0.21426322320066987,-0.01914459597959754,0.09319837116787041,0.15063779096076488,0.24978892893144483,0.29786551331427635,0.28093384804526006,0.20305317972684328,0.26933665159425485,0.12795064373471027,0.1565689996941764,0.26873494802375797,0.1608180255029674,0.1691438354256645,0.1915685622688053,0.12569712550536014,0.1937688230284562,0.16510218690186598,0.15957548827164486,0.17760694582520117,0.08696642489908214,0.15875956415429957,0.025714041420678537,0.22275831122084855,0.12932758052761104,0.12702949612897346,0.14496832377024502,0.17246534659553459,0.1296899630891225,0.1999479564801432,0.01056736610610198,0.345695445414217,-0.047076372477991034,0.014941369360723723
0.14679841572742147,0.17309449618565007,0.5423706047947254,0.22856717976921698,0.10498000112791862,0.14623765846625242,0.17881457425666455,0.20504174084268273,0.15570952542466665,0.8659513780886335,0.10943192309793422,0.26819618503745873,0.18851507857877509,0.1810802609404901,0.22598788178474852,0.20333951056596136,0.2395067505964221,0.2989890817891345,0.06384915100294722,0.19031324184112303,0.1748458766666212,0.2719644344050887,0.31247895924167257,0.2329778541407493,0.2631817294085624,0.2326379403915269,0.208741362583312,0.21681840255881848,0.29491368060439843,0.25710036266399466,0.22815587373630417,0.20524863273178287,0.18290070341590933,0.3850551757773404,0.2501862111508625,0.23455781052780392,0.27266018115097285,0.16601928551517048,0.33611458982086934,0.0922175205727728,0.39014716577588265,0.1694345053122324,0.21147095431595087,0.25956834940351614,0.2659103908097864,0.19245224971204625,0.3658234436823556,0.020941235683883376,0.21579965429115694,-0.050238212755391226,0.0005422350576851809
0.13955081322765583,0.15061004272734088,0.26532138663631377,0.24555446797010438,0.189372971261185,0.23925428702140653,0.22593947391661118,0.266620534855196,0.13550717484096825,0.10943192309793422,0.5483380394995842,0.24206312689949108,0.24682610036499747,0.2346199947914088,0.32537852098478093,0.23735186662496724,0.2794770411613687,0.2481759667460996,0.11102341070463856,0.24259934936958719,0.17818898100008412,0.2904524058750194,0.2933922813050584,0.25399601379680814,0.2774217015191223,0.2691386162105683,0.19651991973027338,0.22068203424884159,0.27356106255516216,0.2110750789193372,0.20365899678988197,0.2381203775883828,0.15609588292954588,0.28179609488239954,0.24466734465301487,0.2290721209743666,0.19453069701382442,0.13497448432885711,0.2755698219237364,0.09452527300109048,0.27448056383963026,0.1950519149643941,0.1794228763648325,0.16130488619405256,0.12850879354555073,0.2218513030504873,0.23890106709986672,0.01216362706636058,0.1899987536563723,-0.008386001382220726,-0.023168478202595204
0.15384136033022733,0.16567739147833285,0.25476008118560134,0.27452269106305904,0.2388212211938714,0.22774274485496906,0.26255838396605197,0.1050545593149764,0.13602164351994747,0.26819618503745873,0.24206312689949108,0.6473961880847297,0.15166769278367054,0.29580252869555856,0.23322094189533882,0.2618860710709074,0.21834617109096982,0.1293410205267657,0.12434717149326693,0.21960917607713668,0.1141764887212708,0.2853023013087984,0.19526390085642717,0.21154796444644927,0.27305509779879905,0.20006490407402097,0.24906517294774785,0.17265248418963902,0.2225347419661069,0.21435306107939944,0.1678608886304795,0.30113123178671447,0.11574539073786862,0.30202923196021314,0.23243590117346752,0.23336420165570337,0.06561954568300754,0.11868536530553164,0.23712942176825644,0.08606630871373813,0.24174333660281452,0.16681661815052506,0.15989542287026492,0.2272440326627055,0.1521140679106471,0.06285459944826939,0.2071027905590988,0.013421659163643835,0.3584436497225603,-0.03994068133956692,0.014592036509896633
0.112217450440379,0.08623473442935795,0.22467441751898456,0.21458882930228348,0.16918034086538689,0.18917606936245007,0.1860466850883853,0.2342224325413438,0.14078690372319158,0.18851507857877509,0.24682610036499747,0.15166769278367054,0.4247971975223417,0.21096175151585253,0.1417321079577227,0.18711707050105292,0.1839402203496438,0.20641711767536797,0.1042874305985852,0.12490769364692851,0.1944436459293652,0.22567116121651934,0.2711945749559503,0.22586406900048478,0.21344404072054002,0.24274158371855692,0.15461186416071207,0.15796122847849084,0.23433852195264426,0.18044789449164778,0.16177854622229437,0.2157357166323041,0.13472938752897415,0.24906996445285584,0.18213048918740488,0.1764184261679108,0.14586875181946246,0.10631961229257324,0.27541694588637,0.08512335127209747,0.2523868879736722,0.13725087441204895,0.1389907100635719,0.20076131350587448,0.11469130344009705,0.15113294717293554,0.20610775957347852,0.0120243565745919,0.2251177862135537,-0.00445266522499189,-0.019439324163257447
0.18475780601653735,0.06973120949181136,0.2283398211171842,0.32819128112156826,0.2582067119580974,0.25335065735567275,0.2431443128280504,0.24226505164853623,0.1987818596610759,0.1810802609404901,0.2346199947914088,0.29580252869555856,0.21096175151585253,0.7526360937027584,0.3669100003864928,0.43297135033211515,0.31666061335450896,0.19880223492933594,0.1448405378139139,0.22570571288989053,0.0589441963188243,0.6368593211150497,0.333063485148272,0.39639168559647947,0.3522378046753701,0.5118039841194737,0.3032998796895212,0.265980136669751,0.19460152304121392,0.3102901578475422,0.24440092851182973,0.602068249885156,0.19668019969559813,0.37433153293975696,0.3478575545002263,0.40044911624092283,0.15978455927685709,0.1932777290179427,0.3634739407435459,0.11989257091328821,0.493621650346767,0.2749730630952083,0.18921013797610547,0.3979207802203356,0.1605163983094069,0.12591879400501982,0.2928130432260605,-0.015979181455913906,0.8338877915899631,-0.01564597913048741,-0.030916370986928447
0.17007275267226693,0.3109488786015808,0.3746722912250441,0.23197616793892512,0.20236806003763128,0.2499524607595898,0.16772808822942012,0.2039817253952797,0.2084182185938382,0.22598788178474852,0.32537852098478093,0.23322094189533882,0.1417321079577227,0.3669100003864928,0.8346129060742414,0.29202526602135753,0.3286204403618826,0.30617528561432933,0.12338960231633207,0.25226572180706935,0.08582102325087916,0.5050031302846251,0.35392086577926046,0.3825864528799398,0.38268098093594655,0.39615430474924224,0.2431049777409207,0.26161502939861314,0.45051862542464916,0.28999519797305273,0.25982347715267884,0.3360455890493224,0.19577815242846175,0.37059176851293,0.3053389815860739,0.32641511684809943,0.2794012179561497,0.12654272327438112,0.3455996322966632,0.08990582632059088,0.41784642310292847,0.2475793582705034,0.19357026971263772,0.19703222950890828,0.14891237212228914,0.3169862337396934,0.3095114897378422,-0.005178670828730029,0.49672131786219687,-0.08405561520883943,-0.01268476199378213
0.17070063771786345,0.1438587722198779,0.17022938129162957,0.3259017463524813,0.31685633519017375,0.2179642778829772,0.2571044363137851,0.22012294497687573,0.11944359540610651,0.20333951056596136,0.23735186662496724,0.2618860710709074,0.18711707050105292,0.43297135033211515,0.29202526602135753,0.953106095764148,0.3215652580762322,0.2028606804629441,0.19074182596347686,0.2275465217902885,0.12186927670246174,0.4802714190591963,0.13029004218128962,0.28103449401091557,0.32510606870914704,0.34970490379356056,0.30507193329862514,0.30332476044341117,0.29031968271795167,0.39084514170435203,0.2459356635589751,0.4228371768650892,0.10847419540992026,0.34939862881563993,0.4689054168891056,0.3747489222911954,0.2392728639341516,0.1819270932038453,0.34466658434752845,0.2071787283428914,0.4989522796187283,0.315924568639266,0.2555264644101416,0.23751364416295667,0.24301277449283976,0.19111597403478328,0.334055568991551,-0.008257389059394117,0.45177234871988803,0.0063536413682111085,-0.025617770805405622
0.1784570787275485,0.18163064456982042,0.3865878781286866,0.24805669676885098,0.16691350050764153,0.26325332310448973,0.23564126141307096,0.2759776206639007,0.1863607152711639,0.2395067505964221,0.2794770411613687,0.21834617109096982,0.1839402203496438,0.31666061335450896,0.3286204403618826,0.3215652580762322,0.6912435680480755,0.25566364928014434,0.14663302653883092,0.2555909013224087,0.11371875958117156,0.6757626895969627,0.38333059814942644,0.3498275452987751,0.3445613015609817,0.26807541006525215,0.24567906602149508,0.5123844974747506,0.23271762708211463,0.3613282396434799,0.236246262206545,0.30663791618269887,0.4146865763916078,0.27103292476322566,0.39917871559055795,0.3397918027199192,0.3320847364316017,0.2217912563409509,0.28205766069667654,0.042559707404290215,0.40009182094223145,0.32331594343230335,0.17787316901482628,0.3390556118218775,0.10941969183673549,0.273437177940519,0.3642721242516726,-0.010604426292867486,0.47312418860948513,-0.08177849292801213,-0.024384441387220436
0.15092681046846512,0.18548716232351298,0.33325050318636984,0.311977330713254,0.22506396367672946,0.2514299397346557,0.24131770232103805,0.33810954403956756,0.21426322320066987,0.2989890817891345,0.2481759667460996,0.1293410205267657,0.20641711767536797,0.19880223492933594,0.30617528561432933,0.2028606804629441,0.25566364928014434,0.8991762004870063,0.1054087163507292,-0.04780787151433433,0.3019769044668603,0.36032765765039476,0.7409576973523769,0.4031480823382664,0.375531906018647,0.3282834176758711,0.10231373441995438,0.2633225907519756,0.505197350281927,0.24162508737863864,0.29222132510455723,0.20653106312755565,0.29951661861549206,0.40200209150276617,0.20264007607409126,0.24460481415941412,0.2536098715452815,0.13118631553112495,0.43311204488191957,0.09900407594492645,0.3662774820929663,0.14232303070153635,0.2651758083513435,0.2674731045026518,0.35313737988917265,0.14641959425863318,0.53503843307867,-0.0027458304161326577,0.23831504253694905,-0.05489889208594184,-0.02226404075387646
0.09860975221574667,-0.014148187639022538,0.13863136832936335,0.1564821360349159,0.2974628123524698,0.25463934961603263,0.09215411584188109,0.2253893506236249,-0.01914459597959754,0.06384915100294722,0.11102341070463856,0.12434717149326693,0.1042874305985852,0.1448405378139139,0.12338960231633207,0.19074182596347686,0.14663302653883092,0.1054087163507292,0.7160460140598967,0.13965384741579812,0.11511880864439898,0.2582665288573513,0.02896619103255134,0.11243165023212198,0.13794837901128804,0.0425117109144217,0.09561089234892306,0.13325962754151233,0.11505690971139435,0.16431352012239167,0.14069398509839298,0.13912641417381102,0.16983473458298978,0.1752753540514987,0.047689516071008485,0.19897015782491526,0.17780907932859424,0.19682829930838813,0.24731514309481573,0.03292586327855856,0.1608218276133805,0.12409489954420137,0.0894811650036668,0.20600641886523346,0.06991363206948513,0.17126383427762662,0.1523814477602373,0.00010759037615828484,-0.00740337555556431,0.025569318902156205,-0.04598708913707413
0.12045385537009597,0.12777542356094365,0.284830633700888,0.15709335274087327,0.1423162403087666,0.21247896687523854,0.1715376030425249,0.22523162337242586,0.09319837116787041,0.19031324184112303,0.24259934936958719,0.21960917607713668,0.12490769364692851,0.22570571288989053,0.25226572180706935,0.2275465217902885,0.2555909013224087,-0.04780787151433433,0.13965384741579812,2.0929927962337853,0.04325347353256255,0.12663926573451853,-0.1180753375923617,0.10151952890812109,0.22170587131999442,0.4959794855605908,0.5044039016977935,0.4307277359296526,-0.037620786710292065,0.2132198112467722,0.27220350285358336,0.21145694928138492,0.43758597539941296,0.2911972263000114,0.3212338007387911,-0.027662789826000518,0.5385379031807218,0.1590648235781863,0.7552763943852598,0.28379329302946316,0.3725470349386971,0.19510551926266795,0.6206943184775447,0.2788339627578674,0.9331696493959476,-0.2151601962669832,0.16070847210559203,0.10047079532563248,0.8564429739735059,0.03261825085968761,-0.025185361997906122
0.1404076060120943,0.29843725745403765,0.17172607688343994,0.13161240097414112,0.08522155693873597,0.2410075845658533,0.18492717988245905,0.28087828733200537,0.15063779096076488,0.1748458766666212,0.17818898100008412,0.1141764887212708,0.1944436459293652,0.0589441963188243,0.08582102325087916,0.12186927670246174,0.11371875958117156,0.3019769044668603,0.11511880864439898,0.04325347353256255,2.0383265688805907,-0.46421610766324706,-0.01846506278068389,-0.26834477272953905,0.19437709427210936,-1.0255609815716773,0.01447820322790364,0.16948886983367864,0.3903942117555951,1.0177118858037097,0.14758536819313378,0.05826201107508228,-0.05593428095553058,0.280938134306879,0.41645685533427057,-0.056716780352160934,0.46781195791035984,0.2536332938511437,-0.1521497565484589,-0.24533901124526358,0.07806099386545276,0.14085332940117573,0.43957660944339905,0.36895789874407997,1.3125934856280823,-0.44486027501670017,0.7158226215073442,0.05295028840940428,-1.0675416391015486,0.027159053434324502,0.01558013077696647
0.22804527676033073,0.03922030038720323,0.4860903364514354,0.38876610396984823,0.2811648766070853,0.31102688704678805,0.31887439517688987,0.29918630768069926,0.24978892893144483,0.2719644344050887,0.2904524058750194,0.2853023013087984,0.22567116121651934,0.6368593211150497,0.5050031302846251,0.4802714190591963,0.6757626895969627,0.36032765765039476,0.2582665288573513,0.12663926573451853,-0.46421610766324706,2.7228941775167574,0.8250470312004022,0.7232367435884246,0.5698078704692056,0.8032492965601821,0.43742209063020204,0.49942651815918926,0.35967488274516185,0.24894178776558043,0.29418039463044343,0.673675722910885,0.7012570389617552,0.37723638677414595,0.31189731575963786,0.6112877374060903,0.3320657717644289,0.40411486106704037,0.6143296831780836,0.04697947406402747,0.5952959447468005,0.4326574372455018,-0.02224402355779414,0.9336222729298018,-0.6348589231749454,0.6121312565241521,0.2932124757402866,-0.22891906936902334,2.688076250202382,-0.13296316069637124,-0.025992071437423554
0.07220911382423555,-0.2568679439458247,0.4421793594298497,0.3963846503795909,0.23322997587833255,0.2331521938792614,0.3055580600207091,0.3197176370409665,0.29786551331427635,0.31247895924167257,0.2933922813050584,0.19526390085642717,0.2711945749559503,0.333063485148272,0.35392086577926046,0.13029004218128962,0.38333059814942644,0.7409576973523769,0.02896619103255134,-0.1180753375923617,-0.01846506278068389,0.8250470312004022,2.5451689347616284,1.0180993625476045,0.6861673181927199,0.4110173612093013,0.0689148699883756,0.3951551726701877,1.1746119398509358,0.4228669459847848,0.10388946285776106,0.277672233819841,0.590551547477018,0.5933848963274448,0.23782070323629834,0.32106680000823806,0.46252722784565403,-0.12980376244208983,0.7896136440848696,-0.009249515222230706,0.4320523132014827,0.139670624190852,0.07145881329680565,0.3842780872515768,-0.35819462654727297,0.6074336236025346,0.5905482355673027,-0.003832267490945844,1.221657800856694,-0.07474278788850484,-0.05962898801790698
0.036315200648018235,-0.07059354510951124,0.40251559291979977,0.3277978327326366,0.21038934413931326,0.25467679140288985,0.23831056129562694,0.24594387716315647,0.28093384804526006,0.2329778541407493,0.25399601379680814,0.21154796444644927,0.22586406900048478,0.39639168559647947,0.3825864528799398,0.28103449401091557,0.3498275452987751,0.4031480823382664,0.11243165023212198,0.10151952890812109,-0.26834477272953905,0.7232367435884246,1.0180993625476045,1.6004121166347156,0.503215177810534,0.4612851211109486,0.10456937786404362,0.3315042417175806,1.1784051743443325,0.46731959761321723,0.3448797844324707,0.3373968926552124,0.5719982716239644,0.27238919943637957,0.11888503720906224,0.6639557264530853,0.31885408867705917,0.018730323542513895,0.41401993561388434,-0.019174522047418586,0.33540463436182105,0.2111642076328745,0.04632166802407648,0.12369454229811117,-0.20253235300951272,0.46565815795746546,0.4109891900215857,-0.009238038381660239,1.2199824317079084,-0.08306434937409976,-0.020320959876474365
0.15269457267022493,0.1308700898187725,0.38849328417466744,0.3223324387421224,0.23404625613978985,0.29488215724809097,0.2438707290044089,0.3262346848512733,0.20305317972684328,0.2631817294085624,0.2774217015191223,0.27305509779879905,0.21344404072054002,0.3522378046753701,0.38268098093594655,0.32510606870914704,0.3445613015609817,0.375531906018647,0.13794837901128804,0.22170587131999442,0.19437709427210936,0.5698078704692056,0.6861673181927199,0.503215177810534,0.9849641149742557,0.25626154268966655,0.24464809572313057,0.2625882375255834,1.0311147125561189,0.5379011677772061,0.3128448259913961,0.32861095549856584,0.24221157260720613,0.5351326260475731,0.2877110478733821,0.3689095568521446,0.44096404328725897,0.2173408393382772,0.456732070691683,0.07859336632724291,0.4628079725602565,0.25096335150031873,0.29856978017933433,0.2839498222509024,0.22002682074643087,0.42859550383839073,0.48942634338604707,-0.014471421141590073,0.4480721022364654,-0.059205585452144376,-0.039545496816797386
0.1239903367594113,-0.1694075739763653,0.29936785793451326,0.3380937557846511,0.2899207804639286,0.21440937290975495,0.22998645547002544,0.24290235978746746,0.26933665159425485,0.2326379403915269,0.2691386162105683,0.20006490407402097,0.24274158371855692,0.5118039841194737,0.39615430474924224,0.34970490379356056,0.26807541006525215,0.3282834176758711,0.0425117109144217,0.4959794855605908,-1.0255609815716773,0.8032492965601821,0.4110173612093013,0.4612851211109486,0.25626154268966655,2.9044322746201963,0.4345961606617646,0.1800504408148207,-0.3994954472849157,-1.0137718936956917,0.3811924967188932,0.5628582736455723,0.14282386089864404,0.47270544690741567,0.2819958340495834,0.2683282475112236,-0.42122889838914596,-0.012501807563745094,1.0123937211804535,0.8230819004974423,0.9928876478497929,0.29292863034852484,0.14480129931687938,0.1872258298476314,0.2906119266572054,0.10134582067111161,-0.3183396739662396,0.01498519526887894,1.9932293100973664,-0.03974729428559639,-0.06807952019531682
0.13473794968715513,0.22845946472275924,0.20210302731433125,0.18366151064909472,0.1544962512971141,0.17846312944849388,0.1817108343021251,0.17654469487190136,0.12795064373471027,0.208741362583312,0.19651991973027338,0.24906517294774785,0.15461186416071207,0.3032998796895212,0.2431049777409207,0.30507193329862514,0.24567906602149508,0.10231373441995438,0.09561089234892306,0.5044039016977935,0.01447820322790364,0.43742209063020204,0.0689148699883756,0.10456937786404362,0.24464809572313057,0.4345961606617646,0.9988109653067789,0.244878737372548,-0.0005065729767099018,0.20311602980337293,0.24608920910176782,0.34625599066311363,0.24684651715094538,0.3196085126299704,0.26591645575180706,0.3738334982026494,0.1528709830733532,0.1741227673421495,0.3418803583485134,0.21712829688853832,0.3766421714949688,0.2458737215825751,0.4827488347585087,0.262589036723676,0.35234855323667197,0.021980258773560836,0.15585523164976758,0.014838807888558594,0.6625195455831144,0.0149716820092233,-0.002758895389727424
0.15381246937067242,0.18786137214217266,0.31353665446940493,0.12393200771548281,0.04388363978333478,0.17385657247770298,0.18375692682593017,0.23904558258971648,0.1565689996941764,0.21681840255881848,0.22068203424884159,0.17265248418963902,0.15796122847849084,0.265980136669751,0.26161502939861314,0.30332476044341117,0.5123844974747506,0.2633225907519756,0.13325962754151233,0.4307277359296526,0.16948886983367864,0.49942651815918926,0.3951551726701877,0.3315042417175806,0.2625882375255834,0.1800504408148207,0.244878737372548,1.6800875753692297,-0.2166762367329153,0.5012770581209944,0.2382741055760762,0.24836098851601637,1.1074946896695914,0.0029821182481987183,0.9345943465010838,0.24691015945989384,0.2635638077830991,0.03694788485200179,0.44165883825050833,0.040462767431581476,0.6073148174429135,0.20149440491650158,0.00662488591742893,0.5082661063752059,0.2485439809476544,0.023423216916220804,0.40962065395034003,0.0545347649026288,0.3490455184521539,-0.005811702321843056,0.008915899603317318
0.007136418068907559,0.0932701962029605,0.4652538959289383,0.33512727808037707,0.24952378508843634,0.36220060519687575,0.2166099565000648,0.3069628550479292,0.26873494802375797,0.29491368060439843,0.27356106255516216,0.2225347419661069,0.23433852195264426,0.19460152304121392,0.45051862542464916,0.29031968271795167,0.23271762708211463,0.505197350281927,0.11505690971139435,-0.037620786710292065,0.3903942117555951,0.35967488274516185,1.1746119398509358,1.1784051743443325,1.0311147125561189,-0.3994954472849157,-0.0005065729767099018,-0.2166762367329153,4.619362797616659,0.9143128718370938,0.14292346759209842,0.1555314030103452,-0.1504682113075424,0.9047389551304983,-0.3413128116453786,0.29165747731324615,0.8149555108524892,-0.2604641792617512,0.34918151933403985,0.07414360830521058,0.2907763353479338,0.09307911848092378,0.14982994344612474,-0.994194779048328,0.0941888057554314,1.2032921307974778,0.7705900484228188,-0.02368894281108646,1.342668901430785,-0.157601309169201,-0.007212495079556254
0.20517434681252306,0.2595242197483895,0.1842194557239949,0.19436419339382008,0.07425545080991341,0.24286378429635674,0.20441665764287809,0.294253103113165,0.1608180255029674,0.25710036266399466,0.2110750789193372,0.21435306107939944,0.18044789449164778,0.3102901578475422,0.28999519797305273,0.39084514170435203,0.3613282396434799,0.24162508737863864,0.16431352012239167,0.2132198112467722,1.0177118858037097,0.24894178776558043,0.4228669459847848,0.46731959761321723,0.5379011677772061,-1.0137718936956917,0.20311602980337293,0.5012770581209944,0.9143128718370938,3.2847126557320343,0.280561872498202,0.2914493904157523,0.23408357534105156,-0.044150924769435364,0.8566441668881061,0.3059817525006392,1.0330639136217201,0.5873361212267632,-0.08992809869784289,-0.18841748978085057,0.8211217009135876,0.4174691899676663,0.8289809157629374,1.0697961747466438,0.8463955054604725,0.10439890008040774,1.5342660592417978,0.03860187518700296,-0.36057685016040436,0.012269220385274351,-0.0024939018179639273
0.13657531883262208,0.15146624715074397,0.27991211132503396,0.24475036072442757,0.2026954268258319,0.20828121128277405,0.184308923767865,0.2372780698074011,0.1691438354256645,0.22815587373630417,0.20365899678988197,0.1678608886304795,0.16177854622229437,0.24440092851182973,0.25982347715267884,0.2459356635589751,0.236246262206545,0.29222132510455723,0.14069398509839298,0.27220350285358336,0.14758536819313378,0.29418039463044343,0.10388946285776106,0.3448797844324707,0.3128448259913961,0.3811924967188932,0.24608920910176782,0.2382741055760762,0.14292346759209842,0.280561872498202,1.0833106029294075,0.2805122690194095,0.35056223162082123,0.2292907139249422,0.1504167237810932,0.7019746686704066,0.13900001455803326,0.38974811423779915,0.5036038514501853,0.16160207836951607,0.43884174436831286,0.24252146545482675,0.21679785917164954,0.42499754321552197,0.4703759969834652,0.0660392921461941,0.3160097921565995,0.0011076285816057096,-0.2296781440731912,-0.01134405580328969,-0.03288864248380773
0.1606038946339889,0.08995010192496194,0.21307339760669927,0.3036788274713908,0.25936846621127474,0.24592528852671902,0.24365641977588623,0.22732942695353817,0.1915685622688053,0.20524863273178287,0.2381203775883828,0.30113123178671447,0.2157357166323041,0.602068249885156,0.3360455890493224,0.4228371768650892,0.30663791618269887,0.20653106312755565,0.13912641417381102,0.21145694928138492,0.05826201107508228,0.673675722910885,0.277672233819841,0.3373968926552124,0.32861095549856584,0.5628582736455723,0.34625599066311363,0.24836098851601637,0.1555314030103452,0.2914493904157523,0.2805122690194095,0.8415023411487723,0.16772381803837166,0.4411499064857205,0.34882277819999635,0.44829339987796385,0.07625215231137412,0.22599937985820576,0.42572686015049666,0.16702897799348337,0.5575951863233911,0.28992304222391463,0.20230263843797183,0.42935338651262817,0.2059374605399649,0.09987501986269916,0.2868068166150333,-0.024931267310826028,0.769139161274969,-0.017933219938564667,-0.014730022207933739
0.16630058856146465,0.06718716647848613,0.3333770527357112,0.26040451026460165,0.09339668170396541,0.08211249899143191,0.19129659288262482,0.17337837445019122,0.12569712550536014,0.18290070341590933,0.15609588292954588,0.11574539073786862,0.13472938752897415,0.19668019969559813,0.19577815242846175,0.10847419540992026,0.4146865763916078,0.29951661861549206,0.16983473458298978,0.43758597539941296,-0.05593428095553058,0.7012570389617552,0.590551547477018,0.5719982716239644,0.24221157260720613,0.14282386089864404,0.24684651715094538,1.1074946896695914,-0.1504682113075424,0.23408357534105156,0.35056223162082123,0.16772381803837166,2.8231185498060754,-0.31660935713948596,-0.25632623874125465,0.17892093985259105,0.22650806151844233,0.2732454660632399,0.6147533766917664,-0.08331630698258484,0.35074972407361366,0.15663536140256865,-0.03397846101934653,0.761625315338628,0.04832529851055782,-0.09435074760149577,0.4237730308744885,0.0951216635280918,0.46233292606149085,-0.0029072284634850043,-0.08658826848431528
-0.09765054419640426,0.021564152675353887,0.40549642599474855,0.38962933772218566,0.3535407082320648,0.33042254461885195,0.2800355277248027,0.35585997259223734,0.1937688230284562,0.3850551757773404,0.28179609488239954,0.30202923196021314,0.24906996445285584,0.37433153293975696,0.37059176851293,0.34939862881563993,0.27103292476322566,0.40200209150276617,0.1752753540514987,0.2911972263000114,0.280938134306879,0.37723638677414595,0.5933848963274448,0.27238919943637957,0.5351326260475731,0.47270544690741567,0.3196085126299704,0.0029821182481987183,0.9047389551304983,-0.044150924769435364,0.2292907139249422,0.4411499064857205,-0.31660935713948596,2.49167514554172,0.30364758311466933,0.2318342543573986,0.28191073700662267,0.1364634162163688,0.5890150960502519,-0.05640031541043234,0.6446509455796906,0.2717177254112612,0.7425214096760955,0.5046742826373378,0.45762363442562154,0.09378390504323965,0.36551349217562995,0.03585447983571685,0.7996090626165254,-0.03445703792395962,-0.0425449471364213
0.14563315908938967,0.22308862789974374,0.3053933008349396,-0.027907549035232817,-0.045944184951552,0.1825169569089385,0.16590739495496432,0.2532799379563345,0.16510218690186598,0.2501862111508625,0.24466734465301487,0.23243590117346752,0.18213048918740488,0.3478575545002263,0.3053389815860739,0.4689054168891056,0.39917871559055795,0.20264007607409126,0.047689516071008485,0.3212338007387911,0.41645685533427057,0.31189731575963786,0.23782070323629834,0.11888503720906224,0.2877110478733821,0.2819958340495834,0.26591645575180706,0.9345943465010838,-0.3413128116453786,0.8566441668881061,0.1504167237810932,0.34882277819999635,-0.25632623874125465,0.30364758311466933,2.527500848240646,0.19929148340616784,0.2336680126352081,-0.13569241146002164,0.3735178461318589,0.17349062113099387,0.7574858267858101,0.311229929976765,0.16768147745667125,0.41168178325003035,0.6046646615985526,0.14995390057053823,0.4709860846263113,0.03290843714537092,0.17072441102200225,-0.06704294601981661,0.057632302678526426
0.11837307843244337,0.1226591589984363,0.3774734906627691,0.2871625083528293,0.22201594096965035,0.21589598231712495,0.205518096619042,0.21828812895854346,0.15957548827164486,0.23455781052780392,0.2290721209743666,0.23336420165570337,0.1764184261679108,0.40044911624092283,0.32641511684809943,0.3747489222911954,0.3397918027199192,0.24460481415941412,0.19897015782491526,-0.027662789826000518,-0.056716780352160934,0.6112877374060903,0.32106680000823806,0.6639557264530853,0.3689095568521446,0.2683282475112236,0.3738334982026494,0.24691015945989384,0.29165747731324615,0.3059817525006392,0.7019746686704066,0.44829339987796385,0.17892093985259105,0.2318342543573986,0.19929148340616784,2.7516490724056126,-0.36542064440259076,0.19684951091958858,0.3309881639646055,0.40616915757699984,0.6786901339553767,0.40057199400852794,-0.08716951535983745,-0.003245004174834225,-0.15721434274652132,0.6939067872162819,0.2092201768904476,-0.12656794776068175,-1.1279342910681471,-0.04383185030967493,-0.04194895150662518
0.1536896933676776,0.18555576899084808,0.4656541113654038,0.2326930296380482,0.19293136689837823,0.23016981931206928,0.14973720013148806,0.30117179317970005,0.17760694582520117,0.27266018115097285,0.19453069701382442,0.06561954568300754,0.14586875181946246,0.15978455927685709,0.2794012179561497,0.2392728639341516,0.3320847364316017,0.2536098715452815,0.17780907932859424,0.5385379031807218,0.46781195791035984,0.3320657717644289,0.46252722784565403,0.31885408867705917,0.44096404328725897,-0.42122889838914596,0.1528709830733532,0.2635638077830991,0.8149555108524892,1.0330639136217201,0.13900001455803326,0.07625215231137412,0.22650806151844233,0.28191073700662267,0.2336680126352081,-0.36542064440259076,3.7360531888889095,0.5824122181243905,-0.15196701995530806,-0.4928970434166164,0.3311205596744689,0.44645375263167947,0.660757408411148,0.0020449197316662338,0.18927189371872052,1.252278154599935,0.9525252253109144,0.15411196394596544,0.7413202039559263,0.06272245830192599,-0.10335481060702625
0.17996007449646795,0.12910677066436363,0.24581943168465697,0.2241992803493241,0.1812180342370492,0.18428728180691614,0.12500223183812834,0.19581181605531983,0.08696642489908214,0.16601928551517048,0.13497448432885711,0.11868536530553164,0.10631961229257324,0.1932777290179427,0.12654272327438112,0.1819270932038453,0.2217912563409509,0.13118631553112495,0.19682829930838813,0.1590648235781863,0.2536332938511437,0.40411486106704037,-0.12980376244208983,0.018730323542513895,0.2173408393382772,-0.012501807563745094,0.1741227673421495,0.03694788485200179,-0.2604641792617512,0.5873361212267632,0.38974811423779915,0.22599937985820576,0.2732454660632399,0.1364634162163688,-0.13569241146002164,0.19684951091958858,0.5824122181243905,2.0461117029065115,-0.3603529851802148,0.12164200167442274,0.22017953021373243,0.39164492813331503,0.8967643925795992,0.6184633595843056,0.09463938241969938,0.791279852779109,0.4693907465415242,0.06659383072312741,-1.211606268146297,0.045607169712112115,-0.06170062831332027
0.1305570034050726,-0.08462582278998505,0.2096585822169018,0.3502162321587223,0.31534496341632134,0.2659969995887404,0.28593593476600254,0.3567028645493607,0.15875956415429957,0.33611458982086934,0.2755698219237364,0.23712942176825644,0.27541694588637,0.3634739407435459,0.3455996322966632,0.34466658434752845,0.28205766069667654,0.43311204488191957,0.24731514309481573,0.7552763943852598,-0.1521497565484589,0.6143296831780836,0.7896136440848696,0.41401993561388434,0.456732070691683,1.0123937211804535,0.3418803583485134,0.44165883825050833,0.34918151933403985,-0.08992809869784289,0.5036038514501853,0.42572686015049666,0.6147533766917664,0.5890150960502519,0.3735178461318589,0.3309881639646055,-0.15196701995530806,-0.3603529851802148,4.670768876387209,1.4301920369629357,0.7950411996129262,0.019562063652722634,-0.2895214677645616,0.9068919037792762,0.9504115762433811,-0.29874320626216716,0.15119760963131548,-0.031110550257036653,1.380684611702523,-0.08429376332657805,-0.03592327178987635
