1.9954453833513852,0.26609183662675717,0.6776114870105403,0.1123506004402352,0.2042308133286777,0.24183668339180572,0.24488746803911665,0.09865778283858824,0.13068570781714262,0.3202419841087039,0.14231008730129022,0.18330510467692462,0.07906996714290408,0.13214935553598448,0.19903022957888966,0.11186341863234911,0.14486050614476711,0.20392678699777927,0.12599352337132155,0.09888021692613756,0.1975809397338992,0.14492573683120683,0.09203107535165483,0.11370755447863025,0.20500078486181345,0.13021905411224013,0.16448251242931589,-0.005295199436740693,0.15385634268010748,0.2740496389495195,0.20633913149117225,0.12799191541900154,0.22043852166741307,-0.2813211848587789,0.16067794422867107,0.15916787012038666,0.11999287031333629,0.24255143721180117,0.18581041210208965,0.14866166034372605,0.2884164611882471,0.16120194177492914,0.07150411355448623,0.05116484130470617,0.1488618540298097,0.35016755678694766,0.009225368588499821,-0.10768593847584339,-0.06406189201166354,0.18099224207400258,-0.09261735849792806,-0.11032278213978142,-0.01707464097132796,0.048679290938178015,0.029893060076270284,-0.030427571859266485,0.19771882673875762,0.06345647107907952,-0.3166379900110895
0.26609183662675717,3.1491415543138395,0.19831916871387856,0.10561268346903858,0.3692431625647715,0.16561632339383597,0.3233363305057025,0.10098244959336164,0.43018309772924457,0.13213926960757974,0.236220375929775,0.2600641570365785,0.12379442490235258,0.17355712131578852,0.6013837355009596,0.26496686999593827,0.2629776504325352,0.23418870673128697,-0.21565181755114474,0.25303650505068415,0.32151627905140623,0.03535551743768279,-0.2835747008895388,-0.02439787944878386,0.18446084532328888,0.39465561061898036,0.46457498505547656,0.5140284607057178,0.43457320159658974,-0.09694493635628852,0.3221007962526456,0.20905179553143036,-0.3037251536750418,0.2895321958246887,0.25738555645587713,0.2746843276842192,0.26642175036476173,0.13335060567650864,-0.00855691949787231,0.08018321588187423,0.06255883308311447,0.19752132322145458,0.14233992968551865,0.00808959479402438,0.4369304469935482,0.15787621523447115,0.10756769934697248,-0.23487690583507098,0.18129707229388775,-0.5098392086266579,0.4434011243960063,0.13530390355509514,-0.10109516916239661,-0.053007902734280514,-0.0675194811506199,-0.0007044179792823062,-0.09635009519070391,0.06829788059567053,0.054890350970055506
0.6776114870105403,0.19831916871387856,2.4542313668315914,0.16367645083891938,-0.28982718312134587,0.5364050742809573,0.3789935983057675,0.30957472750964365,0.2850570833248967,0.679453619146212,0.356696211568037,0.38948802775364344,0.16859464380498893,0.2930353851904082,0.33582234844134295,0.27275991192771093,0.41586578147100844,0.4305902737450856,0.34730240187539485,0.6453556913614689,0.3771106417532962,0.5290927241081054,0.4636144061199973,0.42836126366137645,0.4740137138078609,0.3154503499159909,0.2220645326461499,-0.07147142851486901,0.6351112749491751,0.5449552654258254,0.3554894737518893,0.27947927803536277,0.3994240768282596,0.3926494686732848,0.5602083193959334,0.5105105721106556,0.5276213644610257,0.6041505623407621,0.42149157162863804,0.4297655825048552,0.353884452357114,0.508375834475558,0.431628501514371,0.030403182228152966,0.17056212650249697,0.6289907425477799,0.2837686047257635,1.0575702110994116,0.2428492493807185,0.10648644116432614,-0.18323075333923544,0.00036346426427935055,-0.06506715970658922,-0.051010079334884884,0.2994803329625737,-0.05162984181545966,-0.4813994590177768,-0.47199051625134075,0.5433276478116876
0.1123506004402352,0.10561268346903858,0.16367645083891938,0.8042401120164969,0.32679376214005823,0.2604260109897556,0.16517960697431636,0.09037858336455896,0.14237123112903363,0.14496809142160963,0.13957399538099124,0.18619282134737386,0.10298858928938497,0.13719360690514323,0.179741354308725,0.16807645934503437,0.1467395964758595,0.19819039858194304,-0.09291597785003182,0.18897713409344938,0.13489071324337823,0.13807604504654886,0.20300942649146705,0.1312195845946704,0.1418529312282587,0.18882401508094296,0.10528985681145765,0.007228976461401508,0.20095890994900678,0.0717830540149561,0.13812922004275469,0.14765019012952035,0.06699993590607181,0.22758725356115359,0.1182534600311229,0.19494553857244246,0.15913418042499367,0.15207587577633766,0.08410302046568015,0.12153427282377248,0.08655037696393501,0.17621279077224414,0.14511523000552573,0.061640613275029774,0.04129749389318914,0.18748205123882594,0.12850306955376353,0.24533710779556225,0.13388373331652875,0.015154570280554166,3.3277567686520638e-6,0.07769314815107284,-0.09978237757537886,-0.021474693765065188,0.19398658786752873,0.00017751588609771554,-0.17484583069335236,-0.1819329717023489,0.1512240611009837
0.2042308133286777,0.3692431625647715,-0.28982718312134587,0.32679376214005823,1.0614139490267565,0.2577335001077211,0.117047524676577,0.03229743755677587,0.20848181828297865,0.04262377219866127,0.12198896907388619,0.16969551098035035,0.11303678862243235,0.14811213670986553,0.26365559559068824,0.18993357301118893,0.11037211797962805,0.14252083808256885,-0.1212274888166308,0.1087310850401892,0.11286476098592828,0.06114181054558536,0.10080528708698044,0.05998561872971417,0.07933094924939259,0.23813244145729068,0.06984489382523348,0.054864835688283965,0.11888771598207966,-0.1417554645940586,0.137499133200548,0.15599460409052499,-0.036217604409502814,0.22309069458439293,0.03556234825129594,0.18818500857296755,0.14426018738379381,0.04547858532204053,-0.030369490403688675,0.04296706742398989,0.011793710550854276,0.13849706748467056,0.05084865414558093,0.023384702801797042,0.09835958593309488,0.09991931826644457,0.041949081434592785,0.2608005605111172,0.12399321212311175,-0.04755684220945916,0.13093343522090592,0.0047187074820122885,-0.042193085374400814,0.014849198463561534,-0.08066749695594355,-0.07034292246153029,-0.1667004489151056,0.046744595423583855,0.20476383310760515
0.24183668339180572,0.16561632339383597,0.5364050742809573,0.2604260109897556,0.2577335001077211,0.9306449510314692,0.14402253700995787,0.17841137527053355,0.21078782443783553,0.19321818866051368,0.24532926041810343,0.20979026550783936,0.14551989561576836,0.28601076834028955,0.3476080804904209,0.29081870883458755,0.32171093441388615,0.2120409781503612,0.06459651704532043,0.4123800783124513,0.2811526721736559,0.32351289696353286,0.14736600185984505,0.21679951171746145,0.23081929618102365,0.3136043254052275,0.16879646958239414,0.07787367252526464,0.3714806847248102,0.10929023904983126,0.24369516618116,0.2822542947453135,0.14193714813638375,0.2905081353143888,0.11911704760787913,0.2950960934471473,0.3724319049140468,0.284419876537238,0.1444543925888875,0.19420749595095615,0.21709075027924327,0.31126813876522014,0.23454389569226708,0.02236704466737814,0.1363230678714365,0.32925314173835235,0.18086286538947857,0.5032591664316457,0.22325318267408364,0.2268630239888478,-0.25677506235340536,0.007910550944563052,-0.13770104216780799,0.00871447504732372,-0.23273656823042171,0.010922664527319758,-0.06436381872441863,0.2285214553809827,0.0014606403801821952
0.24488746803911665,0.3233363305057025,0.3789935983057675,0.16517960697431636,0.117047524676577,0.14402253700995787,0.5398072204478109,0.07330294903910042,0.24472040302211648,0.23980272428895577,0.170913211675899,0.30582739231423245,0.11986114143534633,0.17233387774997524,0.1838834916974537,0.21673258310977087,0.23124205807240483,0.2803843299683546,0.006397290198600238,0.2972356445526094,0.1648990350424565,0.22826675631735985,0.3024345375221345,0.19134017641409762,0.24052803413166718,0.23284414555954128,0.2240344122174372,-0.018431109467596882,0.3165078108218335,0.1431207395848495,0.19497936173849573,0.1976913753017822,0.14767483662323283,0.2773979408073982,0.17170429768760745,0.31429336304339567,0.22543829792279496,0.2019213506296299,0.1425680316258057,0.20158124335772806,0.1086251975428158,0.2624548651288304,0.19061205185023716,0.030504658282529965,0.05082180629698504,0.33917695254109037,0.11729525339632037,0.6059645850861649,0.4223611763473957,-0.02461388549612958,0.05220799310968293,-0.03023282084733858,-0.12441803223970758,-0.0001644357684452635,0.2113270105562712,0.017639976765861515,-0.03764517274096262,-0.16567554647188484,-0.09573285575072661
0.09865778283858824,0.10098244959336164,0.30957472750964365,0.09037858336455896,0.03229743755677587,0.17841137527053355,0.07330294903910042,1.1616639848367747,0.03808178258488245,0.11788784934096364,0.2621545204144301,0.10717984888018649,0.10481538195567872,0.29735967715822276,0.10870806487216716,0.2557649040554457,0.2683533506100593,0.23951973735698565,0.08311227600296031,0.319052642061924,0.06704236578057914,0.19981170483881822,0.15079749644288135,0.1408578019738878,0.22489819266314856,0.21474720495800217,0.08321219871068121,0.011769782052856339,0.27221379948802976,0.19197310457935446,0.18683710561667316,0.2463866694901624,-0.01231595819604577,0.2664148673704917,0.06106656282056076,0.239195080701181,0.20753093758097,0.11898808288451378,0.4054852294245544,0.13617249927005182,0.09955846174875271,0.1776574381343689,0.23263200463264294,-0.009751184629320729,0.09239255251920346,0.14436396087461867,0.1254102522706868,0.239719290717438,0.42771604770694105,0.03674377723858158,-0.009243136377802365,0.11572533920745241,0.11423000620104568,-0.28479407950912383,-0.4092725179996169,0.07078147678964274,0.17715534693823673,0.4689656174421727,-0.32577047758660216
0.13068570781714262,0.43018309772924457,0.2850570833248967,0.14237123112903363,0.20848181828297865,0.21078782443783553,0.24472040302211648,0.03808178258488245,0.6809225189647321,0.17839881913788305,0.15619681393382426,0.19586853407542945,0.08396331068381467,0.1902521454422572,0.19263646535485687,0.20412348029774205,0.17743396596474934,0.2543464794150437,-0.17898011601197242,0.3249229478745295,0.1517945514195488,0.12623271647674375,0.2483209557218003,0.1662465480926645,0.13128428372466772,0.2975157857866889,0.18938759304967812,-0.01421954058966167,0.23207488931406187,0.10827757528157754,0.20401681808898933,0.1922251847597273,0.09327905477568693,0.2529385830937126,0.13423231403713637,0.29766452419666467,0.2327530573633434,0.17976537095783748,0.12432401743980197,0.1468572733086237,0.10421572024471283,0.23518417101551994,0.16310502662899587,0.01754824951996695,0.07708688468503425,0.21788064482383426,0.10604781019814101,0.34702287245271346,0.6503259262872443,-0.1889989291825748,0.11270473748233327,0.014138899679057964,0.08078722454569183,-0.08880140499284116,3.6637171487672615e-5,0.019840902751274755,0.012443212560620436,0.010294821963185536,-0.07581889318356168
0.3202419841087039,0.13213926960757974,0.679453619146212,0.14496809142160963,0.04262377219866127,0.19321818866051368,0.23980272428895577,0.11788784934096364,0.17839881913788305,0.8846883404809971,0.10172002268741522,0.19944487801919997,0.07608034140574167,0.19380054794716398,0.13752101802827327,0.1735730838398209,0.2015662326619632,0.30311185940659907,-0.03643167812387395,0.3985410737134163,0.15838782117152791,0.17833338279038186,0.25363443034373073,0.2005110255226878,0.252137245897793,0.21988360393160034,0.27670443118023447,-0.012182232141945835,0.34152704462287403,0.19697889130106086,0.23025794997367008,0.20425617405493418,0.1266400509611949,0.3328058009172091,0.2867957561238623,0.280230795085478,0.3521726446810425,0.2521754191123955,0.1292939484337849,0.22242297190189428,0.18931492041025064,0.2987706876259934,0.18917548945974366,0.032168323512557724,0.09959853834677099,0.36441340604368727,0.35524701173867873,0.5444970338062723,0.4282095319968952,-0.014374610238251229,0.013559897295847001,-0.12078039670015585,-0.05767213231305346,0.051717709101233765,0.11193144961300407,-0.023302356534613735,0.0929421035476541,-0.16381603837591457,-0.061051772079969965
0.14231008730129022,0.236220375929775,0.356696211568037,0.13957399538099124,0.12198896907388619,0.24532926041810343,0.170913211675899,0.2621545204144301,0.15619681393382426,0.10172002268741522,0.40133987926624665,0.22264821586525557,0.12502019505183845,0.20317003383071708,0.27294760235085835,0.2231039805590807,0.2527251608764321,0.2353562395156238,-0.005399386351146199,0.27664404698870837,0.16150562230827697,0.18587793948628548,0.22217484242227073,0.16397398325170073,0.19529910484931068,0.24701611372453408,0.18529532388100262,-0.005999367963788072,0.3008879267654359,0.12897243952962845,0.191708718107348,0.19740565469891702,0.08629552743374608,0.22400311429315625,0.17729102800205818,0.28159291841511247,0.18329791433430842,0.19593282512454063,0.1925442638026898,0.16867328189516773,0.1121802033453344,0.22652418413596834,0.1959612841269367,-0.00022930393616313005,0.08720165696727247,0.2603186228574151,0.08840312070227789,0.4061827099933098,0.16138651150572345,0.02213009058976556,-0.009885835226061339,0.013185588228682496,-0.016962127389913734,-0.06305677182637032,-0.1662156010656549,0.043552672471399476,-0.03069893187026302,0.15910502418345956,-0.0716550373276631
0.18330510467692462,0.2600641570365785,0.38948802775364344,0.18619282134737386,0.16969551098035035,0.20979026550783936,0.30582739231423245,0.10717984888018649,0.19586853407542945,0.19944487801919997,0.22264821586525557,0.6027844783791232,0.09639710181007541,0.22059959389748243,0.23961718317714048,0.26712468323243094,0.22507787757138534,0.31850480069845777,0.0020667351284600864,0.30201436244451635,0.1265616157136711,0.15784176922869647,0.29222855775581,0.1846150359702319,0.2968851903834438,0.25521317353569456,0.2026800439276185,-0.005857545531830513,0.31929788371856116,0.08140451303548592,0.22127203581382862,0.24363958420205098,0.1249368623762132,0.2934640937498096,0.14417274724765247,0.34575470524861057,0.14589569145705653,0.26349659946205284,0.1533379662470605,0.19613791908416045,0.08773528766676224,0.24792321827501562,0.19727774312661236,0.007209639473325845,0.05670221747349169,0.3376828840098039,0.1821433872575018,0.5901561510084394,0.35992146946500353,-0.1930315300477076,0.08503081691723903,0.10933686115686791,-0.09992183627653678,-0.025958228724520232,0.09815826315837892,0.0376706004065018,-0.042547728105205594,-0.07454146704038885,-0.14941960310613234
0.07906996714290408,0.12379442490235258,0.16859464380498893,0.10298858928938497,0.11303678862243235,0.14551989561576836,0.11986114143534633,0.10481538195567872,0.08396331068381467,0.07608034140574167,0.12502019505183845,0.09639710181007541,0.21289259212365463,0.10784982414466712,0.06272895951868183,0.09988285715350281,0.11103260680887295,0.11427793796343758,-0.0076809304892531925,0.12195140346254806,0.1014025461451596,0.19828786802806628,0.132627462030935,0.08827689397785951,0.0932283951451507,0.10234165154405381,0.0721662041306609,-0.022599431527928517,0.16993140924860747,0.0949260773614004,0.07761237946052915,0.10734136795052276,0.031886424912393595,0.13630788464739604,0.1130607169177129,0.1371261029106441,0.08145076735503085,0.05967209788791621,0.10581649780267677,0.08424947863711121,0.05094280634767868,0.11350220476057252,0.09289834889998327,0.01651555544070998,-0.003870714598234925,0.11789794356563059,0.04784198226039836,0.20854913661536748,0.1684096816766791,-0.024498508599389686,-0.004064500699075184,-0.010626757821312267,0.0360273653359506,-0.036645031569359464,0.021150064841368502,-0.006218043717075208,-0.10293320738240808,-0.03224047630400139,0.09465425078531099
0.13214935553598448,0.17355712131578852,0.2930353851904082,0.13719360690514323,0.14811213670986553,0.28601076834028955,0.17233387774997524,0.29735967715822276,0.1902521454422572,0.19380054794716398,0.20317003383071708,0.22059959389748243,0.10784982414466712,0.4773873707175233,0.24472715464906192,0.34437432316782957,0.21326477398373808,0.25776300250744905,0.003604794761714748,0.2734028003140989,0.16072120129119852,0.22619721032357792,0.23272856500897815,0.19776081511943536,0.2198948313070581,0.24654137782650443,0.11260557999300325,-0.02984369658245336,0.3396155632167953,0.17342285472512645,0.2280441428474368,0.40348445470701,0.03328034987799777,0.29365417953950185,0.13491625196021675,0.27633350918326594,0.2553034056624623,0.20281014254837043,0.17208751024511515,0.14961626404608086,0.17524615137857413,0.2468469002093942,0.2045868284864124,0.016550241165643634,0.08873150153415382,0.23661325656833615,0.21814015848049428,0.3590961086148466,0.5980777407589335,0.05151546206961296,0.0015569371454402564,-0.09550763854996988,0.006647606037169179,-0.05504808548359135,-0.39070012675572674,0.02627098818405992,0.17614586405988436,0.3658969273255212,-0.2380185840080592
0.19903022957888966,0.6013837355009596,0.33582234844134295,0.179741354308725,0.26365559559068824,0.3476080804904209,0.1838834916974537,0.10870806487216716,0.19263646535485687,0.13752101802827327,0.27294760235085835,0.23961718317714048,0.06272895951868183,0.24472715464906192,0.7797509059166965,0.27859086319309456,0.2616402753565226,0.2805476980578119,0.008816755479340273,0.31721004795476454,0.233407760235392,0.048620736961878894,0.31221088331315544,0.2242475672426203,0.29302202150610607,0.2912512504909293,0.3088848291374553,-0.020680543383086593,0.40144782020634523,0.22208832124378644,0.23972112363034676,0.23470388193401515,0.16440671916065033,0.268798200250829,0.23983705871954072,0.3323729880224457,0.347374170482372,0.2686659723685322,0.12935375054379303,0.21634245480253894,0.19778052634193333,0.31166467079639354,0.2787339274695433,0.016252675741909303,0.14364837860918941,0.3688893857315755,0.13043301452342723,0.5557103318492455,0.1338987361486469,0.07351128609741575,-0.10800535479543852,0.08026220943111467,-0.15084056694140816,0.04026417705600123,-0.23490290608722017,0.05377319295428203,-0.04635364846404389,0.22346808418730923,-0.024141937548237236
0.11186341863234911,0.26496686999593827,0.27275991192771093,0.16807645934503437,0.18993357301118893,0.29081870883458755,0.21673258310977087,0.2557649040554457,0.20412348029774205,0.1735730838398209,0.2231039805590807,0.26712468323243094,0.09988285715350281,0.34437432316782957,0.27859086319309456,0.609626238184394,0.3048203101738234,0.2965188941777625,-0.005376626299703667,0.33605343031920043,0.17859517189631194,0.2242029073486249,0.24568709103785655,0.20523764913247672,0.26727840769787276,0.2657556328440108,0.167719818509794,0.010361692485672185,0.38619416403026274,0.15510660092091974,0.2516116941355901,0.3243882894075466,0.05688556259412099,0.33576148252581717,0.20466596953099342,0.32052805679030033,0.2847276048033844,0.26269385640161047,0.1750439248962753,0.1974987678435949,0.17131843696686164,0.3067290345713412,0.27807332661587003,0.01115163641973536,0.12779036548356543,0.287336272790358,0.20811102466813608,0.47417290956871305,0.41257934641647526,-0.03666770301565555,0.0010278926197956595,0.006713701953802555,-0.048374040668549126,-0.052714472898016826,-0.308525066901735,0.047547817442171056,0.018522488701048428,0.32320184601961127,-0.14217664679495348
0.14486050614476711,0.2629776504325352,0.41586578147100844,0.1467395964758595,0.11037211797962805,0.32171093441388615,0.23124205807240483,0.2683533506100593,0.17743396596474934,0.2015662326619632,0.2527251608764321,0.22507787757138534,0.11103260680887295,0.21326477398373808,0.2616402753565226,0.3048203101738234,0.6018043285070286,0.22366730254286152,0.04858004553858047,0.35456286755659455,0.18280205039146277,0.4510777197914912,0.1794032304140009,0.18867035812864144,0.28793857182844207,0.32330848982804417,0.3013153032645018,0.19602595835079073,0.32876652101160125,0.0872705649255914,0.2519170252141747,0.23304210971032188,0.08531418840761829,0.2962320716704204,0.18943884288445934,0.4019982850686588,0.3056890339453673,0.27461423779942656,0.1446841818077459,0.2110916865947714,0.1485087378512133,0.3288502766095676,0.2741522818632025,0.027572734077346336,0.20357803468863056,0.3146735279869508,0.12200859577318089,0.5834770044057734,0.2544818827921585,0.1045437271701202,0.03357323658471245,-0.03880728103001578,-0.18081334802518662,-0.05045376030181897,-0.2705162879324204,0.021664019116477137,-0.05692631888238688,0.26936778661240035,-0.07817955959712582
0.20392678699777927,0.23418870673128697,0.4305902737450856,0.19819039858194304,0.14252083808256885,0.2120409781503612,0.2803843299683546,0.23951973735698565,0.2543464794150437,0.30311185940659907,0.2353562395156238,0.31850480069845777,0.11427793796343758,0.25776300250744905,0.2805476980578119,0.2965188941777625,0.22366730254286152,1.127302442923587,-0.03560331978809296,0.2334726828298421,0.22990187884088553,0.24294046594248958,0.7774048297953658,0.22440083596232208,0.35761992111669677,0.212713195536099,0.021889399661855206,-0.29935983231608265,0.450666546350239,0.24742580828060765,0.44676240042535975,0.26182027660045853,0.18525933087751204,0.36136846164222486,0.03678704034724143,0.5873260608658647,0.4744098404653653,0.26122848594278114,0.270876755569388,0.2568448974834426,0.26373157807101966,0.34125083384604105,0.31924764455650223,0.008159851575507996,0.12314709976090986,0.5301844946378111,0.19541853876223378,0.6770248450099218,0.3797672486070374,0.18576159648240667,0.39158521878869756,-0.27126284974225484,-0.2647106151692201,-0.2485680606621563,-0.17481430441015056,0.03557409640244035,0.07199411362158925,0.230904156145184,-0.25935276052142414
0.12599352337132155,-0.21565181755114474,0.34730240187539485,-0.09291597785003182,-0.1212274888166308,0.06459651704532043,0.006397290198600238,0.08311227600296031,-0.17898011601197242,-0.03643167812387395,-0.005399386351146199,0.0020667351284600864,-0.0076809304892531925,0.003604794761714748,0.008816755479340273,-0.005376626299703667,0.04858004553858047,-0.03560331978809296,1.493146189730375,-0.0682316167177606,0.09416593597969632,0.14191279653768837,-0.0835916472739019,0.124814587784228,0.15629328143017582,-0.16857046375684806,0.007466981051661099,0.057210242742615304,-0.12645981350025998,0.10666381137888617,0.09443498955153978,-0.03179865312722658,0.4278587065297566,-0.15283680517045067,-0.018655156221546204,0.022091513868474213,0.3313075012439258,0.18458768460938238,0.17241322954693925,0.13839541042635956,0.06864255532519543,0.0617149034394367,0.16706776756144132,-0.014404120698892233,0.12138462297320088,0.26099789974337384,-0.054311496526665046,1.3064873303083602,-0.8768654985460138,0.3303331044873608,-0.21662669556823688,-0.03757527697712756,-0.0875521268402438,0.04327690258542743,-0.023472426705099372,-0.023966414469659622,-0.12529765514743055,0.010772104757654223,0.10563908360620337
0.09888021692613756,0.25303650505068415,0.6453556913614689,0.18897713409344938,0.1087310850401892,0.4123800783124513,0.2972356445526094,0.319052642061924,0.3249229478745295,0.3985410737134163,0.27664404698870837,0.30201436244451635,0.12195140346254806,0.2734028003140989,0.31721004795476454,0.33605343031920043,0.35456286755659455,0.2334726828298421,-0.0682316167177606,2.1133029513343358,0.08851391984834614,-0.25641819782164416,0.22582694659814145,0.455767044562819,0.3997378068244634,0.4321329676229645,0.589174627150316,7.254473811967091e-5,0.42096821199923745,0.30807347704834565,0.4418319253452436,0.25511608176648315,0.5663718389961828,0.5742318939934541,0.2971811207548777,0.52055353494878,1.2269335013949432,0.33045925473984955,0.18105416633115168,0.5016558267168636,0.35278514460313015,0.723658164060426,0.481952446792365,-0.15278688427127501,0.24616796128506455,0.7111342391607147,0.5120922346073116,2.6501227853952103,1.2812703376161156,-0.3042313758371287,-0.18014435332473078,0.1615416635096602,0.16633190322512476,-0.028907310258411038,0.07736633274774482,0.003315646682411062,0.09512951682922627,-0.07776629298030066,-0.07044046272240245
0.1975809397338992,0.32151627905140623,0.3771106417532962,0.13489071324337823,0.11286476098592828,0.2811526721736559,0.1648990350424565,0.06704236578057914,0.1517945514195488,0.15838782117152791,0.16150562230827697,0.1265616157136711,0.1014025461451596,0.16072120129119852,0.233407760235392,0.17859517189631194,0.18280205039146277,0.22990187884088553,0.09416593597969632,0.08851391984834614,0.805333746296387,0.11777232925963282,0.1475056272116967,0.11022720898094698,0.12389305825601746,0.24835850479056243,0.11933670896850866,0.05911101774152594,0.2720737201369842,0.2209804113196523,0.20722509624101493,0.16866654132041706,-0.09201178117180753,0.17901914915757347,0.3467780927140667,0.22416964418905302,0.2068467388978796,0.3525898703247715,0.16744644369368378,0.24740012092874783,0.31875223028436434,0.29263252726571576,0.17558075150898939,0.0751468120061041,0.3688971616488692,0.25928868833328933,0.09028013646886411,-0.01194494992003339,-0.12159650503654905,0.20572914871549847,-0.07462959553657454,-0.031622587064316275,-0.12593552257369647,0.023294952203584404,-0.11000117470393087,-0.027975026045438896,-0.17160775943534748,0.1091470310865748,0.10467236665435196
0.14492573683120683,0.03535551743768279,0.5290927241081054,0.13807604504654886,0.06114181054558536,0.32351289696353286,0.22826675631735985,0.19981170483881822,0.12623271647674375,0.17833338279038186,0.18587793948628548,0.15784176922869647,0.19828786802806628,0.22619721032357792,0.048620736961878894,0.2242029073486249,0.4510777197914912,0.24294046594248958,0.14191279653768837,-0.25641819782164416,0.11777232925963282,2.4875590046428426,0.36773492197922436,0.05611139702969723,0.1855986722741618,0.16837292444143073,0.12588155786652086,-0.07912873758578802,0.05062089344530803,-0.018260662502982788,0.027955159956190606,0.2804666497744067,-0.2020925984100478,0.25933298667151355,0.16444197796804214,0.16922138912446621,0.08439569669831001,-0.141696288142304,0.13667588859294785,0.09704500936887508,-0.07032170243570068,0.1310762130005573,0.18935351053831537,0.08897159192047126,0.04297298744821206,-0.1154049432029432,0.056133582591836616,0.3716989517724793,0.8907601509212887,-0.10345947364449574,0.210109605986557,-0.3896730902521245,-0.079424637868631,-0.12488403623336025,-0.15808367767867276,0.013298133782352072,-0.38673486393270795,0.15569927219899743,0.1296443115150326
0.09203107535165483,-0.2835747008895388,0.4636144061199973,0.20300942649146705,0.10080528708698044,0.14736600185984505,0.3024345375221345,0.15079749644288135,0.2483209557218003,0.25363443034373073,0.22217484242227073,0.29222855775581,0.132627462030935,0.23272856500897815,0.31221088331315544,0.24568709103785655,0.1794032304140009,0.7774048297953658,-0.0835916472739019,0.22582694659814145,0.1475056272116967,0.36773492197922436,1.6754339029120147,0.541896608701293,0.4848370483546366,0.12989988706718203,0.27637834645006165,-1.0322030249959564,0.5930079532774291,0.6721034067730639,0.11029826337609924,0.2127670347285665,0.743010583276842,0.39996553115052735,0.2148538163816201,0.6488455448108967,0.3865538851703774,0.29412305990193244,0.3817473264123603,0.4493280935195475,0.21369679434241484,0.48285393640417684,0.42367148591386017,0.05680814333836051,-0.32207252352129545,0.7296974473750077,0.1326583438072559,1.6826812536449782,0.6517719856989452,0.09115731215718562,-0.02458923792868685,-0.11131641179828293,0.015835838519984175,-0.06024502800149834,0.035214293888340006,0.06359965281531064,-0.13836134789267976,-0.060969585959313316,0.026966895699536322
0.11370755447863025,-0.02439787944878386,0.42836126366137645,0.1312195845946704,0.05998561872971417,0.21679951171746145,0.19134017641409762,0.1408578019738878,0.1662465480926645,0.2005110255226878,0.16397398325170073,0.1846150359702319,0.08827689397785951,0.19776081511943536,0.2242475672426203,0.20523764913247672,0.18867035812864144,0.22440083596232208,0.124814587784228,0.455767044562819,0.11022720898094698,0.05611139702969723,0.541896608701293,0.5824056004448964,0.2905439572945161,0.19640770677649141,0.3411091897019343,-0.1743177900685833,0.23183895062359228,0.627062924007958,0.24128786330102334,0.1952004781575896,0.8007914016525706,0.14997787614343822,0.27832420455573387,0.47947471220508403,0.4504535924794196,0.4646498118175449,0.21357302912831025,0.3265692067406314,0.23945378828008976,0.4278022310571026,0.3908309700446845,0.050319995150200164,-0.025545718238114037,0.576113137174298,0.1474368960174438,0.9805877927742981,0.2441341356541622,0.01135858312695411,-0.21242135573432483,0.0654059066091636,0.07564521959503571,0.043370137970216854,0.08158075831584459,0.008805799951822069,-0.018716171378676958,-0.1276928299339505,0.055793729338922474
0.20500078486181345,0.18446084532328888,0.4740137138078609,0.1418529312282587,0.07933094924939259,0.23081929618102365,0.24052803413166718,0.22489819266314856,0.13128428372466772,0.252137245897793,0.19529910484931068,0.2968851903834438,0.0932283951451507,0.2198948313070581,0.29302202150610607,0.26727840769787276,0.28793857182844207,0.35761992111669677,0.15629328143017582,0.3997378068244634,0.12389305825601746,0.1855986722741618,0.4848370483546366,0.2905439572945161,1.499936346920261,0.20082242141989548,0.3836404938379885,-0.22809398518833068,0.5606750614729358,0.390781968259863,0.2582306463661599,0.21669944025787743,0.1810974969263209,0.48500839651294375,0.3987272768479726,0.3345964998938481,0.2228203368497972,0.34494484271347375,0.2414666925075462,0.28944784998907164,0.09867263649178348,0.3469401632316772,0.437590685556208,0.0023323805313322852,0.04134853984343303,0.5689945668479133,0.2368343652622562,0.6622720117745245,0.12151023585357987,-0.5572078562566611,-0.05635306462685111,0.2456418540165088,0.1287659731251769,-0.005226785969994959,-0.04725357693484404,0.05525627570684352,-0.004291390184848584,0.07988428536736843,-0.1426977516436465
0.13021905411224013,0.39465561061898036,0.3154503499159909,0.18882401508094296,0.23813244145729068,0.3136043254052275,0.23284414555954128,0.21474720495800217,0.2975157857866889,0.21988360393160034,0.24701611372453408,0.25521317353569456,0.10234165154405381,0.24654137782650443,0.2912512504909293,0.2657556328440108,0.32330848982804417,0.212713195536099,-0.16857046375684806,0.4321329676229645,0.24835850479056243,0.16837292444143073,0.12989988706718203,0.19640770677649141,0.20082242141989548,1.1323829349084746,0.5439718551955006,0.2656790551248633,0.2824910060060808,-0.051110701208880095,0.27659665744140594,0.2907540176583602,0.04318826986725843,0.3279845124909184,0.43702698336015866,0.5533124928262863,0.10910633474036843,0.23331267650443843,-0.41562915541489653,0.256857907679361,0.045163465754782244,0.4308514552483876,0.2949405378234303,-0.0234452759563194,0.2243946995654464,0.352909712660052,-0.00967124748175008,0.9639424017750953,0.15249672293130898,-0.02762942195353637,0.03625857525930146,-0.10798813487760332,-0.2278921022468076,0.20514480569388185,-0.15174449396137984,-0.02968519535529104,-0.11017842720390322,0.1917650481453287,-0.010688603213538662
0.16448251242931589,0.46457498505547656,0.2220645326461499,0.10528985681145765,0.06984489382523348,0.16879646958239414,0.2240344122174372,0.08321219871068121,0.18938759304967812,0.27670443118023447,0.18529532388100262,0.2026800439276185,0.0721662041306609,0.11260557999300325,0.3088848291374553,0.167719818509794,0.3013153032645018,0.021889399661855206,0.007466981051661099,0.589174627150316,0.11933670896850866,0.12588155786652086,0.27637834645006165,0.3411091897019343,0.3836404938379885,0.5439718551955006,1.920144061723376,0.23833927544482894,0.41666999805067617,0.22266937729855849,0.255589125278356,0.16967943849260447,0.47777706087128424,0.2363836165043079,0.7629091577697026,0.6097487655584202,0.16995401262761584,0.38649418301372845,-0.14683158528060405,0.4854157906897085,-0.03308067828193268,0.5056631597191448,0.481435309075494,0.05101925468795695,0.08855752255140799,0.7902210956449579,0.06907691832510914,1.659704620573029,-0.10119717231152385,-0.27110341651406467,-0.2630343603366209,0.0825659971425954,-0.06407889955475517,0.5658795889142978,0.17846591060961212,0.049450797654978035,0.17435011813781134,-0.09325369207666917,-0.24341788514449403
-0.005295199436740693,0.5140284607057178,-0.07147142851486901,0.007228976461401508,0.054864835688283965,0.07787367252526464,-0.018431109467596882,0.011769782052856339,-0.01421954058966167,-0.012182232141945835,-0.005999367963788072,-0.005857545531830513,-0.022599431527928517,-0.02984369658245336,-0.020680543383086593,0.010361692485672185,0.19602595835079073,-0.29935983231608265,0.057210242742615304,7.254473811967091e-5,0.05911101774152594,-0.07912873758578802,-1.0322030249959564,-0.1743177900685833,-0.22809398518833068,0.2656790551248633,0.23833927544482894,2.809935516752859,-0.4038374827176685,-0.223670673270255,0.35046130486694604,0.0713718593868522,-0.6505137790533303,-0.014371728496938324,-0.05749917895148765,1.1653157273020576,-0.32207979854229835,0.3017851090920913,-0.26901462433446954,0.05346914967468389,-0.17839657828854408,-0.12782662106372028,0.3063695681387129,0.3636535089486368,0.6712253837196276,-0.16925368821486544,-0.473199672041899,-0.34434073100125767,-0.6952810911979282,-0.5390216025380654,0.4282102593490357,0.4047002670342883,-0.45937886704540076,0.09582476723503462,-0.012864471572928221,-0.14042608628594985,0.10996258006406552,0.02456750299882171,0.12374933026075641
0.15385634268010748,0.43457320159658974,0.6351112749491751,0.20095890994900678,0.11888771598207966,0.3714806847248102,0.3165078108218335,0.27221379948802976,0.23207488931406187,0.34152704462287403,0.3008879267654359,0.31929788371856116,0.16993140924860747,0.3396155632167953,0.40144782020634523,0.38619416403026274,0.32876652101160125,0.450666546350239,-0.12645981350025998,0.42096821199923745,0.2720737201369842,0.05062089344530803,0.5930079532774291,0.23183895062359228,0.5606750614729358,0.2824910060060808,0.41666999805067617,-0.4038374827176685,2.479135438017232,0.24685989776592188,0.10311570242742668,0.36642679758668917,0.06835098293908938,0.71699552578586,0.16885080566643376,0.42600119989531693,-0.14638640082206172,0.15146778133301095,0.28781981173702403,0.2686094150418199,-0.010981331493408925,0.27289942132219774,0.3343182881700305,-0.1980358578600451,-0.2611464665161867,0.46749515471860553,0.43777603535498183,0.3858533271016664,0.9151598246865967,0.3561940290426268,-0.4036338379071904,0.2109529332421212,-0.42134493645000104,0.06746418714697049,-0.2553236866404893,0.1143797581767993,-0.08750952719352181,0.26815341939166015,-0.06989403709295897
0.2740496389495195,-0.09694493635628852,0.5449552654258254,0.0717830540149561,-0.1417554645940586,0.10929023904983126,0.1431207395848495,0.19197310457935446,0.10827757528157754,0.19697889130106086,0.12897243952962845,0.08140451303548592,0.0949260773614004,0.17342285472512645,0.22208832124378644,0.15510660092091974,0.0872705649255914,0.24742580828060765,0.10666381137888617,0.30807347704834565,0.2209804113196523,-0.018260662502982788,0.6721034067730639,0.627062924007958,0.390781968259863,-0.051110701208880095,0.22266937729855849,-0.223670673270255,0.24685989776592188,2.7045800808391824,0.20867875010419656,0.14618954076881185,0.5466490934394387,-0.1236905072146597,0.7575830999269192,0.5245340147758484,0.3897750885205448,0.44102340683368807,0.8075881273209519,0.45617403510010107,0.6507138257636628,0.43299203241154804,0.7723593270982712,0.17995374458649535,0.06644806179513126,0.5454972606888702,0.07503211689619076,-0.17047185429918438,0.2329060583758655,0.035242930626515394,-0.46725637396524256,0.22504021781127284,0.2238019870813964,-0.08374111844006886,0.14773968832064008,-0.0028539118680721304,-0.05691254188823646,-0.08345377017635215,0.07709033112449909
0.20633913149117225,0.3221007962526456,0.3554894737518893,0.13812922004275469,0.137499133200548,0.24369516618116,0.19497936173849573,0.18683710561667316,0.20401681808898933,0.23025794997367008,0.191708718107348,0.22127203581382862,0.07761237946052915,0.2280441428474368,0.23972112363034676,0.2516116941355901,0.2519170252141747,0.44676240042535975,0.09443498955153978,0.4418319253452436,0.20722509624101493,0.027955159956190606,0.11029826337609924,0.24128786330102334,0.2582306463661599,0.27659665744140594,0.255589125278356,0.35046130486694604,0.10311570242742668,0.20867875010419656,0.8509679166163001,0.24818986982758914,0.2923869311097716,0.19107763896741012,0.14030612300834958,0.7424652508614019,0.45943436190320924,0.5156489659390826,0.13617324735486236,0.25458474980618845,0.27030110260723916,0.3654017497364904,0.3590081201989895,0.032820003169903376,0.3332977707787694,0.572995689598703,0.07811346696881234,0.6346633468332215,-0.1525596181770661,0.01642371846972155,0.12252630793259316,0.008386622418879188,-0.12214917967149479,-0.10023956079544942,-0.13873613631920384,-0.008516864648462855,0.1545338479818626,0.14469090488005737,-0.20859670238631722
0.12799191541900154,0.20905179553143036,0.27947927803536277,0.14765019012952035,0.15599460409052499,0.2822542947453135,0.1976913753017822,0.2463866694901624,0.1922251847597273,0.20425617405493418,0.19740565469891702,0.24363958420205098,0.10734136795052276,0.40348445470701,0.23470388193401515,0.3243882894075466,0.23304210971032188,0.26182027660045853,-0.03179865312722658,0.25511608176648315,0.16866654132041706,0.2804666497744067,0.2127670347285665,0.1952004781575896,0.21669944025787743,0.2907540176583602,0.16967943849260447,0.0713718593868522,0.36642679758668917,0.14618954076881185,0.24818986982758914,0.5159508524887716,-0.047086943179382695,0.33223205006950357,0.17443205582433705,0.2973580029587894,0.18555419196384956,0.20964458687205278,0.1265691333200881,0.1682582872895506,0.14446076440971836,0.2522020106889251,0.22139909490287857,0.02443895243973758,0.12666438459981064,0.25612710711848446,0.23054237653159895,0.3783338144744311,0.5631606501160086,0.013402405247401014,0.04641680080889053,0.10062288651785194,-0.25503901093865067,-0.007220136305879822,-0.33552988629183217,0.010307012186130327,0.2643520243973831,0.3167826402030563,-0.33297067411179626
0.22043852166741307,-0.3037251536750418,0.3994240768282596,0.06699993590607181,-0.036217604409502814,0.14193714813638375,0.14767483662323283,-0.01231595819604577,0.09327905477568693,0.1266400509611949,0.08629552743374608,0.1249368623762132,0.031886424912393595,0.03328034987799777,0.16440671916065033,0.05688556259412099,0.08531418840761829,0.18525933087751204,0.4278587065297566,0.5663718389961828,-0.09201178117180753,-0.2020925984100478,0.743010583276842,0.8007914016525706,0.1810974969263209,0.04318826986725843,0.47777706087128424,-0.6505137790533303,0.06835098293908938,0.5466490934394387,0.2923869311097716,-0.047086943179382695,2.872214254978283,-0.46489418586136466,-0.5730844501079414,0.21661132437521455,0.607648411931498,0.945768763187356,0.08535133091536468,0.29761244085975713,0.2856729864749358,0.47972850869886985,0.2113397220038711,0.025099594524632278,-0.7264725893164761,0.9731584475842983,0.057184263723821634,1.379353772269595,0.2606346094445245,0.26858029635465624,-0.47844631695638445,-0.019475147641486265,0.3033062428604271,0.09148580825497636,0.4699009624743056,0.07470082660119705,-0.1016819477208412,-0.46273839519250304,0.15053250213256597
-0.2813211848587789,0.2895321958246887,0.3926494686732848,0.22758725356115359,0.22309069458439293,0.2905081353143888,0.2773979408073982,0.2664148673704917,0.2529385830937126,0.3328058009172091,0.22400311429315625,0.2934640937498096,0.13630788464739604,0.29365417953950185,0.268798200250829,0.33576148252581717,0.2962320716704204,0.36136846164222486,-0.15283680517045067,0.5742318939934541,0.17901914915757347,0.25933298667151355,0.39996553115052735,0.14997787614343822,0.48500839651294375,0.3279845124909184,0.2363836165043079,-0.014371728496938324,0.71699552578586,-0.1236905072146597,0.19107763896741012,0.33223205006950357,-0.46489418586136466,1.4720272611646472,0.4318817497170163,0.32361620856669177,0.4172994081349732,0.17192921027853875,0.10796632980490978,0.2491634947863111,-0.09583268113363042,0.38359438442447885,0.4887438763379808,0.003920206818265549,0.03509423747834451,0.22262997130739617,0.6365834915844396,1.3029068663023164,0.8733553489649368,-0.4724205547944113,0.20618095073643972,0.20574279912493515,-0.122510905549546,-0.08125790309251223,-0.13071779454175714,0.0329525546612153,-0.10978437788307566,0.1002201117442132,0.05480699740465049
