2.037412263848656,0.27778571527617957,0.6609776153515026,0.10304355945458601,0.2236178615351815,0.24674444731904455,0.22595016279882724,0.1383686879954801,0.12959762562555227,0.3052327969724253,0.1457222334472982,0.1589125523139701,0.07523549012534289,0.1468107805967672,0.20840517883818913,0.12118007229378515,0.15221639727776,0.19881840398608167,0.12151550228126995,0.08043195627273927,0.19087445821584892,0.1330643496804659,0.07216319873413676,0.11872831781002194,0.1994196581948548,0.1278105695805275,0.11561251168639332,-0.0053186462254419115,0.13627375217712415,0.23918764602978065,0.21798465957673002,0.13143481767642587,0.16900020832728396,-0.2820326185536018,0.12008615375782292,0.15991026868873653,0.09360435460764513,0.2261708686080082,0.18667935573083352,0.11593138130532021,0.24621990430581003,0.14149660141472473,0.10962735217646583,0.05407696575080089,0.19560192386210512,0.30633880417880693,-0.054218246110998805,-0.13960111998808072,-0.0995730870006223,0.16607453569172198,-0.06198987279375876,-0.15179006481773197,0.046904841841001674,0.013143128466012802,-0.31039862141132873,-0.012871927228074086,0.2990622587305605,0.4667310676055623,-0.5262565915004741
0.27778571527617957,3.164269408706467,0.1598395396850619,0.10134576889753422,0.3765158163207046,0.15807918955317055,0.323508048105401,0.11955983147798292,0.4343359068304938,0.12380174360350253,0.24033365617788977,0.24387120123685957,0.1195164409461938,0.17562466463969775,0.5961620453347527,0.25735512563607094,0.2557662469392709,0.2235534982350913,-0.21909742993405407,0.2334274656672317,0.31098945364111896,-0.027954160717501304,-0.2911884334599484,-0.023812590247913226,0.1703805214994432,0.38490451851029783,0.4848390129439277,0.4922646572658089,0.4475902238998997,-0.12657925229885558,0.32398347772165037,0.21914714395102664,-0.29883838995078954,0.2732603893471659,0.25865825959773986,0.2571963843263485,0.23020064968737475,0.1615212673945909,-0.006166643905174086,0.06743155740662972,0.03309687132045185,0.17004504321879843,0.10130969924479884,-0.008198508647075307,0.4736761114010503,0.14023239369572554,0.10370930056466203,-0.27804410396511314,0.14806781128193894,-0.3403286887200784,0.4491874829010235,0.2791709551387824,-0.15536857410111865,-0.030304120290751423,-0.18379502382977517,0.007160666145755629,-0.0007767810814178135,0.19607341802442194,-0.09955342431229819
0.6609776153515026,0.1598395396850619,2.367291069923097,0.14074639335006103,-0.3402574000798523,0.5191950606079576,0.382442007597349,0.33651729799074653,0.29419022267018474,0.6606928758153724,0.350624456921853,0.3849597440663826,0.15607220776890807,0.29738635450885414,0.32170312331880796,0.26992656567626494,0.3980811749104175,0.43411161611677057,0.3326247099515608,0.6605526292187562,0.34344791955592224,0.472414793879345,0.4694863488951141,0.441503185760397,0.46879901098420046,0.3049196552800429,0.2713023999608011,-0.08587763588199544,0.6444486405107053,0.5733313656735669,0.3600316273616391,0.28751550487745164,0.45000900591422105,0.3800267547265872,0.5371982364966127,0.4761208313038362,0.5140012776514131,0.6064642675107046,0.42671862787030646,0.459140349671465,0.3194005814905251,0.49504775102623033,0.5074916962273404,0.03548363738145575,0.13597081199728173,0.6323939985437924,0.3350932564509727,1.0271794782310013,0.3612014356032754,0.12541948556575558,-0.1944747685073871,0.03017579119028752,-0.05220138311571346,-0.04154703805103294,0.37544144109929534,0.02669470555232631,-0.226011381404762,-0.4144593268781582,0.20062192580826102
0.10304355945458601,0.10134576889753422,0.14074639335006103,0.7938308812548022,0.3082660390884519,0.25052266752182784,0.1594462906328194,0.09783853868082625,0.14480588516032766,0.1377683175696635,0.13829161493451878,0.18229114732653195,0.09901092723363834,0.13849164736442995,0.1783095442203481,0.16903266076753493,0.14135982781342646,0.1967572996175731,-0.09663179405687915,0.1937159597155016,0.1301514096595626,0.1160960515137629,0.2054753338351129,0.13528813159728545,0.1425820844781468,0.1795827823584146,0.11775222783748411,0.004118631755498887,0.19061613451654633,0.0870187645199125,0.13849909087520607,0.15034329982781358,0.06890015708416956,0.21760759847402347,0.10784839059256424,0.18638236591289173,0.16221832362390023,0.17317400447815756,0.09983755349084256,0.1369710285383131,0.09316468690038897,0.17553798573128085,0.17318204853957544,0.06586438455410186,0.051710479653346735,0.18813563624319238,0.13731869629941865,0.2130228106948586,0.15511418111022637,0.011020015699401798,5.469134999482988e-6,0.11404925855237891,-0.09150890974256264,-0.02022071641686141,0.18398779866237122,0.024168325382813608,-0.0843609939099591,-0.1693161121561538,0.06678183333230606
0.2236178615351815,0.3765158163207046,-0.3402574000798523,0.3082660390884519,1.0516675984102515,0.2539354792120543,0.11158995123920865,0.056626834786369186,0.20918412802746386,0.03916915271197062,0.12250937828880916,0.16454391511063182,0.10763296406957,0.16233260098699315,0.27107819731504956,0.20276022485146947,0.10856499880326294,0.14357792671144426,-0.13158858915286847,0.11338173111312813,0.10571653669527996,0.03738899500514736,0.08881756442693765,0.04746279535074868,0.09157359763919982,0.22892057266668228,0.0894149241761498,0.04660192915985514,0.1094218383616947,-0.1384984421695029,0.141547629957445,0.16483755745704712,-0.057619185579540835,0.21272988480783817,0.024211743216410033,0.18096660540559262,0.13483160634262065,0.062344986578744016,-0.015737501286545337,0.04649603231145363,0.028967344938190195,0.13432798985474054,0.05346581627984594,0.02546685668472434,0.10971872317623331,0.1112280266144639,0.037727262137903006,0.22506042959082778,0.1380801036340664,-0.1026560413401296,0.13618618077712563,-0.03399377018445754,0.042840104564854334,0.016967943882117913,-0.2340190102766939,-0.04524319178909491,-0.04232628570894817,0.23005649118173102,0.021397879098867957
0.24674444731904455,0.15807918955317055,0.5191950606079576,0.25052266752182784,0.2539354792120543,0.923796928451442,0.13676575887667528,0.20086350078149173,0.21782821472536765,0.18138930146019241,0.24163294439613087,0.20205644345459858,0.14620607115035503,0.2849432569084118,0.33386935337643214,0.2926524960110639,0.3195965134950784,0.20937811852535768,0.05719240353061467,0.414104910428398,0.2746610280452919,0.33074713092714864,0.14532251670129728,0.2178559427941303,0.22822402699347952,0.3049554409330107,0.14610921032534732,0.07899521501862186,0.3378287252472395,0.11043220165223133,0.24273504821976688,0.2718437063269569,0.13883638862414827,0.2798386593143071,0.08011678555995758,0.3116679303441204,0.3620222453245037,0.28174097363150447,0.15357121958810607,0.18335787078486004,0.2132647755315017,0.30314288998858585,0.24071987092473648,0.02178319219988031,0.13047765919697915,0.31225572813441876,0.15081291195852284,0.4667070927166188,0.2359574667365902,0.13257335751796706,-0.2261662872193282,0.01520697869658873,-0.03510935032259312,-0.046014944240186983,-0.2481451498447225,0.005598518682097291,-0.0820543627877844,0.23746154279711287,0.034089729068161934
0.22595016279882724,0.323508048105401,0.382442007597349,0.1594462906328194,0.11158995123920865,0.13676575887667528,0.5356843962796317,0.07942976618413215,0.24641489600494917,0.22256822713369248,0.1696099537740633,0.2997349460376508,0.1218847378147341,0.16654161381340324,0.17760509737872696,0.21450605436954975,0.2291453941160532,0.2735167710694498,0.012071455533776311,0.2930728337802286,0.1671958321948502,0.22441925763088302,0.30609705632308076,0.19100207891365145,0.23622783672727665,0.22115848673419497,0.21103962668829893,-0.026447268276074753,0.30049497103707495,0.15694321604678507,0.18931669872960874,0.19031085004139692,0.15710620191094893,0.2715647644273693,0.1616643828163005,0.3212549059557507,0.22339229849213887,0.22499604813924842,0.1574890549393938,0.19878329993719604,0.11488914019938984,0.2596032574392971,0.19673482993611735,0.028203264401811545,0.05892710497214224,0.3307647852918202,0.09743553808646699,0.5774758926117413,0.3971001693571666,-0.020957965079872055,0.05105988796623494,0.045153746589134285,-0.09580607463366105,-0.02760056855976722,0.21016151045887665,0.011459985107613134,-0.08328134615176909,-0.1833225789056311,-0.03974597900557878
0.1383686879954801,0.11955983147798292,0.33651729799074653,0.09783853868082625,0.056626834786369186,0.20086350078149173,0.07942976618413215,1.1561276909001394,0.03744098137231507,0.11828387613642684,0.2698379997347602,0.10305050666176134,0.10853233010077834,0.3048251061391693,0.10536716959248026,0.2631486467978632,0.2759699563570211,0.21920712999111192,0.07581895420348991,0.3123081834262354,0.08415540824632191,0.22075330497972714,0.13522825944654132,0.13765517001660565,0.23662765683345238,0.2258915853384977,0.09053340609775411,0.02461714303250506,0.29413547608193413,0.15052564331533233,0.18453241362898154,0.25732676339964883,-0.059154577753719594,0.27743651324285123,0.07418767112024045,0.24462414578451486,0.20533732236822935,0.10861121527351114,0.3928110922880384,0.11813065655339416,0.09207579488651105,0.16673442283695036,0.17484922023621202,-0.026128865847294087,0.12146389051319802,0.11692078194842837,0.13084562741630093,0.19499484881157164,0.42159727199768027,0.0036850043694304784,-0.044792371545011096,0.15876276321980048,0.11831133518734513,-0.2557139921859991,-0.44917985558865536,0.046248989252350846,0.13819731226404117,0.48700170729990966,-0.27844100160383983
0.12959762562555227,0.4343359068304938,0.29419022267018474,0.14480588516032766,0.20918412802746386,0.21782821472536765,0.24641489600494917,0.03744098137231507,0.6831590421023664,0.16942256754318227,0.16042322991272273,0.18982591153631007,0.08521201936432783,0.18724436719939555,0.1896625880168957,0.2053213527369697,0.17825859729418692,0.24382156382942882,-0.17942158727879484,0.3204627396897543,0.16326482333033496,0.12135702330556503,0.24399174951767447,0.16472755200011363,0.12736664767403877,0.2967640965489928,0.19537830268791473,-0.0017106876679516495,0.23903668315205634,0.11208563870050645,0.20278070625559155,0.19371414204151816,0.07529608548844002,0.2481726568776095,0.1402607723309243,0.3021531612948496,0.23078717259466608,0.20167489138115252,0.13146010106731673,0.15077855392777387,0.12371367389076923,0.23389516490257128,0.16999423334175048,0.01577832673398209,0.09037908421103688,0.20771492564798671,0.09711008446507938,0.292646210205058,0.6247699219903888,-0.1634574941416121,0.06491529475926791,0.13098183860859605,0.05457169866824362,-0.0905885447754332,0.016091142481179984,0.015880622813587698,-0.01637306380011768,-0.016922484585394772,-0.028384574576194272
0.3052327969724253,0.12380174360350253,0.6606928758153724,0.1377683175696635,0.03916915271197062,0.18138930146019241,0.22256822713369248,0.11828387613642684,0.16942256754318227,0.8677573868483061,0.09937656183267392,0.18333811750233042,0.07528977783826213,0.19509910108987313,0.13878625014801352,0.1732794498714123,0.19446562995902425,0.295154404806241,-0.03327184105967408,0.3969047185128573,0.1451128476605073,0.16405720517077965,0.25029913818742394,0.19633877248656137,0.2425020827544964,0.21364973407360893,0.2768294622422904,-0.017627137886487437,0.34678749702228834,0.2133392211918409,0.22462110424485632,0.20299039320916482,0.1622508947415919,0.33425792753306455,0.29700094062007454,0.2681064118961041,0.34347929213269746,0.23807293763207235,0.12184015689946169,0.22431451629177016,0.16863417235126682,0.29281018472095927,0.19536544153866117,0.03529847187378191,0.06156877160495949,0.3527815762394698,0.34785755970538845,0.5523830553001835,0.4317684189961098,-0.01510671758734852,0.007841069068120472,-0.1300863708233174,-0.02424078242800369,0.0500558010097368,0.10976514627824188,-0.008958867873714063,0.10665740525788221,-0.1308333882707853,-0.07328204617552804
0.1457222334472982,0.24033365617788977,0.350624456921853,0.13829161493451878,0.12250937828880916,0.24163294439613087,0.1696099537740633,0.2698379997347602,0.16042322991272273,0.09937656183267392,0.40075495403065364,0.21878512009814763,0.12504777889943283,0.20017337373140154,0.26670171157241185,0.2218288841138691,0.2485851518916408,0.22552856120248888,-0.010097882342372825,0.27966601395106416,0.16056193922433604,0.1762226910885148,0.2165146259811541,0.16366492981477973,0.19783726886435143,0.24175262150264804,0.19176745207902335,0.0011994587597962377,0.29401999679856294,0.12947088430463033,0.19022856663131857,0.19362837893182186,0.07835959444634287,0.22056626761640483,0.17733633398012089,0.28161617897241165,0.1759050919803655,0.20128186953319366,0.19434669331206234,0.1738214737199726,0.10881261475366467,0.2215510770114231,0.19745062180782397,-0.0007313263297097107,0.09145654216758053,0.24578263556725063,0.0853924482222712,0.3833976530641115,0.16527451465513368,-0.022799540848880296,-0.01038361814670283,0.06755775798432218,0.012967029435741061,-0.06605501347017935,-0.1379728350461713,0.04127548206503485,-0.03411514605042555,0.13130740989578724,-0.0482415037592156
0.1589125523139701,0.24387120123685957,0.3849597440663826,0.18229114732653195,0.16454391511063182,0.20205644345459858,0.2997349460376508,0.10305050666176134,0.18982591153631007,0.18333811750233042,0.21878512009814763,0.5949197914945475,0.1000486811827112,0.20730910399243818,0.23098457204644257,0.2564351926157067,0.2200197206305215,0.3150704298876891,0.016608120003334486,0.2838125229309055,0.12993146887773208,0.1540498972137637,0.29634136957667023,0.18075655437511098,0.2722998116740973,0.24524867438983716,0.19429890370565633,-0.025764332194947198,0.31145103020027176,0.09018334342713291,0.21035520773447872,0.22786456627528787,0.14697078784267245,0.2723118597534765,0.14268031731557484,0.33140369202795666,0.1613844312665962,0.26738849563041056,0.15963539481507566,0.1972353939235174,0.10354643611345596,0.2444136365762512,0.19205131607003126,0.008338500123542605,0.05308953848466906,0.32725138168354423,0.17434284385687954,0.5592342058059077,0.3240175141796075,-0.043338746428041,0.05738763311510308,0.0858590607151687,-0.1188633919221892,-0.01871172780266784,0.1680434896140687,0.034966960103470175,-0.11627746983402303,-0.15292113626664325,-0.049528713129953335
0.07523549012534289,0.1195164409461938,0.15607220776890807,0.09901092723363834,0.10763296406957,0.14620607115035503,0.1218847378147341,0.10853233010077834,0.08521201936432783,0.07528977783826213,0.12504777889943283,0.1000486811827112,0.21292616628130742,0.10980359501199473,0.060320975002026093,0.102388951548011,0.11138117912504168,0.11757372052200386,-0.011638460418230731,0.12326235141740502,0.09977692850019207,0.1990823370163342,0.1332838290669685,0.08546836264741772,0.09272831731595459,0.10417453924277695,0.07968091393217619,-0.021835449958338665,0.1730770649585581,0.095454656113514,0.07821716720455213,0.11219232223778063,0.028988177306673527,0.13737796362262442,0.11461738723436372,0.13638726265107468,0.07921420688697796,0.06236504519753187,0.10225937645501995,0.08637918516126199,0.0522082509996775,0.11435051580808943,0.10055328424803793,0.0156871624226339,-0.0009507063399170089,0.12160838468521022,0.051985953064513916,0.21640860013639554,0.1771014069588332,-0.03685449755929285,-0.005582641276419164,-0.004448750909090401,0.030672681900540694,-0.032478551153154005,0.00478605468492241,-0.0025538866523776823,-0.07940619096479772,-0.01413726101177329,0.06235241448051997
0.1468107805967672,0.17562466463969775,0.29738635450885414,0.13849164736442995,0.16233260098699315,0.2849432569084118,0.16654161381340324,0.3048251061391693,0.18724436719939555,0.19509910108987313,0.20017337373140154,0.20730910399243818,0.10980359501199473,0.479302760350351,0.24044696999073054,0.3466749252955985,0.20840800538450957,0.23654358924748575,0.0019126631104890328,0.2837054970181302,0.1556409589254953,0.2273548753396582,0.21944500339862164,0.19122791881146117,0.22566607638686023,0.24451330527209292,0.1207942123882988,-0.030486998085553385,0.34450714546318423,0.17791479221020895,0.22119015852195648,0.39570370994767384,0.053145684055811104,0.3007970141351954,0.15522055832211384,0.27929353693933545,0.24676755738646264,0.18067768047211627,0.1585653829486123,0.14243538803282843,0.15482924826054148,0.24128482081206784,0.17896713778056314,0.012898786525519209,0.05598826708576012,0.21650111424799537,0.20920750308802824,0.36569112946028753,0.6021583981747584,-0.04397239757221539,-0.01774159833627695,-0.13247632454010796,0.13011569511670543,-0.05285673115230185,-0.3432377222500075,0.013563684359448918,0.11150017102544087,0.3192871841812409,-0.13917251921712076
0.20840517883818913,0.5961620453347527,0.32170312331880796,0.1783095442203481,0.27107819731504956,0.33386935337643214,0.17760509737872696,0.10536716959248026,0.1896625880168957,0.13878625014801352,0.26670171157241185,0.23098457204644257,0.060320975002026093,0.24044696999073054,0.778264136128669,0.2682603478608651,0.2501752695092087,0.2707851891937289,0.015341163334419835,0.31501969546726716,0.22660741775324988,0.015283623886793682,0.31106964079912885,0.22803652289989332,0.2792011189380436,0.2837917892757184,0.31835804199398055,-0.042840905771707745,0.3812373562481108,0.233329148601782,0.23505279201851448,0.21568826702542718,0.1981758528245898,0.24363055793702096,0.2515763102427235,0.32534036255804283,0.33707365139319734,0.27853701522988356,0.12444439247766871,0.2310486035868834,0.18502869538640754,0.30938021458403464,0.27286066083165056,0.024170335845058975,0.14653307676703312,0.36258400776032723,0.10437956748363707,0.5789895192494336,0.09539077228490814,0.13910305826913708,-0.06312285513660158,-0.03850844077994502,-0.06665460108686083,0.07322665934467454,-0.1917438354050289,0.04733927092165722,-0.0648564711323377,0.1727437040313303,0.03303141812898495
0.12118007229378515,0.25735512563607094,0.26992656567626494,0.16903266076753493,0.20276022485146947,0.2926524960110639,0.21450605436954975,0.2631486467978632,0.2053213527369697,0.1732794498714123,0.2218288841138691,0.2564351926157067,0.102388951548011,0.3466749252955985,0.2682603478608651,0.6107953853137232,0.29992567211119187,0.2767598186429377,-0.011409056894433946,0.3395960577476021,0.17768473914661348,0.2213044805712384,0.23608809689542568,0.2062079480465399,0.26214092159975966,0.2657590824673721,0.16789922362353082,0.01567646963604404,0.37741365570531704,0.15602909237608445,0.24722210016868706,0.31739558552587566,0.06559669414437434,0.33528749347844444,0.21013966424649883,0.3352439773569495,0.27665188860339995,0.25365918503469564,0.16579167192375965,0.1913087006237483,0.1584782567913586,0.30254991470016535,0.26881080102509225,0.009699361238043182,0.11298099847720623,0.26816560014471597,0.1872738019426548,0.4598146717805442,0.406455341690545,-0.09061969610837946,-0.017391736610002075,-0.0058166075281541225,0.05078544499561885,-0.05619587077388837,-0.27269931459708757,0.03001012937166057,-0.02816052541168573,0.25992168459938386,-0.03311836926352032
0.15221639727776,0.2557662469392709,0.3980811749104175,0.14135982781342646,0.10856499880326294,0.3195965134950784,0.2291453941160532,0.2759699563570211,0.17825859729418692,0.19446562995902425,0.2485851518916408,0.2200197206305215,0.11138117912504168,0.20840800538450957,0.2501752695092087,0.29992567211119187,0.6020254903848979,0.21777508066051673,0.049347319300012876,0.34866711432296027,0.1754803193442564,0.45648353298574124,0.17415278111774538,0.19052563620944124,0.29241601852670424,0.31576959193952153,0.29371025617435714,0.20337695453273363,0.3044539996672802,0.07932157855983182,0.2492652277167836,0.22840748940242075,0.08868546773495282,0.2830840669762707,0.169425770604067,0.40174422586400776,0.3007562858804897,0.2614760310044429,0.14211674329726748,0.20452066255053752,0.138257512986778,0.31930463845139123,0.2589066661483265,0.026630266277079692,0.19618218746438323,0.3016535642788567,0.10448384182999762,0.5629067492039631,0.2539421961374004,0.07498520736214846,0.05091542134381399,-0.018180673183338554,-0.16736309106753955,-0.05967349643531109,-0.2719519191972402,0.01735291477781473,-0.06387931523524834,0.25972625211451705,-0.04406226006014898
0.19881840398608167,0.2235534982350913,0.43411161611677057,0.1967572996175731,0.14357792671144426,0.20937811852535768,0.2735167710694498,0.21920712999111192,0.24382156382942882,0.295154404806241,0.22552856120248888,0.3150704298876891,0.11757372052200386,0.23654358924748575,0.2707851891937289,0.2767598186429377,0.21777508066051673,1.0992662941944882,-0.02596150372489886,0.21513885781205977,0.22821338776921904,0.24340585181015867,0.7724013155518793,0.23327690803938447,0.3811815704802517,0.20286344066958426,0.024209731941537495,-0.2989510030439172,0.42491398050712975,0.2516913351970362,0.43027577122042787,0.2474641988923858,0.21307864364133589,0.34225944345410053,0.04332070371731461,0.5732781964557919,0.4775974851075578,0.24832223274617585,0.2685396657608543,0.25475800688664574,0.2445538471088114,0.3318495715248246,0.303777913454028,0.006202835695265955,0.115893492034792,0.5093584995860206,0.17449227584964205,0.6242368318794491,0.326304411178292,0.20722472254502997,0.3692640501981933,-0.20573695759579536,-0.2934615725815777,-0.2104379118889139,-0.08019935252875117,0.024476813722554527,-0.017919792624471815,0.09352165826412838,-0.08741406451812063
0.12151550228126995,-0.21909742993405407,0.3326247099515608,-0.09663179405687915,-0.13158858915286847,0.05719240353061467,0.012071455533776311,0.07581895420348991,-0.17942158727879484,-0.03327184105967408,-0.010097882342372825,0.016608120003334486,-0.011638460418230731,0.0019126631104890328,0.015341163334419835,-0.011409056894433946,0.049347319300012876,-0.02596150372489886,1.5068201458490955,-0.06628360700584093,0.08197851585795181,0.1297029222751863,-0.07508739163357277,0.13436936043392675,0.16306473071960095,-0.17232969336347753,0.011333838319099546,0.04824748922935974,-0.12287323079430823,0.09898347522705539,0.09598517219235723,-0.03351057281552739,0.4673242089396708,-0.14933851389636474,-0.026598186680517,0.005998547615373189,0.33681476944897015,0.16842533988550898,0.16993599224924744,0.13784920854641508,0.039178103658082435,0.056776712040198116,0.16487813679017257,-0.018740161215421096,0.10834749424357086,0.26682358125072775,-0.04132753011590831,1.3586169510939432,-0.8546231275087038,0.3901018085935615,-0.18156476722191423,-0.018639320922556848,-0.16560371648738983,0.04590365707505684,-0.010004921731962583,-0.017377340767214238,-0.1051239805206128,0.005195337120935884,0.08024478630598512
0.08043195627273927,0.2334274656672317,0.6605526292187562,0.1937159597155016,0.11338173111312813,0.414104910428398,0.2930728337802286,0.3123081834262354,0.3204627396897543,0.3969047185128573,0.27966601395106416,0.2838125229309055,0.12326235141740502,0.2837054970181302,0.31501969546726716,0.3395960577476021,0.34866711432296027,0.21513885781205977,-0.06628360700584093,2.1198155503025133,0.0937657010233541,-0.2720193411776057,0.22260305847087697,0.4629411350862962,0.3696192055853983,0.4444961201402829,0.6168175910578656,0.014924215488467701,0.4510741510426599,0.3287340490827821,0.4435775513951014,0.25180041478699494,0.6115783469424894,0.5769180271733653,0.3441685360433481,0.5490978897843115,1.2112992241060705,0.32298117733066645,0.16229334256410213,0.5140193613193337,0.3525991362925345,0.7262890606552189,0.47351275870051207,-0.1507837347195127,0.18123572778345862,0.7168712082383765,0.47974347730034606,2.653980553431341,1.2447886227919893,-0.23640471906971572,-0.22226194614860204,0.10903971275612319,0.23255036441259386,0.0041491999439986745,0.1765904125814486,0.004381253196194707,0.032739709752251385,-0.19480641241384053,0.06336452822958515
0.19087445821584892,0.31098945364111896,0.34344791955592224,0.1301514096595626,0.10571653669527996,0.2746610280452919,0.1671958321948502,0.08415540824632191,0.16326482333033496,0.1451128476605073,0.16056193922433604,0.12993146887773208,0.09977692850019207,0.1556409589254953,0.22660741775324988,0.17768473914661348,0.1754803193442564,0.22821338776921904,0.08197851585795181,0.0937657010233541,0.797819119642774,0.10186964740554069,0.16345075004411333,0.1392421565495868,0.14481266975244542,0.23947970778311103,0.10266704995199434,0.042685166192010876,0.23549578131374851,0.20353590931447477,0.21028473471099252,0.15273071461241725,-0.10373124037612814,0.17155015406205734,0.2812726524878934,0.23673439124664325,0.18302408154363128,0.34846613894974354,0.17801871345791817,0.2458348609187967,0.29284789192035,0.2811410136491685,0.21896844014985256,0.07526641996372847,0.3714762018043285,0.22846523382694267,0.06271658319132452,-0.05636514792191047,-0.09021442691558434,0.10934505662116718,-0.04481420150712962,0.04381821693342878,-0.03134651703688442,-0.03599265457044676,-0.09884398152164227,-0.006180595242872991,-0.13479153106635375,0.10114407423481935,0.08529318497121015
0.1330643496804659,-0.027954160717501304,0.472414793879345,0.1160960515137629,0.03738899500514736,0.33074713092714864,0.22441925763088302,0.22075330497972714,0.12135702330556503,0.16405720517077965,0.1762226910885148,0.1540498972137637,0.1990823370163342,0.2273548753396582,0.015283623886793682,0.2213044805712384,0.45648353298574124,0.24340585181015867,0.1297029222751863,-0.2720193411776057,0.10186964740554069,2.5640929782756645,0.36652731358273044,0.05136118986695553,0.18751016538446844,0.16584995822206858,0.10823996926782281,-0.06984454699273239,-0.008228894321525855,-0.04084846319900177,0.01922863424177198,0.2873254647310429,-0.1692732960057645,0.23846465725461427,0.1022108261747587,0.16824161056164774,0.08243084946897715,-0.20584340709285845,0.09006286188097436,0.0688682850760958,-0.06301460718216274,0.125028323943893,0.18779851865879277,0.08877501032508718,-0.04244294594078304,-0.09840408939376775,0.044122130994015206,0.35457942791136005,0.9613014260389848,-0.24291487832681374,0.19982964555257307,-0.459774319008714,-0.026053618508795888,-0.15406043148802556,-0.19730244704240085,0.023040190924413104,-0.3349501542421603,0.18945356848609182,0.10113672373940025
0.07216319873413676,-0.2911884334599484,0.4694863488951141,0.2054753338351129,0.08881756442693765,0.14532251670129728,0.30609705632308076,0.13522825944654132,0.24399174951767447,0.25029913818742394,0.2165146259811541,0.29634136957667023,0.1332838290669685,0.21944500339862164,0.31106964079912885,0.23608809689542568,0.17415278111774538,0.7724013155518793,-0.07508739163357277,0.22260305847087697,0.16345075004411333,0.36652731358273044,1.6762986213756428,0.5340738462823059,0.47925834009176976,0.11767671202850168,0.2853590558332883,-1.0198733150632822,0.5767646125408202,0.7277787760321042,0.0996226246858325,0.19716126736979026,0.7666249181654031,0.3818900928138407,0.2289867054676703,0.6318091178876148,0.4130551847969624,0.3237688515497508,0.3927076728958535,0.4891407544253208,0.2569672860822697,0.500309564749964,0.49037774554388297,0.07852724394855719,-0.3299075987962167,0.7314131185817124,0.12124070187481,1.6304564274766957,0.6171541469622037,0.14217034120663583,-0.04387247059429482,-0.10978820138567756,-0.013631273726448444,-0.04352030470681388,0.21723782414164486,0.061595231120334396,-0.2209521538176841,-0.2512934806946274,0.20511930350955776
0.11872831781002194,-0.023812590247913226,0.441503185760397,0.13528813159728545,0.04746279535074868,0.2178559427941303,0.19100207891365145,0.13765517001660565,0.16472755200011363,0.19633877248656137,0.16366492981477973,0.18075655437511098,0.08546836264741772,0.19122791881146117,0.22803652289989332,0.2062079480465399,0.19052563620944124,0.23327690803938447,0.13436936043392675,0.4629411350862962,0.1392421565495868,0.05136118986695553,0.5340738462823059,0.5718979037026927,0.2691877517095429,0.1873093996876364,0.3229023082914944,-0.13478887340580128,0.20924116832602752,0.6762418944062498,0.24250677860301142,0.18041235335387623,0.7359455963270173,0.12499676517725176,0.25717195730849496,0.4832321380433463,0.4856201668228597,0.5148428083458063,0.2507022339503899,0.3842361338007959,0.31873123417049853,0.4477978687070261,0.4922150015983122,0.08392640754550101,0.01998921508938281,0.5735034214092599,0.13249944528088134,0.9311219033901575,0.2368866204314687,0.0759437793463373,-0.20487703998822251,0.047890781733649274,0.04866510566891272,0.025759599819645363,0.20314781413110247,0.025529860503034112,-0.07468332381280278,-0.22045119521720416,0.15145334428244178
0.1994196581948548,0.1703805214994432,0.46879901098420046,0.1425820844781468,0.09157359763919982,0.22822402699347952,0.23622783672727665,0.23662765683345238,0.12736664767403877,0.2425020827544964,0.19783726886435143,0.2722998116740973,0.09272831731595459,0.22566607638686023,0.2792011189380436,0.26214092159975966,0.29241601852670424,0.3811815704802517,0.16306473071960095,0.3696192055853983,0.14481266975244542,0.18751016538446844,0.47925834009176976,0.2691877517095429,1.43090739450127,0.18575515162299416,0.321499558864401,-0.23800249927570716,0.5280145616482111,0.3684239440410914,0.2599435389285257,0.20623813733761595,0.15483326397594124,0.45016209439827015,0.341070580580521,0.33573332999221067,0.2592330828121721,0.3505345618913152,0.23670469834666052,0.2982584911021886,0.1527812073538401,0.3422524745402673,0.4371840096174029,0.013976722394225082,0.07469128241119684,0.55330159403146,0.22321694371507425,0.6180499983877668,0.12210989462589379,-0.28963575860181207,0.039133163361564596,0.04280122095902931,0.13399248432239438,-0.03709447564559847,-0.0331942008424687,0.048492113238390804,-0.05543073606178407,0.06793633710713812,-0.06488640121880401
0.1278105695805275,0.38490451851029783,0.3049196552800429,0.1795827823584146,0.22892057266668228,0.3049554409330107,0.22115848673419497,0.2258915853384977,0.2967640965489928,0.21364973407360893,0.24175262150264804,0.24524867438983716,0.10417453924277695,0.24451330527209292,0.2837917892757184,0.2657590824673721,0.31576959193952153,0.20286344066958426,-0.17232969336347753,0.4444961201402829,0.23947970778311103,0.16584995822206858,0.11767671202850168,0.1873093996876364,0.18575515162299416,1.1233383531479944,0.5298151107343325,0.2786002194151998,0.2353117986160513,0.008389181767450443,0.27195414591645917,0.2759222520262659,0.07211594884283873,0.31436441401211174,0.4499620952817763,0.5629956941897086,0.10070990678025349,0.2568409215918818,-0.41246627231834915,0.2736990673358084,0.07546165728686288,0.45044972964762303,0.33971345855626833,0.0029465133292114567,0.1889022491898675,0.3722719116910993,-0.0658628518750274,0.9751962486031098,0.08851474188866221,-0.19289024400924437,0.04553924893171527,-0.22717884141842465,-0.07063232908741927,0.18777272188015298,-0.14163817241734492,-0.025146109107416242,-0.17053715368979286,0.177931237187641,0.08226231130346773
0.11561251168639332,0.4848390129439277,0.2713023999608011,0.11775222783748411,0.0894149241761498,0.14610921032534732,0.21103962668829893,0.09053340609775411,0.19537830268791473,0.2768294622422904,0.19176745207902335,0.19429890370565633,0.07968091393217619,0.1207942123882988,0.31835804199398055,0.16789922362353082,0.29371025617435714,0.024209731941537495,0.011333838319099546,0.6168175910578656,0.10266704995199434,0.10823996926782281,0.2853590558332883,0.3229023082914944,0.321499558864401,0.5298151107343325,1.8655384643850497,0.20452538487919797,0.4344743535398014,0.27758362386020713,0.2443390462988938,0.15132699850004502,0.5514244513416277,0.26663478980863137,0.8016145518057542,0.6132793551694501,0.16485708289716652,0.3921332294875526,-0.1557296692385152,0.48600541000939174,-0.0408357999068527,0.5185901853328981,0.4800388606643935,0.06101269258838628,0.023845191655194758,0.7785184498080243,0.03099356856346412,1.8582093269156597,-0.09336510894834738,-0.29730045178675535,-0.21587982119369561,-0.011100897084120683,0.06357615419637432,0.492170033712307,0.20314528140490917,0.035836940895445736,-0.013088697207199997,-0.1805378044295724,0.005368051896852857
-0.0053186462254419115,0.4922646572658089,-0.08587763588199544,0.004118631755498887,0.04660192915985514,0.07899521501862186,-0.026447268276074753,0.02461714303250506,-0.0017106876679516495,-0.017627137886487437,0.0011994587597962377,-0.025764332194947198,-0.021835449958338665,-0.030486998085553385,-0.042840905771707745,0.01567646963604404,0.20337695453273363,-0.2989510030439172,0.04824748922935974,0.014924215488467701,0.042685166192010876,-0.06984454699273239,-1.0198733150632822,-0.13478887340580128,-0.23800249927570716,0.2786002194151998,0.20452538487919797,2.851971846146239,-0.4383730978525423,-0.26839308429268927,0.36248886621399673,0.08308334010039686,-0.7085785895109009,0.004751479172637791,-0.10869354643366509,1.2156869090414246,-0.3524852019203192,0.2873182790729717,-0.2781336364796273,0.0412627239069801,-0.2345090155980575,-0.134314789733628,0.34272685130339475,0.3672483240330397,0.7126698342895855,-0.18297632576840037,-0.5026933261834143,-0.2088114441668833,-0.680113045116207,-0.7020678746440471,0.45911436967010205,0.5426619163817751,-0.4749502132072178,0.0537315175862845,-0.14445883276079974,-0.1173850082015715,0.1348452194869822,0.15187948553815517,0.03820851160840161
0.13627375217712415,0.4475902238998997,0.6444486405107053,0.19061613451654633,0.1094218383616947,0.3378287252472395,0.30049497103707495,0.29413547608193413,0.23903668315205634,0.34678749702228834,0.29401999679856294,0.31145103020027176,0.1730770649585581,0.34450714546318423,0.3812373562481108,0.37741365570531704,0.3044539996672802,0.42491398050712975,-0.12287323079430823,0.4510741510426599,0.23549578131374851,-0.008228894321525855,0.5767646125408202,0.20924116832602752,0.5280145616482111,0.2353117986160513,0.4344743535398014,-0.4383730978525423,2.5089324056528555,0.3581082375603639,0.08729568099310643,0.36267542185896706,0.18757959317058354,0.7308855518677828,0.2545288787133635,0.3842354233614727,-0.14756483343286944,0.18760148011989058,0.31564347821108,0.27581964216344945,-0.04673558729994664,0.27029532041811627,0.31324867779824794,-0.19814338805821038,-0.30916259415842307,0.4524046143205507,0.43961801439580817,0.4467437812905009,0.9050572343089985,0.29866070977228876,-0.39320198506807813,0.19273800937887878,-0.27861588286817185,0.0717747739361853,-0.17212888529056403,0.09434633836733995,-0.16229095508218813,0.16421082916897184,0.0575706669282818
0.23918764602978065,-0.12657925229885558,0.5733313656735669,0.0870187645199125,-0.1384984421695029,0.11043220165223133,0.15694321604678507,0.15052564331533233,0.11208563870050645,0.2133392211918409,0.12947088430463033,0.09018334342713291,0.095454656113514,0.17791479221020895,0.233329148601782,0.15602909237608445,0.07932157855983182,0.2516913351970362,0.09898347522705539,0.3287340490827821,0.20353590931447477,-0.04084846319900177,0.7277787760321042,0.6762418944062498,0.3684239440410914,0.008389181767450443,0.27758362386020713,-0.26839308429268927,0.3581082375603639,2.70115621749851,0.2021479347809649,0.14492764790867568,0.6406114771596466,-0.07378688673590794,0.8348905409597599,0.5317485582755858,0.3623187453575812,0.4030904591189059,0.7317636193587556,0.4887884529074482,0.5117388077076088,0.4377822839460775,0.8281124423485722,0.16728939275426782,0.03951905106717739,0.4931065455229871,0.08758586734522915,0.07171404921849302,0.28167374456155114,0.14089975478952152,-0.46812007387463717,0.08265811984702125,0.18177149914826982,0.02283395756671738,0.369274330532903,0.020966956636946976,-0.14483593844379034,-0.3186297048460179,0.25223805772574165
0.21798465957673002,0.32398347772165037,0.3600316273616391,0.13849909087520607,0.141547629957445,0.24273504821976688,0.18931669872960874,0.18453241362898154,0.20278070625559155,0.22462110424485632,0.19022856663131857,0.21035520773447872,0.07821716720455213,0.22119015852195648,0.23505279201851448,0.24722210016868706,0.2492652277167836,0.43027577122042787,0.09598517219235723,0.4435775513951014,0.21028473471099252,0.01922863424177198,0.0996226246858325,0.24250677860301142,0.2599435389285257,0.27195414591645917,0.2443390462988938,0.36248886621399673,0.08729568099310643,0.2021479347809649,0.8458081462197377,0.23687472372231502,0.256187748718457,0.18295408081106504,0.13241176293642465,0.7490726384233845,0.46095819370651386,0.5123091357877206,0.14587244127048266,0.2650711027216432,0.2678905113534204,0.3593180372822469,0.3620519837911394,0.03826067627296274,0.35749949706061707,0.5511286351295597,0.06353008575011504,0.6324427281273218,-0.15839622030912043,-0.00025701376475970175,0.1291849010222161,0.02074999445080978,-0.08474566416401948,-0.0947236865170204,-0.11185853806239736,-0.0030008415857836054,0.10683016678447943,0.11103814444361487,-0.1400473945005754
0.13143481767642587,0.21914714395102664,0.28751550487745164,0.15034329982781358,0.16483755745704712,0.2718437063269569,0.19031085004139692,0.25732676339964883,0.19371414204151816,0.20299039320916482,0.19362837893182186,0.22786456627528787,0.11219232223778063,0.39570370994767384,0.21568826702542718,0.31739558552587566,0.22840748940242075,0.2474641988923858,-0.03351057281552739,0.25180041478699494,0.15273071461241725,0.2873254647310429,0.19716126736979026,0.18041235335387623,0.20623813733761595,0.2759222520262659,0.15132699850004502,0.08308334010039686,0.36267542185896706,0.14492764790867568,0.23687472372231502,0.5116173984765766,-0.016366520909718775,0.3413381106435926,0.17149966986287044,0.2855510919755175,0.18281763052432398,0.18004273574288282,0.1270292178567718,0.14743524141619221,0.10751460525843498,0.23436670157124775,0.17687085000457603,0.017063845024121158,0.09344982006731384,0.219403174031985,0.23469420009027586,0.3537146695816115,0.5851424424838749,-0.04560041087523759,0.06120146997498981,0.15760561747719443,-0.2372879884494782,-0.038042523404939334,-0.2671639473054015,-0.005623202168081799,0.18598598711322983,0.2549422327630088,-0.22802158526071686
0.16900020832728396,-0.29883838995078954,0.45000900591422105,0.06890015708416956,-0.057619185579540835,0.13883638862414827,0.15710620191094893,-0.059154577753719594,0.07529608548844002,0.1622508947415919,0.07835959444634287,0.14697078784267245,0.028988177306673527,0.053145684055811104,0.1981758528245898,0.06559669414437434,0.08868546773495282,0.21307864364133589,0.4673242089396708,0.6115783469424894,-0.10373124037612814,-0.1692732960057645,0.7666249181654031,0.7359455963270173,0.15483326397594124,0.07211594884283873,0.5514244513416277,-0.7085785895109009,0.18757959317058354,0.6406114771596466,0.256187748718457,-0.016366520909718775,3.087705913922671,-0.4032755780977947,-0.4074560142298297,0.09612228998309191,0.6783562414810725,0.9474656809724347,0.037088425168247105,0.3595384893259699,0.26162893318260705,0.5388921947446159,0.24609154666547567,0.03455288094522002,-0.8124993977575717,1.017826220036521,0.15183959070140657,1.726777198501116,0.33843969765018067,0.3482164750852623,-0.4981224827953781,-0.23291497209111467,0.11214367176122089,0.22711271778828282,0.6158299359790465,0.07313429935777996,-0.17265668824717836,-0.6030392258902711,0.27783716537402164
-0.2820326185536018,0.2732603893471659,0.3800267547265872,0.21760759847402347,0.21272988480783817,0.2798386593143071,0.2715647644273693,0.27743651324285123,0.2481726568776095,0.33425792753306455,0.22056626761640483,0.2723118597534765,0.13737796362262442,0.3007970141351954,0.24363055793702096,0.33528749347844444,0.2830840669762707,0.34225944345410053,-0.14933851389636474,0.5769180271733653,0.17155015406205734,0.23846465725461427,0.3818900928138407,0.12499676517725176,0.45016209439827015,0.31436441401211174,0.26663478980863137,0.004751479172637791,0.7308855518677828,-0.07378688673590794,0.18295408081106504,0.3413381106435926,-0.4032755780977947,1.4855129817137591,0.48278245688130017,0.3295307452062323,0.4129768414867438,0.1948430941534411,0.11048109671115158,0.25555822395322286,-0.11194132876312494,0.3810314107129418,0.5103571519904615,0.003801308712663685,-0.00047028082293596574,0.2257004301769374,0.6298849489368924,1.2935754509789206,0.8520009005618613,-0.4596805750803305,0.16682457841902726,0.24732729488694297,-0.07158922937828596,-0.05689606608516533,-0.07907654257558791,0.02103985085009939,-0.12677938325116941,0.04070965160880824,0.11768693063751703
