0.7672790179401504,0.31945301898191625,0.49084805732794706,0.1582516917097387,0.1978011295794081,0.20631313954876968,0.20427204949738548,0.14294477440525571,0.19413035086972472,0.14809070997907092,0.1594190251994628,0.19228187063583255,0.1356804398376878,0.1721935265537941,0.15620843509445484,0.18432120588630968,0.14272479666876,0.1920222686142289,0.19659390600975896,0.13340386807208315,0.1830021722027202,0.20023620694717287,0.08148315960715037,0.04423704882933425,0.20359694278622747,0.19586393045927827,0.15431926995853656,0.11313355846562516,0.20938725754095783,0.12227384251198828,0.15842629950745707,0.20966653908369098,0.08664194098024916,-0.07497062115443888,0.1397723563749048,0.19703500691653364,0.11237201572080169,0.09339215625147206,0.07651718137328495,-0.041847970149535826,0.13748352076099388,0.10871874691217466,0.10264325136226156,-0.010055693406999536,0.1684925030186115,0.1801073233592083,0.15425614828186582,-0.06467366416747271,0.10645285200976787,-0.023774901045299994,-0.008911947144613273,-0.053093261900106214,0.022222740120896863,-0.016333532575329626,0.09166233164885011,-0.06619637423877098,0.11655679601879557,0.14096524059191756,-0.3625193974319606
0.31945301898191625,1.7773737349524168,1.353832299474653,0.47259392641281794,0.4544584829700055,0.5711182071738665,0.5218033420392153,0.59077383379273,0.521680242388602,0.500690806303225,0.5823188298167128,0.5868730626105071,0.599124539890688,0.6174220229273639,0.6048748630320673,0.4806410753034173,0.5298144274915823,0.5809738371824372,0.5467450369952336,0.8183074205481597,0.5319109251601227,0.49839903935794405,0.2989583307357601,0.43924739868760637,0.5142652174700597,0.693953166107327,0.5015936383021646,0.46206485794939356,0.632736528893363,0.20523165380637873,0.445350360849173,0.4638724736480205,0.37316528738729804,0.7016733838386912,0.5588345392117152,0.4934719049258666,0.48821723725729693,0.43432659384084715,0.45415043926768595,-0.04270460863129355,0.640045729287562,0.40437493171404676,0.4415305396106538,0.015437508981018483,0.5194776654155981,0.22705072070096988,0.5255923520423288,-0.012912623906178346,0.5015338784443363,-0.030145680931605922,-0.02380298198949661,0.00897946061508268,-0.031114049409640913,-0.09945236966958472,-0.5877696338261132,-0.19090940532008963,-0.6769475856457976,0.8043801253920448,0.23967788963157163
0.49084805732794706,1.353832299474653,2.3460855034088497,0.49219629448600705,0.3293368396812038,0.6303076441136285,0.5590248212290437,0.618100386982483,0.617850630322499,0.6631170149642339,0.6137832649472499,0.6185199973824193,0.6132719923563676,0.5905798457123891,0.5492923931171411,0.4834844188471528,0.5393945289086582,0.5752974580801221,0.5875388185594212,0.4588871644340945,0.5422126924279778,0.5956268421301649,0.4125297198544186,0.48317291456020134,0.5197702500789149,0.6406469685699129,0.48243556994849923,0.38116493802765844,0.6204344090760098,-0.09874547821730878,0.45114004398366503,0.5576685480796105,0.23644764450494224,0.6544312279631517,0.529603095765592,0.6616031204324674,0.48264239357266775,0.2390970910191357,0.329916894237701,-0.21933091935257473,0.5364531973134423,0.3989687894138729,0.24921590705330116,0.03362035063987404,0.38365165126571965,0.5736363401295894,0.5273957239875343,-0.22666196580851128,0.09525981853501396,-0.0022266872217612693,0.022183879251419087,0.06369412938028403,-0.062302321225254,-0.13242579185149078,-0.23911875872814387,0.057839705351014285,0.006307495657350931,-0.23251701427938934,0.12697323850659303
0.1582516917097387,0.47259392641281794,0.49219629448600705,2.8826505131796907,0.26107807990455234,0.4082637777600569,0.4130148680736652,0.5139318005682112,0.3630165397373455,0.4689876820875637,0.3518679869483779,0.5318869813136547,0.38573774807589195,0.4667884923934136,0.41215556388136126,0.7244930077471908,0.3647100944888308,0.505114337559792,0.3065488850644564,0.38302537836255934,0.233208530189844,0.5051633071620262,0.588966150154047,0.5484673262524419,0.32047177199871013,0.4021452068000154,0.4188909409024729,0.11511739255162672,0.48243546329858955,0.07083316899233069,0.3682299094570922,0.4268243383160388,0.3434311112210871,0.41108074201054035,-0.25410836327027103,0.47941244436729413,0.2494331268769761,0.23536612203273316,0.44043742351753085,0.22054375699933249,0.26990345599296545,0.1976618980003292,0.37747487115237965,0.020378128982728356,0.39355616148087164,0.34479518679976007,0.47617596884509217,-0.22221497706910046,0.29881870470502936,0.09527487385379249,-0.14229744680617287,0.30433412827874273,-0.19268858055260332,-0.25649658674180414,-0.2702807265861133,0.03285232495692703,-0.07506783281891818,0.4048205301627606,-0.28049159715085525
0.1978011295794081,0.4544584829700055,0.3293368396812038,0.26107807990455234,1.1269168215466465,0.5953331855919843,0.455486181298364,0.41929805722521046,0.43806888441195846,0.28950174247369137,0.4276511826321327,0.4845380634823854,0.45211927092688803,0.5030289584726925,0.40802513702821447,0.5769187293130364,0.3962507161853005,0.34227177739698245,0.646733193871585,0.5502290161256247,0.38297777444761083,0.4968263458202925,0.4738952919656019,0.4437518626839035,0.3721191522967597,0.5596804029186789,0.39249421649168664,0.20841809405507175,0.5801693154405207,0.15774923194384344,0.33119451240037634,0.5736022700651087,0.2131897302461107,0.7040897638267426,0.3188522927022849,0.35332723257422366,0.427368602877257,0.29463621470355655,0.40812647066584995,0.21450743563679256,0.5014565890564436,0.35998108219397107,0.33429483517588643,0.039628283219821446,0.3949892509646909,0.07682549221676507,0.5696677842649365,0.03955829512192785,0.9683124084795756,-0.010794109491045768,-0.12975760854653912,-0.17364161656555416,0.2428156372634197,0.0029552103483142396,-0.17255005790192937,-0.12285348958790948,0.06685150621060816,0.13227856975714558,0.01118318386398605
0.20631313954876968,0.5711182071738665,0.6303076441136285,0.4082637777600569,0.5953331855919843,0.9973625344446636,0.48811000507236224,0.5719987205488561,0.5930582433005652,0.3364872560617779,0.5455839482523103,0.5265405522638342,0.5145264448978054,0.6483596211746698,0.49420940578361394,0.607107476108021,0.5135421683103376,0.4242218591657401,0.6730784049469472,0.7610469902386151,0.4715556418377696,0.5999827349396057,0.5110223351216331,0.6265071686134668,0.4849811523788635,0.7068309854421402,0.4955122169018649,0.4292661376471434,0.7226846047643456,0.18555423585542105,0.44358124951590705,0.6612649211823204,0.23556134618667732,0.679085594361929,0.5020734258075076,0.3875603239911694,0.49164674581120305,0.4185995233023079,0.5457742592107311,0.23561018455392257,0.5236841946270425,0.3965082659914016,0.4325224354354537,0.03163926231163279,0.5685585327842243,0.12833089941366613,0.7290263009824487,0.022081135242538654,1.1979974867770211,0.13877934888578575,-0.3239438249635644,0.08675716099282771,-0.11083524539368121,-0.03308519024935806,-0.13678221332489282,-0.07634595841424818,0.16575554739918755,0.11647845939385609,-0.16491755046453885
0.20427204949738548,0.5218033420392153,0.5590248212290437,0.4130148680736652,0.455486181298364,0.48811000507236224,0.8429151479102559,0.39245475997098106,0.6058804792341144,0.3758938767067086,0.4782297038865418,0.5288463240253441,0.47095253505273954,0.502485893825622,0.38568242348239623,0.637218326854483,0.48369679386003583,0.4851930032044082,0.3904341071181854,0.5290793800284177,0.4068775818124586,0.614018827092685,0.7588490315919191,0.6797706566373561,0.4174934360738885,0.43166426624230325,0.45105101035604583,0.3189582931336508,0.5819669397357103,0.3359892763389451,0.3864818711873699,0.49552279459135135,0.3083319038468553,0.5636017382224313,0.4804644864265805,0.45593645263541477,0.452659776464231,0.3062632458354913,0.45828215756321733,0.12959823394148504,0.492301217001982,0.3542523941181804,0.3898379506424007,0.03069630140653511,0.44567226316276465,0.2042195298880606,0.5411403806065438,-0.08133885958828717,0.8793825979140232,-0.054364309009325,-0.17067200872092061,-0.05582767270646097,0.18664767899812054,-0.10211174203643913,-0.11113862878307602,0.07724951994792399,-0.010371476085687946,0.176291432904944,-0.32330050907740154
0.14294477440525571,0.59077383379273,0.618100386982483,0.5139318005682112,0.41929805722521046,0.5719987205488561,0.39245475997098106,0.9530499900830808,0.3272224601063011,0.43669552657832883,0.5152059516542288,0.42824348692029224,0.5274327474610078,0.590918846055645,0.4232549781670521,0.5254556437289323,0.4925688210627833,0.4593196021408608,0.46665346373055877,0.6602520102521876,0.37536421497876943,0.4459628445591409,0.5111315441388631,0.5035791364178644,0.36930126306410543,0.6037706324319483,0.4867548423880792,0.45220530490854427,0.5186836215380122,0.24688563559113189,0.37470832734375503,0.533901017296281,0.3324357009889411,0.6704508967425044,0.6129178291481698,0.28962084823349615,0.4854577751329115,0.34456539965973304,0.61358148751846,0.1720572225538178,0.5628640050868027,0.33714338638904157,0.47635536213612395,0.0300739350280185,0.5397734086730395,0.07405084331710259,0.7467547647923076,0.10323046425256449,1.1677213714061188,0.12839988436489982,-0.2108476061780233,0.11368547806494565,-0.013298843813316258,-0.08082640001368431,-0.15982972090808556,-0.07804973096593452,0.07445872876463208,0.2518274238609313,-0.1729659844356955
0.19413035086972472,0.521680242388602,0.617850630322499,0.3630165397373455,0.43806888441195846,0.5930582433005652,0.6058804792341144,0.3272224601063011,1.2717643593053372,0.2747948216495948,0.41388129470844565,0.4282921108379588,0.4877718186465402,0.5030153542026247,0.3494375894586556,0.41085351443262996,0.439894829017366,0.501832061242565,0.49860032308009655,0.6008197751544097,0.40826984930696136,0.772827939830528,0.8903115677334837,0.7918700737689468,0.4090316400820638,0.5998515875503811,0.4239355271094418,0.34133825386023864,0.6682305179068294,0.3983451390309738,0.41794485183584507,0.5516677005553121,0.4123522276169276,0.4156265878479069,0.3755625783465593,0.5035024726314213,0.5766579298436246,0.3672216768072314,0.4317098160140082,0.11857616319055578,0.4620668709545947,0.3532827632737205,0.4116903541699765,0.03884198326665888,0.37071866869375764,0.40432914562841576,0.6011040829135218,-0.17221928098314032,0.9245823247698434,-0.021778260672367506,-0.08009238293624883,0.01810160259761274,0.1439595669534871,-0.1674241404156865,-0.020975802578902684,0.05229001908013508,0.13788083101748128,0.07160123292216929,-0.3446053349665301
0.14809070997907092,0.500690806303225,0.6631170149642339,0.4689876820875637,0.28950174247369137,0.3364872560617779,0.3758938767067086,0.43669552657832883,0.2747948216495948,0.8312001156805382,0.4007301932454079,0.38758828330221823,0.4143523786793781,0.39726956088349086,0.36795155847335553,0.4505159188094272,0.388371310558136,0.46028052274721676,0.2561328498527789,0.3567075946298881,0.29283595905574694,0.3864324796188429,0.4669608838504698,0.3961672377842457,0.3483762210713077,0.40594044913005023,0.3649064448097418,0.2818853109573039,0.4104706729256845,0.0895406296733273,0.3127752449156186,0.3650858836591388,0.22244171469178664,0.6114985084697777,0.39432363107707347,0.32988326969453946,0.42858859615241834,0.18200055306717128,0.38392454838963563,0.09165022344042745,0.4609824625642858,0.2756637003598954,0.291172621883267,0.035367144168527855,0.32401483943101456,0.14720072610283877,0.5350581516939706,-0.0027937676398577796,0.6087260013205652,0.07756163180057049,-0.05853176906941692,-0.11937375880511848,0.0471588172701586,-0.04826988906669083,-0.03945470744044479,0.06667740565813361,-0.0016050618333609812,-0.20639726221353044,0.1363451150712327
0.1594190251994628,0.5823188298167128,0.6137832649472499,0.3518679869483779,0.4276511826321327,0.5455839482523103,0.4782297038865418,0.5152059516542288,0.41388129470844565,0.4007301932454079,0.7010710820459528,0.4805262895565597,0.5140024492232869,0.5186612505824103,0.45185394957085223,0.56139696825429,0.5328366139077534,0.4201602288437394,0.4017834626964031,0.5964219585601187,0.4186470137914698,0.49369307792871064,0.5497877926477598,0.5383359276411334,0.40814521087093136,0.4867820393352266,0.44588017391929624,0.3854132166857059,0.561901603067942,0.2456168923419143,0.36849759524997205,0.5265310138101237,0.2817448678805453,0.6320767284061547,0.5836239788934513,0.36023980682625234,0.47570658908680297,0.32431062896095814,0.4996446429201207,0.13978891332256985,0.543595706452984,0.3706979985640204,0.36337094797846736,0.0180417765946391,0.5003054984259719,0.13209405195971535,0.6520242048351242,0.02892499360110163,0.8881492918145376,0.061976426643542165,-0.1668826860965141,-0.07753013382553663,0.1315635801129735,-0.04328017144418678,-0.19887676218778982,-0.05529604803701321,0.04533261257692233,0.08524067237261423,-0.06436365256719852
0.19228187063583255,0.5868730626105071,0.6185199973824193,0.5318869813136547,0.4845380634823854,0.5265405522638342,0.5288463240253441,0.42824348692029224,0.4282921108379588,0.38758828330221823,0.4805262895565597,0.7762762994870581,0.4617103283646464,0.5169390227656706,0.4767298731260372,0.5544654085170384,0.48341886880439316,0.3906209719540846,0.4462152277636672,0.5422379000345557,0.383481442235115,0.4907223447343364,0.556117416715053,0.5261620426458097,0.44432776455494877,0.46470572843891594,0.467162985527425,0.2765000815838695,0.5573183936808762,0.18378066386721792,0.36268398770123494,0.51944821642534,0.2335817052886104,0.5974591563447256,0.4796148417679302,0.43162542898959333,0.3290646168524126,0.3041049647932582,0.3847964861140934,0.09520860638105468,0.48128267173490397,0.326803819576412,0.31543664772551094,-0.0032749696246048743,0.48001210933346483,0.13437002075081916,0.5502163160181586,-0.027928418735961053,0.8042845121114831,-0.11332217857510131,-0.08804514801984371,-0.06133675501540984,0.16307549652287026,-0.0688435805638636,-0.2793437175384439,0.008804460193096428,-0.054965953616036164,0.23067890965812277,-0.2161753743142328
0.1356804398376878,0.599124539890688,0.6132719923563676,0.38573774807589195,0.45211927092688803,0.5145264448978054,0.47095253505273954,0.5274327474610078,0.4877718186465402,0.4143523786793781,0.5140024492232869,0.4617103283646464,0.7362638720646233,0.4943933675986335,0.36006428820841474,0.5483457731460399,0.4705285787643592,0.441508890190654,0.432656753999026,0.575464568044185,0.38689751115454196,0.5418892936180297,0.5911492907615525,0.568500454855841,0.39592985254042745,0.5272360098212409,0.4668500577731516,0.3642365317083615,0.5527980060174367,0.2610122506745105,0.37508660319486875,0.5603462638714116,0.30618321892617145,0.6207062480952029,0.5524259029662149,0.41109755296040384,0.42846779207627445,0.3043404207431066,0.5793434289107182,0.15186170480204547,0.5511327681030803,0.341934222961969,0.3711410386567236,0.04157834405753361,0.47263532938089176,0.13030939442486794,0.6003745967675168,-0.008322871006919575,0.9108747980005767,0.06066196916053114,-0.16074849844426362,-0.10096349888535545,0.14899886773454485,-0.06147296282101618,-0.20924479303176893,-0.04700082986212117,0.01684089513283689,-0.06351159121095395,0.11483559204062173
0.1721935265537941,0.6174220229273639,0.5905798457123891,0.4667884923934136,0.5030289584726925,0.6483596211746698,0.502485893825622,0.590918846055645,0.5030153542026247,0.39726956088349086,0.5186612505824103,0.5169390227656706,0.4943933675986335,0.9008672815543589,0.6202140562518232,0.6309691535210195,0.5092488531324454,0.4506861376780566,0.5108132343965893,0.7047413800053471,0.43708792082083037,0.553696609770323,0.7037365578463833,0.6687568605776291,0.5015674850723881,0.6326363943075601,0.4986202420717877,0.48047746335442154,0.6614777593512579,0.31854370399175724,0.40813363277331516,0.5733137185023659,0.3664257494304139,0.6587319983278904,0.5955740478569927,0.3715422302134722,0.5915763515352989,0.39018981880299974,0.5351166062454862,0.1732336515192121,0.6019376175242495,0.39578461624712596,0.48185994797892373,0.022930152367651772,0.5059681566573635,0.12467942091338943,0.7632698122575897,0.06608591747524402,1.2515388592356862,0.09402659161331617,-0.18813520238821102,0.0445026696641278,-0.004312128136745854,-0.0863799097872023,-0.16709393274035805,-0.07564024119971502,0.02519156707648766,0.19930938452771618,-0.04756850754459453
0.15620843509445484,0.6048748630320673,0.5492923931171411,0.41215556388136126,0.40802513702821447,0.49420940578361394,0.38568242348239623,0.4232549781670521,0.3494375894586556,0.36795155847335553,0.45185394957085223,0.4767298731260372,0.36006428820841474,0.6202140562518232,1.0432085987861126,0.4955682234946238,0.42869191221140135,0.47838251186366026,0.3841598128034931,0.6042153627273004,0.38075224970747695,0.4037360236962608,0.8650456785534362,0.6478801981177723,0.40825270915184264,0.4579838322140698,0.4117683262397229,0.4537073847750287,0.6149934720232628,0.3303753415023499,0.35752116486760827,0.3996878783495596,0.3896515448047825,0.5767728333506069,0.5319470204778841,0.30613064332197043,0.6099385428325168,0.32043379909156594,0.5203555325649364,0.10671502922433806,0.5137999295774696,0.34346165958492475,0.40330451067503326,0.0011379290947504481,0.4147652482318312,0.17206600617842943,0.6782563381570815,0.07765096419530866,1.0186109005394506,0.23084297456877823,-0.21190325190247275,0.09512386470087472,-0.029942894058610423,-0.14231135403213277,-0.11574286260200099,0.002499258028627439,-0.08610814639885024,0.2130204428887936,-0.10870651317308169
0.18432120588630968,0.4806410753034173,0.4834844188471528,0.7244930077471908,0.5769187293130364,0.607107476108021,0.637218326854483,0.5254556437289323,0.41085351443262996,0.4505159188094272,0.56139696825429,0.5544654085170384,0.5483457731460399,0.6309691535210195,0.4955682234946238,1.8705902983899443,0.5963589817838425,0.518849155902573,0.4179160417247955,0.6057837805143372,0.4893836573214411,0.9726584952084233,0.6598235448440783,0.5340705897726227,0.19633176269678995,0.6065155623628109,0.6747018330165405,0.5524354697060413,0.6041338740674066,0.5069371205743594,0.3730484658148526,0.8498208667393439,0.38658416714526395,0.7699716136757901,0.9715284685792532,0.481200631509005,0.6123136464945895,0.36693748939103044,0.773237363272718,0.2545142128127809,0.7151336031506336,0.4835991245947249,0.5978533863363472,0.06113782317198907,0.5419743260085997,0.12882097979762083,0.8749784628201807,-0.11085691080589508,1.695035527628363,-0.218912289424752,-0.3694091648566506,-0.2721497146174231,0.2892384225615992,-0.09862486467023107,-0.11743020929324327,0.012707264276975057,0.07152210681958356,0.058762693953034434,-0.17944931002303183
0.14272479666876,0.5298144274915823,0.5393945289086582,0.3647100944888308,0.3962507161853005,0.5135421683103376,0.48369679386003583,0.4925688210627833,0.439894829017366,0.388371310558136,0.5328366139077534,0.48341886880439316,0.4705285787643592,0.5092488531324454,0.42869191221140135,0.5963589817838425,0.8766046992101507,0.3758092497434991,0.41876048267179317,0.5513842804450709,0.4551192451724966,0.5291381373294949,0.5411026820063105,0.538306721585707,0.4859738744372173,0.36711220982998766,0.44697993408952763,0.5639610019166041,0.5584454611374465,0.35247555459526764,0.34803027643563333,0.4826787116848098,0.3777985294488696,0.6152796353465482,0.6754308575906005,0.32650992818535224,0.6492955937203212,0.3459662565546014,0.40278409713464813,0.10603228066525736,0.5783144193564013,0.44496418783409963,0.38465950817471134,0.013277253231895504,0.5544221420310962,0.13115168559979426,0.7715215019036582,0.059940204764386676,0.99004585245617,0.15233945942523916,-0.10361457583873679,0.023456274682129175,-0.040661043239667745,-0.04897262421492753,-0.17370281312311722,-0.04807966802145475,-0.012797876047236399,0.1500200276395653,-0.16547864844920848
0.1920222686142289,0.5809738371824372,0.5752974580801221,0.505114337559792,0.34227177739698245,0.4242218591657401,0.4851930032044082,0.4593196021408608,0.501832061242565,0.46028052274721676,0.4201602288437394,0.3906209719540846,0.441508890190654,0.4506861376780566,0.47838251186366026,0.518849155902573,0.3758092497434991,1.2219333234877403,0.36681271875409793,0.35862425111191376,0.37176876055813524,0.5225048302871849,0.8999124694025148,0.6171494753158304,0.491755972862872,0.6097925760019685,0.3772814214112076,0.46178532141238376,0.5569589381159415,0.17855624405491266,0.490972802988791,0.46517113565097723,0.4068264311904533,0.5549209129060683,0.406367204348885,0.45603655785822866,0.40609468501812634,0.20310765951181414,0.5928224034349439,0.1861970363232988,0.5093642624643736,0.2773010369680791,0.4399119406416973,0.02899586558503056,0.5359786340351416,0.2291548132252531,0.5945544194697753,-0.06389915516723925,0.7982570372796612,0.27754808899595756,0.04476311898146024,0.02805468517598675,-0.23837663591747724,-0.15945073384990086,0.015653115896988694,0.07951394757271929,0.11679655792122019,0.008969888449805468,-0.2755672743436239
0.19659390600975896,0.5467450369952336,0.5875388185594212,0.3065488850644564,0.646733193871585,0.6730784049469472,0.3904341071181854,0.46665346373055877,0.49860032308009655,0.2561328498527789,0.4017834626964031,0.4462152277636672,0.432656753999026,0.5108132343965893,0.3841598128034931,0.4179160417247955,0.41876048267179317,0.36681271875409793,1.41731730699141,0.5335874723040586,0.4166010537291709,0.4790777625640144,0.32060588646007426,0.4132346162283999,0.43240508927960547,0.6130008797751106,0.3578077690057603,0.4780963444225431,0.5976974100309936,0.1590246376685898,0.34719031238546083,0.5085391078810471,0.2954708679598195,0.5372222071147075,0.2951020906499817,0.46750258194428423,0.309770724057899,0.3064317511904569,0.32682827628280586,0.12143611744479799,0.45189491241186,0.3303686830935062,0.28899290027706415,0.05037530136194646,0.2877393658471153,0.23633643430848328,0.32607062744026843,-0.05401809566687902,0.6062940017695234,0.00809191488071445,0.25465822222227286,0.5295558998588868,-0.4879025715205007,-0.13092614575561495,-0.1797468816667808,-0.07723072391980601,0.06238390837631872,0.15463669896238214,-0.014579360965798854
0.13340386807208315,0.8183074205481597,0.4588871644340945,0.38302537836255934,0.5502290161256247,0.7610469902386151,0.5290793800284177,0.6602520102521876,0.6008197751544097,0.3567075946298881,0.5964219585601187,0.5422379000345557,0.575464568044185,0.7047413800053471,0.6042153627273004,0.6057837805143372,0.5513842804450709,0.35862425111191376,0.5335874723040586,1.9963844298010585,0.29210270167469743,0.5419192286622895,0.6622789934706946,0.8329501487527364,0.506219058579459,0.7952410980002574,0.6937405787910315,0.5645288931550941,0.777762195670657,0.5596295090263186,0.6533463473891795,0.7368706298211988,0.47588118723888956,0.7993398463767302,0.8677324308902605,0.39781217564691623,0.7293544312922079,0.9515638282589387,0.960563379576841,0.3878755799462607,0.8316297661117223,0.3687915907506893,0.680168393311815,-0.015672429617289915,0.8579500941524074,0.09291469192994972,0.7993720072817768,0.18175574553140378,1.4100157979125416,-0.023478235830826172,-0.4926135141241733,-0.0742540428582325,0.3556509747074137,-0.1235029008481962,-0.2090696323128737,-0.16915069029895058,0.1654799434166808,0.16131103109059752,-0.11772731401150204
0.1830021722027202,0.5319109251601227,0.5422126924279778,0.233208530189844,0.38297777444761083,0.4715556418377696,0.4068775818124586,0.37536421497876943,0.40826984930696136,0.29283595905574694,0.4186470137914698,0.383481442235115,0.38689751115454196,0.43708792082083037,0.38075224970747695,0.4893836573214411,0.4551192451724966,0.37176876055813524,0.4166010537291709,0.29210270167469743,0.9640073021347368,0.4452931581193513,0.3520933925358672,0.18444737229718358,0.3513326384211685,0.4816982145372241,0.3398375542568725,0.4365661698217892,0.5278136698044381,0.31978754286894245,0.19716705772681842,0.4576783959857685,0.3105322718965581,0.6220167645308985,0.595114219210692,0.2552341088958365,0.6668585380240566,0.23944995941653005,0.14128490869510488,0.040912493696389246,0.5796947486548727,0.617186075383997,0.31819508998669266,0.020031469758716412,0.4021726675108146,0.08466028519719836,0.722250933731442,0.1320202985661899,0.9765047208769339,-0.06452596164206623,0.043398334285594524,-0.04119964427630966,0.011458191734514142,-0.019357932070598206,-0.0954156753572727,-0.05594764554415755,-0.07167970402162023,0.1839884973833216,-0.06106958994082647
0.20023620694717287,0.49839903935794405,0.5956268421301649,0.5051633071620262,0.4968263458202925,0.5999827349396057,0.614018827092685,0.4459628445591409,0.772827939830528,0.3864324796188429,0.49369307792871064,0.4907223447343364,0.5418892936180297,0.553696609770323,0.4037360236962608,0.9726584952084233,0.5291381373294949,0.5225048302871849,0.4790777625640144,0.5419192286622895,0.4452931581193513,1.128044107084101,0.802696396127317,0.6460226658356921,0.3598597656772994,0.6179293842737873,0.5404502630549961,0.39503297977428287,0.6975501307630333,0.44023776716020463,0.39053258240922484,0.7404857916901273,0.3862129337640599,0.6105994324393653,0.6068757747345003,0.5897611518958934,0.5373950114136083,0.35226466946761087,0.6034978736777543,0.18636984087081354,0.5716603658547416,0.4224929577901152,0.5039914731770815,0.08275214183866332,0.4085026287816759,0.3830856826197288,0.7297934946885883,-0.3061203002624172,1.2706354115946035,-0.11528235260385307,-0.1987295939293457,-0.1921897868926962,0.23034341251861126,-0.12329894758295479,-0.0780972653898855,0.030366078550218067,0.12780269292216165,0.017473553563797643,-0.25605285939436123
0.08148315960715037,0.2989583307357601,0.4125297198544186,0.588966150154047,0.4738952919656019,0.5110223351216331,0.7588490315919191,0.5111315441388631,0.8903115677334837,0.4669608838504698,0.5497877926477598,0.556117416715053,0.5911492907615525,0.7037365578463833,0.8650456785534362,0.6598235448440783,0.5411026820063105,0.8999124694025148,0.32060588646007426,0.6622789934706946,0.3520933925358672,0.802696396127317,2.846906795204428,1.562156829220911,0.530847880129981,0.21291635262486097,0.4999312102546814,0.42652200471755386,1.0658337121205088,0.783620420328307,0.38172069782144136,0.48395039215883606,0.6076569795141099,0.6052794289203889,0.6922848477696413,0.47083167075737736,0.9688774721977808,0.35086502318787327,0.8072828866733107,0.1712129710865149,0.6238562444547218,0.3686412785077928,0.5735535705847005,0.00010873185018453661,0.5685870093658788,0.40949749548844794,1.1205814154697842,-0.058369380923982486,1.7149536802519176,0.30969135750017285,-0.3707466892505706,-0.05841649565005631,0.5184637635305743,-0.27375297763421247,0.024503273833427576,0.18601259503612985,0.18386778150555477,-0.062180372123325126,-0.45065997081334913
0.04423704882933425,0.43924739868760637,0.48317291456020134,0.5484673262524419,0.4437518626839035,0.6265071686134668,0.6797706566373561,0.5035791364178644,0.7918700737689468,0.3961672377842457,0.5383359276411334,0.5261620426458097,0.568500454855841,0.6687568605776291,0.6478801981177723,0.5340705897726227,0.538306721585707,0.6171494753158304,0.4132346162283999,0.8329501487527364,0.18444737229718358,0.6460226658356921,1.562156829220911,2.504655054267494,0.795983047026853,0.024643772345161515,0.5080323865887791,0.48036832204129304,0.7268914917037591,0.7847569621699587,0.8915729710889884,0.5148959345873667,0.43601359347962987,0.12127566233585871,0.7330945163103753,0.6010213086342736,0.6769899810083756,0.45726754197728253,0.8491679178609504,0.16125020129320572,0.587709826989017,0.2418298202600133,0.4132584818483869,0.0032728131465344914,0.5645668945792109,0.29485476987234155,0.7753962749248201,-0.02364891282916692,1.5129050170011533,0.193700138403141,-0.4450941254324317,0.11032493627506518,0.33209945316504125,-0.22547930778068684,-0.12921678262097483,0.05116457301199939,0.22221244182145106,-0.05866507588593634,-0.28895074291660133
0.20359694278622747,0.5142652174700597,0.5197702500789149,0.32047177199871013,0.3721191522967597,0.4849811523788635,0.4174934360738885,0.36930126306410543,0.4090316400820638,0.3483762210713077,0.40814521087093136,0.44432776455494877,0.39592985254042745,0.5015674850723881,0.40825270915184264,0.19633176269678995,0.4859738744372173,0.491755972862872,0.43240508927960547,0.506219058579459,0.3513326384211685,0.3598597656772994,0.530847880129981,0.795983047026853,2.5029940410508127,0.6069733705089604,0.4436390168331278,0.3685454806765107,1.107468020151208,0.3314843970944857,0.6644675498589369,0.5009767153508405,0.2849416495612079,0.7473533803161324,0.5123480168407827,0.677053154176195,0.40401261434835656,0.26691586514838284,0.7509213888554161,0.2580916448307057,0.5907606727803907,0.32830743725097694,0.42272185919398536,0.03557345339287689,0.8287810690393501,0.4333929425233359,0.5536048424452097,-0.16532791107670763,-0.35621126904431094,-0.1511975796258167,0.21663380116173725,-0.03073235174591552,0.05176667686508711,-0.15916274147938234,-0.14231020331071048,-0.09839506529085479,0.11923476455445865,0.04899210407413249,-0.07322195934121277
0.19586393045927827,0.693953166107327,0.6406469685699129,0.4021452068000154,0.5596804029186789,0.7068309854421402,0.43166426624230325,0.6037706324319483,0.5998515875503811,0.40594044913005023,0.4867820393352266,0.46470572843891594,0.5272360098212409,0.6326363943075601,0.4579838322140698,0.6065155623628109,0.36711220982998766,0.6097925760019685,0.6130008797751106,0.7952410980002574,0.4816982145372241,0.6179293842737873,0.21291635262486097,0.024643772345161515,0.6069733705089604,2.6323466544788783,0.56426793401622,0.6027852053852456,0.8413042853450975,-0.35204033810037316,0.4024115958407868,0.963183468078478,0.5171669432236647,0.9784151848174958,0.535677132323208,0.4897735933127304,0.15570114209141425,0.39851499891812003,0.7642061687003396,0.4114667417141402,0.8187596162958523,0.4119230402440138,0.5573308831352207,-0.053193822637756565,0.6108528855160535,-0.16147587738107955,0.5702981449945137,0.14704174909696768,1.92387681428227,0.1568929166836718,0.005825321069760548,-0.055417599602412396,-0.32424362981243016,-0.07499455807979448,-0.08442939572275507,-0.0993995214555545,0.13854039605204602,0.07010710952410097,0.0307718858388649
0.15431926995853656,0.5015936383021646,0.48243556994849923,0.4188909409024729,0.39249421649168664,0.4955122169018649,0.45105101035604583,0.4867548423880792,0.4239355271094418,0.3649064448097418,0.44588017391929624,0.467162985527425,0.4668500577731516,0.4986202420717877,0.4117683262397229,0.6747018330165405,0.44697993408952763,0.3772814214112076,0.3578077690057603,0.6937405787910315,0.3398375542568725,0.5404502630549961,0.4999312102546814,0.5080323865887791,0.4436390168331278,0.56426793401622,1.1257555728055648,0.48051566984814525,0.39011446667877386,0.25630367782151636,0.4991705364660667,0.6938821002047123,0.4947048455621616,0.6317134820640958,0.6146415288378845,0.4908284421949014,0.42483836476638864,0.38696521679203677,0.6393250290564961,0.26839164948270394,0.6635615320450668,0.3482053874193149,0.6580487118845596,-0.040068106425382825,0.6546199000082092,-0.047661947682372946,0.6245383707942517,0.09126240414343294,1.3119531139468632,-0.049140132869665835,-0.2197388241686539,-0.06482131484952326,0.18386019344621432,-0.0734998776315441,-0.08120315653212294,-0.04368218943505725,0.13039094478673927,0.06972759993505252,-0.13606925578477283
0.11313355846562516,0.46206485794939356,0.38116493802765844,0.11511739255162672,0.20841809405507175,0.4292661376471434,0.3189582931336508,0.45220530490854427,0.34133825386023864,0.2818853109573039,0.3854132166857059,0.2765000815838695,0.3642365317083615,0.48047746335442154,0.4537073847750287,0.5524354697060413,0.5639610019166041,0.46178532141238376,0.4780963444225431,0.5645288931550941,0.4365661698217892,0.39503297977428287,0.42652200471755386,0.48036832204129304,0.3685454806765107,0.6027852053852456,0.48051566984814525,1.872253347967954,0.206258344627243,0.5184258525821251,0.3580627800900247,0.47712714686070684,1.022156815273088,0.40223920717026784,1.3219992407901893,0.055007722558927656,0.8783828534601731,0.38728498846498,0.6488356116544413,0.09659246148582307,0.7009566583298488,0.4118213889813896,0.5308521724411602,0.04410422319765572,0.4341617862417128,-0.20048848020227916,0.6765595899513793,0.38526275702743834,1.729975710594267,0.5800261271000372,-0.1487169535687011,0.8807336651126437,-1.2767323498543919,-0.07322514899964619,0.10102207899486128,-0.1316108582872886,0.1381985648474481,-0.015054597578257202,0.10292140783349926
0.20938725754095783,0.632736528893363,0.6204344090760098,0.48243546329858955,0.5801693154405207,0.7226846047643456,0.5819669397357103,0.5186836215380122,0.6682305179068294,0.4104706729256845,0.561901603067942,0.5573183936808762,0.5527980060174367,0.6614777593512579,0.6149934720232628,0.6041338740674066,0.5584454611374465,0.5569589381159415,0.5976974100309936,0.777762195670657,0.5278136698044381,0.6975501307630333,1.0658337121205088,0.7268914917037591,1.107468020151208,0.8413042853450975,0.39011446667877386,0.206258344627243,2.921236471719172,0.7129264564818759,0.16872428585332977,0.7254988267404725,0.19477879219319122,0.9804368402718938,0.4670527439729185,0.6788431355084886,1.0283314863197313,0.2944347649744863,0.5983927564509184,0.18659388021649417,0.8057405373866655,0.4684539673306166,0.43992754541037027,-0.21110261283378373,1.0689860140427923,0.4483019678430703,1.0801881780930611,-0.11581116174376666,1.4745585373189296,-0.004925027566398135,-0.004701091034678538,-0.21255022794054967,0.24883018236960702,-0.14118413274091782,-0.2381843263005175,-0.03594542312564486,0.026123799832168997,0.19103387958648713,-0.20687835818939979
0.12227384251198828,0.20523165380637873,-0.09874547821730878,0.07083316899233069,0.15774923194384344,0.18555423585542105,0.3359892763389451,0.24688563559113189,0.3983451390309738,0.0895406296733273,0.2456168923419143,0.18378066386721792,0.2610122506745105,0.31854370399175724,0.3303753415023499,0.5069371205743594,0.35247555459526764,0.17855624405491266,0.1590246376685898,0.5596295090263186,0.31978754286894245,0.44023776716020463,0.783620420328307,0.7847569621699587,0.3314843970944857,-0.35204033810037316,0.25630367782151636,0.5184258525821251,0.7129264564818759,2.739955552996286,0.17009419372238077,0.3682964821518344,0.5722716578462418,-0.10069318370320532,1.09644975031128,0.21505236410027653,1.2080197136687063,0.37466699713716733,0.44878858265298116,-0.3004043481630855,0.797670936284325,0.3738333718653188,0.7300934826021321,0.2618502016840866,0.335547506755872,0.30233158607464444,0.913597913219293,0.2685726990163604,1.567740603071636,-0.36352432258918116,-0.10126619489628531,-0.39664581529538506,0.770106469125046,-0.11336574443645382,-0.0316077504194579,-0.20436624797678843,0.08388419485103335,0.26687782385286885,-0.32400276606646394
0.15842629950745707,0.445350360849173,0.45114004398366503,0.3682299094570922,0.33119451240037634,0.44358124951590705,0.3864818711873699,0.37470832734375503,0.41794485183584507,0.3127752449156186,0.36849759524997205,0.36268398770123494,0.37508660319486875,0.40813363277331516,0.35752116486760827,0.3730484658148526,0.34803027643563333,0.490972802988791,0.34719031238546083,0.6533463473891795,0.19716705772681842,0.39053258240922484,0.38172069782144136,0.8915729710889884,0.6644675498589369,0.4024115958407868,0.4991705364660667,0.3580627800900247,0.16872428585332977,0.17009419372238077,1.4301171034188005,0.5255950630185932,0.24106213259020226,0.2601495464756214,0.4126203530771079,0.7396506993028574,0.1582870659457523,0.3885542641368341,0.7401037159196059,0.2661803916152086,0.5852087222124883,0.19313552539792864,0.28357928840362007,0.06153298283525237,0.5895422861036789,0.19630066839950894,0.3456207922364341,-0.08415071179565858,0.22054511627286563,0.1273140392598238,-0.17749517675437743,0.08964066125871385,-0.04439152740903185,-0.12721892055338066,-0.07744009261285828,-0.039753150589575965,0.2501161447582632,-0.08951807048904684,-0.1506682977422284
0.20966653908369098,0.4638724736480205,0.5576685480796105,0.4268243383160388,0.5736022700651087,0.6612649211823204,0.49552279459135135,0.533901017296281,0.5516677005553121,0.3650858836591388,0.5265310138101237,0.51944821642534,0.5603462638714116,0.5733137185023659,0.3996878783495596,0.8498208667393439,0.4826787116848098,0.46517113565097723,0.5085391078810471,0.7368706298211988,0.4576783959857685,0.7404857916901273,0.48395039215883606,0.5148959345873667,0.5009767153508405,0.963183468078478,0.6938821002047123,0.47712714686070684,0.7254988267404725,0.3682964821518344,0.5255950630185932,1.7327396999557625,0.3646775654125669,0.7509443025350964,0.7887551210653283,0.6354105045886621,0.394399974664347,0.404775829227986,0.7543519823373481,0.2223849002472139,0.8284081000442592,0.4046582087038122,0.4058861546235349,0.030881878144440367,0.6234798867688925,0.10259342266056468,0.8269245717261364,-0.004948631087350117,1.5939545701271332,0.026569423614213477,-0.15698806995022904,-0.18953574222301933,0.18816395214198492,-0.06155632437411139,-0.16432058490100102,-0.25182832946778166,0.7845648257331694,-0.48425335037611106,-0.03308782859706007
0.08664194098024916,0.37316528738729804,0.23644764450494224,0.3434311112210871,0.2131897302461107,0.23556134618667732,0.3083319038468553,0.3324357009889411,0.4123522276169276,0.22244171469178664,0.2817448678805453,0.2335817052886104,0.30618321892617145,0.3664257494304139,0.3896515448047825,0.38658416714526395,0.3777985294488696,0.4068264311904533,0.2954708679598195,0.47588118723888956,0.3105322718965581,0.3862129337640599,0.6076569795141099,0.43601359347962987,0.2849416495612079,0.5171669432236647,0.4947048455621616,1.022156815273088,0.19477879219319122,0.5722716578462418,0.24106213259020226,0.3646775654125669,1.9365743409257619,0.32159341725220414,0.36004302070763594,-0.03081396413831865,1.0523174524373555,0.3493453682033367,0.5653573037749706,0.11516777315049337,0.3269684082504161,0.35890497753741374,0.7690610778470591,0.13424902924812335,0.41328157952863226,-0.015522210930906935,0.8076118888185077,0.3745772271979436,1.4766876413607701,0.34780210060597566,-0.15968495724334442,0.3074229788120118,-0.09818395005009768,-0.3084465127554604,0.13810058762561175,-0.07898088995294217,-0.01606633333396347,0.18399906335850097,-0.03883894871670456
-0.07497062115443888,0.7016733838386912,0.6544312279631517,0.41108074201054035,0.7040897638267426,0.679085594361929,0.5636017382224313,0.6704508967425044,0.4156265878479069,0.6114985084697777,0.6320767284061547,0.5974591563447256,0.6207062480952029,0.6587319983278904,0.5767728333506069,0.7699716136757901,0.6152796353465482,0.5549209129060683,0.5372222071147075,0.7993398463767302,0.6220167645308985,0.6105994324393653,0.6052794289203889,0.12127566233585871,0.7473533803161324,0.9784151848174958,0.6317134820640958,0.40223920717026784,0.9804368402718938,-0.10069318370320532,0.2601495464756214,0.7509443025350964,0.32159341725220414,2.618189735421616,0.7758668545163003,0.3021378513970028,0.856467694195439,0.3977675194584055,0.773828013533677,0.3563598166824962,1.0162724060347859,0.6439801903856996,0.7015070939152676,0.18223329301426366,0.7475610339674845,-0.027133326291129852,1.1862760791754383,0.18428842003489077,1.3861227609107136,-0.1872390881438959,-0.09133761363334514,-0.14289225237500142,0.2318703690706874,-0.04267758034402026,-0.23963367534186386,0.024919362930930646,-0.08160501351794934,0.019705663937430562,0.19082539690791184
