1.177504820253073,0.41558828333153136,0.4074939597656624,0.1798882598436529,0.29227832207926424,0.14985739815525498,0.36340545519943274,0.19668044027840634,0.15459932954791922,0.18976579173629407,0.17999186683100674,0.21512391756948543,0.13696824310462002,0.25781153646304644,0.1974649318364092,0.23085531127272427,0.2223363738999797,0.23193652165330525,0.20154439601130805,0.3019331450682495,0.18855020401729,0.21272304428594171,0.26002039034586993,0.12746500889586174,0.4163308852241233,0.23172822791064882,0.1650380762835102,0.056931637343496724,0.2155112368321048,0.01756249944013076,0.216162978157139,0.1260202263899848,0.11433621047672088,0.10908380567349527,0.06452028160408937,0.26524599997952897,0.17087625451460567,0.17216398110353087,0.10575780560581076,0.04277638341776688,0.2160404106565871,0.16715303914493107,0.24399901440304883,0.024005071649576177,0.1947500896802594,0.2494177012624719,0.08964958526642834,-0.054652411440969155,-0.21946066779797632,-0.11616981944948797,0.09427741884020623,-0.03887757942920195,0.03444013444780516,-0.01738894719162409,0.04431523833492314,0.025092820815558897,-0.20515676524196538,0.1448468624415202,-0.0713924954563516
0.41558828333153136,1.9212337700336815,1.1387366210528314,0.25440189849511624,0.2519099558289858,0.19152290545315737,0.4777558673320918,0.2669913676407279,0.26268641149593036,0.2264791561074554,0.25171400083314616,0.2509769091538096,0.205631017338962,0.18505976424469464,0.30732776595256395,0.21825190138858655,0.3420044203194709,0.4231557746963408,0.3061637942266922,0.6162873411265478,0.2630822316328395,0.2552669887639031,-0.03872805102673124,0.15735287979690088,0.5537552702616662,0.4257553240322024,0.3283366138098718,0.17517662699553255,0.32952415837947796,-0.130117727591763,0.2988250633198594,0.17785238611771734,0.21470299596668294,0.3487501119169213,0.04358269225320812,0.29124315914390747,0.34199928520652983,0.3660921479039153,-0.04987057095826387,0.01846175570074652,0.2714545963453186,0.2578919857304741,0.26106266664905176,0.05041865513613052,0.3116066859191405,0.4397014788611248,0.142723899680561,-0.05205026487081776,-0.5202344629252084,-0.16468701375280356,0.20473798666256277,0.05406523737250192,-0.05560090843445114,-0.13559031288902,-0.4276058992034532,-0.15341331784590767,-0.3660857658000803,0.49846500914543923,0.1522071939922211
0.4074939597656624,1.1387366210528314,2.53684538553974,0.08514752544369003,0.02830645963889061,0.20963102862656316,0.2309851962962666,0.21395734918640463,0.27440335181814923,0.17743615338745514,0.10727749542899247,0.20561831673228062,0.11457040643670903,0.15186450886772343,0.2006952960686553,0.19061245049784217,0.2976511327679082,0.2982674936121747,0.23898675489919058,0.3221255441055317,0.17795513821775724,0.2646199505278659,0.04565105913795364,0.14691057765568707,0.6407175188236667,0.374755777783384,0.20248733081145007,0.12544674460935265,0.2917388431877466,-0.4738198783710488,0.2501645429301258,0.15386666523169396,0.1731813873946443,0.3116716580003598,-0.01263991756083699,0.3835054086603328,0.3751977776814794,0.25565078807254815,-0.28670594113033204,-0.3429288403788478,0.09857855340093963,0.1728377417622628,0.2386555212221531,0.13624159486890705,0.33924221022742995,0.8485313877298116,-0.018617315420797843,-0.18486890477408718,-1.4789773642317163,-0.35494429378129183,0.4100312668238519,0.08359066971290455,-0.019221443122095713,-0.17795625336026566,0.11011187484789915,0.10572635022255832,-0.12781686718182514,-0.0021949698804665132,-0.19104681595267148
0.1798882598436529,0.25440189849511624,0.08514752544369003,0.7793592069209082,0.5211488922916182,0.37715972853544616,0.3219009000596711,0.3417294422007852,0.20226626685906604,0.28983975554380786,0.29029007603539536,0.3164737798104655,0.21090002068870659,0.306057386261017,0.23623344141265767,0.3020907873421159,0.28521693060613834,0.22135331722655252,0.3319441244318666,0.2635872097693226,0.24341839146650632,0.2608392084828885,0.19603110484748706,0.24312738851901963,0.1344918517854019,0.23174513656976478,0.21942067764853793,0.03657651166026028,0.25770419989036997,0.048430756724667824,0.21463429588197722,0.19240051383962714,0.146902368617935,0.3491229096351422,0.014067381062722959,0.2377093028844032,0.16275639219670876,0.15933747074788876,0.26780991425568773,0.11049231193273537,0.20054018868375983,0.2157444972797588,0.2932409126724427,0.0325317318455581,0.0030478782038103717,0.0899117557688334,0.1334679673113835,-0.020009898252871604,0.2450557946590665,0.1183810874309657,-0.2000558021519297,-0.012686408613296252,0.05265628395279921,0.0015371503591236509,-0.046847679557266694,-0.07912028720031122,-0.28242342872679094,0.15993119538034586,0.24092903648382313
0.29227832207926424,0.2519099558289858,0.02830645963889061,0.5211488922916182,0.95197003235687,0.3465031047192537,0.32314821759470913,0.36751118639988656,0.191544584807753,0.322190559083666,0.32288033401877053,0.3547380011067689,0.24417168687390942,0.3135910695669742,0.2619217227676965,0.3242752616531261,0.27503284721128096,0.23467010148888218,0.4193744390515466,0.24808893379067912,0.24792714725237272,0.2654277010390821,0.20774410042416128,0.22208177915389196,0.08512441487313882,0.258778251980732,0.22119092196954238,0.015880759720245885,0.28066312099010615,0.002962372475446545,0.21819542520771582,0.2164071870901256,0.11368273360225864,0.37465300287219006,0.037646942655458975,0.2596804804892211,0.07797372728821379,0.14876752437993152,0.26455802765374414,0.1382331563532645,0.1901899018360653,0.21463613318486735,0.29621620996061254,0.029245742621533708,0.009003182172823256,0.04743275350868438,0.12085896740708614,-0.03163013638796805,0.28355518550467196,0.17130085390101796,-0.2139839350354333,-0.2772846354513474,0.1504137027994903,0.1723458094176247,-0.09163801747266281,-0.05296990537777251,-0.2900032882387942,0.2020040321991497,0.197169508950899
0.14985739815525498,0.19152290545315737,0.20963102862656316,0.37715972853544616,0.3465031047192537,1.010551471463103,0.005704821143203603,0.4762341824547305,0.3188350276072449,0.402709054136618,0.4367334866377634,0.4028791852848129,0.2369217400669767,0.380341967781957,0.381511862263192,0.3757678204818656,0.4112029045999975,0.26613387540370226,0.48315801157632293,0.35431698249355975,0.35543431483634874,0.3627807529829287,0.11787017800800972,0.3833300334291204,0.11757082810340412,0.26334394707129594,0.28861164280702645,0.19128435469319144,0.3127825196523727,0.04796922910037316,0.28388587615451677,0.2426313316811297,0.12592622656224584,0.3553261907791551,0.14124937474329205,0.3130424447737493,0.20071556158312412,0.22399185832240784,0.3947254348450161,0.17414972278089194,0.28025379321226357,0.30444653503162716,0.3617053958795793,0.03535316520898454,0.1198981472506798,0.060242397895060903,0.15671253588848297,-0.030672853704638018,0.3552418019619323,0.5177719206716299,-0.5682732903914733,0.014802352704122298,-0.19950738725821401,0.14489979616410303,0.022822712802007924,0.018305875010137272,-0.3595067439945283,0.06550854945157022,0.23123156721827148
0.36340545519943274,0.4777558673320918,0.2309851962962666,0.3219009000596711,0.32314821759470913,0.005704821143203603,1.0320932958795617,0.1027715768841047,0.2016091027486187,0.07727485064650884,0.19012267330773663,0.25336187057969534,0.17826396099749234,0.126831893430039,0.14506256213011362,0.19179576864010736,0.259155518720983,0.21447493752903113,0.19398686267892284,0.3769848792190557,0.27849851868510633,0.2289513988530118,0.3169194217058992,0.1889992414161004,0.2666347110165419,0.15152501064979051,0.20639672495077632,-0.04558748971915683,0.1886055707771825,0.06151697714655856,0.241055408245681,0.16533064098019326,0.21741028423375433,0.31905496051889787,-0.09390062368611675,0.2635627919521152,0.2605794899141375,0.20966020268031008,0.25255646002242166,0.08206096352426105,0.25369722160115665,0.24301129870651192,0.26156167349077686,0.03468990664580264,0.048876286175886303,0.25102021764542437,0.12671181074228993,-0.021335159123208554,-0.04821126418091604,-0.18260944082780736,0.07882688723159022,0.07512491405477403,0.1923675517965683,-0.19225734015942575,-0.12172518598026179,-0.0013088168414220247,-0.16026890606183408,0.18028712388826504,0.06523111057500901
0.19668044027840634,0.2669913676407279,0.21395734918640463,0.3417294422007852,0.36751118639988656,0.4762341824547305,0.1027715768841047,0.9187324896561498,0.17856396573280645,0.39710123611921466,0.3698000317726718,0.2755340775714074,0.25130784901017444,0.3173155693012161,0.23433506710677843,0.29930502006035364,0.3103822364690163,0.2833887517116727,0.3878701505784869,0.2838551467198617,0.24918107013544222,0.25112657712661507,0.15074826651486262,0.23437041505291367,0.2277030964958314,0.3150399897926731,0.2579556510419196,0.11647550469555824,0.32003232716039937,0.15122270297742843,0.24224015360159196,0.2032397503034056,0.18706048303409153,0.3641411294748275,0.17616562220541368,0.23693549693556742,0.29969346385068135,0.1763470676340728,0.32384152322856385,0.13033426179336544,0.23161317158337033,0.23592744464553905,0.3452388055327487,0.08373912462375224,0.06149563137181359,0.194437526549207,0.21328306435027375,0.001078538998721121,0.23337040863484118,0.10426798145473438,-0.14012952416876892,0.09643264251336432,0.0661219645915838,-0.12749507289139755,0.002210690183452039,-0.08393247225106927,-0.24525392028658202,0.16129697498531012,0.1932278142601177
0.15459932954791922,0.26268641149593036,0.27440335181814923,0.20226626685906604,0.191544584807753,0.3188350276072449,0.2016091027486187,0.17856396573280645,0.8090395177638996,0.25435119165042064,0.2078531045976196,0.21687129737125943,0.14826958262643541,0.26337759377497383,0.24442750803392502,0.2404614495816341,0.2893065449976685,0.2152113347971965,0.3236176935298973,0.26472116357877323,0.2559833549989204,0.4935126955427805,0.25497721398618056,0.2687952212332633,0.17323371239383129,0.3750966316529302,0.21742463553387592,0.12059785613070628,0.23430713874436762,0.12497646852951667,0.22718869995117918,0.21817013625753098,0.26428440266238157,0.2541038597693208,0.09905595729520862,0.3024371208004042,0.33494213778732623,0.16718195853342321,0.20379963096244813,0.07340397956121228,0.2334202813504261,0.24892158178347246,0.3789682802229635,0.06723218227147736,0.17190539831008764,0.24475683461522105,0.16737563454144627,-0.0695572935539801,0.1637442046217699,-0.23801649972846883,0.13282607414109351,0.07331810504489727,0.07837484581203581,-0.10971974748937441,0.01723265655928432,0.14109023892634412,-0.24385194688077197,0.07586600033443397,-0.05298305445636751
0.18976579173629407,0.2264791561074554,0.17743615338745514,0.28983975554380786,0.322190559083666,0.402709054136618,0.07727485064650884,0.39710123611921466,0.25435119165042064,0.8037556194629181,0.3675862623586789,0.35332329824011643,0.21967260106640718,0.3229848425534399,0.32051572426208313,0.3319215791135548,0.3398957279495008,0.35045709688311566,0.36699416240452637,0.19500495965841286,0.18424416328327567,0.30269683509695594,0.26429936085613553,0.3417661379715075,0.17591796564757958,0.297069392106185,0.26706237711114456,0.1635206812824034,0.38853810684852985,0.05709446811577952,0.2330206717466415,0.2188353350995939,0.08809811079030157,0.42963481740163423,0.21811657668546408,0.27599561071407325,0.2179006646018423,0.11453014704807528,0.2847308841354208,0.13070378923661255,0.21814504504279497,0.19332365370235063,0.3249473885118112,0.07764593803272414,0.01995781581258197,0.11451219393695633,0.21868000670121193,-0.028760935843862856,0.42199116173673673,0.15682039150673172,-0.11382369245572888,0.06497145616384671,-0.15169749401939342,0.05492133836262181,0.06739932880129237,0.11229932988294186,-0.2388728424267123,-0.03290128659316651,0.13901561962033634
0.17999186683100674,0.25171400083314616,0.10727749542899247,0.29029007603539536,0.32288033401877053,0.4367334866377634,0.19012267330773663,0.3698000317726718,0.2078531045976196,0.3675862623586789,0.5814222318025208,0.3813956058984561,0.2501744233380261,0.28560374727423427,0.32454321890458754,0.3218709349540345,0.3693353959047829,0.23886071274696155,0.30752925341616055,0.3862298990108433,0.24182454268326262,0.270349883614593,0.21025282883690655,0.2795191318812124,0.13833034220219134,0.2521281393491835,0.3036148008771462,0.09496328736239827,0.3250005580533481,0.07806326362162301,0.2634514848586377,0.22080072848153526,0.12251660463165813,0.3382062141303909,0.168124485950524,0.25300884747129787,0.16448931003840708,0.21832537462316268,0.3429529393382105,0.1875537926251936,0.22930783041828537,0.2204118870710964,0.29894910905407207,0.0379675965455983,0.06448114482266665,0.1281439101020944,0.16537186528832604,-0.0163110119972271,0.2771136365513965,0.1362989266380936,-0.2246760690947098,-0.045839759492270545,0.06370478130936187,0.047670954198022114,-0.04989510605959651,0.021044006987420424,-0.26555324519604606,0.12915731319869164,0.11146674078498366
0.21512391756948543,0.2509769091538096,0.20561831673228062,0.3164737798104655,0.3547380011067689,0.4028791852848129,0.25336187057969534,0.2755340775714074,0.21687129737125943,0.35332329824011643,0.3813956058984561,0.6853355796286353,0.24128005415031337,0.30426610736130355,0.2676855244568505,0.3604512118357172,0.3320580755690904,0.15005853270052827,0.3442300188022719,0.35082230777530304,0.21171622830435544,0.2918683644591374,0.20367561426115227,0.2371485609437996,0.15313238053353778,0.26294959519872246,0.32206567379740647,0.1127091884720172,0.25567946482725795,0.0008964898496909341,0.2734602498238737,0.2651059517712466,0.11601150356419267,0.31191318389096667,0.11026959745195555,0.293637463030656,0.06496894353953962,0.20596591811779671,0.32896340281196773,0.17725674070096312,0.1613595144848081,0.19473734585179267,0.3172123803905157,0.00813913967893589,0.11524390803326139,0.14080021323946895,0.0952017415344141,-0.0563489479099106,0.06248235560577057,-0.2131791355130129,-0.07437204450523757,0.15414283307353532,-0.04520842481418427,0.05574588449375006,-0.02449897114545765,0.08945847324448118,-0.2642683979364386,0.10689354717389954,0.012838853643605791
0.13696824310462002,0.205631017338962,0.11457040643670903,0.21090002068870659,0.24417168687390942,0.2369217400669767,0.17826396099749234,0.25130784901017444,0.14826958262643541,0.21967260106640718,0.2501744233380261,0.24128005415031337,0.4084952777248109,0.1719835560974686,0.13241966054355697,0.20917295722916135,0.2063769678758873,0.1633748719191403,0.199825984956899,0.2140652955823852,0.1550173991899101,0.1893347358999135,0.18407200408240226,0.227820553653539,0.16566354170620623,0.23062392395881978,0.2259032459545477,0.0477036614222603,0.3098021438793153,0.06800996314550466,0.16594688636813923,0.19982324482729813,0.08745395557322379,0.27124700644996347,0.13760391011586784,0.1895709662065693,0.11781400769772016,0.1256007161449607,0.1469599484669012,0.08217530781961499,0.15667544369326752,0.14643395024872205,0.15691976591712192,0.056868448883407315,-0.0030717806491525742,0.0811552353543889,0.12497821506192369,-0.00826268674249464,0.2892245411090112,0.06444661897772716,-0.1066397005581822,-0.062445281876180085,0.08218498610708183,-9.364548906474851e-5,-0.0351538143135891,-0.030000802802166063,-0.16528674833054233,-0.02268887725598993,0.2059997831909435
0.25781153646304644,0.18505976424469464,0.15186450886772343,0.306057386261017,0.3135910695669742,0.380341967781957,0.126831893430039,0.3173155693012161,0.26337759377497383,0.3229848425534399,0.28560374727423427,0.30426610736130355,0.1719835560974686,0.8715613253171951,0.25101679574991054,0.5531820382215735,0.41603559496941317,0.1576329619794438,0.25992293041053527,0.2983030881228282,0.2225632039185504,0.38991512164706904,0.27732913781961127,0.2867437276374068,0.1386537432461781,0.3513148245744903,0.1864444156049212,0.11905192557463941,0.27713621514594605,0.05562426434483199,0.22319886458866237,0.1581720836262573,0.07255587848744373,0.2607999523282951,0.20838600939288054,0.30958791982229306,0.15882003071814793,0.17377648711977337,0.18114933813331924,0.1403222238778303,0.24744084263169625,0.21523333275505638,0.46708593081611943,0.04139796261727277,0.11183613175294554,0.04178716342867748,0.0964689857905631,-0.05717105518781872,0.3153193149962133,0.08083753527602781,-0.1345169584201584,-0.09209914255487103,-0.041934205372562705,0.08299087812752647,-0.017917361808762338,0.07008069083910815,-0.5018709871857888,0.21262377964240872,0.22130621911859397
0.1974649318364092,0.30732776595256395,0.2006952960686553,0.23623344141265767,0.2619217227676965,0.381511862263192,0.14506256213011362,0.23433506710677843,0.24442750803392502,0.32051572426208313,0.32454321890458754,0.2676855244568505,0.13241966054355697,0.25101679574991054,0.6638575380808791,0.26275010101674906,0.2753326810831077,0.2872078225915039,0.28912204614734344,0.34474204454799523,0.2336621908339792,0.2511283962370243,0.26862766770825264,0.27121719060373656,0.043313263952446945,0.2330987745556198,0.23149523540245967,0.17296997102427342,0.248162063665492,0.09831238314751571,0.2241032809339078,0.14340754274929518,0.13243350860474037,0.29985283852079697,0.14063149877157502,0.24130838911777153,0.25300843806966145,0.19577597846875244,0.2237698362042731,0.0989571058418147,0.23607911438861062,0.22183348267829228,0.3320576326977729,0.059122623958095734,0.06992502614350103,0.1338564777032154,0.17368228180719103,-0.010682897053019544,0.23604842533837514,0.2968776372868172,-0.3078125818873139,0.19072273688783767,-0.22926165901112636,0.018379696506862588,-0.0021099283357834463,0.07748509259848292,-0.33602295841791163,0.0759293690472617,0.16333971384787763
0.23085531127272427,0.21825190138858655,0.19061245049784217,0.3020907873421159,0.3242752616531261,0.3757678204818656,0.19179576864010736,0.29930502006035364,0.2404614495816341,0.3319215791135548,0.3218709349540345,0.3604512118357172,0.20917295722916135,0.5531820382215735,0.26275010101674906,0.6122414262945697,0.4537595324121847,0.1667820967354323,0.2881984087145491,0.3195269952801705,0.2127684130485233,0.4113746607346492,0.25573690372925706,0.2795690960453754,0.16093951551484958,0.2997638668246514,0.2655187724449147,0.11163919325049008,0.3032415766415186,0.04852184519323271,0.24130669037111538,0.2070961307932324,0.09927519493912548,0.3146189304716587,0.21007166466331564,0.296622009937692,0.16893562559174038,0.19123258990328454,0.24948522949401833,0.15924525747955615,0.20092743221148757,0.20730551880084433,0.4501997449387953,0.03533406386578895,0.09444598190830894,0.10250091617603792,0.118969610126708,-0.06675096231789747,0.26452683973019725,-0.018936243719130955,-0.14354814495232426,-0.03389751753754771,0.016587051641090273,0.0574091807593419,0.022687112065467356,0.06836758828074987,-0.4332789721187303,0.1659660857532718,0.15695826769038743
0.2223363738999797,0.3420044203194709,0.2976511327679082,0.28521693060613834,0.27503284721128096,0.4112029045999975,0.259155518720983,0.3103822364690163,0.2893065449976685,0.3398957279495008,0.3693353959047829,0.3320580755690904,0.2063769678758873,0.41603559496941317,0.2753326810831077,0.4537595324121847,0.944235382433659,0.17589304889149499,0.32675415850134276,0.5545104622338511,0.2840192253758455,0.398544095542955,0.27225560969559387,0.26859046242362167,0.5435384810410425,0.19658220194607862,0.3395598221886615,0.14478206043155592,0.3215597678331698,0.051547387168699964,0.37320514821289097,0.20056587121250566,0.1928186946736778,0.3248610396991708,0.1670972905730148,0.3632530387443366,0.3424213610997401,0.30453711020695934,0.45926463960866776,0.2205280570611738,0.3065361490571208,0.2654332604620085,0.4197505084766377,0.04028891032258008,0.2291550602751726,0.2682155256629227,0.1334788556253724,-0.06506937597386102,-0.06033454968174804,0.20375408646291024,-0.10700129518058671,-0.005390206440425592,-0.008552297565406595,-0.0021948038423646415,-0.008488028213377496,0.0027507700975878957,-0.369110827982976,0.14072741685231122,0.14460530721173132
0.23193652165330525,0.4231557746963408,0.2982674936121747,0.22135331722655252,0.23467010148888218,0.26613387540370226,0.21447493752903113,0.2833887517116727,0.2152113347971965,0.35045709688311566,0.23886071274696155,0.15005853270052827,0.1633748719191403,0.1576329619794438,0.2872078225915039,0.1667820967354323,0.17589304889149499,0.8549378959790255,0.3303871554456785,0.09560643781356104,0.274337555965642,0.19997791955950076,0.21472927820056723,0.34785407963491916,0.3041872800766954,0.3933806576998323,0.1441549773961405,0.19062705845093825,0.3563888439876923,-0.0381289366157382,0.16719120946349167,0.1822354977045459,0.046745274542382614,0.36879963019623985,0.18431369892626318,0.20116710959308773,0.2859800179604022,0.057229907509560224,0.010621854003481545,0.03329460172962579,0.19243064353822112,0.2463308782562548,0.24485835930368416,0.06217642837048474,0.18163628524947553,0.10028554738986886,0.33712397281408113,0.014565449569595946,0.47609483527101626,0.3077839630769516,0.10897243153751758,0.08778873617767152,-0.345456148024142,-0.06831821001576889,0.015534865911040849,0.06484442663698745,-0.12400719492906805,0.08678163987285073,-0.03985524069110134
0.20154439601130805,0.3061637942266922,0.23898675489919058,0.3319441244318666,0.4193744390515466,0.48315801157632293,0.19398686267892284,0.3878701505784869,0.3236176935298973,0.36699416240452637,0.30752925341616055,0.3442300188022719,0.199825984956899,0.25992293041053527,0.28912204614734344,0.2881984087145491,0.32675415850134276,0.3303871554456785,0.9987838920096895,0.3099508927889629,0.3279446965881259,0.3298069369444912,0.028697041061046067,0.26483488231254043,0.38246051401764114,0.2581311825999015,0.23491062427811304,0.32743173676424114,0.2733534689906338,0.08617872744803523,0.2729577931578903,0.2401008688033506,0.21735635476840293,0.29024332389772933,0.11890969663294725,0.2550732229364164,0.3422570193104174,0.16982377064818951,0.2778009071967083,0.14234799610706209,0.2887124558774243,0.28667858560308745,0.3677792995200143,0.04280085756602977,0.25239641866634427,0.2636369721965211,0.20779984030689858,-0.020475183364017657,0.019210810267242136,-0.18788909992144096,0.34150532175389026,0.4880843180036236,-0.47449776846514846,-0.09439227945017022,-0.05181804860332996,0.036114934739379725,-0.2048952310480868,0.21195409577522198,-0.029309812960355123
0.3019331450682495,0.6162873411265478,0.3221255441055317,0.2635872097693226,0.24808893379067912,0.35431698249355975,0.3769848792190557,0.2838551467198617,0.26472116357877323,0.19500495965841286,0.3862298990108433,0.35082230777530304,0.2140652955823852,0.2983030881228282,0.34474204454799523,0.3195269952801705,0.5545104622338511,0.09560643781356104,0.3099508927889629,1.5431135792946618,-0.016631444976241642,0.2938119150631724,0.4472825114954585,0.17663678713161948,0.21766493089322483,0.4775882325119785,0.44624853793133135,0.05622277389126391,0.3599963022105539,0.08949913481618348,0.4269780961808065,0.22352486225553275,0.1479733871412976,0.19895253061094834,0.02935082455025804,0.39780516803095256,0.2725446481846172,0.7459525594814254,0.22855223400494187,0.24208565581538488,0.433116537617399,0.06812809300324911,0.42174130014793776,-0.09973308180064445,0.227692522652454,0.36499405253150474,0.1187155626643957,-0.04405360661721089,-0.03717613666009207,-0.08260793160710471,-0.11690081996781548,0.1544625158117869,0.01331635135621673,-0.08931647243233222,-0.17170394410761886,-0.03850728663247266,-0.2977775160734943,0.3491789973696645,-0.016682351978119393
0.18855020401729,0.2630822316328395,0.17795513821775724,0.24341839146650632,0.24792714725237272,0.35543431483634874,0.27849851868510633,0.24918107013544222,0.2559833549989204,0.18424416328327567,0.24182454268326262,0.21171622830435544,0.1550173991899101,0.2225632039185504,0.2336621908339792,0.2127684130485233,0.2840192253758455,0.274337555965642,0.3279446965881259,-0.016631444976241642,0.853262127143462,0.21702128225772563,0.12982068925487295,0.07447600716139341,0.2312270934079653,0.011289520027752109,0.13512126608667344,0.24702231644526257,0.19173422344376023,0.24020042941479608,0.2600085223513924,0.17386585075394262,0.2567611183373839,0.25105090594695084,0.26056043867960216,0.2708775381228009,0.49479067940312665,0.06463763732653953,0.44876010839773284,0.1867514401836491,0.3916623042764123,0.6535401260024859,0.26283458137817034,0.12547563285477556,0.581621576489081,0.12067311148936984,0.21947466036632066,0.04232807071353467,-0.11235294337311391,0.08813731847361478,-0.006425517196517982,0.09781430587556494,-0.08951309930475408,-0.0254452953033244,-0.06556507655137739,-0.013600486781793934,-0.2039720164276092,0.12834773602618393,0.04277888474095019
0.21272304428594171,0.2552669887639031,0.2646199505278659,0.2608392084828885,0.2654277010390821,0.3627807529829287,0.2289513988530118,0.25112657712661507,0.4935126955427805,0.30269683509695594,0.270349883614593,0.2918683644591374,0.1893347358999135,0.38991512164706904,0.2511283962370243,0.4113746607346492,0.398544095542955,0.19997791955950076,0.3298069369444912,0.2938119150631724,0.21702128225772563,0.6723110796366593,0.2605048467174524,0.26486894287877133,0.17672341542023792,0.3521450910804045,0.25690580373766136,0.11856120539927839,0.27865164111560387,0.08669369675398102,0.23413573975081262,0.2529452085935255,0.21277780632555707,0.31665540669716147,0.14363504619875433,0.32705840116261087,0.2539341667722329,0.18602012853727423,0.21295638799501332,0.09412241482450676,0.1956167960432729,0.2229130861413801,0.4779894941756469,0.06986300763796813,0.06333698285624173,0.21472746863359432,0.15643265841623016,-0.11668981476349316,0.317295679565408,-0.1341051744213171,-0.004901627693073118,-0.011806147467643321,0.05086402075789946,-0.042436388621737,0.025906675396185703,0.09471258719880159,-0.33536073354864515,0.1445531087339201,0.03652639720277039
0.26002039034586993,-0.03872805102673124,0.04565105913795364,0.19603110484748706,0.20774410042416128,0.11787017800800972,0.3169194217058992,0.15074826651486262,0.25497721398618056,0.26429936085613553,0.21025282883690655,0.20367561426115227,0.18407200408240226,0.27732913781961127,0.26862766770825264,0.25573690372925706,0.27225560969559387,0.21472927820056723,0.028697041061046067,0.4472825114954585,0.12982068925487295,0.2605048467174524,1.7079618103840666,0.2729931589882044,0.01947526639333457,0.16631561746233955,0.15529600313148045,-0.39066402337819156,0.4657633593106849,0.1571207792996441,0.2715774348786439,0.11624419754434756,-0.028206128066154412,0.32113995355500774,-0.05132995108495719,0.5288773877895863,-0.0021699044308899533,0.2161093573215642,0.2556541742235506,0.010339463607467705,0.3345603295525529,0.116076597718917,0.24072942592063748,0.16771182571047533,-0.30221151707215715,0.22418353644850578,0.10075229165512513,-0.07459074823130664,0.360235309690899,0.05863374109615284,-0.17356416720124196,-0.11670852531564102,0.3930749298225368,-0.05082466535840563,0.057587367830681566,0.07677694414366723,-0.26154711245065454,-0.11302155922171629,0.24315757615994021
0.12746500889586174,0.15735287979690088,0.14691057765568707,0.24312738851901963,0.22208177915389196,0.3833300334291204,0.1889992414161004,0.23437041505291367,0.2687952212332633,0.3417661379715075,0.2795191318812124,0.2371485609437996,0.227820553653539,0.2867437276374068,0.27121719060373656,0.2795690960453754,0.26859046242362167,0.34785407963491916,0.26483488231254043,0.17663678713161948,0.07447600716139341,0.26486894287877133,0.2729931589882044,1.241928809780688,0.46861130592680117,-0.04797531604558361,0.20523691965170085,0.07183934394881783,0.2148249058496338,0.09945647512577474,0.22741478820342956,0.12810228831452017,0.07746008307849962,0.37668658681260186,0.20340851290405346,0.2483329625189961,0.12601404336333163,0.08204088419400568,0.33924054122049735,0.12009484342119033,0.2610789042833396,0.10509865525600307,0.065958178344634,0.09158454648343882,-0.2910154345652216,0.15257439152254065,0.17567548776638017,-0.016666108548412377,0.48286847189854687,0.006528301652085958,-0.14854812597546535,-0.011443256289285232,0.13553075160735165,-0.03253235937686497,0.10188067455192877,0.11209237338873487,-0.21414893554934286,-0.4708027895388634,0.521204067674257
0.4163308852241233,0.5537552702616662,0.6407175188236667,0.1344918517854019,0.08512441487313882,0.11757082810340412,0.2666347110165419,0.2277030964958314,0.17323371239383129,0.17591796564757958,0.13833034220219134,0.15313238053353778,0.16566354170620623,0.1386537432461781,0.043313263952446945,0.16093951551484958,0.5435384810410425,0.3041872800766954,0.38246051401764114,0.21766493089322483,0.2312270934079653,0.17672341542023792,0.01947526639333457,0.46861130592680117,5.3993375798761285,0.15101901837445786,0.2388214511849802,0.1371438520455943,0.5855615315712307,0.21894767977997612,0.6715196809341784,0.10572168540452805,0.22550108849842365,0.41881658304732616,0.4238064863406675,0.4380063473333308,0.2931028505596002,0.014119364491082925,0.13837118451627028,0.13111527749899507,0.11643105007182102,0.24587966126358657,0.4535741930386929,0.10473728891443257,0.46577088303055025,1.1454759301917619,0.08203110653304606,-0.25611152860849273,-2.831851145596838,-2.169936737235043,1.5097124923018777,-0.15597878239673976,0.7404597590777608,-0.33333980391957346,0.08243529450251254,-0.08821061241469341,-0.2205105084514003,0.03137125502873062,0.08403995795511876
0.23172822791064882,0.4257553240322024,0.374755777783384,0.23174513656976478,0.258778251980732,0.26334394707129594,0.15152501064979051,0.3150399897926731,0.3750966316529302,0.297069392106185,0.2521281393491835,0.26294959519872246,0.23062392395881978,0.3513148245744903,0.2330987745556198,0.2997638668246514,0.19658220194607862,0.3933806576998323,0.2581311825999015,0.4775882325119785,0.011289520027752109,0.3521450910804045,0.16631561746233955,-0.04797531604558361,0.15101901837445786,1.7254667111616826,0.26344726912820055,0.1343540914505031,0.5520023904860099,-0.212403552148479,0.1349050082398752,0.4235882160240376,0.022076147780445195,0.41855378274136334,0.2108832130187823,0.2686193948873196,0.10824180627920083,0.24291165259280997,-0.8139594872876352,-0.13685810279049918,-0.008247744956495304,0.11113475462357417,0.5888228691343457,-0.0650396539882667,0.34323809021247226,-0.09194671981191603,0.16531320043843462,-0.053040281603191075,0.7191350827760375,0.13050725427605553,0.059973194375835544,0.00035197058512323915,-0.26371878663203957,-0.02222227868122765,-0.08478812063231497,0.02906414340255996,-0.2935391730100442,0.45739796030870655,-0.16452306224133106
0.1650380762835102,0.3283366138098718,0.20248733081145007,0.21942067764853793,0.22119092196954238,0.28861164280702645,0.20639672495077632,0.2579556510419196,0.21742463553387592,0.26706237711114456,0.3036148008771462,0.32206567379740647,0.2259032459545477,0.1864444156049212,0.23149523540245967,0.2655187724449147,0.3395598221886615,0.1441549773961405,0.23491062427811304,0.44624853793133135,0.13512126608667344,0.25690580373766136,0.15529600313148045,0.20523691965170085,0.2388214511849802,0.26344726912820055,0.7863566101140604,0.08181711716421385,0.2444642321068227,0.0264846218873143,0.3287747098519177,0.26516717365113884,0.17183808720181495,0.29011221302368606,0.10218356981603191,0.2854321494441508,0.16239629905640104,0.2773264784110831,0.2305538348109076,0.1799322414577101,0.23105713052315763,0.15784316232637902,0.2634975010136706,-0.055511454483750465,0.0766720553661723,0.2245024989497793,0.13075063174261503,-0.03211687342056805,0.191234047046998,-0.0382186991190469,-0.14905898146015067,0.06358024089828017,0.081651022967446,-0.017153083066589282,-0.05135847757222668,-0.006361676262022612,-0.13678144973769957,0.14745777243670397,-0.0026616292049612593
0.056931637343496724,0.17517662699553255,0.12544674460935265,0.03657651166026028,0.015880759720245885,0.19128435469319144,-0.04558748971915683,0.11647550469555824,0.12059785613070628,0.1635206812824034,0.09496328736239827,0.1127091884720172,0.0477036614222603,0.11905192557463941,0.17296997102427342,0.11163919325049008,0.14478206043155592,0.19062705845093825,0.32743173676424114,0.05622277389126391,0.24702231644526257,0.11856120539927839,-0.39066402337819156,0.07183934394881783,0.1371438520455943,0.1343540914505031,0.08181711716421385,1.795989229923983,-0.19472023389003643,0.2061630302166354,0.21240448335129983,0.11083539004958168,0.6587166333950365,-0.1566038349469354,0.7232492581579818,0.15662434212228402,0.9239105502394133,0.07746934510106478,0.13568919760251444,0.10135031298975024,0.4079121833799564,0.30204765117544213,0.3338308562086584,0.2795840366384067,0.7280013491661221,-0.26869025664457463,0.22275625798425233,0.17222526246362213,0.7604345032165953,0.5101745640468738,0.09785749791120303,1.0451859979248246,-1.6946406146983712,0.05064974468532945,0.09321107255917356,0.06658141230140784,-0.055066223399668504,-0.0491880173259537,-0.011136181126898563
0.2155112368321048,0.32952415837947796,0.2917388431877466,0.25770419989036997,0.28066312099010615,0.3127825196523727,0.1886055707771825,0.32003232716039937,0.23430713874436762,0.38853810684852985,0.3250005580533481,0.25567946482725795,0.3098021438793153,0.27713621514594605,0.248162063665492,0.3032415766415186,0.3215597678331698,0.3563888439876923,0.2733534689906338,0.3599963022105539,0.19173422344376023,0.27865164111560387,0.4657633593106849,0.2148249058496338,0.5855615315712307,0.5520023904860099,0.2444642321068227,-0.19472023389003643,2.361581772491379,0.04464464219512598,0.06606618995708047,0.38124044549954766,-0.4005808717711737,0.7889375785140433,0.26723428890746465,0.4083525728787989,0.08600758133532238,0.14263675087749228,-0.08029586969903552,0.0538868598908118,0.05923271327431001,0.16680676717227105,0.10530274390312928,-0.011596591267775219,0.09415146775275561,0.11305961114364955,0.34942529684349766,-0.08944518242073957,1.0662978727243961,-0.02750095752296187,-0.06023837321561583,-0.005497814833059566,0.07043663642313734,0.008930044585995311,-0.03394026957314283,-0.020294100386367267,-0.1945498033895539,-0.07409049832897063,0.3000723703765961
0.01756249944013076,-0.130117727591763,-0.4738198783710488,0.048430756724667824,0.002962372475446545,0.04796922910037316,0.06151697714655856,0.15122270297742843,0.12497646852951667,0.05709446811577952,0.07806326362162301,0.0008964898496909341,0.06800996314550466,0.05562426434483199,0.09831238314751571,0.04852184519323271,0.051547387168699964,-0.0381289366157382,0.08617872744803523,0.08949913481618348,0.24020042941479608,0.08669369675398102,0.1571207792996441,0.09945647512577474,0.21894767977997612,-0.212403552148479,0.0264846218873143,0.2061630302166354,0.04464464219512598,2.265077320176594,0.1031242921294095,0.09478087131060244,0.5397142397154853,-0.1532769258635835,0.46757738504139446,0.09789385545399103,1.0118721142381673,0.11591172340850958,0.5720185680326794,0.08576358354602157,0.5392992666530035,0.2921465735712697,0.6252804672899495,0.42883416961159027,0.6332333306216792,0.38453390633956525,0.7402798828633168,0.1338558839454295,0.21117289443717502,-0.29814739469960727,-0.012289839118228427,-0.17879073948541932,0.5765786773602658,-0.13976387505613164,0.04659453930899068,-0.1393099695204276,0.00949378251153257,0.21814223324964432,-0.1891790702839761
0.216162978157139,0.2988250633198594,0.2501645429301258,0.21463429588197722,0.21819542520771582,0.28388587615451677,0.241055408245681,0.24224015360159196,0.22718869995117918,0.2330206717466415,0.2634514848586377,0.2734602498238737,0.16594688636813923,0.22319886458866237,0.2241032809339078,0.24130669037111538,0.37320514821289097,0.16719120946349167,0.2729577931578903,0.4269780961808065,0.2600085223513924,0.23413573975081262,0.2715774348786439,0.22741478820342956,0.6715196809341784,0.1349050082398752,0.3287747098519177,0.21240448335129983,0.06606618995708047,0.1031242921294095,1.115412129721816,0.2006115656274012,0.3117620097791236,0.1743716788132038,0.11139401323993606,0.6784988852371876,0.3123438919255603,0.3210117513775299,0.5065552752588461,0.19309076881644166,0.6020066051455953,0.274197829736688,0.26334944381859476,0.08866052757527573,0.23609915727035394,0.25473595620123957,0.06746792620698658,-0.03336381360453065,-0.06612403514458011,-0.017422237433695552,0.013118778841247012,0.013579059656835136,0.0438734914830516,-0.08492246904504963,-0.02294621622959826,0.014932806860789663,-0.1504981872027045,0.004952589048207544,0.06138782577120215
0.1260202263899848,0.17785238611771734,0.15386666523169396,0.19240051383962714,0.2164071870901256,0.2426313316811297,0.16533064098019326,0.2032397503034056,0.21817013625753098,0.2188353350995939,0.22080072848153526,0.2651059517712466,0.19982324482729813,0.1581720836262573,0.14340754274929518,0.2070961307932324,0.20056587121250566,0.1822354977045459,0.2401008688033506,0.22352486225553275,0.17386585075394262,0.2529452085935255,0.11624419754434756,0.12810228831452017,0.10572168540452805,0.4235882160240376,0.26516717365113884,0.11083539004958168,0.38124044549954766,0.09478087131060244,0.2006115656274012,0.7280307598202241,0.18226250934066984,0.27426874344949154,0.031365729369775594,0.24434068750216587,0.04517959760821147,0.16263555365356683,0.05895320196461448,0.03611368241729971,0.041954267794956514,0.15580499216000515,0.13512934847378444,0.027820332560268772,0.11347062592615241,0.08775052564121312,0.17000907647629956,-0.04397246721144504,0.4260784299979478,0.10588008241981783,-0.07803604632943885,0.15760916437709255,-0.12807023007453333,-0.005499350629066114,-0.09002407505591747,0.010079011000631865,0.3347151190123847,0.028445471517248102,-0.34093869450121106
0.11433621047672088,0.21470299596668294,0.1731813873946443,0.146902368617935,0.11368273360225864,0.12592622656224584,0.21741028423375433,0.18706048303409153,0.26428440266238157,0.08809811079030157,0.12251660463165813,0.11601150356419267,0.08745395557322379,0.07255587848744373,0.13243350860474037,0.09927519493912548,0.1928186946736778,0.046745274542382614,0.21735635476840293,0.1479733871412976,0.2567611183373839,0.21277780632555707,-0.028206128066154412,0.07746008307849962,0.22550108849842365,0.022076147780445195,0.17183808720181495,0.6587166333950365,-0.4005808717711737,0.5397142397154853,0.3117620097791236,0.18226250934066984,2.0905862178713996,-0.10134927791603303,-0.22349072366871173,0.23994328565730413,1.2483908612909902,0.129604585566755,0.3265651992509548,-0.15178222671741518,0.6368937925753129,0.3500358963119592,0.4074240663040366,0.26799902502875617,-0.004425959003137165,0.40658813623188556,0.26888492415514376,0.17608757908893644,0.15778661522635098,-0.11571283429724068,0.02067264970001242,0.17626830512615954,0.19644803612500497,-0.2902423368856239,0.03935544556759995,-0.05041610023759797,-0.1026625924305634,0.061388106065649074,0.05977916200958589
0.10908380567349527,0.3487501119169213,0.3116716580003598,0.3491229096351422,0.37465300287219006,0.3553261907791551,0.31905496051889787,0.3641411294748275,0.2541038597693208,0.42963481740163423,0.3382062141303909,0.31191318389096667,0.27124700644996347,0.2607999523282951,0.29985283852079697,0.3146189304716587,0.3248610396991708,0.36879963019623985,0.29024332389772933,0.19895253061094834,0.25105090594695084,0.31665540669716147,0.32113995355500774,0.37668658681260186,0.41881658304732616,0.41855378274136334,0.29011221302368606,-0.1566038349469354,0.7889375785140433,-0.1532769258635835,0.1743716788132038,0.27426874344949154,-0.10134927791603303,2.421566833412211,0.3163215312455708,0.13331446812222947,0.41196852834774084,0.04546081806311244,0.15518984561232754,-0.04944616360738951,-0.4574267438563519,0.32785293828864354,0.9672380075860884,0.2602153839781388,-0.40220901129646974,0.1416420677111399,0.4126144954423947,-0.08768460676078844,0.09871554488918984,-0.052577709079225966,-0.30499457091561766,-0.11195892645990596,0.4235347708928768,-0.092295522594914,0.08125442517688614,0.0262923678098856,-0.4091097613503474,-0.04942763931440346,0.5686165986016604
