1.1857717733510316,0.3973935017798258,0.4016424710585564,0.1812820452829935,0.3009332413986934,0.15710398432143727,0.3542411365853351,0.20321145749841382,0.14113239838971495,0.1837110305985697,0.18138110259955625,0.21508244117779662,0.14242726814631632,0.2702318550098866,0.20326930020897524,0.23616971489519728,0.22678114466890922,0.22451168019864853,0.18652673370563416,0.30948244058399144,0.18508863420934923,0.2099594770397355,0.2664788304747619,0.12859891118466063,0.42854844640164974,0.23536954432008816,0.16834148389660045,0.03503467155486285,0.21983724154147782,0.02176833918754631,0.21963183652668228,0.12657124551661858,0.10261210702628495,0.09816660690338652,0.06472794317351477,0.2742742351357826,0.14570973075697205,0.1736225438390105,0.09108699191379518,0.04864576096650921,0.21922398595136,0.16162865764423825,0.2266711039173676,0.019808543470488615,0.19340998647890548,0.2539574343388117,0.08419676188663049,-0.05703884605510767,-0.2351359224203606,-0.11185668039810814,0.06495470877174757,-0.12060233119525163,0.10563532567244842,0.003847803379595254,0.012822114467072668,0.008475546344972974,-0.20360090435076475,0.15638951783914265,-0.07705017572253078
0.3973935017798258,1.7525629309533886,1.1386172607775455,0.1941459435031948,0.2208687656849636,0.17473185969115407,0.4049670514752446,0.211182540529839,0.24916331823688015,0.23446626223585917,0.23019037360738104,0.23240206000716504,0.1789210240303115,0.154466729740576,0.29726872501070734,0.19140782461086314,0.3138140014360079,0.4238720530367139,0.2860580745923492,0.5491587634280439,0.21581365774434352,0.23248304260873878,-0.03175451567603853,0.17285434037932113,0.5017138119756955,0.3868819236270652,0.297253068045913,0.19877733014663446,0.3052000288038786,-0.19083038936268712,0.26678514358831884,0.19548519517962132,0.15046190702765008,0.3088724078355987,0.07361615991618058,0.29123023373824686,0.2924175018790272,0.31096061552453297,-0.057594388528057094,-2.3295388260669146e-5,0.22133753642878184,0.20937352214391197,0.25931369252916736,0.025979240618285014,0.26257726242572493,0.42843509415056436,0.11938900312278719,-0.07094117675141187,-0.4779918333968788,-0.11505433919976274,0.22459548739824664,0.018743244866608003,-0.11540332080622594,-0.04147191999022003,-0.18208066509139836,0.019829904829315563,-0.16702894555465975,0.22412299333752328,0.015246920134292562
0.4016424710585564,1.1386172607775455,2.5072357557768954,0.09153284466349276,0.055499275559398306,0.2205569874490976,0.1844510594538967,0.19683417071487713,0.2475590647858945,0.18521132479856098,0.11991500440199805,0.19541804243108513,0.13000466515745498,0.15742405833867298,0.2128207381376878,0.18668972474263076,0.31719644899019905,0.2852813495814037,0.23200903627381303,0.32060852593977296,0.1671140311736513,0.2471465850807604,0.05116144700369483,0.15376008876877995,0.6485661012812343,0.36380960632638737,0.19129318252952443,0.12521000402074758,0.30683753442614026,-0.5021581590008622,0.23618480091770855,0.14214958889537602,0.1343383337168206,0.30087411049086354,-0.006470051537416157,0.390790133588745,0.3161867322542214,0.2511210939428934,-0.3169065772108848,-0.3320538902180957,0.09716340095846808,0.15682712636816004,0.20235586378322137,0.13099840773752802,0.3055696688296912,0.8030137587604792,-0.04625691274409079,-0.18191913004220753,-1.4503407656054312,-0.3179494138834552,0.40834587240215703,-0.01713567413419998,0.015962169852488464,-0.09360287082547795,0.06822706486698098,0.07598066287454207,-0.17301942990554442,0.00510061963294465,-0.08727887040979092
0.1812820452829935,0.1941459435031948,0.09153284466349276,0.7820511939709888,0.524715714457461,0.3938344845009507,0.31583887179327463,0.3421123535994958,0.21663746749914206,0.3086916594106314,0.29149505574856915,0.3429369346817183,0.20586444934180867,0.330740971487733,0.2543087264777502,0.320059461037472,0.29053458680035804,0.24851264507450088,0.3350315518533549,0.2592396606373436,0.2422993201189862,0.27725942254186137,0.21580405590616297,0.2801594783125612,0.09066281517255201,0.24048940666739987,0.22344264497583236,0.035513863139970535,0.24745614374891797,0.023048304688433146,0.22084987513769275,0.20120879293968777,0.1394422552645173,0.35950975032422855,0.014181921013139264,0.2458859502257389,0.15840179677764124,0.15454011966475711,0.2774078765557691,0.11364658423314669,0.19891411204246665,0.2154989753691031,0.33808579120720034,0.027302668038295005,-0.018978693329360793,0.0822860383071529,0.13143788432168438,-0.025568980745543354,0.2706089514161978,0.25149244493612893,-0.2807058085312749,-0.03758854586284806,0.0234376230477297,0.005507380833927706,-0.02613854928417454,0.04431665783614171,-0.2744397921827329,0.08005286665987693,0.17949805391759815
0.3009332413986934,0.2208687656849636,0.055499275559398306,0.524715714457461,0.9477848271811492,0.3526418754434496,0.35836553780402913,0.4284753275598223,0.20546617098364187,0.30254065288225385,0.3138516530847667,0.3626670624511082,0.2420664574832675,0.31607338244515715,0.2717493258784259,0.33042368837591923,0.2788270545710607,0.2695458336862063,0.4368903189545215,0.27713230987547294,0.2610926200815967,0.28213741537429504,0.22851008717954746,0.23683335087445578,0.10759726034439339,0.2779614150915362,0.23624187410999203,-0.017382038112338585,0.28079520814639825,0.036130506874363616,0.24540135328257107,0.22803940464163105,0.16703261216285403,0.397130603945126,0.015668439774846936,0.26879475755844856,0.15481826020965178,0.16443124938800763,0.28105451153389355,0.12898092409379008,0.20913858854544848,0.22948365589212877,0.3283601311559343,0.03396437481433456,-0.029261432364982253,0.12595835604711184,0.151191256201324,-0.025746035597254725,0.26208473203553684,0.24426479857589112,-0.2510042707366771,-0.23807692996736676,0.21402371113877497,0.010799366192451991,-0.09221062452481076,-0.0552599382621521,-0.272153901021799,0.1786393491732252,0.2005791612733425
0.15710398432143727,0.17473185969115407,0.2205569874490976,0.3938344845009507,0.3526418754434496,1.0214070284985202,0.042551801557067837,0.538015038694153,0.33790994385584877,0.3806657942128901,0.438055308484348,0.4194852289687637,0.24117219041029914,0.3941622084282534,0.3811989713718455,0.38679266785070826,0.4277941346667728,0.287507037828396,0.5041554981338153,0.3878101016157093,0.36384119783126667,0.38258778038224694,0.1341260650783809,0.3985738597768428,0.1523825698299244,0.28069945778885824,0.30832306495940637,0.15493145673097478,0.3115997204575005,0.07861260639231828,0.3070442667122273,0.24634426210946186,0.18504521068905183,0.38431826485632814,0.10741007950189765,0.31429373560713936,0.2473827035520979,0.24796317208119031,0.4058958735310678,0.17229397256723142,0.2952961085170965,0.31525757750475214,0.3956794197144832,0.04049128107403119,0.07525267941520417,0.11861707938903487,0.17883904910348347,-0.021867419054102846,0.33415938924895894,0.537470829813171,-0.6148974430923256,0.06652417592165116,-0.11582953954506038,0.00906987722458766,-0.03518607808229812,-0.027087210524849133,-0.38354764105723455,0.11256415473641872,0.2647915089808988
0.3542411365853351,0.4049670514752446,0.1844510594538967,0.31583887179327463,0.35836553780402913,0.042551801557067837,0.9488783155994189,0.08319421919100957,0.1526573561668931,0.07883033325375811,0.19592970039410273,0.27461710298397324,0.18376377365380575,0.15948652925998616,0.16051422423037257,0.21674755932218548,0.2639727238105636,0.22103012213588738,0.1738436588434352,0.36254417974122105,0.2725480147448793,0.21600838867293257,0.31227452523284926,0.18764892842592898,0.20730840907668419,0.16107844154276232,0.20326639060728363,-0.03382379709060945,0.1880783819543203,0.028037931560477198,0.23032227677442302,0.1688671820492604,0.14867389849101947,0.28729896421072243,-0.0628197028548604,0.2644986328361275,0.17002191382419768,0.19534489738041874,0.24057699103036542,0.10130284604983504,0.2406975616433657,0.23179202729222498,0.25376393872218916,0.021361360412127155,0.06602131124243336,0.17064551603766728,0.10368972089012608,-0.027315328853681566,0.0018644037873411512,-0.009008681772962187,-0.04510061370545547,-0.08450526233032914,0.15505163448903297,-0.03618808955486048,-0.11158016100629042,0.014010236746485043,-0.1617378501145911,0.13984891271301267,0.07633291894674069
0.20321145749841382,0.211182540529839,0.19683417071487713,0.3421123535994958,0.4284753275598223,0.538015038694153,0.08319421919100957,0.9478091168074986,0.18285297769125097,0.38033800404555457,0.37850670345386755,0.29621325764636797,0.2553194932063634,0.33181621346843565,0.23913903367685563,0.3218773861008341,0.3193216905988644,0.30828903107608957,0.41010465899083204,0.29524238053437124,0.26207133557318846,0.2672077592733333,0.14771909599151958,0.24684473555603176,0.21942783949736858,0.3432846620246776,0.264929900787319,0.12776345117327978,0.33632457865893883,0.13496401766849317,0.2459961800637921,0.21575872038621902,0.16516808200348315,0.36539396441496946,0.19186255635755678,0.24450526490422916,0.24985556779110224,0.18071794635488403,0.31814124303626506,0.14763699084428794,0.2264001439953856,0.24160571594411254,0.33887445519498216,0.07783252527848387,0.0767583417177413,0.15909180995850572,0.21345444928433366,-0.0006712421561788723,0.28232309470009637,0.17185306146022117,-0.24816359192635867,0.05027300936366475,0.05698998209978232,-0.05999818868229857,-0.04481246705811884,-0.09870191218052449,-0.2539547118584821,0.15074099139769465,0.21847015834101235
0.14113239838971495,0.24916331823688015,0.2475590647858945,0.21663746749914206,0.20546617098364187,0.33790994385584877,0.1526573561668931,0.18285297769125097,0.8190259175504917,0.26563040347152295,0.22236318324925267,0.21828241113009023,0.16878036128703225,0.2650677049605015,0.24652289997140425,0.2410731212051523,0.30874190654746575,0.23457322934089217,0.3551118790442458,0.2710883876966327,0.26101749253421136,0.4989049075370479,0.255700136669441,0.29136020419033104,0.2332308411393256,0.3964862677241508,0.21102575356944656,0.15603425618728878,0.24469012429319062,0.11280888088579784,0.2267960202753191,0.22584429069693565,0.2620340163913529,0.2517256688654661,0.09513756331094785,0.29409370970668264,0.31555278660508457,0.16367143536316803,0.17657998587495077,0.07232532939530235,0.22769915454151612,0.2534369998647635,0.39945351056637013,0.06781271929044475,0.16355018530878637,0.21907599120899868,0.16406889009637868,-0.0593049639895177,0.16901066226618702,-0.30908264066206326,0.13126083992837814,0.22115533266005655,0.03351583281432506,-0.12239350366538453,-0.013059321222643668,0.10294885910012798,-0.2783519079639035,0.0990660476420849,-0.0006277476554031686
0.1837110305985697,0.23446626223585917,0.18521132479856098,0.3086916594106314,0.30254065288225385,0.3806657942128901,0.07883033325375811,0.38033800404555457,0.26563040347152295,0.8335153624110319,0.3770361330101849,0.3699861303792375,0.22679759682453285,0.32699707678327744,0.3149540627699525,0.3318224123131253,0.34409722135813986,0.3613545975587906,0.3678380863869591,0.19167289852317726,0.17826438532857977,0.30843837543256397,0.2764773586996354,0.37300843615687385,0.2113439777683069,0.3020623610758443,0.2722230073594008,0.13020680752100458,0.38913681783060733,0.06193178425923067,0.23423367286080543,0.22366072957178787,0.10151720602125261,0.4606324534465234,0.20697139543972506,0.2648616413225658,0.21042301271383934,0.11683096454362449,0.27374633629871914,0.12319581406675659,0.2024782347589578,0.19228141309566021,0.3786208264867059,0.0834270446897548,-0.0010920169493654922,0.13681012609307594,0.22399779826897848,-0.029213595438905657,0.3627865630700375,0.08726646835279453,-0.07626409431709968,0.07951371876002672,-0.07669548369466248,-0.0023978983261803183,0.05240625489595088,0.14540497029065383,-0.2583266390002652,-0.017588121166447604,0.10098473123012776
0.18138110259955625,0.23019037360738104,0.11991500440199805,0.29149505574856915,0.3138516530847667,0.438055308484348,0.19592970039410273,0.37850670345386755,0.22236318324925267,0.3770361330101849,0.5858119700205805,0.3971011613813999,0.2512605255581943,0.29240616683328613,0.31975857098115174,0.3293153284669458,0.3755395816146839,0.2530941461836998,0.3302453675023076,0.39694652310232076,0.24248227805217942,0.28253385947100107,0.2106218680704189,0.29233111777386966,0.17220449570429489,0.26756544430825424,0.3120567357071646,0.10728257538374003,0.3281354309830105,0.07698836835488372,0.27136359221522866,0.22994006186634158,0.13756580490620068,0.3495810527605257,0.1611060366890208,0.24554740894869412,0.18326092765139004,0.2222376916798268,0.336960995781813,0.18607226582321829,0.22513840240158736,0.2240860034250372,0.3335946789659433,0.03838721818925568,0.06031492037178311,0.14755373098346797,0.172913570980653,-0.01405830255827448,0.2559543149698877,0.07031525617640437,-0.20013009351997538,0.07677157169633488,0.025216429446592054,-0.012218939307315976,-0.05979581928523948,0.01464275858649346,-0.26453478574825934,0.13236164894480892,0.1199162410989651
0.21508244117779662,0.23240206000716504,0.19541804243108513,0.3429369346817183,0.3626670624511082,0.4194852289687637,0.27461710298397324,0.29621325764636797,0.21828241113009023,0.3699861303792375,0.3971011613813999,0.6882820993188192,0.25309113912361797,0.322673725149729,0.26459019924837207,0.37490159100381093,0.35446852821362673,0.1626449299595619,0.32455847577966507,0.36221573600990997,0.21798052259584047,0.30098744200552363,0.2261248602761645,0.2623726542223064,0.11264464025937328,0.2737550877736916,0.3370427472792026,0.05406702686002849,0.2615125038433527,0.015166873169359987,0.28921653462234376,0.2744418636059474,0.1423260943719855,0.3441828533783228,0.09062157480756818,0.31151456971386876,0.0823849868454599,0.21828731404169902,0.3391137191497536,0.17168304422650943,0.17343672266943755,0.2027501879779545,0.3427820275733604,0.015086996780087741,0.03457313194995845,0.14855875912668084,0.1008348703972291,-0.051457233218668276,0.11417046070706,0.039241288429573064,-0.24883805072372744,-0.0008364566228396369,0.0927271720308154,0.007470947080893009,-0.03677631737250389,0.06745539648853681,-0.28662285426124384,0.087799637745565,0.09415777007021459
0.14242726814631632,0.1789210240303115,0.13000466515745498,0.20586444934180867,0.2420664574832675,0.24117219041029914,0.18376377365380575,0.2553194932063634,0.16878036128703225,0.22679759682453285,0.2512605255581943,0.25309113912361797,0.4059922545168782,0.171453684183718,0.12681319141402986,0.21929252756305354,0.2101986055935578,0.17848696852661788,0.2198506550435377,0.21637412486850227,0.15762988710437736,0.20507065076094866,0.18215403164859215,0.2363925698424935,0.19452241382534943,0.24563251504230424,0.2284207713809695,0.054025348359249284,0.3092533627593361,0.06475730130251581,0.1699499706590406,0.21467680753284143,0.09554773599656748,0.27771353528914333,0.14001397411564834,0.18637827994534809,0.13325301732275455,0.1243937486521857,0.14422827178584774,0.08003419397062235,0.1443045022750989,0.15089076797743747,0.20736866849817334,0.054388760626654736,0.007624332690108231,0.11012370767540486,0.13364933986039032,-0.011975902081106856,0.2494165478256484,-0.00846270931166557,-0.07728513275281078,0.01213982484968241,0.08502159389344918,-0.04448199811626592,-0.01635540669588518,0.0007928364218347885,-0.1431316689779035,0.009888106023977404,0.11366445082515207
0.2702318550098866,0.154466729740576,0.15742405833867298,0.330740971487733,0.31607338244515715,0.3941622084282534,0.15948652925998616,0.33181621346843565,0.2650677049605015,0.32699707678327744,0.29240616683328613,0.322673725149729,0.171453684183718,0.9164361129973987,0.26441293318719017,0.572279914192463,0.42788102593627375,0.14948811192732897,0.24387940292737365,0.32863572710285033,0.21601701643892957,0.4019436377098002,0.2947088618587026,0.3127051868922042,0.13964771510634078,0.3596436915861921,0.20979032880166235,0.08460344174104739,0.27187745347282594,0.07058631079486931,0.23397090869369017,0.15577349110398533,0.07765593914764864,0.26737427905847694,0.19617425181403586,0.3060160659864237,0.13954194552704832,0.18969953082004923,0.16621808823901746,0.15056288903744744,0.2512943732780531,0.21139425475978335,0.5199633168286101,0.03495512144357031,0.1091033188499998,0.04792616464424199,0.09587134354805175,-0.060096497724875915,0.2851664513692306,0.0705959308877256,-0.20997333631999657,-0.13235635742542456,0.012705950437754389,0.10544608818608511,-0.07385160236979525,0.05727534623026996,-0.5386189660954309,0.26990088924933814,0.21136475364981722
0.20326930020897524,0.29726872501070734,0.2128207381376878,0.2543087264777502,0.2717493258784259,0.3811989713718455,0.16051422423037257,0.23913903367685563,0.24652289997140425,0.3149540627699525,0.31975857098115174,0.26459019924837207,0.12681319141402986,0.26441293318719017,0.6827149454235447,0.25805189401045675,0.30218366811066405,0.304125614041016,0.2951851530850548,0.351969677702051,0.23205092480678025,0.250815501284899,0.2970974564419574,0.2853899596189593,0.03726427358618487,0.22879107490120348,0.22903916112685005,0.13689660022741806,0.2376474732859906,0.10446215749298596,0.22601503478998197,0.13435897237792757,0.14312237111299378,0.31668208354812255,0.10881864028029795,0.2418542130584527,0.23956882825519968,0.2019629782454614,0.2084282549630777,0.09102946804335783,0.2407103371269374,0.22072141440894447,0.3675676236567026,0.06481755953285802,0.05937654487917066,0.1577939469917676,0.17716766363390696,-0.01007380382571971,0.1738562768156057,0.43821178224098534,-0.2813216873188027,0.07501729800666693,-0.18901147823203027,-0.007296347134772418,-0.04318445321123045,0.06184228506986469,-0.3566817727228043,0.12215287455039378,0.14995533717188897
0.23616971489519728,0.19140782461086314,0.18668972474263076,0.320059461037472,0.33042368837591923,0.38679266785070826,0.21674755932218548,0.3218773861008341,0.2410731212051523,0.3318224123131253,0.3293153284669458,0.37490159100381093,0.21929252756305354,0.572279914192463,0.25805189401045675,0.6121114862746128,0.4547586496820953,0.15999943271680434,0.2781076342239128,0.3396992788251572,0.2096788847211304,0.41397601489026153,0.2637924750484837,0.30072804878116643,0.1741607307559302,0.30463166604911845,0.281547804351265,0.07799796916982762,0.30022315188790594,0.06539312684228735,0.2522567823856583,0.2134381095649148,0.11496256649019192,0.32009387484676766,0.1923778221022698,0.2948363433984417,0.16522959654002126,0.2015783547141881,0.24113201285703365,0.16251117958628336,0.20553138341183796,0.2071034999865068,0.47221964858126,0.03508174165327564,0.07325416522292115,0.11641720091812437,0.11948898789940926,-0.06349584952196703,0.23917746026690476,-0.018570486402589244,-0.20799623868619807,-0.05977141261239923,0.09497943801918589,0.03858626017315479,-0.026636662568235266,0.031109041843077785,-0.4376520015338236,0.17442590237257666,0.197574077047555
0.22678114466890922,0.3138140014360079,0.31719644899019905,0.29053458680035804,0.2788270545710607,0.4277941346667728,0.2639727238105636,0.3193216905988644,0.30874190654746575,0.34409722135813986,0.3755395816146839,0.35446852821362673,0.2101986055935578,0.42788102593627375,0.30218366811066405,0.4547586496820953,0.9632141831930456,0.18919510952637347,0.35608179479887025,0.5677685806974747,0.2753142328330514,0.4119641044751189,0.2913832277035134,0.29729611901901376,0.5855153404049346,0.19762356037342912,0.3404668441171,0.15714188930509976,0.31116920627183586,0.045625595771515357,0.37951788800380104,0.19404447851851062,0.20718637282819855,0.355309328686627,0.14525279242418002,0.35901299099618617,0.3396294052607646,0.30493435212745335,0.44749137182233467,0.20766385738389884,0.29770763422735913,0.26372968706824185,0.4962575830322078,0.04351915503298761,0.176071013213958,0.29928132180143185,0.1316301362203423,-0.06721607654303145,-0.12554540510323095,0.1784477594851182,-0.10534458310801749,0.11807929481823631,-0.04729446281801488,-0.07347811818241096,-0.002044513377167159,0.011336986765580169,-0.3913035305725013,0.13586152131335197,0.18145275400506372
0.22451168019864853,0.4238720530367139,0.2852813495814037,0.24851264507450088,0.2695458336862063,0.287507037828396,0.22103012213588738,0.30828903107608957,0.23457322934089217,0.3613545975587906,0.2530941461836998,0.1626449299595619,0.17848696852661788,0.14948811192732897,0.304125614041016,0.15999943271680434,0.18919510952637347,0.8735553480576818,0.3681549018790049,0.08777589158841315,0.27981671771464434,0.2055641889439472,0.23930504336558087,0.3787919610571687,0.3150203128556296,0.3827389085294977,0.13487274115477826,0.19671664273828018,0.363393030390394,-0.04535785478609508,0.1614604367089517,0.1671577544003631,0.0527543492370703,0.4146317469215175,0.17491348322892167,0.20301972400393278,0.2700863015631963,0.056574702020584455,0.029401522205379328,0.037462242515704625,0.1931806006393128,0.2522347919102048,0.2528269384655641,0.07701819696752213,0.15290913920930213,0.09212940602376357,0.33397148531874726,0.018195083725158365,0.439760452833648,0.2873297678405346,0.1604856448692893,0.1380262523278651,-0.3677041754570142,-0.08176606528026145,-0.005128764327684942,0.0478015759861664,-0.1854872920937266,-0.0018480487362741234,0.1324018514598009
0.18652673370563416,0.2860580745923492,0.23200903627381303,0.3350315518533549,0.4368903189545215,0.5041554981338153,0.1738436588434352,0.41010465899083204,0.3551118790442458,0.3678380863869591,0.3302453675023076,0.32455847577966507,0.2198506550435377,0.24387940292737365,0.2951851530850548,0.2781076342239128,0.35608179479887025,0.3681549018790049,1.0625948332044612,0.30791625639806436,0.32548619416712565,0.34337948778432403,0.05242330218579402,0.29323545817448576,0.43485843525400736,0.2640515320574335,0.21666667422294186,0.38671930370205004,0.2791555041229655,0.06374601325948098,0.26809690456277363,0.22707595232881936,0.23118956003649846,0.32118959825892934,0.0904404043306789,0.2710446848102295,0.3247065294091107,0.16795573845108985,0.2661509912550423,0.13317414348183299,0.29453688257647354,0.28504179829159604,0.3884265387702122,0.05058553491459878,0.2177879721208534,0.2577552492635508,0.20703871748683578,-0.01324161061149641,0.019344462500350473,-0.17637760602594862,0.4175510855935701,0.6532624097259095,-0.6167773477318731,-0.1508210715949164,-0.07671499386175945,0.012420872443961868,-0.24085957357063104,0.18725876843808711,0.0651361921858128
0.30948244058399144,0.5491587634280439,0.32060852593977296,0.2592396606373436,0.27713230987547294,0.3878101016157093,0.36254417974122105,0.29524238053437124,0.2710883876966327,0.19167289852317726,0.39694652310232076,0.36221573600990997,0.21637412486850227,0.32863572710285033,0.351969677702051,0.3396992788251572,0.5677685806974747,0.08777589158841315,0.30791625639806436,1.5527441963036062,-0.02268150633555244,0.31006370622615337,0.4651579670415635,0.18535418709200735,0.2385917831560866,0.48899929074150905,0.4449130210146554,0.04341039616597281,0.3504089857408157,0.07778551471803664,0.42701591131941385,0.21404067896780668,0.12482578382539833,0.20252621233040044,0.03168240615233195,0.4067229473012963,0.2265593050643053,0.7369225561558711,0.1967431920041095,0.2381882322740943,0.4245815382725679,0.06354723246980627,0.515270133067806,-0.10316477347113452,0.1979670829319491,0.3610747427980425,0.10041826571021926,-0.05532487021666721,-0.06712630567465705,-0.10294428679176074,-0.1860806684726275,0.06109644032505918,0.09561429167201783,-0.030706717029269113,-0.1544788481611945,-0.035128733064848754,-0.3343781223784303,0.3829804612981689,0.006738523687379792
0.18508863420934923,0.21581365774434352,0.1671140311736513,0.2422993201189862,0.2610926200815967,0.36384119783126667,0.2725480147448793,0.26207133557318846,0.26101749253421136,0.17826438532857977,0.24248227805217942,0.21798052259584047,0.15762988710437736,0.21601701643892957,0.23205092480678025,0.2096788847211304,0.2753142328330514,0.27981671771464434,0.32548619416712565,-0.02268150633555244,0.84975215116324,0.22028060710272945,0.14505527951299294,0.08196324466126327,0.25167043757233676,0.005231650396937969,0.14007845420565723,0.21811383700881704,0.19477756159346987,0.24266444359513192,0.2669206389220383,0.1784888432145189,0.2580973118344847,0.25845075367782855,0.25438356653632743,0.2883394864682705,0.4586994302397671,0.05696375859941895,0.45689465291755504,0.1933081980699618,0.39483109514719666,0.6458271682124604,0.21820849454119087,0.11872136417375842,0.5256662298971595,0.14630827722830084,0.21706499184359473,0.035509760714063116,-0.12190963341690526,0.04101689935606932,-0.03031083441803819,0.05273865343045556,0.014453763435434473,-0.026953653901761257,-0.06620226457916838,0.003080326959792143,-0.1659668742766147,0.07539945569254401,0.04274866375424055
0.2099594770397355,0.23248304260873878,0.2471465850807604,0.27725942254186137,0.28213741537429504,0.38258778038224694,0.21600838867293257,0.2672077592733333,0.4989049075370479,0.30843837543256397,0.28253385947100107,0.30098744200552363,0.20507065076094866,0.4019436377098002,0.250815501284899,0.41397601489026153,0.4119641044751189,0.2055641889439472,0.34337948778432403,0.31006370622615337,0.22028060710272945,0.6790240024711363,0.26632975031816075,0.2883106972696246,0.2149164812069169,0.36578421828890445,0.26016897988603127,0.1204808012565721,0.2795396886097667,0.08879056617088325,0.24056417334797717,0.25931228475441886,0.2205347763200455,0.3139345265266566,0.13303181227179173,0.32251510520497867,0.24572550409160052,0.18888996912165357,0.197087698388499,0.09630729032033497,0.19863634650320408,0.22725183116661374,0.5098165202864117,0.06926836528831037,0.052348434181395245,0.20772035377101214,0.15442056361115314,-0.10869189799050916,0.30738162074149417,-0.16690062373041797,-0.04245377383569303,0.038768015228227155,0.07253538409185485,-0.05113838698177195,-0.008651049860101947,0.058231109629006586,-0.36075123008082316,0.16222240516972453,0.08518550320169875
0.2664788304747619,-0.03175451567603853,0.05116144700369483,0.21580405590616297,0.22851008717954746,0.1341260650783809,0.31227452523284926,0.14771909599151958,0.255700136669441,0.2764773586996354,0.2106218680704189,0.2261248602761645,0.18215403164859215,0.2947088618587026,0.2970974564419574,0.2637924750484837,0.2913832277035134,0.23930504336558087,0.05242330218579402,0.4651579670415635,0.14505527951299294,0.26632975031816075,1.7421525940884546,0.2764111732130456,0.004126880064281204,0.19571615510243984,0.1552604594970525,-0.3855125068159958,0.4679247948251282,0.15444837216994695,0.2696000970482551,0.1195891690673517,-0.05863567750387094,0.3320251178809423,-0.06335592692779461,0.5062545349290525,-0.04297577135755278,0.2187373947545505,0.21047416426892196,0.004638756560566121,0.3216478843810417,0.1295518972568661,0.3443755516871536,0.17691402059934028,-0.24468290495707293,0.19947915158645213,0.10724983179112338,-0.07421523621839529,0.3197760223760347,0.18489831711653226,-0.18775771463918736,-0.0956051765256926,0.2957292277810348,-0.025408604616381156,-0.018794856664609196,0.06591299775813968,-0.3133432037356508,0.06009672596552868,0.13866852805067345
0.12859891118466063,0.17285434037932113,0.15376008876877995,0.2801594783125612,0.23683335087445578,0.3985738597768428,0.18764892842592898,0.24684473555603176,0.29136020419033104,0.37300843615687385,0.29233111777386966,0.2623726542223064,0.2363925698424935,0.3127051868922042,0.2853899596189593,0.30072804878116643,0.29729611901901376,0.3787919610571687,0.29323545817448576,0.18535418709200735,0.08196324466126327,0.2883106972696246,0.2764111732130456,1.3120817985057802,0.5433303097665529,-0.04127774124981519,0.20701415876696405,0.07953948419778784,0.20475315181367323,0.0981992270592802,0.2355844425393974,0.11704239943902055,0.10166415077639501,0.4228314742016996,0.20222183950698827,0.23077140996650858,0.1709615699277047,0.0784755232139703,0.3380116240248404,0.09219086243582111,0.2576414291561349,0.12069076376406038,0.23871678631775833,0.09691670074333082,-0.37090278037215463,0.15245840984628892,0.17568229244958783,-0.012245972905787687,0.4591297010534217,-0.04658911236969378,-0.15340367008913156,0.071661243177217,0.15850084033770193,-0.0968826143557896,0.22041949424528276,0.11296930213612359,-0.32401616601758737,-0.5236617902247985,0.7073386996927254
0.42854844640164974,0.5017138119756955,0.6485661012812343,0.09066281517255201,0.10759726034439339,0.1523825698299244,0.20730840907668419,0.21942783949736858,0.2332308411393256,0.2113439777683069,0.17220449570429489,0.11264464025937328,0.19452241382534943,0.13964771510634078,0.03726427358618487,0.1741607307559302,0.5855153404049346,0.3150203128556296,0.43485843525400736,0.2385917831560866,0.25167043757233676,0.2149164812069169,0.004126880064281204,0.5433303097665529,5.690188906094553,0.1545632459383954,0.19350647242895733,0.22995163907915273,0.5766731433619047,0.1991385753608371,0.7028569485687096,0.09928598190184333,0.21264080983542985,0.3489579107031258,0.4736519826521248,0.5163623721861826,0.38577791364735314,-0.02064038642119263,0.12057073658652924,0.13851312564382767,0.18954286379131147,0.27490656111924605,0.5377488378936625,0.0867948104574678,0.5107783211937837,1.2080828064079052,0.05758269835011496,-0.25786115350649874,-2.9727250675189607,-2.7640432350780455,1.7601057190115326,-0.031158549940762368,0.8817217939108188,-0.33803156967261583,0.20576916001371118,-0.014486024372465735,-0.2404283953313287,-0.12236893798768006,0.1795765776474161
0.23536954432008816,0.3868819236270652,0.36380960632638737,0.24048940666739987,0.2779614150915362,0.28069945778885824,0.16107844154276232,0.3432846620246776,0.3964862677241508,0.3020623610758443,0.26756544430825424,0.2737550877736916,0.24563251504230424,0.3596436915861921,0.22879107490120348,0.30463166604911845,0.19762356037342912,0.3827389085294977,0.2640515320574335,0.48899929074150905,0.005231650396937969,0.36578421828890445,0.19571615510243984,-0.04127774124981519,0.1545632459383954,1.758858463157584,0.26194605096124735,0.1146498081647189,0.5691555385339327,-0.20952177299172228,0.12294307314731559,0.42816290553298475,0.016713160107658175,0.43251339066155114,0.21627689101277392,0.25850944357130773,0.07957007653339315,0.248450453254233,-0.8351234242809683,-0.12028801838272257,-0.03149464099421318,0.10623587709177346,0.6285092343303833,-0.06230541067863765,0.3766368734733853,-0.08978866109189308,0.1670573610391455,-0.0519949624158122,0.6766023032217819,0.06065994167611693,0.07124700774045943,0.008315293109959964,-0.23442309413775622,-0.01379853603998697,-0.15695707634458733,0.015269781557526488,-0.32941318250058327,0.5440501006208355,-0.21356282821499983
0.16834148389660045,0.297253068045913,0.19129318252952443,0.22344264497583236,0.23624187410999203,0.30832306495940637,0.20326639060728363,0.264929900787319,0.21102575356944656,0.2722230073594008,0.3120567357071646,0.3370427472792026,0.2284207713809695,0.20979032880166235,0.22903916112685005,0.281547804351265,0.3404668441171,0.13487274115477826,0.21666667422294186,0.4449130210146554,0.14007845420565723,0.26016897988603127,0.1552604594970525,0.20701415876696405,0.19350647242895733,0.26194605096124735,0.7963735570828488,0.06322080604789734,0.24542905696973805,0.02337469231854339,0.32951419112086694,0.2660519304621866,0.15014566689978542,0.29294732094606407,0.12028393069257973,0.2897702245449899,0.14685772618037088,0.2801193848333914,0.24762470457462388,0.196279571686175,0.2319251816030132,0.16294998725664706,0.2801075892649939,-0.054133882794705004,0.08550690047270852,0.20115793544837124,0.12076936496580912,-0.03825494947976646,0.19130857110849414,0.027639559632401455,-0.24033895828911392,-0.037398542215482666,0.12334824209641305,0.04696881773825907,-0.05144572595868841,-0.01266390599156171,-0.15221003570157862,0.10258928834137705,0.06973901650818662
0.03503467155486285,0.19877733014663446,0.12521000402074758,0.035513863139970535,-0.017382038112338585,0.15493145673097478,-0.03382379709060945,0.12776345117327978,0.15603425618728878,0.13020680752100458,0.10728257538374003,0.05406702686002849,0.054025348359249284,0.08460344174104739,0.13689660022741806,0.07799796916982762,0.15714188930509976,0.19671664273828018,0.38671930370205004,0.04341039616597281,0.21811383700881704,0.1204808012565721,-0.3855125068159958,0.07953948419778784,0.22995163907915273,0.1146498081647189,0.06322080604789734,1.8882411406720432,-0.21499210705863006,0.1814129153198978,0.18172830545129726,0.06645786237592,0.6902222977239367,-0.14220248250585044,0.6668808931400599,0.155707176523899,0.9093362136293859,0.09645062854327449,0.14909421930234332,0.09750635308756403,0.40415968861876106,0.28370195947382115,0.360841903332346,0.2823656730751632,0.7480975722952183,-0.27786454032560753,0.20954447623648134,0.17681174729264845,0.6912573607269077,0.31143455191838043,0.3201231484753414,1.3756998603902404,-1.9606525885726593,-0.012894021631655898,0.08491697668495075,0.03228580043434112,-0.06813566882073695,-0.05661622867456932,0.057059199108644806
0.21983724154147782,0.3052000288038786,0.30683753442614026,0.24745614374891797,0.28079520814639825,0.3115997204575005,0.1880783819543203,0.33632457865893883,0.24469012429319062,0.38913681783060733,0.3281354309830105,0.2615125038433527,0.3092533627593361,0.27187745347282594,0.2376474732859906,0.30022315188790594,0.31116920627183586,0.363393030390394,0.2791555041229655,0.3504089857408157,0.19477756159346987,0.2795396886097667,0.4679247948251282,0.20475315181367323,0.5766731433619047,0.5691555385339327,0.24542905696973805,-0.21499210705863006,2.3971948400428564,0.03901835422571752,0.055108282596358846,0.4124535427566026,-0.43133606957885817,0.8042550378817387,0.29405128780935846,0.40065353388531083,0.06756835482731369,0.14833453695515622,-0.09621639676017654,0.0646130812428278,0.018219912001682586,0.16722247671931434,0.1092106227540672,0.0005000093111284955,0.16984468674541373,0.1276655727557888,0.3565667728239709,-0.10130936437416223,0.991111005584981,-0.06858545852213686,-0.0031571093808523422,-0.021687566399546967,0.09411990712560553,0.012174874632662109,-0.09651552171279051,-0.016418027703712125,-0.15133152606108993,-0.018340459736483305,0.18367743050517885
0.02176833918754631,-0.19083038936268712,-0.5021581590008622,0.023048304688433146,0.036130506874363616,0.07861260639231828,0.028037931560477198,0.13496401766849317,0.11280888088579784,0.06193178425923067,0.07698836835488372,0.015166873169359987,0.06475730130251581,0.07058631079486931,0.10446215749298596,0.06539312684228735,0.045625595771515357,-0.04535785478609508,0.06374601325948098,0.07778551471803664,0.24266444359513192,0.08879056617088325,0.15444837216994695,0.0981992270592802,0.1991385753608371,-0.20952177299172228,0.02337469231854339,0.1814129153198978,0.03901835422571752,2.2770974787470757,0.10267791104298277,0.10341492435201063,0.5148406283710601,-0.17707937649010808,0.496955324822899,0.0877273837479886,0.9694586548000147,0.07797009679562228,0.5627083848585449,0.08254436996879232,0.5387181104330369,0.28948330572623215,0.6773456141245291,0.4158345030525479,0.5787505059887283,0.37735198504949197,0.7378629501641424,0.13310899079926145,0.26356953844494196,-0.2929699502782917,-0.10934980410497314,-0.34352720756435157,0.7433202096196064,-0.05594192796118768,0.1527163528973115,-0.11654068128722156,0.011316176969251891,0.18548788357203036,-0.1747230545890681
0.21963183652668228,0.26678514358831884,0.23618480091770855,0.22084987513769275,0.24540135328257107,0.3070442667122273,0.23032227677442302,0.2459961800637921,0.2267960202753191,0.23423367286080543,0.27136359221522866,0.28921653462234376,0.1699499706590406,0.23397090869369017,0.22601503478998197,0.2522567823856583,0.37951788800380104,0.1614604367089517,0.26809690456277363,0.42701591131941385,0.2669206389220383,0.24056417334797717,0.2696000970482551,0.2355844425393974,0.7028569485687096,0.12294307314731559,0.32951419112086694,0.18172830545129726,0.055108282596358846,0.10267791104298277,1.1269566058378229,0.1970181673352537,0.2978977311208432,0.17185235524068002,0.10835043406305134,0.692595564094272,0.2787024328497834,0.32000395368087686,0.5276652113045504,0.20543530459286666,0.6186763325081146,0.282914489653084,0.29641338283690727,0.08750843622889576,0.21868625733124541,0.2615603377974879,0.052266786063529524,-0.04002118232402705,-0.12016698732966563,-0.08449511871458038,-0.03156767889990411,-0.08822318556473444,0.19124256848198473,-0.05854857774676056,-0.019218679610494706,0.013491750442777024,-0.16745662656444985,-0.006647892210543395,0.10255113444297644
0.12657124551661858,0.19548519517962132,0.14214958889537602,0.20120879293968777,0.22803940464163105,0.24634426210946186,0.1688671820492604,0.21575872038621902,0.22584429069693565,0.22366072957178787,0.22994006186634158,0.2744418636059474,0.21467680753284143,0.15577349110398533,0.13435897237792757,0.2134381095649148,0.19404447851851062,0.1671577544003631,0.22707595232881936,0.21404067896780668,0.1784888432145189,0.25931228475441886,0.1195891690673517,0.11704239943902055,0.09928598190184333,0.42816290553298475,0.2660519304621866,0.06645786237592,0.4124535427566026,0.10341492435201063,0.1970181673352537,0.7325515847658297,0.18398795401645818,0.31299926220256186,0.0546015882124727,0.24657484929190593,0.04039759625369473,0.16416334007252922,0.07824577276951789,0.037595319982653926,0.019505685377553865,0.1597761856593372,0.11869854531589398,0.04142664055704021,0.07353046161245005,0.09481856347080986,0.16665149460915307,-0.049593383921062065,0.41211015825273634,0.07700643859427578,-0.12199937039562751,0.0791683101179252,0.010884565848068965,-0.024931651593150028,-0.07049122807001246,-0.0027136398354360228,0.2918968915364567,-0.00972632939887387,-0.24296524295116528
0.10261210702628495,0.15046190702765008,0.1343383337168206,0.1394422552645173,0.16703261216285403,0.18504521068905183,0.14867389849101947,0.16516808200348315,0.2620340163913529,0.10151720602125261,0.13756580490620068,0.1423260943719855,0.09554773599656748,0.07765593914764864,0.14312237111299378,0.11496256649019192,0.20718637282819855,0.0527543492370703,0.23118956003649846,0.12482578382539833,0.2580973118344847,0.2205347763200455,-0.05863567750387094,0.10166415077639501,0.21264080983542985,0.016713160107658175,0.15014566689978542,0.6902222977239367,-0.43133606957885817,0.5148406283710601,0.2978977311208432,0.18398795401645818,2.0777279613032253,-0.10386463774089033,-0.2101569189023701,0.21557495052779782,1.2007232398522867,0.10300780601412644,0.33463096193233166,-0.161535654815404,0.6162074768375738,0.35841955293910527,0.5345648169790694,0.2681016454314956,-0.03983838180669255,0.3501552213937885,0.25322519125613263,0.18295207755754178,0.1837462769219163,-0.04827569820177351,-0.10265243344338723,0.1358590370389337,0.20654063205642537,-0.2333923938889636,0.14813488795121973,-0.02850611333373873,-0.12333940408025793,0.0022739968729586363,0.121411739231037
0.09816660690338652,0.3088724078355987,0.30087411049086354,0.35950975032422855,0.397130603945126,0.38431826485632814,0.28729896421072243,0.36539396441496946,0.2517256688654661,0.4606324534465234,0.3495810527605257,0.3441828533783228,0.27771353528914333,0.26737427905847694,0.31668208354812255,0.32009387484676766,0.355309328686627,0.4146317469215175,0.32118959825892934,0.20252621233040044,0.25845075367782855,0.3139345265266566,0.3320251178809423,0.4228314742016996,0.3489579107031258,0.43251339066155114,0.29294732094606407,-0.14220248250585044,0.8042550378817387,-0.17707937649010808,0.17185235524068002,0.31299926220256186,-0.10386463774089033,2.4259271591676517,0.3274367958349013,0.09346841552105335,0.42754283117846054,0.047585130230179455,0.16147604882670874,-0.04779864701594737,-0.4842257993459435,0.332534593674969,1.018048953686515,0.26210365329162694,-0.37981343006030194,0.10121513575540622,0.4280254051668606,-0.06980890709315807,0.13827320961883088,0.2429160683724498,-0.37096123766565714,-0.043461201198095545,0.25972886166005754,-0.09672262898939582,0.10247467390978919,0.045326976407365036,-0.39124498909355604,-0.12081438499525733,0.5742034026934397
