0.5555834431138345,0.16432374424228416,0.3735342426211361,0.03293313901202105,0.047411426064868596,0.08192035072743771,0.1056235611752016,0.06272074530200888,0.08706838108425238,0.05499831613583383,0.07644408913153246,0.09863902800400556,0.052351098486926276,0.0860457576451258,0.10920886582188251,0.07527152266630407,0.06890444204219483,0.10889214272117485,-0.020476225362317205,0.0560561899841001,0.06274352584838003,0.0846962090160779,0.10325092231401853,0.03759362090549349,0.11236085614590646,0.09631104437859357,0.07845057948226959,0.04212420433461645,0.06306758474954076,0.08034017113364837,0.07977222462713898,0.08207853036842859,0.03648107424715388,-0.022937459135371967,0.07080737371700381,0.08771977040076423,0.013388718978341037,0.03709577000723522,0.05874867831448191,0.08024184210467218,0.01764884613761679,0.0628516214119298,0.06900862942240803,0.006439680848417648,0.08330984277742574,0.08351664380084492,0.106579159927129,-0.013806429746320426,0.06224711590618151,-0.10016754985419149,0.039008894856094475,0.03919206752653732,0.005321246511982125,0.010965116217314401,0.10333850663176612,0.001772228397172904,0.07207456010552557,0.17100567254609497,-0.35570067922776066
0.16432374424228416,1.4137723401048516,1.4884600166924975,0.08369640107100282,0.15024101972774323,0.3955995929850098,0.146801729172418,0.34746529458652015,0.26733191051266814,0.1621960855200063,0.24487907836325803,0.20468212048292106,0.14485597758392413,0.15484446617218134,0.2510845419121215,0.19856929962558964,0.2746468230725992,0.30351029703567134,-0.1459589998296147,0.2704565415960169,0.23880351672842715,0.22412985217958328,0.1409341226739655,0.22900016482156374,0.241603029546164,0.3577339216776017,0.22080692031950458,0.1545884545767433,0.31190923875186144,0.07883872119799595,0.11937434844243329,0.17994647463478888,0.1492995743986557,0.27200458364111346,0.3792130162327965,0.2897879759265872,0.10377888493537174,0.12150469580413593,0.13265859006912764,0.34268363036249944,-0.10093869860723953,0.24971696132900906,0.20809460382550865,-0.005702498630779821,0.22570259735705323,0.2708876754570346,0.18275309406913218,-0.0318071379066487,0.16784475625702125,-0.47130642468515443,0.311909001142734,0.2217613391411544,-0.05489947794291542,-0.07853021302223845,-0.2844317153937844,-0.10475866401214992,-0.33345846547508545,-0.46509544686145743,1.0317555728808767
0.3735342426211361,1.4884600166924975,4.170675182538667,0.02833310732005472,-0.10737461726693646,0.5429068947341115,0.23933707963005446,0.5054713159268327,0.48548834112017236,0.20630260477446516,0.31308629662178866,0.3749363410113061,0.23727100050779126,0.25179150035153003,0.4057123683108645,0.30549713385571436,0.37569306037827344,0.3429746780510321,-0.06416115799449423,0.01911686951956671,0.35676912041462644,0.4197181281803906,0.34150167012865956,0.3795749104513341,0.3751605276031799,0.35017285346490046,0.3394922911025704,0.13662433669440882,0.37169247630474495,0.18563759177832995,0.14944278028855512,0.2861200489571756,0.3495907952888525,0.36584143749523085,0.6179437520058729,0.5273941409283155,0.06737883350092633,-0.026728783795868107,0.2844955949581752,0.419713362941242,-0.1563481068128905,0.40708854658319155,0.05092373855763723,0.024572259485864816,0.06461920961499973,0.42033803855450513,0.28111335009777705,-0.18701121162791814,0.1968184319270131,-0.39012339940941965,0.33694594358326063,0.22750522007631793,-0.10579135856625445,-0.1424609156566476,-0.026403772207053713,0.1029539510404465,-0.20698875882363718,-1.122971943506938,1.1417624933789632
0.03293313901202105,0.08369640107100282,0.02833310732005472,0.6471722844045842,0.5305440591809396,0.343615737056644,0.17861005234714458,0.24837211044929017,0.12435016522477804,0.20593878101600788,0.2187378428336746,0.2657746756701894,0.16619611225590478,0.22615584382342185,0.22137655485103525,0.239371069593903,0.1933350670091177,0.20180625095625682,0.0982977169144827,0.11841593541745833,0.18496369878693497,0.1580191982828236,0.1649828373817698,0.19021354786710273,0.2006915798068664,0.22982411679970619,0.16596785659541116,0.0908828326686178,0.19048652322697956,-0.005676929830229492,0.13801260708234542,0.23076106625493042,0.13877668488152503,0.20471444044350573,0.029557738356100486,0.2727067132533811,0.07743675714852158,0.07439375862675927,0.15988486028403054,0.1295602233205481,0.04936508419887994,0.1802839887098496,0.024554170633075887,0.03395989362472322,-0.06002461598737857,0.15780243790479592,0.12824548386617146,0.04445388615377979,0.11007073750999252,0.011654072300593609,-0.010651052305845541,0.10883193385975252,-0.046474145135830335,-0.06554910155228942,-0.044439946939007845,-0.07686796630732846,-0.06868052370397522,-0.20427795236696525,0.3712131956241395
0.047411426064868596,0.15024101972774323,-0.10737461726693646,0.5305440591809396,1.3069915718424494,0.5177119162504037,0.1376379768324202,0.3268805282257838,0.07983607636137677,0.25581692603000256,0.28872659656339084,0.3399999583957067,0.22455997044859202,0.29149433428492044,0.34590166579793413,0.3125473094757645,0.23131649444753127,0.2325470004487337,0.19862231502571048,0.17143726536937126,0.2224646185835378,0.15537590362508655,0.18747289519559845,0.2381723284698531,0.24094141626520776,0.2571463174646484,0.19355332041006174,0.09874269558629341,0.22326117746488544,-0.1338496159432246,0.1924347772929682,0.3126777603452006,0.1572821760823104,0.23593733223979066,-0.07405544985940629,0.37441496892690596,0.09467695251367622,0.10075771065120831,0.18378812811225112,0.16248229638973577,0.058824267293984545,0.2168904009135388,-0.11828328352417058,0.02991857168292175,-0.04372852597098178,0.20325520272744066,0.09166290460707903,0.08806884064516576,0.03144755895823733,0.061949785962038685,0.11880484617177477,0.025729345496162074,-0.08571970257934143,-0.04837207164010279,-0.20527880185228503,-0.15375836211398694,-0.024513827999140227,-0.2902888690525638,0.6067394922803511
0.08192035072743771,0.3955995929850098,0.5429068947341115,0.343615737056644,0.5177119162504037,0.7807630766887678,0.12296660189235192,0.4527882422475339,0.21109681663738628,0.260717078191198,0.32795400592813134,0.3050628479750837,0.23090808872006044,0.2615591398514043,0.3402558446593693,0.29323196155375925,0.30712117641966363,0.17540243575866762,0.24956668305029547,0.3305230358029062,0.29242280945031124,0.229043784388221,0.11151184619652767,0.28015858740725574,0.27946646368626726,0.3054764147051699,0.2631148976151982,0.13127369948185627,0.40455756326613507,0.11229362878062475,0.16104544576226082,0.27941786574254224,0.2005019161451489,0.3194146501222912,0.19109193251541023,0.32242630630638835,0.3912784075832498,0.17842122095787202,0.2955350385295109,0.24814334796991042,0.17115965663982688,0.29673722803904845,0.14711823489471634,0.009852574181946076,0.07441105775872181,0.18652199070164815,0.1735867119581474,0.06882362691241325,0.2811536664933581,0.1677837791927889,-0.2280501175264143,0.06399339479610623,-0.09350632004254726,-0.007857571403844498,-0.1361248735694101,-0.11189850446150426,-0.06697050707883347,-0.32642099832027277,0.5748276663595497
0.1056235611752016,0.146801729172418,0.23933707963005446,0.17861005234714458,0.1376379768324202,0.12296660189235192,0.5096197975531941,0.08773350732735855,0.2980234390894022,0.12317645801146586,0.17886864153154258,0.3062545137686665,0.13466586377959663,0.14250784220060633,0.10676505335411905,0.20523202988546596,0.20493682564521046,0.18772310007182882,0.1037168412574638,0.11738313134526197,0.1769913235143974,0.22815738262799654,0.17701317107454229,0.15353785251865168,0.16161631306920424,0.2441810594986073,0.16978695930449547,0.05756474771451874,0.09089073551208816,0.07315399172830316,0.1334665051914813,0.17407479093009046,0.174440602880768,0.15685629436856363,0.17679239387143067,0.1870029307011057,0.13171856014231922,0.07447879041403896,0.1716105399901486,0.20508661663420902,-0.01691559649221835,0.1776628983349028,0.1164996195359063,0.022823359417500726,0.0801689508075466,0.11021149185691903,0.14024883152788953,0.017205801641333313,0.3040528505559515,-0.0658884409985042,0.0031240103182350438,0.09060076161535366,-0.01633810510791211,-0.030407963865222352,-0.00293547343593565,0.08669716476693694,-0.05701160838988347,-0.05073361894555917,-0.08039268294026293
0.06272074530200888,0.34746529458652015,0.5054713159268327,0.24837211044929017,0.3268805282257838,0.4527882422475339,0.08773350732735855,0.8182244017667358,0.10651703275515818,0.28347391364530933,0.3229682079597397,0.09663028387543045,0.2264059291717408,0.21518334332237463,0.3182480641902918,0.21077502920292052,0.2653338848241338,0.21645228189871793,0.16078312168631434,0.2839747148445221,0.24856025352741715,0.14956705687122143,0.0958083390709277,0.2125667113483941,0.27319336416863355,0.30760180250495883,0.2242335233051865,0.06142491314659271,0.3258111159485469,0.20076288097806552,0.15876828366729684,0.18462615179420738,0.13891780812407512,0.30873110379860735,0.3334220983741074,0.24931637025643363,0.22817199746728156,0.14673727476305923,0.34395580949772625,0.24939223849124245,0.08433651419268745,0.2581133038368478,0.2318463180954701,0.022040699191627704,0.08584632650917465,0.1596209299784453,0.2361900437565008,0.11206237566574224,0.3261506119265745,0.02637030322445376,-0.08841217876109082,0.01826241932917455,0.13102083763913697,-0.10914244886844975,-0.1220547218859645,-0.10567296715887034,-0.06716434850137239,-0.10482951937450105,0.35395723018756386
0.08706838108425238,0.26733191051266814,0.48548834112017236,0.12435016522477804,0.07983607636137677,0.21109681663738628,0.2980234390894022,0.10651703275515818,0.9072246106185677,0.040392866958557476,0.13074161274282337,0.16879901087385182,0.10686718782392553,0.1507549656973724,0.08314823662222577,0.13933577953354098,0.2337644884555995,0.1718882209818398,0.032541259562451595,0.16970075866805887,0.23478710097830466,0.3795576015767242,0.19744113937393454,0.21473830799270488,0.13851091400295218,0.3852172475154767,0.181934006554472,0.1843613995253,0.08644049633711356,0.08144533910791803,0.2620388619010513,0.21478133412242784,0.2551578842191515,0.28773496832967327,0.2205797873545992,0.26637907736359884,0.07172151096757072,0.09874843008864932,0.17728421324133453,0.18443694541641711,-0.04412545520000663,0.22546871644096186,0.16583437483029928,0.046946216462996744,-0.053284077606057335,0.34697518024372725,0.13593494324937502,-0.03742047006353631,0.46578798613819955,-0.12786047720946178,0.027382373380715218,0.2643130883143737,-0.056195310307476015,-0.12534979860752135,0.02912937210926751,0.08939422880376385,-0.047527497111097404,-0.3430247234828645,0.23220499630877342
0.05499831613583383,0.1621960855200063,0.20630260477446516,0.20593878101600788,0.25581692603000256,0.260717078191198,0.12317645801146586,0.28347391364530933,0.040392866958557476,0.6444508356787926,0.25811891410860593,0.2492778471677702,0.20071292543095776,0.22381443511487586,0.26335119641399857,0.21265592507521233,0.23679660894022148,0.24871653438310018,0.1650474723067266,0.267064647660571,0.189862490711114,0.13981705644048792,0.10027070250750907,0.22776694333281153,0.20818728490720892,0.15222548637229089,0.22026048023786576,0.16695153580086675,0.3542139993202722,0.29441348112439836,0.0764473044389068,0.21427072661227772,0.13746787120472542,0.28506352880346886,0.33802787009969043,0.2481044373253261,0.26546758150610356,0.13738981863859637,0.2949436028410884,0.30262619537921454,0.18434477143949318,0.2055439735893291,0.2120032360389751,0.0343714863177451,0.031570622184191176,0.203207333917552,0.35012167098780034,0.0871625473133463,0.34263174237321825,-0.06367651016680798,-0.053249581625749914,-0.020955049488152678,0.07050404826721558,0.03023841143326042,-0.03295876613971252,0.020608362599637952,0.08252422101542149,-0.3014795167242035,0.22870734910993004
0.07644408913153246,0.24487907836325803,0.31308629662178866,0.2187378428336746,0.28872659656339084,0.32795400592813134,0.17886864153154258,0.3229682079597397,0.13074161274282337,0.25811891410860593,0.5617725456537872,0.2797911886484215,0.2264672654566431,0.23335205173463897,0.3164688489023434,0.2570788537357533,0.28164043904511554,0.20582928227727088,0.1371332320479869,0.2164154065428386,0.21369108428293362,0.1732590258993313,0.1690567271591907,0.22556417511830196,0.2393993997212282,0.23383321273491162,0.22658786501604214,0.13466210379063714,0.2927726160616343,0.13052675493638036,0.175670918042799,0.23690678945963556,0.1541265484829008,0.23682440175694952,0.2858043178502469,0.3157640356281201,0.16731501830032997,0.11387915708033214,0.2573537804942865,0.25872543937647063,0.041838460227454764,0.22776518002114682,0.08502752227410365,0.02055656192546653,0.06754208938836054,0.19123806814719108,0.19900014019336834,0.06553972929829026,0.15969723790187784,-0.029755675667763038,-0.02120050346916907,0.05269601816037895,0.030596268998815127,-0.017948611158189406,-0.11441135602084879,-0.05404803206017295,0.012557383569299824,-0.13375820211489753,0.19092334802053876
0.09863902800400556,0.20468212048292106,0.3749363410113061,0.2657746756701894,0.3399999583957067,0.3050628479750837,0.3062545137686665,0.09663028387543045,0.16879901087385182,0.2492778471677702,0.2797911886484215,0.7990358336839458,0.16581160852709362,0.2299961675228728,0.16247666238139102,0.29874435407554345,0.21462226086230865,0.2749719868211173,0.22127758998121355,0.08085520749594319,0.20662041939629644,0.1906237527323695,0.20463782014110138,0.21777788742024745,0.2664424969034145,0.3183454031224499,0.25952051723151287,-0.058327368269161885,0.10991459859081389,-0.009076612363300976,0.08560374185918189,0.25846685505639827,0.20111640569862227,0.2292222583997547,0.2970925388145318,0.18888922114738604,0.11223570731425739,0.062204805734678424,0.19557994770325773,0.293737500225583,-0.11036831143558701,0.21898420196776766,0.1372365109005456,0.007428838403000123,0.09382615049040181,0.1641376344690869,0.1849228532603519,0.07007938006486585,0.3528523462404886,-0.04208226807312174,0.059484804385514775,0.018521327889557432,0.00973672342203635,-0.028480299674743366,-0.05325261232316445,0.05647448415898064,-0.12919359774923184,-0.2596423912077257,0.2511042062002366
0.052351098486926276,0.14485597758392413,0.23727100050779126,0.16619611225590478,0.22455997044859202,0.23090808872006044,0.13466586377959663,0.2264059291717408,0.10686718782392553,0.20071292543095776,0.2264672654566431,0.16581160852709362,0.39936638542132424,0.188202777638915,0.11782615493014892,0.2148337385304972,0.1791252199950682,0.13991370123222915,0.13524550547465786,0.07251873394424511,0.13958175076442647,0.21271273854929884,0.1176262194991144,0.18690649614360164,0.14538487218612148,0.1491027039757486,0.18121447963457976,0.08025170665448227,0.2740424420096274,0.10199356171673525,0.024387901335774217,0.2015135602950626,0.10971088248195363,0.14977587819249488,0.23743164465695527,0.2106527069858798,0.07446797792842684,0.03757232135501201,0.1867974675249877,0.19699218903190396,0.023479426966961068,0.1500994329107805,0.05373154033847702,0.023874442750217405,-0.013077938284059017,0.12441373196468544,0.13629445071546084,-0.023521896237718058,0.20407663280600502,0.05287389749532073,-0.03148049097004484,-0.012081934228112419,-0.03498659498072217,-0.0022296041465514936,-0.03660744466899461,-0.051763948121824,0.028566972299283597,-0.28555526602049436,0.2886956994718196
0.0860457576451258,0.15484446617218134,0.25179150035153003,0.22615584382342185,0.29149433428492044,0.2615591398514043,0.14250784220060633,0.21518334332237463,0.1507549656973724,0.22381443511487586,0.23335205173463897,0.2299961675228728,0.188202777638915,0.5959013123132025,0.19413589041973317,0.36252315360499343,0.21052860945371163,0.15201274991882208,0.11069939560548081,0.051336085812640084,0.15735514563083708,0.20647857271694536,0.16227500172063108,0.2551886122889728,0.2374162786846806,0.2518930600578143,0.2057251272280397,0.17787375412195336,0.2100788430535302,0.047058577348557985,0.11139868487734918,0.4522168095205685,0.10153416640318301,0.15508907229076999,0.17254720313309604,0.3344112494400164,-0.05288682478330263,0.04988734016760222,0.12435277668784513,0.16356696931873504,0.01775137528102097,0.16300033673163974,-0.008749602784672551,0.03406183349837075,-0.09483201679979333,0.23328996868331042,0.14930576331662443,0.00531000600686295,0.29669264818737434,-0.08891056909072857,0.018199904842427082,0.05176787075107014,0.11415192028102007,-0.04112660172129923,-0.16416216179557236,-0.03953888263404797,0.17913857362614904,-0.3716477501175559,0.3903237122174659
0.10920886582188251,0.2510845419121215,0.4057123683108645,0.22137655485103525,0.34590166579793413,0.3402558446593693,0.10676505335411905,0.3182480641902918,0.08314823662222577,0.26335119641399857,0.3164688489023434,0.16247666238139102,0.11782615493014892,0.19413589041973317,1.0556818512198167,0.13030349305013986,0.20531457289355326,-0.023207566839448482,0.08537769019078269,0.26696315902315443,0.19628345323752755,-0.02945556256408966,0.2206782875540391,0.20556913091343473,0.3185820221846999,0.0006987083373483329,0.18969560024963908,0.13186470457986854,0.28673047210322505,0.2596198378534486,0.17202679562624396,0.14801972726031565,0.1836798517450622,0.24294514163536737,0.08797458128866711,0.37863735622911165,0.24998893610831252,0.11705571386923225,0.2865645805485034,0.11305849236999613,0.20486447688568965,0.21243866010638632,-0.03969034891752193,0.03311663275786175,-0.06286188883146505,0.18002078517828135,0.14456465816214126,0.18443887128243097,0.06905101679171063,-0.01491733757680842,-0.09887913517718465,0.06440388165064494,0.12076834940396987,-0.07255273747794293,-0.0068582437735227155,-0.011943236057403123,-0.0377733637799487,-0.18254831671869423,0.21336395087125953
0.07527152266630407,0.19856929962558964,0.30549713385571436,0.239371069593903,0.3125473094757645,0.29323196155375925,0.20523202988546596,0.21077502920292052,0.13933577953354098,0.21265592507521233,0.2570788537357533,0.29874435407554345,0.2148337385304972,0.36252315360499343,0.13030349305013986,0.6496825035017413,0.27130979069391126,0.14636258138809374,0.14704177342220964,0.11748214895150319,0.19875883015540372,0.3083611750706815,0.13263052640705655,0.24655067090430421,0.2731818843054115,0.23910352893954684,0.25623300114620595,0.15609609427435917,0.2533768346205816,0.10996241010356225,0.1063367110312684,0.3247375411121042,0.13851596984127973,0.2090848266325516,0.34985694242223436,0.28492403393332,0.06380268552913863,0.07256298774754279,0.18518817033487348,0.26039163168605,-0.007604939571431062,0.21593012683207197,0.10061665646752463,0.022422525961231118,0.021427918677891053,0.21552387611743737,0.1801146826512757,-0.06423081856233473,0.2638203749290099,-0.13772028212223175,0.0037677632434827443,0.034816989225305454,0.02408854842989983,-0.016106944101786293,-0.08411646060421493,-0.018156699039535824,-0.09955150222002353,-0.3095066419954868,0.4520052170314471
0.06890444204219483,0.2746468230725992,0.37569306037827344,0.1933350670091177,0.23131649444753127,0.30712117641966363,0.20493682564521046,0.2653338848241338,0.2337644884555995,0.23679660894022148,0.28164043904511554,0.21462226086230865,0.1791252199950682,0.21052860945371163,0.20531457289355326,0.27130979069391126,0.525473749003241,0.23289044353302016,0.102387670259374,0.2503649567937653,0.2547672298758514,0.31603762404558483,0.1810540537599035,0.2270294786687836,0.22834115083689957,0.24971263383976575,0.21872781202801342,0.32217904815207976,0.2598325487542807,0.16963508270039912,0.22900736751727466,0.21613971533692175,0.22064479167860002,0.2292873190702102,0.2957054170945683,0.3932469741553219,0.3001550033465526,0.13886300172762717,0.22608924357988486,0.2587443620275649,0.11329676929208023,0.28574452569606135,0.10240003626395108,0.04094855595142956,0.12806826890581677,0.25760698176589947,0.24425053977296135,-0.02200362438144695,0.13222370306279665,0.002390998420586599,-0.04422012131707046,0.12243200215179233,-0.0166095268254156,-0.011860603144233614,-0.13018576781286065,-0.02327511873992099,-0.08977373539017654,-0.21599622025495277,0.2787733253328715
0.10889214272117485,0.30351029703567134,0.3429746780510321,0.20180625095625682,0.2325470004487337,0.17540243575866762,0.18772310007182882,0.21645228189871793,0.1718882209818398,0.24871653438310018,0.20582928227727088,0.2749719868211173,0.13991370123222915,0.15201274991882208,-0.023207566839448482,0.14636258138809374,0.23289044353302016,1.093270788829003,0.09277400329785172,-0.17218419492882492,0.18764689774768448,0.24025199505502395,0.23813220928938097,0.16954029555845698,0.1583647824348694,0.49181891144289813,0.10164217785759852,0.31210669614862874,0.15958553025403846,-0.18002237127961349,0.19032619735901454,0.22495697212223148,0.17393816730236192,0.19516615610508029,0.2178380040913252,0.2336763479017559,-0.09819292056761751,-0.05464315673052576,0.008138436904380831,0.16088022450004144,-0.22620851785793114,0.15110330178443596,0.2652318078756214,0.05215707283371956,-0.006006973437590207,0.23577442397274512,0.4211062540862576,-0.07446936064631852,-0.03590294790895755,-0.17835648804319792,0.3111113792011726,0.41115597397027315,-0.27904562300338304,-0.11401047518037083,0.07772137113129934,0.025181627919316038,0.014887309521792635,0.037515161515954736,-0.18120740450697384
-0.020476225362317205,-0.1459589998296147,-0.06416115799449423,0.0982977169144827,0.19862231502571048,0.24956668305029547,0.1037168412574638,0.16078312168631434,0.032541259562451595,0.1650474723067266,0.1371332320479869,0.22127758998121355,0.13524550547465786,0.11069939560548081,0.08537769019078269,0.14704177342220964,0.102387670259374,0.09277400329785172,1.384006460027698,0.13952776999043995,0.14735693290209192,0.08964361035723381,-0.26272468223975043,0.1105562144826359,0.03314349985480068,-0.04908679932098434,0.10877404917371025,0.1714912638988438,0.04118906849473004,0.0018581798922739723,0.1002023629245485,0.10255244752147939,0.31170265920128154,-0.009529778112610294,-0.13339137014743943,-0.011198650097057795,0.7005517816095418,0.11067302530970928,0.2850129036377502,-0.12269799982939739,0.33898950431232666,0.10723988037109079,0.10207822297675581,0.013568571770118831,0.13143399083723534,0.02816004626011632,0.0710505048672648,0.19836289632598125,0.12464641981759648,0.9075717465921682,-0.19019902594602348,-0.032218680732980474,-0.5209943519366436,-0.12238311199294437,-0.0027574866286432733,0.04025237236573173,0.15371450451287866,0.15788793361188508,-0.2774524758998444
0.0560561899841001,0.2704565415960169,0.01911686951956671,0.11841593541745833,0.17143726536937126,0.3305230358029062,0.11738313134526197,0.2839747148445221,0.16970075866805887,0.267064647660571,0.2164154065428386,0.08085520749594319,0.07251873394424511,0.051336085812640084,0.26696315902315443,0.11748214895150319,0.2503649567937653,-0.17218419492882492,0.13952776999043995,1.7362176730737258,0.23943671982670417,0.052570625097507186,-0.20618741843222932,0.19183201495488034,0.12461427700182637,0.2732887111764474,0.32915281102848654,0.2413640953574833,0.3262295748295245,0.6558090440777576,0.2029901591809845,0.07184336540190724,0.1929603194187522,0.3177669138136777,0.39424716613552024,-0.09216813292496148,1.3048523272997197,0.8485175254211198,0.43879050081549786,0.5117256719817377,0.6257105182960961,0.2653584149726146,1.0949747684255167,-0.0840709418737047,0.9886875768716797,0.1842255509677386,0.3168022209789379,0.44960956176343597,1.044206610387481,0.044905976739616514,-0.2895269379411159,-0.12095012771267366,0.054963120852394555,0.020760323945204044,-0.01622103597937233,-0.06511138509408382,0.2018029573533665,-0.13917301745627866,0.027154169325351505
0.06274352584838003,0.23880351672842715,0.35676912041462644,0.18496369878693497,0.2224646185835378,0.29242280945031124,0.1769913235143974,0.24856025352741715,0.23478710097830466,0.189862490711114,0.21369108428293362,0.20662041939629644,0.13958175076442647,0.15735514563083708,0.19628345323752755,0.19875883015540372,0.2547672298758514,0.18764689774768448,0.14735693290209192,0.23943671982670417,0.5024840204526398,0.24641013128753228,0.2101233802744154,0.22077508107441943,0.17320061985037333,0.210385828516528,0.1873213878242634,0.12075431334909953,0.17092370013473115,0.2660932795176608,0.5729347552711961,0.1639393239899241,0.3936988514823807,0.16365884810121561,0.29361358879628235,0.5323683997587119,0.4358296201022002,0.15086041378785695,0.31698110273298075,0.2343756515687287,0.3084896819740765,0.45319348062541903,-0.011657624257809923,0.04590918017088661,0.17960001967316092,0.2825642174521785,0.27209606817949206,0.04249320502430053,-0.011973131385781923,0.24519404623177535,-0.12145154434367714,0.10284603587734434,-0.12613895784354018,-0.0671229628830467,0.04186969689508127,0.0012040166961550438,-0.24323116043632928,-0.27753809940441404,0.4871041359236384
0.0846962090160779,0.22412985217958328,0.4197181281803906,0.1580191982828236,0.15537590362508655,0.229043784388221,0.22815738262799654,0.14956705687122143,0.3795576015767242,0.13981705644048792,0.1732590258993313,0.1906237527323695,0.21271273854929884,0.20647857271694536,-0.02945556256408966,0.3083611750706815,0.31603762404558483,0.24025199505502395,0.08964361035723381,0.052570625097507186,0.24641013128753228,0.8205690133717015,0.2826565999090343,0.246679356564173,0.1561502657310364,0.22621332048856713,0.19035038026225776,0.16659134451595306,0.22768995640737566,0.17047939073744123,0.1961108223373294,0.25299128826672224,0.27859995065610055,0.15195763352272124,0.3102401663510417,0.37618852603252423,0.13138638905591787,0.047601351967982215,0.19703038491203206,0.21412514760367865,0.063562408072435,0.25854011328109683,-0.006182995746103756,0.06140592215080907,-0.05811949421179788,0.3683764999715503,0.22684679208466033,-0.3485307898686828,0.31924513558383544,0.04029289406100251,0.0027465236863468724,0.08942151220214592,-0.15328842286572622,-0.05450290038246998,-0.023908049911757535,0.04248093256541372,-0.13239393133670244,-0.40222142424561175,0.42028174284882414
0.10325092231401853,0.1409341226739655,0.34150167012865956,0.1649828373817698,0.18747289519559845,0.11151184619652767,0.17701317107454229,0.0958083390709277,0.19744113937393454,0.10027070250750907,0.1690567271591907,0.20463782014110138,0.1176262194991144,0.16227500172063108,0.2206782875540391,0.13263052640705655,0.1810540537599035,0.23813220928938097,-0.26272468223975043,-0.20618741843222932,0.2101233802744154,0.2826565999090343,1.4352603066238725,0.2571383861148076,0.31615747567956504,-0.09432323385562355,0.06872207114931334,-0.26250691662289843,0.21671484923175988,0.27177169657197064,0.18539935020356837,0.15934885338516994,0.34986999721945883,0.14847701537470573,0.0918830640472988,0.6781404649134481,0.15594738262034574,-0.10706698706907042,0.295667459772406,0.16304987018850745,0.07799678942778873,0.24274453657136147,-0.30400755816495434,0.1409616963442627,-0.26305695641464233,0.26337018625497916,0.2741047822521128,0.04281642730980392,-0.1380021505511041,0.29853415747984746,0.024441975727688574,0.20249188926731565,-0.24419248778339517,-0.1067125698550677,-0.11716517207623672,0.07932861010983859,-0.17920628916078518,-0.5078657347951621,0.5514349486447913
0.03759362090549349,0.22900016482156374,0.3795749104513341,0.19021354786710273,0.2381723284698531,0.28015858740725574,0.15353785251865168,0.2125667113483941,0.21473830799270488,0.22776694333281153,0.22556417511830196,0.21777788742024745,0.18690649614360164,0.2551886122889728,0.20556913091343473,0.24655067090430421,0.2270294786687836,0.16954029555845698,0.1105562144826359,0.19183201495488034,0.22077508107441943,0.246679356564173,0.2571383861148076,0.5456131694994956,0.19311031339250342,0.12348538697768022,0.19134888614914822,0.09267761242101878,0.22994758911257654,0.37564207051112003,-0.053945032062599076,0.3028037474598854,0.4999221791147556,0.1003757456727233,0.3691021997812359,0.2604829283350732,0.2946983442936943,0.09784879536544067,0.18078804855994499,0.2729929726599053,0.1056996978306704,0.24549473617163475,0.1443623028399993,0.025246779878533812,-0.06398447920630551,0.27598862162410875,0.27360467966982505,0.05350552793862573,0.48714500438946146,0.1327926827702717,-0.07255334929327067,0.1823910145252392,-0.13185122268086766,-0.07394653108475975,-0.09206103993482649,-0.03721774648090053,0.06528285477538523,-1.0300919537441005,1.0504966758539944
0.11236085614590646,0.241603029546164,0.3751605276031799,0.2006915798068664,0.24094141626520776,0.27946646368626726,0.16161631306920424,0.27319336416863355,0.13851091400295218,0.20818728490720892,0.2393993997212282,0.2664424969034145,0.14538487218612148,0.2374162786846806,0.3185820221846999,0.2731818843054115,0.22834115083689957,0.1583647824348694,0.03314349985480068,0.12461427700182637,0.17320061985037333,0.1561502657310364,0.31615747567956504,0.19311031339250342,0.9377055488736515,0.17541833824523695,0.21934548636845747,0.09353320771768774,0.3901670143906162,0.19073908789294142,0.21352107843854784,0.20405193199915592,0.05322711543157898,0.37120164406832495,0.19102209107348775,0.43379515192782914,-0.12137678233728343,0.07007819882942212,0.20141551839720762,0.11949895814778627,-0.013890168071279083,0.1864199907779782,0.08366409334994451,0.04877184445550745,-0.17688091905571085,0.28340068224937254,0.21392822503539147,-0.010199452599950911,-0.03467381908421911,-0.7066108613656455,-0.07997366578134567,0.2396764984541093,0.3868356047474138,-0.07017986369754368,-0.03889813263326748,-0.0187088509096159,-0.10108199485436319,-0.16072472200915394,0.27370841542883945
0.09631104437859357,0.3577339216776017,0.35017285346490046,0.22982411679970619,0.2571463174646484,0.3054764147051699,0.2441810594986073,0.30760180250495883,0.3852172475154767,0.15222548637229089,0.23383321273491162,0.3183454031224499,0.1491027039757486,0.2518930600578143,0.0006987083373483329,0.23910352893954684,0.24971263383976575,0.49181891144289813,-0.04908679932098434,0.2732887111764474,0.210385828516528,0.22621332048856713,-0.09432323385562355,0.12348538697768022,0.17541833824523695,1.8649943832419331,0.24024408488299814,0.3149691644485387,-0.4517542123138108,-0.5450752302781415,0.3339103000634835,0.35896374514516177,0.032274322989157306,0.2780032069486876,0.4441830272783291,-0.09402464956794389,-0.45408925659247595,0.16620072575854772,-0.3965677158221359,0.3263654082838751,-0.5182515532729194,0.19277595713684184,0.6786722054155476,-0.017879024064134042,0.15459815813651243,0.1955760985177078,-0.0027321744134664334,0.13745420932123212,0.8344583575525009,-0.32956264499109683,0.06580901289323723,0.4139519494830745,-0.09714188251618772,-0.041186252593511004,-0.0354567420654041,-0.06133183284147799,-0.13194069462415517,0.010497514478120503,0.18031269730026572
0.07845057948226959,0.22080692031950458,0.3394922911025704,0.16596785659541116,0.19355332041006174,0.2631148976151982,0.16978695930449547,0.2242335233051865,0.181934006554472,0.22026048023786576,0.22658786501604214,0.25952051723151287,0.18121447963457976,0.2057251272280397,0.18969560024963908,0.25623300114620595,0.21872781202801342,0.10164217785759852,0.10877404917371025,0.32915281102848654,0.1873213878242634,0.19035038026225776,0.06872207114931334,0.19134888614914822,0.21934548636845747,0.24024408488299814,0.7779645547788457,0.22632322754679385,0.15860749980788383,0.13262203675947473,0.2332174159922527,0.24070823603323208,0.19819785637154172,0.24924191084559535,0.2516951302581909,0.34692815040951885,0.28410944801229565,0.19941069804322872,0.18632605584123318,0.281623785444322,0.10215848554212409,0.20423737762394759,0.3864978451209933,-0.0529497773621454,0.15188228786827607,0.2738798723206882,0.1558099283215865,0.08022993427263712,0.35037944247555664,-0.10940958208336968,-0.07700192821717612,0.056808100578167535,0.0524507746229926,-0.02697422549649773,0.006888858513234785,0.01219094287414014,0.08347160436524484,-0.2125224425580115,0.12162103476301786
0.04212420433461645,0.1545884545767433,0.13662433669440882,0.0908828326686178,0.09874269558629341,0.13127369948185627,0.05756474771451874,0.06142491314659271,0.1843613995253,0.16695153580086675,0.13466210379063714,-0.058327368269161885,0.08025170665448227,0.17787375412195336,0.13186470457986854,0.15609609427435917,0.32217904815207976,0.31210669614862874,0.1714912638988438,0.2413640953574833,0.12075431334909953,0.16659134451595306,-0.26250691662289843,0.09267761242101878,0.09353320771768774,0.3149691644485387,0.22632322754679385,1.8738292741800113,0.20824601777497953,-0.0649481983496955,0.448110945791413,0.242135635697742,0.02889889631365051,0.172098092616634,-0.08027671360217704,0.626020295206195,-0.15565704555600146,0.1336853843919988,0.012331512681364645,0.03681761403445053,0.1721175399444641,0.018742554910580474,0.04004692794026172,0.11852697839553437,-0.22262862530937463,0.34063342187987816,0.1129933305055473,-0.0073469543368845005,-0.18950294241760854,-0.4191186712148006,0.1342540937280104,0.46906705513533764,-0.20846417231620906,-0.003024326815846045,0.31130682818595945,-0.0498073868342088,0.1931398579196503,-0.021912876382201567,0.0042553179335534696
0.06306758474954076,0.31190923875186144,0.37169247630474495,0.19048652322697956,0.22326117746488544,0.40455756326613507,0.09089073551208816,0.3258111159485469,0.08644049633711356,0.3542139993202722,0.2927726160616343,0.10991459859081389,0.2740424420096274,0.2100788430535302,0.28673047210322505,0.2533768346205816,0.2598325487542807,0.15958553025403846,0.04118906849473004,0.3262295748295245,0.17092370013473115,0.22768995640737566,0.21671484923175988,0.22994758911257654,0.3901670143906162,-0.4517542123138108,0.15860749980788383,0.20824601777497953,3.534350282827395,0.6262628907104218,-0.6852326264656885,0.22038829833683166,-0.4408245940400595,0.8426164422108564,0.3509547110019531,0.6998435991743913,-0.32504416163336236,0.06001326155275504,0.8014558086681098,0.39745036662697497,0.3643028312730458,0.11497334287079795,0.0743669305754992,-0.02011929621658493,-0.8009106138585248,0.11808092717580873,0.49169597711221014,-0.14649281880332723,0.4927731098384941,0.4519386835010229,-0.7069440888069567,-0.286790860152675,0.04080283683090229,0.0854833431554265,-0.06508743851651486,-0.11102885574311389,-0.09135816403971818,-0.002432284259335726,0.2235008588454935
0.08034017113364837,0.07883872119799595,0.18563759177832995,-0.005676929830229492,-0.1338496159432246,0.11229362878062475,0.07315399172830316,0.20076288097806552,0.08144533910791803,0.29441348112439836,0.13052675493638036,-0.009076612363300976,0.10199356171673525,0.047058577348557985,0.2596198378534486,0.10996241010356225,0.16963508270039912,-0.18002237127961349,0.0018581798922739723,0.6558090440777576,0.2660932795176608,0.17047939073744123,0.27177169657197064,0.37564207051112003,0.19073908789294142,-0.5450752302781415,0.13262203675947473,-0.0649481983496955,0.6262628907104218,3.395125834504741,0.031382530548613445,-0.12296879849723182,0.3264890582721913,-0.12307308540246852,0.9129383680080854,0.4083852281634367,0.9515501450547523,0.34242894995985745,0.9104999602874221,0.49043405202043444,1.0367755510875243,0.38179444363125925,1.2686622332793704,0.12725118439863484,0.368711424795035,0.3904349823946126,1.4297538286511116,0.2893568890433557,1.3572105490309714,-0.081460998627995,-0.577612838248611,-0.35741338886877466,0.6232665070946829,0.034405189088469235,0.19673564947526925,0.07279037334372081,-0.14404826332955392,-0.05616567319028505,0.019995025557615287
0.07977222462713898,0.11937434844243329,0.14944278028855512,0.13801260708234542,0.1924347772929682,0.16104544576226082,0.1334665051914813,0.15876828366729684,0.2620388619010513,0.0764473044389068,0.175670918042799,0.08560374185918189,0.024387901335774217,0.11139868487734918,0.17202679562624396,0.1063367110312684,0.22900736751727466,0.19032619735901454,0.1002023629245485,0.2029901591809845,0.5729347552711961,0.1961108223373294,0.18539935020356837,-0.053945032062599076,0.21352107843854784,0.3339103000634835,0.2332174159922527,0.448110945791413,-0.6852326264656885,0.031382530548613445,3.71664697540883,0.17636700222694515,0.5884570551683969,0.059580114820530064,-0.04285417171367893,1.1258292255407092,0.15645541138314323,0.17824875580869298,-0.013405382633309183,-0.1621688529815343,0.11123109980392104,0.4868809520501746,-0.7772424809849026,0.17039763079757944,0.31583521093205025,0.5860034847756814,0.24576695407370802,0.01577071934921558,-0.9781909124095085,-0.1789170638566802,0.20333668607830618,0.5578567106586907,-0.2307676037832968,-0.10647785799711279,0.22873634267764786,-0.008607321026716913,0.16268135321793686,0.08385814827174964,-0.22157702001352975
0.08207853036842859,0.17994647463478888,0.2861200489571756,0.23076106625493042,0.3126777603452006,0.27941786574254224,0.17407479093009046,0.18462615179420738,0.21478133412242784,0.21427072661227772,0.23690678945963556,0.25846685505639827,0.2015135602950626,0.4522168095205685,0.14801972726031565,0.3247375411121042,0.21613971533692175,0.22495697212223148,0.10255244752147939,0.07184336540190724,0.1639393239899241,0.25299128826672224,0.15934885338516994,0.3028037474598854,0.20405193199915592,0.35896374514516177,0.24070823603323208,0.242135635697742,0.22038829833683166,-0.12296879849723182,0.17636700222694515,0.7149035703970033,0.09409469593608025,0.10798764004486477,0.11259286930510176,0.3364425887976014,-0.18692000253245103,0.06947022504242494,0.06207783661441002,0.20381366337804133,-0.05733752942451134,0.15425282817194927,0.007113371046738992,0.013262299167426083,-0.057198134249088844,0.2778065371791105,0.1098804874298785,-0.02686911871775174,0.3155054025297465,-0.0013071101197248106,0.12018065001940759,0.34534888977194506,-0.36073182737896864,-0.021676154848126884,-0.16615498839973666,-0.021718580003229043,0.4032321589784422,-0.5744064887366741,0.3450533404585599
0.03648107424715388,0.1492995743986557,0.3495907952888525,0.13877668488152503,0.1572821760823104,0.2005019161451489,0.174440602880768,0.13891780812407512,0.2551578842191515,0.13746787120472542,0.1541265484829008,0.20111640569862227,0.10971088248195363,0.10153416640318301,0.1836798517450622,0.13851596984127973,0.22064479167860002,0.17393816730236192,0.31170265920128154,0.1929603194187522,0.3936988514823807,0.27859995065610055,0.34986999721945883,0.4999221791147556,0.05322711543157898,0.032274322989157306,0.19819785637154172,0.02889889631365051,-0.4408245940400595,0.3264890582721913,0.5884570551683969,0.09409469593608025,1.7626477018922162,-0.4417745406151922,0.07016685203974678,0.1757097961307202,1.0152024136557758,0.10431677725886875,-0.04823018190016975,0.07659160736292751,0.303868675667817,0.3909401611039326,-0.1337061775548707,0.03153828220745959,-0.15126209449068725,0.4352807025798359,0.27548063434518527,0.16033355430193458,0.4291952543074303,0.8854217045196364,-0.2103169970664814,0.5134116125401718,-0.6168985892570805,-0.2516138841037563,-0.0163787546678416,0.14664210318404336,-0.06736266835245043,-0.9417630166815324,0.8341595032204667
-0.022937459135371967,0.27200458364111346,0.36584143749523085,0.20471444044350573,0.23593733223979066,0.3194146501222912,0.15685629436856363,0.30873110379860735,0.28773496832967327,0.28506352880346886,0.23682440175694952,0.2292222583997547,0.14977587819249488,0.15508907229076999,0.24294514163536737,0.2090848266325516,0.2292873190702102,0.19516615610508029,-0.009529778112610294,0.3177669138136777,0.16365884810121561,0.15195763352272124,0.14847701537470573,0.1003757456727233,0.37120164406832495,0.2780032069486876,0.24924191084559535,0.172098092616634,0.8426164422108564,-0.12307308540246852,0.059580114820530064,0.10798764004486477,-0.4417745406151922,2.2409053047148704,0.46233593604499484,0.28156300384348537,0.3373231418366447,0.12464845936971253,0.46041616699966553,0.18895954241990498,-0.18645680971226808,0.21170166983030303,0.45506452923017837,0.1709229505362013,-0.6278571097324848,0.03657799526157582,0.11692473177504173,0.08338024487775181,0.6104092504475749,-0.7137815088390657,-0.14390123399706972,-0.195547159021978,0.7513863119121278,-0.07125051934977103,0.000658233572759354,0.02356486649745299,-0.24493958786909142,0.06532614580111155,0.15561631888779914
