0.5882817889471488,0.21422853079696408,0.24615611261774425,0.13113364905041572,0.17426489675279516,0.12134493858399914,0.16589863035907415,0.15057655859624602,0.10422253607159256,0.10288664591726505,0.11837086367835867,0.12570065606665276,0.1314681188899433,0.1358373118722309,0.11904401870824657,0.13214379331519882,0.11161846217796667,0.12904481282008515,0.12480803733609014,0.1133195067472671,0.12173077778816527,0.13419250184062118,0.09572873603618283,0.08637596366407059,0.10537641778475813,0.12278017387603818,0.11303737182508707,0.10478301715883992,0.1194581453281894,0.05656675613010241,0.09965903873877897,0.10043189729635522,0.10892448961654881,-0.00761645747846395,0.10077151909518713,0.0794190756034955,0.19728057205038185,0.13929940500811303,0.11527920023577014,0.05466973133810999,0.09761441122817144,0.10573853536782339,0.12340518557002063,0.02808139050692134,0.07420695440875423,0.12414257813642737,0.0923396066031687,-0.010935672583797183,0.10031286884768993,0.12837423127437148,-0.05912256071061765,0.008703333417292312,0.005177365024415227,-0.03602959807728096,0.07348896713336929,-0.02707979020475774,-0.0335518873217829,-0.0623688453719026,0.06242739900684623
0.21422853079696408,2.0415105438308374,1.1217857141424947,0.40794422388492096,0.22400334816779288,0.3227623010732397,0.29350258121780387,0.32946508676024566,0.3193196588010459,0.3714466278182391,0.3565130757315311,0.3222385400340597,0.3699960061037686,0.26245031925282025,0.3129332551499723,0.3035444478642655,0.44616371442486985,0.2911301212547383,0.2971670833301989,0.5302436424407844,0.334263824728876,0.317686003805628,0.20778472035913684,0.2106761766426253,0.24342272951442911,0.4046626915670132,0.2872120003746789,0.39433963154419965,0.5858633367973645,0.16828350482187426,0.15522199439889212,0.17791126155796141,0.34270042477593216,0.46150319879759455,0.26622604081993834,0.2595456981722393,0.7421180182823377,0.3367259246724367,0.3265331886777791,0.053914513592157674,0.4300730958482354,0.3068370350969635,0.35134835315425106,0.08330117202782712,0.4008723384690325,0.3630614555402819,0.42392291245856667,-0.01333490096913538,0.33923656962908366,0.11793631228710615,-0.014466050268562715,-0.0009818614863546387,0.03995633435175212,-0.1577327417189135,-0.18756803239757694,-0.1991629806461576,-0.7254164269685084,1.0170011332244706,-0.13992762091412259
0.24615611261774425,1.1217857141424947,2.1597385526470587,0.4847503766920435,0.097874280896105,0.3714209826622588,0.3145289314842071,0.3313548651577509,0.5183579941372523,0.4698734878525571,0.414299327203186,0.37043225723705947,0.40071497499199155,0.16445871226305503,0.3883778437177177,0.21966662950881186,0.46825392712978225,0.25291122198876465,0.4265047967277159,0.42665770187238744,0.3670131235126561,0.3177624347129586,0.09355771124142351,0.23548515246262397,0.320707767975669,0.35686868637338615,0.2988444479665351,0.3902752431475676,0.43755680757710624,-0.1603920980229278,0.35339445794708857,0.23597586112499033,0.3848232179890656,0.4343944398403527,0.23118491667811358,0.31968349582377115,0.5114679721795325,0.5969580182289447,0.34679173522983675,-0.016651745376500222,0.35983203040811335,0.32300832903762916,0.3474824370888316,0.12410456948089778,0.4409382353859305,0.5515327091494993,0.5932233079067677,-0.07302038257785985,-0.02285585513649778,0.15236255729315176,0.007986647504095673,0.3142602582595755,-0.023671180303104562,-0.2816895574908784,-0.09936044126877197,0.04965989760479453,0.015081007017555815,0.7841372954365852,-0.9598875979242026
0.13113364905041572,0.40794422388492096,0.4847503766920435,1.7143626313030913,0.2922312796729542,0.29403372654598037,0.3545832943056648,0.28718951764978423,0.22752517926757365,0.34979627254599266,0.31589654464182015,0.3893216054860341,0.39371540839559205,0.3404378700298332,0.3327214149480315,0.3526299110896677,0.38590046780623466,0.4636151563708311,0.22000177897087708,0.2389058388898045,0.3201514857085575,0.3951719584816565,0.353080947672694,0.2545735980492137,0.2822458657635263,0.35726379405167785,0.2783162245109082,0.34969549115249177,0.3786603910890381,0.09796761664338949,0.279172944688802,0.30743059535688755,0.34924772440005997,0.41583379126870573,0.19511068387414668,0.21423045484862874,0.5464869550661979,0.35675443032464216,0.35662774573171035,0.07116667622333597,0.2872205188658562,0.265133634052187,0.39450620120763125,0.10317151260386943,0.21030488504593867,0.34754404669305194,0.44460262736436035,-0.022110723431461952,0.21036159207307836,0.42164879018531903,-0.17163163888044794,0.2402677999396757,-0.20702975085039305,-0.29550699630146327,-0.13601318779734584,-0.008664410460763453,-0.25080462778570206,0.562121545186583,-0.3544921348594316
0.17426489675279516,0.22400334816779288,0.097874280896105,0.2922312796729542,0.8740131658722973,0.33236562226838057,0.24031527759006563,0.3988746316384293,0.17332404187567563,0.1406980648933894,0.2156817493109498,0.19617553664579732,0.29891785582085,0.198122240683809,0.1956938621431593,0.26258090200839973,0.2180328877534824,0.2233664867967622,0.41400981289590877,0.2263948946368079,0.24682915643601064,0.28205111533827165,0.1294244088941815,0.17586969258357182,0.22346613712593535,0.1997628339255437,0.18578760462523974,0.10338272409590683,0.3445332279593958,0.08751367686049084,0.1741125173928075,0.20521367225329237,0.14498368041826387,0.4076546202683592,0.14377719240823483,0.19621780527178415,0.3589467318743619,0.16611997862536584,0.3515447409234011,0.08179210559403992,0.14202097239113362,0.221299909841108,0.17883606376025385,0.04693775050127943,0.1139319335892119,0.20112407285169134,0.25288491539865976,0.005899649708990128,0.24385496866715148,0.31740343235031626,-0.07040793604030744,-0.13570013286899701,0.0637202469239042,-0.15298334341545886,0.07976138328998597,-0.042681085106924754,-0.22860297244252642,0.0670392773360291,0.09684562504388959
0.12134493858399914,0.3227623010732397,0.3714209826622588,0.29403372654598037,0.33236562226838057,0.635632913059856,0.21129325260389828,0.4677538510915233,0.2477972215084021,0.1864935837102448,0.2681462775991876,0.2373641561673062,0.2982583579540935,0.2309076866496785,0.26056557397695046,0.2870979210100355,0.3003309575841131,0.22619066470509594,0.3388259920722237,0.2787865671844097,0.29731015911632735,0.3339780924209422,0.1877601399924957,0.21740138046505764,0.26248599659016736,0.2945616653322586,0.24819382779670893,0.21639293227742448,0.41195515797307963,0.09305776752706273,0.18883233910584385,0.3128201097478079,0.15664017367177702,0.3687248373033761,0.08124422675185769,0.18939368214483743,0.46543926888682224,0.29031344076850046,0.3261686696186885,0.047212418755948636,0.11270523203026088,0.2311956449181748,0.2655714581522613,0.06372819148358834,0.14244781189373013,0.20797593190961267,0.39121450885012177,-0.01779032516885057,0.4538780956194804,0.2499265994019316,-0.32160062859981786,0.058567133794108925,-0.03117131277291514,-0.10563175927931417,-0.000254130878991393,-0.0013105207574103809,-0.19989090730193382,0.31869407768965013,-0.17450709883387752
0.16589863035907415,0.29350258121780387,0.3145289314842071,0.3545832943056648,0.24031527759006563,0.21129325260389828,0.6024796692203755,0.19629962374703264,0.34624314845185566,0.18514159348443363,0.2834784104549714,0.3786308806953812,0.3126287780266679,0.22004839054761324,0.22070555831458052,0.30358709670080836,0.2997617856656848,0.23202928926120242,0.241266121471202,0.2511444772484873,0.2908404098251137,0.3241097177880428,0.1764561285757597,0.2133874086435537,0.23924241525184733,0.28474749858484816,0.24863638741449356,0.2295186282432863,0.3195387717113217,0.10550941956970787,0.2197146021722206,0.2918556271208616,0.22689615410009778,0.34222193809569434,0.13636649832032358,0.2507294171523206,0.29180677480258493,0.2201070288678202,0.30354158789135227,0.0867921504669778,0.22584864402270152,0.2161849007819795,0.28523781495666267,0.04891042822416758,0.2271213995184134,0.2647205321294222,0.20249820774250943,-0.03418594238978907,0.26507552730757405,0.0430111137281903,-0.07385526413086445,0.02648784763316175,0.02509452080650947,-0.11468411940703588,0.19104609683271861,0.06437474035505315,-0.240607654495402,0.16757972331156012,-0.28074075403059684
0.15057655859624602,0.32946508676024566,0.3313548651577509,0.28718951764978423,0.3988746316384293,0.4677538510915233,0.19629962374703264,1.005857725003441,0.11253461198588562,0.21296529324315755,0.23943658981856575,0.04949042027703052,0.3006496435116129,0.24571328484726643,0.24348771318522425,0.2857360011746292,0.290384151298059,0.260079588910615,0.34231378234655624,0.26731867668646764,0.2863347770609218,0.3226374003361905,0.16136181891711143,0.16844150525960686,0.26332227096671124,0.3134386391594669,0.21872648990809004,0.04187508006666608,0.3683918442536507,0.18748721718055417,0.21167816789264343,0.0929817733502905,0.14114722138002375,0.4141891694941739,0.23691455363829095,0.2194681790420815,0.3759226090199958,0.22835743865704095,0.4343543674345956,0.11417332499816056,0.14426994780724336,0.25129617505857454,0.3023653586302214,0.06635250129071242,0.21957961770243434,0.23610453217107544,0.3472920995739546,-0.006671424649158117,0.31209845601196645,0.2434008036252815,-0.1337607555970622,-0.048696959450563286,0.06774418258853225,-0.21761992432232252,-0.0821628374605469,-0.010175962793882316,-0.148428817050175,0.5014893390968822,-0.3198343397083324
0.10422253607159256,0.3193196588010459,0.5183579941372523,0.22752517926757365,0.17332404187567563,0.2477972215084021,0.34624314845185566,0.11253461198588562,0.7716176744549303,0.2066408700451704,0.25155620558703545,0.27872656246170896,0.2710699706094258,0.22351345152633917,0.3015609925974766,0.2366324000788757,0.3292988607915697,0.16482581256592382,0.2829314339495569,0.2758064401593673,0.2726899598075474,0.21375460593821408,0.09663451697740691,0.25757463090324145,0.20558462042704792,0.31268075283051716,0.2508570612902365,0.420233849538574,0.2446608499759229,0.06657486362916758,0.2966556481074053,0.389652069784882,0.2581942761537052,0.2208773829000139,0.08231856712150241,0.2698045308325293,0.3001098962553654,0.2604999979148207,0.2507915987729363,0.060372030794049,0.25425985042394716,0.20545642760974536,0.20064323057775552,0.04814604712849268,0.11397623181613281,0.28003497759225593,0.13664022490113298,-0.039167152879517664,0.08707881367618837,-0.04026824739234296,-0.07974873528685987,0.10764822338504192,0.06876918805238962,-0.13105805921741562,0.10802286082458369,0.18521218190179703,-0.1812314293690719,-0.1757914701736206,0.027063858592247567
0.10288664591726505,0.3714466278182391,0.4698734878525571,0.34979627254599266,0.1406980648933894,0.1864935837102448,0.18514159348443363,0.21296529324315755,0.2066408700451704,0.5422788032898758,0.2338180476048543,0.1810621725638261,0.2920070258245717,0.17731138520283177,0.24762673057976348,0.20725431252955648,0.3057160139032676,0.2129037976904578,0.20213171235437044,0.19371085696507034,0.18989798750911943,0.2485117745953794,0.23228110362421842,0.19305369733370353,0.24280039017816799,0.1922348492651564,0.19172641165534354,0.28126075482766494,0.3558658361751564,0.11376197823639228,0.14787758385855576,0.1247287436060307,0.2178526884759142,0.39507046387053735,0.24620173654848615,0.20867764702597924,0.3021011934568101,0.1426225166550116,0.30802150198437456,0.11495658437668085,0.35109576148853594,0.22160905562054267,0.23958432713088143,0.06452716941271862,0.17589301569228358,0.2584015081416887,0.42630446512293135,-0.030026896696528985,0.13822488064764524,0.08060357142900518,-0.0215543730691653,0.0052478736921634656,-0.022589125895260978,-0.06695761143833953,0.013557503504743064,-0.038033212358252355,-0.07835593008993799,0.07581413115597628,-0.035838177457947235
0.11837086367835867,0.3565130757315311,0.414299327203186,0.31589654464182015,0.2156817493109498,0.2681462775991876,0.2834784104549714,0.23943658981856575,0.25155620558703545,0.2338180476048543,0.5751989283270539,0.31273184240144214,0.3960914557913502,0.19522662656645792,0.35721807342078227,0.31890704772447415,0.3912157953536242,0.16566471839341643,0.20135116067457373,0.3743894104335236,0.26781752301734235,0.2549774580703135,0.10380204556526389,0.21903852883468922,0.2313605671222835,0.2665723931649151,0.2786587519199573,0.33436193561376276,0.40510482404021675,0.11049938055998168,0.22603211373614326,0.25694931306003227,0.1942307971448677,0.35355274305061807,0.2853277729996207,0.29250184870246504,0.3148271962337026,0.23224912355170252,0.3378837452033129,0.12444404015880642,0.29138948935883646,0.270996622728641,0.21088779766952018,0.046106206199206634,0.1985247235867033,0.3003182101639733,0.21507421052518888,-0.043258623953601735,0.0883230532945387,0.06843154228008169,-0.12558141423362876,0.022090179475290773,0.09874386780665773,-0.06045282401508988,0.015157694950873619,0.006712528297610316,-0.19967302067416662,0.10950282828931092,-0.03190212273759492
0.12570065606665276,0.3222385400340597,0.37043225723705947,0.3893216054860341,0.19617553664579732,0.2373641561673062,0.3786308806953812,0.04949042027703052,0.27872656246170896,0.1810621725638261,0.31273184240144214,0.6654003815867051,0.2779985049206028,0.2302879162038721,0.21297537724519547,0.3196369654486537,0.2823092148185554,0.29141307701573915,0.18629336554546788,0.20351451983550728,0.26552716397860904,0.31128479322789515,0.2542343929093375,0.2066705050620158,0.22937388629916353,0.3065553939368513,0.27995538206377973,0.1545427141218259,0.32316029949532077,0.023629387678375215,0.17483099052094697,0.29210391583723333,0.239520562411062,0.31466727165419667,0.12410816426936912,0.18845586545416623,0.3448458394397762,0.23228069021576675,0.23189141867276125,0.08925539615530403,0.22320242588357653,0.20798945415157427,0.2819439829176643,0.04955593044341999,0.20401359341266787,0.22489484661755588,0.3244842920748684,-0.028044622818840726,0.38613481656638643,0.09925908784662707,-0.1360653534393303,0.01122681054137705,0.006762627040141235,-0.031709518882779245,0.017993396242983233,0.0022605799768481735,-0.1601428434826186,0.10473882624462184,-0.12532008459775038
0.1314681188899433,0.3699960061037686,0.40071497499199155,0.39371540839559205,0.29891785582085,0.2982583579540935,0.3126287780266679,0.3006496435116129,0.2710699706094258,0.2920070258245717,0.3960914557913502,0.2779985049206028,0.7356528641236444,0.2737357670881392,0.2298050992696621,0.3767194436881373,0.4115395825715648,0.19765023034660398,0.3413135536992026,0.3054532396891452,0.3028008571160962,0.5478523579936562,0.17087655556751047,0.2550218623334071,0.29110110715256154,0.283457812926761,0.3171021558445252,0.32211884554067166,0.4842529787193131,0.1812439531291796,0.20792327864263316,0.24643640034128525,0.21227456680961415,0.42455096248203017,0.3894629535162766,0.3375861299893122,0.31033837049732693,0.24419589818880022,0.4325867738836061,0.1605801461923635,0.314643450510903,0.3117542266790016,0.37656447662103126,0.08109735797711905,0.18682206804302368,0.34554689934405086,0.22795795205887748,-0.038293216587491415,0.18255671319715075,0.1591106870073762,-0.0552228028379423,0.01896633621244606,0.02767081629609017,-0.17323531946819373,0.00031626626899804687,-0.06040855003315049,-0.20327665810163945,0.11671622107313902,0.037979396468740816
0.1358373118722309,0.26245031925282025,0.16445871226305503,0.3404378700298332,0.198122240683809,0.2309076866496785,0.22004839054761324,0.24571328484726643,0.22351345152633917,0.17731138520283177,0.19522662656645792,0.2302879162038721,0.2737357670881392,0.717557983792682,0.29884815478055704,0.416670849864002,0.3458680936263092,0.0962389438242713,0.14457593228049237,0.2982954329454737,0.17623524468287852,0.2267812542604703,0.2286734384742699,0.24994292790277242,0.27053581297257057,0.3155825918539153,0.22134289276604543,0.39803965565203225,0.3202302230833729,0.20326098956031022,0.07372123996397256,0.17900559022398244,0.21209879521532224,0.27723049590160836,0.21091808481930463,0.12627149043773753,0.4808862419944712,0.2114129945790838,0.17333827306616884,0.11628837349551956,0.3310278351367623,0.26104535186768335,0.36178278226162597,0.06062554789550008,0.0801255391301924,0.14587577353358658,0.26604779905478565,-0.006161869471629198,0.5857906390785308,0.19527414337438667,-0.20204214232321388,0.04869846198762677,-0.04169524367326553,0.027162614940310515,-0.2656101128154179,-0.07466373515452379,-0.1638210544988108,0.1364654113733955,0.36604536649043556
0.11904401870824657,0.3129332551499723,0.3883778437177177,0.3327214149480315,0.1956938621431593,0.26056557397695046,0.22070555831458052,0.24348771318522425,0.3015609925974766,0.24762673057976348,0.35721807342078227,0.21297537724519547,0.2298050992696621,0.29884815478055704,0.8178365162610676,0.31659203507206135,0.39928886138406894,0.09764281971761457,0.20923092431957033,0.4398788656531611,0.2412154954845288,-0.017955408214456136,0.06416143958949326,0.23095469458622736,0.228082031821031,0.25264221864921055,0.24382144224142396,0.519953695479427,0.3279613438750059,0.13995145008296184,0.23286779213976055,0.2735455374084999,0.25840792721674477,0.3067139720977366,0.19794958364785412,0.21048215614448748,0.46108163523980394,0.25400597615200843,0.28439174866751954,0.06759460905709862,0.30522401028016755,0.25639700471475924,0.11071541259957786,0.03376657898507534,0.08895218914048725,0.25659604360494775,0.2331793761609532,-0.024602072407398163,0.23014184321461575,0.23364740650575,-0.26269662128127386,0.31026001948623505,-0.1313082785601575,-0.09116217561658027,0.053154137344112465,0.09940498966693283,-0.32526991925285176,0.08624768348607767,0.07135285058038542
0.13214379331519882,0.3035444478642655,0.21966662950881186,0.3526299110896677,0.26258090200839973,0.2870979210100355,0.30358709670080836,0.2857360011746292,0.2366324000788757,0.20725431252955648,0.31890704772447415,0.3196369654486537,0.3767194436881373,0.416670849864002,0.31659203507206135,0.9782488149511163,0.3974336499878699,0.13742739530308615,0.20267609822682048,0.2970528431780728,0.2621823339491152,0.32408646763745014,0.18530383706188908,0.23947413256467312,0.2312068702510134,0.31556090180727625,0.30705406318500933,0.3596410239375251,0.39030118199575314,0.23683060896755673,0.13161506407887433,0.12632913960273698,0.17533452105577294,0.33930535222139235,0.4223788208811239,0.21415811377949837,0.37704726097917374,0.23447154138919254,0.3247014792416974,0.20531126063446625,0.33785751873866726,0.3183399103387186,0.3697340905299397,0.05893716146057298,0.16288561969327423,0.201949285068132,0.2463300114963834,-0.01693918197681226,0.33916355123356506,0.07866673781248636,-0.2370339614616206,0.0844810319356479,0.09859675550320614,-0.028775918634207823,-0.1293130430576738,-0.08292385348605,-0.3040546726581908,0.1644497092716991,0.29831338945957736
0.11161846217796667,0.44616371442486985,0.46825392712978225,0.38590046780623466,0.2180328877534824,0.3003309575841131,0.2997617856656848,0.290384151298059,0.3292988607915697,0.3057160139032676,0.3912157953536242,0.2823092148185554,0.4115395825715648,0.3458680936263092,0.39928886138406894,0.3974336499878699,1.0431190182882397,0.09847125407998944,0.24595125467778378,0.5087222172358401,0.2902841830512239,0.291137316323264,0.12887254005477133,0.31730196985745285,0.34901834244145524,0.28970853016304005,0.3590797062253868,0.8626170024503633,0.47192481166052824,0.18768193536488945,0.27482049427338484,0.3888343467147291,0.33283740013564944,0.4192888018125771,0.33725349961098056,0.32634107352181213,0.7059667162400537,0.3787115286953168,0.3540661760488557,0.1348991511206291,0.5005679828800493,0.5008062287971851,0.3021783233379861,0.06005030413333628,0.2782719401105073,0.38663635678051633,0.33345669230485464,-0.0423725392379873,0.2661425706650092,0.20137132338580363,-0.14880680064208815,0.02055194297962126,-0.01622224668136015,-0.12868453657794346,-0.23311420968855934,-0.014382814162697538,-0.24091333983787408,0.06160557875584647,0.22128404881507677
0.12904481282008515,0.2911301212547383,0.25291122198876465,0.4636151563708311,0.2233664867967622,0.22619066470509594,0.23202928926120242,0.260079588910615,0.16482581256592382,0.2129037976904578,0.16566471839341643,0.29141307701573915,0.19765023034660398,0.0962389438242713,0.09764281971761457,0.13742739530308615,0.09847125407998944,1.204235488273904,0.24444283157569233,-0.26337135237684967,0.35229047635002864,0.49588434159261546,0.6629584200801902,0.13151783087061875,0.1687200841400154,0.34736499909244234,0.1228735435421093,0.2816337791133598,0.27156301943759276,0.012223640475999746,0.36319802768549964,0.2258018688317119,0.2185614412763927,0.29228567899915686,0.039788194710063486,0.22215657040344058,0.31638570277857225,-0.07732769742447541,0.19786210777237864,0.05218404794002031,0.25479083024513216,0.07968212041486339,0.46479670344323326,0.06346971958057468,0.3685618957815979,0.20112717837716929,0.22166149343263408,-0.01903572610986437,0.1293987494099891,0.07151124253472589,0.2525521757734885,-0.32923285611742126,-0.20594316013698835,-0.10461809423557551,0.14917316695444985,0.043668846810860855,-0.14507295774542417,0.24071870325312447,-0.3093702646701669
0.12480803733609014,0.2971670833301989,0.4265047967277159,0.22000177897087708,0.41400981289590877,0.3388259920722237,0.241266121471202,0.34231378234655624,0.2829314339495569,0.20213171235437044,0.20135116067457373,0.18629336554546788,0.3413135536992026,0.14457593228049237,0.20923092431957033,0.20267609822682048,0.24595125467778378,0.24444283157569233,0.8721321287094855,0.24243129080259912,0.3152830026315719,0.2976608116485919,-0.07801698669351587,0.1415209134733314,0.25862662936381176,0.1513476284960747,0.2028063789858012,0.21570985192257403,0.273657531016756,0.0563267006884083,0.3113798869964793,0.18505017322780054,0.19626674346338496,0.3468542179610979,0.18015158073851492,0.23084334636042617,0.2969816855188485,0.30033742362105603,0.4018260762839256,0.09455776886664559,0.1657009080733487,0.21087778871806573,0.3008946124474947,0.07223359231017146,0.2892558592975885,0.2814747573997276,0.2918834920976687,0.015429371932418785,-0.0499185362333833,0.1319547854874345,0.1085980984078395,0.2383935682665736,-0.15614837533136447,-0.2595250266065494,0.1051187895039427,0.07694040871111804,-0.11410927191456519,0.19214540093723145,-0.3012821746123355
0.1133195067472671,0.5302436424407844,0.42665770187238744,0.2389058388898045,0.2263948946368079,0.2787865671844097,0.2511444772484873,0.26731867668646764,0.2758064401593673,0.19371085696507034,0.3743894104335236,0.20351451983550728,0.3054532396891452,0.2982954329454737,0.4398788656531611,0.2970528431780728,0.5087222172358401,-0.26337135237684967,0.24243129080259912,1.290370806794884,0.10301824001295905,-0.03518894875531745,-0.2368099557854746,0.258011484070272,0.27442574227140765,0.3239278141849985,0.40977266739731727,0.5430393247122075,0.39782160402142613,0.1862131144241838,0.2614042407862398,0.2989683000584777,0.3488579389402234,0.36932573716977574,0.2710621913212943,0.10124968741285294,0.7397230039436741,0.4774920829055833,0.3833056206504121,0.17244418698528324,0.36883115231369257,0.27218240673339333,0.26670975526595125,0.002499257784275281,0.3013730457456942,0.3136974363909873,0.34842600822793857,0.029915258599833162,0.5441082989083518,0.18583310803149716,-0.28725166563794663,0.33981486422563817,0.08871619927483097,-0.1344996072279277,-0.006261646480385131,0.0179097923418106,-0.19890575154677337,0.03985689721034002,0.08991818064959976
0.12173077778816527,0.334263824728876,0.3670131235126561,0.3201514857085575,0.24682915643601064,0.29731015911632735,0.2908404098251137,0.2863347770609218,0.2726899598075474,0.18989798750911943,0.26781752301734235,0.26552716397860904,0.3028008571160962,0.17623524468287852,0.2412154954845288,0.2621823339491152,0.2902841830512239,0.35229047635002864,0.3152830026315719,0.10301824001295905,0.691430613770124,0.40561464424470844,0.2379044971811855,0.16368174973041505,0.23997718578010957,0.14441128466621006,0.18242775809117,0.23495882638095217,0.3851826388962137,0.08428035195653545,0.2667898728110804,0.1584214765660193,0.19629637817296575,0.34200968776732116,0.35585654502163266,0.2570272501003315,0.29614484967383853,0.27871152817015626,0.3950651964506709,0.17274610191596484,0.23839858567201308,0.3066993372747741,0.41788311467188444,0.08950069704286562,0.43366908807525806,0.2331853925146496,0.30321033571609823,-0.020686657030353037,0.06565838741007488,0.09465102868821691,-0.03938097461435741,0.056080785954989665,-0.05196376371989299,-0.12370937309413553,0.14443572933893617,0.01588905361427935,-0.30504331592534484,0.2661751645956673,-0.18916953519122873
0.13419250184062118,0.317686003805628,0.3177624347129586,0.3951719584816565,0.28205111533827165,0.3339780924209422,0.3241097177880428,0.3226374003361905,0.21375460593821408,0.2485117745953794,0.2549774580703135,0.31128479322789515,0.5478523579936562,0.2267812542604703,-0.017955408214456136,0.32408646763745014,0.291137316323264,0.49588434159261546,0.2976608116485919,-0.03518894875531745,0.40561464424470844,1.314293123830058,0.7257094505866263,0.2784668207317402,0.3467534400796916,0.2160311564731171,0.2600543651177927,0.10280422669917441,0.563827311531319,0.1480730657289248,0.08988430344318322,0.26758534004430173,0.19887972095012604,0.4697218460079195,0.3398096754911301,0.24789399390895359,0.25704829743591084,0.2569472134030365,0.46484622636918815,0.1821153126137813,0.1997346980217999,0.31586626841897875,0.7433265078585513,0.10903673117068045,0.2255783399372191,0.2820196357806782,0.26192715717758935,-0.017251212498558197,0.23312337979491862,0.140360192854388,-0.025978146435876467,-0.16711401980481172,-0.0004495557791229134,-0.15252655979559762,0.032114791953312224,-0.10378412836437763,-0.24176725799085583,0.09474409030175641,0.09690115735056133
0.09572873603618283,0.20778472035913684,0.09355771124142351,0.353080947672694,0.1294244088941815,0.1877601399924957,0.1764561285757597,0.16136181891711143,0.09663451697740691,0.23228110362421842,0.10380204556526389,0.2542343929093375,0.17087655556751047,0.2286734384742699,0.06416143958949326,0.18530383706188908,0.12887254005477133,0.6629584200801902,-0.07801698669351587,-0.2368099557854746,0.2379044971811855,0.7257094505866263,1.8932219162106192,0.4506455804742732,0.4329690489854446,0.0748103974453094,0.140794116436528,0.11204462803492468,0.6505718850693799,0.163536942433573,-0.36692923559820506,0.3179413181727482,0.36436164671818017,0.43034550889771445,-0.04038043932855435,0.12230612375794886,0.3116055121787841,-0.1519279424831586,0.3799277824160158,0.07071271469680002,0.13428652020575085,0.1058694078366872,0.34062663712388663,0.05481986294152395,-0.1903231478847885,0.15339182024433948,0.2280106422333312,0.022662020629384255,0.6162092458655578,0.25672182384250003,-0.16575160391326846,-0.360121152350584,0.033033787844733785,-0.0013855834325048246,0.08723219120725277,-0.18601003604782837,-0.41426034467139816,-0.24412356243348754,0.7137629653659557
0.08637596366407059,0.2106761766426253,0.23548515246262397,0.2545735980492137,0.17586969258357182,0.21740138046505764,0.2133874086435537,0.16844150525960686,0.25757463090324145,0.19305369733370353,0.21903852883468922,0.2066705050620158,0.2550218623334071,0.24994292790277242,0.23095469458622736,0.23947413256467312,0.31730196985745285,0.13151783087061875,0.1415209134733314,0.258011484070272,0.16368174973041505,0.2784668207317402,0.4506455804742732,0.6491170104254532,0.26940081544961925,0.15725572926421563,0.25903646783207085,0.33859077242040586,0.34221142325720855,0.2921236263092519,0.19855644508762663,0.5581813021920248,0.3593287063873167,0.2081341867269058,0.1423358491045735,0.31592418833817326,0.47870627477643934,0.30644611751308665,0.2496635347141632,0.0593433612248097,0.19920905120016213,0.2527805149703798,0.2105089342522617,0.06430685593245143,-0.03299185115005378,0.29174171571326935,0.1481366253187945,-0.05691273739302964,0.34632835647401844,0.17255248193219547,-0.265293350891328,0.03323999957672293,0.07894640358380046,-0.08652048520830112,0.07827031934333552,-0.05965166014127504,-0.09931829366434651,-0.6670090481346637,0.7057068611049444
0.10537641778475813,0.24342272951442911,0.320707767975669,0.2822458657635263,0.22346613712593535,0.26248599659016736,0.23924241525184733,0.26332227096671124,0.20558462042704792,0.24280039017816799,0.2313605671222835,0.22937388629916353,0.29110110715256154,0.27053581297257057,0.228082031821031,0.2312068702510134,0.34901834244145524,0.1687200841400154,0.25862662936381176,0.27442574227140765,0.23997718578010957,0.3467534400796916,0.4329690489854446,0.26940081544961925,1.4841691380391353,0.022021103300558682,0.27343273365875137,0.15079937394845316,0.8085937446327678,0.3805415701226126,-0.048670437912119356,0.18535089833399473,0.1909512825768112,0.6593532303703054,0.39839106999152757,0.33594372699437225,0.3912781238343399,0.37870525257244303,0.519735582670202,0.14050385817420571,0.28592923137041254,0.33961190179266687,0.3058501931666864,0.11331253136383938,0.2500786142345727,0.4634977717522857,0.34991883258355516,-0.1401615291487851,-0.01713683871947945,0.10008056678393418,-0.11214732347046859,-0.007259376673271448,0.11816932607614332,-0.07503763386832228,-0.07228909139822104,0.13785576091845408,-0.05321864159455936,0.007195910817398779,-0.1082573172633583
0.12278017387603818,0.4046626915670132,0.35686868637338615,0.35726379405167785,0.1997628339255437,0.2945616653322586,0.28474749858484816,0.3134386391594669,0.31268075283051716,0.1922348492651564,0.2665723931649151,0.3065553939368513,0.283457812926761,0.3155825918539153,0.25264221864921055,0.31556090180727625,0.28970853016304005,0.34736499909244234,0.1513476284960747,0.3239278141849985,0.14441128466621006,0.2160311564731171,0.0748103974453094,0.15725572926421563,0.022021103300558682,1.3841655507768555,0.19793733027746213,0.501944969898525,0.01890579007291912,-0.00946200394548158,0.29435947268491386,0.30436529603151746,0.27914825091017853,0.2882983684068089,0.08370254441231442,0.12309169510928779,0.2528715931681189,0.11233044778780896,-0.11238976597726195,0.0458873750571434,0.46743260004263204,0.18158416304633612,0.3640156820922787,0.014494026343507322,0.25488341426602296,0.14070585065395355,0.15499246288494212,0.015724280309369395,0.6970020822681825,0.22277864816020623,-0.17747564063119914,-0.011521444951057142,-0.22020623786081117,-0.02840776930581481,-0.0825032696902989,0.025512453127307964,-0.10313199409099712,0.5363591554663386,-0.4018947654211335
0.11303737182508707,0.2872120003746789,0.2988444479665351,0.2783162245109082,0.18578760462523974,0.24819382779670893,0.24863638741449356,0.21872648990809004,0.2508570612902365,0.19172641165534354,0.2786587519199573,0.27995538206377973,0.3171021558445252,0.22134289276604543,0.24382144224142396,0.30705406318500933,0.3590797062253868,0.1228735435421093,0.2028063789858012,0.40977266739731727,0.18242775809117,0.2600543651177927,0.140794116436528,0.25903646783207085,0.27343273365875137,0.19793733027746213,0.8957553353706774,0.46209202210308237,0.31043344708485204,0.1045876567342918,0.2240766151630984,0.5298357056355164,0.3745954872265915,0.2510781953632274,0.09526580716362217,0.288777409795621,0.4983614151381262,0.30727038499376147,0.25798263469435007,0.09269644985591695,0.32217229326861085,0.24552266901458783,0.2529059976437737,0.019677716621374602,0.031328724046666014,0.3845777463505409,0.13183838332265113,-0.06028252043970424,0.37162983107836656,0.1338440096812639,-0.23418941834669474,0.14873532059114628,0.0826703252874931,-0.11209619916498517,0.04604054393220463,0.007583933163385872,-0.12574559290013795,-0.20560245823063977,0.25404680075034214
0.10478301715883992,0.39433963154419965,0.3902752431475676,0.34969549115249177,0.10338272409590683,0.21639293227742448,0.2295186282432863,0.04187508006666608,0.420233849538574,0.28126075482766494,0.33436193561376276,0.1545427141218259,0.32211884554067166,0.39803965565203225,0.519953695479427,0.3596410239375251,0.8626170024503633,0.2816337791133598,0.21570985192257403,0.5430393247122075,0.23495882638095217,0.10280422669917441,0.11204462803492468,0.33859077242040586,0.15079937394845316,0.501944969898525,0.46209202210308237,2.286820663909399,0.22820525071392206,0.11647941630487123,0.3877755585203917,0.6821630315881803,0.5124995953314798,0.24539550614331335,0.03534174786645125,0.2559358882025611,0.7242335974998775,0.0946184007521122,0.1634236910360729,0.013257125274774888,0.8951883347338132,0.26138678972600615,0.206079625705661,0.008851144653895412,-0.0563213738715103,0.35352752079863575,0.03915038060024334,-0.004552318627915421,0.5693180014727527,0.0551538324190317,-0.17467130130028458,0.2898774693927121,-0.18953438880176618,-0.0957858380478456,0.10751429382097029,0.06714102034870707,-0.2719656112776947,-0.2511849809367047,0.6072591085412553
0.1194581453281894,0.5858633367973645,0.43755680757710624,0.3786603910890381,0.3445332279593958,0.41195515797307963,0.3195387717113217,0.3683918442536507,0.2446608499759229,0.3558658361751564,0.40510482404021675,0.32316029949532077,0.4842529787193131,0.3202302230833729,0.3279613438750059,0.39030118199575314,0.47192481166052824,0.27156301943759276,0.273657531016756,0.39782160402142613,0.3851826388962137,0.563827311531319,0.6505718850693799,0.34221142325720855,0.8085937446327678,0.01890579007291912,0.31043344708485204,0.22820525071392206,2.0798718954118716,0.26308317686481586,-0.221620282767485,0.382445268375888,0.08017291813101068,0.968141818911101,0.42619809946912807,0.8039303606697216,0.023144579978101796,-0.16694724972166697,0.7517204664068715,0.15244852024697686,0.6325318183409584,0.2728974841620251,0.047828571533180674,0.012327569387790347,0.21310595009168828,0.4404826609431479,0.1374476561907124,-0.17533095142661387,0.47021062520764784,0.2390435358029167,-0.1821073075161204,-0.2960561586605066,0.07866371475011649,0.01420334157911075,-0.07022092481746846,-0.10286187904304406,-0.5725598595720067,0.02010393499077558,0.5211389556104938
0.05656675613010241,0.16828350482187426,-0.1603920980229278,0.09796761664338949,0.08751367686049084,0.09305776752706273,0.10550941956970787,0.18748721718055417,0.06657486362916758,0.11376197823639228,0.11049938055998168,0.023629387678375215,0.1812439531291796,0.20326098956031022,0.13995145008296184,0.23683060896755673,0.18768193536488945,0.012223640475999746,0.0563267006884083,0.1862131144241838,0.08428035195653545,0.1480730657289248,0.163536942433573,0.2921236263092519,0.3805415701226126,-0.00946200394548158,0.1045876567342918,0.11647941630487123,0.26308317686481586,2.816218537062203,0.11510836235004017,0.07508307439735606,-0.1256932010860515,0.0541413423869808,0.5514001891766257,0.8198107012012984,0.14564765100358543,0.14721940123954425,0.6468865475409683,0.23282960635232303,0.4633507726187771,0.26758188851752873,0.40089714772014257,0.16486639958318988,0.350001126731068,0.35320741742234113,-0.0635315529391368,-0.19144576118677537,0.3588679035444898,-0.2868018937911491,-0.007589338032865433,-0.5463696959470453,0.4435400676288659,-0.014303177361780443,0.021740317515219994,-0.25997390950707433,-0.3660623604719283,0.7904256110384825,-0.1567805020809641
0.09965903873877897,0.15522199439889212,0.35339445794708857,0.279172944688802,0.1741125173928075,0.18883233910584385,0.2197146021722206,0.21167816789264343,0.2966556481074053,0.14787758385855576,0.22603211373614326,0.17483099052094697,0.20792327864263316,0.07372123996397256,0.23286779213976055,0.13161506407887433,0.27482049427338484,0.36319802768549964,0.3113798869964793,0.2614042407862398,0.2667898728110804,0.08988430344318322,-0.36692923559820506,0.19855644508762663,-0.048670437912119356,0.29435947268491386,0.2240766151630984,0.3877755585203917,-0.221620282767485,0.11510836235004017,1.3262427019759147,0.3330523494426082,0.23084684072737283,0.028208777851722412,0.34210481011382854,0.30786895600262426,0.6465131814347551,0.5726490364187342,0.1691292597056093,0.08602049507519947,0.23656216504775218,0.33310485787594535,0.37109546166534985,0.12103046033118714,0.44736483144156824,0.37718269248730146,0.24373347583357377,-0.057917652806700616,-0.23166584774084148,0.09691056901006535,-0.03336983532239415,0.1393369421530497,-0.06454222622542502,-0.21854472738721642,0.17147833973542656,0.23579525366585977,0.25062218395162894,-0.19936613709875148,-0.432360587640593
0.10043189729635522,0.17791126155796141,0.23597586112499033,0.30743059535688755,0.20521367225329237,0.3128201097478079,0.2918556271208616,0.0929817733502905,0.389652069784882,0.1247287436060307,0.25694931306003227,0.29210391583723333,0.24643640034128525,0.17900559022398244,0.2735455374084999,0.12632913960273698,0.3888343467147291,0.2258018688317119,0.18505017322780054,0.2989683000584777,0.1584214765660193,0.26758534004430173,0.3179413181727482,0.5581813021920248,0.18535089833399473,0.30436529603151746,0.5298357056355164,0.6821630315881803,0.382445268375888,0.07508307439735606,0.3330523494426082,2.635618806947499,0.45516245113628084,0.06338721872237105,-1.2569617512914328,0.5195011324046386,0.5610562058694695,0.43056417573270855,-0.036681519458081624,-0.3285925285569659,0.0670053600365067,-0.006090655250240467,-0.19330118489049097,-0.02104377198352226,-0.5448554934344146,0.48248570215208353,-0.16909250407817306,-0.168666753267465,0.992728720476764,0.298204022874776,-0.3843940294615765,0.11892824460460028,0.002834206442513896,-0.16894099932211656,0.005727059470226544,0.191835897162741,-0.04413758845464227,-0.8137525281492018,0.5129406805789337
0.10892448961654881,0.34270042477593216,0.3848232179890656,0.34924772440005997,0.14498368041826387,0.15664017367177702,0.22689615410009778,0.14114722138002375,0.2581942761537052,0.2178526884759142,0.1942307971448677,0.239520562411062,0.21227456680961415,0.21209879521532224,0.25840792721674477,0.17533452105577294,0.33283740013564944,0.2185614412763927,0.19626674346338496,0.3488579389402234,0.19629637817296575,0.19887972095012604,0.36436164671818017,0.3593287063873167,0.1909512825768112,0.27914825091017853,0.3745954872265915,0.5124995953314798,0.08017291813101068,-0.1256932010860515,0.23084684072737283,0.45516245113628084,1.4466092020007435,0.13153717947603738,-0.15864076818763215,-0.1334388842566935,0.8626297470390241,0.4528053733643206,0.011365076874967146,-0.08190561682414076,-0.05314306516002849,0.24754321490213632,0.27950275451382484,0.07443476941160615,-0.0999422656261315,0.29037625125896344,0.6600443388629966,0.007244296374944802,0.6022412876450917,0.46192705496429914,-0.3577232833427451,0.2950186498008882,-0.11057721394319665,-0.20442574781065054,0.1934907530790994,-0.0289548899994907,-0.19979199622706756,-0.06217852728203662,0.0697613397247574
-0.00761645747846395,0.46150319879759455,0.4343944398403527,0.41583379126870573,0.4076546202683592,0.3687248373033761,0.34222193809569434,0.4141891694941739,0.2208773829000139,0.39507046387053735,0.35355274305061807,0.31466727165419667,0.42455096248203017,0.27723049590160836,0.3067139720977366,0.33930535222139235,0.4192888018125771,0.29228567899915686,0.3468542179610979,0.36932573716977574,0.34200968776732116,0.4697218460079195,0.43034550889771445,0.2081341867269058,0.6593532303703054,0.2882983684068089,0.2510781953632274,0.24539550614331335,0.968141818911101,0.0541413423869808,0.028208777851722412,0.06338721872237105,0.13153717947603738,1.8291364194968893,0.36787760395933433,0.4000484072694865,0.27513664334251775,-0.05270351969430839,0.6392437642076049,0.05124546855611239,0.5170145822271515,0.3280297747668978,0.39967896287583243,0.09804511510019451,0.41095727680375077,0.27576004188714975,0.6117672777003692,-0.019811500863573892,0.4247987931722823,-0.13569905329852117,0.0801772036092682,-0.12842263736831724,0.10570211255350144,-0.12150815050274799,-0.01357654418405893,0.002939920855953164,-0.4458353627646743,0.42716467656762636,-0.09667730335532759
