1.648941159787137,0.4570946768528215,1.1201664665761413,0.03121264635955704,0.22767112179202245,0.2538010851959248,0.5135770013774507,0.3431559403863352,0.10858818771935483,0.37958965097537395,0.3268243543399044,0.35313390176828857,0.23025451303482794,0.40833957800859555,0.3429932831254653,0.24390307002271977,0.23735599342959748,0.3677118813390344,0.15404806401845814,0.18270995292112832,0.30888715037066256,0.5877058510442155,0.384785402854823,0.06644470181716589,0.4548311426152709,0.05539403602508496,0.18776531779242345,0.17886041037882758,0.26414216350422376,0.32984605595085553,0.3627053412475506,0.009302720695840146,0.1273706369383023,0.007142345606280402,0.4371639430145482,0.23784974788384533,0.2479959389612184,0.44922033239078524,0.49766346733552863,0.4001719588581341,0.38243809098756254,0.27554519049607656,0.4852144044738046,0.5184444895479662,0.2964116531849992,0.03773850495575715,0.2880749744388531,-0.004554861386661048,0.6871765383131618,-0.2084525211336998,0.006370540017809098,-0.09948585956523658,0.08327662017279143,0.0855043821922629,0.16591003518625805,-0.07932072529044033,0.039453780719084494,-0.0014935627644713397,-0.04935243964004211
0.4570946768528215,2.089114700339208,0.5626611915937451,-0.05650285312977142,-0.023861281374721616,0.16587114137837777,0.23373371679004887,0.16594872613814457,0.09361533404424016,0.23356736559870778,0.17418861443405706,0.1749990875978203,0.10155936931824239,0.09848284057201266,0.30747715215950994,0.053365699458550436,0.1425824798867461,0.24247649872035054,-0.009745746810396026,0.1060686699601779,0.1969326706811877,0.2232869232375741,-0.21284074119145513,0.0761995344231104,0.18158325129883407,-0.1449752469812394,0.1868949759608222,0.35515121286590345,0.16414070294568694,0.12092456194003447,0.15240229959102014,0.17519404870704774,0.07417823863898623,0.07420680310936606,0.1761741487994828,0.05486670236348244,0.196858253362534,0.17030629926804944,0.19662729552071226,0.1699062359610458,0.22034435325401389,0.14459160731723972,0.23818568174413018,0.1351340830511353,0.18752928759276297,-0.0026108385602712837,0.1782778889351834,0.011513255328897555,0.3657131130951046,-0.288188364644563,0.16673040831161845,-0.017753206289237725,-0.004926306463132441,0.008766020100273686,-0.16674103921697966,-0.028341970284747022,-0.024107858635814397,0.17734202418100103,0.0017267573977699892
1.1201664665761413,0.5626611915937451,2.975854492608348,0.022351873866151416,-0.1666593481786607,0.4722288055470463,0.3332989664993142,0.644369330451405,0.16738837142346308,0.6738125049899293,0.4866045062958834,0.47569542008160387,0.34296582006943516,0.3897596833360365,0.41755709561450205,0.2179110742164639,0.4244978111083898,0.45277386606551934,0.22255872736089805,0.3744913195416102,0.40242121555920995,0.6280263968738262,0.3648005335400973,0.26589482995126945,0.4945746560088031,0.13083340302167742,0.26575124824076773,0.3136039931297888,0.59968686806452,0.28228735394771143,0.34601305829042667,0.17968661744249947,0.1590583612430171,0.2503116475597819,0.7175637957664033,0.21176029291582635,0.38190953014980034,0.6217216882811043,0.6622660416520841,0.4816344726348599,0.4659370437902189,0.37667790596082346,0.7109958084464523,0.6224159892155788,0.4886657987448829,0.05682443135181457,0.45668707975482226,0.023587024213783215,0.6529937422546219,-0.1296209538681613,0.04733860094982641,0.07202679019021117,-0.03594407076999736,0.05921999316199505,0.18864417701366057,-0.23561022543746246,-0.16932572405882163,-0.16755914717903325,0.3638774729800929
0.03121264635955704,-0.05650285312977142,0.022351873866151416,0.7894997477040274,0.3113354103555775,0.1792680780897873,0.1893418502051991,0.14802588022851426,0.08444654831383826,0.1046942003366754,0.13485686032998442,0.1610535750461995,0.12296764544471518,0.23027686902974526,0.11319834008466416,0.18156734039843705,0.14427456499244587,0.15969604110978544,0.10041973829180866,0.09954076104154906,0.11818374388771183,0.1999161694747522,0.13160156348243204,0.1718162106322918,0.1190073342598844,0.15634002948548043,0.1299514633412925,0.06703109782517228,0.10546927787961136,0.021935109529261497,0.11240389373409027,0.25540638637657126,0.07451508068073373,0.20427644341771473,0.08098400081276667,0.11595136779629886,0.09076813440747454,0.1756745451990835,0.11029935238788681,0.05433891408716075,0.10911251132815895,0.11628738794314596,0.17192969433875854,0.1585814689896666,0.031792427757246194,0.0446433249282118,0.11235046736195967,0.0007814428592570317,0.10553266692911757,0.18799798400651946,-0.09417660918726958,0.017891804981326278,-0.08509566060490818,-0.08553834247901476,-0.01959353154308233,0.015579972300350945,-0.12648231956374364,0.050829146202334814,0.03111156196261565
0.22767112179202245,-0.023861281374721616,-0.1666593481786607,0.3113354103555775,0.9969361149461328,0.1908433764051883,0.14428215014554627,0.016631409504798533,-0.025064241826628617,0.028150245784201746,0.10885016252608225,0.11439948668852014,0.09688590170942378,0.16600795294098578,0.16890484320308052,0.2063553125951184,0.05507499916923664,0.08408127313102452,0.2815542557209113,0.11911911628393129,0.10430402921387678,0.1948763586027319,0.13498021683689693,0.14520457414981178,0.11770277125410693,0.11603680765875403,0.1125609912296755,-0.015411746999526051,0.04813408969656717,0.11251743134301331,0.13668298772188114,0.2500657567685092,0.020622163002300718,0.2375731917171303,0.11391253389901429,0.13391270415178963,0.07697470692967485,0.1574131942748479,0.11402767659852664,0.04193770788533075,0.1502241557035225,0.11420048689802424,0.09515415817216626,0.15265772843961833,-0.03713248970983122,0.031588358762197614,0.07002042491383463,0.00022144807767268828,0.1908262267901452,0.16796649851184967,-0.16416835603636304,-0.14852905348088752,0.12778594058873913,-0.02613318203444117,-0.0009101135824678727,-0.033088489622503825,-0.17495079899896435,0.0005276508585487865,0.19518819570809126
0.2538010851959248,0.16587114137837777,0.4722288055470463,0.1792680780897873,0.1908433764051883,0.5763498010191949,0.0790196468542349,0.2554377041865535,0.09646719418301593,0.11273298687602305,0.19431935761771088,0.21133999897876235,0.14972409468515424,0.20386191680173948,0.1746745611790694,0.1514873682414845,0.1919231368856055,0.14939258594588092,0.24334587525699317,0.2899103294596725,0.16932195520757518,0.2961128711287711,0.08546583470154592,0.1870138422923317,0.19289161667876562,0.14823427006540604,0.17443567817255393,0.1760480232352538,0.17421185127169458,0.06653332371749451,0.1808619430373435,0.3144296263732729,0.031951358068661485,0.21789520211964178,0.20111959965535922,0.11453575553124294,0.09544862067964055,0.3012790279694695,0.23920838627128826,0.16748007703614692,0.22491334895573206,0.1604820356161614,0.2776442025921517,0.24853215826194405,0.10361636061083732,-0.010113732299688628,0.2097343998129525,0.007344488539185154,0.41043428401078624,0.16958576545120854,-0.2594606582731608,-0.0016995415654490714,-0.08900160914112444,0.038482621223784694,-0.003486107216017379,-0.07659215341653305,-0.07466778515356928,0.054738097540632503,0.08100466213442722
0.5135770013774507,0.23373371679004887,0.3332989664993142,0.1893418502051991,0.14428215014554627,0.0790196468542349,0.6094062904071758,0.11707933061907651,0.13012649298438592,0.15727540294454445,0.1988166813289108,0.24494085834221094,0.15052352094521035,0.051374986319333564,0.07785007290247409,0.15332937492060322,0.15770277245741016,0.21609832541944218,0.021575981256790902,-0.0031573808935268506,0.17199315116189756,0.3721977328129491,0.18712586352631727,0.11345367991469855,0.1957699041754527,0.08026181494802846,0.12394367939894478,0.10949974795319282,0.15626862228383398,0.17069412044155663,0.16480421219330993,0.11657108120484291,0.16904237069535155,0.09033823493528038,0.09089947718923647,0.19363613801598378,0.10253077021846137,0.213146010742429,0.1931843475117154,0.1281707248415038,0.12009901767397625,0.1458787004580948,0.20338385671725348,0.24781442223732533,0.06542779574824789,0.03554696925747621,0.09736517510861302,-0.015604382032436186,0.341059018962415,-0.11182863049447597,-0.04546331352524313,-0.13031313165429814,0.0917525180554224,-0.01860829633670704,0.032742650679755646,0.04372884714122222,0.0046462014538201585,0.03038986123516755,-0.1334577268330226
0.3431559403863352,0.16594872613814457,0.644369330451405,0.14802588022851426,0.016631409504798533,0.2554377041865535,0.11707933061907651,0.6806245863176031,-0.024017314803465376,0.2509491786798694,0.24756183284546113,0.16048857418285462,0.20819913245367072,0.23352649448766583,0.12585383240244824,0.15818547447109668,0.2168552757472491,0.19961905454660503,0.13790726512089238,0.2628156019324921,0.1525531289401804,0.23614986568020288,0.0948438668604504,0.13157651957056476,0.22551586762121453,0.18617275360970872,0.14789896612596187,0.18702204849813275,0.2197799510641993,0.10608351947216524,0.15984304784011796,0.12134207841066542,-0.020999281148505796,0.17032542822783261,0.3636873836662462,0.06830004346108241,0.15634380832519026,0.23012165397927836,0.4028778039353424,0.23071687604091434,0.18129540115467066,0.15745456593916457,0.28823651865719585,0.2630410847920379,0.2103844963199575,-0.004627496289775379,0.26413805417925174,0.020288031526772804,0.42549583940986907,0.04616979400644924,-0.057507595182471956,0.019477963117854193,-0.06759431535539563,0.005729401348350249,0.03703392356292012,-0.288383971656349,0.1386515735797304,0.05123598048478799,0.12734113818837564
0.10858818771935483,0.09361533404424016,0.16738837142346308,0.08444654831383826,-0.025064241826628617,0.09646719418301593,0.13012649298438592,-0.024017314803465376,0.5469820086110047,0.013595010539595187,0.049315925005589824,0.0654376518402752,0.062031564176864784,0.042954121614616925,-0.005315745408805959,0.03272880767026967,0.096785684387807,0.10941244688651414,-0.017291337500195434,-0.018349182430511674,0.08651510590485158,0.15526665808364878,0.08693733792837502,0.06725468736430018,-0.014489288986940779,0.17181699216794968,0.06166512451232642,0.06026908240721235,0.06357943859896914,0.06909011886354947,0.02501477405210973,0.05081104538686348,0.21682092398976785,-0.04086771240571204,-0.13646147677923043,0.08579851495151936,0.09656046726155582,0.1492716973833298,-0.05008456382197779,0.029923681868752255,-0.020557132530095844,0.06126106640543049,0.1624562866030334,0.08067207465503416,0.13430349213303192,0.10015386757522111,0.07215460752986844,-0.012313186378730412,-0.16957152629175956,0.001020868992352761,0.06510093775599568,0.0018793828846436916,-0.013250109204300338,-0.05610676819783225,-0.0007058237256387067,0.19409337620664396,0.033114374757709536,0.053530766603755955,-0.35883428152486835
0.37958965097537395,0.23356736559870778,0.6738125049899293,0.1046942003366754,0.028150245784201746,0.11273298687602305,0.15727540294454445,0.2509491786798694,0.013595010539595187,0.7010279224537064,0.1463816768865073,0.14155002297056116,0.15514447137242907,0.1728536547467096,0.18601779422996872,0.17757679145693117,0.2277405767871585,0.25135713092820305,0.057617950901860206,0.0818823600978344,0.1628371182996733,0.3072297413978188,0.18811020080278504,0.1307794328977362,0.21214871987335968,0.04778977025543826,0.15209401086891428,0.12004346477524819,0.22501465436035184,0.23557588207209193,0.17137647017432273,0.13839458477050706,0.02075980527549614,0.22022405588889923,0.3802586341924915,0.09856358014717352,0.21392162263548875,0.20789643189974127,0.374494058512885,0.22965853031916328,0.25250871203166625,0.17200986976390414,0.2721133024586895,0.3038738256104757,0.17233403694710253,0.02007869167284553,0.2903105398020011,0.008273499589869567,0.4677482576943936,-0.0518959114844953,0.03956809269514262,-0.1262070623085852,0.01144721451151594,0.032870412220644234,0.03415205065326071,-0.07579104963506145,0.0007986309204079722,-0.03908898101364794,0.050001771985846585
0.3268243543399044,0.17418861443405706,0.4866045062958834,0.13485686032998442,0.10885016252608225,0.19431935761771088,0.1988166813289108,0.24756183284546113,0.049315925005589824,0.1463816768865073,0.3669505724130215,0.2821667802776501,0.1655907646873544,0.16508297772659455,0.22325429417140402,0.16151289170044245,0.22916195938155956,0.1677630776108188,0.09094239513776231,0.20008340646109826,0.1802450605533905,0.23110141418781227,0.13354385896651896,0.1414476631331885,0.20692370826312168,0.13374847526991834,0.16339877122320712,0.136949665720252,0.20295746916024357,0.06409564663080915,0.19894882634758557,0.17971789626161963,0.06190326063815795,0.15923697140759238,0.2924853223499465,0.1415908970101846,0.11454300645904093,0.24495137387099145,0.240814599502157,0.16202706012799636,0.18096053548387236,0.17237530826846337,0.25731463814520755,0.23471064130176245,0.17612803147756123,0.047627480467962266,0.14841617825860326,0.013952479596299935,0.16372808521642926,-0.04074579991673281,-0.023662847875193276,-0.003795637233270409,0.06533739746712983,-0.011479675225601612,0.013067877000472704,-0.07356792847322759,-0.05844642493653131,0.024692534119567077,0.03532606975586671
0.35313390176828857,0.1749990875978203,0.47569542008160387,0.1610535750461995,0.11439948668852014,0.21133999897876235,0.24494085834221094,0.16048857418285462,0.0654376518402752,0.14155002297056116,0.2821667802776501,0.5754243240983236,0.1499569429642812,0.1803484239909331,0.1479407953639841,0.20463479280389987,0.22893708084170727,0.2136820856565847,0.108191500472495,0.11446850350110839,0.16573574714886588,0.2810716542254492,0.17086557826813575,0.14074353548946372,0.26118632551856513,0.06803886124140378,0.1903696905368928,0.1589842113235693,0.23046235644045124,-0.10263869932817588,0.16226243077161448,0.26993323495981003,0.08579307456910984,0.15789230736375026,0.10566261389474904,0.22136788786846417,-0.025833716905423604,0.2566724646425628,0.13172018411664335,0.1453554965333136,0.1561732591788448,0.14577180911713877,0.20181910049313087,0.22247118263808321,0.09890568259124798,0.051330072735895876,0.0780475677834038,-0.0024000952331636317,0.18124757596822322,-0.18897349659169385,0.032033961417128706,0.05894139394351441,0.0002896683418686067,0.0277125655119181,-0.016972542388600076,0.03215873722594003,-0.08760575904728911,0.051210011661612966,-0.11434443656899722
0.23025451303482794,0.10155936931824239,0.34296582006943516,0.12296764544471518,0.09688590170942378,0.14972409468515424,0.15052352094521035,0.20819913245367072,0.062031564176864784,0.15514447137242907,0.1655907646873544,0.1499569429642812,0.2883475203510572,0.11766815687913303,0.04100620522487354,0.150385809793359,0.15131902287160773,0.15180723112591957,0.0919919322921879,0.09928802373115495,0.14458679401289953,0.21458719483102065,0.12832339967128606,0.11020114880955112,0.14452484275982236,0.15959490545218818,0.12069774017046757,0.10839177200198354,0.2077488637044941,0.0684056342785857,0.11054996523777644,0.0735292945555477,0.08822279317115575,0.11454895226811469,0.23176616527997757,0.08515354247868265,0.1356603398826225,0.17762712028365754,0.23205582538831995,0.1363520676636856,0.11284712988391736,0.13384260589883776,0.2288258211277136,0.23368892528591356,0.11449683442209652,0.019180849064542482,0.13198824211547647,0.009026363701174218,0.1755802482826228,0.028574587246118312,-0.03794421297413682,-0.029516538909434696,0.01100537747845376,-0.015348843558252601,0.09965045726297302,-0.08651011696218838,-0.11631520554915749,-0.10794208787042318,0.22809064814488367
0.40833957800859555,0.09848284057201266,0.3897596833360365,0.23027686902974526,0.16600795294098578,0.20386191680173948,0.051374986319333564,0.23352649448766583,0.042954121614616925,0.1728536547467096,0.16508297772659455,0.1803484239909331,0.11766815687913303,0.5686630665770793,0.2577881890501404,0.22285464182774753,0.20162630596512224,0.1250738145185606,0.12634201228558745,0.21156110186040636,0.14916430864758112,0.2549893945682825,0.176846602723103,0.12993222047402822,0.22600898380976786,0.01105904394562942,0.14885657466877755,0.12821894011005036,0.0721910380434529,0.10573788761395397,0.19175074199196973,0.2132093113031161,-0.012112557505993342,0.15852502818624653,0.2601455947922488,0.09024072236575037,0.10791740618980265,0.27038554301964923,0.19105660191376383,0.19564455809005799,0.284519299157615,0.1560969301270279,0.2708921018566799,0.28885590430154606,0.10263399551223572,-0.006081917681267124,0.18145348059086902,0.013485723056446871,0.35314861600040404,0.04745634978954625,-0.031053228915148234,0.01648274718706635,-0.08722917052751221,0.050396675239299374,-0.03311051661988297,-0.05385475007511217,-0.10217536264853794,0.08188494386877218,0.09887201445707303
0.3429932831254653,0.30747715215950994,0.41755709561450205,0.11319834008466416,0.16890484320308052,0.1746745611790694,0.07785007290247409,0.12585383240244824,-0.005315745408805959,0.18601779422996872,0.22325429417140402,0.1479407953639841,0.04100620522487354,0.2577881890501404,0.9222516182074276,0.043980675194989174,0.15168061403461952,0.06152928129913469,0.10740243516696438,0.29498682965356077,0.15425526605138146,0.13681309992542254,0.09755307959220438,0.18404059968927178,0.2020870080009721,-0.006272767266289979,0.14569775925560388,0.07929813815044127,0.11192874702843052,0.2895905020319866,0.21967077935880847,0.21993805023574817,0.06497310987618354,0.20725606159852375,0.2725161392195092,0.1291763015970134,0.24989329887510242,0.11575665263963979,0.22274226688676857,0.09754560296361003,0.2863404733957996,0.16280337190592234,0.1633763464801884,0.10759297007680127,0.06451559572961593,0.07806664269758966,0.19137321161892193,0.03167806745582121,0.24747525712463656,0.04065015837432939,-0.0384625507152939,0.052411352996419844,0.021479679477359834,-0.06477218695346172,-0.014817226085948942,-0.03903789327693077,-0.1813712658254622,0.07418380939492585,0.1527434941671268
0.24390307002271977,0.053365699458550436,0.2179110742164639,0.18156734039843705,0.2063553125951184,0.1514873682414845,0.15332937492060322,0.15818547447109668,0.03272880767026967,0.17757679145693117,0.16151289170044245,0.20463479280389987,0.150385809793359,0.22285464182774753,0.043980675194989174,0.9279210546954544,0.25660902650241313,0.2185369904008059,0.1264506117571939,0.04145340734698044,0.18299773798901472,0.36380715406194075,0.2085861268868123,0.19834317305865856,0.2435488850404905,0.23814466103905177,0.2454103581029968,0.2758631901075108,0.23966945297406722,0.07122620757248231,0.14448690504872955,0.3553454645743995,-0.0035921258579955607,0.2540889812963473,0.3641515983603709,0.11319707779397381,0.05493158071747431,0.35953565189164677,0.24298411891192578,0.25121171235496564,0.21918307037832882,0.2163377697941909,0.45360854884494023,0.5273620258787527,0.24607503120360627,-0.04868662816781837,0.1697409202876445,-0.0018645791442735025,0.19490633144717812,-0.21005479209463784,-0.013471887911703789,-0.1388157415460268,0.06289358215342992,0.08547916908874871,0.07605793694290208,-0.074460151824218,-0.18247970089499405,-0.04662489196389967,0.2337058777375108
0.23735599342959748,0.1425824798867461,0.4244978111083898,0.14427456499244587,0.05507499916923664,0.1919231368856055,0.15770277245741016,0.2168552757472491,0.096785684387807,0.2277405767871585,0.22916195938155956,0.22893708084170727,0.15131902287160773,0.20162630596512224,0.15168061403461952,0.25660902650241313,0.8105328223588079,0.09102313895588814,0.06213360475097023,0.2695751496508586,0.23628900597419245,0.4448088409622813,0.1601432536741182,0.1630513505413292,0.335660393583701,-0.031184383832689993,0.22112456829104363,0.4234343724207735,0.2544140556446134,0.06136652222248017,0.29501380074788036,0.23209841176934717,0.20480462186067394,0.17990935621471632,0.24281450363888823,0.21612477397729207,0.16973999825364103,0.5219722809376808,0.16904274767139513,0.20004806979879136,0.3273626135825128,0.25629331446425857,0.4587104504401282,0.45566493301801464,0.23294680957264477,0.025187144709447253,0.1800972660838291,0.01669281089081151,0.2612078970310236,0.12421949652859417,-0.08887232312829015,-0.024357300290775926,-0.09026410460475381,0.041333034828062144,-0.1435882352154692,-0.056583432661528724,-0.10956883863385114,0.13852337666617953,-0.00508283901770302
0.3677118813390344,0.24247649872035054,0.45277386606551934,0.15969604110978544,0.08408127313102452,0.14939258594588092,0.21609832541944218,0.19961905454660503,0.10941244688651414,0.25135713092820305,0.1677630776108188,0.2136820856565847,0.15180723112591957,0.1250738145185606,0.06152928129913469,0.2185369904008059,0.09102313895588814,1.0304593340156583,0.09384115329974069,-0.1832461390180173,0.23326484607286527,0.28297117868564514,0.3059695045782301,0.14320210163797453,0.15334064485104054,0.49923392673854317,0.06540032951524986,0.04900371888743591,0.3110830942773913,-0.07070090963042662,0.030699665381566932,0.08187256422517931,-0.019433831668670683,0.16722623759796923,0.282087679172497,0.04619574052914913,0.16442797026617217,0.13472413016728207,0.25343556024612834,0.26852875551926547,0.056501355071304764,0.18989739939642813,0.4745898322948452,0.27012252201299713,0.3715075447357498,0.023250156871290253,0.34380282820442454,-0.025406829617654163,0.15274212837579051,0.22381092620517345,0.22506970936835974,-0.2572727529510258,-0.3838750825961505,-0.021273416135028644,0.09832536545224037,-0.010597652456082822,-0.00728914254045951,-0.021602163457032555,-0.011770236896463109
0.15404806401845814,-0.009745746810396026,0.22255872736089805,0.10041973829180866,0.2815542557209113,0.24334587525699317,0.021575981256790902,0.13790726512089238,-0.017291337500195434,0.057617950901860206,0.09094239513776231,0.108191500472495,0.0919919322921879,0.12634201228558745,0.10740243516696438,0.1264506117571939,0.06213360475097023,0.09384115329974069,0.5058845029717268,0.16121776798208526,0.08613677459922083,0.15493892073342738,0.04406884829760488,0.08994934029505382,0.13870574324077867,0.044698062230541506,0.07265270157724701,0.11435041072068235,0.08529515201086796,0.023109302606621814,0.12432375526579055,0.13455807590955923,0.022691915440524606,0.1240782599409877,0.0886220436489517,0.1054803198734305,0.041930973270785835,0.1628871191190753,0.13276485051211617,0.05342095070932703,0.12767576402711386,0.0841605317284579,0.10144037123404724,0.10167382028962464,0.01917797509173444,0.03410235812918002,0.030953221719659658,0.005327464330394816,0.17925945275989216,0.11237107540646665,-0.036660385129061446,0.18062521587872882,-0.14719496040516672,-0.052986776858953616,0.006758443854812858,-0.06385206545322597,-0.06469445743817366,0.018159427714827037,0.1193841632780188
0.18270995292112832,0.1060686699601779,0.3744913195416102,0.09954076104154906,0.11911911628393129,0.2899103294596725,-0.0031573808935268506,0.2628156019324921,-0.018349182430511674,0.0818823600978344,0.20008340646109826,0.11446850350110839,0.09928802373115495,0.21156110186040636,0.29498682965356077,0.04145340734698044,0.2695751496508586,-0.1832461390180173,0.16121776798208526,1.2712849984192747,0.1185023023525524,-0.13070047144519487,0.02132867875163992,0.12851062959798082,0.20826913270949404,0.4005615235803844,0.2788001727531347,0.1454244544873701,0.3794814738007853,0.12329563549860055,0.26556107510813076,0.2981043489170905,-0.1101031482685636,0.30973706438322485,0.4315333251215993,0.19046728647804337,0.05639437317709363,0.2923309073506489,0.29508763075642536,0.30431093619222715,0.25906169204558477,0.23315020035131218,0.31601676549613417,0.005166141070156111,0.3461845828697809,0.030061527371595027,0.008525402231586297,0.10076921995058355,-0.04362891092414492,-0.02325643289695934,-0.20331025730733493,0.050950786318039294,0.20172238929519837,-0.02411631397131218,0.006808429733684673,-0.14528233441640084,-0.0492483714642672,0.004630211097285935,0.18184987750734405
0.30888715037066256,0.1969326706811877,0.40242121555920995,0.11818374388771183,0.10430402921387678,0.16932195520757518,0.17199315116189756,0.1525531289401804,0.08651510590485158,0.1628371182996733,0.1802450605533905,0.16573574714886588,0.14458679401289953,0.14916430864758112,0.15425526605138146,0.18299773798901472,0.23628900597419245,0.23326484607286527,0.08613677459922083,0.1185023023525524,0.4764933829848085,0.3045748758948538,0.18998224521905377,0.1685171806109466,0.2057028792417815,0.08143109947897119,0.14403475805582275,0.16588234011580505,0.1690246937033618,0.20974334237412404,0.26904650003231695,0.13223052038507588,0.2007073316867113,0.11971892604486933,0.3525003261175928,0.09524142503673598,0.35832797048667353,0.4606760371748917,0.24951786628644826,0.28280424050183084,0.33456207939590665,0.3350740444445279,0.5949033516138201,0.38837145900384384,0.4787622912735615,-0.021327771580016114,0.23863323391780425,0.05308347810888225,0.13319958483366146,0.06617472623141023,-0.020304453040983106,-0.0462562442558044,-0.038890566302073104,-0.0010190192737718775,0.0975746119558842,-0.05293551268283507,-0.17906165647343633,-0.061696844714222654,0.21745914092498644
0.5877058510442155,0.2232869232375741,0.6280263968738262,0.1999161694747522,0.1948763586027319,0.2961128711287711,0.3721977328129491,0.23614986568020288,0.15526665808364878,0.3072297413978188,0.23110141418781227,0.2810716542254492,0.21458719483102065,0.2549893945682825,0.13681309992542254,0.36380715406194075,0.4448088409622813,0.28297117868564514,0.15493892073342738,-0.13070047144519487,0.3045748758948538,2.0008978504872554,0.320092201951779,0.3376863043464967,0.2710657194453366,-0.24818532201244656,0.2550094602420047,0.49474151955018036,0.20963023347332427,0.505715869918382,0.4474103123903443,0.44364363639812593,0.4680458231934073,0.2506367195912453,0.26740973413748587,0.3625347145619152,0.3998962163138753,0.8864174676237442,0.6766893227116111,0.31418119082710916,0.5994746069175938,0.31612065150929414,0.47248249857448915,0.9572036409469523,-0.21321043997538103,0.10711248547185796,0.44915417475928276,-0.21799207070417598,2.462792139351023,-0.08048656328026775,-0.21090975352717445,-0.2140334023240739,0.03653355207110495,0.02000423435005645,-0.05014833966761541,-0.0022182581710946114,-0.013805402299893327,0.04120528138098914,-0.025426033726770728
0.384785402854823,-0.21284074119145513,0.3648005335400973,0.13160156348243204,0.13498021683689693,0.08546583470154592,0.18712586352631727,0.0948438668604504,0.08693733792837502,0.18811020080278504,0.13354385896651896,0.17086557826813575,0.12832339967128606,0.176846602723103,0.09755307959220438,0.2085861268868123,0.1601432536741182,0.3059695045782301,0.04406884829760488,0.02132867875163992,0.18998224521905377,0.320092201951779,1.4639724266083856,0.11575215787689916,0.23324683218515352,0.0617655672999339,0.04350445302051294,-0.6290942240937825,0.287706354880611,0.04041236037781393,0.16331877958362595,-0.0664278284826653,0.08827114248319534,0.22330744201329994,0.16852918199699934,0.3541300168211845,-0.09009457321556151,0.2472644666490187,0.13661056015261797,0.22399482434380277,0.17636650854812208,0.17791756800535286,0.22940471994124187,0.5411230314285059,-0.13209570772435628,0.14352129610920478,0.10961294758597954,-0.0012112720138320995,-0.026343433684496285,0.13906218480850585,0.049184820754173963,-0.1474468087010076,-0.05067163333984755,0.020691702039884022,0.05033420255322037,-0.05133394964325642,-0.22794221047909097,-0.06940060037768271,0.19630311565867684
0.06644470181716589,0.0761995344231104,0.26589482995126945,0.1718162106322918,0.14520457414981178,0.1870138422923317,0.11345367991469855,0.13157651957056476,0.06725468736430018,0.1307794328977362,0.1414476631331885,0.14074353548946372,0.11020114880955112,0.12993222047402822,0.18404059968927178,0.19834317305865856,0.1630513505413292,0.14320210163797453,0.08994934029505382,0.12851062959798082,0.1685171806109466,0.3376863043464967,0.11575215787689916,0.6859048952717786,0.13642474787044856,0.026309426917870565,0.2117183698332798,0.14842732915014853,0.1026038103891085,0.3748336502191856,0.1252344682323064,0.6059233733288354,0.31616758724590466,0.24056131556907187,0.10394374184670863,0.11232434603605691,0.20334754708174138,0.28921062785765794,0.07621997770400014,0.110105004501885,0.24541358259333856,0.17270077370004844,0.32104294709042697,0.2677989984018615,0.026988339409560344,0.02013955992635617,0.2547773655365651,0.017267259194838774,0.31367273745275825,-0.018872316045829306,-0.10918426294745062,-0.1137880374280611,0.12028230682494911,0.0018651076701516507,0.04309800633430446,-0.07481659497249347,-0.13725064409370016,-0.1569330120882386,0.3358553255560158
0.4548311426152709,0.18158325129883407,0.4945746560088031,0.1190073342598844,0.11770277125410693,0.19289161667876562,0.1957699041754527,0.22551586762121453,-0.014489288986940779,0.21214871987335968,0.20692370826312168,0.26118632551856513,0.14452484275982236,0.22600898380976786,0.2020870080009721,0.2435488850404905,0.335660393583701,0.15334064485104054,0.13870574324077867,0.20826913270949404,0.2057028792417815,0.2710657194453366,0.23324683218515352,0.13642474787044856,1.1453009431103705,0.04424225879110724,0.1852787501670762,0.26403905580915427,0.5363353635735288,-0.05691932608424849,0.36283906514476566,0.28531392028264185,0.013309458781992002,0.29056762785590173,0.34427816172274667,0.26575438757198766,0.028999395093397603,0.327106416998207,0.3822112404913426,0.20978384394514252,0.19654364642080224,0.1964638205477372,0.3066822612231251,0.3565875990244659,0.2413012806463012,0.03285832866901773,0.10479210157745221,0.02030324873559955,0.19044670998504082,-0.5684952842067873,0.09362072319061557,0.19009529345952195,0.2056126578121239,0.020118683288621642,0.03545699368055185,-0.08092929771720724,-0.08233564509306485,-0.012450833078312509,0.10872945676168602
0.05539403602508496,-0.1449752469812394,0.13083340302167742,0.15634002948548043,0.11603680765875403,0.14823427006540604,0.08026181494802846,0.18617275360970872,0.17181699216794968,0.04778977025543826,0.13374847526991834,0.06803886124140378,0.15959490545218818,0.01105904394562942,-0.006272767266289979,0.23814466103905177,-0.031184383832689993,0.49923392673854317,0.044698062230541506,0.4005615235803844,0.08143109947897119,-0.24818532201244656,0.0617655672999339,0.026309426917870565,0.04424225879110724,3.0275050724052166,0.14060750890905466,-0.11838927966614549,0.41395356881400913,-0.28995832777759695,-0.2022792062842989,0.12070750908888445,-0.33163269606198575,0.2204464599180168,0.4817509160813382,0.042540386063970606,-0.05672266125753315,-0.008946173480369708,0.15476057680986538,0.16386390416069235,-0.5197715388434363,0.19449503547162866,0.5070259858471372,-0.11484530712833636,1.1430731273938837,0.06942600931530486,0.041956806437985814,-0.02584643724316333,-1.1661668395554743,0.2826741263576014,0.07564894202882853,-0.31021565099262716,-0.1331160786478301,-0.1322334881626186,0.1931770754362756,-0.08281134814308364,0.13513747568006296,-0.1610495862626504,-0.05767247486004146
0.18776531779242345,0.1868949759608222,0.26575124824076773,0.1299514633412925,0.1125609912296755,0.17443567817255393,0.12394367939894478,0.14789896612596187,0.06166512451232642,0.15209401086891428,0.16339877122320712,0.1903696905368928,0.12069774017046757,0.14885657466877755,0.14569775925560388,0.2454103581029968,0.22112456829104363,0.06540032951524986,0.07265270157724701,0.2788001727531347,0.14403475805582275,0.2550094602420047,0.04350445302051294,0.2117183698332798,0.1852787501670762,0.14060750890905466,0.6868169284254102,0.2332460056467014,0.08699683920730811,-0.03877785888337996,0.24648009739935464,0.6050573755522117,0.012204749783377222,0.2534231711232142,0.21820528754523147,0.19258248642321749,0.002822256319672811,0.37285502563270345,0.10135020133708542,0.19465608169549165,0.2635961766492941,0.18615954924151606,0.4413040859681843,0.24785803676031262,0.20610847260087695,0.05451279248834042,0.06974732514167274,0.009477306736286967,0.04901772405048559,-0.08240650179038451,-0.10285152964191874,-0.003571105052955555,0.14402541400296737,0.009770526711299615,-0.0004127061931346178,-0.0016341509399169084,-0.027965528493099717,0.019555679334133116,-0.012635389654432689
0.17886041037882758,0.35515121286590345,0.3136039931297888,0.06703109782517228,-0.015411746999526051,0.1760480232352538,0.10949974795319282,0.18702204849813275,0.06026908240721235,0.12004346477524819,0.136949665720252,0.1589842113235693,0.10839177200198354,0.12821894011005036,0.07929813815044127,0.2758631901075108,0.4234343724207735,0.04900371888743591,0.11435041072068235,0.1454244544873701,0.16588234011580505,0.49474151955018036,-0.6290942240937825,0.14842732915014853,0.26403905580915427,-0.11838927966614549,0.2332460056467014,2.3618739357935987,-0.09127690776768488,0.06448227446266468,0.4486131536859099,0.39882983254232646,0.2114310838552133,-0.02454346390626518,-0.06212354176535441,0.3433586408542575,0.09052554939634132,0.6515029647083295,0.235224412877699,0.21395675493815688,0.3962580472967012,0.1480577163603435,0.6017880836142064,1.0297956197630447,0.3368564448875833,-0.33077479214382344,0.012687496343062111,0.03996712623383291,0.1933746489256574,-0.42134232682873024,-0.04993983152055134,0.5195646590553499,-0.440258473627096,0.12285139426759943,0.2228937334528543,-0.04230676932440241,0.03179328781968372,-0.16249678970280612,0.3281226305040598
0.26414216350422376,0.16414070294568694,0.59968686806452,0.10546927787961136,0.04813408969656717,0.17421185127169458,0.15626862228383398,0.2197799510641993,0.06357943859896914,0.22501465436035184,0.20295746916024357,0.23046235644045124,0.2077488637044941,0.0721910380434529,0.11192874702843052,0.23966945297406722,0.2544140556446134,0.3110830942773913,0.08529515201086796,0.3794814738007853,0.1690246937033618,0.20963023347332427,0.287706354880611,0.1026038103891085,0.5363353635735288,0.41395356881400913,0.08699683920730811,-0.09127690776768488,3.3435047254801127,-0.4301353333704329,-0.6045908667671944,-0.29134829895643904,0.16729421432007335,0.5995936618307711,0.5694157501043429,0.24790009072878996,0.13816677210732428,-0.1569076345653144,0.360922471587358,-0.011111076563433821,-0.4269200435191204,0.21133020448017437,0.44951850532301174,-0.1813686704650637,0.4347903450133436,0.33279207730323557,0.1423684799305953,-0.045250181691951476,0.056336048326222764,-0.21220115404461445,0.19599387899564225,-0.02959356503201025,-0.007431424104583735,-0.1273454426353816,0.17666912459495626,-0.018656198554303408,-0.19400492964069713,-0.2652092262013209,0.2702015368606256
0.32984605595085553,0.12092456194003447,0.28228735394771143,0.021935109529261497,0.11251743134301331,0.06653332371749451,0.17069412044155663,0.10608351947216524,0.06909011886354947,0.23557588207209193,0.06409564663080915,-0.10263869932817588,0.0684056342785857,0.10573788761395397,0.2895905020319866,0.07122620757248231,0.06136652222248017,-0.07070090963042662,0.023109302606621814,0.12329563549860055,0.20974334237412404,0.505715869918382,0.04041236037781393,0.3748336502191856,-0.05691932608424849,-0.28995832777759695,-0.03877785888337996,0.06448227446266468,-0.4301353333704329,4.449112729398495,0.10691324114994896,-0.6498502319120976,0.48774545527764424,-0.04669862277585058,1.3560616816384807,-0.09147594225898821,1.5816243693614327,0.010352099064442292,0.9183035442350396,0.5200850418052415,0.5357128014258631,0.3223259596773564,0.8999938614646751,0.4152457000946224,0.5934725432497076,-0.24791727322970147,1.6740703732359457,0.10404444719230405,1.9254370563801224,-0.320943753152664,-0.2783239144325823,-0.9167390643912344,0.6379581503006586,0.11054859940495353,0.15252085656498063,-0.03929618207250368,-0.08261860733331886,0.1729992125635378,0.02450527965422682
0.3627053412475506,0.15240229959102014,0.34601305829042667,0.11240389373409027,0.13668298772188114,0.1808619430373435,0.16480421219330993,0.15984304784011796,0.02501477405210973,0.17137647017432273,0.19894882634758557,0.16226243077161448,0.11054996523777644,0.19175074199196973,0.21967077935880847,0.14448690504872955,0.29501380074788036,0.030699665381566932,0.12432375526579055,0.26556107510813076,0.26904650003231695,0.4474103123903443,0.16331877958362595,0.1252344682323064,0.36283906514476566,-0.2022792062842989,0.24648009739935464,0.4486131536859099,-0.6045908667671944,0.10691324114994896,1.635664920775528,0.4316149953384859,0.12663929439266933,0.08938603265982159,0.34641508032155494,0.5583629270607107,0.17771726209236333,0.4425950455361599,0.4092795709672742,0.18894041008309592,0.6514660868235626,0.25536584601457857,0.004376047426627375,0.4551577662395117,-0.010426979261582883,-0.035024135641509725,0.05548092200332923,0.04309789111287373,0.5597401162340747,0.05700284279413754,-0.20435534610221087,0.16281759155245704,0.04928489550680745,-0.02664792400403403,0.0761538246394376,-0.0824600822810488,-0.01556587336881305,-0.015083746223641094,0.07165373937707957
0.009302720695840146,0.17519404870704774,0.17968661744249947,0.25540638637657126,0.2500657567685092,0.3144296263732729,0.11657108120484291,0.12134207841066542,0.05081104538686348,0.13839458477050706,0.17971789626161963,0.26993323495981003,0.0735292945555477,0.2132093113031161,0.21993805023574817,0.3553454645743995,0.23209841176934717,0.08187256422517931,0.13455807590955923,0.2981043489170905,0.13223052038507588,0.44364363639812593,-0.0664278284826653,0.6059233733288354,0.28531392028264185,0.12070750908888445,0.6050573755522117,0.39882983254232646,-0.29134829895643904,-0.6498502319120976,0.4316149953384859,2.9500000198374456,-0.4420632257512,0.8094991176393046,-0.28567955312414844,0.3229150977053615,-0.7007508920512708,0.5547548334440923,-0.15018755655275573,0.11398456874775395,0.4885320827805997,0.13535945275043038,-0.014121602656487773,0.3687816231300086,-0.22807535423610242,0.005193918453268436,-0.13874192006863362,-0.07122788815716152,0.2375847467891436,-0.1777710647651606,-0.10713633573020935,-0.0988515012991732,0.2784209969337439,0.12518321423059245,-0.2642486561646116,0.09524795283385983,-0.050829488143911285,0.07890785630686531,-0.1398581302272955
0.1273706369383023,0.07417823863898623,0.1590583612430171,0.07451508068073373,0.020622163002300718,0.031951358068661485,0.16904237069535155,-0.020999281148505796,0.21682092398976785,0.02075980527549614,0.06190326063815795,0.08579307456910984,0.08822279317115575,-0.012112557505993342,0.06497310987618354,-0.0035921258579955607,0.20480462186067394,-0.019433831668670683,0.022691915440524606,-0.1101031482685636,0.2007073316867113,0.4680458231934073,0.08827114248319534,0.31616758724590466,0.013309458781992002,-0.33163269606198575,0.012204749783377222,0.2114310838552133,0.16729421432007335,0.48774545527764424,0.12663929439266933,-0.4420632257512,1.8910041464377567,-0.44132571377091445,-0.8745658364292777,0.056411085455510455,0.8144464257756024,0.4807621626797748,-0.3643644005677494,-0.17272006773530477,0.042175297665779994,0.12850596677967518,0.5344869262612854,0.15196756566101066,-0.11985891650183046,0.1581484461039609,0.19794505223353784,0.10519086444799403,-0.015370705937431346,0.28517310076415825,-0.1013072079847507,0.19051859733002374,-0.14526211560263022,-0.22958361245411837,0.15449644393383508,0.1859152775355012,-0.24787552436605007,-0.2195716628563992,0.26861255466638656
