2.386397088525528,0.5113808338024904,1.0287326696493264,-0.31394693988710914,0.3515855249915205,0.36078763454699253,0.5683713388777174,0.20420712160757015,0.5597334176774101,0.31064743403262496,0.36233254092267336,0.4151542765026474,0.2788994193074199,0.5378916781997427,0.4003277900008631,0.4047010326190281,0.39194642525635104,0.445434428287944,0.24941206196564816,0.36202618034839307,0.31360661021503283,0.479891468505089,0.49619476362750986,0.2728004950305469,0.44504169472331,0.5103134677809735,0.34136712251156126,0.176663694871559,0.6219248940129247,0.4304577558780387,0.26543618002053154,0.4829356924621555,0.43353845185293566,0.5564534202362085,0.6390416411255115,0.1698086044517496,0.2530884471205907,0.20564135135933118,0.3106107643259852,0.40076506134729567,0.12978835601901137,0.34517690868327305,0.5006395743147274,0.0445552244946235,0.48814699276137674,0.11931341403225139,0.41961570482245064,-0.012091972850979807,0.6615928747348845,-0.030768277573720738,-0.1734655532069365,0.02564100621344293,0.23608010472390012,-0.03659026455531112,0.09273380240444201,0.0013184296512689163,0.18787632115423683,0.1891562536546228,-0.4011232700153148
0.5113808338024904,2.463321453447868,0.9855562702764539,-0.07017126431197292,0.24013209794827403,0.35677239093584145,0.23260784311369959,0.30662290836970685,0.24883109197793632,0.2755596496480241,0.2562497700923434,0.2606169264323746,0.20079503891814765,0.06596359248519196,0.46268317895050715,0.15870856483569118,0.302108957848141,0.5579127252951079,0.2917282495859717,0.3051150767132331,0.27025704002748374,0.19679351528592776,0.4237661449025322,0.023925452367524885,0.3089839626355693,0.17293645788146816,0.20564826207991013,0.4708434393900432,0.40274808727497863,0.3564305215038363,0.06320744000521358,0.10619302712307939,0.5010824489499812,0.3857014117051475,0.2952297871280215,0.0021633401336395405,0.7526016582969677,0.15846161828125485,0.35439289626057463,0.2552335318969274,0.20024368145544003,0.27967062668257686,0.42818043798997174,0.05446126507663202,0.5456759771515141,0.11103745935483708,0.40518687832733036,-0.0341743110730393,-0.049561702974088795,-0.12053230246064976,0.30040115349862434,0.4382958648847602,-0.1759840777209796,-0.25229360487064706,-0.29120997454991865,-0.21832494457205065,-0.6242927675572069,0.5986355919928633,0.24933008288273786
1.0287326696493264,0.9855562702764539,2.5021262768406802,0.4168575508432281,-0.09393904249401522,0.5185442885908281,0.5478384163322344,0.4516957906570138,0.772948455583418,0.48462520854514163,0.410728331122211,0.44868193763323827,0.30898454970051664,0.28761900325375445,0.5155390126956211,0.32237836692403377,0.49269054251707095,0.5588244110240529,0.31288048466909296,0.3912728287714136,0.36954135199489185,0.5060000896512472,0.5544901973674993,0.2514203916345416,0.41373170677009813,0.36108626882729233,0.3516012943886114,0.47798556145340365,0.5522664349446945,0.6082394708357272,0.21650382534185433,0.34050551462289086,0.5997258881356731,0.536094190456131,0.6077680440538094,0.26859852947098894,0.5233998427374653,0.17324971994763408,0.6555626140268966,0.42048915318681307,0.23317324545509857,0.39704002259614807,0.5599095544749321,0.1386321456085124,0.6585622150669925,0.07323081266167848,0.5859968003936487,-0.04950945908417161,0.464961722009781,-0.012002547265037914,0.03205108150532738,0.460650719217178,-0.1726645785232873,-0.2147046589752854,-0.03535614125131807,-0.0009221719223729659,-0.03288835280215325,0.15810354030934418,-0.2324872833805025
-0.31394693988710914,-0.07017126431197292,0.4168575508432281,2.8065987542285025,0.04423948599397997,0.43526359814383897,0.6721594365463326,0.5137280367205678,0.3351008483405948,0.33485313528736077,0.3931433622442226,0.572403122825057,0.2197162065390327,0.6737270397969006,0.11039111612909995,0.6034435770177039,0.484653184209747,0.1801352415774874,0.23248734255238723,0.34102777383991817,0.31518058627074613,0.45755520841706454,0.07065521265231965,0.09490793193496902,0.3991069308359179,0.498034235476361,0.39889146715514084,-0.16138551012095753,0.5251918761053831,0.3562157974791268,0.2221583659931496,0.6067348005096476,0.3957864725145434,0.314677827868519,-0.27569245005682225,0.6205597780491188,-0.11153638766508232,0.18356829742631894,0.35575909002955064,0.1243465843427225,0.3250298560315491,0.2751643014166764,0.35504922265636923,0.21587480459810288,0.27153044490569733,0.1066446495420532,0.3599543478128107,-0.026318732654936238,0.1325874306747574,-0.2009987074066744,-0.013246743524261305,0.10229976738099401,-0.03813441657782354,-0.12210829770726948,-0.2896994674269679,0.0023075380682951122,0.03120527875880976,0.5437402820609607,-0.5131351666930815
0.3515855249915205,0.24013209794827403,-0.09393904249401522,0.04423948599397997,1.2807372143025597,0.29182639612106365,0.1473332451209139,0.3482326715557775,-0.034598109342990145,0.13503685975417187,0.21368296447871934,0.22013615028727251,0.1706378937301795,0.19960286031135263,0.3060349111329218,0.2265467714733327,0.15920469566267015,0.19140609121176402,0.5345716947419212,0.2854064291906505,0.12268079911056465,0.11017083127941876,0.17653888669046944,0.09484471879264546,0.19889555521831193,0.29925196428756917,0.14291996809655783,0.08230624861349102,0.1163632108998948,-0.17864006902868115,0.17608716937578137,0.15639819223344367,0.1579736936892936,0.27512449087919844,-0.2162901842266193,0.11438042420347012,0.2994814158455719,0.194415020395362,-0.014584738382594758,-0.0035527438087287738,0.21982579993177404,0.13947144414109944,0.08654958552825057,-0.009451991157784528,-0.027021444066196186,0.251489629735674,0.030258758046238246,0.027502325068291145,0.1905042509220761,0.2482237680663574,-0.006323114726491134,-0.2813073812754009,0.18686254225679347,-0.13629625586625116,-0.09408373479457893,-0.1199094672012136,-0.1272686171882559,0.22142711865755538,0.09986168634059463
0.36078763454699253,0.35677239093584145,0.5185442885908281,0.43526359814383897,0.29182639612106365,0.8039355753815616,0.31054563207713803,0.45726978286510817,0.2246824306360583,0.19058109359859926,0.31985199973861494,0.3201954005434939,0.194848585460513,0.22167732879592236,0.27707112928478145,0.28165626958380946,0.2977452048070306,0.23620358365169342,0.4806521021974166,0.3945613304474753,0.20297068009167268,0.25848058304690646,0.19589876820908608,0.12134139832852849,0.3417830695982699,0.35618391629314794,0.23835624391015323,0.1283323519943699,0.44753608808274165,0.2163093629376393,0.16071691661848572,0.2527370047254885,0.22538015126727376,0.30235355849973145,0.2770571047925771,0.14606776999880006,0.2529684851207755,0.1934483688350805,0.24517383663591458,0.19591846248574893,0.1468262345769931,0.20951579670101114,0.32439955856717545,0.06819088809899997,0.24979987533086812,0.09234899737101257,0.3734741245133796,0.010151235555564908,0.33560984863890575,0.1850086648911025,-0.19701667480436041,0.16056267119223336,-0.22594464308654008,-0.06796802157660396,-0.10498917941749081,-0.026450467414020965,-0.046452376510128075,0.32398200045468084,-0.24727355046413704
0.5683713388777174,0.23260784311369959,0.5478384163322344,0.6721594365463326,0.1473332451209139,0.31054563207713803,0.6566673932430227,0.27126329987179,0.3760418107596277,0.2632162990772931,0.29339204491982895,0.3798864784316535,0.19754948832976746,0.24444858134948738,0.20086441126304824,0.30464020987905427,0.3169381432794875,0.2818277523305817,0.16325543580103438,0.15267467308193897,0.22546265762390547,0.3318078025416869,0.2731793167646616,0.13250646295639146,0.30332275070659503,0.28100689065808404,0.23115835558819064,-0.0744358925688321,0.4357666404465747,0.2616544801273717,0.15516030286993743,0.2620789711460845,0.3228143717582661,0.34237723325183944,0.2084137378935939,0.24438434514497928,0.10397699358178712,0.09090123327461552,0.33950181035057136,0.17489851976652515,0.1406369237890291,0.21624572992338245,0.27601618216529006,0.07986787657396839,0.2219556026529262,0.07824603937410932,0.23702756438193154,-0.024490511902745482,0.3731823204854466,0.021601015745791218,-0.10600105792175607,0.06865356271588627,0.020526709366151318,-0.09885284889723028,-0.03424689810241208,0.058156244434007326,-0.025403554745974236,0.1886623999326426,-0.26405099134661625
0.20420712160757015,0.30662290836970685,0.4516957906570138,0.5137280367205678,0.3482326715557775,0.45726978286510817,0.27126329987179,1.0464893169251377,0.06238950138766657,0.19504183806521747,0.3274553128194518,0.17328305929314936,0.21181408831989676,0.19353193927174386,0.24775459903500593,0.2400096837474897,0.2841207985785545,0.3168038520864563,0.4224330245184699,0.4330821042741103,0.1622569812358535,0.16658002073512732,0.23118733163436472,0.09281377517132924,0.3538969154814337,0.338263503182123,0.21686109389125355,0.3368274333315265,0.31233739180758596,0.3109406802173241,0.15494787261755766,0.2110820166733773,0.23364345729378103,0.2957492361121154,0.37655737617992996,0.07287049269514795,0.33046142968450426,0.20274990624518377,0.3210393091349481,0.2297663147991178,0.11577771139811348,0.18883567161926101,0.349986648137272,0.08496179801891687,0.39052173409190843,0.07112340602216614,0.47274795882186316,0.016293597259704376,0.18620671556841553,0.1547528685895058,-0.05102592006931411,0.21815582089896177,-0.17966676527137035,-0.12113738438666727,-0.047366203769363194,-0.023384678606124403,0.06901217396320396,0.26736397247398996,-0.34760058180044406
0.5597334176774101,0.24883109197793632,0.772948455583418,0.3351008483405948,-0.034598109342990145,0.2246824306360583,0.3760418107596277,0.06238950138766657,0.8543457968752952,0.26576901619551513,0.21367816602800094,0.26301806117875454,0.17646444502309783,0.2805400694056509,0.12287847846542098,0.2651216878808668,0.33322623413087,0.31104271519385607,0.03692012567441086,0.12626815119612622,0.2584197377389433,0.5016789319853705,0.35449969296457345,0.2086927980104525,0.20035611084806496,0.277046384909697,0.20833919098525688,0.09292326522881354,0.38371260345218056,0.28905391685734366,0.15299051689179408,0.2781919201006151,0.3984929868693827,0.3912214339019845,0.2861250953896085,0.1695346146291142,0.24856667355027845,0.0757476827736026,0.3970133440482832,0.19929412219369874,0.15430362641733905,0.2532179673884738,0.3470640645914458,0.09363935372856505,0.28755742082352537,0.03604062202956745,0.3035207366853803,-0.09236806820659309,0.42675875337898644,-0.0017051730626095522,-0.12818762089321534,0.05784124156796688,0.05694241431438002,-0.03658300737037466,0.12515927233823412,0.13990041791899932,-0.04388621369961408,-0.09319244143348288,-0.12428596861796784
0.31064743403262496,0.2755596496480241,0.48462520854514163,0.33485313528736077,0.13503685975417187,0.19058109359859926,0.2632162990772931,0.19504183806521747,0.26576901619551513,0.6470523120288691,0.2579095663750799,0.27594909488661346,0.18281526717269192,0.17953668384718421,0.2885955157574658,0.22478440133859495,0.31315853871416244,0.323962950336075,0.13121047765001256,0.2440957614935375,0.2235103186361713,0.2368571140126613,0.3115449888785566,0.19765445820894542,0.23738834902213898,0.20489319503630174,0.20636564525541673,0.17732743550589686,0.3393835603633473,0.2668132442448218,0.1994840376511212,0.20088211961089886,0.2727387660809025,0.31027071869683726,0.2756727666919766,0.1828184640131307,0.28943211757031223,0.12823811396166504,0.3583758839364617,0.21695309172528549,0.1850100670621596,0.22347081390163395,0.27706790372120155,0.05980041058318263,0.33109758511785947,0.056890300874256235,0.30230282511018164,0.007249767179193725,0.22594569211311838,0.03453934504390956,-0.0761343213595385,0.14399119411667122,0.03466563138048363,-0.06249294308242976,0.07838561006067327,0.006965719544532451,-0.0204756323358876,-0.050092944447103716,-0.04363227421230809
0.36233254092267336,0.2562497700923434,0.410728331122211,0.3931433622442226,0.21368296447871934,0.31985199973861494,0.29339204491982895,0.3274553128194518,0.21367816602800094,0.2579095663750799,0.44133773919019986,0.3334014391488434,0.20452442120604208,0.24835409532274336,0.2795350638424958,0.2940979634220767,0.36896643269403395,0.2650316399437147,0.235137042556014,0.3263418718580248,0.21814484013883578,0.2567393215849998,0.2674827856076252,0.16967537064045332,0.29955301975860277,0.28279989054668814,0.24261998304246557,0.15460197305959691,0.4115652411175241,0.247477333745957,0.18569913989389014,0.2629241299794329,0.27322093683001125,0.35552485916624954,0.33770062824912733,0.17013014736876195,0.19569980959673633,0.15874878961087235,0.31267477188224013,0.25481870224463066,0.10682384541313439,0.2330241045265428,0.3123005920357324,0.06076091119641679,0.38484276685402236,0.06750480589782651,0.30061610710935294,0.008848140308248216,0.22755223469161484,0.006240100775657024,-0.06834480233575237,0.1448458441166178,-0.011085344274492195,-0.039857598669865865,-0.04840392273746937,-0.00755365785200263,0.005366404115427028,0.20745814521242564,-0.23320463029719807
0.4151542765026474,0.2606169264323746,0.44868193763323827,0.572403122825057,0.22013615028727251,0.3201954005434939,0.3798864784316535,0.17328305929314936,0.26301806117875454,0.27594909488661346,0.3334014391488434,0.6657207713616451,0.171786878234019,0.31520896654449754,0.26393622042985665,0.3551627338734365,0.3572550830698452,0.20247563400838706,0.2253631310587273,0.26379190587354295,0.23777269347461133,0.3015713076846232,0.21491508761129235,0.15710422589570203,0.3514509242396945,0.32057339503348986,0.30281209426952044,-0.0761162487515324,0.5125820838597294,0.2639888369410316,0.17613773411161254,0.3392007093640092,0.2962256876943591,0.3475795726413402,0.3227807476813615,0.324732253614731,-0.024555082281462883,0.12557430031036632,0.3180808993769861,0.2764986551822861,0.07816281818291382,0.23993042717197838,0.2866712031849185,0.07723285115152731,0.3105393230890987,0.020075761015465984,0.23356480415261865,0.015311983569416508,0.30692293399434384,-0.15615889901609656,-0.044612976185964624,0.1457123952751994,-0.03861626131821279,-0.03554762803371399,-0.10235460418714927,-0.005933041016657272,-0.021934668088378982,0.2342836306210571,-0.23048461958188168
0.2788994193074199,0.20079503891814765,0.30898454970051664,0.2197162065390327,0.1706378937301795,0.194848585460513,0.19754948832976746,0.21181408831989676,0.17646444502309783,0.18281526717269192,0.20452442120604208,0.171786878234019,0.3964412414710723,0.15486828492822935,0.13899244508133243,0.20119790381263777,0.13931666094808934,0.19750001069789377,0.15836574180841229,0.10400569175026382,0.12768118692890684,0.19201524103420245,0.15859491780503654,0.08121973413087293,0.17082894568203427,0.16063830048236424,0.17499665554595875,0.05615884140073501,0.2606822587414497,0.20006830823509136,0.10876813402393892,0.18139696421665272,0.2191019507897821,0.20549758088213463,0.17750711496626317,0.10525953298164027,0.11383828478275504,0.05613037208964362,0.17180451732224072,0.15613884529957897,0.08762739790906597,0.1397839155551139,0.2082361042396286,0.06675319924693014,0.13984989360444475,0.07293905169392022,0.22298571879724982,-0.0026074964685053894,0.19343834620215938,0.09100315964312297,-0.0004481569754699413,-0.001841853390516914,-0.08139902889968913,-0.03958462721179054,-0.08616530528478995,-0.005943086339166619,0.002168045797337019,0.21964766788155857,-0.15680166597273262
0.5378916781997427,0.06596359248519196,0.28761900325375445,0.6737270397969006,0.19960286031135263,0.22167732879592236,0.24444858134948738,0.19353193927174386,0.2805400694056509,0.17953668384718421,0.24835409532274336,0.31520896654449754,0.15486828492822935,0.6932445031636265,0.16295615242102077,0.43782408759693653,0.34626043410090146,0.13702809208876465,0.17968522786952046,0.3905275782822744,0.24362663928228398,0.35650009309807407,0.12375676381349626,0.16521903059753046,0.2993673836532654,0.49602554709131413,0.3056294955256474,0.10954585001135733,0.43079936364866356,0.316037846056103,0.20659939226357496,0.5551292141466653,0.29163009597538725,0.3402799246163808,0.197133716362555,0.29554567373113627,0.00888878415302919,0.20782286728333285,0.10434345892341582,0.23715095856480284,0.17500353422899356,0.26169045674756586,0.3544612699589487,0.08202463639368932,0.3293404330077565,0.05052047670404048,0.30371723737459966,0.004995067616325671,0.28167862317660614,-0.15940611456538364,-0.10936741882967685,-0.01830793588227447,0.20483185318799949,0.0023411033306110717,-0.0680926752160302,-0.04771440998848015,0.13287588765806171,0.23652062135572247,-0.2661618298054019
0.4003277900008631,0.46268317895050715,0.5155390126956211,0.11039111612909995,0.3060349111329218,0.27707112928478145,0.20086441126304824,0.24775459903500593,0.12287847846542098,0.2885955157574658,0.2795350638424958,0.26393622042985665,0.13899244508133243,0.16295615242102077,1.0210681781906215,0.17483697172542464,0.24324045034578368,0.3531231974090168,0.27813535284705565,0.3738471967302886,0.21792616191253683,0.14693581276371945,0.3411687233979909,0.22388439814262287,0.3438796150001103,0.3436501521712506,0.19950925742737644,0.4556575539050743,0.3132852566032599,0.2662025990117609,0.2061885145660716,0.14648684944527446,0.23730220080535155,0.4264652451263788,0.3120341870230988,0.09856194985153258,0.3570544717618339,0.16616477375667785,0.18038996337564922,0.1871067771095948,0.2638197094858765,0.24795139359419202,0.36898426159660425,0.04628211091411781,0.24932321260729134,0.04852727886920673,0.3064460952967034,0.054347497583252836,0.32519309978337596,-0.008464798273504315,-0.15104402384619656,0.2725257318425606,0.08383289216715492,-0.11637505175577405,0.004503717998503624,0.08012235578845323,-0.2029332863001621,0.1150495226700368,0.08613663820249644
0.4047010326190281,0.15870856483569118,0.32237836692403377,0.6034435770177039,0.2265467714733327,0.28165626958380946,0.30464020987905427,0.2400096837474897,0.2651216878808668,0.22478440133859495,0.2940979634220767,0.3551627338734365,0.20119790381263777,0.43782408759693653,0.17483697172542464,0.6106416019230584,0.3885670413915734,0.1919251739251566,0.213633791786953,0.28602748177716536,0.24497868158107933,0.41117330714791284,0.1909175715986254,0.1420670614687398,0.30642673517821317,0.4049378151266152,0.30530698797016204,0.13219863298646778,0.44648536122931604,0.30453114286054794,0.16104782194984607,0.39829084426802475,0.32348894975505404,0.3652405371753932,0.3009350653444884,0.23066419997589818,0.061919585015844526,0.1484567666901721,0.19669483287425185,0.2481392708604096,0.17766908055004443,0.27199156943767155,0.39282680692048483,0.0946338043969574,0.2735032942410001,0.040238138948922274,0.3120011508889895,-0.025072130184230285,0.4042317512581419,-0.14575608875981969,-0.12630429890285183,0.060658143790493044,0.06242670858664425,-0.029262045004593142,-0.1236127536884663,0.0074575025736045965,-0.06714618961486093,0.4214519737211221,-0.2919693123654385
0.39194642525635104,0.302108957848141,0.49269054251707095,0.484653184209747,0.15920469566267015,0.2977452048070306,0.3169381432794875,0.2841207985785545,0.33322623413087,0.31315853871416244,0.36896643269403395,0.3572550830698452,0.13931666094808934,0.34626043410090146,0.24324045034578368,0.3885670413915734,0.9409425441780181,0.2831286883601687,0.21438428313124294,0.48512362815887855,0.3297919271666439,0.39615541598897425,0.3941224056511421,0.21415572560833165,0.34508964498155315,0.26988247679279104,0.2860786239336586,0.20318642145284793,0.4970960798021031,0.38290547152220233,0.16708187704523828,0.3384575144448834,0.5325091523479203,0.41555052925640096,0.3709249040767066,0.08425176167327264,0.4949857867612853,0.2268094277430102,0.5283136894117315,0.34731667306435626,0.20888635914575632,0.33932133821793076,0.4785164089547426,0.08288010689911232,0.6471723390654652,0.03681697846101679,0.41334360850480234,0.021712903425902545,0.42741336408850283,0.1294091631968664,-0.14733222274830485,0.3543163348391068,-0.020862920331057168,-0.021953924813784092,0.013873843212360007,-0.07576474008560473,-0.0770300425592498,0.20556987160553733,-0.14382769129728937
0.445434428287944,0.5579127252951079,0.5588244110240529,0.1801352415774874,0.19140609121176402,0.23620358365169342,0.2818277523305817,0.3168038520864563,0.31104271519385607,0.323962950336075,0.2650316399437147,0.20247563400838706,0.19750001069789377,0.13702809208876465,0.3531231974090168,0.1919251739251566,0.2831286883601687,0.9164948635508897,0.167035150920374,0.06967028817067128,0.21619806197286315,0.25513328423310555,0.7127329866939203,0.16705270733277794,0.31097750202962054,0.317169874911313,0.11996404033120713,0.36956680906456507,0.3869000465312266,0.1944018375932002,0.2335001780794538,0.14000247532318535,0.2678708508595666,0.49548902009947815,0.2982540909533906,0.12705757473598903,0.36002932478300603,0.051208555595823504,0.29156517957166544,0.24098091054380746,0.28981799512376294,0.20543106349062143,0.42046037305461736,0.05415410649342505,0.3703609369229281,0.10789503020372224,0.5376012320926928,-0.0363706767590766,0.23104441976393636,0.09542298990192523,0.07287852355101081,0.17887658223965894,0.048805690671693595,-0.13163893319897216,0.005422624087565611,0.05969062513487157,-0.016660899997502882,0.171053707236923,-0.16961391371938322
0.24941206196564816,0.2917282495859717,0.31288048466909296,0.23248734255238723,0.5345716947419212,0.4806521021974166,0.16325543580103438,0.4224330245184699,0.03692012567441086,0.13121047765001256,0.235137042556014,0.2253631310587273,0.15836574180841229,0.17968522786952046,0.27813535284705565,0.213633791786953,0.21438428313124294,0.167035150920374,0.9543334633719437,0.3217966305145333,0.1351593293332439,0.13709346245738244,0.08400131420602695,0.08844264681006314,0.2539237250505322,0.24468075584321694,0.16628201285010255,0.2830189683944602,0.15533497974347585,0.015287134256778356,0.2039427093659043,0.20155108056869472,0.18664815670208842,0.2138877464457808,0.06982597416316338,0.15589020276412754,0.12426741357896987,0.17721574354730277,0.10875772608093155,0.12187177274847151,0.16768294123702965,0.15346130526149676,0.1510523099407927,0.043309327333773885,0.24821216439386198,0.155572281852153,-0.003344589880053257,0.01639440985071574,0.12219779991263618,0.08627161035252434,0.2749160388366998,0.26580631405554733,-0.39422077806378214,-0.12902561703854093,-0.09442436924276909,-0.057503193618285445,-0.015138252539457412,0.2097613040725197,-0.11232908602063967
0.36202618034839307,0.3051150767132331,0.3912728287714136,0.34102777383991817,0.2854064291906505,0.3945613304474753,0.15267467308193897,0.4330821042741103,0.12626815119612622,0.2440957614935375,0.3263418718580248,0.26379190587354295,0.10400569175026382,0.3905275782822744,0.3738471967302886,0.28602748177716536,0.48512362815887855,0.06967028817067128,0.3217966305145333,1.7998181058611478,0.24213902311284566,0.2550622291028078,0.2439766794010632,0.29590189480241014,0.3192055579488333,0.6797173575985541,0.4480094588526671,1.2374745693899258,0.21592166266602872,0.18294821149914076,0.16764262199924232,0.33072084597723106,0.3252311407299445,0.5963223178834831,0.45095291356384437,-0.07102978349456154,1.0042814371266504,0.7617367829280304,0.004523199855832381,0.3749906830858606,-0.15376912994805134,0.4160413621451483,0.6203281601061171,0.029767851138687164,1.0742255711979,0.1288737013765114,-0.052676010785842914,0.11504158409427538,0.49379243026594183,-0.1800947262424876,-0.13530889569054388,0.09853607315469076,0.21026561027658142,-0.1252974748210488,0.016878582188261684,-0.003104922171347199,-0.009418012957122227,0.052105687476520356,0.016731803202125643
0.31360661021503283,0.27025704002748374,0.36954135199489185,0.31518058627074613,0.12268079911056465,0.20297068009167268,0.22546265762390547,0.1622569812358535,0.2584197377389433,0.2235103186361713,0.21814484013883578,0.23777269347461133,0.12768118692890684,0.24362663928228398,0.21792616191253683,0.24497868158107933,0.3297919271666439,0.21619806197286315,0.1351593293332439,0.24213902311284566,0.588269154765591,0.2718083181508319,0.16448725533756858,0.19961164889291497,0.2140137833587292,0.22016210283048115,0.19338238078932432,-0.22675408901736857,0.3820305716979172,0.44098240848122666,0.24681717825002228,0.2592235105751667,0.48083242197047105,0.3263436738443808,0.26307399365876993,0.36124337360269,0.2858598638697546,0.13326469980653868,0.5812837001873628,0.3406411602671266,0.33360247007528626,0.43603004395316775,0.45912355640281,0.09717394018416867,0.6266349661484947,-0.056933795333519395,0.35773101013319275,0.11622043664408552,0.35994638756598674,0.09704672609826555,-0.10780295468055745,0.13565418896575143,-0.06637729191231052,-0.05948523589305814,-0.017867576498292712,-0.020187468646458116,-0.12553619422102655,0.17442099178323967,-0.08940789156763809
0.479891468505089,0.19679351528592776,0.5060000896512472,0.45755520841706454,0.11017083127941876,0.25848058304690646,0.3318078025416869,0.16658002073512732,0.5016789319853705,0.2368571140126613,0.2567393215849998,0.3015713076846232,0.19201524103420245,0.35650009309807407,0.14693581276371945,0.41117330714791284,0.39615541598897425,0.25513328423310555,0.13709346245738244,0.2550622291028078,0.2718083181508319,0.7032638430780305,0.33440038026552943,0.1880999835454768,0.2590946163920235,0.33961221239023653,0.26251975457190485,-0.0014833957931727976,0.4934198327809786,0.3148188057952305,0.12851488047913762,0.3523528274537148,0.3926403505534078,0.39483042081930636,0.26537459624223464,0.21667299289127356,0.18301301788078617,0.13969325984575653,0.2984762409233125,0.23974926187662043,0.21193307280247775,0.2843310865858928,0.4112513176924321,0.12309496932377417,0.20531676565320137,0.10741423289249508,0.30179866432049246,-0.14264008167773098,0.665063493115236,-0.05932165275445487,-0.130610324011115,-0.010816807267506895,0.023352948837510466,-0.030544675733419804,-0.013050759299854301,0.06309165216168904,-0.043450317554619394,0.18656480777366624,-0.2011104355755533
0.49619476362750986,0.4237661449025322,0.5544901973674993,0.07065521265231965,0.17653888669046944,0.19589876820908608,0.2731793167646616,0.23118733163436472,0.35449969296457345,0.3115449888785566,0.2674827856076252,0.21491508761129235,0.15859491780503654,0.12375676381349626,0.3411687233979909,0.1909175715986254,0.3941224056511421,0.7127329866939203,0.08400131420602695,0.2439766794010632,0.16448725533756858,0.33440038026552943,1.9798726766744443,0.3755056611447072,0.39830791829243706,0.08005102986194473,0.14156381628486123,0.33328258446180614,0.6301857898998595,0.47189536900905144,-0.07377283106883163,0.07920347359491588,0.5241387668501102,0.6418505296941353,0.38138021086324186,-0.07272603252091007,0.5864774762152152,0.03990216877573909,0.46051320867582457,0.34501935551419416,0.3802008796212142,0.22057390134067964,0.48210167619109495,0.07191616409578283,0.1377470907178404,0.18022148794605086,0.6274196294146596,-0.014476553738563408,0.698026823328652,0.44348055104487927,-0.1725824948150191,0.1477792935508674,0.19084932369818736,-0.16959765066357585,0.05334588198846475,0.01701876478367185,-0.1521993132356254,0.02442653343873719,0.17591386155093255
0.2728004950305469,0.023925452367524885,0.2514203916345416,0.09490793193496902,0.09484471879264546,0.12134139832852849,0.13250646295639146,0.09281377517132924,0.2086927980104525,0.19765445820894542,0.16967537064045332,0.15710422589570203,0.08121973413087293,0.16521903059753046,0.22388439814262287,0.1420670614687398,0.21415572560833165,0.16705270733277794,0.08844264681006314,0.29590189480241014,0.19961164889291497,0.1880999835454768,0.3755056611447072,0.8630302036599481,0.2152993889531655,0.008388379071198234,0.15200846540440208,0.33106865410053155,0.23392894055244312,0.18177864328392707,0.356997090657093,0.15863200199565236,0.16782549141525654,0.3243337798973054,0.32941971427038047,0.17144485095286874,0.27018195804642803,0.1423328495208623,0.35467460557243613,0.2514467134162298,0.1994183057676229,0.19901995806817876,0.16101864751795666,0.03068957723971934,0.3156068706948873,0.03200495732482655,0.18719921335132006,0.040126480705515236,0.3823468721739197,-0.05227575301506524,0.0046287623857678055,-0.03367083667834499,0.14417736163007452,-0.016360256564854236,0.21074099749075673,0.03169702100468026,0.18363888503496587,-0.47053515572481663,0.13921683785102454
0.44504169472331,0.3089839626355693,0.41373170677009813,0.3991069308359179,0.19889555521831193,0.3417830695982699,0.30332275070659503,0.3538969154814337,0.20035611084806496,0.23738834902213898,0.29955301975860277,0.3514509242396945,0.17082894568203427,0.2993673836532654,0.3438796150001103,0.30642673517821317,0.34508964498155315,0.31097750202962054,0.2539237250505322,0.3192055579488333,0.2140137833587292,0.2590946163920235,0.39830791829243706,0.2152993889531655,1.421869938639221,0.36012052479785833,0.2439495792927364,0.03515196152382789,0.8556767024002868,0.3867913787848729,0.2706649350267461,0.2937234351967205,0.2570571609350918,0.5453615637909986,0.49736400478476667,0.34480421106222536,-0.15041673722677992,0.17525615940242628,0.24192561817626643,0.2640600080796168,0.20194107832426145,0.22633189798060488,0.4083022201621543,0.09950615732818874,0.35109019822435134,0.09656993559591716,0.4387689527814514,-0.023498071104842415,-0.07830758500267215,-0.3531541130771126,-0.09558180207974466,0.14191938122425385,0.10893227173869824,-0.08254223838137646,-0.04295343810638489,0.00030252873591789096,-0.022697431852282485,0.22708870141571588,-0.215024705817423
0.5103134677809735,0.17293645788146816,0.36108626882729233,0.498034235476361,0.29925196428756917,0.35618391629314794,0.28100689065808404,0.338263503182123,0.277046384909697,0.20489319503630174,0.28279989054668814,0.32057339503348986,0.16063830048236424,0.49602554709131413,0.3436501521712506,0.4049378151266152,0.26988247679279104,0.317169874911313,0.24468075584321694,0.6797173575985541,0.22016210283048115,0.33961221239023653,0.08005102986194473,0.008388379071198234,0.36012052479785833,2.052288605145904,0.3476620562634367,0.20899430483941914,0.5651921293858234,-0.18940313150992394,0.1668574633319381,0.514625149376417,0.06663801623770427,0.9761946112210108,0.5305922256102859,0.35177307444055234,-0.702019793580449,0.3227386424079593,-0.9812442834409032,0.1860588875727809,0.06813652508730081,0.3243147562438344,0.5455125200320066,-0.0006385637384117602,0.09804578029934036,0.033750824545342104,0.06799831972198764,-0.022206293063903912,0.16221714524354264,-0.026314468352841517,-0.41353252369731186,-0.05312387054888223,0.11397305066307736,-0.030132026285782588,-0.16387051407019668,0.05833809476638322,-0.10943742233637747,0.4512243708935869,-0.21238419216015098
0.34136712251156126,0.20564826207991013,0.3516012943886114,0.39889146715514084,0.14291996809655783,0.23835624391015323,0.23115835558819064,0.21686109389125355,0.20833919098525688,0.20636564525541673,0.24261998304246557,0.30281209426952044,0.17499665554595875,0.3056294955256474,0.19950925742737644,0.30530698797016204,0.2860786239336586,0.11996404033120713,0.16628201285010255,0.4480094588526671,0.19338238078932432,0.26251975457190485,0.14156381628486123,0.15200846540440208,0.2439495792927364,0.3476620562634367,0.4613997249655205,0.19085859157289803,0.31111994372327967,0.209413444445378,0.15541877499109266,0.32969360483560767,0.2820300620597768,0.35345593038545714,0.27726735396209934,0.19114021583816423,0.1904778900104553,0.20174167163564774,0.15990089015103512,0.23541924237034756,0.01849356608747116,0.23520755889630154,0.36117760758419565,0.06799598877151652,0.40290943034134047,0.031628379715886126,0.16672922771047427,0.033774213722979105,0.32767855174780003,-0.09652620867104195,-0.07819041306107713,0.12352029023168372,-0.009004632711333175,-0.04006373311165164,-0.04105377661156584,0.003229258607195777,0.03845103442562972,0.17560269875082898,-0.18578675688607166
0.176663694871559,0.4708434393900432,0.47798556145340365,-0.16138551012095753,0.08230624861349102,0.1283323519943699,-0.0744358925688321,0.3368274333315265,0.09292326522881354,0.17732743550589686,0.15460197305959691,-0.0761162487515324,0.05615884140073501,0.10954585001135733,0.4556575539050743,0.13219863298646778,0.20318642145284793,0.36956680906456507,0.2830189683944602,1.2374745693899258,-0.22675408901736857,-0.0014833957931727976,0.33328258446180614,0.33106865410053155,0.03515196152382789,0.20899430483941914,0.19085859157289803,11.320566173557875,-2.1457399754312214,-0.22471563476509313,0.5174431268838512,0.02971496974156889,-0.23169482124326563,-0.2736566809502537,0.4084740483771951,-0.5556488914051372,2.085502407914292,0.5841665155967133,0.07859410619380229,0.26290022930785417,0.7384747095067857,0.27394766431279377,0.026591649671696832,0.1977686622989657,0.8775068293495683,-0.36597185658398135,0.11439990959636527,0.23511845302777568,0.7931070478289688,-0.9933994432061166,0.29808361494126623,0.11903663125992871,0.7325928659537612,0.24665027143682136,-0.03371289475569518,0.20360221693551614,0.1048520004944537,-0.19242596239459703,0.4117718008019366
0.6219248940129247,0.40274808727497863,0.5522664349446945,0.5251918761053831,0.1163632108998948,0.44753608808274165,0.4357666404465747,0.31233739180758596,0.38371260345218056,0.3393835603633473,0.4115652411175241,0.5125820838597294,0.2606822587414497,0.43079936364866356,0.3132852566032599,0.44648536122931604,0.4970960798021031,0.3869000465312266,0.15533497974347585,0.21592166266602872,0.3820305716979172,0.4934198327809786,0.6301857898998595,0.23392894055244312,0.8556767024002868,0.5651921293858234,0.31111994372327967,-2.1457399754312214,3.9376090903548246,0.45131736767277747,0.04750399472254508,0.5549335437270285,0.32401051619149324,1.4745334649864537,0.854994249316279,0.9379079078717627,-1.679371512280247,0.021882096361807726,0.12866735559899034,0.38724764197226347,0.2587025448777073,0.22437652565400207,0.2362339743121183,-0.16501248041313735,-0.35189828173141313,0.18250360252408457,0.6944047697071759,0.010983589673470144,1.0812362279314294,0.5665699349281431,-0.9661500649706264,0.31930119470966245,-0.27602623564493517,-0.04735335571129837,-0.14324595997984593,0.06903854721605707,-0.1039657449980081,0.3137588771931992,-0.2791443207712765
0.4304577558780387,0.3564305215038363,0.6082394708357272,0.3562157974791268,-0.17864006902868115,0.2163093629376393,0.2616544801273717,0.3109406802173241,0.28905391685734366,0.2668132442448218,0.247477333745957,0.2639888369410316,0.20006830823509136,0.316037846056103,0.2662025990117609,0.30453114286054794,0.38290547152220233,0.1944018375932002,0.015287134256778356,0.18294821149914076,0.44098240848122666,0.3148188057952305,0.47189536900905144,0.18177864328392707,0.3867913787848729,-0.18940313150992394,0.209413444445378,-0.22471563476509313,0.45131736767277747,3.508665000213509,-0.11467547974696563,0.36898580007455684,0.9409538133605698,-0.9407494016763005,0.9714405356944564,0.44891301075871665,0.651073246257527,0.011877312416876281,1.2958069728739237,0.7465526535516851,0.774383394157618,0.45986478522113616,1.0494847925781066,0.434734610734356,0.5345066678987747,-0.5603816556894995,1.8601516214315592,0.1840647742262147,0.32453731114432227,0.39975247224630023,-0.7115006198097679,0.31643349820971084,-0.07230028743648335,-0.02724414874429734,0.06262924162605574,-0.2411347423531973,-0.04794146903423347,0.34264977743569935,-0.18560298519417867
0.26543618002053154,0.06320744000521358,0.21650382534185433,0.2221583659931496,0.17608716937578137,0.16071691661848572,0.15516030286993743,0.15494787261755766,0.15299051689179408,0.1994840376511212,0.18569913989389014,0.17613773411161254,0.10876813402393892,0.20659939226357496,0.2061885145660716,0.16104782194984607,0.16708187704523828,0.2335001780794538,0.2039427093659043,0.16764262199924232,0.24681717825002228,0.12851488047913762,-0.07377283106883163,0.356997090657093,0.2706649350267461,0.1668574633319381,0.15541877499109266,0.5174431268838512,0.04750399472254508,-0.11467547974696563,1.1223776413390039,0.23799679472861232,-0.0750832684569014,0.10229714229869157,0.24216872849460586,0.6209904907440783,-0.14780410361553356,0.18882033104661247,0.2581125424135763,0.2408894858297232,0.17661564606195754,0.196437134557791,0.07834233780587394,0.07164632404199726,0.4572691111815515,0.03474270187245564,0.05749859815811885,0.006653728483357212,-0.4132157794979862,-0.26218355011795696,0.30745047256770514,-0.044601420489635925,0.0412725425716073,0.003950151678855581,0.08392510180351627,0.024130576909899115,0.2531538386642057,-0.1783799290018081,-0.1892629405656463
0.4829356924621555,0.10619302712307939,0.34050551462289086,0.6067348005096476,0.15639819223344367,0.2527370047254885,0.2620789711460845,0.2110820166733773,0.2781919201006151,0.20088211961089886,0.2629241299794329,0.3392007093640092,0.18139696421665272,0.5551292141466653,0.14648684944527446,0.39829084426802475,0.3384575144448834,0.14000247532318535,0.20155108056869472,0.33072084597723106,0.2592235105751667,0.3523528274537148,0.07920347359491588,0.15863200199565236,0.2937234351967205,0.514625149376417,0.32969360483560767,0.02971496974156889,0.5549335437270285,0.36898580007455684,0.23799679472861232,0.7521015593346062,0.35680163667909204,0.34131958032836823,0.26947629071853557,0.34452127657676906,-0.12635149218895173,0.1858983742407173,0.13655831220731096,0.2818053294855594,0.0485213093483752,0.2786719247554158,0.324192830103794,0.08595153841043203,0.3900020896573411,0.01392172558966431,0.29631943354939777,0.010793870744455506,0.19962880919561274,-0.053790100416187536,-0.07533755239658703,0.30768387558196697,-0.29521608372158126,0.021881285175693346,-0.04598134885419239,-0.07679799599156557,0.2447394365156828,0.13348157581172837,-0.30526481633599933
0.43353845185293566,0.5010824489499812,0.5997258881356731,0.3957864725145434,0.1579736936892936,0.22538015126727376,0.3228143717582661,0.23364345729378103,0.3984929868693827,0.2727387660809025,0.27322093683001125,0.2962256876943591,0.2191019507897821,0.29163009597538725,0.23730220080535155,0.32348894975505404,0.5325091523479203,0.2678708508595666,0.18664815670208842,0.3252311407299445,0.48083242197047105,0.3926403505534078,0.5241387668501102,0.16782549141525654,0.2570571609350918,0.06663801623770427,0.2820300620597768,-0.23169482124326563,0.32401051619149324,0.9409538133605698,-0.0750832684569014,0.35680163667909204,2.3796998197233847,0.3248291551054028,0.26204710341557147,-0.5823608484714937,1.1412809758101,0.15029690616720495,0.6421067938619545,0.3409841780874496,0.03425787223431272,0.4991000603940903,0.6831624073598751,0.11689905581364117,0.605843816875154,-0.12857863772753841,0.677494819756424,0.17658503676732185,0.8209331397427884,0.7181313697263367,-0.3802222567139452,0.5031436501060355,-0.44477244608200434,-0.3102363082784316,-0.012423398696194205,-0.10412449363983003,-0.2845567726686808,0.3072428547785912,0.08281641672653425
0.5564534202362085,0.3857014117051475,0.536094190456131,0.314677827868519,0.27512449087919844,0.30235355849973145,0.34237723325183944,0.2957492361121154,0.3912214339019845,0.31027071869683726,0.35552485916624954,0.3475795726413402,0.20549758088213463,0.3402799246163808,0.4264652451263788,0.3652405371753932,0.41555052925640096,0.49548902009947815,0.2138877464457808,0.5963223178834831,0.3263436738443808,0.39483042081930636,0.6418505296941353,0.3243337798973054,0.5453615637909986,0.9761946112210108,0.35345593038545714,-0.2736566809502537,1.4745334649864537,-0.9407494016763005,0.10229714229869157,0.34131958032836823,0.3248291551054028,4.6051959249839305,0.7475225894633777,-0.4352061638621325,0.11290041110709288,0.25427283418647756,-0.2663586881420921,0.02287437686385048,-0.4488335141072715,0.4374528587046595,1.043169627095879,0.08354595632987591,1.5374113166272914,0.3748700326745114,-0.06859742672370162,-0.09208170682932454,0.6490351192456396,-0.6166530134594603,0.43828402020050905,-0.2870437939363881,0.395296816302509,-0.2559447282282771,-0.07572341666899485,0.22549071139138419,-0.30471973313217793,0.22755996760109665,-0.025042603827457224
