1.814336261159627,0.10480798215730924,0.6625310082979052,-0.07097490111117237,0.37677596064877517,0.2465994600739289,0.38531017859069555,0.21313609775119294,0.3319144676909558,0.2454323372213841,0.2561941817885095,0.3211823558229746,0.11052487978031088,0.3033390629385708,0.30121243842788353,0.1529887137726441,0.25841256965962334,0.22819807503078046,0.2681458725519107,0.25919820399435545,0.21350001324856693,0.19868830266297172,0.16689957234097308,0.0026998743797664146,0.2350890234091226,0.1358866739553557,0.201510830571571,0.08241273148312785,0.15919250601384013,0.4792368778783534,0.1924929062013515,0.2285503968197816,0.1491350540692093,-0.5935565471835611,0.08531076312146081,0.2507504032182117,-0.06549805159136465,0.16031192908456438,0.4717882008366432,0.17299690342390367,0.3238200415255941,0.13703181344493157,0.009152340073100644,0.2685803651493602,0.29742906347155174,0.13475767519993048,0.3285129298164491,-0.012980391913765103,0.01667062032888541,0.49491492663848186,0.06534668652270566,-0.2479660922281608,0.09596829719136064,0.044801540079596955,-0.43484972733158533,0.08699106650581402,0.22438426837388015,0.7944036196472876,-0.9975020552076134
0.10480798215730924,3.682959693046876,0.07499515536030811,-0.1983135547793521,0.06167939215792373,0.2387937533640757,0.028896239963559476,0.17596572560997217,0.005003457463822303,0.09383021721001014,0.07986273098105576,0.10991278097154179,0.09012604910296826,0.008615925630653297,0.034589787540985094,0.08261680857721558,0.03867268197241333,0.4736759264820674,0.10560354608107034,0.06236756058553399,0.14935103097055294,0.07655708636847164,-0.04107560835483587,-0.06040553456196033,0.030672691383739167,-0.14133915923199802,0.16674557296929138,0.09307191013620611,0.15385261982206247,-0.05453523372079659,0.14840705614843075,0.037741092716910354,-0.018584744757880217,0.10335835094888723,0.09169656171374746,0.15569562865521414,0.05981580306587008,0.05121778840024276,0.1619000434657611,0.07367949744131841,-0.020393349728399193,0.0695442210805116,0.06305509851787972,-0.18130523042689017,0.12153041067634744,0.03708845483583002,0.1692344305262174,0.007563357511759747,-0.5290350043960703,-0.048867230713582455,0.05367523819636637,0.02406604186466095,-0.22310884586858745,-0.04421343596655431,-0.028872821136291676,-0.08137138687765677,-0.20315040719839852,0.04473085409476344,0.24622378525432015
0.6625310082979052,0.07499515536030811,1.9335737123933852,0.23770372854473903,-0.11214589795341236,0.30943785768153687,0.30606604457417363,0.45094951499711344,0.5018876998882509,0.3989064432455811,0.35404829874588406,0.28832044108164606,0.2200572267196404,0.2334194898064188,0.3806706752605885,0.09352729442146801,0.3678323381291845,0.34390489747928454,0.224451859094963,0.33657370357467536,0.25519496334664526,0.25662177257268004,0.3247335814760565,0.3315552495701308,0.33452378561865126,0.11203553772796067,0.20641677883626294,0.32164685239805263,0.23952527174399968,0.4817474243263095,0.2736529066781304,0.21981045033116983,0.3909003804781883,0.13098144931453679,0.274758054817735,0.3962842185299114,0.49492509224311404,0.20011054353267968,0.27676545509146483,0.06968703305772739,0.3013926261355101,0.22056096532151878,0.110734395341608,0.5467565187217791,0.04069932728012955,0.3218385812259211,0.457624657909991,0.005806738282020361,0.45103086738652376,-0.06057296893916715,0.1192111962002775,0.32306365214927035,0.004730547888512447,-0.2105438900605709,-0.09966497573884918,-0.008991783011567146,0.03192654778472415,0.24899051960294655,-0.3077074953705251
-0.07097490111117237,-0.1983135547793521,0.23770372854473903,1.424401550728592,0.18272787227920723,0.21239770178220743,0.24845343161407862,0.27485951759794575,0.1508328395446213,0.14467009402868833,0.21265024416681272,0.2589632667986266,0.15264808909589384,0.25920059303199433,0.2111867617270716,0.2663761379144912,0.20830400519224523,0.18008980133413346,0.18741378440464385,0.2049822543721833,0.17689811471256928,0.2070357989885699,0.2708068171594226,0.3384902111225658,0.25593549223278234,0.1144113378472915,0.17100436240417857,0.2657079527079958,0.08004952405776518,0.1685129444934052,0.1814189397077903,0.23563485165610726,0.31306747106289645,0.3402797934222273,-0.007950891894626187,0.24910845530573236,0.3638143533152485,0.12930216391036825,0.19319703378674483,-0.03560739072988352,0.16594197959321144,0.1613247157594412,0.08338192810894662,0.641571074615343,-0.1576269195802089,0.1659987804384297,0.21777495346724898,-0.008172145392389144,0.5228301793995038,0.38552937835398593,-0.11589642118654,0.22717755743578724,-0.06563809649936976,-0.04578644764667632,-0.003236562724203948,-0.0107005802879918,-0.021514704357763967,0.05415862657690298,0.0075678986229272905
0.37677596064877517,0.06167939215792373,-0.11214589795341236,0.18272787227920723,0.8914334113247715,0.29848499544310825,0.22452321123661687,0.12433527639752777,0.21933116818192394,0.15107847384956874,0.17867141629930872,0.2671372433698198,0.12702335370885912,0.20054936777042603,0.24763694532596287,0.25434664589376915,0.16739202111040505,0.1480801143011172,0.4396730628482774,0.12773555775214787,0.19963234986742137,0.21095406339032116,0.13206175385387128,0.13562498358321662,0.18246355829845978,0.1825102714085011,0.17085550552471687,0.021463124389396952,0.19343268800660232,0.15427558305500833,0.19480627462388608,0.15760843356782425,0.14219424278413717,0.18461024846642102,0.05696619483061191,0.31347706666875513,0.2480947077668286,0.10088103214797613,0.3458592664387251,0.09947612030242012,0.11496521595575489,0.2060339394687044,0.06890510644976612,0.20050507944262846,0.11301967192733807,0.16921089297059258,0.17987093534343052,-0.01704614039699181,0.05123188099081811,0.704261378231635,-0.10000524615063108,-0.32602782129586094,0.13172403543359087,0.09049199105412095,-0.181983905936989,0.054348589007018305,-0.1108896108917612,0.3234851287052835,-0.21415119071300148
0.2465994600739289,0.2387937533640757,0.30943785768153687,0.21239770178220743,0.29848499544310825,0.7105908326781633,0.1938676790253057,0.3685633192536386,0.1989460156096063,0.17655962438067238,0.2552322823923279,0.270477528609793,0.1525014918625859,0.21035429424915805,0.19505477927416479,0.2330708412817483,0.3027044212192684,0.24543702281407564,0.3745399315506306,0.3089763104287755,0.19571797423062778,0.22904464539497515,0.12737034864649016,0.19504728549407874,0.2168154366687653,0.2697079444084806,0.21144637946902145,0.1925080002077248,0.2657648863132859,0.09169163553921517,0.21125837695822786,0.23459212938522736,0.09244750033543535,0.3221500721572671,0.2505270203391226,0.23578565291633583,0.2799462515817446,0.19814510267941068,0.30826895141816135,0.06464912864786904,-0.023189093991592913,0.17843650178248463,0.25679054044241034,0.1434109452080618,0.22654206865000628,0.11401123383897754,0.2637416249027981,0.01702597698153636,0.1736262321413424,-0.16370900853862846,-0.45330960597676745,-0.0030932664459512827,-0.09842225970554314,-0.016555259544167807,-0.28400387660132376,0.005467710471534423,-0.02584696689551562,0.38180815793747713,-0.278797393576473
0.38531017859069555,0.028896239963559476,0.30606604457417363,0.24845343161407862,0.22452321123661687,0.1938676790253057,0.560439446646617,0.21452958697205388,0.3156338737587424,0.17201450048774916,0.24928977138489217,0.32210809937885704,0.13939604244164946,0.2115925225800141,0.22278823037097736,0.18047436893957058,0.24954313383555093,0.19441279916353255,0.1799755404218164,0.20057145350021785,0.1644309658702225,0.20505849286288116,0.1944402430804421,0.2016333042641584,0.23548156825532135,0.12062170847572672,0.18100311585893528,0.0848365960856256,0.1368453812597936,0.20860464835665338,0.1959568601600354,0.19799475153378063,0.2036734534231883,0.19063894363594205,0.157232345624786,0.30410619215482176,0.2713340153225465,0.13965820834085377,0.21700865370460157,0.02035422157644024,0.10441679384766128,0.1517228276440038,0.05047046540030242,0.23816545503749897,0.0819184305995409,0.21119919359110853,0.18231404695071843,-0.013869344246774573,0.3247305933260672,0.11797073133262231,-0.08323402193501152,0.010475698347062376,0.10777288077791815,-0.039881037584343026,-0.24043412339383619,0.07283116397232706,0.010067193190835865,0.408378876757398,-0.5187994184470283
0.21313609775119294,0.17596572560997217,0.45094951499711344,0.27485951759794575,0.12433527639752777,0.3685633192536386,0.21452958697205388,0.8316167492288343,0.10651035913714356,0.213377526736405,0.29584360762494827,0.08981391082487307,0.1738634603122197,0.17145008006644205,0.15308705979497675,0.1847293419029389,0.2740094773024359,0.29081081779844464,0.265244063722181,0.3021806787577821,0.13396673124314934,0.18333624798566514,0.15936245087372206,0.24199056710655595,0.26853749319621983,0.11945040006979946,0.15681875674389173,0.18308527798234184,0.2337696878196454,0.20895858913065357,0.21255297194273096,0.1868513920872118,0.1683220716756783,0.3203477997978036,0.3177835104801142,0.23424409555156905,0.43813386347461686,0.19812177043415688,0.1925232704195186,-0.05872681144495735,0.09722121087767446,0.0880627305798276,0.17785441044091427,0.2262388684604175,0.08502937511758454,0.24042056955630262,0.33169029687963486,0.009431426793737844,0.26994863956554954,-0.19265904090591038,-0.1462722862509182,0.29806693102206694,-0.02922243032150981,-0.17388844153037097,-0.435650123955751,-0.024217648926770047,0.14063551872528096,0.5519781826924142,-0.4731071841974872
0.3319144676909558,0.005003457463822303,0.5018876998882509,0.1508328395446213,0.21933116818192394,0.1989460156096063,0.3156338737587424,0.10651035913714356,0.7552909852194112,0.21389123802982674,0.23901920948020833,0.2452712111463251,0.16053947227228546,0.2282548509746204,0.3052921513470617,0.09170824409586718,0.24630535832582812,0.21931315943751806,0.21655702289367432,0.21439135307752483,0.19236241411937233,0.29365989766226336,0.2444939973522289,0.25985007116944864,0.22344995222675917,0.15040419900720653,0.16368618989228037,0.15569191484358377,0.16174472017562916,0.326711141912431,0.23438415912082894,0.20725057410937944,0.3182462111524972,0.1663027656531512,0.13865681124870283,0.32329306598670843,0.38254852226737374,0.14542155999283077,0.13101444978086949,-0.02185321397890175,0.17276068795317148,0.17055821438320098,0.07715948172587134,0.3603267830531445,0.026061230261116074,0.23165437139321204,0.2654856370225926,-0.0030547207857986917,0.5878601140379616,-0.1314073387092354,0.0414714181521576,0.024076385317602707,0.188066111084484,-0.08688891893857953,-0.1302514484005286,0.08501786169835432,-0.011378746554629506,0.31211477459661036,-0.4361675124797331
0.2454323372213841,0.09383021721001014,0.3989064432455811,0.14467009402868833,0.15107847384956874,0.17655962438067238,0.17201450048774916,0.213377526736405,0.21389123802982674,0.524853298488226,0.1971074262302587,0.1747853471007433,0.1415084623870822,0.16308910032619411,0.22805393948043592,0.11886002424808456,0.22848553445795336,0.25084450855061957,0.1656053038617049,0.18359901430882192,0.17245417495104,0.1587404560092619,0.23976023959788906,0.22086289365137624,0.217473763182246,0.0589591551406989,0.15173849560276226,0.15868114053496984,0.2153682010960504,0.39964447813033804,0.2220440933518906,0.14389835412571028,0.22851479618680107,0.234606773342487,0.2597892663549009,0.2930666840910163,0.3663123964228237,0.12766582247576005,0.2898140356356301,0.1634576288713008,0.29016956034507235,0.16766724215899337,0.0691221818965462,0.3676477551095267,-0.05961469804602875,0.2401982471120644,0.40096690441456473,-0.023310802042892462,0.2865635801566095,0.07610487609314714,0.0068901279442082,-0.05154975832447898,0.04526388442132041,-0.025364537013543423,-0.041291195002385934,0.027093042105371692,-0.021543823444125726,0.10846444677851629,-0.1279974839361472
0.2561941817885095,0.07986273098105576,0.35404829874588406,0.21265024416681272,0.17867141629930872,0.2552322823923279,0.24928977138489217,0.29584360762494827,0.23901920948020833,0.1971074262302587,0.4481755149958643,0.25375262966371115,0.14596396689766705,0.2080850239376451,0.2966612659862829,0.1711990447942078,0.2819088792689501,0.19330282033758608,0.2101375780105284,0.3177988817383753,0.18443433496588948,0.17899850358704852,0.18386113692623907,0.2578573617293369,0.2465256843924821,0.12967365214788054,0.1898886082715177,0.1660051182910491,0.2026864342169962,0.26784324788317077,0.23219027490945682,0.19272870963115785,0.2234066735176818,0.22474175623680903,0.25163885868711994,0.3225473185512387,0.38161528834169095,0.1946295159563116,0.18813009055354007,0.02210324850611575,0.1602480429166379,0.16160007838024096,0.1372703085461678,0.24324934253688635,0.08395403824455278,0.24585530815124954,0.26651043568575256,-0.006998118902527321,0.2871883337619716,-0.08104812233566457,-0.08169560486006962,0.10696709694791864,0.08815444351714703,-0.07194750263307949,-0.24804137362969286,0.02560643933815292,-0.006432467869665623,0.3298822393062885,-0.3128543102943538
0.3211823558229746,0.10991278097154179,0.28832044108164606,0.2589632667986266,0.2671372433698198,0.270477528609793,0.32210809937885704,0.08981391082487307,0.2452712111463251,0.1747853471007433,0.25375262966371115,0.6135662391079414,0.1266008793777681,0.23017239183299779,0.27462294860326736,0.20257360582202183,0.268346771738009,0.13171950776713898,0.21414714282485622,0.24708181049867847,0.1930060124760504,0.1833379350506329,0.16136933494161365,0.18327464245889244,0.2491675112026869,0.13528104482768719,0.2423379619959338,0.11443955212775565,0.08453057628782903,0.16887740708129295,0.18387902267625755,0.2169339623323163,0.1803794532490928,0.16391812847557236,0.11155220014784843,0.2906539204171482,0.1849397930393341,0.15495305401146856,0.31859547765484686,0.12113592738880456,0.11102114349815734,0.18967818964087566,0.10609071219725237,0.22929313634686316,0.11594484841897242,0.17802181538327308,0.19979764700621788,-0.013340951167675941,0.18520453575458207,0.2879672361172882,-0.13479438317850717,-0.03021980946639635,0.03844979644355544,0.028951006431969517,-0.13219263989037883,0.06352106149570909,-0.0676408272435685,0.2768246991416941,-0.38150628898111083
0.11052487978031088,0.09012604910296826,0.2200572267196404,0.15264808909589384,0.12702335370885912,0.1525014918625859,0.13939604244164946,0.1738634603122197,0.16053947227228546,0.1415084623870822,0.14596396689766705,0.1266008793777681,0.25875333436929593,0.11049225691654874,0.11726933117147502,0.14038767709127972,0.11207754842601031,0.14096514141310995,0.13884711526839225,0.11384805079950633,0.0994642798773999,0.16415733156458082,0.11528643503535065,0.14228548352808607,0.14454975236778098,0.10576395846757938,0.11601380278146443,0.0669801855409548,0.17791975675034682,0.1299658269605651,0.10767018888574206,0.1085288057092026,0.12740775321429942,0.17542758711886902,0.16986681094150002,0.1528316521159582,0.22277004064152034,0.0755473630443895,0.09994298187935015,0.03753939398399362,0.09184691374388686,0.08976054423465682,0.09558210742630834,0.13698392242711566,-0.03102208781683868,0.14161335582310466,0.15541256413977725,-0.0034334434625868976,0.21431403728766246,-0.022289464469658037,-0.025757723510429587,0.04764756501224823,0.0174174836723843,-0.05694765635966579,0.04290099399718757,-0.010636899317094002,-0.10224869300272574,-0.05236056713972632,0.08922825922864745
0.3033390629385708,0.008615925630653297,0.2334194898064188,0.25920059303199433,0.20054936777042603,0.21035429424915805,0.2115925225800141,0.17145008006644205,0.2282548509746204,0.16308910032619411,0.2080850239376451,0.23017239183299779,0.11049225691654874,0.5702792703352201,0.18209965068864928,0.2617394506013537,0.21091098788475193,0.131216227226543,0.15946673300083217,0.29842169386404827,0.18807585669912869,0.23674836671367355,0.18115792226518254,0.25171248368339283,0.19008576854903675,0.23846008416745637,0.19952971604493303,0.1431971784932534,0.16877439158151028,0.2459527505163067,0.2158390633813918,0.40462775755293323,0.1804406028566113,0.10008237383454766,0.12848447746636013,0.3365593602101311,0.15822544641185787,0.17688642560715478,0.22542866390732322,0.08415625412159877,0.2109580862326442,0.16246854528372898,0.21863422051736078,0.22996244306825195,0.0413258004575075,0.1785295751623762,0.25181010992154307,-0.017433398158823932,0.40138701032402163,-0.08121201674412436,-0.06173332590722293,-0.17828939661349297,0.20616283459958604,0.010215338471363647,-0.28237131190405274,0.015577292996539307,0.13499539241222475,0.2499738878486186,-0.2193497357096439
0.30121243842788353,0.034589787540985094,0.3806706752605885,0.2111867617270716,0.24763694532596287,0.19505477927416479,0.22278823037097736,0.15308705979497675,0.3052921513470617,0.22805393948043592,0.2966612659862829,0.27462294860326736,0.11726933117147502,0.18209965068864928,0.8634935344730984,0.10421364131472614,0.26422956629937244,0.2440149022310662,0.24087851625869358,0.28564421730207246,0.26779222549498866,0.13153384320578942,0.3699040176033115,0.2938524154614025,0.3723359146348244,0.17877618464176015,0.18234772855433795,0.09211993796554677,0.2106253456105475,0.331035945175251,0.25490775983385106,0.16845247516460085,0.32125865328696723,0.20680584575961636,0.19065929743551954,0.413895740210891,0.5413683509118721,0.17812241069239518,0.4288278536153908,0.00012864235304821788,0.2349212771591027,0.24553913190761198,-0.007528820606342472,0.45522635698228536,0.1671807187801044,0.2648349500612428,0.3102326171626628,-0.03413659504205002,0.267481253794622,1.2679064216839422,-0.09435793681304509,0.2600846981276372,-0.3445215397742432,0.03089357217318398,-0.15205456799125316,0.09151369214801039,-0.1200600845767434,0.3154172649499238,-0.33190690166583775
0.1529887137726441,0.08261680857721558,0.09352729442146801,0.2663761379144912,0.25434664589376915,0.2330708412817483,0.18047436893957058,0.1847293419029389,0.09170824409586718,0.11886002424808456,0.1711990447942078,0.20257360582202183,0.14038767709127972,0.2617394506013537,0.10421364131472614,0.814483672423496,0.14681649297854957,0.1211079014222132,0.20098908151020842,0.257125420891873,0.15004742518362205,0.35510194914423016,0.1007221897428702,0.19808899944902333,0.2446272680863264,0.24817008741468766,0.2556718797151532,0.08171395801903321,0.19403970201272086,0.14268373856317426,0.13873042340501557,0.20641103644435635,0.09158944176948022,0.21408083901893277,0.3247392811467177,0.22421023014542676,0.2907120194112583,0.14147220753076772,0.1187973203129107,0.15006213707555155,0.11489915831104582,0.13982507011432282,0.3768412998530884,0.047102941148673416,0.13086704445625688,0.18650462045495048,0.16688833924016336,-0.014709317783195524,0.18134383267426557,-0.36590121349399796,-0.139755138975289,0.05569171813376719,0.24320684419782154,0.01215217289837961,-0.05203740634030654,0.02582511138644982,-0.1450335054775022,0.11483455321676275,-0.0017091242987889023
0.25841256965962334,0.03867268197241333,0.3678323381291845,0.20830400519224523,0.16739202111040505,0.3027044212192684,0.24954313383555093,0.2740094773024359,0.24630535832582812,0.22848553445795336,0.2819088792689501,0.268346771738009,0.11207754842601031,0.21091098788475193,0.26422956629937244,0.14681649297854957,0.7092503943803906,0.17004510274292464,0.25483327556283075,0.38595339449264565,0.2656071289373843,0.1992459145810298,0.1891822833333812,0.3153723896949373,0.2611882493118195,0.024694875447369948,0.21249778508395403,0.5272368789277994,0.06625675765760713,0.3513960714867491,0.29050966274190815,0.20776504330871068,0.34926600305327454,0.22665366688905286,0.17591525729902582,0.4096767828091552,0.5099937809638028,0.23431045186780955,0.19694566827396756,0.022646690257626497,0.26230697213003373,0.29094638155730473,0.18544342833676353,0.513799315003496,0.17556667799055908,0.2642433500579427,0.35734054751602057,0.0032957225384415896,0.19510347495466526,-0.334574839723995,-0.04786213027411104,0.013357216351617122,-0.02450016809373035,-0.09055838240478527,-0.4208675852675903,0.042942616157833124,-0.007130829777218488,0.463133946682645,-0.412939915985423
0.22819807503078046,0.4736759264820674,0.34390489747928454,0.18008980133413346,0.1480801143011172,0.24543702281407564,0.19441279916353255,0.29081081779844464,0.21931315943751806,0.25084450855061957,0.19330282033758608,0.13171950776713898,0.14096514141310995,0.131216227226543,0.2440149022310662,0.1211079014222132,0.17004510274292464,0.7882724204937323,0.17659589824631142,0.09310532261856343,0.20373074807479732,0.19644193874745697,0.5387125900817564,0.2075336902740616,0.2756477180183014,0.1741125919156014,0.07931579030858694,-0.03598654707930926,0.2180250516161925,0.17662799756629022,0.24832324448255058,0.13778308123499222,0.21183110180710268,0.24186025030216854,0.22208878043178484,0.3058845425846269,0.4219509559933447,0.09603311906726841,0.22052216970474103,-0.0836919017897578,0.14204739237122138,0.14033402655505942,0.09189427573606267,0.3833081659187271,0.1281660201459702,0.20896574969844012,0.43201225323006476,0.01800458810011006,0.13403341657467796,0.18640037548146351,0.05331873034283476,-0.1225821266333703,-0.1812161970584999,-0.0881665729809841,-0.2639808434986574,-0.007871103420091457,-0.03065823492007077,0.3702783806433881,-0.3015648514104764
0.2681458725519107,0.10560354608107034,0.224451859094963,0.18741378440464385,0.4396730628482774,0.3745399315506306,0.1799755404218164,0.265244063722181,0.21655702289367432,0.1656053038617049,0.2101375780105284,0.21414714282485622,0.13884711526839225,0.15946673300083217,0.24087851625869358,0.20098908151020842,0.25483327556283075,0.17659589824631142,0.6794598247424131,0.11983298766533464,0.22142781168372497,0.23026939311836134,0.10197942736325853,0.19040032510722238,0.1990651109046752,0.17741351005943173,0.1425414505515694,0.2686845912824592,0.2280816570136121,0.12095517456922139,0.23859129708434026,0.19035734170912755,0.19768405409597378,0.19079711292725735,0.08462831582424946,0.39597458432171984,0.37680306472084596,0.11533024673389114,0.3888743683042388,0.09463499570356201,0.13142577033367359,0.19042961607548853,0.03975114400577886,0.18486769126486866,0.15870563026972442,0.28654006174378766,0.1620635364001689,0.011082782159888633,-0.07777825590398231,0.5686533106427702,0.19382702827172119,0.5063250441248698,-0.37562863920515766,-0.13998838962564436,-0.2056776424380301,0.023737486219758776,-0.045846478237167185,0.30976153534796697,-0.18849072051128288
0.25919820399435545,0.06236756058553399,0.33657370357467536,0.2049822543721833,0.12773555775214787,0.3089763104287755,0.20057145350021785,0.3021806787577821,0.21439135307752483,0.18359901430882192,0.3177988817383753,0.24708181049867847,0.11384805079950633,0.29842169386404827,0.28564421730207246,0.257125420891873,0.38595339449264565,0.09310532261856343,0.11983298766533464,1.236933093063668,0.19835920083658004,0.2158391519583517,0.16011777288168785,0.413582818506132,0.3369145662444263,0.25014984285016184,0.3475350181528153,0.3019689273701224,0.11503311457021358,0.6478867193964416,0.26823011786839723,0.2433994857664569,0.31762319387385757,0.21797633677614384,0.4519475333604684,0.22522157074362545,0.7602999424587078,0.6085367218206689,0.2544016256846865,0.07869525292498332,0.26188061389473294,0.14067982301550994,0.5067977441473525,0.4193446933083314,0.4637124522206163,0.1885549034459192,0.320142134333938,0.021636089250467696,0.797302467922758,-0.35252570243847015,-0.3353056549122323,0.027324492068952135,0.26069842275946137,-0.045429348044613314,-0.27731112486533965,0.019482408026452423,0.0716825558773488,0.35623095887086975,-0.37826956125392
0.21350001324856693,0.14935103097055294,0.25519496334664526,0.17689811471256928,0.19963234986742137,0.19571797423062778,0.1644309658702225,0.13396673124314934,0.19236241411937233,0.17245417495104,0.18443433496588948,0.1930060124760504,0.0994642798773999,0.18807585669912869,0.26779222549498866,0.15004742518362205,0.2656071289373843,0.20373074807479732,0.22142781168372497,0.19835920083658004,0.5103249372248141,0.17941248978673635,0.25582212735915966,0.2660818738728582,0.2179254484131106,0.15894226770856423,0.14513115504342824,0.12820613700797426,0.20022102361797553,0.32928145453814434,0.2659195337730456,0.1523002733839433,0.32875408748259116,0.08162086441793372,0.09835246468369141,0.3508948669408769,0.4042644690705933,0.13778341451280546,0.48840600874707807,0.2550985306550204,0.22545794748693168,0.47009277166574964,0.25078670880207743,0.30568559247862104,0.4031437451354697,0.21587093203320895,0.3453652619529765,-0.002657410740507257,-0.0028405387262817306,0.5024213017897529,0.011578474078592305,-0.01065089816478945,-0.058237428445697674,-0.034749873202593,-0.09914270873158698,-0.002159053584387771,-0.21562059952384807,0.29766219805426647,-0.026847838675297747
0.19868830266297172,0.07655708636847164,0.25662177257268004,0.2070357989885699,0.21095406339032116,0.22904464539497515,0.20505849286288116,0.18333624798566514,0.29365989766226336,0.1587404560092619,0.17899850358704852,0.1833379350506329,0.16415733156458082,0.23674836671367355,0.13153384320578942,0.35510194914423016,0.1992459145810298,0.19644193874745697,0.23026939311836134,0.2158391519583517,0.17941248978673635,0.7207626434011083,0.2871004556239444,0.22722291965579655,0.2675214115946067,0.17645136749208046,0.1792053674446784,0.06897293567285233,0.1291904020153766,0.2232255159530434,0.13149115183652857,0.2119405112004094,0.2087441174627432,0.20135342200172898,0.19174364054246412,0.14069640032634062,0.29478927379095954,0.12327842079871881,0.1635541086487952,0.009826901014656886,0.13536976936451905,0.16405386073116937,0.30235624054078286,0.342209091698517,-0.0065542511621404925,0.17443497091295165,0.24211426425533522,0.010180902401591432,0.37686095283030846,-0.1713940798381808,-0.019751143268482787,0.052316853183811775,0.11504531905942018,-0.06229588962821823,-0.10477610438027021,0.03138097523404217,-0.11047937262303938,0.19399415209903048,-0.13407034946174012
0.16689957234097308,-0.04107560835483587,0.3247335814760565,0.2708068171594226,0.13206175385387128,0.12737034864649016,0.1944402430804421,0.15936245087372206,0.2444939973522289,0.23976023959788906,0.18386113692623907,0.16136933494161365,0.11528643503535065,0.18115792226518254,0.3699040176033115,0.1007221897428702,0.1891822833333812,0.5387125900817564,0.10197942736325853,0.16011777288168785,0.25582212735915966,0.2871004556239444,1.5584019211014766,0.4962402621554676,0.5598916556544723,0.015607475165137207,0.09498348818404242,-0.24955626826891114,0.2327478339232878,0.633644858076059,0.11829980489976538,0.14487234315132602,0.5394274837503978,0.20925374218491197,0.17866013831642213,0.5177074960485276,0.605818606711026,0.10629645496422596,0.24615125595774937,-0.319770063610379,0.3277254469740396,0.1676106529445459,-0.11963121819501242,1.3994266615601467,-0.24177672582485155,0.23077191811580025,0.5779417202574021,0.013928132514447458,0.5099795494123776,0.7329076093548578,0.04524882375977369,-0.03254562685573829,-0.12927835679967817,-0.004978905714541491,-0.23184020439782826,-0.008837317513989189,-0.10354221327671304,0.25913474029998773,-0.17566400767539433
0.0026998743797664146,-0.06040553456196033,0.3315552495701308,0.3384902111225658,0.13562498358321662,0.19504728549407874,0.2016333042641584,0.24199056710655595,0.25985007116944864,0.22086289365137624,0.2578573617293369,0.18327464245889244,0.14228548352808607,0.25171248368339283,0.2938524154614025,0.19808899944902333,0.3153723896949373,0.2075336902740616,0.19040032510722238,0.413582818506132,0.2660818738728582,0.22722291965579655,0.4962402621554676,0.9865639252442774,0.3711874843710946,-0.020506337299198287,0.21254015797132694,0.43160775219312997,0.11912668092081076,0.9289779319575194,0.3420384167772108,0.2445480729217818,0.6766173532277,0.1457358434090109,0.3790087303889207,0.4710694478987919,0.7636049141896311,0.26297680518407335,0.007538191459094912,-0.03261708729402127,0.45872659230572416,0.21913889192628827,0.09333114131529274,0.9539549851240985,-0.1664194421852603,0.28900795050654393,0.5493197666542968,-0.017529410845198906,0.8864989241242605,-0.24306069078025824,-0.08183850181173537,0.1794487214601627,0.14221802675435452,-0.07878475774324104,-0.0635395544107929,-0.11308244570928729,0.028658662121966345,0.1461387267641274,0.030535462032953358
0.2350890234091226,0.030672691383739167,0.33452378561865126,0.25593549223278234,0.18246355829845978,0.2168154366687653,0.23548156825532135,0.26853749319621983,0.22344995222675917,0.217473763182246,0.2465256843924821,0.2491675112026869,0.14454975236778098,0.19008576854903675,0.3723359146348244,0.2446272680863264,0.2611882493118195,0.2756477180183014,0.1990651109046752,0.3369145662444263,0.2179254484131106,0.2675214115946067,0.5598916556544723,0.3711874843710946,0.955500028660948,0.14621684826711126,0.19012891597087392,0.09624193416349015,0.2601165956127692,0.44428774477867167,0.1891393799657166,0.16587998914129148,0.37646416099354935,0.27593884096243876,0.29975867512678844,0.4432761393576374,0.646990066985202,0.21113089409425098,0.2084447999150866,-0.07456952235277797,0.21890324302059738,0.1870748044462393,0.13493372574696239,0.6276354907010564,0.09351082165300535,0.3671063189115833,0.3764022283811165,-0.04610561478636767,0.16523725307385814,0.27821877040860943,-0.021093578166384366,0.16019743868200473,0.04007955784044195,-0.047365661784187385,-0.18821368010943676,0.056400616880780886,-0.06065886759893673,0.27494139645792287,-0.2823108271170612
0.1358866739553557,-0.14133915923199802,0.11203553772796067,0.1144113378472915,0.1825102714085011,0.2697079444084806,0.12062170847572672,0.11945040006979946,0.15040419900720653,0.0589591551406989,0.12967365214788054,0.13528104482768719,0.10576395846757938,0.23846008416745637,0.17877618464176015,0.24817008741468766,0.024694875447369948,0.1741125919156014,0.17741351005943173,0.25014984285016184,0.15894226770856423,0.17645136749208046,0.015607475165137207,-0.020506337299198287,0.14621684826711126,1.9112794285731864,0.1691288414816181,-0.31532387313435806,0.3963710631547371,-0.7045434146712632,0.04151345787568895,0.30646591332181017,-0.05498257474414632,0.2774268369891364,0.20934856115088174,0.33766438174710667,0.28587454658839273,0.1615616971564273,0.09474797149256876,0.27019872777693615,-0.20547964788906092,0.20705450177785853,0.21517578356886016,-0.8979656325391248,0.9096279538184375,0.1184616142843103,-0.23304622067331174,-0.02720167124321831,0.3996544045478849,0.2103550163571474,-0.12963705983108398,-0.008818112957432156,-0.35798643648779116,-0.008855713534824639,-0.1063864758741598,0.03452132173879297,-0.011376643390106723,0.02045560682562046,-0.12452349315373056
0.201510830571571,0.16674557296929138,0.20641677883626294,0.17100436240417857,0.17085550552471687,0.21144637946902145,0.18100311585893528,0.15681875674389173,0.16368618989228037,0.15173849560276226,0.1898886082715177,0.2423379619959338,0.11601380278146443,0.19952971604493303,0.18234772855433795,0.2556718797151532,0.21249778508395403,0.07931579030858694,0.1425414505515694,0.3475350181528153,0.14513115504342824,0.1792053674446784,0.09498348818404242,0.21254015797132694,0.19012891597087392,0.1691288414816181,0.48960620919431064,0.1667813938242358,0.07250634795690458,0.2448578491437898,0.17587614670345403,0.20948101863148047,0.18752612613960704,0.15065229433477484,0.18819955641450742,0.25965207622997494,0.27230625434490535,0.18456786205114745,0.15240351014542544,0.14075127682770924,0.15026572870140562,0.15102249756377523,0.3462866114958615,0.1117049811628476,0.12008308952488052,0.15394299619588547,0.17474269237600626,-0.012938597717623719,0.4169953125114882,-0.10721723747558096,-0.1634055622654329,0.0029069056314550337,0.08013172496676,0.05071551485651212,-0.07648815360700062,0.033260566788052275,0.014787676606010679,0.1593747369451559,-0.20341854337573986
0.08241273148312785,0.09307191013620611,0.32164685239805263,0.2657079527079958,0.021463124389396952,0.1925080002077248,0.0848365960856256,0.18308527798234184,0.15569191484358377,0.15868114053496984,0.1660051182910491,0.11443955212775565,0.0669801855409548,0.1431971784932534,0.09211993796554677,0.08171395801903321,0.5272368789277994,-0.03598654707930926,0.2686845912824592,0.3019689273701224,0.12820613700797426,0.06897293567285233,-0.24955626826891114,0.43160775219312997,0.09624193416349015,-0.31532387313435806,0.1667813938242358,2.7409324067718015,-0.5915582946782743,0.5907202751783143,0.46849787004749965,0.2116492666654714,0.7765211437204115,0.07998834300948349,-0.36412002725220244,0.6072783911469535,0.4039198011200204,0.152781668092954,-0.36751767028096033,0.07283483637654867,0.8011456390762159,0.06923471363671233,0.17169392404380934,2.1572389548898148,-1.027813438979466,0.2278614370320525,0.1051320500911994,0.007371749332876293,0.7391329474757058,-1.7983194313391764,0.15604651724403387,0.5321809301123,-0.06311382505230673,-0.1130856485378391,0.7275108409045873,-0.07671180162911764,0.159897980640079,-0.4044782217925859,0.6809516450053564
0.15919250601384013,0.15385261982206247,0.23952527174399968,0.08004952405776518,0.19343268800660232,0.2657648863132859,0.1368453812597936,0.2337696878196454,0.16174472017562916,0.2153682010960504,0.2026864342169962,0.08453057628782903,0.17791975675034682,0.16877439158151028,0.2106253456105475,0.19403970201272086,0.06625675765760713,0.2180250516161925,0.2280816570136121,0.11503311457021358,0.20022102361797553,0.1291904020153766,0.2327478339232878,0.11912668092081076,0.2601165956127692,0.3963710631547371,0.07250634795690458,-0.5915582946782743,2.2749046198922143,0.27610600857194567,0.026832956151190482,0.16928854435357094,-0.03159726397451269,0.2777046446352804,0.502702287583447,0.6244928064675093,0.5022337327706888,0.11168077754192068,0.21072701840084776,0.24655336129833885,0.17781881991239856,0.16543043936829127,-0.02133987696448501,-0.9259782647050515,0.5053285593583828,0.4979714798783351,0.3911156164488409,-0.13102801712851048,0.32247712248224747,0.21978760102167189,-0.01596421191771832,-0.01913129303903004,-0.07042414491735438,-0.027937366528194164,-0.3162384742144168,-0.02493704306443002,-0.16410209256294464,0.21825142414048093,-0.08601927720440063
0.4792368778783534,-0.05453523372079659,0.4817474243263095,0.1685129444934052,0.15427558305500833,0.09169163553921517,0.20860464835665338,0.20895858913065357,0.326711141912431,0.39964447813033804,0.26784324788317077,0.16887740708129295,0.1299658269605651,0.2459527505163067,0.331035945175251,0.14268373856317426,0.3513960714867491,0.17662799756629022,0.12095517456922139,0.6478867193964416,0.32928145453814434,0.2232255159530434,0.633644858076059,0.9289779319575194,0.44428774477867167,-0.7045434146712632,0.2448578491437898,0.5907202751783143,0.27610600857194567,3.6904259243977613,0.4580947939641529,0.07690918280738364,0.860090890400602,-0.19224797839475424,1.0013426684133142,0.2566573529297287,1.1068454929305163,0.3683106881498068,0.09520157945379576,0.30443706852425306,1.2719165387720481,0.28890168447495074,0.7935460763591424,1.737593034346852,-0.5299190002598464,0.3135686147312649,1.5701910921170221,-0.0086332581785967,1.9932212346426776,-0.9203457422185921,0.04478436555834999,-0.42950011774167035,0.8447697974657972,0.03852770493796246,0.14910923394146283,-0.07252712239430065,-0.09079805737521944,0.48259132948200406,-0.20000609374235198
0.1924929062013515,0.14840705614843075,0.2736529066781304,0.1814189397077903,0.19480627462388608,0.21125837695822786,0.1959568601600354,0.21255297194273096,0.23438415912082894,0.2220440933518906,0.23219027490945682,0.18387902267625755,0.10767018888574206,0.2158390633813918,0.25490775983385106,0.13873042340501557,0.29050966274190815,0.24832324448255058,0.23859129708434026,0.26823011786839723,0.2659195337730456,0.13149115183652857,0.11829980489976538,0.3420384167772108,0.1891393799657166,0.04151345787568895,0.17587614670345403,0.46849787004749965,0.026832956151190482,0.4580947939641529,1.071778258512381,0.20796399629975598,0.3461984698576015,0.21220937455561956,0.36900438058010937,0.7463915124063246,0.6033262299602197,0.25113000981423567,0.35664137957172204,0.07237595258585244,0.38808302745805007,0.21647924380073985,-0.03994933771147402,0.3522998511517176,0.08984630965322886,0.41609878140347833,0.3998342856239896,-0.041068387259495825,-0.13642660773005685,0.10383217607633391,-0.08489153809637141,0.1639020998183446,-0.03162542531932385,-0.09279834925503784,-0.0760967573523217,0.03438935161889602,0.1257056190309817,0.1531251108353131,-0.24121613950224674
0.2285503968197816,0.037741092716910354,0.21981045033116983,0.23563485165610726,0.15760843356782425,0.23459212938522736,0.19799475153378063,0.1868513920872118,0.20725057410937944,0.14389835412571028,0.19272870963115785,0.2169339623323163,0.1085288057092026,0.40462775755293323,0.16845247516460085,0.20641103644435635,0.20776504330871068,0.13778308123499222,0.19035734170912755,0.2433994857664569,0.1523002733839433,0.2119405112004094,0.14487234315132602,0.2445480729217818,0.16587998914129148,0.30646591332181017,0.20948101863148047,0.2116492666654714,0.16928854435357094,0.07690918280738364,0.20796399629975598,0.5899360712137274,0.14036788732837727,0.12616511738310918,0.03493777754096316,0.3430043769165913,0.01747728611685624,0.1607419953856167,0.25807748638321226,0.06323310548180279,0.14726568402769247,0.12631852036154806,0.1695288884992941,0.10728871015268998,0.0026367424651278903,0.18424748867587498,0.16868699857886077,-0.02578462639560145,0.42798589121748776,-0.08536014860871771,-0.08686744047548225,0.1341306407038884,-0.17444386753598984,0.0030344983415889594,-0.24753855142639325,0.00667634705026269,0.2987843153474659,0.13762920874681064,-0.2961315656454219
0.1491350540692093,-0.018584744757880217,0.3909003804781883,0.31306747106289645,0.14219424278413717,0.09244750033543535,0.2036734534231883,0.1683220716756783,0.3182462111524972,0.22851479618680107,0.2234066735176818,0.1803794532490928,0.12740775321429942,0.1804406028566113,0.32125865328696723,0.09158944176948022,0.34926600305327454,0.21183110180710268,0.19768405409597378,0.31762319387385757,0.32875408748259116,0.2087441174627432,0.5394274837503978,0.6766173532277,0.37646416099354935,-0.05498257474414632,0.18752612613960704,0.7765211437204115,-0.03159726397451269,0.860090890400602,0.3461984698576015,0.14036788732837727,1.7798603203823875,0.05857986356656269,-0.22922373342089422,0.4140636080253373,1.123040602377796,0.20385285231286354,-0.3565053624916797,-0.22123497523145857,0.23572712787289515,0.3269307493705879,0.0690493261649869,1.6012397429937715,-0.540180440609422,0.3332551919254597,0.5665016909028743,-0.03427343334583878,1.3016895769222594,-0.07082447639361686,0.028726921060301187,0.24784945175372314,0.12582572992138819,-0.1807046409591982,0.25532253506210495,-0.03441515530922237,-0.08622666621873662,0.0038528633916996174,0.17285039357665105
-0.5935565471835611,0.10335835094888723,0.13098144931453679,0.3402797934222273,0.18461024846642102,0.3221500721572671,0.19063894363594205,0.3203477997978036,0.1663027656531512,0.234606773342487,0.22474175623680903,0.16391812847557236,0.17542758711886902,0.10008237383454766,0.20680584575961636,0.21408083901893277,0.22665366688905286,0.24186025030216854,0.19079711292725735,0.21797633677614384,0.08162086441793372,0.20135342200172898,0.20925374218491197,0.1457358434090109,0.27593884096243876,0.2774268369891364,0.15065229433477484,0.07998834300948349,0.2777046446352804,-0.19224797839475424,0.21220937455561956,0.12616511738310918,0.05857986356656269,1.5913651298409208,0.5416613062718343,0.23937215976977885,0.9445012671583582,0.16440649642856336,0.01909157708758384,-0.17425121825423182,-0.04607695718876431,0.14016158080975447,0.20909327588907975,0.2532206513256223,-0.1657527242459663,0.34260690635792845,0.14754431866030743,-0.004106973408747342,0.7305087789458767,-0.43784908900063996,-0.2911463475108997,0.15079471271011732,0.0689647671138986,-0.12276053093966924,-0.15571735491833222,0.048257168865465216,-0.2934110727098587,0.033231004252300515,0.22239058294673
