4.196354657524156,0.629543252654254,0.5245663919565177,0.42687012695923693,1.63381110597498,0.8538482425317044,0.7874586598973059,0.8071744493082286,0.1591410771216936,0.8440463489854553,0.6749259184211177,0.5997701722499623,0.7414526281862273,0.5313952021421029,0.6025226661843527,0.5852652368400505,0.5178942515850294,0.8368208707922768,0.29399903073014566,0.5267506531696889,0.5073796494296009,0.8952910235506092,0.8630036430688495,0.46578257538465667,0.7260713596453079,0.4231712793826003,0.6095084962764381,0.41333780542980725,0.3035871675573566,0.8402519135751575,0.4542247187433631,0.5488475379716509,0.5324704613082639,-0.5115877318330235,0.3017124591447941,0.6469939252073035,0.780213132608432,0.9131349290745168,0.8097202533931368,0.31008056242124704,0.5944379519770109,0.4467006867120221,0.475000931844474,0.6630331749881856,-0.15819390890721374,0.7062631782254061,0.8807530533592438,0.03963586760445113,0.6257302602911866
0.629543252654254,2.466441003426043,0.798044898667974,0.04891071643345672,0.33263420674767114,0.4527742139335328,0.24130085783144117,0.38802766685428725,0.19452303942141963,0.35180274895073127,0.2944245673723426,0.2478422019565415,0.30438965668847934,0.20117754344886948,0.27289172684114976,0.21336519965893683,0.25897645530409874,0.45205617705330986,-0.021860031786036717,0.3999607721990058,0.2969495758327894,0.3094503622189354,0.3035408067437105,0.20523505035382508,0.43096033317526644,0.35037995154036505,0.45968953510197147,0.2999861686517747,0.5913475731455888,0.28678096772938105,0.2808269839748201,0.23375264583309535,0.2745196954790651,0.2543600518085839,0.25863567961915457,0.2877215240842477,0.7420332114361181,0.30458693995827507,0.2257631023289488,0.14086979071511996,0.38757901267011324,0.272421526108928,0.38358704599694965,0.07192215993227292,0.3117220740205915,0.5706112962146231,0.4159138319840878,0.053632663552570396,0.14213915860122522
0.5245663919565177,0.798044898667974,2.1699459769052254,0.256833822903367,-0.19845558958262824,0.27041944805872314,0.2456934132734764,0.3983329959834162,0.2818942999517944,0.4098111665236836,0.2246853151928807,0.20498195174351488,0.26302571093523736,0.14129845989806494,0.2609049415879075,0.15418819021958946,0.2623545709641122,0.2876550159106104,0.09089483596520684,0.17167754170014501,0.20284264300227373,0.37097990984851026,0.2107821105222,0.18052088979437272,0.32407097396048723,0.16933840463672592,0.2592036256504451,0.2525780933326286,0.2867465532904769,0.09794069424635858,0.2441890625876695,0.1795232749020447,0.22634671232796985,0.04731736311497063,0.21284690212358126,0.37979858960535673,0.3489863739032464,0.35533205110688054,0.26734804663645423,-0.10305232986547164,0.3147561708407103,0.16270784919699866,0.03444539927275178,0.2680282714661789,0.20484174183819262,0.5769880973162788,0.23432392315505687,-0.02860384544073589,-0.2219562612521746
0.42687012695923693,0.04891071643345672,0.256833822903367,2.2870647739884786,0.4190961670785933,0.4771872502657304,0.11387034357500228,0.5807022831030515,0.020724895138597065,0.3118311821312002,0.4280146887498109,0.33852520490581345,0.39069298382972706,0.2667952064388839,0.26443269641268113,0.32814197329906136,0.2676961677831104,0.27884367308280905,0.239900962840473,0.2440385060944624,0.22676885738413474,0.4037833442100094,0.26431089137988634,0.23297317472149076,0.3583471166066577,0.16980652791595896,0.2979230606136557,0.1424795652315102,0.19259887577407991,0.3501001337493966,0.23073058250068373,0.28295084751692656,0.12890937490780469,0.303720762113329,-0.09900562927182616,0.2621734723059067,0.35953157652130846,0.4442157459389138,0.5323275552911788,0.044001162932243494,0.40132269805715126,0.18014511800683133,0.20477373864282664,0.8693221169349513,0.12124303535833206,0.11646647183020677,0.36253401984143163,0.053169970107913765,0.2941273329913102
1.63381110597498,0.33263420674767114,-0.19845558958262824,0.4190961670785933,2.0957353237932095,0.9848218079165583,0.2737210389285228,0.5230831100328766,0.3027413282070344,0.5118340955033582,0.5272434823836943,0.4929208868903791,0.5662640139621216,0.450079319068177,0.47596718257182813,0.4824204105223049,0.37928171045824,0.5618726824800038,0.13902397135975808,0.5785524054369588,0.404596050086334,0.5248587450310432,0.5585410809620756,0.3531133379022532,0.5111425133657594,0.4713740918947114,0.45391403624382193,0.2726205690755167,0.5340498057863075,0.4285379416184606,0.32242638130114376,0.47032019044774304,0.14719594797600696,0.5681287620580733,0.05278169622383559,0.42286803704558823,0.5451435436332712,0.5265392384010505,0.5386075119919715,0.3309910690619599,0.48452091264333075,0.39327429466843555,0.5660910300475245,0.4138820847516408,0.10421331695893384,0.4578174140544905,0.5733973005548931,0.08290088859321038,0.5731776553732096
0.8538482425317044,0.4527742139335328,0.27041944805872314,0.4771872502657304,0.9848218079165583,1.2431728258058303,0.10524495305074809,0.4565446006541203,0.20133902267677695,0.5028006146395297,0.4430447796639307,0.3869674031731628,0.46708358356401236,0.36638113921683185,0.367568138059097,0.3436753116305204,0.4032720685701689,0.4213279651175366,0.25225107484394305,0.5641312907078195,0.39175424891275923,0.5283735055637526,0.38472123116687884,0.3219196223650135,0.4435712246216483,0.3833596375596138,0.43960648767131355,0.35964848290763807,0.5103448824954439,0.3823663686030003,0.3211619650582874,0.3935006588827499,0.1090967281753539,0.4863602394189992,0.10204016866035112,0.3742180957926527,0.5073234838212476,0.5345259011078014,0.5038525153394937,0.2553432183616814,0.4456484830335308,0.3412957060714732,0.5331620074050675,0.4401676719607732,0.28716383419975133,0.4416220899689295,0.47737440234027234,0.0652888890732265,0.38518528925370094
0.7874586598973059,0.24130085783144117,0.2456934132734764,0.11387034357500228,0.2737210389285228,0.10524495305074809,1.2997661098824538,0.2517563903329892,0.3109648695337861,0.2688761549201975,0.38638145781803057,0.4099872849107844,0.47493700888459695,0.4186476733496304,0.2909985010190308,0.37814965896775166,0.3767893304667765,0.31999110419394855,0.013317939749766418,0.31043735881837875,0.3608851069654692,0.5413437077854463,0.26303812210993904,0.3087744706473576,0.3278753671041139,0.3868921100237982,0.358596129902503,0.34468598805795764,0.31104871045598886,0.2879210629287948,0.3260474296551196,0.4276380301212315,0.30582615721653306,0.4435164824569937,0.25679972157036485,0.44470963849177503,0.3514416332571625,0.23009571646354443,0.3719458901866441,0.21274519565085429,0.4306081779284588,0.3301907917730584,0.318102894980476,0.2679972091128595,0.25480860131613464,0.35498401370561333,0.3110944375192823,-0.024392904940842532,0.29506008050979166
0.8071744493082286,0.38802766685428725,0.3983329959834162,0.5807022831030515,0.5230831100328766,0.4565446006541203,0.2517563903329892,1.5352915534654645,-0.022567613595646813,0.47187742170103153,0.6561964701922669,0.3219717270520169,0.601072475308834,0.3115925011374758,0.3566720732906689,0.32305300280010174,0.3399636447688279,0.4817818792888021,0.34640126710571406,0.3929177052413273,0.30253167064241326,0.5093146677263725,0.37542364065964545,0.2970402864750208,0.5388679865543161,0.4379838178579236,0.48671600528673914,0.0705513900922208,0.4263778532284281,0.40898813728730904,0.3316706942140986,0.35661707864875797,0.16972392326277758,0.4255276503623729,0.4617352033257474,0.39899045650187376,0.40316885737573066,0.38043824788773617,0.6005792431664081,0.24063874617436565,0.3793676034347744,0.2983560238623053,0.4835167279153846,0.39868899706376976,0.23799156582485684,0.4346980149733094,0.5084617946684379,0.02275725896335314,0.2906054712308972
0.1591410771216936,0.19452303942141963,0.2818942999517944,0.020724895138597065,0.3027413282070344,0.20133902267677695,0.3109648695337861,-0.022567613595646813,0.8438627292520811,0.26567668581520054,0.17674530421382129,0.25602187566504353,0.214294037376037,0.2494315434304761,0.268082978977837,0.1969595631042439,0.19224730245191396,0.21050259239625657,-0.2057417845174647,0.20779249556115276,0.1913513123545524,0.25053600765592765,0.21110815501895752,0.19523152891195097,0.17314427935806898,0.28557329481877747,0.202489664256743,0.28496174170207655,0.19116097374721108,0.13227220887763583,0.17939733388427867,0.25567344800384906,0.2147243056784074,0.1322644993493618,0.12630337936470068,0.23527408635513525,0.15766283079833163,0.11646197705896226,0.21195686473573158,0.11294699647620188,0.21763617535282204,0.17065500785268414,0.12875134454824463,0.08617873561643088,0.054672381475397915,0.221801836824879,0.19824471038451308,0.004517005887093011,0.30115766530370586
0.8440463489854553,0.35180274895073127,0.4098111665236836,0.3118311821312002,0.5118340955033582,0.5028006146395297,0.2688761549201975,0.47187742170103153,0.26567668581520054,1.0467149133930571,0.4530873175845181,0.36589436595753594,0.46267091734180354,0.3177956264749743,0.3868445552038472,0.36216311850050814,0.372725756410715,0.4858301014639831,0.14556504754531405,0.3815543514019185,0.3223428890386446,0.4634467340618512,0.4759098759018838,0.32432571503718377,0.46195421333543074,0.27417514784654085,0.473909791843691,0.3731796173261598,0.5381032038087933,0.4892421932239502,0.2890844683635441,0.3418622281797628,0.21924973636785977,0.5478402883323187,0.34378093575925334,0.4694391409501696,0.44560692150708103,0.25473532857418757,0.5765689158171708,0.22021216811296176,0.5735383186356131,0.29779376408212976,0.42180636835991675,0.3793139888930328,0.2884224586952449,0.4528798988913771,0.5704440139654837,0.03801675625248799,0.3077797227618089
0.6749259184211177,0.2944245673723426,0.2246853151928807,0.4280146887498109,0.5272434823836943,0.4430447796639307,0.38638145781803057,0.6561964701922669,0.17674530421382129,0.4530873175845181,0.7997945315199785,0.4365939747122183,0.6010859468608686,0.3765067599811415,0.4903774351371848,0.37342489771710885,0.42115379580575846,0.42388881407022605,0.17938241141143552,0.44693025214967663,0.3212267628521612,0.4393582445415657,0.3783826893654494,0.33086262777210773,0.46676684342677877,0.4076165843266107,0.46548602865854155,0.35243130861715083,0.4682956150842938,0.33464152121239676,0.3038405158174663,0.39723046155719577,0.2311856880086417,0.4959304827844431,0.35456284715612896,0.4148546279227655,0.4104397122943789,0.2710783544936908,0.4809849736281643,0.26166520304062507,0.4304116874394895,0.327622397389953,0.4271089222518312,0.2342482571694005,0.18007067775822122,0.4541642201493503,0.4401600907779966,0.04341584792727664,0.38417240495237154
0.5997701722499623,0.2478422019565415,0.20498195174351488,0.33852520490581345,0.4929208868903791,0.3869674031731628,0.4099872849107844,0.3219717270520169,0.25602187566504353,0.36589436595753594,0.4365939747122183,0.7386530835638361,0.41035336425017016,0.41198869647538805,0.3642137801969258,0.3438494069597181,0.38800140988291,0.4217858077505074,0.11365270017117536,0.330474530800151,0.3282927950606394,0.3663165859114211,0.36307371108612363,0.2941134757274635,0.4183895254805068,0.40166336153876386,0.358715435974351,0.3099896873494069,0.2981837196963433,0.2841030270932263,0.30110011716984053,0.4075513913696732,0.24718064580860089,0.3953520855989168,0.2891035870619192,0.3725283546894939,0.40555752094486647,0.2862008952935331,0.3937662780848305,0.24134182133567655,0.3697065933211589,0.3119284796974793,0.3951369712415988,0.2533599196176034,0.2809578246600413,0.370288951052817,0.40934137500744405,0.03302455627182294,0.17268674608306964
0.7414526281862273,0.30438965668847934,0.26302571093523736,0.39069298382972706,0.5662640139621216,0.46708358356401236,0.47493700888459695,0.601072475308834,0.214294037376037,0.46267091734180354,0.6010859468608686,0.41035336425017016,0.8936214794024908,0.4350086403744315,0.3265950663414806,0.35491747114394373,0.37044452336995526,0.3978248794921603,0.17936698415709507,0.42638972770588174,0.30987872157444196,0.5950362110096137,0.35130402254532395,0.33369842474198447,0.4451384939960508,0.37429589743057823,0.4497775709350369,0.2989158554458157,0.5324803899661195,0.37054208643112935,0.3030845845128301,0.45762238206854333,0.2274481211172154,0.49565440674777145,0.3188048274020044,0.4431099369990769,0.360058607140055,0.33341332007771896,0.47693712857456144,0.23523386714702316,0.42882080699830705,0.3103400452243109,0.4252968268082384,0.32683062003737856,0.09590901365959063,0.48408821912304767,0.43812515836820753,0.003314470233995085,0.4261977888703355
0.5313952021421029,0.20117754344886948,0.14129845989806494,0.2667952064388839,0.450079319068177,0.36638113921683185,0.4186476733496304,0.3115925011374758,0.2494315434304761,0.3177956264749743,0.3765067599811415,0.41198869647538805,0.4350086403744315,0.6541467260323347,0.298284634732668,0.4161361223741934,0.33019641122555715,0.33606668105383253,0.13076730118111973,0.36092172671026146,0.32990622957960786,0.4972565075049349,0.2503608605699753,0.31312265597872896,0.3561285002620991,0.4858523050850669,0.30017373941553016,0.3271992332807287,0.3200343815605246,0.30224482603606284,0.34623815488144905,0.5386161524435079,0.2531312524030808,0.4032168984937991,0.2693002110742445,0.362836708500318,0.31594355944767705,0.3574764328918942,0.2358960074855355,0.22689472181132572,0.359963777568256,0.32162410324845936,0.4219255001339145,0.22391803105511332,0.2634422504871949,0.3619977019722187,0.3824380263462715,-0.0013430499037058834,0.18140700590506587
0.6025226661843527,0.27289172684114976,0.2609049415879075,0.26443269641268113,0.47596718257182813,0.367568138059097,0.2909985010190308,0.3566720732906689,0.268082978977837,0.3868445552038472,0.4903774351371848,0.3642137801969258,0.3265950663414806,0.298284634732668,0.9010461617325196,0.32248957727803995,0.36438691821667063,0.3596913305942755,0.08961980918697772,0.39691698174366846,0.27574397873352663,0.20970175181699618,0.30983787565432125,0.2761253290200437,0.41547444459274685,0.33343063960871777,0.3397085866807579,0.4133984052962901,0.3752102267538935,0.28106480530158034,0.26636475219975514,0.2950653772546151,0.2296752867587045,0.38166173745763576,0.2916534546917003,0.331214533025226,0.36273232613723727,0.13340094209811382,0.3344026850854545,0.19781337790774972,0.39824946315577303,0.2817639043433907,0.299663425380542,0.13811027799900702,0.2323764860325274,0.37250176282718117,0.36503595416588386,0.06706029061570973,0.19015176153031826
0.5852652368400505,0.21336519965893683,0.15418819021958946,0.32814197329906136,0.4824204105223049,0.3436753116305204,0.37814965896775166,0.32305300280010174,0.1969595631042439,0.36216311850050814,0.37342489771710885,0.3438494069597181,0.35491747114394373,0.4161361223741934,0.32248957727803995,0.826586652483477,0.33894648813693956,0.36369243753421976,0.15626621497162163,0.26355261459273455,0.29261526236384955,0.37185075612599067,0.32355736796650475,0.30512921750222605,0.3952000797787309,0.2716249788787783,0.3334995815700002,0.30874536184514234,0.35138793781669697,0.34370282829988125,0.292814038924367,0.3903844183254122,0.19939102354892368,0.40284384046924065,0.35575608427328514,0.3504318962709005,0.3773239413699717,0.27095829370349195,0.34166151128711725,0.25658997016637747,0.3644704858330851,0.3159575171499007,0.4096770256547785,0.24910765312583447,0.2831262066106871,0.33050316670251073,0.410151229263579,0.020000756367047977,0.13443849206666422
0.5178942515850294,0.25897645530409874,0.2623545709641122,0.2676961677831104,0.37928171045824,0.4032720685701689,0.3767893304667765,0.3399636447688279,0.19224730245191396,0.372725756410715,0.42115379580575846,0.38800140988291,0.37044452336995526,0.33019641122555715,0.36438691821667063,0.33894648813693956,0.7982694716031942,0.3525992821469577,0.15664233709909023,0.42082394921603794,0.3285360118791113,0.36328368805421324,0.3458193185669435,0.31684545264937924,0.4056717999406407,0.2716973708976067,0.4450795955070328,0.756243259531947,0.3234388508737296,0.3372592799880124,0.2980649765234038,0.31585076971991993,0.32629254401162294,0.41668300648819157,0.30036437226442986,0.37727408967259274,0.6062606772319431,0.23448900096905073,0.43784471801861297,0.24149645224931962,0.5087134932706414,0.34736420105867666,0.39968082540011807,0.2228660799522188,0.33677958786571793,0.41080331475358134,0.42798016707792447,0.07266901651927113,0.2786407670044485
0.8368208707922768,0.45205617705330986,0.2876550159106104,0.27884367308280905,0.5618726824800038,0.4213279651175366,0.31999110419394855,0.4817818792888021,0.21050259239625657,0.4858301014639831,0.42388881407022605,0.4217858077505074,0.3978248794921603,0.33606668105383253,0.3596913305942755,0.36369243753421976,0.3525992821469577,1.2510682310873948,0.10437116080355814,-0.01885484099750994,0.35623791080241496,0.5005975292810042,0.9997812844510268,0.30861630397710965,0.5390594194240006,0.3761085814751965,0.15403358355480531,0.43333505272031586,0.4189365818965366,0.33841103133505024,0.41463364916470385,0.3373864972249686,0.34819693563024035,0.3861871620531726,0.2925877991796245,0.32124143679473544,0.6356292008504086,0.2813726587585412,0.38358397321403104,0.2103724039280316,0.406384830474833,0.28495485500344025,0.5284254558621876,0.2666556728210359,0.3140091668898622,0.49004728027944905,0.8201643593748728,-0.0009348162762651401,-0.21126636020469025
0.29399903073014566,-0.021860031786036717,0.09089483596520684,0.239900962840473,0.13902397135975808,0.25225107484394305,0.013317939749766418,0.34640126710571406,-0.2057417845174647,0.14556504754531405,0.17938241141143552,0.11365270017117536,0.17936698415709507,0.13076730118111973,0.08961980918697772,0.15626621497162163,0.15664233709909023,0.10437116080355814,1.3793145371961069,-0.13456691237335303,0.1474629506853024,0.3503357328296042,-0.061504576371007175,0.1173128849753874,0.12620637702490362,-0.11426310072579961,0.15552111823998577,0.02983058487438899,-0.004332363232207232,0.22593240526702177,0.19815615597272107,0.10313361883955968,0.0387496631801868,0.10327033982250665,0.053505289879193854,0.22867147969616647,0.21905998638484606,0.3678089664354177,0.3227416203697592,0.05590218203734532,0.1838469724446028,0.11444932501301662,0.10354571202688553,0.2729209984415236,0.030794175439552037,0.2088011495319749,0.163790230167256,0.006843143075522793,0.0031410337203307322
0.5267506531696889,0.3999607721990058,0.17167754170014501,0.2440385060944624,0.5785524054369588,0.5641312907078195,0.31043735881837875,0.3929177052413273,0.20779249556115276,0.3815543514019185,0.44693025214967663,0.330474530800151,0.42638972770588174,0.36092172671026146,0.39691698174366846,0.26355261459273455,0.42082394921603794,-0.01885484099750994,-0.13456691237335303,1.6808393052348447,0.3281225859690084,0.040661365288769076,-0.1262773256283673,0.31699356659470646,0.3737736616936361,0.5975113975463736,0.5997477460377162,0.5678884337756654,0.5316704830613279,0.5090677632273223,0.41267767336122435,0.349273898026532,0.3215477077736753,0.5637567637762193,0.4225758480346033,0.23585154566971503,0.7349811443249421,0.28419723838134514,0.37408391217446124,0.34644164736287125,0.6441841628347809,0.38206550079864543,0.7866730183516786,0.16010602239989674,0.8475449363449474,0.3805064651603833,0.3005649964625256,0.25809760436665846,0.6236913387263356
0.5073796494296009,0.2969495758327894,0.20284264300227373,0.22676885738413474,0.404596050086334,0.39175424891275923,0.3608851069654692,0.30253167064241326,0.1913513123545524,0.3223428890386446,0.3212267628521612,0.3282927950606394,0.30987872157444196,0.32990622957960786,0.27574397873352663,0.29261526236384955,0.3285360118791113,0.35623791080241496,0.1474629506853024,0.3281225859690084,0.6410044919791833,0.3141615768577932,0.19713126985576107,0.2812443143700109,0.3281559705966849,0.3845268006063293,0.2919952149867937,0.32738662500666366,0.20324500489073727,0.4339462874462518,0.4508127012446698,0.3341096249532534,0.2615578104822227,0.3674228151303342,0.361849062249942,0.42279553400082326,0.43839898154503293,0.35487736964439553,0.37616492264902085,0.27216841420594506,0.5625362058666041,0.42177715081326717,0.4677069833629261,0.32944855557559866,0.6308344854543018,0.35523936410849993,0.4534010517034757,0.06543493598143976,-0.011240175727142651
0.8952910235506092,0.3094503622189354,0.37097990984851026,0.4037833442100094,0.5248587450310432,0.5283735055637526,0.5413437077854463,0.5093146677263725,0.25053600765592765,0.4634467340618512,0.4393582445415657,0.3663165859114211,0.5950362110096137,0.4972565075049349,0.20970175181699618,0.37185075612599067,0.36328368805421324,0.5005975292810042,0.3503357328296042,0.040661365288769076,0.3141615768577932,1.8767385595377173,0.6171249670322768,0.366216392596023,0.34411752740327156,0.18893940762852587,0.5199956702345816,0.15045397281093986,0.44735833381161383,0.4264497074532609,0.257375596734489,0.5384512176874489,0.21851454987012073,0.3184523691467128,0.1355386713226642,0.6582676035308215,0.3396275223720293,0.7103446104606498,0.6726964083950316,0.18183113585788996,0.41916433763093114,0.32207506101344074,0.27774960555902733,0.5977663487188897,-0.27457406504373694,0.5835284331709594,0.5123893317622454,-0.33365152111642854,0.7673872385576017
0.8630036430688495,0.3035408067437105,0.2107821105222,0.26431089137988634,0.5585410809620756,0.38472123116687884,0.26303812210993904,0.37542364065964545,0.21110815501895752,0.4759098759018838,0.3783826893654494,0.36307371108612363,0.35130402254532395,0.2503608605699753,0.30983787565432125,0.32355736796650475,0.3458193185669435,0.9997812844510268,-0.061504576371007175,-0.1262773256283673,0.19713126985576107,0.6171249670322768,2.52588719243771,0.4617730122072812,0.7219310835588802,-0.06587852310437006,0.2481443819850788,0.372913526955177,0.6585840902103116,0.5186953213560657,-0.5567855634368035,0.23851305054274324,0.3933931986484441,0.33393062049973654,0.19979093613125626,0.2858306217684671,0.5651800163296405,-0.22442212612601606,0.8728907890127535,0.12267660156255729,0.33392907044270065,0.1330401588142224,0.3329892199317347,0.3755456248937929,-0.32404535725364586,0.42738794400834634,0.8029448306384129,0.016799015216346712,0.7118615987265966
0.46578257538465667,0.20523505035382508,0.18052088979437272,0.23297317472149076,0.3531133379022532,0.3219196223650135,0.3087744706473576,0.2970402864750208,0.19523152891195097,0.32432571503718377,0.33086262777210773,0.2941134757274635,0.33369842474198447,0.31312265597872896,0.2761253290200437,0.30512921750222605,0.31684545264937924,0.30861630397710965,0.1173128849753874,0.31699356659470646,0.2812443143700109,0.366216392596023,0.4617730122072812,0.5243576147723098,0.37709357101063196,0.2043316642118431,0.35327897571437533,0.3564059930734566,0.2590192364387424,0.5058549520454119,0.28389399363134304,0.31563787212701366,0.41083337035686873,0.3217268660094623,0.3734203860070778,0.3326128755215057,0.4553447493291748,0.23781316167253394,0.3835022382060479,0.1885088469680383,0.42883099386439255,0.28065501376670876,0.3577335870365506,0.28711391464751196,0.2382332186456302,0.33041725823616375,0.4448127175641507,0.06209120682020623,0.329285719043387
0.7260713596453079,0.43096033317526644,0.32407097396048723,0.3583471166066577,0.5111425133657594,0.4435712246216483,0.3278753671041139,0.5388679865543161,0.17314427935806898,0.46195421333543074,0.46676684342677877,0.4183895254805068,0.4451384939960508,0.3561285002620991,0.41547444459274685,0.3952000797787309,0.4056717999406407,0.5390594194240006,0.12620637702490362,0.3737736616936361,0.3281559705966849,0.34411752740327156,0.7219310835588802,0.37709357101063196,1.5662114956936046,0.2897811618537039,0.469955499502102,0.30854596445904403,0.6960011307840983,0.5586099123059549,0.2280247555129933,0.3545284444731833,0.27708935511745203,0.5300709460859485,0.4411549639861609,0.5138552778653873,0.4571540211015353,0.3298042092941479,0.5267443717557939,0.18112730844000538,0.4488098115222165,0.3166744035975879,0.47014769259001504,0.4103898221067563,0.46535831025712754,0.538942986998216,0.6077572318766886,-0.007694784974025859,-0.3969380442809143
0.4231712793826003,0.35037995154036505,0.16933840463672592,0.16980652791595896,0.4713740918947114,0.3833596375596138,0.3868921100237982,0.4379838178579236,0.28557329481877747,0.27417514784654085,0.4076165843266107,0.40166336153876386,0.37429589743057823,0.4858523050850669,0.33343063960871777,0.2716249788787783,0.2716973708976067,0.3761085814751965,-0.11426310072579961,0.5975113975463736,0.3845268006063293,0.18893940762852587,-0.06587852310437006,0.2043316642118431,0.2897811618537039,1.7000193015978136,0.21912727960626815,0.3113085657053234,-0.24001527613023324,-0.10051649580052335,0.5745019456559117,0.5165054519053612,0.20490407307841596,0.4869932088399863,0.46706775743829954,0.1896258094284742,0.07100324942540541,0.4146997461364189,-0.41674760563726493,0.39668336232117124,0.2089902966085659,0.43199603306966616,0.831867541910048,-0.030976140959216945,0.6013675569152767,0.2718864877591634,0.18739047162393488,0.08229132489597323,-0.09463289873192575
0.6095084962764381,0.45968953510197147,0.2592036256504451,0.2979230606136557,0.45391403624382193,0.43960648767131355,0.358596129902503,0.48671600528673914,0.202489664256743,0.473909791843691,0.46548602865854155,0.358715435974351,0.4497775709350369,0.30017373941553016,0.3397085866807579,0.3334995815700002,0.4450795955070328,0.15403358355480531,0.15552111823998577,0.5997477460377162,0.2919952149867937,0.5199956702345816,0.2481443819850788,0.35327897571437533,0.469955499502102,0.21912727960626815,2.0781167796922886,0.5269863007195837,0.286622354518123,0.530139599858187,0.3017360233920103,0.3305449571219384,0.4245048553790597,0.4829802818540355,0.41329386254595785,0.5502012025607951,0.6287033340108025,0.23066156294839885,0.5868802817216927,0.3496392035644822,0.6360143851289976,0.36185151863367726,0.7557360899775402,0.2558239668048045,-0.003212954352784591,0.5098078056444598,0.35880115865215045,0.13659903481660549,1.4082196119347272
0.41333780542980725,0.2999861686517747,0.2525780933326286,0.1424795652315102,0.2726205690755167,0.35964848290763807,0.34468598805795764,0.0705513900922208,0.28496174170207655,0.3731796173261598,0.35243130861715083,0.3099896873494069,0.2989158554458157,0.3271992332807287,0.4133984052962901,0.30874536184514234,0.756243259531947,0.43333505272031586,0.02983058487438899,0.5678884337756654,0.32738662500666366,0.15045397281093986,0.372913526955177,0.3564059930734566,0.30854596445904403,0.3113085657053234,0.5269863007195837,2.672426095851252,0.12147353603038229,0.23226705888020405,0.41065032256210876,0.2988812664685807,0.634354960970427,0.3923138673490195,0.3130377716626465,0.26071482648434036,0.8312813211894249,-0.0488167811033339,0.2947692056293116,0.2000415808875215,0.8723439856130318,0.3034972729844585,0.30681924356582707,0.08339538312940473,0.32631842946538064,0.3903534638773949,0.397618396342241,0.22896544719909148,0.49897874849459734
0.3035871675573566,0.5913475731455888,0.2867465532904769,0.19259887577407991,0.5340498057863075,0.5103448824954439,0.31104871045598886,0.4263778532284281,0.19116097374721108,0.5381032038087933,0.4682956150842938,0.2981837196963433,0.5324803899661195,0.3200343815605246,0.3752102267538935,0.35138793781669697,0.3234388508737296,0.4189365818965366,-0.004332363232207232,0.5316704830613279,0.20324500489073727,0.44735833381161383,0.6585840902103116,0.2590192364387424,0.6960011307840983,-0.24001527613023324,0.286622354518123,0.12147353603038229,2.9088409019941435,0.2768578387899129,-0.14491390653186295,0.34564238824841836,0.05033265454239521,1.12728021404745,0.09138243161502606,0.9245967672372752,-0.687511702130691,-0.5882009671824345,0.7872697563334172,0.17685306671268367,0.5729515269252612,0.09220215172488491,-0.01237079270992043,-0.2742256952538391,0.35894207778778536,0.511427758509336,0.40009096331007266,-0.18531422140063175,0.4151413997326452
0.8402519135751575,0.28678096772938105,0.09794069424635858,0.3501001337493966,0.4285379416184606,0.3823663686030003,0.2879210629287948,0.40898813728730904,0.13227220887763583,0.4892421932239502,0.33464152121239676,0.2841030270932263,0.37054208643112935,0.30224482603606284,0.28106480530158034,0.34370282829988125,0.3372592799880124,0.33841103133505024,0.22593240526702177,0.5090677632273223,0.4339462874462518,0.4264497074532609,0.5186953213560657,0.5058549520454119,0.5586099123059549,-0.10051649580052335,0.530139599858187,0.23226705888020405,0.2768578387899129,2.4247633754077333,0.45084002785909794,0.2805791322025108,0.2621046190391106,0.0706159282854232,0.766248893699465,0.40472170898757326,0.8978378489042208,0.7486433468747096,0.8985172134394133,0.20476854242308162,0.9901949602426471,0.3852836316112017,1.1972087995178498,0.9903226431357897,0.7041171623270488,0.3258694614601236,1.2903909681327013,0.20029118883666625,0.5279003005836908
0.4542247187433631,0.2808269839748201,0.2441890625876695,0.23073058250068373,0.32242638130114376,0.3211619650582874,0.3260474296551196,0.3316706942140986,0.17939733388427867,0.2890844683635441,0.3038405158174663,0.30110011716984053,0.3030845845128301,0.34623815488144905,0.26636475219975514,0.292814038924367,0.2980649765234038,0.41463364916470385,0.19815615597272107,0.41267767336122435,0.4508127012446698,0.257375596734489,-0.5567855634368035,0.28389399363134304,0.2280247555129933,0.5745019456559117,0.3017360233920103,0.41065032256210876,-0.14491390653186295,0.45084002785909794,1.7884699762437348,0.3610227880615977,0.4149223054825933,0.31176843146260924,0.5043457779385145,0.4958118166778573,0.5207205938909611,0.7407803595903398,-0.05133538099203724,0.20352571802470695,0.6083095598174978,0.4277609214301226,0.49573256701328283,0.3674681154632896,0.8637077711079362,0.42406762242212237,0.4934491981049497,0.0511462824729138,-0.9119572624494371
0.5488475379716509,0.23375264583309535,0.1795232749020447,0.28295084751692656,0.47032019044774304,0.3935006588827499,0.4276380301212315,0.35661707864875797,0.25567344800384906,0.3418622281797628,0.39723046155719577,0.4075513913696732,0.45762238206854333,0.5386161524435079,0.2950653772546151,0.3903844183254122,0.31585076971991993,0.3373864972249686,0.10313361883955968,0.349273898026532,0.3341096249532534,0.5384512176874489,0.23851305054274324,0.31563787212701366,0.3545284444731833,0.5165054519053612,0.3305449571219384,0.2988812664685807,0.34564238824841836,0.2805791322025108,0.3610227880615977,0.5979318804905904,0.25115341923509205,0.42900920674158377,0.2477142822347042,0.39022063570528365,0.2393566598803012,0.3692252395809078,0.2220309771626055,0.22015827376376318,0.3448609432644815,0.32045047021895373,0.4090814208493724,0.22701322111681235,0.240503303653208,0.36709870235886244,0.37305565492363296,-0.021292934871917572,0.16110082717505966
0.5324704613082639,0.2745196954790651,0.22634671232796985,0.12890937490780469,0.14719594797600696,0.1090967281753539,0.30582615721653306,0.16972392326277758,0.2147243056784074,0.21924973636785977,0.2311856880086417,0.24718064580860089,0.2274481211172154,0.2531312524030808,0.2296752867587045,0.19939102354892368,0.32629254401162294,0.34819693563024035,0.0387496631801868,0.3215477077736753,0.2615578104822227,0.21851454987012073,0.3933931986484441,0.41083337035686873,0.27708935511745203,0.20490407307841596,0.4245048553790597,0.634354960970427,0.05033265454239521,0.2621046190391106,0.4149223054825933,0.25115341923509205,1.7417708633276916,-0.023559996373199204,0.21282307734131267,0.048094523634245,0.5876313786032014,-0.08897723449241707,0.04336161354313469,0.07310895498792717,0.3092116545049535,0.28253928569961545,0.06702071338782765,0.18558409913896495,0.3755001025750161,0.16807148707264463,0.370068857808834,0.1668286826354195,0.19878942515113632
-0.5115877318330235,0.2543600518085839,0.04731736311497063,0.303720762113329,0.5681287620580733,0.4863602394189992,0.4435164824569937,0.4255276503623729,0.1322644993493618,0.5478402883323187,0.4959304827844431,0.3953520855989168,0.49565440674777145,0.4032168984937991,0.38166173745763576,0.40284384046924065,0.41668300648819157,0.3861871620531726,0.10327033982250665,0.5637567637762193,0.3674228151303342,0.3184523691467128,0.33393062049973654,0.3217268660094623,0.5300709460859485,0.4869932088399863,0.4829802818540355,0.3923138673490195,1.12728021404745,0.0706159282854232,0.31176843146260924,0.42900920674158377,-0.023559996373199204,2.307030589877239,0.36757000755153063,0.45084156238450124,0.35891869296932666,-0.2606446296703603,0.353508695486952,0.2559739486896088,0.6782851059339818,0.3787304837813794,0.5621894714108161,0.14348581827095594,0.8745787879390284,0.4131642257787386,0.3371194322727592,0.028417194033045892,0.012889489372429399
0.3017124591447941,0.25863567961915457,0.21284690212358126,-0.09900562927182616,0.05278169622383559,0.10204016866035112,0.25679972157036485,0.4617352033257474,0.12630337936470068,0.34378093575925334,0.35456284715612896,0.2891035870619192,0.3188048274020044,0.2693002110742445,0.2916534546917003,0.35575608427328514,0.30036437226442986,0.2925877991796245,0.053505289879193854,0.4225758480346033,0.361849062249942,0.1355386713226642,0.19979093613125626,0.3734203860070778,0.4411549639861609,0.46706775743829954,0.41329386254595785,0.3130377716626465,0.09138243161502606,0.766248893699465,0.5043457779385145,0.2477142822347042,0.21282307734131267,0.36757000755153063,2.2999475426137246,0.07183799547418002,0.44313319986710037,0.0768728504940685,0.28777082490140554,0.433846178460186,0.3014267023827615,0.4181277134855095,0.6179603163262447,0.12111762827772463,0.9471184808216881,0.34988565390243803,0.5385195283369281,0.09341678205861065,-0.32370669498457316
0.6469939252073035,0.2877215240842477,0.37979858960535673,0.2621734723059067,0.42286803704558823,0.3742180957926527,0.44470963849177503,0.39899045650187376,0.23527408635513525,0.4694391409501696,0.4148546279227655,0.3725283546894939,0.4431099369990769,0.362836708500318,0.331214533025226,0.3504318962709005,0.37727408967259274,0.32124143679473544,0.22867147969616647,0.23585154566971503,0.42279553400082326,0.6582676035308215,0.2858306217684671,0.3326128755215057,0.5138552778653873,0.1896258094284742,0.5502012025607951,0.26071482648434036,0.9245967672372752,0.40472170898757326,0.4958118166778573,0.39022063570528365,0.048094523634245,0.45084156238450124,0.07183799547418002,2.4194653993745896,-0.19719304543047528,0.32720839495073806,0.6298546625224457,0.3203785452872904,0.7964737849067502,0.40514962468256405,0.12095628757690627,0.05003004155145535,0.15673895772329585,0.8317306421369212,0.3046578176752732,-0.4112091760021787,-0.8317574925692675
0.780213132608432,0.7420332114361181,0.3489863739032464,0.35953157652130846,0.5451435436332712,0.5073234838212476,0.3514416332571625,0.40316885737573066,0.15766283079833163,0.44560692150708103,0.4104397122943789,0.40555752094486647,0.360058607140055,0.31594355944767705,0.36273232613723727,0.3773239413699717,0.6062606772319431,0.6356292008504086,0.21905998638484606,0.7349811443249421,0.43839898154503293,0.3396275223720293,0.5651800163296405,0.4553447493291748,0.4571540211015353,0.07100324942540541,0.6287033340108025,0.8312813211894249,-0.687511702130691,0.8978378489042208,0.5207205938909611,0.2393566598803012,0.5876313786032014,0.35891869296932666,0.44313319986710037,-0.19719304543047528,2.941573537640127,0.9416668717160633,0.5540046081849228,0.21397206456781653,0.733908423606661,0.5395919163877808,0.8875768205370432,0.7240440168737194,0.5507595609636913,0.7768888896645115,0.8767284462580764,0.38939591603148055,0.4041695386144092
0.9131349290745168,0.30458693995827507,0.35533205110688054,0.4442157459389138,0.5265392384010505,0.5345259011078014,0.23009571646354443,0.38043824788773617,0.11646197705896226,0.25473532857418757,0.2710783544936908,0.2862008952935331,0.33341332007771896,0.3574764328918942,0.13340094209811382,0.27095829370349195,0.23448900096905073,0.2813726587585412,0.3678089664354177,0.28419723838134514,0.35487736964439553,0.7103446104606498,-0.22442212612601606,0.23781316167253394,0.3298042092941479,0.4146997461364189,0.23066156294839885,-0.0488167811033339,-0.5882009671824345,0.7486433468747096,0.7407803595903398,0.3692252395809078,-0.08897723449241707,-0.2606446296703603,0.0768728504940685,0.32720839495073806,0.9416668717160633,2.8065481905976517,0.019561041805904757,0.20016251664463383,0.21949093775121026,0.4237064099256018,0.8861486479690939,0.8999415614413021,-0.2554698232262998,0.7872892772099271,0.6254948099076081,0.14339256172936843,0.09103536141664156
0.8097202533931368,0.2257631023289488,0.26734804663645423,0.5323275552911788,0.5386075119919715,0.5038525153394937,0.3719458901866441,0.6005792431664081,0.21195686473573158,0.5765689158171708,0.4809849736281643,0.3937662780848305,0.47693712857456144,0.2358960074855355,0.3344026850854545,0.34166151128711725,0.43784471801861297,0.38358397321403104,0.3227416203697592,0.37408391217446124,0.37616492264902085,0.6726964083950316,0.8728907890127535,0.3835022382060479,0.5267443717557939,-0.41674760563726493,0.5868802817216927,0.2947692056293116,0.7872697563334172,0.8985172134394133,-0.05133538099203724,0.2220309771626055,0.04336161354313469,0.353508695486952,0.28777082490140554,0.6298546625224457,0.5540046081849228,0.019561041805904757,2.875323286922193,0.28743504939284065,0.7386022743701174,0.15511626019662236,0.10010678034372224,1.0102155354033258,0.3569878677747775,0.08378063722262265,0.6551125270696687,0.03177882883118428,1.8582292713173918
0.31008056242124704,0.14086979071511996,-0.10305232986547164,0.044001162932243494,0.3309910690619599,0.2553432183616814,0.21274519565085429,0.24063874617436565,0.11294699647620188,0.22021216811296176,0.26166520304062507,0.24134182133567655,0.23523386714702316,0.22689472181132572,0.19781337790774972,0.25658997016637747,0.24149645224931962,0.2103724039280316,0.05590218203734532,0.34644164736287125,0.27216841420594506,0.18183113585788996,0.12267660156255729,0.1885088469680383,0.18112730844000538,0.39668336232117124,0.3496392035644822,0.2000415808875215,0.17685306671268367,0.20476854242308162,0.20352571802470695,0.22015827376376318,0.07310895498792717,0.2559739486896088,0.433846178460186,0.3203785452872904,0.21397206456781653,0.20016251664463383,0.28743504939284065,1.295257864797876,0.06123292072265304,0.35648023657861433,0.6266855373745651,-0.1882384526158918,0.5637046146734681,0.4377878123346699,0.24484896535053013,0.030070536985358314,0.3283494538385272
0.5944379519770109,0.38757901267011324,0.3147561708407103,0.40132269805715126,0.48452091264333075,0.4456484830335308,0.4306081779284588,0.3793676034347744,0.21763617535282204,0.5735383186356131,0.4304116874394895,0.3697065933211589,0.42882080699830705,0.359963777568256,0.39824946315577303,0.3644704858330851,0.5087134932706414,0.406384830474833,0.1838469724446028,0.6441841628347809,0.5625362058666041,0.41916433763093114,0.33392907044270065,0.42883099386439255,0.4488098115222165,0.2089902966085659,0.6360143851289976,0.8723439856130318,0.5729515269252612,0.9901949602426471,0.6083095598174978,0.3448609432644815,0.3092116545049535,0.6782851059339818,0.3014267023827615,0.7964737849067502,0.733908423606661,0.21949093775121026,0.7386022743701174,0.06123292072265304,2.398380573668308,0.39374000762285033,0.2995899630722165,0.7741072823250672,0.4275510827557488,0.782233018354181,0.7494265801308299,0.31601860785842234,1.027243719670684
0.4467006867120221,0.272421526108928,0.16270784919699866,0.18014511800683133,0.39327429466843555,0.3412957060714732,0.3301907917730584,0.2983560238623053,0.17065500785268414,0.29779376408212976,0.327622397389953,0.3119284796974793,0.3103400452243109,0.32162410324845936,0.2817639043433907,0.3159575171499007,0.34736420105867666,0.28495485500344025,0.11444932501301662,0.38206550079864543,0.42177715081326717,0.32207506101344074,0.1330401588142224,0.28065501376670876,0.3166744035975879,0.43199603306966616,0.36185151863367726,0.3034972729844585,0.09220215172488491,0.3852836316112017,0.4277609214301226,0.32045047021895373,0.28253928569961545,0.3787304837813794,0.4181277134855095,0.40514962468256405,0.5395919163877808,0.4237064099256018,0.15511626019662236,0.35648023657861433,0.39374000762285033,0.6464113934955812,0.5094070689455383,0.15640598507168482,0.6033985706337189,0.3962669944211957,0.40341037182394635,0.05382863130006308,-0.12299128381501193
