0.9239592456699012,0.3298920924729814,0.46180254575939933,0.12767703648705875,0.19373528476231355,0.20225670577830832,0.22367805239294428,0.24127849593566836,0.09169541974853034,0.15139982130242016,0.186125935285776,0.19492526175440575,0.21177175989610017,0.1831591946016083,0.15655397240125818,0.15246111749455757,0.16940204226848368,0.1926001188958549,0.11979813168859868,0.21088405161301363,0.176912191864932,0.27765926943707897,0.1889406130381963,0.037461019445487534,0.2533675514023052,0.1762223789121548,0.181769096568154,0.18269259222331452,0.20729204695034464,0.19130025608293152,0.06825731894385152,0.14286106831841472,0.23427336894565257,-0.05284113364101973,0.2180664464715765,0.06902819394770394,0.23678435446038518,0.12298784629246179,0.20506058316739095,0.17339359486185923,0.21483509732516326,0.17272070201824788,0.24908598376346663,0.01293824316897836,0.12202771062747934,0.35562345964025555,0.30419981622213793,0.09660494903091213,0.3458512101668344,0.04337774753493762,-0.05180729602596946,-0.12109392148275472,0.07392502568624319,0.013043147554635166,0.14027136352642014,-0.06237338707822273,-0.06101368489327579,0.1951739881874914,-0.22111036414773694
0.3298920924729814,3.0311664568865653,0.6397736338929394,-0.10061534000515994,-0.09652310263041453,0.14381705392824004,0.02233295442251106,0.0804902060154846,0.04645927412753216,0.07966150444078776,0.03808915006012045,0.06753982389633886,0.041937349635367015,0.14428222470676624,-0.020674626795825855,-0.056445967312506284,0.0021029044068006796,0.07563708659232508,-0.039057553257216576,0.18201450280573755,0.1663182396552844,0.02750057053033129,-0.03834319251575986,-0.03288776348368853,0.005615047768726024,0.13600003480112302,0.0943515494416046,0.057698751823388295,-0.06020784254415355,0.23617683716687513,-0.04929060892049645,0.16212600765159588,0.040283129831021586,-0.04455509090809354,0.10803080452300816,0.06041277926275852,-0.13966387680747094,0.10092396760684944,0.05704174663967974,0.2218859107126997,0.17238239341543443,0.12118563006921138,0.29710175548920226,0.01774489385174221,0.1106859614010185,0.12582828321531053,0.14767498373429178,0.03318678256915568,0.6098601160930417,-0.2149119128844935,0.19789033361402522,-0.15087682858271473,-0.0024234773542021327,0.08866045804840474,-0.631047922538088,-0.02223391825003307,0.03873567693217809,0.14365182702672838,0.45092604907317047
0.46180254575939933,0.6397736338929394,4.605426673433125,-0.1173120485438175,-0.5149955356187141,0.32263249486396045,0.19014666301090216,0.25661207220347726,0.4481875376573929,0.10158023733883612,0.20947912658509057,0.15186583410302323,0.1793921159365862,-0.012960984628297503,0.17441722560138848,-0.10074305905826762,0.17297984508572697,0.2652272088025089,-0.02225964251654618,0.21581008025224846,0.22449670293834822,0.1967364455678458,0.24200762226192649,0.19968257550945712,0.17855656851509227,0.26044289419083266,0.14727940169257323,0.29015809885847915,0.29897620053220736,0.2057153327898373,0.10301539182177845,-0.012259121428342547,0.23007844595379934,0.20281516826116142,0.3261716060796689,0.1570721382185049,0.42540292595244455,0.05128865529527904,0.22780290226303596,0.17543357076959432,0.15774315627943064,0.20280525783420614,0.3214663468462435,-0.03379901917156522,0.2454838272642263,0.4193139330128736,0.3315533937585556,0.016681060383675127,0.0706556318041301,-0.06758052305862766,0.15967057729262593,0.13069046807858878,0.06508541486214606,-0.15501967962507449,0.38288444021670504,-0.04760276734029752,0.011481878361847645,-0.053368894163337795,-0.25465814440868945
0.12767703648705875,-0.10061534000515994,-0.1173120485438175,0.565631025491574,0.49141969238299305,0.30221593561133214,0.23551999588779116,0.29275093492019005,0.03818380682551249,0.27503184255742424,0.258266210631291,0.2822940701547969,0.2768327470122535,0.23041819851140313,0.22887583650310767,0.27802522229912574,0.2473395603200901,0.20469715762854088,0.25526655794402714,0.19051541361333169,0.18085503230567368,0.23368519849722627,0.22157285635753254,0.25507171687485225,0.1847344690579954,0.13853313802226203,0.19585489626659575,0.16566967911769662,0.2745937056254677,0.07605460512463362,0.18299752857071253,0.22298314711894465,0.19307399211012166,0.24479641543595704,0.11654402672633167,0.16792910709524078,0.2879104006093418,0.1267266210738605,0.2743867964623059,0.11291441881410327,0.22322444730252353,0.1918841812480112,0.1448720565863004,0.029728253099618622,-0.06950796186023166,0.3559167121713317,0.3434126784727728,0.012258969564361488,0.44982476321649756,0.2501389517460895,-0.24050884004718479,0.002069286771674816,-0.025002731493882,0.005133620691768064,-0.008596712863344347,0.054316299253473976,-0.15923540832752428,-0.08571401520484265,0.17461452640618313
0.19373528476231355,-0.09652310263041453,-0.5149955356187141,0.49141969238299305,1.1037190221961601,0.38720818030073734,0.19958228131329286,0.37237578070488714,-0.09495210901751974,0.31416045937232084,0.3151426526907408,0.3470120596769539,0.37600540948060457,0.2925228254127279,0.2604391912856534,0.41205203308943134,0.2917747181903621,0.23756125277911824,0.4676770200567757,0.2026077311309375,0.22269113875247834,0.3399041698769579,0.2960891056676399,0.24021344778533632,0.17972433715570207,0.11471064763036277,0.22698272517912713,0.11795181784872243,0.3669057116760785,-0.048500065816059784,0.1285428968866618,0.2685093399527091,0.21572468685797078,0.2932482432082899,0.10807650747067382,0.15648292578849757,0.354924979263757,0.15454112447256999,0.30727002536602627,0.14898383121058573,0.3400319386805171,0.2400812259769731,0.09475802273808251,0.03348450927928499,-0.17392545201024834,0.4791542374749199,0.4366700955192153,0.12314956155500795,0.634671639614201,0.28504079931562665,-0.17809653622546961,-0.29974993906853653,0.09675373945447834,0.07155595777001443,-0.12117772245658899,-0.11595040446829691,-0.10883643009624051,-0.052048823362757304,0.3310554870944513
0.20225670577830832,0.14381705392824004,0.32263249486396045,0.30221593561133214,0.38720818030073734,0.6929500441020311,0.15566963698087125,0.4119634396148406,0.056962464283552124,0.26381497946846477,0.35644065776934275,0.3085755076861219,0.3481889126888883,0.21571602726829772,0.24343641745797917,0.2545601100691391,0.3719719728567033,0.28146571812709215,0.34513329793108766,0.35199382526383455,0.2667883871118468,0.39405842719229245,0.32765024217938027,0.28545182970525046,0.2250927005458724,0.204952347540157,0.2541149568989191,0.3594563081476138,0.3891403722782653,0.03813804772561137,0.2119950957875872,0.23752935734444328,0.324927962428541,0.34001166910060565,0.3154683671588048,-0.06405612076805464,0.5568089925825969,0.20568692024242222,0.37679314229634087,0.1633445578175189,0.3312908825266501,0.27305376629507566,0.3260026191495893,0.04069391669386905,-0.07066324192629905,0.4150088462609061,0.6040227566657632,0.31254021129812803,0.8275578354322567,0.46214605821653965,-0.6073598279272212,0.12029365394544246,-0.14687656325829734,-0.015197650353385198,-0.007628297361576502,-0.08342702976574624,-0.11966142623547302,-0.007692636744133974,0.20784848984827445
0.22367805239294428,0.02233295442251106,0.19014666301090216,0.23551999588779116,0.19958228131329286,0.15566963698087125,0.5888509297651299,0.18177692171362106,0.17303138202040563,0.17758378680526163,0.2265665891785863,0.2933397861282287,0.2412688380402739,0.1936214046467419,0.1698343495332339,0.20730533993178743,0.22369003189447245,0.16013046468234376,0.10888306449599869,0.18293954527894132,0.1856075414389996,0.2326597501433488,0.14316362784347011,0.21779772681486187,0.19358554500943947,0.17147103792534107,0.19363764439629452,0.153389546113455,0.17175941215824206,0.2774824910862643,0.17784684918193727,0.1821365850608529,0.20232122099672975,0.16340567348775234,0.12916394189700256,0.32509335882861595,0.2176672709767239,0.1017797001752156,0.24821327408873092,0.11562573541157144,0.16928280725340347,0.18773848536115065,0.19418360479586327,0.024651306163595656,0.03898570918795808,0.15600899511690847,0.10835882212778356,-0.16075995374635615,0.35603667330955097,0.10295432152919871,-0.18610514892127594,0.05897475008576991,0.03682097810206568,-0.007414773108851728,0.0625925162919205,0.02742912784913083,-0.1278875183586821,0.08433758766448028,-0.09990957251437847
0.24127849593566836,0.0804902060154846,0.25661207220347726,0.29275093492019005,0.37237578070488714,0.4119634396148406,0.18177692171362106,0.8526806501772404,0.05476342826947114,0.3904751441789493,0.3784705201752827,0.18222107643843458,0.37538470160247445,0.20042675905785406,0.18577336627133614,0.27400113996095177,0.3758120312951968,0.3376970326929494,0.2919676489710397,0.31138867814878385,0.24705390563094462,0.40041222806013754,0.3892948077989618,0.25646471677651606,0.2430639638701118,0.27853193350179173,0.278655033388159,0.3636625633241386,0.42817901381892043,0.135735765374093,0.15749869945633754,0.20658387479267054,0.2322894960259663,0.3806851206853463,0.46221426351612255,-0.10233229667015695,0.5317497245406816,0.18199525780594994,0.4186930945892203,0.24715792608517392,0.2934554763184146,0.25616429977574257,0.2907336552992731,0.023184329572974144,-0.00668684808433796,0.6017930490803797,0.7468239557360058,0.3321397588032947,0.7410598954152278,0.2960359918269521,-0.2993662629784867,0.11229108636442392,-0.0641452456977046,-0.059840469030909275,-0.019582601567392003,-0.07991250767509042,-0.11879376081421289,0.07516509553390766,0.13660280620543405
0.09169541974853034,0.04645927412753216,0.4481875376573929,0.03818380682551249,-0.09495210901751974,0.056962464283552124,0.17303138202040563,0.05476342826947114,0.671534459797823,0.08981126988901779,0.10136923594444336,0.08641351433449608,0.05231511137969926,0.1167747010143247,0.1271221894175517,0.0035428264978573467,0.090830339383893,0.06197591914937475,-0.07522359589864545,0.12709662276525827,0.11016297689820793,0.03383900348535929,0.08762533584450549,0.19114592327298474,0.09099521727600661,0.25564347586813424,0.08234948210663492,0.11131615516578233,0.04360652965345707,0.16090819853305063,0.15977173470743983,0.1183667531026115,0.14171093492123418,0.12834615960440895,0.08871492921900649,0.12512758082451145,0.10973548824885354,0.067439971527451,0.10123369721430232,0.0745588455469246,-0.002156058626593876,0.10763630345129303,0.1278276419869982,-0.009761769263557622,0.108376111766984,0.2352972356295752,0.15824582271460336,-0.10247645457849201,-0.034665737285308744,-0.09691232549977742,-0.058437823161437266,0.12233177475230049,0.06659733073341671,-0.06127158165376422,0.09109931691056974,0.16557830495316675,-0.09668745644951925,-0.15886605062552187,0.005535733742373006
0.15139982130242016,0.07966150444078776,0.10158023733883612,0.27503184255742424,0.31416045937232084,0.26381497946846477,0.17758378680526163,0.3904751441789493,0.08981126988901779,0.820106816306445,0.34039382543843505,0.3058725303884265,0.3379624752128259,0.1921297951413197,0.29143533018529083,0.281803436866563,0.31588211766308194,0.2828931281282333,0.2282061442475091,0.1554820917642376,0.18140959050595643,0.28725689334358384,0.3716259541667104,0.34418724398151085,0.22838185372142006,0.1468703814162145,0.2188511277741188,0.2624076209400394,0.35982582096668875,0.09926260434638819,0.2195049673850366,0.1856019377210013,0.1304124320783768,0.2866221735685665,0.3998043302222634,0.18891996123056262,0.23853581749520483,0.11218925778170966,0.3487406110004769,0.2315555474785517,0.2677397345274388,0.19285630870010326,0.09835308024837562,0.006617685068589741,-0.11701513601800764,0.7548109173296217,0.5784101048941305,0.03261741983478497,0.49910000811015837,0.06891209930022255,-0.052297868643045385,-0.09410366605664734,0.03660707643993418,-0.0076002664886656215,-0.03490193101416303,0.1838505925128975,-0.00689999888374053,-0.5352062880585088,0.33898274674045736
0.186125935285776,0.03808915006012045,0.20947912658509057,0.258266210631291,0.3151426526907408,0.35644065776934275,0.2265665891785863,0.3784705201752827,0.10136923594444336,0.34039382543843505,0.4993043252978388,0.32526694768538306,0.3932206865343617,0.21982091546475313,0.2996642780589397,0.2781367411305954,0.39025177869425515,0.2856606974100918,0.24028125088598454,0.3130769289387744,0.25786242908801976,0.3123929685431996,0.2793953850641231,0.2982188966471331,0.25118496305307975,0.22939461890560642,0.27335961579410684,0.37334854817844115,0.3496281433958321,0.15041154993678157,0.257600560279673,0.21911752766074175,0.2938439868762908,0.2875027408126677,0.41803150426040564,0.12497174458006029,0.43709074443165014,0.18375667215249153,0.36009595235656777,0.2257681035279708,0.3111810108279663,0.26950692840174906,0.23463641912704794,0.01684900223889177,-0.01967915011254733,0.6074936517241867,0.5545780461061756,0.12911519623257378,0.5842950292511847,0.2336174995222627,-0.2406683329652964,0.018469664166607454,-0.03786690840419998,-0.024165050287916115,0.0007489500917567492,0.0029550295998494753,-0.10373646272494615,-0.12182201933673671,0.17950033001528487
0.19492526175440575,0.06753982389633886,0.15186583410302323,0.2822940701547969,0.3470120596769539,0.3085755076861219,0.2933397861282287,0.18222107643843458,0.08641351433449608,0.3058725303884265,0.32526694768538306,0.5882485776621086,0.29377217704989217,0.2891958527795487,0.313740281824135,0.28986388949060127,0.3227895380063362,0.1841399120066303,0.22172887326502796,0.2554092535343786,0.22206933840473345,0.22367857133564986,0.1979601317293408,0.24178635834592757,0.22137412809657972,0.18487455928309418,0.2876998223738354,0.2341240928374551,0.20650547211583603,0.17121687890296267,0.17333185052536607,0.27726654832054093,0.24190971391195318,0.22506472973096053,0.2851046067048613,0.1921754045507257,0.28008076795477943,0.15402030785547674,0.3097271479566168,0.18547698156419248,0.25187438149836583,0.23622740840501263,0.18713792922556924,0.025460402220106985,-0.00904395348660245,0.41570274675724406,0.39010759475251483,0.031615672855679566,0.605417292136517,0.15346870583499478,-0.213422053279126,-0.054733915869438134,0.03368526554316231,0.024889635849509758,-0.03790455940516036,0.04168218272664334,-0.18645484263677076,-0.04181618268840736,0.12120371274359361
0.21177175989610017,0.041937349635367015,0.1793921159365862,0.2768327470122535,0.37600540948060457,0.3481889126888883,0.2412688380402739,0.37538470160247445,0.05231511137969926,0.3379624752128259,0.3932206865343617,0.29377217704989217,0.7194024889442924,0.3025725612938987,0.15238278796574603,0.3419229845198594,0.32583756840300665,0.2674974957871328,0.2855067330962666,0.24279347959168304,0.2547824377288095,0.45986899754082183,0.3070402998842746,0.2905110801203199,0.31643071439480785,0.21298374088379218,0.33646049073631734,0.35927440565895274,0.5301719701069693,0.14162027004647526,0.18290537041680657,0.2804120366668539,0.30996683935269276,0.32065010723928217,0.42388620756897555,0.1535288098695908,0.44517139753221696,0.15596419025756653,0.36834652149591135,0.2143888502044826,0.330447606987575,0.2669488446638375,0.24222492174274918,0.016655407061702328,-0.14540020542965243,0.7097309084767541,0.582196550393068,0.09931054842194387,0.6476645753021503,0.22704912142797998,-0.19960327126988162,0.05124528963825077,0.016937126761583435,-0.08832652922752644,0.030708072242209637,-0.11031195771609463,-0.015026099844575848,-0.21460562294668095,0.30141428555381433
0.1831591946016083,0.14428222470676624,-0.012960984628297503,0.23041819851140313,0.2925228254127279,0.21571602726829772,0.1936214046467419,0.20042675905785406,0.1167747010143247,0.1921297951413197,0.21982091546475313,0.2891958527795487,0.3025725612938987,0.7173903091633009,0.21727449234455207,0.34897254307239933,0.2189066782829022,0.08776228194600214,0.1573048049907556,0.29431109595816674,0.2252480136092855,0.21747873440223328,0.16980085432859987,0.22464624009865816,0.27852574940208147,0.23871856834973362,0.320834067459112,0.17918911725286288,0.24470770535664021,0.3055192047142713,0.07508335963963375,0.6268355786295529,0.14482127450736573,0.28579697865966286,0.3632565766825474,0.14799508123055913,0.10913546760735503,0.19033233608717715,0.2661980452881018,0.2589482742812191,0.3023508543074124,0.25087702347140955,0.31801885913007794,0.02657634225114438,-0.001611215466774921,0.5476769885535867,0.5449586900866874,0.07254158685064857,0.7070364778550486,-0.06935578251700943,-0.07986917407007708,-0.2129257594320255,0.11265114688584109,0.11480956796423351,-0.15487445655703758,0.020037900171434374,-0.3040141140914229,0.1561012961769014,0.269340006522802
0.15655397240125818,-0.020674626795825855,0.17441722560138848,0.22887583650310767,0.2604391912856534,0.24343641745797917,0.1698343495332339,0.18577336627133614,0.1271221894175517,0.29143533018529083,0.2996642780589397,0.313740281824135,0.15238278796574603,0.21727449234455207,0.9171289172446845,0.1920512106830787,0.33136717246835085,0.3148371100231085,0.1772716027149442,0.2772007642391195,0.21449208767359879,-0.04068478125370929,0.03566997046907147,0.28378019663947657,0.19751761414901753,0.19763511631010613,0.19485799081336716,0.33940948471684307,0.17564209532191727,0.28286503695144816,0.34007323087030245,0.21605993846631288,0.24969648229854513,0.19989048824939248,0.2427104959382537,0.25075577101929664,0.30316980321129766,0.1478824822576943,0.29635600402736856,0.14287236456133257,0.2203596533340372,0.22074357909222173,0.12453840126151654,0.008838670173279602,0.06448981184783024,0.42724038943442194,0.3600216292201046,-0.06647078919750243,0.4385105306249188,0.47600280243275495,-0.13638892916639256,-0.0720846435931006,-0.17898368308654225,-0.06749326251817886,0.040463081584922754,0.18847795451710597,-0.3010577532717385,0.0021252113565677433,0.04588922486276732
0.15246111749455757,-0.056445967312506284,-0.10074305905826762,0.27802522229912574,0.41205203308943134,0.2545601100691391,0.20730533993178743,0.27400113996095177,0.0035428264978573467,0.281803436866563,0.2781367411305954,0.28986388949060127,0.3419229845198594,0.34897254307239933,0.1920512106830787,0.7472511257351834,0.300402122538073,0.22134115077824096,0.2834544495301013,0.1567328614251368,0.21409384841148568,0.3162434312950507,0.27293931112637637,0.2431736457750747,0.26794015325262427,0.09306451671222422,0.3274690327611282,0.300740757990822,0.4536341707091962,0.034437269996199664,0.08863087343676909,0.32371273255588745,0.13836377467828806,0.29317358286030637,0.5046842347253385,0.11956718164657798,0.29118348913166436,0.10379198246096473,0.32202488915968835,0.23300638357452685,0.3146360957126471,0.25100407401984687,0.19317218296430014,0.05691198129950441,-0.06822937645718534,0.5139879325639235,0.4911458059252401,0.12152369039562042,0.549255432957522,0.013149726592981486,-0.13451774854977694,0.015013880502184704,0.04317179201802455,0.04311614401999319,-0.019427532714320364,-0.04027634799597215,-0.1696170079717214,-0.19257449497149381,0.4039746318846539
0.16940204226848368,0.0021029044068006796,0.17297984508572697,0.2473395603200901,0.2917747181903621,0.3719719728567033,0.22369003189447245,0.3758120312951968,0.090830339383893,0.31588211766308194,0.39025177869425515,0.3227895380063362,0.32583756840300665,0.2189066782829022,0.33136717246835085,0.300402122538073,0.7787525515086224,0.36329235168899454,0.24614935879736644,0.39527748225101594,0.3252679812263952,0.34506085157931066,0.3119103400463481,0.287074119723407,0.3084209733524107,0.18012896156890185,0.2942585211830146,0.6632525218907588,0.3094531912398544,0.04908918306610765,0.30541173788873166,0.220916226398923,0.5728502009484614,0.24453858827100924,0.5168337929829058,0.10147216468521662,0.6470682020804135,0.23617153103162816,0.40631429558442195,0.2597471539640077,0.42292175643653657,0.36107887711282577,0.31881576013880175,0.014990732695253221,0.0256588075561995,0.8298364983953014,0.7244796809021786,0.2120850927540607,0.7121532694532074,0.49571731608639463,-0.18980946033378696,-0.17218849011553558,-0.19692976862020506,-0.07868620040735036,-0.07811611667977122,-0.004263309520286799,-0.1415576641066776,-0.13643943919985654,0.24881127893639382
0.1926001188958549,0.07563708659232508,0.2652272088025089,0.20469715762854088,0.23756125277911824,0.28146571812709215,0.16013046468234376,0.3376970326929494,0.06197591914937475,0.2828931281282333,0.2856606974100918,0.1841399120066303,0.2674974957871328,0.08776228194600214,0.3148371100231085,0.22134115077824096,0.36329235168899454,0.8376604129402005,0.21725000197220948,0.08468215094009729,0.2587885560737417,0.2641598189913369,0.3414916499367737,0.2588698126081541,0.2050793797048152,0.2317273377753624,0.17044020742906846,0.44694714897662585,0.28326702218131095,-0.015040744103715357,0.41516707863501423,0.08848393231838939,0.344141242001466,0.19493823274573965,0.3056395273881037,0.1863200703762976,0.3935066062553181,0.08435849441206059,0.275470346363488,0.1861564414467313,0.20361011329688736,0.2278084778822738,0.32542986691903225,-0.015513572738337391,0.10071263760909832,0.7137893458095445,0.4879604638607802,0.009671378585230367,0.1932728647620428,0.4007072959676004,0.17487433470609282,-0.4019073159106491,-0.22444286067544864,-0.13933400669939042,0.08483965458518482,0.0311664023734147,-0.07791983354141524,-0.2108368288128307,0.17719062485942194
0.11979813168859868,-0.039057553257216576,-0.02225964251654618,0.25526655794402714,0.4676770200567757,0.34513329793108766,0.10888306449599869,0.2919676489710397,-0.07522359589864545,0.2282061442475091,0.24028125088598454,0.22172887326502796,0.2855067330962666,0.1573048049907556,0.1772716027149442,0.2834544495301013,0.24614935879736644,0.21725000197220948,0.6242658910819984,0.12322145342558162,0.1917494337661359,0.28753596198565384,0.1545089005505393,0.18034352272604595,0.1776584651570699,0.03133807706317836,0.18068676023099636,0.2222748421588165,0.28822803566239985,0.14885337785247815,0.1637130606422033,0.17679616383780788,0.2103531135038537,0.19431493469147973,0.11920382512374994,0.21829625011188986,0.3549289202398789,0.11230872865955185,0.28342079134906917,0.10640709330907389,0.29585102654459505,0.1863020183423899,0.11700737026306035,0.017455581016701992,-0.061884478668714826,0.330535832182158,0.27019291123567424,0.03642567095412535,0.49752185444592895,0.1655765658257492,0.029222541630904274,0.2348433754024069,-0.1522781034958752,-0.05496000580015431,-0.0310666593055826,-0.07885823119903383,-0.056529153813393886,0.0332678985142625,0.11933662176858041
0.21088405161301363,0.18201450280573755,0.21581008025224846,0.19051541361333169,0.2026077311309375,0.35199382526383455,0.18293954527894132,0.31138867814878385,0.12709662276525827,0.1554820917642376,0.3130769289387744,0.2554092535343786,0.24279347959168304,0.29431109595816674,0.2772007642391195,0.1567328614251368,0.39527748225101594,0.08468215094009729,0.12322145342558162,1.0211842142913838,0.23855937379560554,0.2669728348630645,0.17686675581333605,0.2648756971183662,0.33148845813309424,0.2860150724119058,0.3437581932175841,0.449590270369612,0.2192101019419157,0.66067810673922,0.23306110574821565,0.2849945669795511,0.4580818280389122,0.21125308799501447,0.404237973710897,0.07635671557986176,0.7301253143750651,0.47185905796096633,0.3627391678249227,0.32789922842104247,0.497170847147093,0.31063691168992674,0.6824842207857852,0.04200736134906279,0.27725875608359946,0.29921774435542003,0.534733275437199,0.2964559768709482,1.1038458912409688,0.28280910616019467,-0.5370295866844214,0.19114240778378497,-0.018440317451059056,0.02707310494170889,0.014661653208841144,-0.05730343096661661,-0.17026144702868592,0.21297567688017505,0.04359420805470798
0.176912191864932,0.1663182396552844,0.22449670293834822,0.18085503230567368,0.22269113875247834,0.2667883871118468,0.1856075414389996,0.24705390563094462,0.11016297689820793,0.18140959050595643,0.25786242908801976,0.22206933840473345,0.2547824377288095,0.2252480136092855,0.21449208767359879,0.21409384841148568,0.3252679812263952,0.2587885560737417,0.1917494337661359,0.23855937379560554,0.46760602218476727,0.21972915109551994,0.2566466957577106,0.21377136567828736,0.23301916801111347,0.18885204794939858,0.20961999705871948,0.36323849773710415,0.23681288072711784,0.23555359137518517,0.2758061767158387,0.22195022644931198,0.4185277598242886,0.19115839484636607,0.32482173273728243,0.2484990707413596,0.4839875611327294,0.17389252294819027,0.32260954093035277,0.2402524295681652,0.46555533501120794,0.3903014055473222,0.3726064726586862,0.01031843381560881,0.1096580782387569,0.6091637938070206,0.5296845628025634,0.07751614834430985,0.6495241086619766,0.11695452152538229,-0.08559367010823303,-0.09296820431710057,-0.007538528740086761,-0.017875808145010903,0.023776009432109627,-0.02825342650489299,-0.14998725907053514,-0.0013255027703338042,0.18671985682659636
0.27765926943707897,0.02750057053033129,0.1967364455678458,0.23368519849722627,0.3399041698769579,0.39405842719229245,0.2326597501433488,0.40041222806013754,0.03383900348535929,0.28725689334358384,0.3123929685431996,0.22367857133564986,0.45986899754082183,0.21747873440223328,-0.04068478125370929,0.3162434312950507,0.34506085157931066,0.2641598189913369,0.28753596198565384,0.2669728348630645,0.21972915109551994,1.815643137543953,0.5407475157296995,0.25826298041069934,0.2664199875784774,0.13414201835161643,0.27181393063970516,0.2697139048728777,0.43729775209379623,-0.14980993165382275,0.047330157719970095,0.15326624379363718,0.26814408965762987,0.20601504951763458,0.4647012704026265,-0.14813579516819644,0.45881981027469626,0.1394865821644049,0.28101309407843195,0.24324230733767496,0.3352564417191742,0.2539230398912006,0.5247342522166646,0.02731597527111271,-0.11150486396929818,0.507969851050532,0.5707569447443142,0.4155454337904067,0.5441395309885237,0.12651843305969174,-0.25635899747514834,-0.21853966896820054,0.13004871033897838,0.09669926757802337,0.03367721583129086,-0.12377843510040276,-0.0016465488953145476,-0.3964525553386664,0.4314084923955199
0.1889406130381963,-0.03834319251575986,0.24200762226192649,0.22157285635753254,0.2960891056676399,0.32765024217938027,0.14316362784347011,0.3892948077989618,0.08762533584450549,0.3716259541667104,0.2793953850641231,0.1979601317293408,0.3070402998842746,0.16980085432859987,0.03566997046907147,0.27293931112637637,0.3119103400463481,0.3414916499367737,0.1545089005505393,0.17686675581333605,0.2566466957577106,0.5407475157296995,1.7533623328605723,0.48521412904339234,0.42217914668256973,0.04104898780616822,0.1850954884422859,0.3414703383542308,0.7300800372532655,0.24569825502409612,-0.12359587391582984,0.08318586622937502,0.4237963288755332,0.3474933635035222,0.4392280715301893,-0.09012744939502393,0.6527834991777194,0.0502087060058915,0.5054215321853692,0.3734229283215052,0.38149121800150404,0.2529212305950654,0.2549130067906203,-0.03472900614242621,-0.299972971424355,1.0133174536915581,0.9652786492962073,0.45121594033311335,1.0144355539500116,0.08069155505488902,-0.2932788101495718,-0.0921034364340645,0.19728138290616287,0.027468745566523234,0.12624839171468227,-0.05063447746893522,-0.10553928828227373,-0.31300769726852645,0.4007204692082208
0.037461019445487534,-0.03288776348368853,0.19968257550945712,0.25507171687485225,0.24021344778533632,0.28545182970525046,0.21779772681486187,0.25646471677651606,0.19114592327298474,0.34418724398151085,0.2982188966471331,0.24178635834592757,0.2905110801203199,0.22464624009865816,0.28378019663947657,0.2431736457750747,0.287074119723407,0.2588698126081541,0.18034352272604595,0.2648756971183662,0.21377136567828736,0.25826298041069934,0.48521412904339234,0.9696694844295959,0.2545972439940581,0.04534194652258984,0.18783844761856927,0.36580921898725227,0.36314161003712525,0.3731134245553734,0.4707184350376641,0.1895441382085097,0.4265459216926561,0.07493626371116109,0.3121142808222794,0.47448422449447014,0.20114743651231676,0.15862408963274457,0.42676488160417275,0.22642953824454556,0.2619743408164641,0.22246393426205435,0.19449499579430032,-0.008105754273782833,-0.14351060082692318,0.6601123188738094,0.4405760410435915,-0.25107072324563884,0.8160444155130228,0.12046574875618173,-0.32003894509045583,0.17659105193990052,0.026440853895434772,-0.04446690484224821,0.09461997427505946,0.1697439815634154,-0.16179860159830886,-0.7863405511584656,0.7603510826709279
0.2533675514023052,0.005615047768726024,0.17855656851509227,0.1847344690579954,0.17972433715570207,0.2250927005458724,0.19358554500943947,0.2430639638701118,0.09099521727600661,0.22838185372142006,0.25118496305307975,0.22137412809657972,0.31643071439480785,0.27852574940208147,0.19751761414901753,0.26794015325262427,0.3084209733524107,0.2050793797048152,0.1776584651570699,0.33148845813309424,0.23301916801111347,0.2664199875784774,0.42217914668256973,0.2545972439940581,1.7076786497136918,0.15834266359292995,0.27816683387814845,0.29469662081666137,1.211332716669713,0.47315216365978086,0.07740450973314282,0.23270404624985738,0.2338972939275382,0.4835532824498886,0.37207769296096804,0.36524358922432787,0.8218755994278141,0.23623258413304385,0.35731685072265523,0.21285911353238365,0.3837831319860302,0.25597215270845813,0.2242509152479837,0.02112416943110352,0.12809254801365139,0.8181120549495113,0.6355362219999193,-0.14414206394816817,0.31299374885916054,-0.042309489404355596,-0.005214542814096449,0.15845201427307942,0.09895611462865649,-0.02896906298038789,0.08886686928827615,0.029813022257312694,-0.12373370583931052,0.029206682835242116,-0.02736468643951708
0.1762223789121548,0.13600003480112302,0.26044289419083266,0.13853313802226203,0.11471064763036277,0.204952347540157,0.17147103792534107,0.27853193350179173,0.25564347586813424,0.1468703814162145,0.22939461890560642,0.18487455928309418,0.21298374088379218,0.23871856834973362,0.19763511631010613,0.09306451671222422,0.18012896156890185,0.2317273377753624,0.03133807706317836,0.2860150724119058,0.18885204794939858,0.13414201835161643,0.04104898780616822,0.04534194652258984,0.15834266359292995,1.3961113989871794,0.1229089203430191,0.17808484404394648,-0.02260511292303031,0.13281919152264274,0.17935209200053606,0.22966201078565432,0.07394570996225823,0.3199583489335418,0.27978744552100604,-0.33858989412681423,0.33405102496554834,0.15833557754315036,-0.2214986649344766,0.15108209643432996,-0.18465434003493505,0.228223102057921,0.38856616434327135,-0.010310307123598832,0.45731927382464105,0.22207629229150463,0.43541134661841213,0.33015174960595495,-0.18558858082018467,0.0657378723290214,0.010626047998574965,-0.345167615416519,-0.007159585718788885,-0.03217670505289369,0.031867303420765714,0.008825891115929062,-0.150101418409593,0.47496380872097793,-0.35814760488475555
0.181769096568154,0.0943515494416046,0.14727940169257323,0.19585489626659575,0.22698272517912713,0.2541149568989191,0.19363764439629452,0.278655033388159,0.08234948210663492,0.2188511277741188,0.27335961579410684,0.2876998223738354,0.33646049073631734,0.320834067459112,0.19485799081336716,0.3274690327611282,0.2942585211830146,0.17044020742906846,0.18068676023099636,0.3437581932175841,0.20961999705871948,0.27181393063970516,0.1850954884422859,0.18783844761856927,0.27816683387814845,0.1229089203430191,1.061191954347512,0.3802589797349653,0.2976025826026881,0.21673006869251438,0.12816412887194595,0.37635985557622476,0.3233895922240341,0.26729539851570155,0.43900310572959683,0.24254704646351977,0.374940857209727,0.18697792809282254,0.35082986231509655,0.2227712021436761,0.31702521998434663,0.24427997501626947,0.31699444153881,0.02920340403997865,-0.07262169105601403,0.6273617645951955,0.47037006601425413,0.008676403563604563,0.6884768480594248,0.10975840820062217,-0.3056991931615924,0.23141215502671364,-0.009498017331584013,-0.0003683416334444593,0.010594592092469648,-0.08459341790854764,-0.1006958450754025,-0.13337263995527704,0.33715149224935576
0.18269259222331452,0.057698751823388295,0.29015809885847915,0.16566967911769662,0.11795181784872243,0.3594563081476138,0.153389546113455,0.3636625633241386,0.11131615516578233,0.2624076209400394,0.37334854817844115,0.2341240928374551,0.35927440565895274,0.17918911725286288,0.33940948471684307,0.300740757990822,0.6632525218907588,0.44694714897662585,0.2222748421588165,0.449590270369612,0.36323849773710415,0.2697139048728777,0.3414703383542308,0.36580921898725227,0.29469662081666137,0.17808484404394648,0.3802589797349653,1.6846982889974398,0.18653372533644605,0.27607665040283247,0.5124668820408376,0.21130135110937068,1.3069240734415595,0.049237236308824435,1.0681769625263478,-0.07981743337979898,0.9453225511951878,0.2638670775907493,0.5260092415090847,0.3478271843022324,0.47630417147241105,0.3886432282004254,0.27191589823531404,0.008281325505920997,-0.22488488462777254,0.8615707681033434,0.8473975316294102,0.40705712947731754,1.3772705091122297,0.929500441401909,-0.581187368146634,0.53465338750183,-0.6491953629134306,-0.21511293433203418,0.3704797153075691,-0.07863439880834502,-0.14286423485350988,-0.24852445500383366,0.39947657162445926
0.20729204695034464,-0.06020784254415355,0.29897620053220736,0.2745937056254677,0.3669057116760785,0.3891403722782653,0.17175941215824206,0.42817901381892043,0.04360652965345707,0.35982582096668875,0.3496281433958321,0.20650547211583603,0.5301719701069693,0.24470770535664021,0.17564209532191727,0.4536341707091962,0.3094531912398544,0.28326702218131095,0.28822803566239985,0.2192101019419157,0.23681288072711784,0.43729775209379623,0.7300800372532655,0.36314161003712525,1.211332716669713,-0.02260511292303031,0.2976025826026881,0.18653372533644605,3.699378375638588,-0.07884102594081985,-0.4542997536698963,0.22880349682047332,-0.13742678187092938,0.8553146728814931,0.37419000619877446,0.30775516861643826,0.9212317271512656,0.10732545445739215,0.49218494545794117,0.2622750639977938,0.40618513636247344,0.23083825961662202,-0.20271862637819676,-0.06376846790891755,-0.12131114939800178,1.2600979712612659,1.018298938666515,-0.11050508380750243,0.4012571373645837,0.301463004306642,-0.1197391317176737,0.24843796043356445,-0.019235622161857372,-0.057666711642988935,0.1059468545189923,-0.12019563965117182,-0.15376362595482124,-0.13989442778197828,0.26471906932427136
0.19130025608293152,0.23617683716687513,0.2057153327898373,0.07605460512463362,-0.048500065816059784,0.03813804772561137,0.2774824910862643,0.135735765374093,0.16090819853305063,0.09926260434638819,0.15041154993678157,0.17121687890296267,0.14162027004647526,0.3055192047142713,0.28286503695144816,0.034437269996199664,0.04908918306610765,-0.015040744103715357,0.14885337785247815,0.66067810673922,0.23555359137518517,-0.14980993165382275,0.24569825502409612,0.3731134245553734,0.47315216365978086,0.13281919152264274,0.21673006869251438,0.27607665040283247,-0.07884102594081985,4.7360911403678,0.4124958185831885,0.40540066139985825,0.464508522203744,0.041492437232169145,0.04049313660262811,0.9588164958371089,0.6443507153392445,0.35906948126723787,0.7647068969105895,0.44795056393692295,0.42226887517915207,0.22581287964125085,0.6532338733568344,0.02930698020198217,0.47882137867334,0.2983578832091975,0.6503538993460076,-0.611004657668175,2.2796256040643295,0.10372017658082973,-0.5479571710317775,1.0585752107344752,-0.27160782147051715,0.007858809872404995,0.1681483899613555,-0.15373245817068576,-0.23685402784335477,1.8055422864799429,-1.269715113914908
0.06825731894385152,-0.04929060892049645,0.10301539182177845,0.18299752857071253,0.1285428968866618,0.2119950957875872,0.17784684918193727,0.15749869945633754,0.15977173470743983,0.2195049673850366,0.257600560279673,0.17333185052536607,0.18290537041680657,0.07508335963963375,0.34007323087030245,0.08863087343676909,0.30541173788873166,0.41516707863501423,0.1637130606422033,0.23306110574821565,0.2758061767158387,0.047330157719970095,-0.12359587391582984,0.4707184350376641,0.07740450973314282,0.17935209200053606,0.12816412887194595,0.5124668820408376,-0.4542997536698963,0.4124958185831885,1.8993956363629378,0.09640917352398806,0.6475422350324656,0.015574997438069614,0.1334596744088204,0.8045698332376825,0.29457521288631194,0.24510841929140137,0.33058687928805897,0.050455634808731886,0.2995424201456924,0.2516978910535826,0.22481300401265736,0.0023541064587817295,0.03982426298759823,0.6172388321647166,0.2404464029201933,-0.53689216673122,0.34049987976837076,0.42028776598789297,-0.2814213717440654,0.248844910210982,-0.2893456926261849,-0.1530779292517771,0.19927772834757046,0.22264444250569482,0.014360769544804624,-0.5067750655415034,0.17856824529191068
0.14286106831841472,0.16212600765159588,-0.012259121428342547,0.22298314711894465,0.2685093399527091,0.23752935734444328,0.1821365850608529,0.20658387479267054,0.1183667531026115,0.1856019377210013,0.21911752766074175,0.27726654832054093,0.2804120366668539,0.6268355786295529,0.21605993846631288,0.32371273255588745,0.220916226398923,0.08848393231838939,0.17679616383780788,0.2849945669795511,0.22195022644931198,0.15326624379363718,0.08318586622937502,0.1895441382085097,0.23270404624985738,0.22966201078565432,0.37635985557622476,0.21130135110937068,0.22880349682047332,0.40540066139985825,0.09640917352398806,0.9610234619382689,0.11730225259093921,0.3891743900886098,0.31527858100272316,0.23079727187923527,-0.020666451580144143,0.20406809787123903,0.32421784716909785,0.24017051633973552,0.274954217045436,0.2485276236897027,0.27520289925380653,0.025245721821908644,-0.04237438028468256,0.5613277263328584,0.5471371734103532,-0.03373576743781916,0.7186541108782003,-0.031242835845719935,-0.12151708119138074,0.043156523178065974,-0.13084545962519498,0.09521072455992834,-0.18078901761871374,0.021300762182940833,-0.2697133850415176,0.1884068161730818,0.21643441440810027
0.23427336894565257,0.040283129831021586,0.23007844595379934,0.19307399211012166,0.21572468685797078,0.324927962428541,0.20232122099672975,0.2322894960259663,0.14171093492123418,0.1304124320783768,0.2938439868762908,0.24190971391195318,0.30996683935269276,0.14482127450736573,0.24969648229854513,0.13836377467828806,0.5728502009484614,0.344141242001466,0.2103531135038537,0.4580818280389122,0.4185277598242886,0.26814408965762987,0.4237963288755332,0.4265459216926561,0.2338972939275382,0.07394570996225823,0.3233895922240341,1.3069240734415595,-0.13742678187092938,0.464508522203744,0.6475422350324656,0.11730225259093921,2.866056429514902,-0.4313662584062091,-0.04479879355279664,0.14270428541459812,1.2348421362361772,0.3041524899425046,0.27571296950946605,0.058678154908659644,0.4921533364440717,0.4722397658108382,0.28404060235434575,-0.06388119130096388,-0.6504278408837967,0.992052167883772,0.7358192313161817,0.12303141948590883,1.8640595925338561,0.5004661665689643,-0.597160733827165,0.20962140208705568,-0.038556674188717235,-0.26585645037410843,0.3925227083004983,-0.14020553036473388,-0.09039863082680295,-0.26069778097935736,0.4112700791749532
-0.05284113364101973,-0.04455509090809354,0.20281516826116142,0.24479641543595704,0.2932482432082899,0.34001166910060565,0.16340567348775234,0.3806851206853463,0.12834615960440895,0.2866221735685665,0.2875027408126677,0.22506472973096053,0.32065010723928217,0.28579697865966286,0.19989048824939248,0.29317358286030637,0.24453858827100924,0.19493823274573965,0.19431493469147973,0.21125308799501447,0.19115839484636607,0.20601504951763458,0.3474933635035222,0.07493626371116109,0.4835532824498886,0.3199583489335418,0.26729539851570155,0.049237236308824435,0.8553146728814931,0.041492437232169145,0.015574997438069614,0.3891743900886098,-0.4313662584062091,2.0820448722635327,0.4330202014213092,-0.3020745329345977,1.241289647848917,0.12703084599538586,0.19030099285431623,-0.030588938775610423,0.32440462894383254,0.21677752723804827,0.10487435038606949,0.08480627636194407,-0.22399907818789655,0.2002450739451417,0.8070090458863911,0.5802556644857328,0.11515498757391618,0.20462521964108701,-0.3424341788227457,0.22544924055554638,-0.06628850527569698,-0.005144027202219904,-0.036424953826069126,-0.033185368606236915,-0.25448173253664746,0.3247098560146334,-0.053064118028852136
