0.5166512975239206,0.0900231421272833,0.2654393481822046,0.03254489762608321,-0.02969295738567217,0.09829926829823854,0.11948660647358678,0.043435753154827686,0.13149263400940286,0.1352450986119134,0.07650200953664303,0.09168040616607445,0.0462117191410785,0.13318143354909887,0.13430021975525314,0.09876852870595794,0.08338259471324375,0.06886571105109666,0.10277491655801058,0.06264453472975755,0.07692948854392108,0.12022065342021601,0.0258627288800263,0.08923523654810224,0.09016677639056025,0.08464978225346831,0.05385018279899616,0.10503534053761021,0.09293789442070231,-0.001991316539653179,0.11830551223080664,0.1480700943936756,0.024204660008749886,-0.07903452715270386,0.12347402733224273,0.10631126595430934,0.09492255480869392,0.049248375963880466,0.004157247589436539,-0.042166139368314155,0.061284685965669154,0.07429784445818706,0.03889743432297484,0.009344453940979918,0.10543953003511224,0.10011737782800254,0.05481016864657511,-0.040430737407632325,0.17937611636868314,-0.033998524899702315,-0.010972546202732643,0.03130869096558069,0.012299489378949363,-0.004975314067582418,0.047501170062941724,0.034416082021911445,0.3413148284712848,0.03643355248338945,-0.43414266692620473
0.0900231421272833,1.8661421800426243,0.7076264563033168,-0.057446232896884476,0.017263409140235386,0.40598579771630977,0.05064216628855914,0.29202686770882835,0.22345248596633538,0.2684775910706087,0.15558534790039316,0.1565470828663263,0.11353751049805808,0.07586902810084913,0.1757828807941763,0.09859213977669194,0.20786576483425193,0.2237284055765012,0.0660616870043806,0.3395785367778671,0.27435126788672115,0.1611461859886897,0.1699007781108839,0.05758922712861595,0.2284793346169771,0.2982103920658934,0.22108641296587764,0.12567311416299345,0.4530984442415605,-0.07328272865593671,0.03091717076033731,0.09398838186854222,0.21980756006291938,0.34182525384201345,0.2985701466298521,0.07984916952672606,0.4465728982513166,0.1731651827745771,-0.002013570595528006,-0.35566283393066234,0.10075016041172986,0.18199619130743913,0.35673162121381113,0.04951850656807637,0.21225749799833338,0.008759155545409972,0.23276335092500547,0.07374310512031268,0.19292139139384418,-0.04086464423612949,0.13272359344295462,0.2724341491806183,-0.19574855023402152,-0.10060233320119472,-0.4364809575954626,-0.19635574277715473,-0.48507120260921777,0.4655736593578205,0.4565813599802516
0.2654393481822046,0.7076264563033168,1.8538723429172819,0.09046022656621909,-0.32014287549249043,0.5283432040912619,0.23204231685550333,0.42474495757129166,0.7134444868222763,0.4635370281420303,0.30102325130942814,0.2878116897708145,0.20129848875813078,0.2514878889281231,0.49519066610281204,0.2582187114885632,0.4285204995034647,0.1985887894951419,0.5674889807882658,0.4166264749963739,0.3589324047515831,0.5068693381845608,0.304387586521706,0.3185952384881841,0.3727727907759993,0.47279993497174955,0.3160945496067816,0.33945551743110813,0.7824071728750825,-0.13615957271721493,0.05410736477592041,0.2493554138333169,0.3059156764196795,0.2987959169613689,0.7394050196399395,0.3625333353866947,0.9516268353770085,0.23289145100408648,0.02149383246588561,-0.8165281404893354,0.24263486593593372,0.3169511482842865,0.4168771029094598,0.05294899000281657,0.3326075662727485,0.25598029658503313,0.22009014289309192,-0.042702039640730785,0.6676544497367005,0.12207908670934903,-0.023173943117312776,0.29805185580839666,-0.12025119626430819,-0.23849834808549966,-0.034744201638959714,0.006564272090563914,-0.32111273493149545,-0.12856407296699418,0.28166193090130354
0.03254489762608321,-0.057446232896884476,0.09046022656621909,1.3284200894341562,0.8136577298921212,0.49599815104944345,0.430277115293329,0.33449127810077434,0.3417994191943123,0.34530636511861934,0.38654736025405145,0.4150489088110108,0.24829983039093043,0.3376663863424125,0.3137233909779303,0.32601547715528884,0.339972452096641,0.3924331649193761,0.24705673531641417,0.2436981752214972,0.27262061950870575,0.3243644016787288,0.20670068539073855,0.2644094244152735,0.3164299337127973,0.444958578205096,0.23839261613186322,0.34004208919979617,0.2361609277735209,-0.10901800876139106,0.3781502485473004,0.3557948945617648,0.1342647444154671,0.4320900201454123,0.09173663549902566,0.19379131115344714,0.062221555669257654,0.1562385001484651,0.24558599520568705,0.07878414542572534,0.17390301941432967,0.27776862256851076,0.23766200880342594,0.13530546745410507,-0.005404679596010243,0.0012849619025669902,0.24727365545858188,0.0738362052651381,0.571846600933737,-0.02595485622563486,-0.03441726351460046,0.2665198194488087,-0.10276488181730663,-0.0980846187827952,0.035340894416292394,0.10066032013727262,-0.03947684170993145,0.01319324200224171,-0.14486885415637007
-0.02969295738567217,0.017263409140235386,-0.32014287549249043,0.8136577298921212,2.0413970026665527,0.5223874365873354,0.35170803210832424,0.39146181895994797,0.3140070223719533,0.4265715980667533,0.4404207397840441,0.45987676970057006,0.3260525245312704,0.353081011996891,0.3648289395131583,0.35785114607494084,0.3523227151360445,0.5484159897545542,0.32463107835610394,0.24716047365345278,0.31302609883114907,0.29511111283393404,0.2039380584078151,0.25735539274639724,0.35545142325602025,0.5357437669984272,0.1969252230800277,0.35080249925418505,0.19559704422365565,-0.20363829842427472,0.5016996401524275,0.36944413950336463,0.12918951046257907,0.7342284019327542,-0.05518396580715534,0.14772157574591172,-0.06071941365740817,0.14099856515297488,0.3123671958862451,0.2213910949621094,0.2066366720250948,0.3248094589932186,0.13804386882378544,0.11126829384696128,-0.25953394203471025,-0.12573721076700173,0.30616219702642944,0.17451644312826273,0.7571274839629497,0.008084456005938627,-0.011161182164758778,0.2737422553332181,-0.14293061800124363,-0.0883708195653568,0.058985201567706605,-0.03502028285992305,-0.24940045841640218,-0.15106854352498492,0.3779093672440181
0.09829926829823854,0.40598579771630977,0.5283432040912619,0.49599815104944345,0.5223874365873354,1.152885482844932,0.14067825871121048,0.49525070516602776,0.57971999627855,0.45019052328909237,0.4561537327159445,0.5052171969794405,0.2633610353548799,0.4511794053376396,0.4768084279555383,0.3981278299721212,0.44519040779455443,0.41689230644302316,0.7826334540754941,0.4670002460123042,0.39476049727737483,0.4874884366270821,0.21321189566665896,0.3855972837014474,0.44966685770885684,0.6215302443905808,0.3701196644337362,0.4699854298663687,0.565633575788871,-0.2662191125279345,0.45654474033600717,0.49873551538824423,0.11472935698263517,0.35331842662523627,0.09983602040072931,0.2500371957755916,0.24904808246948812,0.2541712483525978,0.16809153947982158,0.0034069704158796008,0.14067366937562684,0.36686842346339577,0.3742421925118,0.1427475807350136,0.25686231527158243,0.024551755370772154,0.43325376309322877,0.01571013462976597,0.7586390845244885,0.21816471226847248,-0.07889910193596851,0.2618514494277613,-0.41352208122400075,-0.017619545325928774,0.019040093585639687,0.08339013812830527,0.08775654229069471,0.05776498680305945,-0.27584885718319563
0.11948660647358678,0.05064216628855914,0.23204231685550333,0.430277115293329,0.35170803210832424,0.14067825871121048,0.8257262092780793,0.2131148957015324,0.3203320958012042,0.3276915219675377,0.2936586061561956,0.3134673108965697,0.20438462517967876,0.20308464165992643,0.213838438675574,0.238787708081075,0.29996030142655433,0.24133769218279136,0.03379189413645214,0.11316622612072756,0.2338740387483538,0.2774982995875581,0.14840937143691457,0.214261258527484,0.23299311373462575,0.3352979191681479,0.18894519025843148,0.30673190186476457,0.147336329106031,0.07201938348201964,0.2535408889359687,0.23534718967988222,0.17268735239841063,0.3191309474576198,0.13378620436708924,0.24389958623104493,0.10346514247264364,0.09639028443928291,0.26975905482070023,-0.06234506804824197,0.16121723598861812,0.22974357208197047,0.14928379446873383,0.06571034811678991,-0.05640697375252188,0.10656433140794722,0.03752795610677256,0.012194919283289163,0.342184109123824,-0.051409485524209916,-0.06768924872764692,0.14980190271288882,0.061999354361686694,-0.14419945469729364,0.007018528203019443,0.15426845823894297,0.038992024071790414,-0.018202236414984498,-0.20854045535604296
0.043435753154827686,0.29202686770882835,0.42474495757129166,0.33449127810077434,0.39146181895994797,0.49525070516602776,0.2131148957015324,0.761630932023868,0.27086775206629055,0.3292930366335878,0.34471328448617594,0.2695713467271362,0.2161056066871646,0.33176933651126234,0.2988208338425281,0.27566704064950626,0.3361394538039585,0.3586422061090672,0.4711134738157437,0.32880936025953394,0.27108506646785396,0.2820564836546441,0.12616152552210214,0.16261508065767605,0.32465631889932295,0.47601118266932696,0.3485372759655155,0.26143508621774064,0.38212991060239804,-0.005205463079999299,0.259321664306981,0.3530097070053356,0.268132956459529,0.35393025253408444,0.30629645589222115,0.16682355535177812,0.39953353273880693,0.1942936030783901,0.21661302453326334,-0.1232937897635545,0.17897942964570318,0.285379922808934,0.31882422415329326,0.08805434849490187,0.17516523304248105,-0.006650950104841445,0.386007321607357,0.11190562206664138,0.8005485316918661,0.22854111155247198,-0.03772893244217334,0.10690999337983338,-0.1919211508357231,-0.02194715299121901,-0.1271605181907869,-0.1308008912093644,0.14301629940203867,0.18426331434047818,-0.1088956275572415
0.13149263400940286,0.22345248596633538,0.7134444868222763,0.3417994191943123,0.3140070223719533,0.57971999627855,0.3203320958012042,0.27086775206629055,1.0357110889770968,0.44826202173589513,0.389733621264251,0.40929365830554426,0.24376405118705485,0.4100528967232663,0.4824412386652135,0.3694135433091067,0.45982985518085256,0.38539516039926824,0.5788339920933057,0.3279945120810161,0.37364694448499336,0.6651262336253795,0.28416127515137596,0.4103945929163084,0.325398258684537,0.5381262285746948,0.3312488921968308,0.5568391269203367,0.3974236986745957,-0.10598730672839793,0.37102610711504963,0.40565390387604083,0.23847913632021633,0.2200278555383887,0.2609180701324657,0.3539430155896167,0.40545597992260823,0.20897574666609545,0.1502920529622857,-0.138945678258568,0.2680225230412217,0.35315838244071796,0.3157358400818786,0.0835428610929448,0.0932436046817375,0.17249470947916754,0.2546674389486724,-0.059001295230021816,0.7441567390182975,-0.041950815079773184,0.021893005223562637,0.2096382918596919,-0.022018855561515362,-0.15298464282535224,0.2666596871284742,0.328258338268581,-0.09537017144579336,-0.3166577361690475,-0.17629334831787433
0.1352450986119134,0.2684775910706087,0.4635370281420303,0.34530636511861934,0.4265715980667533,0.45019052328909237,0.3276915219675377,0.3292930366335878,0.44826202173589513,1.0599262366840962,0.38045132091750455,0.3936238966518929,0.20053908578268306,0.3369756323225203,0.49661831353776054,0.305680784539529,0.4197094048931996,0.4534007351837091,0.525731061266926,0.19733125482444958,0.2696577706182113,0.3559683808882224,0.22024487731014555,0.24666168911180375,0.3312419907731668,0.44036010876913495,0.3234534092618218,0.46057681875033063,0.35815769997453,0.037768171970213656,0.32073934574329427,0.35728636366812544,0.2675328177319145,0.4571893828587467,0.37008307642297594,0.26164860520920047,0.45754529352720286,0.14910990999003695,0.1763426298851159,-0.21979693838370906,0.24547404215562119,0.284096104622384,0.26792267333423603,0.07366370519769522,0.05292459691001907,0.006114468386948911,0.344178989928698,0.10022777721294787,0.984931496579462,0.0910143371707629,-0.017156482216668743,0.17951787802544067,-0.09453877355825108,-0.04149007158721354,-0.14470948375183956,0.050622659166314345,0.1525048337448557,0.14909393803620483,-0.27026969677479995
0.07650200953664303,0.15558534790039316,0.30102325130942814,0.38654736025405145,0.4404207397840441,0.4561537327159445,0.2936586061561956,0.34471328448617594,0.389733621264251,0.38045132091750455,0.559501980019432,0.4412736966924759,0.27323430444736174,0.33047831776606823,0.43885460452863495,0.343124415568487,0.39649995420977446,0.34676983924201976,0.41690904990925937,0.3292970107303104,0.3268550596528891,0.35969403014657053,0.16639048479000737,0.2730884072662065,0.3326141095335654,0.42067153686623804,0.34782864977256156,0.41284879896234955,0.3338852304405513,0.01910137644082034,0.34976580762007253,0.3388972513497106,0.2127575961008573,0.3622889750403402,0.3601654856843298,0.22463370749735503,0.3112885270729655,0.18370668196361298,0.23430054111559795,-0.04899287414330701,0.26606170315025435,0.3191181647678013,0.28330902699489,0.07997229032529136,0.06454481240542188,0.048564780955690195,0.30725210985889795,0.08943531781340223,0.8106708817144431,-0.0460227129999755,-0.010952114424132754,0.15241083684093384,0.029597443585761937,-0.08750770900026403,0.028179073935045845,0.06411798875635892,0.04766688346433577,-0.0013394711113168824,-0.17438947453382458
0.09168040616607445,0.1565470828663263,0.2878116897708145,0.4150489088110108,0.45987676970057006,0.5052171969794405,0.3134673108965697,0.2695713467271362,0.40929365830554426,0.3936238966518929,0.4412736966924759,0.7516820330659661,0.23248353878171668,0.3699099225743993,0.4102299700334978,0.4033978565820235,0.3679320655960794,0.3676777789086012,0.4726252491032936,0.26013036605751744,0.3263417708677555,0.4048119664190161,0.16444279600480705,0.26590402908684385,0.39938315369988275,0.4607131927599348,0.3121821378795432,0.25937341631476424,0.38461454433662695,-0.05620614122697685,0.3489956083458195,0.40705313448206715,0.1135098799069207,0.31327743135205594,0.1784355789709326,0.3825588158954491,0.04451604517795054,0.16831241862809396,0.15725589319567143,0.03472800680683276,0.22014328675097175,0.31067447260480097,0.25431703094729385,0.08162898797070023,0.0962693151119785,0.11200416653668624,0.23302374626611488,-0.030150774564564428,0.4331963417253705,-0.2032895717390068,0.06758673856412209,0.23809559374334727,-0.15437042736273368,-0.07367786722717598,0.028951947516115257,0.10918009970009535,0.0028439784783280465,0.012149491256256589,-0.27894540254675343
0.0462117191410785,0.11353751049805808,0.20129848875813078,0.24829983039093043,0.3260525245312704,0.2633610353548799,0.20438462517967876,0.2161056066871646,0.24376405118705485,0.20053908578268306,0.27323430444736174,0.23248353878171668,0.4331797634279462,0.19131767971848085,0.1925636777453165,0.24309183828508288,0.25118393444810727,0.22501489941211905,0.24472420909484413,0.22096249926207367,0.20423665794684193,0.25084856031825775,0.19795613464631628,0.1771661410888484,0.20839736441949147,0.1931660042373309,0.18018093203371033,0.24586893190959797,0.31504734768717274,0.11724056886261398,0.14476957187906536,0.19525778049231574,0.18604552090507728,0.29518343449183165,0.34697212210895934,0.12344055654237271,0.34574197308803345,0.11351666307118732,0.24219688586632743,-0.07634746813381334,0.17546964438131027,0.20430972416046655,0.23635101924356755,0.06287162783180723,0.05192753132918889,0.120159637938646,0.2472646587334887,0.05133893848610656,0.46156715991606506,0.09275826685906054,-0.02035307847024392,0.08395141848476786,0.005612229275402171,-0.14362207269881952,0.03537387441328627,-0.0034004916832887245,-0.040308539555616155,-0.02296779434760039,-0.002639539527338193
0.13318143354909887,0.07586902810084913,0.2514878889281231,0.3376663863424125,0.353081011996891,0.4511794053376396,0.20308464165992643,0.33176933651126234,0.4100528967232663,0.3369756323225203,0.33047831776606823,0.3699099225743993,0.19131767971848085,0.6750131087041401,0.463172093483963,0.4595484850835399,0.3680417423406763,0.28305018671320303,0.518311177293596,0.3111837865117529,0.33062107997148965,0.4375802207036581,0.16401653548129874,0.2883000353505981,0.32539322106037366,0.4730032549470261,0.24389555327876578,0.4414248676398849,0.27284340069726226,0.048342887620780504,0.29478575799549867,0.6224438813429914,0.1194675365419664,0.19288196874317945,0.32063700409312573,0.2877299175238955,0.2856451262460391,0.1958610827510353,0.06630155681454808,0.0382141178960414,0.3227356733312827,0.34049907109418154,0.22279529940221293,0.0819285783993815,0.13056450416803472,0.048006657480307684,0.3503056655278765,0.015247290839146556,0.8510977746133426,-0.10484143764334826,-0.0014037913696061757,0.027481488343275268,0.03878140213261725,0.07382970564632607,-0.009743844539818981,0.07448358610823466,0.45467909850129173,0.02285906189977448,-0.4965272621501805
0.13430021975525314,0.1757828807941763,0.49519066610281204,0.3137233909779303,0.3648289395131583,0.4768084279555383,0.213838438675574,0.2988208338425281,0.4824412386652135,0.49661831353776054,0.43885460452863495,0.4102299700334978,0.1925636777453165,0.463172093483963,1.1536096343663937,0.4040364014984546,0.43572566489328257,0.20901632075647514,0.6124081001871011,0.42754100662252176,0.38642547179728454,0.44483972555512336,0.005649436284070907,0.34653147265341583,0.38153713644712967,0.5750478256390914,0.36959835452252554,0.5994904236216754,0.3933573814681618,0.09744824981893843,0.362127446617759,0.4481692956953235,0.2287563534502785,0.30705578859094407,0.47921276511738875,0.2691468045034719,0.5537917661270421,0.2327789731398481,0.050246015026335286,-0.18138839220606398,0.42535413101604613,0.4010982970800434,0.2821801049896424,0.07434331267576937,0.002785932458492587,-0.033527050844904045,0.30904837061506757,0.12514279487248606,1.3272940298482736,-0.16406750228353598,-0.08257042809423268,0.24452049310498183,0.01710100203043609,0.0033933664440735215,0.13706273920011286,0.17500629514907415,0.08171194195770481,-0.16497367362595153,-0.15296767815954213
0.09876852870595794,0.09859213977669194,0.2582187114885632,0.32601547715528884,0.35785114607494084,0.3981278299721212,0.238787708081075,0.27566704064950626,0.3694135433091067,0.305680784539529,0.343124415568487,0.4033978565820235,0.24309183828508288,0.4595484850835399,0.4040364014984546,0.5688422729021595,0.3665636830072741,0.2795197347778743,0.46280746662598254,0.28566324816763694,0.3037513292210457,0.45924866705119965,0.16527149718576353,0.2715028190847943,0.32273549688548764,0.3491182924643306,0.2635356304064348,0.3750363585287804,0.3582201497487868,0.05950206173593806,0.2763689625374044,0.4462772173452205,0.12148810491146961,0.2387292303392037,0.3868619701603161,0.2824153643777597,0.2790002805659294,0.17505016434394083,0.1596167734303035,0.028177800194825974,0.3165822842280232,0.33142303301012344,0.27566315749496884,0.0890908582023773,0.11235440209678198,0.08481461540243454,0.2925985039711931,-0.0015990201304461828,0.7161810274105558,-0.12063250536674501,-0.0016867620079134569,0.07694872292238114,-0.005922521962487794,-0.02591571667674559,0.03969805281127724,0.07809702119529836,0.14726631686185354,-0.0016956987356599596,-0.2717017585133547
0.08338259471324375,0.20786576483425193,0.4285204995034647,0.339972452096641,0.3523227151360445,0.44519040779455443,0.29996030142655433,0.3361394538039585,0.45982985518085256,0.4197094048931996,0.39649995420977446,0.3679320655960794,0.25118393444810727,0.3680417423406763,0.43572566489328257,0.3665636830072741,0.6704910755337945,0.3129621150269228,0.47700594530261803,0.36133275354665373,0.3834194623358954,0.43828573554978967,0.12282152744896943,0.2800161263248425,0.35234130417054055,0.40830995004962123,0.3917914623425608,0.7156415947690906,0.2712261433824734,-0.008557125014785161,0.36050627959616893,0.36635940838760195,0.2957457318379625,0.3643892945664982,0.3876393744361849,0.23937410168460527,0.44196554531402804,0.22018905023531865,0.23337562480719265,-0.13735962589075715,0.33162796188527116,0.3760892077743502,0.30674973387102916,0.07963215448196018,0.09012027459416994,0.02726187980580568,0.32458371523267865,0.10624419223946703,0.9132315007262364,0.11077350718817304,-0.06496599068846204,0.23158513323533197,-0.08134073869893751,-0.10922924811940707,-0.0496871446114334,0.03485708412794596,-0.014395280431769492,0.04535386858656448,-0.12090199574418403
0.06886571105109666,0.2237284055765012,0.1985887894951419,0.3924331649193761,0.5484159897545542,0.41689230644302316,0.24133769218279136,0.3586422061090672,0.38539516039926824,0.4534007351837091,0.34676983924201976,0.3676777789086012,0.22501489941211905,0.28305018671320303,0.20901632075647514,0.2795197347778743,0.3129621150269228,1.3460727931062566,0.35965148517729384,-0.058982046669586764,0.24583676865058252,0.3406929097329827,0.3491579391410897,0.15023798005543254,0.30948631068880383,0.2314908723444098,0.3109116830449006,0.4753745743747068,0.3030485453804029,-0.2240175510249175,0.7275707187569979,0.28249864711372175,0.32446458606503387,0.39728208875719284,0.2027536099390272,0.22001563902197233,0.13462730328079253,0.07003215782471506,0.27227197694882826,0.06716958631208793,0.125867467611968,0.14492762303548445,0.33724610130351235,0.02765185990445293,0.20952357149468975,0.013139140712858361,0.5041657486189096,0.022456820773047868,0.3535941921990614,0.20271247110416563,0.026708024222246152,0.18737148975369963,-0.14641202188603733,0.010502180520348079,-0.0459088493679301,-0.053116027056131575,0.02112645612879309,0.1462075467468506,-0.10702718684694139
0.10277491655801058,0.0660616870043806,0.5674889807882658,0.24705673531641417,0.32463107835610394,0.7826334540754941,0.03379189413645214,0.4711134738157437,0.5788339920933057,0.525731061266926,0.41690904990925937,0.4726252491032936,0.24472420909484413,0.518311177293596,0.6124081001871011,0.46280746662598254,0.47700594530261803,0.35965148517729384,1.8784494908487783,0.21934137702269932,0.47611594959897124,0.5604984819316015,-0.07973074496234009,0.325950964842498,0.4644760784220943,0.5726813805835671,0.36424027096786565,0.5143616283142547,0.630784357661324,0.04520230537200761,0.48468094509271004,0.5091295102034973,0.27436012926137077,0.13400785303453674,0.26998251748174956,0.37868403823062263,0.5176968445676466,0.1843775194123318,0.17266633354236846,-0.1681379843954196,0.27850163671789824,0.3957412761605228,0.22320469158946624,0.037763657487188844,0.17021859713818452,0.029682674595142802,0.2748604379867172,0.024924367970104368,1.12340024903317,0.4790559307810352,-0.06786169720858462,0.023830945582629794,-0.3748350631217665,-0.10794878915635887,0.045146403562661204,0.07447791045805582,0.15409510098642548,-0.0840798802582489,-0.20395136820358656
0.06264453472975755,0.3395785367778671,0.4166264749963739,0.2436981752214972,0.24716047365345278,0.4670002460123042,0.11316622612072756,0.32880936025953394,0.3279945120810161,0.19733125482444958,0.3292970107303104,0.26013036605751744,0.22096249926207367,0.3111837865117529,0.42754100662252176,0.28566324816763694,0.36133275354665373,-0.058982046669586764,0.21934137702269932,1.0810115660504118,0.20695219643650525,0.31407356884242066,0.32117085470435774,0.32443272051256383,0.2743349657954595,0.36331156101457135,0.4460029657634417,0.4298047362552492,0.2733218063845013,0.35625998311724555,0.07472604774296762,0.2708295097602549,0.30749490814896396,0.32629272181047636,0.3342926863345639,0.2265418146647329,0.7862973003744222,0.42546126447476024,0.18124225194984306,-0.11641774273625838,0.25880667071988356,0.36593339652732493,0.5861677592893078,0.15515414988345855,0.37429543005786575,0.14492189229332125,0.2611254529786064,0.1190481058913812,0.5358653999048887,-0.1699347956087228,-0.06183407362487161,0.10110665997125144,0.19308620726959427,-0.12753887872572808,0.10465442396318296,0.06041989280944765,-0.05467132535164856,-0.03855788337264691,-0.019426193738151305
0.07692948854392108,0.27435126788672115,0.3589324047515831,0.27262061950870575,0.31302609883114907,0.39476049727737483,0.2338740387483538,0.27108506646785396,0.37364694448499336,0.2696577706182113,0.3268550596528891,0.3263417708677555,0.20423665794684193,0.33062107997148965,0.38642547179728454,0.3037513292210457,0.3834194623358954,0.24583676865058252,0.47611594959897124,0.20695219643650525,0.7834937514622731,0.3402050226466607,0.36592302389034864,0.24634100000882816,0.3226730753250582,0.5484812209312576,0.27962868479888103,0.4883787459033097,0.3984140201130159,0.07217845105875943,0.0645438831637666,0.35817591207832905,0.29415661523704634,0.3564861110854217,0.5812116052645669,0.1841325666099528,0.5343042526612061,0.1537521986071307,0.08262445432122541,-0.18361077467939496,0.41219854084134006,0.43524010830803395,0.29688108934672824,0.07514314112297495,-0.01566776855543367,-0.040406703772322194,0.3447010100737082,0.1888613184948864,1.1303760780727707,0.09043746202253207,0.00758271478496673,0.23890963269377133,-0.16782371437960192,-0.0875854904715344,0.044313457963406626,0.030399175915357735,-0.07004402651054537,-0.05093621173725456,0.0963146966652902
0.12022065342021601,0.1611461859886897,0.5068693381845608,0.3243644016787288,0.29511111283393404,0.4874884366270821,0.2774982995875581,0.2820564836546441,0.6651262336253795,0.3559683808882224,0.35969403014657053,0.4048119664190161,0.25084856031825775,0.4375802207036581,0.44483972555512336,0.45924866705119965,0.43828573554978967,0.3406929097329827,0.5604984819316015,0.31407356884242066,0.3402050226466607,0.8651986700244191,0.2537154888011087,0.3247033882902177,0.3334374085496449,0.42021077052427164,0.37022897474164446,0.46129881017889324,0.4000991228674021,-0.008676319381644143,0.28135265726445186,0.4393961588434048,0.20972120067129837,0.21760476085939598,0.28343930269306805,0.3830751206839837,0.3165971392166964,0.20486900503189578,0.15217158006885775,-0.06872797057150064,0.3104581341352302,0.35318912437061156,0.31047087828006426,0.0970598452505763,0.033391717538708926,0.19226648925040749,0.27698717844769566,-0.15136523431626286,0.8313007764029554,-0.07407097125001674,0.0025052049508319974,0.10445360661980377,-0.053690910687997195,-0.09653338565459442,0.13380531674050036,0.1869770692106785,0.007155932141247395,-0.12339387906463642,-0.23126413727780767
0.0258627288800263,0.1699007781108839,0.304387586521706,0.20670068539073855,0.2039380584078151,0.21321189566665896,0.14840937143691457,0.12616152552210214,0.28416127515137596,0.22024487731014555,0.16639048479000737,0.16444279600480705,0.19795613464631628,0.16401653548129874,0.005649436284070907,0.16527149718576353,0.12282152744896943,0.3491579391410897,-0.07973074496234009,0.32117085470435774,0.36592302389034864,0.2537154888011087,3.1426471998822803,0.6910104376114883,0.27719666775745627,0.04302972210549373,0.20788615876094008,0.22637789646372988,0.7876217611326071,0.5661271115286738,-1.288438708951163,0.05166859624837051,0.5293990573101404,0.7859186438539121,0.8508789801805309,0.0905194740318137,1.1827193049761875,0.03737882452944243,0.15213788537817005,-0.4678223253572942,0.2450140921378299,0.23881477636906534,0.6600909730325758,0.1284200818737689,-0.26347315949583255,0.40139154505201263,0.6056250282065098,0.11500670691689426,0.7374062848001163,0.2362444387486979,-0.03464731244890739,0.10131056338132433,0.30797259520316866,-0.1548294957952078,0.1406819408906471,0.07415701150611652,-0.3979103911819637,-0.17003845371442067,0.4890397490157817
0.08923523654810224,0.05758922712861595,0.3185952384881841,0.2644094244152735,0.25735539274639724,0.3855972837014474,0.214261258527484,0.16261508065767605,0.4103945929163084,0.24666168911180375,0.2730884072662065,0.26590402908684385,0.1771661410888484,0.2883000353505981,0.34653147265341583,0.2715028190847943,0.2800161263248425,0.15023798005543254,0.325950964842498,0.32443272051256383,0.24634100000882816,0.3247033882902177,0.6910104376114883,1.3810901987494826,0.3864975232063838,0.18783564831716376,0.16713303359732565,0.492860723509411,0.1994625792446139,-0.008604443393113002,0.6790083544425611,0.2821435993711237,0.17671603841206673,0.09991059845542022,-0.051740820367725426,0.2671077486633751,0.07456811610854235,0.14309559011287126,0.19000785223456237,0.0766894462759199,0.16144572336463245,0.2350581688402326,0.09035724260262593,0.07944921268739322,-0.0657656577465689,0.13999327004457568,0.19172599863451453,0.018540293824071737,0.5581043134112252,0.03082122334284704,-0.06259177588305304,0.2509048545856223,-0.04219605758716171,-0.14463802870698234,0.3636272588686492,0.20300394122109658,0.08990206225794058,-0.5592877539834944,0.03676641989263679
0.09016677639056025,0.2284793346169771,0.3727727907759993,0.3164299337127973,0.35545142325602025,0.44966685770885684,0.23299311373462575,0.32465631889932295,0.325398258684537,0.3312419907731668,0.3326141095335654,0.39938315369988275,0.20839736441949147,0.32539322106037366,0.38153713644712967,0.32273549688548764,0.35234130417054055,0.30948631068880383,0.4644760784220943,0.2743349657954595,0.3226730753250582,0.3334374085496449,0.27719666775745627,0.3864975232063838,1.284972531902615,0.3511826556647516,0.4326856341971637,0.31351903220693167,0.6647670336776184,0.034217769286392585,0.39382217977675593,0.315514690385765,0.1791655031170917,0.4368304480388377,0.4195268459880861,0.3362633788262032,0.3309306453121805,0.15929911153578452,0.17231279976832115,-0.06474826557798394,0.3619671258307084,0.29712567834878006,0.3705545640618733,0.08440887709253057,0.12602855244420805,0.17016047663772485,0.3083731059448377,-0.011277557237338089,0.2871592666545863,-0.46500814314773276,0.07292647758806066,0.26668104097065853,0.10466433661743989,-0.10073729975761668,-0.008074122139768726,0.00935374398740026,-0.07896708431272656,0.009120856379693227,0.022762169814748254
0.08464978225346831,0.2982103920658934,0.47279993497174955,0.444958578205096,0.5357437669984272,0.6215302443905808,0.3352979191681479,0.47601118266932696,0.5381262285746948,0.44036010876913495,0.42067153686623804,0.4607131927599348,0.1931660042373309,0.4730032549470261,0.5750478256390914,0.3491182924643306,0.40830995004962123,0.2314908723444098,0.5726813805835671,0.36331156101457135,0.5484812209312576,0.42021077052427164,0.04302972210549373,0.18783564831716376,0.3511826556647516,1.975980587853808,0.14538117414985233,0.4931059223938457,0.32108795058972267,-0.06623577391739585,0.17496181553017107,0.5687825545331061,0.3708400971884165,0.37245501318814056,0.19384519184433505,0.22300420400221443,0.6454783300947301,0.24100393040081175,-0.42041884166024734,-0.3034995024109971,0.3570314006477422,0.5212904883225893,0.3297434750070225,0.024476586446790828,-0.10364113791646486,-0.21576950209013618,0.27813138051527475,0.29488266416472825,1.9875796255226619,-0.006327566465053206,0.10520695195740994,0.41979420947090634,-0.44388911224599603,-0.08134003326645112,0.05702962755352998,0.08392507844894677,-0.06938670948907752,0.026282468225370507,-0.02401900812677541
0.05385018279899616,0.22108641296587764,0.3160945496067816,0.23839261613186322,0.1969252230800277,0.3701196644337362,0.18894519025843148,0.3485372759655155,0.3312488921968308,0.3234534092618218,0.34782864977256156,0.3121821378795432,0.18018093203371033,0.24389555327876578,0.36959835452252554,0.2635356304064348,0.3917914623425608,0.3109116830449006,0.36424027096786565,0.4460029657634417,0.27962868479888103,0.37022897474164446,0.20788615876094008,0.16713303359732565,0.4326856341971637,0.14538117414985233,2.1322909128875978,0.7469040612398067,0.16618090285676546,0.13896187139253022,0.2256483338996311,0.225052738087285,0.8330532455373774,0.2623398929698905,1.1143157537866775,0.31866761067073823,0.898476005313025,0.20146756813359856,0.18434903983929124,-0.2942772936952706,0.4766380041933369,0.35699235645457683,0.7321679219586026,0.21378508520884515,-0.23201796808560793,-0.30329001052665794,0.30561835401994114,0.4480006593459151,2.6374616686095083,-0.1249412102789777,-0.07708433029159799,0.0855694143380098,0.1331788957982455,0.017802932561357288,0.1868231603264964,-0.06619739521543794,-0.10110396618280144,-0.04908939669442114,0.2284994990456824
0.10503534053761021,0.12567311416299345,0.33945551743110813,0.34004208919979617,0.35080249925418505,0.4699854298663687,0.30673190186476457,0.26143508621774064,0.5568391269203367,0.46057681875033063,0.41284879896234955,0.25937341631476424,0.24586893190959797,0.4414248676398849,0.5994904236216754,0.3750363585287804,0.7156415947690906,0.4753745743747068,0.5143616283142547,0.4298047362552492,0.4883787459033097,0.46129881017889324,0.22637789646372988,0.492860723509411,0.31351903220693167,0.4931059223938457,0.7469040612398067,2.298879538037952,-0.17277105130436912,-0.11516785235379412,0.5759058820311354,0.4490866872013289,0.6584017006973155,0.38815284705097125,0.44702347046581586,0.15214727638368317,0.6617426266857528,0.2479070754110469,0.21554548011473,-0.008642007525916037,0.6005761519565355,0.3969666090583956,0.3225746482705328,0.09182708928226721,-0.4153153096571848,-0.15868239880207635,0.3246937646619268,0.38030706196934705,1.956620004210536,0.14563007745590226,-0.16172698935791438,0.5967000855594973,-0.1500101848199217,-0.14893339059894167,0.49992653506021023,0.13228905317518122,0.24940431873344954,-0.4825542126114266,0.21317173136115078
0.09293789442070231,0.4530984442415605,0.7824071728750825,0.2361609277735209,0.19559704422365565,0.565633575788871,0.147336329106031,0.38212991060239804,0.3974236986745957,0.35815769997453,0.3338852304405513,0.38461454433662695,0.31504734768717274,0.27284340069726226,0.3933573814681618,0.3582201497487868,0.2712261433824734,0.3030485453804029,0.630784357661324,0.2733218063845013,0.3984140201130159,0.4000991228674021,0.7876217611326071,0.1994625792446139,0.6647670336776184,0.32108795058972267,0.16618090285676546,-0.17277105130436912,3.1899659529044655,0.46306178998131986,-0.43938868656553776,0.22554377398600933,0.22221884022044255,0.46304785998745734,0.8494197216269721,0.42991954370272095,1.4112109656746794,-0.008053308760549402,0.2657854364536431,-0.31823868693516794,0.7012406544823001,0.3403602711564585,0.7031622336289581,-0.11253576130835292,0.6046018757928261,0.7001723886075227,0.5918130586709945,-0.21969009977694087,0.6747141731848615,0.10569153074303386,0.03695320866859552,0.009029042243383372,0.005853216929881691,-0.1785685445614661,-0.17957077912883368,-0.12844284556054356,-0.630534795620991,0.2263560017537355,0.5175288293512694
-0.001991316539653179,-0.07328272865593671,-0.13615957271721493,-0.10901800876139106,-0.20363829842427472,-0.2662191125279345,0.07201938348201964,-0.005205463079999299,-0.10598730672839793,0.037768171970213656,0.01910137644082034,-0.05620614122697685,0.11724056886261398,0.048342887620780504,0.09744824981893843,0.05950206173593806,-0.008557125014785161,-0.2240175510249175,0.04520230537200761,0.35625998311724555,0.07217845105875943,-0.008676319381644143,0.5661271115286738,-0.008604443393113002,0.034217769286392585,-0.06623577391739585,0.13896187139253022,-0.11516785235379412,0.46306178998131986,3.783350994667774,-0.7798218406761357,-0.03148218244283724,1.1802648954145225,0.264910995425699,0.9941240358704037,-0.12308187949792014,2.5521897851293835,0.26730426627241977,0.5095548750848261,-1.0891117805874422,0.21953575527429803,0.203066380755671,0.7372883414125821,0.06175540415400654,0.42138980260448256,0.24989722648384022,1.4373711990130893,0.19069559352395898,1.0268482241837333,-0.014160988845965743,-0.0815758451372713,-0.7293034703112016,0.6304058865118123,-0.11975149093113945,-0.05796744047842528,-0.12265617027022058,0.025593498260428078,0.1582581009829906,-0.0497790751798011
0.11830551223080664,0.03091717076033731,0.05410736477592041,0.3781502485473004,0.5016996401524275,0.45654474033600717,0.2535408889359687,0.259321664306981,0.37102610711504963,0.32073934574329427,0.34976580762007253,0.3489956083458195,0.14476957187906536,0.29478575799549867,0.362127446617759,0.2763689625374044,0.36050627959616893,0.7275707187569979,0.48468094509271004,0.07472604774296762,0.0645438831637666,0.28135265726445186,-1.288438708951163,0.6790083544425611,0.39382217977675593,0.17496181553017107,0.2256483338996311,0.5759058820311354,-0.43938868656553776,-0.7798218406761357,3.7411009877905297,0.39240714116959263,-0.11462587938546899,-0.3658778696828505,-1.0035005073090066,0.4690340308932948,-1.4793967094669649,0.22798250093469566,0.4426890575650993,0.8762386289426501,0.01794275936125751,0.09789862972027946,-0.3087562618308707,0.041252259118306975,0.3732658497534515,-0.012318480443781985,-0.03155543607577515,-0.19141971480276232,-1.035096392266284,-0.09693436094247285,-0.009910185023531679,0.3931172939510696,-0.35402268588104796,-0.04213002162174676,0.17438181019785534,0.1266301366286583,0.4939522115782646,-0.20707803155392274,-0.6215195695815421
0.1480700943936756,0.09398838186854222,0.2493554138333169,0.3557948945617648,0.36944413950336463,0.49873551538824423,0.23534718967988222,0.3530097070053356,0.40565390387604083,0.35728636366812544,0.3388972513497106,0.40705313448206715,0.19525778049231574,0.6224438813429914,0.4481692956953235,0.4462772173452205,0.36635940838760195,0.28249864711372175,0.5091295102034973,0.2708295097602549,0.35817591207832905,0.4393961588434048,0.05166859624837051,0.2821435993711237,0.315514690385765,0.5687825545331061,0.225052738087285,0.4490866872013289,0.22554377398600933,-0.03148218244283724,0.39240714116959263,0.8496137865195356,0.10022361426879434,0.14209103574653845,0.24089762854599692,0.29793566683110645,0.1695794944257165,0.19287927729492316,0.0208480627205722,0.062243747227000094,0.285117090084013,0.3594326014602852,0.14784240221614492,0.07808072972186283,0.1421785004667277,0.00864508521342421,0.3165736150678183,0.00010879654897489875,0.8776817538146785,0.07776177361191791,0.019244293704151805,0.2123857521364249,-0.4127799463948827,0.10898907587453768,-0.02183487576595257,0.07247168306671352,0.6714279031286764,0.005226183545633335,-0.6673971293231479
0.024204660008749886,0.21980756006291938,0.3059156764196795,0.1342647444154671,0.12918951046257907,0.11472935698263517,0.17268735239841063,0.268132956459529,0.23847913632021633,0.2675328177319145,0.2127575961008573,0.1135098799069207,0.18604552090507728,0.1194675365419664,0.2287563534502785,0.12148810491146961,0.2957457318379625,0.32446458606503387,0.27436012926137077,0.30749490814896396,0.29415661523704634,0.20972120067129837,0.5293990573101404,0.17671603841206673,0.1791655031170917,0.3708400971884165,0.8330532455373774,0.6584017006973155,0.22221884022044255,1.1802648954145225,-0.11462587938546899,0.10022361426879434,1.8854015753837248,0.18481038530766286,0.7052843596716623,-0.2696365026649188,2.138903903131702,0.26196199084475763,0.2646169238797369,-0.9282271603025009,-0.03465888630575209,0.3862525398428143,0.7937974819506161,0.0889161389972186,-0.03376816078532223,-0.38124793803407986,0.8448110835843292,0.6475136009455027,2.4526888980540935,0.6784030201427458,-0.1308765078319556,0.2185118466125181,-0.1857559214195737,-0.3204273668944042,0.16363287305688023,-0.20953410211356005,-0.3866709680272879,-0.015087898041048552,0.6515872807343152
-0.07903452715270386,0.34182525384201345,0.2987959169613689,0.4320900201454123,0.7342284019327542,0.35331842662523627,0.3191309474576198,0.35393025253408444,0.2200278555383887,0.4571893828587467,0.3622889750403402,0.31327743135205594,0.29518343449183165,0.19288196874317945,0.30705578859094407,0.2387292303392037,0.3643892945664982,0.39728208875719284,0.13400785303453674,0.32629272181047636,0.3564861110854217,0.21760476085939598,0.7859186438539121,0.09991059845542022,0.4368304480388377,0.37245501318814056,0.2623398929698905,0.38815284705097125,0.46304785998745734,0.264910995425699,-0.3658778696828505,0.14209103574653845,0.18481038530766286,3.1237002344174587,0.8571497335491493,-0.04830374780120685,1.1732856270899235,0.21032366640737396,0.6409790444844718,-0.7349966787795751,0.46792343296821753,0.3126347316333111,0.7239114008300203,0.1977354676422365,-0.29963083075671254,-0.23874336935789453,0.6528154369321827,0.4721442151807386,1.8367359199173077,-0.21289716822734084,-0.04164533597000775,0.3037117570460148,0.21594215992937388,-0.2348821393037509,-0.24008075929044215,-0.15322197054410724,-0.5879102062858051,0.054760534024511864,0.8150613303003446
