4.547594465281962,0.6954621791912394,0.5552459875221865,0.4613119652315298,1.8063581276836516,0.9455919126567105,0.9103490555979143,0.864277934906896,0.19079710728147012,0.9423166221260846,0.7447354949972506,0.7084306782688047,0.8127136252685826,0.6123653217048803,0.6622132250649547,0.6543392363921312,0.5815017123046918,0.9145882114846211,0.30920661241299013,0.5984545146094764,0.5726473812096918,0.996722587318076,0.9512308982343574,0.5146904423047406,0.8136638768193502,0.48123443563660484,0.6599457112485566,0.40338740155461084,0.3745123689773589,0.9637658806010068,0.4939005569051687,0.62453712098145,0.6195091006977607,-0.5025049202423534,0.3821814096341517,0.7268967008368857,0.8759127895847122,1.005273657024087,0.9141238773628678,0.35318099054763585,0.6574937526725481,0.5057281315004787,0.5503624218863316,0.751097176167921,-0.08158410022823918,0.775883292466127,0.99007666964321,0.04290057005152934,0.6510759574192915,-0.0813291731451347,0.006269103479488642
0.6954621791912394,2.74394343124568,0.9250159544858899,0.09273989102535068,0.4105633959301364,0.49305979251894677,0.3030668159618927,0.4118583682747736,0.21460055941610573,0.443263999892304,0.32032448379448886,0.30836942324549693,0.3546521210594668,0.24956570869669573,0.28590120464580526,0.2289441801543524,0.28019257979820056,0.49496499171809066,-0.015511700036438375,0.4388492106612251,0.32890886924147406,0.3628175775371882,0.3495476136789815,0.23993414284464304,0.49538172818780135,0.36141407327774855,0.4778437957447205,0.255929507913081,0.6476718017949833,0.3473533313162659,0.3047166430223186,0.2666275382014585,0.3265119167175604,0.3173117462256874,0.2514053896191596,0.3582422454072001,0.8418229515562317,0.4481529307622431,0.3073046089020167,0.1528117256602742,0.4363611437741786,0.2980303335597749,0.43544971553765577,0.14318859103905768,0.33592419926706457,0.6948768399882862,0.4813087208792709,0.04726696505919853,0.06238986961335745,-0.07255756795397549,-0.053813400216552607
0.5552459875221865,0.9250159544858899,2.410468351125164,0.2996231305016274,-0.20315390459972382,0.2724705282288058,0.27432263615151115,0.40745442952360816,0.31294913653974965,0.47230648491718996,0.21276883948566835,0.18436358647734952,0.280529159830169,0.16168439736922233,0.2607161817790786,0.1422803781622333,0.2530441861561644,0.27635704305509057,0.0802022616599998,0.19219452600731493,0.2108781171876813,0.37725921023677716,0.19783872024796273,0.1772369559170006,0.3325878707084287,0.1533313924937786,0.26555286790511917,0.2564646914010807,0.2654196034661222,0.10707046735444324,0.25112948413047964,0.1817754144590505,0.24208366848648777,0.06790418090754304,0.15005215618297146,0.4064533119073681,0.38665426722963137,0.4729139017131029,0.29198492709031854,-0.12320737773059695,0.35713028843392014,0.16214946194665278,0.07071645463823442,0.33223766140706473,0.20526206725706928,0.6622634645150131,0.24107731945744426,-0.025396310851683417,-0.2780633481081816,0.03115482483129713,-0.059800433779660635
0.4613119652315298,0.09273989102535068,0.2996231305016274,2.4805075893031816,0.47935091321307505,0.5150757781260293,0.1699642362669938,0.6206156025779568,0.03398696873287811,0.3559913707248146,0.47243938303033023,0.41328388278812594,0.436498285782883,0.3227419854210365,0.28507966334435725,0.3615576095881788,0.2990417945382857,0.3049696103946489,0.25909407678510865,0.27442682564874527,0.253161682915889,0.45543368298296905,0.30821552585500855,0.2714158536159155,0.4152799078976767,0.1843356731040858,0.3154595536571912,0.11220862299736965,0.24017713260635465,0.3887216284065035,0.2437050896119352,0.328271028457857,0.1801082876510058,0.3713774693492081,-0.10358467894853855,0.30883056484087107,0.40038628218265276,0.5298272728484079,0.6071509770652433,0.05359297390650317,0.437627070711433,0.19962098786262486,0.2187113345808272,0.9519404935344283,0.15202502099750262,0.15705278562518646,0.40661386696888274,0.0475678712346682,0.2526859359019009,-0.06713788866591903,-0.022569392577599334
1.8063581276836516,0.4105633959301364,-0.20315390459972382,0.47935091321307505,2.3330151331383484,1.0957416160309272,0.37168833688300407,0.559684785991426,0.3367375526440551,0.5967580188043511,0.5949871763939334,0.6232775022458316,0.6392860449527293,0.5337989011288803,0.5278584695211018,0.5446005874633396,0.44272209646286637,0.6387970968698371,0.15703169051246674,0.6418039518317112,0.4591538677943413,0.6207212129850915,0.6702858256276806,0.42665724084306034,0.6136515474627775,0.5261764637045814,0.48585856484233453,0.23589719565723993,0.654305504508473,0.5003172226151161,0.3501529152733691,0.5461735372149372,0.23159704386593327,0.6774576944823646,0.09346966763047714,0.5073097521583462,0.6169644711887535,0.6067105977850926,0.6401903477138693,0.36572079520469314,0.5306458924346981,0.44280515317356556,0.6012937389970715,0.477935469867209,0.15231767867976925,0.5392886686922674,0.6642008037074209,0.07394938524870161,0.5473145936946472,-0.12918777601616627,-0.00974326683999532
0.9455919126567105,0.49305979251894677,0.2724705282288058,0.5150757781260293,1.0957416160309272,1.361148032631208,0.15276746099594685,0.4841413756089058,0.22554172394535973,0.5555906440380891,0.5020823026567817,0.4815243057984889,0.5180958031503525,0.4272172775393458,0.4123002432417143,0.3961165450582366,0.4635680199486186,0.48023117713784436,0.2742662348234224,0.6184817542541602,0.43757176123339203,0.6012924357038206,0.45480392533606867,0.37043702648781895,0.5155818909711009,0.4376337744577941,0.4795766210503946,0.3713280925235046,0.6105585935181217,0.42695304832036657,0.3486153965378677,0.4550562290378905,0.16860597563042795,0.5608343038103647,0.15767312894887323,0.4295437679991418,0.5578123392924096,0.5576439813227521,0.561564755767977,0.2835682101075461,0.477921597292433,0.3842086030986957,0.55443260212285,0.46732087236408654,0.3396337212932235,0.4814150797363118,0.5398038924625839,0.0609665599022673,0.39339013459521976,-0.07412706174615526,0.016281120179056547
0.9103490555979143,0.3030668159618927,0.27432263615151115,0.1699642362669938,0.37168833688300407,0.15276746099594685,1.4886607958137292,0.30343873476129113,0.34195739372419254,0.3461835047662352,0.4530564791198674,0.5434200692542466,0.5611953367227894,0.48761781256079856,0.32881018436792864,0.4293913206495377,0.44240467117067533,0.3833838097450744,0.025868411537516154,0.3433407250293595,0.41393171969405296,0.6492940759878348,0.3501898708425068,0.3857420812720257,0.41603482260302466,0.43390567109276773,0.38278460156755817,0.292901491899727,0.40702161894212374,0.36111226334978946,0.364468334248623,0.49210851155036606,0.3776490143866703,0.524682683255487,0.3283985180076417,0.5445112009621903,0.41572273654688074,0.2918303166259306,0.48645457077294857,0.2381209975649652,0.47307652138859485,0.3763811602403998,0.3236471591470245,0.3389164350975912,0.30378546096016873,0.43052475462156603,0.3889572962801973,-0.043576334443142184,0.27028743644860515,-0.13508716788682143,-0.0007748925614302193
0.864277934906896,0.4118583682747736,0.40745442952360816,0.6206156025779568,0.559684785991426,0.4841413756089058,0.30343873476129113,1.6533532020426955,-0.01104932549072266,0.5054552070841389,0.7043080634715931,0.3699478736839527,0.6485848473183294,0.35941117907036835,0.3921265036175427,0.36337430168159385,0.3814234947178696,0.524341406374718,0.37631025853886113,0.42950917841157965,0.33604356226129306,0.5630879596985067,0.41703658662284643,0.3253718935183179,0.5931451657809174,0.4758103379273138,0.5252977227910185,0.07042985562401376,0.4722476300854364,0.4618908840204479,0.35831936150984417,0.3939019597020931,0.20589596305021804,0.46498104222321684,0.5309490321232703,0.44569444409662207,0.4517805762475575,0.4084130572882314,0.6620690345593898,0.264991872920969,0.4140768482040512,0.3302600257576048,0.511128785567829,0.4304936755986176,0.2795116931780912,0.4661377877306234,0.5620544166509578,0.02186711268353028,0.31678456131430893,-0.03397797687165352,0.006182785125449333
0.19079710728147012,0.21460055941610573,0.31294913653974965,0.03398696873287811,0.3367375526440551,0.22554172394535973,0.34195739372419254,-0.01104932549072266,0.9257063827222181,0.30626030033984525,0.18635923522016282,0.26973555789024367,0.2338108736856998,0.2661900160730727,0.2884584591404312,0.2003551680851846,0.20319875414889774,0.21427396509467037,-0.2338027056809554,0.22789820798651808,0.20410223603098254,0.2622754245362439,0.22036834129390365,0.20881984839998444,0.1790870091862093,0.30462963053076353,0.21909940265710326,0.3049643681977866,0.19524212354078924,0.14257620992098946,0.1881216960435597,0.26637141766292005,0.2180353231700754,0.13685031297982203,0.12634222285645103,0.25147015762398695,0.1693848832346453,0.1265892187307324,0.23540295806746905,0.1182151078672719,0.23811592337793513,0.1793188956539391,0.13621450221863254,0.10526888807184691,0.044489261097718585,0.23722215032330474,0.207320532702,0.009256469898294071,0.35459373145781686,0.01358418979040625,-0.002205959297573882
0.9423166221260846,0.443263999892304,0.47230648491718996,0.3559913707248146,0.5967580188043511,0.5555906440380891,0.3461835047662352,0.5054552070841389,0.30626030033984525,1.2228709017429704,0.5016206957529766,0.4645942736001674,0.5206859981935065,0.37898130892056436,0.4150440550085596,0.400441821929776,0.4237208398997464,0.5494335212986348,0.15621178413310266,0.4186031080204157,0.3638296286577851,0.5442650412221128,0.5706073946637513,0.3865687804788336,0.546263550947691,0.29328001412687754,0.5079862973790406,0.34523851026792957,0.6307454010606341,0.5778128096742675,0.3124877724222182,0.3913831630116305,0.2920215698840295,0.6373910223328869,0.3941767852007476,0.5619929488734514,0.5154258244073887,0.33443559079651614,0.6943610683259943,0.24276859228721384,0.6380472454104817,0.33191244729176156,0.4501915696024618,0.4564736179152262,0.32963341634009674,0.5463253224888232,0.6637253056493602,0.027872714085169805,0.2682707671231901,-0.10539171966461038,-0.024025115658591136
0.7447354949972506,0.32032448379448886,0.21276883948566835,0.47243938303033023,0.5949871763939334,0.5020823026567817,0.4530564791198674,0.7043080634715931,0.18635923522016282,0.5016206957529766,0.8845626069222269,0.5369091177438363,0.6543635365464733,0.4354329078263564,0.5464978109664371,0.43310710784313766,0.48987513575320313,0.48315647992752636,0.20801894123735254,0.48645105060441046,0.36575316728797186,0.5100398511831317,0.4478658491177743,0.38697124804299543,0.5365765983939923,0.46114520397245407,0.4989197859176144,0.36067950913493513,0.5479775271884836,0.3880701981149142,0.33894379540548664,0.45331058641246863,0.2872691768455713,0.555993811973613,0.4388121277994774,0.4787402491133675,0.4644490764324711,0.2782433965308264,0.5444491963404097,0.2898247979077523,0.46355793761970276,0.371931365152993,0.44190560229112585,0.26009728369714696,0.22357368558813542,0.49848315819889827,0.5042882727955698,0.03934010036238751,0.4032298628789375,-0.07835038625119815,0.01894523272896073
0.7084306782688047,0.30836942324549693,0.18436358647734952,0.41328388278812594,0.6232775022458316,0.4815243057984889,0.5434200692542466,0.3699478736839527,0.26973555789024367,0.4645942736001674,0.5369091177438363,0.9857004449791752,0.4905293819631834,0.5106043395003561,0.426768261104588,0.43589174656630963,0.5002003507203296,0.5439107509916948,0.16626812100246388,0.361035484429107,0.40052254010898897,0.5136933913732421,0.5195444862880676,0.41325275619819396,0.5616784184553154,0.4801466013885905,0.3715893830690388,0.2150612663511403,0.46683870242957637,0.3959088202330628,0.3565797660725091,0.5084472796494205,0.38091977249853953,0.49677358204785194,0.45664790606450617,0.5012377991212366,0.4952426127159439,0.3193739667744528,0.5378626271555349,0.28093585665171494,0.39698971994138066,0.38175561223365995,0.3833286614025866,0.32089153651241414,0.39671751016960966,0.4507419761455508,0.5437393875826364,0.0043302421008200994,0.08261820413744494,-0.26675350517661045,0.03601324184013409
0.8127136252685826,0.3546521210594668,0.280529159830169,0.436498285782883,0.6392860449527293,0.5180958031503525,0.5611953367227894,0.6485848473183294,0.2338108736856998,0.5206859981935065,0.6543635365464733,0.4905293819631834,0.9690206443718736,0.5022131211726175,0.35638664275252274,0.40267449740227257,0.4215472095066657,0.4452876104321026,0.205097675976153,0.46144463780162587,0.35043348751032943,0.67948403035941,0.413082244364918,0.3898991462945604,0.510872568598724,0.41426190553294095,0.4725066779686721,0.28176907692086256,0.6041979007402669,0.4309043588171629,0.33501059855394283,0.5144888203872627,0.2806969242055935,0.5556076158053085,0.374452225484812,0.5129068290363488,0.4105747653507345,0.3876161002923887,0.5505605743693793,0.2575741302614134,0.46477728535074553,0.34698758074462205,0.4490574957355947,0.37851040827066157,0.12569189505880565,0.5486183897123251,0.5004199933082083,-0.006776532381105508,0.4217663129310186,-0.08371687507106616,-0.0028637161450466224
0.6123653217048803,0.24956570869669573,0.16168439736922233,0.3227419854210365,0.5337989011288803,0.4272172775393458,0.48761781256079856,0.35941117907036835,0.2661900160730727,0.37898130892056436,0.4354329078263564,0.5106043395003561,0.5022131211726175,0.7243680098727352,0.3343364050539038,0.4570071649555671,0.3765454920635497,0.38537479273048036,0.15313459220429274,0.3947163811605288,0.37283687342263055,0.5797588907602922,0.3101471300758115,0.3705524974908303,0.4228304557990258,0.5357688782649598,0.32127065259802057,0.3009429376230405,0.3820247629480396,0.36052696957668584,0.38174751418258634,0.6012203279500375,0.28844090876336176,0.4558842971461292,0.3218968092574717,0.43603525590015163,0.366188417380059,0.42645945793578943,0.3132783303858786,0.25416878197269555,0.39482664964868763,0.36069861360534833,0.4503156975332542,0.2781104776195169,0.28911219979678904,0.4288985564841325,0.44597190116511637,-0.012202295479907407,0.16956698220460537,-0.0798985983030812,-0.0007825489477599228
0.6622132250649547,0.28590120464580526,0.2607161817790786,0.28507966334435725,0.5278584695211018,0.4123002432417143,0.32881018436792864,0.3921265036175427,0.2884584591404312,0.4150440550085596,0.5464978109664371,0.426768261104588,0.35638664275252274,0.3343364050539038,1.0353792892456095,0.3810551541059818,0.420789129906239,0.40102900219689985,0.0924044462803364,0.428196216344985,0.3053296810120124,0.23554541046832364,0.3525162870275795,0.3170703036274388,0.47082264855996503,0.38216065447752345,0.3621129309483369,0.4452443982616315,0.44138811358228597,0.30998575891100594,0.2944357489723805,0.33470527752446616,0.2677282932483908,0.420223392332369,0.3686436347269561,0.37325180150662585,0.39006954811852895,0.09815547959841146,0.3596329571588257,0.21529139767730784,0.4200367902047166,0.31648409729750526,0.2915178571560628,0.13411657509973357,0.25953049657677746,0.3977713685380382,0.4044222824501986,0.0680225265677669,0.2042223797917502,-0.0474764071055688,0.024609195931905012
0.6543392363921312,0.2289441801543524,0.1422803781622333,0.3615576095881788,0.5446005874633396,0.3961165450582366,0.4293913206495377,0.36337430168159385,0.2003551680851846,0.400441821929776,0.43310710784313766,0.43589174656630963,0.40267449740227257,0.4570071649555671,0.3810551541059818,0.9262212414058485,0.407536634714791,0.430941664818423,0.18768770333354726,0.28319979709995474,0.3316962245875951,0.4359968279655882,0.39833248153990236,0.3584938048532323,0.4674651124234674,0.3107528335257295,0.36304924170512337,0.3191468951379027,0.4390269677122749,0.39633928692159004,0.3256918743231012,0.4418061678496957,0.2512753016692153,0.45540174030704766,0.4563901024335991,0.40995765072050927,0.42622780470164395,0.25829981795149204,0.397823806522066,0.2842626163539163,0.3891918974597185,0.3591891175008072,0.414145589866581,0.26585959888328803,0.3298932658648389,0.3633079596019936,0.47682249640285157,0.01267083744142045,0.13237295816438402,-0.07988742058621628,0.027824207118387918
0.5815017123046918,0.28019257979820056,0.2530441861561644,0.2990417945382857,0.44272209646286637,0.4635680199486186,0.44240467117067533,0.3814234947178696,0.20319875414889774,0.4237208398997464,0.48987513575320313,0.5002003507203296,0.4215472095066657,0.3765454920635497,0.420789129906239,0.407536634714791,0.9045669786782963,0.424085273928845,0.1860264416284268,0.4535199569271256,0.37488635169577533,0.44619658390989037,0.43245404692331074,0.3808159201753318,0.48689144791915967,0.31854199654789567,0.48134272011275436,0.7811869091885923,0.4206757767916668,0.4011230541652669,0.33614464844102604,0.3719528826036965,0.39873687987893264,0.4769031960764721,0.4105930313013039,0.4533476947911025,0.6784689636681457,0.22542096183985447,0.5146940981089005,0.2703867865893476,0.5431674597506249,0.3983346670753527,0.4002228824962851,0.24712388451816236,0.39165854310569087,0.45813471892979196,0.505785394658775,0.06435288684566477,0.2848362128954318,-0.1084222667429674,0.030266358328344053
0.9145882114846211,0.49496499171809066,0.27635704305509057,0.3049696103946489,0.6387970968698371,0.48023117713784436,0.3833838097450744,0.524341406374718,0.21427396509467037,0.5494335212986348,0.48315647992752636,0.5439107509916948,0.4452876104321026,0.38537479273048036,0.40102900219689985,0.430941664818423,0.424085273928845,1.407906349231054,0.15640950887645916,-0.02524519556657822,0.4076840197978327,0.5994855241498314,1.1483184925220355,0.3789239883866949,0.6366115854186656,0.4247890828324683,0.15158617917795142,0.4154009052795307,0.5323444813842937,0.41221473439124867,0.46781900143828575,0.39407854236733947,0.43890144449308066,0.4512877921404631,0.40929708500477174,0.39564716579380427,0.7201157262789504,0.28880310933967646,0.46605630028096734,0.23610346367271823,0.43235881635323425,0.3312377886935708,0.5373958612636549,0.299629532838071,0.3905026992966341,0.5524366233014795,0.941594998891269,-0.01770181959000092,-0.29105379606628745,-0.1388772751803884,0.025946561797954428
0.30920661241299013,-0.015511700036438375,0.0802022616599998,0.25909407678510865,0.15703169051246674,0.2742662348234224,0.025868411537516154,0.37631025853886113,-0.2338027056809554,0.15621178413310266,0.20801894123735254,0.16626812100246388,0.205097675976153,0.15313459220429274,0.0924044462803364,0.18768770333354726,0.1860264416284268,0.15640950887645916,1.5098180082391774,-0.1486527139871125,0.17421916909294793,0.413706427798697,-0.029692841207337593,0.14052152857914005,0.16399489124925426,-0.10808042667035278,0.1644428318517232,0.0070841382520939146,0.03905977593908289,0.2698792536589113,0.22863192145003455,0.13468783462174852,0.0899119603155961,0.1368221109066748,0.1043399258085892,0.26749964983422736,0.25663634238180316,0.3904321092246785,0.3616078736176429,0.06604671870580998,0.19682881924820117,0.138903725388502,0.11056818710180141,0.29775683007745346,0.08364094184085398,0.2322542132155957,0.21432123606424275,-0.000840031419346897,-0.03805156434434058,-0.06644544482049279,0.013421479070947347
0.5984545146094764,0.4388492106612251,0.19219452600731493,0.27442682564874527,0.6418039518317112,0.6184817542541602,0.3433407250293595,0.42950917841157965,0.22789820798651808,0.4186031080204157,0.48645105060441046,0.361035484429107,0.46144463780162587,0.3947163811605288,0.428196216344985,0.28319979709995474,0.4535199569271256,-0.02524519556657822,-0.1486527139871125,1.8267735506205165,0.36324521588192177,0.04943371742141167,-0.15123177506524726,0.3344663167077495,0.40104475660337613,0.6407031389466893,0.6543107031995672,0.5992668820269602,0.5598937234049695,0.5708705325766206,0.4494896669572864,0.379900265856335,0.32335835043970074,0.5991088495930943,0.4505294354928557,0.26588668739511356,0.8167495216393571,0.3590637933626879,0.4286990495612353,0.38841462248642433,0.7115627126791183,0.4207673980912948,0.8759932073749866,0.19228900186203077,0.9280212091508474,0.42204905588549446,0.33381297232531665,0.28037944303779627,0.6699464778896127,0.0006001097072734146,-0.00358244293462729
0.5726473812096918,0.32890886924147406,0.2108781171876813,0.253161682915889,0.4591538677943413,0.43757176123339203,0.41393171969405296,0.33604356226129306,0.20410223603098254,0.3638296286577851,0.36575316728797186,0.40052254010898897,0.35043348751032943,0.37283687342263055,0.3053296810120124,0.3316962245875951,0.37488635169577533,0.4076840197978327,0.17421916909294793,0.36324521588192177,0.7092822466981927,0.3704086829490498,0.23403808179329078,0.31788330298558315,0.38028286578312903,0.42384196401012963,0.3206456871174766,0.3262368221701211,0.25428499791662357,0.49816459516575423,0.49794443821532497,0.38096375588968295,0.30666647654716456,0.4173272267610953,0.43673481255352664,0.48905304475641376,0.5005335123102324,0.40151196905832454,0.4392150506861287,0.305886611063538,0.6134349812406543,0.4722539781313676,0.5030840962934671,0.36581714072866756,0.7177777388207861,0.39652629030433434,0.5189028482984451,0.06051792799255125,-0.05630400395386202,-0.05757621632629544,0.009895778343720445
0.996722587318076,0.3628175775371882,0.37725921023677716,0.45543368298296905,0.6207212129850915,0.6012924357038206,0.6492940759878348,0.5630879596985067,0.2622754245362439,0.5442650412221128,0.5100398511831317,0.5136933913732421,0.67948403035941,0.5797588907602922,0.23554541046832364,0.4359968279655882,0.44619658390989037,0.5994855241498314,0.413706427798697,0.04943371742141167,0.3704086829490498,2.114274241430606,0.7482941252209598,0.4521430598847676,0.43897142647159415,0.22944236554077904,0.5545305034926629,0.09818827235607394,0.5833922757781491,0.5160431089466558,0.2985988216408952,0.6258973728367355,0.32543202680029104,0.39693929186975674,0.24863173838730235,0.7912500574913973,0.4181860130663143,0.7655644581203253,0.8024937529909463,0.20277852726316403,0.4488700923482019,0.3756930681197069,0.24372893671804188,0.672126155619656,-0.267378646106887,0.6760533787913041,0.6177104033878742,-0.3833946379617941,0.7914402008758595,-0.16750283844196456,0.02071940471203599
0.9512308982343574,0.3495476136789815,0.19783872024796273,0.30821552585500855,0.6702858256276806,0.45480392533606867,0.3501898708425068,0.41703658662284643,0.22036834129390365,0.5706073946637513,0.4478658491177743,0.5195444862880676,0.413082244364918,0.3101471300758115,0.3525162870275795,0.39833248153990236,0.43245404692331074,1.1483184925220355,-0.029692841207337593,-0.15123177506524726,0.23403808179329078,0.7482941252209598,2.826906163672067,0.5774485068223292,0.8561038380546009,-0.03755915859209661,0.23695768510484877,0.32359255649106033,0.8327833469230802,0.6006622354885115,-0.5773193359699538,0.30297338792845346,0.5204561693947226,0.41751732903204386,0.3125984140977619,0.3724009309501013,0.626202981059765,-0.2772202950224317,1.013797751375966,0.13129714057150246,0.33864772116374936,0.1645464345178006,0.29610385277738366,0.4320021478035522,-0.3341286580131423,0.5050845664270892,0.9292377663091272,-0.008298051435598591,0.7008582629345524,-0.1972130004936369,0.020764205223788544
0.5146904423047406,0.23993414284464304,0.1772369559170006,0.2714158536159155,0.42665724084306034,0.37043702648781895,0.3857420812720257,0.3253718935183179,0.20881984839998444,0.3865687804788336,0.38697124804299543,0.41325275619819396,0.3898991462945604,0.3705524974908303,0.3170703036274388,0.3584938048532323,0.3808159201753318,0.3789239883866949,0.14052152857914005,0.3344663167077495,0.31788330298558315,0.4521430598847676,0.5774485068223292,0.622496537456537,0.4614141983066573,0.24654987914709242,0.36403355009248256,0.32963752047923134,0.37557136523771467,0.5563746130935516,0.3100499416240648,0.37748651352656587,0.5461647883293651,0.4002911934577701,0.457316562758688,0.3896401524856033,0.48863701901139767,0.21145839270478772,0.4471972949597265,0.1962135801189124,0.44276113160079594,0.3159654793692183,0.32453774077025205,0.3163161339074761,0.27774269776556143,0.37616063382528286,0.5171653080330602,0.04867271252785544,0.306266807489955,-0.13912969664216446,0.013082787655949482
0.8136638768193502,0.49538172818780135,0.3325878707084287,0.4152799078976767,0.6136515474627775,0.5155818909711009,0.41603482260302466,0.5931451657809174,0.1790870091862093,0.546263550947691,0.5365765983939923,0.5616784184553154,0.510872568598724,0.4228304557990258,0.47082264855996503,0.4674651124234674,0.48689144791915967,0.6366115854186656,0.16399489124925426,0.40104475660337613,0.38028286578312903,0.43897142647159415,0.8561038380546009,0.4614141983066573,1.7570174712195439,0.3408718127028329,0.49085026116275204,0.26004316639935915,0.8359547558824437,0.6607864034058161,0.26346122932586163,0.4213288840978167,0.3741426987554042,0.6158640277164126,0.5575483262930168,0.6111562455352324,0.5277214810255836,0.3626308415865008,0.6388885395769763,0.2047160836989346,0.48132785436191566,0.3679979832240083,0.4926573993207848,0.48479746783764055,0.547985678731709,0.623754589688401,0.7191111135302637,-0.026010324973742338,-0.4979046618375811,-0.16354913410129115,0.01264952033081656
0.48123443563660484,0.36141407327774855,0.1533313924937786,0.1843356731040858,0.5261764637045814,0.4376337744577941,0.43390567109276773,0.4758103379273138,0.30462963053076353,0.29328001412687754,0.46114520397245407,0.4801466013885905,0.41426190553294095,0.5357688782649598,0.38216065447752345,0.3107528335257295,0.31854199654789567,0.4247890828324683,-0.10808042667035278,0.6407031389466893,0.42384196401012963,0.22944236554077904,-0.03755915859209661,0.24654987914709242,0.3408718127028329,1.8424644355882671,0.23437558253149451,0.3278857002451188,-0.21402126131428292,-0.10574098785220522,0.6266301683839306,0.5695028031732168,0.22342159766075873,0.5255039220869472,0.5556217498515645,0.23349218412987818,0.0770526031477733,0.42248063662303453,-0.42811192523838143,0.4323298670357553,0.2140935974066959,0.47495776189704286,0.8435942547593782,-0.05552933221013629,0.6329856553665264,0.2935030038503668,0.2127375862906973,0.0733000133464414,-0.12376325042470494,-0.049799327257525686,0.026804373067068545
0.6599457112485566,0.4778437957447205,0.26555286790511917,0.3154595536571912,0.48585856484233453,0.4795766210503946,0.38278460156755817,0.5252977227910185,0.21909940265710326,0.5079862973790406,0.4989197859176144,0.3715893830690388,0.4725066779686721,0.32127065259802057,0.3621129309483369,0.36304924170512337,0.48134272011275436,0.15158617917795142,0.1644428318517232,0.6543107031995672,0.3206456871174766,0.5545305034926629,0.23695768510484877,0.36403355009248256,0.49085026116275204,0.23437558253149451,2.2537408096186087,0.5852013603956034,0.2732751678532124,0.595985646235358,0.33363025284496167,0.34898262420072873,0.4201416330327103,0.49982423497898565,0.45721882290871635,0.5989438387296473,0.70648040970683,0.2675234460320114,0.6456997507411142,0.3902683718166582,0.700370808982458,0.39786044123252523,0.8489941597928509,0.2962466326257627,-0.0077454168560783365,0.5535619172054713,0.38708991945141913,0.15776147592031248,1.5754681834578974,0.030967503753105533,0.007103209632102402
0.40338740155461084,0.255929507913081,0.2564646914010807,0.11220862299736965,0.23589719565723993,0.3713280925235046,0.292901491899727,0.07042985562401376,0.3049643681977866,0.34523851026792957,0.36067950913493513,0.2150612663511403,0.28176907692086256,0.3009429376230405,0.4452443982616315,0.3191468951379027,0.7811869091885923,0.4154009052795307,0.0070841382520939146,0.5992668820269602,0.3262368221701211,0.09818827235607394,0.32359255649106033,0.32963752047923134,0.26004316639935915,0.3278857002451188,0.5852013603956034,2.9925277931188483,0.04119335669180924,0.18615960463416772,0.43535840459402175,0.2795201990152059,0.5777274734794524,0.3593207398130946,0.2899229805823307,0.23214424879463555,0.8552562337045678,-0.1223563410383431,0.23151016553542955,0.20440600146353605,0.9270590290855131,0.30730095549797776,0.3309151385551098,0.0387919488976995,0.23539146766426672,0.38127813814850137,0.355653530581739,0.2642570820895021,0.6789061747582045,0.18795609203579716,0.012252001692932682
0.3745123689773589,0.6476718017949833,0.2654196034661222,0.24017713260635465,0.654305504508473,0.6105585935181217,0.40702161894212374,0.4722476300854364,0.19524212354078924,0.6307454010606341,0.5479775271884836,0.46683870242957637,0.6041979007402669,0.3820247629480396,0.44138811358228597,0.4390269677122749,0.4206757767916668,0.5323444813842937,0.03905977593908289,0.5598937234049695,0.25428499791662357,0.5833922757781491,0.8327833469230802,0.37557136523771467,0.8359547558824437,-0.21402126131428292,0.2732751678532124,0.04119335669180924,3.232807999626951,0.3688146835075492,-0.12282855560796933,0.40920571505843206,0.11654257214325453,1.2401475762152119,0.21055785756052292,1.0734951780651352,-0.6950879393377043,-0.6526624704259456,0.933867886648462,0.2024478142264317,0.6092568779468691,0.13606961498109532,-0.04662552105005188,-0.25241327609568254,0.42538988583874926,0.6042545582245813,0.513801833673783,-0.2229832805677036,0.3871422718936995,-0.21311603099634632,0.0409817166034054
0.9637658806010068,0.3473533313162659,0.10707046735444324,0.3887216284065035,0.5003172226151161,0.42695304832036657,0.36111226334978946,0.4618908840204479,0.14257620992098946,0.5778128096742675,0.3880701981149142,0.3959088202330628,0.4309043588171629,0.36052696957668584,0.30998575891100594,0.39633928692159004,0.4011230541652669,0.41221473439124867,0.2698792536589113,0.5708705325766206,0.49816459516575423,0.5160431089466558,0.6006622354885115,0.5563746130935516,0.6607864034058161,-0.10574098785220522,0.595985646235358,0.18615960463416772,0.3688146835075492,2.697243369889662,0.4907537690928615,0.3415893667333225,0.34728663739292237,0.10893679445944206,0.911895291109627,0.5025480195645747,1.038199441842522,0.8859132148719467,1.0665883835546424,0.25681613239834095,1.0926807747611724,0.4463901956464921,1.3056879005915139,1.1035385822944608,0.8502112785001416,0.39609265170537533,1.464783355208074,0.20150829299357767,0.46681522772509826,-0.12853898834244634,0.004760070884794577
0.4939005569051687,0.3047166430223186,0.25112948413047964,0.2437050896119352,0.3501529152733691,0.3486153965378677,0.364468334248623,0.35831936150984417,0.1881216960435597,0.3124877724222182,0.33894379540548664,0.3565797660725091,0.33501059855394283,0.38174751418258634,0.2944357489723805,0.3256918743231012,0.33614464844102604,0.46781900143828575,0.22863192145003455,0.4494896669572864,0.49794443821532497,0.2985988216408952,-0.5773193359699538,0.3100499416240648,0.26346122932586163,0.6266301683839306,0.33363025284496167,0.43535840459402175,-0.12282855560796933,0.4907537690928615,1.9243891804862168,0.4027286263880725,0.5009412657580851,0.35730938493558884,0.5831068879168616,0.5508519636458226,0.5782178673974038,0.7793888300411949,-0.050862351132646144,0.22000223824740608,0.6508581388505037,0.47333154292862095,0.49647841250147273,0.38124312687761136,0.958758083485804,0.46008747690641894,0.5480968032051109,0.0481332484084512,-1.0123136053210915,-0.0402233394202635,0.012485042589104125
0.62453712098145,0.2666275382014585,0.1817754144590505,0.328271028457857,0.5461735372149372,0.4550562290378905,0.49210851155036606,0.3939019597020931,0.26637141766292005,0.3913831630116305,0.45331058641246863,0.5084472796494205,0.5144888203872627,0.6012203279500375,0.33470527752446616,0.4418061678496957,0.3719528826036965,0.39407854236733947,0.13468783462174852,0.379900265856335,0.38096375588968295,0.6258973728367355,0.30297338792845346,0.37748651352656587,0.4213288840978167,0.5695028031732168,0.34898262420072873,0.2795201990152059,0.40920571505843206,0.3415893667333225,0.4027286263880725,0.6638253626364212,0.2851909245042057,0.4754689800566225,0.31683906131319817,0.4649357358059593,0.2926978321365755,0.42383353242480837,0.29454191341942354,0.25058276158682524,0.37831238853595744,0.36422981200576465,0.4332045987384412,0.27187849176504386,0.2786627512922298,0.42568657514529346,0.44062564773741286,-0.03332231389542386,0.14738682470787934,-0.08891445002748716,0.011920584750172507
0.6195091006977607,0.3265119167175604,0.24208366848648777,0.1801082876510058,0.23159704386593327,0.16860597563042795,0.3776490143866703,0.20589596305021804,0.2180353231700754,0.2920215698840295,0.2872691768455713,0.38091977249853953,0.2806969242055935,0.28844090876336176,0.2677282932483908,0.2512753016692153,0.39873687987893264,0.43890144449308066,0.0899119603155961,0.32335835043970074,0.30666647654716456,0.32543202680029104,0.5204561693947226,0.5461647883293651,0.3741426987554042,0.22342159766075873,0.4201416330327103,0.5777274734794524,0.11654257214325453,0.34728663739292237,0.5009412657580851,0.2851909245042057,1.847909787273458,-0.014531874269590008,0.3148063954382407,0.1622054705665444,0.6855935884875676,-0.025842821913835818,0.15974575521962386,0.0872726599419479,0.33587497830569435,0.32657691684063045,0.01908663252565984,0.25129660742243376,0.38873222617618863,0.2667937017278017,0.4693931252550075,0.1472229888933759,0.12740764105229782,-0.1824894626992783,0.011805820531743033
-0.5025049202423534,0.3173117462256874,0.06790418090754304,0.3713774693492081,0.6774576944823646,0.5608343038103647,0.524682683255487,0.46498104222321684,0.13685031297982203,0.6373910223328869,0.555993811973613,0.49677358204785194,0.5556076158053085,0.4558842971461292,0.420223392332369,0.45540174030704766,0.4769031960764721,0.4512877921404631,0.1368221109066748,0.5991088495930943,0.4173272267610953,0.39693929186975674,0.41751732903204386,0.4002911934577701,0.6158640277164126,0.5255039220869472,0.49982423497898565,0.3593207398130946,1.2401475762152119,0.10893679445944206,0.35730938493558884,0.4754689800566225,-0.014531874269590008,2.5058381354186334,0.41236814278771294,0.5450603484018264,0.4305072361898603,-0.21440231054240821,0.45071955408354625,0.2794405554123992,0.7412575874744003,0.4250060227768072,0.5830653898333442,0.20033061530729268,0.9324134830624214,0.5032678425084408,0.4045826149985145,0.014244315983277214,-0.039768915905763286,-0.10324589816938783,-0.009277634287201297
0.3821814096341517,0.2514053896191596,0.15005215618297146,-0.10358467894853855,0.09346966763047714,0.15767312894887323,0.3283985180076417,0.5309490321232703,0.12634222285645103,0.3941767852007476,0.4388121277994774,0.45664790606450617,0.374452225484812,0.3218968092574717,0.3686436347269561,0.4563901024335991,0.4105930313013039,0.40929708500477174,0.1043399258085892,0.4505294354928557,0.43673481255352664,0.24863173838730235,0.3125984140977619,0.457316562758688,0.5575483262930168,0.5556217498515645,0.45721882290871635,0.2899229805823307,0.21055785756052292,0.911895291109627,0.5831068879168616,0.31683906131319817,0.3148063954382407,0.41236814278771294,2.6613097604349227,0.16080000416743684,0.5392688867828674,0.012829510491823777,0.3813309266445315,0.48750267454744034,0.32367421044920885,0.5038751578771867,0.6034915919208209,0.1343843170855064,1.1066995758718619,0.37605617608314273,0.6724721146299723,0.07781997879282002,-0.3539487535339258,-0.1886293554525157,0.08075787856931624
0.7268967008368857,0.3582422454072001,0.4064533119073681,0.30883056484087107,0.5073097521583462,0.4295437679991418,0.5445112009621903,0.44569444409662207,0.25147015762398695,0.5619929488734514,0.4787402491133675,0.5012377991212366,0.5129068290363488,0.43603525590015163,0.37325180150662585,0.40995765072050927,0.4533476947911025,0.39564716579380427,0.26749964983422736,0.26588668739511356,0.48905304475641376,0.7912500574913973,0.3724009309501013,0.3896401524856033,0.6111562455352324,0.23349218412987818,0.5989438387296473,0.23214424879463555,1.0734951780651352,0.5025480195645747,0.5508519636458226,0.4649357358059593,0.1622054705665444,0.5450603484018264,0.16080000416743684,2.682041039955888,-0.15518059930056025,0.35193489463051936,0.7353639365993406,0.3424829512067092,0.8639101502546699,0.467666846003081,0.09673598328016648,0.09999322587950005,0.20377540803792227,0.9447494262392958,0.39296726415160405,-0.45775822530757415,-0.903401877655901,-0.13442811369556015,0.007381892872194924
0.8759127895847122,0.8418229515562317,0.38665426722963137,0.40038628218265276,0.6169644711887535,0.5578123392924096,0.41572273654688074,0.4517805762475575,0.1693848832346453,0.5154258244073887,0.4644490764324711,0.4952426127159439,0.4105747653507345,0.366188417380059,0.39006954811852895,0.42622780470164395,0.6784689636681457,0.7201157262789504,0.25663634238180316,0.8167495216393571,0.5005335123102324,0.4181860130663143,0.626202981059765,0.48863701901139767,0.5277214810255836,0.0770526031477733,0.70648040970683,0.8552562337045678,-0.6950879393377043,1.038199441842522,0.5782178673974038,0.2926978321365755,0.6855935884875676,0.4305072361898603,0.5392688867828674,-0.15518059930056025,3.2400493455662986,1.078483012999026,0.6630083750884144,0.2485632159028599,0.8194307960596596,0.6086325548290193,0.9719372042570278,0.8211832786369494,0.6704055363774246,0.8639062722208296,1.0031903600876035,0.41353178106517263,0.42516471035520514,-0.08366384599396594,-0.0011847943885084213
1.005273657024087,0.4481529307622431,0.4729139017131029,0.5298272728484079,0.6067105977850926,0.5576439813227521,0.2918303166259306,0.4084130572882314,0.1265892187307324,0.33443559079651614,0.2782433965308264,0.3193739667744528,0.3876161002923887,0.42645945793578943,0.09815547959841146,0.25829981795149204,0.22542096183985447,0.28880310933967646,0.3904321092246785,0.3590637933626879,0.40151196905832454,0.7655644581203253,-0.2772202950224317,0.21145839270478772,0.3626308415865008,0.42248063662303453,0.2675234460320114,-0.1223563410383431,-0.6526624704259456,0.8859132148719467,0.7793888300411949,0.42383353242480837,-0.025842821913835818,-0.21440231054240821,0.012829510491823777,0.35193489463051936,1.078483012999026,3.2158010143517703,0.08138951156662215,0.2348952157474669,0.29395017838139087,0.4641310364073746,1.1065292967061695,1.083923349093205,-0.14310430313329364,0.9044531496383744,0.7187182012131689,0.17192413628891862,0.01159034781426683,-0.026974046440412573,-0.08700180940195004
0.9141238773628678,0.3073046089020167,0.29198492709031854,0.6071509770652433,0.6401903477138693,0.561564755767977,0.48645457077294857,0.6620690345593898,0.23540295806746905,0.6943610683259943,0.5444491963404097,0.5378626271555349,0.5505605743693793,0.3132783303858786,0.3596329571588257,0.397823806522066,0.5146940981089005,0.46605630028096734,0.3616078736176429,0.4286990495612353,0.4392150506861287,0.8024937529909463,1.013797751375966,0.4471972949597265,0.6388885395769763,-0.42811192523838143,0.6456997507411142,0.23151016553542955,0.933867886648462,1.0665883835546424,-0.050862351132646144,0.29454191341942354,0.15974575521962386,0.45071955408354625,0.3813309266445315,0.7353639365993406,0.6630083750884144,0.08138951156662215,3.1915425040391123,0.3326454721401224,0.8221974042121079,0.19607025595074457,0.1578863388678367,1.1642108279755952,0.496138585182992,0.13765484636479614,0.79315627415671,0.028129889927306466,1.9491842204574121,-0.1712009790375688,-0.008315554713620305
0.35318099054763585,0.1528117256602742,-0.12320737773059695,0.05359297390650317,0.36572079520469314,0.2835682101075461,0.2381209975649652,0.264991872920969,0.1182151078672719,0.24276859228721384,0.2898247979077523,0.28093585665171494,0.2575741302614134,0.25416878197269555,0.21529139767730784,0.2842626163539163,0.2703867865893476,0.23610346367271823,0.06604671870580998,0.38841462248642433,0.305886611063538,0.20277852726316403,0.13129714057150246,0.1962135801189124,0.2047160836989346,0.4323298670357553,0.3902683718166582,0.20440600146353605,0.2024478142264317,0.25681613239834095,0.22000223824740608,0.25058276158682524,0.0872726599419479,0.2794405554123992,0.48750267454744034,0.3424829512067092,0.2485632159028599,0.2348952157474669,0.3326454721401224,1.4158531782551524,0.08251242652085218,0.39472855331887985,0.7234731691138793,-0.18370780266361972,0.6642735802213541,0.4677876751485923,0.2873932834287956,0.0398974015520733,0.35151842249540793,-0.024652418915892083,0.006333177422518513
