4.503965921130405,1.2750426254710645,1.069821216492859,0.43753936393719706,0.45492178223154,0.5013228163691523,0.36748737213926497,0.5366274842544768,0.2953683881691821,0.29315675968285937,0.2954354687629872,0.3252927230316402,0.15727950331098994,0.15818678419151963,0.4443151257868942,-0.008164384011868222,0.13950619727541833,0.33758180310768815,0.42599536462311416,0.07955022608008444,0.3571539607660149,0.11315701528876335,-0.1868020226967398,-0.23520868824763477,0.4001497514580119,0.2989758536442311,0.15532989934352012,0.11246582691908813,0.15692743277850826,0.10425680025892949,0.6422710911262521,0.15306978420815726,0.1503774100528988,-0.9437854949486751,0.06504963687343938,0.15655515460388045,0.07538360425520524,0.2520519687437824,0.31418419032735334,0.19941820771124777,0.3602464292710719,-0.0456252732337066,-0.11711553930061391,0.10713580649956907,0.1658955156469658,0.41563509053702413,0.1333438792437553,0.08374826868359818,-0.23195888203368625,-0.24388783443800505,0.0019692905116219443
1.2750426254710645,3.5857222758520755,2.0164307643984554,0.1652578654002599,0.009394828431354241,0.36333406902783705,0.4236217041240361,0.5324232764437854,0.44975771564752554,0.5909923988263565,0.3750261282503475,0.41389411931803827,0.20814910127669364,0.192780155329185,0.7858966957236541,0.12833033876645758,0.36428738716971154,0.688741690921698,0.30635401433752135,0.8442019398994229,0.5420592222867717,0.22653542132234702,0.013265163345224436,0.3430487970634656,0.5388387195789849,0.5047997077117908,0.3976108661849729,0.37439810774137494,0.7659431954586576,0.642105412864462,0.3924916333096521,0.3056539426496867,0.4087685263576889,0.2534518551214379,0.30628081717591854,0.5101124477320074,1.1667212995623857,0.44775046273602237,0.4194543141459117,0.360747950224043,0.811890126269088,0.4735135213461802,0.33626557248901506,0.05944811711760046,0.2540507186919041,0.8507826325123656,0.6850439977429321,0.3572138920829972,0.5594339848636823,-0.056140670886441875,-0.04212840696330251
1.069821216492859,2.0164307643984554,4.007873026735918,0.0721860214097806,-0.3989658806011218,0.5482762150276079,0.41121808325375947,0.6453678177029093,0.7045254508014842,0.7674356186141821,0.4132985785775271,0.41156784314975847,0.2221748229264314,0.22354164402682486,0.7061635278471184,0.13815459255628124,0.48921828999394806,0.5491510158398146,0.3296285265473948,0.6867564672806777,0.49466367493682756,0.3713784291593886,0.2901596811921217,0.4001145788326208,0.5416092176826905,0.4695275387672545,0.36756006268584207,0.3496572225473199,0.795390771025756,0.7046534295012856,0.3417406875346288,0.3254683232530486,0.3053555605570974,0.4592450694454497,0.42192554027445256,0.6924065972602095,0.7959348438312227,0.340648001861361,0.5997458685680843,0.3978518275524387,0.7255026584650985,0.5202254665973146,0.38065341381615975,0.14149098123566045,0.21203858072036988,0.7707386663837873,0.6387125938608437,0.21810194586936474,0.5786362959574544,-0.06227374539159894,-0.03722980984461798
0.43753936393719706,0.1652578654002599,0.0721860214097806,1.2037873691928536,0.6739407686486133,0.35114249456591967,0.27445363608164897,0.2949909747781965,0.1062740155061134,0.19749969178063911,0.21477422680055264,0.2851852660084653,0.1357177459865807,0.23770893478969213,0.27376043989989646,0.27449887423863517,0.14045647938899028,0.25764083777532,0.29229201249650916,0.2046689202773561,0.2005259021007485,0.1881661275079352,0.2517522275533375,0.19539155376723233,0.28967111341434265,0.13372845016113472,0.1765137354039011,0.07786884913104472,0.2312063958200105,0.1913608482545841,0.18889357536943369,0.22656969707441427,0.13760804759948977,0.2503185703791186,0.07471072593737965,0.24798827088550943,0.24210851995209404,0.17255655333269357,0.3160857417756563,0.09781058394330638,0.2871190702429406,0.1473233677368833,0.16761835840039804,0.29487527476463893,0.03880605590853627,0.2969738522364846,0.22359627798759374,0.06439222545156333,0.059578676122725355,-0.03422519308238776,-0.05376279752035629
0.45492178223154,0.009394828431354241,-0.3989658806011218,0.6739407686486133,1.4919170594510793,0.42750963483928583,0.28853894280588477,0.3499415633716562,0.0978199090839828,0.20239751435439152,0.2417687061003333,0.32347263551646305,0.15986711485562463,0.2815809788122824,0.32006792776134535,0.33833780396609137,0.14601292587914982,0.2705571060554649,0.509201123711572,0.17330361384955825,0.20805392322821728,0.21962437943158025,0.2215361415253971,0.18879739207588356,0.2927329039145008,0.1761440997033581,0.18380119443027298,0.060520938487860734,0.2680582055727209,0.07647713488765989,0.13169307336596386,0.2567333602054281,0.10873267191666301,0.328607760623445,0.031181328992212067,0.26313659916495136,0.21177668312892145,0.13178993776118134,0.28479781481750926,0.09115026684547167,0.2184553762436326,0.16252688389295555,0.16728412772683784,0.17819773402044561,0.028138800154078686,0.292706878848764,0.1951890100857968,0.05345112413533521,0.07889636415806242,-0.03691670736045248,-0.011124334322856758
0.5013228163691523,0.36333406902783705,0.5482762150276079,0.35114249456591967,0.42750963483928583,0.8897517317974082,0.33468210548670346,0.47237765989180225,0.31490653592229007,0.2415541331533926,0.32767255418344043,0.36979764714512037,0.17685142040520355,0.26615008029278275,0.37874598080138533,0.22323901511062402,0.26724742126325507,0.34510928881849123,0.40137489400648635,0.32564490315581335,0.2622844438644761,0.2627160225585436,0.23171515857527084,0.21461587205591687,0.36909298426145626,0.3482451911525609,0.2299184441047725,0.11369804987520139,0.4282598082809997,0.16729459598103152,0.15428441939407792,0.277402912945267,0.06841851392152794,0.40994460159546586,0.15165211810250723,0.31753868012042297,0.2969689089853183,0.2039550173717186,0.3234029168464419,0.18475056373155993,0.2571960009096461,0.251946546112488,0.22115182868406938,0.15700670637179656,0.11151939284404104,0.3655008115987017,0.25833811135170937,0.09903591465945913,0.20658258565482818,-0.056526211764584985,0.017880167190080107
0.36748737213926497,0.4236217041240361,0.41121808325375947,0.27445363608164897,0.28853894280588477,0.33468210548670346,0.8279341762418526,0.24498085367333097,0.4115424135239109,0.26845369725262336,0.31183814391430165,0.4751913327375178,0.15927939376814923,0.2915237212989423,0.22849705386752533,0.31225860036492936,0.22103524603818073,0.4175270014612616,0.25600810056742657,0.2941963248016677,0.26493471860127854,0.3394165556221477,0.3321180450638441,0.25193524463505695,0.32803838125429524,0.33804102772345607,0.2558729172816399,0.12455055413058484,0.3962255111872099,0.23447723698811798,0.17526619648212394,0.3054339549581136,0.1271572430085548,0.4248697590012686,0.14326168989851676,0.35819324448362694,0.351849452021442,0.20804826236100188,0.33726587528957713,0.19142711339995075,0.2912071007159276,0.2522550419401056,0.2703781737146794,0.1895162810250482,0.05909566575171809,0.37333785866671837,0.33661269541383837,0.08551066147080105,0.43256454606863237,-0.04349526579544615,0.009788505306743136
0.5366274842544768,0.5324232764437854,0.6453678177029093,0.2949909747781965,0.3499415633716562,0.47237765989180225,0.24498085367333097,1.1466160397966503,0.16284422031550488,0.37535129204385675,0.33744722659413073,0.23635233914642428,0.18211693042810767,0.32216774920874536,0.41164337425670433,0.32151001918894206,0.401621398597135,0.4384975292815639,0.2798902685750781,0.4365790859465332,0.30461111568890165,0.2501622512986257,0.29886769767266347,0.23916646004665906,0.41197384987223035,0.43292040110722996,0.2844838491073009,0.10173668844254008,0.512654212893292,0.3535158854366375,0.15191777564295647,0.2902059339966305,0.058771297800677365,0.4351978366383915,0.18774634154386685,0.35249722029688024,0.38916310413537597,0.24532942578029548,0.44923265118909367,0.24819013615407046,0.3724765550122342,0.3140675400685739,0.3328931907097706,0.17761426466968336,0.13010222185646794,0.4157517625437987,0.41627135894714895,0.16337630358257058,0.4500048156598192,0.0010650904062299502,-0.0026709052143195715
0.2953683881691821,0.44975771564752554,0.7045254508014842,0.1062740155061134,0.0978199090839828,0.31490653592229007,0.4115424135239109,0.16284422031550488,0.9138297203850086,0.20462710450650315,0.19615366029785125,0.24071505590990172,0.14090685042066067,0.22479436070232234,0.10143070710589527,0.13939582972088588,0.21991228346971295,0.2884269597509583,0.23077060920534836,0.22504688878237006,0.23928612100492325,0.44619553454899696,0.26544892292100186,0.23137559813789893,0.15336537899574282,0.3556449480965224,0.17463831740083438,0.17092633516935343,0.26383582044952014,0.23943082601988563,0.16692620821350743,0.24665617827572311,0.18840727033931232,0.31373395235226437,0.16782204488181504,0.26870850961153697,0.27286244581312596,0.17879857097528984,0.3002369257184111,0.16153631129156276,0.2121562014823393,0.2120416565206874,0.25936605240721433,0.17711507434923462,0.055063538594130955,0.2618860730931394,0.25288752390362707,0.022824687611293838,0.6070533955487083,-0.031928146706061616,0.01276216946539751
0.29315675968285937,0.5909923988263565,0.7674356186141821,0.19749969178063911,0.20239751435439152,0.2415541331533926,0.26845369725262336,0.37535129204385675,0.20462710450650315,1.0432438233076202,0.25103948218928174,0.2537946597315279,0.13864880710308666,0.16911544517748123,0.3880385382719214,0.2676029257518227,0.2783208806632732,0.4146791106201181,0.25446423543502183,0.22269761165621074,0.2326697955258899,0.23329096445332212,0.37557821513749534,0.26384635896764186,0.3173625943654234,0.1288576835596658,0.22728015162444812,0.1393763656677697,0.5024580652613775,0.4542466601503871,0.024462190818733753,0.20643197136717306,0.09545063405090821,0.4152293215988375,0.19997608406742448,0.40674597371399074,0.38586033192058866,0.13710924491553417,0.45346155573629604,0.2201369369414237,0.44889078258754556,0.22398047094009235,0.2569755877494566,0.21046786512817484,-0.0011775707847751047,0.40976646769812614,0.4905730120387649,0.11037843295545668,0.3827615204633977,-0.015687011704632447,-0.027740958657310775
0.2954354687629872,0.3750261282503475,0.4132985785775271,0.21477422680055264,0.2417687061003333,0.32767255418344043,0.31183814391430165,0.33744722659413073,0.19615366029785125,0.25103948218928174,0.5549742749364072,0.3953997823361003,0.17844691702783733,0.25781606352586345,0.3251172399090753,0.22901052770109723,0.37312924756834953,0.32215086640995555,0.20629187802147503,0.39911561804335227,0.2609523968452826,0.20637390139132716,0.16924591170749587,0.23483104632621551,0.30960252732046645,0.34076976870147146,0.25593214029282535,0.19313113556412392,0.3781372205476825,0.17959560881700493,0.22713079546333187,0.26193620151378094,0.15533215120711485,0.36483064851987584,0.21458397173728563,0.3267709300508453,0.37862116527641726,0.22597778697453377,0.28955191068181496,0.2040995272195934,0.2956147283180187,0.28805086623917087,0.2120051445268082,0.09444797679716334,0.10967308695988352,0.4102332563446879,0.294212839507796,0.13695417840971422,0.24883594066580422,-0.049831308368531314,0.012547283308697843
0.3252927230316402,0.41389411931803827,0.41156784314975847,0.2851852660084653,0.32347263551646305,0.36979764714512037,0.4751913327375178,0.23635233914642428,0.24071505590990172,0.2537946597315279,0.3953997823361003,0.8538079364012385,0.15667335157070067,0.3669711253919176,0.3470045722875402,0.32227538088380164,0.31041602005101604,0.4563051444764111,0.27051586132508854,0.37012685158294,0.2784672288893819,0.2682563920865582,0.2872366846870119,0.26886710417112947,0.4098511565275151,0.3880632756629935,0.3412909249977752,0.11419746046684796,0.427595789971592,0.12499083740117117,0.23618188009941993,0.3658039376062539,0.16948163305397712,0.44544496860859,0.0870057185412916,0.4423551885098072,0.4194284067237335,0.23756921146566262,0.28962825564166933,0.19600104660993353,0.32254446671349796,0.30348931521919037,0.236952901835209,0.0867595317649273,0.05406439983183687,0.49349724704648623,0.33205235072851325,0.13151705285269175,0.33726023374545444,-0.09246772742886133,0.018999199282418527
0.15727950331098994,0.20814910127669364,0.2221748229264314,0.1357177459865807,0.15986711485562463,0.17685142040520355,0.15927939376814923,0.18211693042810767,0.14090685042066067,0.13864880710308666,0.17844691702783733,0.15667335157070067,0.27313297116557433,0.1683075063317016,0.11345318574418241,0.15077619827721772,0.1319526640213725,0.15005045668171216,0.15404770478138052,0.15608597122268178,0.12369706128904552,0.1602654056849929,0.06939888248871452,0.1489261072634406,0.14721589536899146,0.1444709052254927,0.14768947371337615,0.10283827058817478,0.21379654040333507,0.15971510303648584,0.03200128368425942,0.16342521770671412,0.0770815958389637,0.1814899343008574,0.1337919643346488,0.1391124171025085,0.15945437206427213,0.09226813884534528,0.17293343491554927,0.1006888539949828,0.1432318222275553,0.12803414603259428,0.13602214435917984,0.08584199623528735,0.01615892430509373,0.18719018633887638,0.1577125020385509,0.04750812187226311,0.24117098886933247,-0.009799514549771488,0.001017958532369096
0.15818678419151963,0.192780155329185,0.22354164402682486,0.23770893478969213,0.2815809788122824,0.26615008029278275,0.2915237212989423,0.32216774920874536,0.22479436070232234,0.16911544517748123,0.25781606352586345,0.3669711253919176,0.1683075063317016,0.8740615639580007,0.21728068364930062,0.35831776708617336,0.2834547696395694,0.15864247896319889,0.2152446290426429,0.37237724631925795,0.24673431486562017,0.29195126476621874,0.20245126591536744,0.3240150928784501,0.305059870441465,0.3414163682677686,0.25673207319022706,0.20631308896181486,0.322608589260933,0.3258557570198015,0.23126450275088353,0.42464482212584803,0.17835846288068533,0.3567927156703831,0.22596959599179087,0.35329066541094084,0.3652421140213437,0.25799661220361636,0.23058555684025062,0.1581757137271908,0.3620848967578332,0.28607872687933017,0.27648592842261355,0.15773676845166454,0.0413728619826104,0.3910202413372949,0.26778313022444594,0.1524140625195796,0.6138154303116856,-0.026530518849651786,-0.0026176506490737605
0.4443151257868942,0.7858966957236541,0.7061635278471184,0.27376043989989646,0.32006792776134535,0.37874598080138533,0.22849705386752533,0.41164337425670433,0.10143070710589527,0.3880385382719214,0.3251172399090753,0.3470045722875402,0.11345318574418241,0.21728068364930062,1.5139865294953685,0.012850643077421644,0.28630278104858686,0.36851268255319647,0.22537797763817005,0.6015610066697562,0.39910251708706324,0.021913584856936924,0.3622774176234665,0.3498878041464793,0.4323100713520048,0.20280078403960597,0.24248035058867431,0.29032243340308794,0.4828107339261905,0.6157250340981415,0.2224161244224784,0.1985941259367437,0.28694713838684066,0.38247775486837493,0.21755986937175473,0.46278403281969455,0.6598826305921893,0.31125764848732124,0.4164708757855868,0.26743187834601523,0.6728396935526749,0.3365763149297326,0.35773664120457654,0.22657889906157122,0.12719923227585844,0.5833472946417027,0.5135324891031645,0.4348467826480784,0.413265213091461,0.024211633774142507,-0.0015461364184065948
-0.008164384011868222,0.12833033876645758,0.13815459255628124,0.27449887423863517,0.33833780396609137,0.22323901511062402,0.31225860036492936,0.32151001918894206,0.13939582972088588,0.2676029257518227,0.22901052770109723,0.32227538088380164,0.15077619827721772,0.35831776708617336,0.012850643077421644,1.532194911331835,0.3209773380550075,0.40698115210774016,0.24704804562576294,0.2365163501680388,0.2181841123828758,0.7298256640359615,0.5753327028636601,0.3707188223282262,0.4089656163785345,0.08170629278428382,0.4136489219518404,0.17405194952854308,0.5764370534018507,0.5074394842895846,0.06851331837912464,0.4587153652229686,0.00839822990601465,0.5821076101357964,0.3556783864173961,0.5017775221407943,0.361302491254236,0.25313939967451227,0.4657925446279028,0.23511500999648496,0.4123394735859351,0.3968315393703348,0.4325850086390095,0.41363695841413983,0.10636546228975376,0.42003960289945724,0.46165551801412397,-0.12301907587147139,0.44262143068688403,-0.03060550265794592,-0.00688152658707629
0.13950619727541833,0.36428738716971154,0.48921828999394806,0.14045647938899028,0.14601292587914982,0.26724742126325507,0.22103524603818073,0.401621398597135,0.21991228346971295,0.2783208806632732,0.37312924756834953,0.31041602005101604,0.1319526640213725,0.2834547696395694,0.28630278104858686,0.3209773380550075,1.1890511298321145,0.28534270743795964,0.1877999930642384,0.6085647750983734,0.3268343549480311,0.25144154795377793,0.1706214459120292,0.3466565180799177,0.4602799441233045,0.3754009474154426,0.3150265993611522,0.4753968319290904,0.392318853983953,0.2915812200387554,0.4712652182371609,0.27272836271673084,0.3950237000450219,0.44872182823775897,0.4307279354142636,0.4426942029860393,0.7454771618779434,0.3836088244360824,0.3120628073545299,0.2790627362858813,0.4503556478317539,0.5390071639634655,0.27265407998963537,0.17105927216769456,0.32183585084246263,0.5831805228136827,0.42288159180154905,0.24146220803669063,0.159488155579901,-0.0875642857507413,0.03388107014555029
0.33758180310768815,0.688741690921698,0.5491510158398146,0.25764083777532,0.2705571060554649,0.34510928881849123,0.4175270014612616,0.4384975292815639,0.2884269597509583,0.4146791106201181,0.32215086640995555,0.4563051444764111,0.15005045668171216,0.15864247896319889,0.36851268255319647,0.40698115210774016,0.28534270743795964,1.4707807983345347,0.22181998572928005,0.19979166947739294,0.3823494555917563,0.3299654892194434,0.5475350496610714,0.34178807355830887,0.4306403887516575,0.404838566309158,0.21634729444093662,0.17842535348630723,0.6767065610335047,0.29849587488423684,0.11543837149410127,0.282752197904927,0.12820126646702548,0.5399459204356879,0.19801609863987502,0.4944191179253879,0.6800805521049597,0.18834744736769185,0.30987055450884077,0.2480354341640453,0.4148330595138479,0.3458816244359752,0.42392340029000986,0.17276397544395386,0.20675008927472494,0.5073385172890106,0.7430551376872419,0.12449794151693365,0.24487022141123188,-0.05499204994328232,0.023195033166710826
0.42599536462311416,0.30635401433752135,0.3296285265473948,0.29229201249650916,0.509201123711572,0.40137489400648635,0.25600810056742657,0.2798902685750781,0.23077060920534836,0.25446423543502183,0.20629187802147503,0.27051586132508854,0.15404770478138052,0.2152446290426429,0.22537797763817005,0.24704804562576294,0.1877999930642384,0.22181998572928005,0.8784817110469069,0.20940423914141562,0.22977141185070177,0.24138362165449695,0.05838700988914999,0.22205201750970027,0.2520470546059659,0.1512983478768986,0.1762401318725169,0.1361047115535053,0.25949359643204517,0.22048299030840646,0.086125238676189,0.21975892756487853,0.21569443435732585,0.21178356725354391,0.058140455133938285,0.26709702562331256,0.297332727052015,0.14836707462663598,0.2930864344255841,0.11201381342325754,0.27826750081092333,0.179139354364717,0.17769790897082935,0.0784326782277866,0.061569299562235204,0.32645164694055584,0.2312575646923719,0.0890753891035084,0.1406746545862721,-0.06917064698573369,-0.005464019781378545
0.07955022608008444,0.8442019398994229,0.6867564672806777,0.2046689202773561,0.17330361384955825,0.32564490315581335,0.2941963248016677,0.4365790859465332,0.22504688878237006,0.22269761165621074,0.39911561804335227,0.37012685158294,0.15608597122268178,0.37237724631925795,0.6015610066697562,0.2365163501680388,0.6085647750983734,0.19979166947739294,0.20940423914141562,1.9037104659703024,0.321930832922214,0.18247593909773033,0.24045839174188796,0.4881447170580645,0.5361638688923447,0.4404972545811016,0.5159816076168585,0.41460250760773515,0.5886438910045139,0.7980623529193378,0.6365439360374158,0.34205922259233457,0.46858556609211227,0.6226914245421312,0.296336841147486,0.5149724918279872,1.3206609039886388,0.8779266587124522,0.39504454419042434,0.4503086555661067,1.0558174997656402,0.7180729861494854,0.4862712704316546,0.2327391883870355,0.13212693308613305,1.0205451663416187,0.6672094771845001,0.7913453830992853,1.0378139313169497,0.02536965737240002,-0.003323244527855415
0.3571539607660149,0.5420592222867717,0.49466367493682756,0.2005259021007485,0.20805392322821728,0.2622844438644761,0.26493471860127854,0.30461111568890165,0.23928612100492325,0.2326697955258899,0.2609523968452826,0.2784672288893819,0.12369706128904552,0.24673431486562017,0.39910251708706324,0.2181841123828758,0.3268343549480311,0.3823494555917563,0.22977141185070177,0.321930832922214,0.7558948057285947,0.23881501382205975,0.3137287106685616,0.2989574770920646,0.317177314594069,0.25895850539011595,0.20805919520466573,0.2941827225511377,0.2786206665046744,0.42776067837648024,0.4766190561695895,0.2815721270398326,0.34680405111714885,0.26371315599817563,0.1951565073087053,0.4914039324602453,0.5275543420912925,0.28372229761817297,0.3939090531099541,0.27668752193807,0.7068342286773899,0.3430743564974176,0.37950911595781117,0.24895130432510454,0.2447970960309109,0.581745656082928,0.43951389839232496,0.26383863335863894,0.27278118545286084,-0.002961438530163262,-0.00036496406158744913
0.11315701528876335,0.22653542132234702,0.3713784291593886,0.1881661275079352,0.21962437943158025,0.2627160225585436,0.3394165556221477,0.2501622512986257,0.44619553454899696,0.23329096445332212,0.20637390139132716,0.2682563920865582,0.1602654056849929,0.29195126476621874,0.021913584856936924,0.7298256640359615,0.25144154795377793,0.3299654892194434,0.24138362165449695,0.18247593909773033,0.23881501382205975,0.7914773116393776,0.4871331053270462,0.2962014463996414,0.28731160642775316,0.18850611409538917,0.2777897711141291,0.13214842257409762,0.4161491317592425,0.3638658906117961,0.12189341380115482,0.3612188151878557,0.10232240711342983,0.45034814086570457,0.18369909678777896,0.4216395730257887,0.2815726478247194,0.20265789051527228,0.39130530970747146,0.1766929500241225,0.2995987674645923,0.27747948339212175,0.37261050877805146,0.29879139664141097,0.04277791529942152,0.3473709971321898,0.34334304260230547,-0.18460901911793098,0.53198778728231,-0.035146124330652596,0.004510687795287259
-0.1868020226967398,0.013265163345224436,0.2901596811921217,0.2517522275533375,0.2215361415253971,0.23171515857527084,0.3321180450638441,0.29886769767266347,0.26544892292100186,0.37557821513749534,0.16924591170749587,0.2872366846870119,0.06939888248871452,0.20245126591536744,0.3622774176234665,0.5753327028636601,0.1706214459120292,0.5475350496610714,0.05838700988914999,0.24045839174188796,0.3137287106685616,0.4871331053270462,2.08762999413892,0.3266944250866734,0.5330432280236731,-0.12618431468740177,0.22530158629399272,-0.16885489380544189,0.7907940535281083,0.7687395112143275,0.2987947373841294,0.25332730752248633,0.0032782967636272482,0.7758792651970325,-0.23531585360774915,1.0799148445748714,0.42063663411648355,0.22662194422927215,0.7282579731332914,0.22308121706615675,0.7669689559799928,0.27726338275964246,0.583898376841268,0.7487315322574828,-0.27631650645278466,0.7222089587015806,0.6364537540657886,0.1901748164601657,0.4667072633776094,0.01733478424996283,-0.023495045847378965
-0.23520868824763477,0.3430487970634656,0.4001145788326208,0.19539155376723233,0.18879739207588356,0.21461587205591687,0.25193524463505695,0.23916646004665906,0.23137559813789893,0.26384635896764186,0.23483104632621551,0.26886710417112947,0.1489261072634406,0.3240150928784501,0.3498878041464793,0.3707188223282262,0.3466565180799177,0.34178807355830887,0.22205201750970027,0.4881447170580645,0.2989574770920646,0.2962014463996414,0.3266944250866734,1.0077484344886263,0.3081349285506465,0.12363905311821506,0.2824135761509024,0.39293783285572476,0.3417029765640092,0.8754058889302927,-0.08523150400269573,0.3443637732086343,0.7266807461749246,0.37286696653248813,0.18430592529546228,0.4197963840646122,0.716617581382278,0.3065372564403233,0.4159074424940226,0.2517606807690641,0.5961396193060453,0.37618921087394963,0.4089757649269705,0.25060110880657926,-0.001834438511417955,0.49665486180289753,0.5546863376272757,0.33698064242297965,1.005320394261932,-0.02083454555167604,-0.009176205366989288
0.4001497514580119,0.5388387195789849,0.5416092176826905,0.28967111341434265,0.2927329039145008,0.36909298426145626,0.32803838125429524,0.41197384987223035,0.15336537899574282,0.3173625943654234,0.30960252732046645,0.4098511565275151,0.14721589536899146,0.305059870441465,0.4323100713520048,0.4089656163785345,0.4602799441233045,0.4306403887516575,0.2520470546059659,0.5361638688923447,0.317177314594069,0.28731160642775316,0.5330432280236731,0.3081349285506465,1.4992055563561,0.2864645181444848,0.3416213153193212,0.20261886451336183,0.7062983741806793,0.42364462066748443,0.5046586667691957,0.3188846292922206,0.11575015174312442,0.6371708389842332,0.2992777794580966,0.6970302969926913,0.5412436393961721,0.3586457049801277,0.42696864215143515,0.21723585143594137,0.4984596480708433,0.38996512183333537,0.35325379366882115,0.2675385862173224,0.21213434228868047,0.8079156465448132,0.4738962140412482,0.05760161533473088,-0.30099633845953544,-0.054309459837609875,-0.014784495996849343
0.2989758536442311,0.5047997077117908,0.4695275387672545,0.13372845016113472,0.1761440997033581,0.3482451911525609,0.33804102772345607,0.43292040110722996,0.3556449480965224,0.1288576835596658,0.34076976870147146,0.3880632756629935,0.1444709052254927,0.3414163682677686,0.20280078403960597,0.08170629278428382,0.3754009474154426,0.404838566309158,0.1512983478768986,0.4404972545811016,0.25895850539011595,0.18850611409538917,-0.12618431468740177,0.12363905311821506,0.2864645181444848,1.4657237432456156,0.21556059655959567,0.3167868996145318,0.15331899968092372,-0.1479833810190217,0.487617910457469,0.3661393587804835,0.10110822333961633,0.3592823664004422,0.5022360736851132,0.24658546997673358,0.036949107149914395,0.2840703897151838,-0.40023198250782016,0.23602400997741504,-0.1152679415682459,0.4430530839956323,0.23005895705230556,-0.10797537926128016,0.4642997494668731,0.23475162321514237,0.1064596098127241,0.06397532618548096,-0.08511376809201801,-0.03447396535028645,0.05935170652266888
0.15532989934352012,0.3976108661849729,0.36756006268584207,0.1765137354039011,0.18380119443027298,0.2299184441047725,0.2558729172816399,0.2844838491073009,0.17463831740083438,0.22728015162444812,0.25593214029282535,0.3412909249977752,0.14768947371337615,0.25673207319022706,0.24248035058867431,0.4136489219518404,0.3150265993611522,0.21634729444093662,0.1762401318725169,0.5159816076168585,0.20805919520466573,0.2777897711141291,0.22530158629399272,0.2824135761509024,0.3416213153193212,0.21556059655959567,0.7204100015451302,0.2453815909084084,0.3046778092520013,0.30359359797628643,0.2939126711307473,0.3034304945212086,0.22112264473323373,0.3867396734328035,0.2610177960545421,0.3913098918482541,0.517049976876316,0.2978765839546649,0.29012034478996235,0.23938864199180507,0.43626694952436695,0.33280670374633076,0.2931032312411831,0.15903725008382658,0.02970413023220743,0.5639761129878345,0.3171797949500818,0.20052038391416716,0.4391553112595216,-0.01088928891254126,0.0014341447135062745
0.11246582691908813,0.37439810774137494,0.3496572225473199,0.07786884913104472,0.060520938487860734,0.11369804987520139,0.12455055413058484,0.10173668844254008,0.17092633516935343,0.1393763656677697,0.19313113556412392,0.11419746046684796,0.10283827058817478,0.20631308896181486,0.29032243340308794,0.17405194952854308,0.4753968319290904,0.17842535348630723,0.1361047115535053,0.41460250760773515,0.2941827225511377,0.13214842257409762,-0.16885489380544189,0.39293783285572476,0.20261886451336183,0.3167868996145318,0.2453815909084084,1.0913455811977422,-0.10388401385083885,0.48364865539982754,0.476064961650468,0.1753048893149567,0.6601100865038261,0.09421541273726249,0.9913222173256677,0.24949551615081103,0.6197794465541409,0.3443901611042944,0.14201057847212717,0.3172740292826213,0.4038170598447635,0.36909132647005277,0.23327607511279091,0.3599073062225733,0.46001303241332586,0.37711059059022556,0.3078923296407107,0.3012327545782142,-0.04316146652146965,0.00023720338250307981,0.022413733454954683
0.15692743277850826,0.7659431954586576,0.795390771025756,0.2312063958200105,0.2680582055727209,0.4282598082809997,0.3962255111872099,0.512654212893292,0.26383582044952014,0.5024580652613775,0.3781372205476825,0.427595789971592,0.21379654040333507,0.322608589260933,0.4828107339261905,0.5764370534018507,0.392318853983953,0.6767065610335047,0.25949359643204517,0.5886438910045139,0.2786206665046744,0.4161491317592425,0.7907940535281083,0.3417029765640092,0.7062983741806793,0.15331899968092372,0.3046778092520013,-0.10388401385083885,2.6257536013136535,0.7731339696476054,-1.0087672028999644,0.374363189874095,-0.5509715513455921,1.1074192051274123,0.18101937328556184,0.9052596779262188,-0.05878564381682146,0.138620765288809,0.6803681799151441,0.38485507103688316,0.3866274655722293,0.35939014681997694,0.40062862994884807,0.03450510440232157,0.055864826965099826,0.4402096290125992,0.6990143604651815,-0.041396159833377424,1.2074133464809236,-0.10142994911422913,0.030543043294986697
0.10425680025892949,0.642105412864462,0.7046534295012856,0.1913608482545841,0.07647713488765989,0.16729459598103152,0.23447723698811798,0.3535158854366375,0.23943082601988563,0.4542466601503871,0.17959560881700493,0.12499083740117117,0.15971510303648584,0.3258557570198015,0.6157250340981415,0.5074394842895846,0.2915812200387554,0.29849587488423684,0.22048299030840646,0.7980623529193378,0.42776067837648024,0.3638658906117961,0.7687395112143275,0.8754058889302927,0.42364462066748443,-0.1479833810190217,0.30359359797628643,0.48364865539982754,0.7731339696476054,3.8265457369761586,-0.5054910944071259,0.30849382005225884,0.30540989812042224,0.19864758204618252,0.6651218180460557,0.7514830757368064,0.8782147903653079,0.510984663876753,1.2073781490930426,0.6371234730514431,1.3795956170570172,0.5000700763457684,1.1358949152166151,0.77035339426736,0.22322902863314004,0.5234795767613063,1.5769323941025704,0.6984762962166428,2.1709702565661027,0.0548106479325393,-0.03679611397347673
0.6422710911262521,0.3924916333096521,0.3417406875346288,0.18889357536943369,0.13169307336596386,0.15428441939407792,0.17526619648212394,0.15191777564295647,0.16692620821350743,0.024462190818733753,0.22713079546333187,0.23618188009941993,0.03200128368425942,0.23126450275088353,0.2224161244224784,0.06851331837912464,0.4712652182371609,0.11543837149410127,0.086125238676189,0.6365439360374158,0.4766190561695895,0.12189341380115482,0.2987947373841294,-0.08523150400269573,0.5046586667691957,0.487617910457469,0.2939126711307473,0.476064961650468,-1.0087672028999644,-0.5054910944071259,4.344057767914365,0.29334094995676624,0.7513250032499568,-0.010324564111110698,0.23278209506177402,1.105171449829944,1.0522086501600703,0.659835752104135,-0.11592013603798063,0.024080747051856078,0.6786607805850778,0.43805903663514595,-0.11949344153819275,0.20165755151154763,0.47143832243152667,1.4875912852298812,-0.021798449681111377,0.05961458849297681,-2.7542292402387667,0.009134339053678974,-0.035014500474121184
0.15306978420815726,0.3056539426496867,0.3254683232530486,0.22656969707441427,0.2567333602054281,0.277402912945267,0.3054339549581136,0.2902059339966305,0.24665617827572311,0.20643197136717306,0.26193620151378094,0.3658039376062539,0.16342521770671412,0.42464482212584803,0.1985941259367437,0.4587153652229686,0.27272836271673084,0.282752197904927,0.21975892756487853,0.34205922259233457,0.2815721270398326,0.3612188151878557,0.25332730752248633,0.3443637732086343,0.3188846292922206,0.3661393587804835,0.3034304945212086,0.1753048893149567,0.374363189874095,0.30849382005225884,0.29334094995676624,0.5960719415761893,0.1659909596993584,0.3926147545004559,0.18595937378884556,0.4127923704846097,0.27861096700041266,0.25661799283116776,0.24058287659827043,0.16746418753853445,0.3333150357475137,0.30764283458351427,0.250623195814647,0.14887578373921975,0.07570774240514748,0.4494948887728779,0.3081820967805455,0.054214592857472634,0.3388704790528201,-0.03172422135602561,-0.003849349156226419
0.1503774100528988,0.4087685263576889,0.3053555605570974,0.13760804759948977,0.10873267191666301,0.06841851392152794,0.1271572430085548,0.058771297800677365,0.18840727033931232,0.09545063405090821,0.15533215120711485,0.16948163305397712,0.0770815958389637,0.17835846288068533,0.28694713838684066,0.00839822990601465,0.3950237000450219,0.12820126646702548,0.21569443435732585,0.46858556609211227,0.34680405111714885,0.10232240711342983,0.0032782967636272482,0.7266807461749246,0.11575015174312442,0.10110822333961633,0.22112264473323373,0.6601100865038261,-0.5509715513455921,0.30540989812042224,0.7513250032499568,0.1659909596993584,2.4030918118211306,-0.41088993604931123,-0.6901313470610816,0.26776867477023614,1.1307549365297505,0.3916952751389972,0.0826246594611102,-0.04838867846975466,0.6209437672326044,0.3084989684943683,0.17685068124166603,0.13985527443680865,-0.1713392268600056,0.7435751882478724,0.23005570345803883,0.5612607708663219,0.525128414712079,-0.01973647729444403,-0.03763424738525266
-0.9437854949486751,0.2534518551214379,0.4592450694454497,0.2503185703791186,0.328607760623445,0.40994460159546586,0.4248697590012686,0.4351978366383915,0.31373395235226437,0.4152293215988375,0.36483064851987584,0.44544496860859,0.1814899343008574,0.3567927156703831,0.38247775486837493,0.5821076101357964,0.44872182823775897,0.5399459204356879,0.21178356725354391,0.6226914245421312,0.26371315599817563,0.45034814086570457,0.7758792651970325,0.37286696653248813,0.6371708389842332,0.3592823664004422,0.3867396734328035,0.09421541273726249,1.1074192051274123,0.19864758204618252,-0.010324564111110698,0.3926147545004559,-0.41088993604931123,2.7736736779539837,0.6102828621506976,0.5804723490027391,0.9230346399750344,0.257526640456936,0.47862308674639276,0.10680284594143918,0.3584658276454513,0.5789176586462491,0.646389087032281,0.4257497188109511,0.1548993685515803,0.5124113015276607,0.6705679938657262,0.07744799856948971,0.38928069734329523,-0.07501838205181838,0.024595033151892307
0.06504963687343938,0.30628081717591854,0.42192554027445256,0.07471072593737965,0.031181328992212067,0.15165211810250723,0.14326168989851676,0.18774634154386685,0.16782204488181504,0.19997608406742448,0.21458397173728563,0.0870057185412916,0.1337919643346488,0.22596959599179087,0.21755986937175473,0.3556783864173961,0.4307279354142636,0.19801609863987502,0.058140455133938285,0.296336841147486,0.1951565073087053,0.18369909678777896,-0.23531585360774915,0.18430592529546228,0.2992777794580966,0.5022360736851132,0.2610177960545421,0.9913222173256677,0.18101937328556184,0.6651218180460557,0.23278209506177402,0.18595937378884556,-0.6901313470610816,0.6102828621506976,3.1963287774083526,-0.14820058457247282,0.11551583452317771,0.2536599948197155,0.2104386273279128,0.785396836403811,-0.08371096887671314,0.4903960635160727,0.2577274303511753,0.5454322153576132,1.2446762922349646,-0.0651628543457534,0.3826977069287745,0.012132934915997597,-0.7172469361673148,-0.005576917493570722,0.037263179321848576
0.15655515460388045,0.5101124477320074,0.6924065972602095,0.24798827088550943,0.26313659916495136,0.31753868012042297,0.35819324448362694,0.35249722029688024,0.26870850961153697,0.40674597371399074,0.3267709300508453,0.4423551885098072,0.1391124171025085,0.35329066541094084,0.46278403281969455,0.5017775221407943,0.4426942029860393,0.4944191179253879,0.26709702562331256,0.5149724918279872,0.4914039324602453,0.4216395730257887,1.0799148445748714,0.4197963840646122,0.6970302969926913,0.24658546997673358,0.3913098918482541,0.24949551615081103,0.9052596779262188,0.7514830757368064,1.105171449829944,0.4127923704846097,0.26776867477023614,0.5804723490027391,-0.14820058457247282,3.087051717482624,0.3730652835083585,0.3012576421673729,0.5049601985457028,0.3142551647757033,1.1744093436019658,0.49940577832135524,0.30376147613502874,-0.3272893119979465,-0.3361284224419951,1.6905986666895376,0.35796964500211625,-0.2975007183845517,-0.8938280742855658,-0.05634613072754808,-0.02494250295331792
0.07538360425520524,1.1667212995623857,0.7959348438312227,0.24210851995209404,0.21177668312892145,0.2969689089853183,0.351849452021442,0.38916310413537597,0.27286244581312596,0.38586033192058866,0.37862116527641726,0.4194284067237335,0.15945437206427213,0.3652421140213437,0.6598826305921893,0.361302491254236,0.7454771618779434,0.6800805521049597,0.297332727052015,1.3206609039886388,0.5275543420912925,0.2815726478247194,0.42063663411648355,0.716617581382278,0.5412436393961721,0.036949107149914395,0.517049976876316,0.6197794465541409,-0.05878564381682146,0.8782147903653079,1.0522086501600703,0.27861096700041266,1.1307549365297505,0.9230346399750344,0.11551583452317771,0.3730652835083585,3.758632708389041,0.8035217243694729,0.5288888911963268,0.20559055515036398,1.5337523454421458,0.8036267600872377,0.6668778553336048,0.4658655752158068,0.1790992872454285,1.5113778564859819,1.1436289479864101,1.0131785416994936,0.8138775510198942,-0.061912224726421154,0.0002335895897545369
0.2520519687437824,0.44775046273602237,0.340648001861361,0.17255655333269357,0.13178993776118134,0.2039550173717186,0.20804826236100188,0.24532942578029548,0.17879857097528984,0.13710924491553417,0.22597778697453377,0.23756921146566262,0.09226813884534528,0.25799661220361636,0.31125764848732124,0.25313939967451227,0.3836088244360824,0.18834744736769185,0.14836707462663598,0.8779266587124522,0.28372229761817297,0.20265789051527228,0.22662194422927215,0.3065372564403233,0.3586457049801277,0.2840703897151838,0.2978765839546649,0.3443901611042944,0.138620765288809,0.510984663876753,0.659835752104135,0.25661799283116776,0.3916952751389972,0.257526640456936,0.2536599948197155,0.3012576421673729,0.8035217243694729,1.204029435506002,0.22887106372479496,0.254936806370847,0.6289410586949238,0.4467987772584574,0.2990457484339621,0.5146060347214021,0.14816542926178017,0.6971546084083127,0.475286599617461,0.5423536986613396,0.34259575894580957,-0.0027013794457417454,-0.006533251464035086
0.31418419032735334,0.4194543141459117,0.5997458685680843,0.3160857417756563,0.28479781481750926,0.3234029168464419,0.33726587528957713,0.44923265118909367,0.3002369257184111,0.45346155573629604,0.28955191068181496,0.28962825564166933,0.17293343491554927,0.23058555684025062,0.4164708757855868,0.4657925446279028,0.3120628073545299,0.30987055450884077,0.2930864344255841,0.39504454419042434,0.3939090531099541,0.39130530970747146,0.7282579731332914,0.4159074424940226,0.42696864215143515,-0.40023198250782016,0.29012034478996235,0.14201057847212717,0.6803681799151441,1.2073781490930426,-0.11592013603798063,0.24058287659827043,0.0826246594611102,0.47862308674639276,0.2104386273279128,0.5049601985457028,0.5288888911963268,0.22887106372479496,1.8114141340780776,0.4431184994944002,0.7935443277489369,0.16644570201084344,0.5802758059471412,0.6307138801963486,0.009742421103910265,0.4410047543597535,0.7687378406641667,0.2514902174084933,1.3250291079303371,-0.04371988481837201,-0.055415283041479364
0.19941820771124777,0.360747950224043,0.3978518275524387,0.09781058394330638,0.09115026684547167,0.18475056373155993,0.19142711339995075,0.24819013615407046,0.16153631129156276,0.2201369369414237,0.2040995272195934,0.19600104660993353,0.1006888539949828,0.1581757137271908,0.26743187834601523,0.23511500999648496,0.2790627362858813,0.2480354341640453,0.11201381342325754,0.4503086555661067,0.27668752193807,0.1766929500241225,0.22308121706615675,0.2517606807690641,0.21723585143594137,0.23602400997741504,0.23938864199180507,0.3172740292826213,0.38485507103688316,0.6371234730514431,0.024080747051856078,0.16746418753853445,-0.04838867846975466,0.10680284594143918,0.785396836403811,0.3142551647757033,0.20559055515036398,0.254936806370847,0.4431184994944002,1.4993715129939669,0.1378958137929657,0.32427730996089144,0.37156233331521304,0.033868550050260404,0.6095703480373026,0.37263027854856556,0.4118345369975498,0.2170783715703186,0.5983637724050608,0.009434366403290255,0.01487046216784711
