1.0971542831509087,0.4040764245738767,0.4058510111861014,0.13281110939366433,0.2519380221784714,0.15517611755953278,0.30788769214310285,0.2246555831991427,0.1653128036808933,0.20200853212469255,0.21337458443304722,0.22278041343022822,0.24462916420618086,0.23091876706290085,0.15039391318270925,0.16938179715873317,0.17679372119885237,0.2749529369144724,0.15314105630688735,0.10358468711342876,0.1895306591818843,0.3639638769714935,0.21156154807497654,0.11068238545323474,0.18661734710846695,0.1723299190104396,0.16378440567558675,0.10865408080889641,0.14028978695058877,0.2321226371731456,0.1829468129296742,0.1781485387354048,0.1938948606390743,0.07309656547217644,0.10645563414553061,0.15407027493315625,0.3064474110864524,0.3208428027312503,0.2282147248806558,0.1077462287373039,0.24364696431125776,0.14907260511384726,0.297000303377777,0.39192363811200254,-0.009030360407866351,0.28672330186036193,0.22259963911127115,0.027674895714940383,0.23511146035719657,0.077573092346457,-0.016329518334488105,-0.1401171946607024,0.11066417634745283,-0.0503351634891198,0.0491290655331226,-0.00933709181207404,-0.08887783272453645,0.036116636389100794,-0.08147798866696764
0.4040764245738767,2.9123817294100864,1.1606626212038662,0.19466464132916678,0.15562611793705128,0.21108092891729732,0.33970796538290704,0.37661375448379364,0.24542348936454383,0.3424631465220624,0.3567506633945124,0.2588783830319307,0.3153231831478957,0.20949197038545342,0.4103072613444179,0.26460196254147933,0.3975853491252226,0.27453009133925743,0.1893657851749736,0.3304050948892661,0.33418650528434923,0.27579550253817003,0.018307202823476577,0.03972327374552428,0.26540780871278574,0.39755811936903424,0.223185894858515,0.26461775560426626,0.4492488586640615,-0.020330998781584026,0.22292328359149208,0.15491523361301818,0.20531869702516864,0.528829357571223,0.3032649471689586,0.22763434885533967,0.7900599175557176,0.23516990154568937,0.17837995947874102,0.006288232470215879,0.2279105211658151,0.30197620441268885,0.299507637141398,0.15628665211584158,0.34469068888538085,0.31245928741287515,0.166465456862032,0.01787734625451387,-0.05947599243553947,-0.028350469923858715,0.034669033914280466,0.08418621497128127,0.0620866806925111,-0.1697271488417343,-0.8189130497885606,-0.268243645739246,-0.4862498222844978,0.9421630835470031,0.35432227076097866
0.4058510111861014,1.1606626212038662,2.536056602157025,-0.04533012026518383,-0.26966017237201156,0.2415955296108018,0.14646834413373763,0.30898039117445947,0.37377940107673746,0.15944247026156733,0.23967836512858237,0.22595296762744757,0.17407237813299758,0.09488938779787122,0.22620414957074395,0.06524411548168003,0.3578758355656011,0.16038890314446944,0.09249742389467584,0.1944086183494386,0.200047707147483,0.29344954074766355,0.07206782347515406,0.11406138183953748,0.21075528064334198,0.33013362822689174,0.10151469877544061,0.1750110000951909,0.2636119455057561,-0.49831914808312244,0.1969367858265205,0.08010176695811747,0.1504203900129994,0.41713863754107955,-0.0037700842013143445,0.2172021536957418,0.47750705535319893,0.22310795658052937,0.09790997962157587,-0.24959310733397944,0.14160579254328723,0.17465572103238095,0.13187115585069487,0.08076251046396402,0.29995481700295457,0.3360396266697529,0.11849715968085141,-0.05381109048658578,-0.19768459496560434,0.028864392997997392,0.04037573968123243,0.3968387120649549,-0.1407408541349918,-0.30926892185262184,-0.15027105147784367,-0.02927791103052732,-0.09121698471309929,0.15812398681271522,-0.04502881284965381
0.13281110939366433,0.19466464132916678,-0.04533012026518383,0.9550375982885947,0.6424541507487418,0.29879321495041083,0.3297050560174087,0.3433350265406351,0.11946870867683684,0.35533857712722594,0.322042024259283,0.3043387579038579,0.36992119848280236,0.3025392837508721,0.24916149134044,0.33003378254752636,0.27197387288804153,0.2901336594868866,0.3071571155383274,0.23119039426711843,0.2647894163079685,0.38127044194938864,0.25606884688884757,0.20609693857917044,0.2719370722537309,0.21727200505601296,0.24804561710944917,0.14905821339389536,0.3180906414327269,0.3012372806130772,0.2469011598928098,0.2519158945279994,0.18693946728026956,0.37786533064536476,0.3013334188902551,0.25751085341237334,0.3840244802659803,0.2517333879376069,0.3258032517950411,0.2272554159264504,0.319340483504179,0.2542512969776071,0.24572952554052857,0.4054677567843616,-0.06744592920029352,0.32702082979017116,0.4310531692737742,0.027228797756671464,0.11656424094987229,0.14592648815529183,-0.1425274363810444,-0.2747799938092869,0.19894841991265938,0.019808024684745185,-0.04310081182376589,0.013327290804983953,-0.21612932288778813,0.08665941423287239,0.1042459201210915
0.2519380221784714,0.15562611793705128,-0.26966017237201156,0.6424541507487418,1.3431105844198987,0.1728896804475169,0.3162917421759245,0.2991186626279243,0.001611766995879357,0.42747062935811714,0.3114258044000723,0.270032744126865,0.4162569443361292,0.3057613514259595,0.29504003857834893,0.37938530021751105,0.22993342872029654,0.2681775631064923,0.4666914579800425,0.24306244775928681,0.24672448524933396,0.35704255217575903,0.252490553883423,0.17972235034865733,0.24937553859045022,0.17768358501716452,0.264599753293747,0.12919824051424975,0.3473880163747192,0.5112109361891729,0.2168229192179388,0.23502784497107304,0.18110857920932313,0.3180132772687451,0.43712775707160945,0.3097714316846397,0.2976647615572416,0.18791069185018383,0.31773461962796856,0.2701417011378119,0.38093644600414267,0.2839695337389042,0.1964701785027722,0.40924794729073255,-0.1661109559874611,0.35976122087542395,0.411315622868364,0.041018746604097996,0.1279286232291644,0.1565727659198984,-0.18878532009425067,-0.6178209727955007,0.38618574049369747,0.1552262657086295,-0.130165213760784,-0.033130275754707755,-0.20246544460159988,0.1605002960125684,0.1330535678332392
0.15517611755953278,0.21108092891729732,0.2415955296108018,0.29879321495041083,0.1728896804475169,0.8290076950922812,0.11150575470417215,0.6122587469843613,0.21490775240372376,0.3065453504849757,0.4265719453522673,0.32948671084256,0.3855329722178445,0.25498886727195247,0.2368665737706918,0.274640159920532,0.4033401377372643,0.25949394654891,0.3615349652242142,0.3870748695615562,0.32424415317995764,0.47933003388109907,0.2173088608895033,0.23628231984185175,0.32265916729412225,0.3299732008466455,0.2674584862278597,0.15858445354126924,0.39067626236141806,0.1287379295553402,0.2844310716147075,0.224297875521252,0.1887772453486205,0.4832879971288016,0.19784740157700387,0.1908038362754129,0.5528525078248921,0.41592796432823637,0.42983120181627726,0.27773059965665825,0.25002771277998903,0.2883863647336813,0.38310774810185305,0.45079371559654013,0.09487742080895219,0.34433847667235234,0.6110175256632243,0.021496731566671607,0.09079726737387313,0.205596956875048,-0.19618666277490573,-0.14341813179641652,0.14222339223489258,-0.08985763019389682,-0.14603473904262818,0.029177045374718755,-0.19627735135817034,0.20628231620473142,-0.020548503697635553
0.30788769214310285,0.33970796538290704,0.14646834413373763,0.3297050560174087,0.3162917421759245,0.11150575470417215,0.6603036202747029,0.19100069962722319,0.23461199777803993,0.19476806963788057,0.2738589454435974,0.3450643556799588,0.32928431484880466,0.0953022903062612,0.15983490741296022,0.2421780019222145,0.25202334866621945,0.36121570811331993,0.1746135912668352,0.12531387338670613,0.2358832602914136,0.42422071320065663,0.2731119838358414,0.17254597234743607,0.23057224429751078,0.21291885508630193,0.2152810546976461,0.1316929615570624,0.21788268985611187,0.13522896071477283,0.24233500458311152,0.11291836411472603,0.2163965342282358,0.22571633680698486,0.07225595077557694,0.26099093825145575,0.33263226223668513,0.2274360886979581,0.25709830948424944,0.14773288676253626,0.17651794358820191,0.17657689216730751,0.15615104470321226,0.29541007638670963,-0.019640236745512612,0.2698271095144654,0.1264024596635602,-0.023602482703018443,0.25469482033728075,0.14393507864700733,-0.030196796680110678,-0.04927090158386376,-0.0058674312373840146,-0.10363108859076883,0.001967222522882651,0.0019324062140076237,-0.1699347066125511,-2.117721705759883e-5,0.09520167099002325
0.2246555831991427,0.37661375448379364,0.30898039117445947,0.3433350265406351,0.2991186626279243,0.6122587469843613,0.19100069962722319,1.0379854567779796,0.0540192117646196,0.5081205874268018,0.49139500613517534,0.22462779126348795,0.45565106100147307,0.29074728292006813,0.32017209792586426,0.25324036936895516,0.5156605745894436,0.32864637123274004,0.3329217355349019,0.39942322189743906,0.36984798100928123,0.45642058791064105,0.24982887042464919,0.2176569793088474,0.38508506563261313,0.3059999458797196,0.26300078425541185,0.1520070273363118,0.42520698688363023,0.20708058166605128,0.3100333138731268,0.20300133343807217,0.25236474030246425,0.6082790889665527,0.2769685427995249,0.20367470957162337,0.7174389600988951,0.3767922607838695,0.6078171823944976,0.2704055037287459,0.3611654829122421,0.31305844360467466,0.4212260989414152,0.5428518088879412,0.023047417989156053,0.4081130714551766,0.8184654834939215,0.06294871517310659,0.09343813675351201,0.18817355772824987,-0.15413529616284177,-0.2859267242535205,0.3544357789184645,-0.17104216132639333,-0.2935158327174987,-0.03299863239674981,-0.23032779495317007,0.36260956769002856,0.02679128828691678
0.1653128036808933,0.24542348936454383,0.37377940107673746,0.11946870867683684,0.001611766995879357,0.21490775240372376,0.23461199777803993,0.0540192117646196,0.7236876215372021,-0.025724500616513345,0.1171217672965558,0.20688079624118283,0.1420553357708488,0.11746318382468514,0.006488278150822036,0.22299740323666456,0.14270619783362487,0.17467415393494465,0.10628777679327847,0.12424895750096852,0.15018206010387114,0.26096846765035286,0.12831410066124782,0.13678095033859333,0.11541961234348265,0.22451783004413345,0.13740153921965026,0.10029397087412811,0.1474675585617316,-0.03241915213587853,0.16981594840786665,0.1164744798224801,0.07928301799200602,0.2090451968722657,0.0870597682121995,0.13287168573150873,0.20632142797989586,0.20056336509669542,0.13190629655573224,0.05929045431798582,0.08224708754295847,0.12191354100526819,0.13974962498446947,0.15914478520146016,0.12648645624408703,0.14713306231724366,-0.03716877021934877,-0.010920916600693234,0.28989492536856265,0.008950251217619453,-0.011948525734904451,0.12264853180778908,-0.024827068718011117,-0.056088774132493927,0.09464877550158039,0.10287033162698118,-0.10638096939109712,-0.08287469341916051,-0.01910173919073905
0.20200853212469255,0.3424631465220624,0.15944247026156733,0.35533857712722594,0.42747062935811714,0.3065453504849757,0.19476806963788057,0.5081205874268018,-0.025724500616513345,0.8486495084017006,0.4142319435082319,0.26098642621120866,0.38326986308052996,0.2811814021148277,0.3176661756511938,0.13358267880032196,0.3994943058220262,0.33878074978175954,0.2538080636062077,0.30209196049439296,0.2783348568880246,0.3487509298957615,0.2683309950801232,0.19235994136912066,0.2893603756635283,0.19129481855361025,0.24597709937361367,0.18829746745298542,0.3276322128547186,0.3745842778766783,0.26726419120872763,0.22719691612634796,0.2796339837661868,0.5057130118897226,0.3667272444141712,0.22266726772061227,0.5680015803887702,0.30950016475787145,0.4364420841377372,0.26990145038507,0.44453546684180073,0.27159902840255307,0.37783930547904765,0.5479741923305351,-0.09642347471604486,0.4233042810485096,0.8188038635115411,0.09595199704787008,0.08558016845373133,0.06719678942866716,-0.035638764381114005,-0.44884268790521326,0.3422164637377828,-0.016590132550526698,-0.1498488346247584,-0.06297296485599756,-0.07849966492641554,0.1819332494027751,0.015851354949087446
0.21337458443304722,0.3567506633945124,0.23967836512858237,0.322042024259283,0.3114258044000723,0.4265719453522673,0.2738589454435974,0.49139500613517534,0.1171217672965558,0.4142319435082319,0.6662048683016348,0.3912350058072602,0.4875864358457628,0.24438120843424593,0.289429630649289,0.27346184939727197,0.5195831132939538,0.3007651722740645,0.25226565496875764,0.328728480104834,0.3134998390532196,0.4582861368045145,0.2482541859420465,0.23079421610244796,0.31919077901112075,0.3079472799438561,0.29715760066629904,0.1926115533138813,0.3520345830669791,0.2304818256638376,0.30529369859132904,0.20034508602185638,0.2473057166724632,0.43780909647949445,0.3064892542913632,0.2584600706730429,0.5667918619466162,0.35005299005499213,0.4307541762561367,0.2504515680490119,0.3339813139071811,0.3045059464302209,0.3214823283396509,0.4741481077922644,-0.03899993861743499,0.4127310386335656,0.6179246297563443,0.03867674922670411,0.09633745522682532,0.13193089039657693,-0.09226047440374577,-0.2849437490353245,0.28093650976609374,-0.09305060276556122,-0.19227355852244563,0.002265093860790424,-0.16567693118012217,0.2210928900459896,-0.018507495022060685
0.22278041343022822,0.2588783830319307,0.22595296762744757,0.3043387579038579,0.270032744126865,0.32948671084256,0.3450643556799588,0.22462779126348795,0.20688079624118283,0.26098642621120866,0.3912350058072602,0.6650365482156714,0.35417795951059755,0.1724944459084663,0.14573603216235903,0.17925545839350868,0.32849001697699615,0.40347457160809874,0.25584391219111013,0.18235763290225407,0.23911463883929865,0.42064538194622797,0.2747290311658088,0.16914933094644774,0.2733935911932324,0.3172118341655575,0.2947160932116915,0.1722704685195396,0.24459612296997665,0.031281481384704594,0.2829227131201037,0.22147317105414802,0.20179356352180683,0.28501042626717377,0.08111744643094704,0.2665547346276281,0.31403831686440925,0.322933946837442,0.22605477414973582,0.2121007594177263,0.2160472226726052,0.1988268487222216,0.24493193437599187,0.29932109046334,0.07210266581662782,0.31185185976707736,0.3104820816001324,-0.007606837587527952,0.1536900880089876,0.16416030298595602,0.01062954175547415,0.0038796897791857055,-0.19531350113292076,-0.04514151587146521,0.006620150056749236,0.04276615489479102,-0.09120450480305729,0.02713878966607268,-0.12024277279402548
0.24462916420618086,0.3153231831478957,0.17407237813299758,0.36992119848280236,0.4162569443361292,0.3855329722178445,0.32928431484880466,0.45565106100147307,0.1420553357708488,0.38326986308052996,0.4875864358457628,0.35417795951059755,0.8142453656323928,0.24210582771976497,0.06688799981763273,0.2858311756790992,0.4455545575667553,0.3872162982312384,0.30293804335673524,0.22081434284544588,0.3201758056220532,0.6699207988542296,0.29527035089451403,0.19628446627303364,0.2688417223296849,0.27633364212131967,0.3189421317866113,0.20068618004792185,0.3366715287580875,0.31355305830985575,0.2969854108610889,0.19722802989669108,0.2890268633618457,0.37485502469949455,0.3100600101399023,0.25837263930709,0.5340589178624662,0.3355319906841365,0.4991345918366337,0.2613974031674271,0.3424864841756984,0.27619934325889345,0.34311478696538994,0.6203537603829468,-0.1532885873069065,0.4207140567020781,0.5670464407645804,0.01194661161366758,0.3279777611874357,0.21010088520862946,-0.05442382446489714,-0.43887794272439207,0.2682805102462864,-0.07560643630656985,-0.1978143192586284,-0.02404286073104727,-0.08826724783449132,0.20335849566599468,-0.03174668145871082
0.23091876706290085,0.20949197038545342,0.09488938779787122,0.3025392837508721,0.3057613514259595,0.25498886727195247,0.0953022903062612,0.29074728292006813,0.11746318382468514,0.2811814021148277,0.24438120843424593,0.1724944459084663,0.24210582771976497,0.5919473947084419,0.19690285341458033,0.35204612564220555,0.22168081260268474,0.09191283641178648,0.17094993461411512,0.20353834518837288,0.19417236803459215,0.28296087206763404,0.12610837511397824,0.13383781637747783,0.21543311677391055,0.14730291524577513,0.17698190494864363,0.13814307043594948,0.23408153736079623,0.31880703918987585,0.149780978400619,0.4224984539339117,0.12379423031673265,0.3348274052620228,0.36999417151300923,0.12803366152591683,0.3425590266183408,0.2784145236085432,0.22588131468736003,0.13895679482111914,0.36141542144942884,0.23316807387477664,0.26509443588180426,0.4056563938129213,-0.11407190177070882,0.2697727094284219,0.4293654777607565,0.07957767323061456,0.31099453263015525,-0.020572747426581075,-0.09240751608530487,-0.28076310808153104,0.3153673623763977,0.06666428345465367,-0.1870107161816848,0.000759312770289494,-0.16040090796282436,0.2640781094848465,-0.008769063572757346
0.15039391318270925,0.4103072613444179,0.22620414957074395,0.24916149134044,0.29504003857834893,0.2368665737706918,0.15983490741296022,0.32017209792586426,0.006488278150822036,0.3176661756511938,0.289429630649289,0.14573603216235903,0.06688799981763273,0.19690285341458033,1.0561633987666803,0.16025048775384818,0.3100200149777467,0.09967361427802977,0.20222932740306077,0.28975019665369667,0.20230616708126348,-0.017208467471791018,0.21216385625248135,0.20556521856906596,0.36527763598582413,0.09044248461653305,0.1485046988151431,0.17899851448660573,0.3597289126888843,0.2975709887446434,0.16039581610145295,0.17485563466771034,0.0924353713774643,0.4924002330526146,0.33868291141450513,0.20008129808404926,0.3792299198724741,0.06312748611515513,0.26811100991084,0.12050926748250065,0.36058149714787385,0.21366962647521803,0.2307786857527429,0.295171193871208,-0.049588941348576596,0.32481960367952606,0.41531410541428193,0.09852056525873555,-0.17150110828712375,-0.09342778652196655,-0.11383646135236562,0.055581728244556476,0.14581598174661414,-0.001034833126121388,-0.19429107582358496,0.06011772952747854,-0.2781548147192454,0.23196512571745817,0.17324621752787928
0.16938179715873317,0.26460196254147933,0.06524411548168003,0.33003378254752636,0.37938530021751105,0.274640159920532,0.2421780019222145,0.25324036936895516,0.22299740323666456,0.13358267880032196,0.27346184939727197,0.17925545839350868,0.2858311756790992,0.35204612564220555,0.16025048775384818,1.5488513535089914,0.30459182506130955,-0.058300417315251596,0.16519575257777538,0.32508626172864646,0.2743527043073866,0.30923174862572395,-0.1292868590315438,0.17554531717718597,0.3346686348641089,0.11154503872535064,0.36011900835068017,0.20425588254967458,0.3646951876301456,0.45857985724249606,0.2364656771713036,0.1906945651016386,-0.017945720142183545,0.3605697890832063,0.7019052627418778,0.20752101198513195,0.5728591838387752,0.2495176628852883,0.405926669768249,0.24379060572088238,0.2692899930765582,0.4543836870846393,0.29407974537718046,0.16842345057799477,0.25352294680705667,0.2259290403486916,0.30838921599329505,0.017657222693335375,0.1295364954018841,0.007231629369456417,-0.35860358646305596,-0.1402309375718425,0.504362712757572,0.06794217270854826,-0.29730162503615964,0.010648142454833287,-0.3657153863635798,0.43587652772936414,0.11501442968832604
0.17679372119885237,0.3975853491252226,0.3578758355656011,0.27197387288804153,0.22993342872029654,0.4033401377372643,0.25202334866621945,0.5156605745894436,0.14270619783362487,0.3994943058220262,0.5195831132939538,0.32849001697699615,0.4455545575667553,0.22168081260268474,0.3100200149777467,0.30459182506130955,1.130301021082748,0.1383242520633984,0.233884528369113,0.44562177242682066,0.312646507886498,0.4584436130794117,0.10125406469520952,0.21131796716482631,0.3369907537595465,0.39005840107433987,0.3374359411237679,0.44606282474298553,0.3020630822031809,0.1918204559222755,0.3074987597643816,0.2117484684197062,0.33221947548791514,0.4643385701048019,0.38924648250025345,0.2235643811341478,0.8778885533864327,0.5011442410366432,0.30782051334309013,0.24452360291291803,0.3562315075187628,0.4383062915239534,0.39876670790566165,0.40674300317371354,0.19043741285430332,0.4134982663309113,0.7448246840161759,0.0541955192160302,0.012476843780487296,0.25657127753739845,-0.10332886939353844,-0.17059242362646215,-0.0769482153909219,-0.11897297681910828,-0.34311020148142846,-0.0011696038369555677,-0.17830715424654336,0.33197932245583245,-0.0694796860593049
0.2749529369144724,0.27453009133925743,0.16038890314446944,0.2901336594868866,0.2681775631064923,0.25949394654891,0.36121570811331993,0.32864637123274004,0.17467415393494465,0.33878074978175954,0.3007651722740645,0.40347457160809874,0.3872162982312384,0.09191283641178648,0.09967361427802977,-0.058300417315251596,0.1383242520633984,1.7931793527904962,0.2781620430553709,-0.3202565367356793,0.34086045490233025,0.6790808626861413,0.9672990813224992,0.02852225581237105,0.31194976147199727,0.22643084698669735,0.2589215211354296,0.16402362869820883,0.26838176032053346,0.21841536181181653,0.5462550819596891,0.15257787378093998,0.5086150131716083,0.3606733855575014,-0.09003865644346767,0.4605950509917477,0.433089167554387,0.2521385407838829,0.367510865894216,0.2564430061029613,0.3694298374727076,0.03769048337274951,0.6063362717286063,0.9864810734773148,-0.15927633042772915,0.5575565064252921,0.5227900578203211,-0.035678242161671966,-0.11903716275581026,0.1272107073034266,0.4802417531761514,-0.49212097399465554,-0.1675331512515835,-0.1452644931733353,-0.05716897839135686,0.09215441526720612,0.044496062359741975,0.1284978319298368,-0.2403766671218646
0.15314105630688735,0.1893657851749736,0.09249742389467584,0.3071571155383274,0.4666914579800425,0.3615349652242142,0.1746135912668352,0.3329217355349019,0.10628777679327847,0.2538080636062077,0.25226565496875764,0.25584391219111013,0.30293804335673524,0.17094993461411512,0.20222932740306077,0.16519575257777538,0.233884528369113,0.2781620430553709,0.6885230535232725,0.2648032706631911,0.20175714697741673,0.337194461229688,0.1968063571016588,0.14100522646477245,0.2169450691284393,0.20274774746105081,0.21341261539679268,0.22710365327513798,0.2748069886286458,0.10322712315341138,0.2065279605677411,0.22869774541757643,0.11695272201223715,0.29399931801499707,0.08790591181391759,0.22014700040616295,0.19449817808704856,0.24519711644713355,0.2188975066427275,0.19389124019629872,0.24646547726595494,0.1710099658517111,0.20630949475874505,0.25149797386752715,0.06703696450464436,0.2821571278185189,0.19401015938646585,-0.0013843375308881403,-0.0018392209593914872,0.02895261279289821,0.1230698366727102,0.2592545386622825,-0.36813541382791654,-0.03461969431998614,-0.06950375976679005,0.011854493297399382,-0.109757232661496,0.10472996895288729,0.012918200681374666
0.10358468711342876,0.3304050948892661,0.1944086183494386,0.23119039426711843,0.24306244775928681,0.3870748695615562,0.12531387338670613,0.39942322189743906,0.12424895750096852,0.30209196049439296,0.328728480104834,0.18235763290225407,0.22081434284544588,0.20353834518837288,0.28975019665369667,0.32508626172864646,0.44562177242682066,-0.3202565367356793,0.2648032706631911,1.4289231156159266,0.16044472854407804,0.0029605740538737094,-0.11162052588216882,0.25320833746177873,0.20483584107844935,0.44575932155361364,0.30978419161194504,0.09990312054469108,0.49394699006243314,0.1943552212781725,0.10728161903895128,0.12783600790739186,-0.23424593055777476,0.5232377903239939,0.51271092278199,0.1791872474302932,0.5986340546697138,0.38784488547028256,0.2180552816936171,0.3688766593597096,0.22576033834838027,0.43739228681928227,0.32181107065607367,-0.41462849030108007,0.8800688411389239,0.23749946024762905,0.05048777817658429,0.05891309691120782,0.34701576493332376,-0.022082545738848477,-0.23221706536835712,0.06288145433479611,0.18285397227260794,-0.0045973102587022596,-0.0691536119210454,0.011043507562115373,-0.10439222222690682,0.0602184120398908,0.0324195892777333
0.1895306591818843,0.33418650528434923,0.200047707147483,0.2647894163079685,0.24672448524933396,0.32424415317995764,0.2358832602914136,0.36984798100928123,0.15018206010387114,0.2783348568880246,0.3134998390532196,0.23911463883929865,0.3201758056220532,0.19417236803459215,0.20230616708126348,0.2743527043073866,0.312646507886498,0.34086045490233025,0.20175714697741673,0.16044472854407804,0.49735240291377625,0.34487975424760386,0.21165950140180942,0.1912434581262221,0.2622320191565208,0.23533854275904895,0.23243232920153287,0.2308437444152125,0.30452773063576544,0.26600999090732724,0.3336460745270892,0.17750755825436182,0.4005117510783498,0.35410049168609925,0.23335178962724498,0.2604401423792861,0.6351137572036283,0.4061206216015198,0.40677168109215933,0.25254132551100433,0.28692492660961105,0.2791593511457158,0.4423474772291282,0.5131678239894527,0.21545429678252512,0.33241733883467806,0.4697938659745841,0.06182418650718839,0.003405913364691148,0.16055475944705355,-0.12059145308811675,-0.21644354982057973,0.19290846497307013,-0.07509320478536728,-0.168724698943769,-0.029875410343010302,-0.26737738660117855,0.2509245692561084,0.09964326802610782
0.3639638769714935,0.27579550253817003,0.29344954074766355,0.38127044194938864,0.35704255217575903,0.47933003388109907,0.42422071320065663,0.45642058791064105,0.26096846765035286,0.3487509298957615,0.4582861368045145,0.42064538194622797,0.6699207988542296,0.28296087206763404,-0.017208467471791018,0.30923174862572395,0.4584436130794117,0.6790808626861413,0.337194461229688,0.0029605740538737094,0.34487975424760386,2.284540552369114,0.5833047106060446,0.2008028137066384,0.3150003529175705,0.3098419219608558,0.31900516843519966,0.27135711200916945,0.11275515339326576,0.450808468375396,0.3590069901658457,0.2560283580582293,0.610339024114041,0.3657689432895151,0.20926773768917792,0.30536018700159373,0.7245723658144007,0.6757690858772989,0.4969274341342875,0.3295629856609743,0.3266423937628634,0.34952802887999285,0.42476246927298217,1.2763121748763897,-0.708079188227978,0.6581145064526686,0.5951620370506113,-0.2480028392693591,1.1543716646061544,0.27140870386800225,-0.0013666264285703224,-0.5303706041422542,0.2933003314187192,-0.17111960921679792,-0.09092101603330356,0.03703793389311459,-0.04782084960635015,0.1276468979634348,-0.156294723913865
0.21156154807497654,0.018307202823476577,0.07206782347515406,0.25606884688884757,0.252490553883423,0.2173088608895033,0.2731119838358414,0.24982887042464919,0.12831410066124782,0.2683309950801232,0.2482541859420465,0.2747290311658088,0.29527035089451403,0.12610837511397824,0.21216385625248135,-0.1292868590315438,0.10125406469520952,0.9672990813224992,0.1968063571016588,-0.11162052588216882,0.21165950140180942,0.5833047106060446,1.4903194216966225,0.3552365466450926,0.3344871843781696,0.05572864313788438,0.09326308423490509,-0.11993123965747333,0.310385351535722,0.33010796644099444,0.16060933024375318,0.15131149001635258,0.33453897327188464,0.3351031905332593,-0.17129123105996144,0.42287057808567946,0.07931062304772145,0.17759683165932036,0.2805952505787058,0.2613096768808946,0.47721124950571725,0.01901624447934555,0.3578528179976314,1.1442909210002303,-0.7872032686411631,0.5504965001913388,0.5396506736678996,0.015214938259177318,0.23193468854254048,-0.060771317154412495,0.31145439134656094,-0.4408505939068594,0.16098833056373787,-0.08068706157626217,0.182024282992518,0.12353605116729337,-0.041005602781503725,-0.2873177455172406,0.08000157976810196
0.11068238545323474,0.03972327374552428,0.11406138183953748,0.20609693857917044,0.17972235034865733,0.23628231984185175,0.17254597234743607,0.2176569793088474,0.13678095033859333,0.19235994136912066,0.23079421610244796,0.16914933094644774,0.19628446627303364,0.13383781637747783,0.20556521856906596,0.17554531717718597,0.21131796716482631,0.02852225581237105,0.14100522646477245,0.25320833746177873,0.1912434581262221,0.2008028137066384,0.3552365466450926,0.7349477758980297,0.25790788069265685,0.06293568683287339,0.1208205864509291,0.10845875576203594,0.13029752138490863,0.28889444310033474,0.30476777665853216,0.08705580116597922,0.12183107224065978,0.06536481412716309,0.1640797942145199,0.2150199196078702,0.31408028138834515,0.2831837130630168,0.24086535990127356,0.1814835917313395,0.3257473937270351,0.1694526261226949,0.15561729265104313,0.4225113600880172,-0.22641334292000276,0.2965863784263966,0.34436024294096407,0.061525435130757235,0.07575294572545653,0.04876403909342702,-0.14486849125553786,-0.010301445276572818,0.1712296511957589,-0.0407369282097793,0.4114429008641226,0.07134242707361933,-0.11433226436900291,-0.6304937950246496,0.3876654886970992
0.18661734710846695,0.26540780871278574,0.21075528064334198,0.2719370722537309,0.24937553859045022,0.32265916729412225,0.23057224429751078,0.38508506563261313,0.11541961234348265,0.2893603756635283,0.31919077901112075,0.2733935911932324,0.2688417223296849,0.21543311677391055,0.36527763598582413,0.3346686348641089,0.3369907537595465,0.31194976147199727,0.2169450691284393,0.20483584107844935,0.2622320191565208,0.3150003529175705,0.3344871843781696,0.25790788069265685,0.9104145878977493,0.12206008940123068,0.2491749308312241,0.10115887451017502,0.4305900212410412,0.20637823816913806,0.2926134468176795,0.16551935047162836,0.14799627285669234,0.5436636501478586,0.30234088143658033,0.2543515258811812,0.39910326437074445,0.17189096400130086,0.37189118545936023,0.17929983539045904,0.2990615219726003,0.22141164662835816,0.32469117332549713,0.45267543575841385,-0.03717373137100294,0.4384977414427434,0.4690195196992412,0.02658216721065564,-0.09583598769907892,-0.11303615464021106,-0.03176840932230768,-0.11652511661291746,0.31279166312194845,-0.05446339892052622,-0.08957014084677382,0.04571405679153528,-0.19229466374889237,0.1048234360564715,0.06658434389746144
0.1723299190104396,0.39755811936903424,0.33013362822689174,0.21727200505601296,0.17768358501716452,0.3299732008466455,0.21291885508630193,0.3059999458797196,0.22451783004413345,0.19129481855361025,0.3079472799438561,0.3172118341655575,0.27633364212131967,0.14730291524577513,0.09044248461653305,0.11154503872535064,0.39005840107433987,0.22643084698669735,0.20274774746105081,0.44575932155361364,0.23533854275904895,0.3098419219608558,0.05572864313788438,0.06293568683287339,0.12206008940123068,1.7604541570148131,0.22795333645436577,0.24685351207505168,0.10623923054737947,-0.3243223936691431,0.16270806676053856,0.146721108477707,0.190542402029406,0.39057082667193804,0.1773027466339914,0.1844970919019372,0.2322683522685086,0.2116071580678323,-0.3853216427731828,0.20519568939155355,0.11364537725318341,0.4239147272250997,0.5104041858013603,-0.12527948921318247,0.9108851731571748,0.15131239148719983,-0.23468071470418858,-0.030167472657909766,-0.013463188992391132,0.23707216997114525,-0.06605475168956014,-0.057161644834756394,-0.39248701163520944,-0.0011253517647726635,-0.07273925511751378,-0.024977818254201853,-0.03788177863866812,0.16434698385752472,-0.14022641504149486
0.16378440567558675,0.223185894858515,0.10151469877544061,0.24804561710944917,0.264599753293747,0.2674584862278597,0.2152810546976461,0.26300078425541185,0.13740153921965026,0.24597709937361367,0.29715760066629904,0.2947160932116915,0.3189421317866113,0.17698190494864363,0.1485046988151431,0.36011900835068017,0.3374359411237679,0.2589215211354296,0.21341261539679268,0.30978419161194504,0.23243232920153287,0.31900516843519966,0.09326308423490509,0.1208205864509291,0.2491749308312241,0.22795333645436577,0.7754468442077173,0.23582380838718647,0.26515617837112737,0.2215103209341236,0.2913847479674419,0.23940074439382278,0.10153207281212014,0.2780936941905318,0.33581400434643105,0.3482021883106486,0.4274563864233084,0.38923425784990023,0.24014233964944653,0.26381247111079287,0.3420544266173262,0.268173498310098,0.44817034261993777,0.025825800550006116,0.4408460762830757,0.28348855134025897,0.23615196057499135,0.0052127173604220155,0.05675972719223606,0.05421419905487536,-0.10669835480149704,-0.018035262154507344,-0.03166265072388763,0.04434078300058468,-0.0791883328631534,0.012273060815164915,-0.08910226816253797,0.15400720889704417,-0.0883183035024639
0.10865408080889641,0.26461775560426626,0.1750110000951909,0.14905821339389536,0.12919824051424975,0.15858445354126924,0.1316929615570624,0.1520070273363118,0.10029397087412811,0.18829746745298542,0.1926115533138813,0.1722704685195396,0.20068618004792185,0.13814307043594948,0.17899851448660573,0.20425588254967458,0.44606282474298553,0.16402362869820883,0.22710365327513798,0.09990312054469108,0.2308437444152125,0.27135711200916945,-0.11993123965747333,0.10845875576203594,0.10115887451017502,0.24685351207505168,0.23582380838718647,1.2357585968396914,-0.08364341087206646,0.26721595586407426,0.2885323180500651,0.2536253342706051,0.5301135544781612,0.1893534731369182,0.5593275359053758,0.09417876649359418,0.8368466617456766,0.43681225518875916,0.1350736494273998,0.1804540506639717,0.23095495545657094,0.2819114849763556,0.40534999543944217,0.6105994377673031,0.18750187724848727,0.26242642289090096,0.29865275737926894,0.10985846809338821,-0.05423476502000012,0.17991089794233564,-0.13394243876584105,0.768017032915343,-1.0455388227994176,0.039173939233331234,-0.0855643675857271,-0.010095887514957916,-0.08395752787331451,0.07714983803405447,0.1797650909031138
0.14028978695058877,0.4492488586640615,0.2636119455057561,0.3180906414327269,0.3473880163747192,0.39067626236141806,0.21788268985611187,0.42520698688363023,0.1474675585617316,0.3276322128547186,0.3520345830669791,0.24459612296997665,0.3366715287580875,0.23408153736079623,0.3597289126888843,0.3646951876301456,0.3020630822031809,0.26838176032053346,0.2748069886286458,0.49394699006243314,0.30452773063576544,0.11275515339326576,0.310385351535722,0.13029752138490863,0.4305900212410412,0.10623923054737947,0.26515617837112737,-0.08364341087206646,2.3029984646134105,0.23331684854680496,0.0656463980168693,0.2415227069338346,-0.23073783783730886,0.6691063644346298,0.34862766697906833,0.6310074487420946,-0.09144848388801444,-0.20379410861915914,0.39650845773575083,0.08008406900589898,0.4241558076057327,0.16842062808449101,-0.003355479578121957,-0.38681320016220433,0.2109853807616939,0.3283277817827185,0.5269398685552373,-0.11700615379060421,0.07686386671262857,0.12486150082525205,-0.2345064398940001,-0.20978728003364655,0.21311264951593553,0.00478952694397095,-0.28841041138962364,0.05445674546860585,-0.27533362881371026,0.3089705212535851,0.12883220756902802
0.2321226371731456,-0.020330998781584026,-0.49831914808312244,0.3012372806130772,0.5112109361891729,0.1287379295553402,0.13522896071477283,0.20708058166605128,-0.03241915213587853,0.3745842778766783,0.2304818256638376,0.031281481384704594,0.31355305830985575,0.31880703918987585,0.2975709887446434,0.45857985724249606,0.1918204559222755,0.21841536181181653,0.10322712315341138,0.1943552212781725,0.26600999090732724,0.450808468375396,0.33010796644099444,0.28889444310033474,0.20637823816913806,-0.3243223936691431,0.2215103209341236,0.26721595586407426,0.23331684854680496,3.8537239365360487,0.24876530158952376,0.0878563606878235,0.3553323633190959,-0.013972763192658607,1.1906007956373195,0.2710407147315232,1.374009327540897,0.702495684535496,0.9609340037718943,0.2629340041766503,0.9552289058691491,0.36443757207944233,1.260264394760961,1.5513274714306793,0.02722577084455699,0.5999128254760151,1.1134547167731916,0.2851992608144436,0.6188787150662879,0.0061425273495881744,-0.21559780060029082,-1.5099090584433437,1.458480648763265,0.1366583591312443,0.1216224589619118,0.06749336154296585,-0.036754699973755106,0.018002896983204456,-0.08071646729406594
0.1829468129296742,0.22292328359149208,0.1969367858265205,0.2469011598928098,0.2168229192179388,0.2844310716147075,0.24233500458311152,0.3100333138731268,0.16981594840786665,0.26726419120872763,0.30529369859132904,0.2829227131201037,0.2969854108610889,0.149780978400619,0.16039581610145295,0.2364656771713036,0.3074987597643816,0.5462550819596891,0.2065279605677411,0.10728161903895128,0.3336460745270892,0.3590069901658457,0.16060933024375318,0.30476777665853216,0.2926134468176795,0.16270806676053856,0.2913847479674419,0.2885323180500651,0.0656463980168693,0.24876530158952376,0.8628975359795344,0.1135572375059354,0.23515424430599424,0.20997367139594728,0.2709836842655365,0.37212917033807397,0.6659822214082627,0.4584263981201164,0.3919025098044001,0.20503841630182482,0.3291990856064598,0.2219428364829827,0.3280231318404108,0.5093923004020569,0.1504274417935292,0.4172732585861308,0.4989197248781676,0.016563606677324906,-0.3155305765916087,0.1766979883356239,-0.047707935213193706,-0.10349200915321585,0.053403671188206686,-0.10288887613429853,0.0911572231148817,0.05320056861359837,-0.05633770711789615,-0.10202437537412878,0.02078952298809342
0.1781485387354048,0.15491523361301818,0.08010176695811747,0.2519158945279994,0.23502784497107304,0.224297875521252,0.11291836411472603,0.20300133343807217,0.1164744798224801,0.22719691612634796,0.20034508602185638,0.22147317105414802,0.19722802989669108,0.4224984539339117,0.17485563466771034,0.1906945651016386,0.2117484684197062,0.15257787378093998,0.22869774541757643,0.12783600790739186,0.17750755825436182,0.2560283580582293,0.15131149001635258,0.08705580116597922,0.16551935047162836,0.146721108477707,0.23940074439382278,0.2536253342706051,0.2415227069338346,0.0878563606878235,0.1135572375059354,1.0227122233174246,0.042518935057295384,0.33925881499517185,0.17822883315251442,0.1257610446991629,0.09162367930676794,0.39144785280936123,0.14292185946704009,0.09091541967772854,0.35889828114347416,0.17887767871283453,0.18915334270031772,0.30376264543330556,-0.051796780406145715,0.22637650343310164,0.33232923416829596,0.05825618965336238,0.19637971619763567,0.005669305488878343,0.010985546194821942,0.301459707730292,-0.4713469296331028,0.08355842741181221,-0.10232422237960244,-0.0008559485738120467,-0.10028165312525276,0.16369998661616933,-0.06325513497987906
0.1938948606390743,0.20531869702516864,0.1504203900129994,0.18693946728026956,0.18110857920932313,0.1887772453486205,0.2163965342282358,0.25236474030246425,0.07928301799200602,0.2796339837661868,0.2473057166724632,0.20179356352180683,0.2890268633618457,0.12379423031673265,0.0924353713774643,-0.017945720142183545,0.33221947548791514,0.5086150131716083,0.11695272201223715,-0.23424593055777476,0.4005117510783498,0.610339024114041,0.33453897327188464,0.12183107224065978,0.14799627285669234,0.190542402029406,0.10153207281212014,0.5301135544781612,-0.23073783783730886,0.3553323633190959,0.23515424430599424,0.042518935057295384,2.2206126552147025,0.12149391734745608,-0.3731154104178953,-0.08799881528109463,1.0580793815443013,0.5061570392682808,0.05445664249562142,0.2556620775940233,-0.29351078173776907,0.3217260941248749,0.6802345154770855,1.1950538353197302,-0.6312734831261316,0.493293871680331,0.85680534788106,0.14182070346770403,0.2658266366520874,0.09409890197063946,-0.05658426922259655,-0.5710523289603757,0.4366661715447679,-0.18828934528963792,0.014834765080375378,-0.027265620641709412,0.010528877125233635,0.03315015170054883,-0.032607743131946504
0.07309656547217644,0.528829357571223,0.41713863754107955,0.37786533064536476,0.3180132772687451,0.4832879971288016,0.22571633680698486,0.6082790889665527,0.2090451968722657,0.5057130118897226,0.43780909647949445,0.28501042626717377,0.37485502469949455,0.3348274052620228,0.4924002330526146,0.3605697890832063,0.4643385701048019,0.3606733855575014,0.29399931801499707,0.5232377903239939,0.35410049168609925,0.3657689432895151,0.3351031905332593,0.06536481412716309,0.5436636501478586,0.39057082667193804,0.2780936941905318,0.1893534731369182,0.6691063644346298,-0.013972763192658607,0.20997367139594728,0.33925881499517185,0.12149391734745608,2.3931908277429312,0.8539171673638712,0.08407584941939525,0.9134519176543635,-0.029419159984361083,0.4916855399170159,0.18799363050352058,0.41673621553168294,0.44049376753585734,0.8819564436902607,0.7178146408153793,0.5529294786222098,0.4463500719406151,0.7185413258103849,0.12088305409952103,0.13488664410094728,-0.3620006310180318,0.056168098644276,-0.4100585044927536,0.5965483606926231,-0.07813851468014961,-0.4658871128303985,0.05617785074743943,-0.4022259412456142,0.47318858217123966,0.28502364149380405
