0.6955813755474863,0.20480649141429744,0.09855781884083008,0.15483511384924262,0.2235025667051161,0.18270435736952997,0.22923006470063167,0.19879751303685456,0.15117929599518382,0.1820452335223484,0.18426863311858424,0.19339831265782054,0.18559597841345954,0.19488534422216275,0.15907554013506248,0.17892097111622077,0.1584615395239527,0.18099084014968958,0.1127195117067119,0.16957074708898273,0.14926698151587184,0.18419268804041122,0.16687366583755228,0.14498252909109666,0.1860229845661515,0.15772924921735748,0.17324003695559476,0.08750959606129896,0.2011781078149766,0.05414867212474069,0.1475664545745207,0.18133730684088784,0.09753412475571958,0.15085987961484323,0.13388041249742874,0.13805866064386565,0.11785544179570034,0.11939819719814697,0.1669821371531118,0.1379951801465936,0.14969049366394083,0.1363459592228643,0.17442979789493446,0.18497857839353232,0.16781724683477037,0.12820487275982997,0.12162041752039475,0.007432440358789364,0.11901856158735664,-0.06107872238911077,0.039143871914706904,-0.04328730497740473,0.045975081650612766,0.005916704881123449,0.09813287661959787,-0.01844284331549043,0.06553854344857972,-0.10501825450495389,-0.016140915345731286
0.20480649141429744,2.9650209797770395,0.26236096055218205,0.1908681716081208,0.2780000317498421,0.2935186015144334,0.2804290911751661,0.28380826007974225,0.30194150125892627,0.35686132102292206,0.32214411592679815,0.29113915320120104,0.3474644569565875,0.19117181059102192,0.36807260795015406,0.22256743330313794,0.2712670302616075,0.3848729757004653,-0.09035853613866866,0.33922243908709654,0.3123610341131992,0.2068061706300754,-0.13227164846955333,0.11071906534551389,0.22112493718754583,0.35776124282755084,0.6698991533924851,0.4077016606039174,0.4316282020353738,0.09086149278095258,0.29430366401918945,0.24774124196871405,0.14722412855768824,0.300163525562439,0.4417303747677419,0.1441851063397231,0.2847423654876337,0.21674119782482998,0.18714316717034776,0.2644367675013275,0.20132520950695493,0.29582483685460004,0.19898671472020693,0.10405975536719322,0.6804645011308229,0.26754997277219034,0.2703883609861729,-0.03028746145075454,0.051303351485062314,-0.5173986277154222,0.6245409565011578,0.10461402251971508,-0.2308421296975053,0.02500446506550554,-0.2879479723325447,-0.038647677595008936,-0.16678877613576681,-0.04183285108639576,0.3697358899636217
0.09855781884083008,0.26236096055218205,2.6751483303719454,0.2507812697278119,0.25140187825160887,0.36876176381066034,0.19758247540049295,0.46400492029916474,0.7030597257949165,0.3885342027290334,0.13787402297806275,0.2142859840807706,0.3705087301634845,0.28435596345447156,0.335492855353597,0.24851804908643566,0.4888999708499807,0.45028241006610126,0.6576736813599012,0.4026173095029964,0.3120768743753769,0.4608635412987186,0.22102084229456767,0.29898636335880224,0.3387897849870906,0.3368430267220361,0.1780815580077345,0.5061819200175534,0.3493209089326913,-0.657191964908052,0.3652667528996644,0.32819005713756866,0.39386078599246266,0.4512352387230727,0.543172075379384,0.3665497094805253,0.6094293367768073,0.382722202873968,0.181027497582874,-0.5564785088836003,0.3760260705779122,0.331903899410648,0.5280828226811869,0.6805923700718534,0.158844434696111,0.752963960907308,-0.030674379917294534,-0.07714607302692168,-0.8067778892944893,0.441602763899739,-0.15085429560040095,0.4566563429627075,-0.18921745022109038,-0.4182339363611976,0.10269818275498736,-0.032100428164213685,0.3026340615306077,-0.16553580109545124,-0.31830714467377663
0.15483511384924262,0.1908681716081208,0.2507812697278119,0.9409533042710342,0.7804155037225565,0.45609230368097337,0.4286564138399188,0.4483855124958001,0.33362050191347886,0.3866999680565273,0.4259511880400482,0.4022204024247385,0.408405783047229,0.3749510723263645,0.29675182311327214,0.3882771124771021,0.38976369347840745,0.3045847422638917,0.2734215991551702,0.36447722562471424,0.3142903247029566,0.370678110146882,0.30408590225142684,0.32085902078971257,0.32134985473494027,0.33625056197243824,0.3259644220286053,0.20343558423667085,0.4087305358652436,0.07626597875451424,0.2907115495232744,0.33464059031676985,0.1822964718020967,0.48309887359016696,0.32546866563808763,0.1860062755952381,0.31508781710208367,0.2587890233629861,0.38608565437051345,0.22340013149110433,0.27321978884819664,0.29116947726615644,0.3598706214152899,0.5709903583835529,0.26002472699483437,0.21420327297471325,0.2382182104737596,0.05598662245457395,0.19813778531081344,-0.02466945597356167,-0.00023813605776118864,-0.06840171026637921,0.10851295140258542,-0.026566546049839136,0.08585635827790844,-0.08915343503313501,-0.2325359877041364,-0.10901767529874093,0.35560271449594316
0.2235025667051161,0.2780000317498421,0.25140187825160887,0.7804155037225565,1.4450942811990073,0.33943727237792964,0.469089696565065,0.5210484589385154,0.33302183956318726,0.41508444705687164,0.42851856793540144,0.39008201053568065,0.4689248808508056,0.38496954481396045,0.315715405325207,0.4051341408420139,0.37680671699112406,0.36425755225494794,0.2465205403997934,0.3226389425303018,0.31470828904985304,0.3656339548087914,0.3138383794040809,0.32087844783648245,0.32963605479658964,0.38773693162674444,0.33114228038167826,0.20869029090234606,0.43292833894762167,0.019179715897045334,0.3279287827089939,0.37091336078836407,0.14585362295201,0.5645535766569392,0.3820870679279189,0.20067599389412197,0.3511679349874018,0.24361377185734479,0.36169672477418313,0.2460347887563483,0.2685858428747491,0.3141236382116112,0.28498008969834354,0.5509288204236992,0.26433696578593513,0.2021793598915572,0.22034778876239036,0.044205704647252986,0.2042247976215675,-0.05949510105688708,0.043939506988388916,-0.10530230614114017,0.09460635488835044,0.06384761993133042,0.03983481754806964,-0.09510927188020907,-0.09861045197866375,-0.1485253117472543,0.3051226672874263
0.18270435736952997,0.2935186015144334,0.36876176381066034,0.45609230368097337,0.33943727237792964,1.0372833846033707,0.26813042747829413,0.5864495194601717,0.4411412303348912,0.4616666142631117,0.5450289004169554,0.5641534006831259,0.49640574330804704,0.5213589434245747,0.3886987532949205,0.5010828719263125,0.49808702487195583,0.3111968636982146,0.6685349408636935,0.6146632968623216,0.40444319343855967,0.48616195889154756,0.2117794628471168,0.43242382440148486,0.4428897164631,0.4186399935924396,0.512316926758872,0.26879886602050973,0.6004761445424253,0.05614832380392387,0.39669842261259036,0.5035087815103632,0.23963639935666325,0.5016667326821697,0.2497922218723186,0.3020041683603721,0.38188552672179915,0.38212827837676994,0.4643180377969949,0.340805030436002,0.41857305609726886,0.3612612034146565,0.5130613375307886,0.3647169663952447,0.5388336357943012,0.3413176810409536,0.366676986831103,0.02864965440727692,0.22494650877197334,0.06324144038923758,-0.015942798525036092,-0.09331672750055178,-0.1025391774975595,-0.00493588735862608,0.029216684962509825,-0.05512382167755742,0.14244724783972096,-0.17317015187366525,0.05507399656925135
0.22923006470063167,0.2804290911751661,0.19758247540049295,0.4286564138399188,0.469089696565065,0.26813042747829413,0.6767500269654119,0.3115143244764058,0.3719572017721058,0.3054112095706098,0.3638334999963919,0.39481546250688543,0.329265707571162,0.2443909718562018,0.20680636544630981,0.3010297069128438,0.3306695031841797,0.28864802745921003,0.17361618308930196,0.2650059337406418,0.2687315516468747,0.348119695735599,0.2684804796046366,0.2778075670414885,0.2881916086192855,0.29627850220181257,0.31852233692619014,0.14008435172550035,0.3307639932782093,0.056101923733868964,0.25929187287367683,0.24954784045568038,0.20483860950369528,0.36697597643729535,0.2195197745176187,0.23260812715179405,0.23713502435544204,0.1929561163953354,0.34039005754177815,0.18806226300418802,0.1726730628643582,0.24294151858771426,0.2639900748902586,0.36150267425571553,0.22359275053871347,0.18965980236928215,0.13090667559188968,-0.002328886870398996,0.25779006243057095,-0.08597975940495325,-0.006512551643649665,-0.06848351518433383,0.17753899303914442,-0.10161368526715935,0.11795175556458436,0.0435863384127969,-0.05822161687660624,-0.1620963942693071,0.06502628034104638
0.19879751303685456,0.28380826007974225,0.46400492029916474,0.4483855124958001,0.5210484589385154,0.5864495194601717,0.3115143244764058,0.8763351044585018,0.32298178221612006,0.44580805229434495,0.4838265834765997,0.323208431211407,0.5106915836198617,0.4714272617052439,0.29486161156878526,0.42109506011577663,0.48018107371578705,0.34470584781769886,0.5207031428350234,0.4869671784519332,0.33068555991936227,0.40546082103444786,0.2156088726247245,0.31566360845131475,0.3801060076279393,0.3776144691511582,0.38670604683297494,0.18537785897982753,0.5206874642902439,0.07892610817623963,0.34467923225489605,0.4148717267842451,0.21263287109643772,0.4772949316478897,0.3231412703226986,0.23858194625939388,0.3987566219690502,0.3254242968041223,0.48582376847666675,0.20444268425518838,0.4106015476895561,0.3053108254631478,0.4663962917925904,0.4394701294283639,0.31788916526962097,0.3563734618580116,0.3478648349167485,0.06393941499783806,0.25717880324144027,0.14393273372654355,-0.01919977916792027,-0.1445476439860663,0.16904522073912198,-0.09978940152394328,0.01284283571097178,-0.21946424614939042,0.12280210174579263,-0.12298294522577013,0.2282076697380587
0.15117929599518382,0.30194150125892627,0.7030597257949165,0.33362050191347886,0.33302183956318726,0.4411412303348912,0.3719572017721058,0.32298178221612006,0.9653352373176165,0.38471997606640634,0.28313243715368147,0.3506854713221335,0.3801056899473858,0.32247114084466694,0.2985028371568949,0.29722916477314154,0.3914889224061004,0.39851138886313203,0.4232124587763546,0.28672635653701517,0.3320226296398361,0.5516219395597454,0.32571737646686394,0.386527909739771,0.3181241698173706,0.37083591850654535,0.3732136287199713,0.2992351945644678,0.3335573081909936,-0.021448821295042112,0.36134374809857467,0.3265353394727304,0.30932975284518494,0.4215490047082743,0.36327446039157957,0.3146610032676766,0.33473986549599566,0.24678084289287336,0.3837725953879032,0.1203055831769862,0.2636495367519413,0.30614950399809576,0.4328034377116812,0.5195266608408826,0.30760136942750543,0.37279743853918607,0.21728708189638282,-0.030141134962354463,0.35421632547156434,-0.08898283138979238,0.10078077341304506,-0.0312615028081077,0.09991843484748313,-0.12415791891446036,0.18780829890933026,0.24550528818866732,0.017562452680201016,-0.36775897032369154,-0.027000384234118453
0.1820452335223484,0.35686132102292206,0.3885342027290334,0.3866999680565273,0.41508444705687164,0.4616666142631117,0.3054112095706098,0.44580805229434495,0.38471997606640634,0.8958568009339243,0.48664829126488224,0.4845047562637486,0.48837492092646084,0.36442125841447087,0.3746925013085673,0.3982061039295454,0.47384916220418166,0.41137356387253954,0.5392256701622303,0.3380340247999334,0.3273800320931636,0.41469083735884626,0.28001612190704156,0.36756498592466613,0.37173305525702216,0.3270138590783673,0.5140125809557589,0.2884489739805479,0.5261203452937975,0.14204885052878768,0.3845658832938912,0.373908910934562,0.16628079816906252,0.5469498086381478,0.4410093510004563,0.3038172477794538,0.37291300137800454,0.25341868749673213,0.4613989673894955,0.2355019998039446,0.3611818783985151,0.3172010469219767,0.34153942906042206,0.496732836490554,0.32021962324973297,0.36026736463306386,0.33690915195830445,0.002866941801394282,0.10263004067333481,0.053455126581321614,0.055234999435984006,-0.06254769321918857,0.006436155080000295,-0.031166172329205495,0.1400189974963553,0.022738821214749984,0.04282810879585737,-0.2546967337307739,0.07299016046628586
0.18426863311858424,0.32214411592679815,0.13787402297806275,0.4259511880400482,0.42851856793540144,0.5450289004169554,0.3638334999963919,0.4838265834765997,0.28313243715368147,0.48664829126488224,0.9652969387314311,0.5355623435872103,0.42675899656828203,0.38441115813831656,0.4154932078555102,0.4281842621523957,0.505799626141658,0.31399728043056274,0.3840041025184652,0.540193166550983,0.3600361433483619,0.35362488904450834,0.18315383530405308,0.3822014448189892,0.34836374395371233,0.4230572221287851,0.5874316168750346,0.217545196279013,0.5236262698479823,0.12529036538639532,0.39103775917815353,0.3623792968088795,0.1922422668980069,0.4352767756590814,0.4227540484286165,0.31094062672347644,0.2589399065003066,0.3076003769727077,0.47885970894264857,0.37835512153216044,0.31468865829695564,0.33803355797428947,0.31871443475423566,0.29058491593185326,0.45325168209699507,0.3072019633040628,0.3048026033503365,0.02666366348040447,0.21259353083190383,-0.15122300464670796,0.048633433980474865,-0.14531093401882167,0.2697096961381002,-0.013583333845928747,0.03219913401618824,-0.04311170021102976,0.01668705137016427,-0.09658500812646989,0.049866210010629415
0.19339831265782054,0.29113915320120104,0.2142859840807706,0.4022204024247385,0.39008201053568065,0.5641534006831259,0.39481546250688543,0.323208431211407,0.3506854713221335,0.4845047562637486,0.5355623435872103,0.8595094286235896,0.38544515527716505,0.3759302418488009,0.35810802149179544,0.4397979700104632,0.40332322999876097,0.29488726836330154,0.4465411463037666,0.4204206298573796,0.32331269935026535,0.37811779690829767,0.23383509926328702,0.36734215744712556,0.3928559502266234,0.3582806884171166,0.5168754941398039,0.16925896073197538,0.5054774429113132,0.04523030954393085,0.34216087435641723,0.394188664709645,0.18068867528368354,0.45728785302984976,0.270112207432848,0.29905722880772806,0.17544862552855967,0.26160864870683265,0.4152054614215593,0.33671963399567334,0.216786327852836,0.2933808433674922,0.29062887631903167,0.28381815854564824,0.47598821230810706,0.25805740855317405,0.24206017427715928,-0.02181706824601555,0.1586342970612261,-0.18963010331158456,0.04997390777553713,-0.14148255283077157,0.10841218493082996,0.011360564820885887,0.07781365518648789,0.10953353937707842,0.05739550462743796,-0.1469419499118745,-0.16609773467353503
0.18559597841345954,0.3474644569565875,0.3705087301634845,0.408405783047229,0.4689248808508056,0.49640574330804704,0.329265707571162,0.5106915836198617,0.3801056899473858,0.48837492092646084,0.42675899656828203,0.38544515527716505,0.9213932982791211,0.39392627697333943,0.3064467476711787,0.395179736311145,0.3919579845473346,0.341131526390909,0.4775154356367428,0.34583802654006973,0.3303423058230584,0.4515483820752874,0.25106271521754303,0.3421998710235682,0.3533115487864524,0.3500035204857668,0.41660091784439995,0.2793588338326875,0.5529442171267348,0.1043908979365525,0.3256702026883047,0.4170112771981503,0.19980737443435262,0.48985499310091385,0.4108113185549652,0.27255921226246943,0.31124423331731216,0.26491858699118537,0.4116596015247104,0.21173477512547928,0.37189604882693883,0.30993089769735244,0.3690812629620957,0.46159070311858813,0.25062925171248546,0.33605929267263585,0.2852818177756949,0.008606509487537089,0.19349372037217655,0.12707581007057633,0.06676332008477592,-0.13968670271513098,-0.07570740399769688,-0.04307137115201139,0.06174960368046687,-0.11514611739168082,0.035893055428224775,-0.1921978746533639,0.1897060510253682
0.19488534422216275,0.19117181059102192,0.28435596345447156,0.3749510723263645,0.38496954481396045,0.5213589434245747,0.2443909718562018,0.4714272617052439,0.32247114084466694,0.36442125841447087,0.38441115813831656,0.3759302418488009,0.39392627697333943,0.5762193891901715,0.3610572838138347,0.43617289862399417,0.382324217276578,0.2877249397265619,0.44193727786867104,0.3790912654365242,0.30743761396759584,0.37431048391873334,0.2050388829765932,0.30457265511294884,0.3281769302856401,0.30347630073847365,0.29229212372117036,0.19818643674068645,0.468677051879119,0.10129308527745204,0.3105561969867495,0.4808948253505363,0.16191930640248348,0.44466628556171833,0.314868705685252,0.247428219961078,0.2826910383861827,0.27486865730263615,0.3756013935167264,0.23452097500594343,0.3842230759945982,0.286700405480535,0.44709123840202264,0.3520180032060354,0.3427715458793336,0.2664992112473041,0.30441986645258273,0.054222744767156696,0.3612427075759761,0.035444731246958634,0.000599962965528032,-0.11391835832024413,0.08681572287046346,0.0014723633590506182,0.004686486128719311,-0.05896622570179905,0.15629145000791897,-0.1290793665958413,0.045449267850392626
0.15907554013506248,0.36807260795015406,0.335492855353597,0.29675182311327214,0.315715405325207,0.3886987532949205,0.20680636544630981,0.29486161156878526,0.2985028371568949,0.3746925013085673,0.4154932078555102,0.35810802149179544,0.3064467476711787,0.3610572838138347,0.7713338702789324,0.31761929802508054,0.34227070543495175,0.31126947921563847,0.31325876841671985,0.3722728564035635,0.30300404272110537,0.2651011131786664,0.17520933789702486,0.3104235171110732,0.2772446074635838,0.34827620580094915,0.3726057376724373,0.3421229454323978,0.40497056970084744,0.0836122772508105,0.3221894082400606,0.3478553624741963,0.17292076000932693,0.3684937929487881,0.36598200503566175,0.27112715175320357,0.3351982275499212,0.2507765826414143,0.2580255564068233,0.1851365359153614,0.29591830875507996,0.30040016595578833,0.33944109791358956,0.30814883371377105,0.3512265904498335,0.2678912269224239,0.23933962889438562,0.028605087723745006,0.07525531001401314,0.12279382450062719,-0.08402518914842345,0.2227180852919067,-0.23576681086979648,0.005564173805245083,0.08236325054908775,0.056477168807999224,0.009561240110105436,-0.20087743144147782,0.07643983023933416
0.17892097111622077,0.22256743330313794,0.24851804908643566,0.3882771124771021,0.4051341408420139,0.5010828719263125,0.3010297069128438,0.42109506011577663,0.29722916477314154,0.3982061039295454,0.4281842621523957,0.4397979700104632,0.395179736311145,0.43617289862399417,0.31761929802508054,0.7793911944185243,0.4561038441636258,0.2795968673029139,0.4294422467677906,0.3719176814217817,0.3321717353184911,0.482365187517447,0.2292493826925387,0.3624098823611751,0.36494976936726325,0.2725525153801465,0.3889917481405788,0.24908979099509382,0.5055310790485111,0.08560146255270643,0.31694759482162344,0.4188636262747489,0.1360204141815556,0.4831696835866639,0.4442519785132779,0.24380731096274463,0.28266327136276104,0.2789732239481002,0.41262817982054695,0.33029409964836853,0.3424994958247688,0.32784963741021245,0.46744077302058584,0.40193484349095593,0.420964514134984,0.23116563138925753,0.280438042802694,-0.003638353346994753,0.25740872542622717,-0.16043150044135734,0.02472462013633822,-0.13021770700689939,0.06701911104962924,0.02664619177802866,0.06060504703271286,-0.03268864848170161,0.0014224618541210424,-0.1279831131856134,0.11605247374634148
0.1584615395239527,0.2712670302616075,0.4888999708499807,0.38976369347840745,0.37680671699112406,0.49808702487195583,0.3306695031841797,0.48018107371578705,0.3914889224061004,0.47384916220418166,0.505799626141658,0.40332322999876097,0.3919579845473346,0.382324217276578,0.34227070543495175,0.4561038441636258,0.9985866554832576,0.3801909620141108,0.37401781246035476,0.5341760949261392,0.36960394244784245,0.4845004475776631,0.23742735916157592,0.34050010605639414,0.418908135481155,0.397049437948848,0.44210134900969345,0.3030765383718367,0.4827343231795172,-0.0026563083713046754,0.3743201190212321,0.3393488371753406,0.29269517297034076,0.4271085647787052,0.4623389518269728,0.24379676602198366,0.4453470716455875,0.3577191615152848,0.459266183478567,0.27612464549579013,0.37436922988164006,0.35360954784153464,0.5450895124383037,0.5045295700798441,0.5085712616847399,0.3448263220968991,0.3117224804054167,0.02683616948343528,0.17378954752203452,0.1007132943441756,-0.010994300315303565,-0.0629015653998986,0.21773903521107377,-0.0768394204357702,0.09458871154129309,-0.06723737165597922,-0.01411989502924811,-0.1525767944182437,0.16788096648522677
0.18099084014968958,0.3848729757004653,0.45028241006610126,0.3045847422638917,0.36425755225494794,0.3111968636982146,0.28864802745921003,0.34470584781769886,0.39851138886313203,0.41137356387253954,0.31399728043056274,0.29488726836330154,0.341131526390909,0.2877249397265619,0.31126947921563847,0.2795968673029139,0.3801909620141108,1.0498578456478367,0.24926579526428186,0.08014547400017329,0.3037006167650623,0.39172068552676703,0.43431762418526626,0.22502333470174107,0.31430891087674256,0.3641860439294615,0.03291706367267784,0.28266650809851224,0.3753831450810666,-0.03985109773650204,0.3438276494359615,0.3350029611920863,0.15819516984350163,0.408524071691456,0.2629466147419257,0.3487287042107308,0.23258478975850952,0.1599822313645558,0.25286343507537434,0.21275464033536404,0.31004208812653206,0.260847975104418,0.49098082429053685,0.3787728706209093,0.4169114204873272,0.3732831340013621,0.43874747886152654,-0.051400222351379414,0.033033014929163634,-0.03951033789288154,0.40069989033304426,0.1391405210074577,-0.2157848932746291,-0.10541197861028925,0.14870612032811936,0.0987694299849162,0.26008464163351314,0.027426580056178342,-0.4932177446882696
0.1127195117067119,-0.09035853613866866,0.6576736813599012,0.2734215991551702,0.2465205403997934,0.6685349408636935,0.17361618308930196,0.5207031428350234,0.4232124587763546,0.5392256701622303,0.3840041025184652,0.4465411463037666,0.4775154356367428,0.44193727786867104,0.31325876841671985,0.4294422467677906,0.37401781246035476,0.24926579526428186,2.3124012486668857,0.3890364486448405,0.4087155854536998,0.485976886370258,-0.04611212597909587,0.3814182054521953,0.4306856353177079,0.0686497643575337,0.3248661521291428,0.3435172427330744,0.5734790460788337,0.009386838758070547,0.44707394049516286,0.3969662685238096,0.5032671708781004,0.45657224013152925,0.15048152215532815,0.4457042748648256,0.7248369963456742,0.30313878682114725,0.5869222726383352,0.08043490644013193,0.5160591542804475,0.3642136399118026,0.35846723567323535,0.3295583625763696,0.2094512329727628,0.4996844812626685,0.10152910697440329,0.06327419076770936,-0.1856499443916308,0.9557924414837884,-0.2534724409972759,-0.3208171026439901,-0.1595640734220989,-0.25686966831537306,0.15604311355690137,0.06300826390782778,0.23862729843317995,-0.16798168430818936,-0.22254970721062123
0.16957074708898273,0.33922243908709654,0.4026173095029964,0.36447722562471424,0.3226389425303018,0.6146632968623216,0.2650059337406418,0.4869671784519332,0.28672635653701517,0.3380340247999334,0.540193166550983,0.4204206298573796,0.34583802654006973,0.3790912654365242,0.3722728564035635,0.3719176814217817,0.5341760949261392,0.08014547400017329,0.3890364486448405,1.4483961414898534,0.3241987094300403,0.2847545314538967,0.11232543726003591,0.35316363415535795,0.37533975847201506,0.4206752184557517,0.6435784950686684,0.3293243524162499,0.3821650036903365,0.14411118637700554,0.4146712337854217,0.3249421367707485,0.3952849089498518,0.370430632544039,0.33694175140423027,0.14287212527480703,0.7101239287387165,0.6412715710493042,0.3796612384951019,0.3121930667562376,0.48920150644994914,0.3882207744466778,0.6118124719407676,0.41325519940597405,0.5982099888926888,0.2893738952149635,0.16692818022513684,0.27003850883269465,0.3920433256517555,-0.14153012284064106,-0.04120146273278329,-0.010310782800914858,0.1532123957477467,-0.09018223698760706,0.03432121462250966,-0.1008836513811557,-0.030542650163292537,-0.21961741737988397,0.30897211598598207
0.14926698151587184,0.3123610341131992,0.3120768743753769,0.3142903247029566,0.31470828904985304,0.40444319343855967,0.2687315516468747,0.33068555991936227,0.3320226296398361,0.3273800320931636,0.3600361433483619,0.32331269935026535,0.3303423058230584,0.30743761396759584,0.30300404272110537,0.3321717353184911,0.36960394244784245,0.3037006167650623,0.4087155854536998,0.3241987094300403,0.5669605439510271,0.34187858375804736,0.23475835887771654,0.29245278885194237,0.30586448570168473,0.3023437188155639,0.33082934185097623,0.38105948227367537,0.3359902805635988,0.07663274634890381,0.3694590625364103,0.3162054982522435,0.3716418180733722,0.35451921845299045,0.47348851430233796,0.4068582307185681,0.311631474175641,0.2796926726951954,0.36135614704361413,0.369231889526201,0.43502972276906154,0.45769911720875167,0.4487666169958785,0.39672505316833645,0.7047761538628184,0.29833372101125405,0.2499422044088198,0.043970292816116106,-0.08824705063292712,-0.012108725597135097,0.09220263361239116,-0.087121343013925,-1.3984071312837177e-5,-0.019343196948533696,0.10186948650862651,-0.013115442730734238,-0.08957951084793878,-0.15956803004900086,0.14418785350744473
0.18419268804041122,0.2068061706300754,0.4608635412987186,0.370678110146882,0.3656339548087914,0.48616195889154756,0.348119695735599,0.40546082103444786,0.5516219395597454,0.41469083735884626,0.35362488904450834,0.37811779690829767,0.4515483820752874,0.37431048391873334,0.2651011131786664,0.482365187517447,0.4845004475776631,0.39172068552676703,0.485976886370258,0.2847545314538967,0.34187858375804736,0.9980748724001167,0.39155446821717665,0.35542312684095684,0.39777600806124974,0.33468398283446654,0.3768062319686017,0.2531859112223509,0.43371590129704246,0.13927768106114852,0.3085412429207227,0.39392118172463364,0.27565420975748495,0.453932581199812,0.3527982424884873,0.28399816181129584,0.30197483821706483,0.27137442376071147,0.4119019347364492,0.22157127368680568,0.31539193963456014,0.3222113711163656,0.6617484230779365,0.582790312317644,0.33489969624474647,0.3695616065332481,0.31549938590059434,-0.167554451237583,0.5164285920292817,-0.10608603822238392,0.0635025073686629,-0.22831336247953748,0.08443652930133297,-0.03674417062775941,0.09957415153015514,0.06009360198740881,-0.013483528546288646,-0.19313191120411238,0.08479496815731832
0.16687366583755228,-0.13227164846955333,0.22102084229456767,0.30408590225142684,0.3138383794040809,0.2117794628471168,0.2684804796046366,0.2156088726247245,0.32571737646686394,0.28001612190704156,0.18315383530405308,0.23383509926328702,0.25106271521754303,0.2050388829765932,0.17520933789702486,0.2292493826925387,0.23742735916157592,0.43431762418526626,-0.04611212597909587,0.11232543726003591,0.23475835887771654,0.39155446821717665,1.508012940382145,0.43640057058267084,0.3603774284300418,0.14824941112463566,0.20055525545015296,-0.07495780370934434,0.3738833377276526,0.1563799070841561,0.11961539115568419,0.21956956266990446,0.06828533856272624,0.4214793214985027,-0.02185027295012228,0.3503700650718999,0.06506006872706864,0.13353319307425637,0.31851433951199903,0.22836919498905212,0.17978705534708378,0.17580116094379844,0.35819970349675423,1.0018124725156183,-0.05166438820314013,0.2251819399412673,0.23541067897500415,0.07191875024300107,0.20257756235495283,-0.09100886947439998,0.2355397111216271,-0.047350862302035265,-0.0475576207828682,0.017641807852833764,0.20062683200268136,0.029787899133197356,-0.14538110890179645,-0.39081984091689953,0.43697734369115915
0.14498252909109666,0.11071906534551389,0.29898636335880224,0.32085902078971257,0.32087844783648245,0.43242382440148486,0.2778075670414885,0.31566360845131475,0.386527909739771,0.36756498592466613,0.3822014448189892,0.36734215744712556,0.3421998710235682,0.30457265511294884,0.3104235171110732,0.3624098823611751,0.34050010605639414,0.22502333470174107,0.3814182054521953,0.35316363415535795,0.29245278885194237,0.35542312684095684,0.43640057058267084,0.9429444853297062,0.3566219940171844,0.26573101729149373,0.4648093850409198,0.21341441287997925,0.3812224523743857,0.08543651607276091,0.3447745297928647,0.30485202046769416,0.17072031275248412,0.4351361512482081,0.2994898287463663,0.3216654362495814,0.23508285971433135,0.2286409184269119,0.3228859688381706,0.22799332302549793,0.21087456266249982,0.28105801924325385,0.2075302467466069,0.4826151789971552,0.21840505627461068,0.26329792145116904,0.18824063455988022,-0.02117226085956481,0.0462249637320128,-0.06839193904890592,0.037285417466403833,-0.07618961991140183,0.021477862755569586,0.008753468294279261,0.18745785405321108,0.07375115129819827,0.005677268191945619,-0.7035072349327213,0.5101256300000293
0.1860229845661515,0.22112493718754583,0.3387897849870906,0.32134985473494027,0.32963605479658964,0.4428897164631,0.2881916086192855,0.3801060076279393,0.3181241698173706,0.37173305525702216,0.34836374395371233,0.3928559502266234,0.3533115487864524,0.3281769302856401,0.2772446074635838,0.36494976936726325,0.418908135481155,0.31430891087674256,0.4306856353177079,0.37533975847201506,0.30586448570168473,0.39777600806124974,0.3603774284300418,0.3566219940171844,1.2914419793776977,0.213502257823741,0.3432456606680424,0.2623149960199461,0.530480790054286,0.1137633873482887,0.2997172184920317,0.32907477977560257,0.23433691742344626,0.4488138130958047,0.38889511679145966,0.28188604270318596,0.3102719454039633,0.2550852071918014,0.3995509365931984,0.2256262885656713,0.3150120855509046,0.2946197953739003,0.4239065104814605,0.5092702268260697,0.2813184947691804,0.3761092461370605,0.2565234369809181,-0.006049659945072363,0.10379758984030152,-0.34440059934475653,0.020931976218510392,0.02169833699410276,0.1356605146737986,-0.05771175259365278,0.1331540578172992,0.02391017093409784,0.13533863692998288,-0.22221989267479872,-0.018961987586485495
0.15772924921735748,0.35776124282755084,0.3368430267220361,0.33625056197243824,0.38773693162674444,0.4186399935924396,0.29627850220181257,0.3776144691511582,0.37083591850654535,0.3270138590783673,0.4230572221287851,0.3582806884171166,0.3500035204857668,0.30347630073847365,0.34827620580094915,0.2725525153801465,0.397049437948848,0.3641860439294615,0.0686497643575337,0.4206752184557517,0.3023437188155639,0.33468398283446654,0.14824941112463566,0.26573101729149373,0.213502257823741,1.3681383267579217,0.4703213268272618,0.34581853893793957,0.3784195787984498,-0.16729187239482732,0.2168180504759094,0.35159612970224896,0.26248503028653025,0.2495252396591749,0.23752599818133027,0.39721278439443025,-0.182887633127255,0.2751411676363221,-0.43450017847969014,0.2884375774215596,0.14096304945342983,0.3304112860542933,0.5074495925917143,0.023305778604781863,0.7179254057077765,0.17125606160410045,0.11158351152401567,-0.13082435265871234,-0.21741662176218512,-0.08233175093284206,-0.023297358939680792,0.135755235673454,-0.2632721295734986,0.09367707375401586,-0.03577903493842363,-0.005019375518297531,-0.034315599364471566,-0.1733236718951851,0.15421196114062577
0.17324003695559476,0.6698991533924851,0.1780815580077345,0.3259644220286053,0.33114228038167826,0.512316926758872,0.31852233692619014,0.38670604683297494,0.3732136287199713,0.5140125809557589,0.5874316168750346,0.5168754941398039,0.41660091784439995,0.29229212372117036,0.3726057376724373,0.3889917481405788,0.44210134900969345,0.03291706367267784,0.3248661521291428,0.6435784950686684,0.33082934185097623,0.3768062319686017,0.20055525545015296,0.4648093850409198,0.3432456606680424,0.4703213268272618,2.192670160478297,0.5005872031928951,0.5028970484307811,0.18363832553393913,0.4545686352565528,0.3642206511621381,0.15336009939722048,0.42246977545860076,0.7574076974085947,0.2721662054452066,0.22254241181519813,0.3452827641536609,0.35372714687564216,0.4518092009530091,0.2686625410867232,0.3826336829196502,0.28989544388953437,0.5690691435644765,0.6895977856162047,0.2643727141883398,0.189870425918836,-0.004682399604249309,-0.10395169224921996,-0.27071963005148386,0.06041599090772722,-0.06855135240082788,-0.09605975811472209,0.21634447472206356,0.07681660158833863,0.06964824266613646,0.18948729782578883,-0.08736289522193982,-0.23622400796338627
0.08750959606129896,0.4077016606039174,0.5061819200175534,0.20343558423667085,0.20869029090234606,0.26879886602050973,0.14008435172550035,0.18537785897982753,0.2992351945644678,0.2884489739805479,0.217545196279013,0.16925896073197538,0.2793588338326875,0.19818643674068645,0.3421229454323978,0.24908979099509382,0.3030765383718367,0.28266650809851224,0.3435172427330744,0.3293243524162499,0.38105948227367537,0.2531859112223509,-0.07495780370934434,0.21341441287997925,0.2623149960199461,0.34581853893793957,0.5005872031928951,1.7581747119618922,-0.17637028130477048,-0.1562563496267828,0.37685070523564723,0.3712408245862673,0.5998215443469646,0.19804516734811853,1.2517665405420746,0.3835446592508152,0.3286836067030216,0.252716164102357,0.1195089491015857,0.29154363461961297,0.33046646560932486,0.47692469111019037,0.4643982444182006,0.9347463373430148,0.6497076285640208,0.1616642357452544,0.00643422716076409,0.09123977569118691,-0.7028960690925823,-0.04963860551491765,0.4319103948957388,0.7990983348236316,-1.2648639734482376,0.019749234305586436,0.21677167502646888,0.056586880910612876,0.23609800916861756,-0.13839707031924484,-0.25533425545740823
0.2011781078149766,0.4316282020353738,0.3493209089326913,0.4087305358652436,0.43292833894762167,0.6004761445424253,0.3307639932782093,0.5206874642902439,0.3335573081909936,0.5261203452937975,0.5236262698479823,0.5054774429113132,0.5529442171267348,0.468677051879119,0.40497056970084744,0.5055310790485111,0.4827343231795172,0.3753831450810666,0.5734790460788337,0.3821650036903365,0.3359902805635988,0.43371590129704246,0.3738833377276526,0.3812224523743857,0.530480790054286,0.3784195787984498,0.5028970484307811,-0.17637028130477048,2.265220840209435,0.12410266948539797,0.24902946662545258,0.47548456562661184,-0.3352228530182186,0.9125537536010536,0.18793296851953378,0.382675704207122,0.08924466216529754,0.16458847257338413,0.4838075732554533,0.23641121945735255,0.05217852633692276,0.2598280091835785,0.17555124990814172,0.04964701514218426,0.3701462593405922,0.3387233287059391,0.3507997675760478,-0.3023814814286201,0.1462283643315117,0.38192132501040454,-0.4455990609310059,-0.23832882114671863,-0.010893285064107826,0.104632976491044,-0.04393649212212472,-0.05675108303851457,-0.012803432497439442,-0.11425752051384067,0.12766936813909882
0.05414867212474069,0.09086149278095258,-0.657191964908052,0.07626597875451424,0.019179715897045334,0.05614832380392387,0.056101923733868964,0.07892610817623963,-0.021448821295042112,0.14204885052878768,0.12529036538639532,0.04523030954393085,0.1043908979365525,0.10129308527745204,0.0836122772508105,0.08560146255270643,-0.0026563083713046754,-0.03985109773650204,0.009386838758070547,0.14411118637700554,0.07663274634890381,0.13927768106114852,0.1563799070841561,0.08543651607276091,0.1137633873482887,-0.16729187239482732,0.18363832553393913,-0.1562563496267828,0.12410266948539797,2.5523712060499597,0.18483520453707497,-0.03142910733561409,0.18515749472811674,-0.07319123226254812,-0.08514895940967111,0.2185347447332735,0.4789568389159376,0.1574558528471153,0.7442096653609261,-0.0021524501788441437,0.5136730810196085,0.019439259258680078,0.5502118721814896,0.310448633145486,0.11672547022445323,0.5012156524085456,1.1374128582903424,0.15791863946370055,1.254540932702186,0.041799836165035804,-0.2392035146643357,-0.6528410692093121,0.6712980501102827,-0.010874095509390436,-0.24103097160172285,-0.1003146379434231,-0.33880663984938897,0.3028485784164204,0.30616374807945096
0.1475664545745207,0.29430366401918945,0.3652667528996644,0.2907115495232744,0.3279287827089939,0.39669842261259036,0.25929187287367683,0.34467923225489605,0.36134374809857467,0.3845658832938912,0.39103775917815353,0.34216087435641723,0.3256702026883047,0.3105561969867495,0.3221894082400606,0.31694759482162344,0.3743201190212321,0.3438276494359615,0.44707394049516286,0.4146712337854217,0.3694590625364103,0.3085412429207227,0.11961539115568419,0.3447745297928647,0.2997172184920317,0.2168180504759094,0.4545686352565528,0.37685070523564723,0.24902946662545258,0.18483520453707497,0.9308458598979612,0.3288371227916612,0.2573344102967715,0.3820922752839043,0.4572760733626449,0.5249856276971893,0.4134983718913232,0.36064678836401415,0.45716104677293795,0.28107211267052723,0.5189489844708468,0.36632074598448694,0.29222435917206613,0.31504495982732517,0.50396364972379,0.43019902101066987,0.2964407567473713,0.01708444078912821,-0.112355582205722,0.019679668581078294,0.10822947462402367,-0.015329043932603875,0.007119630330795999,-0.0756313353700344,0.11915236381689949,0.04111047680627547,0.24685780068325788,-0.19398412814235702,-0.2288694321952892
0.18133730684088784,0.24774124196871405,0.32819005713756866,0.33464059031676985,0.37091336078836407,0.5035087815103632,0.24954784045568038,0.4148717267842451,0.3265353394727304,0.373908910934562,0.3623792968088795,0.394188664709645,0.4170112771981503,0.4808948253505363,0.3478553624741963,0.4188636262747489,0.3393488371753406,0.3350029611920863,0.3969662685238096,0.3249421367707485,0.3162054982522435,0.39392118172463364,0.21956956266990446,0.30485202046769416,0.32907477977560257,0.35159612970224896,0.3642206511621381,0.3712408245862673,0.47548456562661184,-0.03142910733561409,0.3288371227916612,0.789562387023864,0.11283956264504655,0.5325775792084353,0.3359289988839037,0.33037738774488745,0.1327738518601028,0.2714370041118391,0.30063448222202593,0.2849613193791939,0.37636173616238133,0.2999716259790882,0.38575592204470815,0.3107550350422927,0.4132825872836485,0.24870609912143665,0.23150212755039892,0.0019883058791497466,0.28074326823762774,0.04365468849598518,0.22359598457172136,0.1746279590589489,-0.5023477120491697,0.04647492490728038,0.019041803533787115,-0.029909986352824217,0.47123917999458104,-0.2004737704889996,-0.2594773622860417
0.09753412475571958,0.14722412855768824,0.39386078599246266,0.1822964718020967,0.14585362295201,0.23963639935666325,0.20483860950369528,0.21263287109643772,0.30932975284518494,0.16628079816906252,0.1922422668980069,0.18068867528368354,0.19980737443435262,0.16191930640248348,0.17292076000932693,0.1360204141815556,0.29269517297034076,0.15819516984350163,0.5032671708781004,0.3952849089498518,0.3716418180733722,0.27565420975748495,0.06828533856272624,0.17072031275248412,0.23433691742344626,0.26248503028653025,0.15336009939722048,0.5998215443469646,-0.3352228530182186,0.18515749472811674,0.2573344102967715,0.11283956264504655,2.133333855145254,-0.10660424514247724,-0.32410828293460514,0.29905742669257407,0.7004171675850435,0.3116728037479464,0.1072716748699976,-0.028139836663544762,0.42672984946941284,0.35809202064518136,0.46155260708721935,0.4159983950024937,0.2668778434029445,0.35009096885730506,0.17637237081768536,0.2967144172217373,0.41630876948104717,0.03359850336000329,-0.12011622148408058,-0.19079437304937982,0.3604725586204664,-0.2844997297148995,0.1057613102870952,-0.039398780310725134,-0.08109313644767398,-0.17010256143816566,0.17425222072529956
0.15085987961484323,0.300163525562439,0.4512352387230727,0.48309887359016696,0.5645535766569392,0.5016667326821697,0.36697597643729535,0.4772949316478897,0.4215490047082743,0.5469498086381478,0.4352767756590814,0.45728785302984976,0.48985499310091385,0.44466628556171833,0.3684937929487881,0.4831696835866639,0.4271085647787052,0.408524071691456,0.45657224013152925,0.370430632544039,0.35451921845299045,0.453932581199812,0.4214793214985027,0.4351361512482081,0.4488138130958047,0.2495252396591749,0.42246977545860076,0.19804516734811853,0.9125537536010536,-0.07319123226254812,0.3820922752839043,0.5325775792084353,-0.10660424514247724,2.066468623086874,0.6121802666547351,0.22670916093362092,0.6261255118672023,0.21323594508897661,0.5237439846170928,0.16685168125647962,0.04951488209600622,0.41363936149054353,0.33831168219110824,0.7073041786461914,0.2533973603335221,0.08111784428827397,0.29720353858374066,-0.034203317550899656,0.18261046334500758,-0.17064675603524315,0.08735390097898671,-0.1667419425818105,0.10528983349386037,0.016973592634459893,0.07300748251897124,-0.009573332891702948,0.03888977267474562,-0.21717965621030216,0.1267715728011578
