0.5138970396283677,0.1465961120959023,0.28827656986195477,0.008900810061519167,0.1879931720559595,0.11947631251550596,0.1427138377523875,0.1448420974575138,0.12966830546627106,0.103886320390985,0.11749690702330758,0.10486910246997613,0.11591903139288202,0.11387496907953908,0.09860817660519336,0.10640877489213746,0.08640095548055894,0.11437207742893783,0.14438230976801342,0.05738935619139351,0.0950130309585419,0.12587079484673125,0.10686161491811158,0.07710342135118818,0.12501796379848917,0.09691298144891378,0.08521337765306085,0.029147098130605356,0.18900579864531228,-0.0797397322428304,0.08844243419425868,0.12235858174505537,0.031093332079401733,0.024276299294462487,0.04278219953687233,0.11685060823056383,0.005038173252020761,0.05161520764729795,0.10529939391932289,-0.000588096827704535,0.06805753360266031,0.09369940651498006,0.03904002283904434,0.03489091152440857,0.07497332060466631,0.14243454465322838,0.022697791377245695,-0.056913165375800864,-0.15306216893094754,-0.0005187926259766919,0.01159378430956871,-0.019202805114757554,0.014055888981401863,-0.002943913074558715,0.06722022843760327,-0.009179137418955572,0.14382360006718045,-0.02268274279434806,-0.1937932403066798
0.1465961120959023,1.9343513729399529,0.24950911980534532,-0.3366091760018915,0.007588606685911481,0.27709977773228056,0.1736449216872313,0.23153205929035298,0.2859308568233805,0.12724030209501722,0.2026123334872798,0.09481627533948908,0.1988518929998737,0.09204957943861453,0.253282692525922,0.12816949228370633,0.19143361089952451,0.027303770935520735,0.15595092668915336,0.18216317981014646,0.27529915905134067,0.14638454895916891,-0.2632689727431192,0.0138288282674215,0.17139064143512622,0.21281252964090724,0.1376154675213496,0.23432698445879555,0.32010337915326204,-0.12168300124937984,0.15669955958239473,0.13690770012631226,0.038227059209252894,0.054110107592994554,0.3573489450121405,-0.08121747757080683,0.19618194265451147,0.11217159450685688,0.19815633735286806,0.11196037985293238,0.09511513757765075,0.2717005063058398,0.17137422963751495,0.011672897397349898,0.4349031108793004,0.13030488887444402,-0.03445706703382093,0.09774087450291596,0.44853248506724763,-0.16502629131009894,0.2449067433507432,0.18254262541994717,-0.09667390310280177,-0.05506527767969747,-0.18486272032740397,0.07901972249964473,0.031982865404413245,0.1163217304718181,0.03226562422300231
0.28827656986195477,0.24950911980534532,2.9212923958103647,0.7782218244825292,-0.3155913163459942,0.34821562789658983,0.3012758173934907,0.43501152431283907,0.5313238669574684,0.4602271961593304,0.3586845009145841,0.27569477722608393,0.3814361646181057,0.23484647632253633,0.2795174365397009,0.27837654216624697,0.32833001479709173,0.4439206331928011,0.14229148049392198,0.13026606058487647,0.24377230871611444,0.4412942304477644,0.41319726639242077,0.28829237458668144,0.22239027342928666,0.42408132908257457,0.24190811647495408,0.18791823656650378,0.613062703251529,-0.7847078838955256,0.2591790639037747,0.3019257711635759,0.15325245331571916,0.3021280117201205,0.11407473838717822,0.43599754420370096,-0.09670268630628434,0.20020135907813624,0.15158008082206795,-0.6353411033933923,0.207272156591337,0.24780053553126133,0.182053023501832,0.16108577297237578,0.6041344591845158,0.5600519511401935,-0.11084624228234854,-0.29165439856076564,-0.963625650424375,-0.07052629162286149,0.08433124946089755,0.4812726740445206,-0.21613053078511305,-0.138706585921729,0.15208248849811998,-0.08948157589723112,0.06391116854017814,-0.2536590239875255,0.08301555785467375
0.008900810061519167,-0.3366091760018915,0.7782218244825292,2.6722553266024627,-0.019448378096587043,0.7711247388248276,0.5849161977975661,0.5124297434653229,0.3753730585064784,0.6685767433106365,0.5636336438920699,0.7936125628111143,0.5364725817072324,0.6109573782147305,0.38581862970062264,0.6539208787428026,0.6294325210425844,0.6614133115195928,0.4297147736479531,0.3507525448368455,0.18960756628789183,0.5865817350569948,0.621460278422768,0.4017238514928605,0.1100360101097677,0.6266508908288294,0.5036640744005798,0.13322722257698272,0.620144523610984,-0.3185517277952959,0.35460379347063303,0.6336086634643385,0.2935233178077354,0.4162369461669574,-0.10347838414602502,0.5811035216964867,0.0687826917517028,0.41295514739475603,0.23779728564021332,0.16952197473175884,0.16522543566666748,0.15405345941119522,0.5011126283315984,0.2332129267740017,0.09571206170543889,0.5092956721872243,0.23950703917408173,-0.12663214647184692,-0.12010013471559552,0.1936871944344014,0.04083142153467262,0.451076852925048,-0.20113134174242076,-0.26977994702625213,-0.1390626724821836,-0.15594194964781954,0.0629906966793973,0.11930796482366339,0.1528188095811818
0.1879931720559595,0.007588606685911481,-0.3155913163459942,-0.019448378096587043,1.5574153563178164,0.2806632135564941,0.1935348006702377,0.43446801341295965,0.1535502966644496,0.1856184327496102,0.2513121078375935,0.21557495726653275,0.3007385890743565,0.20852528116089467,0.1772356391437086,0.24453637628894126,0.18969614637084078,0.18764845213659492,0.7657630624235642,0.30817924797912805,0.09493098436848892,0.22323271953401524,0.2645038362874174,0.1903014891607411,0.01842633719984374,0.27066714320281854,0.20528463250704057,-0.0651565667365345,0.3524773731878811,-0.025869077041933336,0.11547744425537998,0.20434153540554006,0.0801809633214794,0.44652478155176023,-0.1336833798219685,0.25109355149642226,0.06551255900170012,0.09734087334213466,0.2001836677822155,0.21340865177829893,0.13815815957564345,0.09121272499211913,0.13508139830005628,0.060323462110834385,-0.29659697449300965,0.17805788386381538,0.06990217608767109,-0.044942637546115514,0.0055748222346820395,0.3163740113953748,-0.0740603807890322,-0.2982419170397113,0.04706804890964942,0.010732386032375226,0.03105788174863312,-0.04189749871042901,0.13839934284992358,-0.008355269217143987,-0.04092537510664051
0.11947631251550596,0.27709977773228056,0.34821562789658983,0.7711247388248276,0.2806632135564941,1.154719750700146,0.3706437841626753,0.7047984869750222,0.36890749526356154,0.48555503980181136,0.5377968928011312,0.5448176491631782,0.5079594156403197,0.45417769995538226,0.4288740292756013,0.4889910518342836,0.5706300775107045,0.37116279216962245,0.7368696564501678,0.6751725354546281,0.33276515473955454,0.45386202346438914,0.2565180497949695,0.36002517401010065,0.12782565879086777,0.5431048366781437,0.46126588806433216,0.22781849257360137,0.7790531560023893,-0.12266849907612112,0.3443989359100015,0.4848224030500546,0.07901656833348397,0.4610866384354269,0.36454481151166634,0.3755943220658729,0.1472913647651905,0.3978100428491415,0.3879783538605981,0.3332530127078182,0.07869734315327406,0.2837837327553506,0.6766446591730385,0.1524534569302762,0.43440453474530993,0.3762022417159487,0.2324089698936596,-0.03982263559486578,-0.003884208608203052,0.23172360637585668,-0.02231364814218968,0.127592669933275,-0.07684004440148424,-0.15218862295403107,-0.03808549714002244,-0.08868442746088628,0.14584019749223606,0.11964517567234818,-0.07574259962380196
0.1427138377523875,0.1736449216872313,0.3012758173934907,0.5849161977975661,0.1935348006702377,0.3706437841626753,0.5544126094283071,0.2988363460778809,0.2675126369865587,0.24780877508378896,0.308127532283451,0.39157170107375744,0.29015166754808747,0.2822758709252481,0.19492885013691347,0.3321099544985499,0.3430989906112569,0.26190596902154206,0.2899239491840477,0.2276605312473468,0.19623183729730292,0.32231046802485286,0.2770735462827709,0.21532360096638897,0.12675913253563476,0.2930869062278368,0.260444119683559,0.07274205727356109,0.3855961647560927,-0.20644646992105653,0.18778045427371223,0.29643191181679496,0.09477914923817495,0.27027087432394153,0.10750435797850609,0.24426992015642554,0.04576098910059062,0.20599205907739254,0.2236032791319494,0.15527889698409073,0.09303130079799797,0.18228212028977245,0.2930235992186254,0.10356153356699194,0.11608191033615098,0.2537763578683581,-0.006225438758498211,-0.04771873859285522,0.02414144325726316,-0.009197032008673448,0.04487003986925261,0.10268933292189776,0.055783937032408686,-0.13045438820186978,-0.033975450982892806,0.015350507600515689,0.03760370915242387,0.09828838489992203,-0.18636622758226845
0.1448420974575138,0.23153205929035298,0.43501152431283907,0.5124297434653229,0.43446801341295965,0.7047984869750222,0.2988363460778809,1.2228710864857535,0.21391173376443096,0.3567848527504794,0.44062979407035907,0.08051671003280127,0.4951218499742368,0.3390735432633794,0.22579558635762567,0.35459368760575577,0.4436791172162341,0.23211381608947465,0.5759824997877918,0.6275648452700425,0.1439721443347866,0.3347393228439948,0.20112103618758054,0.2606817234862537,0.020065297501567318,0.51472297549696,0.34190037637423304,0.1089542191426496,0.6601934998701576,-0.19334465133873766,0.23142899442836867,0.38078291349432253,0.04848319783558113,0.4336898276114705,0.26808567300386493,0.27099678901046914,0.0905516184044775,0.22145078128302778,0.43549658533867297,0.23931314984996935,0.15567430331521107,0.1108392513621244,0.4412921655095339,0.11024212016710776,0.19930535621385814,0.33566831997070756,0.09608545107753165,-0.015284486242029964,0.22361646281346617,0.23279142925326982,0.0047020747178451415,0.08874432966681778,0.036713380721173645,-0.1947196856997824,-0.009829764603206207,-0.1745687964137506,0.3667896277166958,0.11446225474884912,-0.16835240272811497
0.12966830546627106,0.2859308568233805,0.5313238669574684,0.3753730585064784,0.1535502966644496,0.36890749526356154,0.2675126369865587,0.21391173376443096,0.7315019313726072,0.3136506006050633,0.28228525299472496,0.2967281605867164,0.28113400752729106,0.28840124677328394,0.29065460415488864,0.267013520344757,0.24760031551831502,0.27491573777726014,0.2928326209470391,0.18370563497831188,0.1905261901970315,0.4459271206112437,0.3397353165403044,0.3036909170975009,0.1014780200333519,0.34579775107357547,0.22916633795701477,0.10566158045286049,0.347640251510613,-0.09614409121313604,0.25789135424863363,0.3131808220230353,0.11478438560238799,0.17389714137704118,0.12540632924978617,0.3401082512405741,-0.025721733457916666,0.204936220222385,0.2099878239893236,0.07396042312328512,0.1525109068784826,0.1864504513849294,0.23037656640479595,0.10473417071535807,0.17296922612750373,0.33804896376485843,0.1049462423042628,-0.10597584013270775,0.16758743514590974,-0.15891987115608328,0.0810148059771468,0.17394001060947548,0.042649487500635484,-0.12954811608456088,0.02281271815019755,0.12993008761349165,0.08809091147661803,-0.025308576863851705,-0.23355553689779684
0.103886320390985,0.12724030209501722,0.4602271961593304,0.6685767433106365,0.1856184327496102,0.48555503980181136,0.24780877508378896,0.3567848527504794,0.3136506006050633,0.9670375363674635,0.4381818795386751,0.47578896737917886,0.4361730344658431,0.36734269843498923,0.34682327784925054,0.40109045713200736,0.4067266093467958,0.37078658401574793,0.37451125024686305,0.4617789590629638,0.23493736362787584,0.3907628121884567,0.33154519647387154,0.3529522081524824,0.11298532849015692,0.38022682700178867,0.3567894100607173,0.20047703188600174,0.607520048941754,0.03188118685641983,0.3264162604106314,0.3498820559741907,0.13211711277937488,0.49431915640566776,0.3253565626200978,0.45605841464965635,0.06965583800340128,0.24198020297881753,0.2519257771005549,0.18062218379332234,0.3149019355383428,0.2188011215989795,0.5304920993268905,0.13319124663679197,0.3892416085675315,0.3848265899456064,0.2293566657978409,-0.08592579774008365,-0.23742151113351043,-0.07524922860015311,0.0700979977668479,0.06802317953556071,0.06155257167997588,-0.06807388323223965,0.14139130310353687,0.06136507436456252,-0.1412097764356784,-0.15899785349839302,0.10094940114288746
0.11749690702330758,0.2026123334872798,0.3586845009145841,0.5636336438920699,0.2513121078375935,0.5377968928011312,0.308127532283451,0.44062979407035907,0.28228525299472496,0.4381818795386751,0.6142387522878713,0.43556493405685326,0.40998610231240246,0.32580768692190654,0.37683568122475386,0.38550536486756876,0.43446688086855345,0.32456643546795305,0.40042553380892437,0.4266058434188023,0.2499889293636049,0.35831012616025726,0.30103072284822985,0.31174461310037577,0.12812545309724124,0.3810080598463024,0.334332779987167,0.1688606320414604,0.5727739216934586,-0.09449406602317732,0.28007418441261683,0.31897344070029104,0.10771369063334231,0.4110348524877282,0.2852361455416055,0.36655858885711706,0.09184336497690902,0.22533631968300027,0.30659326678440796,0.20795414402539875,0.22358389370388998,0.23228304230557129,0.41020557617397385,0.12014813731315707,0.24910504070235504,0.33146472162706536,0.1443687779727962,-0.047853754336715335,-0.07544922047404214,-0.019556894342845077,0.025509195809586355,0.07941091787822405,0.05791802055143369,-0.09228918341609792,0.013003389825414135,-0.07510552534121787,0.09433875758013265,0.014492900141320361,-0.04994717617588483
0.10486910246997613,0.09481627533948908,0.27569477722608393,0.7936125628111143,0.21557495726653275,0.5448176491631782,0.39157170107375744,0.08051671003280127,0.2967281605867164,0.47578896737917886,0.43556493405685326,0.9262855560118878,0.33613705552519746,0.3887267912452488,0.3767937408237087,0.45455966140358295,0.4596391629994273,0.5056179102610578,0.4087245412274942,0.27352509775332295,0.29711963359972315,0.38824421948172144,0.3499488289713914,0.2537469860885749,0.18715914946677842,0.37513847663953287,0.39146306411987,0.18371530251787593,0.44749089936393843,-0.07534213827660773,0.3155339709370006,0.3507035266125486,0.18798000546235696,0.3774778304708359,0.23701166383882563,0.39569095765641893,0.12310791833833197,0.30441005969461565,0.17658436243184886,0.2201161434010871,0.15871432278975448,0.2724296156762672,0.5021490237258415,0.1296005953159878,0.3270879768332542,0.3347515936204788,0.23199697852449186,-0.04915044287958204,-0.20770067810058798,-0.07252283925176624,0.054757144627308504,0.10872410325059664,0.04226104035063764,-0.11041934413478113,-0.08510371203452745,0.026839111094592135,-0.14660487049826468,0.10769634610733397,-0.006551425063458059
0.11591903139288202,0.1988518929998737,0.3814361646181057,0.5364725817072324,0.3007385890743565,0.5079594156403197,0.29015166754808747,0.4951218499742368,0.28113400752729106,0.4361730344658431,0.40998610231240246,0.33613705552519746,0.6624588788935362,0.3369468670226299,0.25062951052486154,0.3861646387006126,0.37744891858208923,0.31774912677703604,0.4113274419457067,0.3514480877789161,0.19410438267800773,0.40309081349585313,0.28959648616315975,0.2559889283397254,0.03597168249822719,0.3200023954808785,0.35236339928680843,0.1708065323033497,0.6078265834901437,-0.10691703955558336,0.21851704810194858,0.33182189002187285,0.15903470489342209,0.38476350459062575,0.22907355949775862,0.3821871301232107,0.09050196515127552,0.14896340136862501,0.30457486146674195,0.18104210174605437,0.21130973978328066,0.1772857328342387,0.3510404992198321,0.13054042372051486,0.08033545155739794,0.35035993325222914,0.13430466041711073,-0.07936316459876101,0.003463293855167611,0.0848057436674434,0.046732932599966526,0.03305518635318531,-0.0027326995402371925,-0.1319226923534308,0.04136170438266548,-0.20747829094549472,-0.00025066131395055555,-0.0861967098046895,0.252241209411151
0.11387496907953908,0.09204957943861453,0.23484647632253633,0.6109573782147305,0.20852528116089467,0.45417769995538226,0.2822758709252481,0.3390735432633794,0.28840124677328394,0.36734269843498923,0.32580768692190654,0.3887267912452488,0.3369468670226299,0.6043504583277807,0.33324862128319355,0.43713131696927315,0.36244137182369845,0.2967552736107533,0.33684290564892294,0.3226216337466691,0.19163339835777202,0.3739287597919091,0.29543872223453127,0.2976599644080616,0.09469731953833464,0.39916314651597073,0.3324825498066924,0.1430140418115735,0.4372115845371804,0.04292124744958569,0.2691829052529574,0.5279665910314209,0.14584275879836026,0.25478055480506806,0.18044024605232187,0.35323615008727727,0.10809528573165728,0.23513866729487554,0.12447350586967702,0.19968936406021368,0.22125753283959917,0.17594765233353538,0.3727867296071516,0.11290781267502968,0.22306232890660832,0.3296519442633822,0.23654393378393979,-0.04673815604067208,0.163637707462338,0.019393942786301795,0.013946781750823556,0.008136133904074281,0.03839842698731135,-0.02933775875217824,0.00381967193818734,-0.07376909766195155,0.08740458579946882,-0.006120840482719342,0.09242983369800647
0.09860817660519336,0.253282692525922,0.2795174365397009,0.38581862970062264,0.1772356391437086,0.4288740292756013,0.19492885013691347,0.22579558635762567,0.29065460415488864,0.34682327784925054,0.37683568122475386,0.3767937408237087,0.25062951052486154,0.33324862128319355,0.6253564066453571,0.3251054400182868,0.37890057506734937,0.2923203583647074,0.33019912831688,0.350376496367453,0.2481410998169864,0.28350181437522093,0.318552805290341,0.31419804932381457,0.1297668593933762,0.327351808283263,0.2654494897641248,0.20949928436308152,0.47703831039806494,-0.014697989113527229,0.2596158302403684,0.3050335418568486,0.09821693458619,0.29892107923333283,0.2298112499031848,0.3504666172500957,0.1053847463173649,0.19321990782940487,0.14968408784613077,0.16244418503512306,0.2703030348049855,0.235403894020174,0.37256220280196684,0.1042959769335491,0.30759862300354207,0.273093726808291,0.16586135945827693,-0.05062698247641317,-0.20212063502109395,0.1702113876632719,-0.002948961792825343,0.12684371842425343,-0.17125079115178057,0.01814371571282429,0.02899910717457598,0.029176044305902926,0.01295759925138888,0.007429886893486735,-0.051252701059553804
0.10640877489213746,0.12816949228370633,0.27837654216624697,0.6539208787428026,0.24453637628894126,0.4889910518342836,0.3321099544985499,0.35459368760575577,0.267013520344757,0.40109045713200736,0.38550536486756876,0.45455966140358295,0.3861646387006126,0.43713131696927315,0.3251054400182868,0.627539921914726,0.4546228447418322,0.3281467499013258,0.37369246368047476,0.365456551171965,0.2345681598494647,0.4307086676684769,0.27962874300345425,0.2825857303531304,0.08628944156035966,0.3022604555553251,0.3739312775586691,0.17507680491262329,0.5093939025799346,-0.014981203279871845,0.28745243607441956,0.3817447832808913,0.13810604444864258,0.34632127898793386,0.2958539393079311,0.34715296453746247,0.1571497139889341,0.2688514443218875,0.2688460211061436,0.25609150930404295,0.21606436663842518,0.2160322720904429,0.4871050738525068,0.12725422428189523,0.2304565383532839,0.32850604876572775,0.20379728645408307,-0.058078960895896745,0.12475443903546886,-0.0851887196509726,0.015814575195570117,0.06257031621880813,0.11778775303748668,-0.10737807693081572,-0.020900976304991957,-0.08240906786241987,-0.026347689687407215,0.059986613178052296,0.11159461821947024
0.08640095548055894,0.19143361089952451,0.32833001479709173,0.6294325210425844,0.18969614637084078,0.5706300775107045,0.3430989906112569,0.4436791172162341,0.24760031551831502,0.4067266093467958,0.43446688086855345,0.4596391629994273,0.37744891858208923,0.36244137182369845,0.37890057506734937,0.4546228447418322,1.0338386843409244,0.37523001932284783,0.4214075475194462,0.5654882085856757,0.2960955729064404,0.3951601150878017,0.23095889520477297,0.262119675420111,0.27437437490333155,0.2263194113969092,0.36960550037447837,0.2512632928392969,0.6194337924564416,-0.07474955752512283,0.3615983632347031,0.29283045999901136,0.1734227773805631,0.43167236824035543,0.3869785171398812,0.3034936750599624,0.41067908199920067,0.4723807205889464,0.43780402620054454,0.31934450090638805,0.21523898721069984,0.2548828445510398,0.709903004770037,0.14617015811850942,0.4705607481493135,0.3408730320904356,0.21846785603721106,0.010379161859863395,-0.0011572120528224527,0.07632346786685176,0.03631117219846121,0.1613561572465557,0.12346156034360148,-0.17703787381264985,0.02669409804405969,-0.10548778602519873,-0.006843478997525615,0.10197522014467846,0.06975814562785265
0.11437207742893783,0.027303770935520735,0.4439206331928011,0.6614133115195928,0.18764845213659492,0.37116279216962245,0.26190596902154206,0.23211381608947465,0.27491573777726014,0.37078658401574793,0.32456643546795305,0.5056179102610578,0.31774912677703604,0.2967552736107533,0.2923203583647074,0.3281467499013258,0.37523001932284783,1.324589390082586,0.37176783841767413,-0.08856868903820234,0.2343187016784981,0.42493895683108546,0.48952104999768115,0.08120160746210428,0.17760088445807387,0.5124780435210957,0.2302177534106906,0.32059391866317716,0.3475709082597557,-0.019863286530671306,0.4754722250020871,0.2200291994420275,0.35910173018351943,0.3793249907249377,0.21968235998732893,0.6337409800056365,0.16022668730162878,0.22490970386328354,-0.024156659013825677,0.10826401017076699,0.35721139634020177,0.16876258045440623,0.6454141285291515,0.1211365958636224,0.5883576794018422,0.40442494478130575,0.6236121147153747,-0.1392914111969079,-0.6397319089195408,-0.15459854573114612,0.2055855724153333,0.29135473031040154,-0.11147718248527684,-0.12847112890295662,-0.08187249954284279,0.039418349598349896,-0.255017969363312,0.20450389224554125,-0.003852770650346161
0.14438230976801342,0.15595092668915336,0.14229148049392198,0.4297147736479531,0.7657630624235642,0.7368696564501678,0.2899239491840477,0.5759824997877918,0.2928326209470391,0.37451125024686305,0.40042553380892437,0.4087245412274942,0.4113274419457067,0.33684290564892294,0.33019912831688,0.37369246368047476,0.4214075475194462,0.37176783841767413,1.081575619600683,0.5241410082622011,0.24855690487246876,0.3549753987249544,0.2750026862901931,0.29236417674369947,0.04750326990704219,0.3918283540353538,0.35034751135188114,0.19528421634207146,0.5503688751281641,-0.23333836188683668,0.2813484978480422,0.3697179310344345,0.07168266700818682,0.4287631441258359,0.1298426353018206,0.32611356841248246,-0.03675912170591797,0.31269085659378504,0.27003710649659607,0.3480800639802799,0.1364567628052622,0.19775903214028015,0.4633741747742713,0.1064743667157125,0.2798330516332317,0.3354231628140282,0.07807958435949834,-0.05616371860436238,-0.1901641948390703,0.10655380708308418,0.2994719501672102,0.44533745245004375,-0.3815688203084203,-0.15290880035802987,-0.002227244380823415,-0.015527156045830113,0.09237619579126606,0.07129966983598535,-0.0835147249189436
0.05738935619139351,0.18216317981014646,0.13026606058487647,0.3507525448368455,0.30817924797912805,0.6751725354546281,0.2276605312473468,0.6275648452700425,0.18370563497831188,0.4617789590629638,0.4266058434188023,0.27352509775332295,0.3514480877789161,0.3226216337466691,0.350376496367453,0.365456551171965,0.5654882085856757,-0.08856868903820234,0.5241410082622011,1.7965438144695758,0.16708849505229087,0.21747996372532943,0.15250884352690705,0.4638673104159814,-0.13391422647935727,0.36483551796403124,0.5042158800577256,0.2717439028968488,0.9781856220232624,0.19345039947644077,0.362343861681086,0.3252238890972252,0.10073408761576504,0.7020784499822096,0.5732146790137463,0.3437479315879336,0.4691447659340878,0.5192516240082975,0.5117207276560686,0.5965919895953589,0.2944081626156264,0.10084391201147636,1.1565367083420799,0.10318756832215498,0.8077486263104542,0.3291656027132347,0.024815451308449036,0.1258101210179299,0.08050819663257355,0.05109378683503325,-0.04196373081059158,0.004989840397795107,0.2309535041296488,-0.12277209644986241,0.1502130066642695,-0.10556903713074868,0.011981857990165797,0.08475196643906341,0.024275013647415893
0.0950130309585419,0.27529915905134067,0.24377230871611444,0.18960756628789183,0.09493098436848892,0.33276515473955454,0.19623183729730292,0.1439721443347866,0.1905261901970315,0.23493736362787584,0.2499889293636049,0.29711963359972315,0.19410438267800773,0.19163339835777202,0.2481410998169864,0.2345681598494647,0.2960955729064404,0.2343187016784981,0.24855690487246876,0.16708849505229087,1.1547819067703071,0.2687380571961775,0.03012873441656208,0.11465272735237358,0.5010423075486758,0.11827092526433457,0.17729015180424118,0.3782331318808115,0.29808077428453145,0.038015940730808225,0.23565606567614195,0.16522266757006612,0.16931874010246795,0.31487719862096514,0.5245231468883271,0.003437401997911021,0.15838520912830908,0.503161139799184,0.3652020571646213,0.16868358145551782,0.18735292996027342,1.0748106754155846,0.7217924678726018,0.1557180164022673,1.2863698558552368,0.15890820601900837,0.2059411972059645,0.14523027387628318,-0.6301858842561984,-0.05685912915865052,0.11271516412006537,-0.08061177882989355,-0.05812164395193744,-0.0017443301082978426,0.05745835562756542,0.020471039885541432,-0.08981781737108954,0.07026804888360079,-0.017459625308952283
0.12587079484673125,0.14638454895916891,0.4412942304477644,0.5865817350569948,0.22323271953401524,0.45386202346438914,0.32231046802485286,0.3347393228439948,0.4459271206112437,0.3907628121884567,0.35831012616025726,0.38824421948172144,0.40309081349585313,0.3739287597919091,0.28350181437522093,0.4307086676684769,0.3951601150878017,0.42493895683108546,0.3549753987249544,0.21747996372532943,0.2687380571961775,0.8222547551635009,0.4104059207032742,0.29286817001694865,0.022804151972045057,0.2932878119556018,0.3102734340666025,0.14120161860129632,0.5267090254899129,-0.0006138320524419896,0.32518203053076955,0.3705313534687426,0.17734045704333865,0.3594356075292806,0.19734143038384802,0.4926643820102399,0.055873572335320795,0.3338549041114078,0.3105630197632677,0.15320988183039078,0.23280231459019995,0.2547928665170747,0.38797140728518387,0.14513589880430258,0.17002683622049347,0.437068722517453,0.2510244183388268,-0.2457098983882922,0.407647022733273,-0.10168092435770835,0.032418522577502766,0.05120540014731457,0.12290528502852285,-0.1325895728065533,-0.005624679386254384,-0.03998743957048105,0.006694995389249213,0.009525289390282944,0.0301807149658389
0.10686161491811158,-0.2632689727431192,0.41319726639242077,0.621460278422768,0.2645038362874174,0.2565180497949695,0.2770735462827709,0.20112103618758054,0.3397353165403044,0.33154519647387154,0.30103072284822985,0.3499488289713914,0.28959648616315975,0.29543872223453127,0.318552805290341,0.27962874300345425,0.23095889520477297,0.48952104999768115,0.2750026862901931,0.15250884352690705,0.03012873441656208,0.4104059207032742,1.4347628827823269,0.5774662419176303,0.1263395233456438,0.25167675372919746,0.1958763941280456,-0.09312906708952262,0.6000580806622889,-0.04476388246250569,0.07536305915297013,0.2536912275883555,0.05579830431726856,0.3873786754387042,-0.1665486962595261,0.8465862062412661,-0.3038024851005789,0.07845609884349233,0.08538125854767573,0.1763287285759679,0.405694024130319,0.014578301077121996,0.3337004349708468,0.2337345247130477,-0.1728777930421343,0.4361272195322401,0.19277605990177457,-0.3061212261024539,-1.0001275491059345,-0.046251717335972636,0.0901930723818146,0.06721240989269937,0.0077706298908388274,-0.03446598216705679,0.08919668190090353,-0.0058888416346264206,-0.08821087054195532,-0.04566970018153255,-0.012193707141724004
0.07710342135118818,0.0138288282674215,0.28829237458668144,0.4017238514928605,0.1903014891607411,0.36002517401010065,0.21532360096638897,0.2606817234862537,0.3036909170975009,0.3529522081524824,0.31174461310037577,0.2537469860885749,0.2559889283397254,0.2976599644080616,0.31419804932381457,0.2825857303531304,0.262119675420111,0.08120160746210428,0.29236417674369947,0.4638673104159814,0.11465272735237358,0.29286817001694865,0.5774662419176303,1.444033337536734,0.32430352564448883,0.2422264502197197,0.25014201607832365,0.11731436026844108,0.3526947627079609,0.38488253165712866,0.5358423754661745,0.28036298846309904,0.05919118298728565,0.3863583325429523,0.2586277144688155,0.6383504100562907,0.06492964590379748,0.2366006749115783,0.2526942059215985,0.09690785712553455,0.4329228814512379,0.11344105761741238,0.2337360742137418,0.1459067696487276,0.212705036282573,0.42975182726865924,0.2769743583799279,-0.10642473782441872,-0.5128284538989297,0.023625539621522904,-0.017350719526558332,0.03585863831652479,0.11082750847886484,-0.12013861112677446,0.27920564826928296,0.1136485470675201,0.23434764369984334,-0.4141123502116829,-0.1099866512233311
0.12501796379848917,0.17139064143512622,0.22239027342928666,0.1100360101097677,0.01842633719984374,0.12782565879086777,0.12675913253563476,0.020065297501567318,0.1014780200333519,0.11298532849015692,0.12812545309724124,0.18715914946677842,0.03597168249822719,0.09469731953833464,0.1297668593933762,0.08628944156035966,0.27437437490333155,0.17760088445807387,0.04750326990704219,-0.13391422647935727,0.5010423075486758,0.022804151972045057,0.1263395233456438,0.32430352564448883,3.4463970202479657,-0.31523498496429814,0.03563247886300683,0.15991396208698122,0.2732545579140233,0.550882665581381,0.208125634206343,0.0987678339154957,0.09002940505658166,0.6587228032178007,0.38284645539328477,-0.056528383777472165,0.5571880181732821,0.6497919181010766,0.8850522585543176,-0.1062250351187856,0.06986208635814369,0.5284012949747936,0.6189261921531662,0.16010607138091887,0.8581801434818642,0.3763276097453351,0.43568699793726656,0.08815817396147656,-0.9360419679095697,-0.22725859912591817,-0.0004714240324369583,-0.2069630865197534,0.17473438610156178,-0.01293832413648699,0.15829881252555875,0.24491266441932724,0.14412273513148968,-0.13672909391032312,-0.3528777285664286
0.09691298144891378,0.21281252964090724,0.42408132908257457,0.6266508908288294,0.27066714320281854,0.5431048366781437,0.2930869062278368,0.51472297549696,0.34579775107357547,0.38022682700178867,0.3810080598463024,0.37513847663953287,0.3200023954808785,0.39916314651597073,0.327351808283263,0.3022604555553251,0.2263194113969092,0.5124780435210957,0.3918283540353538,0.36483551796403124,0.11827092526433457,0.2932878119556018,0.25167675372919746,0.2422264502197197,-0.31523498496429814,1.9972052451746596,0.2837944556496034,0.20922162960674567,0.052774405703357785,-0.11305322928550021,0.37637156487408413,0.4192200227270456,0.2489692946133386,0.4936754524804582,0.18890200151011066,0.506649618174928,-0.1281990524656784,0.26933674222083476,-0.803328138907218,0.07085371053829952,0.45328100529422355,0.0970763357010138,0.6097812264518939,0.06454600184545195,0.34497974212380106,0.3508788570270156,0.20116610581491787,0.02781606145962598,-0.04678066814701025,0.3268377039130463,-0.13547942901482657,0.16434539715133184,-0.12114493674215054,-0.18793104892476445,-0.051524665313463225,0.04450991896126192,-0.052560252598173374,0.21257729082184668,-0.07261852147735885
0.08521337765306085,0.1376154675213496,0.24190811647495408,0.5036640744005798,0.20528463250704057,0.46126588806433216,0.260444119683559,0.34190037637423304,0.22916633795701477,0.3567894100607173,0.334332779987167,0.39146306411987,0.35236339928680843,0.3324825498066924,0.2654494897641248,0.3739312775586691,0.36960550037447837,0.2302177534106906,0.35034751135188114,0.5042158800577256,0.17729015180424118,0.3102734340666025,0.1958763941280456,0.25014201607832365,0.03563247886300683,0.2837944556496034,0.6040170883538875,0.1984003804988209,0.4585188758488413,-0.005122793398247543,0.26330809593023213,0.3922657448791441,0.1824272128661473,0.31001159374195103,0.23868758244718094,0.32345874055963836,0.20387735332953758,0.23340689115940427,0.23596997074917705,0.24186064605072963,0.21074223490588437,0.15669539526121115,0.45163792921506174,0.10070138441848965,0.2277418332957989,0.3428830255655275,0.13130634709626957,-0.0196402717019701,-0.029127648328255568,0.05479516714765634,0.01348592812973688,0.0844144499447466,0.005589930367671805,-0.10137844289416789,0.00556326844851151,-0.07905900118138481,-0.0030319487700949618,0.033512977229386204,0.07775802593982838
0.029147098130605356,0.23432698445879555,0.18791823656650378,0.13322722257698272,-0.0651565667365345,0.22781849257360137,0.07274205727356109,0.1089542191426496,0.10566158045286049,0.20047703188600174,0.1688606320414604,0.18371530251787593,0.1708065323033497,0.1430140418115735,0.20949928436308152,0.17507680491262329,0.2512632928392969,0.32059391866317716,0.19528421634207146,0.2717439028968488,0.3782331318808115,0.14120161860129632,-0.09312906708952262,0.11731436026844108,0.15991396208698122,0.20922162960674567,0.1984003804988209,1.0462973338112258,0.179897681254347,0.24082827596271628,0.3600100904786271,0.16336101742261339,0.5133052287069738,0.19393486412630292,0.7188014027418841,0.30470215211707724,0.5833049975922603,0.24276635679920539,0.1110336331283954,0.12245964735229539,0.34948893759204513,0.37067460061528956,0.5468939706275981,0.15052206439877805,0.6914570689860893,0.13675676826099206,0.30290730894396506,0.19191707500365587,-0.21714695065704862,0.34576097564964203,0.0182114164958779,0.560951840769445,-0.9206062902100792,-0.007687340587006344,-0.007361770620423793,-0.015664237498447038,-0.13414442664422963,0.023008020068084577,0.09705375117304166
0.18900579864531228,0.32010337915326204,0.613062703251529,0.620144523610984,0.3524773731878811,0.7790531560023893,0.3855961647560927,0.6601934998701576,0.347640251510613,0.607520048941754,0.5727739216934586,0.44749089936393843,0.6078265834901437,0.4372115845371804,0.47703831039806494,0.5093939025799346,0.6194337924564416,0.3475709082597557,0.5503688751281641,0.9781856220232624,0.29808077428453145,0.5267090254899129,0.6000580806622889,0.3526947627079609,0.2732545579140233,0.052774405703357785,0.4585188758488413,0.179897681254347,3.164757817861455,-0.5845094142684816,0.03665181959783774,0.441574825236096,-0.2137568037953076,0.7101158243054082,0.582783403507886,0.7413220825745179,-0.46504770496004494,-0.1939291757049762,0.661443063166847,0.4463900752210384,0.9445645472825076,0.25740249374379354,0.8495992587465512,0.06601015031564113,0.48349761086218207,0.5384186416172412,-0.18247770859367346,-0.46872848893664815,-0.9446795522600692,0.23563503529472174,0.037725035102477426,-0.2253488688884574,-0.14394407754642763,0.0654740807544415,0.13456082309826292,-0.27980735430812237,-0.08463562003764945,0.05304267016690427,0.23501724937162718
-0.0797397322428304,-0.12168300124937984,-0.7847078838955256,-0.3185517277952959,-0.025869077041933336,-0.12266849907612112,-0.20644646992105653,-0.19334465133873766,-0.09614409121313604,0.03188118685641983,-0.09449406602317732,-0.07534213827660773,-0.10691703955558336,0.04292124744958569,-0.014697989113527229,-0.014981203279871845,-0.07474955752512283,-0.019863286530671306,-0.23333836188683668,0.19345039947644077,0.038015940730808225,-0.0006138320524419896,-0.04476388246250569,0.38488253165712866,0.550882665581381,-0.11305322928550021,-0.005122793398247543,0.24082827596271628,-0.5845094142684816,4.033892853815418,0.4482163042079903,-0.12967331026634074,0.5102338463986745,0.14940169193096445,0.638192570409591,0.8983340678248284,0.9539104247431736,0.4913874923491953,0.5306102245188891,0.007369331343293,0.5715703067318303,0.02655244681193519,0.7362069345602104,0.045712516235642875,1.0319450683033993,0.5012899099005302,2.007823652714024,0.1416317327034557,-0.7617922204490153,-0.23720099767546202,-0.2918697379716338,-1.0067731994705345,1.1156491641416284,0.00605043129292637,0.13481796914847277,0.05622810162572809,-0.1789466540811186,-0.001557007869873719,-0.0014063625621300625
0.08844243419425868,0.15669955958239473,0.2591790639037747,0.35460379347063303,0.11547744425537998,0.3443989359100015,0.18778045427371223,0.23142899442836867,0.25789135424863363,0.3264162604106314,0.28007418441261683,0.3155339709370006,0.21851704810194858,0.2691829052529574,0.2596158302403684,0.28745243607441956,0.3615983632347031,0.4754722250020871,0.2813484978480422,0.362343861681086,0.23565606567614195,0.32518203053076955,0.07536305915297013,0.5358423754661745,0.208125634206343,0.37637156487408413,0.26330809593023213,0.3600100904786271,0.03665181959783774,0.4482163042079903,1.3114640255510963,0.22262302774754456,0.2671336555930495,0.22436243148616422,0.4693275496988841,0.6550871546646904,0.4989368229151517,0.39794061841937195,0.1692641923676021,0.10171556329282018,0.38282988152968256,0.20454318843309655,0.41316493540033133,0.08527409589998798,0.6565574096743463,0.4543621011992151,0.5125581031476767,0.002425767622337619,-0.3340368185668207,-0.01834034885981481,0.003782446982204589,0.1490681329687076,0.08155889033064073,-0.1629592159489317,0.10671174707207194,0.17988113965208188,0.1208196064072765,-0.15199328675516596,-0.2166197232250733
0.12235858174505537,0.13690770012631226,0.3019257711635759,0.6336086634643385,0.20434153540554006,0.4848224030500546,0.29643191181679496,0.38078291349432253,0.3131808220230353,0.3498820559741907,0.31897344070029104,0.3507035266125486,0.33182189002187285,0.5279665910314209,0.3050335418568486,0.3817447832808913,0.29283045999901136,0.2200291994420275,0.3697179310344345,0.3252238890972252,0.16522266757006612,0.3705313534687426,0.2536912275883555,0.28036298846309904,0.0987678339154957,0.4192200227270456,0.3922657448791441,0.16336101742261339,0.441574825236096,-0.12967331026634074,0.22262302774754456,1.0196460147626762,0.15934131377745184,0.06957295082584719,-0.03819756973252672,0.2783039300954071,0.0518745729705238,0.23580493667468932,0.055016373521123665,0.17403444439076854,0.08075650520453621,0.15151969758399406,0.25268426302533165,0.08669411150073286,0.11286935202487779,0.3622608356264057,0.08775119393245523,-0.05083496460615552,0.28670080102774054,0.2685268999209813,0.06280632027502223,0.21319012754708275,-0.468903032745004,-0.01644230062212441,-0.007232096135781118,-0.06567547964220209,0.12939456228434143,-0.00820561873031906,0.021388206796606152
0.031093332079401733,0.038227059209252894,0.15325245331571916,0.2935233178077354,0.0801809633214794,0.07901656833348397,0.09477914923817495,0.04848319783558113,0.11478438560238799,0.13211711277937488,0.10771369063334231,0.18798000546235696,0.15903470489342209,0.14584275879836026,0.09821693458619,0.13810604444864258,0.1734227773805631,0.35910173018351943,0.07168266700818682,0.10073408761576504,0.16931874010246795,0.17734045704333865,0.05579830431726856,0.05919118298728565,0.09002940505658166,0.2489692946133386,0.1824272128661473,0.5133052287069738,-0.2137568037953076,0.5102338463986745,0.2671336555930495,0.15934131377745184,1.3037363423525832,0.17310551819534495,-0.12110824418136562,0.22345348783271732,0.8600822864032314,0.3240908903360621,0.07228292905722827,-0.12127927101461017,-0.04760222568612112,0.17405996380801741,0.3199153288732043,0.17555822299458743,0.3197233030671787,0.1641183975372369,0.5525006744294153,0.2293193938191267,-0.13280526345483373,0.12981823029240921,-0.15030598450647878,-0.00225971605499403,-0.025316117665792438,-0.11364608256849346,-0.036732129449568614,-0.172957273198283,-0.18169458934357016,0.08392942110382458,0.27533660541291444
0.024276299294462487,0.054110107592994554,0.3021280117201205,0.4162369461669574,0.44652478155176023,0.4610866384354269,0.27027087432394153,0.4336898276114705,0.17389714137704118,0.49431915640566776,0.4110348524877282,0.3774778304708359,0.38476350459062575,0.25478055480506806,0.29892107923333283,0.34632127898793386,0.43167236824035543,0.3793249907249377,0.4287631441258359,0.7020784499822096,0.31487719862096514,0.3594356075292806,0.3873786754387042,0.3863583325429523,0.6587228032178007,0.4936754524804582,0.31001159374195103,0.19393486412630292,0.7101158243054082,0.14940169193096445,0.22436243148616422,0.06957295082584719,0.17310551819534495,2.9229404499284533,0.6334886535235495,0.39393232428537817,0.509007758102365,0.2677481142839488,0.3295008432431073,-0.17854442202804743,0.3639165492608574,0.2746408443171973,1.1632587578429596,0.15384646115956171,0.7731885991842715,0.09916332629985329,0.27662056043696515,0.07732417760516135,0.36809164551061,-0.21302431440198122,-0.06394534949192716,-0.19194276020054427,0.43520868016213604,-0.07465220808786473,0.09135205086390212,-0.15040238137607248,-0.13728871982835086,0.06063486754419516,0.21289761773444554
