0.5262503448188938,0.22243794513599496,0.34283167511868207,0.014695025629354307,0.09373130309316868,0.1248038219385972,0.15691783019505592,0.06811129628962141,0.12462086760725428,0.09393763409528054,0.10335157422158742,0.12636740850500128,0.07749574654171286,0.08481081332022784,0.11987938197143015,0.0758066687101672,0.09578320778849256,0.09680250871732818,0.10501881853945641,0.09633053937505755,0.11745519640402902,0.09250666517404786,0.01947298127721203,0.00203979581228872,0.14347126402175145,0.025961880806512152,0.07852770195546854,0.07118727317266302,0.16704345278959193,0.044366928303413995,0.09428227894637768,0.05195760943404168,0.024133435666782423,-0.02013760760666889,0.12260240959434028,0.0872951958019792,0.07142580584503466,0.06758292467333732,0.10451784689182746,0.08159107900971085,0.09923135761266284,0.08479221185892272,0.13460630998211026,0.006055107304388513,0.15480438508825511,0.18439485349392482,0.13500971799104824,0.008923499987135075,-0.03635177876840037,-0.056762387184481455,-0.015484291538948024,0.05465502720007611,0.0010542848210637814,0.014663257081951844,0.08343241154383106,0.006337415269096417,0.016672796575681673,-0.03332810397069928,-0.053253838743790555
0.22243794513599496,1.8785629617529533,0.9311687008140541,-0.14608380961046477,-0.046346450440250465,0.4002259293881479,0.20281863182995807,0.2159508170024515,0.22785842575628892,0.2712540655653754,0.25261577137059865,0.2819999502793085,0.1842917216917341,0.13909695746486667,0.4154018407686674,0.13333579872033163,0.18927186438953184,0.2531600558713784,0.24736573743209603,0.4637378333353706,0.40656237425203284,0.14275324341437523,0.014676842983801999,0.2106688722762285,0.3645105177663772,0.2848079761062717,0.20343559118478938,0.28924454421997436,0.44577374446143164,0.19042573675092211,0.2352110275110749,0.17891022590988429,0.20769336588771575,0.3138188062906575,0.32214876226416095,0.2774754625078455,0.4008652932874426,0.2486345548811245,0.22330144972880397,0.2870131743693325,0.18296378882715403,0.33063252807991383,0.471645262306449,-0.024534365430639617,0.8330982714067536,0.28481951570953795,0.34277970351643217,0.04569114991865488,-0.32058714150858914,-0.20622890345778908,0.19122985045765162,0.11459943079102586,-0.09465615427257107,-0.060648526529751806,-0.43183345050143307,-0.07243876151332874,-0.29020574638570723,0.42133221338503946,0.09784799442169968
0.34283167511868207,0.9311687008140541,2.2356679268258413,0.08771548432292395,-0.37171869873468777,0.7318682471170861,0.11987814062526989,0.37885946354126177,0.5144047517642919,0.44588914076318437,0.4308886116273707,0.44712339498231807,0.2758023989752458,0.2664501580271716,0.4959220516267378,0.20834994399604503,0.4688184160239985,0.2590964166915304,0.36974456473137157,0.5304201463590676,0.43870778421578993,0.3556236118782288,0.15994095531902977,0.37414141050036115,0.5262742397467571,0.2403459809563717,0.26092484936134985,0.31644069603177,0.6633771763397226,0.21711165538604876,0.33408355290478653,0.3204349253765788,0.2788795407952715,0.42541310922521564,0.47446530737190434,0.37448824942195896,0.3801031373913715,0.3128484794829163,0.39327824736485606,0.32097279754487007,0.21444894703381698,0.3806246637601896,0.4992714494182869,0.02947621463126663,0.7118354306076108,0.5768560726054792,0.5788652342068071,0.019012165994210198,-0.14431323691702347,-0.09274633420322008,0.012570635637831819,0.3221974645538613,-0.04980079660703261,-0.17804246040342972,-0.07034483425747852,0.004481488656109541,-0.1280763674734087,0.05715646215356231,-0.09512328016176982
0.014695025629354307,-0.14608380961046477,0.08771548432292395,1.7969665595961137,0.37878453233301485,0.17437070621501094,0.2102270460442491,0.24672935736301696,0.17368805246410568,0.1304073861730946,0.18556294672818022,0.18922774051218771,0.20349853303133197,0.303900272136788,0.14576478938985862,0.24468508982034454,0.17776202291638674,0.22670342275174063,0.14381632198921135,0.15134227257885957,0.14988467995010712,0.2425413034924006,0.23708671755344296,0.29553297479604496,0.18641861888242361,0.2516282686586558,0.14636776275198102,0.15019400432775964,0.17457268122031397,0.16529817906412603,0.19549303188188463,0.20755523208986404,0.2680885373994316,0.24327199967561375,0.11095429080074512,0.2500542284888376,0.22114428901823274,0.09808881283454422,0.2498353470874294,0.08529695123295088,0.17831195736557326,0.17488558030632437,0.2772968375901269,0.2118580795933015,0.22225962860171009,0.1295826960390466,0.19529737947230877,0.010314926634127915,0.0741143626782076,0.1978184777107999,-0.09655406882164091,0.04089780656380067,-0.0713267101791291,-0.14856051422150876,-0.19346564069342806,0.02226490660702197,-0.1742431485206651,0.2387033513534475,-0.12996761552921243
0.09373130309316868,-0.046346450440250465,-0.37171869873468777,0.37878453233301485,1.3686772279468158,-0.18511960983024578,0.38911305637864396,0.07471672377107919,-0.04100681046922862,0.04723548493479154,0.06624358606705659,0.10294127433719502,0.12717047505843623,0.1159277614896655,0.07530036233678793,0.2031929143547493,0.011896846315621544,0.154785089535612,0.26106061811694226,0.07079444835860729,0.10154488029870906,0.12929554909502744,0.15343401949805088,0.17184163413383755,-0.02925659327667533,0.2004825663418024,0.1049251944325819,0.10749115650287629,0.029923664813041765,0.1220375120247095,0.13182065607901872,0.10338871443596497,0.19056668535070315,0.16281028885314627,0.07421895528629031,0.16459684813046213,0.2698983438043561,0.05107589063840184,0.15360334929288627,0.10551795260210244,0.24750381948841266,0.12078702599565917,0.228850716545641,0.042330883955081895,0.1812237032513879,0.03963825928181185,0.1295013741297058,0.05303850300274766,0.11117453577268835,0.16091285533989017,-0.1342253026616847,-0.23106696696172133,-0.025634762301691316,0.11584858582899901,-0.06012338387093449,-0.06670406424959872,-0.1342225147960881,0.07251328933869798,0.15863904781052454
0.1248038219385972,0.4002259293881479,0.7318682471170861,0.17437070621501094,-0.18511960983024578,1.318579750762424,-0.11839741053145887,0.4562169936919706,0.28083459520754384,0.028261475016781855,0.40250222737810576,0.40062089383432126,0.2528360641552339,0.34934138754593824,0.36541037784666097,0.33401025736120293,0.45181915238083964,0.13280445974011537,0.4502689699759766,0.5401305944022929,0.4174396371381473,0.2758460249291441,-0.020509264309409955,0.26516760260592975,0.4982506586950457,0.40246850963690317,0.3334616283628884,0.2638603150310102,0.5938057912713328,-0.10867332084022298,0.30183840022240893,0.3155225259670917,0.09801873099857054,0.4434620003480139,0.36592196178511976,0.2527560834329664,0.37400448321565194,0.27798836394215104,0.3700722832945042,0.3220190841602165,0.14000070282322544,0.3722940794347284,0.5693006098429154,-0.002660552744589912,0.9173603342380212,0.44638949458909244,0.3951745984738237,0.006729309252111701,-0.3350258809728647,0.26432713356674575,-0.20051578099860848,-0.005519764257479533,-0.21008901363182433,0.021722520892642438,-0.06460080813173882,0.0463145133736359,-0.17536209786051715,0.19669499573171217,-0.15449569522001466
0.15691783019505592,0.20281863182995807,0.11987814062526989,0.2102270460442491,0.38911305637864396,-0.11839741053145887,0.963761048722931,-0.036015089029413326,0.21973098661640592,0.15046521261417473,0.1501719208709824,0.2907647129278239,0.17769288729373817,0.02708159156312161,0.07212241489752966,0.17447232107583965,0.06018932296725113,0.2276617299196988,0.14022208384754029,0.12677230516652305,0.18746989996500626,0.24859366357956877,0.26054843319348797,0.24832723397517012,0.18095202456034856,0.1353704790772693,0.1529217414541549,0.11040297425413664,0.10724946374824679,0.22432953119542895,0.16737418066104898,0.21746700083090514,0.28222284686868393,0.2598734866878058,0.05525272824635603,0.22759667337519734,0.15272033625678078,0.08971978217201225,0.1820839795639153,0.11583684173636298,0.15214091291519816,0.17193034378162786,0.21931851816205641,0.047905472769886756,0.1574204277524602,-0.09767659093568525,0.1986630590881526,0.004944586931901648,0.3917323986513104,-0.28583885291068106,0.011665360986573298,0.12355576990479654,0.03689360098468434,-0.06135034067342464,-0.05808821424789556,0.05645951092506891,-0.0026907234322516077,0.05398227575298754,-0.1122333322506451
0.06811129628962141,0.2159508170024515,0.37885946354126177,0.24672935736301696,0.07471672377107919,0.4562169936919706,-0.036015089029413326,0.7723813979703487,0.08253265847160028,0.16912437341972988,0.2816388561077323,0.10523240043009559,0.2557798363040359,0.3026302753129098,0.17224453276305757,0.22047028834286986,0.4095655365564103,0.13616737924882633,0.2296144848437512,0.33948977948696113,0.197185193513737,0.1760545609389091,0.07228250389818071,0.22296972689832578,0.2060363049817671,0.2505726747358582,0.19241041352412303,0.06949816172605859,0.2858822664160913,0.10683694781363373,0.18354309339179853,0.18650188869779072,0.1643473751402456,0.2852126764856976,0.14015640830500276,0.14761969037227174,0.3310842544025855,0.1758314756782136,0.33020170356264483,0.1743870519853543,0.11671333636429837,0.2086724666212613,0.32405202607472694,0.03814568182714069,0.34023153050702254,0.19100789357675466,0.31773563276627115,0.0349642024464494,0.15919599256565692,0.3088263650477247,-0.032531944136712544,-0.051298709949372655,-0.005315710070950638,-0.1600074998571307,-0.08119812876830096,-0.02112438625013912,-0.02480016433907305,0.19938618802975985,-0.10059431126461783
0.12462086760725428,0.22785842575628892,0.5144047517642919,0.17368805246410568,-0.04100681046922862,0.28083459520754384,0.21973098661640592,0.08253265847160028,1.206578970269799,0.09454344499147717,0.13948896349706053,0.22971289892645622,0.19405955977669673,0.19595954504629462,0.1681387519758565,0.12372984422333023,0.1551650855391537,0.17126540665081263,0.1543981513072696,0.17664829942594837,0.22177816689048693,0.5094652228377623,0.299354230311004,0.3005797782097264,0.1816136109475594,0.27884357083411887,0.2148742848028755,0.17706027054466322,0.1344762963224078,0.35260791727570806,0.22598824953747784,0.3108795730075383,0.30603312568181346,0.3091684004989482,0.1351353102089087,0.2845720052926383,0.1627544006925607,0.12236345356168543,0.2936095538903553,0.1908102130003093,0.19839876237162324,0.21379164324419292,0.3474812009987178,0.05791598501836978,0.2750285894476468,0.22097989226029932,0.347473530747884,-0.03432719337518228,0.6654135105670038,-0.09250525143773393,0.16837144051723768,-0.10156421824278973,0.0026868165826533234,-0.07344235842979986,0.008480715016582496,0.27395052401740644,0.0484387457080162,0.0008911863017337634,-0.3938022852261688
0.09393763409528054,0.2712540655653754,0.44588914076318437,0.1304073861730946,0.04723548493479154,0.028261475016781855,0.15046521261417473,0.16912437341972988,0.09454344499147717,0.6977675982695861,0.15658922082272364,0.15370288652255493,0.1354855463437575,0.17859021667592936,0.22179122489513284,0.14617760460126322,0.1629406655597225,0.2532118872697819,0.07498731069187209,0.05752762766031571,0.07248361221275701,0.16904365302796454,0.25956434580718596,0.20210268973442702,0.1623580442158959,0.12029394971617989,0.10553264480242955,0.11914287568114688,0.2069794073658904,0.24316526459772414,0.14967103373483873,0.17176516774684053,0.16623521053502122,0.17284336485067867,0.1648634959629504,0.20413205156686576,0.11374023350356675,0.052080980869191336,0.1768990877804616,0.10696592035426394,0.22962282462653902,0.10588727330560214,0.13107800430350175,0.06663500756582043,-0.03361365639881499,0.26600721113937853,0.3608118481819402,0.04812264403958473,0.24969588356327094,-0.09481793540846756,0.02638978010721997,0.16731824206347712,0.027059577045896673,-0.05925220089869003,-0.05462673118209493,-0.011328892398884837,0.07268839042583916,-0.0008496240972218548,-0.05338006578012924
0.10335157422158742,0.25261577137059865,0.4308886116273707,0.18556294672818022,0.06624358606705659,0.40250222737810576,0.1501719208709824,0.2816388561077323,0.13948896349706053,0.15658922082272364,0.440703143664616,0.2795284428950826,0.21307560101573722,0.22399365481813804,0.27531817060753566,0.25526779614515716,0.39267312771690693,0.15951424925658894,0.19674140987978975,0.3333258365582548,0.29348511434116464,0.19749274416057438,0.07348704145730758,0.2115617388353933,0.2657965970111528,0.19395933588550662,0.22959716361442536,0.17743991815873533,0.3551268733437107,0.014389121683801433,0.21985955777250682,0.21893471267606873,0.16590548947217315,0.30684359285245827,0.2582172817683338,0.2232931032739702,0.2713961844853997,0.17567463294264532,0.21650447492315011,0.20594869599366716,0.18464324435971016,0.26047822220800976,0.33859398974089633,-0.0021198645424255415,0.4457222502657708,0.31545895566542437,0.33441561372497913,0.02624814493390792,-0.1371436763572151,0.017427458430413198,-0.04915625771957798,0.00951260046030836,0.03323739203318053,-0.003816223078415996,-0.04611406870262998,-0.00727907679579553,-0.09786464398552609,0.08032829833641587,-0.03797452151890758
0.12636740850500128,0.2819999502793085,0.44712339498231807,0.18922774051218771,0.10294127433719502,0.40062089383432126,0.2907647129278239,0.10523240043009559,0.22971289892645622,0.15370288652255493,0.2795284428950826,0.6467853107679149,0.18727068465050437,0.21039161557525268,0.24836095603288308,0.2918097465667834,0.2766242946967978,0.28999483443061363,0.23900195524951698,0.2698081826436502,0.29269539128829314,0.2536775743181149,0.15318714713314618,0.22168933759894358,0.40478240099072843,0.2718754079435703,0.28062849404669227,0.1766598561028483,0.3521298744797179,-0.08063774948873652,0.27778853249799207,0.31424163752360945,0.1755027720512518,0.3385982403531205,0.22492476917199491,0.3678349367034059,0.1032238001767728,0.16250185198853798,0.17078445530443467,0.2117583498710462,0.2261881593561429,0.26899117048310045,0.34453857807953037,-0.022734163580460126,0.5592752691129189,0.36922742326705466,0.30890475444062954,-0.003892139524759838,-0.3167488683361473,-0.3047047852610974,0.06780445188319775,0.06738168678155801,-0.02747375315984471,0.0519811859896043,-0.0777730597888899,0.04635464183424477,-0.09536111854077504,0.0985645665142174,-0.22296544291431186
0.07749574654171286,0.1842917216917341,0.2758023989752458,0.20349853303133197,0.12717047505843623,0.2528360641552339,0.17769288729373817,0.2557798363040359,0.19405955977669673,0.1354855463437575,0.21307560101573722,0.18727068465050437,0.3579844808907022,0.18725745650848383,0.13108268014434274,0.1972142343602739,0.2297595371394721,0.18189420993558883,0.1628551369202661,0.19547551828945564,0.19286232660661104,0.2334009272081171,0.14429663188728278,0.2078904925033486,0.21445944421121466,0.19288422839167513,0.18514911980669602,0.13423821194441346,0.2813517134661074,0.08961173937906641,0.17758686164946905,0.20326586472122296,0.17487821602264328,0.24157125612497823,0.18379094685150743,0.20706216132500424,0.1875630899887854,0.11034703035364325,0.24366445333201542,0.15391230055894442,0.1803080881514649,0.18547737913252232,0.23996115864642587,0.030857090320001637,0.1800690480732194,0.18079843330502182,0.24715065779238532,0.007784865648407963,0.17059303145401644,0.10188569678788867,-0.008226778854408093,-0.05418743345220849,-0.018748977574742098,-0.047280231442018615,0.004170460255292214,-0.012356583181187205,-0.11853447913959168,-0.019493445495518544,0.10694174724860551
0.08481081332022784,0.13909695746486667,0.2664501580271716,0.303900272136788,0.1159277614896655,0.34934138754593824,0.02708159156312161,0.3026302753129098,0.19595954504629462,0.17859021667592936,0.22399365481813804,0.21039161557525268,0.18725745650848383,0.6674301543522475,0.2658434141928218,0.35484234591534214,0.28352100595356017,0.12829594874927483,0.17764018520017458,0.21735064967290843,0.2208862172075017,0.24490846388132329,0.11260329724539889,0.2105543204880329,0.23411445590949262,0.2501538108826003,0.15637887313068438,0.20626106577942876,0.3057963100919905,0.062449181802327045,0.20733937764759705,0.19593896156924087,0.14529974721628378,0.24568216329502396,0.25028156290006626,0.2495471175925025,0.23850483116535168,0.12197958806141869,0.18185134679249176,0.1924383905119329,0.26213668051801403,0.22816747102690343,0.3846064334804857,0.03269609315241881,0.4053596766385284,0.33169919639974405,0.29522937100319785,0.010852782880128368,-0.08081808759678642,0.061639347211348075,0.00859341922840891,-0.09658551876669952,-0.06415570547778808,0.05835508747171746,-0.10707461320274979,0.013246363939515017,-0.14139576148205096,0.1914305029026735,-0.04721178871189824
0.11987938197143015,0.4154018407686674,0.4959220516267378,0.14576478938985862,0.07530036233678793,0.36541037784666097,0.07212241489752966,0.17224453276305757,0.1681387519758565,0.22179122489513284,0.27531817060753566,0.24836095603288308,0.13108268014434274,0.2658434141928218,0.9712897015647444,0.20149925888337117,0.1441022445835491,0.15772249200182195,0.22855534644704456,0.38271557894554936,0.29410727380601054,0.1315401848965874,0.05798819172465456,0.2196297983278415,0.1926131290129338,0.27157691653980814,0.18617176222468637,0.3020840071662779,0.30493835995072016,0.08287137515803893,0.2176640162226774,0.1817577697481056,0.19000023688866732,0.30379754074731813,0.3208922443436317,0.1866886638694297,0.31662866661694067,0.16714366996256508,0.24823958347275496,0.22110352409756925,0.19144335699925336,0.2686527364061026,0.4637597593416303,0.019972619983125873,0.6250715804764508,0.40960670368007335,0.37165598163043023,0.06880989468595303,-0.23789762376679124,-0.0798846496112076,-0.19766246500160728,0.29884983885631083,-0.0739560900657362,0.01181165646287805,-0.07804634133393121,0.0695447718093572,-0.21409237558714864,0.12930349457073845,0.0027818767926526215
0.0758066687101672,0.13333579872033163,0.20834994399604503,0.24468508982034454,0.2031929143547493,0.33401025736120293,0.17447232107583965,0.22047028834286986,0.12372984422333023,0.14617760460126322,0.25526779614515716,0.2918097465667834,0.1972142343602739,0.35484234591534214,0.20149925888337117,0.7194184388803595,0.35885588831552573,0.1417763204705761,0.24575418269468954,0.21715913449302662,0.27626112595716773,0.3478945249291238,0.07796545908033004,0.21832274236470187,0.2483528675435351,0.18432211033811646,0.25255351008637256,0.23956848882548984,0.3615645174795345,-0.036127383101703575,0.23311569031598312,0.24504167035001076,0.16193918803982352,0.3096978995900072,0.33464095142441047,0.2643266898149148,0.25709905045674625,0.12803188155369677,0.2273123440740996,0.22451661854339952,0.2686384444856782,0.294866214949967,0.4661273744263296,0.016033604570243602,0.4726008561047275,0.42972802653385894,0.3566969104376783,-0.02296890204232611,-0.11562576398132347,-0.051797596687571744,-0.038294418916428555,-0.07147196546340993,-0.06676224079400987,0.06688605609927117,-0.025300714664253165,0.05429735199735606,-0.20626839281617934,0.08805711448302221,-0.022806767707903946
0.09578320778849256,0.18927186438953184,0.4688184160239985,0.17776202291638674,0.011896846315621544,0.45181915238083964,0.06018932296725113,0.4095655365564103,0.1551650855391537,0.1629406655597225,0.39267312771690693,0.2766242946967978,0.2297595371394721,0.28352100595356017,0.1441022445835491,0.35885588831552573,1.2008968447862125,0.07331964173840398,0.23809965769993813,0.44443169171085617,0.40971420787590734,0.24932293087032636,-0.06048415392796375,0.21358186752477454,0.4641698731917396,0.004596312262239916,0.30141278552170436,0.2552267992488834,0.4911905098317821,-0.03497436760397658,0.3043516874693856,0.2233980272419223,0.23682826573091065,0.3755815032273278,0.34260201284954545,0.27784521644268767,0.5077125235708397,0.24802201321080736,0.15725091733653976,0.22743532470815367,0.2448218781649364,0.3384292258200082,0.47920563484557743,-0.023991326343043243,0.6185718131541901,0.5388998164858793,0.5158909028784395,0.002094519770649181,-0.47071963703612896,0.11226403064520411,-0.01715823540793136,0.05240120787840985,0.10572901033242973,-0.020867285303362505,0.026219885361683386,-0.05032361498274191,-0.09130903632735869,0.027363605902107416,0.021642983490561804
0.09680250871732818,0.2531600558713784,0.2590964166915304,0.22670342275174063,0.154785089535612,0.13280445974011537,0.2276617299196988,0.13616737924882633,0.17126540665081263,0.2532118872697819,0.15951424925658894,0.28999483443061363,0.18189420993558883,0.12829594874927483,0.15772249200182195,0.1417763204705761,0.07331964173840398,1.3115534997683644,0.2508440637588765,0.02560953448418564,0.1942604356218621,0.26806316783790457,0.4362169357913555,0.1438532362357638,0.5572000176971369,0.40652079554714854,0.15891548884248444,0.27139914875526283,0.3510441922183663,0.007119574402101937,0.3870341406943167,0.24851236584738637,0.20435696440222367,0.3404921904846852,0.22824504618369065,0.47372288485548886,0.17360339573858846,0.053596768518109655,0.2737797017312977,0.20630148178294092,0.33854098480555606,0.18939656103327318,0.3561684045568411,0.050366889660032395,0.36281221921035306,0.19754655796418844,0.19393500544790399,-0.013279347307417215,-0.04817358470383207,-0.06483601774764469,0.29271417361866,0.035816472692699254,-0.14165434031228608,-0.05690017227999169,-0.079329860207803,-0.06641035990739921,-0.07844015318111076,0.07365253914365935,0.013692215979602827
0.10501881853945641,0.24736573743209603,0.36974456473137157,0.14381632198921135,0.26106061811694226,0.4502689699759766,0.14022208384754029,0.2296144848437512,0.1543981513072696,0.07498731069187209,0.19674140987978975,0.23900195524951698,0.1628551369202661,0.17764018520017458,0.22855534644704456,0.24575418269468954,0.23809965769993813,0.2508440637588765,0.8410023557517914,0.37407152038175895,0.3004095120585786,0.21344690808313363,-0.030577718830797854,0.20039368571456265,0.33509855105591363,0.1815289185502284,0.22465261663569697,0.26612590493053806,0.2266943443672072,-0.01110148005194972,0.2920041091841046,0.2130127607819488,0.2374518649951366,0.2924060374647336,0.18795192654227394,0.20227796526056185,0.37564433500770456,0.21551859436209936,0.3865987674810649,0.22541114757828642,0.1873017226095825,0.2593480127809068,0.47516728183691576,0.020242478604848606,0.5855812613033451,0.3695080397338741,0.3626526291888175,0.06858458221019398,-0.02642541291303148,0.1418298538990939,0.13578127533942633,0.07989278444107592,-0.2601803665292644,-0.07921336839911573,-0.07281183890578756,0.01626855469281751,-0.11655424339759113,0.12798075802869102,-0.010977744684953352
0.09633053937505755,0.4637378333353706,0.5304201463590676,0.15134227257885957,0.07079444835860729,0.5401305944022929,0.12677230516652305,0.33948977948696113,0.17664829942594837,0.05752762766031571,0.3333258365582548,0.2698081826436502,0.19547551828945564,0.21735064967290843,0.38271557894554936,0.21715913449302662,0.44443169171085617,0.02560953448418564,0.37407152038175895,1.1347327076505305,0.2944770233234985,0.10609472881876503,0.04768709109234731,0.3026249300203986,0.46343756094636107,0.34649816524650295,0.3973295356450926,0.2638764490165799,0.43545492225459875,0.020545099300407134,0.33618223658777296,0.27491209195170907,0.26786359313232033,0.45113242395075354,0.2604827330587343,0.1910274656333104,0.6667342808468204,0.5142069750992956,0.5733188356087796,0.37441367800727915,0.18927032883204384,0.3928025102703376,0.638398167869764,0.006404205091415869,0.9228602881657567,0.14523486557867338,0.48945402679471145,0.14712895290021286,-0.020296230766505257,0.003895233861208082,-0.12869067320089564,0.24969394993691396,-0.054442932220843676,-0.11206242548440143,-0.05659393845144795,-0.005091962800548253,-0.09218587950750912,0.12842543514214966,-0.0440357897906678
0.11745519640402902,0.40656237425203284,0.43870778421578993,0.14988467995010712,0.10154488029870906,0.4174396371381473,0.18746989996500626,0.197185193513737,0.22177816689048693,0.07248361221275701,0.29348511434116464,0.29269539128829314,0.19286232660661104,0.2208862172075017,0.29410727380601054,0.27626112595716773,0.40971420787590734,0.1942604356218621,0.3004095120585786,0.2944770233234985,0.7235794838576854,0.23296522046656618,0.11714474652907064,0.19329190659193204,0.3568458868966196,0.07068962688858274,0.22329234043196258,0.29360283472203375,0.3819276151147646,0.1440613167827608,0.25887831175036996,0.2220799069384193,0.20572032015322733,0.3655933085517505,0.388679547369999,0.3075683530153969,0.3824736565139636,0.1778051348669072,0.19051832774847594,0.30625634493755133,0.19425172790391979,0.44115008398243766,0.5617931906918863,-0.01998568480893279,1.0327268445557025,0.36039659708690125,0.40438113805832493,-0.0095957990131501,-0.5514270888034731,0.025495671097309984,0.04102478028764712,0.03651194466287887,-0.11283747797255901,0.018434764884170653,-0.11165697889076816,0.0016037450061106406,-0.19133048076195353,0.15310329570227305,-0.020994746166667362
0.09250666517404786,0.14275324341437523,0.3556236118782288,0.2425413034924006,0.12929554909502744,0.2758460249291441,0.24859366357956877,0.1760545609389091,0.5094652228377623,0.16904365302796454,0.19749274416057438,0.2536775743181149,0.2334009272081171,0.24490846388132329,0.1315401848965874,0.3478945249291238,0.24932293087032636,0.26806316783790457,0.21344690808313363,0.10609472881876503,0.23296522046656618,0.8792619443251122,0.32429621093494904,0.2901613071322172,0.26793102431494364,0.22057749306113605,0.24550186172974955,0.19087944892937342,0.2951549881809203,0.20790012696864293,0.26768665354274956,0.37046799912194744,0.31444553328551633,0.3254560089710149,0.1687318541468615,0.3675349123879318,0.16730918061089461,0.1075285146183382,0.39276025460776587,0.21546090183681774,0.2889171955643814,0.24388345193656166,0.3576783514343868,0.07959232856494675,0.09366776787285011,0.5394920736142399,0.4364315930697656,-0.1463772718645879,0.8164324096820583,-0.008853777504268205,0.10787177962558459,-0.22363753205598177,-0.04782177756756159,-0.02991067424477516,-0.02187069990350499,0.11630610513354021,-0.06485882607162911,0.017980653736337646,-0.1405555049086881
0.01947298127721203,0.014676842983801999,0.15994095531902977,0.23708671755344296,0.15343401949805088,-0.020509264309409955,0.26054843319348797,0.07228250389818071,0.299354230311004,0.25956434580718596,0.07348704145730758,0.15318714713314618,0.14429663188728278,0.11260329724539889,0.05798819172465456,0.07796545908033004,-0.06048415392796375,0.4362169357913555,-0.030577718830797854,0.04768709109234731,0.11714474652907064,0.32429621093494904,1.3078636279014124,0.4099156434344393,0.5053983792605714,0.1253508039606515,0.11150629980639779,-0.03912939407590541,0.29358473608187813,0.5587747390189399,0.154335963085378,0.2565621520896643,0.3612999298537875,0.2352249904187731,-0.028203902452523088,0.42859286227222776,0.13015121180346106,0.013494905044943125,0.4726297429728182,0.202522842890652,0.2964566654714094,0.13747057992586095,0.26239988311900525,0.18872813575740222,-0.16801432884462944,0.07554021875485292,0.35192852242503236,0.08197566307746026,0.7715583570653278,-0.05650459115774515,0.02329539617659225,-0.0989113780490718,0.09025184547710581,-0.07531760961296148,-0.03388715717745444,0.005760108028506638,0.039114115289831254,0.018682800409713665,-0.06675589598026006
0.00203979581228872,0.2106688722762285,0.37414141050036115,0.29553297479604496,0.17184163413383755,0.26516760260592975,0.24832723397517012,0.22296972689832578,0.3005797782097264,0.20210268973442702,0.2115617388353933,0.22168933759894358,0.2078904925033486,0.2105543204880329,0.2196297983278415,0.21832274236470187,0.21358186752477454,0.1438532362357638,0.20039368571456265,0.3026249300203986,0.19329190659193204,0.2901613071322172,0.4099156434344393,0.9848666538033649,0.4560734759288411,0.3668110182097417,0.2705963631789698,0.2661465438121208,0.22536453347963054,0.7794149985668266,0.3161231511608532,0.42959313441316765,0.6252784785676748,0.16400248665040892,0.10088369068491078,0.5076130435235565,0.13536588777131264,0.16798176901928522,0.33483841273459025,0.1976070441433284,0.33704558587841066,0.2607229806304459,0.34230393917537205,0.09210486360617579,0.25062346243759487,-0.25926172447948975,0.24630817160524365,0.06832415312422851,0.6555034473288331,-0.003267408154273573,-0.017202693142214377,-0.002112898406257633,0.010880701501883062,-0.09602945940005053,-0.12241277105033524,-0.05432022098135076,0.009395481010679363,0.13789578924537657,-0.05269060816501859
0.14347126402175145,0.3645105177663772,0.5262742397467571,0.18641861888242361,-0.02925659327667533,0.4982506586950457,0.18095202456034856,0.2060363049817671,0.1816136109475594,0.1623580442158959,0.2657965970111528,0.40478240099072843,0.21445944421121466,0.23411445590949262,0.1926131290129338,0.2483528675435351,0.4641698731917396,0.5572000176971369,0.33509855105591363,0.46343756094636107,0.3568458868966196,0.26793102431494364,0.5053983792605714,0.4560734759288411,3.3742651987443883,0.39198141920132473,0.3726371623688601,0.3270027363359177,0.6174885461951286,0.382651222054846,0.6656410972959992,0.5665465191072763,0.24462310713600496,0.839808066360221,0.5042277693759504,0.5800306268520589,0.07095973061848754,0.3147974244252855,0.6104204563842558,0.46072044188075023,0.2946732044906042,0.35389271096651115,0.7502619043071124,0.05180480792669456,0.8669887547691258,-0.41600041345969124,0.36806935720193923,-0.025939147150247508,0.3751735548114744,-0.4590235730429574,0.5314218550720337,-0.10324419424216974,-0.07280307332303987,-0.08634124432854201,-0.025465045470889167,-0.06633402098852527,0.020183487346839057,0.08076261005450945,-0.057359852442862555
0.025961880806512152,0.2848079761062717,0.2403459809563717,0.2516282686586558,0.2004825663418024,0.40246850963690317,0.1353704790772693,0.2505726747358582,0.27884357083411887,0.12029394971617989,0.19395933588550662,0.2718754079435703,0.19288422839167513,0.2501538108826003,0.27157691653980814,0.18432211033811646,0.004596312262239916,0.40652079554714854,0.1815289185502284,0.34649816524650295,0.07068962688858274,0.22057749306113605,0.1253508039606515,0.3668110182097417,0.39198141920132473,2.2136320588183866,0.21556359641068157,0.31742048574233916,-0.0594307498206134,-0.3263424295375669,0.4065870827008512,0.50161055819195,0.15026187189484547,0.4233367258207641,0.31083675633562585,0.41698030333833175,-0.2951932668076172,0.1940091425926549,0.4660372924840335,0.35747243168573795,0.4789096661135254,0.29057681858498297,0.7578380086800258,-0.012843179247084377,1.5286343130028441,-0.26337804808177223,0.04541255503577666,-0.018957712064465337,-0.093734692136803,0.27019002515784996,-0.3843328648816446,-0.04482767484245363,-0.1287805497762043,0.045615502544978176,-0.19459754198496165,0.059974502413093066,-0.11736246333836217,0.3114030481726288,-0.29486917934844703
0.07852770195546854,0.20343559118478938,0.26092484936134985,0.14636776275198102,0.1049251944325819,0.3334616283628884,0.1529217414541549,0.19241041352412303,0.2148742848028755,0.10553264480242955,0.22959716361442536,0.28062849404669227,0.18514911980669602,0.15637887313068438,0.18617176222468637,0.25255351008637256,0.30141278552170436,0.15891548884248444,0.22465261663569697,0.3973295356450926,0.22329234043196258,0.24550186172974955,0.11150629980639779,0.2705963631789698,0.3726371623688601,0.21556359641068157,0.9050113071320727,0.30579178548812025,0.3042370387185495,0.1763468631385588,0.29707246281036126,0.3213311754067222,0.25063906254209634,0.3205798883348328,0.3360159382949672,0.35875194359266477,0.2578144193502778,0.21286047679141368,0.2509404896173515,0.22601377196583936,0.2943986518572492,0.2643495219225932,0.3521555690118885,0.006600754286161493,0.4146285247377069,-0.003670703768381175,0.19791133845243816,0.026123119722234966,0.15895967485436066,-0.05668294183107308,-0.009014940962675735,0.05939733306307794,-0.06088622416285234,0.019558403644634056,0.017555343502268592,0.013308077915267733,-0.03295639891612836,-0.0020851484978509863,-0.03009830927022983
0.07118727317266302,0.28924454421997436,0.31644069603177,0.15019400432775964,0.10749115650287629,0.2638603150310102,0.11040297425413664,0.06949816172605859,0.17706027054466322,0.11914287568114688,0.17743991815873533,0.1766598561028483,0.13423821194441346,0.20626106577942876,0.3020840071662779,0.23956848882548984,0.2552267992488834,0.27139914875526283,0.26612590493053806,0.2638764490165799,0.29360283472203375,0.19087944892937342,-0.03912939407590541,0.2661465438121208,0.3270027363359177,0.31742048574233916,0.30579178548812025,1.2130091179787015,0.2213596658550759,0.15571819544450047,0.3719231176863268,0.18594067196004302,0.46377416775142616,0.28548413211157864,0.7083120547386597,0.3894459739213437,0.4303925907957704,0.13700093871563276,0.1763785650016055,0.2769414825730953,0.4249756298558553,0.30236806334024774,0.6532138836019319,0.12519477601393345,0.7430354010450378,-0.2507964144009659,0.09035096783436879,0.04108774568231658,-0.07314181937315672,0.08779708050084975,-0.10456589390334957,0.3211570231265179,-0.43441150483232405,0.08210473588901662,-0.06276457072120704,-0.004304528199044836,-0.17592273782710344,0.08595177233274613,0.07721778850910146
0.16704345278959193,0.44577374446143164,0.6633771763397226,0.17457268122031397,0.029923664813041765,0.5938057912713328,0.10724946374824679,0.2858822664160913,0.1344762963224078,0.2069794073658904,0.3551268733437107,0.3521298744797179,0.2813517134661074,0.3057963100919905,0.30493835995072016,0.3615645174795345,0.4911905098317821,0.3510441922183663,0.2266943443672072,0.43545492225459875,0.3819276151147646,0.2951549881809203,0.29358473608187813,0.22536453347963054,0.6174885461951286,-0.0594307498206134,0.3042370387185495,0.2213596658550759,2.0885421927637062,-0.1849248752729473,0.19170731074406844,0.33095210304848904,0.057880089903813416,0.3715468202898612,0.3209330479343021,0.5494618149295535,0.10047462833551057,0.1299621703253416,0.20545121621119905,0.27638620011172593,0.4511350973630909,0.3054697725478652,0.34706310488894615,-0.05831930762771991,0.3485745315042419,0.6607567993683373,0.418765447798717,-0.023365088124382514,-0.5026025805363312,0.5574720005737017,-0.41060754290219825,0.07609596058079197,-0.3459018650752361,0.08785494469059887,-0.021266887024059482,-0.08541091699935037,-0.14122198984909282,0.033160509329176094,0.04115765242220762
0.044366928303413995,0.19042573675092211,0.21711165538604876,0.16529817906412603,0.1220375120247095,-0.10867332084022298,0.22432953119542895,0.10683694781363373,0.35260791727570806,0.24316526459772414,0.014389121683801433,-0.08063774948873652,0.08961173937906641,0.062449181802327045,0.08287137515803893,-0.036127383101703575,-0.03497436760397658,0.007119574402101937,-0.01110148005194972,0.020545099300407134,0.1440613167827608,0.20790012696864293,0.5587747390189399,0.7794149985668266,0.382651222054846,-0.3263424295375669,0.1763468631385588,0.15571819544450047,-0.1849248752729473,3.781371647909543,0.04283626626888465,0.22362051078932332,0.43395207510170347,-0.04568728784633608,0.4102242652886711,0.46376220525145956,0.35018385650887995,0.053055804404659866,0.38716674585453054,0.32379594289245706,0.1904207062646233,0.08150275271192525,0.6396482381878251,0.18605333559284126,0.05133804086826099,-2.029894660457711,-0.11220351241238448,0.12500072708272497,2.9731785378952416,-0.07660157097180621,0.1910798474265332,-0.13930956453373705,0.0964300619726535,-0.08954053151927747,-0.18586040775291182,-0.08757391042624986,-0.026922663662222898,0.41315628181961245,0.03971335651067461
0.09428227894637768,0.2352110275110749,0.33408355290478653,0.19549303188188463,0.13182065607901872,0.30183840022240893,0.16737418066104898,0.18354309339179853,0.22598824953747784,0.14967103373483873,0.21985955777250682,0.27778853249799207,0.17758686164946905,0.20733937764759705,0.2176640162226774,0.23311569031598312,0.3043516874693856,0.3870341406943167,0.2920041091841046,0.33618223658777296,0.25887831175036996,0.26768665354274956,0.154335963085378,0.3161231511608532,0.6656410972959992,0.4065870827008512,0.29707246281036126,0.3719231176863268,0.19170731074406844,0.04283626626888465,0.9160937228749865,0.3381829600923961,0.34594091485476214,0.3188119046545495,0.26588741572103647,0.6979758564381919,0.25400568426911635,0.24079844192425953,0.3586425061011415,0.2599485224700762,0.44783702974277906,0.2925658285050063,0.4303022867616071,0.0008293999438998542,0.590782071180272,0.14299591374602727,0.2551141746436377,0.014969883698918891,-0.1305665986268477,0.09815571837681974,0.13265354411010635,0.00926634975072564,-0.16164619119798693,-0.054858336273217394,-0.020899008320727757,-0.012830611283870835,-0.03585493802447038,0.02395127199905724,-0.04943094628034015
0.05195760943404168,0.17891022590988429,0.3204349253765788,0.20755523208986404,0.10338871443596497,0.3155225259670917,0.21746700083090514,0.18650188869779072,0.3108795730075383,0.17176516774684053,0.21893471267606873,0.31424163752360945,0.20326586472122296,0.19593896156924087,0.1817577697481056,0.24504167035001076,0.2233980272419223,0.24851236584738637,0.2130127607819488,0.27491209195170907,0.2220799069384193,0.37046799912194744,0.2565621520896643,0.42959313441316765,0.5665465191072763,0.50161055819195,0.3213311754067222,0.18594067196004302,0.33095210304848904,0.22362051078932332,0.3381829600923961,0.9193932709928407,0.20310419308141592,0.4387739044406441,0.14392061647351012,0.490076825861329,-0.21600338395559507,0.18372372603809795,0.4251414592668864,0.24748405238134985,0.4301592267592238,0.2644438163419007,0.32504971212405376,0.03288516526707242,0.39967640479178107,-0.14409524154427886,0.2914775210019832,-0.008050422013343583,0.6125122160760545,-0.0716921621435169,0.14728587082488312,0.04730539945332398,-0.07181633166318407,-0.02389588060048628,-0.10218902211298912,-0.02866914155533176,0.278121226534614,0.046425656221483924,-0.3387711031303321
0.024133435666782423,0.20769336588771575,0.2788795407952715,0.2680885373994316,0.19056668535070315,0.09801873099857054,0.28222284686868393,0.1643473751402456,0.30603312568181346,0.16623521053502122,0.16590548947217315,0.1755027720512518,0.17487821602264328,0.14529974721628378,0.19000023688866732,0.16193918803982352,0.23682826573091065,0.20435696440222367,0.2374518649951366,0.26786359313232033,0.20572032015322733,0.31444553328551633,0.3612999298537875,0.6252784785676748,0.24462310713600496,0.15026187189484547,0.25063906254209634,0.46377416775142616,0.057880089903813416,0.43395207510170347,0.34594091485476214,0.20310419308141592,1.6879139877154135,0.13673522408957425,-0.3374694379322827,0.37854799926989735,0.5497601391577422,0.1279392302068926,0.18580237404401115,0.04076526522066659,0.09906686667304591,0.2921928460810262,0.3697910574077402,0.0724852527957898,0.05679840002075611,-0.14173535672808668,0.4089104117465161,0.12062117383073559,0.45648440838668797,-0.10849145410362813,-0.04978755572369641,0.10861536802853516,0.09877803514524297,-0.27392409373260423,-0.09043113425138405,0.01204105115137488,-0.1392675738627624,0.10649458574493462,0.052940523674459776
-0.02013760760666889,0.3138188062906575,0.42541310922521564,0.24327199967561375,0.16281028885314627,0.4434620003480139,0.2598734866878058,0.2852126764856976,0.3091684004989482,0.17284336485067867,0.30684359285245827,0.3385982403531205,0.24157125612497823,0.24568216329502396,0.30379754074731813,0.3096978995900072,0.3755815032273278,0.3404921904846852,0.2924060374647336,0.45113242395075354,0.3655933085517505,0.3254560089710149,0.2352249904187731,0.16400248665040892,0.839808066360221,0.4233367258207641,0.3205798883348328,0.28548413211157864,0.3715468202898612,-0.04568728784633608,0.3188119046545495,0.4387739044406441,0.13673522408957425,1.435266814408855,0.5738847098449714,0.19529902741371793,0.5835200938179638,0.21907324880456586,0.323125945578207,0.32210173306852896,0.2496263079926943,0.37884227568837975,0.6983213520152991,0.09790708472801143,0.7600946809097948,-0.10892796515808853,0.4796636895437577,-0.010350628995273777,0.2562932716791238,-0.3117195269838257,0.08196631615548429,0.038327543336286456,0.05194896296952304,-0.0624309401749989,-0.07297473866378995,0.07097401621679904,-0.05825035887619447,0.09831548845725116,-0.14350689748161327
