1.9624996292980925,0.43686041896306516,1.2572314489494067,0.04369395161992285,0.18000603532907744,0.14523800670091508,0.257358184077423,0.06171334997159541,0.057569121569448684,0.20854995278353772,0.05463851079607738,0.2932293053571297,0.14354696317518106,0.1575845314298145,0.19945800640907357,0.20776883104510221,0.16572278099983614,0.24851608085835908,0.13313564049827467,0.05144476238415453,0.1264375610368523,0.15630336479229717,0.2493350471164042,0.14364267374967196,0.1817973768832711,0.008455616376690532,0.18908599236465362,0.08193791690088503,0.15635866182597735,0.15572903260919702,0.0969729667467149,0.18800179427815036,0.23535287242188788,-0.003079479522260271,-0.08947803756202223,0.24895720463843612,0.15625907916907525,0.0672699092903451,0.1036147729521663,0.1223175819061091,0.16343711362140134,0.12205154624964493,0.0705688766528046,0.04858423843620408,-0.06037857972605721,0.22853702849030472,0.16927106091723004,-0.09143595929879486,0.4928544201047241,0.008654539558540784,0.10244060443361343,0.07828392957744962,-0.07306095191031388,-0.02916960734317248,0.13568701225217147,-0.05228628225169895,0.2889034286836986,-0.03298026352522284,-0.252134389582753
0.43686041896306516,2.3198550672226568,1.320013773524498,-0.3342995133748908,0.2939905059761353,0.48705840729387145,0.2213680224500725,0.5102553090731603,0.13338042132153183,0.39273746853297964,0.29324409604697443,0.3538222849018856,0.3807929503752549,0.2397331995000874,0.28284857386317047,0.39866630547231025,0.36746873952350034,0.554397865061609,0.2812671841168743,0.33302652185716625,0.33032361148514666,0.30844346271695927,0.3339104441847068,0.22011307595256166,0.3423921034606041,0.11740533486056941,0.3710509194674896,0.1749692912641741,0.7363595045923489,0.36317999490171,0.22331510213730224,0.23265461871576448,0.280139997633682,0.43980570570683314,0.05999379134338108,0.45834370097500066,0.5880609949040397,0.16250682309701267,0.3485348453850041,0.145185167958962,0.46186539189214654,0.3109383784265731,0.10439696447331173,-0.01723926523961191,0.05192281941020679,0.3616676299783863,0.3826041620908946,-0.09416981872158393,0.875886889701427,0.02063816592715258,0.07029785041831219,0.16817675139199517,-0.07799521901476797,-0.16221421150009654,-0.15122584111761544,-0.1685565406744446,-0.2338274411948603,0.14839074759365428,0.22386821564419054
1.2572314489494067,1.320013773524498,3.6354494818301677,-0.19449225340295465,0.286319121509203,0.7362024724756643,0.3774528655557183,0.8416925449869551,0.22192327624658437,0.6621985288058587,0.3318683110253128,0.5818141427328223,0.6014253318628952,0.4143858965023009,0.4709919969334821,0.6290566924888708,0.680084887389885,0.6390042281177294,0.4488995440805346,0.24476580862989508,0.4349705321063491,0.4977119404217488,0.5149504043666439,0.39244438049136393,0.5444576257057936,0.1658025097541568,0.5560577795438402,0.30340314577655486,0.7199738819747885,0.4362981918053805,0.3109428010401409,0.41729260005801194,0.44659388912872167,0.5653439097710878,0.14361298286798047,0.7339085346312959,0.6124567853925698,0.12222956030181809,0.5511232877701631,0.26085682230725643,0.6335753722164355,0.42620141484274293,0.1315722064570533,0.048264663822490325,-0.10939603407580295,0.5773073719361966,0.5538056544968917,-0.1997007224741678,1.353666967618611,0.17730805493513419,0.03443684215817713,0.23455934713103108,-0.11553339041916959,-0.20968665582277243,0.09340177859391138,0.05753671259396008,-0.03684436870808783,-0.09350403993034911,-0.11221511590409515
0.04369395161992285,-0.3342995133748908,-0.19449225340295465,2.794014577142099,0.11137458402839304,0.14544812178621597,0.047691668126753683,0.14134586907411892,0.01872642597688795,0.04368684095158987,0.23372105905710666,0.21189709682448693,0.15569804332301043,0.19181275296298647,0.1199298237733492,0.18791251990519545,0.1400641397509888,0.05469680468201187,0.051239281945008555,0.1505031976603035,0.13728298752973603,0.11351275102111882,0.12582533318153916,0.1672847498304901,0.16474416366499978,0.24093528965562588,0.13889953829665466,0.12246918854277435,0.11599129412467964,0.16096361974662313,0.07550147518027092,0.19160189437138736,0.03159254281577746,0.22953819469552017,0.25052945766728013,0.09727758316914806,-0.032882609028526216,0.0985483045619484,0.10514909177975056,0.038981440735182706,0.09844747927216066,0.13452439906101357,-0.0090702846079404,0.4729452636686435,0.34660049861180764,0.09592973252003431,0.20192870854034986,-0.032920642610102954,-0.8864006908589984,-0.1117309590490072,0.016991133427829975,-0.10715698846264506,0.07050162178269113,0.07109924248083428,-0.05014528319017178,-0.10316900956503798,0.05384670244395967,0.06458826637567296,-0.07750037257041643
0.18000603532907744,0.2939905059761353,0.286319121509203,0.11137458402839304,1.219429126467231,0.49901481134181686,0.13934520268556946,0.33646023922330426,0.13883795378090524,0.19796453929659227,0.2921962564080808,0.33185410370912016,0.3093215921332006,0.26831606840875616,0.2555746432389212,0.3166835859940058,0.2134804438876546,0.19861520563326024,0.44553380614628685,0.1137264808004637,0.2286763994556154,0.2587076875438031,0.19121953336983294,0.20834957465024112,0.258545746455402,0.16142451048486584,0.182236239672882,0.02826475012575109,0.33966640665078934,0.11832412047461825,0.15713840244797084,0.21895415446061472,0.20535166414679423,0.40635973983091844,0.1231272151994126,0.3560854655680619,0.25597714885330775,0.08636587185230603,0.3220845370730526,0.1283479788651655,0.3112162725654507,0.21622293296185752,-0.022877248488674475,0.043396135560483884,-0.07959106876365486,0.28225637342182774,0.20337294234150094,-0.08929785703057659,0.544085101499668,0.11228498063559672,-0.08065222760122844,-0.348416577927262,0.43086210791221075,-0.04754788666222008,-0.022836680860572837,-0.08476521674532753,-0.09611095565367243,0.03434601017631869,0.13265284113449002
0.14523800670091508,0.48705840729387145,0.7362024724756643,0.14544812178621597,0.49901481134181686,0.9333083911155436,-0.03411237823301301,0.6409655943348935,0.16523852912918793,0.30119177748770776,0.40845128825558513,0.338672279314798,0.3965397308749738,0.30533509936578773,0.3022859560138238,0.3384809026915427,0.3824549385096446,0.2936177943132496,0.4075263941823142,0.2993547860693721,0.31376344420006574,0.2981732413244962,0.19691686829563446,0.263054915142844,0.34402477623185945,0.29266704899377033,0.2940976498356579,0.16001438886798106,0.5292561821012822,0.2723575538682324,0.24365194381536312,0.29367639305483284,0.21526140173657007,0.43571732619373127,0.15972523863450924,0.37913662623944117,0.38807265964764764,0.17547569308110303,0.4260532706034806,0.2069425405894753,0.3835138995024035,0.29841533322428404,0.22949988638972033,0.016149339981885114,0.03296102759697533,0.28005474642506467,0.3320250381690976,-0.08829366815679711,0.901462763144695,0.262202973755731,-0.3226234828233169,-0.09592411948242116,0.0492899768786246,-0.01842590028347396,-0.02168991636533057,-0.059347798266980625,-0.04964854603237759,0.037631820683324595,0.02232137324020643
0.257358184077423,0.2213680224500725,0.3774528655557183,0.047691668126753683,0.13934520268556946,-0.03411237823301301,1.4655207916397923,0.14802105173568433,0.3516412317460651,0.37163265797213607,0.420419994968256,0.6443291964672515,0.43562760551630186,0.4074207817304946,0.3245722439668395,0.5158395903593244,0.40921152316436094,0.2421869382483272,0.11090985432767046,0.35692852562913024,0.3006838585423541,0.37674015399880384,0.2655295988174902,0.296766579028518,0.4223664247811623,0.20315425731245637,0.41650619377446696,0.14933051630976868,0.426212723527777,0.3547646727264583,0.21116710365370986,0.4035272551791612,0.18443769333761179,0.5541371974852226,0.2020969779755489,0.4426546439867229,0.25781641841407316,0.19106396428022626,0.3016104095686416,0.33637501160523176,0.3848556020727979,0.33251250378933006,0.45415163188686913,0.051525000183064246,0.262933410415767,0.3270287656949403,0.42266905125360044,-0.13949469975702114,0.6514659486140469,-0.42301974162401834,0.0333976217050343,0.09145389533808304,0.16050145367258042,0.04190604571047286,0.18168899213236275,0.13023106879125843,0.04576200158189557,-0.12851162152227874,-0.3033903144755296
0.06171334997159541,0.5102553090731603,0.8416925449869551,0.14134586907411892,0.33646023922330426,0.6409655943348935,0.14802105173568433,1.1535880131683909,0.05073923466977713,0.6772019145413104,0.5525112593298377,0.2417457694520664,0.5908725790796456,0.40398804138368416,0.31453993205028863,0.48538553250099276,0.47800087784300566,0.4511007684954148,0.36715587379424874,0.4239724713077128,0.3482734760582289,0.35371686611257874,0.2591285967989707,0.28494293831443307,0.45855338329473583,0.3633095175351947,0.40217705853830377,0.18900152344443952,0.5888114252155773,0.39859963611077404,0.33241848190811385,0.3760413168806695,0.13247387022234985,0.650954554876357,0.32641358940582715,0.44984080791034947,0.46765053669142387,0.22487143666260456,0.6324928621959872,0.28154114164405325,0.49307998233987504,0.36587679964649616,0.38479088700566133,0.05103382599031753,0.12919770987254947,0.3870431588516554,0.5911873868020042,-0.09249314296925833,0.918632952291585,0.26729373877228296,-0.1883027849521054,0.0258273229875273,0.060064547775778146,-0.11136854664027926,-0.011047840503561016,0.009149115846757058,0.0377367314433751,0.046398493918460106,-0.19065687628019493
0.057569121569448684,0.13338042132153183,0.22192327624658437,0.01872642597688795,0.13883795378090524,0.16523852912918793,0.3516412317460651,0.05073923466977713,0.7874032223617056,0.10969955899165978,0.16839968014745715,0.20757409733075494,0.1921397316019441,0.21966701721120002,0.18469215414699322,0.06544895348839154,0.20971627725923317,0.14520400055414662,0.08053006994463088,0.21052948631031976,0.18535822854300454,0.29709874998084423,0.1339398372195237,0.20676757945000643,0.15566636726639838,0.14013710290280548,0.16913607049693932,0.12115395895279761,0.1437710702577566,0.17154969679022503,0.213488347143807,0.2055425394604253,0.2985704998826831,0.13668022791028447,0.04330973052695029,0.2264992758564005,0.22299812369522287,0.14829260833155064,0.12299451553700237,0.10473669084847004,0.18830345270661336,0.17417876876635122,0.13724171923145603,0.04285357229975179,0.21192781384018597,0.24114658231857938,0.2197188925910704,-0.0813117733396336,-0.05551907818793301,-0.06608210498999938,-0.012796187273218743,-0.007622260525107657,0.13195294392838428,-0.053424120958566315,0.15386397366064475,0.07133631270652263,0.12690113798743322,-0.13843965974370612,-0.22604001984409625
0.20854995278353772,0.39273746853297964,0.6621985288058587,0.04368684095158987,0.19796453929659227,0.30119177748770776,0.37163265797213607,0.6772019145413104,0.10969955899165978,1.3936851584270606,0.5144951570638028,0.39363418109570597,0.5175721378701276,0.46787739255606314,0.3801703965308507,0.4956197552554899,0.4270436980238753,0.44991022441117157,0.22358322589961094,0.5183798990908416,0.3402991474329092,0.35083811620858163,0.30024937062692825,0.31713263969685157,0.47933387271113564,0.342958476113299,0.4508582193751682,0.18361134612009847,0.6179744930638181,0.45743015967444123,0.35556594182723283,0.44933362551008144,0.08349158930590878,0.838721658760871,0.4073936784899157,0.47375424057766696,0.43790400392230483,0.25418163001386057,0.637791118135698,0.4119780489655766,0.5660357413005647,0.3912260456913561,0.5407844563735952,0.07011051415794275,0.2107400016005619,0.39081817055840923,0.8495063805238301,-0.10522232819423799,1.0595883667753137,-0.02689188209864538,-0.06415293857718135,-0.12958890168640105,0.18436298516537988,0.009973843882066017,0.07303325329468559,-0.025995759706665192,0.26292083820857315,-0.09513856386949579,-0.27630717696127755
0.05463851079607738,0.29324409604697443,0.3318683110253128,0.23372105905710666,0.2921962564080808,0.40845128825558513,0.420419994968256,0.5525112593298377,0.16839968014745715,0.5144951570638028,0.7194732533565349,0.4219993919590063,0.46071264858016436,0.36475208750788946,0.43207208324353735,0.4366206574301939,0.4881914254210849,0.286388228963805,0.22272741187667522,0.4613790073513973,0.339019238509706,0.29609025915536924,0.2144132748293619,0.2934361607815365,0.41735306631513286,0.3552160721331281,0.4020168963479653,0.21799628971827298,0.5107198322375925,0.3607528981359032,0.2809230835972777,0.35677438269108414,0.15635187104467033,0.5545696647140578,0.36759895814756355,0.43826077899791227,0.3753772878037424,0.2357273915898571,0.44519516444086826,0.3002330332137053,0.4599085521880427,0.36397959895929166,0.3632840405584106,0.040106317406680254,0.3598889037524052,0.33800673452618263,0.5026849222616796,-0.11138988951230581,0.4214507699987328,0.06261921676265444,-0.14229405181411478,-0.10980346638915324,0.15578791951931975,0.046663452251165485,0.033287337168324216,0.008146101700957292,0.009676710521177972,-0.007899458571036175,-0.18482585991176706
0.2932293053571297,0.3538222849018856,0.5818141427328223,0.21189709682448693,0.33185410370912016,0.338672279314798,0.6443291964672515,0.2417457694520664,0.20757409733075494,0.39363418109570597,0.4219993919590063,0.8574277430682317,0.36053274930297313,0.3754408797032292,0.36095155503787385,0.4000807071540189,0.38813836209116553,0.2112820131483421,0.22780381715836323,0.28547350750104067,0.27469523312201577,0.2861807005111092,0.26718093699295087,0.2667652272322665,0.43197609741728255,0.21158588983000812,0.40201265824614474,0.08507730659536498,0.4947970099217266,0.2727363068397447,0.1408168485902541,0.36991132891439066,0.16665323384532904,0.5116472643302865,0.13475154776954146,0.4300942969517106,0.24036804983057736,0.15683047125683527,0.321351635615946,0.27786630902301945,0.3959982806460225,0.2898376631941272,0.25760885150801544,0.041030859710333455,0.0552976323465894,0.3015946685457718,0.39307312173610065,-0.11993989677917345,0.9463449802649616,-0.17015942318061614,-0.06995933922727349,-0.0721194431695267,0.20329303076030664,0.03618879185742276,0.051453424448086614,0.031583456702376125,0.009643830183432149,-0.0196855477471292,-0.1802689034802434
0.14354696317518106,0.3807929503752549,0.6014253318628952,0.15569804332301043,0.3093215921332006,0.3965397308749738,0.43562760551630186,0.5908725790796456,0.1921397316019441,0.5175721378701276,0.46071264858016436,0.36053274930297313,0.6575778145564101,0.4372707216934167,0.2813818043806791,0.5317283961157696,0.3975510821086963,0.3436559961888713,0.28193379480051517,0.3043020463851334,0.308717206087348,0.4146718763955863,0.26394732356190953,0.2845646993754635,0.39891719239390633,0.2823218938801102,0.38459241536559774,0.17466174757183645,0.5214419550778864,0.3289759780672905,0.2437972478598367,0.39692265241153407,0.16076561490543642,0.5795680275761289,0.28553253032315834,0.44050241781451427,0.3337903417809542,0.17059386721219558,0.4860572079642257,0.264057992766841,0.42015317244102135,0.3302562957503121,0.2870017413086108,0.06454625327104926,0.08903402144071186,0.3586109142306958,0.4743981875651978,-0.11322683710153537,0.6691133046908682,0.05779748869286054,-0.09893389579340911,-0.02780817369080058,0.11641775375944073,-0.06117095497923759,0.06393212043976566,-0.03207630206670556,-0.027135955465575047,-0.07507570179668395,-0.029137356874677323
0.1575845314298145,0.2397331995000874,0.4143858965023009,0.19181275296298647,0.26831606840875616,0.30533509936578773,0.4074207817304946,0.40398804138368416,0.21966701721120002,0.46787739255606314,0.36475208750788946,0.3754408797032292,0.4372707216934167,0.6975692199156507,0.35232974468375855,0.5364329955669022,0.3591528378543899,0.21567385394915703,0.1945831975945856,0.32242153992890227,0.31992853379867287,0.3774980946408059,0.26095158745574437,0.3194866027166183,0.3889693431952281,0.35509017398760256,0.35800784805320307,0.1537954378864737,0.44320420025973883,0.33041457159294485,0.20552174265112758,0.5239231153185069,0.14573752474320456,0.5548878892237598,0.3424041059308071,0.4806820927923961,0.25405044617226286,0.19600644682466611,0.41675997308251017,0.3136426612424119,0.4449758585325372,0.3535303562528146,0.28876520688864016,0.07379777182991289,0.11602497319166344,0.3601518173869782,0.465833669483587,-0.14073581192427936,0.7809979993475064,0.02495047394464397,-0.0912767412049487,-0.2143570497312883,0.30188336249292397,0.030267579138837365,-0.009770293194511217,-0.04406048361046749,0.19290857574954687,-0.006904400599631494,-0.1984706776289163
0.19945800640907357,0.28284857386317047,0.4709919969334821,0.1199298237733492,0.2555746432389212,0.3022859560138238,0.3245722439668395,0.31453993205028863,0.18469215414699322,0.3801703965308507,0.43207208324353735,0.36095155503787385,0.2813818043806791,0.35232974468375855,0.9489926180674337,0.3133248382709617,0.4529279430613582,0.2907934248211058,0.23381228099029686,0.40505409750540383,0.33596791797443043,0.15056238804374883,0.2400015964140414,0.3161838631309149,0.403107384273246,0.3632002884941989,0.3254444371447249,0.33996529260895064,0.42018116839640335,0.37005725464470446,0.31137722437923143,0.33164803792503683,0.24804593751087678,0.41932229290649,0.3441538319896516,0.4690841775250882,0.3947990943913749,0.19692658403056207,0.3966929624211434,0.24445751005253866,0.4876692659414346,0.34116746515062535,0.30017033022332607,0.0653341986788741,0.2969843901362625,0.36928118446219177,0.4139021849594978,-0.1129771304486942,0.5247134259557873,0.31022693874793184,-0.0965725523249321,0.12457946936275902,-0.13305429825321613,-0.011655581597566762,0.09125560079641214,0.07136615404869978,0.06581661823382301,-0.06244919539139989,-0.23966554293675785
0.20776883104510221,0.39866630547231025,0.6290566924888708,0.18791251990519545,0.3166835859940058,0.3384809026915427,0.5158395903593244,0.48538553250099276,0.06544895348839154,0.4956197552554899,0.4366206574301939,0.4000807071540189,0.5317283961157696,0.5364329955669022,0.3133248382709617,1.482803165391555,0.3721480544555129,0.36002520330403814,0.2606144989471318,0.20421045704990798,0.3786434872749703,0.6331459592062422,0.3804301059604008,0.31945106121995864,0.578505009255715,0.209741660346292,0.4647973037786726,0.1840128015504976,0.6540871556439232,0.46015334089866017,0.1520484859192883,0.47985907079281986,0.021911417760130288,0.8275079744788305,0.5584547636204243,0.6004634820991187,0.2996649459419676,0.12651132423171554,0.5661448761418448,0.3491067283109991,0.4759993234477892,0.4703336465014029,0.44448575490817455,0.0548458302131546,0.0662113061021865,0.3955160176979919,0.5463167366643837,-0.1834642830765865,0.7615158657844895,-0.4977560541910571,-0.14779424142651035,0.035751687130698845,0.36528325452501065,-0.0475657462672426,0.15042784420046537,-0.02426742823697794,-0.21454723975565698,-0.12596050651581864,0.15009559200963665
0.16572278099983614,0.36746873952350034,0.680084887389885,0.1400641397509888,0.2134804438876546,0.3824549385096446,0.40921152316436094,0.47800087784300566,0.20971627725923317,0.4270436980238753,0.4881914254210849,0.38813836209116553,0.3975510821086963,0.3591528378543899,0.4529279430613582,0.3721480544555129,0.9115303748476079,0.2756284364545506,0.2539509635543628,0.5003376752266404,0.373568664993831,0.2871315388814767,0.2180864890406157,0.32672542846032465,0.36715174297950554,0.27569988498071496,0.3764553955930557,0.4045986114718164,0.4299209195145445,0.36938750886477745,0.3221543271923143,0.3525596516676233,0.35820578446613943,0.41349839195192506,0.31778802018053226,0.5086402485538941,0.6164265370213652,0.26001143369624674,0.38807225101025633,0.24287854073753185,0.538469958596539,0.4106068708552651,0.19969109220278744,0.059464103046561675,0.3693543134549177,0.4136934902977631,0.5290643690359876,-0.12418084256545203,0.5455597497685354,0.4142425811917099,-0.03777427375804725,0.0737896628115901,-0.20416032538212228,-0.04357150860691729,-0.007597512129396528,0.019305940645997402,0.02368383176658863,0.013546938089210767,-0.26434993348278923
0.24851608085835908,0.554397865061609,0.6390042281177294,0.05469680468201187,0.19861520563326024,0.2936177943132496,0.2421869382483272,0.4511007684954148,0.14520400055414662,0.44991022441117157,0.286388228963805,0.2112820131483421,0.3436559961888713,0.21567385394915703,0.2907934248211058,0.36002520330403814,0.2756284364545506,0.9484933857888059,0.24000586687066228,0.19453439933398584,0.25798549193359294,0.3102203671348765,0.5237454488217742,0.20850351949572019,0.3175487918959605,0.26020531691104903,0.20717234849240457,0.19453462562559617,0.4625765633083039,0.16968319040178867,0.4141443894652396,0.26137366610743545,0.14136749223373243,0.5162860437410878,0.044902155957303735,0.3974459028436767,0.396918105023395,0.11914949605324388,0.45433503541573517,0.17388674123467748,0.34204413629429853,0.24513819016349905,0.3302138829294329,0.09433431002690415,0.1341146492688067,0.358866509883023,0.46624757329458844,-0.08159930034938401,0.46840383835673055,0.2965557390088237,0.17449211488972774,0.24934422421465594,-0.46313959600007876,-0.20669498561012645,0.08119749129454919,0.06532629091956742,0.028899249579052984,-0.040418337794817315,-0.1722337167668168
0.13313564049827467,0.2812671841168743,0.4488995440805346,0.051239281945008555,0.44553380614628685,0.4075263941823142,0.11090985432767046,0.36715587379424874,0.08053006994463088,0.22358322589961094,0.22272741187667522,0.22780381715836323,0.28193379480051517,0.1945831975945856,0.23381228099029686,0.2606144989471318,0.2539509635543628,0.24000586687066228,0.6678091490937572,0.06427206062716409,0.2117457604431302,0.21600944475408104,0.11264434286125352,0.17172338479074475,0.18084510742488502,0.13119116005738585,0.16729039036049345,0.20493571632529672,0.2421717002968002,0.1539365596930052,0.2117628787970994,0.2174427798576463,0.20253011046520755,0.26154475443824504,0.06724388337795385,0.3121378361562423,0.23510782559518123,0.05632083873830636,0.3023807755996627,0.1045298856189514,0.27178244175745747,0.17779157401174658,0.10837563033811004,0.02524080219717722,0.0033720441262679035,0.26140081226795286,0.17822606456197654,-0.055207766266273814,0.4445673138742252,0.26371929925517157,0.06859036272676484,0.3199232411763689,-0.28321795495601937,-0.12967209293262189,-0.01031141400227817,-0.01490588215286052,0.01103396602732519,0.021283239690534347,-0.036766577695605304
0.05144476238415453,0.33302652185716625,0.24476580862989508,0.1505031976603035,0.1137264808004637,0.2993547860693721,0.35692852562913024,0.4239724713077128,0.21052948631031976,0.5183798990908416,0.4613790073513973,0.28547350750104067,0.3043020463851334,0.32242153992890227,0.40505409750540383,0.20421045704990798,0.5003376752266404,0.19453439933398584,0.06427206062716409,1.979270413787471,0.4192216270114512,0.06784056833387908,-0.06782514633910587,0.3562156696399807,0.35827291817926427,0.5942130046561395,0.5311838716850126,0.3213450268084907,0.5269119440779372,0.7251982068833628,0.5561635359346266,0.337470098132154,0.2235132097782343,0.6271256014662542,0.4919717614817751,0.27983651936742493,1.1182262863769656,0.903301392846095,0.6692985911704645,0.5170410814267695,0.7203264955557489,0.6273377037772744,1.096758387903683,0.019307828006836673,0.8864955069547172,0.2984804387797598,0.8618163409768427,0.03801829237669545,1.3735387945067785,0.04581999879516163,-0.31932268339040537,-0.013818330536696292,0.17157965241855802,-0.02179794564875437,0.09673203683602946,-0.049156087836242694,0.19706156147019468,-0.06355688968905061,-0.23180136055189768
0.1264375610368523,0.33032361148514666,0.4349705321063491,0.13728298752973603,0.2286763994556154,0.31376344420006574,0.3006838585423541,0.3482734760582289,0.18535822854300454,0.3402991474329092,0.339019238509706,0.27469523312201577,0.308717206087348,0.31992853379867287,0.33596791797443043,0.3786434872749703,0.373568664993831,0.25798549193359294,0.2117457604431302,0.4192216270114512,0.6036352714316685,0.2645443448543437,0.16971853286837385,0.3129247028802883,0.3167922324546749,0.3055332566877484,0.28739374545435087,0.3047125582127808,0.3906519086526171,0.42252300020291383,0.3490976345912022,0.31088851427596637,0.3710675403206858,0.4320755580744974,0.30958837809987966,0.5373428887312539,0.47764333860009633,0.24557466643971312,0.40628917180896956,0.3151979940562756,0.615415711425989,0.43553051674784654,0.3920440011039516,0.036772194591648946,0.4359244846591506,0.34340413082119237,0.40513990132447497,-0.11919701570794237,0.5854198362005483,0.03746638317500117,-0.09758357107073859,-0.05303639158458167,0.0985711637765135,-0.017864589983496854,0.07333766026439456,-0.015160547023030308,-0.05184036547231775,-0.04575350899968763,-0.023759407902852362
0.15630336479229717,0.30844346271695927,0.4977119404217488,0.11351275102111882,0.2587076875438031,0.2981732413244962,0.37674015399880384,0.35371686611257874,0.29709874998084423,0.35083811620858163,0.29609025915536924,0.2861807005111092,0.4146718763955863,0.3774980946408059,0.15056238804374883,0.6331459592062422,0.2871315388814767,0.3102203671348765,0.21600944475408104,0.06784056833387908,0.2645443448543437,0.8209771687818255,0.40497797783150297,0.2668827082258032,0.37196515961701687,0.12386144032302034,0.27372880848604936,0.0798049307173815,0.5047787305648193,0.252116677113973,0.12600236762253153,0.34999035268098183,0.1493743480657513,0.5388966165604919,0.20347558002752403,0.38744217680711746,0.19493717823642512,0.07599786861773732,0.4110873755899369,0.2107179762500165,0.28373209156439094,0.26335019607868104,0.22160796288321563,0.07883190193687534,-0.020440677208514908,0.30277541337385766,0.407232731986945,-0.12669899625704936,0.4705651292101617,-0.2297889363153176,-0.07045424741020401,-0.11623279805626849,0.2581851223420008,-0.0638415197490021,0.09576630893727986,0.0008427430096847457,-0.10446060927335327,-0.08962439226857159,0.02769039862418269
0.2493350471164042,0.3339104441847068,0.5149504043666439,0.12582533318153916,0.19121953336983294,0.19691686829563446,0.2655295988174902,0.2591285967989707,0.1339398372195237,0.30024937062692825,0.2144132748293619,0.26718093699295087,0.26394732356190953,0.26095158745574437,0.2400015964140414,0.3804301059604008,0.2180864890406157,0.5237454488217742,0.11264434286125352,-0.06782514633910587,0.16971853286837385,0.40497797783150297,1.426094952244585,0.39980335886229684,0.5210105352471722,-0.030759638553503856,0.17756861422408438,-0.1266238112934046,0.6336980770390075,0.3845089801733116,-0.22986505741488822,0.21552253551885323,0.14032391258861404,0.5439326186517603,-0.14910204157021775,0.6212746535331558,0.146027670228207,-0.058061378764057744,0.4697240681428668,0.08726672236338019,0.40510959608558605,0.14271893331452026,0.24169150009504345,0.24083343746062566,-0.2963062677588858,0.3810194773386654,0.3556101572664015,-0.16092667214320944,0.5250212001300428,-0.19691825617416434,0.04620267254723244,-0.07085305202677723,0.24893068092564458,-0.133268813377673,0.005410166828694388,-0.03979128446280866,-0.14140562020138867,-0.008386103554329222,0.12081646148294924
0.14364267374967196,0.22011307595256166,0.39244438049136393,0.1672847498304901,0.20834957465024112,0.263054915142844,0.296766579028518,0.28494293831443307,0.20676757945000643,0.31713263969685157,0.2934361607815365,0.2667652272322665,0.2845646993754635,0.3194866027166183,0.3161838631309149,0.31945106121995864,0.32672542846032465,0.20850351949572019,0.17172338479074475,0.3562156696399807,0.3129247028802883,0.2668827082258032,0.39980335886229684,0.7344012348861597,0.36212543002168435,0.1524832213459926,0.2565956828220877,0.3070381320373215,0.46259020780597077,0.5514376302759391,0.3479378263405964,0.3034397164011303,0.6364612234532504,0.3554238355595158,0.1958815185003922,0.5694880433800938,0.43144809662159445,0.18997564281951282,0.3084110108152787,0.14947322808468674,0.4204782482772806,0.34004348095957626,0.23551496902686622,0.14571492967324273,-0.05440661608089552,0.4487365084630545,0.36457176747455866,-0.1957162531557946,0.6332109149032805,-0.10759894852201848,-0.1845523055614233,0.02997670623448277,0.25115302804476514,-0.08487253919785649,0.17431555714180746,-0.03815193881649247,0.050234179922334685,-0.22021937977005424,0.08753413598554251
0.1817973768832711,0.3423921034606041,0.5444576257057936,0.16474416366499978,0.258545746455402,0.34402477623185945,0.4223664247811623,0.45855338329473583,0.15566636726639838,0.47933387271113564,0.41735306631513286,0.43197609741728255,0.39891719239390633,0.3889693431952281,0.403107384273246,0.578505009255715,0.36715174297950554,0.3175487918959605,0.18084510742488502,0.35827291817926427,0.3167922324546749,0.37196515961701687,0.5210105352471722,0.36212543002168435,0.9558396639094284,0.16554397984041588,0.3754529485454454,0.08407171965022998,0.7608799853842814,0.5744707819178234,0.1054226627708272,0.343875315017423,0.12008511369077532,0.7619854779859405,0.3707669329265433,0.539732904031422,0.32376510301281547,0.1843755075958196,0.5636180157663258,0.2780456331517097,0.46707790331237137,0.3488499469909526,0.5681125951496837,0.09128614823958352,0.07036507968292469,0.405864256546562,0.5687099985569377,-0.1762761644938582,0.8972681951923119,-0.6022901127512884,-0.22948503817893842,-0.09009270477059737,0.508136767427814,-0.01345075385569969,0.06904202158247871,0.020820509083250588,-0.01638207989456329,-0.04285882907031646,-0.1038233918732199
0.008455616376690532,0.11740533486056941,0.1658025097541568,0.24093528965562588,0.16142451048486584,0.29266704899377033,0.20315425731245637,0.3633095175351947,0.14013710290280548,0.342958476113299,0.3552160721331281,0.21158588983000812,0.2823218938801102,0.35509017398760256,0.3632002884941989,0.209741660346292,0.27569988498071496,0.26020531691104903,0.13119116005738585,0.5942130046561395,0.3055332566877484,0.12386144032302034,-0.030759638553503856,0.1524832213459926,0.16554397984041588,1.985957899417403,0.3969620976424419,0.35080251777356986,-0.03257242777407091,-0.4222448792686227,0.3336411836130626,0.4799930751902229,-0.21898773293815715,0.5616781078091464,0.5480029293091315,-0.04324207371443865,-0.035249723455085494,0.3022701034946744,0.39938154771437934,0.5578999930596895,0.059743980824468204,0.38422227061783903,0.7996996135753018,0.06244469239094766,0.9530973160958193,-0.06817811291040643,0.35018117092995954,0.08301737646962129,0.056777016723065996,0.4839661916322954,-0.1407771036527045,0.05532403548865133,-0.6389999496100068,0.05295222940330058,-0.0369869123603663,0.0329384492962017,0.17023481768337867,0.10403177304468728,-0.37867493634225335
0.18908599236465362,0.3710509194674896,0.5560577795438402,0.13889953829665466,0.182236239672882,0.2940976498356579,0.41650619377446696,0.40217705853830377,0.16913607049693932,0.4508582193751682,0.4020168963479653,0.40201265824614474,0.38459241536559774,0.35800784805320307,0.3254444371447249,0.4647973037786726,0.3764553955930557,0.20717234849240457,0.16729039036049345,0.5311838716850126,0.28739374545435087,0.27372880848604936,0.17756861422408438,0.2565956828220877,0.3754529485454454,0.3969620976424419,0.9150140533297096,0.2194257186416182,0.4303359330122708,0.34116060049771735,0.21036280601362403,0.3747716325889351,0.1548993194773856,0.4959478634006192,0.3207928853692658,0.39602875973992124,0.3890919070183547,0.2626228548838271,0.42432850812384615,0.33130528219614386,0.3865706063710064,0.3583464854336046,0.5285252834826852,0.038550224217019126,0.3802385863522433,0.29443064399534696,0.45557874851685315,-0.10124006745220071,0.628374225877358,-0.048668520925113465,-0.1703135152124394,0.08002247437334031,0.08752331952016609,0.005221872213293023,0.09019941042307249,0.00329270274536661,0.08932083188633463,-0.07100840250627768,-0.16321372345019036
0.08193791690088503,0.1749692912641741,0.30340314577655486,0.12246918854277435,0.02826475012575109,0.16001438886798106,0.14933051630976868,0.18900152344443952,0.12115395895279761,0.18361134612009847,0.21799628971827298,0.08507730659536498,0.17466174757183645,0.1537954378864737,0.33996529260895064,0.1840128015504976,0.4045986114718164,0.19453462562559617,0.20493571632529672,0.3213450268084907,0.3047125582127808,0.0798049307173815,-0.1266238112934046,0.3070381320373215,0.08407171965022998,0.35080251777356986,0.2194257186416182,1.2355270505397207,-0.024821744166283924,0.23444763333012858,0.5481747855344321,0.25071234899800054,0.7282630629139619,-0.028228600209259023,0.8937246829119497,0.3657441148950109,0.48020453396689333,0.13049446940083032,0.1777846608841754,0.10180161852320349,0.3180502510764576,0.3464574162862238,-0.13595037849712593,0.1796658260216758,0.26031520640817896,0.29235871000771835,0.1821058829119189,-0.09791913034502688,0.140820964700384,0.5670279390649237,-0.08543343599523726,0.8250181948680998,-1.0307266453026191,-0.04683503224047156,0.217982843418521,0.033976140957228354,0.1314378327494912,-0.19966782277471445,-0.06681303346212723
0.15635866182597735,0.7363595045923489,0.7199738819747885,0.11599129412467964,0.33966640665078934,0.5292561821012822,0.426212723527777,0.5888114252155773,0.1437710702577566,0.6179744930638181,0.5107198322375925,0.4947970099217266,0.5214419550778864,0.44320420025973883,0.42018116839640335,0.6540871556439232,0.4299209195145445,0.4625765633083039,0.2421717002968002,0.5269119440779372,0.3906519086526171,0.5047787305648193,0.6336980770390075,0.46259020780597077,0.7608799853842814,-0.03257242777407091,0.4303359330122708,-0.024821744166283924,3.1804339075824917,0.8393085971406583,0.11602488739381811,0.38940587082854583,-0.2206459085339311,1.2247604887148964,0.3589437440723774,0.6854660091066238,0.062083944931976845,0.0962884882102562,0.7571543337212899,0.37176524624746304,0.5884575024494066,0.35134692583541777,0.03490323754641862,-0.061451180147136936,-0.1338314403942691,0.4638398387550751,1.1183368134281892,-0.2514695615612415,1.6099740324855871,-0.14058952840478436,-0.5261653580070886,-0.13350190212692462,0.29718613872244315,0.04911832767715434,-0.1463651738289206,-0.19761167848165934,-0.2764885592961096,0.18069600767180852,0.18511146252671126
0.15572903260919702,0.36317999490171,0.4362981918053805,0.16096361974662313,0.11832412047461825,0.2723575538682324,0.3547646727264583,0.39859963611077404,0.17154969679022503,0.45743015967444123,0.3607528981359032,0.2727363068397447,0.3289759780672905,0.33041457159294485,0.37005725464470446,0.46015334089866017,0.36938750886477745,0.16968319040178867,0.1539365596930052,0.7251982068833628,0.42252300020291383,0.252116677113973,0.3845089801733116,0.5514376302759391,0.5744707819178234,-0.4222448792686227,0.34116060049771735,0.23444763333012858,0.8393085971406583,3.2043357719822017,0.22714939994543312,0.22963046037011842,0.33493807547803495,0.23403005608223035,0.6087901146808183,0.7230981561789125,0.4595093157277643,0.3862913832270785,0.6793484366090563,0.49073138085363127,1.1291408577754494,0.4132661177163211,2.38939752780687,0.26022491211653653,0.6449135234665977,0.322721575441579,0.477760441311733,-0.07482582567801369,1.5120009320147245,-0.7673259071571663,-0.19118133244023466,-0.20188323857748725,0.7618726471616516,0.10356866028291761,-0.046134016119251026,-0.2845277612565455,0.021722234839526955,0.10916806326961476,0.12289808553490605
0.0969729667467149,0.22331510213730224,0.3109428010401409,0.07550147518027092,0.15713840244797084,0.24365194381536312,0.21116710365370986,0.33241848190811385,0.213488347143807,0.35556594182723283,0.2809230835972777,0.1408168485902541,0.2437972478598367,0.20552174265112758,0.31137722437923143,0.1520484859192883,0.3221543271923143,0.4141443894652396,0.2117628787970994,0.5561635359346266,0.3490976345912022,0.12600236762253153,-0.22986505741488822,0.3479378263405964,0.1054226627708272,0.3336411836130626,0.21036280601362403,0.5481747855344321,0.11602488739381811,0.22714939994543312,1.3979079151697185,0.2614893657723977,0.6139867940952927,0.28331580270426165,0.32673524920742036,0.38759862891794583,0.5825737519373838,0.36050136165624785,0.3007504321475022,0.1521692075703997,0.34901661213665947,0.37511920658092435,0.10328418043219305,0.08588789446498388,0.13760428270716918,0.47168798934522566,0.46467219470049514,-0.1329741436087474,0.48879692798137825,0.4376904586953932,-0.07505554587696878,0.34636397025387955,-0.36862383917421937,-0.1457627902827968,0.2714274669217988,0.14848862232275833,0.27638758986008455,-0.2765353584643302,-0.31690847456806587
0.18800179427815036,0.23265461871576448,0.41729260005801194,0.19160189437138736,0.21895415446061472,0.29367639305483284,0.4035272551791612,0.3760413168806695,0.2055425394604253,0.44933362551008144,0.35677438269108414,0.36991132891439066,0.39692265241153407,0.5239231153185069,0.33164803792503683,0.47985907079281986,0.3525596516676233,0.26137366610743545,0.2174427798576463,0.337470098132154,0.31088851427596637,0.34999035268098183,0.21552253551885323,0.3034397164011303,0.343875315017423,0.4799930751902229,0.3747716325889351,0.25071234899800054,0.38940587082854583,0.22963046037011842,0.2614893657723977,0.6738454579239804,0.07712947376198384,0.5583320482372144,0.3008001777395674,0.406621294430858,0.1816696265281468,0.21059321615996354,0.3916961170465518,0.355584869749717,0.35619996971828494,0.3470678447685647,0.4443049214704826,0.04663435028725618,0.2481669411180117,0.32845146330240643,0.5021025628384976,-0.12146224166336123,0.6884736766685522,0.13324101503434485,-0.03977599183903829,0.19483579717175392,-0.23515553427360586,0.03550959646558023,0.03761301049944578,-0.03902977384797009,0.4213893842771022,-0.06356059090806274,-0.3897308700206179
0.23535287242188788,0.280139997633682,0.44659388912872167,0.03159254281577746,0.20535166414679423,0.21526140173657007,0.18443769333761179,0.13247387022234985,0.2985704998826831,0.08349158930590878,0.15635187104467033,0.16665323384532904,0.16076561490543642,0.14573752474320456,0.24804593751087678,0.021911417760130288,0.35820578446613943,0.14136749223373243,0.20253011046520755,0.2235132097782343,0.3710675403206858,0.1493743480657513,0.14032391258861404,0.6364612234532504,0.12008511369077532,-0.21898773293815715,0.1548993194773856,0.7282630629139619,-0.2206459085339311,0.33493807547803495,0.6139867940952927,0.07712947376198384,2.460636561309514,-0.5411373089374139,-0.6207036490430446,0.6383957362074094,1.146970384926347,0.19014485665879632,-0.184585647534437,-0.058155832588200354,0.45269510612672387,0.3925150727511212,-0.40439743265140293,0.1816566006163231,-0.3909658327075706,0.7532903586337383,0.019968953808483896,-0.31776874232845725,0.4361840504372159,0.07658436451160576,-0.17697264457040793,0.040861189613166586,0.3016634349501464,-0.2894792849976314,0.2703010201354533,-0.07070150115862978,-0.05288593345752167,-0.28484545081037255,0.3203854921840965
-0.003079479522260271,0.43980570570683314,0.5653439097710878,0.22953819469552017,0.40635973983091844,0.43571732619373127,0.5541371974852226,0.650954554876357,0.13668022791028447,0.838721658760871,0.5545696647140578,0.5116472643302865,0.5795680275761289,0.5548878892237598,0.41932229290649,0.8275079744788305,0.41349839195192506,0.5162860437410878,0.26154475443824504,0.6271256014662542,0.4320755580744974,0.5388966165604919,0.5439326186517603,0.3554238355595158,0.7619854779859405,0.5616781078091464,0.4959478634006192,-0.028228600209259023,1.2247604887148964,0.23403005608223035,0.28331580270426165,0.5583320482372144,-0.5411373089374139,2.4827278694131887,0.7832728438727538,0.47450199196231246,0.4193413498791443,0.17749606540816235,1.0626937125980462,0.5106709666754876,0.5971186817589942,0.5042964933444102,1.133294446187009,0.038098354816795105,0.4609005993947486,0.3394787964024554,1.2074681279638293,-0.09304610911047595,1.4242432351368024,-0.6754028786289434,-0.15482263817582959,-0.26704728135438777,0.5161272577207439,-0.0028091224559071305,0.010489964640807016,0.008334889250326544,-0.07764428877154539,-0.01933350097533998,-0.04939112130497958
